5 0
5 0
5 0
5 0
5 0
5 0
5 0
5 0
5 0
5 0
5 0
5 0
5 0
5 0
5 0
5 0
5 0
5 0
5 0
5 0
5 0
5 0
5 0
5 0
5 0
5 0
5 0
5 0
8 -1
8 -1
8 -1
8 -1
8 -1
8 -1
8 -1
8 -1
8 -1
8 -1
8 -1
8 -1
8 -1
8 -1
8 -1
8 -1
8 -1
8 -1
8 -1
8 -1
8 -1
8 -1
8 -1
8 -1
8 -1
8 -1
8 -1
8 -1
8 -1
8 -1
8 -1
8 -1
8 -1
8 -1
8 -1
8 -1
8 -1
8 -1
8 -1
8 -1
11 -4
20 -5
20 -5
20 -5
20 -5
20 -5
20 -5
20 -5
20 -5
20 -5
20 -5
20 -5
20 -5
20 -5
20 -5
20 -5
20 -5
20 -5
20 -5
20 -5
20 -5
20 -5
20 -5
20 -5
20 -5
20 -5
20 -5
20 -5
20 -5
20 -5
20 -5
20 -5
20 -5
20 -5
20 -5
20 -5
20 -5
20 -5
20 -5
25 -8
25 -8
25 -8
25 -8
25 -8
25 -8
25 -8
25 -8
25 -8
25 -8
25 -8
25 -8
25 -8
25 -8
25 -8
25 -8
25 -8
25 -8
25 -8
25 -8
25 -8
25 -8
25 -8
25 -8
25 -8
25 -8
25 -8
25 -8
25 -8
25 -8
25 -8
25 -8
25 -8
25 -8
25 -8
25 -8
25 -8
25 -8
25 -8
25 -8
25 -8
25 -8
28 -11
28 -11
28 -11
28 -11
28 -11
28 -11
28 -11
28 -11
28 -11
28 -11
28 -11
28 -11
28 -11
28 -11
28 -11
28 -11
28 -11
28 -11
28 -11
28 -11
28 -11
28 -11
28 -11
28 -11
28 -11
28 -11
28 -11
28 -11
28 -11
28 -11
28 -11
28 -11
28 -11
28 -11
28 -11
28 -11
28 -11
28 -11
28 -11
28 -11
28 -11
28 -11
28 -11
28 -11
28 -11
28 -11
28 -11
28 -11
28 -11
28 -11
28 -11
28 -11
28 -11
28 -11
28 -11
28 -11
28 -11
28 -11
28 -11
28 -11
28 -11
28 -11
28 -11
28 -11
28 -11
33 -9
33 -9
32 -7
32 -7
32 -7
32 -7
32 -7
32 -7
32 -7
32 -7
32 -7
32 -7
32 -7
32 -7
32 -7
32 -7
32 -7
32 -7
32 -7
32 -7
32 -7
32 -7
32 -7
32 -7
32 -7
32 -7
32 -7
32 -7
32 -7
32 -7
32 -7
32 -7
32 -7
32 -7
32 -7
32 -7
32 -7
32 -7
32 -7
32 -7
32 -7
31 -5
31 -5
31 -5
31 -5
31 -5
31 -5
31 -5
31 -5
31 -5
31 -5
31 -5
31 -5
31 -5
31 -5
31 -5
31 -5
31 -5
28 -8
28 -8
28 -8
28 -8
28 -8
28 -8
28 -8
28 -8
28 -8
28 -8
28 -8
28 -8
28 -8
28 -8
28 -8
28 -8
28 -8
28 -8
28 -8
28 -8
28 -8
28 -8
28 -8
28 -8
28 -8
28 -8
28 -8
28 -8
28 -8
28 -8
28 -8
28 -8
28 -8
28 -8
28 -8
28 -8
28 -8
28 -8
22 -4
22 -4
22 -4
22 -4
22 -4
22 -4
22 -4
22 -4
22 -4
22 -4
22 -4
22 -4
22 -4
22 -4
22 -4
22 -4
22 -4
22 -4
22 -4
22 -4
18 -4
18 -4
18 -4
18 -4
18 -4
18 -4
18 -4
18 -4
18 -4
18 -4
18 -4
18 -4
18 -4
18 -4
18 -4
18 -4
18 -4
18 -4
18 -4
18 -4
18 -4
18 -4
18 -4
18 -4
18 -4
18 -4
18 -4
18 -4
18 -4
18 -4
18 -4
18 -4
18 -4
18 -4
18 -4
18 -4
18 -4
18 -4
18 -4
18 -4
18 -4
18 -4
18 -4
9 -2
9 -2
9 -2
9 -2
9 -2
9 -2
9 -2
9 -2
9 -2
9 -2
9 -2
9 -2
9 -2
9 -2
9 -2
9 -2
9 -2
9 -2
9 -2
9 -2
9 -2
9 -2
9 -2
1 0
1 0
1 0
1 0
1 0
1 0
1 0
1 0
1 0
1 0
1 0
1 0
1 0
1 0
1 0
1 0
1 0
1 0
1 0
1 0
1 0
1 0
1 0
1 0
1 0
1 0
1 0
1 0
1 0
1 0
1 0
1 0
1 0
1 0
1 0
1 0
1 0
1 0
1 0
1 0
1 0
1 0
1 0
1 0
1 0
1 0
1 0
1 0
1 0
1 0
1 0
1 0
1 0
1 0
1 0
1 0
1 0
1 0
1 0
1 0
1 0
1 0
1 0
1 0
1 0
1 0
1 0
1 0
1 0
1 0
1 0
1 0
1 0
1 0
1 0
1 0
1 0
1 0
1 0
1 0
1 0
1 0
1 0
1 0
1 0
1 0
1 0
1 0
1 0
1 0
1 0
1 0
1 0
1 0
1 0
1 0
1 0
1 0
1 0
1 0
1 0
1 0
-12 7
-12 7
-12 7
-12 7
-12 7
-12 7
-12 7
-12 7
-12 7
-12 7
-12 7
-12 7
-12 7
-12 7
-12 7
-12 7
-12 7
-12 7
-12 7
-12 7
-12 7
-12 7
-12 7
-12 7
-12 7
-12 7
-12 7
-12 7
-12 7
-12 7
-12 7
-12 7
-12 7
-12 7
-12 7
-12 7
-12 7
-12 7
-12 7
-12 7
-12 7
-12 7
-12 7
-21 12
-21 12
-21 12
-21 12
-21 12
-21 12
-21 12
-21 12
-21 12
-21 12
-21 12
-21 12
-21 12
-21 12
-21 12
-21 12
-21 12
-21 12
-21 12
-21 12
-21 12
-21 12
-21 12
-21 12
-21 12
-21 12
-21 12
-21 12
-21 12
-21 12
-21 12
-21 12
-21 12
-21 12
-21 12
-21 12
-21 12
-21 12
-21 12
-21 12
-21 12
-21 12
-21 12
-21 12
-21 12
-32 18
-42 25
-42 25
-42 25
-42 25
-42 25
-42 25
-42 25
-42 25
-42 25
-42 25
-42 25
-42 25
-42 25
-42 25
-42 25
-42 25
-42 25
-42 25
-42 25
-42 25
-42 25
-42 25
-42 25
-42 25
-42 25
-42 25
-42 25
-42 25
-42 25
-42 25
-42 25
-42 25
-42 25
-42 25
-42 25
-42 25
-42 25
-42 25
-42 25
-42 25
-42 25
-42 25
-42 25
-38 22
-38 22
-38 22
-38 22
-38 22
-38 22
-38 22
-38 22
-38 22
-38 22
-38 22
-38 22
-38 22
-38 22
-38 22
-38 22
-38 22
-38 22
-38 22
-38 22
-38 22
-38 22
-38 22
-38 22
-38 22
-38 22
-38 22
-38 22
-38 22
-38 22
-38 22
-38 22
-38 22
-38 22
-38 22
-38 22
-38 22
-38 22
-38 22
-38 22
-38 22
-38 22
-38 22
-38 22
-38 22
-37 23
-37 23
-37 23
-37 23
-37 23
-37 23
-37 23
-37 23
-37 23
-37 23
-37 23
-37 23
-37 23
-37 23
-37 23
-37 23
-37 23
-37 23
-37 23
-37 23
-37 23
-37 23
-37 23
-37 23
-37 23
-37 23
-37 23
-37 23
-37 23
-37 23
-37 23
-37 23
-37 23
-37 23
-37 23
-37 23
-37 23
-37 23
-37 23
-37 23
-37 23
-37 23
-37 23
-37 23
-37 23
-37 23
-37 23
-37 23
-34 21
-34 21
-34 21
-34 21
-34 21
-34 21
-34 21
-34 21
-34 21
-34 21
-34 21
-34 21
-34 21
-34 21
-34 21
-34 21
-34 21
-34 21
-34 21
-34 21
-32 18
-32 18
-32 18
-32 18
-32 18
-32 18
-32 18
-32 18
-32 18
-32 18
-32 18
-32 18
-32 18
-32 18
-32 18
-32 18
-32 18
-32 18
-32 18
-32 18
-32 18
-27 14
-27 14
-27 14
-27 14
-27 14
-27 14
-27 14
-27 14
-27 14
-27 14
-27 14
-27 14
-27 14
-27 14
-27 14
-27 14
-27 14
-27 14
-27 14
-27 14
-27 14
-27 14
-27 14
-24 13
-24 13
-24 13
-24 13
-24 13
-24 13
-24 13
-24 13
-24 13
-24 13
-24 13
-24 13
-24 13
-24 13
-24 13
-24 13
-24 13
-24 13
-24 13
-24 13
-24 13
-24 13
-24 13
-24 13
-21 13
-21 13
-21 13
-21 13
-21 13
-21 13
-21 13
-21 13
-21 13
-21 13
-21 13
-21 13
-21 13
-21 13
-21 13
-21 13
-21 13
-21 13
-21 13
-21 13
-21 13
-21 13
-21 13
-21 13
-21 13
-21 13
-21 13
-21 13
-21 13
-21 13
-21 13
-21 13
-21 13
-21 13
-21 13
-21 13
-21 13
-21 13
-21 13
-21 13
-21 13
-16 12
-16 12
-16 12
-16 12
-16 12
-16 12
-16 12
-16 12
-16 12
-16 12
-16 12
-16 12
-16 12
-16 12
-16 12
-16 12
-16 12
-16 12
-16 12
-16 12
-16 12
-16 12
-9 8
-9 8
-9 8
-9 8
-9 8
-9 8
-9 8
-9 8
-9 8
-9 8
-9 8
-9 8
-9 8
-9 8
-9 8
-9 8
-9 8
-9 8
-9 8
-9 8
-9 8
-9 8
-9 8
-9 8
-9 8
-9 8
-9 8
-9 8
-9 8
-9 8
-9 8
-9 8
-9 8
-9 8
-9 8
-9 8
-9 8
-2 4
0 4
0 4
0 4
0 4
0 4
0 4
0 4
0 4
0 4
0 4
0 4
0 4
0 4
0 4
0 4
0 4
0 4
0 4
0 4
0 4
0 4
0 4
0 4
0 4
0 4
0 4
0 4
0 4
0 4
2 2
2 2
2 2
2 2
2 2
2 2
2 2
2 2
2 2
2 2
2 2
2 2
2 2
2 2
2 2
2 2
2 2
2 2
2 2
2 2
2 2
2 2
2 2
2 2
2 2
2 2
2 2
2 2
2 2
2 2
2 2
2 2
2 2
2 2
2 2
2 2
2 2
2 2
2 2
2 2
2 2
2 2
1 2
1 2
1 2
1 2
1 2
1 2
1 2
1 2
1 2
1 2
1 2
1 2
1 2
1 2
1 2
1 2
1 2
1 2
1 2
1 2
1 2
1 2
1 2
1 2
1 2
1 2
1 2
1 2
1 2
1 2
1 2
1 2
1 2
1 2
1 2
1 2
1 2
1 2
1 2
1 2
1 2
1 2
2 1
6 0
6 0
6 0
6 0
6 0
6 0
6 0
6 0
6 0
6 0
6 0
6 0
6 0
6 0
6 0
6 0
6 0
6 0
6 0
6 0
6 0
6 0
6 0
6 0
6 0
6 0
6 0
6 0
6 0
6 0
6 0
6 0
6 0
6 0
6 0
6 0
6 0
6 0
6 0
15 -7
15 -7
15 -7
15 -7
15 -7
15 -7
15 -7
15 -7
15 -7
15 -7
15 -7
15 -7
15 -7
15 -7
15 -7
15 -7
23 -4
23 -4
23 -4
23 -4
23 -4
23 -4
23 -4
23 -4
23 -4
23 -4
23 -4
23 -4
23 -4
23 -4
23 -4
23 -4
24 -6
24 -6
24 -6
24 -6
24 -6
24 -6
24 -6
24 -6
24 -6
24 -6
24 -6
24 -6
24 -6
24 -6
24 -6
24 -6
24 -6
24 -6
24 -6
24 -6
24 -6
24 -6
24 -6
24 -6
24 -6
24 -6
24 -6
24 -6
24 -6
24 -6
24 -6
24 -6
24 -6
24 -6
24 -6
24 -6
24 -6
24 -6
24 -6
24 -6
24 -6
27 -6
27 -6
27 -6
27 -6
27 -6
27 -6
27 -6
27 -6
27 -6
27 -6
27 -6
27 -6
27 -6
27 -6
27 -6
27 -6
27 -6
27 -6
27 -6
27 -6
27 -6
27 -6
27 -6
27 -6
27 -6
27 -6
27 -6
27 -6
27 -6
27 -6
27 -6
35 -7
35 -7
35 -7
35 -7
35 -7
35 -7
35 -7
35 -7
35 -7
35 -7
35 -7
35 -7
35 -7
35 -7
35 -7
35 -7
35 -7
35 -7
35 -7
35 -7
35 -7
35 -7
35 -7
35 -7
35 -7
35 -7
35 -7
35 -7
35 -7
35 -7
35 -7
35 -7
32 -3
32 -3
32 -3
32 -3
32 -3
32 -3
32 -3
32 -3
32 -3
32 -3
32 -3
32 -3
32 -3
32 -3
32 -3
32 -3
30 -4
30 -4
30 -4
30 -4
30 -4
30 -4
30 -4
30 -4
30 -4
30 -4
30 -4
30 -4
30 -4
30 -4
30 -4
30 -4
30 -4
30 -4
30 -4
30 -4
30 -4
30 -4
30 -4
30 -4
30 -4
30 -4
30 -4
30 -4
30 -4
30 -4
30 -4
30 -4
30 -4
30 -4
30 -4
30 -4
30 -4
30 -4
30 -4
30 -4
30 -4
30 -4
30 -4
30 -4
30 -4
30 -4
30 -4
30 -4
30 -4
30 -4
25 -4
20 -2
20 -2
20 -2
20 -2
20 -2
20 -2
20 -2
20 -2
20 -2
20 -2
20 -2
20 -2
20 -2
20 -2
20 -2
20 -2
20 -2
20 -2
20 -2
20 -2
20 -2
20 -2
20 -2
20 -2
20 -2
20 -2
20 -2
20 -2
20 -2
20 -2
20 -2
20 -2
13 -2
13 -2
13 -2
13 -2
13 -2
13 -2
13 -2
13 -2
13 -2
13 -2
13 -2
13 -2
13 -2
13 -2
13 -2
13 -2
13 -2
13 -2
13 -2
13 -2
13 -2
13 -2
13 -2
13 -2
13 -2
13 -2
13 -2
13 -2
13 -2
13 -2
9 -1
9 -1
9 -1
9 -1
9 -1
9 -1
9 -1
9 -1
9 -1
9 -1
9 -1
9 -1
9 -1
9 -1
9 -1
9 -1
9 -1
9 -1
9 -1
9 -1
2 0
2 0
2 0
2 0
2 0
2 0
2 0
2 0
2 0
2 0
2 0
2 0
2 0
2 0
2 0
2 0
2 0
2 0
2 0
2 0
2 0
2 0
2 0
2 0
2 0
2 0
2 0
2 0
2 0
2 0
2 0
2 0
2 0
2 0
2 0
2 0
2 0
2 0
2 0
2 0
2 0
2 0
2 0
2 0
2 0
2 0
2 0
2 0
2 0
2 0
2 0
2 0
2 0
2 0
2 0
-3 0
-3 0
-7 4
-7 4
-7 4
-7 4
-7 4
-7 4
-7 4
-7 4
-7 4
-7 4
-7 4
-7 4
-7 4
-7 4
-7 4
-7 4
-7 4
-7 4
-7 4
-7 4
-7 4
-7 4
-7 4
-7 4
-7 4
-7 4
-7 4
-7 4
-7 4
-7 4
-7 4
-7 4
-7 4
-7 4
-7 4
-7 4
-7 4
-7 4
-7 4
-7 4
-7 4
-7 4
-7 4
-7 4
-7 4
-7 4
-7 4
-7 4
-7 4
-7 4
-7 4
-7 4
-11 5
-11 5
-11 5
-11 5
-11 5
-11 5
-11 5
-11 5
-11 5
-11 5
-11 5
-11 5
-11 5
-11 5
-11 5
-11 5
-11 5
-11 5
-11 5
-11 5
-11 5
-16 8
-24 12
-24 12
-24 12
-24 12
-24 12
-24 12
-24 12
-24 12
-24 12
-24 12
-24 12
-24 12
-24 12
-24 12
-24 12
-24 12
-24 12
-24 12
-24 12
-24 12
-24 12
-24 12
-24 12
-24 12
-24 12
-24 12
-24 12
-24 12
-24 12
-24 12
-24 12
-24 12
-24 12
-24 12
-24 12
-24 12
-24 12
-24 12
-24 12
-24 12
-24 12
-24 12
-24 12
-24 12
-24 12
-24 12
-28 15
-28 15
-28 15
-28 15
-28 15
-28 15
-28 15
-28 15
-28 15
-28 15
-28 15
-28 15
-28 15
-28 15
-28 15
-28 15
-28 15
-28 15
-28 15
-28 15
-28 15
-28 15
-28 15
-28 15
-28 15
-28 15
-28 15
-28 15
-28 15
-28 15
-28 15
-28 15
-28 15
-28 15
-28 15
-28 15
-28 15
-28 15
-28 15
-28 15
-28 15
-28 15
-28 15
-28 15
-28 15
-28 15
-28 15
-28 15
-28 15
-28 15
-28 15
-31 18
-31 18
-31 18
-31 18
-31 18
-31 18
-31 18
-31 18
-31 18
-31 18
-31 18
-31 18
-31 18
-31 18
-31 18
-31 18
-31 18
-31 18
-31 18
-31 18
-31 18
-31 18
-31 18
-31 18
-31 18
-32 19
-32 19
-32 19
-32 19
-32 19
-32 19
-32 19
-32 19
-32 19
-32 19
-32 19
-32 19
-32 19
-32 19
-32 19
-32 19
-32 19
-32 19
-32 19
-32 19
-32 19
-32 19
-32 19
-32 19
-32 19
-32 19
-32 19
-32 19
-32 19
-32 19
-32 19
-32 19
-32 19
-32 19
-32 19
-32 19
-32 19
-32 19
-32 19
-32 19
-32 19
-32 19
-32 19
-32 19
-32 19
-32 19
-32 19
-32 19
-32 19
-32 19
-32 19
-32 19
-30 19
-28 17
-28 17
-28 17
-28 17
-28 17
-28 17
-28 17
-28 17
-28 17
-28 17
-28 17
-28 17
-28 17
-28 17
-28 17
-28 17
-28 17
-28 17
-28 17
-28 17
-28 17
-28 17
-28 17
-28 17
-28 17
-28 17
-28 17
-28 17
-28 17
-28 17
-28 17
-28 17
-28 17
-28 17
-28 17
-28 17
-28 17
-28 17
-28 17
-28 17
-28 17
-28 16
-28 16
-28 16
-28 16
-28 16
-28 16
-28 16
-28 16
-28 16
-28 16
-28 16
-28 16
-28 16
-28 16
-28 16
-28 16
-28 16
-28 16
-28 16
-28 16
-28 16
-28 16
-28 16
-28 16
-28 16
-28 16
-28 16
-28 16
-28 16
-28 16
-28 16
-28 16
-28 16
-28 16
-28 16
-28 16
-28 16
-28 16
-28 16
-28 16
-28 16
-23 16
-23 16
-23 16
-23 16
-23 16
-23 16
-23 16
-23 16
-23 16
-23 16
-23 16
-23 16
-23 16
-23 16
-23 16
-23 16
-23 16
-23 16
-23 16
-23 16
-23 16
-23 16
-23 16
-23 16
-23 16
-23 16
-23 16
-23 16
-23 16
-23 16
-23 16
-23 16
-23 16
-23 16
-23 16
-23 16
-23 16
-23 16
-23 16
-23 16
-17 14
-17 14
-17 14
-17 14
-17 14
-17 14
-17 14
-17 14
-17 14
-17 14
-17 14
-17 14
-17 14
-17 14
-17 14
-17 14
-17 14
-17 14
-17 14
-17 14
-17 14
-17 14
-17 14
-17 14
-17 14
-17 14
-17 14
-17 14
-17 14
-17 14
-17 14
-13 10
-4 7
-4 7
-4 7
-4 7
-4 7
-4 7
-4 7
-4 7
-4 7
-4 7
-4 7
-4 7
-4 7
-4 7
-4 7
-4 7
-4 7
-4 7
-4 7
-4 7
-4 7
-4 7
-4 7
-4 7
-4 7
-4 7
-4 7
-1 3
0 4
0 4
0 4
0 4
0 4
0 4
0 4
0 4
0 4
0 4
0 4
0 4
2 1
2 1
2 1
2 1
2 1
2 1
2 1
2 1
2 1
2 1
2 1
2 1
2 1
2 1
2 1
2 1
2 1
2 1
2 1
2 1
2 1
2 1
2 1
2 1
2 1
2 1
2 1
2 1
2 1
2 1
2 1
2 1
2 1
2 1
2 1
2 1
2 1
2 1
2 1
2 1
2 1
2 1
2 1
2 1
2 1
2 1
2 1
2 1
2 1
2 1
6 0
6 0
6 0
6 0
6 0
6 0
6 0
6 0
6 0
6 0
6 0
6 0
6 0
6 0
6 0
6 0
6 0
6 0
6 0
6 0
6 0
6 0
6 0
6 0
6 0
6 0
6 0
6 0
6 0
6 0
6 0
6 0
11 -3
11 -3
11 -3
11 -3
11 -3
11 -3
11 -3
11 -3
11 -3
11 -3
11 -3
11 -3
11 -3
11 -3
18 -6
18 -6
18 -6
18 -6
18 -6
18 -6
18 -6
18 -6
18 -6
18 -6
18 -6
18 -6
18 -6
18 -6
18 -6
18 -6
26 -8
26 -8
26 -8
26 -8
26 -8
26 -8
26 -8
26 -8
26 -8
26 -8
26 -8
26 -8
26 -8
26 -8
26 -8
26 -8
26 -8
26 -8
26 -8
26 -8
26 -8
26 -8
26 -8
26 -8
26 -8
26 -8
26 -8
26 -8
26 -8
26 -8
26 -8
26 -8
26 -8
26 -8
26 -8
26 -8
26 -8
26 -8
26 -8
26 -8
26 -8
26 -8
26 -8
26 -8
26 -8
26 -8
26 -8
26 -8
26 -8
26 -8
26 -8
26 -8
26 -8
26 -8
26 -8
26 -8
26 -8
26 -8
26 -8
26 -8
26 -8
26 -8
26 -8
26 -8
26 -8
26 -8
26 -8
26 -8
26 -8
26 -8
33 -10
36 -6
36 -6
33 -6
33 -6
33 -6
33 -6
33 -6
33 -6
33 -6
33 -6
33 -6
33 -6
33 -6
33 -6
33 -6
33 -6
33 -6
33 -6
33 -6
33 -6
33 -6
33 -6
33 -6
33 -6
33 -6
33 -6
33 -6
33 -6
33 -6
33 -6
33 -6
33 -6
33 -6
33 -6
33 -6
33 -6
33 -6
33 -6
33 -6
33 -6
33 -6
33 -6
33 -6
33 -6
33 -6
33 -6
33 -6
30 -4
30 -4
30 -4
30 -4
30 -4
30 -4
30 -4
30 -4
30 -4
30 -4
30 -4
30 -4
30 -4
30 -4
30 -4
30 -4
30 -4
30 -4
26 -5
26 -5
26 -5
26 -5
26 -5
26 -5
26 -5
26 -5
26 -5
26 -5
26 -5
26 -5
26 -5
26 -5
26 -5
26 -5
26 -5
26 -5
26 -5
26 -5
26 -5
26 -5
26 -5
26 -5
26 -5
26 -5
26 -5
26 -5
26 -5
26 -5
26 -5
26 -5
26 -5
26 -5
26 -5
26 -5
20 -4
15 -3
15 -3
15 -3
15 -3
15 -3
15 -3
15 -3
15 -3
15 -3
15 -3
15 -3
15 -3
15 -3
15 -3
15 -3
15 -3
11 -3
11 -3
11 -3
11 -3
11 -3
11 -3
11 -3
11 -3
11 -3
11 -3
11 -3
11 -3
11 -3
11 -3
11 -3
11 -3
11 -3
11 -3
11 -3
11 -3
11 -3
11 -3
11 -3
11 -3
11 -3
11 -3
11 -3
11 -3
11 -3
11 -3
11 -3
11 -3
11 -3
11 -3
11 -3
11 -3
11 -3
11 -3
11 -3
11 -3
11 -3
5 -2
5 -2
5 -2
5 -2
5 -2
5 -2
5 -2
5 -2
5 -2
5 -2
5 -2
5 -2
5 -2
5 -2
5 -2
5 -2
5 -2
5 -2
5 -2
5 -2
5 -2
5 -2
5 -2
5 -2
5 -2
5 -2
5 -2
5 -2
5 -2
5 -2
5 -2
5 -2
5 -2
2 -2
2 -2
2 -2
2 -2
2 -2
2 -2
2 -2
2 -2
2 -2
2 -2
2 -2
2 -2
2 -2
2 -2
2 -2
2 -2
2 -2
2 -2
2 -2
2 -2
2 -2
2 -2
2 -2
2 -2
2 -2
2 -2
2 -2
2 -2
2 -2
2 -2
2 -2
2 -2
2 -2
0 -1
0 -1
0 -1
0 -1
0 -1
0 -1
0 -1
0 -1
0 -1
0 -1
0 -1
0 -1
0 -1
0 -1
0 -1
0 -1
0 -1
0 -1
0 -1
0 -1
0 -1
0 -1
0 -1
0 -1
0 -1
0 -1
0 -1
0 -1
0 -1
0 -1
0 -1
0 -1
0 -1
0 -1
0 -1
0 -1
0 -1
0 -1
0 -1
0 -1
0 -1
0 -1
0 -1
0 -1
0 -1
0 -1
0 -1
0 -1
0 -1
0 -1
0 -1
0 -1
0 -1
0 -1
0 -1
0 -1
0 -1
0 -1
0 -1
0 -1
0 -1
0 -1
0 -1
0 -1
0 -1
0 -1
0 -1
0 -1
0 -1
0 -1
0 -1
0 -1
0 -1
0 -1
0 -1
0 -1
0 -1
0 -1
0 -1
0 -1
0 -1
0 -1
0 -1
0 -1
0 -1
0 -1
0 -1
0 -1
0 -1
0 -1
0 -1
0 -1
0 -1
0 -1
0 -1
0 -1
0 -1
0 -1
0 -1
0 -1
0 -1
0 -1
0 -1
0 -1
0 -1
0 -1
0 -1
0 -1
0 -1
0 -1
0 -1
0 -1
0 -1
0 -1
0 -1
0 -1
0 -1
0 -1
0 -1
0 -1
0 -1
0 -1
0 -1
0 -1
0 -1
0 -1
0 -1
0 -1
0 -1
0 -1
0 -1
0 -1
0 -1
0 -1
0 -1
0 -1
0 -1
0 -1
0 -1
0 -1
0 -1
0 -1
0 -1
0 -1
0 -1
0 -1
0 -1
0 -1
0 -1
0 -1
0 -1
0 -1
0 -1
0 -1
0 -1
0 -1
0 -1
0 -1
0 -1
0 -1
0 -1
0 -1
0 -1
0 -1
0 -1
0 -1
0 -1
0 -1
0 -1
0 -1
0 -1
0 -1
0 -1
0 -1
0 -1
0 -1
0 -1
0 -1
0 -1
0 -1
0 -1
0 -1
0 -1
0 -1
0 -1
0 -1
0 -1
0 -1
0 -1
0 -1
0 -1
0 -1
0 -1
0 -1
0 -1
0 -1
0 -1
0 -1
0 -1
0 -1
0 -1
0 -1
0 -1
0 -1
0 -1
0 -1
0 -1
0 -1
0 -1
0 -1
0 -1
0 -1
0 -1
0 -1
0 -1
0 -1
0 -1
0 -1
0 -1
0 -1
0 -1
0 -1
0 -1
0 -1
0 -1
0 -1
0 -1
0 -1
0 -1
0 -1
0 -1
0 -1
0 -1
0 -1
0 -1
0 -1
0 -1
0 -1
0 -1
0 -1
0 -1
0 -1
0 -1
0 -1
0 -1
0 -1
0 -1
0 -1
0 -1
0 -1
0 -1
0 -1
0 -1
0 -1
0 -1
0 -1
0 -1
0 -1
0 -1
0 -1
0 -1
0 -1
0 -1
0 -1
0 -1
0 -1
0 -1
0 -1
0 -1
0 -1
0 -1
0 -1
0 -1
0 -1
0 -1
0 -1
0 -1
0 -1
0 -1
0 -1
0 -1
0 -1
0 -1
0 -1
0 -1
0 -1
0 -1
0 -1
0 -1
0 -1
0 -1
0 -1
0 -1
0 -1
0 -1
0 -1
0 -1
0 -1
0 -1
0 -1
0 -1
0 -1
0 -1
0 -1
0 -1
0 -1
0 -1
0 -1
0 -1
0 -1
0 -1
0 -1
0 -1
0 -1
0 -1
0 -1
0 -1
0 -1
0 -1
0 -1
0 -1
0 -1
0 -1
0 -1
0 -1
0 -1
0 -1
0 -1
0 -1
0 -1
0 -1
0 -1
0 1
0 1
0 1
0 1
0 1
0 1
0 1
0 1
0 1
0 1
0 1
0 1
0 1
0 1
0 1
0 1
0 1
0 1
0 1
0 1
0 1
0 1
0 1
0 1
0 1
0 1
0 1
0 1
0 1
0 1
0 1
0 1
0 1
0 1
0 1
0 1
0 1
0 1
0 1
0 1
0 1
0 1
0 1
0 1
0 1
0 1
0 1
0 1
0 1
0 1
0 1
0 1
0 1
0 1
0 1
0 1
0 1
0 1
0 1
0 1
0 1
0 1
0 1
0 1
0 1
0 1
0 1
0 1
0 1
0 1
0 1
0 1
0 1
0 1
0 1
0 1
0 1
0 1
0 1
0 1
0 1
0 1
0 1
0 1
0 1
0 1
0 1
0 1
0 1
0 1
0 1
0 1
0 1
0 1
0 1
0 1
0 1
0 1
0 1
0 1
0 1
0 1
0 1
0 1
0 1
0 1
0 1
0 1
0 1
0 1
0 1
0 1
0 1
0 1
0 1
0 1
0 1
0 1
0 1
0 1
0 1
0 1
0 1
0 1
0 1
0 2
0 2
0 2
0 2
0 2
0 2
0 2
0 2
0 2
0 2
0 2
0 2
0 2
0 2
0 2
0 2
0 2
0 2
0 2
0 2
0 2
0 2
0 2
0 2
0 2
0 2
0 2
0 2
0 2
0 2
0 2
0 2
0 2
0 2
0 2
0 2
0 2
0 2
0 2
0 2
0 2
0 2
0 2
0 2
0 2
0 2
0 2
0 2
0 2
0 2
0 2
0 2
0 2
0 2
0 2
0 2
0 2
0 2
0 2
0 2
0 2
0 2
0 2
0 2
0 2
0 2
0 2
0 2
0 2
0 2
0 2
0 2
0 2
0 2
0 2
0 2
0 2
0 2
0 2
0 2
0 2
0 2
0 2
0 2
0 2
0 2
0 2
0 2
1 0
1 0
1 0
1 0
1 0
1 0
1 0
1 0
1 0
1 0
1 0
1 0
1 0
1 0
1 0
1 0
1 0
1 0
1 0
1 0
1 0
1 0
1 0
1 0
1 0
1 0
1 0
1 0
1 0
1 0
1 0
1 0
1 0
1 0
1 0
1 0
1 0
1 0
1 0
1 0
1 0
1 0
1 0
1 0
1 0
1 0
1 0
1 0
1 0
1 0
1 0
1 0
1 0
1 0
1 0
1 0
1 0
1 0
1 0
1 0
1 0
1 0
1 0
1 0
1 0
1 0
1 0
1 0
1 0
1 0
1 0
1 0
1 0
1 0
1 0
1 0
1 0
1 0
1 0
1 0
1 0
1 0
1 0
1 0
1 0
1 0
1 0
1 0
1 0
1 0
1 0
1 0
1 0
1 0
1 0
1 0
1 0
1 0
1 0
1 0
1 0
1 0
1 0
1 0
1 0
1 0
1 0
1 0
1 0
1 0
1 0
1 0
1 0
1 0
1 0
1 0
1 0
1 0
1 0
1 0
1 0
1 0
1 0
1 0
1 0
1 0
1 0
1 0
1 0
1 0
1 0
1 0
1 0
1 0
1 0
1 0
1 0
1 0
1 0
1 0
1 0
1 0
1 0
1 0
1 0
1 0
1 0
1 0
1 0
1 0
1 0
1 0
1 0
1 0
1 0
1 0
1 0
1 0
1 0
1 0
1 0
1 0
1 0
1 0
1 0
1 0
1 0
1 0
1 0
1 0
1 0
1 0
1 0
1 0
1 0
1 0
1 0
1 0
1 0
1 0
1 0
1 0
1 0
1 0
1 0
1 0
1 0
1 0
1 0
1 0
1 0
1 0
1 0
1 0
1 0
1 0
1 0
1 0
1 0
1 0
1 0
1 0
1 0
1 0
1 0
1 0
1 0
1 0
1 0
1 0
1 0
1 0
1 0
1 0
1 0
1 0
1 0
1 0
1 0
1 0
1 0
1 0
1 0
1 0
1 0
1 0
1 0
1 0
1 0
1 0
1 0
1 0
1 0
1 0
1 0
1 0
1 0
1 0
1 0
1 0
1 0
1 0
1 0
1 0
1 0
1 0
1 0
1 0
1 0
1 0
1 0
1 0
1 0
1 0
1 0
1 0
1 0
1 0
1 0
1 0
1 0
1 0
1 0
1 0
1 0
1 0
1 0
1 0
1 0
1 0
1 0
1 0
1 0
1 0
1 0
1 0
1 0
1 0
1 0
1 0
1 0
1 0
1 0
1 0
1 0
1 0
1 0
1 0
1 0
1 0
1 0
1 0
1 0
1 0
1 0
1 0
1 0
1 0
1 0
1 0
1 0
1 0
1 0
1 0
1 0
1 0
1 0
1 0
1 0
1 0
1 0
1 0
1 0
1 0
1 0
1 0
1 0
1 0
1 0
1 0
1 0
1 0
1 0
1 0
1 0
1 0
1 0
1 0
1 0
1 0
1 0
1 0
1 0
1 0
1 0
1 0
1 0
1 0
1 0
1 0
1 0
1 0
1 0
1 0
1 0
1 0
1 0
1 0
1 0
1 0
1 0
1 0
1 0
1 0
1 0
1 0
1 0
1 0
1 0
1 0
1 0
1 0
1 0
1 0
1 0
1 0
1 0
1 0
1 0
1 0
1 0
1 0
1 0
1 0
1 0
1 0
1 0
1 0
1 0
1 0
1 0
1 0
1 0
1 0
1 0
1 0
1 0
1 0
1 0
1 0
1 0
1 0
1 0
1 0
1 0
1 0
1 0
1 0
1 0
1 0
1 0
1 0
1 0
1 0
1 0
1 0
1 0
1 0
1 0
1 0
1 0
1 0
1 0
1 0
1 0
1 0
1 0
1 0
1 0
1 0
1 0
1 0
1 0
1 0
1 0
1 0
1 0
1 0
1 0
1 0
1 0
1 0
1 0
1 0
1 0
1 0
1 0
1 0
1 0
1 0
1 0
1 0
1 0
1 0
1 0
1 0
1 0
1 0
1 0
1 0
1 0
1 0
1 0
1 0
1 0
1 0
1 0
1 0
1 0
1 0
1 0
1 0
1 0
1 0
1 0
1 0
1 0
1 0
1 0
1 0
1 0
1 0
1 0
1 0
1 0
1 0
1 0
1 0
1 0
1 0
1 0
1 0
1 0
1 0
1 0
1 0
1 0
1 0
1 0
1 0
1 0
1 0
1 0
1 0
1 0
1 0
1 0
1 0
1 0
1 0
1 0
1 0
1 0
1 0
1 0
1 0
1 0
1 0
1 0
1 0
1 0
1 0
1 0
1 0
1 0
1 0
1 0
1 0
1 0
1 0
1 0
1 0
1 0
1 0
1 0
1 0
1 0
1 0
1 0
1 0
1 0
1 0
1 0
1 0
1 0
1 0
1 0
1 0
1 0
1 0
1 0
1 0
1 0
1 0
1 0
1 0
1 0
1 0
1 0
1 0
1 0
1 0
1 0
1 0
1 0
1 0
1 0
1 0
1 0
1 0
1 0
1 0
1 0
1 0
1 0
1 0
1 0
1 0
1 0
1 0
1 0
1 0
1 0
1 0
1 0
