0 -1
0 -1
0 -1
0 -1
0 -1
0 -1
0 -1
0 -1
0 -1
0 -1
0 -1
0 -1
0 -1
0 -1
0 -1
0 -1
0 -1
0 -1
0 -1
0 -1
0 -1
0 -1
0 -1
0 -1
0 -1
0 -1
0 -1
0 -1
0 -1
0 -1
0 -1
0 -1
0 -1
0 -1
0 -1
0 -1
0 -1
0 -1
0 -1
0 -1
0 -1
0 -1
0 -1
0 -1
0 -1
0 -1
0 -1
0 -1
0 -1
0 -1
0 -1
0 -1
0 -1
0 -1
0 -1
0 -1
0 -1
0 -1
0 -1
0 -1
0 -1
0 -1
0 -1
0 -1
0 -1
0 -1
0 -1
0 -1
0 -1
0 -1
0 -1
0 -1
0 -1
0 -1
0 -1
0 -1
0 -1
0 -1
0 -1
0 -1
0 -1
0 -1
0 -1
0 -1
0 -1
0 -1
0 -1
0 -1
0 -1
0 -1
0 -1
0 -1
0 -1
0 -1
0 -1
0 -1
0 -1
0 -1
0 -1
0 -1
0 -1
0 -1
0 -1
0 -1
0 -1
0 -1
0 -1
0 -1
0 -1
0 -1
0 -1
0 -1
0 -1
0 -1
0 -1
0 -1
0 -1
0 -1
0 -1
0 -1
0 1
0 1
0 1
0 1
0 1
0 1
0 1
0 1
0 1
0 1
0 1
0 1
0 1
0 1
0 1
0 1
0 1
0 1
0 1
0 1
0 1
0 1
0 1
0 1
0 1
0 1
0 1
0 1
0 1
0 1
0 1
0 1
0 1
0 1
0 1
0 1
0 1
0 1
0 1
0 1
0 1
0 1
0 1
0 1
0 1
0 1
0 1
0 1
0 1
0 1
0 1
0 1
0 1
0 1
0 1
0 1
0 1
16 -4
16 -4
16 -4
16 -4
16 -4
16 -4
16 -4
16 -4
16 -4
16 -4
16 -4
16 -4
16 -4
16 -4
16 -4
16 -4
16 -4
16 -4
16 -4
16 -4
16 -4
16 -4
16 -4
16 -4
16 -4
16 -4
16 -4
16 -4
16 -4
16 -4
16 -4
16 -4
16 -4
16 -4
16 -4
16 -4
16 -4
16 -4
16 -4
16 -4
16 -4
16 -4
16 -4
16 -4
16 -4
16 -4
16 -4
2 -1
2 -1
2 -1
2 -1
2 -1
2 -1
2 -1
2 -1
2 -1
2 -1
2 -1
2 -1
2 -1
2 -1
2 -1
2 -1
2 -1
2 -1
2 -1
2 -1
2 -1
2 -1
2 -1
2 -1
2 -1
-3 0
-3 0
-3 0
-3 0
-3 0
-3 0
-3 0
-3 0
-3 0
-3 0
-3 0
-3 0
-3 0
-3 0
-3 0
-3 0
-3 0
-3 0
-3 0
-3 0
-3 0
-3 0
-3 0
-3 0
-3 0
-3 0
-3 0
-3 0
-3 0
-3 0
-3 0
-3 0
-3 0
-3 0
-3 0
-3 0
-3 0
-3 0
-3 0
-3 0
-3 0
-3 0
-3 0
-3 0
-3 0
-3 0
-3 0
-3 0
-3 0
-3 0
-3 0
-3 0
-3 0
-3 0
-3 0
-3 0
-3 0
-3 0
-3 0
-3 0
-3 0
-3 0
-3 0
-3 0
-3 0
-3 0
-3 0
-3 0
-3 0
-3 0
-3 0
-3 0
-3 0
-3 0
-3 0
-3 0
-3 0
-3 0
-3 0
-3 0
-3 0
-3 0
-3 0
-3 0
-3 0
-3 0
-3 0
-3 0
-3 0
-3 0
-3 0
-3 0
-3 0
-3 0
-3 0
-3 0
-3 0
-3 0
-3 0
-3 0
-3 0
-3 0
-3 0
-3 0
-3 0
-3 0
-3 0
-3 0
-3 0
2 6
2 6
2 6
2 6
2 6
2 6
2 6
2 6
2 6
2 6
2 6
2 6
2 6
2 6
2 6
2 6
2 6
2 6
2 6
2 6
2 6
2 6
2 6
2 6
2 6
2 6
2 6
2 6
2 6
2 6
2 6
2 6
2 6
2 6
2 6
2 6
2 6
2 6
2 6
2 6
-2 12
-2 12
-2 12
-2 12
-2 12
-2 12
-2 12
-2 12
-2 12
-2 12
-2 12
-2 12
-2 12
-2 12
-2 12
-2 12
-2 12
-2 12
-2 12
-2 12
-2 12
-4 18
-4 18
-4 18
-4 18
-4 18
-4 18
-4 18
-4 18
-4 18
-4 18
-4 18
-4 18
-4 18
-4 18
-4 18
-4 18
-4 18
-4 18
-4 18
-4 18
-4 18
-4 18
-4 18
-4 18
-4 18
-4 18
-4 18
-4 18
-4 18
-4 18
-4 18
-4 18
-4 18
-4 18
-4 18
-4 18
-4 18
-4 18
-4 18
-4 18
-4 18
-4 18
-4 18
-4 18
-4 18
-4 18
-4 18
-8 30
-8 30
-8 30
-8 30
-8 30
-8 30
-8 30
-8 30
-8 30
-8 30
-8 30
-8 30
-8 30
-8 30
-8 30
-8 30
-8 30
-8 30
-8 30
-8 30
-8 30
-8 30
-8 30
-8 30
-8 30
-8 30
-8 30
-8 30
-8 30
-8 30
-8 30
-8 30
-8 30
-8 30
-8 30
-8 30
-8 30
-8 30
-8 30
-8 30
-8 30
-8 30
-8 30
-8 30
-8 30
-6 33
-6 33
-6 33
-6 33
-6 33
-6 33
-6 33
-6 33
-6 33
-6 33
-6 33
-6 33
-6 33
-6 33
-6 33
-6 33
-6 33
-6 33
-6 33
-6 33
-12 44
-12 44
-12 44
-12 44
-12 44
-12 44
-12 44
-12 44
-12 44
-12 44
-12 44
-12 44
-12 44
-12 44
-12 44
-12 44
-12 44
-12 44
-12 44
-12 44
-12 44
-12 44
-12 44
-12 44
-12 44
-12 44
-12 44
-12 44
-12 44
-12 44
-12 44
-12 44
-12 44
-12 44
-12 44
-12 44
-12 44
-12 44
-12 44
-12 44
-12 44
-12 44
-12 44
-12 44
-12 44
-12 44
-12 44
-12 44
-12 44
-12 44
-12 44
-10 48
-10 48
-10 48
-10 48
-10 48
-10 48
-10 48
-10 48
-10 48
-10 48
-10 48
-10 48
-10 48
-10 48
-10 48
-10 48
-10 48
-10 48
-10 48
-10 48
-10 48
-10 48
-10 48
-10 48
-12 56
-12 56
-12 56
-12 56
-12 56
-12 56
-12 56
-12 56
-12 56
-12 56
-12 56
-12 56
-12 56
-12 56
-12 56
-12 56
-12 56
-12 56
-12 56
-12 56
-12 56
-12 56
-12 56
-12 56
-12 56
-12 56
-12 56
-12 56
-12 56
-12 56
-12 56
-12 56
-12 56
-12 56
-12 56
-12 56
-12 56
-12 56
-12 56
-12 56
-12 56
-12 56
-12 56
-12 56
-12 56
-12 56
-12 56
-12 56
-12 56
-12 56
-12 56
-18 63
-18 63
-18 63
-18 63
-18 63
-18 63
-18 63
-18 63
-18 63
-18 63
-18 63
-18 63
-18 63
-18 63
-18 63
-18 63
-18 63
-18 63
-18 63
-18 63
-18 63
-18 63
-19 77
-19 77
-19 77
-19 77
-19 77
-19 77
-19 77
-19 77
-19 77
-19 77
-19 77
-19 77
-19 77
-19 77
-19 77
-19 77
-19 77
-19 77
-19 77
-19 77
-19 77
-19 77
-19 77
-26 82
-26 82
-26 82
-26 82
-26 82
-26 82
-26 82
-26 82
-26 82
-26 82
-26 82
-26 82
-26 82
-26 82
-26 82
-26 82
-26 82
-26 82
-26 82
-26 82
-26 82
-26 82
-26 82
-26 82
-26 82
-26 82
-26 82
-26 82
-26 82
-26 82
-26 82
-26 82
-26 82
-26 82
-26 82
-26 82
-26 82
-26 82
-26 82
-24 76
-24 76
-24 76
-24 76
-24 76
-24 76
-24 76
-24 76
-24 76
-24 76
-24 76
-24 76
-24 76
-24 76
-24 76
-24 76
-24 76
-24 76
-24 76
-24 76
-24 76
-24 76
-24 76
-24 76
-24 76
-24 76
-24 76
-24 76
-24 76
-24 76
-24 76
-24 76
-24 76
-24 76
-24 76
-24 76
-24 76
-24 76
-24 76
-24 76
-24 76
-24 76
-19 85
-19 85
-19 85
-19 85
-19 85
-19 85
-19 85
-19 85
-19 85
-19 85
-19 85
-19 85
-19 85
-19 85
-19 85
-19 85
-19 85
-19 85
-19 85
-19 85
-19 85
-19 85
-19 85
-19 85
-19 85
-19 85
-19 85
-19 85
-19 85
-19 85
-19 85
-19 85
-19 85
-19 85
-19 85
-19 85
-19 85
-19 85
-19 85
-11 90
-11 90
-11 90
-11 90
-11 90
-11 90
-11 90
-11 90
-11 90
-11 90
-11 90
-11 90
-11 90
-11 90
-11 90
-11 90
-11 90
-11 90
-11 90
-11 90
-11 90
-11 90
-11 90
-14 93
-14 93
-14 93
-14 93
-14 93
-14 93
-14 93
-14 93
-14 93
-14 93
-14 93
-14 93
-14 93
-14 93
-14 93
-14 93
-14 93
-14 93
-14 93
-14 93
-14 93
-14 93
-14 93
-14 93
-14 93
-13 87
-13 87
-13 87
-13 87
-13 87
-13 87
-13 87
-13 87
-13 87
-13 87
-13 87
-13 87
-13 87
-13 87
-13 87
-13 87
-13 87
-13 87
-13 87
-13 87
-13 87
-13 87
-13 87
-13 87
-13 87
-13 87
-13 87
-13 87
-13 87
-13 87
-13 87
-13 87
-13 87
-13 87
-13 87
-13 87
-13 87
-13 87
-13 87
-13 87
-13 87
-13 87
-13 87
-10 102
-10 102
-10 102
-10 102
-10 102
-10 102
-10 102
-10 102
-10 102
-10 102
-10 102
-10 102
-10 102
-10 102
-10 102
-10 102
-10 102
-10 102
-10 102
-10 102
-10 102
-10 102
-10 102
-10 102
-10 102
-10 102
-10 102
-10 102
-10 102
-10 102
-10 102
-10 102
-10 102
-10 102
-10 102
-10 102
-10 102
-10 102
-10 102
-9 95
-9 95
-9 95
-9 95
-9 95
-9 95
-9 95
-9 95
-9 95
-9 95
-9 95
-9 95
-9 95
-9 95
-9 95
-9 95
-9 95
-9 95
-9 95
-9 95
-9 95
-9 95
-9 95
-9 95
-9 95
-9 95
-9 95
-9 95
-9 95
-9 95
-9 95
-9 95
-9 95
-9 95
-9 95
-9 95
-9 95
-9 95
-9 95
-9 95
-9 95
-2 92
-2 92
-2 92
-2 92
-2 92
-2 92
-2 92
-2 92
-2 92
-2 92
-2 92
-2 92
-2 92
-2 92
-2 92
-3 105
-3 105
-3 105
-3 105
-3 105
-3 105
-3 105
-3 105
-3 105
-3 105
-3 105
-3 105
-3 105
-3 105
-3 105
-3 105
-3 105
-3 105
-3 105
-3 105
-3 105
-3 105
-3 105
-3 105
-3 105
-3 105
-3 105
-3 105
-3 105
-3 105
-3 105
-3 105
-3 105
-3 105
-3 105
-3 105
-3 105
-3 105
-3 99
-3 99
-3 99
-3 99
-3 99
-3 99
-3 99
-3 99
-3 99
-3 99
-3 99
-3 99
-3 99
-3 99
-3 99
-3 99
-3 99
-3 99
-3 99
-3 99
-3 99
-3 99
-3 99
-3 99
-3 99
-3 99
-3 99
-3 99
-3 99
-3 99
-3 99
-3 99
-3 99
-3 99
-3 99
-3 99
-3 99
-3 99
-3 99
-3 99
-3 99
-3 99
-3 99
-3 99
-3 99
-3 99
-3 99
-3 99
-3 99
-3 99
-3 99
-3 99
-3 99
-3 99
-3 99
-3 99
-3 99
-3 99
-3 99
-3 99
-3 99
-3 99
-3 99
-3 99
-3 99
-3 99
-3 99
-3 99
-3 99
-3 99
-3 99
0 98
0 99
0 99
0 99
0 99
0 99
0 99
0 99
0 99
0 99
0 99
0 99
0 99
0 99
0 99
0 99
0 99
0 99
-4 95
3 91
3 91
3 91
3 91
3 91
3 91
3 91
3 91
3 91
3 91
3 91
3 91
3 91
3 91
3 91
3 91
3 91
3 91
3 91
3 91
3 91
3 91
3 91
3 91
3 91
3 91
3 91
3 91
3 91
3 91
3 91
3 91
3 91
3 91
3 91
3 91
3 91
3 91
3 91
3 91
3 91
3 91
3 91
3 91
3 91
3 91
3 91
3 91
3 91
3 91
3 91
3 91
3 91
3 91
3 91
3 91
3 91
6 95
5 95
5 95
5 95
5 95
5 95
5 95
5 95
5 95
5 95
5 95
5 95
5 95
5 95
5 95
5 95
5 95
5 95
5 95
5 95
5 95
5 95
5 95
5 95
5 95
5 95
5 95
5 95
5 95
5 95
5 95
5 95
5 95
5 95
5 95
5 95
5 95
5 95
5 95
5 95
5 95
5 95
5 95
5 95
5 90
5 90
5 90
5 90
5 90
5 90
5 90
5 90
5 90
5 90
5 90
5 90
5 90
5 90
5 90
5 90
5 90
5 90
5 90
5 90
5 90
12 97
12 97
12 97
12 97
12 97
12 97
12 97
12 97
12 97
12 97
12 97
12 97
12 97
12 97
12 97
12 97
12 97
12 97
12 97
12 97
12 97
12 97
12 97
12 97
12 97
18 93
18 93
18 93
18 93
18 93
18 93
18 93
18 93
18 93
18 93
18 93
18 93
18 93
18 93
18 93
18 93
18 93
18 93
18 93
18 93
18 93
19 94
19 94
19 94
19 94
19 94
19 94
19 94
19 94
19 94
19 94
19 94
19 94
19 94
19 94
19 94
19 94
19 94
19 94
19 94
19 94
19 94
19 94
19 94
19 94
19 94
19 94
19 94
19 94
19 94
19 94
19 94
19 94
19 94
19 94
19 94
19 94
19 94
19 94
19 94
19 94
19 94
19 94
19 94
25 87
25 87
25 87
25 87
25 87
25 87
25 87
25 87
25 87
25 87
25 87
25 87
25 87
25 87
25 87
25 87
25 87
25 87
25 87
25 87
25 87
25 87
25 87
25 87
25 87
25 87
25 87
25 87
25 87
25 87
25 87
25 87
25 87
25 87
25 87
25 87
25 87
38 87
38 87
38 87
38 87
38 87
38 87
38 87
38 87
38 87
38 87
38 87
38 87
38 87
38 87
38 87
38 87
38 87
38 87
38 87
38 87
38 87
38 87
38 87
38 87
38 87
38 87
38 87
38 87
38 87
38 87
38 87
38 87
38 87
38 87
38 87
38 87
38 87
38 87
38 87
38 87
38 87
38 87
38 87
37 88
54 94
54 94
54 94
54 94
54 94
54 94
54 94
54 94
54 94
54 94
54 94
54 94
54 94
54 94
54 94
54 94
54 94
54 94
54 94
54 94
54 94
54 94
54 94
54 94
54 94
54 94
54 94
54 94
54 94
54 94
54 94
54 94
54 94
54 94
54 94
54 94
54 94
54 94
54 94
54 94
54 94
54 94
66 84
66 84
66 84
66 84
66 84
66 84
66 84
66 84
66 84
66 84
66 84
66 84
66 84
66 84
66 84
66 84
66 84
66 84
66 84
66 84
58 90
58 90
58 90
58 90
58 90
58 90
58 90
58 90
58 90
58 90
58 90
58 90
58 90
58 90
58 90
58 90
58 90
58 90
58 90
58 90
69 91
69 91
69 91
69 91
69 91
69 91
69 91
69 91
69 91
69 91
69 91
69 91
69 91
69 91
69 91
69 91
69 91
69 91
69 91
69 91
69 91
69 91
69 91
69 91
69 91
69 91
69 91
69 91
69 91
69 91
69 91
69 91
69 91
69 91
69 91
69 91
69 91
69 82
69 82
69 82
69 82
69 82
69 82
69 82
69 82
69 82
69 82
69 82
69 82
69 82
69 82
69 82
69 82
69 82
69 82
69 82
69 82
69 82
69 82
69 82
69 82
69 82
69 82
69 82
69 82
69 82
69 82
69 82
69 82
69 82
69 82
69 82
69 82
69 82
69 82
69 82
69 82
69 82
69 82
69 82
69 82
69 82
72 73
72 73
72 73
72 73
72 73
72 73
72 73
72 73
72 73
72 73
72 73
72 73
72 73
72 73
72 73
72 73
72 73
72 73
72 73
72 73
72 73
72 73
84 91
84 91
84 91
84 91
84 91
84 91
84 91
84 91
84 91
84 91
84 91
84 91
84 91
84 91
84 91
84 91
84 91
84 91
84 91
84 91
84 91
74 74
74 74
74 74
74 74
74 74
74 74
74 74
74 74
74 74
74 74
74 74
74 74
74 74
74 74
74 74
74 74
74 74
74 74
74 74
74 74
74 74
74 74
91 70
91 70
91 70
91 70
91 70
91 70
91 70
91 70
91 70
91 70
91 70
91 70
91 70
91 70
91 70
91 70
91 70
91 70
91 70
91 70
91 70
91 70
91 70
91 70
91 70
91 70
91 70
91 70
91 70
91 70
91 70
91 70
91 70
91 70
91 70
91 70
91 70
91 70
91 70
91 70
91 70
91 70
91 70
94 58
94 58
94 58
94 58
94 58
94 58
94 58
94 58
94 58
94 58
94 58
94 58
94 58
94 58
94 58
94 58
94 58
94 58
94 58
94 58
94 58
94 58
94 58
94 58
94 58
94 58
90 44
90 44
90 44
90 44
90 44
90 44
90 44
90 44
90 44
90 44
90 44
90 44
90 44
90 44
90 44
90 44
90 44
90 44
90 44
90 44
90 44
90 44
90 44
90 44
90 44
90 44
90 44
90 44
90 44
90 44
90 44
90 44
90 44
90 44
90 44
90 44
90 44
90 44
90 44
90 44
90 44
90 44
90 44
90 44
90 44
90 44
90 44
90 44
90 44
90 44
90 44
98 33
98 33
98 33
98 33
98 33
98 33
98 33
98 33
98 33
98 33
98 33
98 33
98 33
98 33
98 33
98 33
98 33
98 33
98 33
98 33
98 33
98 33
98 33
98 26
98 26
98 26
98 26
98 26
98 26
98 26
98 26
98 26
98 26
98 26
98 26
98 26
98 26
98 26
98 26
98 26
98 26
98 26
98 26
98 26
98 26
98 26
98 26
98 26
98 26
98 26
98 26
98 26
98 26
98 26
98 26
98 26
98 26
98 26
98 26
98 26
98 26
98 26
98 26
98 26
98 26
98 26
98 26
99 21
99 21
99 21
99 21
99 21
99 21
99 21
99 21
99 21
99 21
99 21
99 21
99 21
99 21
99 21
99 21
99 21
99 21
99 21
99 21
99 21
99 21
99 21
99 21
99 21
99 21
99 21
99 21
99 21
99 21
99 21
99 21
99 21
99 21
99 21
99 21
99 21
99 21
99 21
99 21
89 8
82 6
82 6
82 6
82 6
82 6
82 6
82 6
82 6
82 6
82 6
82 6
82 6
82 6
82 6
82 6
82 6
82 6
82 6
82 6
82 6
82 6
82 6
82 6
82 6
82 6
82 6
82 6
82 6
82 6
82 6
82 6
82 6
82 6
82 6
82 6
82 6
82 6
82 6
82 6
82 6
82 6
99 1
99 1
99 1
99 1
99 1
99 1
99 1
99 1
99 1
99 1
99 1
99 1
99 1
99 1
99 1
99 1
99 1
99 1
99 1
99 1
99 1
99 1
99 1
99 1
99 1
99 1
99 1
99 1
99 1
99 1
88 -4
87 -12
87 -12
87 -12
87 -12
87 -12
87 -12
87 -12
87 -12
87 -12
87 -12
87 -12
87 -12
87 -12
87 -12
93 -20
93 -20
93 -20
93 -20
93 -20
93 -20
93 -20
93 -20
93 -20
93 -20
93 -20
93 -20
93 -20
93 -20
93 -20
93 -20
93 -20
93 -20
93 -20
93 -20
93 -20
93 -20
93 -20
93 -20
93 -20
93 -20
93 -20
93 -20
93 -20
93 -20
77 -31
77 -31
77 -31
77 -31
77 -31
77 -31
77 -31
77 -31
77 -31
77 -31
77 -31
77 -31
77 -31
77 -31
77 -31
77 -31
64 -33
64 -33
64 -33
64 -33
64 -33
64 -33
64 -33
64 -33
64 -33
64 -33
64 -33
64 -33
64 -33
64 -33
64 -33
64 -33
64 -33
64 -33
64 -33
64 -33
64 -33
64 -33
64 -33
64 -33
64 -33
64 -33
64 -33
64 -33
64 -33
64 -33
64 -33
64 -33
64 -33
64 -33
64 -33
70 -39
70 -39
70 -39
70 -39
70 -39
70 -39
70 -39
70 -39
70 -39
70 -39
70 -39
70 -39
70 -39
70 -39
70 -39
70 -39
70 -39
70 -39
70 -39
70 -39
70 -39
70 -39
70 -39
70 -39
70 -39
70 -39
70 -39
70 -39
70 -39
70 -39
70 -39
70 -39
70 -39
70 -39
70 -39
70 -39
70 -39
68 -63
68 -63
68 -63
68 -63
68 -63
68 -63
68 -63
68 -63
68 -63
68 -63
68 -63
68 -63
68 -63
68 -63
68 -63
68 -63
68 -63
68 -63
68 -63
68 -63
68 -63
68 -63
68 -63
68 -63
68 -63
68 -63
68 -63
68 -63
68 -63
68 -63
68 -63
68 -63
68 -63
68 -63
81 -86
81 -86
81 -86
81 -86
81 -86
81 -86
81 -86
81 -86
81 -86
81 -86
81 -86
81 -86
81 -86
81 -86
81 -86
81 -86
75 -88
75 -88
75 -88
75 -88
75 -88
75 -88
75 -88
75 -88
75 -88
75 -88
75 -88
75 -88
75 -88
75 -88
75 -88
75 -88
75 -88
75 -88
75 -88
75 -88
75 -88
75 -88
75 -88
75 -88
75 -88
75 -88
75 -88
75 -88
75 -88
75 -88
75 -88
75 -88
69 -84
69 -84
69 -84
69 -84
69 -84
69 -84
69 -84
69 -84
69 -84
69 -84
69 -84
69 -84
69 -84
69 -84
69 -84
69 -84
69 -84
69 -84
69 -84
69 -84
69 -84
69 -84
69 -84
69 -84
69 -84
69 -84
69 -84
69 -84
69 -84
69 -84
69 -84
69 -84
69 -84
69 -84
69 -84
61 -96
42 -100
42 -100
42 -100
42 -100
42 -100
42 -100
42 -100
42 -100
42 -100
42 -100
42 -100
42 -100
42 -100
42 -100
42 -100
42 -100
42 -100
42 -100
42 -100
42 -100
42 -100
42 -100
42 -100
42 -100
42 -100
42 -100
42 -100
42 -100
42 -100
42 -100
42 -100
42 -100
42 -100
42 -100
42 -100
42 -100
32 -103
32 -103
32 -103
32 -103
32 -103
32 -103
32 -103
32 -103
32 -103
32 -103
32 -103
32 -103
32 -103
32 -103
32 -103
32 -103
32 -103
27 -110
27 -110
27 -110
27 -110
27 -110
27 -110
27 -110
27 -110
27 -110
27 -110
27 -110
27 -110
27 -110
27 -110
27 -110
27 -110
27 -110
27 -110
28 -118
28 -118
28 -118
28 -118
28 -118
28 -118
28 -118
28 -118
28 -118
28 -118
28 -118
28 -118
28 -118
28 -118
28 -118
28 -118
28 -118
28 -118
28 -118
28 -118
28 -118
28 -118
28 -118
28 -118
28 -118
28 -118
28 -118
28 -118
28 -118
28 -118
28 -118
28 -118
28 -118
28 -118
28 -118
28 -118
28 -118
28 -118
28 -118
28 -118
28 -118
28 -118
28 -118
28 -118
28 -118
28 -118
28 -118
28 -118
28 -118
28 -118
28 -118
28 -118
28 -118
28 -118
28 -118
28 -118
28 -118
28 -118
28 -118
28 -118
28 -118
28 -118
28 -118
28 -118
28 -118
28 -118
28 -118
28 -118
28 -118
28 -118
28 -118
6 -121
6 -121
6 -121
6 -121
6 -121
6 -121
6 -121
6 -121
6 -121
6 -121
6 -121
6 -121
6 -121
6 -121
6 -121
6 -121
6 -121
1 -133
1 -133
1 -133
1 -133
1 -133
1 -133
1 -133
1 -133
1 -133
1 -133
1 -133
1 -133
1 -133
1 -133
1 -133
1 -133
1 -133
1 -133
1 -133
1 -133
8 -129
8 -129
8 -129
8 -129
8 -129
8 -129
8 -129
8 -129
8 -129
8 -129
8 -129
8 -129
8 -129
8 -129
8 -129
8 -129
8 -129
5 -122
5 -122
5 -122
5 -122
5 -122
5 -122
5 -122
5 -122
5 -122
5 -122
5 -122
5 -122
5 -122
5 -122
5 -122
5 -122
5 -122
5 -122
5 -122
5 -122
5 -122
5 -122
5 -122
5 -122
5 -122
5 -122
5 -122
5 -122
5 -122
5 -122
5 -122
5 -122
5 -122
4 -155
4 -155
4 -155
4 -155
4 -155
4 -155
4 -155
4 -155
4 -155
4 -155
4 -155
4 -155
4 -155
4 -155
4 -155
4 -155
4 -155
4 -155
4 -155
4 -155
4 -155
4 -155
4 -155
4 -155
4 -155
4 -155
4 -155
4 -155
4 -155
4 -155
5 -143
5 -143
5 -143
5 -143
5 -143
5 -143
5 -143
5 -143
5 -143
5 -143
5 -143
5 -143
5 -143
5 -143
5 -143
5 -143
-4 -145
-4 -145
-4 -145
-4 -145
-4 -145
-4 -145
-4 -145
-4 -145
-4 -145
-4 -145
-4 -145
-4 -145
-4 -145
-4 -145
-4 -145
-8 -142
-8 -142
-8 -142
-8 -142
-8 -142
-8 -142
-8 -142
-8 -142
-8 -142
-8 -142
-8 -142
-8 -142
-8 -142
-8 -142
-8 -142
-14 -136
-14 -136
-14 -136
-14 -136
-14 -136
-14 -136
-14 -136
-14 -136
-14 -136
-14 -136
-14 -136
-14 -136
-14 -136
-14 -136
-14 -136
-14 -136
-14 -136
-14 -136
-14 -136
-14 -136
-14 -136
-14 -136
-14 -136
-14 -136
-14 -136
-14 -136
-14 -136
-14 -136
-14 -136
-14 -136
-27 -137
-27 -137
-27 -137
-27 -137
-27 -137
-27 -137
-27 -137
-27 -137
-27 -137
-27 -137
-27 -137
-27 -137
-27 -137
-27 -137
-27 -137
-27 -137
-27 -123
-27 -123
-27 -123
-27 -123
-27 -123
-27 -123
-27 -123
-27 -123
-27 -123
-27 -123
-27 -123
-27 -123
-27 -123
-27 -123
-27 -123
-27 -123
-27 -123
-27 -123
-27 -123
-27 -123
-27 -123
-27 -123
-27 -123
-27 -123
-27 -123
-27 -123
-27 -123
-27 -123
-27 -123
-27 -123
-27 -123
-27 -123
-27 -123
-37 -131
-37 -131
-37 -131
-37 -131
-37 -131
-37 -131
-37 -131
-37 -131
-37 -131
-37 -131
-37 -131
-37 -131
-37 -131
-37 -131
-37 -131
-37 -131
-37 -131
-37 -131
-37 -131
-51 -137
-51 -137
-51 -137
-51 -137
-51 -137
-51 -137
-51 -137
-51 -137
-51 -137
-51 -137
-51 -137
-51 -137
-51 -137
-51 -137
-51 -137
-51 -137
-51 -137
-51 -137
-68 -134
-68 -134
-68 -134
-68 -134
-68 -134
-68 -134
-68 -134
-68 -134
-68 -134
-68 -134
-68 -134
-68 -134
-68 -134
-68 -134
-68 -134
-68 -134
-68 -134
-68 -134
-68 -134
-68 -134
-68 -134
-68 -134
-68 -134
-68 -134
-68 -134
-68 -134
-68 -134
-68 -134
-68 -134
-68 -134
-68 -134
-68 -134
-68 -134
-72 -140
-72 -140
-72 -140
-72 -140
-72 -140
-72 -140
-72 -140
-72 -140
-72 -140
-72 -140
-72 -140
-72 -140
-72 -140
-72 -140
-72 -140
-72 -140
-72 -140
-86 -135
-86 -135
-86 -135
-86 -135
-86 -135
-86 -135
-86 -135
-86 -135
-86 -135
-86 -135
-86 -135
-86 -135
-86 -135
-86 -135
-86 -135
-86 -135
-86 -135
-86 -135
-86 -135
-86 -135
-86 -135
-86 -135
-86 -135
-86 -135
-86 -135
-86 -135
-86 -135
-86 -135
-83 -120
-83 -120
-83 -120
-83 -120
-83 -120
-83 -120
-83 -120
-83 -120
-83 -120
-83 -120
-83 -120
-83 -120
-83 -120
-83 -120
-83 -120
-83 -120
-83 -120
-83 -120
-82 -103
-82 -103
-82 -103
-82 -103
-82 -103
-82 -103
-82 -103
-82 -103
-82 -103
-82 -103
-82 -103
-82 -103
-82 -103
-82 -103
-82 -103
-82 -103
-82 -103
-82 -76
-82 -76
-82 -76
-82 -76
-82 -76
-82 -76
-82 -76
-82 -76
-82 -76
-82 -76
-82 -76
-82 -76
-82 -76
-82 -76
-82 -76
-82 -76
-82 -76
-82 -76
-82 -76
-82 -76
-82 -76
-82 -76
-82 -76
-82 -76
-82 -76
-82 -76
-82 -76
-82 -76
-82 -76
-82 -76
-82 -76
-82 -76
-82 -76
-82 -76
-82 -76
-82 -76
-82 -76
-82 -76
-82 -76
-82 -76
-108 -92
-108 -92
-108 -92
-108 -92
-108 -92
-108 -92
-108 -92
-108 -92
-108 -92
-108 -92
-108 -92
-108 -92
-108 -92
-108 -92
-108 -92
-108 -92
-108 -92
-108 -92
-118 -80
-118 -80
-118 -80
-118 -80
-118 -80
-118 -80
-118 -80
-118 -80
-118 -80
-118 -80
-118 -80
-118 -80
-118 -80
-118 -80
-118 -80
-118 -80
-118 -80
-118 -80
-118 -80
-118 -80
-118 -80
-118 -80
-118 -80
-118 -80
-118 -80
-118 -80
-118 -80
-118 -80
-118 -80
-118 -80
-118 -80
-118 -80
-118 -80
-118 -80
-118 -80
-118 -80
-118 -80
-118 -80
-118 -80
-118 -80
-118 -80
-118 -80
-118 -80
-118 -80
-118 -80
-118 -80
-118 -80
-118 -80
-118 -80
-118 -80
-118 -80
-118 -80
-118 -80
-118 -80
-118 -80
-118 -80
-118 -80
-118 -80
-141 -64
-141 -64
-141 -64
-141 -64
-141 -64
-141 -64
-141 -64
-141 -64
-141 -64
-141 -64
-141 -64
-141 -64
-141 -64
-152 -39
-152 -39
-152 -39
-152 -39
-152 -39
-152 -39
-152 -39
-152 -39
-152 -39
-152 -39
-152 -39
-152 -39
-152 -39
-152 -39
-152 -39
-152 -39
-152 -39
-152 -39
-152 -39
-152 -39
-152 -39
-152 -39
-152 -39
-152 -39
-152 -39
-152 -39
-152 -39
-152 -39
-152 -39
-152 -39
-152 -39
-152 -39
-152 -39
-152 -39
-152 -39
-146 -27
-146 -27
-146 -27
-146 -27
-146 -27
-146 -27
-146 -27
-146 -27
-146 -27
-146 -27
-146 -27
-146 -27
-146 -27
-146 -27
-146 -27
-146 -27
-146 -27
-146 -27
-146 -27
-161 -12
-161 -12
-161 -12
-161 -12
-161 -12
-161 -12
-161 -12
-161 -12
-161 -12
-161 -12
-161 -12
-161 -12
-161 -12
-161 -12
-161 -12
-161 -12
-161 -12
-138 -11
-138 -11
-138 -11
-138 -11
-138 -11
-138 -11
-138 -11
-138 -11
-138 -11
-138 -11
-138 -11
-138 -11
-138 -11
-138 -11
-138 -11
-138 -11
-138 -11
-138 -11
-138 -11
-138 -11
-138 -11
-138 -11
-138 -11
-138 -11
-138 -11
-138 -11
-138 -11
-138 -11
-138 -11
-138 -11
-138 -11
-138 -11
-138 -11
-138 -11
-138 -11
-138 -11
-138 -11
-138 -11
-138 -11
-138 -11
-138 -11
-138 -11
-138 -11
-138 -11
-138 -11
-138 -11
-138 -11
-138 -11
-138 -11
-138 -11
-138 -11
-138 -11
-138 -11
-138 -11
-144 21
-119 33
-119 33
-119 33
-119 33
-119 33
-119 33
-119 33
-119 33
-119 33
-119 33
-119 33
-119 33
-119 33
-119 33
-119 33
-119 33
-119 33
-119 33
-119 33
-119 33
-119 33
-119 33
-119 33
-119 33
-119 33
-119 33
-119 33
-119 33
-119 33
-119 33
-119 33
-119 33
-119 33
-119 33
-118 46
-118 46
-118 46
-118 46
-118 46
-118 46
-118 46
-118 46
-118 46
-118 46
-118 46
-118 46
-118 46
-118 46
-118 46
-103 67
-103 67
-103 67
-103 67
-103 67
-103 67
-103 67
-103 67
-103 67
-103 67
-103 67
-103 67
-103 67
-103 67
-103 67
-98 79
-98 79
-98 79
-98 79
-98 79
-98 79
-98 79
-98 79
-98 79
-98 79
-98 79
-98 79
-98 79
-98 79
-98 79
-98 79
-98 79
-98 79
-98 79
-98 79
-98 79
-98 79
-98 79
-98 79
-98 79
-98 79
-98 79
-98 79
-98 79
-98 79
-98 79
-98 79
-98 79
-98 79
-98 79
-98 79
-98 79
-98 79
-98 79
-98 79
-98 79
-98 79
-98 79
-98 79
-98 79
-98 79
-98 79
-98 79
-98 79
-98 79
-98 79
-98 79
-98 79
-98 79
-98 79
-98 79
-86 72
-91 88
-91 88
-91 88
-91 88
-91 88
-91 88
-91 88
-91 88
-91 88
-91 88
-91 88
-91 88
-91 88
-91 88
-91 88
-91 88
-91 88
-91 88
-91 88
-91 88
-91 88
-91 88
-91 88
-91 88
-91 88
-91 88
-91 88
-91 88
-91 88
-91 88
-91 88
-91 88
-91 88
-91 88
-77 81
-77 81
-77 81
-77 81
-77 81
-77 81
-77 81
-77 81
-77 81
-77 81
-77 81
-77 81
-77 81
-77 81
-77 81
-77 81
-77 81
-77 81
-77 81
-77 81
-77 81
-77 81
-77 81
-77 81
-77 81
-77 81
-77 81
-77 81
-77 81
-77 81
-77 81
-74 77
-51 69
-51 69
-51 69
-51 69
-51 69
-51 69
-51 69
-51 69
-51 69
-51 69
-51 69
-51 69
-51 69
-51 69
-51 69
-51 69
-51 69
-51 69
-51 69
-51 69
-51 69
-51 69
-51 69
-51 69
-51 69
-51 69
-51 69
-51 69
-51 69
-51 69
-51 69
-51 69
-51 69
-47 65
-47 65
-47 65
-47 65
-47 65
-47 65
-47 65
-47 65
-47 65
-47 65
-47 65
-47 65
-47 65
-47 65
-47 65
-47 65
-47 65
-47 65
-47 65
-47 65
-47 65
-47 65
-47 65
-47 65
-47 65
-47 65
-47 65
-47 65
-47 65
-47 65
-47 65
-28 56
-23 43
-23 43
-23 43
-23 43
-23 43
-23 43
-23 43
-23 43
-23 43
-23 43
-23 43
-23 43
-23 43
-23 43
-23 43
-23 43
-23 43
-23 43
-23 43
-23 43
-23 43
-23 43
-23 43
-23 43
-23 43
-23 43
-23 43
-23 43
-23 43
-23 43
-23 43
-23 43
-23 43
-23 43
-19 31
-19 31
-19 31
-19 31
-19 31
-19 31
-19 31
-19 31
-19 31
-19 31
-19 31
-19 31
-19 31
-19 31
-19 31
-19 31
-19 31
-19 31
-19 31
-19 31
-19 31
-19 31
-19 31
-19 31
-19 31
-19 31
-19 31
-19 31
-19 31
-19 31
-19 31
-19 31
-19 31
-19 31
-19 31
-2 20
-2 20
-2 20
-2 20
-2 20
-2 20
-2 20
-2 20
-2 20
-2 20
-2 20
-2 20
-2 20
-2 20
-2 20
-2 20
-2 20
-2 20
-2 20
-2 20
-2 20
-2 20
-2 20
-2 20
-2 20
-2 20
-2 20
-2 20
-2 20
-2 20
-2 20
-2 20
-2 20
-2 9
-2 9
-2 9
-2 9
-2 9
-2 9
-2 9
-2 9
-2 9
-2 9
-2 9
-2 9
1 1
1 1
1 1
1 1
1 1
1 1
1 1
1 1
1 1
1 1
1 1
1 1
1 1
1 1
1 1
1 1
1 1
1 1
1 1
1 1
1 1
1 1
1 1
1 1
1 1
1 1
1 1
1 1
1 1
1 1
1 1
1 1
-2 0
-2 0
-2 0
-2 0
-2 0
-2 0
-2 0
-2 0
-2 0
-2 0
-2 0
-2 0
-2 0
-2 0
-2 0
-2 0
-2 0
-2 0
-2 0
-2 0
-2 0
-2 0
-2 0
-2 0
-2 0
-2 0
-2 0
-2 0
-2 0
-2 0
-2 0
-2 0
-2 0
-2 0
-2 0
-2 0
-2 0
-2 0
-2 0
-2 0
-2 0
-2 0
-2 0
-2 0
-2 0
-2 0
-2 0
-2 0
-2 0
-2 0
-2 0
-2 0
-2 0
-2 0
-2 0
-2 0
-2 0
-2 0
-2 0
-2 0
-2 0
-2 0
-2 0
-2 0
-2 0
-2 0
-2 0
-2 0
-2 0
-2 0
-2 0
-2 0
-2 0
-2 0
-2 0
-2 0
-2 0
-2 0
-2 0
-2 0
-2 0
-2 0
-2 0
-2 0
-2 0
-2 0
-2 0
-2 0
-2 0
-2 0
-2 0
-2 0
-2 0
-2 0
-2 0
-2 0
-2 0
-2 0
-2 0
-2 0
-2 0
-2 0
-2 0
-2 0
-2 0
-2 0
-2 0
-2 0
-2 0
-2 0
-2 0
-2 0
-2 0
-2 0
-2 0
-2 0
-2 0
-2 0
-2 0
-2 0
-2 0
-2 0
-2 0
-2 0
-2 0
-2 0
-2 0
-2 0
-2 0
-2 0
-4 1
-4 1
-4 1
-4 1
-4 1
-4 1
-4 1
-4 1
-4 1
-4 1
-4 1
-4 1
-4 1
-4 1
-4 1
-4 1
-4 1
-4 1
-4 1
-4 1
-4 1
-4 1
-4 1
-4 1
-4 1
-4 1
-4 1
-4 1
-4 1
-4 1
-4 1
-4 1
-4 1
-1 0
-1 0
-1 0
-1 0
-1 0
-1 0
-1 0
-1 0
-1 0
-1 0
-1 0
-1 0
-1 0
-1 0
-1 0
-1 0
-1 0
-1 0
-1 0
-1 0
-1 0
-1 0
-1 0
-1 0
-1 0
-1 0
-1 0
-1 0
-1 0
-1 0
-1 0
-1 0
-1 0
-1 0
-1 0
-1 0
-1 0
-1 0
-1 0
-1 0
-1 0
-1 0
-1 0
-1 0
-1 0
-1 0
-1 0
-1 0
-1 0
-1 0
-1 0
-1 0
-1 0
-1 0
-1 0
-1 0
-1 0
-1 0
-1 0
-1 0
-1 0
-1 0
-1 0
-1 0
-1 0
-1 0
-1 0
-1 0
-1 0
-1 0
-1 0
-1 0
-1 0
-1 0
-1 0
-1 0
-1 0
-1 0
-1 0
-1 0
-1 0
-1 0
-1 0
-1 0
-1 0
-1 0
-1 0
-1 0
-1 0
-1 0
-1 0
-1 0
-1 0
-1 0
-1 0
-1 0
-1 0
-1 0
-1 0
-1 0
-1 0
-1 0
-1 0
-1 0
-1 0
-1 0
-1 0
-1 0
-1 0
-1 0
-1 0
-1 0
-1 0
-1 0
-1 0
-1 0
-1 0
-1 0
-1 0
-1 0
-1 0
-1 0
-1 0
-1 0
-1 0
-1 0
-1 0
-1 0
-1 0
-1 0
-1 0
-1 0
-1 0
-1 0
-1 0
-1 0
-1 0
-1 0
-1 0
-1 0
-1 0
-1 0
-1 0
-1 0
-1 0
-1 0
-1 0
-1 0
-1 0
-1 0
-1 0
-1 0
-1 0
-1 0
-1 0
-1 0
-1 0
-1 0
-1 0
-1 0
-1 0
-1 0
-1 0
-1 0
-1 0
-1 0
-1 0
-1 0
-1 0
-1 0
-1 0
-1 0
-1 0
-1 0
-1 0
-1 0
-1 0
-1 0
-1 0
-1 0
-1 0
-1 0
-1 0
-1 0
-1 0
-1 0
-1 0
-1 0
-1 0
-1 0
-1 0
-1 0
-1 0
-1 0
-1 0
-1 0
-1 0
-1 0
-1 0
-1 0
-1 0
-1 0
-1 0
-1 0
-1 0
-1 0
-1 0
-1 0
-1 0
-1 0
-1 0
-1 0
-1 0
-1 0
-1 0
-1 0
-1 0
-1 0
-1 0
-1 0
-1 0
-1 0
-1 0
-1 0
-1 0
-1 0
-1 0
-1 0
-1 0
-1 0
-1 0
-1 0
-1 0
-1 0
-1 0
-1 0
-1 0
-1 0
-1 0
-1 0
-1 0
-1 0
-1 0
-1 0
-1 0
-1 0
-1 0
-1 0
-1 0
-1 0
-1 0
-1 0
-1 0
-1 0
-1 0
-1 0
-1 0
-1 0
-1 0
-1 0
-1 0
-1 0
-1 0
-1 0
-1 0
-1 0
-1 0
-1 0
-1 0
-1 0
-1 0
-1 0
-1 0
-1 0
-1 0
-1 0
-1 0
-1 0
-1 0
-1 0
-1 0
-1 0
-1 0
-1 0
-1 0
-1 0
-1 0
-1 0
-1 0
-1 0
-1 0
-1 0
-1 0
-1 0
-1 0
-1 0
-1 0
-1 0
-1 0
-1 0
-1 0
-1 0
-1 0
-1 0
-1 0
-1 0
-1 0
-1 0
-1 0
-1 0
-1 0
-1 0
-1 0
-1 0
-1 0
-1 0
-1 0
-1 0
-1 0
-1 0
-1 0
-1 0
-1 0
-1 0
-1 0
-1 0
-1 0
-1 0
-1 0
-1 0
-1 0
-1 0
-1 0
-1 0
-1 0
-1 0
-1 0
-1 0
-1 0
-1 0
-1 0
-1 0
-1 0
-1 0
-1 0
-1 0
-1 0
-1 0
-1 0
-1 0
-1 0
-1 0
-1 0
-1 0
-1 0
-1 0
-1 0
-1 0
-1 0
-1 0
-1 0
-1 0
-1 0
-1 0
-1 0
-1 0
-1 0
-1 0
-1 0
-1 0
-1 0
-1 0
-1 0
-1 0
-1 0
-1 0
-1 0
-1 0
-1 0
-1 0
-1 0
-1 0
-1 0
-1 0
-1 0
-1 0
-1 0
-1 0
-1 0
-1 0
-1 0
-1 0
-1 0
-1 0
-1 0
-1 0
-1 0
-1 0
-1 0
-1 0
-1 0
-1 0
-1 0
-1 0
-1 0
-1 0
-1 0
-1 0
-1 0
-1 0
-1 0
-1 0
-1 0
-1 0
-1 0
-1 0
-1 0
-1 0
-1 0
-1 0
-1 0
-1 0
-1 0
-1 0
-1 0
-1 0
-1 0
-1 0
-1 0
-1 0
-1 0
-1 0
-1 0
-1 0
-1 0
-1 0
-1 0
-1 0
-1 0
-1 0
-1 0
-1 0
-1 0
-1 0
-1 0
-1 0
-1 0
-1 0
-1 0
-1 0
-1 0
-1 0
-1 0
-1 0
-1 0
-1 0
-1 0
-1 0
-1 0
-1 0
-1 0
-1 0
-1 0
-1 0
-1 0
-1 0
-1 0
-1 0
-1 0
-1 0
-1 0
-1 0
-1 0
-1 0
-1 0
-1 0
-1 0
-1 0
-1 0
-1 0
-1 0
-1 0
-1 0
-1 0
-1 0
-1 0
-1 0
-1 0
-1 0
-1 0
-1 0
-1 0
-1 0
-1 0
-1 0
-1 0
-1 0
-1 0
-1 0
-1 0
-1 0
-1 0
-1 0
-1 0
-1 0
-1 0
-1 0
-1 0
-1 0
-1 0
-1 0
-1 0
-1 0
-1 0
-1 0
-1 0
-1 0
-1 0
-1 0
-1 0
-1 0
-1 0
-1 0
-1 0
-1 0
-1 0
-1 0
-1 0
-1 0
-1 0
-1 0
-1 0
-1 0
-1 0
-1 0
-1 0
-1 0
-1 0
-1 0
-1 0
-1 0
-1 0
-1 0
-1 0
-1 0
-1 0
-1 0
-1 0
-1 0
-1 0
-1 0
-1 0
-1 0
-1 0
-1 0
-1 0
-1 0
-1 0
-1 0
-1 0
-1 0
-1 0
-1 0
-1 0
-1 0
-1 0
-1 0
-1 0
-1 0
-1 0
-1 0
-1 0
-1 0
-1 0
-1 0
-1 0
-1 0
-1 0
-1 0
-1 0
-1 0
-1 0
-1 0
-1 0
-1 0
-1 0
-1 0
-1 0
-1 0
-1 0
-1 0
-1 0
-1 0
-1 0
-1 0
-1 0
-1 0
-1 0
-1 0
-1 0
-1 0
-1 0
-1 0
-1 0
-1 0
-1 0
-1 0
-1 0
-1 0
-1 0
-1 0
-1 0
-1 0
-1 0
-1 0
-1 0
-1 0
-1 0
-1 0
-1 0
-1 0
-1 0
-1 0
-1 0
-1 0
-1 0
-1 0
-1 0
-1 0
-1 0
-1 0
-1 0
-1 0
-1 0
-1 0
-1 0
-1 0
-1 0
-1 0
-1 0
-1 0
-1 0
-1 0
-1 0
-1 0
-1 0
-1 0
-1 0
-1 0
-1 0
-1 0
-1 0
-1 0
-1 0
-1 0
-1 0
-1 0
-1 0
-1 0
-1 0
-1 0
-1 0
-1 0
-1 0
-1 0
-1 0
-1 0
-1 0
-1 0
-1 0
-1 0
-1 0
-1 0
-1 0
-1 0
-1 0
-1 0
-1 0
-1 0
-1 0
-1 0
-1 0
-1 0
