31 -23
31 -23
31 -23
31 -23
31 -23
31 -23
31 -23
31 -23
31 -23
31 -23
31 -23
31 -23
31 -23
31 -23
31 -23
31 -23
31 -23
31 -23
31 -23
31 -23
31 -23
31 -23
31 -23
31 -23
31 -23
31 -23
31 -23
31 -23
31 -23
31 -23
31 -23
31 -23
31 -23
31 -23
31 -23
31 -23
31 -23
31 -23
31 -23
31 -23
31 -23
31 -23
31 -23
31 -23
31 -30
31 -30
31 -30
31 -30
31 -30
31 -30
31 -30
31 -30
31 -30
31 -30
31 -30
31 -30
31 -30
31 -30
31 -30
31 -30
31 -30
31 -30
31 -30
31 -30
31 -30
31 -30
31 -30
31 -30
31 -30
31 -30
31 -30
31 -30
31 -30
31 -30
31 -30
31 -30
31 -30
31 -30
31 -30
31 -30
26 -36
26 -36
26 -36
26 -36
26 -36
26 -36
26 -36
26 -36
26 -36
26 -36
26 -36
26 -36
26 -36
26 -36
26 -36
26 -36
26 -36
26 -36
26 -36
26 -36
26 -36
26 -36
26 -36
26 -36
26 -36
26 -36
26 -36
26 -36
26 -36
26 -36
26 -36
26 -36
26 -36
26 -36
26 -36
26 -36
26 -36
26 -36
26 -36
26 -36
26 -36
26 -36
26 -36
26 -36
26 -36
23 -37
23 -37
23 -37
23 -37
23 -37
23 -37
23 -37
23 -37
23 -37
23 -37
23 -37
23 -37
23 -37
23 -37
23 -37
23 -37
23 -37
23 -37
23 -37
23 -37
23 -37
23 -37
23 -37
23 -37
23 -37
23 -37
23 -37
23 -37
23 -37
23 -41
23 -41
23 -41
23 -41
23 -41
23 -41
23 -41
23 -41
23 -41
23 -41
23 -41
23 -41
23 -41
23 -41
23 -41
23 -41
23 -41
23 -41
23 -41
23 -41
23 -41
21 -44
21 -44
21 -44
21 -44
21 -44
21 -44
21 -44
21 -44
21 -44
21 -44
21 -44
21 -44
21 -44
21 -44
21 -44
21 -44
21 -44
21 -44
21 -44
21 -44
21 -44
21 -44
21 -44
21 -44
21 -44
21 -44
21 -44
21 -44
21 -44
21 -44
21 -44
21 -44
21 -44
21 -44
21 -44
21 -44
21 -44
21 -44
21 -44
21 -44
21 -44
21 -44
21 -44
21 -44
21 -44
21 -44
21 -44
21 -44
21 -44
21 -44
21 -44
21 -44
17 -43
17 -43
17 -43
17 -43
17 -43
17 -43
17 -43
17 -43
17 -43
17 -43
17 -43
17 -43
17 -43
17 -43
17 -43
17 -43
17 -43
17 -43
17 -43
17 -43
17 -43
17 -43
17 -43
11 -48
11 -48
11 -48
11 -48
11 -48
11 -48
11 -48
11 -48
11 -48
11 -48
11 -48
11 -48
11 -48
11 -48
11 -48
11 -48
11 -48
11 -48
11 -48
11 -48
11 -48
11 -48
11 -48
11 -48
11 -48
11 -48
11 -48
11 -48
11 -48
11 -48
11 -48
11 -48
11 -48
11 -48
11 -48
11 -48
11 -48
11 -48
11 -48
11 -48
11 -48
11 -48
11 -48
11 -48
11 -48
11 -48
11 -48
11 -48
11 -48
11 -48
11 -48
11 -48
11 -48
11 -48
11 -48
7 -44
7 -44
7 -44
7 -44
7 -44
7 -44
7 -44
7 -44
7 -44
7 -44
7 -44
7 -44
7 -44
7 -44
7 -44
7 -44
7 -44
7 -44
7 -44
7 -44
7 -44
7 -44
7 -44
7 -44
7 -44
7 -44
7 -48
7 -48
7 -48
7 -48
7 -48
7 -48
7 -48
7 -48
7 -48
7 -48
7 -48
7 -48
7 -48
7 -48
7 -48
7 -48
7 -48
7 -48
7 -48
7 -48
7 -48
7 -48
7 -48
7 -48
7 -48
6 -48
6 -48
6 -48
6 -48
6 -48
6 -48
6 -48
6 -48
6 -48
6 -48
6 -48
6 -48
6 -48
6 -48
6 -48
6 -48
6 -48
6 -48
6 -48
6 -48
6 -48
6 -48
6 -48
6 -48
6 -48
6 -48
6 -48
6 -48
6 -48
6 -48
6 -48
6 -48
6 -48
6 -48
6 -48
6 -48
6 -48
6 -48
6 -48
6 -48
6 -48
6 -48
6 -48
6 -48
6 -48
6 -48
7 -47
7 -47
7 -47
7 -47
7 -47
7 -47
7 -47
7 -47
7 -47
7 -47
7 -47
7 -47
7 -47
7 -47
7 -47
7 -47
7 -47
7 -47
7 -47
7 -47
7 -47
7 -47
7 -47
7 -47
7 -47
7 -47
7 -47
7 -47
7 -47
7 -47
7 -47
7 -47
7 -47
7 -47
7 -47
7 -47
7 -47
7 -47
7 -47
7 -47
7 -47
7 -47
7 -47
8 -53
3 -56
3 -56
3 -56
3 -56
3 -56
3 -56
3 -56
3 -56
3 -56
3 -56
3 -56
3 -56
3 -56
3 -56
3 -56
3 -56
3 -56
3 -56
3 -56
3 -56
3 -56
3 -56
3 -56
3 -56
3 -56
3 -56
3 -56
3 -56
3 -56
3 -56
3 -56
3 -56
3 -56
3 -56
3 -56
3 -56
3 -56
3 -56
3 -56
3 -56
3 -56
3 -56
3 -56
3 -56
3 -56
3 -56
3 -56
3 -56
3 -51
3 -51
3 -51
3 -51
3 -51
3 -51
3 -51
3 -51
3 -51
3 -51
3 -51
3 -51
3 -51
3 -51
3 -51
3 -51
3 -51
3 -51
3 -51
3 -51
3 -51
3 -51
3 -51
3 -51
3 -51
3 -51
3 -51
3 -51
3 -51
3 -51
3 -51
3 -51
3 -51
3 -51
3 -51
3 -51
3 -51
3 -51
3 -51
3 -51
3 -51
1 -52
1 -52
1 -52
1 -52
1 -52
1 -52
1 -52
1 -52
1 -52
1 -52
1 -52
1 -52
1 -52
1 -52
1 -52
1 -52
1 -52
1 -52
1 -52
1 -52
1 -52
1 -52
1 -52
1 -52
1 -52
1 -52
1 -52
1 -52
1 -52
1 -52
1 -52
1 -52
1 -52
1 -52
1 -52
1 -52
1 -52
1 -52
1 -52
1 -52
1 -52
1 -52
0 -52
0 -57
0 -57
0 -57
0 -57
0 -57
0 -57
0 -57
0 -57
0 -57
0 -57
0 -57
0 -57
0 -57
0 -57
0 -57
0 -57
0 -57
0 -57
0 -57
0 -57
0 -57
0 -57
0 -57
0 -57
0 -57
0 -57
0 -57
0 -57
0 -57
0 -57
0 -57
0 -57
0 -57
0 -57
0 -57
0 -57
0 -57
0 -57
0 -57
0 -57
0 -57
0 -57
0 -57
0 -57
0 -57
6 -50
6 -50
6 -50
6 -50
6 -50
6 -50
6 -50
6 -50
6 -50
6 -50
6 -50
6 -50
6 -50
6 -50
6 -50
6 -50
6 -50
6 -50
6 -50
6 -50
6 -50
6 -50
6 -50
6 -50
6 -50
6 -50
6 -50
6 -50
6 -50
6 -50
6 -50
6 -50
6 -50
6 -50
6 -50
6 -50
6 -50
6 -50
6 -50
6 -50
6 -50
6 -50
6 -50
6 -50
6 -50
6 -50
6 -50
1 -49
-1 -49
-1 -49
-1 -49
-1 -49
-1 -49
-1 -49
-1 -49
-1 -49
-1 -49
-1 -49
-1 -49
-1 -49
-1 -49
-1 -49
-1 -49
-1 -49
-1 -49
-1 -49
-1 -49
-1 -49
-1 -49
-1 -49
-1 -49
-1 -49
-1 -49
-1 -49
-1 -49
-1 -49
-1 -49
-1 -49
-1 -49
-1 -49
-1 -49
-1 -49
-1 -49
-1 -49
-1 -49
-1 -49
-1 -49
-1 -49
-1 -49
0 -47
0 -47
0 -47
0 -47
0 -47
0 -47
0 -47
0 -47
0 -47
0 -47
0 -47
0 -47
0 -47
0 -47
0 -47
0 -47
0 -47
0 -47
0 -47
0 -47
0 -47
0 -47
0 -47
0 -47
0 -47
-1 -49
-1 -49
-1 -49
-1 -49
-1 -49
-1 -49
-1 -49
-1 -49
-1 -49
-1 -49
-1 -49
-1 -49
-1 -49
-1 -49
-1 -49
-1 -49
-1 -49
-1 -49
-1 -49
-1 -49
-1 -49
2 -45
2 -45
2 -45
2 -45
2 -45
2 -45
2 -45
2 -45
2 -45
2 -45
2 -45
2 -45
2 -45
2 -45
2 -45
2 -45
2 -45
2 -45
2 -45
2 -45
2 -45
2 -45
2 -45
2 -45
2 -45
2 -45
2 -45
2 -45
2 -45
2 -45
2 -45
2 -45
2 -45
2 -45
2 -45
2 -45
2 -45
2 -45
2 -45
2 -45
2 -45
2 -45
2 -45
1 -46
1 -46
1 -46
1 -46
1 -46
1 -46
1 -46
1 -46
1 -46
1 -46
1 -46
1 -46
1 -46
1 -46
1 -46
1 -46
1 -46
1 -46
1 -46
1 -46
1 -46
1 -46
1 -46
1 -46
1 -46
1 -46
1 -46
1 -46
1 -46
1 -46
1 -46
1 -46
1 -46
1 -46
1 -46
1 -46
1 -46
1 -46
1 -46
1 -46
1 -46
1 -46
1 -46
1 -46
1 -46
1 -46
1 -46
1 -46
1 -43
-3 -47
-3 -47
-3 -47
-3 -47
-3 -47
-3 -47
-3 -47
-3 -47
-3 -47
-3 -47
-3 -47
-3 -47
-3 -47
-3 -47
-3 -47
-3 -47
-3 -47
-3 -47
-3 -47
-3 -47
-3 -47
-3 -47
-3 -47
-3 -47
-3 -47
-3 -47
-3 -47
-3 -47
-3 -47
-3 -47
-3 -47
-3 -47
-3 -47
-3 -47
-3 -47
-3 -47
-3 -47
-3 -47
-3 -47
-3 -47
-3 -47
-3 -47
-3 -47
-3 -47
-3 -47
-3 -47
-3 -47
-3 -47
-4 -43
-4 -43
-4 -43
-4 -43
-4 -43
-4 -43
-4 -43
-4 -43
-4 -43
-4 -43
-4 -43
-4 -43
-4 -43
-4 -43
-4 -43
-4 -43
-4 -43
-4 -43
-4 -43
-4 -43
-4 -43
-4 -43
-1 -44
-1 -44
-1 -44
-1 -44
-1 -44
-1 -44
-1 -44
-1 -44
-1 -44
-1 -44
-1 -44
-1 -44
-1 -44
-1 -44
-1 -44
-1 -44
-1 -44
-1 -44
-1 -44
-1 -44
-1 -44
-1 -44
-1 -44
-1 -44
-1 -44
-1 -44
-1 -44
-1 -44
-1 -44
-1 -44
-1 -44
-1 -44
-1 -44
-1 -44
-1 -44
-1 -44
-1 -44
-1 -44
-1 -44
-3 -46
-3 -46
-3 -46
-3 -46
-3 -46
-3 -46
-3 -46
-3 -46
-3 -46
-3 -46
-3 -46
-3 -46
-3 -46
-3 -46
-3 -46
-3 -46
-3 -46
-3 -46
-3 -46
-3 -46
-3 -46
-3 -46
-3 -46
-3 -46
-3 -46
-3 -46
-3 -46
-3 -46
-3 -46
-3 -46
-3 -46
-3 -46
-3 -46
-3 -46
-3 -46
-3 -46
-3 -46
-3 -46
-3 -46
-3 -46
-3 -46
-3 -46
-3 -46
-3 -46
-3 -46
-3 -46
-6 -46
-4 -46
-4 -46
-4 -46
-4 -46
-4 -46
-4 -46
-4 -46
-4 -46
-4 -46
-4 -46
-4 -46
-4 -46
-4 -46
-4 -46
-4 -46
-4 -46
-4 -46
-4 -46
-4 -46
-4 -46
-4 -46
-4 -46
-4 -46
-4 -46
-4 -46
-4 -46
-4 -46
-4 -46
-4 -46
-4 -46
-4 -46
-4 -46
-4 -46
-4 -46
-4 -46
-4 -46
-4 -46
-4 -46
-4 -46
-4 -46
-4 -46
-4 -46
-6 -39
-6 -39
-6 -39
-6 -39
-6 -39
-6 -39
-6 -39
-6 -39
-6 -39
-6 -39
-6 -39
-6 -39
-6 -39
-6 -39
-6 -39
-6 -39
-6 -39
-6 -39
-6 -39
-6 -39
-6 -39
-6 -39
-6 -39
-5 -43
-5 -43
-5 -43
-5 -43
-5 -43
-5 -43
-5 -43
-5 -43
-5 -43
-5 -43
-5 -43
-5 -43
-5 -43
-5 -43
-5 -43
-5 -43
-5 -43
-5 -43
-5 -43
-5 -43
-5 -43
-5 -43
-5 -43
-5 -43
-5 -43
-5 -43
-5 -43
-5 -43
-5 -43
-5 -43
-5 -43
-5 -43
-5 -43
-5 -43
-5 -43
-5 -43
-5 -43
-5 -43
-5 -43
-5 -43
-5 -43
-5 -43
-5 -43
-5 -43
-5 -43
-5 -43
-5 -43
-5 -43
-5 -43
-5 -43
-5 -43
-5 -43
-5 -43
-5 -43
-5 -43
-5 -43
-5 -43
-5 -43
-5 -43
-5 -43
-5 -43
-5 -43
-5 -43
-5 -43
-5 -43
-5 -43
-5 -43
-5 -43
-5 -43
-5 -43
-5 -43
-5 -43
-5 -43
-5 -43
-5 -43
-3 -33
-13 -43
-13 -43
-13 -43
-13 -43
-13 -43
-13 -43
-13 -43
-13 -43
-13 -43
-13 -43
-13 -43
-13 -43
-13 -43
-13 -43
-13 -43
-13 -43
-13 -43
-13 -43
-13 -43
-13 -43
-13 -43
-13 -43
-13 -43
-13 -43
-13 -43
-13 -43
-13 -43
-13 -43
-13 -43
-13 -43
-13 -43
-13 -43
-13 -43
-13 -43
-13 -43
-13 -43
-13 -43
-13 -43
-13 -43
-13 -43
-13 -43
-13 -43
-17 -46
-17 -46
-17 -46
-17 -46
-17 -46
-17 -46
-17 -46
-17 -46
-17 -46
-17 -46
-17 -46
-17 -46
-17 -46
-17 -46
-17 -46
-17 -46
-17 -46
-17 -46
-17 -46
-17 -46
-17 -46
-17 -46
-22 -42
-22 -42
-22 -42
-22 -42
-22 -42
-22 -42
-22 -42
-22 -42
-22 -42
-22 -42
-22 -42
-22 -42
-22 -42
-22 -42
-22 -42
-22 -42
-22 -42
-22 -42
-22 -42
-22 -42
-22 -42
-22 -42
-22 -42
-22 -42
-18 -40
-18 -40
-18 -40
-18 -40
-18 -40
-18 -40
-18 -40
-18 -40
-18 -40
-18 -40
-18 -40
-18 -40
-18 -40
-18 -40
-18 -40
-18 -40
-18 -40
-18 -40
-18 -40
-18 -40
-18 -40
-18 -40
-18 -40
-18 -40
-18 -40
-18 -40
-18 -40
-18 -40
-18 -40
-18 -40
-18 -40
-18 -40
-18 -40
-18 -40
-18 -40
-18 -40
-18 -40
-18 -40
-18 -40
-18 -40
-18 -40
-18 -40
-18 -40
-18 -40
-18 -40
-18 -40
-18 -40
-18 -40
-18 -40
-18 -40
-18 -40
-18 -40
-18 -40
-18 -40
-18 -40
-18 -40
-18 -40
-18 -40
-18 -40
-18 -40
-18 -40
-18 -40
-18 -40
-18 -40
-18 -40
-18 -40
-21 -39
-15 -29
-15 -29
-15 -29
-15 -29
-15 -29
-15 -29
-15 -29
-15 -29
-15 -29
-15 -29
-15 -29
-15 -29
-15 -29
-15 -29
-15 -29
-15 -29
-15 -29
-15 -29
-15 -29
-15 -29
-15 -29
-15 -29
-15 -29
-15 -29
-15 -29
-15 -29
-15 -29
-15 -29
-15 -29
-15 -29
-15 -29
-15 -29
-15 -29
-15 -29
-15 -29
-15 -29
-15 -29
-15 -29
-15 -29
-15 -29
-15 -29
-19 -30
-19 -30
-19 -30
-19 -30
-19 -30
-19 -30
-19 -30
-19 -30
-19 -30
-19 -30
-19 -30
-19 -30
-19 -30
-19 -30
-19 -30
-19 -30
-19 -30
-19 -30
-19 -30
-19 -30
-19 -30
-19 -30
-19 -30
-19 -30
-19 -30
-19 -30
-19 -30
-19 -30
-32 -33
-32 -33
-32 -33
-32 -33
-32 -33
-32 -33
-32 -33
-32 -33
-32 -33
-32 -33
-32 -33
-32 -33
-32 -33
-32 -33
-32 -33
-32 -33
-32 -33
-32 -33
-32 -33
-32 -33
-32 -33
-32 -33
-32 -33
-32 -33
-20 -26
-20 -26
-20 -26
-20 -26
-20 -26
-20 -26
-20 -26
-20 -26
-20 -26
-20 -26
-20 -26
-20 -26
-20 -26
-20 -26
-20 -26
-20 -26
-20 -26
-20 -26
-20 -26
-20 -26
-20 -26
-20 -26
-20 -26
-20 -26
-30 -26
-30 -26
-30 -26
-30 -26
-30 -26
-30 -26
-30 -26
-30 -26
-30 -26
-30 -26
-30 -26
-30 -26
-30 -26
-30 -26
-30 -26
-30 -26
-30 -26
-30 -26
-30 -26
-30 -26
-30 -26
-30 -26
-30 -26
-30 -26
-30 -26
-30 -26
-30 -26
-30 -26
-30 -26
-30 -26
-30 -26
-30 -26
-30 -26
-30 -26
-30 -26
-30 -26
-30 -26
-30 -26
-30 -26
-30 -26
-30 -26
-30 -26
-30 -26
-30 -26
-30 -26
-30 -26
-30 -26
-30 -26
-30 -26
-30 -26
-30 -26
-30 -26
-30 -26
-30 -26
-30 -26
-30 -26
-30 -26
-30 -26
-30 -26
-30 -26
-30 -26
-30 -26
-30 -26
-30 -26
-30 -26
-30 -26
-30 -26
-30 -26
-30 -26
-30 -26
-30 -26
-30 -26
-30 -26
-30 -26
-30 -26
-30 -26
-30 -26
-30 -26
-30 -26
-30 -26
-30 -26
-30 -26
-30 -26
-30 -26
-30 -26
-30 -26
-30 -26
-30 -26
-30 -26
-30 -26
-30 -26
-30 -26
-30 -26
-30 -26
-30 -26
-30 -26
-30 -26
-30 -26
-30 -26
-30 -26
-28 -27
-35 -19
-35 -19
-35 -19
-35 -19
-35 -19
-35 -19
-35 -19
-35 -19
-35 -19
-35 -19
-35 -19
-35 -19
-35 -19
-35 -19
-35 -19
-35 -19
-35 -19
-35 -19
-35 -19
-24 -19
-24 -19
-24 -19
-24 -19
-24 -19
-24 -19
-24 -19
-24 -19
-24 -19
-24 -19
-24 -19
-24 -19
-24 -19
-24 -19
-24 -19
-24 -19
-24 -19
-24 -19
-24 -19
-24 -19
-24 -19
-24 -19
-24 -19
-34 -17
-34 -17
-34 -17
-34 -17
-34 -17
-34 -17
-34 -17
-34 -17
-34 -17
-34 -17
-34 -17
-34 -17
-34 -17
-34 -17
-34 -17
-34 -17
-34 -17
-34 -17
-34 -17
-34 -17
-34 -17
-34 -17
-34 -17
-34 -17
-34 -17
-34 -17
-34 -17
-34 -17
-34 -17
-34 -17
-34 -17
-34 -17
-34 -17
-34 -17
-34 -17
-34 -17
-34 -17
-34 -17
-34 -17
-30 -13
-30 -13
-30 -13
-30 -13
-30 -13
-30 -13
-30 -13
-30 -13
-30 -13
-30 -13
-30 -13
-30 -13
-30 -13
-30 -13
-30 -13
-30 -13
-30 -13
-30 -13
-38 -14
-38 -14
-38 -14
-38 -14
-38 -14
-38 -14
-38 -14
-38 -14
-38 -14
-38 -14
-38 -14
-38 -14
-38 -14
-38 -14
-38 -14
-38 -14
-38 -14
-38 -14
-38 -14
-38 -14
-38 -14
-38 -14
-38 -14
-38 -14
-38 -14
-38 -14
-38 -14
-38 -14
-38 -14
-38 -14
-38 -14
-38 -14
-38 -14
-38 -14
-38 -14
-38 -14
-38 -14
-38 -14
-38 -14
-38 -14
-38 -14
-38 -14
-41 -16
-41 -16
-41 -16
-41 -16
-41 -16
-41 -16
-41 -16
-41 -16
-41 -16
-41 -16
-41 -16
-41 -16
-41 -16
-41 -16
-41 -16
-41 -16
-41 -16
-41 -16
-41 -16
-41 -16
-41 -16
-41 -16
-41 -16
-41 -6
-41 -6
-41 -6
-41 -6
-41 -6
-41 -6
-41 -6
-41 -6
-41 -6
-41 -6
-41 -6
-41 -6
-41 -6
-41 -6
-41 -6
-41 -6
-41 -6
-41 -6
-41 -6
-41 -10
-41 -10
-41 -10
-41 -10
-41 -10
-41 -10
-41 -10
-41 -10
-41 -10
-41 -10
-41 -10
-41 -10
-41 -10
-41 -10
-41 -10
-41 -10
-41 -10
-41 -10
-41 -10
-41 -10
-41 -10
-41 -10
-41 -10
-41 -10
-41 -10
-41 -10
-41 -10
-41 -10
-41 -10
-41 -10
-41 -10
-41 -10
-41 -10
-41 -10
-41 -10
-41 -10
-41 -10
-41 -10
-41 -10
-41 -10
-41 -10
-41 -10
-41 -10
-41 -10
-41 -10
-41 -10
-41 -10
-41 -10
-41 -10
-41 -10
-41 -10
-41 -10
-41 -10
-41 -10
-41 -10
-41 -10
-41 -10
-41 -10
-41 -10
-41 -10
-41 -10
-41 -10
-41 -10
-31 -3
-31 -3
-31 -3
-31 -3
-31 -3
-31 -3
-31 -3
-31 -3
-31 -3
-31 -3
-31 -3
-31 -3
-31 -3
-31 -3
-31 -3
-31 -3
-31 -3
-31 -3
-31 -3
-31 -3
-31 -3
-34 -9
-34 -9
-34 -9
-34 -9
-34 -9
-34 -9
-34 -9
-34 -9
-34 -9
-34 -9
-34 -9
-34 -9
-34 -9
-34 -9
-34 -9
-34 -9
-34 -9
-34 -9
-34 -9
-34 -9
-34 -9
-34 -9
-34 -9
-34 -9
-34 -9
-34 -9
-34 -9
-34 -9
-34 -9
-34 -9
-34 -9
-34 -9
-34 -9
-34 -9
-34 -9
-34 -9
-34 -9
-34 -9
-34 -9
-34 -9
-34 -9
-34 -9
-35 -5
-30 -3
-30 -3
-30 -3
-30 -3
-30 -3
-30 -3
-30 -3
-30 -3
-30 -3
-30 -3
-30 -3
-30 -3
-30 -3
-30 -3
-30 -3
-30 -3
-30 -3
-30 -3
-30 -3
-30 -3
-30 -3
-30 -3
-30 -3
-30 -3
-30 -3
-30 -3
-30 -3
-30 -3
-30 -3
-30 -3
-30 -3
-30 -3
-30 -3
-30 -3
-30 -3
-30 -3
-30 -3
-30 -3
-30 -3
-30 -3
-30 -3
-30 -3
-30 -3
-30 -3
-35 -3
-35 -3
-35 -3
-35 -3
-35 -3
-35 -3
-35 -3
-35 -3
-35 -3
-35 -3
-35 -3
-35 -3
-35 -3
-35 -3
-35 -3
-35 -3
-35 -3
-35 -3
-35 -3
-32 -2
-32 -2
-32 -2
-32 -2
-32 -2
-32 -2
-32 -2
-32 -2
-32 -2
-32 -2
-32 -2
-32 -2
-32 -2
-32 -2
-32 -2
-32 -2
-32 -2
-32 -2
-32 -2
-31 0
-31 0
-31 0
-31 0
-31 0
-31 0
-31 0
-31 0
-31 0
-31 0
-31 0
-31 0
-31 0
-31 0
-31 0
-31 0
-31 0
-31 0
-31 0
-31 0
-31 0
-31 0
-31 0
-31 0
-31 0
-31 0
-31 0
-31 0
-31 0
-31 0
-31 0
-31 0
-31 0
-31 0
-31 0
-31 0
-31 0
-31 0
-31 0
-31 0
-31 0
-31 0
-31 0
-31 0
-31 0
-31 0
-31 0
-31 0
-31 0
-31 0
-31 0
-31 0
-31 0
-31 0
-31 0
-31 0
-31 0
-31 0
-31 0
-31 0
-31 0
-31 0
-31 0
-31 0
-31 0
-31 0
-31 0
-31 0
-31 0
-31 0
-31 0
-31 0
-22 2
-22 2
-22 2
-22 2
-22 2
-22 2
-22 2
-22 2
-22 2
-22 2
-22 2
-22 2
-22 2
-22 2
-22 2
-32 2
-32 2
-32 2
-32 2
-32 2
-32 2
-32 2
-32 2
-32 2
-32 2
-32 2
-32 2
-32 2
-32 2
-32 2
-32 2
-32 2
-32 2
-32 2
-32 2
-32 2
-32 2
-32 2
-32 2
-32 2
-32 2
-32 2
-32 2
-32 2
-32 2
-32 2
-32 2
-32 2
-32 2
-32 2
-38 4
-38 4
-38 4
-38 4
-38 4
-38 4
-38 4
-38 4
-38 4
-38 4
-38 4
-38 4
-38 4
-38 4
-38 4
-38 4
-30 4
-30 4
-30 4
-30 4
-30 4
-30 4
-30 4
-30 4
-30 4
-30 4
-30 4
-30 4
-30 4
-30 4
-30 4
-30 4
-30 4
-30 4
-30 4
-30 4
-30 4
-30 4
-30 4
-30 4
-30 4
-30 4
-30 4
-30 4
-30 4
-30 4
-30 4
-30 4
-30 4
-30 4
-30 4
-30 4
-30 4
-30 4
-30 4
-30 4
-30 4
-30 4
-30 4
-30 4
-30 4
-30 4
-30 4
-30 4
-30 4
-30 4
-30 4
-30 4
-30 4
-30 4
-30 4
-30 4
-30 4
-30 4
-30 4
-30 4
-30 4
-30 4
-30 4
-30 4
-30 4
-30 4
-38 0
-36 2
-32 5
-32 5
-32 5
-32 5
-32 5
-32 5
-32 5
-32 5
-32 5
-32 5
-32 5
-32 5
-32 5
-32 5
-32 5
-32 5
-32 5
-32 5
-32 5
-32 5
-32 5
-32 5
-32 5
-32 5
-32 5
-32 5
-32 5
-32 5
-32 5
-32 5
-32 5
-32 5
-32 5
-32 5
-35 5
-35 5
-35 5
-35 5
-35 5
-35 5
-35 5
-35 5
-35 5
-35 5
-35 5
-35 5
-35 5
-35 5
-35 5
-35 5
-35 5
-43 11
-43 11
-43 11
-43 11
-43 11
-43 11
-43 11
-43 11
-43 11
-43 11
-43 11
-43 11
-43 11
-43 11
-43 11
-43 11
-43 11
-44 10
-44 10
-44 10
-44 10
-44 10
-44 10
-44 10
-44 10
-44 10
-44 10
-44 10
-44 10
-44 10
-44 10
-44 10
-44 10
-44 10
-44 10
-44 10
-44 10
-44 10
-44 10
-44 10
-44 10
-44 10
-44 10
-44 10
-44 10
-44 10
-44 10
-44 10
-44 10
-44 10
-44 10
-44 10
-43 14
-43 14
-43 14
-43 14
-43 14
-43 14
-43 14
-43 14
-43 14
-43 14
-43 14
-43 14
-43 14
-43 14
-43 14
-43 14
-43 14
-35 17
-35 17
-35 17
-35 17
-35 17
-35 17
-35 17
-35 17
-35 17
-35 17
-35 17
-35 17
-35 17
-35 17
-35 17
-35 17
-35 17
-35 17
-35 17
-35 17
-35 17
-35 17
-35 17
-35 17
-35 17
-35 17
-35 17
-35 17
-35 17
-35 17
-35 17
-35 17
-35 17
-35 17
-35 17
-35 17
-35 17
-35 17
-35 17
-35 17
-35 17
-35 17
-35 17
-35 17
-35 17
-35 17
-35 17
-35 17
-35 17
-35 17
-35 17
-35 17
-35 15
-35 15
-35 15
-35 15
-35 15
-35 15
-35 15
-35 15
-35 15
-35 15
-35 15
-35 15
-35 15
-35 15
-44 21
-44 21
-44 21
-44 21
-44 21
-44 21
-44 21
-44 21
-44 21
-44 21
-44 21
-44 21
-44 21
-44 21
-44 21
-44 21
-44 21
-44 21
-44 21
-44 21
-44 21
-44 21
-44 21
-44 21
-44 21
-44 21
-44 21
-44 21
-44 21
-44 21
-44 21
-44 21
-44 21
-39 17
-39 17
-39 17
-39 17
-39 17
-39 17
-39 17
-39 17
-39 17
-39 17
-39 17
-39 17
-39 17
-39 17
-39 17
-39 17
-39 17
-29 19
-29 19
-29 19
-29 19
-29 19
-29 19
-29 19
-29 19
-29 19
-29 19
-29 19
-29 19
-29 19
-29 19
-29 19
-29 19
-29 19
-29 19
-29 19
-29 19
-29 19
-29 19
-29 19
-29 19
-29 19
-29 19
-29 19
-29 19
-29 19
-29 19
-29 19
-29 19
-29 19
-29 19
-29 19
-29 19
-29 19
-29 19
-29 19
-29 19
-29 19
-29 19
-29 19
-29 19
-27 27
-27 27
-27 27
-27 27
-27 27
-27 27
-27 27
-27 27
-27 27
-27 27
-27 27
-27 27
-27 27
-27 27
-27 27
-27 27
-27 27
-27 27
-27 27
-27 27
-27 27
-27 27
-27 27
-27 27
-27 27
-27 27
-30 24
-30 24
-30 24
-30 24
-30 24
-30 24
-30 24
-30 24
-30 24
-30 24
-30 24
-30 24
-30 24
-30 24
-30 24
-30 24
-28 28
-28 28
-28 28
-28 28
-28 28
-28 28
-28 28
-28 28
-28 28
-28 28
-28 28
-28 28
-28 28
-28 28
-28 28
-17 20
-17 20
-17 20
-17 20
-17 20
-17 20
-17 20
-17 20
-17 20
-17 20
-17 20
-17 20
-17 20
-17 20
-17 20
-17 20
-17 20
-17 20
-17 20
-17 20
-17 20
-17 20
-17 20
-17 20
-17 20
-17 20
-17 20
-17 20
-17 20
-17 20
-17 20
-17 20
-17 20
-17 20
-17 20
-17 20
-17 20
-17 20
-12 28
-12 28
-12 28
-12 28
-12 28
-12 28
-12 28
-12 28
-12 28
-12 28
-12 28
-12 28
-12 28
-12 28
-12 28
-12 28
-12 28
-12 28
-12 28
-12 28
-12 28
-12 28
-12 28
-12 28
-12 28
-12 28
-12 28
-12 28
-12 28
-12 28
-12 28
-12 28
-12 28
-12 28
-12 28
-12 28
-14 29
-14 29
-14 29
-14 29
-14 29
-14 29
-14 29
-14 29
-14 29
-14 29
-14 29
-14 29
-14 29
-14 29
-14 29
-14 29
-14 29
-14 29
-14 29
-14 29
-14 29
-14 29
-14 29
-14 29
-14 29
-14 29
-14 29
-14 29
-14 29
-14 29
-14 29
-14 29
-14 29
-14 29
-14 29
-14 29
-12 24
-12 24
-12 24
-12 24
-12 24
-12 24
-12 24
-12 24
-12 24
-12 24
-12 24
-12 24
-12 24
-12 24
-12 24
-12 24
-12 24
-12 24
-12 24
-14 31
-14 31
-14 31
-14 31
-14 31
-14 31
-14 31
-14 31
-14 31
-14 31
-14 31
-14 31
-14 31
-14 31
-14 31
-14 31
-14 31
-14 31
-14 33
-14 33
-14 33
-14 33
-14 33
-14 33
-14 33
-14 33
-14 33
-14 33
-14 33
-14 33
-14 33
-14 33
-14 33
-14 33
-14 33
-14 33
-14 33
-14 33
-14 33
-14 33
-14 33
-14 33
-14 33
-14 33
-14 33
-14 33
-14 33
-14 33
-14 33
-14 33
-14 33
-14 33
-14 33
-14 33
-14 33
-14 33
-14 33
-14 33
-14 33
-14 33
-14 33
-14 33
-14 33
-14 33
-14 33
-14 33
-14 33
-14 33
-14 33
-18 37
-13 38
-13 38
-13 38
-13 38
-13 38
-13 38
-13 38
-13 38
-13 38
-13 38
-13 38
-13 38
-13 38
-13 38
-13 38
-13 38
-13 38
-13 38
-13 38
-13 38
-13 38
-13 38
-13 38
-13 38
-13 38
-13 38
-13 38
-13 38
-13 38
-13 38
-13 38
-13 38
-13 38
-13 38
-13 38
-13 38
-13 38
-13 38
-13 38
-13 38
-13 38
-13 38
-13 38
-13 38
-13 38
-13 38
-11 37
-23 32
-23 32
-23 32
-23 32
-23 32
-23 32
-23 32
-23 32
-23 32
-23 32
-23 32
-23 32
-23 32
-23 32
-23 32
-23 32
-12 38
-12 38
-12 38
-12 38
-12 38
-12 38
-12 38
-12 38
-12 38
-12 38
-12 38
-12 38
-12 38
-12 38
-12 38
-12 38
-12 38
-12 38
-12 38
-12 38
-12 38
-12 38
-12 38
-12 38
-12 38
-12 38
-12 38
-12 38
-12 38
-12 38
-12 38
-12 38
-12 38
-12 38
-12 38
-12 38
-12 38
-12 38
-11 34
-11 34
-11 34
-11 34
-11 34
-11 34
-11 34
-11 34
-11 34
-11 34
-11 34
-11 34
-11 34
-11 34
-11 34
-11 34
-11 34
-11 34
-11 34
-11 34
-11 34
-11 34
-11 34
-11 34
-11 34
-11 34
-11 34
-11 34
-11 34
-11 34
-11 34
-11 34
-11 34
-11 34
-14 39
-14 39
-14 39
-14 39
-14 39
-14 39
-14 39
-14 39
-14 39
-14 39
-14 39
-14 39
-14 39
-14 39
-14 39
-14 39
-14 39
-14 39
-14 39
-14 39
-14 39
-14 39
-14 39
-14 39
-14 39
-14 39
-14 39
-14 39
-14 39
-11 41
-11 41
-11 41
-11 41
-11 41
-11 41
-11 41
-11 41
-11 41
-11 41
-11 41
-11 41
-11 41
-11 41
-11 41
-11 41
-11 41
-11 41
-11 41
-11 41
-11 41
-11 41
-11 41
-11 41
-11 41
-11 41
-11 41
-11 41
-11 41
-11 41
-11 41
-11 41
-11 41
-8 29
-14 38
-14 38
-14 38
-14 38
-14 38
-14 38
-14 38
-14 38
-14 38
-14 38
-14 38
-14 38
-14 38
-14 38
-14 38
-10 35
-10 35
-10 35
-10 35
-10 35
-10 35
-10 35
-10 35
-10 35
-10 35
-10 35
-10 35
-10 35
-10 35
-10 35
-10 35
-11 30
-11 30
-11 30
-11 30
-11 30
-11 30
-11 30
-11 30
-11 30
-11 30
-11 30
-11 30
-11 30
-11 30
-11 30
-11 30
-11 30
-11 30
-9 34
-9 34
-9 34
-9 34
-9 34
-9 34
-9 34
-9 34
-9 34
-9 34
-9 34
-9 34
-9 34
-9 34
-9 34
-9 34
-9 34
-9 34
-9 34
-9 34
-9 34
-9 34
-9 34
-9 34
-9 34
-9 34
-9 34
-9 34
-9 34
-9 34
-9 34
-9 34
-9 34
-9 34
-9 34
-11 37
-11 37
-11 37
-11 37
-11 37
-11 37
-11 37
-11 37
-11 37
-11 37
-11 37
-11 37
-11 37
-11 37
-11 37
-11 37
-11 37
-11 37
-5 26
-5 26
-5 26
-5 26
-5 26
-5 26
-5 26
-5 26
-5 26
-5 26
-5 26
-5 26
-5 26
-5 26
-5 26
-5 26
-5 26
-5 26
-5 26
-5 26
-5 26
-5 26
-5 26
-5 26
-5 26
-5 26
-5 26
-5 26
-5 26
-5 26
-5 26
-5 26
-5 26
-9 30
-9 30
-9 30
-9 30
-9 30
-9 30
-9 30
-9 30
-9 30
-9 30
-9 30
-9 30
-9 30
-9 30
-9 30
-8 25
-8 25
-8 25
-8 25
-8 25
-8 25
-8 25
-8 25
-8 25
-8 25
-8 25
-8 25
-8 25
-8 25
-8 25
-8 25
-8 25
-4 28
-4 28
-4 28
-4 28
-4 28
-4 28
-4 28
-4 28
-4 28
-4 28
-4 28
-4 28
-4 28
-4 28
-4 28
-4 28
-4 28
-4 28
-4 28
-4 28
-4 28
-4 28
-4 28
-4 28
-4 28
-4 28
-4 28
-4 28
-4 28
-4 28
-4 28
-4 28
-4 28
-4 28
-4 28
-4 28
-4 28
-4 28
-4 28
-4 28
-4 28
-4 28
-4 28
-4 28
-4 28
-4 28
-4 28
-4 28
-4 28
-4 28
-4 28
-4 28
-4 28
-4 28
-4 28
-4 28
-4 28
-5 22
0 23
0 23
0 23
0 23
0 23
0 23
0 23
0 23
0 23
0 23
0 23
0 23
0 23
0 23
0 23
0 23
0 23
0 23
0 23
0 23
0 23
0 23
0 23
0 23
0 23
0 23
0 23
0 23
0 23
0 23
0 23
0 23
0 23
0 23
0 23
0 23
0 23
0 23
0 23
0 23
0 23
0 23
0 23
0 23
0 23
0 23
0 23
0 23
0 23
0 23
0 23
0 23
0 23
0 23
0 23
0 23
0 18
0 17
0 17
0 17
0 17
0 17
0 17
0 17
0 17
0 17
0 17
0 17
0 17
0 17
0 17
0 17
0 17
1 17
1 17
1 17
1 17
1 17
1 17
1 17
1 17
1 17
1 17
1 17
1 17
1 17
1 17
1 17
1 17
1 17
1 17
1 17
1 17
1 17
1 17
1 17
1 17
1 17
1 17
1 17
1 17
1 17
1 17
1 17
1 17
1 17
1 17
1 17
1 17
1 17
1 17
1 17
1 17
1 17
1 17
1 17
1 17
1 17
1 17
1 17
1 17
1 17
1 17
1 17
1 17
-1 11
-1 17
-1 17
-1 17
-1 17
-1 17
-1 17
-1 17
-1 17
-1 17
-1 17
-1 17
-1 17
-1 17
-1 17
-1 17
-1 17
-1 17
-1 17
-1 17
-1 17
-1 17
-1 17
-1 17
-1 17
-1 17
-1 17
-1 17
-1 17
-1 17
-1 17
-1 17
-1 17
-1 17
-1 17
-1 17
-1 17
-1 17
-1 17
-1 17
-1 17
-1 17
-1 17
-1 17
-1 17
-1 17
-1 17
-1 17
-1 17
-1 17
-1 17
-1 17
-1 17
-1 17
-1 17
-1 15
-1 11
-1 11
-1 11
-1 11
-1 11
-1 11
-1 11
-1 11
-1 11
-1 11
-1 11
-1 11
-1 11
-1 11
-1 11
-1 11
-1 11
-1 11
-1 11
-1 11
-1 11
-1 11
-1 11
-1 11
-1 11
-1 11
-1 11
-1 11
-1 11
-1 11
-1 11
-1 11
-1 11
-1 11
-1 11
0 12
0 12
0 12
0 12
0 12
0 12
0 12
0 12
0 12
0 12
0 12
0 12
0 12
0 12
0 10
0 10
0 10
0 10
0 10
0 10
0 10
0 10
0 10
0 10
0 10
0 10
0 10
0 10
0 10
0 10
0 10
0 10
0 10
0 10
0 10
0 10
0 10
0 10
0 10
0 10
0 10
0 10
0 10
0 10
0 10
0 12
0 12
0 12
0 12
0 12
0 12
0 12
0 12
0 12
0 12
0 12
0 12
0 12
0 12
0 12
0 12
0 12
0 12
0 12
0 12
0 12
0 12
0 12
0 12
0 12
0 12
0 12
0 12
0 12
0 12
0 12
0 12
0 12
0 12
0 12
2 4
2 4
2 4
2 4
2 4
2 4
2 4
2 4
2 4
2 4
2 4
2 4
2 4
2 4
2 4
2 4
2 4
1 6
1 6
1 6
1 6
1 6
1 6
1 6
1 6
1 6
1 6
1 6
1 6
1 6
1 6
1 6
1 6
1 6
1 6
1 6
1 6
1 6
1 6
1 6
1 6
1 6
1 6
1 6
1 6
1 6
1 6
1 6
1 6
1 6
1 6
1 6
1 6
1 6
1 6
1 6
1 6
1 6
1 6
1 6
1 6
1 6
1 6
1 6
1 6
1 6
1 6
1 6
1 6
1 6
0 3
0 3
0 3
0 3
0 3
0 3
0 3
0 3
0 3
0 3
0 3
0 3
0 3
0 3
0 3
0 3
0 3
0 3
0 3
0 3
0 3
0 3
0 3
0 3
0 3
0 3
0 3
0 3
0 3
0 3
0 3
0 3
0 3
0 3
0 3
0 3
0 3
0 3
0 3
0 3
0 3
0 3
0 3
0 3
0 3
0 3
0 3
0 3
0 3
0 3
0 3
0 3
0 3
0 3
0 3
0 3
0 3
0 3
0 3
0 3
0 3
0 3
0 3
0 3
0 3
0 3
0 3
0 3
0 3
0 3
0 3
0 3
0 3
0 3
0 3
0 3
0 3
0 3
0 3
0 3
0 3
0 3
0 3
0 3
0 3
0 3
0 3
0 3
0 3
0 3
0 3
0 3
0 3
0 3
0 3
0 3
0 3
0 3
0 3
0 3
0 3
0 3
0 3
0 3
0 3
0 3
0 3
0 3
0 3
0 3
0 3
0 3
0 3
0 3
0 3
0 3
0 3
0 3
0 3
0 3
0 3
0 3
0 3
0 3
0 3
0 3
0 3
0 3
0 3
0 3
0 3
0 3
0 3
0 3
0 3
0 3
0 3
0 3
0 3
0 3
0 3
0 3
0 3
0 3
0 3
0 3
0 3
0 3
0 3
0 3
0 3
0 3
0 3
0 3
0 3
0 3
0 3
0 3
0 3
0 3
0 3
0 3
0 3
0 3
0 3
0 3
0 3
0 3
0 3
0 3
0 3
0 3
0 3
0 3
0 3
0 3
0 3
0 3
0 3
0 3
0 3
0 3
0 3
0 3
0 3
0 3
0 3
0 3
0 3
0 3
0 3
0 3
-1 2
-1 2
-1 2
-1 2
-1 2
-1 2
-1 2
-1 2
-1 2
-1 2
-1 2
-1 2
-1 2
-1 2
-1 2
-1 2
-1 2
-1 2
-1 2
-1 2
-1 2
-1 2
-1 2
-1 2
-1 2
-1 2
-1 2
-1 2
-1 2
-1 2
-1 2
-1 2
-1 2
-1 2
-1 2
-1 2
-1 2
-1 2
-1 2
-1 2
-1 2
-1 2
-1 2
-1 2
-1 2
-1 2
-1 2
-1 2
-1 2
-1 2
-1 2
-1 2
-1 2
-1 2
-1 2
-1 2
-1 2
-1 2
-1 2
-1 2
-1 2
-1 2
-1 2
-1 2
-1 2
-1 2
-1 2
-1 2
-1 2
-1 2
-1 2
-1 2
-1 2
-1 2
-1 2
-1 2
-1 2
-1 2
-1 2
-1 2
-1 2
-1 2
-1 2
-1 2
-1 2
-1 2
-1 2
-1 2
-1 2
-1 2
-1 2
-1 2
-1 2
-1 2
-1 2
-1 2
-1 2
-1 2
-1 2
-1 2
-1 2
-1 2
-1 2
-1 2
-1 2
-1 2
-1 2
-1 2
-1 2
-1 2
-1 2
-1 2
-1 2
-1 2
-1 2
-1 2
-1 2
-1 2
-1 2
-1 2
-1 2
-1 2
-1 2
-1 2
-1 2
-1 2
-1 2
-1 2
-1 2
-1 2
-1 2
-1 2
-1 2
-1 2
-1 2
-1 2
-1 2
-1 2
-1 2
-1 2
-1 2
-1 2
-1 2
-1 2
-1 2
-1 2
-1 2
-1 2
-1 2
-1 2
-1 2
-1 2
-1 2
-1 2
-1 2
-1 2
-1 2
-1 2
-1 2
-1 2
-1 2
-1 2
-1 2
-1 2
-1 2
-1 2
-1 2
-1 2
-1 2
-1 2
-1 2
-1 2
-1 2
-1 2
-1 2
-1 2
-1 2
-1 2
-1 2
-1 2
-1 2
-1 2
-1 2
-1 2
-1 2
-1 2
-1 2
-1 2
-1 2
-1 2
-1 2
-1 2
-1 2
-1 2
-1 2
-1 2
-1 2
-1 2
-1 2
-1 2
-1 2
-1 2
-1 2
-1 2
-1 2
-1 2
-1 2
-1 2
-1 2
-1 2
-1 2
-1 2
-1 2
-1 2
-1 2
-1 2
-1 2
-1 2
-1 2
-1 2
-1 2
-1 2
-1 2
-1 2
-1 2
-1 2
-1 2
-1 2
-1 2
-1 2
-1 2
-1 2
-1 2
-1 2
-1 2
-1 2
-1 2
-1 2
-1 2
-1 2
-1 2
-1 2
-1 2
-1 2
-1 2
-1 2
-1 2
-1 2
-1 2
-1 2
-1 2
-1 2
-1 2
-1 2
-1 2
-1 2
-1 2
-1 2
-1 2
-1 2
-1 2
-1 2
-1 2
-1 2
-1 2
-1 2
-1 2
-1 2
-1 2
-1 2
-1 2
-1 2
-1 2
-1 2
-1 2
-1 2
-1 2
-1 2
-1 2
-1 2
-1 2
-1 2
-1 2
-1 2
-1 2
-1 2
-1 2
-1 2
-1 2
-1 2
-1 2
-1 2
-1 2
-1 2
-1 2
-1 2
-1 2
-1 2
-1 2
-1 2
-1 2
-1 2
-1 2
-1 2
-1 2
-1 2
-1 2
-1 2
-1 2
-1 2
-1 2
-1 2
-1 2
-1 2
-1 2
-1 2
-1 2
-1 2
-1 2
-1 2
-1 2
-1 2
-1 2
-1 2
-1 2
-1 2
-1 2
-1 2
-1 2
-1 2
-1 2
-1 2
-1 2
-1 2
-1 2
-1 2
-1 2
-1 2
-1 2
-1 2
-1 2
-1 2
-1 2
-1 2
-1 2
-1 2
-1 2
-1 2
-1 2
-1 2
-1 2
-1 2
-1 2
-1 2
-1 2
-1 2
-1 2
-1 2
-1 2
-1 2
-1 2
-1 2
-1 2
-1 2
-1 2
-1 2
-1 2
-1 2
-1 2
-1 2
-1 2
-1 2
-1 2
-1 2
-1 2
-1 2
-1 2
-1 2
-1 2
-1 2
-1 2
-1 2
-1 2
-1 2
-1 2
-1 2
-1 2
-1 2
-1 2
-1 2
-1 2
-1 2
-1 2
-1 2
-1 2
-1 2
-1 2
-1 2
-1 2
-1 2
-1 2
-1 2
-1 2
-1 2
-1 2
-1 2
-1 2
-1 2
-1 2
-1 2
-1 2
-1 2
-1 2
-1 2
-1 2
-1 2
-1 2
-1 2
-1 2
-1 2
-1 2
-1 2
-1 2
-1 2
-1 2
-1 2
-1 2
-1 2
-1 2
-1 2
-1 2
-1 2
-1 2
-1 2
-1 2
-1 2
-1 2
-1 2
-1 2
-1 2
-1 2
-1 2
-1 2
-1 2
-1 2
-1 2
-1 2
-1 2
-1 2
-1 2
-1 2
-1 2
-1 2
-1 2
-1 2
-1 2
-1 2
-1 2
-1 2
-1 2
-1 2
-1 2
-1 2
-1 2
-1 2
-1 2
-1 2
-1 2
-1 2
-1 2
-1 2
-1 2
-1 2
-1 2
-1 2
-1 2
-1 2
-1 2
-1 2
-1 2
-1 2
-1 2
-1 2
-1 2
-1 2
-1 2
-1 2
-1 2
-1 2
-1 2
-1 2
-1 2
-1 2
-1 2
-1 2
-1 2
-1 2
-1 2
-1 2
-1 2
-1 2
-1 2
-1 2
-1 2
-1 2
-1 2
-1 2
-1 2
-1 2
-1 2
-1 2
-1 2
-1 2
-1 2
-1 2
-1 2
-1 2
-1 2
-1 2
-1 2
-1 2
-1 2
-1 2
-1 2
-1 2
-1 2
-1 2
-1 2
-1 2
-1 2
-1 2
-1 2
-1 2
-1 2
-1 2
-1 2
-1 2
-1 2
-1 2
-1 2
-1 2
-1 2
-1 2
-1 2
-1 2
-1 2
-1 2
-1 2
-1 2
-1 2
-1 2
-1 2
-1 2
-1 2
-1 2
-1 2
-1 2
-1 2
-1 2
-1 2
-1 2
-1 2
-1 2
-1 2
-1 2
-1 2
-1 2
-1 2
-1 2
-1 2
-1 2
-1 2
-1 2
-1 2
-1 2
-1 2
-1 2
-1 2
-1 2
-1 2
-1 2
-1 2
-1 2
-1 2
-1 2
-1 2
-1 2
-1 2
-1 2
-1 2
-1 2
-1 2
-1 2
-1 2
-1 2
-1 2
-1 2
-1 2
-1 2
-1 2
-1 2
-1 2
-1 2
-1 2
-1 2
-1 2
-1 2
-1 2
-1 2
-1 2
-1 2
-1 2
-1 2
-1 2
-1 2
-1 2
-1 2
-1 2
-1 2
-1 2
-1 2
-1 2
-1 2
-1 2
-1 2
-1 2
-1 2
-1 2
-1 2
-1 2
-1 2
-1 2
-1 2
-1 2
-1 2
-1 2
-1 2
-1 2
-1 2
-1 2
-1 2
-1 2
-1 2
-1 2
-1 2
-1 2
-1 2
-1 2
-1 2
-1 2
-1 2
-1 2
-1 2
-1 2
-1 2
-1 2
-1 2
-1 2
-1 2
-1 2
-1 2
-1 2
-1 2
-1 2
-1 2
-1 2
-1 2
-1 2
-1 2
-1 2
-1 2
-1 2
-1 2
-1 2
-1 2
-1 2
-1 2
-1 2
-1 2
-1 2
-1 2
-1 2
-1 2
-1 2
-1 2
-1 2
-1 2
-1 2
-1 2
-1 2
-1 2
-1 2
-1 2
-1 2
-1 2
-1 2
-1 2
-1 2
-1 2
-1 2
-1 2
-1 2
-1 2
-1 2
-1 2
-1 2
-1 2
-1 2
-1 2
-1 2
-1 2
-1 2
-1 2
-1 2
-1 2
-1 2
-1 2
-1 2
-1 2
-1 2
-1 2
-1 2
-1 2
-1 2
-1 2
-1 2
-1 2
-1 2
-1 2
-1 2
-1 2
-1 2
-1 2
-1 2
-1 2
-1 2
-1 2
-1 2
-1 2
-1 2
-1 2
-1 2
-1 2
-1 2
-1 2
-1 2
-1 2
-1 2
-1 2
-1 2
-1 2
-1 2
-1 2
-1 2
-1 2
-1 2
-1 2
-1 2
-1 2
-1 2
-1 2
-1 2
-1 2
-1 2
-1 2
-1 2
-1 2
-1 2
-1 2
-1 2
-1 2
-1 2
-1 2
-1 2
-1 2
-1 2
-1 2
-1 2
-1 2
-1 2
-1 2
-1 2
-1 2
-1 2
-1 2
-1 2
-1 2
-1 2
-1 2
-1 2
-1 2
-1 2
-1 2
-1 2
-1 2
-1 2
-1 2
-1 2
-1 2
-1 2
-1 2
-1 2
-1 2
-1 2
-1 2
-1 2
-1 2
-1 2
-1 2
-1 2
-1 2
-1 2
-1 2
-1 2
-1 2
-1 2
-1 2
-1 2
-1 2
-1 2
-1 2
-1 2
-1 2
-1 2
-1 2
-1 2
-1 2
-1 2
-1 2
-1 2
-1 2
-1 2
-1 2
-1 2
-1 2
-1 2
-1 2
-1 2
-1 2
-1 2
-1 2
-1 2
-1 2
-1 2
-1 2
-1 2
-1 2
-1 2
-1 2
-1 2
-1 2
-1 2
-1 2
-1 2
-1 2
-1 2
-1 2
-1 2
-1 2
-1 2
-1 2
-1 2
-1 2
-1 2
-1 2
-1 2
-1 2
-1 2
-1 2
-1 2
-1 2
-1 2
-1 2
-1 2
-1 2
-1 2
-1 2
-1 2
-1 2
-1 2
-1 2
-1 2
-1 2
-1 2
-1 2
-1 2
-1 2
-1 2
-1 2
-1 2
-1 2
-1 2
-1 2
-1 2
-1 2
-1 2
-1 2
-1 2
-1 2
-1 2
-1 2
-1 2
-1 2
-1 2
-1 2
-1 2
-1 2
-1 2
-1 2
-1 2
-1 2
-1 2
-1 2
-1 2
-1 2
-1 2
-1 2
-1 2
-1 2
-1 2
-1 2
-1 2
-1 2
-1 2
-1 2
-1 2
-1 2
-1 2
-1 2
-1 2
-1 2
-1 2
-1 2
-1 2
-1 2
-1 2
-1 2
-1 2
-1 2
-1 2
-1 2
-1 2
-1 2
-1 2
-1 2
-1 2
-1 2
-1 2
-1 2
-1 2
-1 2
-1 2
-1 2
-1 2
-1 2
-1 2
-1 2
-1 2
-1 2
-1 2
-1 2
-1 2
-1 2
-1 2
-1 2
-1 2
-1 2
-1 2
