4 10
4 10
4 10
4 10
4 10
4 10
4 10
4 10
4 10
4 10
4 10
4 10
4 10
4 10
2 10
2 10
2 10
2 10
2 10
2 10
2 10
2 10
2 10
2 10
2 10
2 10
2 10
2 10
2 10
2 10
2 10
2 10
2 10
2 10
2 10
2 10
2 10
2 10
2 10
2 10
2 10
2 10
2 10
2 10
2 10
2 10
2 10
2 10
2 10
2 10
2 10
2 10
2 10
2 10
2 10
2 10
2 10
2 10
2 10
2 10
2 10
2 10
2 10
2 10
2 10
2 10
2 10
2 10
2 10
2 10
2 10
2 10
2 10
2 10
2 10
2 10
2 10
2 10
2 10
2 10
2 10
2 10
2 10
2 10
2 10
2 10
2 10
2 10
2 10
2 10
2 10
2 10
2 10
2 10
2 10
2 10
2 10
2 10
2 10
2 10
2 10
2 10
2 10
2 10
2 10
2 10
2 10
2 10
2 10
2 10
2 10
2 10
2 10
2 10
2 10
2 10
2 10
2 10
2 10
2 10
2 10
2 10
2 10
2 10
2 10
7 11
5 18
9 15
9 15
9 15
9 15
9 15
9 15
9 15
9 15
9 15
9 15
9 15
9 15
9 15
9 15
9 15
9 15
9 15
9 15
9 15
9 15
9 15
9 15
9 15
9 15
9 15
9 15
9 15
9 15
9 15
9 15
9 15
9 15
9 15
9 15
9 15
9 15
9 15
9 15
9 15
9 15
9 15
9 15
9 15
9 15
9 15
9 15
12 15
12 15
12 15
12 15
12 15
12 15
12 15
12 15
12 15
12 15
12 15
12 15
12 15
12 15
12 15
12 15
12 15
12 15
12 15
12 15
12 15
12 15
12 15
11 24
11 24
11 24
11 24
11 24
11 24
11 24
11 24
11 24
11 24
11 24
11 24
11 24
11 24
11 24
11 24
11 24
11 24
11 24
11 24
11 24
11 24
11 24
11 24
11 24
11 24
11 24
11 24
11 24
11 24
11 24
11 24
11 24
11 24
11 24
11 24
11 24
11 24
11 24
11 24
11 24
11 24
11 24
11 24
11 24
11 24
15 25
15 25
15 25
15 25
15 25
15 25
15 25
15 25
15 25
15 25
15 25
15 25
15 25
15 25
15 25
15 25
15 25
15 25
15 25
15 25
15 25
15 25
15 25
15 25
15 25
15 25
15 25
15 25
15 25
15 25
15 25
15 25
15 25
15 25
15 25
15 25
15 25
15 25
15 25
15 25
15 25
15 25
15 25
15 25
15 25
15 25
15 25
15 25
11 26
11 26
11 26
11 26
11 26
11 26
11 26
11 26
11 26
11 26
11 26
11 26
11 26
11 26
11 26
11 26
11 26
11 26
11 26
11 26
11 26
11 26
11 26
11 26
11 26
11 26
11 26
11 26
11 26
11 26
11 26
11 26
11 26
11 26
11 26
11 26
11 26
11 26
11 26
11 26
11 26
11 26
11 26
11 26
11 26
11 26
11 26
23 20
23 20
23 20
23 20
23 20
23 20
23 20
23 20
23 20
23 20
23 20
23 20
23 20
23 20
23 20
23 20
23 20
23 20
23 20
23 20
23 20
23 20
23 20
29 23
29 23
29 23
29 23
29 23
29 23
29 23
29 23
29 23
29 23
29 23
29 23
29 23
29 23
29 23
29 23
29 23
29 23
29 23
29 23
29 23
29 23
29 23
29 23
29 23
29 23
29 23
29 23
29 23
29 23
29 23
29 23
29 23
29 23
29 23
29 23
29 23
29 23
29 23
29 23
29 23
29 23
29 23
29 23
29 23
29 23
29 23
29 23
30 17
30 17
30 17
30 17
30 17
30 17
30 17
30 17
30 17
30 17
30 17
30 17
30 17
30 17
30 17
30 17
30 17
30 17
30 17
30 17
30 17
30 17
30 17
30 17
30 17
30 17
30 17
30 17
30 17
30 17
30 17
30 17
30 17
30 17
30 17
30 17
30 17
30 17
30 17
30 17
30 17
30 17
30 17
30 17
30 17
30 17
30 17
30 17
30 17
30 17
36 19
36 19
36 19
36 19
36 19
36 19
36 19
36 19
36 19
36 19
36 19
36 19
36 19
36 19
36 19
36 19
36 19
36 19
36 19
36 19
36 19
36 19
36 19
36 19
36 19
36 19
36 19
36 19
36 19
36 19
36 19
36 19
36 19
36 19
36 19
36 19
36 19
36 19
36 19
36 19
36 19
36 19
36 19
38 24
38 24
38 24
38 24
38 24
38 24
38 24
38 24
38 24
38 24
38 24
38 24
38 24
38 24
38 24
38 24
38 24
38 24
38 24
38 24
38 24
38 24
36 16
36 16
36 16
36 16
36 16
36 16
36 16
36 16
36 16
36 16
36 16
36 16
36 16
36 16
36 16
36 16
36 16
36 16
36 16
36 16
36 16
36 16
35 16
35 16
35 16
35 16
35 16
35 16
35 16
35 16
35 16
35 16
35 16
35 16
35 16
35 16
35 16
35 16
35 16
35 16
35 16
35 16
35 16
35 16
35 16
35 16
35 16
35 16
35 16
35 16
35 16
35 16
35 16
35 16
35 16
35 16
35 16
35 16
35 16
35 16
35 16
35 16
35 16
35 16
35 16
35 16
38 10
38 10
38 10
38 10
38 10
38 10
38 10
38 10
38 10
38 10
38 10
38 10
38 10
38 10
38 10
38 10
38 10
38 10
38 10
38 10
38 10
38 10
38 10
38 10
38 10
38 10
38 10
38 10
38 10
38 10
38 10
38 10
38 10
38 10
38 10
38 10
38 10
38 10
38 10
38 10
38 10
38 10
38 10
45 12
45 12
45 12
45 12
45 12
45 12
45 12
45 12
45 12
45 12
45 12
45 12
45 12
45 12
45 12
45 12
45 12
45 12
45 12
45 12
45 12
45 12
45 12
45 12
45 12
45 12
45 12
45 12
45 12
45 12
45 12
45 12
45 12
45 12
45 12
45 12
45 12
45 12
45 12
45 12
45 12
45 12
45 12
45 12
45 12
45 12
45 12
45 12
45 12
45 12
45 12
45 12
45 12
45 12
45 12
45 12
45 12
45 12
45 12
45 12
45 12
45 12
45 12
45 12
50 7
50 7
50 7
50 7
50 7
50 7
50 7
50 7
50 7
50 7
50 7
50 7
50 7
50 7
50 7
50 7
50 7
50 7
50 7
50 7
50 7
50 7
50 7
50 7
50 7
50 7
50 7
50 7
50 7
50 7
50 7
50 7
50 7
50 7
50 7
50 7
50 7
50 7
50 7
50 7
50 7
50 7
50 7
50 7
50 7
50 7
50 7
50 7
49 9
49 9
49 9
49 9
49 9
49 9
49 9
49 9
49 9
49 9
49 9
49 9
49 9
49 9
49 9
49 9
49 9
49 9
49 9
49 9
49 9
49 9
49 9
49 9
49 9
49 9
49 9
49 9
49 9
49 9
49 9
49 9
49 9
49 9
49 9
49 9
49 9
49 9
49 9
49 9
49 9
49 9
49 9
53 0
53 0
53 0
53 0
53 0
53 0
53 0
53 0
53 0
53 0
53 0
53 0
53 0
53 0
53 0
53 0
53 0
53 0
53 0
53 0
53 0
53 0
59 5
59 5
59 5
59 5
59 5
59 5
59 5
59 5
59 5
59 5
59 5
59 5
59 5
59 5
59 5
59 5
59 5
59 5
59 5
59 5
59 5
59 5
59 5
59 5
59 5
59 5
59 5
59 5
59 5
59 5
59 5
59 5
59 5
59 5
59 5
59 5
59 5
59 5
59 5
59 5
59 5
59 5
59 7
58 2
58 2
58 2
58 2
58 2
58 2
58 2
58 2
58 2
58 2
58 2
58 2
58 2
58 2
58 2
58 2
58 2
58 2
58 2
58 2
58 2
58 2
58 2
58 2
58 2
58 2
58 2
58 2
58 2
58 2
58 2
58 2
58 2
58 2
58 2
58 2
58 2
58 2
58 2
58 2
58 2
58 2
57 3
57 3
57 3
57 3
57 3
57 3
57 3
57 3
57 3
57 3
57 3
57 3
57 3
57 3
57 3
57 3
57 3
57 3
57 3
57 3
57 3
57 3
57 3
57 3
57 3
57 3
57 3
57 3
57 3
57 3
57 3
57 3
57 3
57 3
57 3
57 3
57 3
57 3
57 3
57 3
57 3
57 3
57 3
57 3
57 3
57 3
57 3
57 3
57 3
57 3
57 3
57 3
57 3
57 3
57 3
57 3
57 3
57 3
57 3
57 3
57 3
57 3
57 3
57 3
57 3
57 3
57 3
57 3
61 0
61 0
61 0
61 0
61 0
61 0
61 0
61 0
61 0
61 0
61 0
61 0
61 0
61 0
61 0
61 0
61 0
61 0
61 0
61 0
61 0
61 0
61 0
61 0
61 0
61 0
61 0
61 0
61 0
61 0
61 0
61 0
61 0
61 0
61 0
61 0
61 0
61 0
61 0
61 0
58 1
58 1
58 1
58 1
58 1
58 1
58 1
58 1
58 1
58 1
58 1
58 1
58 1
58 1
58 1
58 1
58 1
58 1
58 1
58 1
58 1
58 1
58 1
58 1
58 1
58 1
58 1
58 1
58 1
58 1
58 1
58 1
58 1
58 1
58 1
58 1
58 1
58 1
60 3
60 3
60 3
60 3
60 3
60 3
60 3
60 3
60 3
60 3
60 3
60 3
60 3
60 3
60 3
60 3
60 3
60 3
60 3
60 3
60 3
60 3
64 3
64 3
64 3
64 3
64 3
64 3
64 3
64 3
64 3
64 3
64 3
64 3
64 3
64 3
64 3
64 3
64 3
64 3
64 3
64 3
64 3
64 3
64 3
64 3
64 3
64 3
64 3
64 3
64 3
64 3
64 3
64 3
64 3
64 3
64 3
64 3
64 3
64 3
64 3
64 3
64 3
64 3
64 3
64 3
57 2
57 2
57 2
57 2
57 2
57 2
57 2
57 2
57 2
57 2
57 2
57 2
57 2
57 2
57 2
57 2
57 2
57 2
57 2
57 2
57 2
57 2
57 2
57 2
57 2
57 2
57 2
57 2
57 2
57 2
57 2
57 2
57 2
57 2
57 2
57 2
57 2
57 2
57 2
57 2
57 2
57 2
57 2
57 2
53 1
53 1
51 0
51 0
51 0
51 0
51 0
51 0
51 0
51 0
51 0
51 0
51 0
51 0
51 0
51 0
51 0
51 0
51 0
51 0
51 0
51 0
51 0
51 0
51 0
51 0
51 0
51 0
51 0
51 0
51 0
51 0
51 0
51 0
51 0
51 0
51 0
51 0
51 0
51 0
51 0
51 0
51 0
51 0
51 0
56 -3
56 -3
56 -3
56 -3
56 -3
56 -3
56 -3
56 -3
56 -3
56 -3
56 -3
56 -3
56 -3
56 -3
56 -3
56 -3
56 -3
56 -3
56 -3
56 -3
49 0
49 0
49 0
49 0
49 0
49 0
49 0
49 0
49 0
49 0
49 0
49 0
49 0
49 0
49 0
49 0
49 0
49 0
49 0
49 0
52 -1
52 -1
52 -1
52 -1
52 -1
52 -1
52 -1
52 -1
52 -1
52 -1
52 -1
52 -1
52 -1
52 -1
52 -1
52 -1
52 -1
52 -1
52 -1
52 -1
52 -1
52 -1
52 -1
52 -1
52 -1
52 -1
52 -1
52 -1
52 -1
52 -1
52 -1
52 -1
52 -1
52 -1
52 -1
52 -1
52 -1
52 -1
52 -1
52 -1
52 -1
48 -5
48 -5
48 -5
48 -5
48 -5
48 -5
48 -5
48 -5
48 -5
48 -5
48 -5
48 -5
48 -5
48 -5
48 -5
48 -5
48 -5
48 -5
48 -5
48 -5
48 -5
48 -5
48 -5
48 -5
48 -5
48 -5
48 -5
48 -5
48 -5
48 -5
48 -5
48 -5
48 -5
48 -5
48 -5
48 -5
48 -5
48 -5
48 -5
48 -5
48 -5
48 -5
48 -5
48 -5
48 -5
48 -5
48 -5
49 -4
49 -4
49 -4
49 -4
49 -4
49 -4
49 -4
49 -4
49 -4
49 -4
49 -4
49 -4
49 -4
49 -4
49 -4
49 -4
49 -4
49 -4
49 -4
49 -4
49 -4
49 -4
49 -4
49 -4
49 -4
49 -4
49 -4
49 -4
49 -4
49 -4
49 -4
49 -4
49 -4
49 -4
49 -4
49 -4
49 -4
49 -4
49 -4
49 -4
49 -4
49 -4
49 -4
49 -4
49 -4
49 -4
49 -4
49 -4
49 -4
49 -4
49 -4
46 -1
46 -1
49 -5
49 -5
49 -5
49 -5
49 -5
49 -5
49 -5
49 -5
49 -5
49 -5
49 -5
49 -5
49 -5
49 -5
49 -5
49 -5
49 -5
49 -5
47 -7
47 -7
47 -7
47 -7
47 -7
47 -7
47 -7
47 -7
47 -7
47 -7
47 -7
47 -7
47 -7
47 -7
47 -7
47 -7
47 -7
47 -7
47 -7
47 -7
47 -7
47 -7
47 -7
47 -7
47 -7
47 -7
47 -7
47 -7
47 -7
47 -7
47 -7
47 -7
47 -7
47 -7
47 -7
47 -7
47 -7
47 -7
47 -7
47 -7
47 -7
50 -7
50 -7
50 -7
50 -7
50 -7
50 -7
50 -7
50 -7
50 -7
50 -7
50 -7
50 -7
50 -7
50 -7
50 -7
50 -7
50 -7
50 -7
50 -7
50 -7
50 -9
50 -9
50 -9
50 -9
50 -9
50 -9
50 -9
50 -9
50 -9
50 -9
50 -9
50 -9
50 -9
50 -9
50 -9
50 -9
50 -9
50 -9
50 -9
50 -9
50 -9
50 -9
50 -9
50 -9
50 -9
50 -9
50 -9
50 -9
50 -9
50 -9
50 -9
50 -9
50 -9
50 -9
50 -9
50 -9
50 -9
50 -9
50 -9
50 -7
50 -7
50 -7
50 -7
50 -7
50 -7
50 -7
50 -7
50 -7
50 -7
50 -7
50 -7
50 -7
50 -7
50 -7
50 -7
50 -7
50 -7
50 -7
50 -7
50 -7
50 -7
50 -7
50 -11
50 -11
50 -11
50 -11
50 -11
50 -11
50 -11
50 -11
50 -11
50 -11
50 -11
50 -11
50 -11
50 -11
50 -11
50 -11
50 -11
50 -11
50 -11
50 -11
50 -11
53 -14
53 -14
53 -14
53 -14
53 -14
53 -14
53 -14
53 -14
53 -14
53 -14
53 -14
53 -14
53 -14
53 -14
53 -14
53 -14
53 -14
53 -14
53 -14
53 -14
53 -14
53 -14
53 -14
53 -14
53 -14
53 -14
53 -14
53 -14
53 -14
53 -14
53 -14
53 -14
53 -14
53 -14
53 -14
53 -14
53 -14
53 -14
53 -14
53 -14
53 -14
53 -14
53 -14
55 -17
55 -17
55 -17
55 -17
55 -17
55 -17
55 -17
55 -17
55 -17
55 -17
55 -17
55 -17
55 -17
55 -17
55 -17
55 -17
55 -17
55 -17
55 -17
55 -17
55 -17
55 -17
55 -17
57 -16
57 -16
57 -16
57 -16
57 -16
57 -16
57 -16
57 -16
57 -16
57 -16
57 -16
57 -16
57 -16
57 -16
57 -16
57 -16
57 -16
57 -16
57 -16
57 -16
57 -16
57 -16
57 -16
57 -16
57 -16
57 -16
57 -16
57 -16
57 -16
57 -16
57 -16
57 -16
57 -16
57 -16
57 -16
57 -16
57 -16
57 -16
57 -16
57 -16
57 -16
57 -16
57 -16
57 -16
57 -16
53 -21
53 -21
53 -21
53 -21
53 -21
53 -21
53 -21
53 -21
53 -21
53 -21
53 -21
53 -21
53 -21
53 -21
53 -21
53 -21
53 -21
53 -21
53 -21
53 -21
53 -21
53 -21
53 -21
53 -21
53 -21
53 -21
53 -21
53 -21
53 -21
53 -21
53 -21
53 -21
53 -21
53 -21
53 -21
53 -21
53 -21
53 -21
53 -21
53 -21
53 -21
53 -21
53 -21
57 -26
55 -26
55 -26
55 -26
55 -26
55 -26
55 -26
55 -26
55 -26
55 -26
55 -26
55 -26
55 -26
55 -26
55 -26
55 -26
55 -26
55 -26
55 -26
55 -26
55 -26
55 -26
55 -26
55 -26
55 -26
55 -26
55 -26
55 -26
55 -26
55 -26
55 -26
55 -26
55 -26
55 -26
55 -26
55 -26
55 -26
55 -26
55 -26
55 -26
55 -26
55 -26
55 -26
55 -26
55 -26
49 -31
49 -31
49 -31
49 -31
49 -31
49 -31
49 -31
49 -31
49 -31
49 -31
49 -31
49 -31
49 -31
49 -31
49 -31
49 -31
49 -31
49 -31
49 -31
49 -31
49 -31
49 -31
45 -30
45 -30
45 -30
45 -30
45 -30
45 -30
45 -30
45 -30
45 -30
45 -30
45 -30
45 -30
45 -30
45 -30
45 -30
45 -30
45 -30
45 -30
45 -30
45 -38
45 -38
45 -38
45 -38
45 -38
45 -38
45 -38
45 -38
45 -38
45 -38
45 -38
45 -38
45 -38
45 -38
45 -38
45 -38
45 -38
45 -38
45 -38
45 -38
45 -38
45 -38
45 -38
45 -38
45 -38
45 -38
45 -38
45 -38
45 -38
45 -38
45 -38
45 -38
45 -38
45 -38
45 -38
45 -38
45 -38
45 -38
47 -40
47 -40
47 -40
47 -40
47 -40
47 -40
47 -40
47 -40
47 -40
47 -40
47 -40
47 -40
47 -40
47 -40
47 -40
47 -40
47 -40
47 -40
47 -40
47 -40
47 -40
47 -40
47 -40
47 -40
47 -40
47 -40
47 -40
47 -40
47 -40
47 -40
47 -40
47 -40
47 -40
47 -40
47 -40
47 -40
47 -40
47 -40
47 -40
47 -40
47 -40
47 -40
47 -40
47 -40
44 -45
44 -45
44 -45
44 -45
44 -45
44 -45
44 -45
44 -45
44 -45
44 -45
44 -45
44 -45
44 -45
44 -45
44 -45
44 -45
44 -45
44 -45
44 -45
44 -45
44 -45
37 -42
37 -42
37 -42
37 -42
37 -42
37 -42
37 -42
37 -42
37 -42
37 -42
37 -42
37 -42
37 -42
37 -42
37 -42
37 -42
37 -42
37 -42
37 -42
37 -42
37 -42
37 -42
37 -42
37 -42
37 -42
37 -42
37 -42
32 -45
32 -45
32 -45
32 -45
32 -45
32 -45
32 -45
32 -45
32 -45
32 -45
32 -45
32 -45
32 -45
32 -45
32 -45
32 -45
32 -45
32 -45
32 -45
32 -45
33 -48
33 -48
33 -48
33 -48
33 -48
33 -48
33 -48
33 -48
33 -48
33 -48
33 -48
33 -48
33 -48
33 -48
33 -48
33 -48
33 -48
33 -48
33 -48
33 -48
33 -48
33 -48
33 -48
33 -48
33 -48
33 -48
33 -48
33 -48
33 -48
33 -48
33 -48
33 -48
33 -48
33 -48
33 -48
33 -48
33 -48
33 -48
28 -49
28 -49
28 -49
28 -49
28 -49
28 -49
28 -49
28 -49
28 -49
28 -49
28 -49
28 -49
28 -49
28 -49
28 -49
28 -49
28 -49
28 -49
28 -49
28 -49
28 -49
28 -49
28 -49
28 -49
28 -49
28 -49
28 -49
28 -49
28 -49
28 -49
28 -49
24 -61
24 -61
24 -61
24 -61
24 -61
24 -61
24 -61
24 -61
24 -61
24 -61
24 -61
24 -61
24 -61
24 -61
24 -61
24 -61
24 -61
24 -61
24 -61
24 -61
24 -61
24 -61
24 -61
24 -61
24 -61
24 -61
24 -61
24 -61
24 -61
24 -61
24 -61
24 -61
24 -61
16 -63
16 -63
16 -63
16 -63
16 -63
16 -63
16 -63
16 -63
16 -63
16 -63
16 -63
16 -63
16 -63
16 -63
10 -61
10 -61
10 -61
10 -61
10 -61
10 -61
10 -61
10 -61
10 -61
10 -61
10 -61
10 -61
10 -61
10 -61
10 -61
10 -61
10 -61
10 -61
10 -61
10 -61
10 -61
10 -61
10 -61
10 -61
10 -61
10 -61
10 -61
10 -61
10 -61
10 -61
10 -61
10 -61
10 -61
10 -61
10 -61
10 -61
10 -61
10 -61
10 -61
10 -61
10 -61
10 -61
10 -61
10 -61
10 -61
10 -61
10 -61
10 -61
10 -61
10 -61
10 -61
10 -61
9 -56
7 -59
7 -59
7 -59
7 -59
7 -59
7 -59
7 -59
7 -59
7 -59
7 -59
7 -59
7 -59
7 -59
7 -59
7 -59
7 -59
7 -59
7 -59
7 -59
7 -59
7 -59
7 -59
7 -59
7 -59
7 -59
7 -59
7 -59
7 -59
7 -59
7 -59
7 -59
7 -59
7 -59
0 -55
0 -55
0 -55
0 -55
0 -55
0 -55
0 -55
0 -55
0 -55
0 -55
0 -55
0 -55
0 -55
0 -55
0 -55
0 -55
0 -55
0 -55
0 -55
0 -55
0 -55
0 -55
0 -55
0 -55
0 -55
0 -55
0 -55
0 -55
0 -57
1 -57
1 -57
1 -57
1 -57
1 -57
1 -57
1 -57
1 -57
1 -57
1 -57
1 -57
1 -57
1 -57
1 -57
1 -57
1 -57
1 -57
1 -57
1 -57
1 -57
1 -57
1 -57
1 -57
1 -57
1 -57
1 -57
1 -57
1 -57
1 -57
1 -57
1 -57
1 -57
-6 -53
-6 -53
-6 -53
-6 -53
-6 -53
-6 -53
-6 -53
-6 -53
-6 -53
-6 -53
-6 -53
-6 -53
-6 -53
-6 -53
-6 -53
-6 -53
-7 -54
-7 -54
-7 -54
-7 -54
-7 -54
-7 -54
-7 -54
-7 -54
-7 -54
-7 -54
-7 -54
-7 -54
-7 -54
-7 -54
-7 -54
-7 -54
-7 -54
-7 -54
-7 -54
-7 -54
-7 -54
-7 -54
-7 -54
-7 -54
-7 -54
-7 -54
-7 -54
-7 -54
-7 -54
-7 -54
-7 -54
-7 -54
-7 -54
-7 -54
-7 -54
-13 -52
-13 -52
-13 -52
-13 -52
-13 -52
-13 -52
-13 -52
-13 -52
-13 -52
-13 -52
-13 -52
-13 -52
-13 -52
-13 -52
-13 -52
-13 -52
-13 -52
-13 -52
-13 -52
-13 -52
-13 -52
-13 -52
-13 -52
-13 -52
-13 -52
-13 -52
-13 -52
-13 -52
-13 -52
-13 -52
-13 -52
-14 -49
-14 -49
-14 -49
-14 -49
-14 -49
-14 -49
-14 -49
-14 -49
-14 -49
-14 -49
-14 -49
-14 -49
-14 -49
-14 -49
-14 -49
-14 -49
-14 -49
-14 -49
-14 -49
-14 -49
-14 -49
-14 -49
-14 -49
-14 -49
-14 -49
-14 -49
-14 -49
-14 -49
-14 -49
-14 -49
-14 -49
-14 -49
-14 -49
-14 -49
-22 -46
-22 -46
-22 -46
-22 -46
-22 -46
-22 -46
-22 -46
-22 -46
-22 -46
-22 -46
-22 -46
-22 -46
-22 -46
-22 -46
-22 -46
-22 -46
-22 -46
-22 -46
-22 -46
-22 -46
-17 -48
-17 -48
-17 -48
-17 -48
-17 -48
-17 -48
-17 -48
-17 -48
-17 -48
-17 -48
-17 -48
-17 -48
-17 -48
-17 -48
-17 -48
-30 -41
-30 -41
-30 -41
-30 -41
-30 -41
-30 -41
-30 -41
-30 -41
-30 -41
-30 -41
-30 -41
-30 -41
-30 -41
-30 -41
-30 -41
-30 -41
-30 -41
-30 -41
-30 -41
-30 -41
-30 -41
-30 -41
-30 -41
-30 -41
-30 -41
-30 -41
-30 -41
-30 -41
-30 -41
-30 -41
-30 -41
-30 -41
-30 -41
-30 -41
-30 -41
-30 -41
-32 -34
-32 -34
-32 -34
-32 -34
-32 -34
-32 -34
-32 -34
-32 -34
-32 -34
-32 -34
-32 -34
-32 -34
-32 -34
-32 -34
-32 -34
-32 -34
-37 -34
-37 -34
-37 -34
-37 -34
-37 -34
-37 -34
-37 -34
-37 -34
-37 -34
-37 -34
-37 -34
-37 -34
-37 -34
-37 -34
-37 -34
-37 -34
-35 -30
-35 -30
-35 -30
-35 -30
-35 -30
-35 -30
-35 -30
-35 -30
-35 -30
-35 -30
-35 -30
-35 -30
-35 -30
-35 -30
-35 -30
-35 -30
-35 -30
-35 -30
-35 -30
-35 -30
-35 -30
-35 -30
-35 -30
-35 -30
-35 -30
-35 -30
-35 -30
-35 -30
-35 -30
-35 -30
-35 -30
-35 -30
-51 -23
-51 -23
-51 -23
-51 -23
-51 -23
-51 -23
-51 -23
-51 -23
-51 -23
-51 -23
-51 -23
-51 -23
-51 -23
-51 -23
-51 -23
-51 -23
-61 -23
-61 -23
-61 -23
-61 -23
-61 -23
-61 -23
-61 -23
-61 -23
-61 -23
-61 -23
-61 -23
-61 -23
-61 -23
-61 -23
-61 -23
-61 -23
-61 -23
-61 -23
-61 -23
-61 -23
-61 -23
-61 -23
-61 -23
-61 -23
-61 -23
-61 -23
-61 -23
-61 -23
-61 -23
-61 -23
-61 -23
-61 -23
-61 -20
-61 -20
-61 -20
-61 -20
-61 -20
-61 -20
-61 -20
-61 -20
-61 -20
-61 -20
-61 -20
-61 -20
-61 -20
-61 -20
-61 -20
-61 -20
-61 -20
-66 -15
-66 -15
-66 -15
-66 -15
-66 -15
-66 -15
-66 -15
-66 -15
-66 -15
-66 -15
-66 -15
-66 -15
-66 -15
-66 -15
-66 -15
-66 -15
-66 -15
-66 -15
-66 -15
-66 -15
-66 -15
-66 -15
-66 -15
-66 -15
-66 -15
-66 -15
-66 -15
-66 -15
-66 -15
-66 -15
-66 -15
-66 -15
-66 -15
-66 -15
-66 -15
-74 -14
-74 -14
-74 -14
-74 -14
-74 -14
-74 -14
-74 -14
-74 -14
-74 -14
-74 -14
-74 -14
-74 -14
-74 -14
-74 -14
-74 -14
-74 -14
-74 -14
-84 -8
-84 -8
-84 -8
-84 -8
-84 -8
-84 -8
-84 -8
-84 -8
-84 -8
-84 -8
-84 -8
-84 -8
-84 -8
-84 -8
-84 -8
-84 -8
-84 -8
-84 -8
-84 -8
-84 -8
-84 -8
-84 -8
-84 -8
-84 -8
-84 -8
-84 -8
-84 -8
-84 -8
-84 -8
-84 -8
-84 -8
-84 -8
-84 -8
-84 -8
-84 -8
-83 -9
-83 -9
-83 -9
-83 -9
-83 -9
-83 -9
-83 -9
-83 -9
-83 -9
-83 -9
-83 -9
-83 -9
-83 -9
-83 -9
-83 -9
-83 -9
-83 -9
-83 -9
-83 -9
-83 -9
-83 -9
-83 -9
-83 -9
-83 -9
-83 -9
-83 -9
-83 -9
-83 -9
-83 -9
-83 -9
-83 -9
-83 -9
-83 -9
-83 -9
-83 -9
-82 -5
-82 -5
-82 -5
-82 -5
-82 -5
-82 -5
-82 -5
-82 -5
-82 -5
-82 -5
-82 -5
-82 -5
-82 -5
-82 -5
-82 -5
-82 -5
-82 -5
-82 -5
-82 -5
-82 -5
-82 -5
-82 -5
-82 -5
-82 -5
-82 -5
-82 -5
-82 -5
-82 -5
-82 -5
-82 -5
-82 -5
-82 -5
-82 -5
-82 -5
-82 -5
-82 -5
-82 -5
-82 -5
-82 -5
-82 -5
-82 -5
-82 -5
-82 -5
-82 -5
-82 -5
-82 -5
-82 -5
-82 -5
-82 -5
-82 -5
-82 -5
-82 -5
-82 -5
-82 -5
-82 -5
-82 -5
-82 -5
-82 -5
-82 -5
-82 -5
-82 -5
-82 -5
-82 -5
-82 -5
-90 1
-90 1
-86 1
-85 0
-85 0
-85 0
-85 0
-85 0
-85 0
-85 0
-85 0
-85 0
-85 0
-85 0
-85 0
-85 0
-85 0
-85 0
-85 0
-85 0
-85 0
-85 0
-85 0
-85 0
-85 0
-85 0
-85 0
-85 0
-85 0
-85 0
-85 0
-85 0
-85 0
-100 1
-100 1
-100 1
-100 1
-100 1
-100 1
-100 1
-100 1
-100 1
-100 1
-100 1
-100 1
-100 1
-100 1
-100 1
-94 5
-94 5
-94 5
-94 5
-94 5
-94 5
-94 5
-94 5
-94 5
-94 5
-94 5
-94 5
-94 5
-103 18
-103 18
-103 18
-103 18
-103 18
-103 18
-103 18
-103 18
-103 18
-103 18
-103 18
-103 18
-103 18
-103 18
-103 18
-103 18
-103 18
-103 18
-103 18
-103 18
-103 18
-103 18
-103 18
-103 18
-103 18
-103 18
-103 18
-103 18
-103 18
-103 18
-103 18
-103 18
-103 18
-103 18
-103 18
-98 14
-98 14
-98 14
-98 14
-98 14
-98 14
-98 14
-98 14
-98 14
-98 14
-98 14
-98 14
-98 14
-98 14
-98 14
-98 14
-99 18
-99 18
-99 18
-99 18
-99 18
-99 18
-99 18
-99 18
-99 18
-99 18
-99 18
-99 18
-99 18
-99 18
-99 18
-99 18
-99 18
-108 27
-108 27
-108 27
-108 27
-108 27
-108 27
-108 27
-108 27
-108 27
-108 27
-108 27
-108 27
-108 27
-108 27
-108 27
-108 27
-108 27
-108 27
-108 27
-108 27
-108 27
-108 27
-108 27
-108 27
-108 27
-108 27
-108 27
-108 27
-108 27
-108 27
-108 27
-108 27
-108 27
-108 27
-108 27
-108 27
-108 27
-108 27
-108 27
-108 27
-108 27
-108 27
-108 27
-108 27
-108 27
-108 27
-108 27
-108 27
-108 27
-108 27
-108 27
-108 27
-108 27
-108 27
-99 39
-99 39
-99 39
-99 39
-99 39
-99 39
-99 39
-99 39
-99 39
-99 39
-99 39
-99 39
-99 39
-99 39
-99 39
-99 39
-99 39
-99 39
-99 39
-99 39
-99 39
-99 39
-99 39
-99 39
-99 39
-99 39
-99 39
-99 39
-99 39
-99 39
-99 39
-99 39
-99 39
-99 39
-99 39
-99 39
-108 29
-108 29
-108 29
-108 29
-108 29
-108 29
-108 29
-108 29
-108 29
-108 29
-108 29
-108 29
-108 29
-108 29
-108 29
-108 29
-108 29
-108 29
-108 29
-108 29
-108 29
-108 29
-108 29
-108 29
-108 29
-108 29
-108 29
-108 29
-108 29
-108 29
-108 29
-108 29
-108 29
-108 29
-108 29
-108 29
-108 29
-90 30
-87 39
-87 39
-87 39
-87 39
-87 39
-87 39
-87 39
-87 39
-87 39
-87 39
-87 39
-87 39
-87 39
-87 39
-87 39
-87 39
-87 39
-87 39
-87 39
-87 39
-87 39
-87 39
-87 39
-87 39
-87 39
-87 39
-87 39
-87 39
-87 39
-87 39
-87 39
-87 39
-87 39
-87 39
-90 39
-90 39
-90 39
-90 39
-90 39
-90 39
-90 39
-90 39
-90 39
-90 39
-90 39
-90 39
-90 39
-90 39
-90 39
-90 39
-90 39
-80 43
-80 43
-80 43
-80 43
-80 43
-80 43
-80 43
-80 43
-80 43
-80 43
-80 43
-80 43
-80 43
-80 43
-80 43
-80 43
-80 43
-80 43
-80 43
-80 43
-80 43
-80 43
-80 43
-80 43
-80 43
-80 43
-80 43
-80 43
-80 43
-80 43
-80 43
-80 43
-80 43
-80 43
-80 43
-80 43
-80 43
-80 43
-80 43
-80 43
-80 43
-80 43
-80 43
-80 43
-80 43
-80 43
-80 43
-80 43
-80 43
-80 43
-80 43
-80 43
-80 43
-80 43
-80 43
-80 43
-80 43
-85 43
-85 43
-85 43
-85 43
-85 43
-85 43
-85 43
-85 43
-85 43
-85 43
-85 43
-85 43
-85 43
-85 43
-85 43
-85 43
-85 43
-85 43
-85 43
-85 43
-85 43
-85 43
-85 43
-85 43
-85 43
-85 43
-85 43
-85 43
-85 43
-85 43
-85 43
-85 43
-85 43
-85 43
-85 43
-85 43
-66 33
-66 33
-66 33
-66 33
-66 33
-66 33
-66 33
-66 33
-66 33
-66 33
-66 33
-66 33
-66 33
-66 33
-66 33
-66 33
-66 33
-66 33
-66 33
-66 33
-62 38
-62 38
-62 38
-62 38
-62 38
-62 38
-62 38
-62 38
-62 38
-62 38
-62 38
-62 38
-62 38
-62 38
-62 38
-62 38
-62 38
-62 38
-62 38
-62 38
-61 36
-61 36
-61 36
-61 36
-61 36
-61 36
-61 36
-61 36
-61 36
-61 36
-61 36
-61 36
-61 36
-61 36
-61 36
-61 36
-61 36
-61 36
-61 36
-61 36
-61 36
-61 36
-61 36
-61 36
-61 36
-61 36
-61 36
-61 36
-61 36
-61 36
-61 36
-61 36
-61 36
-61 36
-61 36
-61 36
-61 36
-61 36
-61 36
-61 36
-61 36
-61 36
-61 36
-61 36
-61 36
-61 36
-61 36
-61 36
-61 36
-61 36
-61 36
-61 36
-61 36
-61 36
-61 36
-53 43
-53 43
-53 43
-53 43
-53 43
-53 43
-53 43
-53 43
-53 43
-53 43
-53 43
-53 43
-53 43
-53 43
-53 43
-53 43
-53 43
-53 43
-53 43
-53 43
-53 43
-53 43
-53 43
-53 43
-53 43
-53 43
-53 43
-53 43
-53 43
-53 43
-53 43
-53 43
-53 43
-53 43
-46 39
-46 39
-46 39
-46 39
-46 39
-46 39
-46 39
-46 39
-46 39
-46 39
-46 39
-46 39
-46 39
-46 39
-46 39
-46 39
-46 39
-46 39
-46 39
-46 39
-46 39
-46 39
-46 39
-46 39
-46 39
-46 39
-46 39
-46 39
-36 47
-34 44
-34 44
-34 44
-34 44
-34 44
-34 44
-34 44
-34 44
-34 44
-34 44
-34 44
-34 44
-34 44
-34 44
-34 44
-34 44
-34 44
-34 44
-34 44
-34 44
-34 44
-34 44
-34 44
-34 44
-34 44
-34 44
-34 44
-34 44
-34 44
-34 44
-34 44
-34 44
-34 44
-34 44
-34 44
-34 44
-34 44
-32 44
-32 44
-32 44
-32 44
-32 44
-32 44
-32 44
-32 44
-32 44
-32 44
-32 44
-32 44
-32 44
-32 44
-32 44
-32 44
-32 44
-32 44
-32 44
-32 44
-32 44
-32 44
-32 44
-32 44
-32 44
-32 44
-32 44
-32 44
-32 44
-32 44
-32 44
-32 44
-32 44
-32 44
-32 44
-32 44
-32 44
-32 44
-20 41
-20 41
-20 41
-20 41
-20 41
-20 41
-20 41
-20 41
-20 41
-20 41
-20 41
-20 41
-20 41
-20 41
-20 41
-20 41
-20 41
-20 41
-20 41
-20 41
-20 41
-20 41
-20 41
-20 41
-20 41
-20 41
-20 41
-20 41
-20 41
-20 41
-20 41
-20 41
-12 40
-12 40
-12 40
-12 40
-12 40
-12 40
-12 40
-12 40
-12 40
-12 40
-12 40
-12 40
-12 40
-12 40
-12 40
-12 40
-12 40
-4 37
-4 37
-4 37
-4 37
-4 37
-4 37
-4 37
-4 37
-4 37
-4 37
-4 37
-4 37
-4 37
-4 37
-4 37
-4 36
-4 36
-4 36
-4 36
-4 36
-4 36
-4 36
-4 36
-4 36
-4 36
-4 36
-4 36
-4 36
-4 36
-4 36
-4 36
-4 36
-4 36
-4 36
-4 36
-4 36
-4 36
-4 36
-4 36
-4 36
-4 36
-4 36
-4 36
-4 36
-4 36
-4 36
-4 36
-4 36
-4 36
-4 36
-4 36
-4 36
-4 36
-4 36
-5 35
-5 35
-5 35
-5 35
-5 35
-5 35
-5 35
-5 35
-5 35
-5 35
-5 35
-5 35
-5 35
-5 35
-5 35
-5 35
-5 35
0 32
0 32
0 32
0 32
0 32
0 32
0 32
0 32
0 32
0 32
0 32
0 32
0 32
0 32
0 32
0 32
0 32
0 32
0 32
0 32
0 32
0 32
0 32
0 32
0 32
0 32
0 32
0 32
0 32
0 32
0 32
0 32
0 32
0 32
0 32
0 32
0 32
0 28
0 28
0 28
0 28
0 28
0 28
0 28
0 28
0 28
0 28
0 28
0 28
0 28
0 28
0 28
0 28
0 28
0 28
0 20
0 20
0 20
0 20
0 20
0 20
0 20
0 20
0 20
0 20
0 20
0 20
0 20
0 20
0 20
0 20
0 20
0 20
0 20
0 20
0 20
0 20
0 20
0 20
0 20
0 20
0 20
0 20
0 20
0 20
0 20
0 20
0 20
0 20
0 20
0 20
0 20
0 20
0 20
0 15
0 15
0 15
0 15
0 15
0 15
0 15
0 15
0 15
0 15
0 15
0 15
0 15
0 15
0 15
0 15
0 15
0 15
0 15
0 15
0 15
0 15
0 15
0 15
0 15
0 15
0 15
0 15
0 15
0 15
2 9
2 9
2 9
2 9
2 9
2 9
2 9
2 9
2 9
2 9
2 9
2 9
2 9
2 9
2 9
1 2
1 2
1 2
1 2
1 2
1 2
1 2
1 2
1 2
1 2
1 2
1 2
1 2
1 2
1 2
1 2
1 2
1 2
1 2
1 2
1 2
1 2
1 2
1 2
1 2
1 2
1 2
1 2
1 2
1 2
1 2
1 2
1 2
1 2
1 2
1 2
1 2
1 2
1 2
1 2
1 2
1 0
1 0
1 0
1 0
1 0
1 0
1 0
1 0
1 0
1 0
1 0
1 0
1 0
1 0
1 0
1 0
1 0
1 0
1 0
1 0
1 0
1 0
1 0
1 0
1 0
1 0
1 0
1 0
1 0
1 0
1 0
1 0
1 0
1 0
1 0
1 0
1 0
1 0
1 0
1 0
1 0
1 0
1 0
1 0
1 0
1 0
1 0
1 0
1 0
1 0
1 0
1 0
1 0
1 0
1 0
1 0
1 0
1 0
1 0
1 0
1 0
1 0
1 0
1 0
1 0
1 0
1 0
1 0
1 0
1 0
1 0
1 0
1 0
1 0
1 0
1 0
1 0
1 0
1 0
1 0
1 0
1 0
1 0
1 0
1 0
1 0
1 0
1 0
1 0
1 0
-1 0
-1 0
-1 0
-1 0
-1 0
-1 0
-1 0
-1 0
-1 0
-1 0
-1 0
-1 0
-1 0
-1 0
-1 0
-1 0
-1 0
-1 0
-1 0
-1 0
-1 0
-1 0
-1 0
-1 0
-1 0
-1 0
-1 0
-1 0
-1 0
-1 0
-1 0
-1 0
1 0
1 0
1 0
1 0
1 0
1 0
1 0
1 0
1 0
1 0
1 0
1 0
1 0
1 0
1 0
1 0
1 0
1 0
1 0
1 0
2 0
2 0
2 0
2 0
2 0
2 0
2 0
2 0
2 0
2 0
2 0
2 0
2 0
2 0
2 0
2 0
2 0
2 0
2 0
2 0
2 0
2 0
2 0
2 0
2 0
2 0
2 0
2 0
2 0
2 0
2 0
2 0
1 0
1 0
1 0
1 0
1 0
1 0
1 0
1 0
1 0
1 0
1 0
1 0
1 0
1 0
1 0
1 0
1 0
1 0
1 0
1 0
1 0
1 0
1 0
1 0
1 0
1 0
1 0
1 0
1 0
1 0
1 0
1 0
1 0
1 0
1 0
1 0
1 0
1 0
1 0
1 0
1 0
1 0
1 0
1 0
1 0
1 0
1 0
1 0
1 0
1 0
1 0
1 0
1 0
1 0
1 0
1 0
1 0
1 0
1 0
1 0
1 0
1 0
1 0
1 0
1 0
1 0
1 0
1 0
1 0
1 0
1 0
1 0
1 0
1 0
1 0
1 0
1 0
1 0
1 0
1 0
1 0
1 0
1 0
1 0
1 0
1 0
1 0
1 0
1 0
1 0
1 0
1 0
1 0
1 0
1 0
1 0
1 0
1 0
1 0
1 0
1 0
1 0
1 0
1 0
1 0
1 0
1 0
1 0
1 0
1 0
1 0
1 0
1 0
1 0
1 0
1 0
1 0
1 0
1 0
1 0
1 0
1 0
1 0
1 0
1 0
1 0
1 0
1 0
1 0
1 0
1 0
1 0
1 0
1 0
1 0
1 0
1 0
1 0
1 0
1 0
1 0
1 0
1 0
1 0
1 0
1 0
1 0
1 0
1 0
1 0
1 0
1 0
1 0
1 0
1 0
1 0
1 0
1 0
1 0
1 0
1 0
1 0
1 0
1 0
1 0
1 0
1 0
1 0
1 0
1 0
1 0
1 0
1 0
1 0
1 0
1 0
1 0
1 0
1 0
1 0
1 0
1 0
1 0
1 0
1 0
1 0
1 0
1 0
1 0
1 0
1 0
1 0
1 0
1 0
1 0
1 0
1 0
1 0
1 0
1 0
1 0
1 0
1 0
1 0
1 0
1 0
1 0
1 0
1 0
1 0
1 0
1 0
1 0
1 0
1 0
1 0
1 0
1 0
1 0
1 0
1 0
1 0
1 0
1 0
1 0
1 0
1 0
1 0
1 0
1 0
1 0
1 0
1 0
1 0
1 0
1 0
1 0
1 0
1 0
1 0
1 0
1 0
1 0
1 0
1 0
1 0
1 0
1 0
1 0
1 0
1 0
1 0
1 0
1 0
1 0
1 0
1 0
1 0
1 0
1 0
1 0
1 0
1 0
1 0
1 0
1 0
1 0
1 0
1 0
1 0
1 0
1 0
1 0
1 0
1 0
1 0
1 0
1 0
1 0
1 0
1 0
1 0
1 0
1 0
1 0
1 0
1 0
1 0
1 0
1 0
1 0
1 0
1 0
1 0
1 0
1 0
1 0
1 0
1 0
1 0
1 0
1 0
1 0
1 0
1 0
1 0
1 0
1 0
1 0
1 0
1 0
1 0
1 0
1 0
1 0
1 0
1 0
1 0
1 0
1 0
1 0
1 0
1 0
1 0
1 0
1 0
1 0
1 0
1 0
1 0
1 0
1 0
1 0
1 0
1 0
1 0
1 0
1 0
1 0
1 0
1 0
1 0
1 0
1 0
1 0
1 0
1 0
1 0
1 0
1 0
1 0
1 0
1 0
1 0
1 0
1 0
1 0
1 0
1 0
1 0
1 0
1 0
1 0
1 0
1 0
1 0
1 0
1 0
1 0
1 0
1 0
1 0
1 0
1 0
1 0
1 0
1 0
1 0
1 0
1 0
1 0
1 0
1 0
1 0
1 0
1 0
1 0
1 0
1 0
1 0
1 0
1 0
1 0
1 0
1 0
1 0
1 0
1 0
1 0
1 0
1 0
1 0
1 0
1 0
1 0
1 0
1 0
1 0
1 0
1 0
1 0
1 0
1 0
1 0
1 0
1 0
1 0
1 0
1 0
1 0
1 0
1 0
1 0
1 0
1 0
1 0
1 0
1 0
1 0
1 0
1 0
1 0
1 0
1 0
1 0
1 0
1 0
1 0
1 0
1 0
1 0
1 0
1 0
1 0
1 0
1 0
1 0
1 0
1 0
1 0
1 0
1 0
1 0
1 0
1 0
1 0
1 0
1 0
1 0
1 0
1 0
1 0
1 0
1 0
1 0
1 0
1 0
1 0
1 0
1 0
1 0
1 0
1 0
1 0
1 0
1 0
1 0
1 0
1 0
1 0
1 0
1 0
1 0
1 0
1 0
1 0
1 0
1 0
1 0
1 0
1 0
1 0
1 0
1 0
1 0
1 0
1 0
1 0
1 0
1 0
1 0
1 0
1 0
1 0
1 0
1 0
1 0
1 0
1 0
1 0
1 0
1 0
1 0
1 0
1 0
1 0
1 0
1 0
1 0
1 0
1 0
1 0
1 0
1 0
1 0
1 0
1 0
1 0
1 0
1 0
1 0
1 0
1 0
1 0
1 0
1 0
1 0
1 0
1 0
1 0
1 0
1 0
1 0
1 0
1 0
1 0
1 0
1 0
1 0
1 0
1 0
1 0
1 0
1 0
1 0
1 0
1 0
1 0
1 0
1 0
1 0
1 0
1 0
1 0
1 0
1 0
1 0
1 0
1 0
1 0
1 0
1 0
1 0
1 0
1 0
1 0
1 0
1 0
1 0
1 0
1 0
1 0
1 0
1 0
1 0
1 0
1 0
1 0
1 0
1 0
1 0
1 0
1 0
1 0
1 0
1 0
1 0
1 0
1 0
1 0
1 0
1 0
1 0
1 0
1 0
1 0
1 0
1 0
1 0
1 0
1 0
1 0
1 0
1 0
1 0
1 0
1 0
1 0
1 0
1 0
1 0
1 0
1 0
1 0
1 0
1 0
1 0
1 0
1 0
1 0
1 0
1 0
1 0
1 0
1 0
1 0
1 0
1 0
1 0
1 0
1 0
1 0
1 0
1 0
1 0
1 0
1 0
1 0
1 0
1 0
1 0
1 0
1 0
1 0
1 0
1 0
1 0
1 0
1 0
1 0
1 0
1 0
1 0
1 0
1 0
1 0
1 0
1 0
1 0
1 0
1 0
1 0
1 0
1 0
1 0
1 0
1 0
1 0
1 0
1 0
1 0
1 0
1 0
1 0
1 0
1 0
1 0
1 0
1 0
1 0
1 0
1 0
1 0
1 0
1 0
1 0
1 0
1 0
1 0
1 0
1 0
1 0
1 0
1 0
1 0
1 0
1 0
1 0
1 0
1 0
1 0
1 0
1 0
1 0
1 0
1 0
1 0
1 0
1 0
1 0
1 0
1 0
1 0
1 0
1 0
1 0
1 0
1 0
1 0
1 0
1 0
1 0
1 0
1 0
1 0
1 0
1 0
1 0
1 0
1 0
1 0
1 0
1 0
1 0
1 0
1 0
1 0
1 0
1 0
1 0
1 0
1 0
1 0
1 0
1 0
1 0
1 0
1 0
1 0
1 0
1 0
1 0
1 0
1 0
1 0
1 0
1 0
1 0
1 0
1 0
1 0
1 0
1 0
1 0
1 0
1 0
1 0
1 0
1 0
1 0
1 0
1 0
1 0
1 0
1 0
1 0
1 0
1 0
1 0
1 0
1 0
1 0
1 0
1 0
1 0
1 0
1 0
1 0
1 0
1 0
1 0
1 0
1 0
1 0
1 0
1 0
1 0
1 0
1 0
1 0
1 0
1 0
1 0
1 0
1 0
1 0
1 0
1 0
1 0
1 0
1 0
1 0
1 0
1 0
1 0
1 0
1 0
1 0
1 0
1 0
1 0
1 0
1 0
1 0
1 0
1 0
1 0
1 0
1 0
1 0
1 0
1 0
1 0
1 0
1 0
1 0
1 0
1 0
1 0
1 0
1 0
1 0
1 0
1 0
1 0
1 0
1 0
1 0
1 0
1 0
1 0
1 0
1 0
1 0
1 0
1 0
1 0
1 0
1 0
1 0
1 0
1 0
1 0
1 0
1 0
1 0
1 0
1 0
1 0
1 0
1 0
1 0
1 0
1 0
1 0
1 0
1 0
1 0
