-1 0
-1 0
-1 0
-1 0
-1 0
-1 0
-1 0
-1 0
-1 0
-1 0
-1 0
-1 0
-1 0
-1 0
-1 0
-1 0
-1 0
-1 0
-1 0
-1 0
-1 0
-1 0
-1 0
-1 0
-1 0
-1 0
-1 0
-1 0
-1 0
-1 0
-1 0
-1 0
-1 0
-1 0
-1 0
-1 0
-1 0
-1 0
-1 0
-1 0
-1 0
-1 0
-1 0
-1 0
-1 0
-1 0
-1 0
-1 0
-1 0
-1 0
-1 0
-1 0
-1 0
-1 0
-1 0
-1 0
-1 0
-1 0
-1 0
-1 0
-1 0
-1 0
-1 0
-1 0
-1 0
-1 0
-1 0
-1 0
-1 0
-1 0
-1 0
-1 0
-1 0
-1 0
-1 0
-1 0
-1 0
-1 0
-1 0
-1 0
-1 0
-1 0
-1 0
-1 0
-1 0
-1 0
-1 0
-1 0
-1 0
-1 0
-1 0
-1 0
-1 0
-1 0
-1 0
-1 0
-1 0
-1 0
-1 0
-1 0
-1 0
-1 0
-1 0
-1 0
-1 0
-1 0
-1 0
-1 0
-1 0
-1 0
-1 0
-1 0
-1 0
-1 0
-1 0
-1 0
-1 0
-1 0
-1 0
-1 0
-1 0
-1 0
-1 0
-1 0
-1 0
-1 0
-1 0
-1 0
-1 0
-1 0
-1 0
-1 0
-1 0
-1 0
-1 0
-1 0
-1 0
-2 -3
-2 -3
-2 -3
-2 -3
-2 -3
-2 -3
-2 -3
-2 -3
-2 -3
-2 -3
-2 -3
-2 -3
-2 -3
-2 -3
-2 -3
-2 -3
-2 -3
-2 -3
-2 -3
-2 -3
-2 -3
-2 -3
-2 -3
-2 -3
-2 -3
-2 -3
-2 -3
-2 -3
-2 -3
-2 -3
-2 -3
-2 -3
-2 -3
-2 -3
-2 -3
-2 -3
-2 -3
-2 -3
-2 -3
-2 -3
-2 -3
-2 -3
-2 -3
-2 -3
-2 -3
-2 -3
-2 -3
-2 -3
-2 -3
-2 -3
-2 -3
-2 -3
-2 -3
-2 -3
-2 -3
-2 -3
-2 -3
-2 -3
-2 -3
-2 -3
-2 -3
-2 -3
-2 -3
-2 -3
-2 -3
-2 -3
-3 -6
-3 -6
-3 -6
-3 -6
-3 -6
-3 -6
-3 -6
-3 -6
-3 -6
-3 -6
-3 -6
-3 -6
-3 -6
-3 -6
-3 -6
-3 -6
-3 -6
-3 -6
-3 -6
-3 -6
-3 -6
-3 -6
-3 -6
-3 -6
-3 -6
-3 -6
-3 -6
-3 -6
-3 -6
-3 -6
-3 -6
-3 -6
-3 -6
-3 -6
-3 -6
-3 -6
-3 -6
-3 -6
-3 -6
-3 -6
-3 -6
-3 -6
-3 -6
-3 -7
-3 -7
-3 -7
-3 -7
-3 -7
-3 -7
-3 -7
-3 -7
-3 -7
-3 -7
-3 -7
-3 -7
-3 -7
-3 -7
-3 -7
-3 -7
-3 -7
-3 -7
-3 -7
-3 -7
-3 -7
-3 -7
-4 -9
-4 -9
-4 -9
-4 -9
-4 -9
-4 -9
-4 -9
-4 -9
-4 -9
-4 -9
-4 -9
-4 -9
-4 -9
-4 -9
-4 -9
-4 -9
-4 -9
-4 -9
-4 -9
-4 -9
-4 -9
-4 -9
-4 -9
-4 -9
-4 -9
-4 -9
-4 -9
-4 -9
-4 -9
-4 -9
-4 -9
-4 -9
-4 -9
-4 -9
-4 -9
-4 -9
-4 -9
-4 -9
-4 -9
-4 -9
-4 -9
-4 -9
-4 -9
-4 -12
-4 -12
-4 -12
-4 -12
-4 -12
-4 -12
-4 -12
-4 -12
-4 -12
-4 -12
-4 -12
-4 -12
-4 -12
-4 -12
-4 -12
-4 -12
-4 -12
-4 -12
-4 -12
-4 -12
-4 -12
-4 -12
-2 -18
-2 -18
-2 -18
-2 -18
-2 -18
-2 -18
-2 -18
-2 -18
-2 -18
-2 -18
-2 -18
-2 -18
-2 -18
-2 -18
-2 -18
-2 -18
-2 -18
-2 -18
-2 -18
-2 -18
-2 -18
-2 -18
-2 -18
-2 -18
-2 -18
-2 -18
-2 -18
-2 -18
-2 -18
-2 -18
-2 -18
-2 -18
-2 -18
-2 -18
-2 -18
-2 -18
-2 -18
-2 -18
-2 -18
-2 -18
-2 -18
-2 -18
-2 -18
-2 -18
-2 -18
-2 -18
-2 -18
-2 -18
-2 -18
-2 -18
-2 -18
-2 -18
-2 -18
-2 -18
-2 -18
-2 -18
-2 -18
-2 -18
-2 -18
-2 -18
-2 -18
-2 -18
-2 -18
-2 -18
-2 -18
-2 -18
-2 -18
-2 -18
-2 -18
-2 -18
-2 -18
-2 -18
-2 -18
-2 -18
-2 -18
-2 -18
-2 -18
-2 -18
-2 -18
-2 -18
-2 -18
-2 -18
-2 -18
-2 -18
-2 -18
-2 -18
-2 -18
-2 -18
-2 -18
-2 -18
-2 -18
-2 -18
-6 -23
-4 -30
-3 -37
-3 -37
-3 -37
-3 -37
-3 -37
-3 -37
-3 -37
-3 -37
-3 -37
-3 -37
-3 -37
-3 -37
-3 -37
-3 -37
-3 -37
-3 -37
-3 -37
-3 -37
-3 -37
-3 -37
-7 -38
-7 -38
-7 -38
-7 -38
-7 -38
-7 -38
-7 -38
-7 -38
-7 -38
-7 -38
-7 -38
-7 -38
-7 -38
-7 -38
-7 -38
-7 -38
-7 -38
-7 -38
-7 -38
-7 -38
-7 -38
-7 -38
-7 -38
-7 -38
-7 -38
-7 -38
-7 -38
-7 -38
-7 -38
-7 -38
-7 -38
-7 -38
-7 -38
-7 -38
-7 -38
-7 -38
-7 -38
-7 -38
-7 -38
-7 -38
-7 -38
-7 -38
-7 -38
-7 -38
-7 -38
-7 -42
-7 -42
-7 -42
-7 -42
-7 -42
-7 -42
-7 -42
-7 -42
-7 -42
-7 -42
-7 -42
-7 -42
-7 -42
-7 -42
-7 -42
-7 -42
-7 -42
-7 -42
-7 -42
-7 -42
-7 -42
-7 -42
-7 -42
-7 -42
-5 -45
-5 -45
-5 -45
-5 -45
-5 -45
-5 -45
-5 -45
-5 -45
-5 -45
-5 -45
-5 -45
-5 -45
-5 -45
-5 -45
-5 -45
-5 -45
-5 -45
-5 -45
-5 -45
-5 -45
-5 -45
-5 -45
-5 -45
-5 -45
-5 -45
-2 -49
-2 -49
-2 -49
-2 -49
-2 -49
-2 -49
-2 -49
-2 -49
-2 -49
-2 -49
-2 -49
-2 -49
-2 -49
-2 -49
-2 -49
-2 -49
-2 -49
-2 -49
-2 -49
-2 -49
-2 -49
-2 -49
-2 -49
-2 -49
-2 -49
-2 -49
-2 -49
-2 -49
-2 -49
-2 -49
-2 -49
-2 -49
-2 -49
-2 -49
-2 -49
-2 -49
-2 -49
-2 -49
-2 -49
-2 -49
-2 -49
-2 -49
-2 -49
-2 -49
-2 -49
-2 -49
-2 -49
-2 -49
-2 -49
-2 -49
-2 -49
-2 -49
-2 -49
-2 -49
-2 -49
-2 -49
-2 -49
-2 -49
-2 -49
-2 -49
-2 -49
-2 -49
-2 -49
-2 -49
-2 -49
-2 -49
-2 -49
-6 -51
-9 -49
-9 -49
-9 -49
-9 -49
-9 -49
-9 -49
-9 -49
-9 -49
-9 -49
-9 -49
-9 -49
-9 -49
-9 -49
-9 -49
-9 -49
-9 -49
-9 -49
-9 -49
-9 -49
-9 -49
-9 -49
-9 -49
-9 -49
-9 -49
-9 -49
-9 -49
-9 -49
-9 -49
-9 -49
-9 -49
-9 -49
-9 -49
-9 -49
-9 -49
-9 -49
-9 -49
-9 -49
-9 -49
-9 -49
-9 -49
-9 -49
-10 -53
-10 -53
-10 -53
-10 -53
-10 -53
-10 -53
-10 -53
-10 -53
-10 -53
-10 -53
-10 -53
-10 -53
-10 -53
-10 -53
-10 -53
-10 -53
-10 -53
-10 -53
-10 -53
-10 -53
-10 -53
-10 -53
-10 -53
-10 -53
-10 -53
-10 -53
-10 -53
-10 -53
-10 -53
-10 -53
-10 -53
-10 -53
-10 -53
-10 -53
-10 -53
-10 -53
-10 -53
-10 -53
-10 -53
-10 -53
-10 -53
-10 -53
-10 -53
-10 -53
-18 -60
-18 -60
-18 -60
-18 -60
-18 -60
-18 -60
-18 -60
-18 -60
-18 -60
-18 -60
-18 -60
-18 -60
-18 -60
-18 -60
-18 -60
-18 -60
-18 -60
-18 -60
-18 -60
-18 -60
-18 -60
-18 -60
-18 -60
-18 -60
-23 -57
-23 -57
-23 -57
-23 -57
-23 -57
-23 -57
-23 -57
-23 -57
-23 -57
-23 -57
-23 -57
-23 -57
-23 -57
-23 -57
-23 -57
-23 -57
-23 -57
-23 -57
-23 -57
-23 -57
-23 -57
-23 -57
-23 -57
-23 -57
-23 -57
-23 -57
-23 -57
-23 -57
-23 -57
-23 -57
-23 -57
-23 -57
-23 -57
-23 -57
-23 -57
-23 -57
-23 -57
-23 -57
-23 -57
-23 -57
-23 -57
-23 -57
-23 -57
-23 -57
-23 -57
-37 -54
-37 -54
-37 -54
-37 -54
-37 -54
-37 -54
-37 -54
-37 -54
-37 -54
-37 -54
-37 -54
-37 -54
-37 -54
-37 -54
-37 -54
-37 -54
-37 -54
-37 -54
-37 -54
-37 -54
-37 -54
-37 -54
-37 -54
-37 -54
-37 -54
-37 -54
-37 -54
-37 -54
-37 -54
-37 -54
-37 -54
-37 -54
-37 -54
-37 -54
-37 -54
-37 -54
-37 -54
-37 -54
-37 -54
-37 -54
-37 -54
-37 -54
-37 -54
-37 -54
-37 -54
-37 -54
-37 -54
-37 -54
-37 -54
-37 -54
-37 -54
-34 -58
-34 -58
-34 -58
-34 -58
-34 -58
-34 -58
-34 -58
-34 -58
-34 -58
-34 -58
-34 -58
-34 -58
-34 -58
-34 -58
-34 -58
-34 -58
-34 -58
-34 -58
-34 -58
-34 -58
-34 -58
-34 -58
-34 -58
-34 -58
-31 -62
-31 -62
-31 -62
-31 -62
-31 -62
-31 -62
-31 -62
-31 -62
-31 -62
-31 -62
-31 -62
-31 -62
-31 -62
-31 -62
-31 -62
-31 -62
-31 -62
-31 -62
-31 -44
-31 -44
-31 -44
-31 -44
-31 -44
-31 -44
-31 -44
-31 -44
-31 -44
-31 -44
-31 -44
-31 -44
-31 -44
-31 -44
-31 -44
-31 -44
-31 -44
-31 -44
-31 -44
-31 -44
-31 -44
-31 -44
-31 -44
-31 -44
-31 -44
-31 -44
-31 -44
-31 -44
-31 -44
-31 -44
-31 -44
-31 -44
-31 -44
-31 -44
-31 -44
-31 -44
-31 -44
-31 -44
-31 -44
-31 -44
-31 -44
-31 -44
-31 -44
-31 -44
-31 -44
-31 -44
-31 -44
-31 -44
-31 -44
-31 -44
-31 -44
-31 -44
-31 -44
-31 -44
-31 -44
-31 -44
-31 -44
-31 -44
-31 -44
-31 -44
-31 -44
-31 -44
-31 -44
-31 -44
-31 -44
-31 -44
-31 -44
-31 -44
-31 -44
-31 -44
-31 -44
-31 -44
-31 -44
-33 -58
-27 -56
-27 -56
-27 -56
-27 -56
-27 -56
-27 -56
-27 -56
-27 -56
-27 -56
-27 -56
-27 -56
-27 -56
-27 -56
-27 -56
-27 -56
-27 -56
-27 -56
-27 -56
-27 -56
-22 -53
-22 -53
-22 -53
-22 -53
-22 -53
-22 -53
-22 -53
-22 -53
-22 -53
-22 -53
-22 -53
-22 -53
-22 -53
-22 -53
-22 -53
-22 -53
-22 -53
-22 -53
-22 -53
-22 -53
-22 -53
-22 -53
-22 -53
-22 -53
-22 -53
-22 -53
-22 -53
-22 -53
-22 -53
-22 -53
-22 -53
-22 -53
-22 -53
-22 -53
-22 -53
-22 -53
-22 -53
-22 -53
-22 -53
-22 -53
-22 -53
-22 -53
-22 -53
-22 -53
-22 -53
-22 -53
-22 -53
-29 -55
-29 -55
-29 -55
-29 -55
-29 -55
-29 -55
-29 -55
-29 -55
-29 -55
-29 -55
-29 -55
-29 -55
-29 -55
-29 -55
-29 -55
-29 -55
-29 -55
-29 -55
-29 -55
-29 -55
-29 -55
-28 -51
-28 -51
-28 -51
-28 -51
-28 -51
-28 -51
-28 -51
-28 -51
-28 -51
-28 -51
-28 -51
-28 -51
-28 -51
-28 -51
-28 -51
-28 -51
-28 -51
-28 -51
-28 -51
-28 -51
-28 -51
-28 -51
-28 -51
-28 -51
-28 -51
-28 -51
-28 -51
-28 -51
-28 -51
-28 -51
-28 -51
-28 -51
-28 -51
-28 -51
-28 -51
-28 -51
-28 -51
-28 -51
-28 -51
-28 -51
-28 -51
-28 -51
-28 -51
-28 -51
-28 -51
-28 -51
-28 -51
-28 -51
-28 -51
-28 -51
-28 -51
-28 -51
-28 -51
-28 -51
-28 -51
-28 -51
-28 -51
-28 -51
-28 -51
-28 -51
-28 -51
-28 -51
-28 -51
-28 -51
-28 -51
-28 -51
-28 -51
-28 -51
-28 -51
-28 -51
-28 -51
-28 -51
-28 -51
-28 -51
-28 -51
-28 -51
-28 -51
-28 -51
-27 -58
-30 -62
-30 -62
-30 -62
-30 -62
-30 -62
-30 -62
-30 -62
-30 -62
-30 -62
-30 -62
-30 -62
-30 -62
-30 -62
-30 -62
-30 -62
-30 -62
-30 -62
-30 -62
-30 -62
-30 -62
-30 -62
-30 -62
-30 -62
-30 -62
-30 -62
-30 -62
-30 -62
-30 -62
-30 -62
-30 -62
-30 -62
-30 -62
-30 -62
-30 -62
-30 -62
-30 -62
-30 -62
-30 -62
-32 -62
-32 -62
-32 -62
-32 -62
-32 -62
-32 -62
-32 -62
-32 -62
-32 -62
-32 -62
-32 -62
-32 -62
-32 -62
-32 -62
-32 -62
-32 -62
-32 -62
-32 -62
-32 -62
-32 -62
-32 -62
-32 -62
-32 -62
-30 -61
-30 -61
-30 -61
-30 -61
-30 -61
-30 -61
-30 -61
-30 -61
-30 -61
-30 -61
-30 -61
-30 -61
-30 -61
-30 -61
-30 -61
-30 -61
-30 -61
-30 -61
-30 -61
-30 -61
-30 -61
-30 -61
-30 -61
-30 -61
-30 -61
-30 -61
-30 -61
-30 -61
-30 -61
-30 -61
-30 -61
-30 -61
-30 -61
-30 -61
-30 -61
-30 -61
-30 -61
-30 -61
-30 -61
-30 -61
-30 -61
-30 -61
-30 -61
-30 -61
-30 -61
-30 -61
-30 -61
-30 -61
-30 -61
-30 -61
-30 -61
-34 -54
-34 -54
-34 -54
-34 -54
-34 -54
-34 -54
-34 -54
-34 -54
-34 -54
-34 -54
-34 -54
-34 -54
-34 -54
-34 -54
-34 -54
-34 -54
-34 -54
-34 -54
-34 -54
-34 -54
-34 -54
-34 -54
-34 -54
-34 -54
-34 -54
-43 -54
-43 -54
-43 -54
-43 -54
-43 -54
-43 -54
-43 -54
-43 -54
-43 -54
-43 -54
-43 -54
-43 -54
-43 -54
-43 -54
-43 -54
-43 -54
-43 -54
-43 -54
-43 -54
-43 -54
-43 -54
-43 -54
-43 -54
-43 -54
-43 -54
-43 -54
-43 -54
-43 -54
-43 -54
-43 -54
-43 -54
-43 -54
-43 -54
-43 -54
-43 -54
-43 -54
-43 -54
-43 -54
-43 -54
-43 -54
-43 -54
-43 -54
-43 -54
-43 -54
-43 -54
-43 -54
-43 -54
-43 -54
-43 -54
-42 -40
-42 -40
-42 -40
-42 -40
-42 -40
-42 -40
-42 -40
-42 -40
-42 -40
-42 -40
-42 -40
-42 -40
-42 -40
-42 -40
-42 -40
-42 -40
-42 -40
-42 -40
-42 -40
-42 -40
-42 -40
-42 -40
-42 -40
-42 -40
-42 -40
-42 -40
-42 -40
-42 -40
-42 -40
-42 -40
-42 -40
-42 -40
-42 -40
-42 -40
-42 -40
-42 -40
-42 -40
-42 -40
-42 -40
-42 -40
-42 -40
-42 -40
-42 -40
-42 -40
-42 -40
-42 -40
-42 -40
-42 -40
-42 -40
-42 -40
-42 -40
-43 -37
-43 -37
-43 -37
-43 -37
-43 -37
-43 -37
-43 -37
-43 -37
-43 -37
-43 -37
-43 -37
-43 -37
-43 -37
-43 -37
-43 -37
-43 -37
-43 -37
-43 -37
-43 -37
-43 -37
-43 -37
-43 -37
-43 -37
-51 -37
-51 -37
-51 -37
-51 -37
-51 -37
-51 -37
-51 -37
-51 -37
-51 -37
-51 -37
-51 -37
-51 -37
-51 -37
-51 -37
-51 -37
-51 -37
-51 -37
-51 -37
-51 -37
-51 -37
-51 -37
-51 -37
-51 -37
-51 -37
-51 -37
-55 -42
-55 -42
-55 -42
-55 -42
-55 -42
-55 -42
-55 -42
-55 -42
-55 -42
-55 -42
-55 -42
-55 -42
-55 -42
-55 -42
-55 -42
-55 -42
-55 -42
-55 -42
-55 -42
-55 -42
-55 -42
-55 -42
-55 -42
-57 -35
-57 -35
-57 -35
-57 -35
-57 -35
-57 -35
-57 -35
-57 -35
-57 -35
-57 -35
-57 -35
-57 -35
-57 -35
-57 -35
-57 -35
-57 -35
-57 -35
-57 -35
-57 -35
-57 -35
-57 -35
-57 -35
-57 -35
-57 -35
-57 -35
-57 -35
-57 -35
-57 -35
-56 -21
-56 -21
-56 -21
-56 -21
-56 -21
-56 -21
-56 -21
-56 -21
-56 -21
-56 -21
-56 -21
-56 -21
-56 -21
-56 -21
-56 -21
-56 -21
-56 -21
-56 -21
-56 -21
-56 -21
-56 -21
-56 -21
-56 -21
-56 -21
-56 -21
-56 -21
-56 -21
-56 -21
-56 -21
-56 -21
-56 -21
-56 -21
-56 -21
-56 -21
-56 -21
-56 -21
-56 -21
-56 -21
-56 -21
-56 -21
-56 -21
-56 -21
-56 -21
-56 -21
-56 -21
-56 -21
-56 -21
-56 -21
-56 -21
-56 -21
-56 -21
-56 -21
-56 -21
-56 -21
-56 -21
-56 -21
-56 -21
-56 -21
-56 -21
-56 -21
-56 -21
-56 -21
-56 -21
-56 -21
-56 -21
-56 -21
-69 -31
-74 -24
-74 -24
-74 -24
-74 -24
-74 -24
-74 -24
-74 -24
-74 -24
-74 -24
-74 -24
-74 -24
-74 -24
-74 -24
-74 -24
-74 -24
-74 -24
-74 -24
-74 -24
-74 -24
-74 -24
-74 -24
-74 -24
-74 -24
-74 -24
-74 -24
-74 -24
-74 -24
-74 -24
-74 -24
-74 -24
-74 -24
-74 -24
-74 -24
-74 -24
-74 -24
-74 -24
-74 -24
-74 -24
-74 -24
-74 -24
-74 -24
-74 -24
-74 -24
-74 -24
-74 -24
-74 -24
-74 -24
-74 -24
-74 -24
-74 -24
-77 -26
-77 -26
-77 -26
-77 -26
-77 -26
-77 -26
-77 -26
-77 -26
-77 -26
-77 -26
-77 -26
-77 -26
-77 -26
-77 -26
-77 -26
-77 -26
-77 -26
-77 -26
-77 -26
-74 -18
-74 -18
-74 -18
-74 -18
-74 -18
-74 -18
-74 -18
-74 -18
-74 -18
-74 -18
-74 -18
-74 -18
-74 -18
-74 -18
-74 -18
-74 -18
-74 -18
-74 -18
-81 -24
-81 -24
-81 -24
-81 -24
-81 -24
-81 -24
-81 -24
-81 -24
-81 -24
-81 -24
-81 -24
-81 -24
-81 -24
-81 -24
-81 -24
-81 -24
-81 -24
-81 -24
-81 -24
-81 -24
-81 -24
-81 -24
-81 -24
-81 -24
-81 -24
-81 -24
-81 -24
-81 -24
-81 -24
-81 -24
-81 -24
-81 -24
-81 -24
-81 -24
-81 -24
-81 -24
-81 -24
-81 -24
-81 -24
-81 -24
-81 -24
-81 -24
-81 -24
-73 -19
-73 -19
-73 -19
-73 -19
-73 -19
-73 -19
-73 -19
-73 -19
-73 -19
-73 -19
-73 -19
-73 -19
-73 -19
-73 -19
-73 -19
-73 -19
-73 -19
-73 -19
-73 -19
-73 -19
-73 -19
-73 -19
-73 -19
-73 -19
-73 -19
-73 -19
-73 -19
-73 -19
-73 -19
-73 -19
-73 -19
-73 -19
-73 -19
-73 -19
-73 -19
-73 -19
-73 -19
-73 -19
-73 -19
-73 -19
-73 -19
-73 -19
-73 -19
-73 -19
-73 -19
-73 -19
-73 -19
-73 -19
-73 -19
-73 -19
-73 -19
-73 -19
-73 -19
-73 -19
-73 -19
-73 -19
-73 -19
-73 -19
-73 -19
-73 -19
-73 -19
-73 -19
-73 -19
-73 -19
-73 -19
-73 -19
-73 -19
-73 -19
-73 -19
-73 -19
-73 -19
-73 -19
-73 -19
-73 -19
-73 -19
-73 -19
-73 -19
-73 -19
-73 -19
-73 -19
-73 -19
-73 -19
-73 -19
-73 -19
-73 -19
-73 -19
-73 -19
-73 -19
-73 -19
-73 -19
-73 -19
-73 -19
-73 -19
-73 -19
-73 -19
-80 -17
-80 -17
-80 -17
-74 -13
-74 -13
-74 -13
-74 -13
-74 -13
-74 -13
-74 -13
-74 -13
-74 -13
-74 -13
-74 -13
-74 -13
-74 -13
-74 -13
-74 -13
-74 -13
-74 -13
-74 -13
-82 -10
-82 -10
-82 -10
-82 -10
-82 -10
-82 -10
-82 -10
-82 -10
-82 -10
-82 -10
-82 -10
-82 -10
-82 -10
-82 -10
-82 -10
-82 -10
-82 -10
-82 -10
-82 -10
-82 -10
-82 -10
-82 -10
-74 -6
-74 -6
-74 -6
-74 -6
-74 -6
-74 -6
-74 -6
-74 -6
-74 -6
-74 -6
-74 -6
-74 -6
-74 -6
-74 -6
-74 -6
-74 -6
-74 -6
-74 -6
-74 -6
-74 -6
-74 -6
-74 -6
-74 -6
-74 -6
-74 -6
-74 -6
-74 -6
-74 -6
-74 -6
-74 -6
-74 -6
-74 -6
-74 -6
-74 -6
-74 -6
-74 -6
-74 -6
-74 -6
-74 -6
-74 -6
-74 -6
-74 -6
-74 -6
-74 -6
-74 -6
-74 -6
-74 -6
-74 -6
-74 -6
-74 -6
-74 -6
-74 -6
-74 -6
-74 -6
-74 -6
-74 -6
-74 -6
-74 -6
-74 -6
-74 -6
-74 -6
-74 -6
-74 -6
-74 -6
-74 -6
-74 -6
-74 -6
-74 -6
-82 -3
-82 -3
-82 -3
-82 -3
-82 -3
-82 -3
-82 -3
-82 -3
-82 -3
-82 -3
-82 -3
-82 -3
-82 -3
-82 -3
-82 -3
-82 -3
-82 -3
-82 -3
-82 -3
-82 -3
-82 -3
-82 -3
-82 -3
-82 -3
-82 -3
-82 -3
-82 -3
-82 -3
-82 -3
-82 -3
-82 0
-82 0
-82 0
-82 0
-82 0
-82 0
-82 0
-82 0
-82 0
-82 0
-82 0
-82 0
-82 0
-82 0
-82 0
-82 0
-82 0
-82 0
-82 0
-82 0
-82 0
-82 0
-84 3
-84 3
-84 3
-84 3
-84 3
-84 3
-84 3
-84 3
-84 3
-84 3
-84 3
-84 3
-84 3
-84 3
-84 3
-84 3
-84 3
-84 3
-84 3
-84 3
-84 3
-84 3
-84 3
-84 3
-84 3
-84 3
-84 3
-84 3
-84 3
-84 3
-84 3
-84 3
-84 3
-84 3
-84 3
-84 3
-84 3
-84 3
-84 3
-84 3
-84 3
-84 3
-84 3
-84 3
-84 3
-84 3
-84 3
-84 3
-84 3
-84 3
-84 3
-84 3
-84 3
-84 3
-84 3
-84 3
-84 3
-84 3
-84 3
-84 3
-84 3
-84 3
-82 7
-83 12
-83 12
-83 12
-83 12
-83 12
-83 12
-83 12
-83 12
-83 12
-83 12
-83 12
-83 12
-83 12
-83 12
-83 12
-83 12
-83 12
-83 12
-83 12
-83 12
-83 12
-83 12
-83 12
-83 12
-83 12
-83 12
-83 12
-83 12
-83 12
-83 12
-83 12
-83 12
-83 12
-83 12
-83 12
-83 12
-83 12
-83 12
-83 12
-83 12
-83 12
-83 12
-83 12
-83 12
-83 12
-83 12
-88 13
-88 13
-88 13
-88 13
-88 13
-88 13
-88 13
-88 13
-88 13
-88 13
-88 13
-88 13
-88 13
-88 13
-88 13
-88 13
-88 13
-88 13
-88 13
-88 13
-88 13
-88 13
-88 13
-88 13
-88 13
-88 13
-88 13
-88 13
-88 13
-88 13
-88 13
-88 13
-88 13
-88 13
-88 13
-88 13
-88 13
-88 13
-88 13
-88 13
-88 13
-88 13
-88 13
-88 13
-88 13
-88 13
-88 13
-88 13
-88 13
-88 13
-88 13
-88 13
-88 13
-88 13
-88 13
-88 13
-88 13
-88 13
-88 13
-88 13
-88 13
-88 13
-81 19
-81 19
-79 34
-79 34
-79 34
-79 34
-79 34
-79 34
-79 34
-79 34
-79 34
-79 34
-79 34
-79 34
-79 26
-79 26
-79 26
-79 26
-79 26
-79 26
-79 26
-79 26
-79 26
-79 26
-79 26
-79 26
-79 26
-79 26
-79 26
-79 26
-79 26
-79 35
-79 35
-79 35
-79 35
-79 35
-79 35
-79 35
-79 35
-79 35
-79 35
-79 35
-79 35
-79 35
-79 35
-79 35
-79 35
-79 35
-79 35
-79 35
-79 35
-79 35
-79 35
-79 35
-79 35
-79 35
-79 35
-79 35
-79 35
-79 35
-79 35
-79 35
-79 35
-79 35
-79 35
-79 35
-79 35
-79 35
-79 35
-79 35
-79 35
-79 35
-79 35
-79 35
-79 35
-79 35
-79 35
-79 35
-79 35
-77 36
-77 36
-77 36
-77 36
-77 36
-77 36
-77 36
-77 36
-77 36
-77 36
-77 36
-77 36
-77 36
-77 36
-77 36
-77 36
-77 36
-77 36
-77 36
-79 46
-79 46
-79 46
-79 46
-79 46
-79 46
-79 46
-79 46
-79 46
-79 46
-79 46
-79 46
-79 46
-79 46
-79 46
-79 46
-79 46
-79 46
-79 46
-79 46
-79 46
-79 57
-79 57
-79 57
-79 57
-79 57
-79 57
-79 57
-79 57
-79 57
-79 57
-79 57
-79 57
-79 57
-79 57
-79 57
-73 49
-73 49
-73 49
-73 49
-73 49
-73 49
-73 49
-73 49
-73 49
-73 49
-73 49
-73 49
-73 49
-73 49
-73 49
-73 49
-73 49
-73 49
-69 50
-69 50
-69 50
-69 50
-69 50
-69 50
-69 50
-69 50
-69 50
-69 50
-69 50
-69 50
-69 50
-69 50
-69 50
-69 50
-69 50
-69 50
-69 50
-69 50
-69 50
-69 50
-69 50
-69 50
-69 50
-69 50
-69 50
-69 50
-69 50
-69 50
-69 50
-69 50
-69 50
-69 50
-69 50
-69 50
-69 50
-69 50
-69 50
-69 50
-90 60
-90 60
-90 60
-90 60
-90 60
-90 60
-90 60
-90 60
-90 60
-90 60
-90 60
-90 60
-90 60
-90 60
-90 60
-90 60
-90 60
-90 60
-90 60
-90 60
-90 60
-90 60
-90 60
-90 60
-90 60
-90 60
-90 60
-90 60
-90 60
-90 60
-90 60
-77 69
-77 69
-77 69
-77 69
-77 69
-77 69
-77 69
-77 69
-77 69
-77 69
-77 69
-77 69
-77 69
-77 69
-77 69
-77 69
-77 69
-77 69
-77 69
-77 69
-77 69
-77 69
-77 69
-77 69
-77 69
-77 69
-77 69
-77 69
-77 69
-77 69
-77 69
-77 69
-77 69
-77 69
-77 69
-77 69
-77 69
-77 69
-77 69
-77 69
-77 69
-77 69
-77 69
-77 69
-77 69
-77 69
-77 69
-77 69
-77 69
-77 69
-77 69
-74 74
-65 70
-65 70
-65 70
-65 70
-65 70
-65 70
-65 70
-65 70
-65 70
-65 70
-65 70
-65 70
-65 70
-65 70
-65 70
-65 70
-65 70
-65 70
-65 70
-65 70
-65 70
-65 70
-65 70
-65 70
-65 70
-65 70
-65 70
-65 70
-65 70
-65 70
-65 70
-65 70
-65 70
-65 70
-65 70
-65 70
-64 79
-64 79
-64 79
-64 79
-64 79
-64 79
-64 79
-64 79
-64 79
-64 79
-64 79
-64 79
-64 79
-64 79
-64 79
-70 79
-70 79
-70 79
-70 79
-70 79
-70 79
-70 79
-70 79
-70 79
-70 79
-70 79
-70 79
-70 79
-70 79
-70 79
-70 79
-70 79
-70 79
-70 79
-70 79
-70 79
-70 79
-70 79
-70 79
-70 79
-70 79
-70 79
-70 79
-51 73
-51 73
-51 73
-51 73
-51 73
-51 73
-51 73
-51 73
-51 73
-51 73
-51 73
-51 73
-51 73
-51 73
-51 73
-51 73
-51 73
-51 73
-51 73
-51 73
-51 73
-51 73
-51 73
-51 73
-51 73
-51 73
-51 73
-51 73
-51 73
-51 73
-51 73
-51 73
-51 73
-49 77
-49 77
-49 77
-49 77
-49 77
-49 77
-49 77
-49 77
-49 77
-49 77
-49 77
-49 77
-49 77
-49 77
-49 77
-49 77
-40 79
-40 79
-40 79
-40 79
-40 79
-40 79
-40 79
-40 79
-40 79
-40 79
-40 79
-40 79
-40 79
-40 79
-40 79
-40 79
-40 79
-40 79
-40 79
-40 79
-40 79
-40 79
-40 79
-40 79
-40 79
-40 79
-40 79
-40 79
-40 79
-40 79
-40 79
-40 79
-40 79
-40 79
-28 83
-28 83
-28 83
-28 83
-28 83
-28 83
-28 83
-28 83
-28 83
-28 83
-28 83
-28 83
-28 83
-28 83
-28 83
-28 83
-28 83
-28 83
-28 83
-28 83
-28 83
-28 83
-28 83
-28 83
-28 83
-28 83
-28 83
-28 83
-28 83
-28 83
-28 83
-28 83
-28 83
-28 83
-28 83
-28 83
-28 83
-28 83
-28 83
-28 83
-28 83
-28 83
-28 83
-28 83
-28 83
-28 83
-28 83
-28 83
-28 83
-28 83
-28 83
-28 83
-28 83
-28 83
-28 83
-28 83
-28 83
-28 83
-28 83
-28 83
-28 83
-28 83
-28 83
-28 83
-28 83
-28 83
-28 83
-28 83
-31 82
-28 73
-29 78
-29 78
-29 78
-29 78
-29 78
-29 78
-29 78
-29 78
-29 78
-29 78
-29 78
-29 78
-29 78
-29 78
-20 81
-20 81
-20 81
-20 81
-20 81
-20 81
-20 81
-20 81
-20 81
-20 81
-20 81
-20 81
-20 81
-20 81
-20 81
-20 81
-20 81
-20 81
-20 81
-20 81
-20 81
-20 81
-20 81
-20 81
-20 81
-20 81
-20 81
-20 81
-20 81
-20 81
-20 81
-20 81
-20 81
-24 73
-24 73
-24 73
-24 73
-24 73
-24 73
-24 73
-24 73
-24 73
-24 73
-24 73
-24 73
-24 73
-24 73
-18 72
-18 72
-18 72
-18 72
-18 72
-18 72
-18 72
-18 72
-18 72
-18 72
-18 72
-18 72
-18 72
-18 72
-18 72
-18 72
-18 72
-18 72
-18 72
-18 72
-18 72
-18 72
-18 72
-18 72
-18 72
-18 72
-18 72
-18 72
-18 72
-18 72
-18 72
-18 72
-18 72
-18 72
-18 72
-16 72
-16 72
-16 72
-16 72
-16 72
-16 72
-16 72
-16 72
-16 72
-16 72
-16 72
-16 72
-16 72
-16 72
-16 72
-16 72
-16 72
-16 72
-16 72
-16 72
-16 72
-16 72
-16 72
-16 72
-16 72
-16 72
-16 72
-16 72
-16 72
-16 72
-16 72
-16 72
-16 72
-16 72
-16 72
-16 72
-16 72
-16 72
-16 72
-16 72
-16 72
-16 72
-16 72
-16 72
-16 72
-16 72
-16 72
-16 72
-8 71
-4 69
-4 69
-4 69
-4 69
-4 69
-4 69
-4 69
-4 69
-4 69
-4 69
-4 69
-4 69
-4 69
-4 69
-4 69
-4 69
-2 62
-2 62
-2 62
-2 62
-2 62
-2 62
-2 62
-2 62
-2 62
-2 62
-2 62
-2 62
-2 62
-2 62
-2 62
-2 62
2 63
2 63
2 63
2 63
2 63
2 63
2 63
2 63
2 63
2 63
2 63
2 63
2 63
2 63
2 63
2 63
2 63
3 60
3 60
3 60
3 60
3 60
3 60
3 60
3 60
3 60
3 60
3 60
3 60
3 60
3 60
3 60
3 60
3 60
3 60
3 60
3 60
3 60
3 60
3 60
3 60
3 60
3 60
3 60
3 60
3 60
3 60
3 60
3 60
3 60
3 60
3 60
3 60
3 60
3 60
3 60
3 60
3 60
3 60
3 60
3 60
3 60
3 60
3 60
3 60
3 60
3 60
3 60
3 60
3 67
9 62
9 62
9 62
9 62
9 62
9 62
9 62
9 62
9 62
9 62
9 62
9 62
9 62
9 62
9 62
9 62
9 62
9 62
9 62
9 62
9 62
9 62
9 62
9 62
9 62
9 62
9 62
9 62
9 62
9 62
9 62
9 62
9 62
9 62
8 61
8 61
8 61
8 61
8 61
8 61
8 61
8 61
8 61
8 61
8 61
8 61
8 61
8 61
8 61
8 61
12 58
12 58
12 58
12 58
12 58
12 58
12 58
12 58
12 58
12 58
12 58
12 58
12 58
12 58
12 58
12 58
12 58
12 58
12 58
12 58
12 58
12 58
12 58
12 58
12 58
12 58
12 58
12 58
12 58
12 58
12 58
12 58
12 58
10 70
10 70
10 70
10 70
10 70
10 70
10 70
10 70
10 70
10 70
10 70
10 70
10 70
10 70
10 70
10 70
10 70
16 63
16 63
16 63
16 63
16 63
16 63
16 63
16 63
16 63
16 63
16 63
16 63
16 63
16 63
16 63
16 63
16 63
16 63
16 63
16 63
16 63
16 63
16 63
16 63
16 63
16 63
16 63
16 63
16 63
16 63
16 63
16 63
16 63
16 63
16 63
16 63
15 66
15 66
15 66
15 66
15 66
15 66
15 66
15 66
15 66
15 66
15 66
15 66
15 66
15 66
15 66
15 66
15 66
15 66
15 66
15 66
15 66
15 66
15 66
15 66
15 66
15 66
15 66
15 66
15 66
15 66
15 66
15 66
15 66
15 66
15 66
15 66
15 66
15 66
17 66
11 55
11 55
11 55
11 55
11 55
11 55
11 55
11 55
11 55
11 55
11 55
11 55
11 55
11 55
11 55
11 55
11 55
11 55
11 55
11 55
11 55
18 59
18 59
18 59
18 59
18 59
18 59
18 59
18 59
18 59
18 59
18 59
18 59
18 59
18 59
18 59
18 59
18 59
18 59
18 59
18 59
18 59
18 59
18 59
18 59
18 59
18 59
18 59
18 59
18 59
18 59
18 59
18 59
18 59
18 59
18 59
18 59
18 59
18 59
18 59
18 59
18 59
14 64
14 64
14 64
14 64
14 64
14 64
14 64
14 64
14 64
14 64
14 64
14 64
14 64
14 64
14 64
14 64
14 64
14 64
14 64
14 64
14 64
14 64
14 64
14 64
14 64
14 64
14 64
14 64
14 64
14 64
14 64
14 64
14 64
16 54
17 59
17 59
17 59
17 59
17 59
17 59
17 59
17 59
17 59
17 59
17 59
17 59
17 59
17 59
17 59
17 59
17 59
17 59
17 59
17 59
17 59
17 59
17 59
17 59
17 59
17 59
17 59
17 59
17 59
17 59
17 59
21 58
21 58
21 58
21 58
21 58
21 58
21 58
21 58
21 58
21 58
21 58
21 58
21 58
21 58
17 60
17 60
17 60
17 60
17 60
17 60
17 60
17 60
17 60
17 60
17 60
17 60
17 60
17 60
17 60
17 60
17 60
17 60
17 60
17 60
17 60
17 60
17 60
17 60
17 60
17 60
17 60
17 60
17 60
17 60
17 60
17 60
17 60
17 60
20 53
20 53
20 53
20 53
20 53
20 53
20 53
20 53
20 53
20 53
20 53
20 53
20 53
20 53
20 53
20 53
20 53
20 53
26 53
26 53
26 53
26 53
26 53
26 53
26 53
26 53
26 53
26 53
26 53
26 53
26 53
26 53
26 53
26 53
26 53
26 53
26 53
26 53
26 53
26 53
26 53
26 53
26 53
26 53
26 53
26 53
26 53
26 53
26 53
26 53
26 53
26 53
26 53
27 59
27 59
27 59
27 59
27 59
27 59
27 59
27 59
27 59
27 59
27 59
27 59
27 59
27 59
27 59
27 59
27 59
27 59
27 59
27 59
27 59
27 59
27 59
27 59
27 59
27 59
27 59
27 59
27 59
27 59
30 57
33 56
33 56
33 56
33 56
33 56
33 56
33 56
33 56
33 56
33 56
33 56
33 56
33 56
33 56
33 56
33 56
33 56
33 56
33 56
33 56
33 56
33 56
33 56
33 56
33 56
33 56
33 56
33 56
33 56
33 56
33 56
36 57
36 57
36 57
36 57
36 57
36 57
36 57
36 57
36 57
36 57
36 57
36 57
36 57
36 57
36 57
36 57
28 60
28 60
28 60
28 60
28 60
28 60
28 60
28 60
28 60
28 60
28 60
28 60
28 60
28 60
28 60
42 62
42 62
42 62
42 62
42 62
42 62
42 62
42 62
42 62
42 62
42 62
42 62
42 62
42 62
42 62
42 62
42 62
42 62
42 62
42 62
42 62
42 62
42 62
42 62
42 62
42 62
42 62
42 62
42 62
42 62
42 62
42 62
42 62
50 53
50 53
50 53
50 53
50 53
50 53
50 53
50 53
50 53
50 53
50 53
50 53
50 53
50 53
50 53
50 53
50 53
50 53
50 53
50 53
50 53
50 53
50 53
50 53
50 53
50 53
50 53
50 53
50 53
50 53
51 63
51 63
51 63
51 63
51 63
51 63
51 63
51 63
51 63
51 63
51 63
51 63
51 63
51 63
51 63
51 63
51 63
51 63
58 54
58 54
58 54
58 54
58 54
58 54
58 54
58 54
58 54
58 54
58 54
58 54
58 54
58 54
58 54
62 54
62 54
62 54
62 54
62 54
62 54
62 54
62 54
62 54
62 54
62 54
62 54
62 54
66 48
66 48
66 48
66 48
66 48
66 48
66 48
66 48
66 48
66 48
66 48
66 48
66 48
66 48
66 48
66 48
66 48
66 48
66 48
66 48
66 48
66 48
66 48
66 48
66 48
66 48
66 48
66 48
66 48
66 48
66 48
66 48
66 48
66 48
66 48
76 52
76 52
76 52
76 52
76 52
76 52
76 52
76 52
76 52
76 52
76 52
76 52
76 52
76 52
76 52
76 52
76 52
76 52
76 52
76 52
76 52
76 52
76 52
76 52
76 52
76 52
76 52
76 52
76 52
76 52
81 42
81 42
81 42
81 42
81 42
81 42
81 42
81 42
81 42
81 42
81 42
81 42
81 42
81 42
81 42
81 42
81 42
81 42
81 42
81 42
81 42
81 42
81 42
81 42
81 42
81 42
81 42
81 42
81 42
81 42
81 42
81 42
81 42
76 38
80 37
80 37
80 37
80 37
80 37
80 37
80 37
80 37
80 37
80 37
80 37
80 37
80 37
80 37
80 37
80 37
80 37
80 37
80 37
80 37
80 37
80 37
80 37
80 37
80 37
80 37
80 37
80 37
80 37
80 37
80 37
80 37
80 37
80 37
72 27
72 27
72 27
72 27
72 27
72 27
72 27
72 27
72 27
72 27
72 27
72 27
72 27
72 27
72 27
92 35
92 35
92 35
92 35
92 35
92 35
92 35
92 35
92 35
92 35
92 35
92 35
92 35
92 35
92 35
92 35
92 35
91 31
91 31
91 31
91 31
91 31
91 31
91 31
91 31
91 31
91 31
91 31
91 31
91 31
91 31
91 31
91 31
91 31
91 31
91 31
91 31
91 31
91 31
91 31
91 31
91 31
91 31
91 31
91 31
91 31
91 31
91 31
91 31
91 31
91 31
91 31
91 31
91 31
91 31
91 31
91 31
91 31
91 31
91 31
91 31
91 31
91 31
91 31
91 31
91 31
91 31
91 31
91 31
91 31
91 31
91 31
91 31
91 31
91 31
91 31
91 31
91 31
91 31
91 31
77 26
77 26
77 26
77 26
77 26
77 26
77 26
77 26
77 26
77 26
77 26
77 26
77 26
77 26
77 26
77 26
78 23
78 23
78 23
78 23
78 23
78 23
78 23
78 23
78 23
78 23
78 23
78 23
78 23
78 23
78 23
78 23
78 23
72 13
72 13
72 13
72 13
72 13
72 13
72 13
72 13
72 13
72 13
72 13
72 13
72 13
72 13
72 13
83 11
83 11
83 11
83 11
83 11
83 11
83 11
83 11
83 11
83 11
83 11
83 11
83 11
83 11
83 11
83 11
83 11
83 11
83 11
83 11
83 11
83 11
83 11
83 11
83 11
83 11
83 11
83 11
83 11
83 11
83 11
80 12
80 12
80 12
80 12
80 12
80 12
80 12
80 12
80 12
80 12
80 12
80 12
80 12
80 12
80 12
80 12
80 12
80 12
80 12
80 12
80 12
80 12
80 12
80 12
80 12
80 12
80 12
80 12
80 12
80 12
80 12
80 12
80 12
80 12
77 11
72 10
72 10
72 10
72 10
72 10
72 10
72 10
72 10
72 10
72 10
72 10
72 10
72 10
72 10
72 10
72 10
72 10
72 10
72 10
72 10
72 10
72 10
72 10
72 10
72 10
72 10
72 10
72 10
72 10
72 10
72 10
72 10
72 10
72 10
73 3
73 3
73 3
73 3
73 3
73 3
73 3
73 3
73 3
73 3
73 3
73 3
73 3
73 3
73 3
73 3
73 3
73 3
73 3
73 3
73 3
73 3
73 3
73 3
73 3
73 3
73 3
73 3
73 3
73 3
73 3
73 3
73 3
73 3
73 3
73 3
73 3
73 3
73 3
73 3
73 3
73 3
73 3
73 3
73 3
73 3
73 3
73 3
73 3
73 3
73 3
73 3
73 3
73 3
73 3
73 3
73 3
73 3
73 3
73 3
73 3
73 3
73 3
73 3
73 3
73 3
73 3
73 3
73 3
73 3
73 3
73 3
73 3
64 -6
64 -6
64 -6
64 -6
64 -6
64 -6
64 -6
64 -6
64 -6
64 -6
64 -6
64 -6
64 -6
64 -6
64 -6
64 -6
64 -6
64 -6
64 -6
64 -6
64 -6
64 -6
64 -6
64 -6
64 -6
64 -6
64 -6
64 -6
64 -6
64 -6
64 -6
64 -6
64 -6
64 -6
69 1
61 -11
61 -11
61 -11
61 -11
61 -11
61 -11
61 -11
61 -11
61 -11
61 -11
61 -11
61 -11
61 -11
61 -11
61 -11
61 -11
61 -11
61 -11
61 -11
61 -11
61 -11
61 -11
61 -11
61 -11
61 -11
61 -11
61 -11
61 -11
61 -11
61 -11
61 -11
61 -11
61 -11
61 -11
65 -15
65 -15
65 -15
65 -15
65 -15
65 -15
65 -15
65 -15
65 -15
65 -15
65 -15
65 -15
65 -15
65 -15
65 -15
65 -15
65 -15
65 -15
54 -11
54 -11
54 -11
54 -11
54 -11
54 -11
54 -11
54 -11
54 -11
54 -11
54 -11
54 -11
54 -11
54 -11
54 -11
54 -11
54 -11
54 -11
54 -11
54 -11
54 -11
54 -11
54 -11
54 -11
54 -11
54 -11
54 -11
54 -11
54 -11
54 -11
54 -11
54 -11
54 -11
54 -11
58 -23
58 -23
58 -23
58 -23
58 -23
58 -23
58 -23
58 -23
58 -23
58 -23
58 -23
58 -23
58 -23
58 -23
58 -23
58 -23
58 -23
58 -23
58 -23
58 -23
58 -23
58 -23
58 -23
58 -23
58 -23
58 -23
58 -23
58 -21
58 -21
58 -21
58 -21
58 -21
58 -21
58 -21
58 -21
58 -21
58 -21
58 -21
58 -21
58 -21
58 -21
58 -21
58 -21
58 -21
58 -21
58 -21
58 -21
58 -21
58 -21
58 -21
58 -21
58 -21
58 -21
58 -21
58 -21
58 -21
58 -21
58 -21
58 -21
56 -30
56 -30
56 -30
56 -30
56 -30
56 -30
56 -30
56 -30
56 -30
56 -30
56 -30
56 -30
56 -30
56 -30
56 -30
56 -30
56 -30
60 -31
60 -31
60 -31
60 -31
60 -31
60 -31
60 -31
60 -31
60 -31
60 -31
60 -31
60 -31
60 -31
60 -31
60 -31
60 -31
60 -31
55 -31
55 -31
55 -31
55 -31
55 -31
55 -31
55 -31
55 -31
55 -31
55 -31
55 -31
55 -31
55 -31
55 -31
55 -31
55 -31
55 -31
55 -31
55 -31
55 -31
55 -31
55 -31
55 -31
55 -31
55 -31
55 -31
55 -31
55 -31
55 -31
55 -31
55 -31
55 -31
55 -31
55 -31
55 -31
55 -31
54 -40
54 -40
54 -40
54 -40
54 -40
54 -40
54 -40
54 -40
54 -40
54 -40
54 -40
54 -40
54 -40
54 -40
54 -40
54 -40
54 -40
54 -40
54 -40
54 -40
54 -40
54 -40
54 -40
54 -40
54 -40
54 -40
54 -40
54 -40
54 -40
54 -40
54 -40
54 -40
54 -40
54 -40
55 -50
55 -50
55 -50
55 -50
55 -50
55 -50
55 -50
55 -50
55 -50
55 -50
55 -50
55 -50
55 -50
55 -50
55 -50
55 -50
55 -50
55 -50
55 -50
55 -50
55 -50
55 -50
55 -50
55 -50
55 -50
55 -50
55 -50
55 -50
55 -50
55 -50
55 -50
55 -50
55 -50
55 -50
56 -52
56 -52
56 -52
56 -52
56 -52
56 -52
56 -52
56 -52
56 -52
56 -52
56 -52
56 -52
56 -52
56 -52
56 -52
56 -52
56 -52
56 -52
56 -52
56 -52
56 -52
56 -52
56 -52
56 -52
56 -52
56 -52
56 -52
56 -52
56 -52
56 -52
56 -52
56 -52
56 -52
50 -67
50 -67
50 -67
50 -67
50 -67
50 -67
50 -67
50 -67
50 -67
50 -67
50 -67
50 -67
50 -67
50 -67
50 -67
50 -67
50 -67
50 -69
50 -69
50 -69
50 -69
50 -69
50 -69
50 -69
50 -69
50 -69
50 -69
50 -69
50 -69
50 -69
50 -69
50 -69
50 -69
50 -69
50 -69
50 -69
50 -69
50 -69
50 -69
50 -69
50 -69
50 -69
50 -69
50 -69
50 -69
50 -69
50 -69
50 -69
50 -69
50 -69
50 -69
47 -53
47 -53
47 -53
47 -53
47 -53
47 -53
47 -53
47 -53
47 -53
47 -53
47 -53
47 -53
47 -53
47 -53
47 -53
47 -53
47 -53
52 -66
52 -66
52 -66
52 -66
52 -66
52 -66
52 -66
52 -66
52 -66
52 -66
52 -66
52 -66
52 -66
52 -66
52 -66
52 -66
52 -66
52 -66
52 -66
52 -66
52 -66
52 -66
52 -66
52 -66
52 -66
52 -66
52 -66
52 -66
52 -66
52 -66
51 -69
51 -69
51 -69
51 -69
51 -69
51 -69
51 -69
51 -69
51 -69
51 -69
51 -69
51 -69
51 -69
51 -69
51 -69
51 -69
43 -71
43 -71
43 -71
43 -71
43 -71
43 -71
43 -71
43 -71
43 -71
43 -71
43 -71
43 -71
43 -71
43 -71
43 -71
43 -71
43 -71
43 -71
31 -63
31 -63
31 -63
31 -63
31 -63
31 -63
31 -63
31 -63
31 -63
31 -63
31 -63
31 -63
31 -63
30 -71
30 -71
30 -71
30 -71
30 -71
30 -71
30 -71
30 -71
30 -71
30 -71
30 -71
30 -71
30 -71
30 -71
30 -71
30 -71
30 -71
30 -71
30 -71
30 -71
30 -71
30 -71
30 -71
30 -71
30 -71
30 -71
30 -71
30 -71
30 -71
30 -71
30 -71
30 -71
30 -71
34 -80
34 -80
34 -80
34 -80
34 -80
34 -80
34 -80
34 -80
34 -80
34 -80
34 -80
34 -80
34 -80
34 -80
34 -80
34 -80
34 -80
34 -80
34 -80
34 -80
34 -80
34 -80
34 -80
34 -80
34 -80
34 -80
34 -80
34 -80
34 -80
34 -80
34 -80
34 -80
34 -80
34 -80
34 -80
26 -78
18 -77
18 -77
18 -77
18 -77
18 -77
18 -77
18 -77
18 -77
18 -77
18 -77
18 -77
18 -77
18 -77
18 -77
18 -77
18 -77
18 -77
18 -77
18 -77
18 -77
18 -77
18 -77
18 -77
18 -77
18 -77
18 -77
18 -77
18 -77
18 -77
18 -77
18 -77
18 -77
18 -77
19 -74
19 -74
19 -74
19 -74
19 -74
19 -74
19 -74
19 -74
19 -74
19 -74
19 -74
19 -74
19 -74
19 -74
19 -74
19 -74
19 -74
16 -72
16 -72
16 -72
16 -72
16 -72
16 -72
16 -72
16 -72
16 -72
16 -72
16 -72
16 -72
16 -72
16 -72
16 -72
16 -72
16 -72
16 -72
16 -72
16 -72
16 -72
16 -72
16 -72
16 -72
16 -72
16 -72
16 -72
16 -72
16 -72
16 -72
16 -72
14 -77
14 -77
14 -77
14 -77
14 -77
14 -77
14 -77
14 -77
14 -77
14 -77
14 -77
14 -77
14 -77
14 -77
14 -77
14 -77
14 -77
14 -77
12 -64
12 -64
12 -64
12 -64
12 -64
12 -64
12 -64
12 -64
12 -64
12 -64
12 -64
12 -64
12 -64
12 -64
12 -64
12 -64
12 -64
12 -64
12 -64
12 -64
12 -64
12 -64
12 -64
12 -64
12 -64
12 -64
12 -64
12 -64
12 -64
12 -64
12 -64
12 -64
12 -64
12 -64
12 -64
12 -64
12 -64
12 -64
12 -64
10 -61
10 -61
10 -61
10 -61
10 -61
10 -61
10 -61
10 -61
10 -61
10 -61
10 -61
10 -61
10 -61
10 -61
10 -61
10 -61
10 -61
10 -61
10 -61
10 -61
10 -61
10 -61
10 -61
10 -61
10 -61
10 -61
10 -61
10 -61
10 -61
10 -61
10 -61
10 -61
10 -61
10 -61
10 -61
10 -61
10 -61
10 -61
10 -61
10 -61
10 -61
10 -61
10 -61
10 -61
10 -61
10 -61
10 -61
10 -61
10 -61
10 -61
10 -61
10 -61
10 -61
10 -61
10 -61
5 -61
6 -53
6 -53
6 -53
6 -53
6 -53
6 -53
6 -53
6 -53
6 -53
6 -53
6 -53
6 -53
-1 -52
-1 -52
-1 -52
-1 -52
-1 -52
-1 -52
-1 -52
-1 -52
-1 -52
-1 -52
-1 -52
-1 -52
-1 -52
-1 -52
-1 -52
-1 -52
-1 -52
-1 -52
4 -44
4 -44
4 -44
4 -44
4 -44
4 -44
4 -44
4 -44
4 -44
4 -44
4 -44
4 -44
4 -44
4 -44
4 -44
4 -44
4 -44
4 -44
4 -44
4 -44
4 -44
4 -44
4 -44
4 -44
4 -44
4 -44
4 -44
4 -44
4 -44
4 -44
4 -44
4 -44
4 -44
4 -44
0 -37
0 -37
0 -37
0 -37
0 -37
0 -37
0 -37
0 -37
0 -37
0 -37
0 -37
0 -37
0 -37
0 -37
0 -37
0 -37
0 -37
0 -37
0 -37
0 -37
0 -37
0 -37
0 -37
0 -37
0 -37
0 -37
0 -37
0 -37
0 -37
0 -37
0 -37
0 -37
0 -37
0 -37
0 -37
-1 -25
-1 -25
-1 -25
-1 -25
-1 -25
-1 -25
-1 -25
-1 -25
-1 -25
-1 -25
-1 -25
-1 -25
-1 -25
-1 -25
-1 -25
-1 -25
-2 -17
-2 -17
-2 -17
-2 -17
-2 -17
-2 -17
-2 -17
-2 -17
-2 -17
-2 -17
-2 -17
-2 -17
-2 -17
-2 -17
-2 -17
-2 -17
-2 -17
-2 -17
-2 -17
-2 -17
-2 -17
-2 -17
-2 -17
-2 -17
-2 -17
-2 -17
-2 -17
-2 -17
-2 -17
-2 -17
-2 -17
0 -14
0 -14
0 -14
0 -14
0 -14
0 -14
0 -14
0 -14
0 -14
0 -14
0 -14
0 -14
0 -14
0 -14
0 -14
-1 -10
-1 -10
-1 -10
-1 -10
-1 -10
-1 -10
-1 -10
-1 -10
-1 -10
-1 -10
-1 -10
-1 -10
-1 -10
-1 -10
-1 -10
-1 -10
-1 -10
-1 -10
-1 -10
-1 -10
-1 -10
-1 -10
-1 -10
-1 -10
-1 -10
-1 -10
-1 -10
-1 -10
-1 -10
-1 -10
-1 -10
0 -6
0 -6
0 -6
0 -6
0 -6
0 -6
0 -6
0 -6
0 -6
0 -6
0 -6
0 -6
0 -6
0 -6
0 -6
0 -6
0 -6
0 -6
0 -6
0 -6
0 -6
0 -6
0 -6
0 -6
0 -6
0 -6
0 -6
0 -6
0 -6
0 -6
0 -6
0 -2
0 -2
0 -2
0 -2
0 -2
0 -2
0 -2
0 -2
0 -2
0 -2
0 -2
0 -2
0 -2
0 -2
0 -2
0 -2
0 -2
0 -2
0 -2
0 -2
0 -2
0 -2
0 -2
0 -2
0 -2
0 -2
0 -2
0 -2
0 -2
0 -2
0 -2
0 -2
0 -2
0 -2
0 -2
0 -2
0 -2
0 -2
0 -2
0 -2
0 -2
0 -2
0 -2
0 -2
0 -2
0 -2
0 -2
0 -2
0 -2
0 -2
0 -2
0 -2
0 -2
0 -2
0 -2
0 -2
0 -2
0 -2
0 -2
0 -2
0 -2
0 -2
0 -2
0 -2
0 -2
0 -2
0 -2
0 -2
0 -2
0 -2
0 -2
0 -2
0 -2
0 -2
0 -2
0 -2
0 -2
0 -2
0 -2
0 -2
0 -2
0 -2
0 -2
0 -2
0 -2
0 -2
0 -2
0 -2
0 -2
0 -2
0 -2
0 -2
0 -2
0 -2
0 -2
0 -2
0 -2
0 -2
0 -2
0 -2
0 -2
0 -2
0 -2
0 -2
0 -2
0 -2
0 -2
0 -2
0 -2
0 -2
0 -2
0 -2
0 -2
0 -2
0 -2
0 -2
0 -2
0 -2
0 -2
0 -2
0 -2
0 -2
0 -2
0 -2
0 -2
0 -2
0 -2
0 -2
0 -2
0 -2
0 -2
0 -2
0 -2
0 -2
0 -2
0 -2
0 -2
0 -2
0 -2
0 -2
0 -2
0 -2
0 -2
0 -2
0 -2
0 -2
0 -2
0 -2
0 -2
0 -2
0 -2
0 -2
0 -2
0 -2
0 -2
0 -2
0 -2
0 -2
0 -2
0 -2
0 -2
0 -2
0 -2
0 -2
0 -2
0 -2
0 -2
0 -2
0 -2
0 -2
0 -2
0 -2
0 -2
0 -2
0 -2
0 -2
0 -2
0 -2
0 -2
0 -2
0 -2
0 -2
0 -2
0 -2
0 -2
0 -2
0 -2
0 -2
0 -2
0 -2
0 -2
0 -2
0 -2
0 -2
0 -2
0 -2
0 -2
0 -2
0 -2
0 -2
0 -2
0 -2
0 -2
0 -2
0 -2
0 -2
0 -2
0 -2
0 -2
0 -2
0 -2
0 -2
0 -2
0 -2
0 -2
0 -2
0 -2
0 -2
0 -2
0 -2
0 -2
0 -2
0 -2
0 -2
0 -2
0 -2
0 -2
0 -2
0 -2
0 -2
0 -2
0 -2
0 -2
0 -2
0 -2
0 -2
0 -2
0 -2
0 -2
0 -2
0 -2
0 -2
0 -2
0 -2
0 -2
0 -2
0 -2
0 -2
0 -2
0 -2
0 -2
0 -2
0 -2
0 -2
0 -2
0 -2
0 -2
0 -2
0 -2
0 -2
0 -2
0 -2
0 -2
0 -2
0 -2
0 -2
0 -2
0 -2
0 -2
0 -2
0 -2
0 -2
0 -2
0 -2
0 -2
0 -2
0 -2
0 -2
0 -2
0 -2
0 -2
0 -2
0 -2
0 -2
0 -2
0 -2
0 -2
0 -2
0 -2
0 -2
0 -2
0 -2
0 -2
0 -2
0 -2
0 -2
0 -2
0 -2
0 -2
0 -2
0 -2
0 -2
0 -2
0 -2
0 -2
0 -2
0 -2
0 -2
0 -2
0 -2
0 -2
0 -2
0 -2
0 -2
0 -2
0 -2
0 -2
0 -2
0 -2
0 -2
0 -2
0 -2
0 -2
0 -2
0 -2
0 -2
0 -2
0 -2
0 -2
0 -2
0 -2
0 -2
0 -2
0 -2
0 -2
0 -2
0 -2
0 -2
0 -2
0 -2
0 -2
0 -2
0 -2
0 -2
0 -2
0 -2
0 -2
0 -2
0 -2
0 -2
0 -2
0 -2
0 -2
0 -2
0 -2
0 -2
0 -2
0 -2
0 -2
0 -2
0 -2
0 -2
0 -2
0 -2
0 -2
0 -2
0 -2
0 -2
0 -2
0 -2
0 -2
0 -2
0 -2
0 -2
0 -2
0 -2
0 -2
0 -2
0 -2
0 -2
0 -2
0 -2
0 -2
0 -2
0 -2
0 -2
0 -2
0 -2
0 -2
0 -2
0 -2
0 -2
0 -2
0 -2
0 -2
0 -2
0 -2
0 -2
0 -2
0 -2
0 -2
0 -2
0 -2
0 -2
0 -2
0 -2
0 -2
0 -2
0 -2
0 -2
0 -2
0 -2
0 -2
0 -2
0 -2
0 -2
0 -2
0 -2
0 -2
0 -2
0 -2
0 -2
0 -2
0 -2
0 -2
0 -2
0 -2
0 -2
0 -2
0 -2
0 -2
0 -2
0 -2
0 -2
0 -2
0 -2
0 -2
0 -2
0 -2
0 -2
0 -2
0 -2
0 -2
0 -2
0 -2
0 -2
0 -2
0 -2
0 -2
0 -2
0 -2
0 -2
0 -2
0 -2
0 -2
0 -2
0 -2
0 -2
0 -2
0 -2
0 -2
0 -2
0 -2
0 -2
0 -2
0 -2
0 -2
0 -2
0 -2
0 -2
0 -2
0 -2
0 -2
0 -2
0 -2
0 -2
0 -2
0 -2
0 -2
0 -2
0 -2
0 -2
0 -2
0 -2
0 -2
0 -2
0 -2
0 -2
0 -2
0 -2
0 -2
0 -2
0 -2
0 -2
0 -2
0 -2
0 -2
0 -2
0 -2
0 -2
0 -2
0 -2
0 -2
0 -2
0 -2
0 -2
0 -2
0 -2
0 -2
0 -2
0 -2
0 -2
0 -2
0 -2
0 -2
0 -2
0 -2
0 -2
0 -2
0 -2
0 -2
0 -2
0 -2
0 -2
0 -2
0 -2
0 -2
0 -2
0 -2
0 -2
0 -2
0 -2
0 -2
0 -2
0 -2
0 -2
0 -2
0 -2
0 -2
0 -2
0 -2
0 -2
0 -2
0 -2
0 -2
0 -2
0 -2
0 -2
0 -2
0 -2
0 -2
0 -2
0 -2
0 -2
0 -2
0 -2
0 -2
0 -2
0 -2
0 -2
0 -2
0 -2
0 -2
0 -2
0 -2
0 -2
0 -2
0 -2
0 -2
0 -2
0 -2
0 -2
0 -2
0 -2
0 -2
0 -2
0 -2
0 -2
0 -2
0 -2
0 -2
0 -2
0 -2
0 -2
0 -2
0 -2
0 -2
0 -2
0 -2
0 -2
0 -2
0 -2
0 -2
0 -2
0 -2
0 -2
0 -2
0 -2
0 -2
0 -2
0 -2
0 -2
0 -2
0 -2
0 -2
0 -2
0 -2
0 -2
0 -2
0 -2
0 -2
0 -2
0 -2
0 -2
0 -2
0 -2
0 -2
0 -2
0 -2
0 -2
0 -2
0 -2
0 -2
0 -2
0 -2
0 -2
0 -2
0 -2
0 -2
0 -2
0 -2
0 -2
0 -2
0 -2
0 -2
0 -2
0 -2
0 -2
0 -2
0 -2
0 -2
0 -2
0 -2
0 -2
0 -2
0 -2
0 -2
0 -2
0 -2
0 -2
0 -2
0 -2
0 -2
0 -2
0 -2
0 -2
0 -2
0 -2
0 -2
0 -2
0 -2
0 -2
0 -2
0 -2
0 -2
0 -2
0 -2
0 -2
0 -2
0 -2
0 -2
0 -2
0 -2
0 -2
0 -2
0 -2
0 -2
0 -2
0 -2
0 -2
0 -2
0 -2
0 -2
0 -2
0 -2
0 -2
0 -2
0 -2
0 -2
0 -2
0 -2
0 -2
0 -2
0 -2
0 -2
0 -2
0 -2
0 -2
0 -2
0 -2
0 -2
0 -2
0 -2
0 -2
0 -2
0 -2
0 -2
0 -2
0 -2
0 -2
0 -2
0 -2
0 -2
0 -2
0 -2
0 -2
0 -2
0 -2
0 -2
0 -2
0 -2
0 -2
0 -2
0 -2
0 -2
0 -2
0 -2
0 -2
0 -2
0 -2
0 -2
0 -2
0 -2
0 -2
0 -2
0 -2
0 -2
0 -2
0 -2
0 -2
0 -2
0 -2
0 -2
0 -2
0 -2
0 -2
0 -2
0 -2
0 -2
0 -2
0 -2
0 -2
0 -2
0 -2
0 -2
0 -2
0 -2
0 -2
0 -2
0 -2
0 -2
0 -2
0 -2
0 -2
0 -2
0 -2
0 -2
0 -2
0 -2
0 -2
0 -2
0 -2
0 -2
0 -2
0 -2
0 -2
0 -2
0 -2
0 -2
0 -2
0 -2
0 -2
0 -2
0 -2
0 -2
0 -2
0 -2
0 -2
0 -2
0 -2
0 -2
0 -2
0 -2
0 -2
0 -2
0 -2
0 -2
0 -2
0 -2
0 -2
0 -2
0 -2
0 -2
0 -2
0 -2
0 -2
0 -2
0 -2
0 -2
0 -2
0 -2
0 -2
0 -2
0 -2
0 -2
0 -2
0 -2
0 -2
0 -2
0 -2
0 -2
0 -2
0 -2
0 -2
0 -2
0 -2
0 -2
0 -2
0 -2
0 -2
0 -2
0 -2
0 -2
0 -2
0 -2
0 -2
0 -2
0 -2
0 -2
0 -2
0 -2
0 -2
0 -2
0 -2
0 -2
0 -2
0 -2
0 -2
0 -2
0 -2
0 -2
0 -2
0 -2
0 -2
0 -2
0 -2
0 -2
0 -2
0 -2
0 -2
0 -2
0 -2
0 -2
0 -2
0 -2
0 -2
0 -2
0 -2
0 -2
0 -2
0 -2
0 -2
0 -2
0 -2
0 -2
0 -2
0 -2
0 -2
0 -2
0 -2
0 -2
0 -2
0 -2
0 -2
0 -2
0 -2
0 -2
0 -2
0 -2
0 -2
0 -2
0 -2
0 -2
0 -2
0 -2
0 -2
0 -2
0 -2
0 -2
0 -2
0 -2
0 -2
0 -2
0 -2
0 -2
0 -2
0 -2
0 -2
0 -2
0 -2
0 -2
0 -2
0 -2
0 -2
0 -2
0 -2
0 -2
0 -2
0 -2
0 -2
0 -2
0 -2
0 -2
0 -2
0 -2
0 -2
0 -2
0 -2
0 -2
0 -2
0 -2
0 -2
0 -2
0 -2
0 -2
0 -2
0 -2
0 -2
0 -2
0 -2
0 -2
0 -2
0 -2
0 -2
0 -2
0 -2
0 -2
0 -2
0 -2
0 -2
0 -2
0 -2
0 -2
0 -2
0 -2
0 -2
0 -2
0 -2
0 -2
0 -2
0 -2
0 -2
0 -2
0 -2
0 -2
0 -2
0 -2
0 -2
0 -2
0 -2
0 -2
0 -2
0 -2
0 -2
0 -2
0 -2
0 -2
0 -2
0 -2
0 -2
0 -2
0 -2
0 -2
0 -2
0 -2
0 -2
0 -2
0 -2
0 -2
0 -2
0 -2
0 -2
0 -2
0 -2
0 -2
0 -2
0 -2
0 -2
0 -2
0 -2
0 -2
0 -2
0 -2
0 -2
0 -2
0 -2
0 -2
0 -2
0 -2
0 -2
0 -2
0 -2
0 -2
0 -2
0 -2
0 -2
0 -2
0 -2
0 -2
0 -2
0 -2
0 -2
0 -2
0 -2
0 -2
0 -2
0 -2
0 -2
0 -2
0 -2
0 -2
0 -2
0 -2
0 -2
0 -2
0 -2
0 -2
0 -2
0 -2
0 -2
0 -2
0 -2
0 -2
0 -2
0 -2
0 -2
0 -2
0 -2
0 -2
0 -2
0 -2
0 -2
0 -2
0 -2
0 -2
0 -2
0 -2
0 -2
0 -2
0 -2
0 -2
0 -2
0 -2
0 -2
0 -2
0 -2
0 -2
0 -2
0 -2
0 -2
0 -2
0 -2
0 -2
0 -2
0 -2
0 -2
0 -2
0 -2
0 -2
0 -2
0 -2
0 -2
0 -2
0 -2
0 -2
0 -2
0 -2
0 -2
0 -2
0 -2
0 -2
0 -2
0 -2
0 -2
0 -2
0 -2
0 -2
0 -2
0 -2
0 -2
0 -2
0 -2
0 -2
0 -2
0 -2
0 -2
0 -2
0 -2
0 -2
0 -2
0 -2
0 -2
0 -2
0 -2
0 -2
0 -2
0 -2
0 -2
0 -2
0 -2
0 -2
0 -2
0 -2
0 -2
0 -2
0 -2
0 -2
0 -2
0 -2
0 -2
0 -2
0 -2
0 -2
0 -2
0 -2
0 -2
0 -2
0 -2
0 -2
0 -2
0 -2
0 -2
0 -2
0 -2
0 -2
0 -2
0 -2
0 -2
0 -2
0 -2
0 -2
0 -2
0 -2
0 -2
0 -3
0 -1
0 -1
0 -1
0 -1
0 -1
0 -1
0 -1
0 -1
0 -1
0 -1
0 -1
0 -1
0 -1
0 -1
0 -1
0 -1
0 -1
0 -1
0 -1
0 -1
0 -1
0 -1
0 -1
0 -1
0 -1
0 -1
0 -1
0 -1
0 -1
0 -1
0 -1
0 -1
0 -1
0 -1
0 -1
0 -1
0 -1
0 -1
0 -1
0 -1
0 -1
0 -1
0 -1
0 -1
0 -1
0 -1
0 -1
0 -1
0 -1
0 -1
0 -1
0 -1
0 -1
0 -1
0 -1
0 -1
0 -1
0 -1
0 -1
0 -1
0 -1
0 -1
0 -1
0 -1
0 -1
0 -1
0 -1
0 -1
0 -1
0 -1
0 -1
0 -1
0 -1
0 -1
0 -1
0 -1
0 -1
0 -1
0 -1
0 -1
0 -1
0 -1
0 -1
0 -1
0 -1
0 -1
0 -1
0 -1
0 -1
0 -1
0 -1
0 -1
0 -1
0 -1
0 -1
0 -1
0 -1
0 -1
0 -1
0 -1
0 -1
0 -1
0 -1
0 -1
0 -1
0 -1
0 -1
0 -1
0 -1
0 -1
0 -1
0 -1
0 -1
0 -1
0 -1
0 -1
0 -1
0 -1
0 -1
0 -1
0 -1
0 -1
0 -1
0 -1
0 -1
0 -1
0 -1
0 -1
0 -1
0 -1
0 -1
0 -1
0 -1
0 -1
0 -1
0 -1
0 -1
0 -1
0 -1
0 -1
0 -1
0 -1
0 -1
0 -1
0 -1
0 -1
0 -1
0 -1
0 -1
0 -1
0 -1
0 -1
0 -1
0 -1
0 -1
0 -1
0 -1
0 -1
0 -1
0 -1
0 -1
0 -1
0 -1
0 -1
0 -1
0 -1
0 -1
0 -1
0 -1
0 -1
0 -1
0 -1
0 -1
0 -1
0 -1
0 -1
0 -1
0 -1
0 -1
0 -1
0 -1
0 -1
0 -1
0 -1
0 -1
0 -1
0 -1
0 -1
0 -1
0 -1
0 -1
0 -1
0 -1
0 -1
0 -1
0 -1
0 -1
0 -1
0 -1
0 -1
0 -1
0 -1
0 -1
0 -1
0 -1
0 -1
0 -1
0 -1
0 -1
0 -1
0 -1
0 -1
0 -1
0 -1
0 -1
0 -1
0 -1
0 -1
0 -1
0 -1
0 -1
0 -1
0 -1
0 -1
0 -1
0 -1
0 -1
0 -1
0 -1
0 -1
0 -1
0 -1
0 -1
0 -1
0 -1
0 -1
0 -1
0 -1
0 -1
0 -1
0 -1
0 -1
0 -1
0 -1
0 -1
0 -1
0 -1
0 -1
0 -1
0 -1
0 -1
0 -1
0 -1
0 -1
0 -1
0 -1
0 -1
0 -1
0 -1
0 -1
0 -1
0 -1
0 -1
0 -1
0 -1
0 -1
0 -1
0 -1
0 -1
0 -1
0 -1
0 -1
0 -1
0 -1
0 -1
0 -1
0 -1
0 -1
0 -1
0 -1
0 -1
0 -1
0 -1
0 -1
0 -1
0 -1
0 -1
0 -1
0 -1
0 -1
0 -1
0 -1
0 -1
0 -1
0 -1
0 -1
0 -1
0 -1
0 -1
0 -1
0 -1
0 -1
0 -1
0 -1
0 -1
0 -1
0 -1
0 -1
0 -1
0 -1
0 -1
0 -1
0 -1
0 -1
0 -1
0 -1
0 -1
0 -1
0 -1
0 -1
0 -1
0 -1
0 -1
0 -1
0 -1
0 -1
0 -1
0 -1
0 -1
0 -1
0 -1
0 -1
0 -1
0 -1
0 -1
0 -1
0 -1
0 -1
0 -1
0 -1
0 -1
0 -1
0 -1
0 -1
0 -1
0 -1
0 -1
0 -1
0 -1
0 -1
0 -1
0 -1
0 -1
0 -1
0 -1
0 -1
0 -1
0 -1
0 -1
0 -1
0 -1
0 -1
0 -1
0 -1
0 -1
0 -1
0 -1
0 -1
0 -1
0 -1
0 -1
0 -1
0 -1
0 -1
0 -1
0 -1
0 -1
0 -1
0 -1
0 -1
0 -1
0 -1
0 -1
0 -1
0 -1
0 -1
0 -1
0 -1
0 -1
0 -1
0 -1
0 -1
0 -1
0 -1
0 -1
0 -1
0 -1
0 -1
0 -1
0 -1
0 -1
0 -1
0 -1
0 -1
0 -1
0 -1
0 -1
0 -1
0 -1
0 -1
0 -1
0 -1
0 -1
0 -1
0 -1
0 -1
0 -1
0 -1
0 -1
0 -1
0 -1
0 -1
0 -1
0 -1
0 -1
0 -1
0 -1
0 -1
0 -1
0 -1
0 -1
0 -1
0 -1
0 -1
0 -1
0 -1
0 -1
0 -1
0 -1
0 -1
0 -1
0 -1
0 -1
0 -1
0 -1
0 -1
0 -1
0 -1
0 -1
0 -1
0 -1
0 -1
0 -1
0 -1
0 -1
0 -1
0 -1
0 -1
0 -1
0 -1
0 -1
0 -1
0 -1
0 -1
0 -1
0 -1
0 -1
0 -1
0 -1
0 -1
0 -1
0 -1
0 -1
0 -1
0 -1
0 -1
0 -1
0 -1
0 -1
0 -1
0 -1
0 -1
0 -1
0 -1
0 -1
0 -1
0 -1
0 -1
0 -1
0 -1
0 -1
0 -1
0 -1
0 -1
0 -1
0 -1
0 -1
0 -1
0 -1
0 -1
0 -1
0 -1
0 -1
0 -1
0 -1
0 -1
0 -1
0 -1
0 -1
0 -1
0 -1
0 -1
0 -1
0 -1
0 -1
0 -1
0 -1
0 -1
0 -1
0 -1
0 -1
0 -1
0 -1
0 -1
0 -1
0 -1
0 -1
0 -1
0 -1
0 -1
0 -1
0 -1
0 -1
0 -1
0 -1
0 -1
0 -1
0 -1
0 -1
0 -1
0 -1
0 -1
0 -1
0 -1
0 -1
0 -1
0 -1
0 -1
0 -1
0 -1
0 -1
0 -1
0 -1
0 -1
0 -1
0 -1
0 -1
0 -1
0 -1
0 -1
0 -1
0 -1
0 -1
0 -1
0 -1
0 -1
0 -1
0 -1
0 -1
0 -1
0 -1
0 -1
0 -1
0 -1
0 -1
0 -1
0 -1
0 -1
0 -1
0 -1
0 -1
0 -1
0 -1
0 -1
0 -1
0 -1
0 -1
0 -1
0 -1
0 -1
0 -1
0 -1
0 -1
0 -1
0 -1
0 -1
0 -1
0 -1
0 -1
0 -1
0 -1
0 -1
0 -1
0 -1
0 -1
0 -1
0 -1
0 -1
0 -1
0 -1
0 -1
0 -1
0 -1
0 -1
0 -1
0 -1
0 -1
0 -1
0 -1
0 -1
0 -1
0 -1
0 -1
0 -1
0 -1
0 -1
0 -1
0 -1
0 -1
0 -1
0 -1
0 -1
0 -1
0 -1
0 -1
0 -1
0 -1
0 -1
0 -1
0 -1
0 -1
0 -1
0 -1
0 -1
0 -1
0 -1
0 -1
0 -1
0 -1
0 -1
0 -1
0 -1
0 -1
0 -1
0 -1
0 -1
0 -1
0 -1
0 -1
0 -1
0 -1
0 -1
0 -1
0 -1
0 -1
0 -1
0 -1
0 -1
0 -1
0 -1
0 -1
0 -1
0 -1
0 -1
0 -1
0 -1
0 -1
0 -1
0 -1
0 -1
0 -1
0 -1
0 -1
0 -1
0 -1
0 -1
0 -1
0 -1
0 -1
0 -1
0 -1
0 -1
0 -1
0 -1
0 -1
0 -1
0 -1
0 -1
0 -1
0 -1
0 -1
0 -1
0 -1
0 -1
0 -1
0 -1
0 -1
0 -1
0 -1
0 -1
0 -1
0 -1
0 -1
0 -1
0 -1
0 -1
0 -1
0 -1
0 -1
0 -1
0 -1
0 -1
0 -1
0 -1
0 -1
0 -1
0 -1
0 -1
0 -1
0 -1
0 -1
0 -1
0 -1
0 -1
0 -1
0 -1
0 -1
0 -1
0 -1
0 -1
0 -1
0 -1
0 -1
0 -1
0 -1
0 -1
0 -1
0 -1
0 -1
0 -1
0 -1
0 -1
0 -1
0 -1
0 -1
0 -1
0 -1
0 -1
0 -1
0 -1
0 -1
0 -1
0 -1
0 -1
0 -1
0 -1
0 -1
0 -1
0 -1
0 -1
0 -1
0 -1
0 -1
0 -1
0 -1
0 -1
0 -1
0 -1
0 -1
0 -1
0 -1
0 -1
0 -1
0 -1
0 -1
0 -1
0 -1
0 -1
0 -1
0 -1
0 -1
0 -1
0 -1
0 -1
0 -1
0 -1
0 -1
0 -1
0 -1
0 -1
0 -1
0 -1
0 -1
0 -1
0 -1
0 -1
0 -1
0 -1
0 -1
0 -1
0 -1
0 -1
0 -1
0 -1
0 -1
0 -1
0 -1
0 -1
0 -1
0 -1
0 -1
0 -1
0 -1
0 -1
0 -1
0 -1
0 -1
0 -1
0 -1
0 -1
0 -1
0 -1
0 -1
0 -1
0 -1
0 -1
0 -1
0 -1
0 -1
0 -1
0 -1
0 -1
0 -1
0 -1
0 -1
0 -1
0 -1
0 -1
0 -1
0 -1
0 -1
0 -1
0 -1
0 -1
0 -1
0 -1
0 -1
0 -1
0 -1
0 -1
0 -1
0 -1
0 -1
0 -1
0 -1
0 -1
0 -1
0 -1
0 -1
0 -1
0 -1
0 -1
0 -1
0 -1
0 -1
0 -1
0 -1
0 -1
0 -1
0 -1
0 -1
0 -1
0 -1
0 -1
0 -1
0 -1
0 -1
0 -1
0 -1
0 -1
0 -1
0 -1
0 -1
0 -1
0 -1
0 -1
0 -1
0 -1
0 -1
0 -1
0 -1
0 -1
0 -1
0 -1
0 -1
0 -1
0 -1
0 -1
0 -1
0 -1
0 -1
0 -1
0 -1
0 -1
0 -1
0 -1
0 -1
0 -1
0 -1
0 -1
0 -1
0 -1
0 -1
0 -1
0 -1
0 -1
0 -1
0 -1
0 -1
0 -1
0 -1
0 -1
0 -1
0 -1
0 -1
0 -1
0 -1
0 -1
0 -1
0 -1
0 -1
0 -1
0 -1
0 -1
0 -1
0 -1
0 -1
0 -1
0 -1
0 -1
0 -1
0 -1
0 -1
0 -1
0 -1
0 -1
0 -1
0 -1
0 -1
0 -1
0 -1
0 -1
0 -1
0 -1
0 -1
0 -1
0 -1
0 -1
0 -1
0 -1
0 -1
0 -1
0 -1
0 -1
0 -1
0 -1
0 -1
0 -1
0 -1
0 -1
0 -1
0 -1
0 -1
0 -1
0 -1
0 -1
0 -1
0 -1
0 -1
0 -1
0 -1
0 -1
0 -1
0 -1
0 -1
0 -1
0 -1
0 -1
0 -1
0 -1
0 -1
0 -1
0 -1
0 -1
0 -1
0 -1
0 -1
0 -1
0 -1
0 -1
0 -1
0 -1
0 -1
0 -1
0 -1
0 -1
0 -1
0 -1
0 -1
0 -1
0 -1
0 -1
0 -1
0 -1
0 -1
0 -1
0 -1
0 -1
0 -1
0 -1
0 -1
0 -1
0 -1
0 -1
0 -1
0 -1
0 -1
0 -1
0 -1
0 -1
0 -1
0 -1
0 -1
0 -1
0 -1
0 -1
0 -1
0 -1
0 -1
0 -1
0 -1
0 -1
0 -1
0 -1
0 -1
0 -1
0 -1
0 -1
0 -1
0 -1
0 -1
0 -1
0 -1
0 -1
0 -1
0 -1
0 -1
0 -1
0 -1
0 -1
0 -1
0 -1
0 -1
0 -1
0 -1
0 -1
0 -1
0 -1
0 -1
0 -1
0 -1
0 -1
0 -1
0 -1
0 -1
0 -1
0 -1
0 -1
0 -1
0 -1
0 -1
0 -1
0 -1
0 -1
0 -1
0 -1
0 -1
0 -1
0 -1
0 -1
0 -1
0 -1
0 -1
0 -1
0 -1
0 -1
0 -1
0 -1
0 -1
0 -1
0 -1
0 -1
0 -1
0 -1
0 -1
0 -1
0 -1
0 -1
0 -1
0 -1
0 -1
0 -1
0 -1
0 -1
0 -1
0 -1
0 -1
0 -1
0 -1
0 -1
0 -1
0 -1
0 -1
0 -1
0 -1
0 -1
0 -1
0 -1
0 -1
0 -1
0 -1
0 -1
0 -1
0 -1
0 -1
0 -1
0 -1
0 -1
0 -1
0 -1
0 -1
0 -1
0 -1
0 -1
0 -1
0 -1
0 -1
0 -1
0 -1
0 -1
0 -1
0 -1
0 -1
0 -1
0 -1
0 -1
0 -1
0 -1
0 -1
0 -1
0 -1
0 -1
0 -1
0 -1
0 -1
0 -1
0 -1
0 -1
0 -1
0 -1
0 -1
0 -1
0 -1
0 -1
0 -1
0 -1
0 -1
0 -1
0 -1
0 -1
0 -1
0 -1
0 -1
0 -1
0 -1
0 -1
0 -1
0 -1
0 -1
0 -1
0 -1
0 -1
0 -1
0 -1
0 -1
0 -1
0 -1
0 -1
0 -1
0 -1
0 -1
0 -1
0 -1
0 -1
0 -1
0 -1
0 -1
0 -1
0 -1
0 -1
0 -1
0 -1
0 -1
0 -1
0 -1
0 -1
0 -1
0 -1
0 -1
0 -1
0 -1
0 -1
0 -1
0 -1
0 -1
0 -1
0 -1
0 -1
0 -1
0 -1
0 -1
0 -1
0 -1
0 -1
0 -1
0 -1
0 -1
0 -1
0 -1
0 -1
0 -1
0 -1
0 -1
0 -1
0 -1
0 -1
0 -1
0 -1
0 -1
0 -1
0 -1
0 -1
0 -1
0 -1
0 -1
0 -1
0 -1
0 -1
0 -1
0 -1
0 -1
0 -1
0 -1
0 -1
0 -1
0 -1
0 -1
0 -1
0 -1
0 -1
0 -1
0 -1
0 -1
0 -1
0 -1
0 -1
0 -1
0 -1
0 -1
0 -1
0 -1
0 -1
0 -1
0 -1
0 -1
0 -1
0 -1
0 -1
0 -1
0 -1
0 -1
0 -1
0 -1
0 -1
0 -1
0 -1
0 -1
0 -1
0 -1
0 -1
0 -1
0 -1
0 -1
0 -1
0 -1
0 -1
0 -1
0 -1
0 -1
0 -1
0 -1
0 -1
0 -1
0 -1
0 -1
0 -1
0 -1
0 -1
0 -1
0 -1
0 -1
0 -1
0 -1
0 -1
0 -1
0 -1
0 -1
0 -1
0 -1
0 -1
0 -1
0 -1
0 -1
0 -1
0 -1
0 -1
0 -1
0 -1
0 -1
0 -1
0 -1
0 -1
0 -1
0 -1
0 -1
0 -1
0 -1
0 -1
0 -1
0 -1
0 -1
0 -1
0 -1
0 -1
0 -1
0 -1
0 -1
0 -1
0 -1
0 -1
0 -1
0 -1
0 -1
0 -1
0 -1
0 -1
0 -1
0 -1
0 -1
0 -1
0 -1
0 -1
0 -1
0 -1
0 -1
0 -1
0 -1
0 -1
0 -1
0 -1
0 -1
0 -1
0 -1
0 -1
0 -1
0 -1
0 -1
0 -1
0 -1
0 -1
0 -1
0 -1
0 -1
0 -1
0 -1
0 -1
0 -1
0 -1
0 -1
0 -1
0 -1
0 -1
0 -1
0 -1
0 -1
0 -1
0 -1
0 -1
0 -1
0 -1
0 -1
0 -1
0 -1
0 -1
0 -1
0 -1
0 -1
0 -1
0 -1
0 -1
0 -1
0 -1
0 -1
0 -1
0 -1
0 -1
0 -1
0 -1
0 -1
0 -1
0 -1
0 -1
0 -1
0 -1
0 -1
0 -1
0 -1
0 -1
0 -1
0 -1
0 -1
0 -1
0 -1
0 -1
0 -1
0 -1
0 -1
0 -1
0 -1
0 -1
0 -1
0 -1
0 -1
0 -1
0 -1
0 -1
0 -1
0 -1
0 -1
0 -1
0 -1
0 -1
0 -1
0 -1
0 -1
0 -1
0 -1
0 -1
0 -1
0 -1
0 -1
0 -1
0 -1
0 -1
0 -1
0 -1
0 -1
0 -1
0 -1
0 -1
0 -1
0 -1
0 -1
0 -1
0 -1
0 -1
0 -1
0 -1
0 -1
0 -1
0 -1
0 -1
0 -1
0 -1
0 -1
0 -1
0 -1
0 -1
0 -1
0 -1
0 -1
0 -1
0 -1
0 -1
0 -1
0 -1
0 -1
0 -1
0 -1
0 -1
0 -1
0 -1
0 -1
0 -1
0 -1
0 -1
0 -1
0 -1
0 -1
0 -1
0 -1
0 -1
0 -1
0 -1
0 -1
0 -1
0 -1
0 -1
0 -1
0 -1
0 -1
0 -1
0 -1
0 -1
0 -1
0 -1
0 -1
0 -1
0 -1
0 -1
0 -1
0 -1
0 -1
0 -1
0 -1
0 -1
0 -1
0 -1
0 -1
0 -1
0 -1
0 -1
0 -1
0 -1
0 -1
0 -1
0 -1
0 -1
0 -1
0 -1
0 -1
0 -1
0 -1
0 -1
0 -1
0 -1
0 -1
0 -1
0 -1
0 -1
0 -1
0 -1
0 -1
0 -1
0 -1
0 -1
0 -1
0 -1
0 -1
0 -1
0 -1
0 -1
0 -1
0 -1
0 -1
0 -1
0 -1
0 -1
0 -1
0 -1
0 -1
0 -1
0 -1
0 -1
0 -1
0 -1
0 -1
0 -1
0 -1
0 -1
0 -1
0 -1
0 -1
0 -1
0 -1
0 -1
0 -1
0 -1
0 -1
0 -1
0 -1
0 -1
0 -1
0 -1
0 -1
0 -1
0 -1
0 -1
0 -1
0 -1
0 -1
0 -1
0 -1
0 -1
0 -1
0 -1
0 -1
0 -1
0 -1
0 -1
0 -1
0 -1
0 -1
0 -1
0 -1
0 -1
0 -1
0 -1
0 -1
0 -1
0 -1
0 -1
0 -1
0 -1
0 -1
0 -1
0 -1
0 -1
0 -1
0 -1
0 -1
0 -1
0 -1
0 -1
0 -1
0 -1
0 -1
0 -1
0 -1
0 -1
0 -1
0 -1
0 -1
0 -1
0 -1
0 -1
0 -1
0 -1
0 -1
0 -1
0 -1
0 -1
0 -1
0 -1
0 -1
0 -1
0 -1
0 -1
0 -1
0 -1
0 -1
0 -1
0 -1
0 -1
0 -1
0 -1
0 -1
0 -1
0 -1
0 -1
0 -1
0 -1
0 -1
0 -1
0 -1
0 -1
0 -1
0 -1
0 -1
0 -1
0 -1
0 -1
0 -1
0 -1
0 -1
0 -1
0 -1
0 -1
0 -1
0 -1
0 -1
0 -1
0 -1
0 -1
0 -1
0 -1
0 -1
0 -1
0 -1
0 -1
0 -1
0 -1
0 -1
0 -1
0 -1
0 -1
0 -1
0 -1
0 -1
0 -1
0 -1
0 -1
0 -1
0 -1
0 -1
0 -1
0 -1
0 -1
0 -1
0 -1
0 -1
0 -1
0 -1
0 -1
0 -1
0 -1
0 -1
0 -1
0 -1
0 -1
0 -1
0 -1
0 -1
0 -1
0 -1
0 -1
0 -1
0 -1
0 -1
0 -1
0 -1
0 -1
0 -1
0 -1
0 -1
0 -1
0 -1
0 -1
0 -1
0 -1
0 -1
0 -1
0 -1
0 -1
0 -1
0 -1
0 -1
0 -1
0 -1
0 -1
0 -1
0 -1
0 -1
0 -1
0 -1
0 -1
0 -1
0 -1
0 -1
0 -1
0 -1
0 -1
0 -1
0 -1
0 -1
0 -1
0 -1
0 -1
0 -1
0 -1
0 -1
0 -1
0 -1
0 -1
0 -1
0 -1
0 -1
0 -1
0 -1
0 -1
0 -1
0 -1
0 -1
0 -1
0 -1
0 -1
0 -1
0 -1
0 -1
0 -1
0 -1
0 -1
0 -1
0 -1
0 -1
0 -1
0 -1
0 -1
0 -1
0 -1
0 -1
0 -1
0 -1
0 -1
0 -1
0 -1
0 -1
0 -1
0 -1
0 -1
0 -1
0 -1
0 -1
0 -1
0 -1
0 -1
0 -1
0 -1
0 -1
0 -1
0 -1
0 -1
0 -1
0 -1
0 -1
0 -1
0 -1
0 -1
0 -1
0 -1
0 -1
0 -1
0 -1
0 -1
0 -1
0 -1
0 -1
0 -1
0 -1
0 -1
0 -1
0 -1
0 -1
0 -1
0 -1
0 -1
0 -1
0 -1
0 -1
0 -1
0 -1
0 -1
0 -1
0 -1
0 -1
0 -1
0 -1
0 -1
0 -1
0 -1
0 -1
0 -1
0 -1
0 -1
0 -1
0 -1
0 -1
0 -1
0 -1
0 -1
0 -1
0 -1
0 -1
0 -1
0 -1
0 -1
0 -1
0 -1
0 -1
0 -1
0 -1
0 -1
0 -1
0 -1
0 -1
0 -1
0 -1
0 -1
0 -1
0 -1
0 -1
0 -1
0 -1
0 -1
0 -1
0 -1
0 -1
0 -1
0 -1
0 -1
0 -1
0 -1
0 -1
0 -1
0 -1
0 -1
0 -1
0 -1
0 -1
0 -1
0 -1
0 -1
0 -1
0 -1
0 -1
0 -1
0 -1
0 -1
0 -1
0 -1
0 -1
0 -1
0 -1
0 -1
0 -1
0 -1
0 -1
0 -1
0 -1
0 -1
0 -1
0 -1
0 -1
0 -1
0 -1
0 -1
0 -1
0 -1
0 -1
0 -1
0 -1
0 -1
0 -1
0 -1
0 -1
0 -1
0 -1
0 -1
0 -1
0 -1
0 -1
0 -1
0 -1
0 -1
0 -1
0 -1
0 -1
0 -1
0 -1
0 -1
0 -1
0 -1
0 -1
0 -1
0 -1
0 -1
0 -1
0 -1
-2 0
-2 0
-2 0
-2 0
-2 0
-2 0
-2 0
-2 0
-2 0
-2 0
-2 0
-2 0
-2 0
-2 0
-2 0
-2 0
-2 0
-2 0
-2 0
-2 0
-2 0
-2 0
-2 0
-2 0
-2 0
-2 0
-2 0
-2 0
-2 0
-2 0
-2 0
-2 0
-2 0
-1 0
-1 0
-1 0
-1 0
-1 0
-1 0
-1 0
-1 0
-1 0
-1 0
-1 0
-1 0
-1 0
-1 0
-1 0
-1 0
-1 0
-1 0
-1 0
-1 0
-1 0
-1 0
-1 0
-1 0
-1 0
-1 0
-1 0
-1 0
-1 0
-1 0
-1 0
-1 0
-1 0
-1 0
-1 0
-1 0
-1 0
-1 0
-1 0
-1 0
-1 0
-1 0
-1 0
-1 0
-1 0
-1 0
-1 0
-1 0
-1 0
-1 0
-1 0
-1 0
-1 0
-1 0
-1 0
-1 0
-1 0
-1 0
-1 0
-1 0
-1 0
-1 0
-1 0
-1 0
-1 0
-1 0
-1 0
-1 0
-1 0
-1 0
-1 0
-1 0
-1 0
-1 0
-1 0
-1 0
-1 0
-1 0
-1 0
-1 0
-1 0
-1 0
-1 0
-1 0
-1 0
-1 0
-1 0
-1 0
-1 0
-1 0
-1 0
-1 0
-1 0
-1 0
-1 0
-1 0
-1 0
-1 0
-1 0
-1 0
-1 0
-1 0
-1 0
-1 0
-1 0
-1 0
-1 0
-1 0
-1 0
-1 0
-1 0
-1 0
-1 0
-1 0
-1 0
-1 0
-1 0
-1 0
-1 0
-1 0
-1 0
-1 0
-1 0
-1 0
-1 0
-1 0
-1 0
-1 0
-1 0
-1 0
-1 0
-1 0
-1 0
-1 0
-1 0
-1 0
-1 0
-1 0
-1 0
-1 0
-1 0
-1 0
-1 0
-1 0
-1 0
-1 0
-1 0
-1 0
-1 0
-1 0
-1 0
-1 0
-1 0
-1 0
-1 0
-1 0
-1 0
-1 0
-1 0
-1 0
-1 0
-1 0
-1 0
-1 0
-1 0
-1 0
-1 0
-1 0
-1 0
-1 0
-1 0
-1 0
-1 0
-1 0
-1 0
-1 0
-1 0
-1 0
-1 0
-1 0
-1 0
-1 0
-1 0
-1 0
-1 0
-1 0
-1 0
-1 0
-1 0
-1 0
-1 0
-1 0
-1 0
-1 0
-1 0
-1 0
-1 0
-1 0
-1 0
-1 0
-1 0
-1 0
-1 0
-1 0
-1 0
-1 0
-1 0
-1 0
-1 0
-1 0
-1 0
-1 0
-1 0
-1 0
-1 0
-1 0
-1 0
-1 0
-1 0
-1 0
-1 0
-1 0
-1 0
-1 0
-1 0
-1 0
-1 0
-1 0
-1 0
-1 0
-1 0
-1 0
-1 0
-1 0
-1 0
-1 0
-1 0
-1 0
-1 0
-1 0
-1 0
-1 0
-1 0
-1 0
-1 0
-1 0
-1 0
-1 0
-1 0
-1 0
-1 0
-1 0
-1 0
-1 0
-1 0
-1 0
-1 0
-1 0
-1 0
-1 0
-1 0
-1 0
-1 0
-1 0
-1 0
-1 0
-1 0
-1 0
-1 0
-1 0
-1 0
-1 0
-1 0
-1 0
-1 0
-1 0
-1 0
-1 0
-1 0
-1 0
-1 0
-1 0
-1 0
-1 0
-1 0
-1 0
-1 0
-1 0
-1 0
-1 0
-1 0
-1 0
-1 0
-1 0
-1 0
-1 0
-1 0
-1 0
-1 0
-1 0
-1 0
-1 0
-1 0
-1 0
-1 0
-1 0
-1 0
-1 0
-1 0
-1 0
-1 0
-1 0
-1 0
-1 0
-1 0
-1 0
-1 0
-1 0
-1 0
-1 0
-1 0
-1 0
-1 0
-1 0
-1 0
-1 0
-1 0
-1 0
-1 0
-1 0
-1 0
-1 0
-1 0
-1 0
-1 0
-1 0
-1 0
-1 0
-1 0
-1 0
-1 0
-1 0
-1 0
-1 0
-1 0
-1 0
-1 0
-1 0
-1 0
-1 0
-1 0
-1 0
-1 0
-1 0
-1 0
-1 0
-1 0
-1 0
-1 0
-1 0
-1 0
-1 0
-1 0
-1 0
-1 0
-1 0
-1 0
-1 0
-1 0
-1 0
-1 0
-1 0
-1 0
-1 0
-1 0
-1 0
-1 0
-1 0
-1 0
-1 0
-1 0
