12 -25
12 -25
12 -25
12 -25
12 -25
12 -25
12 -25
12 -25
12 -25
12 -25
12 -25
12 -25
12 -25
12 -25
12 -25
12 -25
12 -25
12 -25
12 -25
12 -25
12 -25
12 -25
12 -25
12 -25
12 -25
12 -25
12 -25
12 -25
12 -25
12 -25
12 -25
15 -25
24 -40
24 -40
24 -40
24 -40
24 -40
24 -40
24 -40
24 -40
24 -40
24 -40
24 -40
24 -40
24 -40
24 -40
24 -40
21 -46
21 -46
21 -46
21 -46
21 -46
21 -46
21 -46
21 -46
21 -46
21 -46
21 -46
21 -46
21 -46
21 -46
21 -46
21 -46
21 -46
21 -46
21 -46
21 -46
21 -46
21 -46
21 -46
21 -46
21 -46
21 -46
21 -46
21 -46
21 -46
21 -46
21 -46
21 -46
21 -46
21 -46
21 -46
21 -46
21 -46
21 -46
21 -46
21 -46
21 -46
22 -50
22 -50
22 -50
22 -50
22 -50
22 -50
22 -50
22 -50
22 -50
22 -50
22 -50
22 -50
22 -50
22 -50
22 -50
22 -50
22 -50
22 -50
22 -50
22 -50
22 -50
22 -50
22 -50
19 -48
19 -48
19 -48
19 -48
19 -48
19 -48
19 -48
19 -48
19 -48
19 -48
19 -48
19 -48
19 -48
19 -48
19 -48
19 -48
19 -48
19 -48
19 -48
19 -48
19 -48
19 -48
19 -48
19 -48
19 -48
19 -48
19 -48
19 -48
19 -48
19 -48
19 -48
19 -48
19 -48
19 -48
19 -48
19 -48
19 -48
19 -48
19 -48
19 -48
19 -48
19 -48
19 -48
19 -48
23 -70
23 -70
23 -70
23 -70
23 -70
23 -70
23 -70
23 -70
23 -70
23 -70
23 -70
23 -70
23 -70
23 -70
23 -70
23 -70
23 -70
23 -70
23 -70
23 -70
23 -70
23 -70
23 -70
23 -70
23 -70
23 -70
23 -70
23 -70
23 -70
23 -70
23 -70
23 -70
23 -70
23 -70
23 -70
23 -70
23 -70
23 -70
23 -70
23 -70
23 -70
23 -70
23 -70
17 -78
17 -78
17 -78
17 -78
17 -78
17 -78
17 -78
17 -78
17 -78
17 -78
17 -78
17 -78
17 -78
17 -78
17 -78
17 -78
17 -78
17 -78
17 -78
17 -78
17 -78
17 -78
17 -78
17 -78
17 -78
17 -78
17 -78
17 -78
17 -78
17 -78
17 -78
17 -78
17 -78
17 -78
17 -78
17 -78
13 -75
13 -75
13 -75
13 -75
13 -75
13 -75
13 -75
13 -75
13 -75
13 -75
13 -75
13 -75
13 -75
13 -75
13 -75
13 -75
13 -75
13 -75
13 -75
13 -75
13 -75
13 -75
11 -82
11 -82
11 -82
11 -82
11 -82
11 -82
11 -82
11 -82
11 -82
11 -82
11 -82
11 -82
11 -82
11 -82
11 -82
11 -82
11 -82
11 -82
11 -82
11 -82
11 -82
11 -82
11 -82
11 -82
11 -82
11 -82
11 -82
11 -82
11 -82
11 -82
11 -82
11 -82
11 -82
11 -82
11 -82
11 -82
11 -82
11 -82
11 -82
11 -82
11 -82
11 -82
11 -82
11 -82
11 -82
11 -83
11 -83
11 -83
11 -83
11 -83
11 -83
11 -83
11 -83
11 -83
11 -83
11 -83
11 -83
11 -83
11 -83
11 -83
11 -83
11 -83
11 -83
11 -83
11 -83
11 -83
11 -83
11 -83
11 -83
11 -83
11 -83
11 -83
11 -83
11 -83
11 -83
11 -83
11 -83
11 -83
11 -83
11 -83
11 -83
11 -83
11 -83
11 -83
11 -83
11 -83
11 -83
11 -83
11 -83
11 -83
11 -83
11 -83
11 -83
5 -77
5 -77
5 -77
5 -77
5 -77
5 -77
5 -77
5 -77
5 -77
5 -77
5 -77
5 -77
5 -77
5 -77
5 -77
5 -77
5 -77
5 -77
5 -77
5 -77
5 -77
5 -77
5 -77
5 -77
5 -77
5 -84
5 -83
5 -83
5 -83
5 -83
5 -83
5 -83
5 -83
5 -83
5 -83
5 -83
5 -83
5 -83
5 -83
5 -83
5 -83
5 -83
5 -83
5 -83
5 -83
5 -83
5 -83
5 -83
5 -83
5 -83
5 -83
5 -83
5 -83
5 -83
5 -83
5 -83
5 -83
5 -83
5 -83
5 -83
5 -83
5 -83
5 -83
5 -83
5 -83
5 -83
5 -83
5 -83
5 -83
5 -83
5 -83
5 -83
5 -83
5 -83
5 -83
5 -83
-1 -84
-1 -84
-1 -84
-1 -84
-1 -84
-1 -84
-1 -84
-1 -84
-1 -84
-1 -84
-1 -84
-1 -84
-1 -84
-1 -84
-1 -84
-1 -84
-1 -84
-1 -84
-1 -84
-1 -84
-1 -84
-1 -84
-1 -84
-1 -84
-1 -84
-8 -75
-8 -75
-8 -75
-8 -75
-8 -75
-8 -75
-8 -75
-8 -75
-8 -75
-8 -75
-8 -75
-8 -75
-8 -75
-8 -75
-8 -75
-8 -75
-8 -75
-8 -75
-8 -75
-8 -75
-8 -75
-8 -75
-8 -75
-8 -75
-8 -75
-8 -75
-8 -75
-8 -75
-8 -75
-8 -75
-8 -75
-8 -75
-8 -75
-8 -75
-8 -75
-8 -75
-8 -75
-8 -75
-8 -75
-8 -75
-8 -75
-8 -75
-19 -71
-19 -71
-19 -71
-19 -71
-19 -71
-19 -71
-19 -71
-19 -71
-19 -71
-19 -71
-19 -71
-19 -71
-19 -71
-19 -71
-19 -71
-19 -71
-19 -71
-19 -71
-19 -71
-19 -71
-19 -71
-19 -71
-19 -71
-19 -71
-19 -71
-19 -71
-19 -71
-19 -71
-19 -71
-19 -71
-19 -71
-19 -71
-19 -71
-19 -71
-19 -71
-19 -71
-19 -71
-19 -71
-19 -71
-19 -71
-19 -71
-19 -71
-19 -71
-19 -71
-19 -71
-19 -71
-19 -71
-19 -71
-19 -71
-19 -71
-23 -72
-23 -72
-23 -72
-23 -72
-23 -72
-23 -72
-23 -72
-23 -72
-23 -72
-23 -72
-23 -72
-23 -72
-23 -72
-23 -72
-23 -72
-23 -72
-23 -72
-23 -72
-23 -72
-23 -72
-23 -72
-23 -72
-28 -55
-28 -55
-28 -55
-28 -55
-28 -55
-28 -55
-28 -55
-28 -55
-28 -55
-28 -55
-28 -55
-28 -55
-28 -55
-28 -55
-28 -55
-28 -55
-28 -55
-28 -55
-28 -55
-28 -55
-28 -55
-28 -55
-28 -55
-35 -59
-35 -59
-35 -59
-35 -59
-35 -59
-35 -59
-35 -59
-35 -59
-35 -59
-35 -59
-35 -59
-35 -59
-35 -59
-35 -59
-35 -59
-35 -59
-35 -59
-35 -59
-35 -59
-35 -59
-35 -59
-35 -59
-35 -59
-35 -59
-35 -59
-35 -59
-43 -58
-43 -58
-43 -58
-43 -58
-43 -58
-43 -58
-43 -58
-43 -58
-43 -58
-43 -58
-43 -58
-43 -58
-43 -58
-43 -58
-43 -58
-43 -58
-43 -58
-43 -58
-43 -58
-43 -58
-43 -58
-43 -58
-43 -58
-43 -58
-43 -58
-43 -58
-43 -58
-43 -58
-43 -58
-43 -58
-43 -58
-43 -58
-43 -58
-43 -58
-43 -58
-43 -58
-43 -58
-43 -58
-43 -58
-43 -58
-43 -58
-43 -58
-43 -58
-43 -58
-48 -50
-48 -50
-48 -50
-48 -50
-48 -50
-48 -50
-48 -50
-48 -50
-48 -50
-48 -50
-48 -50
-48 -50
-48 -50
-48 -50
-48 -50
-48 -50
-48 -50
-48 -50
-48 -50
-48 -50
-48 -50
-48 -50
-48 -50
-48 -50
-48 -50
-48 -50
-48 -50
-48 -50
-48 -50
-48 -50
-48 -50
-48 -50
-48 -50
-48 -50
-48 -50
-48 -50
-48 -50
-48 -50
-48 -50
-48 -50
-48 -50
-48 -50
-48 -50
-48 -50
-48 -50
-48 -50
-55 -40
-55 -40
-55 -40
-55 -40
-55 -40
-55 -40
-55 -40
-55 -40
-55 -40
-55 -40
-55 -40
-55 -40
-55 -40
-55 -40
-55 -40
-55 -40
-55 -40
-55 -40
-55 -40
-55 -40
-55 -40
-55 -40
-55 -40
-55 -40
-62 -40
-62 -40
-62 -40
-62 -40
-62 -40
-62 -40
-62 -40
-62 -40
-62 -40
-62 -40
-62 -40
-62 -40
-62 -40
-62 -40
-62 -40
-62 -40
-62 -40
-62 -40
-62 -40
-62 -40
-62 -40
-62 -40
-62 -40
-63 -30
-63 -30
-63 -30
-63 -30
-63 -30
-63 -30
-63 -30
-63 -30
-63 -30
-63 -30
-63 -30
-63 -30
-63 -30
-63 -30
-63 -30
-63 -30
-63 -30
-63 -30
-63 -30
-63 -30
-63 -30
-63 -30
-63 -30
-63 -30
-75 -29
-75 -29
-75 -29
-75 -29
-75 -29
-75 -29
-75 -29
-75 -29
-75 -29
-75 -29
-75 -29
-75 -29
-75 -29
-75 -29
-75 -29
-75 -29
-75 -29
-75 -29
-75 -29
-75 -29
-75 -29
-75 -29
-75 -29
-75 -29
-75 -29
-75 -29
-75 -29
-75 -29
-75 -29
-75 -29
-75 -29
-75 -29
-75 -29
-75 -29
-75 -29
-75 -29
-75 -29
-75 -29
-75 -29
-75 -29
-75 -29
-75 -29
-75 -29
-75 -29
-75 -29
-75 -29
-75 -29
-75 -29
-75 -29
-75 -29
-75 -29
-75 -29
-75 -29
-75 -29
-75 -29
-75 -29
-75 -29
-75 -29
-75 -29
-75 -29
-75 -29
-75 -29
-75 -29
-75 -29
-75 -29
-75 -29
-75 -29
-75 -29
-75 -29
-75 -29
-75 -29
-75 -29
-84 -20
-84 -20
-84 -20
-84 -20
-84 -20
-84 -20
-84 -20
-84 -20
-84 -20
-84 -20
-84 -20
-84 -20
-84 -20
-84 -20
-84 -20
-84 -20
-84 -20
-84 -20
-84 -20
-84 -20
-84 -20
-84 -20
-84 -20
-84 -20
-84 -20
-84 -20
-84 -20
-84 -20
-84 -20
-84 -20
-84 -20
-84 -20
-84 -20
-84 -20
-84 -20
-84 -20
-84 -20
-84 -20
-84 -20
-84 -20
-84 -20
-84 -20
-84 -20
-84 -20
-84 -20
-84 -20
-84 -20
-84 -20
-88 -18
-88 -18
-88 -18
-88 -18
-88 -18
-88 -18
-88 -18
-88 -18
-88 -18
-88 -18
-88 -18
-88 -18
-88 -18
-88 -18
-88 -18
-88 -18
-88 -18
-88 -18
-98 -14
-98 -14
-98 -14
-98 -14
-98 -14
-98 -14
-98 -14
-98 -14
-98 -14
-98 -14
-98 -14
-98 -14
-98 -14
-98 -14
-98 -14
-98 -14
-98 -14
-98 -14
-98 -14
-98 -14
-85 -14
-85 -14
-85 -14
-85 -14
-85 -14
-85 -14
-85 -14
-85 -14
-85 -14
-85 -14
-85 -14
-85 -14
-85 -14
-85 -14
-85 -14
-85 -14
-85 -14
-85 -14
-85 -14
-85 -14
-85 -14
-85 -14
-85 -14
-85 -14
-85 -14
-85 -14
-85 -14
-85 -14
-85 -14
-85 -14
-85 -14
-85 -14
-85 -14
-85 -14
-85 -14
-85 -14
-85 -14
-85 -14
-85 -14
-85 -14
-85 -14
-111 -8
-111 -8
-111 -8
-111 -8
-111 -8
-111 -8
-111 -8
-111 -8
-111 -8
-111 -8
-111 -8
-111 -8
-111 -8
-111 -8
-111 -8
-111 -8
-111 -8
-111 -8
-111 -8
-111 -8
-105 -4
-105 -4
-105 -4
-105 -4
-105 -4
-105 -4
-105 -4
-105 -4
-105 -4
-105 -4
-105 -4
-105 -4
-105 -4
-105 -4
-105 -4
-105 -4
-105 -4
-105 -4
-105 -4
-105 -4
-105 -4
-105 -4
-105 -4
-105 -4
-105 -4
-105 -4
-105 -4
-105 -4
-105 -4
-105 -4
-105 -4
-105 -4
-105 -4
-105 -4
-105 -4
-105 -4
-105 -4
-105 -4
-105 -4
-105 -4
-105 -4
-105 -4
-105 -4
-109 0
-109 0
-109 0
-109 0
-109 0
-109 0
-109 0
-109 0
-109 0
-109 0
-109 0
-109 0
-109 0
-109 0
-109 0
-109 0
-109 0
-109 0
-109 0
-109 0
-109 0
-109 0
-109 0
-109 0
-109 0
-109 0
-109 0
-109 0
-109 0
-109 0
-109 0
-109 0
-109 0
-109 0
-109 0
-109 0
-109 0
-109 0
-109 0
-109 0
-109 0
-109 0
-109 0
-109 0
-109 0
-109 0
-109 0
-109 0
-109 0
-109 0
-109 0
-109 0
-109 0
-109 0
-109 0
-109 0
-109 0
-109 0
-109 0
-109 0
-105 0
-121 -10
-121 -10
-121 -10
-121 -10
-121 -10
-121 -10
-121 -10
-121 -10
-121 -10
-121 -10
-121 -10
-121 -10
-121 -10
-121 -10
-121 -10
-121 -10
-121 -10
-121 -10
-121 -10
-121 -10
-121 -10
-121 -10
-121 -10
-121 -10
-121 -10
-121 -10
-121 -10
-121 -10
-121 -10
-121 -10
-121 -10
-121 -10
-121 -10
-121 -10
-121 -10
-121 -10
-121 -10
-121 -10
-121 -10
-121 -10
-104 1
-104 1
-104 1
-104 1
-104 1
-104 1
-104 1
-104 1
-104 1
-104 1
-104 1
-104 1
-104 1
-104 1
-104 1
-104 1
-104 1
-104 1
-104 1
-104 1
-104 1
-119 4
-119 4
-119 4
-119 4
-119 4
-119 4
-119 4
-119 4
-119 4
-119 4
-119 4
-119 4
-119 4
-119 4
-119 4
-119 4
-119 4
-119 4
-119 4
-119 4
-119 4
-119 4
-119 4
-119 4
-119 4
-119 4
-119 4
-119 4
-119 4
-119 4
-119 4
-119 4
-119 4
-119 4
-119 4
-119 4
-119 4
-119 4
-119 4
-119 4
-120 7
-120 7
-120 7
-120 7
-120 7
-120 7
-120 7
-120 7
-120 7
-120 7
-120 7
-120 7
-120 7
-120 7
-120 7
-120 7
-120 7
-120 7
-120 7
-120 7
-120 7
-120 7
-120 7
-120 7
-120 7
-120 7
-120 7
-120 7
-120 7
-120 7
-120 7
-120 7
-120 7
-120 7
-120 7
-118 7
-119 5
-119 5
-119 5
-119 5
-119 5
-119 5
-119 5
-119 5
-119 5
-119 5
-119 5
-119 5
-119 5
-119 5
-119 5
-119 5
-119 5
-119 5
-119 5
-119 5
-119 5
-119 5
-119 5
-119 5
-119 5
-119 5
-119 5
-119 5
-119 5
-119 5
-119 5
-119 5
-119 5
-119 5
-119 5
-119 5
-119 5
-119 5
-119 5
-127 6
-127 6
-127 6
-127 6
-127 6
-127 6
-127 6
-127 6
-127 6
-127 6
-127 6
-127 6
-127 6
-127 6
-127 6
-127 6
-125 11
-125 11
-125 11
-125 11
-125 11
-125 11
-125 11
-125 11
-125 11
-125 11
-125 11
-125 11
-125 11
-125 11
-125 11
-125 11
-125 11
-125 11
-125 11
-125 11
-125 11
-125 11
-125 11
-125 11
-125 11
-125 11
-125 11
-125 11
-125 11
-125 11
-125 11
-125 11
-125 11
-125 11
-125 11
-125 11
-125 11
-125 11
-125 11
-116 5
-116 5
-116 5
-116 5
-116 5
-116 5
-116 5
-116 5
-116 5
-116 5
-116 5
-116 5
-116 5
-116 5
-116 5
-116 5
-116 5
-116 5
-116 5
-116 5
-116 5
-116 5
-116 5
-116 5
-116 5
-116 5
-125 14
-125 14
-125 14
-125 14
-125 14
-125 14
-125 14
-125 14
-125 14
-125 14
-125 14
-125 14
-125 14
-125 14
-125 14
-125 14
-125 14
-125 14
-125 14
-125 14
-125 14
-125 14
-125 14
-125 14
-125 14
-125 14
-125 14
-125 14
-125 14
-125 14
-125 14
-125 14
-125 14
-125 14
-125 14
-125 14
-125 14
-125 14
-125 14
-125 14
-125 14
-125 14
-125 14
-125 14
-125 14
-125 14
-125 14
-125 14
-125 14
-125 14
-125 14
-125 14
-125 14
-125 14
-125 14
-125 14
-125 14
-125 14
-125 14
-125 14
-125 14
-125 14
-125 14
-125 14
-125 14
-125 14
-125 14
-125 14
-125 14
-125 14
-125 14
-125 14
-125 14
-125 14
-125 14
-117 24
-121 16
-121 16
-121 16
-121 16
-121 16
-121 16
-121 16
-121 16
-121 16
-121 16
-121 16
-121 16
-121 16
-121 16
-121 16
-121 16
-121 16
-121 16
-121 16
-121 16
-121 16
-121 16
-129 25
-129 25
-129 25
-129 25
-129 25
-129 25
-129 25
-129 25
-129 25
-129 25
-129 25
-129 25
-129 25
-129 25
-129 25
-129 25
-129 25
-129 25
-129 25
-129 25
-129 25
-129 25
-129 25
-129 25
-129 25
-129 25
-129 25
-129 25
-129 25
-129 25
-129 25
-129 25
-129 25
-129 25
-129 25
-129 25
-129 25
-129 25
-129 25
-129 25
-129 25
-129 25
-129 25
-129 25
-129 25
-129 25
-129 25
-129 25
-129 25
-129 25
-129 25
-129 25
-129 25
-129 25
-129 25
-129 25
-129 25
-129 25
-129 25
-129 25
-129 25
-129 25
-129 25
-129 25
-129 25
-129 25
-129 25
-129 25
-129 25
-129 25
-129 25
-129 25
-129 25
-129 25
-119 34
-105 20
-105 20
-105 20
-105 20
-105 20
-105 20
-105 20
-105 20
-105 20
-105 20
-105 20
-105 20
-105 20
-105 20
-105 20
-105 20
-105 20
-105 20
-105 20
-105 20
-105 20
-105 20
-105 20
-105 20
-105 20
-105 20
-105 20
-105 20
-105 20
-105 20
-105 20
-105 20
-105 20
-105 20
-105 20
-105 20
-105 20
-105 20
-105 20
-105 20
-105 20
-105 20
-105 20
-105 20
-105 20
-105 20
-105 20
-122 36
-122 36
-122 36
-122 36
-122 36
-122 36
-122 36
-122 36
-122 36
-122 36
-122 36
-122 36
-122 36
-122 36
-122 36
-122 36
-122 36
-122 36
-122 36
-122 36
-122 36
-122 36
-122 36
-122 36
-122 36
-122 36
-122 36
-122 36
-122 36
-122 36
-122 36
-122 36
-122 36
-122 36
-122 36
-122 36
-122 36
-122 36
-122 36
-122 36
-122 36
-122 36
-122 36
-122 36
-122 36
-122 36
-122 36
-122 36
-128 45
-138 50
-138 50
-138 50
-138 50
-138 50
-138 50
-138 50
-138 50
-138 50
-138 50
-138 50
-138 50
-138 50
-138 50
-138 50
-138 50
-138 50
-138 50
-138 50
-138 50
-138 50
-138 50
-138 50
-138 50
-138 50
-138 50
-138 50
-138 50
-138 50
-138 50
-138 50
-138 50
-138 50
-138 50
-138 50
-138 50
-138 50
-138 50
-138 50
-138 50
-138 50
-138 50
-138 50
-138 50
-138 50
-138 50
-138 50
-138 50
-138 50
-138 50
-135 56
-135 56
-135 56
-135 56
-135 56
-135 56
-135 56
-135 56
-135 56
-135 56
-135 56
-135 56
-135 56
-135 56
-135 56
-135 56
-135 56
-135 56
-135 56
-135 56
-135 56
-135 56
-135 56
-135 56
-135 56
-135 56
-135 56
-135 56
-135 56
-135 56
-135 56
-135 56
-135 56
-135 56
-135 56
-135 56
-135 56
-135 56
-135 56
-135 56
-135 56
-135 56
-135 56
-135 56
-135 56
-135 56
-135 56
-135 56
-135 56
-135 56
-135 56
-135 56
-135 56
-135 56
-135 56
-135 56
-114 38
-102 48
-102 48
-102 48
-102 48
-102 48
-102 48
-102 48
-102 48
-102 48
-102 48
-102 48
-102 48
-102 48
-102 48
-102 48
-102 48
-102 48
-102 48
-102 48
-102 48
-102 48
-102 48
-102 48
-102 48
-102 48
-102 48
-102 48
-102 48
-102 48
-102 48
-102 48
-102 48
-102 48
-102 48
-102 48
-102 48
-102 48
-102 48
-102 48
-102 48
-102 48
-102 48
-102 48
-102 48
-102 48
-102 48
-102 48
-102 48
-102 48
-102 48
-107 72
-107 72
-107 72
-107 72
-107 72
-107 72
-107 72
-107 72
-107 72
-107 72
-107 72
-107 72
-107 72
-107 72
-107 72
-107 72
-107 72
-107 72
-107 72
-107 72
-107 72
-107 72
-107 72
-107 72
-107 72
-107 72
-107 72
-107 72
-107 72
-107 72
-107 72
-107 72
-107 72
-107 72
-107 72
-107 72
-107 72
-107 72
-107 72
-107 72
-107 72
-107 72
-107 72
-107 72
-107 72
-107 72
-107 72
-107 72
-96 74
-101 73
-101 73
-101 73
-101 73
-101 73
-101 73
-101 73
-101 73
-101 73
-101 73
-101 73
-101 73
-101 73
-101 73
-101 73
-101 73
-101 73
-101 73
-101 73
-101 73
-101 73
-101 73
-101 73
-101 73
-101 73
-101 73
-101 73
-101 73
-101 73
-101 73
-101 73
-101 73
-101 73
-101 73
-101 73
-101 73
-101 73
-101 73
-101 73
-98 82
-98 82
-98 82
-98 82
-98 82
-98 82
-98 82
-98 82
-98 82
-98 82
-98 82
-98 82
-98 82
-98 82
-93 81
-93 81
-93 81
-93 81
-93 81
-93 81
-93 81
-93 81
-93 81
-93 81
-93 81
-93 81
-93 81
-93 81
-93 81
-93 81
-93 81
-93 81
-93 81
-93 81
-93 81
-93 81
-93 81
-93 81
-93 81
-93 81
-93 81
-93 81
-93 81
-93 81
-93 81
-93 81
-93 81
-93 81
-93 81
-93 81
-93 81
-93 81
-93 81
-93 81
-86 80
-86 80
-86 80
-86 80
-86 80
-86 80
-86 80
-86 80
-86 80
-86 80
-86 80
-86 80
-86 80
-86 80
-86 80
-86 80
-86 80
-86 80
-86 80
-86 80
-86 80
-86 80
-83 94
-83 94
-83 94
-83 94
-83 94
-83 94
-83 94
-83 94
-83 94
-83 94
-83 94
-83 94
-83 94
-83 94
-83 94
-83 94
-83 94
-83 94
-83 94
-83 94
-83 94
-83 94
-83 94
-81 99
-81 99
-81 99
-81 99
-81 99
-81 99
-81 99
-81 99
-81 99
-81 99
-81 99
-81 99
-81 99
-81 99
-81 99
-81 99
-81 99
-81 99
-81 99
-81 99
-81 99
-81 99
-81 99
-81 99
-81 99
-81 99
-81 99
-81 99
-81 99
-81 99
-81 99
-81 99
-81 99
-81 99
-81 99
-65 92
-65 92
-65 92
-65 92
-65 92
-65 92
-65 92
-65 92
-65 92
-65 92
-65 92
-65 92
-65 92
-65 92
-65 92
-65 92
-54 100
-54 100
-54 100
-54 100
-54 100
-54 100
-54 100
-54 100
-54 100
-54 100
-54 100
-54 100
-54 100
-54 100
-54 100
-54 100
-54 100
-54 100
-54 100
-54 100
-54 100
-54 100
-54 100
-54 100
-54 100
-54 100
-54 100
-54 100
-54 100
-54 100
-54 100
-54 100
-54 100
-54 100
-54 100
-54 100
-54 100
-54 100
-54 100
-54 100
-54 100
-54 100
-54 100
-54 100
-54 100
-54 100
-41 100
-30 104
-30 104
-30 104
-30 104
-30 104
-30 104
-30 104
-30 104
-30 104
-30 104
-30 104
-30 104
-30 104
-30 104
-30 104
-30 104
-30 104
-30 104
-30 104
-30 104
-30 104
-30 104
-30 104
-30 104
-30 104
-30 104
-30 104
-30 104
-30 104
-30 104
-29 111
-29 111
-29 111
-29 111
-29 111
-29 111
-29 111
-29 111
-29 111
-29 111
-29 111
-29 111
-29 111
-29 111
-29 111
-29 111
-29 111
-29 111
-12 111
-12 111
-12 111
-12 111
-12 111
-12 111
-12 111
-12 111
-12 111
-12 111
-12 111
-12 111
-12 111
-12 111
-12 111
-12 111
-12 111
-12 111
-12 111
-12 111
-12 111
-12 111
-12 111
-12 111
-12 111
-12 111
-12 111
-12 111
-12 111
-12 111
-12 111
-12 111
-12 111
-12 111
-12 111
-12 111
-12 111
-12 111
-2 109
-2 109
-2 109
-2 109
-2 109
-2 109
-2 109
-2 109
-2 109
-2 109
-2 109
-2 109
-2 109
-2 109
-2 109
-2 109
-2 109
-2 109
-2 109
-2 109
-2 109
-2 109
-2 109
-2 109
-2 109
-2 109
-2 109
-2 109
-2 109
-2 109
-2 109
-2 109
-2 109
-2 109
-2 109
-2 109
-2 109
0 111
0 111
0 111
0 111
0 111
0 111
0 111
0 111
0 111
0 111
0 111
0 111
0 111
0 111
0 111
0 111
0 111
0 111
0 111
0 111
0 111
0 111
0 111
0 111
0 111
0 111
0 111
30 111
30 111
30 111
30 111
30 111
30 111
30 111
30 111
30 111
30 111
30 111
30 111
30 111
30 111
30 111
52 103
52 103
52 103
52 103
52 103
52 103
52 103
52 103
52 103
52 103
52 103
52 103
52 103
52 103
52 103
52 103
52 103
52 103
73 98
73 98
73 98
73 98
73 98
73 98
73 98
73 98
73 98
73 98
73 98
73 98
73 98
73 98
73 98
73 98
73 98
73 98
73 98
86 103
86 103
86 103
86 103
86 103
86 103
86 103
86 103
86 103
86 103
86 103
86 103
86 103
86 103
86 103
86 103
86 103
86 103
86 103
86 103
86 103
86 103
86 103
86 103
86 103
86 103
86 103
86 103
86 103
86 103
86 103
86 103
86 103
86 103
86 103
86 103
86 103
86 103
86 103
86 103
86 103
86 103
86 103
86 103
86 103
86 103
86 103
86 103
86 103
86 103
86 103
86 103
86 103
86 103
96 92
125 81
125 81
125 81
125 81
125 81
125 81
125 81
125 81
125 81
125 81
125 81
125 81
125 81
125 81
125 81
125 81
125 81
125 81
125 81
125 81
125 81
125 81
125 81
125 81
125 81
125 81
125 81
125 81
125 81
125 81
125 81
125 81
125 81
151 88
151 88
151 88
151 88
151 88
151 88
151 88
151 88
151 88
151 88
151 88
151 88
151 88
151 88
151 88
151 88
162 74
162 74
162 74
162 74
162 74
162 74
162 74
162 74
162 74
162 74
162 74
162 74
162 74
162 74
162 74
162 74
156 66
156 66
156 66
156 66
156 66
156 66
156 66
156 66
156 66
156 66
156 66
156 66
156 66
156 66
156 66
156 66
156 66
156 66
156 66
156 66
156 66
156 66
156 66
156 66
156 66
156 66
156 66
156 66
156 66
156 66
156 66
156 66
156 66
156 66
156 66
156 66
177 54
177 54
177 54
177 54
177 54
177 54
177 54
177 54
177 54
177 54
177 54
177 54
177 54
177 54
177 54
177 54
177 54
178 51
178 51
178 51
178 51
178 51
178 51
178 51
178 51
178 51
178 51
178 51
178 51
178 51
178 51
178 51
178 51
178 51
178 51
178 51
178 51
178 51
178 51
178 51
178 51
178 51
178 51
178 51
178 51
178 51
178 51
178 51
178 51
178 51
178 51
178 51
178 51
198 35
198 35
198 35
198 35
198 35
198 35
198 35
198 35
198 35
198 35
198 35
198 35
198 35
198 35
198 35
198 35
198 35
198 35
198 35
198 35
198 35
198 35
198 35
198 35
198 35
198 35
198 35
198 35
198 35
198 35
198 35
198 35
198 35
198 35
198 35
162 20
179 16
179 16
179 16
179 16
179 16
179 16
179 16
179 16
179 16
179 16
179 16
179 16
179 16
179 16
179 16
179 16
179 16
179 16
179 16
179 16
179 16
179 16
179 16
179 16
179 16
179 16
179 16
179 16
179 16
179 16
179 16
179 16
179 16
179 16
196 -6
196 -6
196 -6
196 -6
196 -6
196 -6
196 -6
196 -6
196 -6
196 -6
196 -6
196 -6
196 -6
196 -6
196 -6
196 -6
196 -6
196 -6
185 -3
185 -3
185 -3
185 -3
185 -3
185 -3
185 -3
185 -3
185 -3
185 -3
185 -3
185 -3
185 -3
185 -3
185 -3
185 -3
185 -1
185 -1
185 -1
185 -1
185 -1
185 -1
185 -1
185 -1
185 -1
185 -1
185 -1
185 -1
185 -1
185 -1
185 -1
185 -1
185 -1
185 -1
185 -1
185 -1
185 -1
185 -1
185 -1
185 -1
185 -1
185 -1
185 -1
185 -1
185 -1
185 -1
185 -1
185 -1
185 -1
185 -1
185 -1
185 -1
187 -2
187 -2
187 -2
187 -2
187 -2
187 -2
187 -2
187 -2
187 -2
187 -2
187 -2
187 -2
187 -2
187 -2
187 -2
187 -2
187 -2
187 -2
187 -2
187 -2
187 -2
187 -2
187 -2
187 -2
187 -2
187 -2
187 -2
187 -2
187 -2
187 -2
187 -2
187 -2
187 -2
187 -2
187 -2
187 -2
187 -2
187 -2
187 -2
193 -12
193 -12
193 -12
193 -12
193 -12
193 -12
193 -12
193 -12
193 -12
193 -12
193 -12
193 -12
193 -12
193 -12
193 -12
193 -12
193 -12
193 -12
193 -12
193 -12
193 -12
193 -12
193 -12
193 -12
193 -12
193 -12
193 -12
193 -12
193 -12
193 -12
193 -12
193 -12
193 -12
193 -12
193 -12
193 -12
193 -12
179 -19
165 -29
165 -29
165 -29
165 -29
165 -29
165 -29
165 -29
165 -29
165 -29
165 -29
165 -29
165 -29
165 -29
165 -29
165 -29
165 -29
165 -29
151 -29
151 -29
151 -29
151 -29
151 -29
151 -29
151 -29
151 -29
151 -29
151 -29
151 -29
151 -29
151 -29
151 -29
151 -29
151 -29
151 -29
151 -29
151 -29
151 -29
151 -29
151 -29
151 -29
151 -29
151 -29
151 -29
151 -29
151 -29
151 -29
151 -29
151 -29
151 -29
151 -29
151 -29
151 -29
151 -29
151 -29
151 -29
151 -29
151 -29
151 -29
151 -29
151 -29
151 -29
151 -29
151 -29
151 -29
151 -29
151 -29
136 -33
118 -32
118 -32
118 -32
118 -32
118 -32
118 -32
118 -32
118 -32
118 -32
118 -32
118 -32
118 -32
118 -32
118 -32
118 -32
118 -32
118 -32
118 -32
118 -32
118 -32
118 -32
118 -32
118 -32
118 -32
118 -32
118 -32
118 -32
118 -32
118 -32
118 -32
118 -32
118 -32
97 -30
97 -30
97 -30
97 -30
97 -30
97 -30
97 -30
97 -30
97 -30
97 -30
97 -30
97 -30
97 -30
97 -30
97 -30
97 -30
97 -30
97 -30
97 -30
97 -30
97 -30
97 -30
97 -30
97 -30
97 -30
97 -30
97 -30
97 -30
97 -30
97 -30
97 -30
97 -30
97 -30
97 -30
97 -30
97 -30
52 -23
52 -23
52 -23
52 -23
52 -23
52 -23
52 -23
52 -23
52 -23
52 -23
52 -23
52 -23
52 -23
52 -23
52 -23
52 -23
52 -23
52 -23
52 -23
52 -23
52 -23
52 -23
52 -23
52 -23
52 -23
52 -23
52 -23
52 -23
52 -23
52 -23
52 -23
52 -23
52 -23
52 -23
52 -23
52 -23
52 -23
52 -23
52 -23
52 -23
52 -23
52 -23
52 -23
52 -23
52 -23
52 -23
52 -23
52 -23
35 -26
35 -26
35 -26
35 -26
35 -26
35 -26
35 -26
35 -26
35 -26
35 -26
35 -26
35 -26
35 -26
35 -26
35 -26
35 -26
35 -26
35 -26
35 -26
35 -26
35 -26
35 -26
35 -26
35 -26
35 -26
35 -26
35 -26
35 -26
35 -26
35 -26
35 -26
35 -26
35 -26
35 -26
23 -24
23 -24
23 -24
23 -24
23 -24
23 -24
23 -24
23 -24
23 -24
23 -24
23 -24
23 -24
23 -24
23 -24
23 -24
23 -24
23 -24
23 -24
17 -21
17 -21
17 -21
17 -21
17 -21
17 -21
17 -21
17 -21
17 -21
17 -21
17 -21
17 -21
17 -21
17 -21
17 -21
17 -21
17 -21
17 -21
12 -27
12 -27
12 -27
12 -27
12 -27
12 -27
12 -27
12 -27
12 -27
12 -27
12 -27
12 -27
12 -27
12 -27
12 -27
12 -27
12 -27
12 -27
12 -27
12 -27
12 -27
12 -27
12 -27
12 -27
12 -27
12 -27
12 -27
11 -30
11 -30
11 -30
11 -30
11 -30
11 -30
11 -30
11 -30
11 -30
11 -30
11 -30
11 -30
11 -30
11 -30
11 -30
11 -30
11 -30
11 -30
11 -30
11 -30
11 -30
11 -30
11 -30
11 -30
11 -30
11 -30
11 -30
11 -30
11 -30
11 -30
11 -30
11 -30
11 -30
11 -30
11 -30
11 -30
11 -30
11 -30
16 -32
16 -32
16 -32
16 -32
16 -32
16 -32
16 -32
16 -32
16 -32
16 -32
16 -32
16 -32
16 -32
16 -32
16 -32
16 -32
16 -32
16 -32
16 -32
16 -32
16 -32
16 -32
16 -32
16 -32
16 -32
16 -32
16 -32
16 -32
16 -32
16 -32
16 -32
16 -32
16 -32
16 -32
16 -32
16 -32
16 -32
16 -32
16 -32
15 -36
10 -26
10 -26
10 -26
10 -26
10 -26
10 -26
10 -26
10 -26
10 -26
10 -26
10 -26
10 -26
10 -26
10 -26
10 -26
10 -26
10 -26
10 -26
10 -26
10 -26
10 -26
10 -26
10 -26
10 -26
10 -26
10 -26
10 -26
10 -26
10 -26
10 -26
10 -26
10 -26
10 -26
8 -21
8 -21
8 -21
8 -21
8 -21
8 -21
8 -21
8 -21
8 -21
8 -21
8 -21
8 -21
8 -21
8 -21
8 -21
8 -21
8 -21
8 -21
8 -21
8 -21
8 -21
8 -21
8 -21
8 -21
8 -21
8 -21
8 -21
8 -21
8 -21
8 -21
8 -21
8 -21
8 -21
2 -11
2 -11
2 -11
2 -11
2 -11
2 -11
2 -11
2 -11
2 -11
2 -11
2 -11
2 -11
2 -11
2 -11
2 -11
2 -10
2 -10
2 -10
2 -10
2 -10
2 -10
2 -10
2 -10
2 -10
2 -10
2 -10
2 -10
2 -10
2 -10
2 -10
2 -10
2 -10
2 -10
2 -10
2 -10
2 -10
2 -10
2 -10
2 -10
2 -10
2 -10
2 -10
2 -10
2 -10
2 -10
2 -10
2 -10
3 -3
3 -3
3 -3
3 -3
3 -3
3 -3
3 -3
3 -3
3 -3
3 -3
3 -3
3 -3
3 -3
3 -3
3 -3
3 -3
3 -3
3 -3
3 -3
3 -3
3 -3
3 -3
3 -3
3 -3
3 -3
3 -3
3 -3
3 -3
3 -3
3 -3
3 -3
3 -3
3 -3
3 -3
3 -3
3 -3
1 -2
1 -2
1 -2
1 -2
1 -2
1 -2
1 -2
1 -2
1 -2
1 -2
1 -2
1 -2
1 -2
1 -2
1 -2
1 -2
1 -2
1 -2
1 -2
1 -2
1 -2
1 -2
1 -2
1 -2
1 -2
1 -2
1 -2
1 -2
1 -2
1 -2
1 -2
1 -2
1 -2
1 -2
1 -2
1 -2
1 -2
1 -2
1 -2
1 -2
1 -2
1 -2
1 -2
1 -2
1 -2
1 -2
1 -2
1 -2
1 -2
1 -2
1 -2
1 -2
1 -2
1 -2
1 -2
1 -2
0 1
0 1
0 1
0 1
0 1
0 1
0 1
0 1
0 1
0 1
0 1
0 1
0 1
0 1
0 1
0 1
0 1
0 1
0 1
0 1
0 1
0 1
0 1
0 1
0 1
0 1
0 1
0 1
0 1
0 1
0 1
0 1
0 1
0 1
0 1
0 1
0 1
0 1
0 1
0 1
0 1
0 1
0 1
0 1
0 1
0 1
0 1
0 1
0 1
0 1
0 1
0 1
0 1
0 1
0 1
0 1
0 1
0 1
0 1
0 1
0 1
0 1
0 1
0 1
0 1
0 1
0 1
0 1
0 1
0 1
0 1
0 1
0 1
0 1
0 1
0 1
0 1
0 1
0 1
0 1
0 1
0 1
0 1
0 1
0 1
0 1
0 1
0 1
0 1
0 1
0 1
0 1
0 1
0 1
0 1
0 1
0 1
0 1
0 1
-1 1
-1 1
-1 1
-1 1
-1 1
-1 1
-1 1
-1 1
-1 1
-1 1
-1 1
-1 1
-1 1
-1 1
-1 1
-1 1
-1 1
-3 2
-3 2
-3 2
-3 2
-3 2
-3 2
-3 2
-3 2
-3 2
-3 2
-3 2
-3 2
-3 2
-3 2
-3 2
-3 2
-3 2
-3 2
-3 2
-3 2
-3 2
-3 2
-3 2
-3 2
-3 2
-3 2
-3 2
-3 2
-3 2
-3 2
-3 2
-3 2
-3 2
-3 2
-3 2
-3 2
-3 2
-3 2
-3 2
-3 2
-3 2
-3 2
-3 2
-3 2
-3 2
-3 2
-3 2
-3 2
-3 2
-3 2
1 -2
1 -2
1 -2
1 -2
1 -2
1 -2
1 -2
1 -2
1 -2
1 -2
1 -2
1 -2
1 -2
1 -2
1 -2
1 -2
1 -2
1 -2
1 -2
1 -2
1 -2
1 -2
1 -2
1 -2
1 -2
1 -2
1 -2
1 -2
1 -2
1 -2
0 -1
0 -1
0 -1
0 -1
0 -1
0 -1
0 -1
0 -1
0 -1
0 -1
0 -1
0 -1
0 -1
0 -1
0 -1
0 -1
0 -1
0 -1
0 -1
0 -1
0 -1
0 -1
0 -1
0 -1
0 -1
0 -1
0 -1
0 -1
0 -1
0 -1
0 -1
0 -1
0 -1
0 -1
0 -1
0 -1
0 -1
0 -1
0 -1
0 -1
0 -1
0 -1
0 -1
0 -1
0 -1
0 -1
0 -1
0 -1
0 -1
0 -1
0 -1
0 -1
0 -1
0 -1
0 -1
0 -1
0 -1
0 -1
0 -1
0 -1
0 -1
0 -1
0 -1
0 -1
0 -1
0 -1
0 -1
0 -1
0 -1
0 -1
0 -1
0 -1
0 -1
0 -1
0 -1
0 -1
0 -1
0 -1
0 -1
0 -1
0 -1
0 -1
0 -1
0 -1
0 -1
0 -1
0 -1
0 -1
0 -1
0 -1
0 -1
0 -1
0 -1
0 -1
0 -1
0 -1
0 -1
0 -1
0 -1
0 -1
0 -1
0 -1
0 -1
0 -1
0 -1
0 -1
0 -1
0 -1
0 -1
0 -1
0 -1
0 -1
0 -1
0 -1
0 -1
0 -1
0 -1
0 -1
0 -1
0 -1
0 -1
0 -1
0 -1
-1 0
-1 0
-1 0
-1 0
-1 0
-1 0
-1 0
-1 0
-1 0
-1 0
-1 0
-1 0
-1 0
-1 0
-1 0
-1 0
0 -1
0 -1
0 -1
0 -1
0 -1
0 -1
0 -1
0 -1
0 -1
0 -1
0 -1
0 -1
0 -1
0 -1
0 -1
0 -1
0 -1
0 -1
0 -1
0 -1
0 -1
0 -1
0 -1
0 -1
0 -1
0 -1
0 -1
0 -1
0 -1
0 -1
0 -1
0 -1
0 -1
0 -1
0 -1
0 -1
0 -1
0 -1
0 -1
0 -1
0 -1
0 -1
0 -1
0 -1
0 -1
0 -1
0 -1
0 -1
0 -1
0 -1
0 -1
0 -1
0 -1
0 -1
0 -1
0 -1
0 -1
0 -1
0 -1
0 -1
0 -1
0 -1
0 -1
0 -1
0 -1
0 -1
0 -1
0 -1
0 -1
0 -1
0 -1
0 -1
0 -1
0 -1
0 -1
0 -1
0 -1
0 -1
0 -1
0 -1
0 -1
0 -1
0 -1
0 -1
0 -1
0 -1
0 -1
0 -1
0 -1
0 -1
0 -1
0 -1
0 -1
0 -1
0 -1
0 -1
0 -1
0 -1
0 -1
0 -1
0 -1
0 -1
0 -1
0 -1
0 -1
0 -1
0 -1
0 -1
0 -1
0 -1
0 -1
0 -1
0 -1
0 -1
0 -1
0 -1
0 -1
0 -1
0 -1
0 -1
0 -1
0 -1
0 -1
0 -1
0 -1
0 -1
0 -1
0 -1
0 -1
0 -1
0 -1
0 -1
0 -1
0 -1
0 -1
0 -1
0 -1
0 -1
0 -1
0 -1
0 -1
0 -1
0 -1
0 -1
0 -1
0 -1
0 -1
0 -1
0 -1
0 -1
0 -1
0 -1
0 -1
0 -1
0 -1
0 -1
0 -1
0 -1
0 -1
0 -1
0 -1
0 -1
0 -1
0 -1
0 -1
0 -1
0 -1
0 -1
0 -1
0 -1
0 -1
0 -1
0 -1
0 -1
0 -1
0 -1
0 -1
0 -1
0 -1
0 -1
0 -1
0 -1
0 -1
0 -1
0 -1
0 -1
0 -1
0 -1
0 -1
0 -1
0 -1
0 -1
0 -1
0 -1
0 -1
0 -1
0 -1
0 -1
0 -1
0 -1
0 -1
0 -1
0 -1
0 -1
0 -1
0 -1
0 -1
0 -1
0 -1
0 -1
0 -1
0 -1
0 -1
0 -1
0 -1
0 -1
0 -1
0 -1
0 -1
0 -1
0 -1
0 -1
0 -1
0 -1
0 -1
0 -1
0 -1
0 -1
0 -1
0 -1
0 -1
0 -1
0 -1
0 -1
0 -1
0 -1
0 -1
0 -1
0 -1
0 -1
0 -1
0 -1
0 -1
0 -1
0 -1
0 -1
0 -1
0 -1
0 -1
0 -1
0 -1
0 -1
0 -1
0 -1
0 -1
0 -1
0 -1
0 -1
0 -1
0 -1
0 -1
0 -1
0 -1
0 -1
0 -1
0 -1
0 -1
0 -1
0 -1
0 -1
0 -1
0 -1
0 -1
0 -1
0 -1
0 -1
0 -1
0 -1
0 -1
0 -1
0 -1
0 -1
0 -1
0 -1
0 -1
0 -1
0 -1
0 -1
0 -1
0 -1
0 -1
0 -1
0 -1
0 -1
0 -1
0 -1
0 -1
0 -1
0 -1
0 -1
0 -1
0 -1
0 -1
0 -1
0 -1
0 -1
0 -1
0 -1
0 -1
0 -1
0 -1
0 -1
0 -1
0 -1
0 -1
0 -1
0 -1
0 -1
0 -1
0 -1
0 -1
0 -1
0 -1
0 -1
0 -1
0 -1
0 -1
0 -1
0 -1
0 -1
0 -1
0 -1
0 -1
0 -1
0 -1
0 -1
0 -1
0 -1
0 -1
0 -1
0 -1
0 -1
0 -1
0 -1
0 -1
0 -1
0 -1
0 -1
0 -1
0 -1
0 -1
0 -1
0 -1
0 -1
0 -1
0 -1
0 -1
0 -1
0 -1
0 -1
0 -1
0 -1
0 -1
0 -1
0 -1
0 -1
0 -1
0 -1
0 -1
0 -1
0 -1
0 -1
0 -1
0 -1
0 -1
0 -1
0 -1
0 -1
0 -1
0 -1
0 -1
0 -2
0 -2
0 -2
0 -2
0 -2
0 -2
0 -2
0 -2
0 -2
0 -2
0 -2
0 -2
0 -2
0 -2
0 -2
0 -2
0 -2
0 -2
0 -2
0 -2
0 -2
0 -2
0 -2
0 -2
0 -2
0 -2
0 -2
0 -2
0 -2
0 -2
0 -2
-1 -1
0 -1
0 -1
0 -1
0 -1
0 -1
0 -1
0 -1
0 -1
0 -1
0 -1
0 -1
0 -1
0 -1
0 -1
0 -1
0 -1
0 -1
0 -1
0 -1
0 -1
0 -1
0 -1
0 -1
0 -1
0 -1
0 -1
0 -1
0 -1
0 -1
0 -1
0 -1
0 -1
0 -1
0 -1
0 -1
0 -1
0 -1
0 -1
0 -1
0 -1
0 -1
0 -1
0 -1
0 -1
0 -1
0 -1
0 -1
0 -1
0 -1
0 -1
0 -1
0 -1
0 -1
0 -1
0 -1
0 -1
0 -1
0 -1
0 -1
0 -1
0 -1
0 -1
0 -1
0 -1
0 -1
0 -1
0 -1
0 -1
0 -1
0 -1
0 -1
0 -1
0 -1
0 -1
0 -1
0 -1
0 -1
0 -1
0 -1
0 -1
0 -1
0 -1
0 -1
0 -1
0 -1
0 -1
0 -1
0 -1
0 -1
0 -1
0 -1
0 -1
0 -1
0 -1
0 -1
0 -1
0 -1
0 -1
0 -1
0 -1
0 -1
0 -1
0 -1
0 -1
0 -1
0 -1
0 -1
0 -1
0 -1
0 -1
0 -1
0 -1
0 -1
0 -1
0 -1
0 -1
0 -1
0 -1
0 -1
0 -1
0 -1
0 -1
0 -1
0 -1
0 -1
0 -1
0 -1
0 -1
0 -1
0 -1
0 -1
0 -1
0 -1
0 -1
0 -1
0 -1
0 -1
0 -1
0 -1
0 -1
0 -1
0 -1
0 -1
0 -1
0 -1
0 -1
0 -1
0 -1
0 -1
0 -1
0 -1
0 -1
0 -1
0 -1
0 -1
0 -1
0 -1
0 -1
0 -1
0 -1
0 -1
0 -1
0 -1
0 -1
0 -1
0 -1
0 -1
0 -1
0 -1
0 -1
0 -1
0 -1
0 -1
0 -1
0 -1
0 -1
0 -1
0 -1
0 -1
0 -1
0 -1
0 -1
0 -1
