70 29
60 14
60 14
60 14
60 14
60 14
60 14
60 14
60 14
60 14
60 14
60 14
60 14
60 14
60 14
60 14
60 14
60 14
60 14
60 14
60 14
60 14
60 14
60 14
60 14
60 14
60 14
60 14
60 14
60 14
60 14
60 14
60 14
60 14
58 11
58 11
58 11
58 11
58 11
58 11
58 11
58 11
58 11
58 11
58 11
58 11
58 11
58 11
58 11
58 11
58 11
58 11
58 11
58 11
58 11
58 11
58 11
58 11
58 11
58 11
58 11
58 11
58 11
58 11
58 11
58 11
58 11
58 11
58 11
58 11
58 11
58 11
58 11
58 11
56 7
56 7
56 7
56 7
56 7
56 7
56 7
56 7
56 7
56 7
56 7
56 7
56 7
56 7
56 7
56 7
56 7
56 7
56 7
56 7
56 7
56 7
56 7
56 7
56 7
56 7
56 7
56 7
56 7
56 7
56 7
56 7
56 7
56 7
56 7
56 7
56 7
56 7
56 7
56 7
56 7
56 7
64 6
64 6
64 6
64 6
64 6
64 6
64 6
64 6
64 6
64 6
64 6
64 6
64 6
64 6
64 6
64 6
64 6
64 6
64 6
64 6
64 6
64 6
64 6
64 6
64 6
64 6
64 6
64 6
64 6
64 6
64 6
64 6
64 6
64 6
64 6
64 6
64 6
64 6
64 6
64 6
64 6
64 6
64 6
64 6
64 6
64 6
64 6
60 2
60 2
60 2
60 2
60 2
60 2
60 2
60 2
60 2
60 2
60 2
60 2
60 2
60 2
60 2
60 2
60 2
60 2
60 2
60 2
60 2
60 2
60 2
60 2
60 2
60 2
60 2
60 2
60 2
60 2
60 2
60 2
60 2
60 2
60 2
60 2
60 2
60 2
60 2
60 2
60 2
60 2
60 2
60 2
60 2
60 2
65 1
65 1
65 1
65 1
65 1
65 1
65 1
65 1
65 1
65 1
65 1
65 1
65 1
65 1
65 1
65 1
65 1
65 1
65 1
65 1
65 1
65 1
65 1
65 1
65 1
65 1
65 1
65 1
65 1
65 1
65 1
65 1
65 1
65 1
65 1
65 1
65 1
65 1
65 1
65 1
65 1
65 1
65 1
65 1
65 1
65 1
65 1
65 1
65 1
65 1
65 1
65 1
65 1
65 1
65 1
65 1
65 1
65 1
65 1
65 1
65 1
65 1
65 1
65 1
65 1
65 1
65 1
65 1
65 1
65 1
65 1
65 1
65 1
65 1
65 1
65 1
65 1
65 1
68 0
69 2
69 2
69 2
69 2
69 2
69 2
69 2
69 2
69 2
69 2
69 2
69 2
69 2
69 2
69 2
69 2
69 2
69 2
69 2
69 2
69 2
69 2
69 2
69 2
69 2
78 -4
78 -4
78 -4
78 -4
78 -4
78 -4
78 -4
78 -4
78 -4
78 -4
78 -4
78 -4
78 -4
78 -4
78 -4
78 -4
78 -4
78 -4
78 -4
78 -4
78 -4
78 -4
78 -4
78 -4
78 -4
72 -7
72 -7
72 -7
72 -7
72 -7
72 -7
72 -7
72 -7
72 -7
72 -7
72 -7
72 -7
72 -7
72 -7
72 -7
72 -7
72 -7
72 -7
72 -7
72 -7
72 -7
72 -7
72 -7
72 -7
72 -7
72 -7
72 -7
72 -7
72 -7
72 -7
72 -7
72 -7
72 -7
72 -7
72 -7
72 -7
72 -7
72 -7
72 -7
72 -7
72 -7
72 -7
72 -7
72 -7
72 -7
72 -7
72 -7
72 -7
72 -7
72 -7
68 -12
68 -12
68 -12
68 -12
68 -12
68 -12
68 -12
68 -12
68 -12
68 -12
68 -12
68 -12
68 -12
68 -12
68 -12
68 -12
68 -12
68 -12
68 -12
68 -12
68 -12
68 -12
68 -12
68 -12
68 -12
68 -12
68 -12
68 -12
68 -12
68 -12
68 -12
68 -12
68 -12
68 -12
68 -12
68 -12
68 -12
68 -12
68 -12
68 -12
68 -12
68 -12
68 -12
68 -12
68 -12
68 -12
68 -12
68 -12
68 -12
68 -12
70 -14
75 -21
75 -21
75 -21
75 -21
75 -21
75 -21
75 -21
75 -21
75 -21
75 -21
75 -21
75 -21
75 -21
75 -21
75 -21
75 -21
75 -21
75 -21
75 -21
75 -21
75 -21
75 -21
75 -21
75 -21
75 -21
75 -21
75 -21
75 -21
75 -21
75 -21
75 -21
75 -21
75 -21
75 -21
75 -21
75 -21
75 -21
75 -21
75 -21
75 -21
75 -21
75 -21
75 -21
66 -30
66 -30
66 -30
66 -30
66 -30
66 -30
66 -30
66 -30
66 -30
66 -30
66 -30
66 -30
66 -30
66 -30
66 -30
66 -30
66 -30
66 -30
66 -30
61 -30
61 -30
61 -30
61 -30
61 -30
61 -30
61 -30
61 -30
61 -30
61 -30
61 -30
61 -30
61 -30
61 -30
61 -30
61 -30
61 -30
61 -30
61 -30
61 -30
61 -30
61 -30
61 -30
61 -30
61 -30
61 -30
61 -30
61 -30
61 -30
61 -30
61 -30
61 -30
61 -30
61 -30
61 -30
61 -30
61 -30
61 -30
61 -30
61 -30
61 -30
61 -30
61 -30
61 -30
61 -30
61 -30
61 -30
61 -30
61 -30
61 -30
61 -30
61 -30
61 -30
61 -30
61 -30
61 -30
61 -30
61 -30
61 -30
61 -30
61 -30
61 -30
61 -30
61 -30
61 -30
61 -30
61 -30
61 -30
61 -30
61 -30
57 -30
60 -30
60 -30
60 -30
60 -30
60 -30
60 -30
60 -30
60 -30
60 -30
60 -30
60 -30
60 -30
60 -30
60 -30
60 -30
60 -30
60 -30
60 -30
60 -30
60 -30
60 -30
60 -30
50 -32
50 -32
50 -32
50 -32
50 -32
50 -32
50 -32
50 -32
50 -32
50 -32
50 -32
50 -32
50 -32
50 -32
50 -32
50 -32
50 -32
50 -32
50 -32
50 -32
50 -32
50 -32
50 -32
50 -32
50 -32
50 -32
50 -32
50 -32
50 -32
50 -32
50 -32
50 -32
50 -32
50 -32
50 -32
50 -32
50 -32
50 -32
50 -32
50 -32
50 -32
50 -32
50 -32
50 -32
50 -32
50 -32
50 -32
51 -41
51 -41
51 -41
51 -41
51 -41
51 -41
51 -41
51 -41
51 -41
51 -41
51 -41
51 -41
51 -41
51 -41
51 -41
51 -41
51 -41
51 -41
51 -41
51 -41
51 -41
51 -41
51 -41
51 -41
31 -39
31 -39
31 -39
31 -39
31 -39
31 -39
31 -39
31 -39
31 -39
31 -39
31 -39
31 -39
31 -39
31 -39
31 -39
31 -39
31 -39
31 -39
31 -39
31 -39
31 -39
31 -39
31 -39
31 -39
31 -39
31 -39
31 -39
31 -39
31 -39
31 -39
31 -39
31 -39
31 -39
31 -39
31 -39
31 -39
31 -39
31 -39
31 -39
31 -39
31 -39
31 -39
31 -39
31 -39
31 -39
31 -39
31 -39
31 -39
31 -39
31 -39
31 -39
31 -39
31 -39
31 -39
31 -39
31 -39
31 -39
31 -39
31 -39
31 -39
31 -39
31 -39
31 -39
31 -39
31 -39
31 -39
31 -39
31 -39
31 -39
34 -45
26 -49
26 -49
26 -49
26 -49
26 -49
26 -49
26 -49
26 -49
26 -49
26 -49
26 -49
26 -49
26 -49
26 -49
26 -49
26 -49
26 -49
26 -49
26 -49
26 -49
26 -49
26 -49
26 -49
26 -49
26 -53
26 -53
26 -53
26 -53
26 -53
26 -53
26 -53
26 -53
26 -53
26 -53
26 -53
26 -53
26 -53
26 -53
26 -53
26 -53
26 -53
26 -53
26 -53
26 -53
26 -53
26 -53
26 -53
26 -53
26 -53
26 -53
26 -53
26 -53
26 -53
26 -53
26 -53
26 -53
26 -53
26 -53
26 -53
26 -53
26 -53
26 -53
26 -53
26 -53
26 -53
26 -53
26 -53
26 -53
26 -53
26 -53
26 -53
26 -53
26 -53
24 -57
24 -57
24 -57
24 -57
24 -57
24 -57
24 -57
24 -57
24 -57
24 -57
24 -57
24 -57
24 -57
24 -57
24 -57
24 -57
24 -57
24 -57
24 -57
24 -57
24 -57
24 -57
24 -57
24 -57
24 -57
11 -59
11 -59
11 -59
11 -59
11 -59
11 -59
11 -59
11 -59
11 -59
11 -59
11 -59
11 -59
11 -59
11 -59
11 -59
11 -59
11 -59
11 -59
11 -59
11 -59
11 -59
11 -59
11 -59
11 -59
11 -59
11 -59
11 -59
11 -59
11 -59
11 -59
11 -59
11 -59
11 -59
11 -59
11 -59
11 -59
11 -59
11 -59
11 -59
11 -59
11 -59
11 -59
11 -59
11 -59
11 -59
11 -59
11 -59
11 -59
11 -59
11 -59
11 -59
11 -59
11 -59
11 -59
11 -59
11 -59
16 -61
16 -61
16 -61
16 -61
16 -61
16 -61
16 -61
16 -61
16 -61
16 -61
16 -61
16 -61
16 -61
16 -61
16 -61
16 -61
16 -61
16 -61
16 -61
16 -61
16 -61
16 -61
16 -61
16 -61
16 -61
16 -61
16 -61
16 -61
16 -61
16 -61
16 -61
16 -61
16 -61
16 -61
16 -61
16 -61
16 -61
16 -61
16 -61
16 -61
16 -61
16 -61
16 -61
16 -61
16 -61
16 -61
16 -61
16 -61
16 -61
16 -61
19 -70
19 -72
19 -72
19 -72
19 -72
19 -72
19 -72
19 -72
19 -72
19 -72
19 -72
19 -72
19 -72
19 -72
19 -72
19 -72
19 -72
19 -72
19 -72
19 -72
19 -72
19 -72
19 -72
19 -72
19 -72
19 -72
19 -72
19 -72
19 -72
19 -72
19 -72
19 -72
19 -72
19 -72
19 -72
19 -72
19 -72
19 -72
19 -72
19 -72
19 -72
19 -72
19 -72
19 -72
19 -72
19 -72
19 -72
19 -69
19 -69
19 -69
19 -69
19 -69
19 -69
19 -69
19 -69
19 -69
19 -69
19 -69
19 -69
19 -69
19 -69
19 -69
19 -69
19 -69
19 -69
19 -69
19 -69
19 -69
19 -69
19 -69
19 -69
19 -69
19 -69
19 -69
19 -69
19 -69
19 -69
19 -69
19 -69
19 -69
19 -69
19 -69
19 -69
19 -69
19 -69
19 -69
19 -69
19 -69
19 -69
19 -69
19 -69
19 -69
19 -69
19 -69
19 -69
19 -69
18 -70
14 -70
14 -70
14 -70
14 -70
14 -70
14 -70
14 -70
14 -70
14 -70
14 -70
14 -70
14 -70
14 -70
14 -70
14 -70
14 -70
14 -70
14 -70
14 -70
14 -70
14 -70
14 -70
14 -70
14 -70
14 -70
14 -70
14 -70
14 -70
14 -70
14 -70
14 -70
14 -70
14 -70
14 -70
14 -70
14 -70
14 -70
14 -70
14 -70
14 -70
14 -70
14 -70
14 -70
14 -70
14 -70
14 -70
14 -70
14 -70
14 -70
14 -70
13 -77
13 -77
13 -77
13 -77
13 -77
13 -77
13 -77
13 -77
13 -77
13 -77
13 -77
13 -77
13 -77
13 -77
13 -77
13 -77
13 -77
13 -77
13 -77
13 -77
13 -77
13 -77
13 -77
6 -74
6 -74
6 -74
6 -74
6 -74
6 -74
6 -74
6 -74
6 -74
6 -74
6 -74
6 -74
6 -74
6 -74
6 -74
6 -74
6 -74
6 -74
6 -74
6 -74
6 -74
6 -74
6 -74
6 -74
6 -74
6 -74
6 -74
6 -74
6 -74
6 -74
6 -74
6 -74
6 -74
6 -74
6 -74
6 -74
6 -74
6 -74
6 -74
6 -74
6 -74
6 -74
6 -74
6 -74
6 -74
6 -74
6 -74
6 -74
6 -74
6 -74
6 -74
6 -74
6 -74
6 -74
6 -74
6 -74
6 -74
6 -74
6 -74
6 -74
6 -74
6 -74
6 -74
6 -74
6 -74
6 -74
6 -74
6 -74
6 -74
6 -74
6 -74
6 -74
6 -74
6 -74
6 -74
8 -76
2 -78
2 -78
2 -78
2 -78
2 -78
2 -78
2 -78
2 -78
2 -78
2 -78
2 -78
2 -78
2 -78
2 -78
2 -78
2 -78
2 -78
2 -78
2 -78
2 -78
2 -78
2 -78
2 -78
2 -78
2 -78
2 -78
3 -73
3 -73
3 -73
3 -73
3 -73
3 -73
3 -73
3 -73
3 -73
3 -73
3 -73
3 -73
3 -73
3 -73
3 -73
3 -73
3 -73
3 -73
3 -73
3 -73
3 -73
3 -73
3 -73
3 -73
3 -73
3 -73
3 -73
3 -73
3 -73
3 -73
3 -73
3 -73
3 -73
3 -73
3 -73
3 -73
3 -73
3 -73
3 -73
3 -73
3 -73
3 -73
3 -73
3 -73
3 -73
3 -73
3 -73
3 -73
3 -73
3 -73
3 -73
3 -73
3 -73
3 -73
3 -73
3 -73
3 -73
3 -73
3 -73
3 -73
3 -73
3 -73
3 -73
3 -73
3 -73
3 -73
3 -73
3 -73
3 -73
3 -73
3 -73
3 -73
3 -73
3 -73
2 -72
2 -68
2 -68
2 -68
2 -68
2 -68
2 -68
2 -68
2 -68
2 -68
2 -68
2 -68
2 -68
2 -68
2 -68
2 -68
2 -68
2 -68
2 -68
2 -68
2 -68
2 -68
2 -68
2 -68
2 -68
2 -68
2 -68
2 -68
2 -68
2 -68
2 -68
2 -68
2 -68
2 -68
2 -68
2 -68
2 -68
2 -68
2 -68
2 -68
2 -68
2 -68
2 -68
2 -68
2 -68
2 -68
2 -68
2 -68
2 -68
2 -68
2 -68
2 -68
2 -68
2 -68
2 -68
2 -68
2 -68
2 -68
2 -68
2 -68
2 -68
2 -68
2 -68
2 -68
2 -68
2 -68
2 -68
2 -68
2 -68
2 -68
2 -68
2 -68
2 -68
2 -68
2 -68
2 -68
1 -76
-4 -70
-4 -70
-4 -70
-4 -70
-4 -70
-4 -70
-4 -70
-4 -70
-4 -70
-4 -70
-4 -70
-4 -70
-4 -70
-4 -70
-4 -70
-4 -70
-4 -70
-4 -70
-4 -70
-4 -70
-4 -70
-4 -70
-4 -70
-4 -70
-4 -70
-4 -70
-4 -70
-4 -70
-4 -70
-4 -70
-4 -70
-4 -70
-4 -70
-4 -70
-4 -70
-4 -70
-4 -70
-4 -70
-4 -70
-4 -70
-4 -70
-4 -70
-4 -70
-4 -70
-4 -70
-4 -70
-4 -70
-4 -70
-4 -70
-3 -63
-3 -63
-3 -63
-3 -63
-3 -63
-3 -63
-3 -63
-3 -63
-3 -63
-3 -63
-3 -63
-3 -63
-3 -63
-3 -63
-3 -63
-3 -63
-3 -63
-3 -63
-3 -63
-3 -63
-3 -63
-3 -63
-3 -63
-3 -63
-3 -63
-3 -63
-3 -63
-3 -63
-3 -63
-3 -63
-3 -63
-3 -63
-3 -63
-3 -63
-3 -63
-3 -63
-3 -63
-4 -67
-4 -67
-4 -67
-4 -67
-4 -67
-4 -67
-4 -67
-4 -67
-4 -67
-4 -67
-4 -67
-4 -67
-4 -67
-4 -67
-4 -67
-4 -67
-4 -67
-4 -67
-4 -67
-4 -67
-4 -67
-4 -67
-4 -67
-4 -67
-4 -67
-4 -67
-8 -63
-8 -63
-8 -63
-8 -63
-8 -63
-8 -63
-8 -63
-8 -63
-8 -63
-8 -63
-8 -63
-8 -63
-8 -63
-8 -63
-8 -63
-8 -63
-8 -63
-8 -63
-8 -63
-8 -63
-8 -63
-8 -63
-8 -63
-8 -63
-8 -63
-8 -63
-8 -63
-8 -63
-8 -63
-8 -63
-8 -63
-8 -63
-8 -63
-8 -63
-8 -63
-8 -63
-8 -63
-8 -63
-8 -63
-8 -63
-8 -63
-8 -63
-8 -63
-8 -63
-8 -63
-8 -63
-8 -63
-8 -63
-8 -63
-8 -63
-8 -63
-8 -63
-8 -63
-8 -63
-8 -63
-8 -63
-8 -63
-8 -63
-8 -63
-8 -63
-8 -63
-8 -63
-8 -63
-8 -63
-8 -63
-8 -63
-8 -63
-8 -63
-8 -63
-8 -63
-8 -63
-6 -59
-6 -59
-6 -59
-6 -59
-6 -59
-6 -59
-6 -59
-6 -59
-6 -59
-6 -59
-6 -59
-6 -59
-6 -59
-6 -59
-6 -59
-6 -59
-6 -59
-6 -59
-6 -59
-6 -59
-6 -59
-6 -59
-6 -59
-6 -59
-6 -59
-6 -59
-6 -59
-6 -59
-6 -59
-6 -59
-6 -59
-6 -59
-6 -59
-6 -59
-6 -59
-6 -59
-6 -59
-6 -59
-6 -59
-6 -59
-6 -59
-6 -59
-6 -59
-6 -59
-6 -59
-6 -59
-6 -59
-6 -59
-6 -59
-6 -59
-6 -59
-6 -59
-6 -59
-6 -59
-6 -59
-6 -59
-8 -59
-8 -57
-8 -57
-8 -57
-8 -57
-8 -57
-8 -57
-8 -57
-8 -57
-8 -57
-8 -57
-8 -57
-8 -57
-8 -57
-8 -57
-8 -57
-8 -57
-8 -57
-8 -57
-8 -57
-8 -57
-8 -57
-8 -57
-8 -57
-8 -57
-8 -57
-8 -57
-16 -60
-16 -60
-16 -60
-16 -60
-16 -60
-16 -60
-16 -60
-16 -60
-16 -60
-16 -60
-16 -60
-16 -60
-16 -60
-16 -60
-16 -60
-16 -60
-16 -60
-16 -60
-16 -60
-16 -60
-16 -60
-16 -60
-16 -60
-16 -60
-16 -60
-16 -60
-16 -60
-16 -60
-21 -57
-21 -57
-21 -57
-21 -57
-21 -57
-21 -57
-21 -57
-21 -57
-21 -57
-21 -57
-21 -57
-21 -57
-21 -57
-21 -57
-21 -57
-21 -57
-21 -57
-21 -57
-21 -57
-21 -57
-21 -57
-21 -57
-21 -57
-21 -57
-21 -57
-21 -57
-21 -57
-21 -57
-21 -57
-21 -57
-21 -57
-21 -57
-21 -57
-21 -57
-21 -57
-21 -57
-21 -57
-21 -57
-21 -57
-21 -57
-21 -57
-21 -57
-21 -57
-21 -57
-21 -57
-21 -57
-21 -57
-21 -57
-21 -57
-21 -57
-21 -57
-21 -57
-21 -57
-21 -57
-21 -57
-21 -57
-21 -57
-21 -57
-21 -57
-21 -57
-21 -57
-21 -57
-21 -57
-21 -57
-21 -57
-21 -57
-21 -57
-21 -57
-21 -57
-21 -57
-21 -57
-21 -57
-21 -57
-21 -57
-21 -57
-21 -57
-21 -57
-21 -57
-21 -57
-21 -57
-21 -57
-21 -57
-21 -57
-22 -54
-20 -55
-20 -55
-20 -55
-20 -55
-20 -55
-20 -55
-20 -55
-20 -55
-20 -55
-20 -55
-20 -55
-20 -55
-20 -55
-20 -55
-20 -55
-20 -55
-20 -55
-20 -55
-20 -55
-20 -55
-20 -55
-20 -55
-20 -55
-20 -55
-20 -55
-20 -55
-20 -55
-20 -55
-20 -55
-20 -55
-20 -55
-20 -55
-20 -55
-20 -55
-20 -55
-20 -55
-20 -55
-20 -55
-20 -55
-20 -55
-20 -55
-20 -55
-20 -55
-20 -55
-20 -55
-20 -55
-20 -55
-20 -55
-20 -55
-20 -55
-20 -55
-20 -55
-29 -50
-29 -50
-29 -50
-29 -50
-29 -50
-29 -50
-29 -50
-29 -50
-29 -50
-29 -50
-29 -50
-29 -50
-29 -50
-29 -50
-29 -50
-29 -50
-29 -50
-29 -50
-29 -50
-29 -50
-29 -50
-29 -50
-29 -50
-29 -50
-29 -50
-29 -50
-29 -50
-29 -50
-29 -50
-29 -50
-29 -50
-29 -50
-29 -50
-29 -50
-29 -50
-29 -50
-29 -50
-29 -50
-29 -50
-29 -50
-29 -50
-29 -50
-29 -50
-21 -51
-21 -51
-21 -51
-21 -51
-21 -51
-21 -51
-21 -51
-21 -51
-21 -51
-21 -51
-21 -51
-21 -51
-21 -51
-21 -51
-21 -51
-21 -51
-21 -51
-21 -51
-21 -51
-21 -51
-21 -51
-21 -51
-21 -51
-21 -51
-21 -51
-21 -51
-21 -51
-24 -49
-24 -49
-24 -49
-24 -49
-24 -49
-24 -49
-24 -49
-24 -49
-24 -49
-24 -49
-24 -49
-24 -49
-24 -49
-24 -49
-24 -49
-24 -49
-24 -49
-24 -49
-24 -49
-24 -49
-23 -50
-23 -50
-23 -50
-23 -50
-23 -50
-23 -50
-23 -50
-23 -50
-23 -50
-23 -50
-23 -50
-23 -50
-23 -50
-23 -50
-23 -50
-23 -50
-23 -50
-23 -50
-23 -50
-23 -50
-23 -50
-23 -50
-23 -50
-23 -50
-23 -50
-23 -50
-23 -50
-23 -50
-23 -50
-23 -50
-23 -50
-23 -50
-23 -50
-23 -50
-23 -50
-23 -50
-23 -50
-23 -50
-23 -50
-23 -50
-23 -50
-23 -50
-23 -50
-23 -50
-23 -50
-23 -50
-23 -50
-23 -50
-23 -50
-30 -54
-26 -52
-26 -52
-26 -52
-26 -52
-26 -52
-26 -52
-26 -52
-26 -52
-26 -52
-26 -52
-26 -52
-26 -52
-26 -52
-26 -52
-26 -52
-26 -52
-26 -52
-26 -52
-26 -52
-26 -52
-26 -52
-26 -52
-26 -52
-26 -52
-26 -52
-26 -52
-26 -52
-26 -52
-26 -52
-26 -52
-26 -52
-26 -52
-26 -52
-26 -52
-26 -52
-26 -52
-26 -52
-26 -52
-26 -52
-26 -52
-26 -52
-26 -52
-26 -52
-26 -52
-26 -52
-26 -52
-26 -52
-26 -52
-26 -52
-26 -52
-26 -52
-26 -52
-32 -39
-32 -39
-32 -39
-32 -39
-32 -39
-32 -39
-32 -39
-32 -39
-32 -39
-32 -39
-32 -39
-32 -39
-32 -39
-32 -39
-32 -39
-32 -39
-32 -39
-32 -39
-32 -39
-32 -39
-32 -39
-32 -39
-32 -39
-32 -39
-32 -39
-32 -39
-32 -39
-32 -39
-32 -39
-32 -39
-32 -39
-32 -39
-32 -39
-32 -39
-32 -39
-32 -39
-32 -39
-32 -39
-32 -39
-32 -39
-32 -39
-32 -39
-45 -49
-45 -49
-45 -49
-45 -49
-45 -49
-45 -49
-45 -49
-45 -49
-45 -49
-45 -49
-45 -49
-45 -49
-45 -49
-45 -49
-45 -49
-45 -49
-45 -49
-45 -49
-45 -49
-45 -49
-45 -49
-45 -49
-45 -49
-45 -49
-44 -40
-44 -40
-44 -40
-44 -40
-44 -40
-44 -40
-44 -40
-44 -40
-44 -40
-44 -40
-44 -40
-44 -40
-44 -40
-44 -40
-44 -40
-44 -40
-44 -40
-44 -40
-44 -40
-44 -40
-44 -40
-44 -40
-44 -40
-44 -40
-44 -40
-43 -43
-43 -43
-43 -43
-43 -43
-43 -43
-43 -43
-43 -43
-43 -43
-43 -43
-43 -43
-43 -43
-43 -43
-43 -43
-43 -43
-43 -43
-43 -43
-43 -43
-43 -43
-43 -43
-43 -43
-43 -43
-43 -43
-43 -43
-43 -43
-43 -43
-43 -43
-43 -43
-43 -43
-43 -43
-43 -43
-43 -43
-43 -43
-43 -43
-43 -43
-43 -43
-43 -43
-43 -43
-43 -43
-43 -43
-43 -43
-43 -43
-43 -43
-43 -43
-43 -43
-43 -43
-43 -43
-43 -43
-43 -43
-43 -43
-43 -43
-43 -43
-43 -43
-43 -43
-43 -43
-43 -43
-43 -43
-43 -43
-43 -43
-43 -43
-43 -43
-43 -43
-43 -43
-43 -43
-43 -43
-43 -43
-43 -43
-43 -43
-43 -43
-43 -43
-43 -43
-43 -43
-43 -43
-43 -43
-43 -43
-43 -43
-43 -43
-43 -43
-43 -43
-43 -43
-43 -43
-43 -43
-57 -31
-57 -31
-57 -31
-57 -31
-57 -31
-57 -31
-57 -31
-57 -31
-57 -31
-57 -31
-57 -31
-57 -31
-57 -31
-57 -31
-57 -31
-57 -31
-57 -31
-57 -31
-57 -31
-54 -25
-54 -25
-54 -25
-54 -25
-54 -25
-54 -25
-54 -25
-54 -25
-54 -25
-54 -25
-54 -25
-54 -25
-54 -25
-54 -25
-54 -25
-54 -25
-54 -25
-54 -25
-54 -25
-54 -25
-54 -25
-54 -25
-54 -25
-54 -25
-54 -25
-54 -25
-54 -25
-54 -25
-54 -25
-54 -25
-54 -25
-54 -25
-54 -25
-54 -25
-54 -25
-54 -25
-54 -25
-54 -25
-54 -25
-54 -25
-54 -25
-54 -25
-54 -25
-54 -25
-54 -25
-54 -25
-54 -25
-54 -25
-54 -25
-54 -25
-54 -25
-54 -25
-54 -25
-54 -25
-54 -25
-54 -25
-54 -25
-54 -25
-54 -25
-54 -25
-54 -25
-54 -25
-54 -25
-54 -25
-50 -24
-56 -17
-56 -17
-56 -17
-56 -17
-56 -17
-56 -17
-56 -17
-56 -17
-56 -17
-56 -17
-59 -17
-59 -17
-59 -17
-59 -17
-59 -17
-59 -17
-59 -17
-59 -17
-59 -17
-59 -17
-59 -17
-59 -17
-59 -17
-59 -17
-59 -17
-59 -17
-59 -17
-59 -17
-59 -17
-59 -17
-59 -17
-59 -17
-59 -17
-59 -17
-59 -17
-59 -17
-57 -11
-56 -13
-56 -13
-56 -13
-56 -13
-56 -13
-56 -13
-56 -13
-56 -13
-56 -13
-56 -13
-56 -13
-56 -13
-56 -13
-56 -13
-56 -13
-56 -13
-56 -13
-56 -13
-56 -13
-56 -13
-56 -13
-56 -13
-56 -13
-56 -13
-56 -13
-56 -13
-56 -13
-56 -13
-56 -13
-56 -13
-56 -13
-56 -13
-56 -13
-56 -13
-56 -13
-56 -13
-56 -13
-61 -9
-61 -9
-61 -9
-61 -9
-61 -9
-61 -9
-61 -9
-61 -9
-61 -9
-61 -9
-64 -6
-64 -6
-64 -6
-64 -6
-64 -6
-64 -6
-64 -6
-64 -6
-64 -6
-64 -6
-64 -6
-64 -6
-64 -6
-64 -6
-64 -6
-64 -6
-64 -6
-64 -6
-64 -6
-64 -6
-70 -9
-70 -9
-70 -9
-70 -9
-70 -9
-70 -9
-70 -9
-70 -9
-70 -9
-70 -9
-70 -9
-70 -9
-70 -9
-70 -9
-70 -9
-70 -9
-70 -9
-70 -9
-70 -9
-70 -9
-70 -9
-70 -9
-70 -9
-70 -9
-70 -9
-70 -9
-70 -9
-70 -9
-70 -9
-70 -9
-70 -9
-70 -9
-70 -9
-70 -9
-70 -9
-70 -9
-70 -9
-70 -9
-70 -9
-70 -9
-70 -9
-70 -9
-70 -9
-70 -9
-70 -9
-70 -9
-70 -9
-70 -9
-70 -9
-70 -9
-70 -9
-70 -9
-70 -9
-70 -9
-70 -9
-70 -9
-70 -9
-70 -9
-70 -9
-67 -11
-67 -11
-67 -11
-67 -11
-67 -11
-67 -11
-67 -11
-67 -11
-67 -11
-67 -11
-67 -11
-67 -11
-67 -11
-67 -11
-67 -11
-68 -9
-68 -9
-68 -9
-68 -9
-68 -9
-68 -9
-68 -9
-68 -9
-68 -9
-68 -9
-68 -9
-68 -9
-68 -9
-68 -9
-68 -9
-68 -9
-68 -9
-68 -9
-68 -9
-68 -9
-68 -9
-68 -9
-68 -9
-68 -9
-68 -9
-68 -9
-68 -9
-68 -9
-68 -9
-68 -9
-68 -9
-68 -9
-68 -9
-68 -9
-68 -9
-68 -9
-68 -9
-68 -9
-68 -9
-68 -9
-71 -11
-72 -3
-72 -3
-72 -3
-72 -3
-72 -3
-72 -3
-72 -3
-72 -3
-72 -3
-72 -3
-72 -3
-72 -3
-72 -3
-72 -3
-72 -3
-72 -3
-72 -3
-72 -3
-72 -3
-75 0
-75 0
-75 0
-75 0
-75 0
-75 0
-75 0
-75 0
-75 0
-75 0
-75 0
-75 0
-75 0
-75 0
-75 0
-75 0
-75 0
-75 0
-75 0
-75 0
-75 0
-75 0
-75 0
-75 0
-75 0
-75 0
-75 0
-75 0
-75 0
-75 0
-75 0
-75 0
-75 0
-75 0
-79 4
-79 4
-79 4
-79 4
-79 4
-79 4
-79 4
-79 4
-79 4
-79 4
-79 4
-79 4
-79 4
-79 4
-79 4
-79 4
-79 4
-79 4
-79 4
-79 4
-79 4
-79 4
-79 4
-79 4
-79 4
-79 4
-79 4
-79 4
-79 4
-79 4
-79 4
-79 4
-79 4
-79 4
-79 4
-79 4
-79 6
-84 6
-84 6
-84 6
-84 6
-84 6
-84 6
-84 6
-84 6
-84 6
-84 6
-84 6
-84 6
-84 6
-84 6
-84 6
-84 6
-84 6
-84 6
-84 6
-84 6
-84 6
-84 6
-84 6
-84 6
-84 6
-84 6
-84 6
-84 6
-84 6
-84 6
-84 6
-84 6
-84 6
-84 6
-84 6
-84 6
-84 6
-84 6
-84 6
-84 6
-84 6
-84 6
-84 6
-84 6
-84 6
-84 6
-84 6
-84 6
-84 6
-84 6
-84 6
-84 6
-84 6
-84 6
-84 6
-84 6
-84 6
-84 6
-84 6
-93 12
-88 23
-88 23
-88 23
-88 23
-88 23
-88 23
-88 23
-88 23
-88 23
-88 23
-88 23
-88 23
-88 23
-88 23
-88 23
-88 23
-88 23
-88 23
-101 28
-101 28
-101 28
-101 28
-101 28
-101 28
-101 28
-101 28
-101 28
-101 28
-101 28
-101 28
-101 28
-101 28
-92 28
-92 28
-92 28
-92 28
-92 28
-92 28
-92 28
-92 28
-92 28
-92 28
-92 28
-92 28
-92 28
-92 28
-92 28
-92 28
-92 28
-92 28
-92 28
-92 28
-92 28
-92 28
-92 28
-92 28
-92 28
-92 28
-92 28
-92 28
-92 28
-92 28
-92 28
-92 28
-92 28
-92 28
-92 28
-85 36
-85 36
-85 36
-85 36
-85 36
-85 36
-85 36
-85 36
-85 36
-85 36
-85 36
-85 36
-85 36
-85 36
-85 36
-85 36
-85 36
-85 36
-85 36
-85 36
-85 36
-85 36
-85 36
-85 36
-85 36
-85 36
-85 36
-85 36
-85 36
-85 36
-85 36
-85 36
-100 41
-91 40
-91 40
-91 40
-91 40
-91 40
-91 40
-91 40
-91 40
-91 40
-91 40
-91 40
-91 40
-91 40
-91 40
-91 40
-91 40
-91 40
-91 40
-91 40
-91 40
-91 40
-91 40
-91 40
-91 40
-91 40
-91 40
-91 40
-91 40
-91 40
-91 40
-91 40
-91 40
-88 48
-88 48
-88 48
-88 48
-88 48
-88 48
-88 48
-88 48
-88 48
-88 48
-88 48
-88 48
-88 48
-88 48
-88 48
-88 48
-88 48
-85 56
-85 56
-85 56
-85 56
-85 56
-85 56
-85 56
-85 56
-85 56
-85 56
-85 56
-85 56
-85 56
-85 56
-85 56
-85 56
-85 56
-72 52
-72 52
-72 52
-72 52
-72 52
-72 52
-72 52
-72 52
-72 52
-72 52
-72 52
-72 52
-72 52
-72 52
-72 52
-72 52
-72 52
-72 52
-72 52
-72 52
-72 52
-72 52
-72 52
-72 52
-72 52
-72 52
-72 52
-72 52
-72 52
-72 52
-72 52
-72 52
-72 52
-72 52
-72 52
-72 52
-72 52
-72 52
-72 52
-72 52
-72 52
-72 52
-72 52
-72 52
-72 52
-72 52
-72 52
-72 52
-72 52
-72 52
-72 52
-72 52
-72 52
-79 59
-71 60
-71 60
-71 60
-71 60
-71 60
-71 60
-71 60
-71 60
-71 60
-71 60
-71 60
-71 60
-71 60
-71 60
-71 60
-71 60
-71 60
-71 60
-71 60
-71 60
-71 60
-71 60
-71 60
-71 60
-71 60
-71 60
-71 60
-71 60
-71 60
-71 60
-71 60
-71 60
-71 60
-71 60
-71 60
-71 60
-71 60
-71 60
-71 60
-71 60
-71 60
-71 60
-71 60
-71 60
-71 60
-71 60
-71 60
-71 60
-71 60
-71 60
-71 60
-71 60
-60 61
-56 63
-56 63
-56 63
-56 63
-56 63
-56 63
-56 63
-56 63
-56 63
-56 63
-56 63
-56 63
-56 63
-47 73
-47 73
-47 73
-47 73
-47 73
-47 73
-47 73
-47 73
-47 73
-47 73
-47 73
-47 73
-47 73
-47 73
-47 73
-47 73
-47 73
-47 73
-47 73
-47 73
-47 73
-47 73
-47 73
-47 73
-47 73
-47 73
-47 73
-47 73
-47 73
-47 73
-47 73
-47 73
-50 86
-50 86
-50 86
-50 86
-50 86
-50 86
-50 86
-50 86
-50 86
-50 86
-50 86
-50 86
-50 86
-50 86
-50 86
-50 86
-50 86
-50 86
-50 86
-50 86
-50 86
-50 86
-50 86
-50 86
-50 86
-50 86
-50 86
-50 86
-50 86
-50 86
-50 86
-50 86
-50 86
-50 86
-50 86
-50 86
-50 86
-50 86
-50 86
-50 86
-50 86
-50 86
-50 86
-50 86
-50 86
-50 86
-50 86
-50 86
-50 86
-50 86
-50 86
-50 86
-50 86
-50 86
-50 86
-50 86
-50 86
-50 86
-50 86
-50 86
-50 86
-50 86
-50 86
-50 86
-50 86
-43 71
-43 71
-43 71
-43 71
-43 71
-43 71
-43 71
-43 71
-43 71
-43 71
-43 71
-43 71
-43 71
-43 71
-43 71
-43 71
-43 71
-43 71
-43 71
-22 82
-22 82
-22 82
-22 82
-22 82
-22 82
-22 82
-22 82
-22 82
-22 82
-22 82
-22 82
-22 82
-22 82
-22 82
-22 82
-22 82
-22 82
-19 81
-19 81
-19 81
-19 81
-19 81
-19 81
-19 81
-19 81
-19 81
-19 81
-19 81
-19 81
-19 81
-19 81
-19 81
-19 81
-19 81
-19 81
-19 81
-13 86
-13 86
-13 86
-13 86
-13 86
-13 86
-13 86
-13 86
-13 86
-13 86
-13 86
-13 86
-13 86
-13 86
-13 86
-13 86
-13 86
-13 86
-13 86
-13 86
-13 86
-13 86
-13 86
-13 86
-13 86
-13 86
-13 86
-13 86
-13 86
-13 86
-13 86
-13 86
-13 86
-13 86
-13 86
-13 86
-13 86
-13 86
-12 80
-12 80
-12 80
-12 80
-12 80
-12 80
-12 80
-12 80
-12 80
-12 80
-12 80
-12 80
-12 80
-12 80
-12 80
-12 80
-12 80
-12 80
-12 80
-12 80
-12 80
-12 80
-12 80
-12 80
-12 80
-12 80
-12 80
-12 80
-12 80
-12 80
-12 80
-12 80
-12 80
-12 80
-12 80
-12 80
-6 82
-6 82
-6 82
-6 82
-6 82
-6 82
-6 82
-6 82
-6 82
-6 82
-6 82
-6 82
-6 82
-6 82
-6 82
-6 82
-6 82
-6 82
-3 77
-3 77
-3 77
-3 77
-3 77
-3 77
-3 77
-3 77
-3 77
-3 77
-3 77
-3 77
-3 77
-3 77
-3 77
-3 77
-3 77
-3 77
-3 77
-3 77
-3 77
-3 77
-3 77
-3 77
-3 77
-3 77
-3 77
-3 77
-3 77
-3 77
-3 77
-3 77
-3 77
-3 77
4 68
4 68
4 68
4 68
4 68
4 68
4 68
4 68
4 68
4 68
4 68
4 68
4 68
4 68
7 62
7 62
7 62
7 62
7 62
7 62
7 62
7 62
7 62
7 62
7 62
7 62
7 62
7 62
7 62
7 62
7 62
7 62
7 62
7 62
7 62
7 62
7 62
7 62
7 62
7 62
7 62
7 62
7 62
7 62
9 54
9 54
9 54
9 54
9 54
9 54
9 54
9 54
9 54
9 54
9 54
9 54
9 54
9 54
9 54
9 54
9 54
9 54
9 54
9 54
9 54
9 54
9 54
9 54
9 54
9 54
9 54
9 54
9 54
9 54
9 54
9 54
9 54
9 54
12 40
12 40
12 40
12 40
12 40
12 40
12 40
12 40
12 40
12 40
12 40
12 40
12 40
12 40
12 40
12 40
12 40
12 40
12 40
12 40
12 40
12 40
12 40
12 40
12 40
12 40
12 40
12 40
12 40
12 40
12 40
12 40
12 40
12 27
12 27
12 27
12 27
12 27
12 27
12 27
12 27
12 27
12 27
12 27
12 27
12 27
12 27
12 27
12 27
12 27
12 27
12 27
12 27
12 27
12 27
12 27
12 27
12 27
12 27
12 27
12 27
12 27
12 27
12 27
12 27
12 27
12 27
7 23
5 15
5 15
5 15
5 15
5 15
5 15
5 15
5 15
5 15
5 15
5 15
5 15
5 15
5 15
5 15
5 15
5 15
5 15
5 15
5 15
5 15
5 15
5 15
5 15
5 15
5 15
5 15
5 15
5 15
5 15
5 15
5 15
5 15
5 15
5 15
5 15
5 15
5 15
5 15
5 15
5 15
5 15
5 15
5 15
5 15
5 15
5 15
5 15
5 15
4 7
1 3
1 3
1 3
1 3
1 3
1 3
1 3
1 3
1 3
1 3
1 3
1 3
1 3
1 3
1 3
1 3
1 3
1 3
1 3
1 3
1 3
1 3
1 3
1 3
1 3
1 3
1 3
1 3
1 3
1 3
1 3
1 3
1 3
1 3
1 3
1 3
0 1
0 1
0 1
0 1
0 1
0 1
0 1
0 1
0 1
0 1
0 1
0 1
0 1
0 1
0 1
0 1
0 1
0 1
0 1
0 1
0 1
0 1
0 1
0 1
0 1
0 1
0 1
0 1
0 1
0 1
0 1
0 1
0 1
0 1
0 1
0 1
0 1
0 1
0 1
0 1
0 1
0 1
0 1
0 1
0 1
0 1
0 1
0 1
0 1
0 1
0 1
0 1
0 1
0 1
0 1
0 1
0 1
0 1
0 1
0 1
0 1
0 1
0 1
0 1
0 1
0 1
0 1
0 1
0 1
-4 -1
-4 -1
-4 -1
-4 -1
-4 -1
-4 -1
-4 -1
-4 -1
-4 -1
-4 -1
-4 -1
-4 -1
-4 -1
-4 -1
-4 -1
-4 -1
-4 -1
-4 -1
-4 -1
-4 -1
-4 -1
-4 -1
-4 -1
-4 -1
-4 -1
-4 -1
-4 -1
-4 -1
-4 -1
-4 -1
-4 -1
-4 -1
-7 -1
6 0
6 0
6 0
6 0
6 0
6 0
6 0
6 0
6 0
6 0
6 0
6 0
6 0
6 0
6 0
6 0
6 0
6 0
6 0
6 0
6 0
6 0
6 0
6 0
6 0
6 0
6 0
6 0
6 0
6 0
2 0
2 0
2 0
2 0
2 0
2 0
2 0
2 0
2 0
2 0
2 0
2 0
2 0
2 0
2 0
2 0
2 0
2 0
2 0
2 0
2 0
2 0
2 0
2 0
2 0
2 0
2 0
2 0
2 0
2 0
2 0
2 0
2 0
2 0
2 0
2 0
2 0
2 0
2 0
2 0
2 0
2 0
2 0
2 0
2 0
2 0
2 0
2 0
2 0
2 0
2 0
2 0
2 0
2 0
2 0
2 0
2 0
2 0
2 0
2 0
2 0
2 0
2 0
2 0
2 0
2 0
2 0
2 0
2 0
2 0
2 0
2 0
2 0
2 0
2 0
2 0
2 0
2 0
2 0
2 0
2 0
2 0
2 0
2 0
2 0
2 0
2 0
2 0
2 0
2 0
2 0
2 0
2 0
2 0
2 0
2 0
2 0
2 0
2 0
2 0
2 0
2 0
2 0
2 0
2 0
2 0
2 0
2 0
2 0
2 0
2 0
2 0
2 0
2 0
2 0
2 0
2 0
2 0
2 0
2 0
2 0
2 0
2 0
2 0
2 0
2 0
2 0
2 0
2 0
2 0
2 0
2 0
2 0
2 0
2 0
2 0
2 0
2 0
2 0
2 0
2 0
2 0
2 0
2 0
2 0
2 0
2 0
2 0
2 0
2 0
2 0
2 0
2 0
2 0
2 0
2 0
2 0
2 0
2 0
2 0
2 0
2 0
2 0
2 0
2 0
2 0
2 0
2 0
2 0
2 0
2 0
2 0
2 0
2 0
2 0
2 0
2 0
2 0
2 0
2 0
2 0
2 0
2 0
2 0
2 0
2 0
2 0
2 0
2 0
2 0
2 0
2 0
2 0
2 0
2 0
2 0
2 0
2 0
2 0
2 0
2 0
2 0
2 0
2 0
2 0
2 0
2 0
2 0
2 0
2 0
2 0
2 0
2 0
2 0
2 0
2 0
2 0
2 0
2 0
2 0
2 0
2 0
2 0
2 0
2 0
2 0
2 0
2 0
2 0
2 0
2 0
2 0
2 0
2 0
2 0
2 0
2 0
2 0
2 0
2 0
2 0
2 0
2 0
2 0
2 0
2 0
2 0
2 0
2 0
2 0
2 0
2 0
2 0
2 0
2 0
2 0
2 0
2 0
2 0
2 0
2 0
2 0
2 0
2 0
2 0
2 0
2 0
2 0
2 0
2 0
2 0
2 0
2 0
2 0
2 0
2 0
2 0
2 0
2 0
2 0
2 0
2 0
2 0
2 0
2 0
2 0
2 0
2 0
2 0
2 0
2 0
2 0
2 0
2 0
2 0
2 0
2 0
2 0
2 0
2 0
2 0
2 0
2 0
2 0
2 0
2 0
2 0
2 0
2 0
2 0
2 0
2 0
2 0
2 0
2 0
2 0
2 0
2 0
2 0
2 0
2 0
2 0
2 0
2 0
2 0
2 0
2 0
2 0
2 0
2 0
2 0
2 0
2 0
2 0
2 0
2 0
2 0
2 0
2 0
2 0
2 0
2 0
2 0
2 0
2 0
2 0
2 0
2 0
2 0
2 0
2 0
2 0
2 0
2 0
2 0
2 0
2 0
2 0
2 0
2 0
2 0
2 0
2 0
2 0
2 0
2 0
2 0
2 0
2 0
2 0
2 0
2 0
2 0
2 0
2 0
2 0
2 0
2 0
2 0
2 0
2 0
2 0
2 0
2 0
2 0
2 0
2 0
2 0
2 0
2 0
2 0
2 0
2 0
2 0
2 0
2 0
2 0
2 0
2 0
2 0
2 0
2 0
2 0
2 0
2 0
2 0
2 0
2 0
2 0
2 0
2 0
2 0
2 0
2 0
2 0
2 0
2 0
2 0
2 0
2 0
2 0
2 0
2 0
2 0
2 0
2 0
2 0
2 0
2 0
2 0
2 0
2 0
2 0
2 0
2 0
2 0
2 0
2 0
2 0
2 0
2 0
2 0
2 0
2 0
2 0
2 0
2 0
2 0
2 0
2 0
2 0
2 0
2 0
2 0
2 0
2 0
2 0
2 0
2 0
2 0
2 0
2 0
2 0
2 0
2 0
2 0
2 0
2 0
2 0
2 0
2 0
2 0
2 0
2 0
2 0
2 0
2 0
2 0
2 0
2 0
2 0
2 0
2 0
2 0
2 0
2 0
2 0
2 0
2 0
2 0
2 0
2 0
2 0
2 0
2 0
2 0
2 0
2 0
2 0
2 0
2 0
2 0
2 0
2 0
2 0
2 0
2 0
2 0
2 0
2 0
2 0
2 0
2 0
2 0
2 0
2 0
2 0
2 0
2 0
2 0
2 0
2 0
2 0
2 0
2 0
2 0
2 0
2 0
2 0
2 0
2 0
2 0
2 0
2 0
2 0
2 0
2 0
2 0
2 0
2 0
2 0
2 0
2 0
2 0
2 0
2 0
2 0
2 0
2 0
2 0
2 0
2 0
2 0
2 0
2 0
2 0
2 0
2 0
2 0
2 0
2 0
2 0
2 0
2 0
2 0
2 0
2 0
2 0
2 0
2 0
2 0
2 0
2 0
2 0
2 0
2 0
2 0
2 0
2 0
2 0
2 0
2 0
2 0
2 0
2 0
2 0
2 0
2 0
2 0
2 0
2 0
2 0
2 0
2 0
2 0
2 0
2 0
2 0
2 0
2 0
2 0
2 0
2 0
2 0
2 0
2 0
2 0
2 0
2 0
2 0
2 0
2 0
2 0
2 0
2 0
2 0
2 0
2 0
2 0
2 0
2 0
2 0
2 0
2 0
2 0
2 0
2 0
2 0
2 0
2 0
2 0
2 0
2 0
2 0
2 0
2 0
2 0
2 0
2 0
2 0
2 0
2 0
2 0
2 0
2 0
2 0
2 0
2 0
2 0
2 0
2 0
2 0
2 0
2 0
2 0
2 0
2 0
2 0
2 0
2 0
2 0
2 0
2 0
2 0
2 0
2 0
2 0
2 0
2 0
2 0
2 0
2 0
2 0
2 0
2 0
2 0
2 0
2 0
2 0
2 0
2 0
2 0
2 0
2 0
2 0
2 0
2 0
2 0
2 0
2 0
2 0
2 0
2 0
2 0
2 0
2 0
2 0
2 0
2 0
2 0
2 0
2 0
2 0
2 0
2 0
2 0
2 0
2 0
2 0
2 0
2 0
2 0
2 0
2 0
2 0
2 0
2 0
2 0
2 0
2 0
2 0
2 0
2 0
2 0
2 0
2 0
2 0
2 0
2 0
2 0
2 0
2 0
2 0
2 0
2 0
2 0
2 0
2 0
2 0
2 0
2 0
2 0
2 0
2 0
2 0
2 0
2 0
2 0
2 0
2 0
