1 0
1 0
1 0
1 0
1 0
1 0
1 0
1 0
1 0
1 0
1 0
1 0
1 0
1 0
1 0
1 0
1 0
1 0
1 0
1 0
1 0
1 0
1 0
1 0
1 0
1 0
1 0
0 -1
0 -1
0 -1
0 -1
0 -1
0 -1
0 -1
0 -1
0 -1
0 -1
0 -1
0 -1
0 -1
0 -1
0 -1
0 -1
0 -1
0 -1
0 -1
0 -1
0 -1
0 -1
0 -1
0 -1
0 -1
0 -1
0 -1
0 -1
0 -1
0 -1
0 -1
0 -1
0 -1
0 -1
0 -1
0 -1
0 -1
0 -1
0 -1
0 -1
0 -1
0 -1
0 -1
0 -1
0 -1
0 -1
0 -1
0 -1
0 -1
0 -1
0 -1
0 -1
0 -1
0 -1
0 -1
0 -1
0 -1
0 -1
0 -1
0 -1
0 -1
0 -1
0 -1
0 -1
0 -1
0 -1
0 -1
0 -1
0 -1
0 -1
0 -1
0 -1
0 -1
0 -1
0 -1
0 -1
0 -1
0 -1
0 -1
0 -1
0 -1
0 -1
0 -1
0 -1
0 -1
0 -1
0 -1
0 -1
0 -1
0 -1
0 -1
0 -1
0 -1
0 -1
0 -1
0 -1
0 -1
0 -1
0 -1
0 -1
0 -1
0 -1
0 -1
0 -1
0 -1
0 -1
0 -1
0 -1
0 -1
0 -1
0 -1
0 -1
0 -1
0 -1
0 -1
0 -1
0 -1
0 -1
0 -1
0 -1
0 -1
0 -1
0 -1
0 -1
0 -1
0 -2
0 -2
0 -2
0 -2
0 -2
0 -2
0 -2
0 -2
0 -2
0 -2
0 -2
0 -2
0 -2
0 -2
0 -2
0 -2
0 -2
0 -2
0 -2
0 -2
0 -2
0 -2
0 -2
0 -2
0 -2
0 -2
0 -2
0 -2
0 -2
0 -2
0 -2
0 -2
0 -2
0 -2
0 -2
0 -2
0 -2
0 -2
0 -2
0 -2
0 -2
0 -2
0 -2
0 -2
0 -2
0 -2
0 -2
0 -2
0 -2
0 -2
0 -2
0 -2
0 -2
0 -2
0 -2
0 -2
0 -2
0 -2
0 -2
0 -2
0 -2
0 -2
0 -2
0 -2
0 -2
0 -2
0 -2
0 -2
0 -2
0 -2
0 -2
0 -2
0 -2
0 -2
0 -2
0 -2
0 -2
0 -2
0 -2
0 -2
0 -2
0 -2
0 -2
0 -2
0 -2
0 -2
0 -2
0 -2
0 -2
0 -2
0 -2
0 -2
0 -2
0 -2
0 -2
0 -2
0 -2
0 -2
0 -2
0 7
0 7
0 7
0 7
0 7
0 7
0 7
0 7
0 7
0 7
0 7
0 7
0 7
0 7
0 7
0 7
0 7
0 7
0 7
0 7
0 7
-1 13
-1 13
-1 13
-1 13
-1 13
-1 13
-1 13
-1 13
-1 13
-1 13
-1 13
-1 13
-1 13
-1 13
-1 13
-1 13
-1 13
-1 13
-1 13
-1 13
-2 15
-2 15
-2 15
-2 15
-2 15
-2 15
-2 15
-2 15
-2 15
-2 15
-2 15
-2 15
-2 15
-2 15
-2 15
-2 15
-2 15
-2 15
-2 15
-2 15
-2 15
-2 15
-2 15
-2 15
-2 15
-2 15
-2 15
-2 15
-2 15
-2 15
-2 15
-2 15
-2 15
-2 15
-2 15
-2 15
-2 15
-2 15
-2 15
-2 15
-2 15
-2 15
-2 15
-2 15
-2 15
-2 15
-2 15
-2 15
-2 15
-2 15
-2 15
-2 15
-2 15
-2 15
-2 15
-2 15
-2 15
-2 15
-2 15
-2 15
-2 15
-2 15
-2 15
-2 15
-2 15
-2 15
-2 15
-2 15
-2 15
-2 15
-2 15
-2 15
-2 15
-2 15
-2 15
-2 15
-2 15
-2 15
-1 16
-1 16
-1 16
-1 16
-1 16
-1 16
-1 16
-1 16
-1 16
-1 16
-1 16
-1 16
-1 16
-1 16
-1 16
-1 16
-1 16
-1 16
-1 16
-1 16
-1 16
-1 16
-1 16
-1 16
-1 16
-1 16
-1 16
-1 16
-1 16
-1 16
-1 16
-1 16
-1 16
-1 16
-1 16
-1 16
-1 16
-1 16
-1 16
-1 16
-1 16
-1 16
-1 16
-1 16
-1 16
-1 16
-1 16
-1 16
-1 16
-1 16
-1 16
-1 16
-1 17
-1 17
-1 17
-1 17
-1 17
-1 17
-1 17
-1 17
-1 17
-1 17
-1 17
-1 17
-1 17
-1 17
-1 17
-1 17
-1 17
-1 17
-1 17
-1 17
-1 17
-1 17
-1 17
-1 17
0 20
0 20
0 20
0 20
0 20
0 20
0 20
0 20
0 20
0 20
0 20
0 20
0 20
0 20
0 20
0 20
0 20
0 20
0 20
0 20
0 20
0 20
0 20
0 20
0 20
-3 29
-3 29
-3 29
-3 29
-3 29
-3 29
-3 29
-3 29
-3 29
-3 29
-3 29
-3 29
-3 29
-3 29
-3 29
-3 29
-3 29
-3 29
-3 29
-3 29
-3 29
-3 29
-3 29
-3 29
-3 29
-3 29
-3 29
-3 29
-3 29
-3 29
-3 29
-3 29
-3 29
-3 29
-3 29
-3 29
-3 29
-3 29
-3 29
-3 29
-3 29
-3 29
-3 29
-3 29
-3 29
-3 29
-3 29
-3 29
0 30
0 30
0 30
0 30
0 30
0 30
0 30
0 30
0 30
0 30
0 30
0 30
0 30
0 30
0 30
0 30
0 30
0 30
0 30
0 30
0 30
0 30
0 30
0 30
0 30
0 30
0 34
0 34
0 34
0 34
0 34
0 34
0 34
0 34
0 34
0 34
0 34
0 34
0 34
0 34
0 34
0 34
0 34
0 34
0 34
0 34
0 34
0 34
0 34
0 34
0 34
0 34
0 34
0 34
0 34
0 34
0 34
0 34
0 34
0 34
0 34
0 34
0 34
0 34
0 34
0 34
0 34
0 34
0 34
0 34
0 34
0 34
0 34
0 34
0 34
0 34
0 34
0 34
0 34
0 34
0 34
0 34
0 34
0 34
0 34
0 34
0 34
0 34
0 34
0 34
0 34
0 34
0 34
0 34
0 34
0 34
0 34
0 34
0 34
0 34
0 34
0 34
4 32
4 32
4 32
4 32
4 32
4 32
4 32
4 32
4 32
4 32
4 32
4 32
4 32
4 32
4 32
4 32
4 32
4 32
4 32
4 32
4 32
4 32
1 41
1 41
1 41
1 41
1 41
1 41
1 41
1 41
1 41
1 41
1 41
1 41
1 41
1 41
1 41
1 41
1 41
1 41
1 41
1 41
1 41
1 41
1 41
1 41
1 41
1 41
1 41
1 41
1 41
1 41
1 41
1 41
1 41
1 41
1 41
1 41
1 41
1 41
1 41
1 41
1 41
5 42
5 42
5 42
5 42
5 42
5 42
5 42
5 42
5 42
5 42
5 42
5 42
5 42
5 42
5 42
5 42
5 42
5 42
5 42
5 42
5 42
5 42
5 42
11 39
11 39
11 39
11 39
11 39
11 39
11 39
11 39
11 39
11 39
11 39
11 39
11 39
11 39
11 39
11 39
11 39
11 39
11 39
11 39
11 39
11 39
11 39
11 39
1 37
1 37
1 37
1 37
1 37
1 37
1 37
1 37
1 37
1 37
1 37
1 37
1 37
1 37
1 37
1 37
1 37
1 37
1 37
1 37
1 37
1 37
1 37
1 37
1 37
1 37
1 37
1 37
1 37
1 37
1 37
1 37
1 37
1 37
1 37
1 37
1 37
1 37
1 37
1 37
1 37
1 37
1 37
1 37
1 37
1 37
1 37
1 37
1 37
7 46
7 46
7 46
7 46
7 46
7 46
7 46
7 46
7 46
7 46
7 46
7 46
7 46
7 46
7 46
7 46
7 46
7 46
7 46
7 46
7 46
7 46
7 46
7 46
7 46
7 46
7 46
7 46
7 46
7 46
7 46
7 46
7 46
7 46
7 46
7 46
7 46
7 46
7 46
7 46
7 46
7 46
7 46
7 46
7 46
7 46
7 46
11 46
11 46
11 46
11 46
11 46
11 46
11 46
11 46
11 46
11 46
11 46
11 46
11 46
11 46
11 46
11 46
11 46
11 46
11 46
11 46
11 46
11 46
11 46
11 46
11 46
11 46
11 46
11 46
11 46
11 46
11 46
11 46
11 46
11 46
11 46
11 46
11 46
11 46
11 46
11 46
11 46
11 46
11 46
11 46
11 46
11 46
11 46
11 46
11 46
11 46
11 46
11 46
11 46
11 46
11 46
11 46
11 46
11 46
11 46
11 46
11 46
11 46
11 46
11 46
11 46
11 46
11 46
11 46
11 46
7 44
11 48
11 48
11 48
11 48
11 48
11 48
11 48
11 48
11 48
11 48
11 48
11 48
11 48
11 48
11 48
11 48
11 48
11 48
11 48
11 48
11 48
19 46
19 46
19 46
19 46
19 46
19 46
19 46
19 46
19 46
19 46
19 46
19 46
19 46
19 46
19 46
19 46
19 46
19 46
19 46
19 46
19 46
19 46
19 46
19 46
19 46
19 46
19 46
19 46
19 46
19 46
19 46
19 46
19 46
19 46
19 46
19 46
19 46
19 46
19 46
19 46
19 46
19 46
19 46
19 46
19 46
19 46
19 46
19 46
19 46
19 46
19 46
20 47
20 47
20 47
20 47
20 47
20 47
20 47
20 47
20 47
20 47
20 47
20 47
20 47
20 47
20 47
20 47
20 47
20 47
20 47
20 47
20 47
20 47
20 47
20 47
20 47
20 47
20 47
20 47
20 47
20 47
20 47
20 47
20 47
20 47
20 47
20 47
20 47
20 47
20 47
20 47
20 47
20 47
20 47
20 47
20 47
20 47
20 47
20 47
20 47
23 54
23 54
23 54
23 54
23 54
23 54
23 54
23 54
23 54
23 54
23 54
23 54
23 54
23 54
23 54
23 54
23 54
23 54
23 54
23 54
23 54
23 54
23 54
23 54
23 54
23 54
23 54
23 54
23 54
23 54
23 54
23 54
23 54
23 54
23 54
23 54
23 54
23 54
23 54
23 54
23 54
23 54
23 54
23 54
23 54
23 54
23 54
23 54
23 54
23 54
23 54
25 52
25 52
26 53
26 53
26 53
26 53
26 53
26 53
26 53
26 53
26 53
26 53
26 53
26 53
26 53
26 53
26 53
26 53
26 53
26 53
26 53
26 53
26 53
26 53
26 53
26 53
26 53
26 53
26 53
26 53
26 53
26 53
26 53
26 53
26 53
26 53
26 53
26 53
26 53
26 53
26 53
26 53
26 53
26 53
26 53
26 53
26 53
34 50
34 50
34 50
34 50
34 50
34 50
34 50
34 50
34 50
34 50
34 50
34 50
34 50
34 50
34 50
34 50
34 50
34 50
34 50
34 50
34 50
34 50
34 50
34 50
31 55
31 55
31 55
31 55
31 55
31 55
31 55
31 55
31 55
31 55
31 55
31 55
31 55
31 55
31 55
31 55
31 55
31 55
31 55
31 55
31 55
31 55
31 55
31 55
31 55
31 55
31 55
31 55
31 55
31 55
31 55
31 55
31 55
31 55
31 55
31 55
31 55
31 55
31 55
31 55
31 55
31 55
31 55
31 55
31 55
31 55
31 55
31 55
31 55
31 55
31 55
31 55
28 48
28 48
28 48
28 48
28 48
28 48
28 48
28 48
28 48
28 48
28 48
28 48
28 48
28 48
28 48
28 48
28 48
28 48
28 48
28 48
28 48
28 48
28 48
28 48
28 48
28 48
28 48
28 48
28 48
28 48
28 48
28 48
28 48
28 48
28 48
28 48
28 48
28 48
28 48
28 48
28 48
28 48
28 48
28 48
28 48
29 49
29 49
29 49
29 49
29 49
29 49
29 49
29 49
29 49
29 49
29 49
29 49
29 49
29 49
29 49
29 49
29 49
29 49
29 49
29 49
29 49
29 49
29 49
29 49
29 49
29 49
29 49
29 49
29 49
29 49
29 49
29 49
29 49
29 49
29 49
29 49
29 49
29 49
29 49
29 49
29 49
29 49
29 49
29 49
29 49
29 49
29 49
29 46
29 46
29 46
29 46
29 46
29 46
29 46
29 46
29 46
29 46
29 46
29 46
29 46
29 46
29 46
29 46
29 46
29 46
29 46
29 46
29 46
29 46
29 46
29 46
33 38
33 38
33 38
33 38
33 38
33 38
33 38
33 38
33 38
33 38
33 38
33 38
33 38
33 38
33 38
33 38
33 38
33 38
33 38
33 38
32 41
32 41
32 41
32 41
32 41
32 41
32 41
32 41
32 41
32 41
32 41
32 41
32 41
32 41
32 41
32 41
32 41
32 41
32 41
32 41
32 41
32 41
32 41
32 41
32 41
32 41
32 41
32 41
32 41
32 41
32 41
32 41
32 41
32 41
32 41
32 41
32 41
32 41
32 41
32 41
32 41
32 41
32 41
32 41
32 41
32 41
36 46
36 46
36 46
36 46
36 46
36 46
36 46
36 46
36 46
36 46
36 46
36 46
36 46
36 46
36 46
36 46
36 46
36 46
36 46
36 46
36 46
36 46
36 46
36 46
36 46
36 46
36 46
36 46
36 46
36 46
36 46
36 46
36 46
36 46
36 46
36 46
36 46
36 46
36 46
36 46
36 46
36 46
36 46
36 46
36 46
33 36
33 36
33 36
33 36
33 36
33 36
33 36
33 36
33 36
33 36
33 36
33 36
33 36
33 36
33 36
33 36
33 36
33 36
33 36
33 36
33 36
33 36
24 36
24 36
24 36
24 36
24 36
24 36
24 36
24 36
24 36
24 36
24 36
24 36
24 36
24 36
24 36
24 36
24 36
24 36
24 36
24 36
24 36
24 36
24 36
24 36
24 36
37 44
37 44
37 44
37 44
37 44
37 44
37 44
37 44
37 44
37 44
37 44
37 44
37 44
37 44
37 44
37 44
37 44
37 44
37 44
37 44
37 44
37 44
37 44
37 44
37 44
37 44
37 44
29 24
29 24
29 24
29 24
29 24
29 24
29 24
29 24
29 24
29 24
29 24
29 24
29 24
29 24
29 24
29 24
29 24
29 24
29 24
29 24
29 24
29 24
29 24
29 24
29 24
29 24
29 24
29 24
29 24
29 24
29 24
29 24
29 24
29 24
29 24
29 24
29 24
29 24
29 24
29 24
29 24
29 24
29 24
29 24
29 24
29 24
29 24
29 24
29 24
29 24
29 24
29 24
33 30
33 30
33 30
33 30
33 30
33 30
33 30
33 30
33 30
33 30
33 30
33 30
33 30
33 30
33 30
33 30
33 30
33 30
33 30
33 30
33 30
33 30
33 30
33 30
37 28
37 28
37 28
37 28
37 28
37 28
37 28
37 28
37 28
37 28
37 28
37 28
37 28
37 28
37 28
37 28
37 28
37 28
37 28
37 28
37 28
37 28
37 28
37 28
37 28
37 28
37 28
37 28
37 28
37 28
37 28
37 28
37 28
37 28
37 28
37 28
37 28
37 28
37 28
37 28
37 28
37 28
37 28
37 28
37 28
37 28
37 28
37 28
37 28
37 28
31 31
31 31
31 31
31 31
31 31
31 31
31 31
31 31
31 31
31 31
31 31
31 31
31 31
31 31
31 31
31 31
31 31
31 31
31 31
31 31
31 31
31 31
31 31
31 31
31 31
31 31
31 31
27 20
27 20
27 20
27 20
27 20
27 20
27 20
27 20
27 20
27 20
27 20
27 20
27 20
27 20
27 20
27 20
27 20
27 20
27 20
27 20
27 20
27 20
27 20
27 20
27 20
27 20
27 20
35 23
35 23
35 23
35 23
35 23
35 23
35 23
35 23
35 23
35 23
35 23
35 23
35 23
35 23
35 23
35 23
35 23
35 23
35 23
35 23
35 23
35 23
35 23
35 23
35 23
35 23
35 23
35 23
35 23
35 23
35 23
35 23
35 23
35 23
35 23
35 23
35 23
35 23
35 23
35 23
35 23
35 23
35 23
35 23
35 23
35 23
35 23
35 23
35 23
35 23
35 23
35 23
35 23
35 23
35 23
35 23
35 23
35 23
35 23
35 23
35 23
35 23
35 23
35 23
35 23
35 23
35 23
35 23
35 23
35 23
35 23
35 23
35 23
35 23
35 23
35 23
35 23
35 23
35 23
35 23
35 23
35 23
43 22
43 22
43 22
43 22
43 22
43 22
43 22
43 22
43 22
43 22
43 22
43 22
43 22
43 22
43 22
43 22
43 22
43 22
43 22
43 22
43 22
43 22
43 22
43 22
43 22
43 22
43 22
43 22
43 22
43 22
43 22
43 22
43 22
43 22
43 22
43 22
43 22
43 22
43 22
43 22
43 22
43 22
43 22
43 22
43 22
43 22
43 22
43 22
41 17
41 17
41 17
41 17
41 17
41 17
41 17
41 17
41 17
41 17
41 17
41 17
41 17
41 17
41 17
41 17
41 17
41 17
41 17
41 17
41 17
41 17
41 17
39 14
39 14
39 14
39 14
39 14
39 14
39 14
39 14
39 14
39 14
39 14
39 14
39 14
39 14
39 14
39 14
39 14
39 14
39 14
39 14
39 14
39 14
39 14
39 14
39 14
39 14
39 14
39 14
39 14
39 14
39 14
39 14
39 14
39 14
39 14
39 14
39 14
39 14
39 14
39 14
39 14
39 14
39 14
39 14
39 14
39 14
39 14
39 14
39 14
40 12
40 12
40 12
40 12
40 12
40 12
40 12
40 12
40 12
40 12
40 12
40 12
40 12
40 12
40 12
40 12
40 12
40 12
40 12
40 12
40 12
40 12
40 12
40 12
40 12
43 16
43 16
43 16
43 16
43 16
43 16
43 16
43 16
43 16
43 16
43 16
43 16
43 16
43 16
43 16
43 16
43 16
43 16
43 16
43 16
43 16
43 16
43 16
43 16
43 16
43 16
43 11
43 11
43 11
43 11
43 11
43 11
43 11
43 11
43 11
43 11
43 11
43 11
43 11
43 11
43 11
43 11
43 11
43 11
43 11
43 11
43 11
43 11
43 11
50 5
50 5
50 5
50 5
50 5
50 5
50 5
50 5
50 5
50 5
50 5
50 5
50 5
50 5
50 5
50 5
50 5
50 5
50 5
50 5
50 5
50 5
50 5
50 5
50 5
50 5
50 5
50 5
50 5
50 5
50 5
50 5
50 5
50 5
50 5
50 5
50 5
50 5
50 5
50 5
50 5
50 5
50 5
50 5
50 5
50 5
50 5
50 5
55 6
55 6
55 6
55 6
55 6
55 6
55 6
55 6
55 6
55 6
55 6
55 6
55 6
55 6
55 6
55 6
55 6
55 6
55 6
55 6
55 6
55 6
55 6
55 6
55 6
55 6
55 6
55 6
55 6
55 6
55 6
55 6
55 6
55 6
55 6
55 6
55 6
55 6
55 6
55 6
55 6
55 6
55 6
55 6
55 6
55 6
55 6
55 6
55 6
55 6
55 6
58 8
58 8
58 8
58 8
58 8
58 8
58 8
58 8
58 8
58 8
58 8
58 8
58 8
58 8
58 8
58 8
58 8
58 8
58 8
58 8
58 8
58 8
58 8
58 8
58 8
58 8
65 2
65 2
65 2
65 2
65 2
65 2
65 2
65 2
65 2
65 2
65 2
65 2
65 2
65 2
65 2
65 2
65 2
65 2
65 2
65 2
65 2
65 2
75 0
75 0
75 0
75 0
75 0
75 0
75 0
75 0
75 0
75 0
75 0
75 0
75 0
75 0
75 0
75 0
75 0
75 0
75 0
75 0
75 0
75 0
75 0
75 0
75 0
75 0
75 0
75 0
75 0
75 0
75 0
75 0
75 0
75 0
75 0
75 0
75 0
75 0
75 0
75 0
75 0
75 0
75 0
75 0
75 0
75 0
75 0
75 0
75 0
75 0
75 0
75 0
75 0
75 0
75 0
75 0
75 0
75 0
75 0
75 0
75 0
73 0
73 -1
73 -1
73 -1
73 -1
73 -1
73 -1
73 -1
73 -1
73 -1
73 -1
73 -1
73 -1
73 -1
73 -1
73 -1
73 -1
73 -1
73 -1
73 -1
73 -1
73 -1
73 -1
73 -1
73 -1
73 -1
73 -1
73 -1
73 -1
73 -1
73 -1
80 -3
80 -3
80 -3
80 -3
80 -3
80 -3
80 -3
80 -3
80 -3
80 -3
80 -3
80 -3
80 -3
80 -3
80 -3
80 -3
80 -3
80 -3
80 -3
80 -3
80 -3
80 -3
80 -3
80 -3
80 -3
80 -3
80 -3
80 -3
80 -3
80 -3
80 -3
80 -3
80 -3
80 -3
76 -8
76 -8
76 -8
76 -8
76 -8
76 -8
76 -8
76 -8
76 -8
76 -8
76 -8
76 -8
76 -8
76 -8
76 -8
75 -8
75 -8
75 -8
75 -8
75 -8
75 -8
75 -8
75 -8
75 -8
75 -8
75 -8
75 -8
75 -8
75 -8
75 -8
75 -8
75 -8
75 -8
75 -8
75 -8
75 -8
75 -8
75 -8
75 -8
75 -8
75 -8
75 -8
75 -8
75 -8
75 -8
75 -8
75 -8
75 -8
75 -8
75 -8
75 -8
75 -8
75 -8
75 -8
75 -8
75 -8
75 -8
75 -8
75 -8
75 -8
75 -8
75 -8
75 -8
75 -8
75 -8
75 -8
75 -8
75 -8
75 -8
75 -8
75 -8
75 -8
75 -8
70 -9
68 -17
68 -17
68 -17
68 -17
68 -17
68 -17
68 -17
68 -17
68 -17
68 -17
68 -17
68 -17
68 -17
68 -17
68 -17
68 -17
68 -17
68 -17
68 -17
68 -17
68 -17
68 -17
68 -17
68 -17
68 -17
68 -17
68 -17
68 -17
68 -17
68 -17
68 -17
68 -17
68 -17
68 -17
68 -17
68 -22
68 -22
68 -22
68 -22
68 -22
68 -22
68 -22
68 -22
68 -22
68 -22
68 -22
68 -22
68 -22
68 -22
68 -22
68 -22
68 -22
68 -22
69 -24
69 -24
69 -24
69 -24
69 -24
69 -24
69 -24
69 -24
69 -24
69 -24
69 -24
69 -24
69 -24
69 -24
69 -24
69 -24
69 -24
71 -26
71 -26
71 -26
71 -26
71 -26
71 -26
71 -26
71 -26
71 -26
71 -26
71 -26
71 -26
71 -26
71 -26
71 -26
71 -26
71 -26
71 -26
71 -26
71 -26
71 -26
71 -26
71 -26
71 -26
71 -26
71 -26
71 -26
71 -26
71 -26
71 -26
71 -26
71 -26
71 -26
71 -26
71 -26
71 -26
71 -26
71 -26
71 -26
71 -26
71 -26
71 -26
71 -26
71 -26
71 -26
71 -26
71 -26
71 -26
71 -26
71 -26
71 -26
79 -36
79 -36
79 -36
79 -36
79 -36
79 -36
79 -36
79 -36
79 -36
79 -36
79 -36
79 -36
79 -36
79 -36
79 -36
79 -36
79 -36
79 -36
79 -36
79 -36
79 -36
79 -36
79 -36
79 -36
79 -36
79 -36
79 -36
79 -36
62 -35
62 -35
62 -35
62 -35
62 -35
62 -35
62 -35
62 -35
62 -35
62 -35
62 -35
62 -35
62 -35
62 -35
62 -35
62 -35
63 -43
63 -43
63 -43
63 -43
63 -43
63 -43
63 -43
63 -43
63 -43
63 -43
63 -43
63 -43
63 -43
63 -43
63 -43
63 -43
63 -51
63 -51
63 -51
63 -51
63 -51
63 -51
63 -51
63 -51
63 -51
63 -51
63 -51
63 -51
63 -51
63 -51
63 -51
63 -51
63 -51
63 -51
63 -51
63 -51
63 -51
63 -51
63 -51
63 -51
63 -51
63 -51
63 -51
63 -51
63 -51
63 -51
63 -51
63 -51
63 -51
63 -51
63 -51
63 -51
63 -51
63 -51
54 -59
54 -59
54 -59
54 -59
54 -59
54 -59
54 -59
54 -59
54 -59
54 -59
54 -59
54 -59
54 -59
54 -59
54 -59
54 -59
54 -59
54 -59
54 -59
54 -59
54 -59
54 -59
54 -59
54 -59
54 -59
54 -59
54 -59
54 -59
54 -59
54 -59
54 -59
54 -59
54 -59
54 -59
54 -59
56 -47
56 -47
56 -47
56 -47
56 -47
56 -47
56 -47
56 -47
56 -47
56 -47
56 -47
56 -47
56 -47
56 -47
56 -47
56 -47
56 -47
56 -47
56 -47
56 -47
56 -47
56 -47
56 -47
56 -47
56 -47
56 -47
56 -47
56 -47
56 -47
56 -47
56 -47
56 -47
56 -47
56 -47
56 -47
62 -53
55 -51
55 -51
55 -51
55 -51
55 -51
55 -51
55 -51
55 -51
55 -51
55 -51
55 -51
55 -51
55 -51
55 -51
55 -51
55 -51
55 -51
51 -43
51 -43
51 -43
51 -43
51 -43
51 -43
51 -43
51 -43
51 -43
51 -43
51 -43
51 -43
51 -43
51 -43
51 -43
51 -43
51 -43
51 -43
51 -43
51 -43
51 -43
51 -43
51 -43
51 -43
51 -43
51 -43
51 -43
51 -43
51 -43
51 -43
51 -43
51 -43
51 -43
51 -43
51 -43
47 -58
47 -58
47 -58
47 -58
47 -58
47 -58
47 -58
47 -58
47 -58
47 -58
47 -58
47 -58
47 -58
47 -58
47 -58
47 -58
47 -58
46 -60
46 -60
46 -60
46 -60
46 -60
46 -60
46 -60
46 -60
46 -60
46 -60
46 -60
46 -60
46 -60
46 -60
46 -60
46 -60
46 -60
43 -54
43 -54
43 -54
43 -54
43 -54
43 -54
43 -54
43 -54
43 -54
43 -54
43 -54
43 -54
43 -54
43 -54
43 -54
43 -54
43 -54
43 -54
43 -54
43 -54
43 -54
43 -54
43 -54
43 -54
43 -54
43 -54
43 -54
43 -54
43 -54
43 -54
43 -54
43 -54
43 -54
30 -50
30 -50
30 -50
30 -50
30 -50
30 -50
30 -50
30 -50
30 -50
30 -50
30 -50
30 -50
30 -50
30 -50
30 -50
30 -50
36 -51
36 -51
36 -51
36 -51
36 -51
36 -51
36 -51
36 -51
36 -51
36 -51
36 -51
36 -51
36 -51
36 -51
36 -51
36 -51
36 -51
36 -51
36 -51
36 -51
36 -51
36 -51
36 -51
36 -51
36 -51
36 -51
36 -51
36 -51
36 -51
36 -51
36 -51
36 -51
36 -51
36 -51
36 -51
24 -47
24 -47
24 -47
24 -47
24 -47
24 -47
24 -47
24 -47
24 -47
24 -47
24 -47
24 -47
24 -47
24 -47
24 -47
24 -47
31 -66
31 -66
31 -66
31 -66
31 -66
31 -66
31 -66
31 -66
31 -66
31 -66
31 -66
31 -66
31 -66
31 -66
31 -66
31 -66
31 -66
31 -66
31 -66
31 -66
31 -66
31 -66
31 -66
31 -66
31 -66
31 -66
31 -66
31 -66
31 -66
31 -66
31 -66
31 -66
31 -66
33 -67
33 -67
33 -67
33 -67
33 -67
33 -67
33 -67
33 -67
33 -67
33 -67
33 -67
33 -67
33 -67
33 -67
33 -67
33 -67
33 -67
33 -67
33 -67
33 -67
33 -67
33 -67
33 -67
33 -67
33 -67
33 -67
33 -67
33 -67
33 -67
33 -67
33 -67
33 -67
33 -67
25 -67
25 -67
25 -67
25 -67
25 -67
25 -67
25 -67
25 -67
25 -67
25 -67
25 -67
25 -67
25 -67
25 -67
25 -67
25 -67
25 -67
25 -67
25 -67
25 -67
25 -67
25 -67
25 -67
25 -67
25 -67
25 -67
25 -67
25 -67
25 -67
25 -67
25 -67
25 -67
25 -67
26 -69
26 -69
26 -69
26 -69
26 -69
26 -69
26 -69
26 -69
26 -69
26 -69
26 -69
26 -69
26 -69
26 -69
26 -69
30 -68
30 -68
30 -68
30 -68
30 -68
30 -68
30 -68
30 -68
30 -68
30 -68
30 -68
30 -68
30 -68
30 -68
30 -68
30 -68
16 -68
16 -68
16 -68
16 -68
16 -68
16 -68
16 -68
16 -68
16 -68
16 -68
16 -68
16 -68
16 -68
16 -68
16 -68
16 -68
16 -68
16 -68
16 -68
16 -68
16 -68
16 -68
16 -68
16 -68
16 -68
16 -68
16 -68
16 -68
16 -68
16 -68
16 -68
16 -68
16 -68
16 -68
16 -68
16 -68
16 -68
16 -68
16 -68
16 -68
16 -68
16 -68
16 -68
16 -68
16 -68
16 -68
16 -68
16 -68
16 -68
14 -70
16 -75
16 -75
16 -75
16 -75
16 -75
16 -75
16 -75
16 -75
16 -75
16 -75
16 -75
16 -75
16 -75
13 -76
13 -76
13 -76
13 -76
13 -76
13 -76
13 -76
13 -76
13 -76
13 -76
13 -76
13 -76
13 -76
13 -76
13 -76
13 -76
13 -76
13 -76
13 -76
13 -76
13 -76
13 -76
13 -76
13 -76
13 -76
13 -76
13 -76
13 -76
13 -76
13 -76
13 -76
13 -76
13 -79
13 -79
13 -79
13 -79
13 -79
13 -79
13 -79
13 -79
13 -79
13 -79
13 -79
13 -79
13 -79
13 -79
13 -79
13 -79
13 -79
12 -82
12 -82
12 -82
12 -82
12 -82
12 -82
12 -82
12 -82
12 -82
12 -82
12 -82
12 -82
12 -82
12 -82
12 -82
12 -82
12 -82
12 -82
12 -82
12 -82
12 -82
12 -82
12 -82
12 -82
12 -82
12 -82
12 -82
12 -82
12 -82
12 -82
12 -82
12 -82
12 -82
12 -82
12 -82
9 -78
9 -78
9 -78
9 -78
9 -78
9 -78
9 -78
9 -78
9 -78
9 -78
9 -78
9 -78
9 -78
9 -78
9 -78
9 -78
9 -78
9 -78
9 -78
9 -78
9 -78
9 -78
9 -78
9 -78
9 -78
9 -78
9 -78
9 -78
9 -78
9 -78
9 -78
9 -78
9 -78
9 -78
9 -78
9 -78
4 -76
4 -76
4 -76
4 -76
4 -76
4 -76
4 -76
4 -76
4 -76
4 -76
4 -76
4 -76
4 -76
4 -76
4 -76
4 -76
4 -76
4 -76
4 -76
4 -76
4 -76
4 -76
4 -76
4 -76
4 -76
4 -76
4 -76
4 -76
4 -76
4 -76
4 -76
4 -76
4 -76
4 -76
4 -76
4 -76
8 -76
8 -76
8 -76
8 -76
8 -76
8 -76
8 -76
8 -76
8 -76
8 -76
8 -76
8 -76
8 -76
8 -76
8 -76
8 -76
6 -79
6 -79
6 -79
6 -79
6 -79
6 -79
6 -79
6 -79
6 -79
6 -79
6 -79
6 -79
6 -79
6 -79
6 -79
6 -79
6 -79
6 -79
6 -79
6 -79
6 -79
6 -79
6 -79
6 -79
6 -79
6 -79
6 -79
6 -79
6 -79
6 -79
6 -79
6 -79
6 -79
6 -79
6 -79
6 -79
6 -79
6 -79
6 -79
6 -79
6 -79
6 -79
6 -79
6 -79
6 -79
6 -79
6 -79
6 -79
6 -79
0 -76
0 -76
0 -76
0 -76
0 -76
0 -76
0 -76
0 -76
0 -76
0 -76
0 -76
0 -76
0 -76
0 -76
0 -76
4 -86
4 -86
4 -86
4 -86
4 -86
4 -86
4 -86
4 -86
4 -86
4 -86
4 -86
4 -86
4 -86
4 -86
4 -86
4 -86
4 -86
4 -86
4 -86
4 -86
4 -86
4 -86
4 -86
4 -86
4 -86
4 -86
4 -86
4 -86
4 -86
4 -86
4 -86
4 -86
4 -86
4 -86
4 -86
4 -86
4 -86
4 -86
4 -86
4 -86
4 -86
4 -86
4 -86
4 -86
-2 -69
-1 -84
-1 -84
-1 -84
-1 -84
-1 -84
-1 -84
-1 -84
-1 -84
-1 -84
-1 -84
-1 -84
-1 -84
-1 -84
-1 -84
-1 -84
-1 -84
-1 -84
-1 -84
-1 -84
-1 -84
-1 -84
-1 -84
-1 -84
-1 -84
-1 -84
-1 -84
-1 -84
-1 -84
-7 -78
-7 -78
-7 -78
-7 -78
-7 -78
-7 -78
-7 -78
-7 -78
-7 -78
-7 -78
-7 -78
-7 -78
-7 -78
-7 -78
-7 -78
-7 -78
-7 -78
-7 -78
-7 -78
-7 -78
-7 -78
-7 -78
-7 -78
-7 -78
-7 -78
-7 -78
-7 -78
-7 -78
-7 -78
-7 -78
-7 -78
-7 -78
-7 -78
-7 -78
-7 -66
-7 -66
-7 -66
-7 -66
-7 -66
-7 -66
-7 -66
-7 -66
-7 -66
-7 -66
-7 -66
-7 -66
-7 -66
-7 -66
-7 -66
-7 -66
-7 -66
-11 -70
-11 -70
-11 -70
-11 -70
-11 -70
-11 -70
-11 -70
-11 -70
-11 -70
-11 -70
-11 -70
-11 -70
-11 -70
-11 -70
-11 -70
-11 -70
-11 -70
-11 -70
-11 -70
-11 -70
-11 -70
-11 -70
-11 -70
-11 -70
-11 -70
-11 -70
-11 -70
-11 -70
-11 -70
-11 -70
-11 -70
-11 -70
-14 -61
-14 -61
-14 -61
-14 -61
-14 -61
-14 -61
-14 -61
-14 -61
-14 -61
-14 -61
-14 -61
-14 -61
-14 -61
-14 -61
-14 -61
-14 -61
-14 -61
-14 -61
-14 -61
-14 -61
-14 -61
-14 -61
-14 -61
-14 -61
-14 -61
-14 -61
-14 -61
-14 -61
-14 -61
-14 -61
-14 -61
-14 -61
-14 -61
-18 -58
-18 -58
-18 -58
-18 -58
-18 -58
-18 -58
-18 -58
-18 -58
-18 -58
-18 -58
-18 -58
-18 -58
-18 -58
-18 -58
-18 -58
-18 -58
-18 -58
-18 -58
-18 -58
-18 -58
-18 -58
-18 -58
-18 -58
-18 -58
-18 -58
-18 -58
-18 -58
-18 -58
-18 -58
-18 -58
-18 -58
-18 -58
-26 -45
-26 -45
-26 -45
-26 -45
-26 -45
-26 -45
-26 -45
-26 -45
-26 -45
-26 -45
-26 -45
-26 -45
-26 -45
-26 -45
-26 -45
-26 -45
-26 -45
-26 -45
-26 -45
-26 -45
-26 -45
-26 -45
-26 -45
-26 -45
-26 -45
-26 -45
-26 -45
-26 -45
-26 -45
-26 -45
-26 -45
-26 -45
-26 -45
-26 -45
-26 -45
-26 -45
-26 -45
-27 -51
-27 -51
-27 -51
-27 -51
-27 -51
-27 -51
-27 -51
-27 -51
-27 -51
-27 -51
-27 -51
-27 -51
-27 -51
-27 -51
-27 -51
-27 -51
-27 -51
-27 -51
-27 -51
-27 -51
-27 -51
-27 -51
-27 -51
-27 -51
-27 -51
-27 -51
-27 -51
-27 -51
-27 -51
-27 -51
-27 -51
-27 -51
-27 -51
-27 -51
-27 -51
-38 -51
-38 -50
-38 -50
-38 -50
-38 -50
-38 -50
-38 -50
-38 -50
-38 -50
-38 -50
-38 -50
-38 -50
-38 -50
-38 -50
-38 -50
-38 -50
-38 -50
-38 -50
-38 -50
-38 -50
-38 -50
-38 -50
-38 -50
-38 -50
-38 -50
-38 -50
-38 -50
-38 -50
-38 -50
-38 -50
-38 -50
-38 -50
-38 -50
-44 -42
-44 -42
-44 -42
-44 -42
-44 -42
-44 -42
-44 -42
-44 -42
-44 -42
-44 -42
-44 -42
-44 -42
-44 -42
-44 -42
-44 -42
-44 -42
-54 -35
-54 -35
-54 -35
-54 -35
-54 -35
-54 -35
-54 -35
-54 -35
-54 -35
-54 -35
-54 -35
-54 -35
-54 -35
-54 -35
-54 -35
-54 -35
-54 -35
-54 -35
-54 -35
-54 -35
-54 -35
-54 -35
-54 -35
-54 -35
-54 -35
-54 -35
-54 -35
-54 -35
-54 -35
-54 -35
-54 -35
-54 -35
-48 -32
-48 -32
-48 -32
-48 -32
-48 -32
-48 -32
-48 -32
-48 -32
-48 -32
-48 -32
-48 -32
-48 -32
-48 -32
-48 -32
-48 -32
-48 -32
-48 -32
-48 -32
-48 -32
-48 -32
-48 -32
-48 -32
-48 -32
-48 -32
-48 -32
-48 -32
-48 -32
-48 -32
-48 -32
-48 -32
-48 -32
-56 -26
-56 -26
-56 -26
-56 -26
-56 -26
-56 -26
-56 -26
-56 -26
-56 -26
-56 -26
-56 -26
-56 -26
-56 -26
-56 -26
-56 -26
-56 -26
-56 -26
-56 -26
-56 -26
-56 -26
-56 -26
-56 -26
-56 -26
-56 -26
-56 -26
-56 -26
-56 -26
-56 -26
-56 -26
-56 -26
-56 -26
-56 -26
-56 -26
-56 -26
-56 -26
-56 -26
-65 -30
-66 -27
-66 -27
-66 -27
-66 -27
-66 -27
-66 -27
-66 -27
-66 -27
-66 -27
-66 -27
-66 -27
-66 -27
-66 -27
-66 -27
-66 -27
-66 -27
-66 -27
-65 -25
-65 -25
-65 -25
-65 -25
-65 -25
-65 -25
-65 -25
-65 -25
-65 -25
-65 -25
-65 -25
-65 -25
-65 -25
-65 -25
-65 -25
-65 -25
-65 -25
-65 -25
-65 -25
-65 -25
-65 -25
-65 -25
-65 -25
-65 -25
-65 -25
-65 -25
-65 -25
-65 -25
-65 -25
-65 -25
-65 -25
-65 -25
-65 -25
-65 -25
-65 -25
-65 -25
-58 -22
-58 -22
-58 -22
-58 -22
-58 -22
-58 -22
-58 -22
-58 -22
-58 -22
-58 -22
-58 -22
-58 -22
-58 -22
-58 -22
-58 -22
-58 -22
-58 -22
-60 -28
-60 -28
-60 -28
-60 -28
-60 -28
-60 -28
-60 -28
-60 -28
-60 -28
-60 -28
-60 -28
-60 -28
-60 -28
-60 -28
-60 -28
-60 -28
-60 -28
-60 -28
-60 -28
-60 -28
-60 -28
-60 -28
-60 -28
-60 -28
-60 -28
-60 -28
-60 -28
-60 -28
-60 -28
-60 -28
-60 -28
-60 -28
-67 -26
-67 -26
-67 -26
-67 -26
-67 -26
-67 -26
-67 -26
-67 -26
-67 -26
-67 -26
-67 -26
-67 -26
-67 -26
-67 -26
-67 -26
-67 -26
-67 -26
-67 -26
-67 -26
-67 -26
-67 -26
-67 -26
-67 -26
-67 -26
-67 -26
-67 -26
-67 -26
-67 -26
-67 -26
-67 -26
-67 -26
-67 -26
-67 -26
-68 -28
-68 -28
-52 -23
-52 -23
-52 -23
-52 -23
-52 -23
-52 -23
-52 -23
-52 -23
-52 -23
-52 -23
-52 -23
-52 -23
-52 -23
-52 -23
-52 -23
-52 -23
-68 -22
-68 -22
-68 -22
-68 -22
-68 -22
-68 -22
-68 -22
-68 -22
-68 -22
-68 -22
-68 -22
-68 -22
-68 -22
-68 -22
-68 -22
-68 -22
-68 -22
-68 -22
-68 -22
-68 -22
-68 -22
-68 -22
-68 -22
-68 -22
-68 -22
-68 -22
-68 -22
-68 -22
-68 -22
-68 -22
-68 -22
-68 -22
-68 -22
-68 -22
-68 -22
-68 -22
-65 -18
-65 -18
-65 -18
-65 -18
-65 -18
-65 -18
-65 -18
-65 -18
-65 -18
-65 -18
-65 -18
-65 -18
-65 -18
-65 -18
-65 -18
-65 -18
-65 -18
-65 -18
-65 -18
-65 -18
-65 -18
-68 -21
-68 -21
-68 -21
-68 -21
-68 -21
-68 -21
-68 -21
-68 -21
-68 -21
-68 -21
-68 -21
-68 -21
-68 -21
-68 -21
-68 -21
-68 -21
-68 -21
-68 -21
-68 -21
-68 -21
-68 -21
-68 -21
-68 -21
-68 -21
-68 -21
-68 -21
-68 -21
-68 -21
-68 -21
-68 -21
-68 -21
-68 -21
-68 -21
-68 -21
-68 -21
-68 -21
-68 -21
-68 -21
-68 -21
-68 -21
-68 -21
-68 -21
-68 -21
-68 -21
-68 -21
-68 -21
-68 -21
-68 -21
-68 -21
-68 -21
-68 -21
-68 -21
-68 -21
-68 -21
-68 -21
-68 -21
-63 -11
-63 -11
-63 -11
-63 -11
-63 -11
-63 -11
-63 -11
-63 -11
-63 -11
-63 -11
-63 -11
-63 -11
-63 -11
-63 -11
-63 -11
-63 -11
-63 -11
-63 -11
-63 -11
-63 -11
-63 -11
-63 -11
-63 -11
-63 -11
-63 -11
-63 -11
-63 -11
-63 -11
-63 -11
-63 -11
-63 -11
-63 -11
-63 -11
-63 -11
-63 -11
-63 -11
-63 -11
-63 -11
-63 -11
-63 -11
-69 -12
-69 -12
-69 -12
-69 -12
-69 -12
-69 -12
-69 -12
-69 -12
-69 -12
-69 -12
-69 -12
-69 -12
-69 -12
-69 -12
-69 -12
-69 -12
-69 -12
-69 -12
-71 -10
-71 -10
-71 -10
-71 -10
-71 -10
-71 -10
-71 -10
-71 -10
-71 -10
-71 -10
-71 -10
-71 -10
-71 -10
-71 -10
-71 -10
-71 -10
-71 -10
-71 -10
-71 -10
-71 -10
-71 -10
-71 -10
-71 -10
-71 -10
-71 -10
-71 -10
-71 -10
-71 -10
-71 -10
-71 -10
-71 -10
-71 -10
-71 -10
-71 -10
-71 -10
-71 -10
-71 -10
-71 -10
-71 -10
-71 -10
-68 -13
-68 -13
-68 -13
-68 -13
-68 -13
-68 -13
-68 -13
-68 -13
-68 -13
-68 -13
-68 -13
-68 -13
-68 -13
-68 -13
-68 -13
-68 -13
-68 -13
-68 -13
-68 -13
-68 -13
-68 -10
-68 -10
-68 -10
-68 -10
-68 -10
-68 -10
-68 -10
-68 -10
-68 -10
-68 -10
-68 -10
-68 -10
-68 -10
-68 -10
-68 -10
-68 -10
-68 -10
-68 -10
-68 -10
-68 -10
-68 -10
-68 -10
-68 -10
-68 -10
-68 -10
-68 -10
-68 -10
-68 -10
-68 -10
-68 -10
-68 -10
-68 -10
-68 -10
-68 -10
-68 -10
-68 -10
-68 -10
-68 -10
-68 -10
-68 -10
-67 -17
-69 -9
-69 -9
-69 -9
-69 -9
-69 -9
-69 -9
-69 -9
-69 -9
-69 -9
-69 -9
-69 -9
-69 -9
-69 -9
-69 -9
-69 -9
-69 -9
-69 -9
-69 -9
-69 -9
-69 -9
-69 -9
-69 -9
-69 -9
-69 -9
-69 -9
-69 -9
-69 -9
-69 -9
-69 -9
-69 -9
-69 -9
-69 -9
-69 -9
-69 -9
-69 -9
-69 -9
-69 -9
-69 -9
-70 -7
-70 -7
-70 -7
-70 -7
-70 -7
-70 -7
-70 -7
-70 -7
-70 -7
-70 -7
-70 -7
-70 -7
-70 -7
-70 -7
-70 -7
-70 -7
-70 -7
-70 -7
-70 -7
-64 -7
-64 -7
-64 -7
-64 -7
-64 -7
-64 -7
-64 -7
-64 -7
-64 -7
-64 -7
-64 -7
-64 -7
-64 -7
-64 -7
-64 -7
-64 -7
-64 -7
-64 -7
-70 -1
-70 -1
-70 -1
-70 -1
-70 -1
-70 -1
-70 -1
-70 -1
-70 -1
-70 -1
-70 -1
-70 -1
-70 -1
-70 -1
-70 -1
-70 -1
-70 -1
-70 -1
-70 -1
-70 -1
-70 -1
-70 -1
-70 -1
-70 -1
-70 -1
-70 -1
-70 -1
-70 -1
-70 -1
-70 -1
-70 2
-70 2
-70 2
-70 2
-70 2
-70 2
-70 2
-70 2
-70 2
-70 2
-70 2
-70 2
-70 2
-70 2
-70 2
-70 2
-70 2
-70 2
-70 2
-70 2
-70 2
-70 2
-70 2
-70 2
-70 2
-70 2
-70 2
-70 2
-70 2
-70 2
-70 2
-70 2
-70 2
-68 4
-68 4
-68 4
-68 4
-68 4
-68 4
-68 4
-68 4
-68 4
-68 4
-68 4
-68 4
-68 4
-68 4
-68 4
-68 4
-68 4
-68 4
-68 4
-68 4
-68 4
-68 4
-68 4
-68 4
-68 4
-68 4
-68 4
-68 4
-68 4
-68 4
-68 4
-68 4
-68 4
-74 1
-69 5
-69 5
-69 5
-69 5
-69 5
-69 5
-69 5
-69 5
-69 5
-69 5
-69 5
-69 5
-69 5
-69 5
-69 5
-69 5
-69 5
-69 5
-69 5
-69 5
-69 5
-69 5
-69 5
-69 5
-69 5
-69 5
-69 5
-69 5
-69 5
-69 5
-71 5
-71 5
-71 5
-71 5
-71 5
-71 5
-71 5
-71 5
-71 5
-71 5
-71 5
-71 5
-71 5
-71 5
-71 5
-71 5
-71 5
-71 5
-66 9
-66 9
-66 9
-66 9
-66 9
-66 9
-66 9
-66 9
-66 9
-66 9
-66 9
-66 9
-66 9
-66 9
-66 9
-66 9
-66 9
-66 9
-66 9
-66 9
-66 9
-66 9
-66 9
-66 9
-66 9
-66 9
-66 9
-66 9
-66 9
-66 9
-66 9
-66 9
-66 9
-66 9
-69 7
-69 7
-69 7
-69 7
-69 7
-69 7
-69 7
-69 7
-69 7
-69 7
-69 7
-69 7
-69 7
-69 7
-69 7
-69 7
-69 7
-69 7
-69 7
-69 7
-69 7
-69 7
-69 7
-69 7
-69 7
-69 7
-69 7
-69 7
-69 7
-69 7
-69 7
-69 7
-69 7
-69 7
-69 7
-69 7
-70 25
-69 17
-69 17
-69 17
-69 17
-69 17
-69 17
-69 17
-69 17
-69 17
-69 17
-69 17
-69 17
-69 17
-69 17
-69 17
-69 17
-68 21
-68 21
-68 21
-68 21
-68 21
-68 21
-68 21
-68 21
-68 21
-68 21
-68 21
-68 21
-68 21
-68 21
-68 21
-68 21
-68 21
-68 21
-68 21
-68 21
-68 21
-68 21
-68 21
-68 21
-68 21
-68 21
-68 21
-68 21
-68 21
-68 21
-68 21
-68 21
-68 21
-73 27
-73 27
-73 27
-73 27
-73 27
-73 27
-73 27
-73 27
-73 27
-73 27
-73 27
-73 27
-73 27
-73 27
-73 27
-73 27
-73 27
-73 27
-73 27
-65 29
-65 29
-65 29
-65 29
-65 29
-65 29
-65 29
-65 29
-65 29
-65 29
-65 29
-65 29
-65 29
-65 29
-65 29
-65 29
-65 29
-65 29
-65 29
-65 29
-65 29
-65 29
-65 29
-65 29
-65 29
-65 29
-65 29
-65 29
-65 29
-65 29
-65 29
-65 29
-65 29
-65 29
-65 29
-65 29
-76 37
-76 37
-76 37
-76 37
-76 37
-76 37
-76 37
-76 37
-76 37
-76 37
-76 37
-76 37
-76 37
-76 37
-76 37
-76 37
-76 37
-76 37
-76 37
-76 37
-76 37
-76 37
-76 37
-76 37
-76 37
-76 37
-76 37
-76 37
-76 37
-76 37
-76 37
-76 37
-76 37
-76 37
-68 33
-68 37
-68 37
-68 37
-68 37
-68 37
-68 37
-68 37
-68 37
-68 37
-68 37
-68 37
-68 37
-68 37
-68 37
-68 37
-68 37
-68 37
-68 37
-68 37
-68 37
-68 37
-68 37
-68 37
-68 37
-68 37
-68 37
-68 37
-68 37
-68 37
-68 37
-68 37
-68 37
-68 48
-68 48
-68 48
-68 48
-68 48
-68 48
-68 48
-68 48
-68 48
-68 48
-68 48
-68 48
-68 48
-68 48
-68 48
-68 48
-68 48
-68 48
-68 48
-68 48
-81 51
-81 51
-81 51
-81 51
-81 51
-81 51
-81 51
-81 51
-81 51
-81 51
-81 51
-81 51
-81 51
-81 51
-81 51
-81 51
-81 51
-81 51
-68 48
-68 48
-68 48
-68 48
-68 48
-68 48
-68 48
-68 48
-68 48
-68 48
-68 48
-68 48
-68 48
-68 48
-68 48
-68 48
-68 48
-68 48
-68 48
-68 48
-68 48
-68 48
-68 48
-68 48
-68 48
-68 48
-68 48
-68 48
-68 48
-68 48
-68 48
-68 48
-68 48
-68 48
-68 48
-68 48
-68 48
-68 48
-68 48
-68 48
-68 48
-68 48
-68 48
-68 48
-68 48
-68 48
-68 48
-68 48
-68 48
-68 48
-68 48
-68 48
-68 48
-68 48
-68 48
-68 48
-68 48
-68 48
-68 48
-68 48
-68 48
-68 48
-68 48
-68 48
-60 51
-60 45
-60 45
-60 45
-60 45
-60 45
-60 45
-60 45
-60 45
-60 45
-60 45
-60 45
-60 45
-60 45
-60 45
-60 45
-60 45
-60 45
-60 45
-60 45
-60 45
-60 45
-60 45
-60 45
-60 45
-60 45
-60 45
-60 45
-60 45
-60 45
-60 45
-60 45
-60 45
-60 45
-60 45
-60 45
-60 45
-60 45
-60 45
-53 45
-53 45
-53 45
-53 45
-53 45
-53 45
-53 45
-53 45
-53 45
-53 45
-53 45
-53 45
-53 45
-53 45
-53 45
-53 45
-53 45
-53 45
-53 45
-43 49
-43 49
-43 49
-43 49
-43 49
-43 49
-43 49
-43 49
-43 49
-43 49
-43 49
-43 49
-43 49
-43 49
-43 49
-38 45
-38 45
-38 45
-38 45
-38 45
-38 45
-38 45
-38 45
-38 45
-38 45
-38 45
-38 45
-38 45
-38 45
-38 45
-38 45
-38 45
-38 45
-38 45
-38 45
-38 45
-38 45
-38 45
-38 45
-38 45
-38 45
-38 45
-38 45
-38 45
-38 45
-38 45
-46 55
-46 55
-46 55
-46 55
-46 55
-46 55
-46 55
-46 55
-46 55
-46 55
-46 55
-46 55
-46 55
-46 55
-46 55
-46 55
-46 55
-46 55
-46 55
-46 55
-46 55
-46 55
-46 55
-46 55
-46 55
-46 55
-46 55
-46 55
-46 55
-46 55
-46 55
-46 55
-39 53
-39 53
-39 53
-39 53
-39 53
-39 53
-39 53
-39 53
-39 53
-39 53
-39 53
-39 53
-39 53
-39 53
-39 53
-39 53
-39 53
-39 53
-39 53
-39 53
-39 53
-39 53
-39 53
-39 53
-39 53
-39 53
-39 53
-39 53
-39 53
-39 53
-39 53
-39 53
-39 53
-38 52
-38 52
-38 52
-38 52
-38 52
-38 52
-38 52
-38 52
-38 52
-38 52
-38 52
-38 52
-38 52
-31 53
-31 53
-31 53
-31 53
-31 53
-31 53
-31 53
-31 53
-31 53
-31 53
-31 53
-31 53
-31 53
-31 53
-31 53
-31 53
-31 53
-31 53
-31 53
-31 53
-31 53
-31 53
-31 53
-31 53
-31 53
-31 53
-31 53
-31 53
-31 53
-31 53
-28 57
-28 57
-28 57
-28 57
-28 57
-28 57
-28 57
-28 57
-28 57
-28 57
-28 57
-28 57
-28 57
-28 57
-28 57
-28 57
-28 57
-28 57
-28 57
-28 57
-28 57
-28 57
-28 57
-28 57
-28 57
-28 57
-28 57
-28 57
-28 57
-28 57
-28 57
-28 57
-28 57
-28 57
-28 57
-34 61
-34 61
-34 61
-34 61
-34 61
-34 61
-34 61
-34 61
-34 61
-34 61
-34 61
-34 61
-34 61
-34 61
-34 61
-34 61
-34 61
-34 61
-34 61
-34 61
-34 61
-34 61
-34 61
-34 61
-34 61
-34 61
-34 61
-34 61
-34 61
-34 61
-34 61
-34 61
-34 61
-34 61
-34 61
-34 61
-34 61
-34 61
-34 61
-34 61
-34 61
-34 61
-25 49
-22 53
-20 53
-20 53
-20 53
-20 53
-20 53
-20 53
-20 53
-20 53
-20 53
-20 53
-20 53
-20 53
-20 53
-20 53
-20 53
-20 53
-20 53
-20 53
-20 53
-20 53
-20 53
-20 53
-20 53
-20 53
-20 53
-20 53
-20 53
-20 53
-20 53
-20 53
-20 53
-14 51
-14 51
-14 51
-14 51
-14 51
-14 51
-14 51
-14 51
-14 51
-14 51
-14 51
-14 51
-14 51
-14 51
-14 51
-14 51
-14 51
-20 54
-20 54
-20 54
-20 54
-20 54
-20 54
-20 54
-20 54
-20 54
-20 54
-20 54
-20 54
-20 54
-20 54
-20 54
-20 54
-20 54
-20 54
-20 54
-20 54
-20 54
-20 54
-20 54
-20 54
-20 54
-20 54
-20 54
-20 54
-20 54
-20 54
-20 54
-20 54
-20 54
-20 54
-20 54
-20 54
-20 54
-13 59
-13 59
-13 59
-13 59
-13 59
-13 59
-13 59
-13 59
-13 59
-13 59
-13 59
-13 59
-13 59
-13 59
-13 59
-13 59
-13 59
-13 59
-13 59
-13 59
-13 59
-13 59
-13 59
-13 59
-13 59
-13 59
-13 59
-13 59
-13 59
-13 59
-13 59
-13 59
-13 59
-13 59
-13 59
-13 59
-18 53
-16 48
-16 48
-16 48
-16 48
-16 48
-16 48
-16 48
-16 48
-16 48
-16 48
-16 48
-16 48
-16 48
-16 48
-16 48
-16 48
-16 48
-16 48
-16 48
-16 48
-16 48
-16 48
-16 48
-16 48
-16 48
-16 48
-16 48
-16 48
-16 48
-16 48
-16 48
-11 56
-11 56
-11 56
-11 56
-11 56
-11 56
-11 56
-11 56
-11 56
-11 56
-11 56
-11 56
-11 56
-11 56
-11 56
-11 56
-11 56
-11 56
-11 56
-11 56
-8 50
-8 50
-8 50
-8 50
-8 50
-8 50
-8 50
-8 50
-8 50
-8 50
-8 50
-8 50
-8 50
-8 50
-8 50
-8 50
-7 51
-7 51
-7 51
-7 51
-7 51
-7 51
-7 51
-7 51
-7 51
-7 51
-7 51
-7 51
-7 51
-7 51
-7 51
-7 51
-7 51
-7 51
-7 51
-7 51
-7 51
-7 51
-7 51
-7 51
-7 51
-7 51
-7 51
-7 51
-7 53
-7 53
-7 53
-7 53
-7 53
-7 53
-7 53
-7 53
-7 53
-7 53
-7 53
-7 53
-7 53
-7 53
-7 53
-7 53
-7 53
-7 53
-7 53
-7 53
-7 53
-7 53
-7 53
-7 53
-7 53
-7 53
-7 53
-7 53
-7 53
-7 53
-7 53
-7 53
-7 53
-1 43
-1 43
-1 43
-1 43
-1 43
-1 43
-1 43
-1 43
-1 43
-1 43
-1 43
-1 43
-1 43
-1 43
-1 43
-1 43
-1 43
-1 43
-1 43
-1 44
-1 44
-1 44
-1 44
-1 44
-1 44
-1 44
-1 44
-1 44
-1 44
-1 44
-1 44
-1 44
-1 44
-1 44
-1 44
-1 44
-1 44
-1 44
-1 44
-1 44
-1 44
-1 44
-1 44
-1 44
-1 44
-1 44
-1 44
-1 44
-1 44
-1 44
-1 44
-1 44
-1 44
-1 44
-1 44
-1 44
-1 44
-1 44
-1 44
-1 44
0 41
0 35
0 35
0 35
0 35
0 35
0 35
0 35
0 35
0 35
0 35
0 35
0 35
0 35
0 35
0 35
0 35
0 35
0 35
0 35
0 35
0 35
0 35
0 35
0 35
0 35
0 35
0 35
0 35
0 35
0 35
0 35
0 35
0 35
0 35
0 35
0 35
0 35
0 35
0 35
0 35
0 35
0 35
0 35
0 35
2 32
2 32
2 32
2 32
2 32
2 32
2 32
2 32
2 32
2 32
2 32
2 32
2 32
2 32
2 32
2 32
2 32
2 32
2 32
2 32
2 32
2 32
2 32
2 32
2 32
2 32
2 32
2 32
2 32
2 32
2 32
2 32
2 32
2 32
2 32
2 32
2 32
2 32
2 32
2 32
2 32
2 32
2 32
2 32
2 32
2 32
2 32
2 25
2 25
2 25
2 25
2 25
2 25
2 25
2 25
2 25
2 25
2 25
2 25
2 25
2 25
2 25
2 25
2 25
2 25
2 25
2 25
2 25
2 25
2 25
2 25
2 25
2 25
2 25
2 25
2 25
2 25
2 25
2 25
2 25
2 25
2 25
2 25
2 25
2 25
2 25
2 25
2 25
2 25
2 25
2 25
2 25
2 25
2 25
2 25
2 25
2 25
0 21
4 11
4 11
4 11
4 11
4 11
4 11
4 11
4 11
4 11
4 11
4 11
4 11
4 11
4 11
4 11
4 11
4 11
4 11
4 11
2 7
2 7
2 7
2 7
2 7
2 7
2 7
2 7
2 7
2 7
2 7
2 7
2 7
2 7
2 7
2 7
2 7
2 7
2 7
2 7
2 7
2 7
2 7
2 7
2 7
2 7
2 7
2 7
2 7
2 7
2 7
2 7
2 7
2 7
2 7
1 6
1 6
1 6
1 6
1 6
1 6
1 6
1 6
1 6
1 6
1 6
1 6
1 6
1 6
1 6
1 6
1 6
0 4
0 4
0 4
0 4
0 4
0 4
0 4
0 4
0 4
0 4
0 4
0 4
0 4
0 4
0 4
0 4
0 4
0 4
0 4
0 4
0 4
0 4
0 4
0 4
0 4
0 4
0 4
0 4
0 4
0 4
0 4
0 4
0 1
0 1
0 1
0 1
0 1
0 1
0 1
0 1
0 1
0 1
0 1
0 1
0 1
0 1
0 1
0 1
0 1
0 1
0 1
0 1
0 1
0 1
0 1
0 1
0 1
0 1
0 1
0 1
0 1
0 1
0 1
0 1
0 1
0 1
0 1
0 1
0 1
0 1
0 1
0 1
0 1
0 1
0 1
0 1
0 1
0 1
0 1
0 1
0 1
0 1
0 1
0 1
0 1
0 1
0 1
0 1
0 1
0 1
0 1
0 1
0 1
0 1
0 1
0 1
0 1
0 1
0 1
0 1
0 1
0 1
-1 1
-1 1
-1 1
-1 1
-1 1
-1 1
-1 1
-1 1
-1 1
-1 1
-1 1
-1 1
-1 1
-1 1
-1 1
-1 1
-1 1
-1 1
-1 1
-1 1
-1 1
-1 1
-1 1
-1 1
-1 1
-1 1
-1 1
-1 1
-1 1
-1 1
-1 1
-1 1
-1 1
-1 1
-1 1
-1 1
-1 1
-1 1
-1 1
-1 1
-1 1
-1 1
-1 1
-1 1
-1 1
-1 1
-1 1
-1 1
-1 1
-1 1
-1 1
-1 1
-1 1
-1 1
-1 1
-1 1
-1 1
-1 1
-1 1
-1 1
-1 1
-1 1
-1 1
-1 1
-1 1
-1 1
-1 1
-1 1
-1 1
-1 1
-1 1
-1 1
-1 1
-1 1
-1 1
-1 1
-1 1
-1 1
-1 1
-1 1
-1 1
-1 1
-1 1
-1 1
-1 1
-1 1
-1 1
-1 1
-1 1
-1 1
-1 1
-3 1
-3 1
-3 1
-3 1
-3 1
-3 1
-3 1
-3 1
-3 1
-3 1
-3 1
-3 1
-3 1
-3 1
-3 1
-3 1
-3 1
-3 1
-3 1
-3 1
-3 1
-3 1
-3 1
-3 1
-3 1
-3 1
-3 1
-3 1
-3 1
-3 1
-3 1
0 1
0 1
0 1
0 1
0 1
0 1
0 1
0 1
0 1
0 1
0 1
0 1
0 1
0 1
0 1
0 1
0 1
-1 4
-1 4
-1 4
-1 4
-1 4
-1 4
-1 4
-1 4
-1 4
-1 4
-1 4
-1 4
-1 4
-1 4
-1 4
-1 4
-1 4
-1 4
0 1
0 1
0 1
0 1
0 1
0 1
0 1
0 1
0 1
0 1
0 1
0 1
0 1
0 1
0 1
0 1
0 1
0 1
0 1
0 1
0 1
0 1
0 1
0 1
0 1
0 1
0 1
0 1
0 1
0 1
0 1
0 1
0 1
0 1
0 1
0 1
0 1
0 1
0 1
0 1
0 1
0 1
0 1
0 1
0 1
0 1
0 1
0 1
0 1
0 1
0 1
0 1
0 1
0 1
0 1
0 1
0 1
0 1
0 1
0 1
0 1
0 1
0 1
0 1
0 1
0 1
0 1
0 1
0 1
0 1
0 1
0 1
0 1
0 1
0 1
0 1
0 1
0 1
0 1
0 1
0 1
0 1
0 1
0 1
0 1
0 1
0 1
0 1
0 1
0 1
0 1
0 1
0 1
0 1
0 1
0 1
0 1
0 1
0 1
0 1
0 1
0 1
0 1
0 1
0 1
0 1
0 1
0 1
0 1
0 1
0 1
0 1
0 1
0 1
0 1
0 1
0 1
0 1
0 1
0 1
0 1
0 1
0 1
0 1
0 1
0 1
0 1
0 1
0 1
0 1
0 1
0 1
0 1
0 1
0 1
0 1
0 1
0 1
0 1
0 1
0 1
0 1
0 1
0 1
0 1
0 1
0 1
0 1
0 1
0 1
0 1
0 1
0 1
0 1
0 1
0 1
0 1
0 1
0 1
0 1
0 1
0 1
0 1
0 1
0 1
0 1
0 1
0 1
0 1
0 1
0 1
0 1
0 1
0 1
0 1
0 1
0 1
0 1
0 1
0 1
0 1
0 1
0 1
0 1
0 1
0 1
0 1
0 1
0 1
0 1
0 1
0 1
0 1
0 1
0 1
0 1
0 1
0 1
0 1
0 1
0 1
0 1
0 1
0 1
0 1
0 1
0 1
0 1
0 1
0 1
0 1
0 1
0 1
0 1
0 1
0 1
0 1
0 1
0 1
0 1
0 1
0 1
0 1
0 1
0 1
0 1
0 1
0 1
0 1
0 1
0 1
0 1
0 1
0 1
0 1
0 1
0 1
0 1
0 1
0 1
0 1
0 1
0 1
0 1
0 1
0 1
0 1
0 1
0 1
0 1
0 1
0 1
0 1
0 1
0 1
0 1
0 1
0 1
0 1
0 1
0 1
0 1
0 1
0 1
0 1
0 1
0 1
0 1
0 1
0 1
0 1
0 1
0 1
0 1
0 1
0 1
0 1
0 1
0 1
0 1
0 1
0 1
0 1
0 1
0 1
0 1
0 1
0 1
0 1
0 1
0 1
0 1
0 1
0 1
0 1
0 1
0 1
0 1
0 1
0 1
0 1
0 1
0 1
0 1
0 1
0 1
0 1
0 1
0 1
0 1
0 1
0 1
0 1
0 1
0 1
0 1
0 1
0 1
0 1
0 1
0 1
0 1
0 1
0 1
0 1
0 1
0 1
0 1
0 1
0 1
0 1
0 1
0 1
0 1
0 1
0 1
0 1
0 1
0 1
0 1
0 1
0 1
0 1
0 1
0 1
0 1
0 1
0 1
0 1
0 1
0 1
0 1
0 1
0 1
0 1
0 1
0 1
0 1
0 1
0 1
0 1
0 1
0 1
0 1
0 1
0 1
0 1
0 1
0 1
0 1
0 1
0 1
0 1
0 1
0 1
0 1
0 1
0 1
0 1
0 1
0 1
0 1
0 1
0 1
0 1
0 1
0 1
0 1
0 1
0 1
0 1
0 1
0 1
0 1
0 1
0 1
0 1
0 1
0 1
0 1
0 1
0 1
0 1
0 1
0 1
0 1
0 1
0 1
0 1
0 1
0 1
0 1
0 1
0 1
0 1
0 1
0 1
0 1
0 1
0 1
0 1
0 1
0 1
0 1
0 1
0 1
0 1
0 1
0 1
0 1
0 1
0 1
0 1
0 1
0 1
0 1
0 1
0 1
0 1
0 1
0 1
0 1
0 1
0 1
0 1
0 1
0 1
0 1
0 1
0 1
0 1
0 1
0 1
0 1
0 1
0 1
0 1
0 1
0 1
0 1
0 1
0 1
0 1
0 1
0 1
0 1
0 1
0 1
0 1
0 1
0 1
0 1
0 1
0 1
0 1
0 1
0 1
0 1
0 1
0 1
0 1
0 1
0 1
0 1
0 1
0 1
0 1
0 1
0 1
0 1
0 1
0 1
0 1
0 1
0 1
0 1
0 1
0 1
0 1
0 1
0 1
0 1
0 1
0 1
0 1
0 1
0 1
0 1
0 1
0 1
0 1
0 1
0 1
0 1
0 1
0 1
0 1
0 1
0 1
0 1
0 1
0 1
0 1
0 1
0 1
0 1
0 1
0 1
0 1
0 1
0 1
0 1
0 1
0 1
0 1
0 1
0 1
0 1
0 1
0 1
0 1
0 1
0 1
0 1
0 1
0 1
0 1
0 1
0 1
0 1
0 1
0 1
0 1
0 1
0 1
0 1
0 1
0 1
0 1
0 1
0 1
0 1
0 1
0 1
0 1
0 1
0 1
0 1
0 1
0 1
0 1
0 1
0 1
0 1
0 1
0 1
0 1
0 1
0 1
0 1
0 1
0 1
0 1
0 1
0 1
0 1
0 1
0 1
0 1
0 1
0 1
0 1
0 1
0 1
0 1
0 1
0 1
0 1
0 1
0 1
0 1
0 1
0 1
0 1
0 1
0 1
0 1
0 1
0 1
0 1
0 1
0 1
0 1
0 1
0 1
0 1
0 1
0 1
0 1
0 1
0 1
0 1
0 1
0 1
0 1
0 1
0 1
0 1
0 1
0 1
0 1
0 1
0 1
0 1
0 1
0 1
0 1
0 1
0 1
0 1
0 1
0 1
0 1
0 1
0 1
0 1
0 1
0 1
0 1
0 1
0 1
0 1
0 1
0 1
0 1
0 1
0 1
0 1
0 1
0 1
0 1
0 1
0 1
0 1
0 1
0 1
0 1
0 1
0 1
0 1
0 1
0 1
0 1
0 1
0 1
0 1
0 1
0 1
0 1
0 1
0 1
0 1
0 1
0 1
0 1
0 1
0 1
0 1
0 1
0 1
0 1
0 1
0 1
0 1
0 1
0 1
0 1
0 1
0 1
0 1
0 1
0 1
0 1
0 1
0 1
0 1
0 1
0 1
0 1
0 1
0 1
0 1
0 1
0 1
0 1
0 1
0 1
0 1
0 1
0 1
0 1
0 1
0 1
0 1
0 1
0 1
0 1
0 1
0 1
0 1
0 1
0 1
0 1
0 1
0 1
0 1
0 1
0 1
0 1
0 1
0 1
0 1
0 1
0 1
0 1
0 1
0 1
0 1
0 1
0 1
0 1
0 1
0 1
0 1
0 1
0 1
0 1
0 1
0 1
0 1
0 1
0 1
0 1
0 1
0 1
0 1
0 1
0 1
0 1
0 1
0 1
0 1
0 1
0 1
0 1
0 1
0 1
0 1
0 1
0 1
0 1
0 1
0 1
0 1
0 1
0 1
0 1
0 1
0 1
0 1
0 1
0 1
0 1
0 1
0 1
0 1
0 1
0 1
0 1
0 1
0 1
0 1
0 1
0 1
0 1
0 1
0 1
0 1
0 1
0 1
