-1 0
1 0
-1 -5
-1 -7
-3 -2
-1 -9
-1 -9
0 -12
0 -12
0 -12
0 -12
0 -12
0 -12
0 -12
0 -12
0 -12
0 -12
0 -12
0 -12
0 -12
0 -12
0 -12
0 -12
0 -12
0 -12
0 -12
0 -12
0 -12
0 -12
0 -12
0 -12
0 -12
0 -12
0 -12
1 -12
1 -12
1 -13
1 -13
1 -13
1 -13
1 -13
1 -13
1 -13
1 -13
1 -13
1 -13
1 -13
1 -13
1 -13
1 -13
1 -13
1 -13
1 -13
1 -13
1 -13
1 -13
1 -13
1 -13
1 -13
1 -13
1 -13
1 -13
1 -13
1 -13
1 -13
1 -13
1 -13
1 -13
1 -13
1 -13
1 -13
1 -13
1 -13
1 -13
1 -13
1 -13
1 -13
1 -13
1 -13
1 -13
1 -13
1 -13
1 -13
1 -13
1 -13
1 -13
1 -13
1 -13
1 -13
1 -13
1 -13
1 -13
1 -13
1 -13
1 -13
1 -13
1 -13
1 -13
1 -13
1 -13
1 -13
1 -13
1 -13
1 -13
1 -13
1 -13
1 -13
1 -13
1 -13
1 -13
1 -13
1 -13
1 -13
1 -13
1 -13
1 -13
1 -13
1 -13
1 -13
1 -13
1 -13
1 -13
1 -13
1 -13
1 -13
1 -13
1 -13
1 -13
1 -13
-2 -12
-2 -12
0 -22
-1 -21
-1 -21
-1 -21
-1 -21
-1 -21
-1 -21
-1 -21
-1 -21
-1 -21
-1 -21
-1 -21
-1 -21
-1 -21
-1 -21
-1 -21
-1 -21
-1 -21
-1 -21
-1 -21
-1 -21
-1 -21
-2 -28
4 -29
4 -29
4 -29
4 -29
4 -29
4 -29
4 -29
4 -29
4 -29
4 -29
4 -29
4 -29
4 -29
4 -29
4 -29
4 -29
4 -29
4 -29
4 -29
4 -29
4 -29
4 -29
4 -29
4 -29
4 -29
4 -29
4 -29
4 -29
4 -29
4 -29
4 -29
4 -29
4 -29
2 -29
2 -29
2 -29
2 -29
2 -29
2 -29
2 -29
2 -29
2 -29
2 -29
2 -29
2 -29
2 -29
2 -29
2 -29
2 -29
2 -29
2 -29
2 -29
-4 -28
-4 -28
-4 -28
-4 -28
-4 -28
-4 -28
-4 -28
-4 -28
-4 -28
-4 -28
-4 -28
-4 -28
-4 -28
-4 -28
-4 -28
-4 -28
-4 -28
-4 -28
-4 -28
-4 -28
-4 -28
-4 -28
-1 -29
-1 -29
-1 -29
-1 -29
-1 -29
-1 -29
-1 -29
-1 -29
-1 -29
-1 -29
-1 -29
-1 -29
-1 -29
-1 -29
-1 -29
-1 -29
-1 -29
-1 -29
-1 -29
-1 -29
-1 -29
-1 -29
-1 -29
-1 -29
-1 -29
-1 -29
-1 -29
-1 -29
-1 -29
-1 -29
-1 -29
-1 -29
-1 -29
-1 -29
-1 -29
-1 -29
-1 -29
-1 -29
-1 -29
-1 -29
-1 -29
1 -27
1 -27
1 -27
1 -27
1 -27
1 -27
1 -27
1 -27
1 -27
1 -27
1 -27
1 -27
1 -27
1 -27
1 -27
1 -27
1 -27
1 -27
1 -27
1 -27
1 -27
1 -27
1 -27
1 -27
1 -27
1 -27
1 -27
1 -27
1 -27
1 -27
1 -27
1 -27
1 -27
1 -27
1 -27
1 -27
1 -27
1 -27
1 -27
1 -27
1 -27
1 -27
1 -27
1 -27
1 -27
1 -27
1 -27
1 -27
1 -27
-3 -29
-3 -29
-3 -29
-3 -29
-3 -29
-3 -29
-3 -29
-3 -29
-3 -29
-3 -29
-3 -29
-3 -29
-3 -29
-3 -29
-3 -29
-3 -29
-3 -29
-3 -29
-3 -29
-3 -29
-3 -29
-3 -29
-3 -29
-3 -29
-3 -29
-3 -29
-3 -29
-3 -29
-3 -29
-3 -29
-3 -29
-3 -29
-3 -29
-3 -29
-3 -29
-3 -29
-3 -29
-3 -29
-3 -29
-3 -29
-3 -29
-3 -29
-3 -29
-3 -29
-7 -29
-7 -29
-7 -29
-7 -29
-7 -29
-7 -29
-7 -29
-7 -29
-7 -29
-7 -29
-7 -29
-7 -29
-7 -29
-7 -29
-7 -31
-7 -31
-7 -31
-7 -31
-7 -31
-7 -31
-7 -31
-7 -31
-7 -31
-7 -31
-7 -31
-7 -31
-7 -31
-7 -31
-7 -31
-7 -31
-7 -31
-7 -31
-7 -31
-7 -31
-7 -31
-7 -31
-7 -31
-7 -31
-7 -31
-7 -31
-7 -31
-7 -31
-7 -31
-7 -31
-7 -31
-7 -31
-7 -31
-7 -31
-7 -31
-7 -31
-7 -31
-7 -31
-7 -31
-7 -31
-7 -31
-7 -31
-7 -31
-7 -31
-7 -31
-7 -31
-7 -37
-7 -37
-7 -37
-7 -37
-7 -37
-7 -37
-7 -37
-7 -37
-7 -37
-7 -37
-7 -37
-7 -37
-7 -37
-7 -37
-7 -37
-7 -37
-7 -37
-7 -37
-7 -37
-7 -37
-7 -37
-7 -37
-7 -37
-7 -37
-7 -37
-7 -37
-7 -37
-7 -37
-7 -37
-7 -37
-10 -40
-10 -40
-10 -40
-10 -40
-10 -40
-10 -40
-10 -40
-10 -40
-10 -40
-10 -40
-10 -40
-10 -40
-10 -40
-10 -40
-10 -40
-10 -40
-10 -40
-10 -40
-10 -40
-10 -40
-10 -40
-10 -40
-10 -40
-10 -40
-10 -40
-10 -40
-10 -40
-10 -40
-10 -40
-10 -40
-10 -40
-10 -40
-10 -40
-10 -40
-10 -40
-10 -40
-10 -40
-10 -40
-10 -40
-10 -40
-10 -40
-10 -40
-10 -40
-10 -40
-10 -40
-10 -40
-10 -40
-10 -40
-10 -40
-10 -40
-10 -40
-16 -39
-16 -39
-11 -40
-11 -40
-11 -40
-11 -40
-11 -40
-11 -40
-11 -40
-11 -40
-11 -40
-11 -40
-11 -40
-11 -40
-11 -40
-11 -40
-11 -40
-11 -40
-11 -40
-11 -40
-11 -40
-11 -40
-11 -40
-11 -40
-11 -40
-11 -40
-11 -40
-11 -40
-11 -40
-12 -37
-9 -37
-9 -37
-9 -37
-9 -37
-9 -37
-9 -37
-9 -37
-9 -37
-9 -37
-9 -37
-9 -37
-9 -37
-9 -37
-9 -37
-9 -37
-9 -37
-9 -37
-9 -37
-9 -37
-9 -37
-9 -37
-9 -37
-9 -37
-9 -37
-9 -37
-9 -37
-9 -37
-9 -37
-9 -37
-9 -37
-13 -27
-13 -27
-13 -27
-13 -27
-13 -27
-13 -27
-13 -27
-13 -27
-13 -27
-13 -27
-13 -27
-13 -27
-13 -27
-13 -27
-13 -27
-13 -27
-13 -27
-13 -27
-13 -27
-13 -27
-13 -27
-13 -27
-13 -27
-13 -27
-13 -27
-13 -27
-13 -27
-13 -27
-13 -27
-13 -27
-13 -27
-12 -23
-12 -23
-12 -23
-12 -23
-12 -23
-12 -23
-12 -23
-12 -23
-12 -23
-12 -23
-12 -23
-12 -23
-12 -23
-12 -23
-12 -23
-12 -23
-12 -23
-12 -23
-12 -23
-12 -23
-12 -23
-12 -23
-12 -23
-12 -23
-12 -23
-12 -23
-12 -23
-12 -23
-12 -23
-12 -23
-12 -23
-12 -23
-12 -23
-12 -23
-12 -23
-12 -23
-12 -23
-12 -23
-12 -23
-16 -33
-16 -33
-16 -33
-16 -33
-16 -33
-16 -33
-16 -33
-16 -33
-16 -33
-16 -33
-16 -33
-16 -33
-16 -33
-16 -33
-16 -33
-16 -33
-16 -33
-16 -33
-16 -33
-16 -33
-16 -33
-16 -33
-15 -34
-15 -34
-15 -34
-15 -34
-15 -34
-15 -34
-15 -34
-15 -34
-15 -34
-15 -34
-15 -34
-15 -34
-15 -34
-15 -34
-15 -34
-15 -34
-15 -34
-15 -34
-15 -34
-15 -34
-15 -34
-15 -34
-15 -34
-15 -34
-15 -34
-15 -34
-15 -34
-15 -34
-15 -34
-15 -34
-15 -34
-15 -34
-15 -34
-15 -34
-15 -34
-15 -34
-15 -34
-15 -34
-15 -34
-15 -34
-15 -34
-15 -34
-15 -34
-15 -29
-15 -29
-15 -29
-15 -29
-15 -29
-15 -29
-15 -29
-15 -29
-15 -29
-15 -29
-15 -29
-15 -29
-15 -29
-15 -29
-15 -29
-18 -29
-18 -29
-18 -29
-18 -29
-18 -29
-18 -29
-18 -29
-18 -29
-18 -29
-18 -29
-18 -29
-18 -29
-18 -29
-18 -29
-18 -29
-18 -29
-18 -29
-18 -29
-18 -29
-18 -29
-18 -29
-18 -29
-18 -29
-18 -29
-18 -29
-18 -29
-18 -29
-18 -29
-18 -29
-18 -29
-18 -29
-18 -29
-18 -29
-18 -29
-18 -29
-18 -29
-18 -29
-18 -29
-18 -29
-18 -29
-18 -29
-11 -22
-19 -20
-19 -20
-19 -20
-19 -20
-19 -20
-19 -20
-19 -20
-19 -20
-19 -20
-19 -20
-19 -20
-19 -20
-19 -20
-19 -20
-19 -20
-19 -20
-19 -20
-19 -20
-19 -20
-19 -20
-19 -20
-19 -20
-19 -20
-19 -20
-19 -20
-19 -20
-19 -20
-19 -20
-19 -20
-19 -20
-24 -28
-24 -28
-24 -28
-24 -28
-24 -28
-24 -28
-24 -28
-24 -28
-24 -28
-24 -28
-24 -28
-24 -28
-24 -28
-24 -28
-24 -28
-24 -28
-24 -28
-27 -23
-27 -23
-27 -23
-27 -23
-27 -23
-27 -23
-27 -23
-27 -23
-27 -23
-27 -23
-27 -23
-27 -23
-27 -23
-27 -23
-27 -23
-27 -23
-27 -23
-27 -23
-27 -23
-27 -23
-27 -23
-27 -23
-27 -23
-27 -23
-27 -23
-27 -23
-27 -23
-27 -23
-27 -23
-27 -23
-27 -23
-27 -23
-27 -23
-27 -23
-27 -23
-27 -23
-27 -23
-19 -27
-19 -27
-19 -27
-19 -27
-19 -27
-19 -27
-19 -27
-19 -27
-19 -27
-19 -27
-19 -27
-19 -27
-19 -27
-19 -27
-19 -27
-19 -27
-19 -27
-19 -27
-19 -27
-19 -27
-19 -27
-19 -27
-19 -27
-19 -27
-19 -27
-19 -27
-19 -27
-19 -27
-19 -27
-19 -27
-19 -27
-19 -27
-19 -27
-19 -27
-19 -27
-28 -14
-28 -14
-28 -14
-28 -14
-28 -14
-28 -14
-28 -14
-28 -14
-28 -14
-28 -14
-28 -14
-28 -14
-28 -14
-28 -14
-28 -14
-28 -14
-28 -14
-27 -18
-27 -18
-27 -18
-27 -18
-27 -18
-27 -18
-27 -18
-27 -18
-27 -18
-27 -18
-27 -18
-27 -18
-27 -18
-27 -18
-27 -18
-27 -18
-27 -18
-27 -18
-27 -18
-28 -15
-28 -15
-28 -15
-28 -15
-28 -15
-28 -15
-28 -15
-28 -15
-28 -15
-28 -15
-28 -15
-28 -15
-28 -15
-28 -15
-28 -15
-28 -15
-28 -15
-28 -15
-28 -15
-28 -15
-28 -15
-28 -15
-28 -15
-28 -15
-28 -15
-28 -15
-28 -15
-28 -15
-28 -15
-28 -15
-28 -15
-28 -15
-28 -15
-28 -15
-28 -15
-28 -15
-28 -15
-28 -15
-28 -15
-28 -15
-28 -15
-28 -15
-28 -15
-28 -15
-28 -15
-28 -15
-28 -15
-28 -15
-28 -15
-28 -15
-28 -15
-28 -15
-28 -15
-28 -15
-28 -15
-28 -15
-28 -15
-28 -15
-28 -15
-28 -15
-28 -15
-28 -15
-30 -14
-30 -14
-30 -14
-30 -14
-30 -14
-30 -14
-30 -14
-30 -14
-30 -14
-30 -14
-30 -14
-30 -14
-30 -14
-30 -14
-30 -14
-30 -14
-30 -14
-30 -14
-30 -14
-30 -10
-30 -10
-30 -10
-30 -10
-30 -10
-30 -10
-30 -10
-30 -10
-30 -10
-30 -10
-30 -10
-30 -10
-30 -10
-30 -10
-30 -10
-30 -10
-30 -10
-30 -10
-30 -10
-30 -10
-30 -10
-30 -10
-30 -10
-30 -10
-30 -10
-30 -10
-30 -10
-30 -10
-30 -10
-30 -10
-30 -10
-30 -10
-30 -10
-30 -10
-30 -10
-30 -10
-30 -10
-30 -10
-30 -10
-30 -10
-30 -10
-30 -10
-30 -10
-33 -10
-33 -10
-33 -10
-33 -10
-33 -10
-33 -10
-33 -10
-33 -10
-33 -10
-33 -10
-33 -10
-33 -10
-33 -10
-33 -10
-33 -10
-33 -10
-31 -8
-31 -8
-31 -8
-31 -8
-31 -8
-31 -8
-31 -8
-31 -8
-31 -8
-31 -8
-31 -8
-31 -8
-31 -8
-31 -8
-31 -8
-31 -8
-31 -8
-31 -8
-25 -1
-25 -1
-25 -1
-25 -1
-25 -1
-25 -1
-25 -1
-25 -1
-25 -1
-25 -1
-25 -1
-25 -1
-25 -1
-25 -1
-25 -1
-25 -1
-25 -1
-25 -1
-25 -1
-25 -1
-25 -1
-25 -1
-25 -1
-25 -1
-25 -1
-25 -1
-25 -1
-25 -1
-25 -1
-25 -1
-25 -1
-25 -1
-25 -1
-25 -1
-25 -1
-25 -1
-25 -1
-25 -1
-25 -1
-25 -1
-25 -1
-25 -1
-25 -1
-25 -1
-25 -1
-25 -1
-25 -1
-25 -1
-25 -1
-25 -1
-25 -1
-25 -1
-25 -1
-25 -1
-25 -1
-25 -1
-25 -1
-25 -1
-25 -1
-25 -1
-25 -1
-25 -1
-25 -1
-25 -1
-25 -1
-25 -1
-25 -1
-35 -4
-35 -4
-35 -4
-35 -4
-35 -4
-35 -4
-35 -4
-35 -4
-35 -4
-35 -4
-35 -4
-35 -4
-35 -4
-35 -4
-35 -4
-35 -4
-35 -4
-35 -4
-35 -4
-35 -4
-35 -4
-35 -4
-35 -4
-35 -4
-35 -4
-35 -4
-35 -4
-35 -4
-35 -4
-42 -6
-42 -6
-42 -6
-42 -6
-42 -6
-42 -6
-42 -6
-42 -6
-42 -6
-42 -6
-42 -6
-42 -6
-42 -6
-42 -6
-42 -6
-42 -6
-42 -6
-42 -6
-42 -6
-42 -6
-42 -6
-42 -6
-42 -6
-42 -6
-42 -6
-42 -6
-42 -6
-42 -6
-42 -6
-42 -6
-42 -6
-42 -6
-42 -6
-42 -6
-42 -6
-42 -6
-42 -6
-31 -5
-31 -5
-31 -5
-31 -5
-31 -5
-31 -5
-31 -5
-31 -5
-31 -5
-31 -5
-31 -5
-31 -5
-31 -5
-31 -5
-31 -5
-31 -5
-31 -5
-31 -5
-31 -5
-31 -5
-31 -5
-31 -5
-31 -5
-31 -5
-31 -5
-31 -5
-31 -5
-31 -5
-31 -5
-31 -5
-31 -5
-31 -5
-31 -5
-31 -5
-31 -5
-31 -5
-31 -5
-35 -3
-35 -3
-35 -3
-35 -3
-35 -3
-35 -3
-35 -3
-35 -3
-35 -3
-35 -3
-35 -3
-35 -3
-35 -3
-35 -3
-35 -3
-35 -3
-35 -3
-35 -3
-35 -3
-35 -3
-35 -3
-35 -3
-35 -3
-35 -3
-35 -3
-35 -3
-35 -3
-35 -3
-35 -3
-35 -3
-35 -3
-35 -3
-35 -3
-35 -3
-35 -3
-35 -3
-35 -3
-35 -3
-35 -3
-38 1
-38 1
-44 6
-44 6
-44 6
-44 6
-44 6
-44 6
-44 6
-44 6
-44 6
-44 6
-44 6
-44 6
-44 6
-44 6
-44 6
-44 6
-44 6
-44 6
-44 6
-44 6
-44 6
-44 6
-44 6
-44 6
-44 6
-44 6
-44 6
-44 6
-44 6
-44 6
-44 6
-44 6
-44 6
-44 6
-44 6
-44 6
-44 6
-44 6
-44 6
-44 6
-44 6
-44 6
-44 6
-44 6
-39 -1
-39 -1
-39 -1
-39 -1
-39 -1
-39 -1
-39 -1
-39 -1
-39 -1
-39 -1
-39 -1
-39 -1
-39 -1
-39 -1
-39 -1
-39 -1
-39 -1
-39 -1
-39 -1
-39 -1
-39 -1
-39 -1
-39 -1
-39 -1
-39 -1
-39 -1
-39 -1
-39 -1
-39 -1
-39 -1
-39 -1
-39 -1
-39 -1
-39 -1
-39 -1
-39 -1
-39 -1
-39 -1
-39 -1
-39 -1
-39 -1
-41 6
-38 9
-38 9
-38 9
-38 9
-38 9
-38 9
-38 9
-38 9
-38 9
-38 9
-38 9
-38 9
-38 9
-38 9
-38 9
-38 9
-38 9
-38 9
-38 9
-38 9
-38 9
-38 9
-38 9
-38 9
-38 9
-38 9
-38 9
-38 9
-38 9
-38 9
-38 9
-38 9
-38 9
-38 9
-38 9
-38 9
-41 10
-41 10
-41 10
-41 10
-41 10
-41 10
-41 10
-41 10
-41 10
-41 10
-41 10
-41 10
-41 10
-41 10
-41 10
-41 10
-41 10
-41 10
-41 10
-41 10
-41 10
-41 10
-41 10
-41 10
-41 10
-41 10
-41 10
-41 10
-41 10
-41 10
-41 10
-41 10
-41 10
-41 10
-41 10
-41 10
-41 10
-41 10
-41 10
-41 10
-41 10
-41 10
-41 10
-41 10
-41 10
-41 10
-41 10
-41 10
-41 10
-41 10
-41 10
-41 10
-41 10
-41 10
-41 10
-41 10
-41 10
-41 10
-41 10
-41 10
-41 10
-41 10
-41 10
-41 10
-39 9
-38 9
-38 9
-38 9
-38 9
-38 9
-38 9
-38 9
-38 9
-38 9
-38 9
-38 9
-38 9
-38 9
-38 9
-38 9
-38 9
-38 9
-38 9
-38 9
-38 9
-38 9
-38 9
-38 9
-38 9
-38 9
-38 9
-38 9
-38 9
-38 9
-38 9
-38 9
-27 4
-30 9
-30 9
-30 9
-30 9
-30 9
-30 9
-30 9
-30 9
-30 9
-30 9
-30 9
-30 9
-30 9
-30 9
-30 9
-30 9
-30 9
-30 9
-30 9
-30 9
-30 9
-30 9
-30 9
-30 9
-30 9
-30 9
-30 9
-30 9
-30 9
-30 9
-30 9
-30 9
-30 9
-30 9
-30 9
-30 9
-28 7
-28 7
-28 7
-28 7
-36 17
-36 17
-36 17
-36 17
-36 17
-36 17
-36 17
-36 17
-36 17
-36 17
-36 17
-36 17
-36 17
-36 17
-36 17
-36 17
-36 17
-36 17
-36 17
-36 17
-36 17
-36 17
-36 17
-36 17
-36 17
-36 17
-36 17
-36 17
-36 17
-36 17
-36 17
-36 17
-36 17
-36 17
-36 17
-36 17
-36 17
-36 17
-36 17
-36 17
-36 17
-36 17
-36 17
-36 17
-36 17
-36 17
-36 17
-36 17
-36 17
-36 17
-36 17
-36 17
-36 17
-36 17
-36 17
-36 17
-36 17
-40 17
-40 17
-42 20
-42 20
-42 20
-42 20
-42 20
-42 20
-42 20
-42 20
-42 20
-42 20
-42 20
-42 20
-42 20
-42 20
-42 20
-42 20
-42 20
-42 20
-42 20
-42 20
-42 20
-42 20
-42 20
-42 20
-42 20
-42 20
-42 20
-42 20
-42 20
-42 20
-37 18
-37 18
-37 18
-37 18
-37 18
-37 18
-37 18
-37 18
-37 18
-37 18
-37 18
-37 18
-37 18
-37 18
-37 18
-37 18
-37 18
-37 18
-37 18
-37 18
-37 18
-37 18
-37 18
-37 18
-37 18
-37 18
-37 18
-37 18
-37 18
-37 18
-33 15
-28 20
-28 20
-28 20
-28 20
-28 20
-28 20
-28 20
-28 20
-28 20
-28 20
-28 20
-24 26
-24 26
-24 26
-24 26
-24 26
-24 26
-24 26
-24 26
-24 26
-24 26
-24 26
-24 26
-24 26
-24 26
-24 26
-24 26
-24 26
-24 26
-24 26
-24 26
-24 26
-24 26
-24 26
-24 26
-24 26
-24 26
-24 26
-24 26
-24 26
-24 26
-24 26
-20 24
-20 24
-20 24
-20 24
-20 24
-20 24
-20 24
-20 24
-20 24
-20 24
-20 24
-20 24
-20 24
-20 24
-20 24
-20 24
-20 24
-20 24
-20 24
-20 24
-20 24
-20 24
-20 24
-20 24
-20 24
-20 24
-20 24
-20 24
-20 24
-20 24
-20 24
-20 24
-20 24
-20 24
-20 24
-20 24
-20 24
-20 24
-20 24
-20 24
-20 24
-20 24
-20 24
-25 28
-25 28
-25 28
-25 28
-25 28
-25 28
-25 28
-25 28
-25 28
-19 27
-19 27
-19 27
-19 27
-19 27
-19 27
-19 30
-19 30
-19 30
-19 30
-19 30
-19 30
-19 30
-19 30
-19 30
-19 30
-19 30
-19 30
-19 30
-19 30
-19 30
-19 30
-19 30
-22 35
-22 35
-22 35
-22 35
-22 35
-22 35
-22 35
-22 35
-22 35
-22 35
-22 35
-22 35
-22 35
-22 35
-22 35
-22 35
-22 35
-22 35
-22 35
-22 35
-22 35
-22 35
-19 42
-19 42
-19 42
-19 42
-19 42
-19 42
-19 42
-19 42
-19 42
-19 42
-19 42
-19 42
-19 42
-19 42
-19 42
-19 42
-19 42
-19 42
-19 42
-19 42
-19 42
-19 42
-19 42
-17 41
-17 41
-17 41
-17 41
-17 41
-17 41
-17 41
-17 41
-17 41
-17 41
-17 41
-17 41
-17 41
-16 35
-16 35
-16 35
-16 35
-16 35
-16 35
-16 35
-16 35
-16 35
-16 35
-16 35
-16 35
-16 35
-16 35
-16 35
-19 40
-19 40
-19 40
-19 40
-19 40
-19 40
-19 40
-19 40
-19 40
-19 40
-19 40
-19 40
-19 40
-19 40
-19 40
-19 40
-14 40
-14 40
-14 40
-14 40
-14 40
-14 40
-14 40
-14 40
-14 40
-14 40
-14 40
-14 40
-14 40
-14 40
-14 40
-14 40
-14 40
-14 40
-14 40
-14 40
-14 40
-14 40
-14 40
-14 40
-14 40
-14 40
-14 40
-14 40
-14 40
-14 40
-14 40
-14 40
-14 40
-14 40
-14 40
-14 40
-14 40
-14 40
-14 40
-14 40
-14 40
-14 40
-14 40
-14 40
-14 40
-14 40
-14 40
-14 40
-14 40
-13 41
-15 42
-15 42
-15 42
-15 42
-15 42
-15 42
-15 42
-15 42
-15 42
-15 42
-15 42
-15 42
-15 42
-15 42
-15 42
-15 42
-15 42
-15 42
-15 42
-15 42
-15 42
-15 42
-15 42
-15 42
-15 42
-15 42
-15 42
-15 42
-15 42
-15 42
-15 42
-7 45
-7 45
-7 45
-7 45
-7 45
-7 45
-7 45
-7 45
-7 45
-7 45
-7 45
-7 45
-7 45
-7 45
-7 45
-7 45
-7 45
-7 45
-7 45
-7 45
-7 45
-7 45
-7 45
-7 45
-7 45
-7 45
-7 45
-7 45
-7 45
-7 45
-7 45
-7 45
-7 45
-7 45
-12 44
-9 44
-9 44
-9 44
-9 44
-9 44
-9 44
-9 44
-9 44
-9 44
-9 44
-9 44
-9 44
-9 44
-9 44
-9 44
-9 44
-9 44
-9 44
-9 44
-9 44
-9 44
-9 44
-9 44
-9 44
-9 44
-9 44
-9 44
-9 44
-9 44
-9 44
-9 44
-9 44
-9 44
-9 44
-9 44
-9 44
-9 44
-9 44
-9 44
-9 44
-9 44
-9 44
-9 44
-5 47
-5 47
-5 47
-5 47
-5 47
-5 47
-5 47
-5 47
-5 47
-5 47
-5 47
-5 47
-5 47
-5 47
-5 47
-5 47
-5 47
-5 47
-5 47
-5 47
-5 47
-5 47
-5 47
-5 47
-5 47
-5 47
-5 47
-5 47
-6 47
-6 47
-6 47
-6 47
-6 47
-6 47
-6 47
-6 47
-6 47
-6 47
-6 47
-6 47
-6 47
-6 47
-6 47
-6 47
-6 47
-6 47
-6 47
-6 47
-6 47
-6 47
-6 47
-6 47
-6 47
-6 47
-6 47
-8 46
-8 46
-8 46
-8 46
-8 46
-8 46
-4 51
-4 51
-4 51
-4 51
-4 51
-4 51
-4 51
-4 51
-4 51
-4 51
-4 51
-4 51
-4 51
-4 51
-4 51
1 50
1 50
1 50
1 50
1 50
1 50
1 50
1 50
1 50
1 50
1 50
1 50
1 50
1 50
1 50
1 50
1 50
1 50
1 50
1 50
1 50
1 50
1 50
1 50
1 50
1 50
1 50
1 50
1 50
1 50
1 50
1 50
1 50
1 50
1 50
1 50
1 50
1 50
1 50
1 50
1 50
1 50
1 50
1 50
1 50
1 50
1 50
1 50
1 50
1 50
1 50
1 50
1 50
1 50
1 50
1 50
1 50
1 50
1 50
1 50
1 50
1 50
1 50
1 50
1 50
1 50
1 50
1 50
1 50
0 52
0 53
0 53
0 53
0 53
0 53
0 53
0 53
0 53
0 53
0 53
0 53
2 55
2 55
2 55
2 55
2 55
2 55
2 55
2 55
2 55
2 55
2 55
2 55
1 51
1 51
1 51
1 51
1 51
1 51
1 51
1 51
1 51
1 51
1 51
1 51
1 51
1 51
1 51
1 51
1 51
1 51
1 51
1 51
1 51
1 51
1 51
1 51
1 51
1 51
1 51
1 51
1 51
1 51
1 51
1 51
1 51
1 51
1 51
1 51
1 51
1 51
1 51
1 51
1 51
3 57
3 57
3 57
3 57
3 57
3 57
3 57
3 57
3 57
3 57
3 57
3 57
3 57
3 57
3 57
3 57
3 57
3 57
3 57
3 57
3 57
3 57
3 57
3 57
3 57
3 57
3 57
3 57
3 57
3 57
4 55
4 55
4 55
4 55
4 55
4 55
4 55
4 55
4 55
4 55
4 55
4 55
4 55
4 55
4 55
4 55
4 55
4 55
4 55
4 55
4 55
4 55
4 55
4 55
3 53
4 49
4 49
4 49
4 49
4 49
4 49
4 49
4 49
4 49
4 49
4 49
4 49
4 49
4 49
4 49
4 49
4 49
4 49
4 49
4 49
4 49
4 49
4 49
4 49
4 49
4 49
6 48
6 48
6 48
6 48
6 48
6 48
6 48
6 48
6 48
6 48
6 48
6 48
6 48
6 48
6 48
6 48
6 48
6 48
6 48
6 48
6 48
6 48
6 48
6 48
6 48
6 48
12 59
12 59
12 59
12 59
12 59
12 59
12 59
12 59
12 59
12 59
12 59
12 59
12 59
12 59
12 59
12 59
12 59
12 59
12 59
12 59
12 59
12 59
12 59
12 59
12 59
9 52
9 53
9 53
9 53
9 53
9 53
9 53
9 53
9 53
9 53
9 53
9 53
9 53
9 53
9 53
9 53
9 53
9 53
9 53
9 53
9 53
9 53
9 53
9 53
9 53
11 56
11 56
11 56
11 56
11 56
11 56
11 56
11 56
11 56
11 56
11 56
11 56
11 56
11 56
11 56
11 56
11 56
11 56
11 56
11 56
11 56
11 56
11 56
11 56
11 56
11 56
11 55
11 55
11 55
11 55
11 55
11 55
11 55
11 55
11 55
11 55
11 55
11 55
20 61
20 64
20 64
20 64
20 64
20 64
20 64
20 64
20 64
20 64
20 64
20 64
20 64
20 64
20 64
20 64
20 64
20 64
20 64
20 64
20 64
20 64
20 64
20 64
21 60
21 60
21 60
21 60
21 60
21 60
21 60
21 60
21 60
21 60
21 60
21 60
21 60
21 60
21 60
21 60
21 60
21 60
21 60
21 60
21 60
21 60
21 60
21 60
21 60
21 60
21 60
21 60
21 60
21 60
21 60
21 60
21 60
21 60
21 60
21 60
30 60
30 60
30 60
30 60
30 60
30 60
30 60
30 60
30 60
30 60
30 60
30 60
30 60
30 60
30 60
27 49
27 49
27 49
27 49
27 49
27 49
27 49
27 49
27 49
27 49
27 49
27 49
27 49
27 49
27 49
27 49
27 49
26 56
26 56
26 56
26 56
26 56
26 56
26 56
26 56
26 56
26 56
26 56
26 56
26 56
26 56
26 56
26 56
26 56
26 56
26 56
26 56
26 56
26 56
26 56
26 56
26 56
26 56
26 56
26 56
26 56
26 56
26 56
26 56
26 56
26 56
26 56
26 56
26 56
26 56
26 56
26 56
34 39
34 39
34 39
34 39
34 39
34 39
34 39
34 39
34 39
34 39
34 39
34 39
34 39
34 39
34 39
34 39
34 39
34 39
34 39
34 39
34 39
34 39
34 39
34 39
34 39
34 39
34 39
34 39
34 39
34 39
34 39
34 39
34 39
34 39
34 39
34 39
34 39
34 39
34 39
34 39
42 48
46 52
46 52
46 52
46 52
46 52
46 52
46 52
46 52
46 52
46 52
46 52
46 52
46 52
46 52
46 52
46 52
46 52
46 52
46 52
46 52
46 52
46 52
46 52
46 52
46 52
46 52
46 52
46 52
46 52
53 38
53 38
53 38
53 38
53 38
53 38
53 38
53 38
53 38
53 38
53 38
53 38
53 38
53 38
53 38
53 38
53 38
53 38
53 38
53 38
53 38
53 38
53 38
53 38
53 38
53 38
53 38
53 38
53 38
53 38
53 38
53 38
53 38
53 38
53 38
53 38
53 38
52 32
49 37
49 37
49 37
49 37
49 37
49 37
49 37
49 37
49 37
49 37
49 37
49 37
49 37
49 37
49 37
49 37
49 37
49 37
49 37
49 37
49 37
49 37
49 37
49 37
49 37
49 37
49 37
49 37
49 37
49 37
49 37
49 37
49 37
49 37
49 37
49 37
49 37
49 37
49 37
49 37
49 37
49 37
49 37
49 37
49 37
49 37
49 37
49 37
49 37
49 37
49 37
49 37
49 37
49 37
49 31
49 31
62 32
62 32
62 32
62 32
62 32
62 32
62 32
62 32
62 32
62 32
62 32
62 32
62 32
62 32
62 32
62 32
62 32
62 32
62 32
62 32
62 32
56 21
56 21
56 21
56 21
56 21
56 21
56 21
56 21
56 21
56 21
56 21
56 21
56 21
54 25
54 25
54 25
54 25
54 25
54 25
54 25
54 25
54 25
54 25
54 25
63 23
63 23
63 23
63 23
63 23
63 23
63 23
63 23
63 23
63 23
63 23
63 23
63 23
63 23
63 23
63 23
63 23
63 23
63 23
63 23
63 23
63 23
63 23
63 23
63 23
63 23
63 23
63 23
63 23
63 23
63 23
63 23
63 23
63 23
58 16
58 16
58 16
58 16
58 16
58 16
58 16
58 16
58 16
58 16
58 16
58 16
58 16
58 16
58 16
58 16
58 16
68 12
68 12
68 12
68 12
68 12
68 12
68 12
68 12
68 12
68 12
68 12
68 12
68 12
68 12
68 12
68 12
68 12
68 12
68 12
68 12
68 12
68 12
68 12
68 12
68 12
68 12
68 12
68 12
68 12
68 12
68 12
68 12
68 12
68 12
68 12
68 12
68 12
68 12
68 12
68 12
68 12
68 12
68 12
68 12
68 12
68 12
68 12
68 12
68 12
68 12
68 12
68 12
68 12
68 12
68 12
67 8
67 8
67 8
67 8
67 8
67 8
67 8
67 8
67 8
67 8
67 8
67 8
67 8
67 8
67 8
67 8
67 8
67 8
67 8
67 8
67 8
67 8
67 8
67 8
67 8
67 8
67 8
67 8
67 8
67 8
62 6
58 5
58 5
58 5
58 5
58 5
58 5
58 5
58 5
56 1
56 1
56 1
56 1
56 1
56 1
56 1
56 1
56 1
56 1
56 1
55 -1
55 -1
55 -1
55 -1
55 -1
55 -1
55 -1
51 -10
51 -10
51 -10
51 -10
51 -10
51 -10
51 -10
51 -10
51 -10
51 -10
51 -10
51 -10
51 -10
51 -10
51 -10
51 -10
51 -10
51 -10
51 -10
51 -10
51 -10
51 -10
51 -10
51 -10
51 -10
51 -10
51 -10
51 -10
51 -10
51 -10
51 -10
51 -10
51 -10
51 -10
51 -10
51 -10
51 -10
51 -5
51 -5
51 -19
51 -19
51 -19
51 -19
51 -19
51 -19
51 -19
51 -19
51 -19
51 -19
51 -19
51 -19
51 -19
51 -19
51 -19
51 -19
51 -19
51 -19
51 -19
51 -19
51 -19
51 -19
51 -19
51 -19
51 -19
51 -19
42 -14
42 -14
42 -14
42 -14
42 -14
42 -14
42 -14
42 -14
42 -14
42 -14
42 -14
42 -14
35 -13
35 -13
35 -13
35 -13
35 -13
35 -13
35 -13
35 -13
35 -13
35 -13
35 -13
35 -13
30 -25
30 -25
30 -25
30 -25
30 -25
30 -25
30 -25
30 -25
30 -25
30 -25
30 -25
30 -25
30 -25
30 -25
30 -25
30 -25
30 -25
30 -25
30 -25
30 -25
30 -25
30 -25
30 -25
30 -25
30 -25
30 -25
30 -25
30 -25
30 -25
30 -25
30 -25
30 -25
30 -25
30 -25
30 -25
30 -25
30 -25
30 -25
30 -25
30 -25
30 -25
30 -25
30 -25
30 -25
26 -25
26 -25
26 -25
26 -25
26 -25
26 -25
26 -25
26 -25
26 -25
26 -25
26 -25
26 -25
26 -25
26 -25
26 -25
26 -25
26 -25
26 -25
26 -25
26 -25
26 -25
26 -25
26 -25
26 -25
26 -25
26 -25
31 -31
31 -31
31 -31
31 -31
31 -31
31 -31
31 -31
31 -31
31 -31
31 -31
31 -31
31 -31
31 -31
31 -31
31 -31
31 -31
31 -31
31 -31
31 -31
31 -31
31 -31
31 -31
31 -31
31 -31
31 -31
31 -31
31 -31
31 -31
31 -31
31 -31
31 -31
31 -31
31 -31
31 -31
24 -42
24 -27
24 -27
24 -27
24 -27
24 -27
24 -27
24 -27
24 -27
24 -27
24 -27
24 -27
24 -27
24 -27
24 -27
24 -27
24 -27
24 -27
24 -27
24 -27
24 -27
24 -27
24 -27
24 -27
24 -27
24 -27
24 -27
24 -27
14 -32
14 -32
14 -32
14 -32
14 -32
14 -32
14 -32
14 -32
14 -32
14 -32
14 -32
14 -32
14 -32
14 -32
14 -32
14 -32
14 -32
14 -32
14 -32
14 -32
14 -32
14 -32
14 -32
14 -32
14 -32
14 -32
14 -32
14 -32
14 -32
14 -32
14 -32
14 -32
14 -32
14 -32
14 -32
14 -32
15 -39
17 -41
17 -41
17 -41
17 -41
17 -41
17 -41
17 -41
17 -41
17 -41
17 -41
17 -41
17 -41
17 -41
17 -41
17 -41
17 -41
17 -41
17 -41
17 -41
17 -41
17 -41
17 -41
17 -41
17 -41
17 -41
17 -41
17 -41
17 -41
17 -41
17 -41
17 -41
17 -41
17 -41
17 -41
17 -41
17 -41
17 -41
17 -41
17 -41
17 -41
17 -41
17 -41
17 -41
17 -41
17 -41
17 -41
17 -41
17 -41
17 -41
17 -41
17 -41
17 -41
17 -41
17 -41
17 -41
17 -41
17 -41
17 -41
17 -41
17 -41
21 -44
13 -52
13 -52
13 -52
13 -52
10 -46
10 -46
10 -46
10 -46
10 -46
10 -46
10 -46
10 -46
10 -46
10 -46
10 -46
10 -46
10 -46
10 -46
10 -46
5 -42
5 -42
5 -42
5 -42
5 -42
5 -42
5 -42
5 -42
5 -42
5 -42
5 -42
5 -42
5 -42
5 -42
5 -42
5 -42
9 -42
9 -42
9 -42
9 -42
9 -42
9 -42
9 -42
9 -42
9 -42
9 -42
9 -42
9 -42
9 -42
9 -42
9 -42
9 -42
9 -42
9 -42
9 -42
9 -42
9 -42
9 -42
9 -42
9 -42
9 -42
9 -42
9 -42
9 -42
6 -45
6 -45
6 -45
6 -45
6 -45
6 -45
6 -45
6 -45
6 -45
6 -45
6 -45
6 -45
6 -45
6 -45
6 -45
10 -35
10 -35
10 -35
10 -35
10 -35
10 -35
10 -35
10 -35
10 -35
10 -35
10 -35
10 -35
10 -35
10 -35
10 -35
10 -35
10 -35
10 -35
10 -35
10 -35
10 -35
10 -35
10 -35
10 -35
10 -35
10 -35
10 -35
10 -35
10 -35
10 -35
10 -35
0 -46
0 -46
0 -46
0 -46
0 -46
0 -46
0 -46
0 -46
0 -46
0 -46
0 -46
0 -46
0 -46
0 -46
0 -46
-2 -41
-2 -41
-2 -41
-2 -41
-2 -41
-2 -41
-2 -41
-2 -41
-2 -41
-2 -41
-2 -41
-2 -41
-2 -41
-2 -41
-2 -41
-2 -41
-2 -41
-2 -41
-2 -41
-2 -41
-2 -41
-2 -41
-2 -41
-2 -41
-2 -41
-2 -41
-2 -41
-2 -41
-2 -41
-2 -41
-2 -41
-2 -41
3 -47
3 -47
3 -47
3 -47
3 -47
3 -47
3 -47
3 -47
3 -47
3 -47
3 -47
3 -47
3 -47
3 -47
3 -47
3 -47
3 -47
3 -47
3 -47
3 -47
3 -47
3 -47
3 -47
3 -47
3 -47
3 -47
3 -47
3 -47
3 -47
3 -47
3 -47
3 -47
-1 -48
-1 -48
-1 -45
-1 -45
-1 -45
-1 -45
-1 -45
-1 -45
-1 -45
-1 -45
-1 -45
-1 -45
-1 -45
-1 -45
-1 -45
-1 -45
-1 -45
-1 -45
-1 -45
-1 -45
-1 -45
-1 -45
-1 -45
-1 -45
-1 -45
-1 -45
-1 -45
-1 -45
-1 -45
-1 -45
-1 -45
-1 -45
-1 -45
-1 -45
-1 -45
-1 -45
-1 -45
-1 -45
-1 -45
-1 -45
-1 -45
-1 -45
-1 -45
-1 -45
-1 -45
1 -38
1 -38
1 -38
1 -38
1 -38
1 -38
1 -38
1 -37
1 -37
1 -37
1 -37
1 -37
1 -37
1 -37
1 -37
1 -37
1 -37
1 -37
1 -37
1 -37
1 -37
1 -37
1 -37
1 -37
1 -37
1 -37
1 -37
1 -37
1 -37
1 -37
1 -37
1 -37
1 -37
1 -37
1 -37
1 -37
1 -37
1 -37
1 -37
1 -37
1 -37
1 -37
1 -41
-3 -41
-3 -41
-3 -41
-3 -41
-3 -41
-3 -41
-3 -41
-3 -41
-3 -41
-3 -41
-3 -41
-3 -41
-3 -41
-3 -41
-3 -41
-3 -41
-3 -41
-3 -41
-3 -41
-3 -41
-3 -41
-3 -41
-3 -39
-3 -39
-3 -39
-3 -39
-3 -39
-3 -39
-3 -39
-3 -39
-3 -39
-3 -39
-3 -39
-3 -39
-3 -39
-3 -39
-3 -39
-3 -39
2 -38
2 -38
2 -38
2 -38
2 -38
2 -38
2 -38
2 -38
2 -38
2 -38
2 -38
2 -38
2 -38
2 -38
0 -32
0 -32
0 -32
0 -32
0 -32
0 -32
0 -32
0 -32
0 -32
0 -32
0 -32
0 -32
0 -32
0 -32
0 -32
0 -32
0 -32
0 -32
0 -32
0 -32
0 -32
0 -32
0 -32
0 -32
0 -32
0 -32
0 -32
0 -32
0 -32
0 -32
0 -32
0 -32
0 -32
0 -32
0 -32
0 -32
0 -32
0 -32
0 -32
0 -32
0 -32
0 -32
0 -32
0 -32
0 -32
0 -32
0 -32
0 -32
0 -32
0 -32
0 -32
0 -32
0 -32
0 -32
0 -32
0 -32
0 -32
0 -32
0 -32
0 -32
0 -32
0 -32
0 -32
0 -32
0 -32
0 -32
0 -32
0 -32
0 -32
0 -32
0 -32
0 -32
0 -32
0 -32
0 -32
0 -32
0 -32
0 -32
0 -32
0 -32
0 -32
0 -32
0 -32
0 -32
0 -32
0 -32
0 -32
0 -32
0 -32
0 -32
2 -31
-1 -32
-1 -32
-1 -32
-1 -32
-1 -32
-1 -32
-1 -32
-1 -32
-1 -32
-1 -32
-1 -32
-1 -32
-1 -32
-1 -32
-1 -32
-1 -32
-1 -32
-1 -32
-1 -32
-1 -32
-1 -32
-1 -32
-1 -32
-1 -32
-1 -32
-1 -32
-1 -32
-1 -32
-1 -32
-1 -32
-1 -32
-1 -32
-1 -32
-1 -32
-1 -32
-1 -32
-3 -30
-3 -30
-3 -30
-3 -30
-3 -30
-3 -30
-3 -30
-3 -30
-3 -30
-3 -30
-3 -30
-3 -30
-3 -30
-3 -30
-3 -30
-3 -30
-3 -30
-3 -30
-3 -30
-3 -30
-3 -30
-3 -30
-3 -30
-3 -30
-3 -30
-3 -30
-3 -30
-3 -30
-3 -30
-3 -30
-3 -30
-3 -30
-3 -30
-3 -30
-3 -30
-3 -30
-3 -30
-3 -30
-3 -30
-3 -30
-3 -30
-3 -30
-3 -30
-3 -30
-3 -30
-3 -30
-3 -30
-3 -30
-3 -30
-3 -30
-3 -30
-3 -30
-3 -30
-3 -30
-3 -30
-3 -30
-3 -30
-3 -30
-3 -30
-3 -30
-3 -30
-3 -30
-3 -30
-3 -30
-3 -30
-3 -30
-3 -30
-3 -30
-3 -30
-3 -30
-3 -30
-3 -30
-3 -30
-3 -30
-3 -30
-3 -30
-3 -30
-3 -30
-3 -30
-3 -30
-3 -30
-3 -30
-3 -30
-3 -30
-3 -30
-3 -30
-3 -30
-3 -30
-3 -30
-3 -30
-3 -30
-3 -30
-3 -30
-3 -30
-3 -30
-3 -30
-3 -30
-3 -30
-3 -30
-3 -30
-3 -30
-3 -30
-3 -30
-5 -25
-7 -24
-2 -25
-2 -25
-2 -25
-2 -25
-2 -25
-2 -25
-2 -25
-2 -25
-2 -25
-2 -25
-2 -25
-2 -25
-2 -25
-2 -25
-2 -25
-2 -25
-2 -25
-2 -25
-2 -25
-2 -25
-2 -25
-2 -25
-2 -25
-2 -25
-2 -25
-2 -25
-2 -25
-2 -25
-2 -25
-2 -25
-2 -25
-2 -25
-2 -25
-2 -25
-2 -25
-2 -25
-2 -25
-2 -25
-2 -25
-2 -25
-2 -25
-2 -25
-2 -25
-2 -25
-2 -25
-2 -25
-2 -25
-2 -25
-2 -25
-2 -25
-2 -25
-2 -25
-2 -25
-2 -25
-2 -25
1 -19
-1 -20
-1 -20
-1 -20
-1 -20
-1 -20
-1 -20
-1 -20
-1 -20
-1 -20
-1 -20
-1 -20
-1 -20
-1 -20
-1 -20
-1 -20
-1 -20
-1 -20
-1 -20
-1 -20
-1 -20
-1 -20
-1 -20
-1 -20
-1 -20
-1 -20
-1 -20
-1 -20
-1 -20
-1 -20
-1 -20
-1 -20
-1 -20
-5 -24
-5 -24
-5 -24
-5 -24
-5 -24
-5 -24
-5 -24
-5 -24
-3 -18
-3 -18
-3 -18
-3 -18
-3 -18
-3 -18
-3 -18
-3 -18
-3 -18
-3 -18
-3 -18
-3 -18
-3 -18
-3 -18
-3 -18
-3 -18
-3 -18
-3 -18
-3 -18
-3 -18
-3 -18
-3 -18
-3 -18
-3 -18
-3 -18
-3 -18
-3 -18
-3 -18
-3 -18
-3 -18
-3 -18
-3 -18
-3 -18
-3 -18
-3 -18
-3 -18
-3 -18
-3 -18
-3 -18
-3 -18
-3 -18
2 -13
2 -13
2 -13
2 -13
2 -13
2 -13
2 -13
2 -13
2 -13
2 -13
2 -13
2 -13
2 -13
2 -13
2 -13
2 -13
2 -13
2 -13
2 -13
2 -13
2 -13
2 -13
2 -13
2 -13
2 -13
2 -13
2 -13
2 -13
2 -13
2 -13
2 -13
2 -13
2 -13
2 -13
2 -13
2 -13
2 -13
2 -13
2 -13
2 -13
2 -13
2 -13
2 -13
2 -13
1 -10
1 -10
1 -10
1 -10
1 -10
1 -10
1 -10
1 -10
1 -10
1 -10
1 -10
1 -10
1 -10
1 -10
1 -10
1 -10
1 -10
1 -10
1 -10
1 -10
1 -10
1 -10
1 -10
1 -10
1 -10
1 -10
1 -10
1 -10
1 -10
1 -10
1 -10
1 -10
1 -10
1 -10
1 -10
1 -10
1 -10
1 -10
1 -10
1 -10
1 -10
1 -10
1 -10
1 -10
-3 -9
-3 -9
-3 -9
-3 -9
-3 -9
-3 -9
-3 -9
-3 -9
-3 -9
-3 -9
-3 -9
-3 -9
-3 -9
-3 -9
-3 -9
-3 -9
-1 -5
-1 -5
-1 -5
-1 -5
-1 -5
-1 -5
-1 -5
-1 -5
-1 -5
-1 -5
-1 -5
-1 -5
-1 -5
-1 -5
-1 -5
-1 -5
-1 -5
-1 -5
-1 -5
-1 -5
-1 -5
-1 -5
-1 -5
-1 -5
-1 -5
-1 -5
-1 -5
-1 -5
-1 -5
-1 -5
-1 -5
-1 -5
-1 -5
-1 -5
-1 -5
-1 -5
-1 -5
-1 -5
-1 -5
-1 -5
-1 -5
-1 -5
0 -3
0 -3
0 -3
0 -3
0 -3
0 -3
0 -3
0 -3
0 -3
0 -3
0 -3
0 -3
0 -3
0 -3
0 -3
0 -3
0 -3
0 -3
0 -3
0 -1
0 -1
0 -1
0 -1
0 -1
0 -1
0 -1
0 -1
0 -1
0 -1
0 -1
0 -1
0 -1
0 -1
0 -1
0 -1
0 -1
0 -1
0 -1
0 -1
0 -1
0 -1
0 -1
0 -1
0 -1
0 -1
0 -1
0 -1
0 -1
0 -1
0 -1
0 -1
0 -1
0 -1
0 -1
0 -1
0 -1
0 -1
0 -1
0 -1
0 -1
0 -1
0 -1
0 -1
0 -1
0 -1
0 -1
0 -1
0 -1
0 -1
0 -1
0 -1
0 -1
0 -1
0 -1
0 -1
0 -1
0 -1
0 -1
0 -1
0 -1
0 -1
0 -1
0 -1
0 -1
0 -1
0 -1
0 -1
0 -1
0 -1
0 -1
0 -1
0 -1
0 -1
0 -1
0 -1
0 -1
0 -1
0 -1
0 -1
0 -1
0 -1
0 -1
0 -1
0 -1
0 -1
0 -1
0 -1
0 -1
0 -1
0 -1
0 -1
0 -1
0 -1
0 -1
0 -1
0 -1
0 -1
0 -1
0 -1
0 -1
0 -1
0 -1
0 -1
0 -1
0 -1
0 -1
0 -1
0 -1
0 -1
0 -1
0 -1
0 -1
0 -1
0 -1
0 -1
0 -1
0 -1
0 -1
0 -1
0 -1
0 -1
0 -1
0 -1
0 -1
0 -1
0 -1
0 -1
0 -1
0 -1
0 -1
0 -1
0 -1
0 -1
0 -1
0 -1
0 -1
0 -1
0 -1
0 -1
0 -1
0 -1
0 -1
0 -1
0 -1
0 -1
0 -1
0 -1
0 -1
0 -1
0 -1
0 -1
0 -1
0 -1
0 -1
0 -1
0 -1
0 -1
0 -1
0 -1
0 -1
0 -1
0 -1
1 1
1 1
0 1
0 1
0 1
0 1
0 1
0 1
0 1
0 1
0 1
0 1
0 1
0 1
0 1
0 1
0 1
0 1
0 1
0 1
0 1
0 1
0 1
0 1
0 1
0 1
0 1
0 1
0 1
0 1
0 1
0 1
0 1
0 1
0 1
0 1
0 1
0 1
0 1
0 1
0 1
0 1
0 1
0 1
0 1
0 1
0 1
0 1
0 1
0 1
0 1
-1 0
-1 0
-1 0
-1 0
-1 0
-1 0
-1 0
-1 0
-1 0
-1 0
-1 0
-1 0
-1 0
-1 0
-1 0
-1 0
-1 0
-1 0
-1 0
-1 0
-1 0
-1 0
-1 0
-1 0
-1 0
-1 0
-1 0
-1 0
-1 0
1 -1
1 -1
1 -1
1 -1
1 -1
1 -1
1 -1
1 -1
1 -1
1 -1
1 -1
1 -1
1 -1
1 -1
1 -1
1 -1
1 -1
1 -1
1 -1
1 -1
1 -1
1 -1
1 -1
1 -1
1 -1
1 -1
1 -1
1 -1
1 -1
1 -1
1 -1
1 -1
1 -1
1 -1
1 -1
1 -1
1 -1
1 -1
1 -1
1 -1
1 -1
1 -1
1 -1
1 -1
1 -1
1 -1
1 -1
1 -1
1 -1
1 -1
1 -1
1 -1
1 -1
1 -1
1 -1
1 -1
1 -1
1 -1
1 -1
1 -1
1 -1
1 -1
1 -1
1 -1
1 -1
1 -1
1 -1
1 -1
1 -1
1 -1
1 -1
1 -1
1 -1
1 -1
1 -1
1 -1
1 -1
1 -1
1 -1
1 -1
1 -1
1 -1
1 -1
1 -1
1 -1
1 -1
1 -1
1 -1
1 -1
1 -1
1 -1
1 -1
1 -1
1 -1
1 -1
1 -1
1 -1
1 -1
1 -1
1 -1
1 -1
1 -1
1 -1
1 -1
1 -1
1 -1
1 -1
1 -1
1 -1
1 -1
1 -1
1 -1
1 -1
1 -1
1 -1
1 -1
1 -1
1 -1
1 -1
1 -1
1 -1
1 -1
1 -1
1 -1
1 -1
1 -1
1 -1
1 -1
1 -1
1 -1
1 -1
1 -1
1 -1
1 -1
1 -1
1 -1
1 -1
1 -1
1 -1
1 -1
1 -1
1 -1
1 -1
1 -1
1 -1
1 -1
1 -1
1 -1
1 -1
1 -1
1 -1
1 -1
1 -1
1 -1
1 -1
1 -1
1 -1
1 -1
1 -1
1 -1
1 -1
1 -1
1 -1
1 -1
1 -1
1 -1
1 -1
1 -1
1 -1
1 -1
1 -1
1 -1
1 -1
1 -1
1 -1
1 -1
1 -1
1 -1
1 -1
1 -1
1 -1
1 -1
1 -1
1 -1
1 -1
1 -1
1 -1
1 -1
1 -1
1 -1
1 -1
1 -1
1 -1
1 -1
1 -1
1 -1
1 -1
1 -1
1 -1
1 -1
1 -1
1 -1
1 -1
1 -1
1 -1
1 -1
1 -1
1 -1
1 -1
1 -1
1 -1
1 -1
1 -1
1 -1
1 -1
1 -1
1 -1
1 -1
1 -1
1 -1
1 -1
1 -1
1 -1
1 -1
1 -1
1 -1
1 -1
1 -1
1 -1
1 -1
1 -1
1 -1
1 -1
1 -1
1 -1
1 -1
1 -1
1 -1
1 -1
1 -1
1 -1
1 -1
1 -1
1 -1
1 -1
1 -1
1 -1
1 -1
1 -1
1 -1
1 -1
1 -1
1 -1
1 -1
1 -1
1 -1
1 -1
1 -1
1 -1
1 -1
1 -1
1 -1
1 -1
1 -1
1 -1
1 -1
1 -1
1 -1
1 -1
1 -1
1 -1
1 -1
1 -1
1 -1
1 -1
1 -1
1 -1
1 -1
1 -1
1 -1
1 -1
1 -1
1 -1
1 -1
1 -1
1 -1
1 -1
1 -1
1 -1
1 -1
1 -1
1 -1
1 -1
1 -1
1 -1
1 -1
1 -1
1 -1
1 -1
1 -1
1 -1
1 -1
1 -1
1 -1
1 -1
1 -1
1 -1
1 -1
1 -1
1 -1
1 -1
1 -1
1 -1
1 -1
1 -1
1 -1
1 -1
1 -1
1 -1
1 -1
1 -1
1 -1
1 -1
1 -1
1 -1
1 -1
1 -1
1 -1
1 -1
1 -1
1 -1
1 -1
1 -1
1 -1
1 -1
1 -1
1 -1
1 -1
1 -1
1 -1
1 -1
1 -1
1 -1
1 -1
1 -1
1 -1
1 -1
1 -1
1 -1
1 -1
1 -1
1 -1
1 -1
1 -1
1 -1
1 -1
1 -1
1 -1
1 -1
1 -1
1 -1
1 -1
1 -1
1 -1
1 -1
1 -1
1 -1
1 -1
1 -1
1 -1
1 -1
1 -1
1 -1
1 -1
1 -1
1 -1
1 -1
1 -1
1 -1
1 -1
1 -1
1 -1
1 -1
1 -1
1 -1
1 -1
1 -1
1 -1
1 -1
1 -1
1 -1
1 -1
1 -1
1 -1
1 -1
1 -1
1 -1
1 -1
1 -1
1 -1
1 -1
1 -1
1 -1
1 -1
1 -1
1 -1
1 -1
1 -1
1 -1
1 -1
1 -1
1 -1
1 -1
1 -1
1 -1
1 -1
1 -1
1 -1
1 -1
1 -1
1 -1
1 -1
1 -1
1 -1
1 -1
1 -1
1 -1
1 -1
1 -1
1 -1
1 -1
1 -1
1 -1
1 -1
1 -1
1 -1
1 -1
1 -1
1 -1
1 -1
1 -1
1 -1
1 -1
1 -1
1 -1
1 -1
1 -1
1 -1
1 -1
1 -1
1 -1
1 -1
1 -1
1 -1
1 -1
1 -1
1 -1
1 -1
1 -1
1 -1
1 -1
1 -1
1 -1
1 -1
1 -1
1 -1
1 -1
1 -1
1 -1
1 -1
1 -1
1 -1
1 -1
1 -1
1 -1
1 -1
1 -1
1 -1
1 -1
1 -1
1 -1
1 -1
1 -1
1 -1
1 -1
1 -1
1 -1
1 -1
1 -1
1 -1
1 -1
1 -1
1 -1
1 -1
1 -1
1 -1
1 -1
1 -1
1 -1
1 -1
1 -1
1 -1
1 -1
1 -1
1 -1
1 -1
1 -1
1 -1
1 -1
1 -1
1 -1
1 -1
1 -1
1 -1
1 -1
1 -1
1 -1
1 -1
1 -1
1 -1
1 -1
1 -1
1 -1
1 -1
1 -1
1 -1
1 -1
1 -1
1 -1
1 -1
1 -1
1 -1
1 -1
1 -1
1 -1
1 -1
1 -1
1 -1
1 -1
1 -1
1 -1
1 -1
1 -1
1 -1
1 -1
1 -1
1 -1
1 -1
1 -1
1 -1
1 -1
1 -1
1 -1
1 -1
1 -1
1 -1
1 -1
1 -1
1 -1
1 -1
1 -1
1 -1
1 -1
1 -1
1 -1
1 -1
1 -1
1 -1
1 -1
1 -1
1 -1
1 -1
1 -1
1 -1
1 -1
1 -1
1 -1
1 -1
1 -1
1 -1
1 -1
1 -1
1 -1
1 -1
1 -1
1 -1
1 -1
1 -1
1 -1
1 -1
1 -1
1 -1
1 -1
1 -1
1 -1
1 -1
1 -1
1 -1
1 -1
1 -1
1 -1
1 -1
1 -1
1 -1
1 -1
1 -1
1 -1
1 -1
1 -1
1 -1
1 -1
1 -1
1 -1
1 -1
1 -1
1 -1
1 -1
1 -1
1 -1
1 -1
1 -1
1 -1
1 -1
1 -1
1 -1
1 -1
1 -1
1 -1
1 -1
1 -1
1 -1
1 -1
1 -1
1 -1
1 -1
1 -1
1 -1
1 -1
1 -1
1 -1
1 -1
1 -1
1 -1
1 -1
1 -1
1 -1
1 -1
1 -1
1 -1
1 -1
1 -1
1 -1
1 -1
1 -1
1 -1
1 -1
1 -1
1 -1
1 -1
1 -1
1 -1
1 -1
1 -1
1 -1
1 -1
1 -1
1 -1
1 -1
1 -1
1 -1
1 -1
1 -1
1 -1
1 -1
1 -1
1 -1
1 -1
1 -1
1 -1
1 -1
1 -1
1 -1
1 -1
1 -1
1 -1
1 -1
1 -1
1 -1
1 -1
1 -1
1 -1
1 -1
1 -1
1 -1
1 -1
1 -1
1 -1
1 -1
1 -1
1 -1
1 -1
1 -1
1 -1
1 -1
1 -1
1 -1
1 -1
1 -1
1 -1
1 -1
1 -1
1 -1
1 -1
1 -1
1 -1
1 -1
1 -1
1 -1
1 -1
1 -1
1 -1
1 -1
1 -1
1 -1
1 -1
1 -1
1 -1
1 -1
1 -1
1 -1
1 -1
1 -1
1 -1
1 -1
1 -1
1 -1
1 -1
1 -1
1 -1
1 -1
1 -1
1 -1
1 -1
1 -1
1 -1
1 -1
1 -1
1 -1
1 -1
1 -1
1 -1
1 -1
1 -1
1 -1
1 -1
1 -1
1 -1
1 -1
1 -1
1 -1
1 -1
1 -1
1 -1
1 -1
1 -1
1 -1
1 -1
1 -1
1 -1
1 -1
1 -1
1 -1
1 -1
1 -1
1 -1
1 -1
1 -1
1 -1
1 -1
1 -1
1 -1
1 -1
1 -1
1 -1
1 -1
1 -1
1 -1
1 -1
1 -1
1 -1
1 -1
1 -1
1 -1
1 -1
1 -1
1 -1
1 -1
1 -1
1 -1
1 -1
1 -1
1 -1
1 -1
1 -1
1 -1
1 -1
1 -1
1 -1
1 -1
1 -1
1 -1
1 -1
1 -1
1 -1
1 -1
1 -1
1 -1
1 -1
1 -1
1 -1
1 -1
1 -1
1 -1
1 -1
1 -1
1 -1
1 -1
1 -1
1 -1
1 -1
1 -1
1 -1
1 -1
1 -1
1 -1
1 -1
1 -1
1 -1
1 -1
1 -1
1 -1
1 -1
1 -1
1 -1
1 -1
1 -1
1 -1
1 -1
1 -1
1 -1
1 -1
1 -1
1 -1
1 -1
1 -1
1 -1
1 -1
1 -1
