0 -7
-1 -10
-1 -10
-1 -10
1 -15
2 -15
-1 -19
-3 -21
-5 -24
-3 -19
-5 -27
-3 -29
-9 -32
-7 -34
-8 -35
-16 -34
-16 -34
-20 -38
-20 -38
-20 -38
-20 -38
-20 -38
-20 -38
-20 -38
-20 -38
-20 -38
-20 -38
-20 -38
-20 -38
-20 -38
-20 -38
-20 -38
-20 -38
-20 -38
-20 -38
-20 -38
-20 -38
-20 -38
-20 -38
-20 -38
-20 -38
-20 -38
-20 -38
-20 -38
-20 -38
-23 -41
-23 -41
-31 -46
-31 -46
-31 -46
-31 -46
-31 -46
-31 -46
-31 -46
-31 -46
-31 -46
-31 -46
-31 -46
-31 -46
-31 -46
-31 -46
-31 -46
-31 -46
-31 -46
-31 -46
-31 -46
-31 -46
-31 -46
-31 -46
-31 -46
-31 -46
-31 -46
-31 -46
-31 -46
-31 -46
-31 -46
-31 -46
-28 -41
-28 -41
-28 -41
-28 -41
-28 -41
-28 -41
-28 -41
-28 -41
-28 -41
-28 -41
-28 -41
-28 -41
-28 -41
-28 -41
-28 -41
-28 -41
-28 -41
-28 -41
-28 -41
-28 -41
-28 -41
-28 -41
-28 -41
-28 -41
-28 -41
-28 -41
-28 -41
-28 -41
-28 -41
-28 -41
-28 -41
-28 -41
-28 -41
-28 -41
-28 -41
-28 -41
-28 -41
-28 -41
-28 -41
-28 -41
-28 -41
-28 -41
-28 -41
-28 -41
-28 -41
-28 -41
-28 -41
-28 -41
-28 -41
-28 -41
-28 -41
-28 -41
-28 -41
-28 -41
-23 -38
-23 -38
-23 -38
-23 -38
-23 -38
-23 -38
-23 -38
-23 -38
-23 -38
-23 -38
-23 -38
-23 -38
-23 -38
-23 -38
-23 -38
-23 -38
-23 -38
-23 -38
-23 -38
-23 -38
-23 -38
-23 -38
-23 -38
-23 -38
-23 -38
-23 -38
-23 -38
-23 -38
-23 -38
-23 -38
-23 -38
-23 -38
-23 -38
-23 -38
-23 -38
-23 -38
-23 -38
-23 -38
-23 -38
-23 -38
-23 -38
-23 -38
-23 -38
-33 -36
-33 -36
-47 -27
-47 -27
-47 -27
-47 -27
-47 -27
-47 -27
-47 -27
-47 -27
-53 -31
-53 -31
-53 -31
-53 -31
-53 -31
-53 -31
-53 -31
-53 -31
-53 -31
-53 -31
-53 -31
-53 -31
-53 -31
-53 -31
-53 -31
-53 -31
-53 -31
-53 -31
-53 -31
-53 -31
-53 -31
-53 -31
-53 -31
-53 -31
-53 -31
-53 -31
-53 -31
-53 -31
-53 -31
-53 -31
-53 -31
-53 -31
-53 -31
-53 -31
-53 -31
-53 -31
-53 -31
-56 -32
-56 -32
-56 -32
-56 -32
-56 -32
-56 -32
-56 -32
-56 -32
-56 -32
-56 -32
-56 -32
-56 -32
-56 -32
-56 -32
-56 -32
-56 -32
-56 -32
-49 -29
-49 -29
-49 -29
-49 -29
-49 -29
-49 -29
-49 -29
-49 -29
-49 -29
-49 -29
-49 -29
-49 -29
-49 -29
-49 -29
-49 -29
-49 -29
-49 -29
-49 -29
-49 -29
-49 -29
-49 -29
-49 -29
-49 -29
-49 -29
-49 -29
-49 -29
-49 -29
-49 -29
-49 -29
-49 -29
-49 -29
-49 -29
-49 -29
-49 -29
-49 -29
-49 -29
-49 -29
-49 -29
-49 -29
-49 -29
-49 -29
-49 -29
-49 -29
-49 -29
-49 -29
-49 -29
-49 -29
-49 -29
-49 -29
-49 -29
-49 -29
-49 -29
-49 -29
-49 -29
-49 -29
-49 -29
-49 -29
-49 -29
-49 -29
-49 -29
-49 -29
-49 -29
-49 -29
-49 -29
-49 -29
-49 -29
-49 -29
-49 -29
-49 -29
-49 -29
-49 -29
-49 -29
-49 -29
-49 -29
-49 -29
-49 -29
-49 -29
-49 -29
-49 -29
-49 -29
-64 -26
-64 -26
-64 -19
-64 -19
-64 -19
-64 -19
-64 -19
-64 -19
-64 -19
-64 -19
-64 -19
-64 -19
-64 -19
-64 -19
-64 -19
-64 -19
-64 -19
-64 -19
-64 -19
-64 -19
-64 -19
-64 -19
-64 -19
-64 -19
-64 -19
-64 -19
-66 -17
-66 -17
-66 -17
-66 -17
-66 -17
-66 -17
-66 -17
-66 -17
-66 -17
-66 -17
-66 -17
-66 -17
-66 -17
-66 -17
-66 -15
-66 -15
-66 -15
-66 -15
-66 -15
-66 -15
-66 -15
-66 -15
-66 -15
-66 -15
-66 -15
-66 -15
-66 -15
-66 -15
-66 -15
-66 -15
-66 -15
-66 -15
-66 -15
-66 -15
-66 -15
-66 -15
-66 -15
-66 -15
-66 -15
-66 -15
-66 -15
-66 -15
-66 -15
-66 -15
-66 -15
-66 -15
-66 -15
-66 -15
-66 -15
-66 -15
-66 -15
-66 -15
-66 -15
-66 -15
-66 -15
-66 -15
-66 -15
-66 -15
-66 -15
-66 -15
-66 -15
-70 -21
-70 -21
-70 -21
-70 -21
-70 -21
-70 -21
-70 -21
-70 -21
-70 -21
-70 -21
-70 -21
-70 -21
-70 -21
-70 -21
-70 -21
-70 -21
-70 -21
-70 -21
-70 -21
-70 -21
-70 -21
-70 -21
-70 -21
-70 -21
-70 -21
-70 -21
-70 -21
-70 -21
-70 -21
-70 -21
-70 -21
-70 -21
-70 -21
-70 -21
-70 -21
-70 -21
-70 -21
-68 -16
-74 -17
-74 -17
-74 -17
-74 -17
-74 -17
-74 -17
-74 -17
-74 -17
-74 -17
-74 -17
-74 -17
-74 -17
-74 -17
-74 -17
-74 -17
-74 -17
-74 -17
-74 -17
-74 -17
-74 -17
-74 -17
-74 -17
-74 -17
-74 -17
-74 -17
-74 -17
-74 -17
-74 -17
-74 -17
-74 -17
-74 -17
-74 -17
-74 -17
-74 -17
-74 -17
-74 -17
-74 -17
-74 -17
-74 -17
-74 -17
-74 -17
-74 -17
-74 -17
-74 -17
-74 -17
-74 -17
-74 -17
-74 -17
-74 -17
-74 -17
-74 -17
-74 -17
-74 -17
-74 -17
-74 -17
-74 -17
-74 -17
-74 -17
-74 -17
-74 -17
-74 -17
-78 -11
-78 -11
-78 -11
-78 -11
-78 -11
-78 -11
-78 -11
-78 -11
-78 -11
-78 -11
-78 -11
-78 -11
-78 -11
-78 -11
-78 -11
-78 -11
-78 -11
-75 -10
-75 -10
-75 -10
-75 -10
-75 -10
-75 -10
-75 -10
-75 -10
-75 -10
-75 -10
-75 -10
-75 -10
-75 -10
-75 -10
-75 -10
-75 -10
-75 -10
-75 -10
-75 -10
-75 -10
-75 -10
-75 -10
-75 -10
-75 -10
-75 -10
-75 -10
-75 -10
-75 -10
-75 -10
-75 -10
-75 -10
-75 -10
-75 -10
-75 -10
-75 -10
-75 -10
-75 -10
-75 -10
-84 -8
-80 0
-80 0
-80 0
-80 0
-80 0
-80 0
-80 0
-80 0
-80 0
-80 0
-80 0
-80 0
-80 0
-80 0
-80 0
-80 0
-80 0
-80 0
-80 0
-80 0
-80 0
-80 0
-80 0
-80 0
-80 0
-80 0
-80 0
-80 0
-80 0
-80 0
-80 0
-80 0
-80 0
-80 0
-80 0
-80 0
-80 0
-80 0
-80 0
-80 0
-80 0
-80 0
-80 0
-80 0
-80 0
-80 0
-80 0
-80 0
-80 0
-80 0
-80 0
-80 0
-80 0
-80 0
-80 0
-80 0
-74 -1
-74 -1
-74 -1
-74 -1
-74 -1
-74 -1
-74 -1
-74 -1
-74 -1
-74 -1
-74 -1
-74 -1
-74 -1
-74 -1
-74 -1
-74 -1
-74 -1
-74 -1
-74 -1
-74 -1
-74 -1
-74 -3
-70 -3
-70 -3
-70 -3
-70 -3
-70 -3
-70 -3
-70 -3
-70 -3
-70 -3
-70 -3
-70 -3
-70 -3
-70 -3
-70 -3
-70 -3
-70 -3
-70 -3
-70 -3
-69 -5
-69 -5
-69 -5
-69 -5
-69 -5
-69 -5
-69 -5
-69 -5
-69 -5
-69 -5
-69 -5
-69 -5
-69 -5
-69 -5
-69 -5
-69 -5
-69 -5
-69 -5
-69 -5
-69 -5
-69 -5
-69 -5
-69 -5
-69 -5
-69 -5
-69 -5
-69 -5
-69 -5
-69 -5
-69 -5
-69 -5
-69 -5
-69 -5
-69 -5
-69 -5
-69 -5
-69 -5
-69 -5
-69 -5
-69 -5
-69 -5
-69 -5
-69 -5
-68 2
-68 2
-68 2
-68 2
-68 2
-68 2
-68 2
-68 2
-68 2
-68 2
-68 2
-68 2
-68 2
-68 2
-68 2
-68 2
-68 2
-68 2
-68 2
-68 2
-68 2
-68 2
-68 2
-68 2
-68 2
-68 2
-68 2
-68 2
-68 2
-68 2
-68 2
-68 2
-68 2
-78 0
-78 0
-78 0
-78 0
-78 0
-78 0
-78 0
-78 0
-78 0
-78 0
-78 0
-78 0
-78 0
-78 0
-78 0
-78 0
-78 0
-78 0
-78 0
-64 -1
-64 -1
-64 -1
-64 -1
-64 -1
-64 -1
-64 -1
-64 -1
-64 -1
-64 -1
-64 -1
-64 -1
-64 -1
-64 -1
-64 -1
-64 -1
-64 -1
-64 -1
-64 -1
-64 -1
-64 -1
-64 -1
-64 -1
-64 -1
-64 -1
-64 -1
-64 -1
-64 -1
-64 -1
-64 -1
-64 -1
-64 -1
-64 -1
-64 -1
-64 -1
-64 -1
-64 -1
-64 -1
-64 -1
-64 -1
-64 -1
-64 -1
-64 -1
-64 -1
-64 -1
-67 7
-67 7
-75 3
-75 3
-75 3
-75 3
-75 3
-75 3
-75 3
-75 3
-75 3
-75 3
-75 3
-75 3
-75 3
-75 3
-75 3
-75 3
-75 3
-75 3
-75 3
-75 3
-75 3
-75 3
-75 3
-75 3
-75 3
-75 3
-75 3
-75 3
-75 3
-75 3
-75 3
-75 3
-75 3
-75 3
-75 3
-75 3
-75 3
-71 2
-71 2
-71 2
-71 2
-71 2
-71 2
-71 2
-71 2
-71 2
-71 2
-71 2
-71 2
-71 2
-71 2
-71 2
-66 7
-66 7
-66 7
-66 7
-66 7
-66 7
-66 7
-66 7
-66 7
-66 7
-66 7
-66 7
-66 7
-66 7
-66 7
-66 7
-66 7
-66 7
-66 7
-66 7
-66 7
-66 7
-66 7
-66 7
-66 7
-66 7
-66 7
-66 7
-66 7
-66 7
-66 7
-66 7
-66 7
-66 7
-66 7
-69 3
-69 3
-69 3
-69 3
-69 3
-69 3
-69 3
-69 3
-69 3
-69 3
-69 3
-69 3
-69 3
-69 3
-69 3
-69 3
-69 3
-69 3
-69 3
-69 3
-68 2
-68 2
-68 2
-68 2
-68 2
-68 2
-68 2
-68 2
-68 2
-68 2
-68 2
-68 2
-68 2
-68 2
-68 2
-68 2
-68 2
-68 2
-68 2
-68 2
-68 2
-68 2
-68 2
-68 2
-68 2
-68 2
-68 2
-68 2
-68 2
-68 2
-68 2
-68 2
-68 2
-68 2
-68 2
-68 2
-68 2
-68 2
-68 2
-68 2
-68 2
-68 2
-68 2
-68 2
-68 2
-68 2
-68 2
-68 2
-68 2
-68 2
-68 2
-68 2
-68 2
-68 2
-68 2
-68 2
-68 2
-68 2
-68 2
-68 2
-68 2
-68 2
-68 2
-68 2
-68 2
-73 1
-78 -1
-78 -1
-78 -1
-78 -1
-78 -1
-78 -1
-78 -1
-78 -1
-78 -1
-78 -1
-78 -1
-78 -1
-78 -1
-78 -1
-71 3
-71 3
-71 3
-71 3
-71 3
-71 3
-71 3
-71 3
-71 3
-71 3
-71 3
-71 3
-71 3
-71 3
-71 3
-71 3
-71 3
-71 3
-71 3
-71 3
-71 3
-69 6
-69 6
-69 6
-69 6
-69 6
-69 6
-69 6
-69 6
-69 6
-69 6
-69 6
-69 6
-69 6
-69 6
-69 6
-69 6
-69 6
-69 6
-69 6
-69 6
-69 6
-69 6
-69 6
-69 6
-69 6
-69 6
-69 6
-69 6
-69 6
-69 6
-69 6
-69 6
-69 6
-69 6
-69 6
-69 6
-69 6
-69 6
-69 6
-69 6
-69 6
-69 6
-69 6
-69 6
-69 6
-69 6
-69 6
-70 4
-70 4
-70 4
-70 4
-70 4
-70 4
-70 4
-70 4
-70 4
-70 4
-70 4
-70 4
-70 4
-70 4
-70 4
-70 4
-70 4
-70 4
-70 4
-70 4
-70 4
-70 4
-70 4
-70 4
-70 4
-70 4
-70 4
-70 4
-70 4
-70 4
-70 4
-70 4
-70 4
-70 4
-70 4
-70 4
-70 4
-70 4
-70 4
-70 4
-62 4
-62 4
-62 4
-62 4
-62 4
-62 4
-62 4
-62 4
-62 4
-62 4
-62 4
-62 4
-62 4
-62 4
-62 4
-62 4
-62 4
-62 4
-62 4
-62 4
-62 4
-62 4
-62 4
-62 4
-62 4
-62 4
-62 4
-62 4
-62 4
-62 4
-62 4
-62 4
-62 4
-62 4
-62 4
-62 4
-62 4
-62 4
-62 4
-62 4
-62 4
-62 4
-62 4
-62 4
-62 4
-62 4
-67 15
-67 15
-67 15
-67 15
-67 15
-67 15
-67 15
-67 15
-67 15
-67 15
-67 15
-67 15
-67 15
-67 15
-67 15
-67 15
-67 15
-67 15
-67 15
-67 15
-67 15
-67 15
-67 15
-67 15
-67 15
-67 15
-67 15
-67 15
-67 15
-67 15
-67 15
-67 15
-67 15
-67 15
-67 15
-67 15
-67 15
-67 15
-67 15
-67 15
-67 15
-67 15
-67 15
-67 15
-67 15
-67 15
-67 15
-67 15
-67 15
-67 15
-67 15
-67 15
-67 15
-67 15
-67 15
-66 17
-81 15
-81 15
-81 15
-81 15
-81 15
-81 15
-81 15
-81 15
-81 15
-81 15
-81 15
-81 15
-81 15
-81 15
-81 15
-81 15
-81 15
-81 15
-81 15
-81 15
-81 15
-81 15
-81 15
-81 15
-81 15
-81 15
-81 15
-81 15
-81 15
-81 15
-81 15
-81 15
-81 15
-81 15
-71 24
-71 24
-71 24
-71 24
-71 24
-71 24
-71 24
-71 24
-71 24
-71 24
-71 24
-71 24
-71 24
-71 24
-78 25
-78 25
-78 25
-78 25
-78 25
-78 25
-78 25
-78 25
-78 25
-78 25
-78 25
-78 25
-78 25
-78 25
-78 25
-78 25
-78 25
-76 27
-76 27
-76 27
-76 27
-76 27
-76 27
-76 27
-76 27
-76 27
-76 27
-76 27
-76 27
-76 27
-76 27
-76 27
-90 33
-90 33
-90 33
-90 33
-90 33
-90 33
-90 33
-90 33
-90 33
-90 33
-90 33
-90 33
-90 33
-90 33
-90 33
-90 33
-90 33
-90 33
-90 33
-90 33
-90 33
-90 33
-90 33
-90 33
-90 33
-90 33
-90 33
-90 33
-90 33
-90 33
-90 33
-90 33
-90 33
-90 33
-90 33
-90 33
-90 33
-90 33
-90 33
-90 33
-90 33
-90 33
-90 33
-90 33
-90 33
-90 33
-90 33
-90 33
-90 33
-90 33
-90 33
-90 33
-90 33
-90 33
-90 33
-90 33
-90 33
-90 33
-90 33
-90 33
-90 33
-90 33
-96 47
-96 47
-96 47
-96 47
-96 47
-96 47
-96 47
-96 47
-96 47
-96 47
-96 47
-96 47
-96 47
-96 47
-96 47
-96 47
-96 47
-96 47
-96 47
-96 47
-96 47
-96 47
-96 47
-96 47
-96 47
-96 47
-96 47
-96 47
-96 47
-96 47
-96 47
-96 47
-96 47
-96 47
-96 47
-96 47
-85 40
-85 40
-85 40
-85 40
-85 40
-85 40
-85 40
-85 40
-85 40
-85 40
-85 40
-85 40
-85 40
-85 40
-85 40
-85 40
-85 40
-85 40
-85 40
-85 40
-85 40
-85 40
-85 40
-85 40
-85 40
-85 40
-85 40
-85 40
-85 40
-85 40
-85 40
-85 40
-85 40
-85 40
-85 40
-85 40
-85 40
-85 40
-85 40
-85 40
-85 40
-79 40
-79 40
-79 40
-79 40
-79 40
-79 40
-79 40
-79 40
-79 40
-79 40
-79 40
-79 40
-79 40
-79 40
-79 40
-79 40
-79 40
-79 40
-79 40
-79 40
-79 40
-79 40
-79 40
-79 40
-79 40
-79 40
-79 40
-79 40
-79 40
-79 40
-79 40
-79 40
-79 40
-79 40
-79 40
-79 40
-79 40
-79 40
-79 40
-79 40
-79 40
-79 40
-79 40
-79 40
-79 40
-79 40
-79 40
-79 40
-79 40
-64 41
-75 48
-75 48
-75 48
-75 48
-75 48
-75 48
-75 48
-75 48
-75 48
-75 48
-75 48
-75 48
-75 48
-75 48
-75 48
-75 48
-75 48
-75 48
-75 48
-75 48
-75 48
-75 48
-75 48
-75 48
-75 48
-75 48
-75 48
-75 48
-75 48
-75 48
-75 48
-75 48
-75 48
-75 48
-75 48
-75 48
-75 48
-75 48
-69 58
-69 58
-69 58
-69 58
-69 58
-69 58
-69 58
-69 58
-69 58
-69 58
-69 58
-69 58
-69 58
-69 58
-69 58
-69 58
-69 58
-69 58
-50 51
-50 51
-50 51
-50 51
-50 51
-50 51
-50 51
-50 51
-50 51
-50 51
-50 51
-50 51
-50 51
-50 51
-50 51
-50 51
-50 51
-50 51
-50 51
-50 51
-50 51
-50 51
-50 51
-49 54
-49 54
-49 54
-49 54
-49 54
-49 54
-49 54
-49 54
-49 54
-49 54
-49 54
-49 54
-49 54
-49 54
-49 54
-49 54
-49 54
-49 54
-49 54
-49 54
-49 54
-49 54
-49 54
-49 54
-49 54
-49 54
-49 54
-49 54
-49 54
-49 54
-49 54
-49 54
-49 54
-49 54
-49 54
-49 54
-49 54
-49 54
-49 54
-49 54
-57 70
-57 70
-57 70
-57 70
-57 70
-57 70
-57 70
-57 70
-57 70
-57 70
-57 70
-57 70
-57 70
-57 70
-57 70
-57 70
-57 70
-57 70
-46 68
-46 68
-46 68
-46 68
-46 68
-46 68
-46 68
-46 68
-46 68
-46 68
-46 68
-46 68
-46 68
-46 68
-46 68
-46 68
-46 68
-46 68
-46 68
-46 68
-46 68
-35 67
-35 67
-35 67
-35 67
-35 67
-35 67
-35 67
-35 67
-35 67
-35 67
-35 67
-35 67
-35 67
-35 67
-35 67
-35 67
-35 67
-35 67
-35 67
-35 67
-35 67
-35 67
-35 67
-35 67
-35 67
-35 67
-35 67
-35 67
-35 67
-35 67
-35 67
-35 67
-35 67
-35 67
-35 67
-35 67
-35 67
-35 67
-35 67
-35 67
-35 67
-31 73
-31 73
-31 73
-31 73
-31 73
-31 73
-31 73
-31 73
-31 73
-31 73
-31 73
-31 73
-31 73
-31 73
-31 73
-31 73
-31 73
-31 73
-31 73
-31 73
-31 73
-31 73
-31 73
-31 73
-31 73
-31 73
-31 73
-39 81
-39 81
-39 81
-39 81
-39 81
-39 81
-39 81
-39 81
-39 81
-39 81
-39 81
-39 81
-39 81
-39 81
-39 81
-39 81
-39 81
-39 81
-39 81
-39 81
-39 81
-39 81
-39 81
-39 81
-39 81
-39 81
-39 81
-39 81
-39 81
-39 81
-39 81
-36 73
-32 79
-32 79
-32 79
-32 79
-32 79
-32 79
-32 79
-32 79
-32 79
-28 77
-28 77
-28 77
-28 77
-28 77
-28 77
-28 77
-28 77
-28 77
-28 77
-28 77
-28 77
-28 77
-28 77
-28 77
-28 77
-28 77
-28 77
-28 77
-28 77
-28 77
-28 77
-28 77
-28 77
-28 77
-28 77
-28 77
-28 77
-24 72
-24 72
-24 72
-24 72
-24 72
-24 72
-24 72
-24 72
-24 72
-24 72
-24 72
-24 72
-24 72
-24 72
-24 72
-24 72
-24 72
-24 72
-24 72
-24 72
-24 72
-24 72
-24 72
-24 72
-24 72
-24 72
-24 72
-24 72
-24 72
-24 72
-24 72
-24 72
-24 72
-24 72
-24 72
-22 76
-22 76
-22 76
-22 76
-22 76
-22 76
-22 76
-22 76
-22 76
-22 76
-22 76
-22 76
-22 76
-22 76
-22 76
-22 76
-22 76
-22 76
-20 73
-20 73
-20 73
-20 73
-20 73
-20 73
-20 73
-20 73
-20 73
-20 73
-20 73
-20 73
-20 73
-20 73
-20 73
-20 73
-20 73
-20 73
-20 73
-20 73
-20 73
-20 73
-20 73
-20 73
-20 73
-20 73
-20 73
-20 73
-20 73
-20 73
-20 73
-20 73
-20 73
-20 73
-20 73
-20 73
-9 70
-9 70
-9 70
-9 70
-9 70
-9 70
-9 70
-9 70
-9 70
-9 70
-9 70
-9 70
-9 70
-9 70
-9 70
-9 70
-9 70
-9 70
-9 70
-9 70
-9 70
-9 70
-9 70
-9 70
-9 70
-9 70
-9 70
-9 70
-9 70
-9 70
-9 70
-9 70
-9 70
-9 70
-9 70
-9 70
-9 70
-9 70
-9 70
-9 70
-9 70
-9 70
-9 70
-6 65
-5 67
-5 67
-5 67
-5 67
-5 67
-5 67
-5 67
-5 67
-5 67
-5 67
-5 67
-5 67
-5 67
-5 67
-5 67
-5 67
-5 67
-5 67
-5 67
-5 67
-5 67
-5 67
-5 67
-5 67
-5 67
-5 67
-5 67
-5 67
-5 67
-5 67
-5 67
-5 67
-5 67
-5 68
-5 68
-5 68
-5 68
-5 68
-5 68
-5 68
-5 68
-5 68
-5 68
-5 68
-5 68
-5 68
-5 68
-5 68
-5 68
-5 68
-5 68
-5 68
-5 68
-5 68
-5 68
-5 68
-5 68
-5 68
1 67
1 57
1 57
1 57
1 57
1 57
1 57
1 57
1 57
1 57
1 57
1 57
1 57
1 57
1 57
1 57
1 57
1 57
1 57
1 57
1 57
1 57
1 57
1 57
1 57
1 57
1 57
1 57
1 57
1 57
1 57
1 57
1 57
1 57
1 57
1 57
1 57
1 57
1 57
1 57
1 57
1 57
1 57
1 57
3 59
6 63
6 63
6 63
6 63
6 63
6 63
6 63
6 63
3 52
3 52
3 52
3 52
3 52
3 52
3 52
3 52
3 52
3 52
3 52
3 52
3 52
3 52
3 52
3 52
3 52
3 52
3 52
3 52
3 52
3 52
3 52
3 52
3 52
3 52
3 52
3 52
3 52
3 52
8 43
8 43
8 43
8 43
8 43
8 43
8 43
8 43
8 43
8 43
8 43
8 43
8 43
8 43
8 43
8 43
8 43
8 43
8 43
8 43
8 43
8 43
8 43
8 43
8 43
8 43
8 43
14 46
14 46
14 46
14 46
14 46
14 46
14 46
14 46
14 46
14 46
14 46
14 46
14 46
14 46
14 46
14 46
15 48
15 48
15 48
15 48
15 48
15 48
15 48
15 48
15 48
15 48
15 48
15 48
15 48
15 48
15 48
15 48
12 46
12 46
12 46
12 46
12 46
12 46
12 46
12 46
12 46
12 46
12 46
12 46
12 46
17 41
17 41
17 41
17 41
17 41
17 41
17 41
17 41
17 41
17 41
17 41
17 41
17 41
17 41
17 41
17 41
17 41
17 41
17 41
17 41
17 41
17 41
17 41
17 41
17 41
17 41
17 41
17 41
17 41
17 41
17 41
15 40
15 40
15 40
15 40
15 40
15 40
15 40
15 40
15 40
15 40
15 40
15 40
15 40
15 40
15 40
15 40
15 40
15 40
15 40
15 40
15 40
15 40
15 40
15 40
15 40
15 40
15 40
15 40
15 40
15 40
21 39
21 39
21 39
21 39
21 39
21 39
21 39
21 39
21 39
21 39
21 39
21 39
21 39
21 39
21 39
21 39
21 39
21 39
21 39
21 39
21 39
21 39
21 39
21 39
21 39
21 39
21 39
21 39
21 39
21 39
35 34
35 34
35 34
35 34
35 34
35 34
35 34
35 34
35 34
35 34
35 34
35 34
35 34
35 34
38 33
38 33
38 33
38 33
38 33
38 33
38 33
38 33
38 33
38 33
38 33
38 33
38 33
38 33
38 33
38 33
38 33
38 33
38 33
38 33
38 33
38 33
38 33
38 33
38 33
38 33
38 33
38 33
38 33
38 33
38 33
38 33
38 33
38 33
38 33
38 33
38 33
38 33
38 33
38 33
38 33
38 33
38 33
38 33
32 31
32 31
32 31
32 31
32 31
32 31
32 31
32 31
32 31
32 31
32 31
32 31
32 31
32 31
32 31
32 31
32 31
32 31
32 31
32 31
32 31
32 31
32 31
32 31
32 31
32 31
32 31
32 31
32 31
32 31
32 31
37 18
46 21
46 21
46 21
46 21
46 21
46 21
46 21
46 21
46 21
46 21
41 21
41 21
41 21
41 21
41 21
41 21
41 21
41 21
41 21
41 21
41 21
41 21
41 21
43 15
43 15
43 15
43 15
43 15
43 15
43 15
43 15
43 15
43 15
43 15
43 15
43 15
43 15
43 15
43 15
43 15
43 15
43 15
43 15
43 15
43 15
43 15
43 15
43 15
43 15
43 15
43 15
43 15
43 15
43 15
43 15
43 15
43 15
43 15
43 15
43 15
43 15
43 15
43 15
43 15
43 15
43 15
43 15
49 15
49 15
49 15
49 15
49 15
49 15
49 15
49 15
49 15
49 15
49 15
49 15
49 15
49 15
49 15
49 15
49 15
49 15
49 15
49 15
49 15
49 15
49 15
49 15
49 15
57 12
57 12
57 12
57 12
57 12
57 12
57 12
57 12
57 12
57 12
57 12
57 12
57 12
57 12
57 12
57 12
57 12
57 12
57 12
57 12
57 12
57 12
57 12
57 18
57 18
57 18
57 18
57 18
57 18
57 18
57 18
57 18
57 18
57 18
57 18
57 18
57 18
57 18
57 18
57 18
57 18
61 21
61 21
61 21
61 21
61 21
61 21
61 21
61 21
61 21
61 21
61 21
61 21
61 21
61 21
61 21
63 17
63 17
63 17
63 17
63 17
63 17
63 17
63 17
63 17
63 17
63 17
63 17
63 17
63 17
63 17
63 17
63 17
63 17
63 17
63 17
63 17
63 17
63 17
63 17
63 17
63 17
63 17
63 17
63 17
63 17
63 17
63 17
63 17
63 17
63 17
65 9
71 18
71 18
71 18
71 18
71 18
71 18
71 18
71 18
71 18
71 18
71 18
71 18
71 18
71 18
71 18
71 18
71 18
71 18
71 18
71 18
71 18
71 18
71 18
71 18
71 18
71 18
71 18
71 18
71 18
71 18
71 18
71 18
71 18
71 18
68 16
68 16
68 16
68 16
68 16
68 16
68 16
68 16
68 16
68 16
68 16
68 16
68 16
68 16
68 16
68 16
75 9
75 9
75 9
75 9
75 9
75 9
75 9
75 9
75 9
75 9
75 9
75 9
75 9
75 9
75 9
75 9
75 9
75 9
75 9
75 9
75 9
75 9
75 9
75 9
75 9
75 9
75 9
75 9
75 9
75 9
75 9
76 6
76 6
76 6
76 6
76 6
76 6
76 6
76 6
76 6
76 6
76 6
76 6
76 6
80 6
80 6
80 6
80 6
80 6
80 6
80 6
80 6
80 6
80 6
80 6
80 6
80 6
80 6
80 6
80 6
80 6
80 6
80 6
80 6
80 6
80 6
80 6
80 6
80 6
80 6
80 6
80 6
80 6
80 6
80 6
80 6
80 6
80 6
80 6
80 6
80 6
80 6
80 6
80 6
80 6
80 6
80 6
80 6
80 6
80 6
80 6
80 6
80 6
80 6
77 5
75 7
75 7
75 7
75 7
75 7
75 7
75 7
75 7
75 7
75 7
75 7
75 7
75 7
75 7
75 7
75 7
75 7
75 7
75 7
75 7
75 7
75 7
75 7
75 7
75 7
78 3
86 3
86 3
86 3
86 3
86 3
86 3
86 3
86 3
86 3
86 3
86 3
86 3
86 3
86 3
86 3
86 3
86 3
86 3
86 3
86 3
86 3
86 3
86 3
86 3
86 3
86 3
83 1
83 1
83 1
83 1
83 1
83 1
83 1
83 1
83 1
83 1
83 1
83 1
83 1
83 1
86 -1
86 -1
86 -1
86 -1
86 -1
86 -1
86 -1
86 -1
86 -1
86 -1
86 -1
86 -1
86 -1
86 -1
86 -1
86 -1
86 -1
86 -1
86 -1
86 -1
86 -1
86 -1
86 -1
86 -1
86 -1
86 -1
86 -1
86 -1
86 -1
86 -1
86 -1
86 -1
86 -1
86 -1
86 -1
86 -1
86 -1
86 -1
86 -1
86 -1
86 -1
86 -1
86 -1
86 -1
86 -1
86 -1
86 -1
86 -1
86 -1
86 -1
86 -1
86 -1
86 -1
86 -1
86 -1
86 -1
86 -1
86 -1
86 -1
86 -1
86 -1
86 -1
86 -1
86 -1
86 -1
86 -1
86 -1
79 1
79 1
79 1
79 1
79 1
79 1
79 1
79 1
79 1
79 1
79 1
79 1
79 1
79 1
79 1
79 1
79 1
79 1
79 1
79 1
79 1
79 1
79 1
79 1
79 1
79 1
79 1
79 1
79 1
79 1
79 1
79 1
79 1
79 1
79 1
79 1
79 1
79 1
79 1
79 1
79 1
79 1
79 1
79 1
79 1
79 1
84 3
84 3
92 0
92 0
92 0
92 0
92 0
92 0
92 0
92 0
92 0
92 0
92 0
92 0
92 0
92 0
85 1
85 1
85 1
85 1
85 1
85 1
85 1
85 1
85 1
85 1
85 1
85 1
85 1
85 1
85 1
85 1
85 1
85 1
88 3
88 3
88 3
88 3
88 3
88 3
88 3
88 3
88 3
88 3
88 3
88 3
88 3
88 3
88 3
88 3
88 3
88 3
88 3
88 3
88 3
88 3
88 3
88 3
88 3
88 3
88 3
88 3
88 3
88 3
88 3
88 3
88 3
88 3
88 3
88 3
88 3
88 3
88 3
88 3
88 3
88 3
88 3
88 3
88 3
88 3
88 3
88 3
88 3
88 3
88 3
88 3
88 3
88 3
88 3
88 3
88 3
88 3
88 3
90 -1
90 -1
90 -1
90 -1
90 -1
90 -1
90 -1
90 -1
90 -1
90 -1
90 -1
90 -1
90 -1
90 -1
90 -1
90 -1
90 -1
90 -1
90 -1
90 -1
90 -1
90 -1
82 -4
86 -10
86 -10
86 -10
86 -10
86 -10
86 -10
86 -10
86 -10
86 -10
86 -10
86 -10
86 -10
86 -10
86 -10
86 -10
86 -10
86 -10
86 -10
86 -10
86 -10
86 -10
86 -10
86 -10
86 -10
86 -10
86 -10
86 -10
86 -10
86 -10
86 -10
86 -10
86 -10
86 -10
86 -10
86 -10
86 -10
86 -10
86 -10
85 -5
85 -5
85 -5
85 -5
85 -5
85 -5
85 -5
85 -5
85 -5
85 -5
85 -5
85 -5
85 -5
85 -5
85 -5
85 -5
87 -13
87 -13
87 -13
87 -13
87 -13
87 -13
87 -13
87 -13
87 -13
87 -13
87 -13
87 -13
87 -13
87 -13
87 -13
87 -13
87 -13
87 -13
87 -13
87 -13
87 -13
87 -13
87 -13
87 -13
87 -13
87 -13
87 -13
87 -13
87 -13
87 -13
87 -13
87 -13
87 -13
87 -13
83 -15
83 -15
83 -15
83 -15
83 -15
83 -15
83 -15
83 -15
83 -15
83 -15
83 -15
83 -15
83 -15
83 -15
83 -15
83 -15
83 -15
83 -15
83 -15
83 -15
83 -15
83 -15
83 -15
83 -15
83 -15
83 -15
83 -15
83 -15
83 -15
83 -15
83 -15
83 -15
83 -15
83 -15
83 -15
83 -15
83 -15
83 -15
85 -17
83 -17
83 -17
83 -17
83 -17
83 -17
83 -17
83 -17
83 -17
83 -17
83 -17
83 -17
83 -17
83 -17
83 -17
83 -17
83 -17
83 -17
83 -17
83 -17
83 -17
83 -17
83 -17
83 -17
83 -17
83 -17
83 -17
83 -17
83 -17
80 -20
80 -20
80 -20
80 -20
80 -20
80 -20
80 -20
80 -20
80 -20
80 -20
80 -20
80 -20
80 -20
80 -20
80 -20
80 -20
80 -20
80 -20
80 -20
80 -20
80 -20
80 -20
80 -20
80 -20
80 -20
80 -20
80 -20
80 -20
80 -20
80 -20
80 -20
80 -20
80 -20
73 -18
72 -20
72 -20
72 -20
72 -20
72 -20
72 -20
72 -20
72 -20
72 -20
72 -20
72 -20
72 -20
72 -20
72 -20
72 -20
72 -20
72 -20
72 -20
72 -20
72 -20
72 -20
72 -20
72 -20
72 -20
72 -20
72 -20
72 -20
80 -25
80 -25
80 -25
80 -25
80 -25
80 -25
80 -25
80 -25
80 -25
80 -25
80 -25
80 -25
80 -25
73 -28
73 -28
73 -28
73 -28
73 -28
73 -28
73 -28
73 -28
73 -28
73 -28
73 -28
73 -28
73 -28
73 -28
73 -28
73 -28
73 -28
73 -28
73 -28
73 -28
73 -28
73 -28
73 -28
73 -28
73 -28
73 -28
73 -28
73 -28
73 -28
73 -28
73 -28
73 -28
73 -28
73 -28
73 -28
73 -28
73 -28
73 -28
73 -28
73 -28
74 -28
70 -31
70 -31
70 -31
64 -37
64 -37
64 -37
64 -37
64 -37
64 -37
64 -37
64 -37
64 -37
64 -37
64 -37
64 -37
64 -37
64 -37
64 -37
64 -37
64 -37
64 -37
64 -37
64 -37
64 -37
64 -37
58 -34
58 -34
58 -34
58 -34
58 -34
58 -34
58 -34
58 -34
49 -44
49 -44
49 -44
49 -44
49 -44
49 -44
49 -44
49 -44
49 -44
49 -44
49 -44
49 -44
49 -44
49 -44
49 -44
49 -44
49 -44
49 -44
49 -44
49 -44
49 -44
49 -44
49 -44
49 -44
49 -44
49 -44
49 -44
49 -44
49 -44
49 -44
49 -44
49 -44
49 -44
49 -44
49 -44
49 -44
49 -44
49 -44
49 -44
49 -44
49 -44
49 -44
49 -44
47 -47
47 -47
47 -47
47 -47
47 -47
47 -47
47 -47
47 -47
47 -47
47 -47
47 -47
47 -47
47 -47
47 -47
47 -47
47 -47
47 -47
47 -47
47 -47
47 -47
47 -47
47 -47
47 -47
43 -59
43 -59
43 -59
43 -59
43 -59
43 -59
43 -59
43 -59
43 -59
43 -59
43 -59
43 -59
43 -59
43 -59
43 -59
39 -57
39 -57
39 -57
39 -57
39 -57
39 -57
39 -57
39 -57
39 -57
39 -57
39 -57
39 -57
39 -57
39 -57
39 -57
39 -57
34 -53
34 -53
34 -53
34 -53
34 -53
34 -53
34 -53
34 -53
34 -53
34 -53
34 -53
34 -53
34 -53
34 -53
34 -53
34 -53
34 -53
34 -53
34 -53
34 -53
34 -53
34 -53
34 -53
34 -53
34 -53
34 -53
34 -53
34 -53
34 -53
34 -53
34 -53
34 -53
34 -53
34 -53
34 -50
34 -50
34 -50
34 -50
34 -50
34 -50
34 -50
34 -50
34 -50
34 -50
34 -50
34 -50
34 -50
34 -50
34 -50
34 -50
34 -50
34 -50
34 -50
34 -50
34 -50
34 -50
34 -50
34 -50
34 -50
34 -50
34 -50
34 -50
34 -50
34 -50
34 -50
34 -50
34 -50
26 -54
29 -63
29 -63
29 -63
29 -63
29 -63
29 -63
29 -63
29 -63
29 -63
29 -63
29 -63
29 -63
29 -63
29 -63
29 -63
29 -63
29 -63
29 -63
29 -63
29 -63
29 -63
29 -63
29 -63
29 -63
29 -63
29 -63
29 -63
21 -60
21 -60
21 -60
21 -60
21 -60
21 -60
21 -60
21 -60
21 -60
21 -60
21 -60
21 -60
21 -60
16 -56
16 -56
16 -56
16 -56
16 -56
16 -56
16 -56
16 -56
16 -56
16 -56
16 -56
16 -56
16 -56
16 -56
19 -52
19 -52
19 -52
19 -52
19 -52
19 -52
19 -52
19 -52
19 -52
19 -52
19 -52
19 -52
19 -52
19 -52
19 -52
19 -52
19 -52
19 -52
19 -52
19 -52
19 -52
19 -52
19 -52
19 -52
19 -52
19 -52
19 -52
19 -52
19 -52
19 -52
19 -52
19 -52
19 -52
19 -52
19 -52
19 -52
19 -52
19 -52
19 -52
19 -52
19 -52
19 -52
19 -52
19 -52
19 -52
19 -52
19 -52
19 -52
19 -52
19 -52
19 -52
19 -52
12 -53
12 -53
12 -53
12 -53
12 -53
12 -53
12 -53
12 -53
12 -53
12 -53
12 -53
12 -53
12 -53
12 -53
12 -53
12 -53
12 -53
12 -53
12 -53
12 -53
12 -53
12 -53
12 -53
12 -53
12 -53
12 -53
12 -53
12 -53
12 -53
6 -55
6 -55
6 -55
6 -55
6 -55
6 -55
6 -55
6 -55
6 -55
6 -55
6 -55
6 -55
6 -55
6 -55
6 -55
6 -55
6 -55
6 -55
6 -55
6 -55
6 -55
6 -55
6 -55
6 -55
6 -55
6 -55
6 -55
10 -51
6 -49
6 -49
6 -49
6 -49
6 -49
6 -49
6 -49
6 -49
6 -49
6 -49
6 -49
6 -49
6 -49
6 -49
6 -49
6 -49
6 -49
6 -49
6 -49
6 -49
6 -49
6 -49
6 -49
6 -49
6 -49
6 -49
6 -49
6 -49
6 -49
6 -49
6 -49
6 -49
6 -49
6 -49
6 -49
6 -49
6 -49
6 -49
6 -49
6 -49
6 -49
6 -49
6 -49
6 -49
6 -49
6 -49
6 -49
6 -49
6 -49
6 -49
6 -49
6 -49
6 -49
6 -49
6 -49
6 -49
6 -49
6 -49
6 -49
6 -49
6 -49
6 -49
6 -49
6 -49
6 -49
6 -49
6 -49
6 -49
6 -49
6 -49
6 -49
6 -49
6 -49
6 -49
6 -49
6 -49
6 -49
6 -49
6 -49
6 -49
6 -49
6 -49
6 -49
6 -49
6 -49
6 -49
6 -49
6 -49
6 -49
6 -49
6 -49
6 -49
6 -49
6 -49
4 -40
1 -43
1 -43
1 -43
1 -43
1 -43
1 -43
1 -43
1 -43
1 -43
1 -43
1 -43
1 -43
1 -43
1 -43
1 -43
1 -43
1 -43
1 -43
1 -43
1 -43
1 -43
1 -43
1 -43
1 -43
1 -43
1 -43
1 -43
1 -43
1 -43
1 -43
1 -43
1 -34
1 -34
1 -34
1 -34
1 -34
1 -34
1 -34
1 -34
1 -34
1 -34
1 -34
1 -34
1 -34
1 -34
1 -34
1 -34
5 -36
5 -36
5 -36
5 -36
5 -36
5 -36
5 -36
5 -36
5 -36
5 -36
5 -36
5 -36
5 -36
5 -36
5 -36
5 -36
5 -36
5 -36
5 -36
5 -36
5 -36
5 -36
5 -36
5 -36
5 -36
5 -36
5 -36
5 -36
5 -36
5 -36
5 -36
5 -36
5 -36
1 -31
1 -31
1 -31
1 -31
1 -31
1 -31
1 -31
1 -31
1 -31
1 -31
1 -31
1 -31
1 -31
1 -31
1 -31
1 -31
1 -31
1 -31
1 -31
1 -31
1 -31
1 -31
1 -31
1 -31
1 -31
1 -31
2 -30
2 -30
2 -30
2 -30
2 -30
2 -30
2 -30
2 -30
2 -30
2 -30
2 -30
2 -30
3 -17
3 -17
3 -17
3 -17
3 -17
3 -17
3 -17
3 -17
3 -17
3 -17
3 -17
3 -17
3 -17
3 -17
3 -17
3 -17
3 -17
3 -17
3 -17
3 -17
3 -17
3 -17
-1 -21
-1 -21
-1 -21
-1 -21
-1 -21
-1 -21
-1 -21
-1 -21
-1 -21
-1 -21
-1 -21
-1 -21
-1 -21
0 -22
0 -22
0 -22
0 -22
0 -22
0 -22
0 -22
0 -22
0 -22
0 -22
0 -22
0 -22
0 -22
0 -22
0 -22
0 -22
0 -22
0 -22
0 -22
0 -22
0 -22
0 -22
0 -22
0 -22
0 -22
0 -17
0 -17
0 -17
0 -17
0 -17
0 -17
0 -17
0 -17
0 -17
0 -17
0 -17
0 -17
0 -17
0 -17
0 -17
0 -17
0 -17
0 -17
0 -17
0 -17
0 -17
0 -17
0 -14
1 -9
1 -9
1 -9
1 -9
1 -9
1 -9
1 -9
1 -9
1 -9
1 -9
1 -9
1 -9
1 -9
1 -9
1 -9
1 -9
1 -9
1 -9
1 -9
1 -9
1 -9
1 -9
1 -9
1 -9
1 -9
1 -9
1 -9
1 -9
0 -4
0 -4
0 -4
0 -4
0 -4
0 -4
0 -4
0 -4
0 -4
0 -4
0 -4
0 -4
0 -4
0 -4
0 -4
0 -4
0 -4
0 -4
0 -4
0 -4
0 -2
0 -2
0 -2
0 -2
0 -2
0 -2
0 -2
0 -2
0 -2
0 -2
0 -2
0 -2
0 -2
0 -2
0 -2
0 -2
0 -2
0 -2
0 -2
0 -2
0 -2
0 -2
0 -2
0 -2
0 -2
0 -2
0 -2
0 -2
0 -2
0 -2
0 -2
0 -2
0 -2
0 -2
0 -2
0 -2
0 -2
0 -2
0 -2
0 -2
0 -2
0 -2
0 -2
0 -2
0 -2
0 -2
0 -2
0 -2
0 -2
0 -2
0 -2
0 -2
0 -2
0 -2
0 -2
0 -2
0 -2
0 -2
0 -2
0 -2
0 -2
0 -2
0 -2
0 -2
0 -2
0 -2
0 -2
0 -2
0 -2
0 -2
0 -2
0 -2
0 -2
0 -2
0 -2
0 -2
0 -2
0 -2
0 -2
0 -2
0 -2
0 -2
0 -2
0 -2
0 -2
0 -2
0 -2
0 -2
0 -2
0 -2
0 -2
0 -2
0 -2
0 -2
0 -2
0 -2
0 -2
0 -2
0 -2
0 -2
0 -2
0 -2
0 -2
0 -2
0 -2
0 -2
0 -2
0 -2
0 -2
0 -2
0 -2
0 -2
0 -2
0 -2
0 -2
0 -2
0 -2
0 -2
0 -2
0 -2
0 -2
0 -2
0 -2
0 -2
0 -2
0 -2
0 -2
0 -2
0 -2
0 -2
0 -2
0 -2
0 -2
0 -2
0 -2
0 -2
0 -2
0 -2
0 -2
0 -2
0 -2
0 -2
0 -2
0 -2
0 -2
0 -2
0 -2
0 -2
0 -2
0 -2
0 -2
0 -2
0 -2
0 -2
0 -2
0 -2
0 -2
0 -2
0 -2
0 -2
0 -2
0 -2
0 -2
0 -2
0 -2
0 -2
0 -2
0 -2
0 -2
0 -2
0 -2
0 -2
0 -2
0 -2
0 -2
0 -2
0 -2
0 -2
0 -2
0 -2
0 -2
0 -2
0 -2
-1 0
-1 0
-1 0
-1 0
-1 0
-1 0
-1 0
-1 0
-1 0
-1 0
-1 0
-1 0
-1 0
-1 0
-1 0
-1 0
-1 0
-1 0
-1 0
-1 0
-1 0
-1 0
-1 0
-1 0
-1 0
-1 0
-1 0
-1 0
-1 0
-1 0
-1 0
-1 0
-1 0
-1 0
-1 0
-1 0
-1 0
-1 0
-1 0
-1 0
-1 0
-1 0
-1 0
-1 0
-1 0
-1 0
-1 0
-1 0
-1 0
-1 0
-1 0
-1 0
-1 0
-1 0
-1 0
-1 0
-1 0
-1 0
-1 0
-1 0
-1 0
-1 0
-1 0
-1 0
-1 0
-1 0
-1 0
-1 0
-1 0
-1 0
-1 0
-1 0
-1 0
-1 0
-1 0
-1 0
-1 0
-1 0
-1 0
-1 0
-1 0
-1 0
-1 0
-1 0
-1 0
-1 0
-1 0
-1 0
-1 0
-1 0
-1 0
-1 0
-1 0
-1 0
-1 0
-1 0
-1 0
-1 0
-1 0
-1 0
-1 0
-1 0
-1 0
-1 0
-1 0
-1 0
-1 0
-1 0
-1 0
-1 0
-1 0
-1 0
-1 0
-1 0
-1 0
-1 0
-1 0
-1 0
-1 0
-1 0
-1 0
-1 0
-1 0
-1 0
-1 0
-1 0
-1 0
-1 0
-1 0
-1 0
-1 0
-1 0
-1 0
-1 0
-1 0
-1 0
-1 0
-1 0
-1 0
-1 0
-1 0
-1 0
-1 0
-1 0
-1 0
-1 0
-1 0
-1 0
-1 0
-1 0
-1 0
-1 0
-1 0
-1 0
-1 0
-1 0
-1 0
-1 0
-1 0
-1 0
-1 0
-1 0
-1 0
-1 0
-1 0
-1 0
-1 0
-1 0
-1 0
-1 0
-1 0
-1 0
-1 0
-1 0
-1 0
-1 0
-1 0
-1 0
-1 0
-1 0
-1 0
-1 0
-1 0
-1 0
-1 0
-1 0
-1 0
-1 0
-1 0
-1 0
-1 0
-1 0
-1 0
-1 0
-1 0
-1 0
-1 0
-1 0
-1 0
-1 0
-1 0
-1 0
-1 0
-1 0
-1 0
-1 0
-1 0
-1 0
-1 0
-1 0
-1 0
-1 0
-1 0
-1 0
-1 0
-1 0
-1 0
-1 0
-1 0
-1 0
-1 0
-1 0
-1 0
-1 0
-1 0
-1 0
-1 0
-1 0
-1 0
-1 0
-1 0
-1 0
-1 0
-1 0
-1 0
-1 0
-1 0
-1 0
-1 0
-1 0
-1 0
-1 0
-1 0
-1 0
-1 0
-1 0
-1 0
-1 0
-1 0
-1 0
-1 0
-1 0
-1 0
-1 0
-1 0
-1 0
-1 0
-1 0
-1 0
-1 0
-1 0
-1 0
-1 0
-1 0
-1 0
-1 0
-1 0
-1 0
-1 0
-1 0
-1 0
-1 0
-1 0
-1 0
-1 0
-1 0
-1 0
-1 0
-1 0
-1 0
-1 0
-1 0
-1 0
-1 0
-1 0
-1 0
-1 0
-1 0
-1 0
-1 0
-1 0
-1 0
-1 0
-1 0
-1 0
-1 0
-1 0
-1 0
-1 0
-1 0
-1 0
-1 0
-1 0
-1 0
-1 0
-1 0
-1 0
-1 0
-1 0
-1 0
-1 0
-1 0
-1 0
-1 0
-1 0
-1 0
-1 0
-1 0
-1 0
-1 0
-1 0
-1 0
-1 0
-1 0
-1 0
-1 0
-1 0
-1 0
-1 0
-1 0
-1 0
-1 0
-1 0
-1 0
-1 0
-1 0
-1 0
-1 0
-1 0
-1 0
-1 0
-1 0
-1 0
-1 0
-1 0
-1 0
-1 0
-1 0
-1 0
-1 0
-1 0
-1 0
-1 0
-1 0
-1 0
-1 0
-1 0
-1 0
-1 0
-1 0
-1 0
-1 0
-1 0
-1 0
-1 0
-1 0
-1 0
-1 0
-1 0
-1 0
-1 0
-1 0
-1 0
-1 0
-1 0
-1 0
-1 0
-1 0
-1 0
-1 0
-1 0
-1 0
-1 0
-1 0
-1 0
-1 0
-1 0
-1 0
-1 0
-1 0
-1 0
-1 0
-1 0
-1 0
-1 0
-1 0
-1 0
-1 0
-1 0
-1 0
-1 0
-1 0
-1 0
-1 0
-1 0
-1 0
-1 0
-1 0
-1 0
-1 0
-1 0
-1 0
-1 0
-1 0
-1 0
-1 0
-1 0
-1 0
-1 0
-1 0
-1 0
-1 0
-1 0
-1 0
-1 0
-1 0
-1 0
-1 0
-1 0
-1 0
-1 0
-1 0
-1 0
-1 0
-1 0
-1 0
-1 0
-1 0
-1 0
-1 0
-1 0
-1 0
-1 0
-1 0
-1 0
-1 0
-1 0
-1 0
-1 0
-1 0
-1 0
-1 0
-1 0
-1 0
-1 0
-1 0
-1 0
-1 0
-1 0
-1 0
-1 0
-1 0
-1 0
-1 0
-1 0
-1 0
-1 0
-1 0
-1 0
-1 0
-1 0
-1 0
-1 0
-1 0
-1 0
-1 0
-1 0
-1 0
-1 0
-1 0
-1 0
-1 0
-1 0
-1 0
-1 0
-1 0
-1 0
-1 0
-1 0
-1 0
-1 0
-1 0
-1 0
-1 0
-1 0
-1 0
-1 0
-1 0
-1 0
-1 0
-1 0
-1 0
-1 0
-1 0
-1 0
-1 0
-1 0
-1 0
-1 0
-1 0
-1 0
-1 0
-1 0
-1 0
-1 0
-1 0
-1 0
-1 0
-1 0
-1 0
-1 0
-1 0
-1 0
-1 0
-1 0
-1 0
-1 0
-1 0
-1 0
-1 0
-1 0
-1 0
-1 0
-1 0
-1 0
-1 0
-1 0
-1 0
-1 0
-1 0
-1 0
-1 0
-1 0
-1 0
-1 0
-1 0
-1 0
-1 0
-1 0
-1 0
-1 0
-1 0
-1 0
-1 0
-1 0
-1 0
-1 0
-1 0
-1 0
-1 0
-1 0
-1 0
-1 0
-1 0
-1 0
-1 0
-1 0
-1 0
-1 0
-1 0
-1 0
-1 0
-1 0
-1 0
-1 0
-1 0
-1 0
-1 0
-1 0
-1 0
-1 0
-1 0
-1 0
-1 0
-1 0
-1 0
-1 0
-1 0
-1 0
-1 0
-1 0
-1 0
-1 0
-1 0
-1 0
-1 0
-1 0
-1 0
-1 0
-1 0
-1 0
-1 0
-1 0
-1 0
-1 0
-1 0
-1 0
-1 0
-1 0
-1 0
-1 0
-1 0
-1 0
-1 0
-1 0
-1 0
-1 0
-1 0
-1 0
-1 0
-1 0
-1 0
-1 0
-1 0
-1 0
-1 0
-1 0
-1 0
-1 0
-1 0
-1 0
-1 0
-1 0
-1 0
-1 0
-1 0
-1 0
-1 0
-1 0
-1 0
-1 0
-1 0
-1 0
-1 0
-1 0
-1 0
-1 0
-1 0
-1 0
-1 0
-1 0
-1 0
-1 0
-1 0
-1 0
-1 0
-1 0
-1 0
-1 0
-1 0
-1 0
-1 0
-1 0
-1 0
-1 0
-1 0
-1 0
-1 0
-1 0
-1 0
-1 0
-1 0
-1 0
-1 0
-1 0
-1 0
-1 0
-1 0
-1 0
-1 0
-1 0
-1 0
-1 0
-1 0
-1 0
-1 0
-1 0
-1 0
-1 0
-1 0
-1 0
-1 0
-1 0
-1 0
-1 0
-1 0
-1 0
-1 0
-1 0
-1 0
-1 0
-1 0
-1 0
-1 0
-1 0
-1 0
-1 0
-1 0
-1 0
-1 0
-1 0
-1 0
-1 0
-1 0
-1 0
-1 0
-1 0
-1 0
-1 0
-1 0
-1 0
-1 0
-1 0
-1 0
-1 0
-1 0
-1 0
-1 0
-1 0
-1 0
-1 0
-1 0
-1 0
-1 0
-1 0
-1 0
-1 0
-1 0
-1 0
-1 0
-1 0
-1 0
-1 0
-1 0
-1 0
-1 0
-1 0
-1 0
-1 0
-1 0
-1 0
-1 0
-1 0
-1 0
-1 0
-1 0
-1 0
-1 0
-1 0
-1 0
-1 0
-1 0
-1 0
-1 0
-1 0
-1 0
-1 0
-1 0
-1 0
-1 0
-1 0
-1 0
-1 0
-1 0
-1 0
-1 0
-1 0
-1 0
-1 0
-1 0
-1 0
-1 0
-1 0
-1 0
-1 0
-1 0
-1 0
-1 0
-1 0
-1 0
-1 0
-1 0
-1 0
-1 0
-1 0
-1 0
-1 0
-1 0
-1 0
-1 0
-1 0
-1 0
-1 0
-1 0
-1 0
-1 0
-1 0
-1 0
-1 0
-1 0
-1 0
-1 0
-1 0
-1 0
-1 0
-1 0
-1 0
-1 0
-1 0
-1 0
-1 0
-1 0
-1 0
-1 0
-1 0
-1 0
-1 0
-1 0
-1 0
-1 0
-1 0
-1 0
-1 0
-1 0
-1 0
-1 0
-1 0
-1 0
-1 0
-1 0
-1 0
-1 0
-1 0
-1 0
-1 0
-1 0
-1 0
-1 0
-1 0
-1 0
-1 0
-1 0
-1 0
-1 0
-1 0
-1 0
-1 0
-1 0
-1 0
-1 0
-1 0
-1 0
-1 0
-1 0
-1 0
-1 0
-1 0
-1 0
-1 0
-1 0
-1 0
-1 0
-1 0
-1 0
-1 0
-1 0
-1 0
-1 0
-1 0
-1 0
-1 0
-1 0
-1 0
-1 0
-1 0
-1 0
-1 0
-1 0
-1 0
-1 0
-1 0
-1 0
-1 0
-1 0
-1 0
-1 0
-1 0
-1 0
-1 0
-1 0
-1 0
-1 0
-1 0
-1 0
-1 0
-1 0
-1 0
-1 0
-1 0
-1 0
-1 0
-1 0
-1 0
-1 0
-1 0
-1 0
-1 0
-1 0
-1 0
-1 0
-1 0
-1 0
-1 0
-1 0
-1 0
-1 0
-1 0
-1 0
-1 0
-1 0
-1 0
-1 0
-1 0
-1 0
-1 0
-1 0
-1 0
-1 0
-1 0
-1 0
-1 0
-1 0
-1 0
-1 0
-1 0
-1 0
-1 0
-1 0
-1 0
-1 0
-1 0
-1 0
-1 0
-1 0
-1 0
-1 0
-1 0
-1 0
-1 0
-1 0
-1 0
-1 0
-1 0
-1 0
-1 0
-1 0
-1 0
-1 0
-1 0
-1 0
-1 0
-1 0
-1 0
-1 0
-1 0
-1 0
-1 0
-1 0
-1 0
-1 0
-1 0
-1 0
-1 0
-1 0
-1 0
-1 0
-1 0
-1 0
-1 0
-1 0
-1 0
-1 0
-1 0
-1 0
-1 0
-1 0
-1 0
-1 0
-1 0
-1 0
-1 0
-1 0
-1 0
-1 0
-1 0
-1 0
-1 0
-1 0
-1 0
-1 0
-1 0
-1 0
-1 0
-1 0
-1 0
-1 0
-1 0
-1 0
-1 0
-1 0
-1 0
-1 0
-1 0
-1 0
-1 0
-1 0
-1 0
-1 0
-1 0
-1 0
-1 0
-1 0
-1 0
-1 0
-1 0
-1 0
-1 0
-1 0
-1 0
-1 0
-1 0
-1 0
-1 0
-1 0
-1 0
-1 0
-1 0
-1 0
-1 0
-1 0
-1 0
-1 0
-1 0
-1 0
-1 0
-1 0
-1 0
-1 0
-1 0
-1 0
-1 0
-1 0
-1 0
-1 0
-1 0
-1 0
-1 0
-1 0
-1 0
-1 0
-1 0
-1 0
-1 0
-1 0
-1 0
-1 0
-1 0
-1 0
-1 0
-1 0
-1 0
-1 0
-1 0
-1 0
-1 0
-1 0
-1 0
-1 0
-1 0
-1 0
-1 0
-1 0
-1 0
-1 0
-1 0
-1 0
-1 0
-1 0
-1 0
-1 0
-1 0
-1 0
-1 0
-1 0
-1 0
-1 0
-1 0
-1 0
-1 0
-1 0
-1 0
-1 0
-1 0
-1 0
-1 0
-1 0
-1 0
-1 0
-1 0
-1 0
-1 0
-1 0
-1 0
-1 0
-1 0
-1 0
-1 0
-1 0
-1 0
-1 0
-1 0
-1 0
-1 0
-1 0
-1 0
-1 0
-1 0
-1 0
-1 0
-1 0
-1 0
-1 0
-1 0
-1 0
-1 0
-1 0
-1 0
-1 0
-1 0
-1 0
-1 0
-1 0
-1 0
-1 0
-1 0
-1 0
-1 0
-1 0
-1 0
-1 0
-1 0
-1 0
-1 0
-1 0
-1 0
-1 0
-1 0
-1 0
-1 0
-1 0
-1 0
-1 0
-1 0
-1 0
-1 0
-1 0
-1 0
-1 0
-1 0
-1 0
-1 0
-1 0
-1 0
-1 0
-1 0
-1 0
-1 0
-1 0
-1 0
-1 0
-1 0
-1 0
-1 0
-1 0
-1 0
-1 0
-1 0
-1 0
-1 0
-1 0
-1 0
-1 0
-1 0
-1 0
-1 0
-1 0
-1 0
-1 0
-1 0
-1 0
-1 0
-1 0
-1 0
-1 0
-1 0
-1 0
-1 0
-1 0
-1 0
-1 0
-1 0
-1 0
-1 0
-1 0
-1 0
-1 0
-1 0
-1 0
-1 0
-1 0
-1 0
-1 0
-1 0
-1 0
-1 0
-1 0
-1 0
-1 0
-1 0
-1 0
-1 0
-1 0
-1 0
-1 0
-1 0
-1 0
-1 0
-1 0
-1 0
-1 0
-1 0
-1 0
-1 0
-1 0
-1 0
-1 0
-1 0
-1 0
-1 0
-1 0
-1 0
-1 0
-1 0
-1 0
-1 0
-1 0
-1 0
-1 0
-1 0
-1 0
-1 0
-1 0
-1 0
-1 0
-1 0
-1 0
-1 0
-1 0
-1 0
-1 0
-1 0
-1 0
-1 0
-1 0
-1 0
-1 0
-1 0
-1 0
-1 0
-1 0
-1 0
-1 0
-1 0
-1 0
-1 0
-1 0
-1 0
-1 0
-1 0
-1 0
-1 0
-1 0
-1 0
-1 0
-1 0
-1 0
-1 0
-1 0
-1 0
-1 0
-1 0
-1 0
-1 0
-1 0
-1 0
-1 0
-1 0
-1 0
-1 0
-1 0
-1 0
-1 0
-1 0
-1 0
-1 0
-1 0
-1 0
-1 0
-1 0
-1 0
-1 0
-1 0
-1 0
-1 0
-1 0
-1 0
-1 0
-1 0
-1 0
-1 0
-1 0
-1 0
-1 0
-1 0
-1 0
-1 0
-1 0
-1 0
-1 0
-1 0
-1 0
-1 0
-1 0
-1 0
-1 0
-1 0
-1 0
-1 0
-1 0
-1 0
-1 0
-1 0
-1 0
-1 0
-1 0
-1 0
-1 0
-1 0
-1 0
-1 0
-1 0
-1 0
-1 0
-1 0
