2 -56
0 -58
-3 -61
-3 -61
-3 -61
-3 -61
-3 -61
-3 -61
-3 -61
-3 -61
-3 -61
-3 -61
-3 -61
-3 -61
-3 -61
-3 -61
-3 -61
-3 -61
-3 -61
-3 -61
-3 -61
-3 -60
-3 -60
-3 -60
-3 -60
-3 -60
-3 -60
-3 -60
-3 -60
-3 -60
-3 -60
-3 -60
-3 -60
-3 -60
-3 -60
-3 -60
-3 -60
-3 -60
-3 -60
-3 -60
-3 -60
-3 -60
-3 -60
-3 -60
-3 -60
-3 -60
-3 -60
-3 -60
-3 -60
-3 -60
-3 -60
-3 -60
-3 -60
-3 -60
-3 -60
-3 -60
-3 -60
-3 -60
-3 -60
-3 -60
-3 -60
-3 -60
-3 -60
-3 -60
-3 -60
-3 -60
-3 -60
-3 -60
-3 -60
-3 -60
-3 -60
-3 -60
-3 -60
-3 -60
-3 -60
-3 -60
-3 -60
-3 -60
-3 -60
-3 -60
-3 -60
-3 -60
-3 -60
-3 -60
-3 -60
-3 -60
-3 -60
-3 -60
-3 -60
-3 -60
-3 -60
-3 -60
-3 -60
-3 -60
-3 -60
-3 -60
-3 -60
-3 -60
-3 -60
-3 -60
-3 -60
-11 -55
-11 -55
-11 -55
-11 -55
-11 -55
-11 -55
-11 -55
-11 -55
-11 -55
-11 -55
-11 -55
-11 -55
-11 -55
-11 -55
-11 -55
-11 -55
-11 -55
-11 -55
-11 -55
-11 -55
-11 -55
-11 -55
-11 -55
-11 -55
-11 -55
-11 -55
-11 -55
-11 -55
-11 -55
-11 -55
-11 -55
-11 -55
-11 -55
-11 -55
-11 -55
-11 -55
-11 -55
-11 -55
-11 -55
-11 -55
-11 -55
-11 -55
-11 -55
-11 -55
-11 -55
-11 -55
-11 -55
-11 -55
-11 -55
-10 -52
-10 -52
-10 -52
-10 -52
-10 -52
-10 -52
-10 -52
-10 -52
-10 -52
-10 -52
-10 -52
-10 -52
-10 -52
-10 -52
-10 -52
-10 -52
-10 -52
-10 -52
-10 -52
-10 -52
-10 -52
-10 -52
-10 -52
-10 -52
-16 -51
-16 -51
-16 -51
-16 -51
-16 -51
-16 -51
-16 -51
-16 -51
-16 -51
-16 -51
-16 -51
-16 -51
-16 -51
-16 -51
-16 -51
-16 -51
-16 -51
-16 -51
-16 -51
-16 -51
-16 -51
-16 -51
-16 -51
-16 -51
-16 -51
-16 -51
-16 -51
-16 -51
-16 -51
-16 -51
-16 -51
-16 -51
-16 -51
-16 -51
-16 -51
-16 -51
-16 -51
-16 -51
-16 -51
-16 -51
-16 -51
-16 -51
-16 -51
-16 -51
-16 -51
-16 -51
-16 -51
-16 -51
-16 -51
-16 -51
-16 -47
-16 -47
-16 -47
-16 -47
-16 -47
-16 -47
-16 -47
-16 -47
-16 -47
-16 -47
-16 -47
-16 -47
-16 -47
-16 -47
-16 -47
-16 -47
-16 -47
-16 -47
-16 -47
-16 -47
-16 -47
-16 -47
-16 -47
-16 -47
-16 -47
-16 -47
-16 -47
-16 -47
-16 -47
-16 -47
-16 -47
-16 -47
-16 -47
-16 -47
-16 -47
-16 -47
-16 -47
-16 -47
-16 -47
-16 -47
-16 -47
-16 -47
-16 -47
-16 -47
-16 -47
-16 -47
-16 -47
-16 -47
-16 -47
-18 -44
-23 -50
-23 -50
-23 -50
-23 -50
-23 -50
-23 -50
-23 -50
-23 -50
-23 -50
-23 -50
-23 -50
-23 -50
-23 -50
-23 -50
-23 -50
-23 -50
-23 -50
-23 -50
-23 -50
-23 -50
-23 -50
-23 -50
-25 -49
-25 -49
-25 -49
-25 -49
-25 -49
-25 -49
-25 -49
-25 -49
-25 -49
-25 -49
-25 -49
-25 -49
-25 -49
-25 -49
-25 -49
-25 -49
-25 -49
-25 -49
-25 -49
-25 -49
-25 -49
-25 -49
-25 -49
-25 -49
-25 -49
-25 -49
-25 -49
-25 -49
-25 -49
-25 -49
-25 -49
-25 -49
-25 -49
-25 -49
-25 -49
-25 -49
-25 -49
-25 -49
-25 -49
-25 -49
-25 -49
-25 -49
-25 -49
-25 -49
-25 -49
-25 -49
-25 -49
-25 -49
-25 -49
-25 -49
-25 -49
-25 -49
-25 -49
-25 -49
-25 -49
-25 -49
-25 -49
-25 -49
-25 -49
-25 -49
-25 -49
-25 -49
-25 -49
-25 -49
-25 -49
-25 -49
-25 -49
-25 -49
-25 -49
-25 -49
-25 -49
-25 -49
-25 -49
-25 -49
-25 -49
-25 -49
-39 -45
-39 -45
-39 -45
-39 -45
-39 -45
-39 -45
-39 -45
-39 -45
-39 -45
-39 -45
-39 -45
-39 -45
-39 -45
-39 -45
-39 -45
-39 -45
-39 -45
-39 -45
-39 -45
-39 -45
-39 -45
-39 -45
-39 -45
-39 -45
-39 -45
-39 -45
-39 -45
-39 -45
-39 -45
-39 -45
-39 -45
-39 -45
-39 -45
-39 -45
-39 -45
-39 -45
-39 -45
-39 -45
-39 -45
-39 -45
-39 -45
-39 -45
-39 -45
-39 -45
-39 -45
-39 -45
-39 -45
-39 -45
-39 -45
-39 -45
-39 -36
-39 -36
-39 -36
-39 -36
-39 -36
-39 -36
-39 -36
-39 -36
-39 -36
-39 -36
-39 -36
-39 -36
-39 -36
-39 -36
-39 -36
-39 -36
-39 -36
-39 -36
-39 -36
-39 -36
-39 -36
-39 -36
-39 -36
-39 -36
-39 -36
-39 -36
-39 -36
-39 -36
-39 -36
-39 -36
-39 -36
-39 -36
-39 -36
-39 -36
-39 -36
-39 -36
-39 -36
-39 -36
-39 -36
-39 -36
-39 -36
-39 -36
-39 -36
-41 -37
-46 -33
-46 -33
-46 -33
-46 -33
-46 -33
-46 -33
-46 -33
-46 -33
-46 -33
-46 -33
-46 -33
-46 -33
-46 -33
-46 -33
-46 -33
-46 -33
-46 -33
-46 -33
-46 -33
-46 -33
-46 -33
-46 -33
-46 -33
-46 -33
-46 -33
-46 -33
-46 -33
-46 -33
-46 -33
-46 -33
-46 -33
-46 -33
-46 -33
-46 -33
-46 -33
-46 -33
-46 -33
-46 -33
-46 -33
-46 -33
-46 -33
-46 -33
-46 -33
-46 -33
-46 -33
-46 -33
-46 -33
-46 -33
-46 -33
-46 -33
-46 -33
-46 -33
-46 -33
-46 -33
-46 -33
-46 -33
-46 -33
-46 -33
-46 -33
-46 -33
-46 -33
-46 -33
-46 -33
-46 -33
-46 -33
-46 -33
-63 -31
-63 -31
-63 -31
-63 -31
-63 -31
-63 -31
-63 -31
-63 -31
-63 -31
-63 -31
-63 -31
-63 -31
-63 -31
-63 -31
-63 -31
-63 -31
-63 -31
-63 -31
-63 -31
-63 -31
-63 -31
-63 -31
-63 -31
-63 -31
-63 -31
-63 -31
-63 -31
-63 -31
-63 -31
-63 -31
-63 -31
-63 -31
-63 -31
-63 -31
-63 -31
-63 -31
-63 -31
-63 -31
-63 -31
-63 -31
-63 -31
-61 -30
-61 -30
-61 -30
-61 -30
-61 -30
-61 -30
-61 -30
-61 -30
-61 -30
-61 -30
-61 -30
-61 -30
-61 -30
-61 -30
-61 -30
-61 -30
-61 -30
-61 -30
-61 -30
-61 -30
-61 -25
-61 -25
-61 -25
-61 -25
-61 -25
-61 -25
-61 -25
-61 -25
-61 -25
-61 -25
-61 -25
-61 -25
-61 -25
-61 -25
-61 -25
-61 -25
-61 -25
-61 -25
-61 -25
-61 -25
-61 -25
-61 -25
-61 -25
-61 -25
-61 -25
-61 -25
-61 -25
-61 -25
-61 -25
-61 -25
-61 -25
-61 -25
-61 -25
-61 -25
-61 -25
-61 -25
-61 -25
-61 -25
-61 -25
-61 -25
-61 -25
-61 -25
-61 -25
-61 -25
-61 -25
-61 -25
-71 -37
-71 -37
-71 -37
-71 -37
-71 -37
-71 -37
-71 -37
-71 -37
-71 -37
-71 -37
-71 -37
-71 -37
-71 -37
-71 -37
-71 -37
-71 -37
-71 -37
-71 -37
-71 -37
-71 -37
-71 -37
-71 -37
-71 -37
-71 -37
-71 -37
-71 -37
-71 -37
-71 -37
-71 -37
-71 -37
-71 -37
-71 -37
-71 -37
-71 -37
-71 -37
-71 -37
-71 -37
-71 -37
-71 -37
-71 -37
-71 -37
-71 -37
-71 -37
-71 -37
-71 -37
-72 -27
-83 -25
-83 -25
-83 -25
-83 -25
-83 -25
-83 -25
-83 -25
-83 -25
-83 -25
-83 -25
-83 -25
-83 -25
-83 -25
-83 -25
-83 -25
-83 -25
-83 -25
-82 -20
-82 -20
-82 -20
-82 -20
-82 -20
-82 -20
-82 -20
-82 -20
-82 -20
-82 -20
-82 -20
-82 -20
-82 -20
-82 -20
-82 -20
-82 -20
-82 -20
-82 -20
-82 -20
-82 -20
-82 -20
-82 -20
-82 -20
-82 -20
-82 -20
-82 -20
-82 -20
-82 -20
-82 -20
-82 -20
-82 -20
-82 -20
-82 -20
-82 -20
-82 -20
-82 -20
-82 -20
-82 -20
-82 -20
-82 -20
-82 -20
-82 -20
-85 -19
-85 -19
-85 -19
-85 -19
-85 -19
-85 -19
-85 -19
-85 -19
-85 -19
-85 -19
-85 -19
-85 -19
-85 -19
-85 -19
-85 -19
-85 -19
-85 -19
-85 -19
-85 -19
-85 -19
-85 -19
-85 -19
-85 -19
-85 -19
-85 -19
-85 -19
-85 -19
-85 -19
-85 -19
-85 -19
-85 -19
-85 -19
-85 -19
-85 -19
-85 -19
-85 -19
-85 -19
-85 -19
-85 -19
-85 -19
-85 -19
-85 -19
-85 -19
-85 -19
-85 -19
-85 -19
-85 -19
-85 -19
-85 -19
-87 -13
-87 -13
-87 -13
-87 -13
-87 -13
-87 -13
-87 -13
-87 -13
-87 -13
-87 -13
-87 -13
-87 -13
-87 -13
-87 -13
-87 -13
-87 -13
-87 -13
-87 -13
-87 -13
-87 -13
-87 -13
-87 -13
-91 -7
-91 -7
-91 -7
-91 -7
-91 -7
-91 -7
-91 -7
-91 -7
-91 -7
-91 -7
-91 -7
-91 -7
-91 -7
-91 -7
-91 -7
-91 -7
-91 -7
-91 -7
-91 -7
-91 -7
-91 -7
-91 -7
-91 -7
-91 -7
-90 -8
-90 -8
-90 -8
-90 -8
-90 -8
-90 -8
-90 -8
-90 -8
-90 -8
-90 -8
-90 -8
-90 -8
-90 -8
-90 -8
-90 -8
-90 -8
-90 -8
-90 -8
-97 -3
-97 -3
-97 -3
-97 -3
-97 -3
-97 -3
-97 -3
-97 -3
-97 -3
-97 -3
-97 -3
-97 -3
-97 -3
-97 -3
-97 -3
-97 -3
-97 -3
-97 -3
-97 -3
-97 -3
-97 -3
-97 -3
-97 -3
-97 -3
-97 -3
-97 -3
-97 -3
-97 -3
-97 -3
-97 -3
-97 -3
-97 -3
-97 -3
-97 -3
-97 -3
-97 -3
-97 -3
-97 -3
-97 -3
-97 -3
-97 -3
-97 -3
-97 -3
-97 -3
-97 -3
-97 -3
-100 2
-100 2
-100 2
-100 2
-100 2
-100 2
-100 2
-100 2
-100 2
-100 2
-100 2
-100 2
-100 2
-100 2
-100 2
-100 2
-100 2
-100 2
-100 2
-100 2
-100 2
-100 2
-100 2
-100 2
-107 0
-107 0
-107 0
-107 0
-107 0
-107 0
-107 0
-107 0
-107 0
-107 0
-107 0
-107 0
-107 0
-107 0
-107 0
-107 0
-107 0
-107 0
-107 0
-107 0
-107 0
-107 0
-107 0
-107 0
-107 0
-107 0
-107 0
-107 0
-107 0
-107 0
-107 0
-107 0
-107 0
-107 0
-107 0
-107 0
-107 0
-102 5
-102 5
-102 5
-102 5
-102 5
-102 5
-102 5
-102 5
-102 5
-102 5
-102 5
-102 5
-102 5
-102 5
-102 5
-102 5
-102 5
-102 5
-102 5
-102 5
-102 5
-102 5
-102 5
-102 5
-102 5
-102 5
-102 5
-102 5
-102 5
-102 5
-102 5
-102 5
-102 5
-102 5
-102 5
-102 5
-102 5
-102 5
-102 5
-102 5
-102 5
-102 5
-102 5
-102 5
-102 5
-102 5
-102 5
-102 5
-107 6
-107 6
-107 6
-107 6
-107 6
-107 6
-107 6
-107 6
-107 6
-107 6
-107 6
-107 6
-107 6
-107 6
-107 6
-107 6
-107 6
-107 6
-107 6
-107 6
-107 6
-107 6
-107 6
-108 16
-108 16
-108 16
-108 16
-108 16
-108 16
-108 16
-108 16
-108 16
-108 16
-108 16
-108 16
-108 16
-108 16
-108 16
-108 16
-108 16
-108 16
-108 16
-108 16
-108 16
-108 16
-108 16
-108 16
-108 16
-108 16
-108 16
-108 16
-108 9
-108 9
-108 9
-108 9
-108 9
-108 9
-108 9
-108 9
-108 9
-108 9
-108 9
-108 9
-108 9
-108 9
-108 9
-108 9
-108 9
-108 9
-108 9
-108 9
-113 18
-113 18
-113 18
-113 18
-113 18
-113 18
-113 18
-113 18
-113 18
-113 18
-113 18
-113 18
-113 18
-113 18
-113 18
-113 18
-113 18
-113 18
-113 18
-113 18
-113 18
-113 18
-113 18
-113 18
-113 18
-113 18
-113 18
-113 18
-113 18
-113 18
-113 18
-113 18
-113 18
-113 18
-113 18
-113 18
-113 18
-113 18
-113 18
-113 18
-113 18
-113 18
-113 18
-113 18
-113 18
-113 18
-113 18
-115 24
-115 24
-115 24
-115 24
-115 24
-115 24
-115 24
-115 24
-115 24
-115 24
-115 24
-115 24
-115 24
-115 24
-115 24
-115 24
-115 24
-115 24
-115 24
-115 24
-115 24
-115 24
-115 24
-115 24
-115 24
-115 24
-115 24
-115 24
-115 24
-115 24
-115 24
-115 24
-115 24
-115 24
-115 24
-115 24
-115 24
-115 24
-115 24
-115 24
-115 24
-115 24
-115 24
-115 24
-115 24
-138 34
-133 27
-133 27
-133 27
-133 27
-133 27
-133 27
-133 27
-133 27
-133 27
-133 27
-133 27
-133 27
-133 27
-133 27
-133 27
-133 27
-133 27
-133 27
-133 27
-133 27
-133 27
-133 27
-133 27
-133 27
-133 27
-133 27
-133 27
-133 27
-133 27
-133 27
-133 27
-133 27
-133 27
-133 27
-133 27
-133 27
-133 27
-133 27
-133 27
-133 27
-133 27
-133 27
-133 27
-133 27
-133 27
-133 27
-118 31
-118 31
-118 31
-118 31
-118 31
-118 31
-118 31
-118 31
-118 31
-118 31
-118 31
-118 31
-118 31
-118 31
-118 31
-118 31
-118 31
-118 31
-118 31
-118 31
-118 31
-118 31
-118 31
-118 31
-118 31
-118 31
-135 39
-135 39
-135 39
-135 39
-135 39
-135 39
-135 39
-135 39
-135 39
-135 39
-135 39
-135 39
-135 39
-135 39
-135 39
-135 39
-135 39
-135 39
-135 39
-135 39
-135 39
-135 39
-135 39
-143 52
-143 52
-143 52
-143 52
-143 52
-143 52
-143 52
-143 52
-143 52
-143 52
-143 52
-143 52
-143 52
-143 52
-143 52
-143 52
-143 52
-143 52
-143 52
-143 52
-143 52
-143 52
-143 52
-143 52
-143 52
-143 52
-143 52
-143 52
-143 52
-143 52
-143 52
-143 52
-143 52
-143 52
-143 52
-143 52
-143 52
-143 52
-143 52
-143 52
-143 52
-143 52
-143 52
-143 52
-143 52
-143 52
-143 52
-143 52
-129 38
-129 38
-129 38
-129 38
-129 38
-129 38
-129 38
-129 38
-129 38
-129 38
-129 38
-129 38
-129 38
-129 38
-129 38
-129 38
-129 38
-129 38
-129 38
-129 38
-129 38
-129 38
-129 38
-129 38
-129 38
-129 38
-129 38
-129 38
-129 38
-129 38
-129 38
-129 38
-129 38
-129 38
-129 38
-129 38
-129 38
-129 38
-129 38
-129 38
-129 38
-129 38
-129 38
-129 38
-129 38
-129 38
-129 38
-129 38
-129 38
-129 38
-129 38
-129 38
-129 38
-129 38
-129 38
-129 38
-119 51
-119 51
-119 51
-119 51
-119 51
-119 51
-119 51
-119 51
-119 51
-119 51
-119 51
-119 51
-119 51
-119 51
-119 51
-119 51
-119 51
-119 51
-119 51
-119 51
-119 51
-119 51
-119 51
-119 51
-119 51
-119 51
-119 51
-119 51
-119 51
-119 51
-119 51
-119 51
-119 51
-119 51
-119 51
-119 51
-119 51
-119 51
-119 51
-119 51
-119 51
-128 46
-119 56
-119 56
-119 56
-119 56
-119 56
-119 56
-119 56
-119 56
-119 56
-119 56
-119 56
-119 56
-119 56
-119 56
-119 56
-119 56
-119 56
-127 63
-127 63
-127 63
-127 63
-127 63
-127 63
-127 63
-127 63
-127 63
-127 63
-127 63
-127 63
-127 63
-127 63
-127 63
-127 63
-127 63
-127 63
-127 63
-127 63
-127 63
-127 63
-127 63
-127 63
-127 63
-127 63
-127 63
-127 63
-127 63
-127 63
-127 63
-127 63
-127 63
-127 63
-127 63
-127 63
-127 63
-127 63
-127 63
-127 63
-127 63
-127 63
-127 63
-127 63
-114 69
-114 69
-114 69
-114 69
-114 69
-114 69
-114 69
-114 69
-114 69
-114 69
-114 69
-114 69
-114 69
-114 69
-114 69
-114 69
-114 69
-114 69
-114 69
-114 69
-114 69
-114 69
-114 69
-114 69
-114 69
-114 69
-114 69
-114 69
-114 69
-114 69
-114 69
-114 69
-114 69
-114 69
-114 69
-114 69
-114 69
-114 69
-114 69
-114 69
-114 69
-114 69
-114 69
-114 69
-102 67
-102 67
-102 67
-102 67
-102 67
-102 67
-102 67
-102 67
-102 67
-102 67
-102 67
-102 67
-102 67
-102 67
-102 67
-102 67
-102 67
-102 67
-102 67
-102 67
-102 67
-102 67
-102 67
-102 67
-102 67
-102 67
-102 67
-102 67
-102 67
-102 67
-102 67
-102 67
-102 67
-102 67
-102 67
-102 67
-102 67
-102 67
-102 67
-102 67
-102 67
-102 67
-102 67
-102 67
-102 67
-102 67
-102 67
-102 67
-101 78
-91 76
-91 76
-91 76
-91 76
-91 76
-91 76
-91 76
-91 76
-91 76
-91 76
-91 76
-91 76
-91 76
-91 76
-91 76
-91 76
-91 76
-91 76
-91 76
-91 76
-91 76
-91 76
-91 76
-86 87
-86 87
-86 87
-86 87
-86 87
-86 87
-86 87
-86 87
-86 87
-86 87
-86 87
-86 87
-86 87
-86 87
-86 87
-86 87
-86 87
-86 87
-86 87
-86 87
-86 87
-86 87
-86 87
-86 87
-86 87
-86 87
-86 87
-86 87
-86 87
-86 87
-86 87
-86 87
-86 87
-86 87
-86 87
-86 87
-86 87
-86 87
-86 87
-86 87
-86 87
-86 87
-86 87
-88 83
-88 83
-88 83
-88 83
-88 83
-88 83
-88 83
-88 83
-88 83
-88 83
-88 83
-88 83
-88 83
-88 83
-88 83
-88 83
-88 83
-88 83
-77 85
-77 85
-77 85
-77 85
-77 85
-77 85
-77 85
-77 85
-77 85
-77 85
-77 85
-77 85
-77 85
-77 85
-77 85
-77 85
-77 85
-77 85
-77 85
-77 85
-77 85
-77 85
-77 85
-77 85
-77 85
-77 85
-77 85
-77 85
-77 85
-77 85
-77 85
-77 85
-77 85
-77 85
-77 85
-77 85
-77 85
-77 85
-77 85
-77 85
-82 93
-82 93
-82 93
-82 93
-82 93
-82 93
-82 93
-82 93
-82 93
-82 93
-82 93
-82 93
-82 93
-82 93
-82 93
-82 93
-82 93
-82 93
-82 93
-82 93
-82 93
-82 93
-82 93
-82 93
-82 93
-82 93
-82 93
-82 93
-82 93
-82 93
-82 93
-82 93
-82 93
-82 93
-82 93
-82 93
-82 93
-82 93
-82 93
-82 93
-62 88
-56 89
-56 89
-56 89
-56 89
-56 89
-56 89
-56 89
-56 89
-56 89
-56 89
-56 89
-56 89
-56 89
-56 89
-56 89
-56 89
-56 89
-56 89
-56 89
-56 89
-56 89
-56 89
-56 89
-56 89
-56 89
-56 89
-56 89
-56 89
-56 89
-56 89
-56 89
-56 89
-56 89
-56 89
-56 89
-56 89
-33 87
-33 87
-33 87
-33 87
-33 87
-33 87
-33 87
-33 87
-33 87
-33 87
-33 87
-33 87
-33 87
-33 87
-33 87
-33 87
-33 87
-33 87
-33 87
-33 87
-33 87
-27 96
-27 96
-27 96
-27 96
-27 96
-27 96
-27 96
-27 96
-27 96
-27 96
-27 96
-27 96
-27 96
-27 96
-27 96
-27 96
-27 96
-27 96
-27 96
-27 96
-27 96
-27 96
-27 96
-27 96
-27 96
-27 96
-27 96
-27 96
-27 96
-27 96
-27 96
-27 96
-27 96
-27 96
-27 96
-27 96
-27 96
-27 96
-27 96
-27 96
-27 96
-27 96
-27 96
-27 96
-27 96
-27 96
-27 96
-19 100
-19 100
-19 100
-19 100
-19 100
-19 100
-19 100
-19 100
-19 100
-19 100
-19 100
-19 100
-19 100
-19 100
-19 100
-19 100
-19 100
-19 100
-19 100
-19 100
-5 93
-5 93
-5 93
-5 93
-5 93
-5 93
-5 93
-5 93
-5 93
-5 93
-5 93
-5 93
-5 93
-5 93
-5 93
-5 93
-5 93
-5 93
-5 93
-5 93
-5 93
-5 93
-5 93
-5 93
-5 93
-5 93
-5 93
-5 93
-5 93
-5 93
-5 93
-5 93
-5 93
-5 93
-5 93
-5 93
-5 93
-5 93
-5 93
-5 93
-5 93
-5 93
-5 93
-5 93
4 87
4 87
4 87
4 87
4 87
4 87
4 87
4 87
4 87
4 87
4 87
4 87
4 87
4 87
4 87
4 87
4 87
4 87
4 87
4 87
4 87
4 87
4 87
4 87
4 87
9 87
9 87
9 87
9 87
9 87
9 87
9 87
9 87
9 87
9 87
9 87
9 87
9 87
9 87
9 87
9 87
9 87
9 87
9 87
9 87
9 87
18 88
18 88
18 88
18 88
18 88
18 88
18 88
18 88
18 88
18 88
18 88
18 88
18 88
18 88
18 88
18 88
18 88
18 88
18 88
18 88
18 88
18 88
33 89
33 89
33 89
33 89
33 89
33 89
33 89
33 89
33 89
33 89
33 89
33 89
33 89
33 89
33 89
33 89
33 89
33 89
33 89
33 89
33 89
33 89
33 89
33 89
33 89
33 89
33 89
33 89
33 89
33 89
33 89
33 89
44 81
44 81
44 81
44 81
44 81
44 81
44 81
44 81
44 81
44 81
44 81
44 81
44 81
44 81
44 81
44 81
44 81
44 81
44 81
44 81
44 81
44 81
44 81
44 81
44 81
44 81
44 81
44 81
44 81
53 82
72 80
72 80
72 80
72 80
72 80
72 80
72 80
72 80
72 80
72 80
72 80
72 80
72 80
72 80
72 80
72 80
72 80
72 80
72 80
72 80
72 80
72 80
72 80
72 80
72 80
72 80
72 80
72 80
72 80
72 80
72 80
87 64
87 64
87 64
87 64
87 64
87 64
87 64
87 64
87 64
87 64
87 64
87 64
87 64
87 64
87 64
87 64
87 64
97 60
97 60
97 60
97 60
97 60
97 60
97 60
97 60
97 60
97 60
97 60
97 60
97 60
97 60
97 60
97 60
97 60
97 60
97 60
97 60
97 60
97 60
97 60
97 60
97 60
97 60
97 60
97 60
97 60
97 60
97 60
97 60
97 60
97 60
108 52
108 52
108 52
108 52
108 52
108 52
108 52
108 52
108 52
108 52
108 52
108 52
108 52
108 52
108 52
108 52
111 56
111 56
111 56
111 56
111 56
111 56
111 56
111 56
111 56
111 56
111 56
111 56
111 56
111 56
111 56
111 56
111 56
111 56
111 56
111 56
111 56
111 56
111 56
111 56
111 56
111 56
111 56
111 56
111 56
111 56
111 56
111 56
111 56
111 56
115 37
115 37
115 37
115 37
115 37
115 37
115 37
115 37
115 37
115 37
115 37
115 37
115 37
115 37
115 37
115 37
115 37
115 37
115 35
115 35
115 35
115 35
115 35
115 35
115 35
115 35
115 35
115 35
115 35
115 35
115 35
115 35
115 35
115 35
115 35
136 38
136 38
136 38
136 38
136 38
136 38
136 38
136 38
136 38
136 38
136 38
136 38
136 38
136 38
136 38
136 38
136 38
136 38
136 38
136 38
136 38
136 38
136 38
136 38
136 38
136 38
136 38
136 38
136 38
136 38
136 38
136 38
141 12
141 12
141 12
141 12
141 12
141 12
141 12
141 12
141 12
141 12
141 12
141 12
141 12
141 12
141 12
141 12
141 12
138 13
138 13
138 13
138 13
138 13
138 13
138 13
138 13
138 13
138 13
138 13
138 13
138 13
138 13
138 13
138 13
138 13
138 13
138 13
138 13
138 13
138 13
138 13
138 13
138 13
138 13
138 13
138 13
138 13
138 13
162 7
162 7
162 7
162 7
162 7
162 7
162 7
162 7
162 7
162 7
162 7
162 7
162 7
162 7
162 7
162 7
162 7
162 7
162 7
162 7
162 7
162 7
162 7
162 7
162 7
162 7
162 7
162 7
162 7
162 7
162 7
162 7
162 7
147 0
147 0
147 0
147 0
147 0
147 0
147 0
147 0
147 0
147 0
147 0
147 0
147 0
147 0
147 0
147 0
147 0
147 0
147 0
147 0
147 0
147 0
147 0
147 0
147 0
147 0
147 0
149 -8
149 -8
149 -8
149 -8
149 -8
149 -8
149 -8
149 -8
149 -8
149 -8
149 -8
149 -8
149 -8
149 -8
149 -8
144 -8
144 -8
144 -8
144 -8
144 -8
144 -8
144 -8
144 -8
144 -8
144 -8
144 -8
144 -8
144 -8
144 -8
144 -8
144 -8
144 -8
144 -8
144 -8
144 -8
144 -8
144 -8
144 -8
144 -8
144 -8
144 -8
144 -8
144 -8
144 -8
144 -8
144 -8
144 -8
144 -8
144 -8
144 -8
144 -8
144 -8
144 -8
144 -8
144 -8
144 -8
144 -8
144 -8
144 -8
144 -8
144 -8
144 -8
144 -8
144 -8
123 -13
123 -13
123 -13
123 -13
123 -13
123 -13
123 -13
123 -13
123 -13
123 -13
123 -13
123 -13
123 -13
123 -13
123 -13
123 -13
123 -13
123 -13
123 -13
123 -13
123 -13
123 -13
123 -13
123 -13
123 -13
123 -13
123 -13
123 -13
123 -13
142 -33
142 -33
142 -33
142 -33
142 -33
142 -33
142 -33
142 -33
142 -33
142 -33
142 -33
142 -33
142 -33
142 -33
142 -33
112 -25
112 -25
112 -25
112 -25
112 -25
112 -25
112 -25
112 -25
112 -25
112 -25
112 -25
112 -25
112 -25
112 -25
112 -25
112 -25
107 -33
107 -33
107 -33
107 -33
107 -33
107 -33
107 -33
107 -33
107 -33
107 -33
107 -33
107 -33
107 -33
107 -33
107 -33
107 -33
110 -42
110 -42
110 -42
110 -42
110 -42
110 -42
110 -42
110 -42
110 -42
110 -42
110 -42
110 -42
110 -42
110 -42
110 -42
110 -42
110 -42
110 -42
110 -42
110 -42
110 -42
110 -42
110 -42
110 -42
110 -42
110 -42
110 -42
110 -42
110 -42
110 -42
110 -42
110 -42
110 -42
110 -42
110 -42
110 -42
110 -42
110 -42
110 -42
110 -42
110 -42
110 -42
110 -42
110 -42
110 -42
110 -42
110 -42
110 -42
110 -42
110 -42
110 -42
110 -42
110 -42
110 -42
110 -42
110 -42
110 -42
110 -42
110 -42
110 -42
110 -42
110 -42
110 -42
110 -42
97 -38
97 -38
97 -38
97 -38
97 -38
97 -38
97 -38
97 -38
97 -38
97 -38
97 -38
97 -38
97 -38
97 -38
83 -36
83 -36
83 -36
83 -36
83 -36
83 -36
83 -36
83 -36
83 -36
83 -36
83 -36
83 -36
83 -36
83 -36
83 -36
83 -36
83 -36
83 -36
83 -36
83 -36
83 -36
83 -36
83 -36
83 -36
83 -36
83 -36
83 -36
84 -35
66 -36
66 -36
66 -36
66 -36
66 -36
66 -36
66 -36
66 -36
66 -36
66 -36
66 -36
66 -36
66 -36
66 -36
66 -36
66 -36
66 -36
66 -36
66 -36
66 -36
66 -36
66 -36
66 -36
66 -36
66 -36
66 -36
66 -36
66 -36
66 -36
66 -36
66 -36
66 -36
66 -36
66 -36
66 -36
66 -36
66 -36
66 -36
66 -36
66 -36
66 -36
66 -36
66 -36
66 -36
66 -36
66 -36
66 -36
63 -34
59 -37
59 -37
59 -37
59 -37
59 -37
59 -37
59 -37
59 -37
59 -37
59 -37
59 -37
59 -37
59 -37
59 -37
59 -37
59 -37
59 -37
59 -37
59 -37
59 -37
59 -37
59 -37
59 -37
59 -37
59 -37
59 -37
59 -37
59 -37
59 -37
59 -37
59 -37
59 -37
59 -37
59 -37
59 -37
59 -37
59 -37
52 -31
52 -31
52 -31
52 -31
52 -31
52 -31
52 -31
52 -31
52 -31
52 -31
52 -31
52 -31
52 -31
52 -31
52 -31
52 -31
52 -31
52 -31
46 -30
46 -30
46 -30
46 -30
46 -30
46 -30
46 -30
46 -30
46 -30
46 -30
46 -30
46 -30
46 -30
46 -30
46 -30
46 -30
46 -30
46 -30
46 -30
40 -27
40 -27
40 -27
40 -27
40 -27
40 -27
40 -27
40 -27
40 -27
40 -27
40 -27
40 -27
40 -27
40 -27
40 -27
40 -27
40 -27
40 -27
40 -27
40 -27
40 -27
40 -27
40 -27
40 -27
40 -27
40 -27
40 -27
40 -27
40 -27
40 -27
40 -27
40 -27
40 -27
29 -20
29 -20
29 -20
29 -20
29 -20
29 -20
29 -20
29 -20
29 -20
29 -20
29 -20
29 -20
29 -20
29 -20
29 -20
29 -20
29 -20
29 -20
29 -20
29 -20
29 -20
29 -20
29 -20
29 -20
29 -20
29 -20
29 -20
29 -20
29 -20
29 -20
29 -20
29 -20
29 -20
29 -20
29 -20
29 -20
29 -20
29 -20
29 -20
29 -20
29 -20
29 -20
29 -20
29 -20
29 -20
29 -20
29 -20
29 -20
29 -20
29 -20
29 -20
29 -20
23 -15
23 -15
23 -15
23 -15
23 -15
23 -15
23 -15
23 -15
23 -15
23 -15
23 -15
23 -15
23 -15
23 -15
23 -15
23 -15
16 -20
16 -20
16 -20
16 -20
16 -20
16 -20
16 -20
16 -20
16 -20
16 -20
16 -20
16 -20
16 -20
16 -20
16 -20
16 -20
16 -20
11 -10
11 -10
11 -10
11 -10
11 -10
11 -10
11 -10
11 -10
11 -10
11 -10
11 -10
11 -10
11 -10
11 -10
11 -10
11 -10
11 -10
11 -10
11 -10
11 -10
11 -10
11 -10
11 -10
11 -10
11 -10
11 -10
11 -10
11 -10
11 -10
11 -10
11 -10
11 -10
11 -10
11 -10
11 -10
11 -10
6 -7
6 -7
6 -7
6 -7
6 -7
6 -7
6 -7
6 -7
6 -7
6 -7
6 -7
6 -7
6 -7
6 -7
6 -7
6 -7
6 -7
3 -5
3 -5
3 -5
3 -5
3 -5
3 -5
3 -5
3 -5
3 -5
3 -5
3 -5
3 -5
3 -5
3 -5
3 -5
3 -5
3 -5
3 -5
3 -5
3 -5
3 -5
3 -5
3 -5
3 -5
3 -5
3 -5
3 -5
3 -5
3 -5
3 -5
3 -5
3 -5
3 -5
3 -5
3 -5
3 -5
3 -5
3 -5
3 -5
3 -5
3 -5
3 -5
3 -5
3 -5
3 -5
3 -5
3 -5
3 -5
3 -5
3 -5
3 -5
3 -5
3 -5
3 -5
3 -5
3 -5
3 -5
3 -5
3 -5
3 -5
3 -5
3 -5
3 -5
3 -5
3 -5
3 -5
3 -5
3 -5
3 -5
3 -5
3 -5
3 -5
3 -5
3 -5
3 -5
3 -5
3 -5
3 -5
3 -5
3 -5
3 -5
3 -5
3 -5
3 -5
-1 -1
-1 -1
-1 -1
-1 -1
-1 -1
-1 -1
-1 -1
-1 -1
-1 -1
-1 -1
-1 -1
-1 -1
-1 -1
-1 -1
-1 -1
-1 -1
-1 -1
-1 -1
-1 -1
-1 -1
-1 -1
-1 -1
-1 -1
-1 -1
-1 -1
-1 -1
-1 -1
-1 -1
-1 -1
-1 -1
-1 -1
-1 -1
-1 -1
-1 -1
-1 -1
-1 -1
-1 -1
-1 -1
-1 -1
-1 -1
-1 -1
-1 -1
-1 -1
-1 -1
-1 -1
-1 -1
-1 -1
-1 -1
-1 -1
-1 -1
-1 -1
-1 -1
-1 -1
-1 -1
-1 -1
-1 -1
-1 -1
-1 -1
-1 -1
-1 -1
-1 -1
-1 -1
-1 -1
-1 -1
-1 -1
-1 -1
-1 -1
-1 -1
-1 -1
-1 -1
-1 -1
-1 -1
-1 -1
-1 -1
-1 -1
-1 -1
-1 -1
-1 -1
-1 -1
-1 -1
-1 -1
-1 -1
-1 -1
-1 -1
-1 -1
-1 -1
-1 -1
-1 -1
-1 -1
-1 -1
-1 -1
-1 -1
-1 -1
-1 -1
-1 -1
-1 -1
-1 -1
-1 -1
-1 -1
-1 -1
-1 -1
-1 -1
-1 -1
-1 -1
-1 -1
-1 -1
-1 -1
-1 -1
-1 -1
-1 -1
-1 -1
-1 -1
-1 -1
-1 -1
-1 -1
-1 -1
-1 -1
-1 -1
-1 -1
-1 -1
-1 -1
-1 -1
-1 -1
-1 -1
-1 -1
-1 -1
-1 -1
-1 -1
-1 -1
-1 -1
-1 -1
-1 -1
-1 -1
-1 -1
-1 -1
-1 -1
-1 -1
-1 -1
-1 -1
-1 -1
-1 -1
-1 -1
-1 -1
-1 -1
-1 -1
-1 -1
-1 -1
-1 -1
-1 -1
-1 -1
-1 -1
-1 -1
-1 -1
-1 -1
-1 -1
-1 -1
-1 -1
-1 -1
-1 -1
-1 -1
-1 -1
-1 -1
-1 -1
-1 -1
-1 -1
-1 -1
-1 -1
-1 -1
-1 -1
-1 -1
-1 -1
-1 -1
-1 -1
-1 -1
-1 -1
-1 -1
-1 -1
-1 -1
-1 -1
-1 -1
-1 -1
-1 -1
-1 -1
-1 -1
-1 -1
-1 -1
-1 -1
-1 -1
-1 -1
-1 -1
-1 -1
-1 -1
-1 -1
-1 -1
-1 -1
-1 -1
-1 -1
-1 -1
-1 -1
-1 -1
-1 -1
-1 -1
-1 -1
-1 -1
-1 -1
-1 -1
-1 -1
-1 -1
-1 -1
-1 -1
-1 -1
-1 -1
-1 -1
-1 -1
-1 -1
-1 -1
-1 -1
-1 -1
-1 -1
-1 -1
-1 -1
-1 -1
-1 -1
-1 -1
-1 -1
-1 -1
-1 -1
-1 -1
-1 -1
-1 -1
-1 -1
-1 -1
-1 -1
-1 -1
-1 -1
-1 -1
-1 -1
-1 -1
-1 -1
-1 -1
-1 -1
-1 -1
-1 -1
-1 -1
-1 -1
-1 -1
-1 -1
-1 -1
-1 -1
-1 -1
-1 -1
-1 -1
-1 -1
-1 -1
-1 -1
-1 -1
-1 -1
-1 -1
-1 -1
-1 -1
-1 -1
-1 -1
-1 -1
-1 -1
-1 -1
-1 -1
-1 -1
-1 -1
-1 -1
-1 -1
-1 -1
-1 -1
-1 -1
-1 -1
-1 -1
-1 -1
-1 -1
-1 -1
-1 -1
-1 -1
-1 -1
-1 -1
-1 -1
-1 -1
-1 -1
-1 -1
-1 0
-1 0
-1 0
-1 0
-1 0
-1 0
-1 0
-1 0
-1 0
-1 0
-1 0
-1 0
-1 0
-1 0
-1 0
-1 0
-1 0
-1 0
-1 0
-1 0
-1 0
-1 0
-1 0
-1 0
-1 0
-1 0
-1 0
-1 0
-1 0
-1 0
-1 0
-1 0
-1 0
-1 0
-1 0
-1 0
-1 0
-1 0
-1 0
-1 0
-1 0
-1 0
-1 0
-1 0
-1 0
-1 0
-1 0
-1 0
-1 0
-1 0
-1 0
-1 0
-1 0
-1 0
-1 0
-1 0
-1 0
-1 0
-1 0
-1 0
-1 0
-1 0
-1 0
-1 0
-1 0
-1 0
-1 0
-1 0
-1 0
-1 0
-1 0
-1 0
-1 0
-1 0
-1 0
-1 0
-1 0
-1 0
-1 0
-1 0
-1 0
-1 0
-1 0
-1 0
-1 0
-1 0
-1 0
-1 0
-1 0
-1 0
-1 0
-1 0
-1 0
-1 0
-1 0
-1 0
-1 0
-1 0
-1 0
-1 0
-1 0
-1 0
-1 0
-1 0
-1 0
-1 0
-1 0
-1 0
-1 0
-1 0
-1 0
-1 0
-1 0
-1 0
-1 0
-1 0
-1 0
-1 0
-1 0
-1 0
-1 0
-1 0
-1 0
-1 0
-1 0
-1 0
-1 0
-1 0
-1 0
-1 0
-1 0
-1 0
-1 0
-1 0
-1 0
-1 0
-1 0
-1 0
-1 0
-1 0
-1 0
-1 0
-1 0
-1 0
-1 0
-1 0
-1 0
-1 0
-1 0
-1 0
-1 0
-1 0
-1 0
-1 0
-1 0
-1 0
-1 0
-1 0
-1 0
-1 0
-1 0
-1 0
-1 0
-1 0
-1 0
-1 0
-1 0
-1 0
-1 0
-1 0
-1 0
-1 0
-1 0
-1 0
-1 0
-1 0
-1 0
-1 0
-1 0
-1 0
-1 0
-1 0
-1 0
-1 0
-1 0
-1 0
-1 0
-1 0
-1 0
-1 0
-1 0
-1 0
-1 0
-1 0
-1 0
-1 0
-1 0
-1 0
-1 0
-1 0
-1 0
-1 0
0 -1
0 -1
0 -1
0 -1
0 -1
0 -1
0 -1
0 -1
0 -1
0 -1
0 -1
0 -1
0 -1
0 -1
0 -1
0 -1
0 -1
0 -1
0 -1
0 -1
0 -1
0 -1
0 -1
0 -1
0 -1
0 -1
0 -1
0 -1
0 -1
0 -1
0 -1
0 -1
0 -1
0 -1
0 -1
0 -1
0 -1
0 -1
0 -1
0 -1
0 -1
0 -1
0 -1
0 -1
0 -1
0 -1
0 -1
0 -1
0 -1
0 -1
0 -1
0 -1
0 -1
0 -1
0 -1
0 -1
0 -1
0 -1
0 -1
0 -1
0 -1
0 -1
0 -1
0 -1
0 -1
0 -1
0 -1
0 -1
0 -1
0 -1
0 -1
0 -1
0 -1
0 -1
0 -1
0 -1
0 -1
0 -1
0 -1
0 -1
0 -1
0 -1
0 -1
0 -1
0 -1
0 -1
0 -1
0 -1
0 -1
0 -1
0 -1
0 -1
0 -1
0 -1
0 -1
0 -1
0 -1
0 -1
0 -1
0 -1
0 -1
0 -1
0 -1
0 -1
0 -1
0 -1
0 -1
0 -1
0 -1
0 -1
0 -1
0 -1
0 -1
0 -1
0 -1
0 -1
0 -1
0 -1
0 -1
0 -1
0 -1
0 -1
0 -1
0 -1
0 -1
0 -1
0 -1
0 -1
0 -1
0 -1
0 -1
0 -1
0 -1
0 -1
0 -1
0 -1
0 -1
0 -1
0 -1
0 -1
0 -1
0 -1
0 -1
0 -1
0 -1
0 -1
0 -1
0 -1
0 -1
0 -1
0 -1
0 -1
0 -1
0 -1
0 -1
0 -1
0 -1
0 -1
0 -1
0 -1
0 -1
0 -1
0 -1
0 -1
0 -1
0 -1
0 -1
0 -1
0 -1
0 -1
0 -1
0 -1
0 -1
0 -1
0 -1
0 -1
0 -1
0 -1
0 -1
0 -1
0 -1
0 -1
0 -1
0 -1
0 -1
0 -1
0 -1
0 -1
0 -1
0 -1
0 -1
0 -1
0 -1
0 -1
0 -1
0 -1
0 -1
0 -1
0 -1
0 -1
0 -1
0 -1
0 -1
0 -1
0 -1
0 -1
0 -1
0 -1
0 -1
0 -1
0 -1
0 -1
0 -1
0 -1
0 -1
0 -1
0 -1
0 -1
0 -1
0 -1
0 -1
0 -1
0 -1
0 -1
0 -1
0 -1
0 -1
0 -1
0 -1
0 -1
0 -1
0 -1
0 -1
0 -1
0 -1
0 -1
0 -1
0 -1
0 -1
0 -1
0 -1
0 -1
0 -1
0 -1
0 -1
0 -1
0 -1
0 -1
0 -1
0 -1
0 -1
0 -1
0 -1
0 -1
0 -1
0 -1
0 -1
0 -1
0 -1
0 -1
0 -1
0 -1
0 -1
0 -1
0 -1
0 -1
0 -1
0 -1
0 -1
0 -1
0 -1
0 -1
0 -1
0 -1
0 -1
0 -1
0 -1
0 -1
0 -1
0 -1
0 -1
0 -1
0 -1
0 -1
0 -1
0 -1
0 -1
0 -1
0 -1
0 -1
0 -1
0 -1
0 -1
0 -1
0 -1
0 -1
0 -1
0 -1
0 -1
0 -1
0 -1
0 -1
0 -1
0 -1
0 -1
0 -1
0 -1
0 -1
0 -1
0 -1
0 -1
0 -1
0 -1
0 -1
0 -1
0 -1
0 -1
0 -1
0 -1
0 -1
0 -1
0 -1
0 -1
0 -1
0 -1
0 -1
0 -1
0 -1
0 -1
0 -1
0 -1
0 -1
0 -1
0 -1
0 -1
0 -1
0 -1
0 -1
0 -1
0 -1
0 -1
0 -1
0 -1
0 -1
0 -1
0 -1
0 -1
0 -1
0 -1
0 -1
0 -1
0 -1
0 -1
0 -1
0 -1
0 -1
0 -1
0 -1
0 -1
0 -1
0 -1
0 -1
0 -1
0 -1
0 -1
0 -1
0 -1
0 -1
0 -1
0 -1
0 -1
0 -1
0 -1
0 -1
0 -1
0 -1
0 -1
0 -1
0 -1
0 -1
0 -1
0 -1
0 -1
0 -1
0 -1
0 -1
0 -1
0 -1
0 -1
0 -1
0 -1
0 -1
0 -1
0 -1
0 -1
0 -1
0 -1
0 -1
0 -1
0 -1
0 -1
0 -1
0 -1
0 -1
0 -1
0 -1
0 -1
0 -1
0 -1
0 -1
0 -1
0 -1
0 -1
0 -1
0 -1
0 -1
0 -1
0 -1
0 -1
0 -1
0 -1
0 -1
0 -1
0 -1
0 -1
0 -1
0 -1
0 -1
0 -1
0 -1
0 -1
0 -1
0 -1
0 -1
0 -1
0 -1
0 -1
0 -1
0 -1
0 -1
0 -1
0 -1
0 -1
0 -1
0 -1
0 -1
0 -1
0 -1
0 -1
0 -1
0 -1
0 -1
0 -1
0 -1
0 -1
0 -1
0 -1
0 -1
0 -1
0 -1
0 -1
0 -1
0 -1
0 -1
0 -1
0 -1
0 -1
0 -1
0 -1
0 -1
0 -1
0 -1
0 -1
0 -1
0 -1
0 -1
0 -1
0 -1
0 -1
0 -1
0 -1
0 -1
0 -1
0 -1
0 -1
0 -1
0 -1
0 -1
0 -1
0 -1
0 -1
0 -1
0 -1
0 -1
0 -1
0 -1
0 -1
0 -1
0 -1
0 -1
0 -1
0 -1
0 -1
0 -1
0 -1
0 -1
0 -1
0 -1
0 -1
0 -1
0 -1
0 -1
0 -1
0 -1
0 -1
0 -1
0 -1
0 -1
0 -1
0 -1
0 -1
0 -1
0 -1
0 -1
0 -1
0 -1
0 -1
0 -1
0 -1
0 -1
0 -1
0 -1
0 -1
0 -1
0 -1
0 -1
0 -1
0 -1
0 -1
0 -1
0 -1
0 -1
0 -1
0 -1
0 -1
0 -1
0 -1
0 -1
0 -1
0 -1
0 -1
0 -1
0 -1
0 -1
0 -1
0 -1
0 -1
0 -1
0 -1
0 -1
0 -1
0 -1
0 -1
0 -1
0 -1
0 -1
0 -1
0 -1
0 -1
0 -1
0 -1
0 -1
0 -1
0 -1
0 -1
0 -1
0 -1
0 -1
0 -1
0 -1
0 -1
0 -1
0 -1
0 -1
0 -1
0 -1
0 -1
0 -1
0 -1
0 -1
0 -1
0 -1
0 -1
0 -1
0 -1
0 -1
0 -1
0 -1
0 -1
0 -1
0 -1
0 -1
0 -1
0 -1
0 -1
0 -1
0 -1
0 -1
0 -1
0 -1
0 -1
0 -1
0 -1
0 -1
0 -1
0 -1
0 -1
0 -1
0 -1
0 -1
0 -1
0 -1
0 -1
0 -1
0 -1
0 -1
0 -1
0 -1
0 -1
0 -1
0 -1
0 -1
0 -1
0 -1
0 -1
0 -1
0 -1
0 -1
0 -1
0 -1
0 -1
0 -1
0 -1
0 -1
0 -1
0 -1
0 -1
0 -1
