12 34
12 34
12 34
12 34
12 34
12 34
12 34
12 34
12 34
12 34
12 34
12 34
12 34
12 34
4 27
4 27
4 27
4 27
4 27
4 27
4 27
4 27
4 27
4 27
4 27
4 27
4 27
4 27
4 27
4 27
4 27
4 27
4 27
4 27
9 26
9 26
9 26
9 26
9 26
9 26
9 26
9 26
9 26
9 26
9 26
9 26
9 26
9 26
9 26
9 26
9 26
9 26
9 26
9 26
9 26
9 26
9 26
9 26
9 26
9 26
9 26
9 26
9 26
9 26
9 26
9 26
9 26
9 26
9 26
9 26
9 26
9 26
9 26
9 26
9 26
9 26
9 26
9 26
9 26
9 26
9 26
9 26
9 26
9 26
9 26
9 26
9 26
9 26
9 26
9 26
9 26
9 26
9 26
9 26
9 26
9 26
9 26
9 26
9 26
9 26
7 24
15 29
15 29
15 29
15 29
15 29
15 29
15 29
15 29
15 29
15 29
15 29
15 29
15 29
15 29
15 29
15 29
15 29
15 29
15 29
15 29
15 29
15 29
15 29
15 29
15 29
15 29
15 29
15 29
15 29
15 29
15 29
15 29
15 29
15 29
15 29
15 29
15 29
15 29
15 29
15 29
15 29
15 29
15 29
15 29
15 29
15 29
15 29
15 29
15 29
15 29
15 29
15 29
15 29
15 29
15 29
15 29
15 29
15 29
15 29
15 29
15 29
15 29
15 29
15 29
15 29
15 29
15 29
15 29
15 29
15 29
15 29
15 29
15 29
15 29
12 26
12 26
12 26
12 26
12 26
12 26
12 26
12 26
12 26
12 26
12 26
12 26
12 26
12 26
12 26
12 26
12 26
12 26
13 28
13 28
13 28
13 28
13 28
13 28
13 28
13 28
13 28
13 28
13 28
13 28
13 28
13 28
13 28
13 28
13 28
13 28
13 28
13 28
13 28
13 28
13 28
13 28
13 28
13 28
13 28
13 28
13 28
13 28
13 28
13 28
13 28
13 28
13 28
13 28
13 28
13 28
13 28
13 28
13 28
13 28
13 28
13 28
13 28
13 28
13 28
17 30
17 30
17 30
17 30
17 30
17 30
17 30
17 30
17 30
17 30
17 30
17 30
17 30
17 30
17 30
17 30
17 30
17 30
17 30
17 30
17 30
17 30
17 30
17 30
17 30
17 30
17 30
17 30
17 30
17 30
17 30
17 30
17 30
17 30
17 30
17 30
17 30
17 30
17 30
17 30
17 30
17 30
17 30
17 30
17 30
17 30
17 30
17 30
17 30
17 30
17 30
17 30
17 30
17 30
17 30
17 30
17 30
17 30
17 30
17 30
17 30
17 30
17 30
17 30
17 30
17 30
17 30
17 30
17 30
17 30
17 30
17 30
17 30
17 30
17 30
17 30
17 30
17 30
17 30
17 30
17 30
17 30
17 30
17 30
17 30
17 30
17 30
17 30
17 30
17 30
17 30
17 30
17 30
17 30
17 30
17 30
17 30
18 28
18 28
18 28
18 28
18 28
18 28
18 28
18 28
18 28
18 28
18 28
18 28
18 28
18 28
18 28
18 28
18 28
18 28
18 28
18 28
18 28
18 28
18 28
18 28
18 28
18 28
18 28
18 28
18 28
18 28
18 28
18 28
18 28
18 28
18 28
18 28
18 28
18 28
18 28
18 28
18 28
18 28
18 28
18 28
18 28
18 28
18 28
20 27
14 24
14 24
14 24
14 24
14 24
14 24
14 24
14 24
14 24
14 24
14 24
14 24
14 24
14 24
14 24
14 24
14 24
14 24
14 24
14 24
14 24
14 24
14 24
14 24
12 22
12 22
12 22
12 22
12 22
12 22
12 22
12 22
12 22
12 22
12 22
12 22
12 22
12 22
12 22
12 22
12 22
12 22
12 22
12 22
12 22
12 22
12 22
15 16
15 16
15 16
15 16
15 16
15 16
15 16
15 16
15 16
15 16
15 16
15 16
15 16
15 16
15 16
15 16
15 16
15 16
15 16
15 16
15 16
15 16
15 16
15 16
15 16
15 16
15 16
15 16
15 16
15 16
15 16
15 16
15 16
15 16
15 16
15 16
15 16
15 16
15 16
15 16
15 16
15 16
15 16
15 16
15 16
15 16
15 16
15 16
15 16
15 16
15 16
15 16
15 16
15 16
15 16
15 16
15 16
15 16
15 16
15 16
15 16
15 16
15 16
15 16
15 16
15 16
15 16
15 16
15 16
15 16
15 16
15 16
15 16
15 16
15 16
15 16
15 16
15 16
15 16
15 16
15 16
15 16
15 16
15 16
15 16
15 16
15 16
15 16
15 16
15 16
15 16
15 16
15 16
15 16
15 16
17 21
18 18
20 14
20 14
20 14
20 14
20 14
20 14
20 14
20 14
20 14
20 14
20 14
20 14
20 14
20 14
20 14
20 14
20 14
20 14
20 14
20 14
20 14
20 14
20 14
20 14
20 14
20 14
20 14
20 14
20 14
20 14
20 14
20 14
20 14
20 14
20 14
20 14
20 14
20 14
20 14
20 14
20 14
20 14
20 14
20 14
20 14
20 14
15 16
15 16
15 16
15 16
15 16
15 16
15 16
15 16
15 16
15 16
15 16
15 16
15 16
15 16
15 16
15 16
15 16
15 16
15 16
15 16
15 16
15 16
25 9
25 9
25 9
25 9
25 9
25 9
25 9
25 9
25 9
25 9
25 9
25 9
25 9
25 9
25 9
25 9
25 9
25 9
25 9
25 9
25 9
25 9
25 9
25 9
25 9
26 18
26 18
26 18
26 18
26 18
26 18
26 18
26 18
26 18
26 18
26 18
26 18
26 18
26 18
26 18
26 18
26 18
26 18
26 18
26 18
26 18
26 18
26 18
26 18
26 18
26 18
26 18
26 18
26 18
26 18
26 18
26 18
26 18
26 18
26 18
26 18
26 18
26 18
26 18
26 18
26 18
26 18
26 18
26 18
26 18
26 18
26 18
26 18
26 18
26 18
26 18
26 18
26 18
26 18
26 18
26 18
26 18
26 18
26 18
26 18
26 18
26 18
26 18
26 18
26 18
26 18
26 18
26 18
26 18
26 18
26 18
26 18
26 18
26 18
32 20
28 16
28 16
28 16
28 16
28 16
28 16
28 16
28 16
28 16
28 16
28 16
28 16
28 16
28 16
28 16
28 16
28 16
28 16
28 16
28 16
28 16
28 16
28 16
28 16
28 16
28 16
28 16
28 16
28 16
28 16
28 16
28 16
28 16
28 16
28 16
28 16
28 16
28 16
28 16
28 16
28 16
28 16
28 16
28 16
36 16
36 16
36 16
36 16
36 16
36 16
36 16
36 16
36 16
36 16
36 16
36 16
36 16
36 16
36 16
36 16
36 16
36 16
36 16
36 16
36 16
36 16
36 16
36 16
36 16
30 13
30 13
30 13
30 13
30 13
30 13
30 13
30 13
30 13
30 13
30 13
30 13
30 13
30 13
30 13
30 13
30 13
30 13
30 13
30 13
30 13
30 13
30 13
44 16
44 16
44 16
44 16
44 16
44 16
44 16
44 16
44 16
44 16
44 16
44 16
44 16
44 16
44 16
44 16
44 16
44 16
44 16
44 16
44 16
44 16
44 16
44 16
44 16
44 16
44 16
44 16
44 16
44 16
44 16
44 16
44 16
44 16
44 16
44 16
44 16
44 16
44 16
44 16
44 16
44 16
44 16
44 16
44 16
44 16
40 12
40 12
40 12
40 12
40 12
40 12
40 12
40 12
40 12
40 12
40 12
40 12
40 12
40 12
40 12
40 12
40 12
40 12
40 12
40 12
40 12
40 12
40 12
40 12
40 12
40 12
40 12
40 12
40 12
40 12
40 12
40 12
40 12
40 12
40 12
40 12
40 12
40 12
40 12
40 12
40 12
40 12
40 12
40 12
40 12
40 12
40 12
40 12
40 12
40 12
40 12
40 12
40 12
40 12
40 12
40 12
40 12
40 12
40 12
40 12
40 12
40 12
40 12
40 12
40 12
40 12
40 12
40 12
40 12
40 12
40 12
40 12
40 12
40 12
40 12
40 12
40 12
40 12
40 12
40 12
40 12
40 12
40 12
40 12
40 12
40 12
40 12
40 12
40 12
40 12
40 12
40 12
40 12
40 12
48 15
44 12
44 12
44 12
44 12
44 12
44 12
44 12
44 12
44 12
44 12
44 12
44 12
44 12
44 12
44 12
44 12
44 12
44 12
44 12
44 12
44 12
44 12
49 12
49 12
49 12
49 12
49 12
49 12
49 12
49 12
49 12
49 12
49 12
49 12
49 12
49 12
49 12
49 12
49 12
49 12
49 12
49 12
49 12
49 12
49 12
49 12
49 12
49 12
49 12
49 12
49 12
49 12
49 12
49 12
49 12
49 12
49 12
49 12
49 12
49 12
49 12
49 12
49 12
49 12
49 12
49 12
49 12
49 12
49 12
49 12
49 12
49 12
49 12
49 12
43 4
43 4
43 4
43 4
43 4
43 4
43 4
43 4
43 4
43 4
43 4
43 4
43 4
43 4
43 4
43 4
43 4
43 4
43 4
43 4
43 4
43 4
43 4
43 4
43 4
43 4
43 4
43 4
43 4
43 4
43 4
43 4
43 4
43 4
43 4
43 4
43 4
43 4
43 4
43 4
43 4
43 4
43 4
43 4
43 4
43 4
43 4
43 4
48 8
49 3
49 3
49 3
49 3
49 3
49 3
49 3
49 3
49 3
49 3
49 3
49 3
49 3
49 3
49 3
49 3
49 3
49 3
49 3
49 3
49 3
49 3
49 3
49 3
49 3
49 3
49 3
49 3
49 3
49 3
49 3
49 3
49 3
47 2
47 2
47 2
47 2
47 2
47 2
47 2
47 2
47 2
47 2
47 2
47 2
47 2
47 2
47 2
47 2
47 2
47 2
47 2
47 2
47 2
45 3
45 3
45 3
45 3
45 3
45 3
45 3
45 3
45 3
45 3
45 3
45 3
45 3
45 3
45 3
45 3
45 3
45 3
45 3
45 3
45 3
45 3
45 3
45 3
45 3
45 3
45 3
45 3
45 3
45 3
45 3
45 3
45 3
45 3
45 3
45 3
45 3
45 3
45 3
45 3
45 3
45 3
45 3
45 3
45 3
45 3
45 3
45 3
45 3
44 1
44 1
44 1
44 1
44 1
44 1
44 1
44 1
44 1
44 1
44 1
44 1
44 1
44 1
44 1
44 1
44 1
44 1
44 1
44 1
44 1
44 1
44 1
44 1
44 1
42 3
42 3
42 3
42 3
42 3
42 3
42 3
42 3
42 3
42 3
42 3
42 3
42 3
42 3
42 3
42 3
42 3
42 3
42 3
42 3
42 3
42 3
42 3
42 3
42 3
42 3
42 3
42 3
42 3
42 3
42 3
42 3
42 3
42 3
42 3
42 3
42 3
42 3
42 3
42 3
42 3
42 3
42 3
42 3
42 3
42 3
42 3
42 3
42 3
42 1
42 1
42 1
42 1
42 1
42 1
42 1
42 1
42 1
42 1
42 1
42 1
42 1
42 1
42 1
42 1
42 1
42 1
42 1
42 1
42 1
42 1
42 1
42 1
42 1
42 1
42 1
42 1
42 1
42 1
42 1
42 1
42 1
42 1
42 1
42 1
42 1
42 1
42 1
42 1
42 1
42 1
42 1
42 1
42 1
42 1
42 1
42 1
42 1
35 3
39 -6
39 -6
39 -6
39 -6
39 -6
39 -6
39 -6
39 -6
39 -6
39 -6
39 -6
39 -6
39 -6
39 -6
39 -6
39 -6
39 -6
39 -6
39 -6
39 -6
39 -6
39 -6
39 -6
39 -6
39 -6
39 -6
39 -6
39 -6
39 -6
39 -6
39 -6
39 -6
39 -6
39 -6
39 -6
39 -6
39 -6
39 -6
39 -6
39 -6
39 -6
39 -6
39 -6
39 -6
39 -6
39 -6
40 -3
40 -3
40 -3
40 -3
40 -3
40 -3
40 -3
40 -3
40 -3
40 -3
40 -3
40 -3
40 -3
40 -3
40 -3
40 -3
40 -3
40 -3
40 -3
40 -3
40 -3
40 -3
40 -3
44 -6
44 -6
44 -6
44 -6
44 -6
44 -6
44 -6
44 -6
44 -6
44 -6
44 -6
44 -6
44 -6
44 -6
44 -6
44 -6
44 -6
44 -6
44 -6
44 -6
44 -6
44 -6
44 -6
44 -6
44 -6
41 -5
41 -5
41 -5
41 -5
41 -5
41 -5
41 -5
41 -5
41 -5
41 -5
41 -5
41 -5
41 -5
41 -5
41 -5
41 -5
41 -5
41 -5
41 -5
41 -5
41 -5
41 -5
41 -5
41 -5
41 -5
41 -5
41 -5
41 -5
41 -5
41 -5
41 -5
41 -5
41 -5
41 -5
41 -5
41 -5
41 -5
41 -5
41 -5
41 -5
41 -5
41 -5
41 -5
41 -5
41 -5
41 -5
41 -5
41 -5
41 -5
41 -5
41 -5
41 -5
41 -5
41 -5
41 -5
41 -5
41 -5
41 -5
41 -5
41 -5
41 -5
41 -5
41 -5
41 -5
41 -5
41 -5
41 -5
41 -5
41 -5
41 -5
41 -5
47 -5
50 -8
50 -8
50 -8
50 -8
50 -8
50 -8
50 -8
50 -8
50 -8
50 -8
50 -8
50 -8
50 -8
50 -8
50 -8
50 -8
50 -8
50 -8
50 -8
50 -8
50 -8
50 -8
41 -10
41 -10
41 -10
41 -10
41 -10
41 -10
41 -10
41 -10
41 -10
41 -10
41 -10
41 -10
41 -10
41 -10
41 -10
41 -10
41 -10
41 -10
41 -10
41 -10
41 -10
41 -10
41 -10
41 -10
41 -10
41 -10
41 -10
41 -10
41 -10
41 -10
41 -10
41 -10
41 -10
41 -10
41 -10
41 -10
41 -10
41 -10
41 -10
41 -10
42 -9
42 -9
42 -9
42 -9
42 -9
42 -9
42 -9
42 -9
42 -9
42 -9
42 -9
42 -9
42 -9
42 -9
42 -9
42 -9
42 -9
42 -9
42 -9
42 -9
42 -9
42 -9
42 -9
42 -9
43 -17
43 -17
43 -17
43 -17
43 -17
43 -17
43 -17
43 -17
43 -17
43 -17
43 -17
43 -17
43 -17
43 -17
43 -17
43 -17
43 -17
43 -17
43 -17
43 -17
43 -17
43 -17
43 -17
43 -17
43 -17
43 -17
43 -17
43 -17
43 -17
43 -17
43 -17
43 -17
43 -17
43 -17
43 -17
43 -17
43 -17
43 -17
43 -17
43 -17
43 -17
43 -17
43 -17
43 -17
43 -17
43 -17
44 -10
44 -10
44 -10
44 -10
44 -10
44 -10
44 -10
44 -10
44 -10
44 -10
44 -10
44 -10
44 -10
44 -10
44 -10
44 -10
44 -10
44 -10
44 -10
44 -10
44 -10
44 -10
44 -10
44 -10
44 -10
44 -10
44 -10
44 -10
44 -10
44 -10
44 -10
44 -10
44 -10
44 -10
44 -10
44 -10
44 -10
44 -10
44 -10
44 -10
44 -10
44 -10
44 -10
44 -10
44 -10
44 -10
44 -10
44 -10
44 -10
48 -21
48 -21
43 -23
43 -23
43 -23
43 -23
43 -23
43 -23
43 -23
43 -23
43 -23
43 -23
43 -23
43 -23
43 -23
43 -23
43 -23
43 -23
43 -23
43 -23
43 -23
43 -23
43 -23
43 -23
43 -23
43 -23
43 -23
43 -23
43 -23
43 -23
43 -23
43 -23
43 -23
43 -23
43 -23
43 -23
43 -23
43 -23
43 -23
43 -23
43 -23
43 -23
43 -23
43 -23
43 -23
43 -23
43 -23
43 -23
43 -23
43 -23
43 -23
43 -23
43 -23
43 -23
43 -23
43 -23
43 -23
43 -23
43 -23
43 -23
43 -23
43 -23
43 -23
43 -23
43 -23
43 -23
43 -23
43 -23
43 -23
43 -23
40 -26
39 -26
39 -26
39 -26
39 -26
39 -26
39 -26
39 -26
39 -26
39 -26
39 -26
39 -26
39 -26
39 -26
39 -26
39 -26
39 -26
39 -26
39 -26
39 -26
39 -26
39 -26
39 -26
39 -26
39 -26
35 -27
35 -27
35 -27
35 -27
35 -27
35 -27
35 -27
35 -27
35 -27
35 -27
35 -27
35 -27
35 -27
35 -27
35 -27
35 -27
35 -27
35 -27
35 -27
35 -27
35 -27
35 -27
35 -27
35 -27
35 -27
35 -27
35 -27
35 -27
35 -27
35 -27
35 -27
35 -27
35 -27
35 -27
35 -27
35 -27
35 -27
35 -27
35 -27
35 -27
35 -27
35 -27
35 -27
35 -34
35 -34
35 -34
35 -34
35 -34
35 -34
35 -34
35 -34
35 -34
35 -34
35 -34
35 -34
35 -34
35 -34
35 -34
35 -34
35 -34
35 -34
35 -34
35 -34
35 -34
35 -34
35 -34
35 -34
35 -34
35 -34
35 -34
35 -34
35 -34
35 -34
35 -34
35 -34
35 -34
35 -34
35 -34
35 -34
35 -34
35 -34
35 -34
35 -34
35 -34
35 -34
35 -34
32 -32
32 -32
32 -32
32 -32
32 -32
32 -32
32 -32
32 -32
32 -32
32 -32
32 -32
32 -32
32 -32
32 -32
32 -32
32 -32
32 -32
32 -32
32 -32
32 -32
32 -32
32 -32
29 -31
29 -31
29 -31
29 -31
29 -31
29 -31
29 -31
29 -31
29 -31
29 -31
29 -31
29 -31
29 -31
29 -31
29 -31
29 -31
29 -31
29 -31
29 -31
29 -31
29 -31
29 -31
29 -31
29 -31
34 -36
34 -36
34 -36
34 -36
34 -36
34 -36
34 -36
34 -36
34 -36
34 -36
34 -36
34 -36
34 -36
34 -36
34 -36
34 -36
34 -36
34 -36
34 -36
34 -36
34 -36
34 -42
34 -42
34 -42
34 -42
34 -42
34 -42
34 -42
34 -42
34 -42
34 -42
34 -42
34 -42
34 -42
34 -42
34 -42
34 -42
34 -42
34 -42
34 -42
34 -42
34 -42
34 -42
34 -42
34 -42
34 -42
34 -42
34 -42
34 -42
34 -42
34 -42
34 -42
34 -42
34 -42
34 -42
34 -42
34 -42
34 -42
34 -42
34 -42
34 -42
34 -42
35 -39
35 -39
35 -39
35 -39
35 -39
35 -39
35 -39
35 -39
35 -39
35 -39
35 -39
35 -39
35 -39
35 -39
35 -39
35 -39
35 -39
35 -39
35 -39
35 -39
35 -39
35 -39
35 -39
35 -39
35 -39
35 -39
35 -39
35 -39
35 -39
35 -39
35 -39
35 -39
35 -39
35 -39
35 -39
35 -39
35 -39
35 -39
35 -39
35 -39
35 -39
35 -39
35 -39
35 -39
35 -39
35 -39
35 -39
35 -39
35 -39
33 -37
33 -37
33 -37
33 -37
33 -37
33 -37
33 -37
33 -37
33 -37
33 -37
33 -37
33 -37
33 -37
33 -37
33 -37
33 -37
33 -37
33 -37
33 -37
33 -37
33 -37
33 -37
33 -37
33 -37
33 -37
33 -37
33 -37
33 -37
33 -37
33 -37
33 -37
33 -37
33 -37
33 -37
33 -37
33 -37
33 -37
33 -37
33 -37
33 -37
33 -37
33 -37
33 -37
33 -37
33 -37
33 -37
33 -37
33 -37
33 -37
33 -37
33 -37
33 -37
33 -37
33 -37
33 -37
33 -37
33 -37
33 -37
33 -37
33 -37
33 -37
33 -37
30 -39
27 -52
27 -52
27 -52
27 -52
27 -52
27 -52
27 -52
27 -52
27 -52
27 -52
27 -52
27 -52
27 -52
27 -52
27 -52
27 -52
27 -52
27 -52
27 -52
27 -52
27 -52
27 -52
27 -52
27 -52
27 -52
27 -52
27 -52
27 -52
27 -52
27 -52
27 -52
27 -52
27 -52
27 -52
27 -52
22 -55
22 -55
22 -55
22 -55
22 -55
22 -55
22 -55
22 -55
22 -55
22 -55
22 -55
22 -55
22 -55
22 -55
22 -55
22 -55
22 -55
22 -55
22 -55
22 -55
18 -44
18 -44
18 -44
18 -44
18 -44
18 -44
18 -44
18 -44
18 -44
18 -44
18 -44
18 -44
18 -44
18 -44
18 -44
18 -44
18 -44
18 -44
18 -44
18 -44
18 -44
18 -44
18 -44
18 -44
18 -44
18 -44
18 -44
18 -44
18 -44
18 -44
18 -44
18 -44
18 -44
18 -44
18 -44
14 -48
14 -48
14 -48
14 -48
14 -48
14 -48
14 -48
14 -48
14 -48
14 -48
14 -48
14 -48
14 -48
14 -48
14 -48
14 -48
14 -48
14 -48
14 -48
14 -48
14 -48
14 -48
14 -48
14 -48
14 -48
14 -48
14 -48
14 -48
14 -48
14 -48
14 -48
14 -48
14 -48
13 -48
13 -48
13 -48
13 -48
13 -48
13 -48
13 -48
13 -48
13 -48
13 -48
13 -48
13 -48
13 -48
13 -48
13 -48
13 -48
13 -48
13 -48
13 -48
13 -48
13 -48
13 -48
13 -48
13 -48
13 -48
13 -48
13 -48
13 -48
13 -48
13 -48
13 -48
13 -48
13 -48
13 -48
7 -46
7 -46
7 -46
7 -46
7 -46
7 -46
7 -46
7 -46
7 -46
7 -46
7 -46
7 -46
7 -46
7 -46
7 -46
7 -46
7 -46
10 -53
10 -53
10 -53
10 -53
10 -53
10 -53
10 -53
10 -53
10 -53
10 -53
10 -53
10 -53
10 -53
10 -53
10 -53
10 -53
10 -53
10 -53
4 -54
4 -54
4 -54
4 -54
4 -54
4 -54
4 -54
4 -54
4 -54
4 -54
4 -54
4 -54
4 -54
4 -54
4 -54
4 -54
4 -54
4 -54
4 -54
4 -54
4 -54
4 -54
4 -54
4 -54
4 -54
4 -54
4 -54
4 -54
4 -54
4 -54
4 -54
4 -54
4 -54
4 -54
4 -54
4 -54
4 -54
4 -54
4 -54
4 -54
4 -54
4 -54
4 -54
4 -54
4 -54
4 -54
4 -54
4 -54
4 -54
4 -54
4 -54
-2 -53
-2 -53
-2 -53
-2 -53
-2 -53
-2 -53
-2 -53
-2 -53
-2 -53
-2 -53
-2 -53
-2 -53
-2 -53
-2 -53
-2 -53
-2 -53
-2 -53
-2 -53
-2 -53
-2 -53
-2 -53
-2 -53
-2 -53
-2 -53
-2 -53
-2 -53
-2 -53
-2 -53
-2 -53
-2 -53
-2 -53
-2 -53
-2 -53
-2 -53
-2 -53
-2 -53
-2 -53
3 -59
2 -57
2 -57
2 -57
2 -57
2 -57
2 -57
2 -57
2 -57
2 -57
2 -57
2 -57
2 -57
2 -57
2 -57
2 -57
2 -57
2 -57
0 -63
0 -63
0 -63
0 -63
0 -63
0 -63
0 -63
0 -63
0 -63
0 -63
0 -63
0 -63
0 -63
0 -63
0 -63
0 -63
0 -63
0 -63
0 -63
0 -63
0 -63
0 -63
0 -63
0 -63
0 -63
0 -63
0 -63
0 -63
0 -63
0 -63
0 -63
0 -63
0 -63
0 -63
0 -63
0 -63
0 -63
0 -63
0 -63
0 -63
0 -63
0 -63
0 -63
0 -63
0 -63
0 -63
0 -63
0 -63
0 -63
0 -63
0 -63
0 -63
0 -63
0 -63
-2 -61
-2 -61
-2 -61
-2 -61
-2 -61
-2 -61
-2 -61
-2 -61
-2 -61
-2 -61
-2 -61
-2 -61
-2 -61
-2 -61
-2 -61
-2 -61
-2 -61
-2 -61
-2 -61
-2 -61
-2 -61
-2 -61
-2 -61
-2 -61
-2 -61
-2 -61
-2 -61
-2 -61
-2 -61
-2 -61
-2 -61
-2 -61
-6 -54
-6 -54
-6 -54
-6 -54
-6 -54
-6 -54
-6 -54
-6 -54
-6 -54
-6 -54
-6 -54
-6 -54
-6 -54
-6 -54
-6 -54
-6 -54
-6 -54
-6 -54
-6 -54
-6 -54
-6 -54
-6 -54
-6 -54
-6 -54
-6 -54
-6 -54
-6 -54
-6 -54
-6 -54
-6 -54
-6 -54
-6 -54
-5 -54
-5 -54
-5 -54
-5 -54
-5 -54
-5 -54
-5 -54
-5 -54
-5 -54
-5 -54
-5 -54
-5 -54
-5 -54
-5 -54
-5 -54
-5 -54
-5 -54
-5 -54
-5 -54
-5 -54
-5 -54
-5 -54
-5 -54
-5 -54
-5 -54
-5 -54
-5 -54
-5 -54
-5 -54
-5 -54
-5 -54
-5 -54
-5 -54
-5 -54
-9 -55
-9 -55
-9 -55
-9 -55
-9 -55
-9 -55
-9 -55
-9 -55
-9 -55
-9 -55
-9 -55
-9 -55
-9 -55
-9 -55
-9 -55
-4 -48
-4 -48
-4 -48
-4 -48
-4 -48
-4 -48
-4 -48
-4 -48
-4 -48
-4 -48
-4 -48
-4 -48
-4 -48
-4 -48
-4 -48
-4 -48
-4 -48
-4 -48
-4 -48
-4 -48
-4 -48
-4 -48
-4 -48
-4 -48
-4 -48
-4 -48
-4 -48
-4 -48
-4 -48
-4 -48
-4 -48
-4 -48
-4 -48
-4 -48
-4 -48
-4 -48
-4 -55
-4 -55
-4 -55
-4 -55
-4 -55
-4 -55
-4 -55
-4 -55
-4 -55
-4 -55
-4 -55
-4 -55
-4 -55
-4 -55
-4 -55
-4 -55
-4 -55
-4 -55
-4 -55
-4 -55
-4 -55
-4 -55
-4 -55
-4 -55
-4 -55
-4 -55
-4 -55
-4 -55
-4 -55
-4 -55
-4 -55
-4 -55
-4 -49
-4 -49
-4 -49
-4 -49
-4 -49
-4 -49
-4 -49
-4 -49
-4 -49
-4 -49
-4 -49
-4 -49
-4 -49
-4 -49
-4 -49
-4 -49
-8 -42
-8 -42
-8 -42
-8 -42
-8 -42
-8 -42
-8 -42
-8 -42
-8 -42
-8 -42
-8 -42
-8 -42
-8 -42
-8 -42
-8 -42
-8 -42
-8 -42
-8 -42
-8 -42
-8 -42
-8 -42
-8 -42
-8 -42
-8 -42
-8 -42
-8 -42
-8 -42
-8 -42
-8 -42
-8 -42
-8 -42
-8 -42
-8 -42
-9 -45
-9 -45
-9 -45
-9 -45
-9 -45
-9 -45
-9 -45
-9 -45
-9 -45
-9 -45
-9 -45
-9 -45
-9 -45
-9 -45
-11 -43
-11 -43
-11 -43
-11 -43
-11 -43
-11 -43
-11 -43
-11 -43
-11 -43
-11 -43
-11 -43
-11 -43
-11 -43
-11 -43
-11 -43
-11 -43
-11 -43
-11 -43
-11 -43
-11 -43
-11 -43
-11 -43
-11 -43
-11 -43
-11 -43
-11 -43
-11 -43
-11 -43
-11 -43
-11 -43
-11 -43
-11 -43
-11 -43
-11 -43
-14 -44
-14 -44
-14 -44
-14 -44
-14 -44
-14 -44
-14 -44
-14 -44
-14 -44
-14 -44
-14 -44
-14 -44
-14 -44
-14 -44
-14 -44
-14 -44
-14 -44
-14 -44
-14 -44
-14 -44
-14 -44
-14 -44
-14 -44
-14 -44
-14 -44
-14 -44
-14 -44
-14 -44
-14 -44
-14 -44
-14 -44
-14 -44
-14 -44
-14 -44
-17 -43
-17 -43
-17 -43
-17 -43
-17 -43
-17 -43
-17 -43
-17 -43
-17 -43
-17 -43
-17 -43
-17 -43
-17 -43
-17 -43
-17 -43
-17 -43
-17 -43
-17 -43
-17 -43
-17 -43
-17 -43
-17 -43
-17 -43
-17 -43
-17 -43
-17 -43
-17 -43
-17 -43
-17 -43
-17 -43
-17 -43
-17 -43
-17 -43
-17 -32
-17 -32
-17 -32
-17 -32
-17 -32
-17 -32
-17 -32
-17 -32
-17 -32
-17 -32
-17 -32
-17 -32
-17 -32
-17 -32
-17 -32
-17 -32
-17 -32
-16 -34
-16 -34
-16 -34
-16 -34
-16 -34
-16 -34
-16 -34
-16 -34
-16 -34
-16 -34
-16 -34
-16 -34
-16 -34
-16 -34
-16 -34
-16 -34
-16 -35
-16 -35
-16 -35
-16 -35
-16 -35
-16 -35
-16 -35
-16 -35
-16 -35
-16 -35
-16 -35
-16 -35
-16 -35
-16 -35
-16 -35
-16 -35
-16 -35
-16 -35
-16 -35
-16 -35
-16 -35
-16 -35
-16 -35
-16 -35
-16 -35
-16 -35
-16 -35
-16 -35
-16 -35
-16 -35
-16 -35
-16 -35
-16 -35
-16 -35
-16 -35
-16 -35
-16 -35
-16 -35
-16 -35
-16 -35
-16 -35
-16 -35
-16 -35
-16 -35
-16 -35
-16 -35
-16 -35
-16 -35
-16 -35
-16 -35
-16 -35
-16 -35
-16 -35
-16 -35
-16 -35
-16 -35
-16 -35
-16 -35
-16 -35
-16 -35
-16 -35
-16 -35
-16 -35
-16 -35
-16 -35
-16 -35
-16 -35
-16 -35
-16 -35
-16 -35
-16 -35
-16 -35
-16 -35
-16 -35
-23 -36
-18 -37
-18 -37
-18 -37
-18 -37
-18 -37
-18 -37
-18 -37
-18 -37
-18 -37
-18 -37
-18 -37
-18 -37
-18 -37
-18 -37
-18 -37
-18 -37
-18 -37
-18 -37
-18 -37
-18 -37
-18 -37
-18 -37
-18 -37
-18 -37
-18 -37
-18 -37
-18 -37
-18 -37
-23 -32
-29 -25
-29 -25
-29 -25
-29 -25
-29 -25
-29 -25
-29 -25
-29 -25
-29 -25
-29 -25
-29 -25
-29 -25
-29 -25
-29 -25
-29 -25
-29 -25
-29 -25
-29 -25
-29 -25
-29 -25
-29 -25
-29 -25
-29 -25
-29 -25
-29 -25
-29 -25
-29 -25
-29 -25
-29 -25
-29 -25
-29 -25
-29 -25
-29 -25
-29 -25
-28 -21
-28 -21
-28 -21
-28 -21
-28 -21
-28 -21
-28 -21
-28 -21
-28 -21
-28 -21
-28 -21
-28 -21
-28 -21
-28 -21
-28 -21
-28 -21
-27 -25
-27 -25
-27 -25
-27 -25
-27 -25
-27 -25
-27 -25
-27 -25
-27 -25
-27 -25
-27 -25
-27 -25
-27 -25
-27 -25
-27 -25
-27 -25
-27 -25
-27 -25
-27 -25
-27 -25
-27 -25
-27 -25
-27 -25
-27 -25
-27 -25
-27 -25
-27 -25
-27 -25
-27 -25
-27 -25
-27 -25
-27 -25
-27 -25
-27 -25
-27 -25
-27 -25
-27 -25
-32 -38
-32 -38
-32 -38
-32 -38
-32 -38
-32 -38
-32 -38
-32 -38
-32 -38
-32 -38
-32 -38
-32 -38
-32 -38
-32 -38
-32 -38
-32 -38
-32 -38
-32 -38
-32 -38
-32 -38
-32 -38
-32 -38
-32 -38
-32 -38
-32 -38
-32 -38
-32 -38
-32 -38
-32 -38
-32 -38
-32 -38
-32 -38
-32 -38
-32 -38
-32 -38
-32 -38
-23 -19
-45 -30
-45 -30
-45 -30
-45 -30
-45 -30
-45 -30
-45 -30
-45 -30
-45 -30
-45 -30
-45 -30
-45 -30
-45 -30
-45 -30
-45 -30
-45 -30
-45 -30
-35 -25
-35 -25
-35 -25
-35 -25
-35 -25
-35 -25
-35 -25
-35 -25
-35 -25
-35 -25
-35 -25
-35 -25
-35 -25
-35 -25
-35 -25
-35 -25
-35 -25
-35 -25
-35 -25
-35 -25
-35 -25
-35 -25
-35 -25
-35 -25
-35 -25
-35 -25
-35 -25
-35 -25
-35 -25
-35 -25
-35 -25
-35 -25
-35 -25
-35 -25
-35 -25
-44 -23
-44 -23
-44 -23
-44 -23
-44 -23
-44 -23
-44 -23
-44 -23
-44 -23
-44 -23
-44 -23
-44 -23
-44 -23
-44 -23
-44 -23
-44 -23
-44 -22
-44 -22
-44 -22
-44 -22
-44 -22
-44 -22
-44 -22
-44 -22
-44 -22
-44 -22
-44 -22
-44 -22
-44 -22
-44 -22
-44 -22
-44 -22
-44 -22
-44 -22
-44 -22
-44 -22
-44 -22
-44 -22
-44 -22
-44 -22
-44 -22
-44 -22
-44 -22
-44 -22
-44 -22
-44 -22
-44 -22
-44 -22
-44 -22
-44 -22
-44 -22
-44 -22
-44 -22
-44 -22
-44 -22
-44 -22
-44 -22
-44 -22
-44 -22
-44 -22
-44 -22
-44 -22
-44 -22
-44 -22
-44 -22
-44 -22
-44 -22
-44 -22
-44 -22
-44 -22
-44 -22
-44 -22
-44 -22
-44 -22
-44 -22
-44 -22
-44 -22
-52 -13
-52 -13
-52 -13
-52 -13
-52 -13
-52 -13
-52 -13
-52 -13
-52 -13
-52 -13
-52 -13
-52 -13
-52 -13
-52 -13
-52 -13
-52 -13
-52 -13
-52 -13
-52 -13
-52 -13
-52 -13
-52 -13
-52 -13
-52 -13
-52 -13
-52 -13
-52 -13
-52 -13
-52 -13
-54 -9
-54 -9
-54 -9
-54 -9
-54 -9
-54 -9
-54 -9
-54 -9
-54 -9
-54 -9
-54 -9
-54 -9
-54 -9
-62 -10
-62 -10
-62 -10
-62 -10
-62 -10
-62 -10
-62 -10
-62 -10
-62 -10
-62 -10
-62 -10
-62 -10
-62 -10
-62 -10
-62 -10
-62 -10
-62 -10
-62 -10
-62 -10
-62 -10
-62 -10
-62 -10
-62 -10
-62 -10
-62 -10
-62 -10
-62 -10
-62 -10
-62 -10
-62 -10
-62 -10
-62 -10
-63 -6
-63 -6
-63 -6
-63 -6
-63 -6
-63 -6
-63 -6
-63 -6
-63 -6
-63 -6
-63 -6
-63 -6
-63 -6
-63 -6
-63 -6
-63 -6
-63 -6
-63 -6
-63 -6
-63 -6
-63 -6
-63 -6
-63 -6
-63 -6
-63 -6
-63 -6
-63 -6
-63 -6
-63 -6
-63 -6
-63 -6
-63 -6
-63 -1
-63 -1
-63 -1
-63 -1
-63 -1
-63 -1
-63 -1
-63 -1
-63 -1
-63 -1
-63 -1
-63 -1
-63 -1
-63 -1
-63 -1
-63 -1
-63 -1
-63 -1
-63 -1
-63 -1
-63 -1
-63 -1
-62 -1
-62 -1
-62 -1
-62 -1
-62 -1
-62 -1
-62 -1
-62 -1
-62 -1
-62 -1
-62 -1
-62 -1
-62 -1
-62 -1
-62 -1
-62 -1
-57 -2
-57 -2
-57 -2
-57 -2
-57 -2
-57 -2
-57 -2
-57 -2
-57 -2
-57 -2
-57 -2
-57 -2
-57 -2
-57 -2
-57 -2
-57 -2
-57 -2
-57 -2
-57 -2
-57 -2
-57 -2
-57 -2
-57 -2
-57 -2
-57 -2
-57 -2
-57 -2
-57 -2
-57 -2
-57 -2
-57 -2
-57 -2
-57 -2
-57 -2
-57 -2
-57 -2
-57 -2
-57 -2
-57 -2
-57 -2
-57 -2
-57 -2
-57 -2
-57 -2
-57 -2
-57 -2
-57 -2
-57 -2
-57 -2
-57 -2
-57 -2
-57 -2
-57 -2
-57 -2
-63 1
-61 3
-61 3
-61 3
-61 3
-61 3
-61 3
-61 3
-61 3
-61 3
-61 3
-61 3
-61 3
-61 3
-61 3
-61 3
-61 3
-61 3
-61 3
-61 3
-61 3
-61 3
-61 3
-61 3
-61 3
-61 3
-61 3
-61 3
-61 3
-61 3
-61 3
-61 3
-65 3
-65 3
-65 3
-65 3
-65 3
-65 3
-65 3
-65 3
-65 3
-65 3
-65 3
-65 3
-65 3
-65 3
-65 3
-65 3
-65 3
-61 4
-61 4
-61 4
-61 4
-61 4
-61 4
-61 4
-61 4
-61 4
-61 4
-61 4
-61 4
-61 4
-61 4
-61 4
-61 4
-61 4
-61 4
-65 12
-65 12
-65 12
-65 12
-65 12
-65 12
-65 12
-65 12
-65 12
-65 12
-65 12
-65 12
-65 12
-65 12
-65 12
-58 8
-58 8
-58 8
-58 8
-58 8
-58 8
-58 8
-58 8
-58 8
-58 8
-58 8
-58 8
-58 8
-58 8
-58 8
-58 8
-58 8
-58 8
-58 8
-58 8
-58 8
-58 8
-58 8
-58 8
-58 8
-58 8
-58 8
-58 8
-58 8
-58 8
-54 7
-54 7
-54 7
-54 7
-54 7
-54 7
-54 7
-54 7
-54 7
-54 7
-54 7
-54 7
-54 7
-54 7
-54 7
-54 7
-54 7
-54 7
-54 7
-54 7
-54 7
-54 7
-54 7
-54 7
-54 7
-54 7
-54 7
-54 7
-54 7
-54 7
-54 7
-54 7
-54 7
-65 8
-65 8
-65 8
-65 8
-65 8
-65 8
-65 8
-65 8
-65 8
-65 8
-65 8
-65 8
-65 8
-65 8
-65 8
-65 8
-65 8
-65 8
-65 8
-65 8
-65 8
-65 8
-65 8
-65 8
-65 8
-65 8
-65 8
-65 8
-65 8
-65 8
-62 14
-63 22
-63 22
-63 22
-63 22
-63 22
-63 22
-63 22
-63 22
-63 22
-63 22
-63 22
-63 22
-63 22
-63 22
-63 22
-63 22
-55 23
-55 23
-55 23
-55 23
-55 23
-55 23
-55 23
-55 23
-55 23
-55 23
-55 23
-55 23
-55 23
-55 23
-55 23
-55 23
-55 23
-55 23
-55 23
-55 23
-55 23
-55 23
-55 23
-55 23
-55 23
-55 23
-55 23
-55 23
-55 23
-55 23
-55 23
-55 23
-67 26
-67 26
-67 26
-67 26
-67 26
-67 26
-67 26
-67 26
-67 26
-67 26
-67 26
-67 26
-67 26
-67 26
-67 26
-67 26
-67 26
-67 26
-56 29
-56 29
-56 29
-56 29
-56 29
-56 29
-56 29
-56 29
-56 29
-56 29
-56 29
-56 29
-56 29
-56 29
-56 29
-56 29
-56 29
-56 29
-56 29
-56 29
-56 29
-56 29
-56 29
-56 29
-56 29
-56 29
-56 29
-56 29
-56 29
-56 29
-56 29
-56 29
-56 29
-59 34
-59 34
-59 34
-59 34
-59 34
-59 34
-59 34
-59 34
-59 34
-59 34
-59 34
-59 34
-59 34
-59 34
-59 34
-59 34
-59 34
-59 34
-59 34
-59 34
-59 34
-59 34
-59 34
-59 34
-59 34
-59 34
-59 34
-59 34
-59 34
-59 34
-59 34
-59 34
-59 34
-51 31
-44 32
-44 32
-44 32
-44 32
-44 32
-44 32
-44 32
-44 32
-44 32
-44 32
-44 32
-44 32
-44 32
-44 32
-44 32
-44 32
-44 32
-44 32
-44 32
-44 32
-44 32
-44 32
-44 32
-44 32
-44 32
-44 32
-44 32
-44 32
-44 32
-44 32
-44 32
-49 38
-49 38
-49 38
-49 38
-49 38
-49 38
-49 38
-49 38
-49 38
-49 38
-49 38
-49 38
-49 38
-49 38
-49 38
-49 38
-49 38
-38 42
-38 42
-38 42
-38 42
-38 42
-38 42
-38 42
-38 42
-38 42
-38 42
-38 42
-38 42
-38 42
-38 42
-38 42
-38 42
-38 42
-38 42
-38 42
-38 42
-38 42
-38 42
-38 42
-38 42
-38 42
-38 42
-38 42
-38 42
-38 42
-38 42
-38 42
-38 42
-38 42
-38 42
-38 42
-38 42
-38 42
-38 42
-38 42
-38 42
-38 42
-38 42
-38 42
-38 42
-38 42
-38 42
-38 42
-38 42
-38 42
-38 42
-38 42
-40 48
-42 43
-42 43
-42 43
-42 43
-42 43
-42 43
-42 43
-42 43
-42 43
-42 43
-42 43
-42 43
-42 43
-42 43
-42 43
-42 43
-42 43
-42 43
-42 43
-42 43
-42 43
-42 43
-42 43
-42 43
-42 43
-42 43
-42 43
-42 43
-42 43
-42 43
-42 43
-42 43
-42 43
-31 48
-31 48
-31 48
-31 48
-31 48
-31 48
-31 48
-31 48
-31 48
-31 48
-31 48
-31 48
-31 48
-31 48
-31 48
-31 48
-31 48
-31 48
-26 56
-26 56
-26 56
-26 56
-26 56
-26 56
-26 56
-26 56
-26 56
-26 56
-26 56
-26 56
-26 56
-26 56
-26 56
-26 56
-26 56
-31 54
-31 54
-31 54
-31 54
-31 54
-31 54
-31 54
-31 54
-31 54
-31 54
-31 54
-31 54
-31 54
-31 54
-31 54
-31 54
-31 54
-31 54
-31 54
-31 54
-31 54
-32 55
-32 55
-32 55
-32 55
-32 55
-32 55
-32 55
-32 55
-32 55
-32 55
-32 55
-32 55
-32 55
-32 55
-32 55
-32 55
-32 55
-32 55
-32 55
-32 55
-32 55
-32 55
-32 55
-32 55
-32 55
-32 55
-32 55
-32 55
-32 55
-32 55
-32 55
-32 55
-32 55
-32 55
-32 55
-32 55
-32 55
-32 55
-32 55
-32 55
-32 55
-32 55
-26 48
-26 48
-26 48
-26 48
-26 48
-26 48
-26 48
-26 48
-26 48
-26 48
-26 48
-26 48
-26 48
-26 48
-26 48
-26 48
-26 48
-26 48
-26 48
-26 48
-26 48
-26 48
-26 48
-26 48
-26 48
-26 48
-26 48
-26 48
-26 48
-26 48
-26 48
-26 48
-26 48
-26 48
-26 48
-26 48
-26 48
-26 48
-21 55
-21 55
-21 55
-21 55
-21 55
-21 55
-21 55
-21 55
-21 55
-21 55
-21 55
-21 55
-21 55
-21 55
-21 55
-21 55
-21 55
-21 55
-21 55
-21 55
-21 55
-21 55
-21 55
-21 55
-21 55
-21 55
-21 55
-21 55
-21 55
-21 55
-21 55
-21 55
-21 55
-21 55
-21 55
-21 55
-21 55
-21 55
-21 55
-21 55
-21 55
-21 55
-21 55
-21 55
-21 55
-21 55
-21 55
-21 55
-23 52
-23 52
-23 52
-23 52
-23 52
-23 52
-23 52
-23 52
-23 52
-23 52
-23 52
-23 52
-23 52
-23 52
-23 52
-23 52
-23 52
-23 52
-23 52
-23 52
-23 52
-23 52
-23 52
-23 52
-23 52
-23 52
-23 52
-23 52
-23 52
-23 52
-23 52
-23 52
-23 52
-23 52
-20 49
-20 49
-20 49
-20 49
-20 49
-20 49
-20 49
-20 49
-20 49
-20 49
-20 49
-20 49
-20 49
-20 49
-20 49
-20 49
-20 49
-20 49
-18 49
-18 49
-18 49
-18 49
-18 49
-18 49
-18 49
-18 49
-18 49
-18 49
-18 49
-18 49
-18 49
-18 49
-18 49
-18 49
-18 49
-18 49
-18 49
-18 49
-18 49
-18 49
-18 49
-18 49
-18 49
-18 49
-18 49
-18 49
-18 49
-18 49
-18 49
-18 49
-18 49
-18 49
-18 49
-18 49
-14 51
-14 51
-14 51
-14 51
-14 51
-14 51
-14 51
-14 51
-14 51
-14 51
-14 51
-14 51
-14 51
-14 51
-14 51
-14 51
-14 51
-14 51
-14 51
-14 48
-14 48
-14 48
-14 48
-14 48
-14 48
-14 48
-14 48
-14 48
-14 48
-14 48
-14 48
-14 48
-14 48
-14 48
-14 48
-9 39
-9 39
-9 39
-9 39
-9 39
-9 39
-9 39
-9 39
-9 39
-9 39
-9 39
-9 39
-9 39
-9 39
-9 39
-9 39
-9 39
-9 39
-9 39
-9 39
-9 39
-9 39
-9 39
-9 39
-9 39
-9 39
-9 39
-9 39
-9 39
-9 39
-9 39
-9 39
-9 39
-9 39
-9 39
-9 39
-9 39
-9 39
-9 39
-7 38
-7 38
-7 38
-7 38
-7 38
-7 38
-7 38
-7 38
-7 38
-7 38
-7 38
-7 38
-7 38
-7 38
-7 38
-7 38
-7 38
-7 38
-7 34
-7 34
-7 34
-7 34
-7 34
-7 34
-7 34
-7 34
-7 34
-7 34
-7 34
-7 34
-7 34
-7 34
-7 34
-7 34
-7 34
-7 34
-7 34
-7 34
-7 34
-7 34
-7 34
-7 34
-7 34
-7 34
-7 34
-7 34
-7 34
-7 34
-7 34
-7 34
-7 34
-7 34
-7 27
-7 27
-7 27
-7 27
-7 27
-7 27
-7 27
-7 27
-7 27
-7 27
-7 27
-7 27
-7 27
-7 27
-7 27
-7 27
-2 26
-2 26
-2 26
-2 26
-2 26
-2 26
-2 26
-2 26
-2 26
-2 26
-2 26
-2 26
-2 26
-2 26
-2 26
-2 26
-2 26
-2 26
-2 26
-1 24
-1 24
-1 24
-1 24
-1 24
-1 24
-1 24
-1 24
-1 24
-1 24
-1 24
-1 24
-1 24
-1 24
-1 24
-1 24
-1 24
-1 24
-1 24
-1 24
-1 24
-1 24
-1 24
-1 24
-1 24
-1 24
-1 24
-1 24
-1 24
-1 24
-1 24
-1 24
-1 24
-1 24
-1 24
-1 24
-1 24
-1 24
-1 24
-1 24
-1 24
-1 24
-1 24
-1 24
-1 24
-1 24
-1 24
-1 24
-1 24
-1 24
-1 24
-1 24
-1 24
-1 24
-1 24
-1 24
-1 15
-1 15
-1 15
-1 15
-1 15
-1 15
-1 15
-1 15
-1 15
-1 15
-1 15
-1 15
-1 15
-1 15
-1 15
-1 15
-1 15
-1 13
0 7
0 7
0 7
0 7
0 7
0 7
0 7
0 7
0 7
0 7
0 7
0 7
0 7
0 7
0 7
0 7
0 7
0 7
0 7
0 7
0 7
0 7
0 7
0 7
0 7
0 7
0 7
0 7
0 7
0 6
0 6
0 6
0 6
0 6
0 6
0 6
0 6
0 6
0 6
0 6
0 6
0 6
0 6
0 6
0 6
0 6
0 3
0 3
0 3
0 3
0 3
0 3
0 3
0 3
0 3
0 3
0 3
0 3
0 3
0 3
0 3
0 3
0 3
0 3
0 3
0 3
0 3
0 3
0 3
0 3
0 3
0 3
0 3
0 3
0 3
0 3
0 3
0 2
0 2
0 2
0 2
0 2
0 2
0 2
0 2
0 2
0 2
0 2
0 2
0 2
0 2
0 2
0 2
0 2
0 2
0 2
0 2
0 2
0 2
0 2
0 2
0 2
0 2
0 2
0 2
0 2
0 2
0 2
0 2
0 2
0 1
0 1
0 1
0 1
0 1
0 1
0 1
0 1
0 1
0 1
0 1
0 1
0 1
0 1
0 1
0 1
0 1
0 1
0 1
0 1
0 1
0 1
0 1
0 1
0 1
0 1
0 1
0 1
0 1
0 1
0 1
0 1
0 1
0 1
0 1
0 1
0 1
0 1
0 1
0 1
0 1
0 1
0 1
0 1
0 1
0 1
0 1
0 1
0 1
0 1
0 1
0 1
0 1
0 1
0 1
0 1
0 1
0 1
0 1
0 1
0 1
0 1
0 1
0 1
0 1
0 1
0 1
0 1
0 1
0 1
0 1
0 1
0 1
0 1
0 1
0 1
0 1
0 1
0 1
0 1
0 1
0 1
0 1
0 1
0 1
0 1
0 1
0 1
0 1
0 1
0 1
0 1
0 3
0 3
0 3
0 3
0 3
0 3
0 3
0 3
0 3
0 3
0 3
0 3
0 3
0 3
0 3
0 3
0 3
0 3
0 3
0 3
0 3
0 3
0 3
0 3
0 3
0 3
0 3
0 3
0 3
0 3
0 3
0 3
0 3
0 3
0 3
0 3
0 3
0 3
0 3
0 3
0 3
0 3
0 3
0 3
0 3
0 3
0 3
0 3
0 3
0 3
0 3
0 3
0 3
0 3
0 3
0 3
0 3
0 3
0 3
0 3
0 3
0 3
0 3
0 3
0 3
0 3
0 3
0 3
0 3
0 3
0 3
3 0
6 1
6 1
6 1
6 1
6 1
6 1
6 1
6 1
6 1
6 1
6 1
6 1
6 1
6 1
6 1
6 1
6 1
6 1
6 1
6 1
6 1
6 1
6 1
6 1
6 1
6 1
6 1
6 1
6 1
6 1
6 1
6 1
6 1
6 1
6 1
6 1
6 1
6 1
6 1
6 1
6 1
6 1
6 1
6 1
6 1
6 1
6 1
6 1
6 1
6 1
6 1
6 1
6 1
6 1
6 1
6 1
6 1
6 1
6 1
6 1
6 1
6 1
6 1
6 1
6 1
6 1
6 1
6 1
6 1
6 1
6 1
6 1
6 1
6 1
2 -1
2 -1
2 -1
2 -1
2 -1
2 -1
2 -1
2 -1
2 -1
2 -1
2 -1
2 -1
2 -1
2 -1
2 -1
2 -1
2 -1
2 -1
2 -1
2 -1
2 -1
2 -1
2 -1
2 -1
2 -1
2 -1
2 -1
2 -1
2 -1
2 -1
2 -1
2 -1
2 -1
2 -1
2 -1
1 0
1 0
1 0
1 0
1 0
1 0
1 0
1 0
1 0
1 0
1 0
1 0
1 0
1 0
1 0
1 -1
1 -1
1 -1
1 -1
1 -1
1 -1
1 -1
1 -1
1 -1
1 -1
1 -1
1 -1
1 -1
1 -1
1 -1
1 -1
1 -1
1 -1
1 -1
1 -1
1 -1
1 -1
1 -1
1 -1
1 -1
1 -1
1 -1
1 -1
1 -1
1 -1
1 -1
1 -1
1 -1
1 -1
1 -1
1 -1
1 -1
1 -1
1 -1
1 -1
1 -1
1 -1
1 -1
1 -1
1 -1
1 -1
1 -1
1 0
1 0
1 0
1 0
1 0
1 0
1 0
1 0
1 0
1 0
1 0
1 0
1 0
1 0
1 0
1 0
1 0
1 0
1 0
1 0
1 0
1 0
1 0
1 0
1 0
1 0
1 0
1 0
1 0
1 0
1 0
1 0
1 0
1 0
1 0
1 0
1 0
1 0
1 0
1 0
1 0
1 0
1 0
1 0
1 0
1 0
1 0
1 0
1 0
1 0
1 0
1 0
1 0
1 0
1 0
1 0
1 0
1 0
1 0
1 0
1 0
1 0
1 0
1 0
1 0
1 0
1 0
1 0
1 0
1 0
1 0
1 0
1 0
1 0
1 0
1 0
1 0
1 0
1 0
1 0
1 0
1 0
1 0
1 0
1 0
1 0
1 0
1 0
1 0
1 0
1 0
1 0
1 0
1 0
1 0
1 0
1 0
1 0
1 0
1 0
1 0
1 0
1 0
1 0
1 0
1 0
1 0
1 0
1 0
1 0
1 0
1 0
1 0
1 0
1 0
1 0
1 0
1 0
1 0
1 0
1 0
1 0
1 0
1 0
1 0
1 0
0 1
0 1
0 1
0 1
0 1
0 1
0 1
0 1
0 1
0 1
0 1
0 1
0 1
0 1
0 1
0 1
0 1
0 1
0 1
0 1
0 1
0 1
0 1
0 1
0 1
0 1
0 1
0 1
0 1
0 1
0 1
0 1
-1 0
-1 0
-1 0
-1 0
-1 0
-1 0
-1 0
-1 0
-1 0
-1 0
-1 0
-1 0
-1 0
-1 0
-1 0
-1 0
-1 0
-1 0
-1 0
-1 0
-1 0
-1 0
-1 0
-1 0
-1 0
-1 0
-1 0
-1 0
-1 0
-1 0
-1 0
-1 0
-1 0
-1 0
-1 0
-1 0
-1 0
-1 0
-1 0
-1 0
-1 0
-1 0
-1 0
-1 0
-1 0
-1 0
-1 0
-1 0
-1 0
-1 0
-1 0
-1 0
-1 0
-1 0
-1 0
-1 0
-1 0
-1 0
-1 0
-1 0
-1 0
-1 0
-1 0
-1 0
-1 0
-1 0
-1 0
-1 0
-1 0
-1 0
-1 0
-1 0
-1 0
-1 0
-1 0
-1 0
-1 0
-1 0
-1 0
-1 0
-1 0
-1 0
-1 0
-1 0
-1 0
-1 0
-1 0
-1 0
-1 0
-1 0
-1 0
-1 0
-1 0
-1 0
-1 0
-1 0
-1 0
-1 0
-1 0
-1 0
-1 0
-1 0
-1 0
-1 0
-1 0
-1 0
-1 0
-1 0
-1 0
-1 0
-1 0
-1 0
-1 0
-1 0
-1 0
-1 0
-1 0
-1 0
-1 0
-1 0
-1 0
-1 0
-1 0
-1 0
-1 0
-1 0
-1 0
-1 0
-1 0
-1 0
-1 0
-1 0
-1 0
-1 0
-1 0
-1 0
-1 0
-1 0
-1 0
-1 0
-1 0
-1 0
-1 0
-1 0
-1 0
-1 0
-1 0
-1 0
-1 0
-1 0
-1 0
-1 0
-1 0
-1 0
-1 0
-1 0
-1 0
-1 0
-1 0
-1 0
-1 0
-1 0
-1 0
-1 0
-1 0
-1 0
-1 0
-1 0
-1 0
-1 0
-1 0
-1 0
-1 0
-1 0
-1 0
-1 0
-1 0
-1 0
-1 0
-1 0
-1 0
-1 0
-1 0
-1 0
-1 0
-1 0
-1 0
-1 0
-1 0
-1 0
-1 0
-1 0
-1 0
-1 0
-1 0
-1 0
-1 0
-1 0
-1 0
-1 0
-1 0
-1 0
-1 0
-1 0
-1 0
-1 0
-1 0
-1 0
-1 0
-1 0
-1 0
-1 0
-1 0
-1 0
-1 0
-1 0
-1 0
-1 0
-1 0
-1 0
-1 0
-1 0
-1 0
-1 0
-1 0
-1 0
-1 0
-1 0
-1 0
-1 0
-1 0
-1 0
-1 0
-1 0
-1 0
-1 0
-1 0
-1 0
-1 0
-1 0
-1 0
-1 0
-1 0
-1 0
-1 0
-1 0
-1 0
-1 0
-1 0
-1 0
-1 0
-1 0
-1 0
-1 0
-1 0
-1 0
-1 0
-1 0
-1 0
-1 0
-1 0
-1 0
-1 0
-1 0
-1 0
-1 0
-1 0
-1 0
-1 0
-1 0
-1 0
-1 0
-1 0
-1 0
-1 0
-1 0
-1 0
-1 0
-1 0
-1 0
-1 0
-1 0
-1 0
-1 0
-1 0
-1 0
-1 0
-1 0
-1 0
-1 0
-1 0
-1 0
-1 0
-1 0
-1 0
-1 0
-1 0
-1 0
-1 0
-1 0
-1 0
-1 0
-1 0
-1 0
-1 0
-1 0
-1 0
-1 0
-1 0
-1 0
-1 0
-1 0
-1 0
-1 0
-1 0
-1 0
-1 0
-1 0
-1 0
-1 0
-1 0
-1 0
-1 0
-1 0
-1 0
-1 0
-1 0
-1 0
-1 0
-1 0
-1 0
-1 0
-1 0
-1 0
-1 0
-1 0
-1 0
-1 0
-1 0
-1 0
-1 0
-1 0
-1 0
-1 0
-1 0
-1 0
-1 0
-1 0
-1 0
-1 0
-1 0
-1 0
-1 0
-1 0
-1 0
-1 0
-1 0
-1 0
-1 0
-1 0
-1 0
-1 0
-1 0
-1 0
-1 0
-1 0
-1 0
-1 0
-1 0
-1 0
-1 0
-1 0
-1 0
-1 0
-1 0
-1 0
-1 0
-1 0
-1 0
-1 0
-1 0
-1 0
-1 0
-1 0
-1 0
-1 0
-1 0
-1 0
-1 0
-1 0
-1 0
-1 0
-1 0
-1 0
-1 0
-1 0
-1 0
-1 0
-1 0
-1 0
-1 0
-1 0
-1 0
-1 0
-1 0
-1 0
-1 0
-1 0
-1 0
-1 0
-1 0
-1 0
-1 0
-1 0
-1 0
-1 0
-1 0
-1 0
-1 0
-1 0
-1 0
-1 0
-1 0
-1 0
-1 0
-1 0
-1 0
-1 0
-1 0
-1 0
-1 0
-1 0
-1 0
-1 0
-1 0
-1 0
-1 0
-1 0
-1 0
-1 0
-1 0
-1 0
-1 0
-1 0
-1 0
-1 0
-1 0
-1 0
-1 0
-1 0
-1 0
-1 0
-1 0
-1 0
-1 0
-1 0
-1 0
-1 0
-1 0
-1 0
-1 0
-1 0
-1 0
-1 0
-1 0
-1 0
-1 0
-1 0
-1 0
-1 0
-1 0
-1 0
-1 0
-1 0
-1 0
-1 0
-1 0
-1 0
-1 0
-1 0
-1 0
-1 0
-1 0
-1 0
-1 0
-1 0
-1 0
-1 0
-1 0
-1 0
-1 0
-1 0
-1 0
-1 0
-1 0
-1 0
-1 0
-1 0
-1 0
-1 0
-1 0
-1 0
-1 0
-1 0
-1 0
-1 0
-1 0
-1 0
-1 0
-1 0
-1 0
-1 0
-1 0
-1 0
-1 0
-1 0
-1 0
-1 0
-1 0
-1 0
-1 0
-1 0
-1 0
-1 0
-1 0
-1 0
-1 0
-1 0
-1 0
-1 0
-1 0
-1 0
-1 0
-1 0
-1 0
-1 0
-1 0
-1 0
-1 0
-1 0
-1 0
-1 0
-1 0
-1 0
-1 0
-1 0
-1 0
-1 0
-1 0
-1 0
-1 0
-1 0
-1 0
-1 0
-1 0
-1 0
-1 0
-1 0
-1 0
-1 0
-1 0
-1 0
-1 0
-1 0
-1 0
-1 0
-1 0
-1 0
-1 0
-1 0
-1 0
-1 0
-1 0
-1 0
-1 0
-1 0
-1 0
-1 0
-1 0
-1 0
-1 0
-1 0
-1 0
-1 0
-1 0
-1 0
-1 0
-1 0
-1 0
-1 0
-1 0
-1 0
-1 0
-1 0
-1 0
-1 0
-1 0
-1 0
-1 0
-1 0
-1 0
-1 0
-1 0
-1 0
-1 0
-1 0
-1 0
-1 0
-1 0
-1 0
-1 0
-1 0
-1 0
-1 0
-1 0
-1 0
-1 0
-1 0
-1 0
-1 0
-1 0
-1 0
-1 0
-1 0
-1 0
-1 0
-1 0
-1 0
-1 0
-1 0
-1 0
-1 0
-1 0
-1 0
-1 0
-1 0
-1 0
-1 0
-1 0
-1 0
-1 0
-1 0
-1 0
-1 0
-1 0
-1 0
-1 0
-1 0
-1 0
-1 0
-1 0
-1 0
-1 0
-1 0
-1 0
-1 0
-1 0
-1 0
-1 0
-1 0
-1 0
-1 0
-1 0
-1 0
-1 0
-1 0
-1 0
-1 0
-1 0
-1 0
-1 0
-1 0
-1 0
-1 0
-1 0
-1 0
-1 0
-1 0
-1 0
-1 0
-1 0
-1 0
-1 0
-1 0
-1 0
-1 0
-1 0
-1 0
-1 0
-1 0
