95 14
96 -1
96 -1
101 -2
85 -25
85 -25
85 -25
85 -25
85 -25
85 -25
85 -25
85 -25
85 -25
85 -25
85 -25
85 -25
85 -25
85 -25
85 -25
85 -25
85 -25
85 -25
85 -25
85 -25
85 -25
85 -25
85 -25
85 -25
85 -25
85 -25
85 -25
85 -25
85 -25
85 -25
85 -25
85 -25
85 -25
85 -25
85 -25
85 -25
85 -25
85 -25
85 -25
85 -25
85 -25
85 -25
85 -25
85 -25
85 -25
87 -27
87 -27
87 -27
87 -27
87 -27
87 -27
87 -27
87 -27
87 -27
87 -27
87 -27
87 -27
87 -27
87 -27
87 -27
87 -27
87 -27
87 -27
83 -42
83 -42
83 -42
83 -42
83 -42
83 -42
83 -42
83 -42
83 -42
83 -42
83 -42
83 -42
83 -42
83 -42
83 -42
83 -42
83 -42
83 -42
83 -42
83 -42
83 -42
83 -42
83 -42
83 -42
83 -42
83 -42
83 -42
83 -42
83 -42
83 -42
83 -42
83 -42
83 -42
83 -42
83 -42
83 -42
83 -42
87 -44
87 -44
87 -44
87 -44
87 -44
87 -44
87 -44
87 -44
87 -44
87 -44
87 -44
87 -44
87 -44
87 -44
87 -44
87 -44
87 -44
87 -44
87 -44
87 -44
87 -44
87 -44
87 -44
87 -44
87 -44
87 -44
87 -44
87 -44
87 -44
87 -44
87 -44
87 -44
87 -44
87 -44
87 -44
87 -44
87 -44
87 -44
87 -44
87 -44
87 -44
87 -44
62 -65
62 -65
62 -65
62 -65
62 -65
62 -65
62 -65
62 -65
62 -65
62 -65
62 -65
62 -65
62 -65
62 -65
62 -65
62 -65
62 -65
62 -65
62 -65
62 -65
62 -65
62 -65
62 -65
62 -65
62 -65
62 -65
62 -65
62 -65
62 -65
62 -65
62 -65
62 -65
62 -65
62 -65
62 -65
62 -65
62 -65
62 -65
62 -65
56 -62
56 -62
56 -62
56 -62
56 -62
56 -62
56 -62
56 -62
56 -62
56 -62
56 -62
56 -62
56 -62
56 -62
56 -62
56 -62
56 -62
56 -62
49 -74
49 -74
49 -74
49 -74
49 -74
49 -74
49 -74
49 -74
49 -74
49 -74
49 -74
49 -74
49 -74
49 -74
49 -74
49 -74
49 -74
49 -74
49 -74
49 -74
49 -74
49 -74
31 -76
31 -76
31 -76
31 -76
31 -76
31 -76
31 -76
31 -76
31 -76
31 -76
31 -76
31 -76
31 -76
31 -76
31 -76
31 -76
31 -76
31 -76
31 -76
31 -76
31 -76
31 -76
31 -76
31 -76
31 -76
31 -76
31 -76
31 -76
31 -76
31 -76
31 -76
31 -76
31 -76
31 -76
31 -76
31 -76
31 -76
31 -76
31 -76
31 -76
25 -84
25 -84
25 -84
25 -84
25 -84
25 -84
25 -84
25 -84
25 -84
25 -84
25 -84
25 -84
25 -84
25 -84
25 -84
25 -84
25 -84
25 -84
25 -84
25 -84
25 -84
25 -84
25 -84
25 -84
25 -84
25 -84
25 -84
25 -84
25 -84
25 -84
25 -84
25 -84
25 -84
25 -84
25 -84
25 -84
25 -84
25 -84
25 -84
25 -84
25 -84
25 -84
25 -84
25 -84
18 -94
18 -94
18 -94
18 -94
18 -94
18 -94
18 -94
18 -94
18 -94
18 -94
18 -94
18 -94
18 -94
18 -94
18 -94
18 -94
18 -94
18 -94
18 -94
18 -94
18 -94
13 -92
13 -92
13 -92
13 -92
13 -92
13 -92
13 -92
13 -92
13 -92
13 -92
13 -92
13 -92
13 -92
13 -92
13 -92
13 -92
13 -92
13 -92
13 -92
13 -92
13 -92
13 -92
13 -92
13 -92
13 -92
15 -87
15 -87
15 -87
15 -87
15 -87
15 -87
15 -87
15 -87
15 -87
15 -87
15 -87
15 -87
15 -87
15 -87
15 -87
15 -87
15 -87
15 -87
15 -87
15 -87
15 -87
15 -87
15 -87
9 -94
9 -94
9 -94
9 -94
9 -94
9 -94
9 -94
9 -94
9 -94
9 -94
9 -94
9 -94
9 -94
9 -94
9 -94
9 -94
9 -94
9 -94
9 -94
9 -94
9 -94
9 -94
9 -94
9 -94
9 -94
9 -94
9 -94
9 -94
9 -94
9 -94
9 -94
9 -94
9 -94
9 -94
9 -94
9 -94
9 -94
9 -94
9 -94
9 -94
9 -94
9 -94
9 -94
9 -94
9 -94
9 -94
9 -94
11 -97
11 -97
11 -97
11 -97
11 -97
11 -97
11 -97
11 -97
11 -97
11 -97
11 -97
11 -97
11 -97
11 -97
11 -97
11 -97
11 -97
11 -97
11 -97
11 -97
11 -97
11 -97
11 -97
11 -97
11 -97
11 -97
11 -97
11 -97
11 -97
11 -97
11 -97
11 -97
11 -97
11 -97
11 -97
11 -97
11 -97
11 -97
11 -97
11 -97
11 -97
11 -97
11 -97
11 -97
11 -97
11 -97
5 -97
5 -97
5 -97
5 -97
5 -97
5 -97
5 -97
5 -97
5 -97
5 -97
5 -97
5 -97
5 -97
5 -97
5 -97
5 -97
5 -97
5 -97
5 -97
5 -97
5 -97
5 -97
5 -97
4 -94
4 -94
4 -94
4 -94
4 -94
4 -94
4 -94
4 -94
4 -94
4 -94
4 -94
4 -94
4 -94
4 -94
4 -94
4 -94
4 -94
4 -94
4 -94
4 -94
4 -94
4 -94
4 -94
4 -94
4 -94
4 -94
4 -94
4 -94
4 -94
4 -94
4 -94
4 -94
4 -94
4 -94
4 -94
4 -94
4 -94
4 -94
1 -88
1 -88
1 -88
1 -88
1 -88
1 -88
1 -88
1 -88
1 -88
1 -88
1 -88
1 -88
1 -88
1 -88
1 -88
1 -88
1 -88
1 -88
-2 -86
-2 -86
-2 -86
-2 -86
-2 -86
-2 -86
-2 -86
-2 -86
-2 -86
-2 -86
-2 -86
-2 -86
-2 -86
-2 -86
-2 -86
-2 -86
-2 -86
-2 -86
-7 -90
-7 -90
-7 -90
-7 -90
-7 -90
-7 -90
-7 -90
-7 -90
-7 -90
-7 -90
-7 -90
-7 -90
-7 -90
-7 -90
-7 -90
-7 -90
-7 -90
-7 -90
-7 -90
-7 -90
-7 -90
-6 -84
-6 -84
-6 -84
-6 -84
-6 -84
-6 -84
-6 -84
-6 -84
-6 -84
-6 -84
-6 -84
-6 -84
-6 -84
-6 -84
-6 -84
-6 -84
-6 -84
-6 -84
-6 -84
-6 -84
-6 -84
-6 -84
-6 -84
-6 -84
-6 -84
-6 -84
-6 -84
-6 -84
-6 -84
-6 -84
-6 -84
-6 -84
-6 -84
-6 -84
-6 -84
-6 -84
-6 -84
-6 -84
-6 -84
-6 -84
-8 -78
-8 -78
-8 -78
-8 -78
-8 -78
-8 -78
-8 -78
-8 -78
-8 -78
-8 -78
-8 -78
-8 -78
-8 -78
-8 -78
-8 -78
-8 -78
-8 -78
-8 -78
-8 -78
-8 -78
-17 -86
-17 -86
-17 -86
-17 -86
-17 -86
-17 -86
-17 -86
-17 -86
-17 -86
-17 -86
-17 -86
-17 -86
-17 -86
-17 -86
-17 -86
-17 -86
-17 -86
-17 -86
-17 -86
-17 -86
-18 -86
-18 -86
-18 -86
-18 -86
-18 -86
-18 -86
-18 -86
-18 -86
-18 -86
-18 -86
-18 -86
-18 -86
-18 -86
-18 -86
-18 -86
-18 -86
-18 -86
-18 -86
-18 -86
-18 -86
-18 -86
-18 -86
-18 -86
-18 -86
-18 -86
-18 -86
-18 -86
-18 -86
-18 -86
-18 -86
-18 -86
-18 -86
-18 -86
-18 -86
-18 -86
-18 -86
-18 -86
-18 -86
-18 -86
-18 -86
-18 -86
-18 -86
-18 -86
-18 -86
-22 -82
-22 -82
-22 -82
-22 -82
-22 -82
-22 -82
-22 -82
-22 -82
-22 -82
-22 -82
-22 -82
-22 -82
-22 -82
-22 -82
-22 -82
-22 -82
-22 -82
-22 -82
-22 -82
-25 -91
-25 -91
-25 -91
-25 -91
-25 -91
-25 -91
-25 -91
-25 -91
-25 -91
-25 -91
-25 -91
-25 -91
-25 -91
-25 -91
-25 -91
-25 -91
-25 -91
-25 -91
-25 -91
-25 -91
-25 -91
-25 -91
-25 -91
-25 -91
-25 -91
-25 -91
-25 -91
-25 -91
-25 -91
-25 -91
-25 -91
-25 -91
-25 -91
-25 -91
-25 -91
-25 -91
-25 -91
-25 -91
-25 -91
-25 -91
-25 -91
-25 -91
-25 -91
-25 -91
-25 -91
-25 -91
-25 -91
-25 -91
-25 -91
-25 -91
-25 -91
-25 -91
-25 -91
-25 -91
-25 -91
-25 -91
-25 -91
-25 -91
-25 -91
-25 -91
-25 -91
-25 -91
-25 -91
-25 -91
-25 -91
-32 -88
-32 -88
-32 -88
-32 -88
-32 -88
-32 -88
-32 -88
-32 -88
-32 -88
-32 -88
-32 -88
-32 -88
-32 -88
-32 -88
-32 -88
-32 -88
-32 -88
-32 -88
-32 -88
-32 -88
-36 -78
-36 -78
-36 -78
-36 -78
-36 -78
-36 -78
-36 -78
-36 -78
-36 -78
-36 -78
-36 -78
-36 -78
-36 -78
-36 -78
-36 -78
-36 -78
-36 -78
-36 -78
-36 -78
-36 -78
-36 -78
-36 -78
-36 -78
-36 -78
-36 -78
-36 -78
-36 -78
-36 -78
-36 -78
-36 -78
-36 -78
-36 -78
-36 -78
-36 -78
-36 -78
-36 -78
-36 -78
-36 -78
-36 -78
-36 -78
-36 -78
-36 -78
-43 -68
-43 -68
-43 -68
-43 -68
-43 -68
-43 -68
-43 -68
-43 -68
-43 -68
-43 -68
-43 -68
-43 -68
-43 -68
-43 -68
-43 -68
-43 -68
-43 -68
-43 -68
-43 -68
-43 -68
-43 -68
-43 -68
-43 -68
-67 -81
-67 -81
-67 -81
-67 -81
-67 -81
-67 -81
-67 -81
-67 -81
-67 -81
-67 -81
-67 -81
-67 -81
-67 -81
-67 -81
-67 -81
-67 -81
-67 -81
-67 -81
-67 -81
-67 -81
-67 -81
-75 -57
-75 -57
-75 -57
-75 -57
-75 -57
-75 -57
-75 -57
-75 -57
-75 -57
-75 -57
-75 -57
-75 -57
-75 -57
-75 -57
-75 -57
-75 -57
-75 -57
-75 -57
-75 -57
-75 -57
-75 -57
-75 -57
-75 -57
-75 -57
-75 -57
-75 -57
-75 -57
-75 -57
-75 -57
-75 -57
-75 -57
-75 -57
-83 -64
-83 -64
-83 -64
-83 -64
-83 -64
-83 -64
-83 -64
-83 -64
-83 -64
-83 -64
-83 -64
-83 -64
-83 -64
-83 -64
-83 -64
-83 -64
-83 -64
-83 -64
-83 -64
-83 -64
-83 -64
-83 -64
-83 -64
-83 -64
-83 -64
-83 -64
-83 -64
-83 -64
-83 -64
-83 -64
-83 -64
-83 -64
-83 -64
-83 -64
-83 -64
-83 -64
-83 -64
-83 -64
-83 -64
-83 -64
-83 -64
-83 -64
-83 -64
-79 -60
-79 -60
-79 -60
-79 -60
-79 -60
-79 -60
-79 -60
-79 -60
-79 -60
-79 -60
-79 -60
-79 -60
-79 -60
-79 -60
-79 -60
-79 -60
-79 -60
-79 -60
-79 -60
-79 -60
-79 -60
-81 -50
-81 -50
-81 -50
-81 -50
-81 -50
-81 -50
-81 -50
-81 -50
-81 -50
-81 -50
-81 -50
-81 -50
-81 -50
-81 -50
-81 -50
-81 -50
-81 -50
-81 -50
-81 -50
-81 -50
-81 -50
-81 -50
-81 -50
-81 -50
-91 -52
-91 -52
-91 -52
-91 -52
-91 -52
-91 -52
-91 -52
-91 -52
-91 -52
-91 -52
-91 -52
-91 -52
-91 -52
-91 -52
-91 -52
-91 -52
-91 -52
-91 -52
-91 -52
-91 -52
-91 -52
-91 -52
-91 -52
-91 -52
-91 -52
-91 -52
-91 -52
-91 -52
-91 -52
-91 -52
-91 -52
-91 -52
-91 -52
-91 -52
-91 -52
-91 -52
-91 -52
-91 -52
-91 -52
-91 -52
-91 -52
-91 -52
-91 -52
-91 -52
-91 -52
-91 -52
-91 -52
-91 -52
-91 -52
-91 -52
-94 -39
-94 -39
-94 -39
-94 -39
-94 -39
-94 -39
-94 -39
-94 -39
-94 -39
-94 -39
-94 -39
-94 -39
-94 -39
-94 -39
-94 -39
-94 -39
-94 -39
-94 -39
-94 -39
-94 -39
-94 -39
-94 -39
-94 -39
-94 -39
-94 -39
-94 -39
-94 -39
-94 -39
-94 -39
-94 -39
-94 -39
-94 -39
-94 -39
-94 -39
-94 -39
-94 -39
-94 -39
-94 -39
-94 -39
-94 -39
-94 -39
-94 -39
-94 -39
-94 -39
-94 -39
-94 -39
-94 -39
-94 -39
-94 -39
-94 -39
-94 -39
-94 -39
-94 -39
-94 -39
-94 -39
-94 -39
-94 -39
-94 -39
-94 -39
-94 -39
-94 -39
-94 -39
-94 -39
-94 -39
-94 -39
-94 -39
-94 -39
-94 -39
-94 -39
-94 -39
-94 -39
-94 -39
-94 -39
-94 -39
-94 -39
-94 -39
-94 -39
-94 -39
-94 -39
-94 -39
-94 -39
-94 -39
-94 -39
-94 -39
-94 -39
-94 -39
-94 -39
-94 -39
-94 -39
-94 -39
-94 -39
-94 -39
-94 -39
-94 -39
-94 -39
-94 -39
-94 -39
-98 -30
-106 -17
-106 -17
-106 -17
-106 -17
-106 -17
-106 -17
-106 -17
-106 -17
-106 -17
-106 -17
-106 -17
-106 -17
-106 -17
-106 -17
-106 -17
-106 -17
-106 -17
-106 -17
-106 -17
-106 -17
-106 -17
-106 -17
-106 -17
-105 -12
-92 2
-92 2
-92 2
-92 2
-92 2
-92 2
-92 2
-92 2
-92 2
-92 2
-92 2
-92 2
-92 2
-92 2
-92 2
-92 2
-92 2
-92 2
-92 2
-92 2
-92 2
-111 -4
-111 -4
-111 -4
-111 -4
-111 -4
-111 -4
-111 -4
-111 -4
-111 -4
-111 -4
-111 -4
-111 -4
-111 -4
-111 -4
-111 -4
-111 -4
-111 -4
-111 -4
-111 -4
-111 -4
-111 -4
-111 -4
-111 -4
-111 -4
-111 -4
-111 -4
-111 -4
-111 -4
-111 -4
-111 -4
-111 -4
-111 -4
-111 -4
-111 -4
-111 -4
-111 -4
-111 -4
-111 -4
-111 -4
-111 -4
-111 -4
-111 -4
-111 -4
-111 -4
-111 -4
-111 -4
-105 3
-105 3
-105 3
-105 3
-105 3
-105 3
-105 3
-105 3
-105 3
-105 3
-105 3
-105 3
-105 3
-105 3
-105 3
-105 3
-105 3
-105 3
-105 3
-105 3
-105 3
-105 3
-105 3
-114 16
-114 16
-114 16
-114 16
-114 16
-114 16
-114 16
-114 16
-114 16
-114 16
-114 16
-114 16
-114 16
-114 16
-114 16
-114 16
-114 16
-114 16
-114 16
-114 16
-114 16
-114 16
-114 16
-114 16
-114 16
-114 16
-114 16
-114 16
-114 16
-114 16
-114 16
-114 16
-114 16
-114 16
-114 16
-114 16
-114 16
-114 16
-114 16
-114 16
-114 16
-114 16
-114 16
-114 16
-114 16
-114 16
-113 24
-113 24
-113 24
-113 24
-113 24
-113 24
-113 24
-113 24
-113 24
-113 24
-113 24
-113 24
-113 24
-113 24
-113 24
-113 24
-113 24
-113 24
-113 24
-113 24
-113 24
-113 24
-113 24
-113 24
-113 24
-113 24
-113 24
-113 24
-113 24
-113 24
-113 24
-113 24
-113 24
-113 24
-113 24
-113 24
-113 24
-113 24
-113 24
-113 24
-127 45
-127 45
-127 45
-127 45
-127 45
-127 45
-127 45
-127 45
-127 45
-127 45
-127 45
-127 45
-127 45
-127 45
-127 45
-127 45
-127 45
-127 45
-127 45
-127 45
-127 45
-127 45
-127 45
-127 45
-127 45
-127 45
-127 45
-127 45
-127 45
-127 45
-127 45
-127 45
-127 45
-127 45
-127 45
-127 45
-127 45
-127 45
-127 45
-127 45
-127 45
-127 45
-127 45
-127 45
-127 45
-110 58
-110 58
-110 58
-110 58
-110 58
-110 58
-110 58
-110 58
-110 58
-110 58
-110 58
-110 58
-110 58
-110 58
-110 58
-110 58
-110 58
-110 58
-110 58
-110 58
-110 58
-110 58
-120 72
-120 72
-120 72
-120 72
-120 72
-120 72
-120 72
-120 72
-120 72
-120 72
-120 72
-120 72
-120 72
-120 72
-120 72
-120 72
-120 72
-120 72
-120 72
-120 72
-120 72
-120 72
-120 72
-120 72
-120 72
-120 72
-139 97
-139 97
-139 97
-139 97
-139 97
-139 97
-139 97
-139 97
-139 97
-139 97
-139 97
-139 97
-139 97
-139 97
-139 97
-139 97
-139 97
-139 97
-139 97
-139 97
-139 97
-139 97
-139 97
-139 97
-139 97
-139 97
-139 97
-139 97
-139 97
-139 97
-139 97
-139 97
-139 97
-139 97
-139 97
-139 97
-139 97
-139 97
-139 97
-139 97
-139 97
-139 97
-139 97
-139 97
-139 97
-139 97
-117 73
-117 73
-117 73
-117 73
-117 73
-117 73
-117 73
-117 73
-117 73
-117 73
-117 73
-117 73
-117 73
-117 73
-117 73
-117 73
-117 73
-117 73
-117 73
-117 73
-117 73
-117 73
-119 78
-119 78
-119 78
-119 78
-119 78
-119 78
-119 78
-119 78
-119 78
-119 78
-119 78
-119 78
-119 78
-119 78
-119 78
-119 78
-119 78
-119 78
-119 78
-119 78
-119 78
-119 78
-119 78
-119 78
-119 78
-119 78
-119 78
-119 78
-119 78
-119 78
-119 78
-119 78
-119 78
-119 78
-119 78
-119 78
-119 78
-119 78
-119 78
-119 78
-119 78
-119 78
-119 78
-119 78
-119 78
-119 78
-119 78
-119 78
-119 78
-119 78
-111 81
-111 81
-111 81
-111 81
-111 81
-111 81
-111 81
-111 81
-111 81
-111 81
-111 81
-111 81
-111 81
-111 81
-111 81
-111 81
-111 81
-111 81
-111 81
-111 81
-111 81
-111 81
-111 81
-111 81
-98 92
-98 92
-98 92
-98 92
-98 92
-98 92
-98 92
-98 92
-98 92
-98 92
-98 92
-98 92
-98 92
-98 92
-98 92
-98 92
-98 92
-98 92
-98 92
-98 92
-98 92
-98 92
-98 92
-98 92
-98 92
-98 92
-98 92
-98 92
-98 92
-98 92
-98 92
-98 92
-98 92
-98 92
-98 92
-98 92
-98 92
-98 92
-98 92
-98 92
-98 92
-98 92
-98 92
-98 92
-98 92
-98 92
-98 92
-98 92
-98 92
-98 92
-98 92
-98 92
-98 92
-98 92
-98 92
-98 92
-98 92
-79 98
-79 98
-79 98
-79 98
-79 98
-79 98
-79 98
-79 98
-79 98
-79 98
-79 98
-79 98
-79 98
-79 98
-79 98
-79 98
-79 98
-79 98
-79 98
-79 98
-79 98
-79 98
-79 98
-79 98
-79 98
-79 98
-79 98
-79 98
-79 98
-79 98
-79 98
-79 98
-79 98
-79 98
-79 98
-67 78
-52 86
-52 86
-52 86
-52 86
-52 86
-52 86
-52 86
-52 86
-52 86
-52 86
-52 86
-52 86
-52 86
-52 86
-52 86
-52 86
-52 86
-52 86
-52 86
-52 86
-52 86
-52 86
-52 86
-52 86
-52 86
-52 86
-52 86
-52 86
-52 86
-52 86
-52 86
-52 86
-52 86
-52 86
-52 86
-48 105
-48 105
-48 105
-48 105
-48 105
-48 105
-48 105
-48 105
-48 105
-48 105
-48 105
-48 105
-48 105
-48 105
-48 105
-48 105
-48 105
-48 105
-48 105
-28 100
-28 100
-28 100
-28 100
-28 100
-28 100
-28 100
-28 100
-28 100
-28 100
-28 100
-28 100
-28 100
-28 100
-28 100
-28 100
-28 100
-28 100
-28 100
-28 100
-28 100
-28 100
-28 100
-28 100
-28 100
-28 100
-28 100
-28 100
-28 100
-28 100
-28 100
-28 100
-28 100
-28 100
-28 100
-28 100
-28 100
-28 100
-28 100
-28 100
-28 100
-28 100
-28 100
-28 100
-28 100
-28 100
-28 100
-28 100
-28 100
-28 100
-28 100
-28 100
-28 100
-28 100
-28 100
-28 100
-28 100
-28 100
-28 100
-28 100
-28 100
-28 100
-28 100
-28 100
-28 100
-28 100
-28 100
-28 100
-28 100
-28 100
-28 100
-28 100
-28 100
-16 99
-14 103
-14 103
-14 103
-14 103
-14 103
-14 103
-14 103
-14 103
-14 103
-14 103
-14 103
-14 103
-14 103
-14 103
-14 103
-14 103
-14 103
-14 103
-14 103
-14 103
-14 103
-14 103
-14 103
-14 103
-14 103
-14 103
-14 103
-14 103
-14 103
-14 103
-14 103
-14 103
-14 103
-14 103
-14 103
-14 103
-14 103
-14 103
-14 103
-14 103
-14 103
-6 107
-6 107
-6 107
-6 107
-6 107
-6 107
-6 107
-6 107
-6 107
-6 107
-6 107
-6 107
-6 107
-6 107
-6 107
-6 107
-6 107
-6 107
-6 107
-6 107
-6 107
-6 107
-6 107
-6 107
-6 107
-6 107
-6 107
-6 107
-6 107
-6 107
-6 107
-6 107
-6 107
-6 107
1 92
14 105
14 105
14 105
14 105
14 105
14 105
14 105
14 105
14 105
14 105
14 105
14 105
14 105
14 105
14 105
14 105
14 105
14 105
14 105
14 105
14 105
14 105
14 105
14 105
14 105
14 105
14 105
14 105
14 105
14 105
14 105
20 92
20 92
20 92
20 92
20 92
20 92
20 92
20 92
20 92
20 92
20 92
20 92
20 92
20 92
20 92
20 92
20 92
20 92
20 92
20 92
20 92
20 92
20 92
20 92
20 92
20 92
20 92
20 92
20 92
20 92
20 92
23 89
23 89
23 89
23 89
23 89
23 89
23 89
23 89
23 89
23 89
23 89
23 89
23 89
23 89
23 89
23 89
23 89
23 89
23 89
23 89
23 89
23 89
23 89
23 89
23 89
23 89
23 89
23 89
35 91
41 82
41 82
41 82
41 82
41 82
41 82
41 82
41 82
41 82
41 82
41 82
41 82
41 82
63 100
63 100
63 100
63 100
63 100
63 100
63 100
63 100
63 100
63 100
63 100
63 100
63 100
63 100
63 100
63 100
63 100
63 100
63 100
63 100
63 100
63 100
63 100
63 100
63 100
63 100
63 100
63 100
63 100
63 100
63 100
63 100
63 100
63 100
63 100
53 66
53 66
53 66
53 66
53 66
53 66
53 66
53 66
53 66
53 66
53 66
53 66
53 66
53 66
74 70
74 70
74 70
74 70
74 70
74 70
74 70
74 70
74 70
74 70
74 70
74 70
74 70
74 70
70 50
70 50
70 50
70 50
70 50
70 50
70 50
70 50
70 50
70 50
70 50
70 50
70 50
70 50
70 50
70 50
70 50
70 50
70 50
70 50
70 50
70 50
70 50
70 50
70 50
70 50
70 50
70 50
70 50
70 50
70 50
70 50
70 50
70 50
72 39
72 39
72 39
72 39
72 39
72 39
72 39
72 39
72 39
72 39
72 39
72 39
72 39
72 39
72 39
72 39
72 39
70 28
70 28
70 28
70 28
70 28
70 28
70 28
70 28
70 28
70 28
70 28
70 28
70 28
70 28
70 28
70 28
70 28
70 28
70 28
70 28
70 28
70 28
70 28
70 28
70 28
70 28
70 28
70 28
70 28
70 28
70 28
70 28
70 28
59 19
59 19
59 19
59 19
59 19
59 19
59 19
59 19
59 19
59 19
59 19
59 19
59 19
59 19
59 19
59 19
48 8
48 8
48 8
48 8
48 8
48 8
48 8
48 8
48 8
48 8
48 8
48 8
48 8
48 8
48 8
48 8
35 4
35 4
35 4
35 4
35 4
35 4
35 4
35 4
35 4
35 4
35 4
35 4
35 4
35 4
35 4
35 4
35 4
35 4
35 4
35 4
35 4
35 4
35 4
35 4
35 4
35 4
35 4
35 4
35 4
35 4
35 4
35 4
35 4
35 4
35 4
35 4
35 4
35 4
35 4
35 4
35 4
35 4
35 4
35 4
35 4
35 4
20 2
12 0
12 0
12 0
12 0
12 0
12 0
12 0
12 0
12 0
12 0
12 0
12 0
12 0
12 0
12 0
12 0
12 0
12 0
12 0
12 0
12 0
12 0
12 0
12 0
12 0
12 0
12 0
12 0
12 0
12 0
12 0
12 0
4 -1
4 -1
4 -1
4 -1
4 -1
4 -1
4 -1
4 -1
4 -1
4 -1
4 -1
4 -1
4 -1
4 -1
4 -1
4 -1
4 -1
4 -1
4 -1
4 -1
4 -1
4 -1
4 -1
4 -1
4 -1
4 -1
4 -1
4 -1
4 -1
4 -1
4 -1
4 -1
4 -1
4 -1
4 -1
4 -1
4 -1
4 -1
4 -1
4 -1
4 -1
4 -1
4 -1
4 -1
4 -1
4 -1
4 -1
4 -1
4 -1
4 -1
4 -1
4 -1
4 -1
4 -1
4 -1
4 -1
4 -1
4 -1
4 -1
4 -1
4 -1
4 -1
4 -1
4 -1
4 -1
4 -1
4 -1
4 -1
4 -1
4 -1
4 -1
4 -1
4 -1
4 -1
4 -1
4 -1
4 -1
4 -1
4 -1
4 -1
4 -1
4 -1
4 -1
4 -1
4 -1
4 -1
4 -1
4 -1
4 -1
4 -1
4 -1
4 -1
4 -1
4 -1
4 -1
4 -1
4 -1
4 -1
4 -1
4 -1
4 -1
4 -1
4 -1
4 -1
4 -1
4 -1
4 -1
4 -1
4 -1
4 -1
4 -1
4 -1
4 -1
4 -1
4 -1
4 -1
4 -1
4 -1
4 -1
4 -1
4 -1
4 -1
4 -1
4 -1
4 -1
4 -1
4 -1
4 -1
4 -1
4 -1
4 -1
4 -1
4 -1
4 -1
4 -1
4 -1
4 -1
4 -1
4 -1
4 -1
4 -1
4 -1
4 -1
4 -1
4 -1
4 -1
4 -1
4 -1
4 -1
4 -1
4 -1
4 -1
4 -1
4 -1
4 -1
4 -1
4 -1
4 -1
4 -1
4 -1
4 -1
4 -1
4 -1
4 -1
4 -1
4 -1
4 -1
4 -1
4 -1
4 -1
4 -1
4 -1
4 -1
4 -1
4 -1
4 -1
4 -1
4 -1
4 -1
4 -1
4 -1
4 -1
4 -1
4 -1
4 -1
4 -1
4 -1
4 -1
4 -1
4 -1
4 -1
4 -1
4 -1
4 -1
4 -1
4 -1
4 -1
4 -1
4 -1
4 -1
4 -1
4 -1
4 -1
4 -1
4 -1
4 -1
4 -1
4 -1
4 -1
4 -1
4 -1
4 -1
4 -1
4 -1
4 -1
4 -1
4 -1
4 -1
4 -1
4 -1
4 -1
4 -1
4 -1
4 -1
4 -1
4 -1
4 -1
4 -1
4 -1
4 -1
4 -1
4 -1
4 -1
4 -1
4 -1
4 -1
4 -1
4 -1
4 -1
4 -1
4 -1
4 -1
4 -1
4 -1
4 -1
4 -1
4 -1
4 -1
4 -1
4 -1
4 -1
4 -1
4 -1
4 -1
4 -1
4 -1
4 -1
4 -1
4 -1
4 -1
4 -1
-1 0
-1 0
-1 0
-1 0
-1 0
-1 0
-1 0
-1 0
-1 0
-1 0
-1 0
-1 0
-1 0
-1 0
-1 0
-1 0
-1 0
-1 0
-1 0
-1 0
-1 0
-1 0
-1 0
-1 0
-1 0
-1 0
-1 0
-1 0
-1 0
-1 0
-1 0
-1 0
-1 0
-1 0
-1 0
-1 0
-1 0
-1 0
-1 0
-1 0
-1 0
-1 0
-1 0
-1 0
-1 0
-1 0
-1 0
-1 0
-1 0
-1 0
-1 0
-1 0
-1 0
-1 0
-1 0
-1 0
-1 0
-1 0
-1 0
-1 0
-1 0
-1 0
-1 0
-1 0
-1 0
-1 0
-1 0
-1 0
-1 0
-1 0
-1 0
-1 0
-1 0
-1 0
-1 0
-1 0
-1 0
-1 0
-1 0
-1 0
-1 0
-1 0
-1 0
-1 0
-1 0
-1 0
-1 0
-1 0
-1 0
-1 0
-1 0
-1 0
-1 0
-1 0
-1 0
-1 0
-1 0
-1 0
-1 0
-1 0
-1 0
-1 0
-1 0
-1 0
-1 0
-1 0
-1 0
-1 0
-1 0
-1 0
-1 0
-1 0
-1 0
-1 0
-1 0
-1 0
-1 0
-1 0
-1 0
-1 0
-1 0
-1 0
-1 0
-1 0
-1 0
-1 0
-1 0
-1 0
-1 0
-1 0
-1 0
-1 0
-1 0
-1 0
-1 0
-1 0
-1 0
-1 0
-1 0
-1 0
-1 0
-1 0
-1 0
-1 0
-1 0
-1 0
-1 0
-1 0
-1 0
-1 0
-1 0
-1 0
-1 0
-1 0
-1 0
-1 0
-1 0
-1 0
-1 0
-1 0
-1 0
-1 0
-1 0
-1 0
-1 0
-1 0
-1 0
-1 0
-1 0
-1 0
-1 0
-1 0
-1 0
-1 0
-1 0
-1 0
-1 0
-1 0
-1 0
-1 0
-1 0
-1 0
-1 0
-1 0
-1 0
-1 0
-1 0
-1 0
-1 0
-1 0
-1 0
-1 0
-1 0
-1 0
-1 0
-1 0
-1 0
-1 0
-1 0
-1 0
-1 0
-1 0
-1 0
-1 0
-1 0
-1 0
-1 0
-1 0
-1 0
-1 0
-1 0
-1 0
-1 0
-1 0
-1 0
-1 0
-1 0
-1 0
-1 0
-1 0
-1 0
-1 0
-1 0
-1 0
-1 0
-1 0
-1 0
-1 0
-1 0
-1 0
-1 0
-1 0
-1 0
-1 0
-1 0
-1 0
-1 0
-1 0
-1 0
-1 0
-1 0
-1 0
-1 0
-1 0
-1 0
-1 0
-1 0
-1 0
-1 0
-1 0
-1 0
-1 0
-1 0
-1 0
-1 0
-1 0
-1 0
-1 0
-1 0
-1 0
-1 0
-1 0
-1 0
-1 0
-1 0
-1 0
-1 0
-1 0
-1 0
-1 0
-1 0
-1 0
-1 0
-1 0
-1 0
-1 0
-1 0
-1 0
-1 0
-1 0
-1 0
-1 0
-1 0
-1 0
-1 0
-1 0
-1 0
-1 0
-1 0
-1 0
-1 0
-1 0
-1 0
-1 0
-1 0
-1 0
-1 0
-1 0
-1 0
-1 0
-1 0
-1 0
-1 0
-1 0
-1 0
-1 0
-1 0
-1 0
-1 0
-1 0
-1 0
-1 0
-1 0
-1 0
-1 0
-1 0
-1 0
-1 0
-1 0
-1 0
-1 0
-1 0
-1 0
-1 0
-1 0
-1 0
-1 0
-1 0
-1 0
-1 0
-1 0
-1 0
-1 0
-1 0
-1 0
-1 0
-1 0
-1 0
-1 0
-1 0
-1 0
-1 0
-1 0
-1 0
-1 0
-1 0
-1 0
-1 0
-1 0
-1 0
-1 0
-1 0
-1 0
-1 0
-1 0
-1 0
-1 0
-1 0
-1 0
-1 0
-1 0
-1 0
-1 0
-1 0
-1 0
-1 0
-1 0
-1 0
-1 0
-1 0
-1 0
-1 0
-1 0
-1 0
-1 0
-1 0
-1 0
-1 0
-1 0
-1 0
-1 0
-1 0
-1 0
-1 0
-1 0
-1 0
-1 0
-1 0
-1 0
-1 0
-1 0
-1 0
-1 0
-1 0
-1 0
-1 0
-1 0
-1 0
-1 0
-1 0
-1 0
-1 0
-1 0
-1 0
-1 0
-1 0
-1 0
-1 0
-1 0
-1 0
-1 0
-1 0
-1 0
-1 0
-1 0
-1 0
-1 0
-1 0
-1 0
-1 0
-1 0
-1 0
-1 0
-1 0
-1 0
-1 0
-1 0
-1 0
-1 0
-1 0
-1 0
-1 0
-1 0
-1 0
-1 0
-1 0
-1 0
-1 0
-1 0
-1 0
-1 0
-1 0
-1 0
-1 0
-1 0
-1 0
-1 0
-1 0
-1 0
-1 0
-1 0
-1 0
-1 0
-1 0
-1 0
-1 0
-1 0
-1 0
-1 0
-1 0
-1 0
-1 0
-1 0
-1 0
-1 0
-1 0
-1 0
-1 0
-1 0
-1 0
-1 0
-1 0
-1 0
-1 0
-1 0
-1 0
-1 0
-1 0
-1 0
-1 0
-1 0
-1 0
-1 0
-1 0
-1 0
-1 0
-1 0
-1 0
-1 0
-1 0
-1 0
-1 0
-1 0
-1 0
-1 0
-1 0
-1 0
-1 0
-1 0
-1 0
-1 0
-1 0
-1 0
-1 0
-1 0
-1 0
-1 0
-1 0
-1 0
-1 0
-1 0
-1 0
-1 0
-1 0
-1 0
-1 0
-1 0
-1 0
-1 0
-1 0
-1 0
-1 0
-1 0
-1 0
-1 0
-1 0
-1 0
-1 0
-1 0
-1 0
-1 0
-1 0
-1 0
-1 0
-1 0
-1 0
-1 0
-1 0
-1 0
-1 0
-1 0
-1 0
-1 0
-1 0
-1 0
-1 0
-1 0
-1 0
-1 0
-1 0
-1 0
-1 0
-1 0
-1 0
-1 0
-1 0
-1 0
-1 0
-1 0
-1 0
-1 0
-1 0
-1 0
-1 0
-1 0
-1 0
-1 0
-1 0
-1 0
-1 0
-1 0
-1 0
-1 0
-1 0
-1 0
-1 0
-1 0
-1 0
-1 0
-1 0
-1 0
-1 0
-1 0
-1 0
-1 0
-1 0
-1 0
-1 0
-1 0
-1 0
-1 0
-1 0
-1 0
-1 0
-1 0
-1 0
-1 0
-1 0
-1 0
-1 0
-1 0
-1 0
-1 0
-1 0
-1 0
-1 0
-1 0
-1 0
-1 0
-1 0
-1 0
-1 0
-1 0
-1 0
-1 0
-1 0
-1 0
-1 0
-1 0
-1 0
-1 0
-1 0
-1 0
-1 0
-1 0
-1 0
-1 0
-1 0
-1 0
-1 0
-1 0
-1 0
-1 0
-1 0
-1 0
-1 0
-1 0
-1 0
-1 0
-1 0
-1 0
-1 0
-1 0
-1 0
-1 0
-1 0
-1 0
-1 0
-1 0
-1 0
-1 0
-1 0
-1 0
-1 0
-1 0
-1 0
-1 0
-1 0
-1 0
-1 0
-1 0
-1 0
-1 0
-1 0
-1 0
-1 0
-1 0
-1 0
-1 0
-1 0
-1 0
-1 0
-1 0
-1 0
-1 0
-1 0
-1 0
-1 0
-1 0
-1 0
-1 0
-1 0
-1 0
-1 0
-1 0
-1 0
-1 0
-1 0
-1 0
-1 0
-1 0
-1 0
-1 0
-1 0
-1 0
-1 0
-1 0
-1 0
-1 0
-1 0
-1 0
-1 0
-1 0
-1 0
-1 0
-1 0
-1 0
-1 0
-1 0
-1 0
-1 0
-1 0
-1 0
-1 0
-1 0
-1 0
-1 0
-1 0
-1 0
-1 0
