1 -96
-1 -97
-4 -101
-4 -101
-4 -101
-4 -101
-6 -105
-6 -105
-6 -105
-6 -105
-6 -105
-6 -105
-6 -105
-6 -105
-6 -105
-6 -105
-6 -105
-6 -105
-6 -105
-6 -105
-6 -105
-6 -105
-6 -105
-6 -105
-6 -105
-6 -105
-6 -105
-6 -105
-6 -105
-6 -105
-6 -105
-6 -105
-6 -105
-6 -105
-6 -105
-6 -105
-6 -105
-6 -105
-6 -105
-6 -105
-6 -105
-6 -105
-6 -105
-6 -105
-6 -105
-6 -105
-6 -105
-6 -105
-10 -100
-16 -96
-16 -96
-16 -96
-16 -96
-16 -96
-16 -96
-16 -96
-16 -96
-16 -96
-16 -96
-16 -96
-16 -96
-16 -96
-16 -96
-16 -96
-16 -96
-16 -96
-16 -96
-16 -96
-16 -96
-16 -96
-16 -96
-16 -96
-16 -96
-16 -96
-16 -96
-16 -96
-16 -96
-16 -96
-16 -96
-16 -96
-16 -96
-16 -96
-16 -96
-16 -96
-16 -96
-16 -96
-16 -96
-16 -96
-16 -96
-16 -96
-16 -96
-16 -96
-16 -96
-16 -96
-16 -96
-16 -96
-16 -96
-16 -96
-16 -96
-16 -96
-16 -96
-16 -96
-16 -96
-16 -96
-16 -96
-16 -96
-16 -96
-16 -96
-16 -96
-16 -96
-17 -98
-27 -94
-27 -94
-27 -94
-27 -94
-27 -94
-27 -94
-27 -94
-27 -94
-27 -94
-27 -94
-27 -94
-27 -94
-27 -94
-27 -94
-27 -94
-27 -94
-27 -94
-27 -94
-27 -94
-27 -94
-27 -94
-27 -94
-27 -94
-27 -94
-27 -94
-27 -94
-27 -94
-27 -94
-27 -94
-27 -94
-27 -94
-27 -94
-27 -94
-27 -94
-27 -94
-27 -94
-27 -94
-27 -94
-27 -94
-27 -94
-27 -94
-26 -82
-26 -82
-26 -82
-26 -82
-26 -82
-26 -82
-26 -82
-26 -82
-26 -82
-26 -82
-26 -82
-26 -82
-26 -82
-26 -82
-26 -82
-26 -82
-26 -82
-26 -82
-26 -82
-26 -82
-26 -82
-26 -82
-26 -82
-26 -82
-26 -82
-26 -82
-26 -82
-26 -82
-26 -82
-26 -82
-26 -82
-26 -82
-26 -82
-26 -82
-26 -82
-26 -82
-26 -82
-26 -82
-26 -82
-26 -82
-26 -82
-26 -82
-26 -82
-26 -82
-26 -82
-26 -82
-26 -82
-26 -82
-26 -82
-26 -82
-26 -82
-26 -82
-26 -82
-26 -82
-26 -82
-26 -82
-26 -82
-26 -82
-26 -82
-26 -82
-26 -82
-26 -82
-26 -82
-26 -82
-26 -82
-26 -82
-26 -82
-26 -82
-26 -82
-26 -82
-26 -82
-26 -82
-26 -82
-26 -82
-26 -82
-26 -82
-26 -82
-26 -82
-26 -82
-26 -82
-26 -82
-26 -82
-26 -82
-26 -82
-26 -82
-26 -82
-26 -82
-26 -82
-26 -82
-26 -82
-26 -82
-26 -82
-26 -82
-26 -82
-26 -82
-26 -82
-26 -82
-26 -82
-26 -82
-26 -82
-26 -82
-26 -82
-26 -82
-26 -82
-26 -82
-26 -82
-26 -82
-26 -82
-26 -82
-26 -82
-26 -82
-26 -82
-26 -82
-26 -82
-26 -82
-26 -82
-26 -82
-26 -82
-26 -82
-26 -82
-26 -82
-26 -82
-33 -89
-35 -87
-35 -69
-47 -87
-47 -87
-47 -87
-47 -87
-47 -87
-47 -87
-47 -87
-47 -87
-47 -87
-47 -87
-47 -87
-47 -87
-47 -87
-47 -87
-47 -87
-47 -87
-47 -87
-47 -87
-47 -87
-47 -87
-47 -87
-47 -87
-47 -87
-47 -87
-47 -87
-47 -87
-47 -87
-47 -87
-47 -87
-47 -87
-47 -87
-47 -87
-47 -87
-47 -87
-47 -87
-47 -87
-47 -87
-47 -87
-47 -87
-47 -87
-47 -87
-58 -76
-58 -76
-58 -76
-58 -76
-58 -76
-58 -76
-58 -76
-58 -76
-58 -76
-58 -76
-58 -76
-58 -76
-58 -76
-58 -76
-58 -76
-58 -76
-58 -76
-58 -76
-58 -76
-58 -76
-58 -76
-58 -76
-58 -76
-58 -76
-56 -73
-56 -73
-56 -73
-56 -73
-56 -73
-56 -73
-56 -73
-56 -73
-56 -73
-56 -73
-56 -73
-56 -73
-56 -73
-56 -73
-56 -73
-56 -73
-56 -73
-56 -73
-56 -73
-56 -73
-56 -73
-56 -73
-56 -73
-56 -73
-56 -73
-56 -73
-56 -73
-56 -73
-56 -73
-56 -73
-56 -73
-56 -73
-56 -73
-56 -73
-56 -73
-56 -73
-56 -73
-56 -73
-56 -73
-56 -73
-56 -73
-56 -73
-68 -65
-68 -65
-68 -65
-68 -65
-68 -65
-68 -65
-68 -65
-68 -65
-68 -65
-68 -65
-68 -65
-68 -65
-68 -65
-68 -65
-68 -65
-68 -65
-68 -65
-68 -65
-68 -65
-68 -65
-68 -65
-68 -65
-76 -46
-76 -46
-76 -46
-76 -46
-76 -46
-76 -46
-76 -46
-76 -46
-76 -46
-76 -46
-76 -46
-76 -46
-76 -46
-76 -46
-76 -46
-76 -46
-76 -46
-76 -46
-76 -46
-76 -46
-76 -46
-76 -46
-76 -46
-76 -46
-92 -47
-92 -47
-92 -47
-92 -47
-92 -47
-92 -47
-92 -47
-92 -47
-92 -47
-92 -47
-92 -47
-92 -47
-92 -47
-92 -47
-92 -47
-92 -47
-92 -47
-92 -47
-92 -47
-92 -47
-92 -47
-92 -47
-92 -47
-92 -47
-92 -47
-92 -47
-92 -47
-92 -47
-92 -47
-92 -47
-92 -47
-92 -47
-92 -47
-92 -47
-92 -47
-92 -47
-92 -47
-92 -47
-92 -47
-92 -47
-92 -47
-92 -47
-92 -47
-92 -47
-92 -47
-92 -47
-92 -47
-92 -47
-92 -47
-92 -47
-92 -47
-92 -47
-92 -47
-92 -47
-92 -47
-92 -47
-92 -47
-92 -47
-92 -47
-92 -47
-92 -47
-92 -47
-92 -47
-92 -47
-92 -47
-91 -32
-91 -32
-91 -32
-91 -32
-91 -32
-91 -32
-91 -32
-91 -32
-91 -32
-91 -32
-91 -32
-91 -32
-91 -32
-91 -32
-91 -32
-91 -32
-91 -32
-91 -32
-91 -32
-91 -32
-91 -32
-106 -26
-106 -26
-106 -26
-106 -26
-106 -26
-106 -26
-106 -26
-106 -26
-106 -26
-106 -26
-106 -26
-106 -26
-106 -26
-106 -26
-106 -26
-106 -26
-106 -26
-106 -26
-106 -26
-106 -26
-106 -26
-106 -26
-106 -26
-106 -26
-106 -26
-106 -26
-106 -26
-106 -26
-106 -26
-106 -26
-106 -26
-106 -26
-106 -26
-106 -26
-106 -26
-106 -26
-106 -26
-106 -26
-106 -26
-106 -26
-106 -26
-106 -26
-106 -26
-106 -26
-106 -26
-106 -26
-106 -26
-106 -26
-106 -26
-114 -15
-114 -15
-114 -15
-114 -15
-114 -15
-114 -15
-114 -15
-114 -15
-114 -15
-114 -15
-114 -15
-114 -15
-114 -15
-114 -15
-114 -15
-114 -15
-114 -15
-114 -15
-114 -15
-114 -15
-114 -15
-114 -15
-114 -15
-114 -15
-114 -15
-114 -15
-114 -15
-114 -15
-114 -15
-114 -15
-114 -15
-114 -15
-114 -15
-114 -15
-114 -15
-114 -15
-114 -15
-114 -15
-114 -15
-114 -15
-114 -15
-114 -15
-114 -15
-114 -15
-114 -15
-114 -15
-114 -15
-114 -15
-114 -15
-113 -3
-113 -3
-113 -3
-113 -3
-113 -3
-113 -3
-113 -3
-113 -3
-113 -3
-113 -3
-113 -3
-113 -3
-113 -3
-113 -3
-113 -3
-113 -3
-113 -3
-113 -3
-113 -3
-113 -3
-113 -3
-113 -3
-116 2
-116 2
-116 2
-116 2
-116 2
-116 2
-116 2
-116 2
-116 2
-116 2
-116 2
-116 2
-116 2
-116 2
-116 2
-116 2
-116 2
-116 2
-116 2
-116 2
-116 2
-116 2
-109 2
-109 2
-109 2
-109 2
-109 2
-109 2
-109 2
-109 2
-109 2
-109 2
-109 2
-109 2
-109 2
-109 2
-109 2
-109 2
-109 2
-109 2
-109 2
-109 2
-109 2
-109 2
-109 2
-109 2
-109 2
-109 2
-109 2
-109 2
-109 2
-109 2
-109 2
-109 2
-109 2
-109 2
-109 2
-109 2
-109 2
-109 2
-109 2
-109 2
-109 2
-109 2
-109 2
-109 2
-109 2
-109 2
-109 2
-109 2
-109 2
-109 2
-109 2
-109 2
-109 2
-109 2
-109 2
-109 2
-109 2
-109 2
-109 2
-109 2
-109 2
-109 2
-109 2
-109 2
-109 2
-109 2
-109 2
-109 2
-109 2
-109 2
-109 2
-109 2
-109 2
-109 2
-109 2
-109 2
-109 2
-109 2
-109 2
-109 2
-109 2
-109 2
-109 2
-114 2
-120 12
-120 12
-120 12
-120 12
-120 12
-120 12
-120 12
-120 12
-120 12
-120 12
-120 12
-120 12
-120 12
-120 12
-120 12
-120 12
-120 12
-120 12
-120 12
-120 12
-120 12
-120 12
-120 12
-120 12
-120 12
-120 12
-120 12
-120 12
-120 12
-120 12
-120 12
-120 12
-120 12
-120 12
-120 12
-120 12
-120 12
-120 12
-120 12
-121 8
-121 8
-121 8
-121 8
-121 8
-121 8
-121 8
-121 8
-121 8
-121 8
-121 8
-121 8
-121 8
-121 8
-121 8
-121 8
-121 8
-121 8
-121 8
-121 8
-121 8
-121 8
-121 8
-121 8
-121 8
-121 8
-121 8
-121 8
-121 8
-121 8
-121 8
-121 8
-121 8
-121 8
-121 8
-121 8
-121 8
-121 8
-121 8
-121 8
-121 8
-121 8
-121 8
-124 17
-123 29
-123 29
-123 29
-123 29
-123 29
-123 29
-123 29
-123 29
-123 29
-123 29
-123 29
-123 29
-123 29
-123 29
-123 29
-123 29
-123 29
-123 29
-123 29
-123 29
-123 29
-123 29
-123 29
-123 29
-123 29
-123 29
-123 29
-123 29
-123 29
-123 29
-123 29
-123 29
-123 29
-123 29
-123 29
-123 29
-123 29
-121 33
-121 33
-121 33
-121 33
-121 33
-121 33
-121 33
-121 33
-121 33
-121 33
-121 33
-121 33
-121 33
-121 33
-121 33
-121 33
-121 33
-121 33
-121 33
-121 33
-121 33
-121 33
-121 33
-121 33
-121 33
-121 33
-120 24
-120 24
-120 24
-120 24
-120 24
-120 24
-120 24
-120 24
-120 24
-120 24
-120 24
-120 24
-120 24
-120 24
-120 24
-120 24
-120 24
-120 24
-120 24
-120 24
-120 24
-120 24
-120 24
-120 24
-120 24
-120 24
-120 24
-120 24
-120 24
-120 24
-120 24
-120 24
-120 24
-120 24
-120 24
-120 24
-120 24
-120 24
-120 24
-120 24
-120 24
-120 24
-120 24
-144 57
-144 57
-144 57
-144 57
-144 57
-144 57
-144 57
-144 57
-144 57
-144 57
-144 57
-144 57
-144 57
-144 57
-144 57
-144 57
-144 57
-144 57
-144 57
-144 57
-144 57
-144 57
-144 57
-144 57
-144 57
-144 57
-144 57
-144 57
-144 57
-144 57
-144 57
-144 57
-144 57
-144 57
-144 57
-144 57
-144 57
-144 57
-144 57
-144 57
-144 57
-144 57
-144 57
-144 57
-144 57
-144 57
-144 57
-144 57
-124 67
-124 67
-124 67
-124 67
-124 67
-124 67
-124 67
-124 67
-124 67
-124 67
-124 67
-124 67
-124 67
-124 67
-124 67
-124 67
-124 67
-124 67
-124 67
-124 67
-124 67
-124 67
-124 67
-124 67
-124 67
-124 67
-124 67
-124 67
-124 67
-124 67
-124 67
-124 67
-124 67
-124 67
-124 67
-124 67
-124 67
-124 67
-124 67
-124 67
-124 67
-124 67
-124 67
-124 67
-124 67
-120 74
-120 74
-120 74
-120 74
-120 74
-120 74
-120 74
-120 74
-120 74
-120 74
-120 74
-120 74
-120 74
-120 74
-120 74
-120 74
-120 74
-120 74
-120 74
-112 83
-112 83
-112 83
-112 83
-112 83
-112 83
-112 83
-112 83
-112 83
-112 83
-112 83
-112 83
-112 83
-112 83
-112 83
-112 83
-112 83
-112 83
-112 83
-112 89
-112 89
-112 89
-112 89
-112 89
-112 89
-112 89
-112 89
-112 89
-112 89
-112 89
-112 89
-112 89
-112 89
-112 89
-112 89
-112 89
-112 89
-112 89
-112 89
-112 89
-112 89
-112 89
-112 89
-112 89
-112 89
-112 89
-112 89
-112 89
-112 89
-112 89
-112 89
-112 89
-112 89
-112 89
-112 89
-112 89
-112 89
-112 89
-112 89
-112 89
-112 89
-112 89
-112 89
-112 89
-112 89
-98 87
-98 87
-98 87
-98 87
-98 87
-98 87
-98 87
-98 87
-98 87
-98 87
-98 87
-98 87
-98 87
-98 87
-98 87
-98 87
-98 87
-98 87
-98 87
-98 87
-98 87
-98 87
-98 87
-98 87
-98 95
-98 95
-98 95
-98 95
-98 95
-98 95
-98 95
-98 95
-98 95
-98 95
-98 95
-98 95
-98 95
-98 95
-98 95
-98 95
-98 95
-98 95
-98 95
-98 95
-98 95
-98 95
-98 95
-98 95
-98 95
-98 95
-98 95
-98 95
-98 95
-98 95
-98 95
-98 95
-98 95
-98 95
-98 95
-98 95
-98 95
-98 95
-98 95
-98 95
-95 102
-95 102
-95 102
-95 102
-95 102
-95 102
-95 102
-95 102
-95 102
-95 102
-95 102
-95 102
-95 102
-95 102
-95 102
-95 102
-95 102
-95 102
-95 102
-95 102
-95 102
-95 102
-95 102
-82 99
-82 99
-82 99
-82 99
-82 99
-82 99
-82 99
-82 99
-82 99
-82 99
-82 99
-82 99
-82 99
-82 99
-82 99
-82 99
-82 99
-82 99
-82 99
-82 99
-82 99
-95 114
-95 114
-95 114
-95 114
-95 114
-95 114
-95 114
-95 114
-95 114
-95 114
-95 114
-95 114
-95 114
-95 114
-95 114
-95 114
-95 114
-95 114
-95 114
-95 114
-95 114
-95 114
-95 114
-95 114
-95 114
-95 114
-95 114
-95 114
-95 114
-95 114
-95 114
-95 114
-95 114
-95 114
-95 114
-95 114
-95 114
-95 114
-95 114
-95 114
-95 114
-95 114
-84 123
-84 123
-84 123
-84 123
-84 123
-84 123
-84 123
-84 123
-84 123
-84 123
-84 123
-84 123
-84 123
-84 123
-84 123
-84 123
-84 123
-84 123
-84 123
-84 123
-84 123
-84 123
-84 123
-84 123
-84 123
-84 123
-84 123
-84 123
-84 123
-84 123
-84 123
-84 123
-84 123
-84 123
-84 123
-84 123
-84 123
-84 123
-84 123
-84 123
-84 123
-69 134
-69 134
-69 134
-69 134
-69 134
-69 134
-69 134
-69 134
-69 134
-69 134
-69 134
-69 134
-69 134
-69 134
-69 134
-69 134
-69 134
-69 134
-69 134
-69 134
-69 134
-69 134
-75 133
-75 133
-75 133
-75 133
-75 133
-75 133
-75 133
-75 133
-75 133
-75 133
-75 133
-75 133
-75 133
-75 133
-75 133
-75 133
-75 133
-75 133
-75 133
-75 133
-75 133
-75 133
-75 133
-46 131
-46 131
-46 131
-46 131
-46 131
-46 131
-46 131
-46 131
-46 131
-46 131
-46 131
-46 131
-46 131
-46 131
-46 131
-46 131
-46 131
-46 131
-46 131
-46 131
-46 131
-46 131
-46 131
-37 130
-37 130
-37 130
-37 130
-37 130
-37 130
-37 130
-37 130
-37 130
-37 130
-37 130
-37 130
-37 130
-37 130
-37 130
-37 130
-37 130
-37 130
-37 130
-37 130
-37 130
-37 130
-37 130
-37 130
-37 130
-37 130
-37 130
-37 130
-37 130
-37 130
-37 130
-37 130
-37 130
-37 130
-37 130
-37 130
-37 130
-37 130
-37 130
-37 130
-37 130
-37 130
-37 130
-37 130
-37 130
-37 130
-37 130
-37 130
-37 130
-37 130
-37 130
-37 130
-37 130
-37 130
-37 130
-37 130
-37 130
-37 130
-37 130
-37 130
-37 130
-37 130
-37 130
-37 130
-37 130
-14 151
-14 151
-14 151
-14 151
-14 151
-14 151
-14 151
-14 151
-14 151
-14 151
-14 151
-14 151
-14 151
-14 151
-14 151
-14 151
-14 151
-14 151
-14 151
-14 151
-14 151
-14 151
-14 151
-14 151
-14 151
-14 151
-14 151
-14 151
-14 151
-14 151
-14 151
-14 151
-14 151
-14 151
-14 151
-14 151
-14 151
-14 151
-14 151
-14 151
-14 151
-14 151
-14 151
-14 151
-6 154
-6 154
-6 154
-6 154
-6 154
-6 154
-6 154
-6 154
-6 154
-6 154
-6 154
-6 154
-6 154
-6 154
-6 154
-6 154
-6 154
-6 154
-6 154
-6 154
-6 154
-7 158
-7 158
-7 158
-7 158
-7 158
-7 158
-7 158
-7 158
-7 158
-7 158
-7 158
-7 158
-7 158
-7 158
-7 158
-7 158
-7 158
-7 158
-7 158
-7 158
-7 158
-10 159
-10 159
-10 159
-10 159
-10 159
-10 159
-10 159
-10 159
-10 159
-10 159
-10 159
-10 159
-10 159
-10 159
-10 159
-10 159
-10 159
-10 159
-10 159
-10 159
-10 159
-10 159
-10 159
-10 159
-10 159
-10 159
-10 159
-10 159
-10 159
-10 159
-10 159
-10 159
-10 159
-10 159
32 152
32 152
32 152
32 152
32 152
32 152
32 152
32 152
32 152
32 152
32 152
32 152
32 152
32 152
32 152
32 152
32 152
32 152
32 152
41 139
41 139
41 139
41 139
41 139
41 139
41 139
41 139
41 139
41 139
41 139
41 139
41 139
41 139
41 139
41 139
41 139
41 139
41 139
41 139
41 139
41 139
41 139
41 139
41 139
41 139
41 139
41 139
41 139
41 139
41 139
41 139
41 139
41 139
41 139
41 139
41 139
41 139
41 139
41 139
41 139
41 139
50 133
50 133
50 133
50 133
50 133
50 133
50 133
50 133
50 133
50 133
50 133
50 133
50 133
50 133
50 133
50 133
50 133
50 133
50 133
50 133
50 133
50 133
36 120
36 120
36 120
36 120
36 120
36 120
36 120
36 120
36 120
36 120
36 120
36 120
36 120
36 120
36 120
36 120
36 120
36 120
36 120
36 120
36 120
36 120
36 120
36 120
36 120
36 120
36 120
36 120
36 120
36 120
36 120
36 120
36 120
36 120
36 120
36 120
36 120
36 120
36 120
36 120
36 120
36 120
36 120
70 109
70 109
70 109
70 109
70 109
70 109
70 109
70 109
70 109
70 109
70 109
70 109
70 109
70 109
70 109
70 109
70 109
70 109
70 109
70 109
70 109
70 109
70 109
105 122
105 122
105 122
105 122
105 122
105 122
105 122
105 122
105 122
105 122
105 122
105 122
105 122
105 122
105 122
105 122
105 122
105 122
105 122
84 61
84 61
84 61
84 61
84 61
84 61
84 61
84 61
84 61
84 61
84 61
84 61
84 61
84 61
84 61
84 61
84 61
84 61
84 61
84 61
84 61
84 61
84 61
133 76
133 76
133 76
133 76
133 76
133 76
133 76
133 76
133 76
133 76
133 76
133 76
133 76
133 76
133 76
133 76
133 76
133 76
133 76
133 76
133 76
133 76
133 76
133 76
133 76
133 76
133 76
133 76
133 76
133 76
133 76
133 76
133 76
133 76
133 76
133 76
133 76
133 76
133 76
133 76
133 76
133 76
133 76
133 76
133 76
147 92
147 92
147 92
147 92
147 92
147 92
147 92
147 92
147 92
147 92
147 92
147 92
147 92
147 92
147 92
147 92
147 92
147 92
147 92
147 92
147 92
147 92
155 98
155 98
155 98
155 98
155 98
155 98
155 98
155 98
155 98
155 98
155 98
155 98
155 98
155 98
155 98
155 98
155 98
155 98
155 98
155 98
155 98
155 98
169 81
169 81
169 81
169 81
169 81
169 81
169 81
169 81
169 81
169 81
169 81
169 81
169 81
169 81
169 81
169 81
169 81
169 81
169 81
169 81
169 81
169 81
169 81
169 81
169 81
169 81
169 81
169 81
169 81
169 81
169 81
169 81
169 81
169 81
169 81
169 81
169 81
169 81
169 81
169 81
169 81
169 81
169 81
169 81
169 81
193 64
193 64
193 64
193 64
193 64
193 64
193 64
193 64
193 64
193 64
193 64
193 64
193 64
193 64
193 64
193 64
193 64
193 64
193 64
193 64
193 64
172 18
172 18
172 18
172 18
172 18
172 18
172 18
172 18
172 18
172 18
172 18
172 18
172 18
172 18
172 18
172 18
172 18
172 18
172 18
172 18
172 18
172 18
172 18
172 18
172 18
172 18
172 18
172 18
172 18
172 18
172 18
172 18
172 18
172 18
172 18
172 18
172 18
172 18
172 18
172 18
172 18
172 18
172 18
172 18
172 18
172 18
172 18
172 18
172 18
172 18
172 18
172 18
172 18
199 -1
199 -1
199 -1
199 -1
199 -1
199 -1
199 -1
199 -1
199 -1
199 -1
199 -1
199 -1
199 -1
199 -1
199 -1
199 -1
199 -1
199 -1
199 -1
199 -1
199 -1
199 -1
199 -1
199 -1
199 -1
199 -1
199 -1
199 -1
199 -1
199 -1
199 -1
177 6
177 6
177 6
177 6
177 6
177 6
177 6
177 6
177 6
177 6
177 6
177 6
177 6
177 6
177 6
205 3
205 3
205 3
205 3
205 3
205 3
205 3
205 3
205 3
205 3
205 3
205 3
205 3
205 3
205 3
199 -9
199 -9
199 -9
199 -9
199 -9
199 -9
199 -9
199 -9
199 -9
199 -9
199 -9
199 -9
199 -9
199 -9
199 -9
199 -9
199 -9
199 -9
199 -9
199 -9
199 -9
199 -9
199 -9
199 -9
199 -9
199 -9
199 -9
199 -9
199 -9
199 -9
199 -9
199 -9
199 -9
199 -9
199 -9
199 -9
199 -9
199 -9
199 -9
199 -9
199 -9
199 -9
199 -9
199 -9
199 -9
199 -9
199 -9
199 -9
199 -9
199 -9
199 -9
199 -9
199 -9
199 -9
199 -9
161 -57
161 -57
161 -57
161 -57
161 -57
161 -57
161 -57
161 -57
161 -57
161 -57
161 -57
161 -57
161 -57
161 -57
161 -57
161 -57
161 -57
161 -57
161 -57
161 -57
161 -57
161 -57
161 -57
161 -57
161 -57
161 -57
161 -57
161 -57
161 -57
161 -57
161 -57
161 -57
161 -57
161 -57
161 -57
161 -57
161 -57
161 -57
161 -57
132 -74
132 -74
132 -74
132 -74
132 -74
132 -74
132 -74
132 -74
132 -74
132 -74
132 -74
132 -74
132 -74
132 -74
132 -74
132 -74
132 -74
114 -83
114 -83
114 -83
114 -83
114 -83
114 -83
114 -83
114 -83
114 -83
114 -83
114 -83
114 -83
114 -83
114 -83
114 -83
114 -83
114 -83
114 -83
114 -83
114 -83
114 -83
114 -83
114 -83
114 -83
114 -83
114 -83
114 -83
114 -83
114 -83
114 -83
114 -83
114 -83
114 -83
114 -83
114 -83
114 -83
114 -83
84 -85
84 -85
84 -85
84 -85
84 -85
84 -85
84 -85
84 -85
84 -85
84 -85
84 -85
84 -85
84 -85
84 -85
84 -85
84 -85
84 -85
84 -85
84 -85
84 -85
84 -85
84 -85
84 -85
84 -85
84 -85
84 -85
84 -85
84 -85
84 -85
84 -85
84 -85
84 -85
84 -85
84 -85
84 -85
84 -85
84 -85
84 -85
84 -85
84 -85
84 -85
84 -85
84 -85
84 -85
84 -85
84 -85
84 -85
84 -85
84 -85
84 -85
84 -85
84 -85
56 -75
56 -75
56 -75
56 -75
56 -75
56 -75
56 -75
56 -75
56 -75
56 -75
56 -75
56 -75
56 -75
56 -75
56 -75
56 -75
56 -75
56 -75
56 -75
56 -75
56 -75
56 -75
56 -75
56 -75
56 -75
56 -75
56 -75
56 -75
56 -75
56 -75
56 -75
56 -75
56 -75
34 -63
17 -54
17 -54
17 -54
17 -54
17 -54
17 -54
17 -54
17 -54
17 -54
17 -54
17 -54
17 -54
17 -54
17 -54
17 -54
17 -54
17 -54
17 -54
17 -54
17 -54
17 -54
17 -54
17 -54
17 -54
17 -54
17 -54
17 -54
17 -54
17 -54
17 -54
17 -54
17 -54
17 -54
17 -54
11 -57
8 -50
8 -50
8 -50
8 -50
8 -50
8 -50
8 -50
8 -50
8 -50
8 -50
8 -50
8 -50
8 -50
8 -50
8 -50
8 -50
8 -50
8 -50
8 -50
8 -50
8 -50
8 -50
8 -50
8 -50
8 -50
8 -50
8 -50
8 -50
8 -50
8 -50
8 -50
8 -50
8 -50
8 -50
1 -40
1 -40
1 -40
1 -40
1 -40
1 -40
1 -40
1 -40
1 -40
1 -40
1 -40
1 -40
1 -40
1 -40
1 -40
1 -40
1 -40
7 -44
7 -44
7 -44
7 -44
7 -44
7 -44
7 -44
7 -44
7 -44
7 -44
7 -44
7 -44
7 -44
7 -44
7 -44
7 -44
7 -44
7 -44
7 -44
7 -44
7 -44
7 -44
7 -44
7 -44
7 -44
7 -44
7 -44
7 -44
7 -44
7 -44
7 -44
7 -44
7 -44
7 -44
0 -41
0 -41
0 -41
0 -41
0 -41
0 -41
0 -41
0 -41
0 -41
0 -41
0 -41
0 -41
0 -41
0 -41
0 -41
0 -41
0 -41
0 -41
0 -41
0 -41
0 -41
0 -41
0 -41
0 -41
0 -41
0 -41
0 -41
0 -41
0 -41
0 -41
0 -41
0 -41
0 -41
0 -41
0 -41
0 -41
0 -42
0 -42
0 -42
0 -42
0 -42
0 -42
0 -42
0 -42
0 -42
0 -42
0 -42
0 -42
0 -42
0 -42
0 -42
0 -42
0 -42
-1 -43
-1 -43
-1 -43
-1 -43
-1 -43
-1 -43
-1 -43
-1 -43
-1 -43
-1 -43
-1 -43
-1 -43
-1 -43
-1 -43
-1 -43
-1 -43
0 -46
0 -46
0 -46
0 -46
0 -46
0 -46
0 -46
0 -46
0 -46
0 -46
0 -46
0 -46
0 -46
0 -46
0 -46
0 -46
0 -46
0 -40
0 -40
0 -40
0 -40
0 -40
0 -40
0 -40
0 -40
0 -40
0 -40
0 -40
0 -40
0 -40
0 -40
0 -40
0 -40
0 -40
0 -40
0 -40
0 -36
0 -36
0 -36
0 -36
0 -36
0 -36
0 -36
0 -36
0 -36
0 -36
0 -36
0 -36
0 -36
0 -36
0 -36
0 -36
0 -36
0 -36
0 -36
0 -36
0 -36
0 -36
0 -36
0 -36
0 -36
0 -36
0 -36
0 -36
0 -36
0 -36
0 -36
0 -36
0 -36
0 -36
0 -36
-3 -31
-3 -31
-3 -31
-3 -31
-3 -31
-3 -31
-3 -31
-3 -31
-3 -31
-3 -31
-3 -31
-3 -31
-3 -31
-3 -31
-3 -31
-3 -31
-3 -31
-3 -31
-3 -31
-3 -31
-3 -31
-3 -31
-3 -31
-3 -31
-3 -31
-3 -31
-3 -31
-3 -31
-3 -31
-3 -31
-3 -31
-3 -31
-3 -31
-3 -31
-3 -31
-3 -25
-3 -25
-3 -25
-3 -25
-3 -25
-3 -25
-3 -25
-3 -25
-3 -25
-3 -25
-3 -25
-3 -25
-3 -25
-3 -25
-3 -25
-1 -12
-1 -12
-1 -12
-1 -12
-1 -12
-1 -12
-1 -12
-1 -12
-1 -12
-1 -12
-1 -12
-1 -12
-1 -12
-1 -12
-1 -12
-1 -12
-1 -12
-1 -12
1 -6
1 -6
1 -6
1 -6
1 -6
1 -6
1 -6
1 -6
1 -6
1 -6
1 -6
1 -6
1 -6
1 -6
1 -6
1 -6
1 -6
1 -6
1 -6
1 -6
1 -6
1 -6
1 -6
1 -6
1 -6
1 -6
1 -6
1 -6
1 -6
1 -6
1 -6
1 -6
1 -6
1 -6
1 -6
1 -6
1 -6
1 -6
1 -6
1 -6
1 -6
1 -6
1 -6
1 -6
1 -6
1 -6
1 -6
1 -6
1 -6
1 -6
1 -6
1 -6
1 -6
1 -6
1 -6
1 -6
1 -6
1 -6
1 -6
1 -6
1 -6
1 -6
1 -6
1 -6
1 -6
1 -6
1 -6
1 -6
1 -6
1 -6
1 -6
1 -6
1 -6
1 -6
1 -6
1 -6
1 -6
1 -6
1 -6
1 -6
1 -6
1 -6
1 -6
1 -6
1 -6
1 -6
1 -6
1 -6
1 -6
1 -6
1 -6
1 -6
1 -6
1 -6
1 -6
1 0
1 0
1 0
1 0
1 0
1 0
1 0
1 0
1 0
1 0
1 0
1 0
1 0
1 0
1 0
1 0
1 0
1 0
1 0
1 0
1 0
1 0
1 0
1 0
1 0
1 0
1 0
1 0
1 0
1 0
1 0
1 0
1 0
1 0
1 0
1 0
1 0
1 0
1 0
1 0
1 0
1 0
1 0
1 0
1 0
1 0
1 0
1 0
1 0
1 0
1 0
1 0
1 0
1 0
1 0
1 0
1 0
1 0
1 0
1 0
1 0
1 0
1 0
1 0
1 0
1 0
1 0
1 0
1 0
1 0
1 0
1 0
1 0
1 0
1 0
1 0
1 0
1 0
1 0
1 0
1 0
1 0
1 0
1 0
1 0
1 0
1 0
1 0
1 0
1 0
1 0
1 0
1 0
1 0
1 0
1 0
1 0
1 0
1 0
1 0
1 0
1 0
1 0
1 0
1 0
1 0
1 0
1 0
1 0
1 0
1 0
1 0
1 0
1 0
1 0
1 0
1 0
1 0
1 0
1 0
1 0
1 0
1 0
1 0
1 0
1 0
1 0
1 0
1 0
1 0
1 0
1 0
1 0
1 0
1 0
1 0
1 0
1 0
1 0
1 0
1 0
1 0
1 0
1 0
1 -1
1 -1
1 -1
1 -1
1 -1
1 -1
1 -1
1 -1
1 -1
1 -1
1 -1
1 -1
1 -1
1 -1
1 -1
1 -1
1 -1
1 -1
1 -1
1 -1
1 -1
1 -1
1 -1
1 -1
1 -1
1 -1
1 -1
1 -1
1 -1
1 -1
1 -1
1 1
1 1
1 1
1 1
1 1
1 1
1 1
1 1
1 1
1 1
1 1
1 1
1 1
1 1
1 1
1 1
1 1
1 1
1 1
1 1
1 1
1 1
1 1
1 1
1 1
1 1
1 1
1 1
1 1
1 1
-2 0
-2 0
-2 0
-2 0
-2 0
-2 0
-2 0
-2 0
-2 0
-2 0
-2 0
-2 0
-2 0
-2 0
-2 0
-2 0
-2 1
-2 1
-2 1
-2 1
-2 1
-2 1
-2 1
-2 1
-2 1
-2 1
-2 1
-2 1
-2 1
-2 1
-2 1
-2 1
-2 1
-2 1
-2 1
-2 1
-2 1
-2 1
-2 1
-2 1
-2 1
-2 1
-2 1
-2 1
-2 1
-2 1
-2 1
-2 1
-2 1
-2 1
-2 1
-2 1
-2 1
-2 1
-2 1
-2 1
-2 1
-2 1
-2 1
-2 1
-2 1
-2 1
-2 1
-2 1
-2 1
-2 1
-2 1
-2 1
-2 1
-2 1
-1 0
-1 0
-1 0
-1 0
-1 0
-1 0
-1 0
-1 0
-1 0
-1 0
-1 0
-1 0
-1 0
-1 0
-1 0
-1 0
-1 0
-1 0
-1 0
-1 0
-1 0
-1 0
-1 0
-1 0
-1 0
-1 0
-1 0
-1 0
-1 0
-1 0
-1 0
-1 0
-1 0
-1 0
-1 0
-1 0
-1 0
-1 0
-1 0
-1 0
-1 0
-1 0
-1 0
-1 0
-1 0
-1 0
-1 0
-1 0
-1 0
-1 0
-1 0
-1 0
-1 0
-1 0
-1 0
-1 0
-1 0
-1 0
-1 0
-1 0
-1 0
-1 0
-1 0
-1 0
-1 0
-1 0
-1 0
-1 0
-1 0
-1 0
-1 0
-1 0
-1 0
-1 0
-1 0
-1 0
-1 0
-1 0
-1 0
-1 0
-1 0
-1 0
-1 0
-1 0
-1 0
-1 0
-1 0
-1 0
-1 0
-1 0
-1 0
-1 0
-1 0
-1 0
-1 0
-1 0
-1 0
-1 0
-1 0
-1 0
-1 0
-1 0
-1 0
-1 0
-1 0
-1 0
-1 0
-1 0
-1 0
-1 0
-1 0
-1 0
-1 0
-1 0
-1 0
-1 0
-1 0
-1 0
-1 0
-1 0
-1 0
-1 0
-1 0
-1 0
-1 0
-1 0
-1 0
-1 0
-1 0
-1 0
-1 0
-1 0
-1 0
-1 0
-1 0
-1 0
-1 0
-1 0
-1 0
-1 0
-1 0
-1 0
-1 0
-1 0
-1 0
-1 0
-1 0
-1 0
-1 0
-1 0
-1 0
-1 0
-1 0
-1 0
-1 0
-1 0
-1 0
-1 0
-1 0
-1 0
-1 0
-1 0
-1 0
-1 0
-1 0
-1 0
-1 0
-1 0
-1 0
-1 0
-1 0
-1 0
-1 0
-1 0
-1 0
-1 0
-1 0
-1 0
-1 0
-1 0
-1 0
-1 0
-1 0
-1 0
-1 0
-1 0
-1 0
-1 0
-1 0
-1 0
-1 0
-1 0
-1 0
-1 0
-1 0
-1 0
-1 0
-1 0
-1 0
-1 0
-1 0
-1 0
-1 0
-1 0
-1 0
-1 0
-1 0
-1 0
-1 0
-1 0
-1 0
-1 0
-1 0
-1 0
-1 0
-1 0
-1 0
-1 0
-1 0
-1 0
-1 0
-1 0
-1 0
-1 0
-1 0
-1 0
-1 0
-1 0
-1 0
-1 0
-1 0
-1 0
-1 0
-1 0
-1 0
-1 0
-1 0
-1 0
-1 0
-1 0
-1 0
-1 0
-1 0
-1 0
-1 0
-1 0
-1 0
-1 0
-1 0
-1 0
-1 0
-1 0
-1 0
-1 0
-1 0
-1 0
-1 0
-1 0
-1 0
-1 0
-1 0
-1 0
-1 0
-1 0
-1 0
-1 0
-1 0
-1 0
-1 0
-1 0
-1 0
-1 0
-1 0
-1 0
-1 0
-1 0
-1 0
-1 0
-1 0
-1 0
-2 -1
-2 -1
-2 -1
-2 -1
-2 -1
-2 -1
-2 -1
-2 -1
-2 -1
-2 -1
-2 -1
-2 -1
-2 -1
-2 -1
-2 -1
0 -3
0 -3
0 -3
0 -3
0 -3
0 -3
0 -3
0 -3
0 -3
0 -3
0 -3
0 -3
0 -3
0 -3
0 -3
0 -3
-1 -2
-1 -2
-1 -2
-1 -2
-1 -2
-1 -2
-1 -2
-1 -2
-1 -2
-1 -2
-1 -2
-1 -2
-1 -2
-1 -2
-1 -2
-1 -2
-1 -2
-1 -2
-1 -2
-1 -2
-1 -2
-1 -2
-1 -2
-1 -2
-1 -2
-1 -2
-1 -2
-1 -2
-1 -2
-1 -2
-1 -2
-1 -2
-1 -2
-1 -2
-1 -2
-1 -2
-1 -2
-1 -2
-1 -2
-1 -2
-1 -2
-1 -2
-1 -2
-1 -2
-1 -2
-1 -2
-1 -2
-1 -2
0 -1
0 -1
0 -1
0 -1
0 -1
0 -1
0 -1
0 -1
0 -1
0 -1
0 -1
0 -1
0 -1
0 -1
0 -1
0 -1
0 -1
0 -1
0 -1
0 -1
0 -1
0 -1
0 -1
0 -1
0 -1
0 -1
0 -1
0 -1
0 -1
0 -1
0 -1
0 -1
0 -1
0 -1
0 -1
0 -1
0 -1
0 -1
0 -1
0 -1
0 -1
0 -1
0 -1
0 -1
0 -1
0 -1
0 -1
0 -1
-1 -1
0 -1
0 -1
0 -1
0 -1
0 -1
0 -1
0 -1
0 -1
0 -1
0 -1
0 -1
0 -1
0 -1
0 -1
0 -1
0 -1
0 -1
0 -1
0 -1
0 -1
0 -1
0 -1
0 -1
0 -1
0 -1
0 -1
0 -1
0 -1
0 -1
0 -1
0 -1
0 -1
0 -1
0 -1
0 -1
0 -1
0 -1
0 -1
0 -1
0 -1
0 -1
0 -1
0 -1
0 -1
0 -1
0 -1
0 -1
0 -1
0 -1
0 -1
0 -1
0 -1
0 -1
0 -1
0 -1
0 -1
0 -1
0 -1
0 -1
0 -1
0 -1
0 -1
0 -1
0 -1
0 -1
0 -1
0 -1
0 -1
0 -1
0 -1
0 -1
0 -1
0 -1
0 -1
0 -1
0 -1
0 -1
0 -1
0 -1
0 -1
0 -1
0 -1
0 -1
0 -1
0 -1
0 -1
0 -1
0 -1
0 -1
0 -1
0 -1
0 -1
0 -1
0 -1
0 -1
0 -1
0 -1
0 -1
0 -1
0 -1
0 -1
0 -1
0 -1
0 -1
0 -1
0 -1
0 -1
0 -1
0 -1
0 -1
0 -1
0 -1
0 -1
0 -1
0 -1
0 -1
0 -1
0 -1
0 -1
0 -1
0 -1
0 -1
0 -1
0 -1
0 -1
0 -1
