1 0
1 0
1 0
1 0
1 0
1 0
1 0
1 0
1 0
1 0
1 0
1 0
1 0
1 0
1 0
1 0
1 0
1 0
1 0
1 0
1 0
1 0
1 0
1 0
1 0
1 0
1 0
1 0
1 0
1 0
1 0
1 0
1 0
1 0
1 0
1 0
1 0
1 0
1 0
1 0
1 0
1 0
1 0
1 0
1 0
1 0
1 0
1 0
1 0
1 0
1 0
1 0
1 0
1 0
1 0
1 0
1 0
1 0
1 0
1 0
1 0
1 0
1 0
1 0
1 0
1 0
1 0
1 0
1 0
1 0
1 0
1 0
1 0
1 0
1 0
1 0
1 0
1 0
1 0
1 0
1 0
1 0
1 0
1 0
1 0
1 0
1 0
1 0
1 0
1 0
1 0
1 0
1 0
1 0
1 0
1 0
1 0
1 0
1 0
1 0
1 0
1 0
1 0
1 0
1 0
1 0
1 0
1 0
1 0
1 0
1 0
1 0
1 0
1 0
1 0
1 0
1 0
1 0
1 0
1 0
1 0
1 0
1 0
1 0
1 0
1 0
1 0
1 0
1 0
1 0
1 0
1 0
1 0
1 0
1 0
1 0
1 0
1 0
1 0
1 0
1 0
1 0
1 0
1 0
1 0
1 0
1 0
1 0
1 0
1 0
1 0
1 0
1 0
1 0
1 0
1 0
1 0
1 0
1 0
1 0
1 0
0 2
0 2
0 2
0 2
0 2
0 2
0 2
0 2
0 2
0 2
0 2
0 2
0 2
0 2
0 2
0 2
0 2
0 2
0 2
0 2
0 2
0 2
0 2
0 2
0 2
0 2
0 2
0 2
0 2
0 2
0 2
0 2
0 2
0 2
0 2
0 2
0 2
0 2
0 2
0 2
0 2
0 2
0 2
1 4
1 4
1 4
1 4
1 4
1 4
1 4
1 4
1 4
1 4
1 4
1 4
1 4
1 4
1 4
1 4
1 4
1 4
1 4
1 4
1 4
1 4
1 4
1 4
1 4
1 4
1 5
1 5
1 5
1 5
1 5
1 5
1 5
1 5
1 5
1 5
1 5
1 5
1 5
1 5
1 5
1 5
1 5
1 5
1 5
1 5
1 5
1 5
1 5
1 5
2 7
2 7
2 7
2 7
2 7
2 7
2 7
2 7
2 7
2 7
2 7
2 7
2 7
2 7
2 7
2 7
2 7
2 7
2 7
2 7
2 7
1 7
1 7
1 7
1 7
1 7
1 7
1 7
1 7
1 7
1 7
1 7
1 7
1 7
1 7
1 7
1 7
1 7
1 7
1 7
1 7
1 7
1 7
1 7
1 7
1 7
1 7
1 7
1 7
1 7
1 7
1 7
1 7
1 7
1 7
1 7
1 7
1 7
1 7
1 7
1 7
1 7
1 7
1 7
0 5
0 5
0 5
0 5
0 5
0 5
0 5
0 5
0 5
0 5
0 5
0 5
0 5
0 5
0 5
0 5
0 5
0 5
0 5
0 5
0 5
0 12
0 12
0 12
0 12
0 12
0 12
0 12
0 12
0 12
0 12
0 12
0 12
0 12
0 12
0 12
0 12
0 12
0 12
0 12
0 12
0 12
0 12
0 12
0 12
0 12
0 12
0 12
0 12
0 12
0 12
0 12
0 12
0 12
0 12
0 12
0 12
0 12
0 12
0 12
0 12
0 12
0 12
0 12
0 16
0 16
0 16
0 16
0 16
0 16
0 16
0 16
0 16
0 16
0 16
0 16
0 16
0 16
0 16
0 16
0 16
0 16
0 16
0 16
0 16
0 16
0 16
0 16
0 16
0 16
0 16
0 16
0 16
0 16
0 16
0 16
0 16
0 16
0 16
0 16
0 16
0 16
0 16
0 16
0 16
0 16
0 16
-2 17
-2 17
-2 17
-2 17
-2 17
-2 17
-2 17
-2 17
-2 17
-2 17
-2 17
-2 17
-2 17
-2 17
-2 17
-2 17
-2 17
-2 17
-2 17
-2 17
-2 17
-2 17
-2 17
-2 17
-2 17
-2 17
-2 17
-2 17
-2 17
-2 17
-2 17
-2 17
-2 17
-2 17
-2 17
-2 17
-2 17
-2 17
-2 17
-2 17
-2 17
-2 17
-2 17
-2 17
-2 17
-2 17
-2 17
-2 17
-2 17
-2 17
-2 17
-2 17
-2 17
-2 17
-2 17
-2 17
-2 17
-2 17
-2 17
-2 17
-2 17
-2 17
-2 17
-2 17
-2 17
-1 19
-1 23
-1 23
-1 23
-1 23
-1 23
-1 23
-1 23
-1 23
-1 23
-1 23
-1 23
-1 23
-1 23
-1 23
-1 23
-1 23
-1 23
-1 23
-1 23
-1 23
-1 23
-1 23
-1 23
-1 23
-1 23
-1 23
-1 23
-1 23
-1 23
-1 23
-1 23
-1 23
-1 23
-1 23
-1 23
-1 23
-1 23
-1 23
-1 23
-1 23
-1 23
-1 23
-1 23
-1 23
-1 23
-1 23
-1 23
-1 23
-1 23
-1 23
-1 23
-1 23
-1 23
-1 23
-1 23
-1 23
-1 23
-1 23
-1 23
-1 23
-1 23
-1 23
-1 23
-1 23
-1 23
-1 23
-1 23
-1 23
-1 23
-1 23
-1 23
-1 23
-1 23
-1 23
-1 23
-1 23
-1 23
-1 23
-1 23
-1 23
-1 23
-1 23
-1 23
-1 23
-1 23
-1 23
-2 19
-2 19
-2 19
-2 19
-2 19
-2 19
-2 19
-2 19
-2 19
-2 19
-2 19
-2 19
-2 19
-2 19
-2 19
-2 19
-2 19
-2 19
-2 19
-2 19
-2 19
-2 19
-2 19
-2 19
-1 28
-1 28
-1 28
-1 28
-1 28
-1 28
-1 28
-1 28
-1 28
-1 28
-1 28
-1 28
-1 28
-1 28
-1 28
-1 28
-1 28
-1 28
-1 28
-1 28
-1 28
-1 28
-1 28
-1 28
-1 28
2 27
2 27
2 27
2 27
2 27
2 27
2 27
2 27
2 27
2 27
2 27
2 27
2 27
2 27
2 27
2 27
2 27
2 27
2 27
2 27
2 27
2 27
2 27
2 27
2 27
2 27
2 27
2 27
2 27
2 27
2 27
2 27
2 27
2 27
2 27
2 27
2 27
2 27
2 27
2 27
2 27
2 27
2 27
2 27
2 27
2 27
2 27
2 27
2 27
2 27
2 27
0 28
0 28
0 28
1 30
1 30
1 30
1 30
1 30
1 30
1 30
1 30
1 30
1 30
1 30
1 30
1 30
1 30
1 30
1 30
1 30
1 30
1 30
1 30
1 30
1 30
1 30
1 30
1 30
1 30
1 30
1 30
1 30
1 30
1 30
1 30
1 30
1 30
1 30
1 30
1 30
1 30
1 30
1 30
1 30
1 30
1 30
1 30
1 30
1 30
1 30
1 30
1 30
2 26
2 26
2 26
2 26
2 26
2 26
2 26
2 26
2 26
2 26
2 26
2 26
2 26
2 26
2 26
2 26
2 26
2 26
2 26
2 26
2 26
2 26
2 26
2 26
2 26
2 26
2 26
2 26
2 26
2 26
2 26
2 26
2 26
2 26
2 26
2 26
2 26
2 26
2 26
2 26
2 26
2 26
2 26
2 26
2 26
2 26
2 26
2 26
2 26
2 26
0 26
-1 31
-1 31
-1 31
-1 31
-1 31
-1 31
-1 31
-1 31
-1 31
-1 31
-1 31
-1 31
-1 31
-1 31
-1 31
-1 31
-1 31
-1 31
-1 31
-1 31
-1 31
-1 31
-1 31
-1 31
-1 31
-1 31
-1 31
-1 31
-1 31
-1 31
-1 31
-1 31
-1 31
-1 31
-1 31
-1 31
-1 31
-1 31
-1 31
-1 31
-1 31
-1 31
-1 31
-1 31
-1 31
-1 31
-1 31
1 30
1 30
1 30
1 30
1 30
1 30
1 30
1 30
1 30
1 30
1 30
1 30
1 30
1 30
1 30
1 30
1 30
1 30
1 30
1 30
1 30
1 30
1 30
1 30
1 30
1 30
1 30
1 30
1 30
1 30
1 30
1 30
1 30
1 30
1 30
1 30
1 30
1 30
1 30
1 30
1 30
1 30
1 30
1 30
1 30
1 30
1 30
1 30
1 30
1 30
1 30
1 30
1 30
1 30
1 30
1 30
1 30
1 30
1 30
1 30
1 30
1 30
1 30
1 30
1 30
1 30
1 30
1 30
1 30
1 30
1 30
1 30
1 30
1 30
1 30
1 30
1 30
1 30
1 30
1 30
1 30
1 30
1 30
1 30
1 30
1 30
1 30
1 30
1 30
1 30
1 30
1 30
1 30
1 30
1 30
1 30
1 30
1 30
1 30
1 30
1 30
1 30
1 30
1 30
1 30
1 30
1 30
1 30
1 30
1 30
1 30
1 30
1 30
1 30
1 30
1 30
1 30
1 30
1 30
1 30
1 30
1 30
1 30
1 30
1 30
1 30
1 32
1 32
1 32
1 32
1 32
1 32
1 32
1 32
1 32
1 32
1 32
1 32
1 32
1 32
1 32
1 32
1 32
1 32
1 32
1 32
1 32
1 32
1 32
2 34
2 34
2 34
2 34
2 34
2 34
2 34
2 34
2 34
2 34
2 34
2 34
2 34
2 34
2 34
2 34
2 34
2 34
2 34
2 34
4 31
4 31
4 31
4 31
4 31
4 31
4 31
4 31
4 31
4 31
4 31
4 31
4 31
4 31
4 31
4 31
4 31
4 31
4 31
5 27
5 27
5 27
5 27
5 27
5 27
5 27
5 27
5 27
5 27
5 27
5 27
5 27
5 27
5 27
5 27
5 27
5 27
5 27
5 27
5 27
5 27
5 27
5 27
5 27
5 27
5 27
5 27
5 27
5 27
5 27
5 27
5 27
5 27
5 27
5 27
5 27
5 27
5 27
5 27
5 27
5 27
5 27
5 27
5 27
5 27
5 27
5 27
5 27
5 27
5 27
5 27
5 27
5 27
5 27
5 27
5 27
5 27
5 27
5 27
5 27
5 27
5 27
6 33
6 33
6 33
6 33
6 33
6 33
6 33
6 33
6 33
6 33
6 33
6 33
6 33
6 33
6 33
6 33
6 33
6 33
6 33
6 33
6 33
6 33
6 33
6 33
6 33
6 33
6 33
6 33
6 33
6 33
6 33
6 33
6 33
6 33
6 33
6 33
6 33
6 33
6 33
6 33
6 33
6 33
6 33
6 33
6 33
6 33
6 33
6 33
6 30
6 30
6 30
6 30
6 30
6 30
6 30
6 30
6 30
6 30
6 30
6 30
6 30
6 30
6 30
6 30
6 30
6 30
6 30
6 30
6 30
6 30
10 30
10 30
10 30
10 30
10 30
10 30
10 30
10 30
10 30
10 30
10 30
10 30
10 30
10 30
10 30
10 30
10 30
10 30
10 30
10 30
10 30
10 30
10 30
10 30
10 32
10 32
10 32
10 32
10 32
10 32
10 32
10 32
10 32
10 32
10 32
10 32
10 32
10 32
10 32
10 32
10 32
10 32
10 32
10 32
10 30
10 30
10 30
10 30
10 30
10 30
10 30
10 30
10 30
10 30
10 30
10 30
10 30
10 30
10 30
10 30
10 30
10 30
10 30
10 30
10 30
10 30
10 30
10 30
10 30
10 30
10 30
10 30
10 30
10 30
10 30
10 30
10 30
10 30
10 30
10 30
10 30
10 30
10 30
10 30
10 30
10 30
10 30
10 30
10 30
10 30
10 30
10 30
10 30
10 30
10 30
10 30
10 30
10 30
10 30
10 30
10 30
10 30
10 30
10 30
10 30
10 30
10 30
10 30
10 30
10 30
10 30
10 30
10 30
10 30
10 30
10 30
10 30
10 30
10 30
10 30
10 30
10 30
10 30
10 30
10 30
10 30
10 30
10 30
10 30
10 30
10 30
10 30
10 30
10 30
11 31
10 28
10 28
10 28
10 28
10 28
10 28
10 28
10 28
10 28
10 28
10 28
10 28
10 28
10 28
10 28
10 28
10 28
10 28
10 28
10 28
10 28
10 28
10 28
10 28
10 28
10 28
10 28
10 28
10 28
10 28
10 28
10 28
10 28
10 28
10 28
10 28
10 28
15 34
15 34
15 34
15 34
15 34
15 34
15 34
15 34
15 34
15 34
15 34
15 34
15 34
15 34
15 34
15 34
15 34
15 34
15 34
15 34
15 34
15 34
15 34
15 34
15 31
15 31
15 31
15 31
15 31
15 31
15 31
15 31
15 31
15 31
15 31
15 31
15 31
15 31
15 31
15 31
15 31
15 31
15 31
15 31
15 31
15 31
15 31
15 31
15 31
15 31
15 31
15 31
15 31
15 31
15 31
15 31
15 31
15 31
15 31
15 31
15 31
15 31
15 31
15 31
15 31
15 31
15 31
15 31
15 31
15 31
15 31
15 31
15 31
15 31
15 31
15 31
15 31
15 31
15 31
15 31
15 31
15 31
15 31
15 31
15 31
15 31
15 31
15 31
15 31
16 30
19 38
19 38
19 38
19 38
19 38
19 38
19 38
19 38
19 38
19 38
19 38
19 38
19 38
19 38
19 38
19 38
19 38
19 38
19 38
19 38
19 38
19 38
19 38
19 38
19 38
19 38
19 38
19 38
19 38
19 38
19 38
19 38
19 38
19 38
19 38
19 38
19 38
19 38
19 38
19 38
19 38
19 38
19 38
19 38
19 38
19 38
19 38
26 32
26 32
26 32
26 32
26 32
26 32
26 32
26 32
26 32
26 32
26 32
26 32
26 32
26 32
26 32
26 32
26 32
26 32
26 32
26 32
26 32
26 32
26 32
26 32
26 32
26 32
26 32
26 32
26 32
26 32
26 32
26 32
26 32
26 32
26 32
26 32
26 32
26 32
26 32
26 32
26 32
26 32
26 32
26 32
26 32
26 32
26 32
26 32
26 32
25 33
25 33
24 36
24 36
24 36
24 36
24 36
24 36
24 36
24 36
24 36
24 36
24 36
24 36
24 36
24 36
24 36
24 36
24 36
24 36
24 36
24 36
24 36
24 36
24 36
24 36
24 36
24 36
24 36
24 36
24 36
24 36
24 36
24 36
24 36
24 36
24 36
24 36
24 36
24 36
24 36
24 36
24 36
24 36
28 37
28 37
28 37
28 37
28 37
28 37
28 37
28 37
28 37
28 37
28 37
28 37
28 37
28 37
28 37
28 37
28 37
28 37
35 38
35 38
35 38
35 38
35 38
35 38
35 38
35 38
35 38
35 38
35 38
35 38
35 38
35 38
35 38
35 38
35 38
35 38
35 38
35 38
35 38
35 38
35 38
35 38
35 38
35 38
35 38
35 38
35 38
35 38
34 35
34 35
34 35
34 35
34 35
34 35
34 35
34 35
34 35
34 35
34 35
34 35
34 35
34 35
34 35
34 35
44 34
44 34
44 34
44 34
44 34
44 34
44 34
44 34
44 34
44 34
44 34
44 34
44 34
44 34
44 34
44 34
44 34
44 34
44 34
44 34
44 34
44 34
44 34
44 34
44 34
44 34
44 34
44 34
44 34
44 34
44 34
44 34
44 34
44 34
44 34
44 34
44 34
44 34
44 34
44 34
44 34
44 34
44 34
44 34
44 34
44 34
38 21
38 21
38 21
38 21
38 21
38 21
38 21
38 21
38 21
38 21
38 21
38 21
38 21
38 21
38 21
38 21
38 21
43 19
43 19
43 19
43 19
43 19
43 19
43 19
43 19
43 19
43 19
43 19
43 19
43 19
43 19
43 19
43 19
43 19
43 19
43 19
43 19
43 19
43 19
43 19
43 19
43 19
43 19
43 19
43 19
43 19
43 19
43 19
43 19
43 19
43 19
43 19
43 19
43 19
43 19
43 19
43 19
43 19
43 19
43 19
43 19
41 22
41 22
41 22
41 22
41 22
41 22
41 22
41 22
41 22
41 22
41 22
41 22
41 22
41 22
41 22
41 22
41 22
41 22
41 22
41 22
41 22
41 22
39 13
39 13
39 13
39 13
39 13
39 13
39 13
39 13
39 13
39 13
39 13
39 13
39 13
39 13
39 13
39 13
39 13
39 13
39 13
39 13
48 18
48 18
48 18
48 18
48 18
48 18
48 18
48 18
48 18
48 18
48 18
48 18
48 18
48 18
48 18
48 18
48 18
48 18
48 18
48 18
48 18
48 18
50 20
50 20
50 20
50 20
50 20
50 20
50 20
50 20
50 20
50 20
50 20
50 20
50 20
50 20
50 20
50 20
50 20
50 20
50 20
50 20
50 20
50 20
50 20
50 20
50 20
50 20
50 20
50 20
50 20
50 20
50 20
50 20
50 20
50 20
50 20
50 20
50 20
50 20
50 20
50 20
50 20
50 20
50 20
50 20
50 20
50 20
50 20
46 15
46 15
46 15
46 15
46 15
46 15
46 15
46 15
46 15
46 15
46 15
46 15
46 15
46 15
46 15
46 15
46 15
46 15
46 15
46 15
46 15
46 15
46 15
46 15
46 15
46 15
46 15
46 15
46 15
46 15
46 15
46 15
46 15
46 15
46 15
46 15
46 15
46 15
46 15
46 15
46 15
46 15
46 15
46 15
43 8
43 8
43 8
43 8
43 8
43 8
43 8
43 8
43 8
43 8
43 8
43 8
43 8
43 8
43 8
43 8
43 8
43 8
43 8
43 8
43 8
43 8
43 8
43 8
43 8
43 8
43 8
43 8
43 8
43 8
43 8
43 8
43 8
43 8
43 8
46 8
46 8
46 8
46 8
46 8
46 8
46 8
46 8
46 8
46 8
46 8
46 8
46 8
46 8
46 8
46 8
46 3
46 3
46 3
46 3
46 3
46 3
46 3
46 3
46 3
46 3
46 3
46 3
46 3
46 3
46 3
46 3
46 3
46 3
46 3
46 3
46 3
46 3
46 3
46 3
46 3
46 3
46 3
46 3
46 3
49 5
49 5
49 5
49 5
49 5
49 5
49 5
49 5
49 5
49 5
49 5
49 5
49 5
49 5
49 5
49 5
49 5
49 5
49 5
49 5
49 5
49 5
49 5
49 5
49 5
49 5
49 5
49 5
49 1
50 2
50 2
50 2
50 2
50 2
50 2
50 2
50 2
50 2
50 2
50 2
50 2
50 2
50 2
50 2
50 2
50 2
50 2
50 2
50 2
50 2
50 2
50 2
50 2
50 2
50 2
50 2
50 2
50 2
50 2
50 2
49 1
49 1
49 1
49 1
49 1
49 1
49 1
49 1
49 1
49 1
49 1
49 1
49 1
49 1
49 1
47 3
47 3
47 3
47 3
47 3
47 3
47 3
47 3
47 3
47 3
47 3
47 3
47 3
47 3
52 2
52 2
52 2
52 2
52 2
52 2
52 2
52 2
52 2
52 2
52 2
52 2
52 2
52 2
52 2
52 2
52 2
52 2
52 2
52 2
52 2
52 2
52 2
52 2
52 2
52 2
52 2
52 2
52 2
52 2
52 2
52 2
52 2
52 2
52 2
52 2
52 2
49 2
49 2
49 2
49 2
49 2
49 2
49 2
49 2
49 2
49 2
49 2
49 2
49 2
49 2
49 2
49 2
49 2
49 2
49 2
49 2
49 2
49 2
49 2
49 2
49 2
49 2
49 2
49 2
49 2
49 2
49 2
49 2
49 2
49 2
49 2
49 2
52 3
52 1
52 1
52 1
52 1
52 1
52 1
52 1
52 1
52 1
52 1
52 1
52 1
52 1
52 1
52 1
52 1
52 1
52 1
52 1
52 1
52 1
52 1
52 1
52 1
52 1
52 1
52 1
52 1
52 1
52 1
51 2
51 2
51 2
51 2
51 2
51 2
51 2
51 2
51 2
51 2
51 2
51 2
51 2
51 2
51 2
51 2
51 2
51 2
52 0
52 0
52 0
52 0
52 0
52 0
52 0
52 0
52 0
52 0
52 0
52 0
52 0
52 0
52 0
52 0
52 0
52 0
52 0
52 0
52 0
52 0
52 0
52 0
52 0
52 0
52 0
52 0
52 0
52 0
52 0
52 0
52 0
52 0
52 0
52 0
52 0
52 0
52 0
52 0
52 0
52 0
52 0
52 0
52 0
52 0
52 0
52 0
52 0
52 0
52 0
52 0
52 0
52 0
52 0
52 0
52 0
52 0
52 0
52 0
52 0
52 0
52 0
51 0
51 0
51 0
51 0
51 0
51 0
51 0
51 0
51 0
51 0
51 0
51 0
51 0
51 0
51 0
51 0
51 0
51 0
51 0
51 0
51 0
51 0
51 0
51 0
51 0
51 0
51 0
51 0
51 0
51 0
51 0
51 0
51 0
51 0
51 0
56 0
56 0
56 0
56 0
56 0
56 0
56 0
56 0
56 0
56 0
56 0
56 0
56 0
56 0
56 0
56 0
56 0
56 0
56 0
56 0
56 0
56 0
56 0
56 0
56 0
56 0
56 0
56 0
56 0
56 0
56 0
56 0
56 0
56 0
56 0
56 0
56 0
56 0
56 0
56 0
56 0
56 0
56 0
56 0
56 0
56 0
56 0
56 0
56 0
56 0
56 0
56 0
56 0
56 -7
57 -2
57 -2
57 -2
57 -2
57 -2
57 -2
57 -2
57 -2
57 -2
57 -2
57 -2
57 -2
57 -2
57 -2
57 -2
57 -4
57 -4
57 -4
57 -4
57 -4
57 -4
57 -4
57 -4
57 -4
57 -4
57 -4
57 -4
57 -4
57 -4
57 -4
56 1
56 1
56 1
56 1
56 1
56 1
56 1
56 1
56 1
56 1
56 1
56 1
56 1
56 1
56 1
56 1
56 1
56 1
56 1
56 1
56 1
56 1
56 1
56 1
56 1
56 1
56 1
56 1
56 1
56 1
56 1
56 1
56 1
56 1
56 1
56 1
56 1
56 1
56 1
56 1
56 1
56 1
56 1
56 1
56 1
56 1
56 1
56 1
56 1
56 1
56 1
56 1
56 1
56 1
56 1
56 1
56 1
56 1
56 1
56 1
56 1
56 1
56 1
56 1
56 1
56 1
56 1
56 1
56 1
56 1
56 1
56 1
56 1
56 1
56 1
56 1
56 1
56 1
56 1
56 1
56 1
56 1
56 1
56 1
56 1
56 1
56 1
56 1
56 1
56 1
56 1
56 1
56 1
56 1
56 1
56 1
56 1
56 1
56 1
56 1
56 1
56 1
56 1
56 1
56 1
53 -5
59 0
59 0
59 0
59 0
59 0
59 0
59 0
59 0
59 0
59 0
59 0
59 0
59 0
59 0
59 0
59 0
59 0
56 -2
56 -2
56 -2
56 -2
56 -2
56 -2
56 -2
56 -2
56 -2
56 -2
56 -2
56 -2
56 -2
56 -2
56 -2
56 -2
56 -2
56 -2
56 -2
56 -2
56 -2
56 -2
56 -2
56 -2
56 -2
56 -2
56 -2
56 -2
56 -2
56 -2
56 -2
56 -2
56 -2
56 -2
56 -2
56 -2
56 -2
56 -2
56 -2
56 -2
56 -2
56 -2
56 -2
56 -2
56 -2
56 -2
56 -2
56 -2
56 -2
56 -2
56 -2
56 -2
56 -2
56 -2
56 -2
56 -2
56 -2
56 -2
56 -2
56 -2
56 -2
56 -2
56 -2
56 -2
56 -2
56 -2
56 -2
56 -2
56 -2
56 -2
56 -2
56 -2
56 -2
56 -2
56 -2
56 -2
56 -2
56 -2
56 -2
56 -2
56 -2
56 -2
56 -2
56 -2
56 -2
56 -2
56 -2
56 -2
56 -2
60 -11
60 -11
60 -11
60 -11
60 -11
60 -11
60 -11
60 -11
60 -11
60 -11
60 -11
60 -11
60 -11
58 -12
58 -12
58 -12
58 -12
58 -12
58 -12
58 -12
58 -12
58 -12
58 -12
58 -12
58 -12
58 -12
58 -12
58 -12
58 -12
58 -12
58 -12
58 -12
58 -12
58 -12
58 -12
58 -12
58 -12
58 -12
58 -12
58 -12
58 -12
58 -12
58 -12
58 -12
58 -12
58 -12
58 -12
64 -14
64 -14
64 -14
64 -14
64 -14
64 -14
64 -14
64 -14
64 -14
64 -14
64 -14
64 -14
64 -14
64 -14
64 -14
64 -14
62 -14
62 -14
62 -14
62 -14
62 -14
62 -14
62 -14
62 -14
62 -14
62 -14
62 -14
62 -14
62 -14
62 -14
62 -14
62 -14
62 -14
62 -14
62 -14
62 -14
62 -14
62 -14
62 -14
62 -14
62 -14
62 -14
62 -14
62 -14
62 -14
62 -14
65 -19
65 -19
65 -19
65 -19
65 -19
65 -19
65 -19
65 -19
65 -19
65 -19
65 -19
65 -19
65 -19
65 -19
65 -19
65 -19
65 -19
65 -19
65 -19
65 -19
65 -19
65 -19
65 -19
65 -19
65 -19
65 -19
65 -19
65 -19
65 -19
65 -19
65 -19
65 -19
65 -19
59 -22
59 -22
59 -22
59 -22
59 -22
59 -22
59 -22
59 -22
59 -22
59 -22
59 -22
59 -22
59 -22
59 -22
59 -22
59 -22
59 -22
59 -22
59 -22
59 -22
59 -22
59 -22
59 -22
59 -22
59 -22
59 -22
59 -22
59 -22
59 -22
59 -22
59 -22
65 -31
65 -31
65 -31
65 -31
65 -31
65 -31
65 -31
65 -31
65 -31
65 -31
65 -31
65 -31
65 -31
65 -31
65 -31
65 -31
65 -31
65 -31
65 -31
65 -31
53 -28
53 -28
53 -28
53 -28
53 -28
53 -28
53 -28
53 -28
53 -28
53 -28
53 -28
53 -28
53 -28
53 -28
57 -27
57 -27
57 -27
57 -27
57 -27
57 -27
57 -27
57 -27
57 -27
57 -27
57 -27
57 -27
57 -27
57 -27
57 -27
57 -27
57 -27
57 -27
65 -38
65 -38
65 -38
65 -38
65 -38
65 -38
65 -38
65 -38
65 -38
65 -38
65 -38
65 -38
65 -38
65 -38
65 -38
65 -38
65 -38
65 -38
65 -38
65 -38
65 -38
65 -38
65 -38
65 -38
65 -38
65 -38
65 -38
65 -38
65 -38
65 -38
65 -38
65 -38
65 -38
65 -38
65 -38
65 -38
65 -38
65 -38
65 -38
65 -38
65 -38
65 -38
65 -38
65 -38
65 -38
65 -38
65 -38
65 -38
65 -38
65 -38
65 -38
65 -38
65 -38
65 -38
63 -42
61 -43
61 -43
61 -43
61 -43
61 -43
61 -43
61 -43
61 -43
61 -43
61 -43
61 -43
61 -43
61 -43
61 -43
61 -43
61 -43
61 -43
61 -43
61 -43
61 -43
61 -43
61 -43
61 -43
61 -43
61 -43
61 -43
61 -43
61 -43
61 -43
61 -43
61 -43
61 -43
61 -43
61 -43
61 -43
61 -43
70 -44
70 -44
70 -44
70 -44
70 -44
70 -44
70 -44
70 -44
70 -44
70 -44
70 -44
70 -44
70 -44
70 -44
70 -44
70 -44
70 -44
70 -44
70 -44
70 -44
70 -44
70 -44
70 -44
70 -44
70 -44
70 -44
70 -44
70 -44
70 -44
70 -44
70 -44
70 -44
70 -44
70 -44
70 -44
70 -44
61 -47
61 -47
61 -47
61 -47
61 -47
61 -47
61 -47
61 -47
61 -47
61 -47
61 -47
61 -47
61 -47
61 -47
61 -47
61 -47
61 -47
59 -51
59 -51
59 -51
59 -51
59 -51
59 -51
59 -51
59 -51
59 -51
59 -51
59 -51
59 -51
59 -51
59 -51
59 -51
59 -51
59 -51
59 -51
59 -51
59 -51
59 -51
59 -51
59 -51
59 -51
59 -51
59 -51
59 -51
59 -51
59 -51
59 -51
59 -51
59 -51
59 -51
59 -51
39 -53
39 -53
39 -53
39 -53
39 -53
39 -53
39 -53
39 -53
39 -53
39 -53
39 -53
39 -53
39 -53
39 -53
39 -53
39 -53
39 -53
39 -53
39 -53
39 -53
39 -53
39 -53
39 -53
39 -53
39 -53
39 -53
39 -53
39 -53
41 -59
41 -59
41 -59
41 -59
41 -59
41 -59
41 -59
41 -59
41 -59
41 -59
41 -59
41 -59
41 -59
41 -59
41 -59
41 -59
41 -59
41 -59
41 -59
41 -59
41 -59
41 -59
41 -59
41 -59
41 -59
41 -59
41 -59
41 -59
41 -59
41 -59
41 -59
41 -59
41 -59
41 -59
29 -64
29 -64
29 -64
29 -64
29 -64
29 -64
29 -64
29 -64
29 -64
29 -64
29 -64
29 -64
29 -64
29 -64
29 -64
29 -64
29 -64
29 -64
29 -64
29 -64
29 -64
29 -64
29 -64
29 -64
29 -64
29 -64
29 -64
29 -64
29 -64
29 -64
29 -64
29 -64
29 -64
29 -64
29 -64
29 -64
33 -55
33 -55
33 -55
33 -55
33 -55
33 -55
33 -55
33 -55
33 -55
33 -55
33 -55
33 -55
33 -55
33 -55
33 -55
33 -55
33 -55
33 -55
33 -55
33 -55
33 -55
33 -55
33 -55
33 -55
33 -55
33 -55
33 -55
33 -55
33 -55
33 -55
33 -55
33 -55
33 -55
33 -55
33 -55
33 -55
33 -55
33 -55
33 -52
33 -52
33 -52
33 -52
33 -52
33 -52
33 -52
33 -52
33 -52
33 -52
33 -52
33 -52
33 -52
33 -52
33 -52
33 -52
33 -52
33 -52
33 -52
33 -52
33 -52
33 -52
33 -52
33 -52
33 -52
33 -52
33 -52
33 -52
33 -52
33 -52
33 -52
33 -52
29 -57
29 -57
29 -57
29 -57
29 -57
29 -57
29 -57
29 -57
29 -57
29 -57
29 -57
29 -57
29 -57
29 -57
29 -57
29 -57
24 -64
24 -64
24 -64
24 -64
24 -64
24 -64
24 -64
24 -64
24 -64
24 -64
24 -64
24 -64
24 -64
24 -64
24 -64
24 -64
24 -64
24 -64
24 -64
24 -64
24 -64
24 -64
24 -64
24 -64
24 -64
24 -64
24 -64
24 -64
24 -64
24 -64
24 -64
24 -64
24 -64
24 -64
24 -64
24 -64
24 -64
24 -64
24 -64
24 -64
24 -64
24 -64
24 -64
24 -64
24 -64
24 -64
24 -64
24 -64
24 -64
24 -64
24 -64
24 -64
24 -64
24 -64
24 -64
24 -64
24 -64
24 -64
24 -64
24 -64
24 -64
24 -64
24 -64
24 -64
24 -64
24 -64
24 -64
24 -64
24 -64
24 -64
24 -64
24 -64
24 -64
24 -64
20 -54
20 -54
20 -54
20 -54
20 -54
20 -54
20 -54
20 -54
20 -54
20 -54
20 -54
20 -54
20 -54
20 -54
20 -54
20 -54
20 -54
20 -54
20 -54
20 -54
20 -54
20 -54
20 -54
20 -54
20 -54
20 -54
20 -54
20 -54
20 -54
20 -54
21 -60
18 -59
18 -59
18 -59
18 -59
18 -59
18 -59
18 -59
18 -59
18 -59
18 -59
18 -59
18 -59
18 -59
18 -59
18 -59
18 -59
18 -59
18 -59
18 -59
18 -59
18 -59
18 -59
18 -59
18 -59
18 -59
18 -59
18 -59
18 -59
18 -59
18 -59
18 -59
18 -59
18 -59
14 -59
14 -59
14 -59
14 -59
14 -59
14 -59
14 -59
14 -59
14 -59
14 -59
14 -59
14 -59
14 -59
9 -55
9 -55
9 -55
9 -55
9 -55
9 -55
9 -55
9 -55
9 -55
9 -55
9 -55
9 -55
9 -55
9 -55
9 -55
9 -55
9 -55
9 -55
9 -55
10 -60
10 -60
10 -60
10 -60
10 -60
10 -60
10 -60
10 -60
10 -60
10 -60
10 -60
10 -60
10 -60
10 -60
10 -60
10 -60
10 -60
10 -60
10 -60
10 -60
10 -60
10 -60
10 -60
10 -60
10 -60
10 -60
10 -60
10 -60
10 -60
10 -60
10 -60
10 -60
6 -59
6 -59
6 -59
6 -59
6 -59
6 -59
6 -59
6 -59
6 -59
6 -59
6 -59
6 -59
6 -59
6 -59
6 -59
6 -59
6 -59
6 -59
6 -59
6 -59
6 -59
6 -59
6 -59
6 -59
6 -59
6 -59
6 -59
6 -59
6 -59
6 -59
6 -59
6 -59
6 -59
6 -59
6 -59
11 -53
11 -53
11 -53
11 -53
11 -53
11 -53
11 -53
11 -53
11 -53
11 -53
11 -53
11 -53
11 -53
11 -53
11 -53
8 -52
8 -52
8 -52
8 -52
8 -52
8 -52
8 -52
8 -52
8 -52
8 -52
8 -52
8 -52
8 -52
8 -52
8 -52
8 -52
8 -52
8 -53
8 -53
8 -53
8 -53
8 -53
8 -53
8 -53
8 -53
8 -53
8 -53
8 -53
8 -53
8 -53
8 -53
8 -53
8 -53
8 -53
8 -53
5 -51
5 -51
5 -51
5 -51
5 -51
5 -51
5 -51
5 -51
5 -51
5 -51
5 -51
5 -51
5 -51
5 -51
5 -51
5 -51
5 -51
5 -51
2 -53
2 -53
2 -53
2 -53
2 -53
2 -53
2 -53
2 -53
2 -53
2 -53
2 -53
2 -53
2 -53
2 -53
2 -53
2 -53
2 -53
2 -53
2 -53
2 -53
2 -53
2 -53
2 -53
2 -53
2 -53
2 -53
2 -53
2 -53
2 -53
2 -53
2 -53
2 -53
2 -53
2 -53
2 -53
2 -53
2 -53
2 -53
2 -53
2 -53
2 -53
2 -53
2 -53
2 -53
2 -53
2 -53
2 -53
-1 -53
1 -51
1 -51
1 -51
1 -51
1 -51
1 -51
1 -51
1 -51
1 -51
1 -51
1 -51
1 -51
1 -51
1 -51
1 -51
1 -51
1 -51
1 -51
1 -51
1 -51
1 -51
1 -51
1 -51
1 -51
1 -51
1 -51
1 -51
1 -51
1 -51
1 -51
1 -51
1 -51
2 -52
2 -52
2 -52
2 -52
2 -52
2 -52
2 -52
2 -52
2 -52
2 -52
2 -52
2 -52
2 -52
2 -52
2 -52
2 -52
2 -52
2 -52
2 -52
2 -52
2 -52
2 -52
2 -52
2 -52
2 -52
2 -52
2 -52
2 -52
2 -52
2 -52
2 -52
2 -52
2 -52
2 -52
2 -52
2 -52
1 -50
-4 -50
-4 -50
-4 -50
-4 -50
-4 -50
-4 -50
-4 -50
-4 -50
-4 -50
-4 -50
-4 -50
-4 -50
-4 -50
-4 -50
-4 -50
-4 -50
-4 -50
-4 -50
-4 -50
-4 -50
-4 -50
-4 -50
-4 -50
-4 -50
-4 -50
-4 -50
-4 -50
-4 -50
-4 -50
-4 -50
-4 -50
-4 -50
-4 -50
-4 -50
-4 -50
-4 -50
-2 -54
-2 -54
-2 -54
-2 -54
-2 -54
-2 -54
-2 -54
-2 -54
-2 -54
-2 -54
-2 -54
-2 -54
-2 -54
-2 -54
-2 -54
-2 -54
-2 -54
-2 -54
-2 -54
-2 -54
-2 -54
-2 -54
-2 -54
-2 -54
-2 -54
-2 -54
-2 -54
-2 -54
-2 -54
-2 -54
-2 -54
-2 -54
-2 -54
-2 -54
-2 -54
-2 -54
-2 -54
-2 -54
-2 -54
-2 -54
-2 -54
-2 -54
-2 -54
-2 -54
-2 -54
-2 -54
-2 -54
-2 -54
-2 -54
-2 -54
-2 -54
-2 -54
-2 -54
-2 -54
-2 -54
-2 -54
-2 -54
-2 -54
-2 -54
-2 -54
-2 -54
-2 -54
-2 -54
-2 -54
-2 -54
-2 -54
-2 -54
-2 -54
-2 -54
-4 -53
-4 -53
-4 -53
-4 -53
-4 -53
-4 -53
-4 -53
-4 -53
-4 -53
-4 -53
-4 -53
-4 -53
-4 -53
-4 -53
-4 -53
-4 -53
-4 -53
-4 -53
-4 -53
-4 -53
-5 -50
-5 -50
-5 -50
-5 -50
-5 -50
-5 -50
-5 -50
-5 -50
-5 -50
-5 -50
-5 -50
-5 -50
-5 -50
-5 -50
-5 -50
-5 -50
-5 -50
-5 -50
-5 -50
-5 -50
-5 -50
-5 -50
-5 -50
-5 -50
-5 -50
-5 -50
-5 -50
-5 -50
-5 -50
-5 -50
-5 -50
-5 -50
-5 -50
-5 -50
-5 -50
-5 -50
-5 -50
-1 -56
-1 -56
-1 -56
-1 -56
-1 -56
-1 -56
-1 -56
-1 -56
-1 -56
-1 -56
-1 -56
-1 -56
-1 -56
-1 -56
-1 -56
-1 -56
-1 -56
-1 -56
-1 -56
-1 -56
-1 -56
-1 -56
-1 -56
-1 -56
-1 -56
-1 -56
-1 -56
-1 -56
-1 -56
-1 -56
-1 -56
-1 -56
-1 -56
-1 -56
-1 -56
-1 -56
-1 -56
-1 -56
-1 -56
-1 -56
-1 -56
-1 -56
-1 -56
-1 -56
-1 -56
-1 -56
-1 -56
-1 -56
-1 -56
-1 -56
-1 -56
-1 -56
-1 -56
-3 -51
-3 -58
-3 -58
-3 -58
-3 -58
-3 -58
-3 -58
-3 -58
-3 -58
-3 -58
-3 -58
-3 -58
-3 -58
-3 -58
-3 -58
-3 -58
-3 -58
-3 -58
-3 -58
-3 -58
-3 -58
-3 -58
-3 -58
-3 -58
-3 -58
-3 -58
-3 -58
-3 -58
-3 -58
-3 -58
-3 -58
-3 -58
-3 -58
-3 -58
-3 -58
-3 -58
-3 -58
-5 -53
-5 -53
-5 -53
-5 -53
-5 -53
-5 -53
-5 -53
-5 -53
-5 -53
-5 -53
-5 -53
-5 -53
-5 -47
-5 -47
-5 -47
-5 -47
-5 -47
-5 -47
-5 -47
-5 -47
-5 -47
-5 -47
-5 -47
-5 -47
-5 -47
-5 -47
-5 -47
-5 -47
-5 -47
-5 -47
-5 -47
-5 -47
-5 -47
-5 -47
-5 -47
-5 -47
-5 -47
-5 -47
-13 -49
-13 -49
-13 -49
-13 -49
-13 -49
-13 -49
-13 -49
-13 -49
-13 -49
-13 -49
-13 -49
-13 -49
-13 -49
-13 -49
-13 -49
-13 -49
-13 -49
-13 -49
-13 -49
-13 -49
-13 -49
-13 -49
-13 -49
-13 -49
-13 -49
-13 -49
-13 -49
-13 -49
-13 -49
-13 -49
-13 -49
-13 -49
-13 -49
-13 -49
-13 -49
-13 -49
-18 -51
-18 -51
-18 -51
-18 -51
-18 -51
-18 -51
-18 -51
-18 -51
-18 -51
-18 -51
-18 -51
-18 -51
-18 -51
-18 -51
-18 -51
-18 -51
-18 -51
-18 -51
-18 -51
-18 -51
-18 -51
-18 -51
-18 -51
-18 -51
-18 -51
-18 -51
-18 -51
-18 -51
-18 -51
-18 -51
-18 -51
-18 -41
-28 -47
-28 -47
-28 -47
-28 -47
-28 -47
-28 -47
-28 -47
-28 -47
-28 -47
-28 -47
-28 -47
-28 -47
-28 -47
-28 -47
-28 -47
-28 -47
-33 -43
-33 -43
-33 -43
-33 -43
-33 -43
-33 -43
-33 -43
-33 -43
-33 -43
-33 -43
-33 -43
-33 -43
-33 -43
-33 -43
-33 -43
-33 -43
-33 -43
-33 -43
-33 -43
-33 -43
-33 -43
-33 -43
-33 -43
-33 -43
-33 -43
-33 -43
-33 -43
-33 -43
-33 -43
-33 -43
-33 -43
-33 -43
-33 -43
-33 -43
-33 -43
-33 -43
-37 -43
-37 -43
-37 -43
-37 -43
-37 -43
-37 -43
-37 -43
-37 -43
-37 -43
-37 -43
-37 -43
-37 -43
-37 -43
-37 -43
-37 -43
-37 -43
-37 -43
-37 -43
-37 -43
-37 -43
-37 -43
-37 -43
-37 -43
-37 -43
-37 -43
-37 -43
-37 -43
-37 -43
-37 -43
-37 -43
-37 -43
-37 -43
-37 -43
-37 -43
-36 -35
-36 -35
-36 -35
-36 -35
-36 -35
-36 -35
-36 -35
-36 -35
-36 -35
-36 -35
-36 -35
-36 -35
-36 -35
-36 -35
-36 -35
-36 -35
-36 -35
-36 -35
-36 -35
-36 -35
-36 -35
-36 -35
-36 -35
-36 -35
-36 -35
-36 -35
-36 -35
-36 -35
-36 -35
-36 -35
-36 -35
-36 -35
-36 -35
-36 -35
-36 -35
-36 -35
-36 -35
-36 -35
-36 -35
-36 -35
-36 -35
-36 -35
-36 -35
-36 -35
-36 -35
-36 -35
-36 -35
-36 -35
-36 -35
-36 -35
-41 -29
-49 -29
-49 -29
-49 -29
-49 -29
-49 -29
-49 -29
-49 -29
-49 -29
-49 -29
-49 -29
-49 -29
-49 -29
-49 -29
-49 -29
-49 -29
-49 -29
-49 -29
-49 -29
-49 -29
-49 -29
-49 -29
-49 -29
-49 -29
-49 -29
-49 -29
-49 -29
-49 -29
-49 -29
-49 -29
-49 -29
-49 -29
-49 -29
-53 -26
-53 -26
-53 -26
-53 -26
-53 -26
-53 -26
-53 -26
-53 -26
-53 -26
-53 -26
-53 -26
-53 -26
-53 -26
-53 -26
-53 -26
-50 -22
-50 -22
-50 -22
-50 -22
-50 -22
-50 -22
-50 -22
-50 -22
-50 -22
-50 -22
-50 -22
-50 -22
-50 -22
-50 -22
-50 -22
-50 -22
-50 -22
-50 -22
-50 -22
-50 -22
-50 -22
-50 -22
-50 -22
-50 -22
-50 -22
-50 -22
-50 -22
-50 -22
-50 -22
-50 -22
-50 -22
-50 -22
-50 -22
-65 -23
-65 -23
-65 -23
-65 -23
-65 -23
-65 -23
-65 -23
-65 -23
-65 -23
-65 -23
-65 -23
-65 -23
-65 -23
-65 -23
-65 -23
-65 -23
-65 -23
-65 -23
-65 -23
-65 -23
-65 -23
-65 -23
-65 -23
-65 -23
-65 -23
-65 -23
-65 -23
-65 -23
-65 -23
-65 -23
-65 -23
-65 -23
-65 -23
-65 -23
-65 -23
-65 -23
-78 -21
-78 -21
-78 -21
-78 -21
-78 -21
-78 -21
-78 -21
-78 -21
-78 -21
-78 -21
-78 -21
-78 -21
-78 -21
-78 -21
-78 -21
-78 -21
-78 -21
-78 -21
-78 -21
-78 -21
-78 -21
-78 -21
-78 -21
-78 -21
-78 -21
-78 -21
-78 -21
-78 -21
-78 -21
-76 -11
-76 -11
-76 -11
-76 -11
-76 -11
-76 -11
-76 -11
-76 -11
-76 -11
-76 -11
-76 -11
-76 -11
-76 -11
-76 -11
-81 -14
-81 -14
-81 -14
-81 -14
-81 -14
-81 -14
-81 -14
-81 -14
-81 -14
-81 -14
-81 -14
-81 -14
-81 -14
-81 -14
-81 -14
-81 -14
-81 -14
-81 -14
-81 -14
-81 -14
-81 -14
-81 -14
-81 -14
-81 -14
-81 -14
-81 -14
-81 -14
-81 -14
-81 -14
-81 -14
-81 -14
-81 -14
-81 -14
-81 -14
-81 -14
-81 -14
-85 -11
-85 -11
-85 -11
-85 -11
-85 -11
-85 -11
-85 -11
-85 -11
-85 -11
-85 -11
-85 -11
-85 -11
-85 -11
-85 -11
-85 -11
-85 -11
-85 -11
-85 -11
-91 -1
-91 -1
-91 -1
-91 -1
-91 -1
-91 -1
-91 -1
-91 -1
-91 -1
-91 -1
-91 -1
-91 -1
-91 -1
-91 -1
-91 -1
-91 -1
-91 -1
-91 -1
-91 -1
-91 -1
-91 -1
-91 -1
-91 -1
-91 -1
-91 -1
-91 -1
-91 -1
-91 -1
-91 -1
-91 -1
-91 -1
-91 -1
-91 -1
-91 -1
-91 -1
-91 -1
-87 0
-87 0
-87 0
-87 0
-87 0
-87 0
-87 0
-87 0
-87 0
-87 0
-87 0
-87 0
-87 0
-87 0
-87 0
-87 0
-87 0
-87 0
-87 0
-87 0
-87 0
-87 0
-87 0
-87 0
-87 0
-87 0
-87 0
-87 0
-87 0
-87 0
-87 0
-93 3
-108 2
-108 2
-108 2
-108 2
-108 2
-108 2
-108 2
-108 2
-108 2
-108 2
-108 2
-108 2
-108 2
-108 2
-108 2
-108 2
-101 1
-101 1
-101 1
-101 1
-101 1
-101 1
-101 1
-101 1
-101 1
-101 1
-101 1
-101 1
-101 1
-101 1
-101 1
-101 1
-101 1
-101 1
-101 1
-101 1
-101 1
-101 1
-101 1
-101 1
-101 1
-101 1
-101 1
-101 1
-101 1
-101 1
-101 1
-101 1
-101 1
-101 1
-101 1
-109 8
-109 8
-109 8
-109 8
-109 8
-109 8
-109 8
-109 8
-109 8
-109 8
-109 8
-109 8
-109 8
-109 8
-109 8
-109 8
-109 8
-109 8
-109 8
-109 8
-109 8
-109 8
-109 8
-109 8
-109 8
-109 8
-109 8
-109 8
-109 8
-109 8
-109 8
-109 8
-109 8
-109 8
-109 8
-109 8
-109 8
-114 4
-114 4
-114 4
-114 4
-114 4
-114 4
-114 4
-114 4
-114 4
-114 4
-114 4
-114 4
-114 4
-114 4
-114 4
-114 4
-114 4
-114 4
-114 4
-114 4
-114 4
-114 4
-114 4
-114 4
-114 4
-114 4
-114 4
-114 4
-114 4
-114 4
-114 4
-114 4
-114 4
-114 4
-114 4
-114 4
-114 4
-114 4
-115 17
-115 15
-115 15
-115 15
-115 15
-115 15
-115 15
-115 15
-115 15
-115 15
-115 15
-115 15
-115 15
-115 15
-115 15
-115 15
-115 15
-115 15
-115 15
-115 15
-115 15
-115 15
-115 15
-115 15
-115 15
-115 15
-115 15
-115 15
-115 15
-115 15
-115 15
-115 15
-115 15
-115 15
-117 16
-117 16
-117 16
-117 16
-117 16
-117 16
-117 16
-117 16
-117 16
-117 16
-117 16
-117 16
-117 16
-117 16
-117 16
-117 16
-117 16
-117 16
-117 16
-117 16
-117 16
-117 16
-117 16
-117 16
-117 16
-117 16
-117 16
-117 16
-117 16
-117 16
-117 16
-117 16
-117 16
-120 6
-120 6
-120 6
-120 6
-120 6
-120 6
-120 6
-120 6
-120 6
-120 6
-120 6
-120 6
-120 6
-120 6
-120 6
-120 6
-120 6
-120 6
-120 6
-120 6
-120 6
-120 6
-120 6
-120 6
-120 6
-120 6
-120 6
-120 6
-120 6
-120 6
-120 6
-120 6
-120 6
-120 6
-120 6
-115 14
-123 21
-123 21
-123 21
-123 21
-123 21
-123 21
-123 21
-123 21
-123 21
-123 21
-123 21
-123 21
-123 21
-123 21
-123 21
-123 21
-123 21
-123 21
-123 21
-123 21
-123 21
-123 21
-123 21
-123 21
-123 21
-123 21
-123 21
-123 21
-123 21
-123 21
-123 21
-123 21
-123 21
-123 21
-121 20
-121 20
-121 20
-121 20
-121 20
-121 20
-121 20
-121 20
-121 20
-121 20
-121 20
-121 20
-121 20
-121 20
-121 20
-121 20
-121 20
-121 20
-121 20
-121 20
-121 20
-121 20
-121 20
-121 20
-121 20
-121 20
-121 20
-121 20
-121 20
-121 20
-121 20
-121 20
-121 20
-121 20
-127 19
-127 19
-127 19
-127 19
-127 19
-127 19
-127 19
-127 19
-127 19
-127 19
-127 19
-127 19
-127 19
-127 19
-127 19
-127 19
-118 23
-118 23
-118 23
-118 23
-118 23
-118 23
-118 23
-118 23
-118 23
-118 23
-118 23
-118 23
-118 23
-118 23
-118 23
-118 23
-123 35
-123 35
-123 35
-123 35
-123 35
-123 35
-123 35
-123 35
-123 35
-123 35
-123 35
-123 35
-123 35
-123 35
-123 35
-123 35
-123 35
-123 35
-123 35
-123 35
-123 35
-123 35
-123 35
-123 35
-123 35
-123 35
-123 35
-123 35
-123 35
-123 35
-123 35
-123 35
-123 35
-123 35
-123 35
-123 35
-123 35
-123 35
-123 35
-123 35
-123 35
-123 35
-123 35
-123 35
-123 35
-123 35
-123 35
-123 35
-123 35
-123 35
-123 35
-111 38
-111 38
-111 38
-111 38
-111 38
-111 38
-111 38
-111 38
-111 38
-111 38
-111 38
-111 38
-111 38
-111 38
-111 38
-111 38
-111 38
-111 38
-111 38
-111 38
-111 38
-111 38
-111 38
-111 38
-111 38
-111 38
-111 38
-111 38
-111 38
-111 38
-111 38
-111 38
-111 38
-111 38
-106 31
-106 31
-106 31
-106 31
-106 31
-106 31
-106 31
-106 31
-106 31
-106 31
-106 31
-106 31
-106 31
-106 31
-106 31
-106 31
-106 31
-114 43
-114 43
-114 43
-114 43
-114 43
-114 43
-114 43
-114 43
-114 43
-114 43
-114 43
-114 43
-114 43
-114 43
-114 43
-114 43
-114 43
-114 43
-114 43
-114 43
-114 43
-114 43
-114 43
-114 43
-114 43
-114 43
-114 43
-114 43
-114 43
-114 43
-114 43
-114 43
-114 43
-114 43
-114 43
-114 43
-114 43
-114 43
-114 43
-113 45
-113 45
-113 45
-113 45
-113 45
-113 45
-113 45
-113 45
-113 45
-113 45
-113 45
-113 45
-113 45
-113 45
-113 45
-113 45
-113 45
-113 45
-113 45
-113 45
-113 45
-113 45
-113 45
-96 47
-96 47
-96 47
-96 47
-96 47
-96 47
-96 47
-96 47
-96 47
-96 47
-96 47
-96 47
-96 47
-96 47
-96 47
-96 47
-96 47
-96 47
-96 47
-96 47
-96 47
-96 47
-96 47
-96 47
-96 47
-96 47
-96 47
-96 47
-96 47
-96 47
-96 47
-96 47
-96 47
-96 47
-96 47
-96 47
-96 47
-96 47
-96 47
-96 47
-96 47
-85 43
-85 43
-85 43
-85 43
-85 43
-85 43
-85 43
-85 43
-85 43
-85 43
-85 43
-85 43
-85 43
-85 43
-85 43
-85 43
-85 43
-85 43
-85 43
-85 43
-85 43
-85 43
-85 43
-85 43
-85 43
-85 43
-85 43
-85 43
-85 43
-85 43
-85 43
-85 43
-85 43
-85 43
-85 43
-85 43
-85 43
-85 43
-85 43
-85 43
-85 43
-85 43
-85 43
-85 43
-99 62
-76 58
-76 58
-76 58
-76 58
-76 58
-76 58
-76 58
-76 58
-76 58
-76 58
-76 58
-76 58
-76 58
-76 58
-76 58
-76 58
-76 58
-76 58
-76 58
-76 58
-76 58
-76 58
-76 58
-88 63
-88 63
-88 63
-88 63
-88 63
-88 63
-88 63
-88 63
-88 63
-88 63
-88 63
-88 63
-88 63
-88 63
-88 63
-88 63
-88 63
-88 63
-88 63
-88 63
-88 63
-88 63
-88 63
-88 63
-88 63
-88 63
-88 63
-88 63
-88 63
-88 63
-88 63
-88 63
-88 63
-88 63
-88 63
-88 63
-88 63
-88 63
-88 63
-88 63
-88 63
-88 63
-88 63
-88 63
-88 63
-88 63
-88 63
-88 63
-71 59
-71 59
-71 59
-71 59
-71 59
-71 59
-71 59
-71 59
-71 59
-71 59
-71 59
-71 59
-71 59
-71 59
-71 59
-71 59
-71 59
-71 59
-71 59
-71 59
-71 59
-71 59
-71 59
-71 59
-71 59
-71 59
-71 59
-71 59
-71 59
-71 59
-71 59
-71 59
-71 59
-71 59
-71 59
-71 59
-71 59
-71 59
-71 59
-71 59
-71 59
-71 59
-71 59
-71 59
-71 59
-71 59
-71 59
-76 70
-76 70
-76 70
-76 70
-76 70
-76 70
-76 70
-76 70
-76 70
-76 70
-76 70
-76 70
-76 70
-76 70
-76 70
-76 70
-76 70
-76 70
-68 72
-68 72
-68 72
-68 72
-68 72
-68 72
-68 72
-68 72
-68 72
-68 72
-68 72
-68 72
-68 72
-68 72
-68 72
-68 72
-68 72
-68 72
-68 72
-68 72
-68 72
-68 72
-68 72
-68 72
-68 72
-68 72
-68 72
-68 72
-68 72
-68 72
-68 72
-68 72
-68 72
-68 72
-68 72
-49 66
-49 66
-49 66
-49 66
-49 66
-49 66
-49 66
-49 66
-49 66
-49 66
-49 66
-49 66
-49 66
-49 66
-49 66
-49 66
-49 66
-49 66
-49 66
-49 66
-49 66
-49 66
-49 66
-49 66
-49 66
-49 66
-49 66
-49 66
-49 66
-44 77
-44 77
-44 77
-44 77
-44 77
-44 77
-44 77
-44 77
-44 77
-44 77
-44 77
-44 77
-44 77
-44 77
-44 77
-44 77
-44 77
-44 77
-44 77
-44 77
-44 77
-44 77
-44 77
-44 77
-44 77
-44 77
-44 77
-44 77
-44 77
-44 77
-44 77
-44 77
-44 77
-44 77
-44 77
-44 77
-44 77
-44 77
-44 77
-44 77
-44 77
-44 77
-44 77
-44 77
-44 77
-44 77
-44 77
-44 77
-44 77
-44 77
-44 77
-29 61
-29 61
-29 61
-29 61
-29 61
-29 61
-29 61
-29 61
-29 61
-29 61
-29 61
-29 61
-29 61
-29 61
-29 61
-29 61
-29 61
-29 61
-29 61
-29 61
-29 61
-29 61
-29 61
-29 61
-29 61
-29 61
-29 61
-29 61
-29 61
-29 61
-29 61
-23 65
-23 65
-23 65
-23 65
-23 65
-23 65
-23 65
-23 65
-23 65
-23 65
-23 65
-23 65
-23 65
-23 65
-23 65
-23 65
-23 65
-23 65
-23 65
-23 65
-23 65
-23 65
-23 65
-23 65
-23 65
-23 65
-23 65
-23 65
-23 65
-23 65
-23 65
-23 65
-17 61
-17 61
-17 61
-17 61
-17 61
-17 61
-17 61
-17 61
-17 61
-17 61
-17 61
-17 61
-17 61
-17 61
-13 64
-13 64
-13 64
-13 64
-13 64
-13 64
-13 64
-13 64
-13 64
-13 64
-13 64
-13 64
-13 64
-13 64
-13 64
-13 64
-13 64
-13 64
-13 64
-13 64
-13 64
-13 64
-13 64
-13 64
-13 64
-13 64
-13 64
-13 64
-13 64
-13 64
-13 64
-13 64
-13 64
-13 64
-13 64
-13 64
-13 64
-13 64
-13 64
-13 64
-13 64
-13 64
-13 64
-13 64
-13 64
-13 64
-13 64
-13 64
-13 64
-13 64
-13 64
2 54
2 54
2 54
2 54
2 54
2 54
2 54
2 54
2 54
2 54
2 54
2 54
2 54
2 54
2 54
2 54
2 54
2 54
2 54
2 54
2 54
2 54
2 54
2 54
2 54
2 54
2 54
2 54
2 54
2 54
2 54
-2 47
-2 47
-2 47
-2 47
-2 47
-2 47
-2 47
-2 47
-2 47
-2 47
-2 47
-2 47
-2 47
-2 47
4 45
4 45
4 45
4 45
4 45
4 45
4 45
4 45
4 45
4 45
4 45
4 45
4 45
4 45
4 45
4 45
4 45
3 40
3 40
3 40
3 40
3 40
3 40
3 40
3 40
3 40
3 40
3 40
3 40
3 40
3 40
3 40
3 33
3 33
3 33
3 33
3 33
3 33
3 33
3 33
3 33
3 33
3 33
3 33
3 33
3 33
3 33
3 33
3 33
3 33
3 33
3 33
3 33
3 33
3 33
3 33
3 33
3 33
3 33
3 33
3 33
3 33
3 33
3 33
3 33
3 33
3 33
3 33
3 28
3 28
3 28
3 28
3 28
3 28
3 28
3 28
3 28
3 28
3 28
3 28
3 28
3 28
3 28
3 28
3 28
3 28
3 28
3 28
3 28
3 28
3 28
3 28
3 28
3 28
3 28
3 28
3 28
3 28
3 28
3 28
3 28
3 28
3 28
3 28
3 28
3 28
3 28
5 22
5 22
5 22
5 22
5 22
5 22
5 22
5 22
5 22
5 22
5 22
5 22
5 22
5 22
5 22
5 22
5 22
5 22
5 22
5 22
5 22
6 15
6 15
6 15
6 15
6 15
6 15
6 15
6 15
6 15
6 15
6 15
6 15
6 15
6 15
6 15
6 15
6 15
6 15
6 9
6 9
6 9
6 9
6 9
6 9
6 9
6 9
6 9
6 9
6 9
6 9
6 9
6 9
6 9
2 5
2 5
2 5
2 5
2 5
2 5
2 5
2 5
2 5
2 5
2 5
2 5
2 5
2 5
2 5
2 5
2 5
2 5
2 5
2 5
2 5
2 5
2 5
2 5
2 5
2 5
2 5
2 5
2 5
2 5
2 5
2 5
2 5
2 5
1 2
1 2
1 2
1 2
1 2
1 2
1 2
1 2
1 2
1 2
1 2
1 2
1 2
1 2
1 2
1 2
1 2
1 2
1 2
1 2
1 1
1 1
1 1
1 1
1 1
1 1
1 1
1 1
1 1
1 1
1 1
1 1
1 1
1 1
1 1
1 1
1 1
1 1
1 1
1 1
1 1
1 1
1 1
1 1
1 1
1 1
1 1
1 1
1 1
1 1
1 1
1 1
1 1
1 1
1 1
1 1
1 1
1 1
1 1
1 1
1 1
1 1
1 1
1 1
1 1
1 1
1 1
1 1
1 1
1 1
1 1
1 1
1 1
1 1
1 1
1 1
1 1
1 1
1 1
1 1
1 1
1 1
1 1
1 1
1 1
1 1
1 1
1 1
1 1
1 1
1 1
1 1
1 1
1 1
1 0
1 0
1 0
1 0
1 0
1 0
1 0
1 0
1 0
1 0
1 0
1 0
1 0
1 0
1 0
1 0
1 0
1 0
1 0
1 0
1 0
1 0
1 0
1 0
1 0
1 0
1 0
1 0
1 0
1 0
1 0
1 0
1 0
1 0
1 0
1 0
1 0
1 0
1 0
1 0
1 0
1 0
1 0
1 0
1 0
1 0
1 0
1 0
1 0
1 0
1 0
1 0
1 0
1 0
1 0
1 0
1 0
1 0
1 0
1 0
1 0
1 0
1 0
1 0
1 0
1 0
1 0
1 0
1 0
1 0
1 0
1 0
1 0
1 0
1 0
1 0
1 0
1 0
1 0
1 0
1 0
1 0
1 0
1 0
1 0
1 0
1 0
1 0
1 0
1 0
1 0
1 0
1 0
1 0
1 0
1 0
1 0
1 0
1 0
1 0
1 0
1 0
1 0
1 0
1 0
1 0
1 0
1 0
1 0
1 0
1 0
1 0
1 0
1 0
1 0
1 0
1 0
1 0
1 0
1 0
1 0
1 0
1 0
1 0
1 0
1 0
1 0
1 0
1 0
1 0
1 0
1 0
1 0
1 0
1 0
1 0
1 0
1 0
1 0
1 0
1 0
1 0
1 0
1 0
1 0
1 0
1 0
1 0
1 0
1 0
1 0
1 0
1 0
1 0
1 0
1 0
1 0
1 0
1 0
1 0
1 0
1 0
1 0
1 0
1 0
1 0
1 0
1 0
1 0
1 0
1 0
1 0
1 0
1 0
1 0
1 0
1 0
1 0
1 0
1 0
1 0
1 0
1 0
1 0
1 0
1 0
1 0
1 0
1 0
1 0
1 0
1 0
1 0
1 0
1 0
1 0
1 0
1 0
1 0
1 0
1 0
1 0
1 0
1 0
1 0
1 0
1 0
1 0
1 0
1 0
1 0
1 0
1 0
1 0
1 0
1 0
1 0
1 0
1 0
1 0
1 0
1 0
1 0
1 0
1 0
1 0
1 0
1 0
1 0
1 0
1 0
1 0
1 0
1 0
1 0
1 0
1 0
1 0
1 0
1 0
1 0
1 0
1 0
1 0
1 0
1 0
1 0
1 0
1 0
1 0
1 0
1 0
1 0
1 0
1 0
1 0
1 0
1 0
1 0
1 0
1 0
1 0
1 0
1 0
1 0
1 0
1 0
1 0
1 0
1 0
1 0
1 0
1 0
1 0
1 0
1 0
1 0
1 0
1 0
2 -1
2 -1
2 -1
2 -1
2 -1
2 -1
2 -1
2 -1
2 -1
2 -1
2 -1
2 -1
2 -1
2 -1
2 -1
2 -1
2 -1
1 0
1 0
1 0
1 0
1 0
1 0
1 0
1 0
1 0
1 0
1 0
1 0
1 0
1 0
1 0
1 0
1 0
1 0
1 0
1 0
1 0
1 0
1 0
1 0
1 0
1 0
1 0
1 0
1 0
1 0
1 0
1 0
1 0
1 0
1 0
1 0
1 0
1 0
1 0
1 0
1 0
1 0
1 0
1 0
1 0
1 0
1 0
1 0
1 0
1 0
1 0
1 0
1 0
1 0
1 0
1 0
1 0
1 0
1 0
1 0
1 0
1 0
1 0
1 0
1 0
1 0
1 0
1 0
1 0
1 0
1 0
1 0
1 0
1 0
1 0
1 0
1 0
1 0
1 0
1 0
1 0
1 0
1 0
1 0
1 0
1 0
1 0
1 0
1 0
1 0
1 0
1 0
1 0
1 0
1 0
1 0
1 0
1 0
1 0
1 0
1 0
1 0
1 0
1 0
1 0
1 0
1 0
1 0
1 0
1 0
1 0
1 0
1 0
1 0
1 0
1 0
1 0
1 0
1 0
1 0
1 0
1 0
1 0
1 0
1 0
1 0
1 0
1 0
1 0
1 0
1 0
1 0
1 0
1 0
1 0
1 0
1 0
1 0
1 0
1 0
1 0
1 0
1 0
1 0
1 0
1 0
1 0
1 0
1 0
1 0
1 0
1 0
1 0
1 0
1 0
1 0
1 0
1 0
1 0
1 0
1 0
1 0
1 0
1 0
1 0
1 0
1 0
1 0
1 0
1 0
1 0
1 0
1 0
1 0
1 0
1 0
1 0
1 0
1 0
1 0
1 0
1 0
1 0
1 0
1 0
1 0
1 0
1 0
1 0
1 0
1 0
1 0
1 0
1 0
1 0
1 0
1 0
1 0
1 0
1 0
1 0
1 0
1 0
1 0
1 0
1 0
1 0
1 0
1 0
1 0
1 0
1 0
1 0
1 0
1 0
1 0
1 0
1 0
1 0
1 0
1 0
1 0
1 0
1 0
1 0
1 0
1 0
1 0
1 0
1 0
1 0
1 0
1 0
1 0
1 0
1 0
1 0
1 0
1 0
1 0
1 0
1 0
1 0
1 0
1 0
1 0
1 0
1 0
1 0
1 0
1 0
1 0
1 0
1 0
1 0
1 0
1 0
1 0
1 0
1 0
1 0
1 0
1 0
1 0
1 0
1 0
1 0
1 0
1 0
1 0
1 0
1 0
1 0
1 0
1 0
1 0
1 0
1 0
1 0
1 0
1 0
1 0
1 0
1 0
1 0
1 0
1 0
1 0
1 0
1 0
1 0
1 0
1 0
1 0
1 0
1 0
1 0
1 0
1 0
1 0
1 0
1 0
1 0
1 0
1 0
1 0
1 0
1 0
1 0
1 0
1 0
1 0
1 0
1 0
1 0
1 0
1 0
1 0
1 0
1 0
1 0
1 0
1 0
1 0
1 0
1 0
1 0
1 0
1 0
1 0
1 0
1 0
1 0
1 0
1 0
1 0
1 0
1 0
1 0
1 0
1 0
1 0
1 0
1 0
1 0
1 0
1 0
1 0
1 0
1 0
1 0
1 0
1 0
1 0
1 0
1 0
1 0
1 0
1 0
1 0
1 0
1 0
1 0
1 0
1 0
1 0
1 0
1 0
1 0
1 0
1 0
1 0
1 0
1 0
1 0
1 0
1 0
1 0
1 0
1 0
1 0
1 0
1 0
1 0
1 0
1 0
1 0
1 0
1 0
1 0
1 0
1 0
1 0
1 0
1 0
1 0
1 0
1 0
1 0
1 0
1 0
1 0
1 0
1 0
1 0
1 0
1 0
1 0
1 0
1 0
1 0
1 0
1 0
1 0
1 0
1 0
1 0
1 0
1 0
1 0
1 0
1 0
1 0
1 0
1 0
1 0
1 0
1 0
1 0
1 0
1 0
1 0
1 0
1 0
1 0
1 0
1 0
1 0
1 0
1 0
1 0
1 0
1 0
1 0
1 0
1 0
1 0
1 0
1 0
1 0
1 0
1 0
1 0
1 0
1 0
1 0
1 0
1 0
1 0
1 0
1 0
1 0
1 0
1 0
1 0
1 0
1 0
1 0
1 0
1 0
1 0
1 0
1 0
1 0
1 0
1 0
1 0
1 0
1 0
1 0
1 0
1 0
1 0
1 0
1 0
1 0
1 0
1 0
1 0
1 0
1 0
1 0
1 0
1 0
1 0
1 0
1 0
1 0
1 0
1 0
1 0
1 0
1 0
1 0
1 0
1 0
1 0
1 0
1 0
1 0
1 0
1 0
1 0
1 0
1 0
1 0
1 0
1 0
1 0
1 0
1 0
1 0
1 0
1 0
1 0
1 0
1 0
1 0
1 0
1 0
1 0
1 0
1 0
1 0
1 0
1 0
1 0
1 0
1 0
1 0
1 0
1 0
1 0
1 0
1 0
1 0
1 0
1 0
1 0
1 0
1 0
1 0
1 0
1 0
1 0
1 0
1 0
1 0
1 0
1 0
1 0
1 0
1 0
1 0
1 0
1 0
1 0
1 0
1 0
1 0
1 0
1 0
1 0
1 0
1 0
1 0
1 0
1 0
1 0
1 0
1 0
1 0
1 0
1 0
1 0
1 0
1 0
1 0
1 0
1 0
1 0
1 0
1 0
1 0
1 0
1 0
1 0
1 0
1 0
1 0
1 0
1 0
1 0
1 0
1 0
1 0
1 0
1 0
1 0
1 0
1 0
1 0
1 0
1 0
1 0
1 0
1 0
1 0
1 0
1 0
1 0
1 0
1 0
1 0
1 0
1 0
1 0
1 0
1 0
1 0
1 0
1 0
1 0
1 0
1 0
1 0
1 0
1 0
1 0
1 0
1 0
1 0
1 0
1 0
1 0
1 0
1 0
1 0
1 0
1 0
1 0
1 0
1 0
1 0
1 0
1 0
1 0
1 0
1 0
1 0
1 0
1 0
1 0
1 0
1 0
1 0
1 0
1 0
1 0
1 0
1 0
1 0
1 0
1 0
1 0
1 0
1 0
1 0
1 0
1 0
1 0
1 0
1 0
1 0
1 0
1 0
1 0
1 0
1 0
1 0
1 0
1 0
1 0
1 0
1 0
1 0
1 0
1 0
1 0
1 0
1 0
1 0
1 0
1 0
1 0
1 0
1 0
1 0
1 0
1 0
1 0
1 0
1 0
1 0
1 0
1 0
1 0
1 0
1 0
1 0
1 0
1 0
1 0
1 0
1 0
1 0
1 0
1 0
1 0
1 0
1 0
1 0
1 0
1 0
1 0
1 0
1 0
1 0
1 0
1 0
1 0
1 0
1 0
1 0
1 0
1 0
1 0
1 0
1 0
1 0
1 0
1 0
1 0
1 0
1 0
1 0
1 0
1 0
1 0
1 0
1 0
1 0
1 0
1 0
1 0
1 0
1 0
1 0
1 0
1 0
1 0
1 0
1 0
1 0
1 0
1 0
1 0
1 0
1 0
1 0
1 0
1 0
1 0
1 0
1 0
1 0
1 0
1 0
1 0
1 0
1 0
1 0
1 0
1 0
1 0
1 0
1 0
1 0
1 0
1 0
1 0
1 0
1 0
1 0
1 0
1 0
1 0
1 0
1 0
1 0
1 0
1 0
1 0
1 0
1 0
1 0
1 0
1 0
1 0
1 0
1 0
1 0
1 0
1 0
1 0
1 0
1 0
1 0
1 0
1 0
1 0
1 0
1 0
1 0
1 0
1 0
1 0
1 0
1 0
1 0
1 0
1 0
1 0
1 0
1 0
1 0
1 0
1 0
1 0
1 0
1 0
1 0
1 0
1 0
1 0
1 0
1 0
1 0
1 0
1 0
1 0
1 0
1 0
1 0
1 0
1 0
1 0
1 0
1 0
1 0
1 0
1 0
1 0
1 0
1 0
1 0
1 0
1 0
1 0
1 0
1 0
1 0
1 0
1 0
1 0
1 0
1 0
1 0
1 0
1 0
1 0
1 0
1 0
1 0
1 0
1 0
1 0
1 0
1 0
1 0
1 0
1 0
1 0
1 0
1 0
1 0
1 0
1 0
1 0
1 0
1 0
1 0
1 0
1 0
1 0
1 0
1 0
1 0
1 0
1 0
1 0
1 0
1 0
1 0
1 0
1 0
1 0
1 0
1 0
1 0
1 0
1 0
1 0
1 0
1 0
1 0
1 0
1 0
1 0
1 0
1 0
1 0
1 0
1 0
1 0
1 0
1 0
1 0
1 0
1 0
1 0
1 0
1 0
1 0
1 0
1 0
1 0
1 0
1 0
1 0
1 0
1 0
1 0
1 0
1 0
1 0
1 0
1 0
1 0
1 0
1 0
1 0
1 0
1 0
1 0
1 0
1 0
1 0
1 0
1 0
1 0
1 0
1 0
1 0
1 0
1 0
1 0
1 0
1 0
1 0
1 0
1 0
1 0
1 0
1 0
1 0
1 0
1 0
1 0
1 0
1 0
1 0
1 0
1 0
1 0
1 0
1 0
1 0
1 0
1 0
1 0
1 0
1 0
1 0
1 0
1 0
1 0
1 0
1 0
1 0
1 0
1 0
1 0
1 0
1 0
1 0
1 0
1 0
1 0
1 0
1 0
1 0
1 0
1 0
1 0
1 0
1 0
1 0
1 0
1 0
1 0
1 0
1 0
1 0
1 0
1 0
1 0
1 0
1 0
1 0
1 0
1 0
1 0
1 0
1 0
1 0
1 0
1 0
1 0
1 0
1 0
1 0
1 0
1 0
1 0
1 0
1 0
1 0
1 0
1 0
1 0
1 0
1 0
1 0
1 0
1 0
1 0
1 0
1 0
1 0
1 0
1 0
1 0
1 0
1 0
1 0
1 0
1 0
1 0
1 0
1 0
1 0
1 0
1 0
1 0
1 0
1 0
1 0
1 0
1 0
1 0
1 0
1 0
1 0
1 0
1 0
1 0
1 0
1 0
1 0
1 0
1 0
1 0
1 0
1 0
1 0
1 0
1 0
1 0
1 0
1 0
1 0
1 0
1 0
1 0
1 0
1 0
1 0
1 0
1 0
1 0
1 0
1 0
1 0
1 0
1 0
1 0
1 0
1 0
1 0
1 0
1 0
1 0
1 0
1 0
1 0
1 0
1 0
1 0
1 0
1 0
1 0
1 0
1 0
1 0
1 0
1 0
1 0
1 0
1 0
1 0
1 0
1 0
1 0
1 0
1 0
1 0
1 0
1 0
1 0
1 0
1 0
1 0
1 0
1 0
1 0
1 0
1 0
1 0
1 0
1 0
1 0
1 0
1 0
1 0
1 0
1 0
1 0
1 0
1 0
1 0
1 0
1 0
1 0
1 0
1 0
1 0
1 0
1 0
1 0
1 0
1 0
1 0
1 0
1 0
1 0
1 0
1 0
1 0
1 0
1 0
1 0
1 0
1 0
1 0
1 0
1 0
1 0
1 0
1 0
1 0
1 0
1 0
1 0
1 0
1 0
1 0
1 0
1 0
1 0
1 0
1 0
1 0
1 0
1 0
1 0
1 0
1 0
1 0
1 0
1 0
1 0
1 0
1 0
1 0
1 0
1 0
1 0
1 0
1 0
1 0
1 0
1 0
1 0
1 0
1 0
1 0
1 0
1 0
1 0
1 0
1 0
1 0
1 0
1 0
1 0
1 0
1 0
1 0
1 0
1 0
1 0
1 0
1 0
1 0
1 0
1 0
1 0
1 0
1 0
1 0
1 0
1 0
1 0
1 0
1 0
1 0
1 0
1 0
1 0
1 0
1 0
1 0
1 0
1 0
1 0
1 0
1 0
1 0
1 0
1 0
1 0
1 0
1 0
1 0
1 0
1 0
1 0
1 0
1 0
1 0
1 0
1 0
1 0
1 0
1 0
1 0
1 0
1 0
1 0
1 0
1 0
1 0
1 0
1 0
1 0
1 0
1 0
1 0
1 0
1 0
1 0
1 0
1 0
1 0
1 0
1 0
1 0
1 0
1 0
1 0
1 0
1 0
1 0
1 0
1 0
1 0
1 0
1 0
1 0
1 0
1 0
1 0
1 0
1 0
1 0
1 0
1 0
