-2 5
-1 5
0 5
2 5
0 4
1 6
2 4
2 2
1 1
0 2
0 3
-1 3
-4 6
1 5
0 8
0 10
1 11
2 9
3 10
3 11
2 11
1 12
4 11
5 10
1 8
4 9
4 10
5 7
6 8
5 5
4 4
4 5
5 3
7 2
7 3
8 4
7 4
11 4
6 3
8 2
8 3
9 2
9 3
9 1
5 2
2 1
4 0
7 1
6 2
6 1
8 1
9 0
8 -1
6 -1
7 -1
6 0
9 -2
10 -3
9 -3
9 -1
7 -3
6 -2
8 -4
6 -3
7 -4
11 -4
8 -2
6 -5
3 -3
4 -5
2 -5
3 -6
4 -4
2 -3
4 -6
5 -7
2 -7
5 -10
6 -8
6 -9
5 -9
2 -8
4 -10
3 -9
2 -6
3 -8
1 -6
1 -7
1 -8
2 -10
-1 -5
0 -6
1 -10
0 -8
1 -9
0 -11
3 -13
2 -11
-1 -10
-1 -9
0 -9
0 -10
-2 -8
-2 -7
-3 -9
-3 -7
-5 -9
-2 -9
-3 -8
-6 -7
-5 -11
-4 -10
-6 -8
-4 -5
-9 -5
-3 -5
-9 -2
-6 -3
-8 -8
-9 -6
-8 -4
-5 -4
-6 -4
-6 -5
-5 -6
-5 -3
-7 -7
-7 -6
-4 -1
-7 -5
-7 -3
-5 0
-7 -4
-10 -2
-10 -1
-8 0
-11 -1
-11 1
-13 1
-8 5
-9 -1
-10 0
-8 1
-6 1
-9 1
-8 4
-11 3
-10 3
-11 6
-11 4
-12 5
-10 4
-5 2
-5 3
-3 7
-5 7
-7 7
-10 6
-11 9
-7 8
-9 7
-9 6
-7 5
-7 10
-3 10
-5 11
-1 10
-3 8
-1 9
-2 6
0 7
-1 4
1 3
2 3
-1 7
2 7
-1 8
-2 8
-4 5
-1 6
-3 6
-3 0
-2 7
-2 3
-2 0
-3 3
-1 1
0 1
0 -1
-1 0
