5 -3
6 -3
1 0
4 -3
5 -8
2 -2
2 -3
4 -2
6 -4
7 -4
3 -2
9 -2
9 -3
3 -3
1 -3
9 -8
21 -6
15 -8
11 -8
10 -4
0 -1
2 -6
5 -5
6 -8
8 -6
8 -9
-1 1
0 -2
1 -2
4 -6
7 -12
9 -13
7 -11
5 -9
2 -7
0 -6
-1 -2
0 -3
0 -5
6 -7
3 -9
-1 -8
-2 -3
-2 -2
0 -4
-1 -5
-1 -7
-2 -5
-3 -6
-4 0
-2 -6
-3 -8
-4 -6
0 -11
-1 -13
4 -13
3 -12
3 -14
1 -10
2 -11
1 -8
-2 -4
-4 -3
-4 -1
-2 0
-2 -7
-5 -8
-9 -4
-7 -1
-5 0
-3 0
-1 0
-7 -6
-5 -10
-3 -11
-6 -11
-5 -3
-4 -5
-3 -1
-2 -1
-5 -1
-6 -2
-6 -1
-7 -2
-8 -3
-7 -3
-6 -6
-3 -3
-3 -2
0 1
-7 3
-7 2
-8 3
-6 1
-2 1
-7 0
-6 4
-10 3
-6 2
-7 1
-7 5
-9 5
-9 7
-11 6
-10 8
-10 4
-12 7
-13 6
-12 9
-11 7
-5 3
-5 4
-3 3
-3 8
-5 7
-11 9
-9 13
-8 6
-9 6
-4 5
-2 7
-7 7
-5 11
-4 10
-5 9
-3 7
-1 9
0 6
2 5
1 8
1 6
3 5
3 8
2 8
1 7
2 6
0 7
0 5
0 8
-1 7
1 5
1 4
1 2
2 3
3 2
2 2
3 3
0 4
5 10
5 9
4 9
5 7
5 5
4 7
4 5
4 3
1 1
2 0
2 1
5 0
7 2
6 2
5 4
4 4
2 4
3 1
8 3
6 1
6 3
4 0
3 0
4 1
7 0
5 1
7 1
2 -1
4 2
1 3
1 -1
3 -1
4 -1
