-8 3
-7 2
-5 0
-5 1
-6 4
-8 4
-7 3
-7 1
-8 2
-9 2
-10 7
-11 6
-11 4
-12 5
-12 6
-13 5
-15 5
-12 3
-9 3
-10 5
-4 1
-9 5
-6 3
-4 2
-5 2
-7 5
-5 3
-5 4
-1 0
-1 2
-2 4
-2 5
-2 7
-4 8
-4 6
-1 5
-3 6
-5 9
-5 12
-7 11
-3 8
-2 8
0 8
0 7
0 9
1 7
2 7
0 6
3 8
3 11
3 10
3 9
2 11
4 9
4 10
8 6
5 8
2 6
4 4
8 7
5 7
6 6
5 3
9 3
7 2
9 4
8 3
7 3
3 0
5 0
5 1
6 1
6 3
6 2
8 5
8 2
9 2
13 4
8 1
6 0
7 1
9 1
10 1
12 1
11 1
10 0
11 3
12 0
11 0
8 0
7 0
1 0
3 1
4 1
5 2
4 2
13 0
10 -1
10 -2
8 -3
10 -3
8 -2
9 0
8 -1
7 -1
15 -1
15 -4
15 -6
14 -5
9 -5
7 -5
12 -2
10 -6
6 -2
9 -6
11 -6
10 -4
12 -5
12 -4
3 -5
9 -7
11 -7
16 -3
11 -4
9 -4
7 -6
13 -6
7 -9
13 -7
13 -8
8 -6
11 -8
13 -9
10 -9
9 -8
10 -8
4 -9
-1 -1
1 -7
-1 -4
-1 -8
1 -8
0 -7
1 -6
0 -4
-3 -6
-1 -6
-3 -9
-4 -4
-9 -5
-9 -3
-13 -2
-8 -1
-8 -5
-5 -4
-7 -1
-14 -5
-13 0
-17 -1
-13 -3
-7 -3
-16 -6
-14 -3
-17 -4
-15 -5
-12 -8
-12 -3
-13 -5
-12 -7
-11 -6
-12 -4
-11 -5
-10 -5
-9 -6
-8 -4
-6 -4
-3 -2
-7 -4
-6 -5
-6 -3
-4 -3
-6 -6
-5 -3
-5 -6
-2 -3
-3 -4
-3 -3
-7 -2
-8 -2
0 2
-5 -2
-4 -1
-5 -1
-4 -2
-8 0
-10 0
-9 0
-13 1
-14 0
-14 -2
-12 -1
-13 -1
-12 0
-12 1
-11 -1
-1 -2
0 1
0 -1
