1 2
1 3
0 1
0 2
1 4
1 5
1 8
1 10
2 11
3 9
3 7
4 5
2 4
4 4
3 2
4 1
3 1
2 1
1 0
5 3
3 6
6 5
5 4
4 3
2 2
1 1
3 3
2 3
2 7
2 5
0 9
2 10
4 9
4 10
4 8
5 10
5 6
5 2
5 5
4 6
7 5
10 5
9 3
5 7
6 8
7 8
8 7
6 4
7 3
6 1
4 0
3 0
4 -1
5 -2
4 -3
6 -1
2 0
3 -2
4 -2
5 -1
5 -3
2 -2
7 -3
8 -2
3 -1
2 -1
5 -4
8 -3
6 -2
10 -4
7 -4
8 -4
11 -5
9 -3
8 -1
1 -2
1 -1
1 -3
11 -4
12 -4
10 -7
9 -5
3 -7
7 -6
4 -5
2 -3
0 -1
0 -2
0 -3
0 -4
1 -5
3 -5
2 -8
3 -9
1 -6
4 -6
-1 -2
0 -8
1 -4
3 -3
2 -7
1 -7
3 -8
2 -6
0 -5
0 -6
2 -5
-1 -5
0 -7
-1 -7
-1 -6
-3 -5
-2 -6
-2 -4
-2 -5
-2 -10
-3 -6
-4 -6
-4 -7
-2 -7
-1 -3
-1 -4
-3 -3
-2 -3
-4 -4
-3 -4
-4 -3
-6 -6
-5 -5
-5 -4
-8 -5
-9 -4
-11 -5
-12 -7
-6 -2
-7 -9
-5 -8
-4 -8
-3 -2
-5 -3
-5 -2
-4 -1
-6 -1
-5 -1
-5 0
-6 0
-7 0
-7 1
-11 2
-3 0
-6 1
-11 0
-9 2
-9 3
-6 4
-7 6
-8 2
-10 2
-6 2
-10 6
-11 7
-10 5
-13 7
-13 9
-19 11
-16 11
-17 8
-20 9
-20 13
-17 10
-17 7
-12 9
-10 8
-7 9
-5 8
-3 6
-1 7
0 8
3 8
5 8
-1 6
8 6
7 7
7 6
6 3
-1 -1
