1 0
2 1
0 6
3 5
3 6
2 5
2 4
1 1
2 3
0 2
1 3
3 2
4 2
5 2
5 5
1 4
3 1
2 2
-1 6
-1 7
-3 8
-3 11
-4 12
-2 8
3 3
2 0
6 1
5 3
6 3
7 3
9 3
8 4
10 6
8 6
10 7
6 9
3 9
7 7
6 6
9 6
11 5
10 5
7 5
11 3
13 3
14 2
14 3
11 1
10 2
11 2
12 2
9 0
10 1
12 -1
11 -1
12 0
13 -4
15 -4
16 -5
16 -3
17 -3
13 -2
14 -4
14 -6
10 -3
15 -5
12 -5
11 -4
12 -3
13 -7
14 -3
11 -5
9 -9
10 -6
9 -6
7 -7
8 -6
6 -4
9 -4
8 -8
8 -7
9 -5
6 -6
5 -7
5 -5
3 -4
2 -4
0 -5
1 -3
1 -7
2 -8
2 -7
0 -7
0 -9
0 -8
0 -12
0 -10
0 -13
-2 -9
-4 -10
-6 -7
-6 -6
-4 -9
-5 -8
-5 -6
-7 -6
-9 -5
-8 -5
-8 -4
-9 -4
-8 -3
-7 -2
-7 -4
-6 -1
-8 -2
-5 -5
-5 -2
-7 -3
-6 -3
-6 -2
-10 -1
-11 0
-9 -2
-9 -3
-7 -1
-9 -1
-5 -3
-4 -1
-10 0
-13 -1
-9 0
-6 0
-8 -1
-12 0
-9 1
-11 1
-12 2
-13 2
-15 4
-13 1
-10 3
-8 0
-7 3
-13 3
-10 4
-11 3
-12 6
-11 4
-9 6
-10 2
-13 5
-12 8
-12 5
-14 5
-13 6
-18 6
-15 6
-6 2
-8 2
-6 4
-2 1
0 1
-1 1
-2 4
-10 9
-5 3
-3 2
0 4
0 3
-1 4
-2 2
-1 2
-3 6
-5 5
-3 4
-2 5
0 5
-1 3
