-2 -12
0 -14
0 -14
0 -14
0 -14
0 -14
0 -14
0 -14
0 -14
0 -14
0 -14
0 -14
0 -14
0 -14
0 -14
0 -14
0 -14
0 -14
0 -14
0 -14
0 -14
0 -14
0 -14
0 -14
0 -13
0 -13
0 -13
0 -13
0 -13
0 -13
0 -13
0 -13
0 -13
0 -13
0 -13
0 -13
0 -13
0 -13
0 -13
0 -13
0 -13
0 -13
0 -13
0 -13
0 -13
0 -13
0 -13
0 -13
0 -13
0 -13
0 -13
0 -13
0 -13
0 -13
0 -13
0 -13
0 -13
0 -13
0 -13
0 -13
0 -13
0 -13
0 -13
0 -13
0 -13
0 -13
0 -13
0 -13
0 -13
-1 -24
-1 -24
-1 -24
-1 -24
-1 -24
-1 -24
-1 -24
-1 -24
-1 -24
-1 -24
-1 -24
-1 -24
-1 -24
-1 -24
-1 -24
-1 -24
-1 -24
-1 -24
-7 -37
-7 -37
-7 -37
-7 -37
-7 -37
-7 -37
-7 -37
-7 -37
-7 -37
-7 -37
-7 -37
-7 -37
-7 -37
-7 -37
-7 -37
-7 -37
-7 -37
-7 -37
-7 -37
-7 -37
-7 -37
-7 -37
-7 -37
-7 -37
-7 -37
-7 -37
-7 -37
-7 -37
-7 -37
-7 -37
-7 -37
-7 -37
-7 -37
-7 -37
-7 -37
-3 -39
-3 -39
-3 -39
-3 -39
-3 -39
-3 -39
-3 -39
-3 -39
-3 -39
-3 -39
-3 -39
-3 -39
-3 -39
-3 -39
-3 -39
-3 -39
-3 -39
-3 -39
-3 -39
-3 -39
-3 -39
-3 -39
-3 -39
-3 -39
-3 -39
-3 -39
-3 -39
-3 -39
-3 -39
-3 -39
-3 -39
-3 -39
-3 -39
-3 -39
-3 -39
-3 -39
-3 -39
-3 -39
-3 -39
-3 -39
-3 -39
0 -46
-2 -52
-2 -52
-2 -52
-2 -52
-2 -52
-2 -52
-2 -52
-2 -52
-2 -52
-2 -52
-2 -52
-2 -52
-2 -52
-2 -52
-2 -52
-2 -52
-2 -52
-2 -52
-2 -52
-2 -52
-2 -52
-2 -52
-2 -52
-2 -52
-2 -52
-2 -52
-2 -52
-2 -52
-2 -52
-2 -52
-2 -52
-2 -52
-2 -52
-2 -52
-2 -52
-2 -52
-2 -52
-2 -52
-2 -52
-2 -52
-2 -52
-2 -52
-2 -52
-2 -52
-1 -54
-1 -54
-1 -54
-1 -54
-1 -54
-1 -54
-1 -54
-1 -54
-1 -54
-1 -54
-1 -54
-1 -54
-1 -54
-1 -54
-1 -54
-1 -54
-1 -54
-1 -54
-1 -54
-1 -54
-1 -54
-1 -54
-1 -54
-6 -55
-6 -55
-6 -55
-6 -55
-6 -55
-6 -55
-6 -55
-6 -55
-6 -55
-6 -55
-6 -55
-6 -55
-6 -55
-6 -55
-6 -55
-6 -55
-6 -55
-6 -55
-6 -55
-6 -55
-6 -55
-3 -61
-3 -61
-3 -61
-3 -61
-3 -61
-3 -61
-3 -61
-3 -61
-3 -61
-3 -61
-3 -61
-3 -61
-3 -61
-3 -61
-3 -61
-3 -61
-3 -61
-3 -61
-3 -61
-3 -61
-3 -61
-3 -61
-3 -61
-3 -61
-3 -61
-3 -61
-3 -61
-3 -61
-3 -61
-3 -61
-3 -61
-3 -61
-3 -61
-3 -61
-3 -61
-3 -61
-3 -61
-3 -61
-3 -61
-3 -61
-3 -61
-3 -61
-12 -57
-12 -57
-12 -57
-12 -57
-12 -57
-12 -57
-12 -57
-12 -57
-12 -57
-12 -57
-12 -57
-12 -57
-12 -57
-12 -57
-12 -57
-12 -57
-12 -57
-12 -57
-12 -57
-12 -57
-12 -57
-12 -57
-12 -57
-12 -57
-12 -57
-12 -57
-12 -57
-12 -57
-12 -57
-12 -57
-12 -57
-12 -57
-12 -57
-12 -57
-12 -57
-12 -57
-12 -57
-12 -57
-17 -61
-17 -61
-17 -61
-17 -61
-17 -61
-17 -61
-17 -61
-17 -61
-17 -61
-17 -61
-17 -61
-17 -61
-17 -61
-17 -61
-17 -61
-17 -61
-17 -61
-17 -61
-17 -61
-17 -61
-17 -61
-17 -61
-15 -67
-15 -67
-15 -67
-15 -67
-15 -67
-15 -67
-15 -67
-15 -67
-15 -67
-15 -67
-15 -67
-15 -67
-15 -67
-15 -67
-15 -67
-15 -67
-15 -67
-15 -67
-15 -67
-15 -67
-15 -67
-15 -67
-15 -67
-20 -65
-20 -65
-20 -65
-20 -65
-20 -65
-20 -65
-20 -65
-20 -65
-20 -65
-20 -65
-20 -65
-20 -65
-20 -65
-20 -65
-20 -65
-20 -65
-20 -65
-20 -65
-20 -65
-20 -65
-20 -65
-20 -65
-20 -65
-20 -65
-20 -65
-24 -69
-24 -69
-24 -69
-24 -69
-24 -69
-24 -69
-24 -69
-24 -69
-24 -69
-24 -69
-24 -69
-24 -69
-24 -69
-24 -69
-24 -69
-24 -69
-24 -69
-24 -69
-24 -69
-24 -69
-24 -69
-24 -69
-24 -69
-24 -69
-24 -69
-24 -69
-24 -69
-24 -69
-24 -69
-24 -69
-24 -69
-24 -69
-24 -69
-24 -69
-24 -69
-24 -69
-24 -69
-24 -69
-24 -69
-24 -69
-24 -69
-24 -69
-24 -69
-24 -69
-24 -69
-24 -69
-24 -69
-24 -69
-24 -69
-21 -65
-21 -65
-21 -65
-21 -65
-21 -65
-21 -65
-21 -65
-21 -65
-21 -65
-21 -65
-21 -65
-21 -65
-21 -65
-21 -65
-21 -65
-21 -65
-21 -65
-21 -65
-21 -65
-21 -65
-21 -65
-21 -65
-21 -65
-21 -65
-21 -65
-21 -65
-21 -65
-21 -65
-21 -65
-21 -65
-21 -65
-21 -65
-21 -65
-21 -65
-21 -65
-21 -65
-21 -65
-21 -65
-21 -65
-21 -65
-21 -65
-21 -65
-21 -65
-21 -65
-21 -65
-21 -65
-21 -65
-21 -65
-21 -65
-21 -65
-32 -68
-32 -68
-32 -68
-32 -68
-32 -68
-32 -68
-32 -68
-32 -68
-32 -68
-32 -68
-32 -68
-32 -68
-32 -68
-32 -68
-32 -68
-32 -68
-32 -68
-32 -68
-32 -68
-32 -68
-32 -68
-32 -68
-24 -62
-24 -62
-24 -62
-24 -62
-24 -62
-24 -62
-24 -62
-24 -62
-24 -62
-24 -62
-24 -62
-24 -62
-24 -62
-24 -62
-24 -62
-24 -62
-24 -62
-24 -62
-24 -62
-29 -69
-29 -69
-29 -69
-29 -69
-29 -69
-29 -69
-29 -69
-29 -69
-29 -69
-29 -69
-29 -69
-29 -69
-29 -69
-29 -69
-29 -69
-29 -69
-29 -69
-29 -69
-29 -69
-29 -69
-29 -69
-29 -69
-29 -69
-29 -69
-39 -74
-39 -74
-39 -74
-39 -74
-39 -74
-39 -74
-39 -74
-39 -74
-39 -74
-39 -74
-39 -74
-39 -74
-39 -74
-39 -74
-39 -74
-39 -74
-39 -74
-39 -74
-39 -74
-39 -74
-39 -74
-39 -74
-39 -74
-39 -74
-39 -74
-39 -74
-39 -74
-39 -74
-39 -74
-39 -74
-39 -74
-39 -74
-39 -74
-39 -74
-39 -74
-39 -74
-39 -74
-39 -74
-39 -74
-39 -74
-39 -74
-39 -74
-39 -74
-39 -74
-39 -74
-39 -74
-39 -74
-39 -74
-39 -74
-39 -74
-39 -74
-39 -74
-39 -74
-39 -74
-39 -74
-39 -74
-39 -74
-39 -74
-39 -74
-39 -74
-39 -74
-39 -74
-39 -74
-39 -74
-39 -74
-35 -69
-42 -68
-42 -68
-42 -68
-42 -68
-42 -68
-42 -68
-42 -68
-42 -68
-42 -68
-42 -68
-42 -68
-42 -68
-42 -68
-42 -68
-42 -68
-42 -68
-42 -68
-42 -68
-42 -68
-42 -68
-42 -68
-42 -68
-42 -68
-42 -68
-42 -68
-42 -68
-42 -68
-42 -68
-42 -68
-42 -68
-42 -68
-42 -68
-42 -68
-42 -68
-42 -68
-42 -68
-42 -68
-42 -68
-42 -68
-42 -68
-42 -68
-42 -68
-38 -58
-38 -58
-38 -58
-38 -58
-38 -58
-38 -58
-38 -58
-38 -58
-38 -58
-38 -58
-38 -58
-38 -58
-38 -58
-38 -58
-38 -58
-38 -58
-38 -58
-38 -58
-38 -58
-38 -58
-38 -58
-38 -58
-38 -58
-38 -58
-38 -58
-38 -58
-38 -58
-38 -58
-38 -58
-38 -58
-38 -58
-38 -58
-38 -58
-38 -58
-38 -58
-38 -58
-30 -49
-37 -62
-37 -62
-37 -62
-37 -62
-37 -62
-37 -62
-37 -62
-37 -62
-37 -62
-37 -62
-37 -62
-37 -62
-37 -62
-37 -62
-37 -62
-37 -62
-37 -62
-37 -62
-37 -62
-37 -62
-37 -62
-37 -62
-37 -62
-37 -62
-37 -62
-37 -62
-37 -62
-37 -62
-37 -62
-37 -62
-37 -62
-37 -62
-37 -62
-37 -62
-37 -62
-37 -62
-37 -62
-37 -62
-37 -62
-37 -62
-33 -59
-33 -59
-33 -59
-33 -59
-33 -59
-33 -59
-33 -59
-33 -59
-33 -59
-33 -59
-33 -59
-33 -59
-33 -59
-33 -59
-33 -59
-33 -59
-33 -59
-33 -59
-33 -59
-33 -59
-33 -59
-33 -59
-37 -59
-37 -59
-37 -59
-37 -59
-37 -59
-37 -59
-37 -59
-37 -59
-37 -59
-37 -59
-37 -59
-37 -59
-37 -59
-37 -59
-37 -59
-37 -59
-37 -59
-37 -59
-37 -59
-37 -59
-37 -59
-37 -59
-37 -59
-37 -59
-37 -59
-37 -59
-37 -59
-37 -59
-37 -59
-37 -59
-37 -59
-37 -59
-37 -59
-37 -59
-37 -59
-37 -59
-37 -59
-37 -59
-37 -59
-37 -59
-37 -59
-37 -59
-34 -50
-34 -50
-34 -50
-34 -50
-34 -50
-34 -50
-34 -50
-34 -50
-34 -50
-34 -50
-34 -50
-34 -50
-34 -50
-34 -50
-34 -50
-34 -50
-34 -50
-34 -50
-34 -50
-37 -54
-37 -54
-37 -54
-37 -54
-37 -54
-37 -54
-37 -54
-37 -54
-37 -54
-37 -54
-37 -54
-37 -54
-37 -54
-37 -54
-37 -54
-37 -54
-37 -54
-37 -54
-37 -54
-37 -54
-37 -54
-37 -54
-33 -46
-33 -46
-33 -46
-33 -46
-33 -46
-33 -46
-33 -46
-33 -46
-33 -46
-33 -46
-33 -46
-33 -46
-33 -46
-33 -46
-33 -46
-33 -46
-33 -46
-33 -46
-33 -46
-33 -46
-33 -46
-33 -46
-33 -46
-33 -46
-33 -46
-33 -46
-33 -46
-33 -46
-33 -46
-33 -46
-33 -46
-33 -46
-33 -46
-33 -46
-33 -46
-33 -46
-33 -46
-33 -46
-33 -46
-33 -46
-33 -46
-33 -46
-33 -46
-33 -46
-33 -46
-33 -46
-40 -43
-40 -43
-40 -43
-40 -43
-40 -43
-40 -43
-40 -43
-40 -43
-40 -43
-40 -43
-40 -43
-40 -43
-40 -43
-40 -43
-40 -43
-40 -43
-40 -43
-40 -43
-40 -43
-40 -43
-40 -43
-40 -39
-40 -39
-40 -39
-40 -39
-40 -39
-40 -39
-40 -39
-40 -39
-40 -39
-40 -39
-40 -39
-40 -39
-40 -39
-40 -39
-40 -39
-40 -39
-40 -39
-40 -39
-40 -39
-40 -39
-40 -39
-40 -39
-37 -43
-37 -43
-37 -43
-37 -43
-37 -43
-37 -43
-37 -43
-37 -43
-37 -43
-37 -43
-37 -43
-37 -43
-37 -43
-37 -43
-37 -43
-37 -43
-37 -43
-37 -43
-37 -43
-37 -43
-37 -43
-37 -43
-37 -43
-37 -43
-37 -43
-37 -43
-37 -43
-37 -43
-37 -43
-37 -43
-37 -43
-37 -43
-37 -43
-37 -43
-37 -43
-37 -43
-37 -43
-37 -43
-37 -43
-37 -43
-39 -35
-39 -35
-39 -35
-39 -35
-39 -35
-39 -35
-39 -35
-39 -35
-39 -35
-39 -35
-39 -35
-39 -35
-39 -35
-39 -35
-39 -35
-39 -35
-39 -35
-39 -35
-39 -35
-39 -35
-39 -35
-39 -35
-39 -35
-39 -35
-39 -35
-39 -35
-39 -35
-39 -35
-39 -35
-39 -35
-39 -35
-39 -35
-39 -35
-39 -35
-39 -35
-39 -35
-39 -35
-39 -35
-39 -35
-39 -35
-39 -35
-39 -35
-39 -35
-39 -35
-39 -35
-39 -35
-39 -35
-38 -34
-38 -34
-38 -34
-38 -34
-38 -34
-38 -34
-38 -34
-38 -34
-38 -34
-38 -34
-38 -34
-38 -34
-38 -34
-38 -34
-38 -34
-38 -34
-38 -34
-38 -34
-38 -34
-38 -34
-38 -34
-38 -34
-38 -34
-38 -34
-38 -34
-38 -34
-38 -34
-38 -34
-38 -34
-38 -34
-38 -34
-38 -34
-38 -34
-38 -34
-38 -34
-38 -34
-38 -34
-38 -34
-38 -34
-38 -34
-38 -34
-38 -34
-38 -34
-34 -37
-45 -29
-45 -29
-45 -29
-45 -29
-45 -29
-45 -29
-45 -29
-45 -29
-45 -29
-45 -29
-45 -29
-45 -29
-45 -29
-45 -29
-45 -29
-45 -29
-45 -29
-45 -29
-45 -29
-45 -29
-45 -29
-33 -18
-33 -18
-33 -18
-33 -18
-33 -18
-33 -18
-33 -18
-33 -18
-33 -18
-33 -18
-33 -18
-33 -18
-33 -18
-33 -18
-33 -18
-33 -18
-33 -18
-33 -18
-33 -18
-33 -18
-33 -18
-33 -18
-33 -18
-33 -18
-33 -18
-33 -18
-33 -18
-33 -18
-33 -18
-33 -18
-33 -18
-33 -18
-33 -18
-33 -18
-33 -18
-33 -18
-33 -18
-33 -18
-33 -18
-33 -18
-33 -18
-33 -18
-33 -18
-33 -18
-33 -18
-33 -18
-33 -18
-33 -18
-33 -18
-33 -18
-33 -18
-33 -18
-33 -18
-33 -18
-33 -18
-33 -18
-33 -18
-33 -18
-33 -18
-33 -18
-33 -18
-33 -18
-37 -14
-38 -12
-38 -12
-38 -12
-38 -12
-38 -12
-38 -12
-38 -12
-38 -12
-38 -12
-38 -12
-38 -12
-38 -12
-38 -12
-38 -12
-38 -12
-38 -12
-38 -12
-38 -12
-38 -12
-38 -12
-38 -12
-38 -12
-38 -12
-38 -12
-38 -12
-38 -12
-38 -12
-38 -12
-38 -12
-38 -12
-38 -12
-38 -12
-38 -12
-38 -12
-38 -12
-38 -12
-38 -12
-38 -12
-38 -12
-38 -12
-38 -12
-38 -12
-38 -12
-38 -12
-38 -12
-38 -12
-38 -12
-38 -12
-37 -9
-37 -9
-37 -9
-37 -9
-37 -9
-37 -9
-37 -9
-37 -9
-37 -9
-37 -9
-37 -9
-37 -9
-37 -9
-37 -9
-37 -9
-37 -9
-37 -9
-37 -9
-37 -9
-37 -9
-37 -9
-37 -9
-37 -9
-37 -9
-37 -9
-31 -4
-31 -4
-31 -4
-31 -4
-31 -4
-31 -4
-31 -4
-31 -4
-31 -4
-31 -4
-31 -4
-31 -4
-31 -4
-31 -4
-31 -4
-31 -4
-31 -4
-31 -4
-31 -4
-31 -4
-31 -4
-31 -4
-31 -4
-31 -4
-31 -4
-36 -3
-36 -3
-36 -3
-36 -3
-36 -3
-36 -3
-36 -3
-36 -3
-36 -3
-36 -3
-36 -3
-36 -3
-36 -3
-36 -3
-36 -3
-36 -3
-36 -3
-36 -3
-36 -3
-36 -3
-36 -3
-36 -3
-36 -3
-36 -3
-36 -3
-36 -3
-36 -3
-36 -3
-36 -3
-36 -3
-36 -3
-36 -3
-36 -3
-36 -3
-36 -3
-36 -3
-36 -3
-36 -3
-36 -3
-36 -3
-36 -3
-36 -3
-36 -3
-36 -3
-36 -3
-36 -3
-36 -3
-36 -3
-36 -3
-36 -3
-36 -3
-36 -3
-36 -3
-36 -3
-36 -3
-36 -3
-36 -3
-36 -3
-36 -3
-36 -3
-36 -3
-36 -3
-36 -3
-36 -3
-36 -3
-36 -3
-36 -3
-36 -3
-36 -3
-36 -3
-36 -3
-36 -3
-36 0
-36 0
-36 0
-36 0
-36 0
-36 0
-36 0
-36 0
-36 0
-36 0
-36 0
-36 0
-36 0
-36 0
-36 0
-36 0
-36 0
-36 0
-36 0
-36 0
-36 0
-36 0
-36 0
-36 0
-36 0
-36 0
-36 0
-36 0
-36 0
-36 0
-36 0
-36 0
-36 0
-36 0
-36 0
-36 0
-36 0
-36 0
-36 0
-36 0
-36 0
-36 0
-36 0
-36 0
-36 0
-37 0
-37 0
-37 0
-37 0
-37 0
-37 0
-37 0
-37 0
-37 0
-37 0
-37 0
-37 0
-37 0
-37 0
-37 0
-37 0
-37 0
-37 0
-37 0
-37 0
-44 3
-44 3
-44 3
-44 3
-44 3
-44 3
-44 3
-44 3
-44 3
-44 3
-44 3
-44 3
-44 3
-44 3
-44 3
-44 3
-44 3
-44 3
-44 3
-44 3
-44 3
-44 3
-44 3
-49 3
-49 3
-49 3
-49 3
-49 3
-49 3
-49 3
-49 3
-49 3
-49 3
-49 3
-49 3
-49 3
-49 3
-49 3
-49 3
-49 3
-49 3
-49 3
-49 3
-49 3
-49 3
-49 3
-49 3
-49 3
-49 3
-49 3
-49 3
-49 3
-49 3
-49 3
-49 3
-49 3
-49 3
-49 3
-49 3
-49 3
-49 3
-49 3
-49 3
-49 3
-49 3
-49 3
-51 4
-51 4
-51 4
-51 4
-51 4
-51 4
-51 4
-51 4
-51 4
-51 4
-51 4
-51 4
-51 4
-51 4
-51 4
-51 4
-51 4
-51 4
-51 4
-51 4
-51 4
-51 4
-51 4
-51 4
-51 4
-51 4
-51 4
-51 4
-51 4
-51 4
-51 4
-51 4
-51 4
-51 4
-51 4
-51 4
-51 4
-51 4
-51 4
-51 4
-51 4
-52 7
-52 7
-52 7
-52 7
-52 7
-52 7
-52 7
-52 7
-52 7
-52 7
-52 7
-52 7
-52 7
-52 7
-52 7
-52 7
-52 7
-52 7
-52 7
-52 7
-52 7
-52 7
-52 7
-52 7
-52 7
-52 7
-52 7
-52 7
-52 7
-52 7
-52 7
-52 7
-52 7
-52 7
-52 7
-52 7
-52 7
-52 7
-52 7
-52 7
-52 7
-52 7
-52 7
-52 7
-52 7
-51 6
-51 6
-51 6
-51 6
-51 6
-51 6
-51 6
-51 6
-51 6
-51 6
-51 6
-51 6
-51 6
-51 6
-51 6
-51 6
-51 6
-51 6
-51 6
-51 6
-51 6
-51 6
-51 6
-51 6
-51 6
-51 6
-51 6
-51 6
-51 6
-51 6
-51 6
-51 6
-51 6
-51 6
-51 6
-51 6
-51 6
-51 6
-51 6
-51 6
-51 6
-51 6
-51 6
-51 6
-51 6
-51 6
-51 6
-51 6
-51 6
-51 6
-52 4
-52 4
-52 4
-52 4
-52 4
-52 4
-52 4
-52 4
-52 4
-52 4
-52 4
-52 4
-52 4
-52 4
-52 4
-52 4
-52 4
-52 4
-52 4
-52 4
-51 12
-51 12
-51 12
-51 12
-51 12
-51 12
-51 12
-51 12
-51 12
-51 12
-51 12
-51 12
-51 12
-51 12
-51 12
-51 12
-51 12
-51 12
-51 12
-51 12
-51 12
-51 12
-51 12
-51 12
-47 7
-47 7
-47 7
-47 7
-47 7
-47 7
-47 7
-47 7
-47 7
-47 7
-47 7
-47 7
-47 7
-47 7
-47 7
-47 7
-47 7
-47 7
-47 7
-58 11
-58 11
-58 11
-58 11
-58 11
-58 11
-58 11
-58 11
-58 11
-58 11
-58 11
-58 11
-58 11
-58 11
-58 11
-58 11
-58 11
-58 11
-58 11
-58 11
-58 11
-58 11
-58 11
-58 11
-58 11
-58 11
-58 11
-58 11
-58 11
-58 11
-58 11
-58 11
-58 11
-58 11
-58 11
-58 11
-58 11
-58 11
-58 11
-58 11
-58 11
-58 11
-58 11
-58 11
-58 11
-58 11
-58 11
-58 11
-54 20
-54 20
-54 20
-54 20
-54 20
-54 20
-54 20
-54 20
-54 20
-54 20
-54 20
-54 20
-54 20
-54 20
-54 20
-54 20
-54 20
-54 20
-54 20
-54 20
-54 20
-54 20
-54 20
-54 20
-54 20
-54 20
-54 20
-54 20
-54 20
-54 20
-54 20
-54 20
-54 20
-54 20
-54 20
-54 20
-54 20
-54 20
-54 20
-54 20
-54 20
-54 20
-54 20
-54 20
-54 20
-54 20
-54 20
-49 18
-49 18
-49 18
-49 18
-49 18
-49 18
-49 18
-49 18
-49 18
-49 18
-49 18
-49 18
-49 18
-49 18
-49 18
-49 18
-49 18
-49 18
-49 18
-49 18
-49 18
-49 18
-49 18
-49 18
-49 18
-49 18
-49 18
-49 18
-49 18
-49 18
-49 18
-49 18
-49 18
-49 18
-49 18
-49 18
-49 18
-49 18
-49 18
-49 18
-49 18
-49 18
-49 18
-49 18
-49 18
-49 18
-49 18
-49 18
-49 18
-60 27
-60 27
-60 27
-60 27
-60 27
-60 27
-60 27
-60 27
-60 27
-60 27
-60 27
-60 27
-60 27
-60 27
-60 27
-60 27
-60 27
-60 27
-60 27
-60 27
-60 27
-60 27
-60 27
-60 27
-60 27
-60 27
-60 27
-60 27
-60 27
-60 27
-60 27
-60 27
-60 27
-60 27
-60 27
-60 27
-60 27
-60 27
-60 27
-60 27
-60 27
-60 27
-60 27
-60 27
-60 27
-60 27
-60 27
-60 27
-61 36
-61 36
-61 36
-61 36
-61 36
-61 36
-61 36
-61 36
-61 36
-61 36
-61 36
-61 36
-61 36
-61 36
-61 36
-61 36
-61 36
-61 36
-61 36
-61 36
-61 36
-61 36
-61 36
-61 36
-61 36
-61 36
-61 36
-61 36
-61 36
-61 36
-61 36
-61 36
-61 36
-61 36
-61 36
-61 36
-61 36
-61 36
-61 36
-61 36
-61 36
-61 36
-61 36
-61 36
-61 36
-61 36
-61 36
-61 36
-61 36
-61 36
-51 34
-50 24
-50 24
-50 24
-50 24
-50 24
-50 24
-50 24
-50 24
-50 24
-50 24
-50 24
-50 24
-50 24
-50 24
-50 24
-50 24
-50 24
-50 24
-50 24
-50 24
-50 24
-50 24
-50 24
-50 24
-50 24
-50 24
-50 24
-50 24
-50 24
-50 24
-50 24
-50 24
-50 24
-50 24
-50 24
-50 24
-50 24
-50 24
-50 24
-50 24
-50 24
-50 24
-50 24
-50 24
-50 24
-50 24
-50 24
-50 24
-50 24
-50 24
-50 24
-50 24
-50 24
-50 24
-50 24
-50 24
-50 24
-50 24
-50 24
-50 24
-50 24
-50 24
-50 24
-50 24
-50 29
-46 35
-46 35
-46 35
-46 35
-46 35
-46 35
-46 35
-46 35
-46 35
-46 35
-46 35
-46 35
-46 35
-46 35
-46 35
-46 35
-46 35
-46 35
-46 35
-49 34
-49 34
-49 34
-49 34
-49 34
-49 34
-49 34
-49 34
-49 34
-49 34
-49 34
-49 34
-49 34
-49 34
-49 34
-49 34
-49 34
-49 34
-49 34
-49 34
-49 34
-49 34
-49 34
-49 34
-49 34
-49 34
-49 34
-49 34
-49 34
-49 34
-49 34
-49 34
-49 34
-49 34
-49 34
-49 34
-49 34
-49 34
-49 34
-49 34
-49 34
-49 34
-49 34
-49 34
-49 34
-49 34
-49 34
-49 34
-49 34
-49 34
-49 34
-49 34
-49 34
-49 34
-49 34
-49 34
-49 34
-49 34
-49 34
-49 34
-49 34
-38 43
-31 30
-31 30
-31 30
-31 30
-31 30
-31 30
-31 30
-31 30
-31 30
-31 30
-31 30
-31 30
-31 30
-31 30
-31 30
-31 30
-31 30
-31 30
-31 30
-31 30
-31 30
-31 30
-31 30
-31 30
-31 30
-31 30
-31 30
-31 30
-31 30
-31 30
-31 30
-31 30
-31 30
-31 30
-31 30
-31 30
-35 43
-35 43
-35 43
-35 43
-35 43
-35 43
-35 43
-35 43
-35 43
-35 43
-35 43
-35 43
-35 43
-35 43
-35 43
-35 43
-36 43
-36 43
-36 43
-36 43
-36 43
-36 43
-36 43
-36 43
-36 43
-36 43
-36 43
-36 43
-36 43
-36 43
-36 43
-36 43
-36 43
-36 43
-25 36
-25 36
-25 36
-25 36
-25 36
-25 36
-25 36
-25 36
-25 36
-25 36
-25 36
-25 36
-25 36
-25 36
-25 36
-25 36
-25 36
-28 41
-28 41
-28 41
-28 41
-28 41
-28 41
-28 41
-28 41
-28 41
-28 41
-28 41
-28 41
-28 41
-28 41
-28 41
-28 41
-28 41
-28 41
-28 41
-28 41
-28 41
-28 41
-28 41
-28 41
-28 41
-28 41
-28 41
-28 41
-28 41
-28 41
-28 41
-28 41
-28 41
-28 41
-28 41
-28 41
-28 41
-28 41
-28 41
-28 41
-28 41
-28 41
-28 41
-28 41
-28 41
-28 41
-28 41
-28 41
-28 41
-28 41
-28 41
-29 51
-29 51
-29 51
-29 51
-29 51
-29 51
-29 51
-29 51
-29 51
-29 51
-29 51
-29 51
-29 51
-29 51
-29 51
-29 51
-29 51
-29 51
-29 51
-29 51
-29 51
-29 51
-29 51
-29 51
-29 51
-29 51
-29 51
-29 51
-29 51
-29 51
-29 51
-29 51
-29 51
-29 51
-29 51
-29 51
-29 51
-29 51
-29 51
-26 49
-26 49
-26 49
-26 49
-26 49
-26 49
-26 49
-26 49
-26 49
-26 49
-26 49
-26 49
-26 49
-26 49
-26 49
-26 49
-26 49
-26 49
-22 47
-22 47
-22 47
-22 47
-22 47
-22 47
-22 47
-22 47
-22 47
-22 47
-22 47
-22 47
-22 47
-22 47
-22 47
-22 47
-22 47
-22 47
-22 47
-22 47
-22 47
-22 47
-22 47
-22 47
-22 47
-22 47
-22 47
-22 47
-22 47
-22 47
-22 47
-22 47
-22 47
-22 47
-27 41
-27 41
-27 41
-27 41
-27 41
-27 41
-27 41
-27 41
-27 41
-27 41
-27 41
-27 41
-27 41
-27 41
-27 41
-27 41
-27 41
-15 48
-15 48
-15 48
-15 48
-15 48
-15 48
-15 48
-15 48
-15 48
-15 48
-15 48
-15 48
-15 48
-15 48
-15 48
-15 48
-15 48
-15 48
-15 48
-23 47
-23 47
-23 47
-23 47
-23 47
-23 47
-23 47
-23 47
-23 47
-23 47
-23 47
-23 47
-23 47
-23 47
-23 47
-23 47
-23 47
-23 47
-23 47
-23 47
-23 47
-23 47
-23 47
-23 47
-23 47
-23 47
-23 47
-23 47
-23 47
-23 47
-23 47
-23 47
-23 47
-23 47
-23 47
-23 47
-23 47
-23 47
-23 47
-23 47
-23 47
-23 47
-23 47
-23 47
-23 47
-23 47
-23 47
-23 47
-23 47
-23 47
-23 47
-23 47
-23 47
-16 39
-16 45
-16 45
-16 45
-16 45
-16 45
-16 45
-16 45
-16 45
-16 45
-16 45
-16 45
-16 45
-16 45
-16 45
-16 45
-16 45
-16 45
-16 45
-16 45
-16 45
-16 45
-16 45
-16 45
-16 45
-16 45
-16 45
-16 45
-16 45
-16 45
-16 45
-16 45
-16 45
-16 45
-16 45
-16 45
-16 45
-16 45
-13 43
-13 43
-13 43
-13 43
-13 43
-13 43
-13 43
-13 43
-13 43
-13 43
-13 43
-13 43
-13 43
-13 43
-13 43
-13 43
-13 43
-13 43
-13 43
-13 43
-13 43
-13 32
-13 32
-13 32
-13 32
-13 32
-13 32
-13 32
-13 32
-13 32
-13 32
-13 32
-13 32
-13 32
-13 32
-13 32
-13 32
-13 32
-13 32
-9 41
-9 41
-9 41
-9 41
-9 41
-9 41
-9 41
-9 41
-9 41
-9 41
-9 41
-9 41
-9 41
-9 41
-9 41
-9 41
-9 41
-9 41
-9 41
-9 41
-9 41
-9 41
-9 41
-9 41
-9 41
-9 41
-9 41
-9 41
-9 41
-9 41
-9 41
-9 41
-9 41
-9 41
-9 41
-9 41
-9 41
-9 41
-9 41
-9 41
-9 41
-9 41
-9 41
-9 41
-9 41
-9 41
-9 41
-9 41
-9 41
-9 41
-9 41
-9 41
-9 41
-9 41
-8 43
-7 42
-7 42
-7 42
-7 42
-7 42
-7 42
-7 42
-7 42
-7 42
-7 42
-7 42
-7 42
-7 42
-7 42
-7 42
-7 42
-7 42
-7 42
-7 42
-7 42
-7 42
-7 42
-7 42
-7 42
-7 42
-7 42
-7 42
-7 42
-7 42
-7 42
-7 42
-7 42
-7 42
-7 42
-7 42
-7 42
-5 44
-5 44
-5 44
-5 44
-5 44
-5 44
-5 44
-5 44
-5 44
-5 44
-5 44
-5 44
-5 44
-5 44
-5 44
-5 44
-5 44
-5 44
-5 44
-5 44
-10 46
-10 46
-10 46
-10 46
-10 46
-10 46
-10 46
-10 46
-10 46
-10 46
-10 46
-10 46
-10 46
-10 46
-10 46
-10 46
-10 46
-10 46
-10 46
-10 46
-8 45
-8 45
-8 45
-8 45
-8 45
-8 45
-8 45
-8 45
-8 45
-8 45
-8 45
-8 45
-8 45
-8 45
-8 45
-8 45
-8 45
-8 45
-8 45
-8 45
-8 45
-8 45
-8 45
-8 45
-8 45
-8 45
-8 45
-8 45
-8 45
-8 45
-8 45
-8 45
-8 45
-8 45
-8 45
-6 44
-6 44
-6 44
-6 44
-6 44
-6 44
-6 44
-6 44
-6 44
-6 44
-6 44
-6 44
-6 44
-6 44
-6 44
-6 44
-6 44
-6 44
-6 44
-6 44
-6 44
-6 44
-6 44
-6 44
-6 44
-6 44
-6 44
-6 44
-6 44
-6 44
-6 44
-6 44
-6 44
-6 44
-6 44
-6 44
-6 44
-6 44
-6 44
-6 44
-6 47
-11 46
-11 46
-11 46
-11 46
-11 46
-11 46
-11 46
-11 46
-11 46
-11 46
-11 46
-11 46
-11 46
-11 46
-11 46
-11 46
-11 46
-11 46
-11 46
-11 46
-11 46
-11 46
-11 46
-11 46
-11 46
-11 46
-11 46
-11 46
-11 46
-11 46
-11 46
-11 46
-11 46
-11 46
-11 46
-11 46
-11 46
-11 46
-10 45
-10 45
-10 45
-10 45
-10 45
-10 45
-10 45
-10 45
-10 45
-10 45
-10 45
-10 45
-10 45
-10 45
-10 45
-8 49
-8 49
-8 49
-8 49
-8 49
-8 49
-8 49
-8 49
-8 49
-8 49
-8 49
-8 49
-8 49
-8 49
-8 49
-8 49
-8 49
-8 49
-8 49
-8 49
-8 49
-8 49
-8 49
-8 49
-8 49
-8 49
-8 49
-8 49
-8 49
-8 49
-8 49
-8 49
-8 49
-8 49
-9 43
-9 43
-9 43
-9 43
-9 43
-9 43
-9 43
-9 43
-9 43
-9 43
-9 43
-9 43
-9 43
-9 43
-9 43
-9 43
-9 43
-9 43
-9 43
-9 43
-9 43
-9 43
-9 43
-9 43
-9 43
-9 43
-9 43
-9 43
-9 43
-9 43
-9 43
-9 43
-9 43
-9 43
-9 50
-9 50
-9 50
-9 50
-9 50
-9 50
-9 50
-9 50
-9 50
-9 50
-9 50
-9 50
-9 50
-9 50
-9 50
-9 50
-9 50
-9 50
-9 50
-9 50
-9 50
-9 50
-9 50
-9 50
-9 50
-9 50
-9 50
-9 50
-9 50
-9 50
-9 50
-9 50
-9 50
-9 50
-9 50
-9 50
-9 50
-9 51
-9 51
-9 51
-9 51
-9 51
-9 51
-9 51
-9 51
-9 51
-9 51
-9 51
-9 51
-9 51
-9 51
-9 51
-7 58
-7 58
-7 58
-7 58
-7 58
-7 58
-7 58
-7 58
-7 58
-7 58
-7 58
-7 58
-7 58
-7 58
-7 58
-7 58
-7 58
-7 58
-7 58
-7 58
-7 58
-7 58
-7 58
-7 58
-7 58
-7 58
-7 58
-7 58
-7 58
-7 58
-7 58
-2 54
-2 54
-2 54
-2 54
-2 54
-2 54
-2 54
-2 54
-2 54
-2 54
-2 54
-2 54
-2 54
-2 54
-2 54
-2 54
-7 56
-7 56
-7 56
-7 56
-7 56
-7 56
-7 56
-7 56
-7 56
-7 56
-7 56
-7 56
-7 56
-7 56
-7 56
-7 56
-7 56
-7 56
-7 56
-7 56
-7 56
-7 56
-7 56
-7 56
-7 56
-7 56
-7 56
-7 56
-7 56
-7 56
-7 56
-3 52
-3 52
-3 52
-3 52
-3 52
-3 52
-3 52
-3 52
-3 52
-3 52
-3 52
-3 52
-3 52
-3 52
-3 52
-3 52
-3 52
-3 52
-3 52
-3 52
-3 52
-3 52
-3 52
-3 52
-3 52
-3 52
-3 52
-3 52
-3 52
-3 52
-3 52
0 59
0 59
0 59
0 59
0 59
0 59
0 59
0 59
0 59
0 59
0 59
0 59
0 59
0 59
0 59
0 59
0 59
0 59
0 59
0 59
0 59
0 59
0 59
0 59
0 59
0 59
0 59
0 59
0 59
0 59
0 59
0 59
0 59
0 59
0 59
0 59
0 59
0 59
1 60
1 60
1 60
1 60
1 60
1 60
1 60
1 60
1 60
1 60
1 60
1 60
1 60
1 60
1 60
1 60
1 60
1 60
1 60
2 56
2 56
2 56
2 56
2 56
2 56
2 56
2 56
2 56
2 56
2 56
2 56
2 56
2 56
2 56
2 56
2 56
2 56
2 56
0 63
0 63
0 63
0 63
0 63
0 63
0 63
0 63
0 63
0 63
0 63
0 63
0 63
0 63
0 63
0 63
0 63
0 63
0 63
0 63
0 58
0 58
0 58
0 58
0 58
0 58
0 58
0 58
0 58
0 58
0 58
0 58
0 58
0 58
0 58
0 58
0 58
0 58
0 58
0 58
0 58
0 58
0 58
0 58
0 58
0 58
0 58
0 58
0 58
0 58
0 58
0 58
0 58
0 58
0 58
0 58
0 58
0 58
0 58
0 58
0 58
4 60
4 60
4 60
4 60
4 60
4 60
4 60
4 60
4 60
4 60
4 60
4 60
4 60
4 60
4 60
4 60
4 60
4 60
4 60
4 60
4 60
4 60
4 60
4 60
4 60
4 60
4 60
4 60
4 60
4 60
-3 61
-3 61
-3 61
-3 61
-3 61
-3 61
-3 61
-3 61
-3 61
-3 61
-3 61
-3 61
-3 61
-3 61
-3 61
-3 61
-3 61
-3 61
1 65
1 65
1 65
1 65
1 65
1 65
1 65
1 65
1 65
1 65
1 65
1 65
1 65
1 65
1 65
1 65
1 65
4 61
4 61
4 61
4 61
4 61
4 61
4 61
4 61
4 61
4 61
4 61
4 61
4 61
4 61
4 61
4 61
4 61
4 61
4 61
4 61
3 62
3 62
3 62
3 62
3 62
3 62
3 62
3 62
3 62
3 62
3 62
3 62
3 62
3 62
3 62
3 62
3 62
3 62
3 62
3 62
3 62
3 62
3 62
3 62
3 62
3 62
3 62
3 62
3 62
3 62
3 62
3 62
3 62
3 62
3 62
3 62
3 62
3 62
3 62
3 62
3 62
3 62
3 62
3 62
3 62
3 62
3 62
3 62
3 62
3 62
3 62
3 62
3 62
3 62
3 62
3 62
7 65
7 65
7 65
7 65
7 65
7 65
7 65
7 65
7 65
7 65
7 65
7 65
7 65
7 65
7 65
7 65
7 65
7 65
7 65
7 65
7 65
7 65
7 65
7 65
7 65
7 65
7 65
7 65
7 65
11 66
11 66
11 66
11 66
11 66
11 66
11 66
11 66
11 66
11 66
11 66
11 66
11 66
11 66
11 66
11 66
11 66
11 66
11 66
11 66
11 66
11 66
11 66
11 66
11 66
11 66
11 66
11 66
11 66
11 66
11 66
6 67
6 67
6 67
6 67
6 67
6 67
6 67
6 67
6 67
6 67
6 67
6 67
6 67
6 67
6 67
6 67
6 67
6 67
12 64
12 64
12 64
12 64
12 64
12 64
12 64
12 64
12 64
12 64
12 64
12 64
12 64
12 64
12 64
12 64
12 64
12 64
12 64
12 64
12 64
12 64
12 64
12 64
12 64
12 64
12 64
12 64
12 64
12 64
12 64
12 64
12 64
12 64
12 64
12 64
12 64
12 64
12 64
8 63
14 63
14 63
14 63
14 63
14 63
14 63
14 63
14 63
14 63
14 63
14 63
14 63
14 63
14 63
14 63
14 63
14 63
14 63
14 63
14 63
14 63
14 63
14 63
14 63
14 63
14 63
14 63
14 63
14 63
14 63
14 63
14 63
14 63
14 63
14 63
14 63
14 63
14 63
14 63
14 63
14 63
14 63
14 63
14 63
14 63
14 63
14 63
14 63
14 63
14 60
14 50
14 50
14 50
14 50
14 50
14 50
14 50
14 50
14 50
14 50
14 50
14 50
14 50
14 50
20 55
20 55
20 55
20 55
20 55
20 55
20 55
20 55
20 55
20 55
20 55
20 55
20 55
20 55
20 55
20 55
20 55
20 55
20 55
20 55
20 55
20 55
20 55
20 55
20 55
20 55
20 55
20 55
20 55
20 55
20 55
20 55
20 55
20 55
20 55
20 55
20 55
20 55
20 55
20 55
20 55
20 55
20 55
20 55
20 55
20 55
20 55
20 55
20 55
20 55
20 55
20 55
20 55
20 55
20 55
20 55
20 55
20 55
20 55
20 55
20 55
20 55
20 55
20 55
21 57
21 57
21 57
21 57
21 57
21 57
21 57
21 57
21 57
21 57
21 57
21 57
21 57
21 57
21 57
21 57
21 57
21 57
21 57
21 57
21 57
21 57
21 57
21 57
21 57
21 57
21 57
21 57
17 48
27 51
27 51
27 51
27 51
27 51
27 51
27 51
27 51
27 51
27 51
27 51
27 51
27 51
27 51
27 51
36 52
36 52
36 52
36 52
36 52
36 52
36 52
36 52
36 52
36 52
36 52
36 52
36 52
36 52
36 52
36 52
36 52
36 52
36 52
36 52
36 52
36 52
36 52
36 52
36 52
36 52
36 52
36 52
36 52
36 52
36 52
36 52
36 52
36 52
36 52
36 52
36 52
36 52
36 52
36 52
36 52
36 52
36 52
36 52
36 52
30 45
30 45
30 45
30 45
30 45
30 45
30 45
30 45
30 45
30 45
30 45
30 45
30 45
30 45
30 45
30 45
30 52
30 52
30 52
30 52
30 52
30 52
30 52
30 52
30 52
30 52
30 52
30 52
30 52
30 52
30 52
30 52
36 47
36 47
36 47
36 47
36 47
36 47
36 47
36 47
36 47
36 47
36 47
36 47
36 47
36 47
36 47
36 47
36 47
36 47
36 47
36 47
36 47
36 47
36 47
36 47
36 47
36 47
36 47
36 47
37 41
39 44
39 44
39 44
39 44
39 44
39 44
39 44
39 44
39 44
39 44
39 44
39 44
39 44
39 44
39 44
39 44
39 44
39 44
39 44
39 44
39 44
39 44
39 44
39 44
39 44
39 44
39 44
39 44
39 44
39 44
39 44
45 41
45 41
45 41
45 41
45 41
45 41
45 41
45 41
45 41
45 41
45 41
45 41
45 41
45 41
45 41
45 41
45 41
45 36
45 36
45 36
45 36
45 36
45 36
45 36
45 36
45 36
45 36
45 36
45 36
45 36
45 36
45 36
45 36
45 36
42 34
42 34
42 34
42 34
42 34
42 34
42 34
42 34
42 34
42 34
42 34
42 34
42 34
42 34
42 34
42 34
42 34
42 34
42 34
42 34
42 34
42 34
42 34
42 34
42 34
42 34
42 34
42 34
42 34
42 34
42 34
42 34
42 34
42 34
42 34
42 34
42 34
42 34
42 34
42 34
42 34
42 34
42 34
42 34
42 34
42 34
42 34
49 38
49 38
49 38
49 38
49 38
49 38
49 38
49 38
49 38
49 38
49 38
49 38
49 38
49 38
49 38
49 38
49 38
49 38
49 38
49 38
49 38
49 38
49 38
49 38
49 38
49 38
49 38
49 38
49 38
49 38
49 38
49 38
49 38
49 38
50 30
52 25
52 25
52 25
52 25
52 25
52 25
52 25
52 25
52 25
52 25
52 25
52 25
52 25
52 25
52 25
52 25
52 25
52 25
55 30
55 30
55 30
55 30
55 30
55 30
55 30
55 30
55 30
55 30
55 30
55 30
55 30
55 30
55 30
55 30
55 30
55 30
55 30
55 20
55 20
55 20
55 20
55 20
55 20
55 20
55 20
55 20
55 20
55 20
55 20
55 20
55 20
55 20
55 20
55 20
55 20
55 20
55 20
55 20
55 20
55 20
55 20
55 20
55 20
55 20
55 20
55 20
55 20
55 20
55 20
55 20
55 20
55 20
55 20
58 20
58 20
58 20
58 20
58 20
58 20
58 20
58 20
58 20
58 20
58 20
58 20
58 20
58 20
58 20
58 20
58 20
58 20
58 20
58 20
58 20
58 20
58 20
58 20
58 20
58 20
58 20
58 20
58 20
58 20
58 20
58 20
58 20
58 20
58 20
62 17
62 17
62 17
62 17
62 17
62 17
62 17
62 17
62 17
62 17
62 17
62 17
62 17
62 17
62 17
62 17
62 17
62 17
62 17
62 17
62 17
62 17
62 17
62 17
62 17
62 17
62 17
62 17
62 17
62 17
62 17
62 17
62 17
62 17
62 17
62 17
65 13
66 13
66 13
66 13
66 13
66 13
66 13
66 13
66 13
66 13
66 13
66 13
66 13
66 13
66 13
66 13
66 13
66 13
66 13
66 13
66 13
66 13
66 13
66 13
66 13
66 13
66 13
66 13
66 13
66 13
66 13
66 13
66 13
66 13
66 13
66 13
67 4
67 4
67 4
67 4
67 4
67 4
67 4
67 4
67 4
67 4
67 4
67 4
67 4
67 4
67 4
67 4
67 4
67 4
69 4
69 4
69 4
69 4
69 4
69 4
69 4
69 4
69 4
69 4
69 4
69 4
69 4
69 4
69 4
69 4
69 4
69 4
69 4
69 4
69 4
69 4
69 4
69 4
69 4
69 4
69 4
69 4
69 4
69 4
69 4
69 4
69 4
69 4
69 4
64 2
64 2
64 2
64 2
64 2
64 2
64 2
64 2
64 2
64 2
64 2
64 2
64 2
64 2
64 2
64 2
64 2
64 2
64 2
64 2
64 2
64 2
64 2
64 2
64 2
64 2
64 2
64 2
64 2
64 2
64 2
64 2
64 2
64 2
64 2
64 2
64 2
64 2
63 1
63 1
63 1
63 1
63 1
63 1
63 1
63 1
63 1
63 1
63 1
63 1
63 1
63 1
63 1
63 1
63 1
63 1
63 1
63 1
63 1
63 1
63 1
63 1
63 1
63 1
63 1
63 1
63 1
63 1
63 1
63 1
63 1
63 1
63 -3
63 -3
63 -3
63 -3
63 -3
63 -3
63 -3
63 -3
63 -3
63 -3
63 -3
63 -3
63 -3
63 -3
63 -3
63 -3
63 -3
63 -3
63 -3
63 -3
63 -3
63 -3
63 -3
63 -3
63 -3
63 -3
63 -3
63 -3
63 -3
63 -3
63 -3
63 -3
63 -3
61 -4
59 -11
59 -11
59 -11
59 -11
59 -11
59 -11
59 -11
59 -11
59 -11
59 -11
59 -11
59 -11
59 -11
59 -11
59 -11
59 -11
59 -11
59 -11
59 -11
59 -11
59 -11
59 -11
59 -11
59 -11
59 -11
59 -11
59 -11
59 -11
59 -11
59 -11
59 -11
59 -11
59 -11
59 -11
59 -11
59 -11
59 -11
59 -11
59 -11
59 -11
59 -11
59 -11
59 -11
59 -11
59 -11
59 -11
59 -11
59 -11
59 -11
59 -11
59 -11
59 -11
59 -11
59 -11
59 -11
59 -11
59 -11
59 -11
59 -11
59 -11
59 -11
59 -11
59 -11
59 -11
59 -11
53 -13
51 -13
51 -13
51 -13
51 -13
51 -13
51 -13
51 -13
51 -13
51 -13
51 -13
51 -13
51 -13
51 -13
51 -13
51 -13
51 -13
51 -13
51 -13
51 -13
51 -13
51 -13
51 -13
51 -13
51 -13
51 -13
51 -13
51 -13
51 -13
51 -13
51 -13
51 -13
51 -13
51 -13
51 -13
51 -13
51 -13
54 -18
54 -18
54 -18
54 -18
54 -18
54 -18
54 -18
54 -18
54 -18
54 -18
54 -18
54 -18
54 -18
54 -18
54 -18
54 -18
54 -18
54 -18
54 -18
55 -34
55 -34
55 -34
55 -34
55 -34
55 -34
55 -34
55 -34
55 -34
55 -34
55 -34
55 -34
55 -34
55 -34
55 -34
55 -34
55 -34
55 -34
55 -34
57 -33
57 -33
57 -33
57 -33
57 -33
57 -33
57 -33
57 -33
57 -33
57 -33
57 -33
57 -33
57 -33
57 -33
57 -33
57 -33
57 -33
57 -33
57 -33
57 -33
57 -33
57 -33
57 -33
57 -33
57 -33
57 -33
57 -33
57 -33
57 -33
57 -33
57 -33
57 -33
57 -33
57 -33
57 -33
57 -33
57 -33
57 -33
57 -33
57 -33
57 -33
57 -33
57 -33
57 -33
57 -33
57 -33
57 -33
57 -33
57 -33
57 -33
57 -33
57 -33
57 -33
57 -33
57 -33
57 -33
57 -33
57 -33
57 -33
57 -33
57 -33
55 -38
55 -38
55 -38
55 -38
55 -38
55 -38
55 -38
55 -38
55 -38
55 -38
55 -38
55 -38
55 -38
55 -38
55 -38
55 -38
55 -38
55 -38
55 -38
55 -38
55 -38
55 -38
55 -38
55 -38
55 -38
55 -38
55 -38
55 -38
55 -38
55 -38
55 -38
55 -38
55 -38
55 -38
55 -38
55 -38
55 -38
55 -38
51 -45
51 -45
51 -45
51 -45
51 -45
51 -45
51 -45
51 -45
51 -45
51 -45
51 -45
51 -45
51 -45
51 -45
51 -45
51 -45
51 -45
50 -51
50 -51
50 -51
50 -51
50 -51
50 -51
50 -51
50 -51
50 -51
50 -51
50 -51
50 -51
50 -51
50 -51
50 -51
50 -51
50 -51
50 -51
49 -44
49 -44
49 -44
49 -44
49 -44
49 -44
49 -44
49 -44
49 -44
49 -44
49 -44
49 -44
49 -44
49 -44
49 -44
49 -44
49 -44
49 -44
49 -44
49 -44
49 -44
49 -44
49 -44
49 -44
49 -44
49 -44
49 -44
49 -44
49 -44
49 -44
49 -44
49 -44
47 -48
47 -48
47 -48
47 -48
47 -48
47 -48
47 -48
47 -48
47 -48
47 -48
47 -48
47 -48
47 -48
47 -48
47 -48
47 -48
47 -48
47 -48
47 -48
47 -48
47 -48
47 -48
47 -48
47 -48
47 -48
47 -48
47 -48
47 -48
47 -48
47 -48
47 -48
47 -48
41 -54
41 -54
41 -54
41 -54
41 -54
41 -54
41 -54
41 -54
41 -54
41 -54
41 -54
41 -54
41 -54
41 -54
41 -54
41 -54
41 -54
41 -54
41 -54
41 -54
41 -54
41 -54
41 -54
41 -54
41 -54
41 -54
41 -54
41 -54
41 -54
41 -54
41 -54
41 -54
41 -54
43 -50
41 -57
41 -57
41 -57
41 -57
41 -57
41 -57
41 -57
41 -57
41 -57
41 -57
41 -57
41 -57
41 -57
41 -57
38 -49
38 -49
38 -49
38 -49
38 -49
38 -49
38 -49
38 -49
38 -49
38 -49
38 -49
38 -49
38 -49
38 -49
38 -49
38 -49
38 -49
38 -49
38 -49
38 -49
38 -49
38 -49
38 -49
38 -49
38 -49
38 -49
38 -49
38 -49
38 -49
38 -49
38 -49
38 -49
28 -51
28 -51
28 -51
28 -51
28 -51
28 -51
28 -51
28 -51
28 -51
28 -51
28 -51
28 -51
28 -51
28 -51
28 -51
28 -51
28 -51
28 -51
28 -51
28 -51
28 -51
28 -51
28 -51
28 -51
28 -51
28 -51
28 -51
28 -51
28 -51
28 -51
28 -51
28 -51
28 -51
28 -51
28 -51
23 -54
27 -42
27 -42
27 -42
27 -42
27 -42
27 -42
27 -42
27 -42
27 -42
27 -42
27 -42
27 -42
27 -42
27 -42
27 -42
27 -42
27 -42
27 -42
27 -42
27 -42
27 -42
27 -42
27 -42
27 -42
27 -42
27 -42
27 -42
27 -42
27 -42
27 -42
27 -42
27 -42
27 -42
27 -42
27 -42
27 -42
27 -42
27 -42
27 -42
27 -42
27 -42
27 -42
27 -42
27 -42
27 -42
27 -42
27 -42
27 -42
27 -42
27 -42
27 -42
27 -42
27 -42
27 -42
24 -59
25 -61
25 -61
25 -61
25 -61
25 -61
25 -61
25 -61
25 -61
25 -61
25 -61
25 -61
25 -61
25 -61
25 -61
25 -61
25 -61
25 -61
25 -61
25 -61
25 -61
25 -61
25 -61
25 -61
25 -61
25 -61
25 -61
25 -61
25 -61
25 -61
25 -61
25 -61
25 -61
25 -61
25 -61
25 -61
25 -61
25 -61
25 -61
22 -58
22 -58
22 -58
22 -58
22 -58
22 -58
22 -58
22 -58
22 -58
22 -58
22 -58
22 -58
22 -58
22 -58
22 -58
22 -58
22 -58
22 -58
22 -58
15 -57
15 -57
15 -57
15 -57
15 -57
15 -57
15 -57
15 -57
15 -57
15 -57
15 -57
15 -57
15 -57
15 -57
15 -57
15 -57
15 -57
15 -57
15 -57
15 -57
15 -57
15 -57
15 -57
15 -57
15 -57
15 -57
15 -57
15 -57
15 -57
15 -57
15 -57
21 -65
21 -65
21 -65
21 -65
21 -65
21 -65
21 -65
21 -65
21 -65
21 -65
21 -65
21 -65
21 -65
21 -65
21 -65
21 -65
21 -65
21 -65
21 -65
21 -65
21 -65
21 -65
21 -65
21 -65
21 -65
21 -65
21 -65
21 -65
21 -65
21 -65
21 -65
21 -65
21 -65
21 -65
21 -65
21 -65
18 -58
17 -59
17 -59
17 -59
17 -59
17 -59
17 -59
17 -59
17 -59
17 -59
17 -59
17 -59
17 -59
17 -59
17 -59
17 -59
17 -59
17 -59
17 -59
9 -53
9 -53
9 -53
9 -53
9 -53
9 -53
9 -53
9 -53
9 -53
9 -53
9 -53
9 -53
9 -53
9 -53
9 -53
9 -53
9 -53
9 -53
9 -53
9 -53
9 -53
9 -53
9 -53
9 -53
9 -53
9 -53
9 -53
9 -53
9 -53
9 -53
9 -53
9 -53
9 -53
9 -53
9 -53
12 -55
12 -55
12 -55
12 -55
12 -55
12 -55
12 -55
12 -55
12 -55
12 -55
12 -55
12 -55
12 -55
12 -55
12 -55
12 -55
6 -55
6 -55
6 -55
6 -55
6 -55
6 -55
6 -55
6 -55
6 -55
6 -55
6 -55
6 -55
6 -55
6 -55
6 -55
6 -55
6 -55
6 -55
6 -55
6 -55
6 -55
6 -55
6 -55
6 -55
6 -55
6 -55
6 -55
6 -55
6 -55
6 -55
6 -55
6 -55
6 -55
6 -55
6 -55
1 -53
1 -53
1 -53
1 -53
1 -53
1 -53
1 -53
1 -53
1 -53
1 -53
1 -53
1 -53
1 -53
1 -53
1 -53
1 -53
1 -53
1 -53
1 -53
1 -53
1 -53
1 -53
1 -53
1 -53
1 -53
1 -53
1 -53
1 -53
1 -53
1 -53
1 -53
1 -53
1 -53
1 -53
1 -53
3 -48
6 -49
6 -49
6 -49
6 -49
6 -49
6 -49
6 -49
6 -49
6 -49
6 -49
6 -49
6 -49
6 -49
6 -49
6 -49
6 -49
6 -49
6 -49
6 -49
6 -49
6 -49
6 -49
6 -49
6 -49
6 -49
6 -49
6 -49
6 -49
6 -49
6 -49
6 -49
6 -49
6 -49
-2 -45
-2 -45
-2 -45
-2 -45
-2 -45
-2 -45
-2 -45
-2 -45
-2 -45
-2 -45
-2 -45
-2 -45
-2 -45
-2 -45
-2 -45
-2 -45
-2 -45
-2 -45
8 -47
8 -47
8 -47
8 -47
8 -47
8 -47
8 -47
8 -47
8 -47
8 -47
8 -47
8 -47
8 -47
8 -47
8 -47
8 -47
8 -47
8 -47
8 -47
8 -47
8 -47
8 -47
8 -47
8 -47
8 -47
8 -47
8 -47
8 -47
8 -47
8 -47
8 -47
8 -47
8 -47
8 -47
8 -47
8 -47
8 -47
7 -46
7 -46
7 -46
7 -46
7 -46
7 -46
7 -46
7 -46
7 -46
7 -46
7 -46
7 -46
7 -46
7 -46
7 -46
7 -46
7 -46
7 -46
7 -46
7 -46
7 -46
7 -46
7 -46
7 -46
7 -46
7 -46
7 -46
7 -46
7 -46
7 -46
7 -46
7 -46
4 -40
4 -40
4 -40
4 -40
4 -40
4 -40
4 -40
4 -40
4 -40
4 -40
4 -40
4 -40
4 -40
4 -40
4 -40
4 -40
4 -40
4 -40
4 -40
4 -40
4 -40
4 -40
4 -40
4 -40
4 -40
4 -40
4 -40
4 -40
4 -40
4 -40
4 -40
4 -40
4 -40
0 -37
0 -37
0 -37
0 -37
0 -37
0 -37
0 -37
0 -37
0 -37
0 -37
0 -37
0 -37
0 -37
0 -37
0 -40
0 -40
0 -40
0 -40
0 -40
0 -40
0 -40
0 -40
0 -40
0 -40
0 -40
0 -40
0 -40
0 -40
0 -40
0 -40
0 -40
0 -40
0 -40
0 -40
0 -40
0 -40
0 -40
0 -40
0 -40
0 -40
0 -40
0 -40
0 -40
0 -40
0 -40
0 -40
0 -40
-5 -32
-5 -32
-5 -32
-5 -32
-5 -32
-5 -32
-5 -32
-5 -32
-5 -32
-5 -32
-5 -32
-5 -32
-5 -32
-5 -32
-5 -32
-5 -31
-5 -31
-5 -31
-5 -31
-5 -31
-5 -31
-5 -31
-5 -31
-5 -31
-5 -31
-5 -31
-5 -31
-5 -31
-5 -31
-5 -31
-5 -31
-5 -31
-5 -31
-5 -31
-5 -31
-5 -31
-5 -31
-5 -31
-5 -31
-5 -31
-5 -31
-5 -31
-5 -31
-5 -31
-5 -31
-5 -31
-5 -31
-5 -31
-5 -31
-5 -31
-5 -31
-5 -31
-5 -31
-5 -31
-5 -31
-5 -31
-5 -31
-5 -31
-5 -31
-4 -24
-4 -24
-4 -24
-4 -24
-4 -24
-4 -24
-4 -24
-4 -24
-4 -24
-4 -24
-4 -24
-4 -24
-4 -24
-4 -24
-4 -24
-4 -24
-4 -24
-4 -24
-4 -24
-4 -24
-4 -24
-4 -24
-4 -24
-4 -24
-4 -24
-4 -24
-4 -24
-4 -24
-4 -24
-4 -24
-4 -24
-4 -24
-4 -24
-4 -24
-4 -24
-4 -24
-4 -24
-4 -24
-4 -24
-4 -24
-4 -24
-4 -24
-4 -24
-4 -24
-4 -24
-4 -22
-4 -18
-4 -18
-4 -18
-4 -18
-4 -18
-4 -18
-4 -18
-4 -18
-4 -18
-4 -18
-4 -18
-4 -18
-4 -18
-4 -18
-4 -18
-4 -18
-4 -18
-4 -18
-4 -18
-4 -18
-4 -18
-4 -18
-4 -18
-4 -18
-4 -18
-4 -18
-4 -18
-4 -18
-4 -18
-4 -18
-4 -18
-4 -18
-4 -18
-4 -18
-4 -18
-4 -18
-2 -9
-2 -9
-2 -9
-2 -9
-2 -9
-2 -9
-2 -9
-2 -9
-2 -9
-2 -9
-2 -9
-2 -9
-2 -9
-2 -9
-2 -9
-2 -9
-2 -9
-2 -9
-2 -9
-2 -9
-1 -9
-1 -9
-1 -9
-1 -9
-1 -9
-1 -9
-1 -9
-1 -9
-1 -9
-1 -9
-1 -9
-1 -9
-1 -9
-1 -9
-1 -9
-1 -9
-1 -9
-1 -9
-1 -9
-1 -9
-1 -9
-1 -9
-1 -9
-1 -9
-1 -9
-1 -9
-1 -9
-1 -9
-1 -9
-3 -9
-3 -9
-3 -9
-3 -9
-3 -9
-3 -9
-3 -9
-3 -9
-3 -9
-3 -9
-3 -9
-3 -9
-3 -9
-3 -9
-3 -9
-3 -9
-3 -9
-3 -9
-3 -9
-3 -9
-3 -9
-3 -9
-3 -9
-3 -9
-3 -9
-3 -9
-3 -9
-3 -9
-3 -9
-3 -9
-3 -9
-3 -9
-3 -9
-2 -7
-2 -7
-2 -7
-2 -7
-2 -7
-2 -7
-2 -7
-2 -7
-2 -7
-2 -7
-2 -7
-2 -7
-2 -7
-2 -7
-2 -7
-2 -7
-2 -7
-2 -7
-2 -7
-2 -7
-2 -7
-2 -7
-2 -7
-2 -7
-2 -7
-2 -7
-2 -7
-2 -7
-2 -7
-2 -7
-2 -7
-2 -7
-2 -7
-2 -7
-2 -7
-2 -7
-2 -1
-2 -1
-2 -1
-2 -1
-2 -1
-2 -1
-2 -1
-2 -1
-2 -1
-2 -1
-2 -1
-2 -1
-2 -1
-2 -1
-2 -1
-2 -1
-2 -1
-2 -1
0 -1
0 -1
0 -1
0 -1
0 -1
0 -1
0 -1
0 -1
0 -1
0 -1
0 -1
0 -1
0 -1
0 -1
0 -1
0 -1
0 -1
0 -1
0 -1
0 -1
0 -1
0 -1
0 -1
0 -1
0 -1
0 -1
0 -1
0 -1
0 -1
0 -1
0 -1
0 -1
0 -1
0 -1
0 -1
0 -1
0 -1
0 -1
0 -1
0 -1
0 -1
0 -1
0 -1
0 -1
0 -1
0 -1
0 -1
0 -1
0 -1
0 -1
0 -1
0 -1
0 -1
0 -1
0 -1
0 -1
0 -1
0 -1
0 -1
0 -1
0 -1
0 -1
0 -1
0 -1
0 -1
0 -1
0 -1
0 -1
0 -1
0 -1
0 -1
0 -1
0 -1
0 -1
0 -1
0 -1
0 -1
0 -1
0 -1
0 -1
0 -1
0 -1
0 -1
0 -1
0 -1
0 -1
0 -1
0 -1
0 -1
0 -1
0 -1
0 -1
0 -1
0 -1
0 -1
0 -1
0 -1
0 -1
0 -1
0 -1
0 -1
0 -1
0 -1
0 -1
0 -1
0 -1
0 -1
0 -1
0 -1
0 -1
0 -1
0 -1
0 -1
0 -1
0 -1
0 -1
0 -1
0 -1
0 -1
0 -1
0 -1
0 -1
0 -1
0 -1
0 -1
0 -1
0 -1
0 -1
0 -1
0 -1
0 -1
0 -1
0 -1
0 -1
0 -1
0 -1
0 -1
0 -1
0 -1
0 -1
0 -1
0 -1
0 -1
0 -1
0 -1
0 -1
0 -1
0 -1
0 -1
0 -1
0 -1
0 -1
0 -1
0 -1
0 -1
0 -1
0 -1
0 -1
0 -1
0 -1
0 -1
0 -1
0 -1
0 -1
0 -1
0 -1
0 -1
0 -1
0 -1
0 -1
0 -1
0 -1
0 -1
0 -1
0 -1
0 -1
0 -1
0 -1
0 -1
0 -1
0 -1
0 -1
0 -1
0 -1
0 -1
0 -1
0 -1
0 -1
0 -1
0 -1
0 -1
0 -1
0 -1
0 -1
0 -1
0 -1
0 -1
0 -1
0 -1
0 -1
0 -1
0 -1
0 -1
0 -1
0 -1
0 -1
0 -1
0 -1
0 -1
0 -1
0 -1
0 -1
0 -1
0 -1
0 -1
0 -1
0 -1
0 -1
0 -1
0 -1
0 -1
0 -1
0 -1
0 1
0 1
0 1
0 1
0 1
0 1
0 1
0 1
0 1
0 1
0 1
0 1
0 1
0 1
0 1
0 1
0 1
0 1
0 1
0 1
0 1
0 1
0 1
0 1
0 1
0 1
0 1
0 1
0 1
0 1
0 1
0 1
0 1
0 1
0 1
0 1
0 1
0 1
0 1
0 1
0 1
0 1
0 1
0 1
0 1
0 1
0 1
0 1
0 1
0 1
0 1
0 1
0 1
0 1
0 1
0 1
0 1
0 1
0 1
0 1
0 1
0 1
0 1
0 1
0 1
0 1
0 1
0 1
0 1
0 1
0 1
0 1
0 1
0 1
0 1
0 1
0 1
0 1
0 1
0 1
0 1
0 1
0 1
0 1
0 1
0 1
0 1
0 1
0 1
0 1
0 1
0 1
0 1
0 1
0 1
0 1
0 1
0 1
0 1
0 1
0 1
0 1
0 1
0 1
0 1
0 1
0 1
0 1
0 1
0 1
0 1
0 1
0 1
0 1
0 1
0 1
0 1
0 1
0 1
0 1
0 1
0 1
0 1
0 1
0 1
0 1
0 1
0 1
0 1
0 1
0 1
0 1
0 1
0 1
0 1
0 1
0 1
0 1
0 1
0 1
0 1
0 1
0 1
0 1
0 1
0 1
0 1
0 1
0 1
0 1
0 1
0 1
0 1
0 1
0 1
0 1
0 1
0 1
0 1
0 1
0 1
0 1
0 1
0 1
0 1
0 1
0 1
0 1
0 1
0 1
0 1
0 1
0 1
0 1
0 1
0 1
0 1
0 1
0 1
0 1
0 1
0 1
0 1
0 1
0 1
0 1
0 1
0 1
0 1
0 1
0 1
0 1
0 1
0 1
0 1
0 1
0 1
0 1
0 1
0 1
0 1
0 1
0 1
0 1
0 1
0 1
0 1
0 1
0 1
0 1
0 1
0 1
0 1
0 1
0 1
0 1
0 1
0 1
0 1
0 1
0 1
0 1
0 1
0 1
0 1
0 1
0 1
0 1
0 1
0 1
0 1
0 1
0 1
0 1
0 1
0 1
0 1
0 1
0 1
0 1
0 1
0 1
0 1
0 1
0 1
0 1
0 1
0 1
0 1
0 1
0 1
0 1
0 1
0 1
0 1
0 1
0 1
0 1
0 1
0 1
0 1
0 1
0 1
0 1
0 1
0 1
0 1
0 1
0 1
0 1
0 1
0 1
0 1
0 1
0 1
0 1
0 1
0 1
0 1
0 1
0 1
0 1
0 1
0 1
0 1
0 1
0 1
0 1
0 1
0 1
0 1
0 1
0 1
0 1
0 1
0 1
0 1
0 1
0 1
0 1
0 1
0 1
0 1
0 1
0 1
0 1
0 1
0 1
0 1
0 1
0 1
0 1
0 1
0 1
0 1
0 1
0 1
0 1
0 1
0 1
0 1
0 1
0 1
0 1
0 1
0 1
0 1
0 1
0 1
0 1
0 1
0 1
0 1
0 1
0 1
0 1
0 1
0 1
0 1
0 1
0 1
0 1
0 1
0 1
0 1
0 1
0 1
0 1
0 1
0 1
0 1
0 1
0 1
0 1
0 1
0 1
0 1
0 1
0 1
0 1
0 1
0 1
0 1
0 1
0 1
0 1
0 1
0 1
0 1
0 1
0 1
0 1
0 1
0 1
0 1
0 1
0 1
0 1
0 1
0 1
0 1
0 1
0 1
0 1
0 1
0 1
0 1
0 1
0 1
0 1
0 1
0 1
0 1
0 1
0 1
0 1
0 1
0 1
0 1
0 1
0 1
0 1
0 1
0 1
0 1
0 1
0 1
0 1
0 1
0 1
0 1
0 1
0 1
0 1
0 1
0 1
0 1
0 1
0 1
0 1
0 1
0 1
0 1
0 1
0 1
0 1
0 1
0 1
0 1
0 1
0 1
0 1
0 1
0 1
0 1
0 1
0 1
0 1
0 1
0 1
0 1
0 1
0 1
0 1
0 1
0 1
0 1
0 1
0 1
0 1
0 1
0 1
0 1
0 1
0 1
0 1
0 1
0 1
0 1
0 1
0 1
0 1
0 1
0 1
0 1
0 1
0 1
0 1
0 1
0 1
0 1
0 1
0 1
0 1
0 1
0 1
0 1
0 1
0 1
0 1
0 1
0 1
0 1
0 1
0 1
0 1
0 1
0 1
0 1
0 1
0 1
0 1
0 1
0 1
0 1
0 1
0 1
0 1
0 1
0 1
0 1
0 1
0 1
0 1
0 1
0 1
0 1
0 1
0 1
0 1
0 1
0 1
0 1
0 1
0 1
0 1
0 1
0 1
0 1
0 1
0 1
0 1
0 1
0 1
0 1
0 1
0 1
0 1
0 1
0 1
0 1
0 1
0 1
0 1
0 1
0 1
0 1
0 1
0 1
0 1
0 1
0 1
0 1
0 1
0 1
0 1
0 1
0 1
0 1
0 1
0 1
0 1
0 1
0 1
0 1
0 1
0 1
0 1
0 1
0 1
0 1
0 1
0 1
0 1
0 1
0 1
0 1
0 1
0 1
0 1
0 1
0 1
0 1
0 1
0 1
0 1
0 1
0 1
0 1
0 1
0 1
0 1
0 1
0 1
0 1
0 1
0 1
0 1
0 1
0 1
0 1
0 1
0 1
0 1
0 1
0 1
0 1
0 1
0 1
0 1
0 1
0 1
0 1
0 1
0 1
0 1
0 1
0 1
0 1
0 1
0 1
0 1
0 1
0 1
0 1
0 1
0 1
0 1
0 1
0 1
0 1
0 1
0 1
0 1
0 1
0 1
0 1
0 1
0 1
0 1
0 1
0 1
0 1
0 1
0 1
0 1
0 1
0 1
0 1
0 1
0 1
0 1
0 1
0 1
0 1
0 1
0 1
0 1
0 1
0 1
0 1
0 1
0 1
0 1
0 1
0 1
0 1
0 1
0 1
0 1
0 1
0 1
0 1
0 1
0 1
0 1
0 1
0 1
0 1
0 1
0 1
0 1
0 1
0 1
0 1
0 1
0 1
0 1
0 1
0 1
0 1
0 1
0 1
0 1
0 1
0 1
0 1
0 1
0 1
0 1
0 1
0 1
0 1
0 1
0 1
0 1
0 1
0 1
0 1
0 1
0 1
0 1
0 1
0 1
0 1
0 1
0 1
0 1
0 1
0 1
0 1
0 1
0 1
0 1
0 1
0 1
0 1
0 1
-1 0
-1 0
-1 0
-1 0
-1 0
-1 0
-1 0
-1 0
-1 0
-1 0
-1 0
-1 0
-1 0
-1 0
-1 0
-1 0
-1 0
-1 0
-1 0
-1 0
-1 0
-1 0
-1 0
-1 0
-1 0
-1 0
-1 0
-1 0
-1 0
-1 0
-1 0
-1 0
-1 0
-1 0
-1 0
-1 0
-1 0
-1 0
-1 0
-1 0
-1 0
-1 0
-1 0
-1 0
-1 0
-1 0
-1 0
-1 0
-1 0
-1 0
-1 0
-1 0
-1 0
-1 0
-1 0
-1 0
-1 0
-1 0
-1 0
-1 0
-1 0
-1 0
-1 0
-1 0
-1 0
-1 0
-1 0
-1 0
-1 0
-1 0
-1 0
-1 0
-1 0
-1 0
-1 0
-1 0
-1 0
-1 0
-1 0
-1 0
-1 0
-1 0
-1 0
-1 0
-1 0
-1 0
-1 0
-1 0
-1 0
-1 0
-1 0
-1 0
-1 0
-1 0
-1 0
-1 0
-1 0
-1 0
-1 0
-1 0
-1 0
-1 0
-1 0
-1 0
-1 0
-1 0
-1 0
-1 0
-1 0
-1 0
-1 0
-1 0
-1 0
-1 0
-1 0
-1 0
-1 0
-1 0
-1 0
-1 0
-1 0
-1 0
-1 0
-1 0
-1 0
-1 0
-1 0
-1 0
-1 0
-1 0
-1 0
-1 0
-1 0
-1 0
-1 0
-1 0
-1 0
-1 0
-1 0
-1 0
-1 0
-1 0
-1 0
-1 0
-1 0
-1 0
-1 0
-1 0
-1 0
-1 0
-1 0
-1 0
-1 0
-1 0
-1 0
-1 0
-1 0
-1 0
-1 0
-1 0
-1 0
-1 0
-1 0
-1 0
-1 0
-1 0
-1 0
-1 0
-1 0
-1 0
-1 0
-1 0
-1 0
-1 0
-1 0
-1 0
-1 0
-1 0
-1 0
-1 0
-1 0
-1 0
-1 0
-1 0
-1 0
-1 0
-1 0
-1 0
-1 0
-1 0
-1 0
-1 0
-1 0
-1 0
-1 0
-1 0
-1 0
-1 0
-1 0
-1 0
-1 0
-1 0
-1 0
-1 0
-1 0
-1 0
-1 0
-1 0
-1 0
-1 0
-1 0
-1 0
-1 0
-1 0
-1 0
-1 0
-1 0
-1 0
-1 0
-1 0
-1 0
-1 0
-1 0
-1 0
-1 0
-1 0
-1 0
-1 0
-1 0
-1 0
-1 0
-1 0
-1 0
-1 0
-1 0
-1 0
-1 0
-1 0
-1 0
-1 0
-1 0
-1 0
-1 0
-1 0
-1 0
-1 0
-1 0
-1 0
-1 0
-1 0
-1 0
-1 0
-1 0
-1 0
-1 0
-1 0
-1 0
-1 0
-1 0
-1 0
-1 0
-1 0
-1 0
-1 0
-1 0
-1 0
-1 0
-1 0
-1 0
-1 0
-1 0
-1 0
