-3 -25
-3 -25
-3 -25
-3 -25
-3 -25
-3 -25
-3 -25
-3 -25
-3 -25
-3 -25
-3 -25
-3 -25
-3 -25
-3 -25
-3 -25
-3 -25
-3 -25
-3 -25
-3 -25
-3 -25
-3 -25
-3 -25
-3 -25
-3 -25
-3 -25
-3 -25
-3 -25
-3 -25
-3 -25
-3 -25
-3 -25
-3 -25
-3 -25
-3 -25
-3 -25
-3 -25
-3 -25
-3 -25
-3 -25
-3 -25
-3 -25
-3 -25
-3 -25
-3 -25
-3 -25
-3 -25
-3 -25
-3 -25
-3 -25
-3 -25
-3 -25
-3 -25
-3 -25
-3 -25
-3 -25
-3 -25
-3 -25
-3 -25
-3 -25
-3 -25
-3 -25
-3 -25
-3 -25
-3 -25
-3 -25
-3 -25
-3 -25
-3 -25
-3 -25
-3 -25
-3 -25
-3 -25
-3 -25
-3 -25
-3 -25
-3 -25
-3 -25
-4 -27
-5 -31
-6 -32
-6 -32
-6 -32
-6 -32
-6 -32
-6 -32
-6 -32
-6 -32
-6 -32
-6 -32
-6 -32
-6 -32
-6 -32
-6 -32
-6 -32
-6 -32
-6 -32
-6 -32
-6 -32
-9 -29
-9 -29
-9 -29
-9 -29
-9 -29
-9 -29
-9 -29
-9 -29
-9 -29
-9 -29
-9 -29
-9 -29
-9 -29
-9 -29
-9 -29
-9 -29
-9 -29
-9 -29
-9 -29
-9 -29
-9 -29
-8 -32
-8 -32
-8 -32
-8 -32
-8 -32
-8 -32
-8 -32
-8 -32
-8 -32
-8 -32
-8 -32
-8 -32
-8 -32
-8 -32
-8 -32
-8 -32
-8 -32
-8 -32
-8 -32
-8 -32
-8 -32
-8 -32
-8 -32
-8 -32
-8 -32
-8 -32
-8 -32
-8 -32
-8 -32
-8 -32
-8 -32
-8 -32
-8 -32
-8 -32
-8 -32
-8 -32
-8 -32
-8 -32
-8 -29
-8 -29
-8 -29
-8 -29
-8 -29
-8 -29
-8 -29
-8 -29
-8 -29
-8 -29
-8 -29
-8 -29
-8 -29
-8 -29
-8 -29
-8 -29
-8 -29
-8 -29
-8 -29
-8 -29
-8 -29
-8 -29
-8 -29
-8 -29
-8 -29
-8 -29
-8 -29
-8 -29
-8 -29
-8 -29
-8 -29
-8 -29
-8 -29
-8 -29
-8 -29
-8 -29
-8 -29
-8 -29
-8 -29
-8 -29
-7 -34
-7 -34
-7 -34
-7 -34
-7 -34
-7 -34
-7 -34
-7 -34
-7 -34
-7 -34
-7 -34
-7 -34
-7 -34
-7 -34
-7 -34
-7 -34
-7 -34
-7 -34
-7 -34
-7 -34
-7 -34
-7 -34
-7 -34
-7 -34
-7 -34
-7 -34
-7 -34
-7 -34
-7 -34
-7 -34
-7 -34
-7 -34
-7 -34
-7 -34
-7 -34
-7 -34
-7 -34
-7 -34
-7 -34
-7 -34
-7 -34
-7 -34
-7 -34
-7 -34
-7 -34
-7 -34
-12 -43
-12 -43
-12 -43
-12 -43
-12 -43
-12 -43
-12 -43
-12 -43
-12 -43
-12 -43
-12 -43
-12 -43
-12 -43
-12 -43
-12 -43
-12 -43
-12 -43
-12 -43
-12 -43
-12 -43
-12 -43
-12 -40
-12 -40
-12 -40
-12 -40
-12 -40
-12 -40
-12 -40
-12 -40
-12 -40
-12 -40
-12 -40
-12 -40
-12 -40
-12 -40
-12 -40
-12 -40
-12 -40
-12 -40
-12 -40
-12 -40
-12 -40
-12 -40
-12 -40
-12 -40
-12 -40
-12 -40
-12 -40
-12 -40
-12 -40
-12 -40
-12 -40
-12 -40
-12 -40
-12 -40
-12 -40
-12 -40
-12 -40
-12 -40
-12 -40
-12 -40
-12 -40
-12 -40
-12 -40
-12 -40
-12 -40
-12 -40
-12 -40
-16 -46
-16 -46
-16 -46
-16 -46
-16 -46
-16 -46
-16 -46
-16 -46
-16 -46
-16 -46
-16 -46
-16 -46
-16 -46
-16 -46
-16 -46
-16 -46
-16 -46
-16 -46
-16 -46
-16 -46
-16 -46
-16 -46
-16 -46
-16 -46
-16 -46
-16 -46
-16 -46
-16 -46
-16 -46
-16 -46
-16 -46
-16 -46
-16 -46
-16 -46
-16 -46
-16 -46
-16 -46
-16 -46
-16 -46
-16 -46
-16 -46
-16 -46
-16 -46
-16 -46
-16 -46
-16 -46
-16 -46
-16 -46
-16 -46
-16 -46
-16 -46
-16 -46
-16 -46
-16 -46
-16 -46
-16 -46
-16 -46
-16 -46
-16 -46
-16 -46
-16 -46
-16 -46
-16 -46
-16 -46
-16 -46
-16 -46
-16 -46
-16 -46
-16 -46
-16 -46
-16 -46
-16 -46
-16 -46
-16 -46
-16 -46
-16 -46
-16 -46
-16 -46
-16 -46
-14 -43
-12 -43
-12 -43
-12 -43
-19 -39
-19 -39
-19 -39
-19 -39
-19 -39
-19 -39
-19 -39
-19 -39
-19 -39
-19 -39
-19 -39
-19 -39
-19 -39
-19 -39
-19 -39
-19 -39
-19 -39
-19 -39
-19 -39
-19 -39
-19 -39
-19 -39
-19 -39
-19 -39
-19 -39
-19 -39
-19 -39
-19 -39
-19 -39
-19 -39
-19 -39
-19 -39
-19 -39
-19 -39
-19 -39
-19 -39
-19 -39
-19 -39
-19 -39
-19 -39
-19 -39
-19 -39
-11 -41
-11 -41
-11 -41
-11 -41
-11 -41
-11 -41
-11 -41
-11 -41
-11 -41
-11 -41
-11 -41
-11 -41
-11 -41
-11 -41
-11 -41
-11 -41
-11 -41
-11 -41
-11 -41
-11 -41
-11 -41
-11 -41
-11 -41
-11 -41
-27 -40
-27 -40
-27 -40
-27 -40
-27 -40
-27 -40
-27 -40
-27 -40
-27 -40
-27 -40
-27 -40
-27 -40
-27 -40
-27 -40
-27 -40
-27 -40
-27 -40
-27 -40
-27 -40
-27 -40
-27 -40
-27 -40
-27 -40
-27 -40
-14 -33
-14 -33
-14 -33
-14 -33
-14 -33
-14 -33
-14 -33
-14 -33
-14 -33
-14 -33
-14 -33
-14 -33
-14 -33
-14 -33
-14 -33
-14 -33
-14 -33
-14 -33
-14 -33
-14 -33
-14 -33
-14 -33
-14 -33
-14 -33
-14 -33
-14 -33
-14 -33
-14 -33
-14 -33
-14 -33
-14 -33
-14 -33
-14 -33
-14 -33
-14 -33
-14 -33
-14 -33
-14 -33
-14 -33
-14 -33
-14 -33
-14 -33
-14 -33
-14 -33
-20 -39
-20 -39
-20 -39
-20 -39
-20 -39
-20 -39
-20 -39
-20 -39
-20 -39
-20 -39
-20 -39
-20 -39
-20 -39
-20 -39
-20 -39
-20 -39
-20 -39
-20 -39
-20 -39
-20 -39
-20 -39
-20 -39
-20 -39
-20 -39
-20 -39
-20 -39
-20 -39
-20 -39
-20 -39
-20 -39
-20 -39
-20 -39
-20 -39
-20 -39
-20 -39
-20 -39
-20 -39
-20 -39
-20 -39
-20 -39
-20 -39
-20 -39
-20 -39
-20 -39
-20 -37
-24 -26
-24 -26
-24 -26
-24 -26
-24 -26
-24 -26
-24 -26
-24 -26
-24 -26
-24 -26
-24 -26
-24 -26
-24 -26
-24 -26
-24 -26
-24 -26
-24 -26
-24 -26
-24 -26
-24 -26
-24 -26
-24 -26
-24 -26
-24 -26
-21 -29
-21 -29
-21 -29
-21 -29
-21 -29
-21 -29
-21 -29
-21 -29
-21 -29
-21 -29
-21 -29
-21 -29
-21 -29
-21 -29
-21 -29
-21 -29
-21 -29
-21 -29
-21 -29
-21 -29
-21 -29
-21 -29
-21 -29
-21 -29
-21 -29
-21 -29
-21 -29
-21 -29
-21 -29
-21 -29
-21 -29
-21 -29
-21 -29
-21 -29
-21 -29
-21 -29
-21 -29
-21 -29
-21 -29
-21 -29
-21 -29
-21 -29
-21 -29
-21 -29
-21 -29
-21 -29
-21 -29
-21 -29
-21 -29
-21 -29
-21 -29
-21 -29
-21 -29
-24 -40
-24 -40
-24 -40
-24 -40
-24 -40
-24 -40
-24 -40
-24 -40
-24 -40
-24 -40
-24 -40
-24 -40
-24 -40
-24 -40
-24 -40
-24 -40
-24 -40
-24 -40
-24 -40
-24 -40
-24 -40
-24 -40
-24 -40
-24 -40
-24 -40
-14 -24
-14 -24
-14 -24
-14 -24
-14 -24
-14 -24
-14 -24
-14 -24
-14 -24
-14 -24
-14 -24
-14 -24
-14 -24
-14 -24
-14 -24
-14 -24
-14 -24
-14 -24
-14 -24
-14 -24
-14 -24
-14 -24
-14 -24
-14 -24
-14 -24
-14 -24
-14 -24
-14 -24
-14 -24
-14 -24
-14 -24
-14 -24
-14 -24
-14 -24
-14 -24
-14 -24
-14 -24
-14 -24
-14 -24
-14 -24
-14 -24
-14 -24
-14 -24
-14 -24
-14 -24
-14 -24
-14 -24
-14 -24
-14 -24
-14 -24
-14 -24
-14 -24
-14 -24
-14 -24
-14 -24
-14 -24
-14 -24
-14 -24
-14 -24
-14 -24
-14 -24
-14 -24
-14 -24
-18 -32
-18 -32
-18 -32
-18 -32
-18 -32
-18 -32
-18 -32
-18 -32
-18 -32
-18 -32
-18 -32
-18 -32
-18 -32
-18 -32
-18 -32
-18 -32
-18 -32
-18 -32
-18 -32
-18 -32
-18 -32
-18 -32
-18 -32
-18 -32
-18 -32
-18 -32
-18 -32
-18 -32
-18 -32
-18 -32
-18 -32
-18 -32
-18 -32
-18 -32
-18 -32
-18 -32
-18 -32
-18 -32
-18 -32
-18 -32
-18 -32
-18 -32
-17 -25
-17 -25
-17 -25
-17 -25
-17 -25
-17 -25
-17 -25
-17 -25
-17 -25
-17 -25
-17 -25
-17 -25
-17 -25
-17 -25
-17 -25
-17 -25
-17 -25
-17 -25
-17 -25
-17 -25
-20 -27
-20 -27
-20 -27
-20 -27
-20 -27
-20 -27
-20 -27
-20 -27
-20 -27
-20 -27
-20 -27
-20 -27
-20 -27
-20 -27
-20 -27
-20 -27
-20 -27
-20 -27
-20 -27
-20 -27
-20 -27
-20 -27
-20 -27
-20 -27
-25 -23
-25 -23
-25 -23
-25 -23
-25 -23
-25 -23
-25 -23
-25 -23
-25 -23
-25 -23
-25 -23
-25 -23
-25 -23
-25 -23
-25 -23
-25 -23
-25 -23
-25 -23
-25 -23
-25 -23
-25 -23
-25 -23
-25 -23
-25 -23
-25 -23
-25 -23
-25 -23
-25 -23
-25 -23
-25 -23
-25 -23
-25 -23
-25 -23
-25 -23
-25 -23
-25 -23
-25 -23
-25 -23
-25 -23
-25 -23
-25 -23
-25 -23
-25 -17
-25 -17
-25 -17
-25 -17
-25 -17
-25 -17
-25 -17
-25 -17
-25 -17
-25 -17
-25 -17
-25 -17
-25 -17
-25 -17
-25 -17
-25 -17
-25 -17
-25 -17
-25 -17
-25 -17
-25 -17
-25 -17
-25 -17
-25 -17
-25 -17
-25 -17
-25 -17
-25 -17
-25 -17
-25 -17
-25 -17
-25 -17
-25 -17
-25 -17
-25 -17
-25 -17
-25 -17
-25 -17
-25 -17
-25 -17
-25 -17
-25 -17
-25 -17
-25 -17
-25 -17
-25 -17
-25 -17
-23 -22
-24 -26
-24 -26
-24 -26
-24 -26
-24 -26
-24 -26
-24 -26
-24 -26
-24 -26
-24 -26
-24 -26
-24 -26
-24 -26
-24 -26
-24 -26
-24 -26
-24 -26
-24 -26
-24 -26
-24 -26
-24 -26
-24 -26
-24 -26
-24 -26
-24 -26
-24 -26
-24 -26
-24 -26
-24 -26
-24 -26
-24 -26
-24 -24
-24 -24
-24 -24
-24 -24
-24 -24
-24 -24
-24 -24
-24 -24
-24 -24
-24 -24
-24 -24
-24 -24
-24 -24
-24 -24
-24 -24
-24 -24
-24 -24
-24 -24
-24 -24
-30 -17
-30 -17
-30 -17
-30 -17
-30 -17
-30 -17
-30 -17
-30 -17
-30 -17
-30 -17
-30 -17
-30 -17
-30 -17
-30 -17
-30 -17
-30 -17
-30 -17
-30 -17
-30 -17
-30 -17
-30 -17
-30 -17
-30 -17
-30 -17
-30 -17
-30 -17
-30 -17
-30 -17
-30 -17
-30 -17
-30 -17
-30 -17
-30 -17
-30 -17
-30 -17
-30 -17
-30 -17
-30 -17
-30 -17
-30 -17
-30 -17
-30 -17
-30 -17
-30 -17
-30 -17
-29 -14
-29 -14
-29 -14
-29 -14
-29 -14
-29 -14
-29 -14
-29 -14
-29 -14
-29 -14
-29 -14
-29 -14
-29 -14
-29 -14
-29 -14
-29 -14
-29 -14
-29 -14
-29 -14
-29 -14
-29 -14
-29 -14
-29 -14
-29 -14
-29 -14
-29 -14
-29 -14
-29 -14
-29 -14
-29 -14
-29 -14
-29 -14
-29 -14
-29 -14
-29 -14
-29 -14
-29 -14
-29 -14
-29 -14
-29 -14
-29 -14
-29 -14
-29 -14
-29 -14
-29 -14
-29 -14
-29 -14
-29 -14
-24 -12
-24 -12
-24 -12
-24 -12
-24 -12
-24 -12
-24 -12
-24 -12
-24 -12
-24 -12
-24 -12
-24 -12
-24 -12
-24 -12
-24 -12
-24 -12
-24 -12
-24 -12
-24 -12
-24 -12
-24 -12
-24 -12
-24 -12
-24 -12
-24 -12
-24 -12
-24 -12
-24 -12
-24 -12
-24 -12
-24 -12
-24 -12
-24 -12
-24 -12
-24 -12
-24 -12
-24 -12
-24 -12
-24 -12
-24 -12
-24 -12
-24 -12
-24 -12
-24 -12
-24 -12
-24 -12
-24 -12
-24 -12
-24 -12
-24 -12
-24 -12
-28 -10
-28 -10
-28 -10
-28 -10
-28 -10
-28 -10
-28 -10
-28 -10
-28 -10
-28 -10
-28 -10
-28 -10
-28 -10
-28 -10
-28 -10
-28 -10
-28 -10
-28 -10
-28 -10
-28 -10
-28 -10
-28 -10
-28 -10
-28 -10
-32 -6
-32 -6
-32 -6
-32 -6
-32 -6
-32 -6
-32 -6
-32 -6
-32 -6
-32 -6
-32 -6
-32 -6
-32 -6
-32 -6
-32 -6
-32 -6
-32 -6
-32 -6
-32 -6
-32 -6
-32 -6
-32 -6
-32 -6
-32 -6
-32 -6
-32 -6
-32 -6
-32 -6
-32 -6
-32 -6
-32 -6
-32 -6
-32 -6
-32 -6
-32 -6
-32 -6
-32 -6
-32 -6
-32 -6
-32 -6
-32 -6
-32 -6
-32 -6
-32 -6
-32 -6
-32 -6
-32 -6
-32 -6
-32 -6
-27 -3
-27 -3
-27 -3
-27 -3
-27 -3
-27 -3
-27 -3
-27 -3
-27 -3
-27 -3
-27 -3
-27 -3
-27 -3
-27 -3
-27 -3
-27 -3
-27 -3
-27 -3
-27 -3
-27 -3
-27 -3
-27 -3
-27 -3
-27 -3
-38 -6
-38 -6
-38 -6
-38 -6
-38 -6
-38 -6
-38 -6
-38 -6
-38 -6
-38 -6
-38 -6
-38 -6
-38 -6
-38 -6
-38 -6
-38 -6
-38 -6
-38 -6
-38 -6
-38 -6
-38 -6
-38 -6
-38 -6
-38 -6
-38 -6
-38 -6
-38 -6
-38 -6
-38 -6
-38 -6
-38 -6
-38 -6
-38 -6
-38 -6
-38 -6
-38 -6
-38 -6
-38 -6
-38 -6
-38 -6
-38 -6
-38 -6
-38 -6
-38 -6
-38 -6
-38 -6
-38 -6
-38 -6
-38 -6
-41 -4
-41 -4
-41 -4
-41 -4
-41 -4
-41 -4
-41 -4
-41 -4
-41 -4
-41 -4
-41 -4
-41 -4
-41 -4
-41 -4
-41 -4
-41 -4
-41 -4
-41 -4
-41 -4
-41 -4
-41 -4
-41 -4
-41 -4
-41 -4
-41 -4
-41 -4
-41 -4
-41 -4
-41 -4
-41 -4
-41 -4
-41 -4
-41 -4
-41 -4
-41 -4
-41 -4
-41 -4
-41 -4
-41 -4
-41 -4
-41 -4
-41 -4
-41 -3
-39 0
-39 0
-39 0
-39 0
-39 0
-39 0
-39 0
-39 0
-39 0
-39 0
-39 0
-39 0
-39 0
-39 0
-39 0
-39 0
-39 0
-39 0
-39 0
-39 0
-40 2
-40 2
-40 2
-40 2
-40 2
-40 2
-40 2
-40 2
-40 2
-40 2
-40 2
-40 2
-40 2
-40 2
-40 2
-40 2
-40 2
-40 2
-40 2
-40 2
-40 2
-40 2
-40 2
-40 2
-40 2
-40 2
-40 2
-40 2
-40 2
-40 2
-40 2
-40 2
-40 2
-40 2
-40 2
-40 2
-40 2
-40 2
-40 2
-40 2
-40 2
-40 2
-40 2
-40 2
-40 2
-40 2
-40 2
-46 -2
-46 -2
-46 -2
-46 -2
-46 -2
-46 -2
-46 -2
-46 -2
-46 -2
-46 -2
-46 -2
-46 -2
-46 -2
-46 -2
-46 -2
-46 -2
-46 -2
-46 -2
-46 -2
-46 -2
-46 -2
-46 -2
-43 -2
-43 -2
-43 -2
-43 -2
-43 -2
-43 -2
-43 -2
-43 -2
-43 -2
-43 -2
-43 -2
-43 -2
-43 -2
-43 -2
-43 -2
-43 -2
-43 -2
-43 -2
-43 -2
-43 -2
-43 -2
-43 -2
-43 -2
-43 -2
-43 -2
-43 -2
-43 -2
-43 -2
-43 -2
-43 -2
-43 -2
-43 -2
-43 -2
-43 -2
-43 -2
-43 -2
-43 -2
-43 -2
-43 -2
-43 -2
-43 -2
-43 -2
-43 -2
-43 -2
-43 -2
-43 -2
-43 -2
-43 -2
-43 -4
-43 -4
-43 -4
-43 -4
-43 -4
-43 -4
-43 -4
-43 -4
-43 -4
-43 -4
-43 -4
-43 -4
-43 -4
-43 -4
-43 -4
-43 -4
-43 -4
-43 -4
-43 -4
-43 -4
-43 -4
-43 -4
-43 -4
-43 -4
-43 -4
-43 -4
-43 -4
-43 -4
-43 -4
-43 -4
-43 -4
-43 -4
-43 -4
-43 -4
-43 -4
-43 -4
-43 -4
-43 -4
-43 -4
-43 -4
-43 -4
-43 -4
-43 -4
-43 -4
-43 -4
-43 -4
-47 -1
-47 -1
-47 -1
-47 -1
-47 -1
-47 -1
-47 -1
-47 -1
-47 -1
-47 -1
-47 -1
-47 -1
-47 -1
-47 -1
-47 -1
-47 -1
-47 -1
-47 -1
-47 -1
-47 -1
-47 -1
-47 -1
-47 -1
-47 -1
-47 -1
-47 -1
-47 -1
-47 -1
-47 -1
-47 -1
-47 -1
-47 -1
-47 -1
-47 -1
-47 -1
-47 -1
-47 -1
-47 -1
-47 -1
-47 -1
-47 -1
-47 -1
-47 -1
-47 -1
-47 -1
-47 -1
-47 -1
-47 0
-47 0
-47 0
-47 0
-47 0
-47 0
-47 0
-47 0
-47 0
-47 0
-47 0
-47 0
-47 0
-47 0
-47 0
-47 0
-47 0
-47 0
-47 0
-47 0
-47 0
-47 0
-47 0
-44 2
-44 2
-44 2
-44 2
-44 2
-44 2
-44 2
-44 2
-44 2
-44 2
-44 2
-44 2
-44 2
-44 2
-44 2
-44 2
-44 2
-44 2
-44 2
-44 2
-44 2
-44 2
-44 2
-44 2
-44 2
-44 2
-44 2
-44 2
-44 2
-44 2
-44 2
-44 2
-44 2
-44 2
-44 2
-44 2
-44 2
-44 2
-44 2
-44 2
-44 2
-44 2
-44 2
-44 2
-44 2
-44 2
-46 1
-46 1
-46 1
-46 1
-46 1
-46 1
-46 1
-46 1
-46 1
-46 1
-46 1
-46 1
-46 1
-46 1
-46 1
-46 1
-46 1
-46 1
-46 1
-46 1
-46 1
-46 1
-46 1
-46 1
-46 1
-46 1
-46 1
-46 1
-46 1
-46 1
-46 1
-46 1
-46 1
-46 1
-46 1
-46 1
-46 1
-46 1
-46 1
-46 1
-46 1
-46 1
-46 1
-46 1
-46 1
-46 1
-46 1
-46 1
-46 1
-46 1
-44 0
-44 0
-44 0
-44 0
-44 0
-44 0
-44 0
-44 0
-44 0
-44 0
-44 0
-44 0
-44 0
-44 0
-44 0
-44 0
-44 0
-44 0
-44 0
-44 0
-44 0
-44 0
-44 0
-44 0
-44 0
-44 0
-44 0
-44 0
-44 0
-44 0
-44 0
-44 0
-44 0
-44 0
-44 0
-44 0
-44 0
-44 0
-44 0
-44 0
-44 0
-44 0
-37 1
-37 1
-37 1
-37 1
-37 1
-37 1
-37 1
-37 1
-37 1
-37 1
-37 1
-37 1
-37 1
-37 1
-37 1
-37 1
-37 1
-37 1
-37 1
-37 1
-34 3
-34 3
-34 3
-34 3
-34 3
-34 3
-34 3
-34 3
-34 3
-34 3
-34 3
-34 3
-34 3
-34 3
-34 3
-34 3
-34 3
-34 3
-34 3
-34 3
-34 3
-34 3
-36 -2
-36 -2
-36 -2
-36 -2
-36 -2
-36 -2
-36 -2
-36 -2
-36 -2
-36 -2
-36 -2
-36 -2
-36 -2
-36 -2
-36 -2
-36 -2
-36 -2
-36 -2
-36 -2
-36 -2
-36 -2
-36 -2
-36 -2
-36 -2
-36 -2
-36 -2
-36 -2
-36 -2
-36 -2
-36 -2
-36 -2
-36 -2
-36 -2
-36 -2
-36 -2
-36 -2
-36 -2
-36 -2
-36 -2
-36 -2
-36 -2
-38 -1
-38 -1
-38 -1
-38 -1
-38 -1
-38 -1
-38 -1
-38 -1
-38 -1
-38 -1
-38 -1
-38 -1
-38 -1
-38 -1
-38 -1
-38 -1
-38 -1
-38 -1
-38 -1
-38 -1
-38 -1
-38 -1
-38 -1
-38 -1
-38 -1
-38 -1
-38 -1
-38 -1
-38 -1
-38 -1
-38 -1
-38 -1
-38 -1
-38 -1
-38 -1
-38 -1
-38 -1
-38 -1
-38 -1
-38 -1
-38 -1
-38 -1
-38 -1
-38 -1
-38 -1
-40 7
-40 7
-40 7
-40 7
-40 7
-40 7
-40 7
-40 7
-40 7
-40 7
-40 7
-40 7
-40 7
-40 7
-40 7
-40 7
-40 7
-40 7
-40 7
-40 7
-40 7
-40 7
-40 7
-40 7
-40 7
-40 7
-40 7
-40 7
-40 7
-40 7
-40 7
-40 7
-40 7
-40 7
-40 7
-40 7
-40 7
-40 7
-40 7
-40 7
-40 7
-40 7
-40 7
-40 7
-40 7
-40 7
-40 7
-40 7
-40 7
-40 7
-40 7
-40 7
-40 7
-40 7
-40 7
-40 7
-40 7
-40 7
-40 7
-40 7
-40 7
-40 7
-40 7
-40 7
-40 7
-40 7
-40 7
-40 7
-40 7
-40 7
-40 7
-40 7
-40 7
-40 7
-40 7
-40 7
-40 7
-40 7
-40 7
-40 7
-40 7
-40 7
-40 7
-40 7
-40 7
-40 7
-40 7
-40 7
-40 7
-40 7
-40 7
-40 7
-40 7
-40 7
-40 7
-40 7
-40 7
-34 5
-34 5
-34 5
-34 5
-34 5
-34 5
-34 5
-34 5
-34 5
-34 5
-34 5
-34 5
-34 5
-34 5
-34 5
-34 5
-34 5
-34 5
-35 2
-35 2
-35 2
-35 2
-35 2
-35 2
-35 2
-35 2
-35 2
-35 2
-35 2
-35 2
-35 2
-35 2
-35 2
-35 2
-35 2
-35 2
-35 2
-35 2
-35 2
-35 2
-35 2
-35 2
-35 2
-35 2
-35 2
-35 2
-35 2
-35 2
-35 2
-35 2
-35 2
-35 2
-35 2
-35 2
-35 2
-35 2
-35 2
-35 2
-35 2
-35 2
-35 2
-35 2
-35 2
-35 2
-46 6
-46 6
-46 6
-46 6
-46 6
-46 6
-46 6
-46 6
-46 6
-46 6
-46 6
-46 6
-46 6
-46 6
-46 6
-46 6
-46 6
-46 6
-46 6
-46 6
-46 6
-46 6
-46 6
-46 6
-46 6
-46 6
-46 6
-46 6
-46 6
-46 6
-46 6
-46 6
-46 6
-46 6
-46 6
-46 6
-46 6
-46 6
-46 6
-44 3
-42 4
-42 4
-42 4
-42 4
-42 4
-42 4
-42 4
-42 4
-42 4
-42 4
-42 4
-42 4
-42 4
-42 4
-42 4
-42 4
-42 4
-42 4
-42 4
-42 4
-42 4
-42 4
-42 4
-42 4
-42 4
-42 4
-42 4
-42 4
-42 4
-42 4
-42 4
-42 4
-42 4
-42 4
-47 4
-47 4
-47 4
-47 4
-47 4
-47 4
-47 4
-47 4
-47 4
-47 4
-47 4
-47 4
-47 4
-47 4
-47 4
-45 3
-45 3
-45 3
-45 3
-45 3
-45 3
-45 3
-45 3
-45 3
-45 3
-45 3
-45 3
-45 3
-45 3
-45 3
-45 3
-45 3
-49 3
-49 3
-49 3
-49 3
-49 3
-49 3
-49 3
-49 3
-49 3
-49 3
-49 3
-49 3
-49 3
-49 3
-49 3
-49 3
-49 3
-49 3
-49 3
-49 3
-49 3
-49 3
-49 3
-49 3
-49 3
-49 3
-49 3
-49 3
-49 3
-49 3
-49 3
-49 3
-49 3
-49 3
-49 3
-49 3
-49 1
-49 1
-49 1
-49 1
-49 1
-49 1
-49 1
-49 1
-49 1
-49 1
-49 1
-49 1
-49 1
-49 1
-49 1
-49 1
-49 1
-49 1
-49 1
-49 1
-49 1
-49 1
-49 1
-49 1
-49 1
-49 1
-49 1
-49 1
-49 1
-49 1
-49 1
-51 3
-54 1
-54 1
-54 1
-54 1
-54 1
-54 1
-54 1
-54 1
-54 1
-54 1
-54 1
-54 1
-54 1
-54 1
-54 1
-54 1
-54 1
-54 1
-54 1
-54 1
-54 1
-54 1
-54 1
-54 1
-54 1
-54 1
-54 1
-54 1
-54 1
-54 1
-54 1
-54 1
-54 1
-54 1
-54 1
-56 10
-56 10
-56 10
-56 10
-56 10
-56 10
-56 10
-56 10
-56 10
-56 10
-56 10
-56 10
-56 10
-56 10
-56 10
-56 10
-56 10
-56 10
-56 10
-56 10
-56 10
-56 10
-56 10
-56 10
-56 10
-56 10
-56 10
-56 10
-56 10
-56 10
-56 10
-56 10
-56 10
-56 10
-56 10
-56 10
-56 10
-56 10
-56 10
-61 10
-61 10
-61 10
-61 10
-61 10
-61 10
-61 10
-61 10
-61 10
-61 10
-61 10
-61 10
-61 10
-61 10
-61 10
-61 10
-61 10
-61 10
-61 10
-60 11
-60 11
-60 11
-60 11
-60 11
-60 11
-60 11
-60 11
-60 11
-60 11
-60 11
-60 11
-60 11
-60 11
-60 11
-60 11
-60 11
-60 11
-60 11
-60 11
-60 11
-60 11
-60 11
-60 11
-60 11
-60 11
-60 11
-60 11
-60 11
-60 11
-60 11
-60 11
-61 12
-62 18
-62 18
-62 18
-62 18
-62 18
-62 18
-62 18
-62 18
-62 18
-62 18
-62 18
-62 18
-62 18
-62 18
-62 18
-62 18
-62 18
-62 18
-62 18
-62 18
-62 18
-62 18
-62 18
-62 18
-62 18
-62 18
-62 18
-62 18
-62 18
-62 18
-62 18
-62 18
-62 18
-62 18
-62 18
-62 18
-59 18
-59 18
-59 18
-59 18
-59 18
-59 18
-59 18
-59 18
-59 18
-59 18
-59 18
-59 18
-59 18
-59 18
-59 18
-59 18
-59 18
-59 18
-63 14
-63 14
-63 14
-63 14
-63 14
-63 14
-63 14
-63 14
-63 14
-63 14
-63 14
-63 14
-63 14
-63 14
-63 14
-63 14
-63 14
-63 14
-60 16
-60 16
-60 16
-60 16
-60 16
-60 16
-60 16
-60 16
-60 16
-60 16
-60 16
-60 16
-60 16
-60 16
-60 16
-60 16
-60 16
-60 16
-60 16
-60 16
-60 16
-60 16
-60 16
-60 16
-60 16
-60 16
-60 16
-60 16
-60 16
-60 16
-60 16
-60 16
-60 16
-60 16
-60 16
-60 16
-60 16
-60 16
-56 15
-56 15
-56 15
-56 15
-56 15
-56 15
-56 15
-56 15
-56 15
-56 15
-56 15
-56 15
-56 15
-56 15
-56 15
-56 15
-56 15
-56 15
-56 15
-56 15
-56 15
-56 15
-56 15
-56 15
-56 15
-56 15
-56 15
-56 15
-56 15
-56 15
-56 15
-56 15
-56 15
-56 15
-56 15
-61 23
-61 23
-61 23
-61 23
-61 23
-61 23
-61 23
-61 23
-61 23
-61 23
-61 23
-61 23
-61 23
-61 23
-61 23
-61 23
-61 23
-61 23
-61 23
-61 23
-61 23
-61 23
-61 23
-61 23
-61 23
-61 23
-61 23
-61 23
-61 23
-61 23
-61 23
-61 23
-61 23
-61 23
-61 23
-56 22
-56 22
-56 22
-56 22
-56 22
-56 22
-56 22
-56 22
-56 22
-56 22
-61 31
-61 31
-61 31
-61 31
-61 31
-61 31
-61 31
-61 31
-61 31
-61 31
-61 31
-61 31
-61 31
-61 31
-61 31
-61 31
-61 31
-61 31
-61 31
-61 31
-61 31
-61 31
-61 31
-61 31
-61 31
-61 31
-61 31
-61 31
-61 31
-61 31
-61 31
-61 31
-61 31
-61 31
-61 31
-61 31
-61 31
-61 31
-61 31
-61 31
-61 31
-61 31
-61 31
-61 31
-61 31
-61 31
-61 31
-61 31
-61 31
-61 31
-61 31
-61 31
-61 31
-61 31
-61 31
-61 31
-61 31
-61 31
-61 31
-61 31
-61 31
-61 31
-61 31
-61 31
-61 31
-61 31
-61 31
-61 31
-54 24
-54 24
-54 24
-54 24
-54 24
-54 24
-54 24
-54 24
-54 24
-54 24
-54 24
-54 24
-54 24
-54 24
-54 24
-54 24
-50 25
-50 25
-50 25
-50 25
-50 25
-50 25
-50 25
-50 25
-50 25
-50 25
-50 25
-50 25
-50 25
-50 25
-50 25
-50 25
-50 25
-50 25
-50 25
-50 25
-50 25
-50 25
-50 25
-50 25
-50 25
-50 25
-50 25
-50 25
-50 25
-50 25
-50 25
-50 25
-50 25
-50 25
-41 21
-41 21
-53 34
-53 34
-53 34
-53 34
-53 34
-53 34
-53 34
-53 34
-53 34
-53 34
-53 34
-53 34
-53 34
-53 34
-53 34
-53 34
-53 34
-53 34
-53 34
-53 34
-53 34
-53 34
-53 34
-53 34
-53 34
-53 34
-53 34
-53 34
-53 34
-53 34
-53 34
-53 34
-43 29
-43 29
-43 29
-43 29
-43 29
-43 29
-43 29
-43 29
-43 29
-43 29
-43 29
-43 29
-43 29
-43 29
-43 29
-43 29
-43 29
-43 29
-49 38
-49 38
-49 38
-49 38
-49 38
-49 38
-49 38
-49 38
-49 38
-49 38
-49 38
-49 38
-49 38
-49 38
-49 38
-49 38
-49 38
-49 38
-49 38
-49 38
-49 38
-49 38
-49 38
-49 38
-49 38
-49 38
-49 38
-49 38
-49 38
-49 38
-49 38
-49 38
-49 38
-49 38
-49 38
-49 38
-48 38
-48 38
-48 38
-48 38
-48 38
-48 38
-48 38
-48 38
-48 38
-48 38
-48 38
-48 38
-48 38
-48 38
-48 38
-48 38
-48 38
-48 38
-48 38
-48 38
-48 38
-48 38
-48 38
-48 38
-48 38
-48 38
-48 38
-48 38
-48 38
-48 38
-48 38
-48 38
-48 38
-48 38
-48 38
-48 38
-48 38
-48 38
-34 36
-34 36
-34 36
-34 36
-34 36
-34 36
-34 36
-34 36
-34 36
-34 36
-34 36
-34 36
-34 36
-34 36
-34 36
-34 36
-34 36
-42 46
-42 46
-42 46
-42 46
-42 46
-42 46
-42 46
-42 46
-42 46
-42 46
-42 46
-42 46
-42 46
-42 46
-42 46
-42 46
-42 46
-38 38
-38 38
-38 38
-38 38
-38 38
-38 38
-38 38
-38 38
-38 38
-38 38
-38 38
-38 38
-38 38
-38 38
-38 38
-38 38
-25 37
-25 37
-25 37
-25 37
-25 37
-25 37
-25 37
-25 37
-25 37
-25 37
-25 37
-25 37
-25 37
-25 37
-29 40
-29 40
-29 40
-29 40
-29 40
-29 40
-29 40
-29 40
-29 40
-29 40
-29 40
-29 40
-29 40
-29 40
-29 40
-29 40
-29 40
-29 40
-29 40
-29 40
-29 40
-29 40
-29 40
-29 40
-29 40
-29 40
-29 40
-29 40
-29 40
-29 40
-24 49
-24 49
-24 49
-24 49
-24 49
-24 49
-24 49
-24 49
-24 49
-24 49
-24 49
-24 49
-24 49
-24 49
-24 49
-24 49
-24 49
-24 49
-24 49
-24 49
-24 49
-24 49
-24 49
-24 49
-24 49
-24 49
-24 49
-24 49
-24 49
-24 49
-24 49
-24 49
-24 49
-24 49
-24 49
-24 40
-24 40
-24 40
-24 40
-24 40
-24 40
-24 40
-24 40
-24 40
-24 40
-24 40
-24 40
-24 40
-24 40
-24 40
-24 40
-24 40
-24 40
-24 40
-24 40
-24 40
-24 40
-24 40
-24 40
-24 40
-24 40
-24 40
-24 40
-24 40
-24 40
-24 40
-24 40
-24 40
-24 40
-24 40
-24 40
-24 40
-24 40
-24 40
-24 40
-24 40
-24 40
-24 40
-24 40
-24 40
-24 40
-24 40
-24 40
-24 40
-24 40
-24 40
-24 40
-24 40
-16 46
-15 43
-15 43
-15 43
-15 43
-15 43
-15 43
-15 43
-15 43
-15 43
-15 43
-15 43
-15 43
-15 43
-15 43
-15 43
-15 43
-15 43
-15 43
-15 43
-15 43
-15 43
-15 43
-15 43
-15 43
-15 43
-15 43
-15 43
-15 43
-15 43
-15 43
-15 43
-15 43
-15 43
-15 43
-29 62
-29 62
-29 62
-29 62
-29 62
-29 62
-29 62
-29 62
-29 62
-29 62
-29 62
-29 62
-29 62
-29 62
-29 62
-29 62
-29 62
-29 62
-29 62
-29 62
-29 62
-29 62
-29 62
-29 62
-29 62
-29 62
-29 62
-29 62
-29 62
-29 62
-29 62
-29 62
-29 62
-29 62
-29 62
-29 62
-29 62
-29 62
-29 62
-32 65
-28 68
-28 68
-28 68
-28 68
-28 68
-28 68
-28 68
-28 68
-28 68
-28 68
-28 68
-28 68
-28 68
-28 68
-28 68
-28 68
-28 68
-28 68
-28 68
-28 68
-28 68
-28 68
-28 68
-28 68
-28 68
-28 68
-28 68
-28 68
-28 68
-28 68
-28 68
-28 68
-28 68
-24 63
-24 63
-24 63
-24 63
-24 63
-24 63
-24 63
-24 63
-24 63
-24 63
-24 63
-24 63
-24 63
-24 63
-24 63
-24 63
-24 63
-17 61
-17 61
-17 61
-17 61
-17 61
-17 61
-17 61
-17 61
-17 61
-17 61
-17 61
-17 61
-17 61
-17 61
-17 61
-17 61
-17 61
-17 61
-17 61
-17 61
-17 61
-17 61
-17 61
-17 61
-17 61
-17 61
-17 61
-17 61
-17 61
-17 61
-17 61
-17 61
-17 61
-17 61
-17 61
-20 63
-20 63
-20 63
-20 63
-20 63
-20 63
-20 63
-20 63
-20 63
-20 63
-20 63
-20 63
-20 63
-20 63
-20 63
-20 63
-20 63
-20 63
-20 65
-20 65
-20 65
-20 65
-20 65
-20 65
-20 65
-20 65
-20 65
-20 65
-20 65
-20 65
-20 65
-20 65
-20 65
-20 65
-20 65
-20 65
-20 65
-20 65
-20 65
-20 65
-20 65
-20 65
-20 65
-20 65
-20 65
-20 65
-20 65
-20 65
-20 65
-20 65
-20 65
-20 65
-20 65
-10 61
-10 61
-10 61
-10 61
-10 61
-10 61
-10 61
-10 61
-10 61
-10 61
-10 61
-10 61
-10 61
-10 61
-10 61
-10 61
-10 61
-10 61
-10 61
-10 61
-10 61
-10 61
-10 61
-10 61
-10 61
-10 61
-10 61
-10 61
-10 61
-10 61
-10 61
-16 67
-16 67
-16 67
-16 67
-16 67
-16 67
-16 67
-16 67
-16 67
-16 67
-16 67
-16 67
-16 67
-16 67
-16 67
-16 67
-16 67
-16 67
-16 67
-16 67
-16 67
-16 67
-16 67
-16 67
-16 67
-16 67
-16 67
-16 67
-16 67
-16 67
-16 67
-16 67
-16 67
-16 67
-16 67
-16 67
-16 67
-16 67
-16 67
-16 67
-16 67
-16 67
-16 67
-8 57
-9 60
-9 60
-9 60
-9 60
-9 60
-9 60
-9 60
-9 60
-9 60
-9 60
-9 60
-9 60
-9 60
-9 60
-9 60
-9 60
-9 60
-9 60
-9 60
-9 60
-9 60
-9 60
-9 60
-9 60
-9 60
-9 60
-9 60
-9 60
-9 60
-9 60
-9 60
-7 58
-7 58
-7 58
-7 58
-7 58
-7 58
-7 58
-7 58
-7 58
-7 58
-7 58
-7 58
-7 58
-7 58
-7 58
-7 58
-7 58
-7 58
-7 58
-7 58
-7 58
-7 58
-7 58
-7 58
-7 58
-7 58
-7 58
-7 58
-7 58
-7 58
-7 58
-7 58
-7 58
-7 58
-7 58
-9 53
-2 59
-2 59
-2 59
-2 59
-2 59
-2 59
-2 59
-2 59
-2 59
-2 59
-2 59
-2 59
-2 59
-2 59
-2 59
-2 59
-2 59
-2 59
-2 59
-2 59
-2 59
-2 59
-2 59
-2 59
-2 59
-2 59
-2 59
-2 59
-2 59
-2 59
-2 59
-2 59
-2 59
-2 59
-2 59
-2 59
-2 59
-2 59
-5 57
-5 57
-5 57
-5 57
-5 57
-5 57
-5 57
-5 57
-5 57
-5 57
-5 57
-5 57
-5 57
-5 57
-5 60
-5 60
-5 60
-5 60
-5 60
-5 60
-5 60
-5 60
-5 60
-5 60
-5 60
-5 60
-5 60
-5 60
-5 60
-5 60
-5 60
-5 60
-5 60
-5 60
-5 60
-3 58
-3 58
-3 58
-3 58
-3 58
-3 58
-3 58
-3 58
-3 58
-3 58
-3 58
-3 58
-3 58
-3 58
-3 58
-3 58
-3 58
-3 58
-3 58
-3 58
-3 58
-3 58
-3 58
-3 58
-3 58
-3 58
-3 58
-3 58
-3 58
-3 58
-3 58
-3 58
-3 58
-3 58
-3 58
-3 58
-3 58
-3 58
-3 58
-3 58
-3 58
-3 58
-3 58
-3 58
-3 58
-3 58
-3 58
-3 58
-3 58
-3 58
-3 58
-3 58
-3 58
-3 58
-3 58
-3 58
-3 58
-3 58
-3 58
-3 58
-3 58
-3 58
-3 58
-3 58
-3 58
-3 58
-3 58
-3 58
-3 58
-3 58
-3 58
-3 58
-3 58
-3 58
-3 58
-3 58
-3 58
2 55
2 55
2 55
2 55
2 55
2 55
2 55
2 55
2 55
2 55
2 55
2 55
2 55
2 55
2 55
2 55
1 56
1 56
1 56
1 56
1 56
1 56
1 56
1 56
1 56
1 56
1 56
1 56
1 56
1 56
3 56
3 56
3 56
3 56
3 56
3 56
3 56
3 56
3 56
3 56
3 56
3 56
3 56
3 56
3 56
3 56
7 51
7 51
7 51
7 51
7 51
7 51
7 51
7 51
7 51
7 51
7 51
7 51
7 51
7 51
7 51
7 51
7 51
7 51
7 51
7 51
7 51
7 51
7 51
7 51
7 51
7 51
7 51
7 51
7 51
7 51
7 51
7 51
7 51
-1 54
-1 54
-1 54
-1 54
-1 54
-1 54
-1 54
-1 54
-1 54
-1 54
-1 54
-1 54
-1 54
-1 54
-1 54
-1 54
-1 54
-1 54
-1 54
-1 54
-1 54
-1 54
-1 54
-1 54
-1 54
-1 54
-1 54
-1 54
-1 54
-1 54
-1 54
-1 54
-1 54
-1 54
-1 54
7 54
7 54
7 54
7 54
7 54
7 54
7 54
7 54
7 54
7 54
7 54
7 54
7 54
7 54
7 54
7 54
7 54
7 54
7 54
7 54
7 54
7 54
7 54
7 54
7 54
7 54
7 54
7 54
7 54
7 54
7 54
7 54
7 54
7 54
7 54
1 53
1 53
1 53
1 53
1 53
1 53
1 53
1 53
1 53
1 53
1 53
1 53
1 53
1 53
1 53
1 53
1 53
1 53
1 53
1 53
1 53
1 53
1 53
1 53
1 53
1 53
1 53
1 53
1 53
1 53
1 53
1 53
1 53
4 53
4 53
4 53
4 53
4 53
4 53
4 53
4 53
4 53
4 53
4 53
4 53
4 53
4 53
4 53
4 53
4 53
4 53
5 55
5 55
5 55
5 55
5 55
5 55
5 55
5 55
5 55
5 55
5 55
5 55
5 55
5 55
5 55
5 55
8 51
8 51
8 51
8 51
8 51
8 51
8 51
8 51
8 51
8 51
8 51
8 51
8 51
8 51
8 51
8 51
8 51
8 51
8 51
8 51
8 51
8 51
8 51
8 51
8 51
8 51
8 51
8 51
8 51
8 51
8 51
8 51
8 51
8 51
8 51
4 45
4 45
4 45
4 45
4 45
4 45
4 45
4 45
4 45
4 45
4 45
4 45
4 45
4 45
4 45
4 45
4 45
4 45
4 45
4 45
4 45
4 45
4 45
4 45
4 45
4 45
4 45
4 45
4 45
4 45
4 45
4 45
4 45
4 45
4 45
6 47
7 40
7 40
7 40
7 40
7 40
7 40
7 40
7 40
7 40
7 40
7 40
7 40
7 40
7 40
7 40
7 40
7 40
7 40
7 40
7 40
7 40
7 40
7 40
7 40
7 40
7 40
7 40
7 40
7 40
7 40
7 40
7 40
7 46
7 46
7 46
7 46
7 46
7 46
7 46
7 46
7 46
7 46
7 46
7 46
7 46
7 46
7 46
7 46
7 46
7 46
8 43
8 43
8 43
8 43
8 43
8 43
8 43
8 43
8 43
8 43
8 43
8 43
8 43
8 43
8 43
8 43
8 43
8 43
8 43
8 43
8 43
8 43
8 43
8 43
8 43
8 43
8 43
8 43
8 43
8 43
8 43
8 43
8 43
8 43
8 43
8 43
8 39
8 39
8 39
8 39
8 39
8 39
8 39
8 39
8 39
8 39
8 39
8 39
8 39
8 39
8 39
8 39
8 39
11 43
11 43
11 43
11 43
11 43
11 43
11 43
11 43
11 43
11 43
11 43
11 43
11 43
11 43
11 43
11 43
11 43
11 43
11 43
11 43
11 43
11 43
11 43
11 43
11 43
11 43
11 43
11 43
11 43
11 43
11 43
11 43
11 43
11 43
11 43
11 43
11 43
20 40
20 40
20 40
20 40
20 40
20 40
20 40
20 40
20 40
20 40
20 40
20 40
20 40
20 40
20 40
20 40
20 40
20 40
20 40
20 40
20 40
20 40
20 40
20 40
20 40
20 40
20 40
20 40
20 40
20 40
20 40
20 40
20 40
20 40
20 40
20 40
20 40
20 40
20 40
20 40
20 40
20 40
20 40
20 40
20 40
20 40
20 40
20 40
20 40
20 40
20 40
20 41
20 41
20 41
20 41
20 41
20 41
20 41
20 41
20 41
20 41
20 41
20 41
20 41
20 41
20 41
20 41
20 41
20 41
20 41
20 41
20 41
20 41
20 41
20 41
20 41
20 41
20 41
20 41
20 41
20 41
20 41
19 40
19 40
19 40
19 40
19 40
19 40
19 40
19 40
19 40
19 40
19 40
19 40
19 40
19 40
19 40
19 40
19 40
19 40
19 40
19 40
19 40
19 40
19 40
19 40
19 40
19 40
19 40
19 40
19 40
19 40
19 40
14 38
14 38
14 38
14 38
14 38
14 38
14 38
14 38
14 38
14 38
14 38
14 38
14 38
14 38
14 38
20 42
20 42
20 42
20 42
20 42
20 42
20 42
20 42
20 42
20 42
20 42
20 42
20 42
20 42
20 42
20 42
20 42
23 46
23 46
23 46
23 46
23 46
23 46
23 46
23 46
23 46
23 46
23 46
23 46
23 46
23 46
23 46
23 46
23 46
22 42
22 42
22 42
22 42
22 42
22 42
22 42
22 42
22 42
22 42
22 42
22 42
22 42
22 42
22 42
22 42
22 42
22 42
22 42
22 42
22 42
22 42
22 42
22 42
22 42
22 42
22 42
22 42
22 42
22 42
22 42
22 42
22 42
22 42
22 42
22 42
22 42
22 42
22 42
22 42
22 42
22 42
22 42
22 42
22 42
22 42
22 42
22 42
22 42
22 42
22 42
21 38
21 38
21 38
21 38
21 38
21 38
21 38
21 38
21 38
21 38
21 38
21 38
21 38
21 38
21 38
21 38
21 38
21 38
21 38
21 38
21 38
21 38
21 38
21 38
21 38
21 38
21 38
21 38
21 38
21 38
21 38
21 38
21 38
21 38
21 38
37 42
37 42
37 42
37 42
37 42
37 42
37 42
37 42
37 42
37 42
37 42
37 42
37 42
37 42
37 42
37 42
37 42
37 42
37 42
37 42
37 42
37 42
37 42
37 42
37 42
37 42
37 42
37 42
37 42
37 42
37 42
37 42
37 42
37 42
37 42
37 42
37 42
29 39
29 39
37 32
37 32
37 32
37 32
37 32
37 32
37 32
37 32
37 32
37 32
37 32
37 32
37 32
37 32
37 32
37 32
37 32
37 32
37 32
37 32
37 32
37 32
37 32
37 32
37 32
37 32
37 32
37 32
37 32
37 32
37 32
37 32
37 32
37 32
37 32
37 32
37 32
37 32
23 20
23 20
23 20
23 20
23 20
23 20
23 20
23 20
23 20
23 20
23 20
23 20
23 20
23 20
23 20
23 20
23 20
23 20
23 20
23 20
23 20
34 29
34 29
34 29
34 29
34 29
34 29
34 29
34 29
34 29
34 29
34 29
34 29
34 29
34 29
34 29
34 29
34 29
34 29
34 29
34 29
34 29
34 29
34 29
34 29
34 29
34 29
34 29
34 29
34 29
34 29
34 29
34 29
34 29
34 29
34 29
34 29
34 29
34 29
41 17
41 17
41 17
41 17
41 17
41 17
41 17
41 17
41 17
41 17
41 17
41 17
41 17
41 17
41 17
41 17
41 17
41 17
41 17
41 17
41 17
41 17
41 17
41 17
41 17
41 17
41 17
41 17
41 17
41 17
41 17
41 17
41 17
41 17
41 17
41 17
41 17
41 17
44 25
46 26
46 26
46 26
46 26
46 26
46 26
46 26
46 26
46 26
46 26
46 26
46 26
46 26
46 26
46 26
46 26
46 26
46 26
46 26
46 26
46 26
46 26
46 26
46 26
46 26
46 26
46 26
46 26
46 26
46 26
46 26
46 26
46 26
46 26
46 26
46 26
46 26
46 26
46 26
46 26
46 26
46 26
46 26
46 26
46 26
46 26
46 26
46 26
46 26
46 26
46 26
46 26
46 26
46 26
46 26
46 26
44 20
44 20
44 20
44 20
44 20
44 20
44 20
44 20
44 20
44 20
44 20
44 20
44 20
44 20
44 20
44 20
44 20
44 20
53 19
48 24
48 24
48 24
48 24
48 24
48 24
48 24
48 24
48 24
48 24
48 24
48 24
48 24
48 24
48 24
48 24
48 24
48 24
48 24
48 24
48 24
48 24
48 24
48 24
48 24
48 24
48 24
48 24
48 24
48 24
48 24
48 24
48 24
48 24
48 24
48 24
54 18
54 18
54 18
54 18
54 18
54 18
54 18
54 18
54 18
54 18
54 18
54 18
54 18
54 18
54 18
54 18
54 18
54 18
54 18
54 18
54 18
54 18
54 18
54 18
54 18
54 18
54 18
54 18
54 18
65 17
57 14
57 14
57 14
57 14
57 14
57 14
57 14
57 14
57 14
57 14
57 14
57 14
57 14
57 14
57 14
57 14
57 14
57 14
57 14
57 14
57 14
57 14
57 14
57 14
57 14
57 14
57 14
57 14
57 14
57 14
65 17
65 17
65 17
65 17
65 17
65 17
65 17
65 17
65 17
65 17
65 17
65 17
65 17
65 17
65 17
65 17
65 17
65 17
65 17
65 17
65 17
65 17
65 17
65 17
65 17
65 17
65 17
65 17
65 17
65 17
65 17
65 17
65 17
65 17
65 17
65 17
65 17
65 17
65 17
65 17
65 17
65 17
65 17
65 17
65 17
65 17
65 17
65 17
65 17
65 17
65 17
65 17
65 17
74 13
76 13
76 13
76 13
76 13
76 13
76 13
76 13
76 13
76 13
76 13
76 13
76 13
76 13
76 13
76 13
76 13
76 13
76 13
76 13
76 13
76 13
76 13
76 13
76 13
76 13
76 13
76 13
76 13
76 13
76 13
76 13
76 13
76 13
76 13
76 13
80 7
81 8
81 8
81 8
81 8
81 8
81 8
81 8
81 8
81 8
81 8
81 8
81 8
81 8
81 8
81 8
81 8
81 8
81 8
81 8
81 8
81 8
81 8
81 8
81 8
81 8
81 8
81 8
81 8
81 8
81 8
81 8
81 8
81 8
81 8
81 8
81 8
81 8
89 4
89 4
89 4
89 4
89 4
89 4
89 4
89 4
89 4
89 4
89 4
89 4
89 4
89 4
89 4
85 2
85 2
85 2
85 2
85 2
85 2
85 2
85 2
85 2
85 2
85 2
85 2
85 2
85 2
85 2
85 2
85 2
85 2
85 2
85 2
85 2
85 2
85 2
85 2
85 2
85 2
85 2
85 2
85 2
85 2
85 2
85 2
85 2
85 2
85 2
85 2
85 2
85 2
85 2
85 2
85 2
85 2
85 2
95 -4
95 -4
95 -4
95 -4
95 -4
95 -4
95 -4
95 -4
95 -4
95 -4
95 -4
95 -4
95 -4
95 -4
95 -4
95 -4
95 -4
95 -4
95 -4
95 -4
95 -4
95 -4
95 -4
95 -4
95 -4
95 -4
95 -4
95 -4
95 -4
95 -4
95 -4
95 -4
95 -4
95 -4
100 -5
100 -5
100 -5
100 -5
100 -5
100 -5
100 -5
100 -5
100 -5
100 -5
100 -5
100 -5
100 -5
100 -5
100 -5
92 -12
92 -12
92 -12
92 -12
92 -12
92 -12
92 -12
92 -12
92 -12
92 -12
92 -12
92 -12
92 -12
92 -12
92 -17
92 -17
92 -17
92 -17
92 -17
92 -17
92 -17
92 -17
92 -17
92 -17
92 -17
92 -17
92 -17
92 -17
92 -17
92 -17
92 -17
92 -17
92 -17
92 -17
92 -17
92 -17
92 -17
92 -17
92 -17
92 -17
92 -17
92 -17
92 -17
92 -17
92 -17
92 -19
92 -19
92 -19
92 -19
92 -19
92 -19
92 -19
92 -19
92 -19
92 -19
92 -19
92 -19
92 -19
92 -19
92 -19
92 -19
92 -19
92 -19
92 -19
92 -19
92 -19
92 -19
92 -19
92 -19
92 -19
92 -19
92 -19
92 -19
92 -19
92 -19
92 -19
92 -19
92 -19
92 -19
92 -19
92 -19
92 -19
92 -19
92 -19
92 -19
92 -19
92 -19
92 -19
92 -19
92 -19
92 -19
92 -19
92 -19
100 -32
87 -32
87 -32
87 -32
87 -32
87 -32
87 -32
87 -32
87 -32
87 -32
87 -32
87 -32
87 -32
87 -32
87 -32
87 -32
89 -38
89 -38
89 -38
89 -38
89 -38
89 -38
89 -38
89 -38
89 -38
89 -38
89 -38
89 -38
89 -38
89 -38
89 -38
89 -38
89 -38
89 -38
89 -38
89 -38
89 -38
89 -38
89 -38
89 -38
89 -38
89 -38
89 -38
89 -38
89 -38
89 -38
89 -38
79 -43
79 -43
79 -43
79 -43
79 -43
79 -43
79 -43
79 -43
79 -43
79 -43
79 -43
79 -43
79 -43
79 -43
79 -43
79 -43
79 -43
79 -43
79 -43
79 -43
79 -43
79 -43
79 -43
79 -43
79 -43
79 -43
79 -43
79 -43
79 -43
79 -43
79 -43
79 -43
79 -43
87 -61
87 -61
87 -61
87 -61
87 -61
87 -61
87 -61
87 -61
87 -61
87 -61
87 -61
87 -61
87 -61
87 -61
87 -61
87 -61
87 -61
87 -61
65 -54
65 -54
65 -54
65 -54
65 -54
65 -54
65 -54
65 -54
65 -54
65 -54
65 -54
65 -54
65 -54
65 -54
65 -54
65 -54
65 -54
65 -54
65 -54
65 -54
65 -54
65 -54
65 -54
65 -54
65 -54
65 -54
65 -54
65 -54
65 -54
65 -54
65 -54
65 -54
65 -54
65 -54
65 -54
65 -54
65 -54
65 -54
72 -72
72 -72
72 -72
72 -72
72 -72
72 -72
72 -72
72 -72
72 -72
72 -72
72 -72
72 -72
72 -72
72 -72
72 -72
72 -72
72 -72
72 -72
72 -72
72 -72
72 -72
72 -72
72 -72
72 -72
72 -72
72 -72
72 -72
72 -72
72 -72
72 -72
72 -72
72 -72
72 -72
72 -72
72 -72
72 -72
72 -72
72 -72
50 -58
50 -58
50 -58
50 -58
50 -58
50 -58
50 -58
50 -58
50 -58
50 -58
50 -58
50 -58
50 -58
50 -58
50 -58
50 -58
50 -58
50 -58
50 -58
47 -62
47 -62
47 -62
47 -62
47 -62
47 -62
47 -62
47 -62
47 -62
47 -62
47 -62
47 -62
47 -62
47 -62
47 -62
47 -62
49 -73
49 -73
49 -73
49 -73
49 -73
49 -73
49 -73
49 -73
49 -73
49 -73
49 -73
49 -73
49 -73
49 -73
49 -73
49 -73
49 -73
37 -75
37 -75
37 -75
37 -75
37 -75
37 -75
37 -75
37 -75
37 -75
37 -75
37 -75
37 -75
37 -75
37 -75
37 -75
37 -75
37 -75
37 -75
37 -75
37 -75
37 -75
37 -75
37 -75
37 -75
37 -75
37 -75
37 -75
37 -75
37 -75
37 -75
37 -75
37 -75
37 -75
37 -75
37 -75
37 -75
37 -75
37 -75
37 -75
37 -75
37 -75
37 -75
37 -75
37 -75
37 -75
37 -75
37 -75
37 -75
37 -75
40 -68
40 -68
40 -68
40 -68
40 -68
40 -68
40 -68
40 -68
40 -68
40 -68
40 -68
40 -68
40 -68
40 -68
40 -68
40 -68
40 -68
40 -68
40 -68
40 -68
40 -68
40 -68
40 -68
40 -68
40 -68
40 -68
40 -68
40 -68
40 -68
40 -68
40 -68
40 -68
40 -68
40 -68
40 -68
40 -68
40 -68
40 -68
40 -85
40 -85
40 -85
40 -85
40 -85
40 -85
40 -85
40 -85
40 -85
40 -85
40 -85
40 -85
40 -85
40 -85
40 -85
40 -85
40 -85
35 -87
35 -87
35 -87
35 -87
35 -87
35 -87
35 -87
35 -87
35 -87
35 -87
35 -87
35 -87
35 -87
35 -87
35 -87
35 -87
35 -87
35 -87
35 -87
35 -87
35 -87
35 -87
35 -87
35 -87
35 -87
35 -87
35 -87
35 -87
35 -87
35 -87
35 -87
35 -87
35 -87
35 -87
37 -85
37 -85
37 -85
37 -85
37 -85
37 -85
37 -85
37 -85
37 -85
37 -85
37 -85
37 -85
37 -85
37 -85
37 -85
37 -85
37 -85
37 -85
37 -85
37 -85
37 -85
37 -85
37 -85
37 -85
37 -85
37 -85
37 -85
37 -85
37 -85
37 -85
37 -85
37 -85
37 -85
37 -85
37 -85
37 -85
37 -85
37 -85
37 -85
37 -85
37 -85
37 -85
37 -85
37 -85
37 -85
37 -85
39 -88
39 -88
39 -88
39 -88
39 -88
39 -88
39 -88
39 -88
39 -88
39 -88
39 -88
39 -88
39 -88
39 -88
39 -88
39 -88
39 -88
39 -88
39 -88
39 -88
39 -88
39 -88
39 -88
39 -88
39 -88
39 -88
39 -88
39 -88
39 -88
39 -88
39 -88
39 -88
39 -88
39 -88
39 -88
39 -88
39 -88
39 -88
39 -88
39 -88
39 -88
39 -88
39 -88
39 -88
39 -88
39 -88
39 -88
39 -88
39 -88
39 -88
39 -88
39 -88
39 -88
39 -88
39 -88
39 -88
39 -88
39 -88
39 -88
39 -88
39 -88
39 -88
39 -88
39 -88
39 -88
39 -88
39 -88
39 -88
39 -88
39 -88
39 -88
39 -88
39 -88
39 -88
39 -88
39 -88
39 -88
39 -88
39 -88
39 -88
39 -88
39 -88
39 -88
39 -88
39 -88
39 -88
39 -88
39 -88
39 -88
35 -75
35 -71
32 -75
32 -75
32 -75
32 -75
32 -75
32 -75
32 -75
32 -75
32 -75
32 -75
32 -75
32 -75
32 -75
32 -75
32 -75
32 -75
32 -75
32 -75
32 -75
32 -75
32 -75
32 -75
32 -75
32 -75
32 -75
32 -75
32 -75
32 -75
32 -75
32 -75
32 -75
32 -75
29 -77
29 -77
29 -77
29 -77
29 -77
29 -77
29 -77
29 -77
29 -77
29 -77
29 -77
29 -77
29 -77
29 -77
29 -77
29 -77
29 -77
29 -77
29 -77
29 -77
29 -77
29 -77
29 -77
29 -77
29 -77
29 -77
29 -77
29 -77
29 -77
29 -77
29 -71
31 -68
31 -68
31 -68
31 -68
31 -68
31 -68
31 -68
31 -68
31 -68
31 -68
31 -68
31 -68
31 -68
31 -68
31 -68
31 -68
31 -68
31 -68
31 -68
31 -68
31 -68
31 -68
31 -68
31 -68
31 -68
31 -68
31 -68
31 -68
31 -68
31 -68
31 -68
31 -68
31 -68
31 -68
31 -68
31 -68
31 -68
19 -68
19 -68
19 -68
19 -68
19 -68
19 -68
19 -68
19 -68
19 -68
19 -68
19 -68
19 -68
19 -68
19 -68
19 -68
19 -68
19 -68
19 -68
19 -68
19 -68
19 -68
19 -68
19 -68
19 -68
19 -68
19 -68
19 -68
19 -68
19 -68
19 -68
19 -68
19 -68
19 -68
19 -68
19 -68
19 -68
11 -55
11 -55
11 -55
11 -55
11 -55
11 -55
11 -55
11 -55
11 -55
11 -55
11 -55
11 -55
11 -55
11 -55
11 -55
11 -55
11 -55
11 -55
11 -55
11 -55
11 -55
11 -55
11 -55
11 -55
11 -55
11 -55
11 -55
11 -55
11 -55
11 -55
11 -55
11 -55
11 -55
11 -55
11 -55
11 -55
11 -55
11 -55
11 -55
11 -55
11 -55
11 -55
11 -55
11 -55
11 -55
11 -55
11 -55
11 -55
11 -55
11 -55
11 -55
11 -55
11 -55
7 -50
10 -44
10 -44
10 -44
10 -44
10 -44
10 -44
10 -44
10 -44
10 -44
10 -44
10 -44
10 -44
10 -44
10 -44
10 -44
10 -44
10 -44
10 -44
10 -44
10 -44
10 -44
10 -44
10 -44
10 -44
10 -44
10 -44
10 -44
10 -44
10 -44
10 -44
10 -44
10 -44
10 -44
8 -38
8 -38
8 -38
8 -38
8 -38
8 -38
8 -38
8 -38
8 -38
8 -38
8 -38
8 -38
8 -38
8 -38
8 -38
8 -38
8 -38
8 -38
8 -38
8 -38
8 -38
8 -38
8 -38
8 -38
8 -38
8 -38
8 -38
8 -38
8 -38
8 -38
8 -38
8 -38
8 -38
8 -38
2 -31
2 -31
2 -31
2 -31
2 -31
2 -31
2 -31
2 -31
2 -31
2 -31
2 -31
2 -31
2 -31
2 -31
2 -31
2 -31
2 -31
2 -31
2 -31
2 -31
2 -31
2 -31
2 -31
2 -31
2 -31
2 -31
2 -31
2 -31
2 -31
2 -31
2 -31
2 -31
2 -31
2 -31
2 -31
2 -31
2 -31
2 -31
2 -31
2 -31
2 -31
4 -29
4 -29
4 -29
4 -29
4 -29
4 -29
4 -29
4 -29
4 -29
4 -29
4 -29
4 -29
4 -29
4 -29
4 -29
4 -29
4 -29
4 -29
3 -24
3 -24
3 -24
3 -24
3 -24
3 -24
3 -24
3 -24
3 -24
3 -24
3 -24
3 -24
3 -24
3 -24
3 -24
3 -24
3 -24
3 -24
3 -24
3 -24
3 -24
3 -24
3 -24
3 -24
3 -24
3 -24
3 -24
3 -24
3 -24
3 -24
3 -24
3 -24
3 -24
3 -24
3 -24
3 -24
3 -24
3 -24
3 -24
3 -24
3 -24
3 -24
3 -24
3 -24
3 -24
3 -24
3 -24
3 -24
3 -24
3 -24
3 -24
3 -24
3 -24
3 -24
0 -14
0 -14
0 -14
0 -14
0 -14
0 -14
0 -14
0 -14
0 -14
0 -14
0 -14
0 -14
0 -14
0 -14
0 -14
0 -14
0 -14
0 -14
0 -14
0 -14
0 -14
0 -14
0 -14
0 -14
0 -14
0 -14
0 -14
0 -14
0 -14
0 -14
0 -14
0 -14
0 -14
0 -14
0 -14
0 -14
0 -14
3 -6
3 -6
3 -6
3 -6
3 -6
3 -6
3 -6
3 -6
3 -6
3 -6
3 -6
3 -6
3 -6
3 -6
3 -6
3 -6
3 -6
3 -6
3 -6
2 -6
2 -6
2 -6
2 -6
2 -6
2 -6
2 -6
2 -6
2 -6
2 -6
2 -6
2 -6
2 -6
2 -6
2 -6
2 -6
2 -6
2 -6
2 0
2 0
2 0
2 0
2 0
2 0
2 0
2 0
2 0
2 0
2 0
2 0
2 0
2 0
2 0
2 0
2 0
0 1
0 1
0 1
0 1
0 1
0 1
0 1
0 1
0 1
0 1
0 1
0 1
0 1
0 1
0 1
0 1
0 1
0 1
0 1
0 1
0 1
0 1
0 1
0 1
0 1
0 1
0 1
0 1
0 1
0 1
0 1
0 1
0 1
0 1
0 1
0 1
0 1
0 1
0 1
0 1
0 1
0 1
0 1
0 1
0 1
0 1
0 1
0 1
0 1
0 1
0 1
0 1
0 1
0 1
0 1
0 1
0 1
0 1
0 1
0 1
0 1
0 1
0 1
0 1
0 1
0 1
0 1
0 1
0 1
0 1
0 1
0 1
0 1
0 1
0 1
0 1
0 1
0 1
0 1
0 1
0 1
0 1
0 1
0 1
0 1
0 1
0 1
0 1
0 1
0 1
0 1
0 1
0 1
0 1
0 1
0 1
0 1
0 1
0 1
0 1
0 1
0 1
0 1
0 1
0 1
0 1
0 1
0 1
0 1
0 1
0 1
0 1
0 1
0 1
0 1
0 1
0 1
0 1
0 1
0 1
0 1
0 1
0 1
0 1
0 1
0 1
0 1
0 1
0 1
0 1
0 1
0 1
0 1
0 1
0 1
0 1
0 1
0 1
0 1
0 1
0 1
0 1
0 1
0 1
0 1
0 1
0 1
0 1
0 1
0 1
0 1
0 1
0 1
0 1
0 1
0 1
0 1
0 1
0 1
0 1
0 1
0 1
-1 0
-1 0
-1 0
-1 0
-1 0
-1 0
-1 0
-1 0
-1 0
-1 0
-1 0
-1 0
-1 0
-1 0
-1 0
-1 0
-1 0
-1 0
-1 0
-1 0
-1 0
-1 0
-1 0
-1 0
-1 0
-1 0
-1 0
-1 0
-1 0
-1 0
-1 0
-1 0
-1 0
-1 0
-1 0
-1 0
-1 0
-1 0
-1 0
-1 0
-1 0
-1 0
-1 0
-1 0
-1 0
-1 0
-1 0
-1 0
-1 0
-1 0
-1 0
-1 0
-1 0
-1 0
-1 0
-1 0
-1 0
-1 0
-1 0
-1 0
-1 0
-1 0
-1 0
-1 0
-1 0
-1 0
-1 0
-1 0
-1 0
-1 0
-1 0
-1 0
-1 0
-1 0
-1 0
-1 0
-1 0
-1 0
-1 0
-1 0
-1 0
-1 0
-1 0
-1 0
-1 0
-1 0
-1 0
-1 0
-1 0
-1 0
-1 0
-1 0
-1 0
-1 0
-1 0
-1 0
-1 0
-1 0
-1 0
-1 0
-1 0
-1 0
-1 0
-1 0
-1 0
-1 0
-1 0
-1 0
-1 0
-1 0
-1 0
-1 0
-1 0
-1 0
-1 0
-1 0
-1 0
-1 0
-1 0
-1 0
-1 0
-1 0
-1 0
-1 0
-1 0
-1 0
-1 0
-1 0
-1 0
-1 0
-1 0
-1 0
-1 0
-1 0
-1 0
-1 0
-1 0
-1 0
-1 0
-1 0
-1 0
-1 0
-1 0
-1 0
-1 0
-1 0
-1 0
-1 0
-1 0
-1 0
-1 0
-1 0
-1 0
-1 0
-1 0
-1 0
-1 0
-1 0
-1 0
-1 0
-1 0
-1 0
-1 0
-1 0
-1 0
-1 0
-1 0
-1 0
-1 0
-1 0
-1 0
-1 0
-1 0
-1 0
0 3
0 3
0 3
0 3
0 3
0 3
0 3
0 3
0 3
0 3
0 3
0 3
0 3
0 3
0 3
0 3
0 3
3 2
3 2
3 2
3 2
3 2
3 2
3 2
3 2
3 2
3 2
3 2
3 2
3 2
3 2
3 2
3 2
3 2
3 2
3 2
3 2
3 2
3 2
3 2
3 2
3 2
3 2
3 2
3 2
3 2
3 2
3 2
3 2
3 2
3 2
3 2
3 2
3 2
7 1
7 1
7 1
7 1
7 1
7 1
7 1
7 1
7 1
7 1
7 1
7 1
7 1
7 1
7 1
7 1
7 -3
7 -3
7 -3
7 -3
7 -3
7 -3
7 -3
7 -3
7 -3
7 -3
7 -3
7 -3
7 -3
7 -3
7 -3
7 -3
7 -3
7 -3
7 -3
7 -1
7 -1
7 -1
7 -1
7 -1
7 -1
7 -1
7 -1
7 -1
7 -1
7 -1
7 -1
7 -1
7 -1
7 -1
7 -1
7 -1
7 -1
7 -1
7 -1
7 -1
7 -1
7 -1
7 -1
7 -1
7 -1
7 -1
7 -1
7 -1
7 -1
7 -1
7 -1
7 -1
7 -1
7 -1
7 -1
7 -1
3 -1
3 -1
3 -1
3 -1
3 -1
3 -1
3 -1
3 -1
3 -1
3 -1
3 -1
3 -1
3 -1
3 -1
3 -1
3 -1
3 -1
3 -1
3 -1
3 -1
3 -1
3 -1
3 -1
3 -1
3 -1
3 -1
3 -1
3 -1
3 -1
3 -1
3 -1
3 -1
3 -1
3 -1
3 -1
3 -1
3 -1
3 -1
3 -1
3 0
3 0
3 0
3 0
3 0
3 0
3 0
3 0
3 0
3 0
3 0
3 0
3 0
3 0
3 0
3 0
3 0
3 0
3 0
3 0
3 0
1 3
1 3
1 3
1 3
1 3
1 3
1 3
1 3
1 3
1 3
1 3
1 3
1 3
1 3
1 3
1 3
1 3
1 3
1 3
1 3
2 0
2 0
2 0
2 0
2 0
2 0
2 0
2 0
2 0
2 0
2 0
2 0
2 0
2 0
2 0
-2 0
-2 0
-2 0
-2 0
-2 0
-2 0
-2 0
-2 0
-2 0
-2 0
-2 0
-2 0
-2 0
-2 0
-2 0
-2 0
-2 0
-2 0
-2 0
-2 0
-2 0
-2 0
-2 0
-2 0
-2 0
-2 0
-2 0
-2 0
-2 0
-2 0
-2 0
-2 0
-2 0
-2 0
-2 0
-2 0
-2 0
-2 0
-2 0
-2 0
-2 0
-2 0
-2 0
-2 0
-2 0
-2 0
-2 0
-2 0
-2 0
-2 0
-2 0
-2 0
-2 0
-2 0
-2 0
-2 0
-2 0
-2 0
-2 0
-2 0
-2 0
-2 0
-2 0
-2 0
-2 0
-2 0
-2 0
-2 0
-2 0
-2 0
-2 0
-2 0
-2 0
-2 0
-2 0
-2 0
-2 0
-2 0
-2 0
-2 0
-2 0
-2 0
-2 0
-2 0
-2 0
-2 0
-2 0
-2 0
-2 0
-2 0
-2 0
-2 0
-2 2
-2 2
-5 0
-5 0
-5 0
-5 0
-5 0
-5 0
-5 0
-5 0
-5 0
-5 0
-5 0
-5 0
-5 0
-5 0
-5 0
-5 0
-5 0
-6 2
-6 2
-6 2
-6 2
-6 2
-6 2
-6 2
-6 2
-6 2
-6 2
-6 2
-6 2
-6 2
-6 2
-6 2
-6 2
-6 2
-7 2
-7 2
-7 2
-7 2
-7 2
-7 2
-7 2
-7 2
-7 2
-7 2
-7 2
-7 2
-7 2
-7 2
-7 2
-7 2
-7 2
-7 2
-7 2
-7 2
-7 2
-7 2
-7 2
-7 2
-7 2
-7 2
-7 2
-7 2
-7 2
-7 2
-7 2
-7 2
-7 2
-7 2
-7 2
-7 2
-7 2
-7 2
-7 2
-7 2
-7 2
-7 2
-7 2
-7 2
-7 2
-7 2
-7 2
-7 2
-7 2
-7 2
-7 2
-7 2
-7 2
-7 2
-7 2
-7 2
-7 2
-7 2
-4 3
-4 3
-4 3
-4 3
-4 3
-4 3
-4 3
-4 3
-4 3
-4 3
-4 3
-4 3
-4 3
-4 3
-4 3
-4 3
-4 3
-4 3
-4 3
-4 3
-4 3
-4 3
-4 3
-4 3
-4 3
-4 3
-4 3
-4 3
-4 3
-4 3
-4 3
-4 3
-4 3
-4 3
-4 3
-3 3
-3 3
-3 3
-3 3
-3 3
-3 3
-3 3
-3 3
-3 3
-3 3
-3 3
-3 3
-3 3
-3 3
-3 3
-3 3
-3 3
-3 3
-3 3
-1 2
-1 2
-1 2
-1 2
-1 2
-1 2
-1 2
-1 2
-1 2
-1 2
-1 2
-1 2
-1 2
-1 2
-1 2
-1 2
-1 2
-1 2
-3 0
-3 0
-3 0
-3 0
-3 0
-3 0
-3 0
-3 0
-3 0
-3 0
-3 0
-3 0
-3 0
-3 0
-3 0
-3 0
-3 0
-3 0
-3 0
-3 0
-3 0
-3 0
-3 0
-3 0
-3 0
-3 0
-3 0
-3 0
-3 0
-3 0
-3 0
-3 0
-3 0
-3 0
-3 0
-3 0
-3 0
0 -1
0 -1
0 -1
0 -1
0 -1
0 -1
0 -1
0 -1
0 -1
0 -1
0 -1
0 -1
0 -1
0 -1
0 -1
0 -1
0 -1
0 -1
0 -1
0 -1
0 -1
0 -1
0 -1
0 -1
0 -1
0 -1
0 -1
0 -1
0 -1
0 -1
0 -1
0 -1
0 -1
0 -1
0 -1
0 -1
0 -1
0 -1
0 -1
0 -1
0 -1
0 -1
0 -1
0 -1
0 -2
0 -2
-2 -1
-2 -1
-2 -1
-2 -1
-2 -1
-2 -1
-2 -1
-2 -1
-2 -1
-2 -1
-2 -1
-2 -1
-2 -1
-2 -1
-2 -1
-2 -1
-2 -1
-2 -1
-2 -1
-2 -1
-2 -1
-2 -1
-2 -1
-2 -1
-2 -1
-2 -1
-2 -1
-2 -1
-2 -1
-2 -1
-2 -1
-2 -1
-2 -1
-2 -1
-2 -1
-2 -1
-2 -1
-2 -1
-2 -1
-2 -1
-2 -1
-2 -1
-2 -1
-2 -1
-2 -1
-2 -1
-2 -1
-2 -1
-2 -1
-2 -1
-2 -1
-2 -1
-2 -1
-2 -1
-2 -1
-2 -1
-2 -1
-2 -1
-2 -1
-2 -1
-2 -1
-2 -1
-2 -1
-2 -1
-2 -1
-2 -1
-2 -1
-2 -1
-2 -1
-2 -1
-2 -1
-2 -1
-6 0
-7 4
-7 4
-7 4
-7 4
-7 4
-7 4
-7 4
-7 4
-7 4
-7 4
-7 4
-7 4
-7 4
-7 4
-7 4
-7 4
-7 4
-7 4
-7 4
-7 4
-7 4
-7 4
-7 4
-7 4
-7 4
-7 4
-7 4
-7 4
-7 4
-7 4
-7 4
-7 4
-7 4
-7 4
-7 4
-7 4
-7 4
-7 4
-7 4
-7 4
-7 4
-7 4
-7 4
-7 4
-7 4
-7 4
-7 4
-7 4
-7 4
-7 4
-9 4
-9 4
-9 4
-9 4
-9 4
-9 4
-9 4
-9 4
-9 4
-9 4
-9 4
-9 4
-9 4
-9 4
-9 4
-9 4
-9 4
-9 4
-9 4
-9 4
-9 4
-9 4
-9 4
-9 4
-9 4
-9 4
-9 4
-9 4
-9 4
-9 4
-9 4
-9 4
-9 4
-9 4
-9 4
-9 4
-9 4
-9 4
-9 4
-9 4
-9 4
-9 4
-9 4
-9 4
-9 4
-9 4
-9 4
-9 4
-9 4
-9 4
-9 4
-9 4
-9 4
-9 4
-9 4
-9 4
-9 4
-9 4
-9 4
-9 4
-9 4
-9 4
-9 4
-9 4
-9 4
-9 4
-9 4
-9 4
-9 4
-9 4
-9 4
-9 4
-9 4
-9 4
-9 4
-9 4
-9 4
-9 4
-9 4
-9 4
-9 4
-9 4
-9 4
-9 4
-9 4
-9 4
-9 4
-9 4
-9 4
-9 4
-9 4
-5 3
-4 2
-4 2
-4 2
-4 2
-4 2
-4 2
-4 2
-4 2
-4 2
-4 2
-4 2
-4 2
-4 2
-4 2
-4 2
-4 2
-4 2
-4 2
-4 2
-4 2
-4 2
-4 2
-4 2
-4 2
-4 2
-4 2
-4 2
-4 2
-4 2
-4 2
-4 2
-4 2
-4 2
-4 2
-4 2
-4 2
-4 2
-4 2
-4 2
-4 2
-4 2
-4 2
-4 2
-4 2
-4 2
-4 2
-4 2
-4 2
-4 2
-4 2
-4 2
-4 2
-4 2
-4 2
-4 2
-4 2
-4 2
-4 2
-4 2
-4 2
-4 2
-4 2
-4 2
-4 2
-4 2
-4 2
-4 2
-3 1
-3 1
-3 1
-3 1
-3 1
-3 1
-3 1
-3 1
-3 1
-3 1
-3 1
-3 1
-3 1
-3 1
-3 1
-3 1
-2 1
-2 1
-2 1
-2 1
-2 1
-2 1
-2 1
-2 1
-2 1
-2 1
-2 1
-2 1
-2 1
-2 1
-1 1
-1 1
-1 1
-1 1
-1 1
-1 1
-1 1
-1 1
-1 1
-1 1
-1 1
-1 1
-1 1
-1 1
-1 1
-1 1
-1 1
-1 1
-1 1
-1 1
-1 1
-1 1
-1 1
-1 1
-1 1
-1 1
-1 1
-1 1
-1 1
-1 1
-1 1
-1 1
-1 1
-1 1
-1 1
-1 1
-1 1
-1 1
-1 1
-1 1
-1 1
-1 1
-1 1
-1 1
-1 1
1 2
1 2
1 2
1 2
1 2
1 2
1 2
1 2
1 2
1 2
1 2
1 2
1 2
1 2
1 2
1 2
1 2
1 2
1 2
1 2
1 2
1 2
1 2
1 2
1 2
1 2
1 2
1 2
1 2
1 2
1 2
1 2
0 2
0 2
0 2
0 2
0 2
0 2
0 2
0 2
0 2
0 2
0 2
0 2
0 2
0 2
0 2
0 2
0 2
0 2
0 2
0 2
0 2
0 2
0 2
0 2
0 2
0 2
0 2
0 2
0 2
0 2
0 2
0 2
0 2
0 2
0 2
0 2
0 2
0 2
0 2
0 2
0 2
0 2
0 2
0 2
0 2
0 2
0 2
0 2
0 2
0 2
0 2
0 2
0 2
0 2
0 2
0 2
0 2
0 2
0 2
0 2
0 2
0 2
0 2
0 2
0 2
0 2
0 2
0 2
0 2
0 2
0 2
0 2
0 2
0 2
0 2
0 2
0 2
0 2
0 2
0 2
0 2
0 2
0 2
0 2
0 2
0 2
0 2
0 2
0 2
0 2
0 2
0 1
-2 1
-2 1
-2 1
-2 1
-2 1
-2 1
-2 1
-2 1
-2 1
-2 1
-2 1
-2 1
-2 1
-2 1
-2 1
-2 1
-2 1
-2 1
-2 1
-2 1
-2 1
-2 1
-2 1
-2 1
-2 1
-2 1
-2 1
-2 1
-2 1
-2 1
-2 1
-2 1
-2 1
-2 1
-2 1
-2 1
-2 1
-2 1
-2 1
-2 1
-2 1
-2 1
-2 1
-2 1
-2 1
-2 1
-2 1
-2 1
-2 1
-9 2
-9 2
-9 2
-9 2
-9 2
-9 2
-9 2
-9 2
-9 2
-9 2
-9 2
-9 2
-9 2
-9 2
-9 2
-9 2
-7 4
-7 4
-7 4
-7 4
-7 4
-7 4
-7 4
-7 4
-7 4
-7 4
-7 4
-7 4
-7 4
-7 4
-7 4
-7 4
-7 4
-7 4
-7 4
-7 4
-7 4
-7 4
-7 4
-7 4
-7 4
-7 4
-7 4
-7 4
-7 4
-7 4
-7 4
-7 4
-7 4
-7 4
-7 4
-7 4
-7 4
-7 4
-7 4
-7 4
-7 4
-6 2
-6 2
-6 2
-6 2
-6 2
-6 2
-6 2
-6 2
-6 2
-6 2
-6 2
-6 2
-6 2
-6 2
-6 2
-6 2
-6 2
-6 2
-6 2
-6 2
-6 2
-6 2
-6 2
-6 2
-6 2
-6 2
-6 2
-6 2
-6 2
-6 2
-6 2
-6 2
-6 2
-6 2
-6 2
-6 2
-6 2
-6 2
-6 2
-6 2
-6 2
-6 2
-6 2
-6 2
-6 2
-6 2
-6 2
-6 2
-6 2
-6 2
-6 2
-6 2
-6 2
-6 2
-6 2
-6 2
-6 2
-6 2
-6 2
-6 2
-6 2
-6 2
-6 2
-6 2
-6 2
-6 2
-6 2
-6 2
-6 2
-6 2
-6 2
-6 2
-6 2
-6 2
-6 2
-6 2
-6 2
-5 0
0 -1
0 -1
0 -1
0 -1
0 -1
0 -1
0 -1
0 -1
0 -1
0 -1
0 -1
0 -1
0 -1
0 -1
0 -1
0 -1
0 -1
0 -1
0 -1
0 -1
0 -1
0 -1
0 -1
0 -1
0 -1
0 -1
0 -1
0 -1
0 -1
0 -1
0 -1
0 -1
0 -1
0 -1
0 -1
0 -1
0 -1
0 -1
2 0
2 0
2 0
2 0
2 0
2 0
2 0
2 0
2 0
2 0
2 0
2 0
2 0
2 0
2 0
7 2
7 2
7 2
7 2
7 2
7 2
7 2
7 2
7 2
7 2
7 2
7 2
7 2
7 2
7 2
7 2
7 2
7 2
0 5
0 5
0 5
0 5
0 5
0 5
0 5
0 5
0 5
0 5
0 5
0 5
0 5
0 5
0 5
0 5
0 5
0 5
0 4
0 4
0 4
0 4
0 4
0 4
0 4
0 4
0 4
0 4
0 4
0 4
0 4
0 4
0 4
0 4
0 4
0 4
0 4
0 4
0 4
0 4
0 4
0 4
0 4
0 4
0 4
0 4
0 4
0 4
0 4
0 4
0 4
0 4
0 4
0 4
0 4
0 4
0 4
0 4
0 4
0 4
0 4
0 4
0 4
0 4
0 4
0 4
0 4
-1 4
-3 2
-3 2
-3 2
-3 2
-3 2
-3 2
-3 2
-3 2
-3 2
-3 2
-3 2
-3 2
-3 2
-3 2
-3 2
-3 2
-3 2
-3 2
-3 2
-3 2
-3 2
-3 2
-3 2
-3 2
-3 2
-3 2
-3 2
-3 2
-3 2
-3 2
-3 2
-3 2
-3 2
-3 2
-3 2
-3 2
-3 2
-3 2
-3 2
-2 2
-2 2
-2 2
-2 2
-2 2
-2 2
-2 2
-2 2
-2 2
-2 2
-2 2
-2 2
-2 2
-2 2
-2 2
-2 2
-2 2
-2 2
-3 2
-3 2
-3 2
-3 2
-3 2
-3 2
-3 2
-3 2
-3 2
-3 2
-3 2
-3 2
-3 2
-3 2
-3 2
-3 2
-3 2
-3 2
-3 2
-4 3
-4 3
-4 3
-4 3
-4 3
-4 3
-4 3
-4 3
-4 3
-4 3
-4 3
-4 3
-4 3
-4 3
-4 3
-4 3
-4 3
-4 3
-4 3
-4 3
-4 3
-4 3
-4 3
-4 3
-4 3
-4 3
-4 3
-4 3
-4 3
-4 3
-4 3
-4 3
-4 3
-4 3
-4 3
-4 3
-4 3
-4 3
-4 3
-4 3
-4 3
-4 3
-4 3
-4 3
-4 3
-4 3
-4 3
-4 3
-4 3
-4 3
-4 3
-4 3
-4 3
-4 3
-4 3
-4 3
-1 1
0 1
0 1
0 1
0 1
0 1
0 1
0 1
0 1
0 1
0 1
0 1
0 1
0 1
0 1
0 1
0 1
0 1
0 1
0 1
0 1
0 1
0 1
0 1
0 1
0 1
0 1
0 1
0 1
0 1
0 1
0 1
0 1
0 1
0 1
0 1
0 1
0 1
0 1
0 1
0 1
0 1
0 1
0 1
0 1
0 1
0 1
0 1
0 1
0 1
0 1
0 1
0 1
-3 1
-3 1
-3 1
-3 1
-3 1
-3 1
-3 1
-3 1
-3 1
-3 1
-3 1
-3 1
-3 1
-3 1
-3 1
-3 1
-3 1
-3 1
-3 1
-1 1
-1 1
-1 1
-1 1
-1 1
-1 1
-1 1
-1 1
-1 1
-1 1
-1 1
-1 1
-1 1
-1 1
-1 1
-1 1
-1 1
-1 1
-1 1
-1 1
-1 1
-1 1
-1 1
-1 1
-1 1
-1 1
-1 1
-1 1
-1 1
-1 1
-1 1
-1 1
-1 1
-1 1
-4 0
-4 0
-4 0
-4 0
-4 0
-4 0
-4 0
-4 0
-4 0
-4 0
-4 0
-4 0
-4 0
-4 0
-4 0
-4 0
-4 0
-4 0
-4 0
-4 0
-4 0
-4 0
-4 0
-4 0
-4 0
-4 0
-4 0
-4 0
-4 0
-4 0
-4 0
-4 0
-4 0
-4 0
-4 0
-4 0
-4 0
-4 2
-6 2
-6 2
-6 2
-6 2
-6 2
-6 2
-6 2
-6 2
-6 2
-6 2
-6 2
-6 2
-6 2
-6 2
-6 2
-6 2
-6 2
-6 2
-6 2
-6 2
-6 2
-6 2
-6 2
-6 2
-6 2
-6 2
-6 2
-6 2
-6 2
-6 2
-6 2
-6 2
-6 2
-6 2
-6 2
-6 2
-6 2
-6 2
-6 2
-6 2
-6 2
-6 2
-6 2
-6 2
-6 2
-6 2
-6 2
-6 2
-6 2
-6 2
-6 2
-6 2
-6 2
-6 2
-7 1
-7 1
-7 1
-7 1
-7 1
-7 1
-7 1
-7 1
-7 1
-7 1
-7 1
-7 1
-7 1
-7 1
-7 1
-7 1
-7 1
-7 1
-7 1
-7 1
-7 1
-7 1
-7 1
-7 1
-7 1
-7 1
-7 1
-7 1
-7 1
-7 1
-7 1
-7 1
-7 1
-7 1
-7 1
-7 1
-7 1
-5 0
-5 0
-5 0
-5 0
-5 0
-5 0
-5 0
-5 0
-5 0
-5 0
-5 0
-5 0
-5 0
-5 0
-5 0
-5 0
-5 0
-5 0
-5 0
-5 0
-5 0
-5 0
-5 0
-5 0
-5 0
-5 0
-5 0
-5 0
-5 0
-5 0
-5 0
-5 0
-5 0
-5 0
-5 0
-3 -2
-3 -2
-3 -2
-3 -2
-3 -2
-3 -2
-3 -2
-3 -2
-3 -2
-3 -2
-3 -2
-3 -2
-3 -2
-3 -2
-3 -2
-3 -2
-3 -2
-3 -2
-3 -2
-3 -2
-3 -2
-3 -2
-3 -2
-3 -2
-3 -2
-3 -2
-3 -2
-3 -2
-3 -2
-3 -2
-3 -2
-3 -2
-3 -2
-3 -2
0 -2
0 -2
0 -2
0 -2
0 -2
0 -2
0 -2
0 -2
0 -2
0 -2
0 -2
0 -2
0 -2
0 -2
0 -2
2 -1
2 -1
2 -1
2 -1
2 -1
2 -1
2 -1
2 -1
2 -1
2 -1
2 -1
2 -1
2 -1
2 -1
2 -1
2 -1
2 -1
2 -1
3 -1
3 -1
3 -1
3 -1
3 -1
3 -1
3 -1
3 -1
3 -1
3 -1
3 -1
3 -1
3 -1
3 -1
3 -1
3 -1
3 -1
3 -1
3 -1
3 -1
3 -1
3 -1
3 -1
3 -1
3 -1
3 -1
3 -1
3 -1
3 -1
3 -1
3 -1
3 -1
1 -2
1 -2
1 -2
1 -2
1 -2
1 -2
1 -2
1 -2
1 -2
1 -2
1 -2
1 -2
1 -2
1 -2
1 -2
1 -2
1 -2
1 -2
1 -2
1 -2
1 -2
1 -2
1 -2
1 -2
1 -2
1 -2
1 -2
1 -2
1 -2
1 -2
1 -2
1 -2
1 -2
1 -2
1 -2
1 -2
1 -2
1 -2
1 -2
1 -2
1 -2
1 -2
1 -2
1 -2
1 -2
1 -2
1 -2
1 -2
1 -2
1 -2
1 -2
1 -2
1 -2
1 -2
1 -2
1 -2
1 -2
1 -2
1 -2
1 -2
1 -2
1 -2
3 -6
2 -5
2 -5
2 -5
2 -5
2 -5
2 -5
2 -5
2 -5
2 -5
2 -5
2 -5
2 -5
2 -5
2 -5
2 -5
1 -3
1 -3
1 -3
1 -3
1 -3
1 -3
1 -3
1 -3
1 -3
1 -3
1 -3
1 -3
1 -3
1 -3
1 -3
1 -3
1 -3
1 -3
1 -3
1 -3
1 -3
1 -3
1 -3
1 -3
1 -3
1 -3
1 -3
1 -3
1 -3
1 -3
1 -3
1 -2
1 -2
1 -2
1 -2
1 -2
1 -2
1 -2
1 -2
1 -2
1 -2
1 -2
1 -2
1 -2
0 -1
0 -1
0 -1
0 -1
0 -1
0 -1
0 -1
0 -1
0 -1
0 -1
0 -1
0 -1
0 -1
0 -1
0 -1
0 -1
0 -1
0 -1
0 -1
0 -1
0 -1
0 -1
0 -1
0 -1
0 -1
0 -1
0 -1
0 -1
0 -1
0 -1
0 -1
0 -1
0 -1
0 -1
0 -1
0 -1
0 -1
0 -1
0 -1
0 -1
0 -1
0 -1
0 -1
0 -1
0 -1
0 -1
0 -1
0 -2
-1 -4
-1 -4
-1 -4
-1 -4
-1 -4
-1 -4
-1 -4
-1 -4
-1 -4
-1 -4
-1 -4
-1 -4
-1 -4
-1 -4
-1 -4
-1 -4
-1 -4
-1 -4
0 -4
0 -4
0 -4
0 -4
0 -4
0 -4
0 -4
0 -4
0 -4
0 -4
0 -4
0 -4
0 -4
0 -4
0 -4
0 -4
0 -4
0 -4
0 -4
0 -4
0 -4
0 -4
0 -4
0 -4
0 -4
0 -4
0 -4
0 -4
0 -4
0 -4
0 -4
0 -4
0 -4
0 -4
0 -6
0 -6
0 -6
0 -6
0 -6
0 -6
0 -6
0 -6
0 -6
0 -6
0 -6
0 -6
0 -6
0 -6
0 -6
0 -6
0 -6
0 -6
0 -6
3 -9
3 -9
3 -9
3 -9
3 -9
3 -9
3 -9
3 -9
3 -9
3 -9
3 -9
3 -9
3 -9
3 -9
3 -9
3 -9
3 -9
3 -9
3 -9
3 -9
3 -9
3 -9
3 -9
3 -9
3 -9
3 -9
3 -9
3 -9
3 -9
3 -9
3 -9
3 -9
3 -9
3 -9
4 -8
4 -8
4 -8
4 -8
4 -8
4 -8
4 -8
4 -8
4 -8
4 -8
4 -8
4 -8
4 -8
4 -8
4 -8
4 -8
4 -8
4 -8
4 -8
4 -8
4 -8
4 -8
4 -8
4 -8
4 -8
4 -8
4 -8
4 -8
4 -8
4 -8
4 -8
4 -8
4 -8
4 -8
8 -7
8 -3
8 -3
8 -3
8 -3
8 -3
8 -3
8 -3
8 -3
8 -3
8 -3
8 -3
8 -3
8 -3
8 -3
8 -3
8 -3
8 -3
8 -3
8 -3
8 -3
8 -3
8 -3
8 -3
8 -3
8 -3
8 -3
8 -3
8 -3
8 -3
8 -3
8 -3
8 -3
8 -3
8 -3
8 -3
7 -2
7 -2
7 -2
7 -2
7 -2
7 -2
7 -2
7 -2
7 -2
7 -2
7 -2
7 -2
7 -2
7 -2
7 -2
7 -2
7 -2
7 -2
7 -2
7 -2
7 -2
7 -2
8 -1
8 -1
8 -1
8 -1
8 -1
8 -1
8 -1
8 -1
8 -1
8 -1
8 -1
8 -1
8 -1
8 -1
8 -1
8 -1
8 -1
8 -1
8 -1
8 -1
8 -1
8 -1
8 -1
8 -1
8 -1
8 -1
8 -1
8 -1
8 -1
8 -1
8 -1
8 -1
8 -1
8 -1
8 -1
8 -1
8 -1
8 -1
8 -1
8 -1
8 -1
8 -1
8 -1
8 -1
8 -1
8 -1
8 -1
8 -1
8 -1
8 -1
8 -1
8 -1
8 -1
8 -1
10 4
10 4
10 4
10 4
10 4
10 4
10 4
10 4
10 4
10 4
10 4
10 4
10 4
10 4
10 4
10 4
10 4
10 4
10 4
10 4
10 4
10 4
10 4
10 4
10 4
10 4
10 4
10 4
10 4
10 4
10 4
10 4
10 4
10 4
10 4
10 4
10 4
10 4
10 4
10 4
10 4
10 4
10 4
10 4
10 4
10 4
10 4
10 4
10 4
10 4
10 4
10 4
10 4
8 3
12 2
12 2
12 2
12 2
12 2
12 2
12 2
12 2
12 2
12 2
12 2
12 2
12 2
12 2
12 2
12 2
12 2
12 2
12 2
12 2
12 2
12 2
12 2
12 2
12 2
12 2
12 2
12 2
12 2
12 2
12 2
12 2
12 2
12 2
12 2
12 2
12 2
12 2
12 2
12 2
12 2
12 2
12 2
12 2
12 2
12 2
12 2
12 2
12 2
12 2
12 2
12 2
12 2
12 2
12 2
12 2
12 2
12 2
12 2
12 2
12 2
12 2
12 2
12 2
12 2
12 2
12 2
12 2
12 2
12 2
12 2
12 2
12 2
12 2
12 2
13 3
13 3
13 3
13 3
13 3
13 3
13 3
13 3
13 3
13 3
13 3
13 3
13 3
13 3
13 3
13 3
13 3
13 3
13 3
13 3
13 3
10 4
10 4
10 4
10 4
10 4
10 4
10 4
10 4
10 4
10 4
10 4
10 4
10 4
10 4
10 4
10 4
10 4
10 4
10 4
10 4
10 4
10 4
10 4
10 4
10 4
10 4
10 4
10 4
10 4
10 4
10 4
10 4
10 4
10 4
10 4
10 4
10 4
10 4
10 4
10 4
10 4
10 4
10 4
10 4
10 4
10 4
10 4
10 4
10 4
10 4
10 4
10 4
10 4
10 4
10 4
10 4
10 4
10 4
10 4
10 4
10 4
10 4
10 4
10 4
10 4
10 4
10 4
10 4
10 4
10 4
10 4
10 4
10 4
13 1
13 1
13 1
13 1
13 1
13 1
13 1
13 1
13 1
13 1
13 1
13 1
13 1
13 1
13 1
13 1
13 1
13 1
13 1
13 1
13 1
13 1
13 1
13 1
13 1
13 1
13 1
13 1
13 1
13 1
13 1
13 1
13 1
13 1
13 1
11 -2
11 -5
11 -5
6 -4
6 -4
6 -4
6 -4
6 -4
6 -4
6 -4
6 -4
6 -4
6 -4
6 -4
6 -4
6 -4
6 -4
6 -4
6 -4
2 -3
2 -3
2 -3
2 -3
2 -3
2 -3
2 -3
2 -3
2 -3
2 -3
2 -3
2 -3
2 -3
2 -3
2 -3
2 -3
2 -3
2 -3
2 -3
2 -3
2 -3
2 -3
2 -3
2 -3
2 -3
2 -3
2 -3
2 -3
2 -3
2 -3
2 -3
2 -3
2 -3
2 -3
2 -3
-1 -2
-1 -2
-1 -2
-1 -2
-1 -2
-1 -2
-1 -2
-1 -2
-1 -2
-1 -2
-1 -2
-1 -2
-1 -2
-1 -2
-1 -2
-1 -2
-5 0
-5 0
-5 0
-5 0
-5 0
-5 0
-5 0
-5 0
-5 0
-5 0
-5 0
-5 0
-5 0
-5 0
-5 0
-5 0
-5 0
-5 0
-5 0
-5 0
-5 0
-5 0
-5 0
-5 0
-5 0
-5 0
-5 0
-5 0
-5 0
-5 0
-5 0
-5 0
-5 0
-5 0
-5 0
-5 0
-7 1
-7 1
-7 1
-7 1
-7 1
-7 1
-7 1
-7 1
-7 1
-7 1
-7 1
-7 1
-7 1
-7 1
-7 1
-7 1
-7 1
-7 1
-7 1
-7 1
-7 1
-7 1
-7 1
-7 1
-7 1
-7 1
-7 1
-7 1
-7 1
-7 1
-7 1
-7 1
-7 1
-7 1
-7 1
-7 1
-7 1
-7 1
-7 1
-8 0
-8 0
-8 0
-8 0
-8 0
-8 0
-8 0
-8 0
-8 0
-8 0
-8 0
-8 0
-8 0
-8 0
-8 0
-8 0
-8 0
-10 1
-10 1
-10 1
-10 1
-10 1
-10 1
-10 1
-10 1
-10 1
-10 1
-10 1
-10 1
-10 1
-10 1
-10 1
-10 1
-10 1
-10 1
-10 1
-11 2
-11 2
-11 2
-11 2
-11 2
-11 2
-11 2
-11 2
-11 2
-11 2
-11 2
-11 2
-11 2
-11 2
-11 2
-11 2
-11 2
-11 1
-11 1
-11 1
-11 1
-11 1
-11 1
-11 1
-11 1
-11 1
-11 1
-11 1
-11 1
-11 1
-11 1
-11 1
-11 1
-11 1
-11 2
-11 2
-11 2
-11 2
-11 2
-11 2
-11 2
-11 2
-11 2
-11 2
-11 2
-11 2
-11 2
-11 2
-11 2
-11 2
-11 2
-11 2
-11 2
-11 2
-11 2
-11 2
-11 2
-11 2
-11 2
-11 2
-11 2
-11 2
-11 2
-11 2
-11 2
-11 2
-11 2
-11 2
-11 2
-11 2
-11 2
-11 2
-11 2
-11 2
-11 2
-11 2
-11 2
-11 2
-11 2
-11 2
-11 2
-11 2
-11 2
-12 4
-12 4
-12 4
-12 4
-12 4
-12 4
-12 4
-12 4
-12 4
-12 4
-12 4
-12 4
-12 4
-12 4
-12 4
-12 4
-12 4
-12 4
-12 4
-12 4
-12 4
-12 4
-12 4
-12 4
-12 4
-12 4
-12 4
-12 4
-12 4
-12 4
-12 4
-12 4
-12 4
-8 2
-8 2
-8 2
-8 2
-8 2
-8 2
-8 2
-8 2
-8 2
-8 2
-8 2
-8 2
-8 2
-8 2
-8 2
-8 2
-8 2
-9 4
-9 4
-9 4
-9 4
-9 4
-9 4
-9 4
-9 4
-9 4
-9 4
-9 4
-9 4
-9 4
-9 4
-9 4
-9 4
-9 4
-9 4
-9 4
-9 4
-9 4
-9 4
-9 4
-9 4
-9 4
-9 4
-9 4
-9 4
-9 4
-9 4
-9 4
-9 4
-9 4
-9 4
-9 4
-9 4
-8 4
-8 4
-8 4
-8 4
-8 4
-8 4
-8 4
-8 4
-8 4
-8 4
-8 4
-8 4
-8 4
-8 4
-8 4
-8 4
-8 4
-7 4
-7 4
-7 4
-7 4
-7 4
-7 4
-7 4
-7 4
-7 4
-7 4
-7 4
-7 4
-7 4
-7 4
-7 4
-7 4
-4 4
-4 4
-4 4
-4 4
-4 4
-4 4
-4 4
-4 4
-4 4
-4 4
-4 4
-4 4
-4 4
-4 4
-4 4
-4 4
-4 4
-4 4
-4 4
-4 4
-4 4
-4 4
-4 4
-4 4
-4 4
-4 4
-4 4
-4 4
-4 4
-4 4
-4 4
-4 5
-4 5
-4 5
-4 5
-4 5
-4 5
-4 5
-4 5
-4 5
-4 5
-4 5
-4 5
-4 5
-4 5
-4 5
-3 6
-2 5
-2 5
-2 5
-2 5
-2 5
-2 5
-2 5
-2 5
-2 5
-2 5
-2 5
-2 5
-2 5
-2 5
-2 5
-2 5
-2 5
-2 5
-2 5
-2 5
-2 5
-2 5
-2 5
-2 5
-2 5
-2 5
-2 5
-2 5
-2 5
-2 5
-2 5
-2 5
-2 5
-2 5
-2 5
-2 5
-2 5
-2 5
-2 5
-2 5
-2 5
-2 5
-2 5
-2 5
-2 5
-2 5
-2 5
-2 5
-2 5
-2 5
-2 5
-2 5
-2 5
-2 5
-2 5
-2 5
-2 5
-2 5
-2 5
-2 5
-2 5
-2 5
-2 5
-1 3
-3 2
-3 2
-3 2
-3 2
-3 2
-3 2
-3 2
-3 2
-3 2
-3 2
-3 2
-3 2
-3 2
-3 2
-3 2
-3 2
-3 2
-3 2
-3 2
-3 2
-3 2
-3 2
-3 2
-3 2
-3 2
-3 2
-3 2
-3 2
-3 2
-3 2
-3 2
-3 2
-3 0
-3 0
-3 0
-3 0
-3 0
-3 0
-3 0
-3 0
-3 0
-3 0
-3 0
-3 0
-3 0
-3 0
-3 0
-3 0
-3 1
-3 1
-3 1
-3 1
-3 1
-3 1
-3 1
-3 1
-3 1
-3 1
-3 1
-3 1
-3 1
-3 1
-3 1
-3 1
-3 1
-3 1
-3 1
-3 1
-3 1
-3 1
-3 1
-3 1
-3 1
-3 1
-3 1
-3 1
-3 1
-3 1
-3 1
-3 1
-4 1
-4 1
-4 1
-4 1
-4 1
-4 1
-4 1
-4 1
-4 1
-4 1
-4 1
-4 1
-4 1
-4 1
-4 1
-3 2
-3 2
-3 2
-3 2
-3 2
-3 2
-3 2
-3 2
-3 2
-3 2
-3 2
-3 2
-3 2
-3 2
-3 2
-3 2
-3 2
-3 2
-3 2
-3 2
-3 2
-3 2
-3 2
-3 2
-3 2
-3 2
-3 2
-3 2
-3 2
-3 2
-3 2
-3 2
-3 2
-3 2
-3 2
-3 2
-3 2
-3 2
-3 2
-3 2
-3 2
-3 2
-3 2
-3 2
-3 2
-3 2
-3 2
-3 2
-3 2
-3 2
-3 2
-3 2
-3 2
-3 2
-3 2
-3 2
-3 2
-3 2
-3 2
-3 2
-3 2
-3 2
-1 1
-1 1
-1 1
-1 1
-1 1
-1 1
-1 1
-1 1
-1 1
-1 1
-1 1
-1 1
-1 1
-1 1
-1 1
-1 1
-1 1
-1 1
-1 1
-1 1
-1 1
-1 1
-1 1
-1 1
-1 1
-1 1
-1 1
-1 1
-1 1
-1 1
-1 1
-1 1
-1 1
-1 1
-1 1
-1 1
-1 1
-1 1
-1 1
-1 1
-1 1
-1 1
-1 1
-1 1
-1 1
-1 1
-1 1
-1 1
-1 1
-1 1
-1 1
-1 1
-1 1
-1 1
-1 1
-1 1
-1 1
-1 1
-1 1
-1 1
-1 1
-1 1
-1 1
-1 1
-1 1
-1 1
-1 1
-1 1
-1 1
-1 1
-1 1
-1 1
-1 1
-1 1
-1 1
-1 1
-1 1
-1 1
-1 1
-1 1
-1 1
-1 1
-1 1
-1 1
-1 1
-1 1
-1 1
-1 1
-1 1
-1 1
-1 1
-1 1
-1 1
-1 1
-1 1
-1 1
-1 1
-1 1
-1 1
-1 1
-1 1
-1 1
-1 1
-1 1
-1 1
-1 1
-1 1
-1 1
-1 1
-1 1
-1 1
-1 1
-1 1
-1 1
0 1
0 1
0 1
0 1
0 1
0 1
0 1
0 1
0 1
0 1
0 1
0 1
0 1
0 1
0 1
0 1
0 1
0 1
0 1
0 1
0 1
0 1
0 1
0 1
0 1
0 1
0 1
0 1
0 1
0 1
0 1
0 1
0 1
0 1
0 1
0 1
0 1
0 1
0 1
0 1
0 1
0 1
0 1
0 1
0 1
0 1
0 1
0 1
0 1
0 1
0 1
0 1
0 1
0 1
0 1
0 1
0 1
0 1
0 1
0 1
0 1
0 1
0 1
0 1
0 1
0 1
0 1
0 1
0 1
0 1
0 1
0 1
0 1
0 1
0 1
0 1
0 1
0 1
0 1
0 1
0 1
0 1
0 1
0 1
0 1
0 1
0 1
0 1
0 1
0 1
0 1
0 1
0 1
0 1
0 1
0 1
0 1
0 1
0 1
0 1
0 1
0 1
0 1
0 1
-2 0
-2 0
-2 0
-2 0
-2 0
-2 0
-2 0
-2 0
-2 0
-2 0
-2 0
-2 0
-2 0
-2 0
-2 0
-2 0
-2 0
-2 0
-2 0
-2 0
-2 0
-2 0
-2 0
-2 0
-2 0
-2 0
-2 0
-2 0
-2 0
-2 0
-2 0
-2 0
-2 0
-2 0
-2 0
-2 0
-2 0
-2 0
-2 0
-1 0
-1 0
-1 0
-1 0
-1 0
-1 0
-1 0
-1 0
-1 0
-1 0
-1 0
-1 0
-1 0
-1 0
-1 0
-1 0
-1 0
-1 0
-1 0
-1 0
-1 0
-1 0
-1 0
-1 0
-1 0
-1 0
-1 0
-1 0
-1 0
-1 0
-1 0
-1 0
-1 0
0 -1
0 -1
0 -1
0 -1
0 -1
0 -1
0 -1
0 -1
0 -1
0 -1
0 -1
0 -1
0 -1
0 -1
0 -1
2 0
2 0
2 0
2 0
2 0
2 0
2 0
2 0
2 0
2 0
2 0
2 0
2 0
2 0
2 0
2 0
2 0
2 0
2 0
2 0
2 0
2 0
2 0
2 0
2 0
2 0
2 0
2 0
2 0
2 0
2 0
2 0
2 0
2 0
2 0
2 0
2 0
2 0
2 0
2 0
2 0
2 0
2 0
2 0
2 0
2 0
2 0
2 0
2 0
2 0
2 0
3 0
3 0
3 0
3 0
3 0
3 0
3 0
3 0
3 0
3 0
3 0
3 0
3 0
3 0
3 0
3 0
3 0
3 0
3 0
3 0
3 0
3 0
3 0
3 0
3 0
3 0
3 0
3 0
3 0
3 0
3 0
3 0
3 0
3 0
3 0
3 0
3 0
3 0
3 0
1 1
1 1
1 1
1 1
1 1
1 1
1 1
1 1
1 1
1 1
1 1
1 1
1 1
1 1
1 1
1 1
1 1
1 1
1 1
1 1
1 1
1 1
1 1
1 1
1 1
1 1
1 1
1 1
1 1
1 1
1 1
1 1
1 1
1 1
1 1
1 1
1 1
1 1
1 1
1 1
1 1
1 1
1 1
1 1
1 1
1 1
1 1
1 1
1 1
1 1
1 1
1 1
1 1
1 1
1 1
1 1
1 1
1 1
1 1
1 1
1 1
1 1
1 1
1 1
1 1
1 1
1 1
1 1
1 1
1 1
1 1
1 1
1 1
1 1
1 1
2 0
2 0
2 0
2 0
2 0
2 0
2 0
2 0
2 0
2 0
2 0
2 0
2 0
2 0
2 0
2 0
2 0
2 0
2 0
2 0
2 0
2 0
2 0
2 0
2 0
2 0
2 0
2 0
2 0
2 0
2 0
2 0
2 0
2 0
2 0
2 0
2 0
2 0
2 0
2 0
2 0
2 0
2 0
2 0
2 0
2 0
2 0
2 0
2 0
2 0
2 0
2 0
2 0
2 0
2 0
2 0
3 0
3 0
3 0
3 0
3 0
3 0
3 0
3 0
3 0
3 0
3 0
3 0
3 0
3 0
3 0
3 0
3 0
3 0
3 0
3 0
3 0
3 0
3 0
3 0
3 0
3 0
3 0
3 0
3 0
3 0
3 0
3 0
3 0
3 0
3 0
3 0
2 -1
2 -1
2 -1
2 -1
2 -1
2 -1
2 -1
2 -1
2 -1
2 -1
2 -1
2 -1
2 -1
2 -1
2 -1
2 -1
2 -1
2 -1
2 -1
2 -1
2 -1
2 -1
2 -1
2 -1
2 -1
2 -1
2 -1
2 -1
2 -1
2 -1
2 -1
2 -1
2 -1
2 -1
2 -1
2 -1
2 -1
2 -1
2 -1
2 -1
2 -1
2 -1
2 -1
2 -1
2 -1
1 -1
1 -1
1 -1
1 -1
1 -1
1 -1
1 -1
1 -1
1 -1
1 -1
1 -1
1 -1
1 -1
1 -1
1 -1
1 -1
1 -1
1 -1
1 -1
1 -1
1 -1
1 -1
1 -1
1 -1
1 -1
1 -1
1 -1
1 -1
1 -1
1 -1
1 -1
1 -1
1 -1
1 -1
1 -1
1 -1
1 -1
1 -1
1 -1
1 -1
1 -1
1 -1
1 -1
1 -1
1 -1
1 -1
1 -1
1 -1
1 -1
1 -1
1 -1
-1 0
-1 0
-1 0
-1 0
-1 0
-1 0
-1 0
-1 0
-1 0
-1 0
-1 0
-1 0
-1 0
-1 0
-1 0
-1 0
-1 0
-1 0
-1 0
-1 0
-1 0
-1 0
-1 0
-1 0
-1 0
-1 0
-1 0
-1 0
-1 0
-1 0
-1 0
-1 0
-1 0
-1 0
-1 0
-1 0
-1 0
-1 0
-1 0
-1 0
-1 0
-1 0
-1 0
-1 0
-1 0
-1 0
-1 0
-1 0
-1 0
-1 0
-1 0
-1 0
-1 0
-1 0
-1 0
-1 0
-1 0
-1 0
-1 0
-1 0
-1 0
-1 0
-1 0
-1 0
-1 0
-1 0
-1 0
-1 0
-1 0
-1 0
-1 0
-1 0
-1 0
-1 0
-1 0
-1 0
-1 0
-1 0
-1 0
-1 0
-1 0
-1 0
-1 0
-1 0
-1 0
-1 0
-1 0
-1 0
-1 0
-1 0
-1 0
-1 0
-1 0
-1 0
-1 0
-1 0
-1 0
-1 0
-1 0
-1 0
-1 0
-1 0
-1 0
-1 0
-1 0
-1 0
-1 0
-1 0
-1 0
-1 0
-1 0
-1 0
-1 0
-1 0
-1 0
-1 0
-1 0
-1 0
-1 0
-1 0
-1 0
-1 0
-1 0
-1 0
-1 0
-1 0
-1 0
-1 0
-1 0
-1 0
-1 0
-1 0
-1 0
-1 0
-1 0
-1 0
-1 0
-1 0
-1 0
-3 0
-2 1
-2 1
-2 1
-2 1
-2 1
-2 1
-2 1
-2 1
-2 1
-2 1
-2 1
-2 1
-2 1
-2 1
-2 1
-2 1
-2 1
-2 1
-2 1
-2 1
-2 1
-2 1
-2 1
-2 1
-2 1
-1 0
-1 0
-1 0
-1 0
-1 0
-1 0
-1 0
-1 0
-1 0
-1 0
-1 0
-1 0
-1 0
-1 0
-1 0
-1 0
-1 0
-1 0
-1 0
-1 0
-1 0
-1 0
-1 0
-1 0
-1 0
-1 0
-1 0
-1 0
-1 0
-1 0
-1 0
-1 0
-1 0
-1 0
-1 0
-1 0
-1 0
-1 0
-1 0
-1 0
-1 0
-1 0
-1 0
-1 0
-1 0
-1 0
-1 0
0 1
0 1
0 1
0 1
0 1
0 1
0 1
0 1
0 1
0 1
0 1
0 1
0 1
0 1
0 1
0 1
0 1
0 1
0 1
0 1
0 1
0 1
0 1
0 1
0 1
0 1
0 1
0 1
0 1
0 1
0 1
0 1
0 1
0 1
0 1
0 1
0 1
0 1
1 1
1 1
1 1
1 1
1 1
1 1
1 1
1 1
1 1
1 1
1 1
1 1
1 1
1 1
1 1
1 1
1 1
1 1
1 1
1 1
1 1
1 1
1 1
1 1
1 1
1 1
1 1
1 1
1 1
1 1
1 1
1 1
4 0
4 0
4 0
4 0
4 0
4 0
4 0
4 0
4 0
4 0
4 0
4 0
4 0
4 0
4 0
4 0
4 0
4 0
4 0
4 0
4 0
4 0
4 0
4 0
4 0
4 0
4 0
4 0
4 0
4 0
4 0
4 0
4 0
4 0
4 0
4 0
4 0
4 0
4 0
4 0
4 0
4 0
4 0
4 0
4 0
4 0
4 0
4 0
4 0
4 0
1 0
1 0
1 0
1 0
1 0
1 0
1 0
1 0
1 0
1 0
1 0
1 0
1 0
1 0
1 0
1 0
1 0
1 0
1 1
1 1
1 1
1 1
1 1
1 1
1 1
1 1
1 1
1 1
1 1
1 1
1 1
1 1
1 1
1 1
1 1
1 1
1 1
1 1
1 1
1 1
1 1
1 1
1 1
1 1
1 1
1 1
1 1
1 1
1 1
1 1
1 1
1 1
0 1
0 1
0 1
0 1
0 1
0 1
0 1
0 1
0 1
0 1
0 1
0 1
0 1
0 1
0 1
0 1
0 1
0 1
0 1
0 1
0 1
0 1
0 1
0 1
0 1
0 1
0 1
0 1
0 1
0 1
0 1
0 1
0 1
0 1
-4 1
-4 1
-4 1
-4 1
-4 1
-4 1
-4 1
-4 1
-4 1
-4 1
-4 1
-4 1
-4 1
-4 1
-4 1
-4 1
-4 1
-4 1
-4 1
-4 1
-4 1
-4 1
-4 1
-4 1
-4 1
-4 1
-4 1
-4 1
-4 1
-4 1
-4 1
-4 1
-4 1
-4 1
-4 1
-4 1
-4 1
-3 0
-3 0
-3 0
-3 0
-3 0
-3 0
-3 0
-3 0
-3 0
-3 0
-3 0
-3 0
-3 0
-3 0
-3 0
-3 0
-3 0
-3 0
-3 0
-3 0
-3 0
-3 0
-3 0
-3 0
-3 0
-3 0
-3 0
-3 0
-3 0
-3 0
-3 0
-3 0
-3 0
-3 0
-3 0
-3 0
-3 0
-3 0
-3 0
-3 0
-3 0
-3 0
-3 0
-3 0
-3 0
-3 0
-3 0
-3 0
-3 0
-3 0
-3 0
-3 0
-3 0
-1 0
-1 0
-1 0
-1 0
-1 0
-1 0
-1 0
-1 0
-1 0
-1 0
-1 0
-1 0
-1 0
-1 0
-1 0
-1 0
-1 0
-1 0
-1 0
-1 0
-1 0
-1 0
-1 0
-1 0
-1 0
-1 0
-1 0
-1 0
-1 0
-1 0
-1 0
-1 0
-1 0
-1 0
-1 0
-1 0
-1 0
-1 0
-1 0
-1 0
-1 0
-1 0
-1 0
-1 0
-1 0
-1 0
-1 0
-1 0
-1 0
-1 0
-1 0
-1 0
-1 0
-1 0
-1 0
-1 0
-1 0
-1 0
-1 0
-1 0
-1 0
-1 0
-1 0
-1 0
-1 0
-1 0
-1 0
-1 0
-1 0
-1 0
-1 0
-1 0
-1 0
-1 0
-1 0
-1 0
-1 0
-1 0
-1 0
-1 0
-1 0
-1 0
-1 0
-1 0
-1 0
-1 0
-1 0
-1 0
-1 0
-1 0
-1 0
0 2
0 2
0 2
0 2
0 2
0 2
0 2
0 2
0 2
0 2
0 2
0 2
0 2
0 2
0 2
0 2
0 2
0 2
0 2
0 2
0 2
0 2
0 2
0 2
0 2
0 2
0 2
0 2
0 2
0 2
0 2
0 2
0 2
0 2
0 2
0 2
0 2
0 2
0 2
0 2
0 2
0 2
0 2
0 2
0 2
0 2
0 2
0 2
0 2
0 2
0 2
0 2
0 2
0 2
2 2
2 2
2 2
2 2
2 2
2 2
2 2
2 2
2 2
2 2
2 2
2 2
2 2
2 2
2 2
2 2
2 2
2 2
2 2
2 2
2 2
2 2
2 2
2 2
2 2
2 2
2 2
2 2
2 2
2 2
2 2
2 2
2 2
2 2
2 2
0 1
-1 1
-1 1
-1 1
-1 1
-1 1
-1 1
-1 1
-1 1
-1 1
-1 1
-1 1
-1 1
-1 1
-1 1
-1 1
-1 1
-1 1
-1 1
-1 1
-1 1
-1 1
-1 1
-1 1
-1 1
-1 1
-1 1
-1 1
-1 1
-1 1
-1 1
-1 1
-1 1
0 2
0 2
0 2
0 2
0 2
0 2
0 2
0 2
0 2
0 2
0 2
0 2
0 2
0 2
0 2
0 2
0 2
0 2
-1 2
-1 2
-1 2
-1 2
-1 2
-1 2
-1 2
-1 2
-1 2
-1 2
-1 2
-1 2
-1 2
-1 2
-1 2
-1 2
-1 2
-1 2
-1 2
-1 2
-1 2
-1 2
-1 2
-1 2
-1 2
-1 2
-1 2
-1 2
-1 2
-1 2
-1 2
-1 2
-1 2
-1 2
-1 2
-1 2
-1 2
-1 1
-1 1
-1 1
-1 1
-1 1
-1 1
-1 1
-1 1
-1 1
-1 1
-1 1
-1 1
-1 1
-1 1
-1 1
-1 1
0 1
0 1
0 1
0 1
0 1
0 1
0 1
0 1
0 1
0 1
0 1
0 1
0 1
0 1
0 1
0 1
0 1
0 1
0 1
0 1
0 1
0 1
0 1
0 1
0 1
0 1
0 1
0 1
0 1
0 1
0 1
0 1
0 1
0 1
0 1
0 1
0 1
0 1
0 1
0 1
0 1
0 1
0 1
0 1
0 1
0 1
0 1
0 1
0 1
0 1
0 1
0 1
0 1
0 1
0 1
0 1
0 1
0 1
0 1
0 1
0 1
0 1
0 1
0 1
0 1
0 1
0 1
0 1
0 1
0 1
0 1
0 1
0 1
0 1
0 1
0 1
0 1
0 1
0 1
0 1
0 1
0 1
0 1
0 1
0 1
0 1
0 1
0 1
0 1
0 1
0 1
0 1
0 1
0 1
0 1
0 1
0 1
0 1
0 1
0 1
0 1
0 1
0 1
0 1
0 1
0 1
0 1
0 1
0 1
0 1
0 1
0 1
0 1
0 1
0 1
0 1
0 1
-1 0
-1 0
-1 0
-1 0
-1 0
-1 0
-1 0
-1 0
-1 0
-1 0
-1 0
-1 0
-1 0
-1 0
-1 0
-1 0
-1 0
-1 0
-1 0
-1 0
-1 0
-1 0
-1 0
-1 0
-1 0
-1 0
-1 0
-1 0
-1 0
-1 0
-1 0
-1 0
-1 0
-1 0
-1 0
-1 0
-1 0
-1 0
-1 0
-1 0
-1 0
-1 0
-1 0
-1 0
-1 0
-1 0
-1 0
-1 0
-1 0
-1 0
-1 0
-1 0
-1 0
-1 0
-1 0
-1 0
-1 0
-1 0
-1 0
-1 0
-1 0
-1 0
-1 0
-1 0
-1 0
-1 0
-1 0
-1 0
0 1
0 1
0 1
0 1
0 1
0 1
0 1
0 1
0 1
0 1
0 1
0 1
0 1
0 1
0 1
0 1
0 1
0 1
0 1
0 1
0 1
0 1
0 1
0 1
0 1
0 1
0 1
0 1
0 1
0 1
0 1
0 1
0 1
0 1
0 1
0 1
0 1
0 1
0 1
0 1
0 1
0 1
0 1
0 1
0 1
0 1
1 1
1 1
1 1
1 1
1 1
1 1
1 1
1 1
1 1
1 1
1 1
1 1
1 1
1 1
1 1
2 -2
2 -2
2 -2
2 -2
2 -2
2 -2
2 -2
2 -2
2 -2
2 -2
2 -2
2 -2
2 -2
2 -2
2 -2
2 -2
2 -2
2 -2
2 -2
2 -2
2 -2
2 -2
2 -2
2 -2
2 -2
2 -2
2 -2
2 -2
2 -2
2 -2
2 -2
2 -2
2 -2
2 -2
2 -2
2 -2
2 -2
2 -1
2 -1
2 -1
2 -1
2 -1
2 -1
2 -1
2 -1
2 -1
2 -1
2 -1
2 -1
2 -1
2 -1
2 -1
2 -1
2 -1
2 -1
2 -1
2 -1
2 -1
2 -1
2 -1
2 -1
2 -1
2 -1
2 -1
2 -1
2 -1
2 -1
2 -1
2 -1
2 -1
2 -1
2 -1
2 -1
2 -1
2 -1
2 -1
2 -1
2 -1
2 -1
2 -1
2 -1
2 -1
2 -1
2 -1
2 -1
2 -1
2 -1
2 -1
2 -1
2 -1
2 -1
0 -1
0 -1
0 -1
0 -1
0 -1
0 -1
0 -1
0 -1
0 -1
0 -1
0 -1
0 -1
0 -1
0 -1
0 -1
0 -1
0 -1
0 -1
0 -1
0 -1
0 -1
0 -1
0 -1
0 -1
0 -1
0 -1
0 -1
0 -1
0 -1
0 -1
0 -1
0 -1
0 -1
0 -1
0 -1
0 -1
-1 1
-1 1
-1 1
-1 1
-1 1
-1 1
-1 1
-1 1
-1 1
-1 1
-1 1
-1 1
-1 1
-1 1
-1 1
-1 1
-1 1
-1 1
-1 1
-1 1
-1 1
-1 1
-1 1
-1 1
-1 1
-1 1
-1 1
-1 1
-1 1
-1 1
-1 1
-1 1
-1 1
-1 1
-1 1
-1 1
-1 1
-1 1
-1 1
-1 1
-1 1
-1 1
-1 1
-1 1
-1 1
-1 1
-1 1
-1 1
-1 1
-1 1
-1 1
-1 1
-1 1
-1 1
-1 1
-1 0
-1 0
-1 0
-1 0
-1 0
-1 0
-1 0
-1 0
-1 0
-1 0
-1 0
-1 0
-1 0
-1 0
-1 0
-1 0
-1 0
-1 0
-1 0
-1 0
-1 0
-1 0
-1 0
-1 0
-1 0
-1 0
-1 0
-1 0
-1 0
-1 0
-1 0
-1 0
-1 0
-1 0
-1 0
-1 0
-1 0
-1 0
-1 0
-1 0
-1 0
-1 0
-1 0
-1 0
-1 0
-1 0
0 1
0 1
0 1
0 1
0 1
0 1
0 1
0 1
0 1
0 1
0 1
0 1
0 1
0 1
0 1
0 1
0 1
0 1
0 1
0 1
0 1
0 1
0 1
0 1
0 1
0 1
0 1
0 1
0 1
0 1
0 1
0 1
0 1
0 1
0 1
0 1
0 1
0 1
0 1
0 1
0 1
0 1
0 1
0 1
0 1
0 1
0 1
0 1
1 0
1 0
1 0
1 0
1 0
1 0
1 0
1 0
1 0
1 0
1 0
1 0
1 0
1 0
1 0
1 0
1 0
1 0
1 0
1 0
1 0
1 0
1 0
1 0
1 0
1 0
1 0
1 0
1 1
1 1
1 1
1 1
1 1
1 1
1 1
1 1
1 1
1 1
1 1
1 1
1 1
1 1
1 1
1 1
1 1
2 -1
2 -1
2 -1
2 -1
2 -1
2 -1
2 -1
2 -1
2 -1
2 -1
2 -1
2 -1
2 -1
2 -1
2 -1
2 -1
2 -1
2 -1
2 -1
2 -1
2 -1
2 -1
2 -1
2 -1
2 -1
2 -1
2 -1
2 -1
2 -1
2 -1
0 -1
0 -1
0 -1
0 -1
0 -1
0 -1
0 -1
0 -1
0 -1
0 -1
0 -1
0 -1
0 -1
0 -1
0 -1
0 -1
0 -1
0 -1
0 -1
0 -1
0 -1
0 -1
0 -1
0 -1
0 -1
0 -1
0 -1
0 -1
0 -1
0 -1
0 -1
0 -1
0 -1
0 -1
0 -1
0 -1
0 -1
-2 -1
-2 -1
-2 -1
-2 -1
-2 -1
-2 -1
-2 -1
-2 -1
-2 -1
-2 -1
-2 -1
-2 -1
-2 -1
-2 -1
-2 -1
-2 -1
-2 -1
-2 -1
-2 -1
-2 -1
-2 -1
-2 -1
-2 -1
-2 -1
-2 -1
-2 -1
-2 -1
-2 -1
-2 -1
-2 -1
-2 -1
-2 -1
-2 -1
-2 -1
-2 -1
-2 -1
-2 -1
-2 -1
-2 -1
-2 -1
-2 -1
-2 -1
-2 -1
-2 -1
-2 -1
-2 -1
-2 -1
-2 -1
-2 -1
-2 -1
-2 -1
-2 -1
-2 -1
-2 -1
-2 -1
-2 -1
-2 -1
-2 -1
-2 -1
-2 -1
-2 -1
-2 -1
-2 -1
-2 -1
-2 -1
-2 -1
-2 -1
-2 -1
-2 -1
-2 -1
-2 -1
-2 -1
-2 -1
-2 -1
-2 -1
-2 -1
-2 -1
-2 -1
-2 -1
-2 -1
-2 -1
-2 -1
-2 -1
-2 -1
-2 -1
-2 -1
-2 -1
-2 -1
-2 1
-2 0
-2 0
-2 0
-2 0
-2 0
-2 0
-2 0
-2 0
-2 0
-2 0
-2 0
-2 0
-2 0
-2 0
-2 0
-2 0
-2 0
-2 0
-2 0
-2 0
-2 0
-2 0
-2 0
-2 0
-2 0
-2 0
-2 0
-2 0
-2 0
-2 0
-2 0
-2 0
-2 0
-2 0
-2 0
-2 0
-2 0
-2 0
-2 0
-2 0
-2 0
-2 0
-2 0
-2 0
-2 0
-2 0
-2 0
-2 0
-2 0
-2 0
-2 0
-2 0
-2 0
-2 0
-2 0
-2 0
-2 0
-2 0
-2 0
-2 0
-2 0
-2 0
-2 0
-2 0
-2 0
-2 0
-2 0
-2 0
-1 -1
-1 -1
-1 -1
-1 -1
-1 -1
-1 -1
-1 -1
-1 -1
-1 -1
-1 -1
-1 -1
-1 -1
-1 -1
-1 -1
-1 -1
-1 -1
-1 -1
-1 -1
-1 -1
-1 -1
-1 -1
-1 -1
-1 -1
-1 -1
-1 -1
-1 -1
-1 -1
-1 -1
-1 -1
-1 -1
-1 -1
-1 -1
-1 -1
-1 -1
-1 -1
-1 -1
-1 -1
-1 -1
-1 -1
-1 -1
-1 -1
-1 -1
-1 -1
-1 -1
-1 -1
-1 -1
-1 -1
-1 -1
-1 -1
-1 -1
-1 -1
-1 -1
-1 -1
-1 -1
-1 -1
-1 -1
-1 -1
-1 -1
-1 -1
-1 -1
-1 -1
-1 -1
-1 -1
-1 -1
-1 -1
-1 -1
-1 -1
-1 -1
-1 -1
-1 -1
-1 -1
-1 -1
-1 -1
-1 -1
-1 -1
-1 -1
2 -1
2 -1
2 -1
2 -1
2 -1
2 -1
2 -1
2 -1
2 -1
2 -1
2 -1
2 -1
2 -1
2 -1
2 -1
2 -1
2 -1
2 -1
2 -1
2 -1
2 -1
2 -1
2 -1
2 -1
2 -1
2 -1
2 -1
2 -1
2 -1
2 -1
2 -1
2 -1
2 -1
2 -1
2 -1
2 -1
2 -1
2 -1
2 -1
2 -1
2 -1
2 -1
2 -1
2 -1
2 -1
2 -1
2 -1
2 0
2 0
2 0
2 0
2 0
2 0
2 0
2 0
2 0
2 0
2 0
2 0
2 0
2 0
2 0
2 0
2 0
2 0
2 0
2 0
2 0
2 0
2 0
2 0
2 0
2 0
2 0
2 0
2 0
2 0
2 0
2 0
2 0
2 0
2 0
2 0
2 0
2 0
2 0
2 0
2 0
2 0
2 0
2 0
2 0
2 0
2 0
2 0
2 0
2 0
2 0
2 0
2 0
2 0
2 0
2 0
2 0
2 0
2 0
2 0
2 0
2 0
2 0
2 0
2 0
2 0
1 0
1 0
1 0
1 0
1 0
1 0
1 0
1 0
1 0
1 0
1 0
1 0
1 0
1 0
1 0
1 0
1 0
1 0
1 0
1 0
1 0
1 0
1 0
1 0
1 0
1 0
1 0
1 0
1 0
1 0
1 0
1 0
1 0
1 0
1 0
1 0
1 0
1 0
1 0
1 0
1 0
1 0
1 0
1 0
1 0
1 0
1 0
1 0
1 0
1 0
1 0
1 0
1 0
1 0
1 0
1 0
1 0
1 0
1 0
1 0
1 0
1 0
1 0
1 0
1 0
1 0
1 0
1 0
1 0
1 0
1 0
1 0
1 0
1 0
1 0
1 0
1 0
1 0
1 0
1 0
1 0
1 0
1 0
1 0
1 0
1 0
1 0
1 0
1 0
1 0
1 0
1 0
1 0
1 0
1 0
1 0
1 0
1 0
1 0
1 0
1 0
1 0
1 0
1 0
1 0
1 0
1 0
1 0
1 0
1 0
1 0
1 0
1 0
1 0
1 0
1 0
1 0
1 0
1 0
1 0
1 0
1 0
1 0
-1 0
-1 0
-1 0
-1 0
-1 0
-1 0
-1 0
-1 0
-1 0
-1 0
-1 0
-1 0
-1 0
-1 0
-1 0
-1 0
-1 0
-1 0
-1 0
-1 0
-1 0
-1 0
-1 0
-1 0
-1 0
-1 0
-1 0
-1 0
-1 0
-1 0
-1 0
-1 0
-1 0
-1 0
-1 0
-1 0
-1 0
-1 0
-1 0
-1 0
-1 0
-1 0
-1 0
-1 0
-1 0
-1 0
-1 0
-1 0
-1 0
-1 1
-1 1
-1 1
-1 1
-1 1
-1 1
-1 1
-1 1
-1 1
-1 1
-1 1
-1 1
-1 1
-1 1
-1 1
-1 1
-1 1
-1 1
-1 1
-1 1
-1 1
-1 1
-1 1
-1 1
-1 1
-1 1
-1 1
-1 1
-1 1
-1 1
-1 1
-1 1
-1 1
-1 1
-1 1
-1 1
-1 1
-1 1
-1 1
-1 1
-1 1
-1 1
-1 1
-1 1
-1 1
-1 1
-1 1
-1 1
-1 1
-1 1
-1 1
-1 1
-1 1
-1 1
-1 1
-1 1
-1 1
-1 1
-1 1
-1 1
-1 1
-1 1
-1 1
-1 1
-1 1
-1 1
-1 1
-1 1
-1 1
-1 1
-1 1
-1 1
-1 1
-1 1
-1 1
-1 1
-1 1
-1 1
-1 1
-1 1
-1 1
-1 1
-1 1
-1 1
-1 1
-1 1
-1 1
-1 1
-1 1
-1 1
-1 1
-1 1
-1 1
-1 1
-1 1
-1 1
-1 1
-1 1
-1 1
-1 1
-1 1
-1 1
-1 1
-1 1
-1 1
-1 1
-1 1
-1 1
-1 1
-1 1
0 1
0 1
0 1
0 1
0 1
0 1
0 1
0 1
0 1
0 1
0 1
0 1
0 1
0 1
0 1
0 1
-1 3
-1 3
-1 3
-1 3
-1 3
-1 3
-1 3
-1 3
-1 3
-1 3
-1 3
-1 3
-1 3
-1 3
-1 3
-1 3
-1 3
-1 3
-1 3
-1 3
-1 3
-1 3
-1 3
-1 3
-1 3
-1 3
-1 3
-1 3
-1 3
-1 3
-1 3
-1 3
-1 3
0 2
0 2
0 2
0 2
0 2
0 2
0 2
0 2
0 2
0 2
0 2
0 2
0 2
0 2
0 2
0 2
0 2
0 2
0 2
0 2
0 2
0 2
0 2
0 2
0 2
0 2
0 2
0 2
0 2
0 2
0 2
0 2
0 2
0 2
0 2
0 2
0 2
0 2
0 2
0 2
0 2
0 2
0 2
0 2
0 2
0 2
0 2
-1 1
-1 0
-1 0
-1 0
-1 0
-1 0
-1 0
-1 0
-1 0
-1 0
-1 0
-1 0
-1 0
-1 0
-1 0
-1 0
-1 0
-1 0
-1 0
-1 0
-1 0
-1 0
-1 0
-1 0
-1 0
-1 0
-1 0
-1 0
-1 0
-1 0
-1 0
-1 0
-1 0
-1 0
-1 0
-1 0
-1 0
-1 0
-1 0
-1 0
-1 0
-1 0
-1 0
-1 0
-1 0
-1 0
-1 0
-1 0
-1 0
-1 0
-1 0
-1 0
-1 0
-1 0
-1 0
-1 0
-1 0
-1 0
-1 0
-1 0
-1 0
-1 0
-1 0
-1 0
-1 0
-1 0
-1 0
-1 0
-1 0
-1 0
-1 0
-1 0
-1 0
-1 0
-1 0
-1 0
-1 0
-1 0
-1 0
-1 0
-1 0
-1 0
-1 0
-1 0
-1 0
-1 0
-1 0
-1 0
-1 0
-1 0
-1 0
-1 0
-1 0
-1 0
-1 0
-1 0
-1 0
-1 0
-1 0
-1 0
-1 0
0 1
0 1
0 1
0 1
0 1
0 1
0 1
0 1
0 1
0 1
0 1
0 1
0 1
0 1
0 1
0 1
0 1
0 1
0 1
0 1
0 1
0 1
0 1
0 1
0 1
0 1
0 1
0 1
0 1
0 1
0 1
0 1
0 1
0 1
0 1
0 1
0 1
0 1
0 1
0 1
0 1
0 1
0 1
0 1
0 1
0 1
0 1
0 1
0 1
0 1
0 1
1 0
1 0
1 0
1 0
1 0
1 0
1 0
1 0
1 0
1 0
1 0
1 0
1 0
1 0
1 0
1 0
1 0
1 0
1 0
1 0
1 0
1 0
1 0
1 0
1 0
1 0
1 0
1 0
1 0
1 0
1 0
1 0
1 0
1 0
1 0
1 0
1 0
1 0
1 0
1 0
1 0
1 0
1 0
1 0
1 0
1 0
1 0
1 0
1 0
1 0
1 0
1 0
1 0
1 0
1 0
1 0
1 0
1 0
1 0
1 0
1 0
1 0
1 0
1 0
1 0
1 0
1 0
1 0
1 0
1 0
1 0
1 0
1 0
1 0
1 0
1 0
1 0
1 0
1 0
1 0
1 0
1 0
1 0
1 0
1 0
1 0
1 0
1 0
1 0
1 0
1 0
1 0
1 0
1 0
1 0
1 0
1 0
1 0
1 0
1 0
1 0
1 0
1 0
1 0
1 0
-1 -1
-1 -1
-1 -1
-1 -1
-1 -1
-1 -1
-1 -1
-1 -1
-1 -1
-1 -1
-1 -1
-1 -1
-1 -1
-1 -1
-1 -1
-1 -1
-1 -1
-1 -1
-1 -1
-1 -1
-1 -1
-1 -1
-1 -1
-1 -1
-1 -1
-1 -1
-1 -1
-1 -1
-1 -1
-1 -1
-1 -1
-1 -1
-1 -1
-1 -1
-1 -1
-1 -1
-1 -1
-1 -1
-1 -1
-1 -1
-1 -1
-1 -1
-1 -1
-1 -1
-1 -1
-1 -1
-1 -1
-1 -1
-1 -1
-1 -1
-1 -1
-1 -1
-1 -1
-1 -1
-1 -1
-1 -1
-1 -1
-1 -1
-1 -1
-1 -1
-1 -1
-1 -1
-1 -1
-1 -1
-1 -1
-1 -1
-1 -1
-1 -1
-1 -1
-1 -1
-1 -1
-1 -1
-1 -1
-1 -1
-1 -1
-1 -1
-1 -1
-1 -1
-1 -1
-1 -1
-1 -1
-1 -1
-1 -1
-1 -1
-1 -1
-1 -1
-1 -1
-1 -1
-1 -1
-1 -1
-1 -1
-1 -1
-1 -1
-1 -1
-1 -1
-1 -1
0 -1
0 -1
0 -1
0 -1
0 -1
0 -1
0 -1
0 -1
0 -1
0 -1
0 -1
0 -1
0 -1
0 -1
0 -1
2 0
2 0
2 0
2 0
2 0
2 0
2 0
2 0
2 0
2 0
2 0
2 0
2 0
2 0
2 0
1 -1
1 -1
1 -1
1 -1
1 -1
1 -1
1 -1
1 -1
1 -1
1 -1
1 -1
1 -1
1 -1
1 -1
1 -1
1 -1
1 -1
1 -1
1 -1
1 -1
1 -1
1 -1
1 -1
1 -1
1 -1
1 -1
1 -1
1 -1
1 -1
1 -1
1 -1
1 -1
1 -1
1 -1
1 -1
1 -1
1 -1
1 -1
1 -1
1 -1
1 -1
1 -1
1 -1
1 -1
1 -1
1 -1
1 -1
1 -1
1 -1
1 -1
1 -1
1 -1
1 -1
1 -1
1 -1
1 -1
1 -1
1 -1
1 -1
1 -1
1 -1
1 -1
1 -1
1 -1
1 -1
1 -1
1 -1
1 -1
1 -1
1 -1
1 -1
1 -1
1 -1
1 -1
1 -1
1 -1
1 -1
1 -1
1 -1
1 -1
1 -1
1 -1
1 -1
1 -1
1 -1
1 -1
1 -1
1 -1
1 -1
1 -1
1 -1
1 -1
1 -1
1 -1
1 -1
1 -1
1 -1
1 -1
1 -1
1 -1
1 -1
1 -1
1 -1
1 -1
1 -1
1 -1
1 -1
1 -1
1 -1
1 -1
1 -1
1 -1
1 -1
1 -1
1 -1
1 -1
1 -1
1 -1
1 -1
1 -1
1 -1
1 -1
1 -1
1 -1
1 -1
1 -1
1 -1
1 -1
2 0
2 0
2 0
2 0
2 0
2 0
2 0
2 0
2 0
2 0
2 0
2 0
2 0
2 0
2 0
2 0
2 0
2 0
2 0
2 0
2 0
2 0
2 0
2 0
2 0
2 0
2 0
2 0
2 0
2 0
2 0
2 0
2 0
2 0
1 0
1 0
1 0
1 0
1 0
1 0
1 0
1 0
1 0
1 0
1 0
1 0
1 0
1 0
1 0
1 0
1 0
2 0
2 0
2 0
2 0
2 0
2 0
2 0
2 0
2 0
2 0
2 0
2 0
2 0
2 0
2 0
2 0
2 0
2 0
2 0
2 0
2 0
2 0
2 0
2 0
2 0
2 0
2 0
2 0
2 0
2 0
2 0
2 0
2 0
2 0
2 0
2 0
1 1
1 1
1 1
1 1
1 1
1 1
1 1
1 1
1 1
1 1
1 1
1 1
1 1
1 1
1 1
1 1
1 1
1 1
1 1
1 1
1 1
1 1
1 1
1 1
1 1
1 1
1 1
1 1
1 1
1 1
1 1
1 1
1 1
1 3
1 3
1 3
1 3
1 3
1 3
1 3
1 3
1 3
1 3
1 3
1 3
1 3
1 3
1 3
1 3
1 3
1 3
1 3
1 3
1 3
1 3
1 3
1 3
1 3
1 3
1 3
1 3
1 3
1 3
1 3
1 3
1 3
1 3
1 3
1 0
1 0
1 0
1 0
1 0
1 0
1 0
1 0
1 0
1 0
1 0
1 0
1 0
1 0
1 0
1 0
1 0
1 0
1 0
1 0
1 0
1 0
1 0
1 0
1 0
1 0
1 0
1 0
1 0
0 -2
0 -2
0 -2
0 -2
0 -2
0 -2
0 -2
0 -2
0 -2
0 -2
0 -2
0 -2
0 -2
0 -2
0 -2
0 -2
0 -2
0 -2
0 -2
0 -2
0 -2
0 -2
0 -2
0 -2
0 -2
0 -2
0 -2
0 -2
0 -2
0 -2
0 -2
0 -2
0 -2
0 -2
0 -2
0 -2
-3 -4
-3 -4
-3 -4
-3 -4
-3 -4
-3 -4
-3 -4
-3 -4
-3 -4
-3 -4
-3 -4
-3 -4
-3 -4
-3 -4
-3 -4
-3 -4
-3 -4
-3 -4
-3 -4
-3 -4
-3 -4
-3 -4
-3 -4
-3 -4
-3 -4
-3 -4
-3 -4
-3 -4
-3 -4
-3 -4
-3 -4
-4 -3
-4 -3
-4 -3
-4 -3
-4 -3
-4 -3
-4 -3
-4 -3
-4 -3
-4 -3
-4 -3
-4 -3
-4 -3
-4 -3
-3 -4
-3 -4
-3 -4
-3 -4
-3 -4
-3 -4
-3 -4
-3 -4
-3 -4
-3 -4
-3 -4
-3 -4
-3 -4
-3 -4
-3 -4
-3 -4
-3 -6
-3 -6
-3 -6
-3 -6
-3 -6
-3 -6
-3 -6
-3 -6
-3 -6
-3 -6
-3 -6
-3 -6
-3 -6
-3 -6
-3 -6
-3 -6
-3 -6
-3 -6
-3 -6
-3 -6
-3 -6
-3 -6
-3 -6
-3 -6
-3 -6
-3 -6
-3 -6
-3 -6
-3 -6
-3 -6
-3 -6
-3 -6
-3 -6
-3 -6
-3 -6
-3 -6
-3 -6
-3 -6
-3 -6
-3 -6
-3 -6
-3 -6
-3 -6
-3 -6
-3 -6
-3 -6
-3 -6
-3 -6
-2 -7
-2 -7
-1 -6
-1 -6
-1 -6
-1 -6
-1 -6
-1 -6
-1 -6
-1 -6
-1 -6
-1 -6
-1 -6
-1 -6
-1 -6
-1 -6
-1 -6
-1 -6
-1 -6
-1 -6
-1 -6
-1 -6
-1 -6
-1 -6
-1 -6
-1 -6
-1 -6
-1 -6
-1 -6
-1 -6
-1 -6
-1 -6
-1 -6
-1 -6
-1 -6
-1 -6
-1 -6
-1 -6
-1 -6
-1 -6
-1 -6
-1 -6
-1 -6
-1 -6
-1 -6
-1 -6
-1 -6
-1 -6
-1 -6
-1 -6
-1 -6
-1 -6
-1 -6
-1 -6
-1 -6
-1 -6
-1 -6
-1 -6
-1 -6
-1 -6
-1 -6
-1 -6
-1 -6
-1 -6
-1 -6
-1 -6
-1 -6
-1 -6
-1 -6
-1 -6
-1 -6
1 -6
0 -4
0 -4
0 -4
0 -4
0 -4
0 -4
0 -4
0 -4
0 -4
0 -4
0 -4
0 -4
0 -4
0 -4
0 -4
0 -4
0 -4
0 -4
0 -4
0 -4
0 -4
0 -4
0 -4
0 -4
0 -4
0 -4
0 -1
0 -1
0 -1
0 -1
0 -1
0 -1
0 -1
0 -1
0 -1
0 -1
0 -1
0 -1
0 -1
0 -1
0 -1
0 -1
0 -1
0 -1
0 -1
0 -1
0 -1
0 -1
0 -1
-1 -2
-1 -2
-1 -2
-1 -2
-1 -2
-1 -2
-1 -2
-1 -2
-1 -2
-1 -2
-1 -2
-1 -2
-1 -2
-1 -2
-1 -2
-1 -2
-1 -2
-1 -2
-1 -2
-1 -2
-1 -2
-1 -2
-1 -2
-1 -2
-1 -2
-1 -2
-1 -2
-1 -2
-1 -2
-1 -2
-1 -2
-1 -2
-1 -2
-1 -2
-1 -2
-1 -2
-1 -2
-1 -2
-1 -2
-1 -2
-1 -2
-1 -2
-1 -2
-1 -2
-1 -2
-1 -2
-1 -2
-1 -2
-1 -2
-1 -2
-1 -2
-1 -2
-1 -2
-1 -2
-1 -2
-1 -2
-1 -2
-1 -2
-1 -2
-1 -2
-1 -2
-1 -2
-1 -2
-1 -2
-1 -2
-1 -2
-1 -2
-1 -2
-1 -2
-1 -2
-1 -2
-1 -2
-1 -2
-1 -2
-2 0
-2 0
-2 0
-2 0
-2 0
-2 0
-2 0
-2 0
-2 0
-2 0
-2 0
-2 0
-2 0
-2 0
-2 0
-2 0
-2 0
-2 0
-2 0
-2 0
-2 0
-2 0
-2 0
-2 0
-2 0
-2 0
-2 0
-2 0
-2 0
-2 0
-2 0
-2 0
-2 0
-2 0
-2 0
-2 0
-2 0
-2 0
-2 0
-2 0
-2 0
-2 0
-2 0
-2 0
-2 0
-2 0
-2 0
-2 0
-2 0
-2 0
-2 0
-2 0
-2 0
-2 0
-2 0
-2 0
-2 0
-2 0
-2 0
-2 0
-2 0
-2 0
-2 0
-2 0
-2 0
-2 0
-2 0
-2 0
-2 0
-2 0
-2 0
-2 0
-2 0
-2 0
-2 0
-2 0
-2 0
-2 0
-2 0
-2 0
-2 0
-2 0
-2 0
-2 0
-2 0
-2 0
-2 0
-2 0
-2 0
-2 0
-2 0
-2 0
-2 0
1 0
1 0
1 0
1 0
1 0
1 0
1 0
1 0
1 0
1 0
1 0
1 0
1 0
1 0
1 0
1 0
1 0
1 0
1 0
1 0
1 0
1 0
1 0
1 0
1 0
1 0
1 0
1 0
1 0
1 0
1 0
1 0
1 0
1 0
1 0
1 0
1 0
1 0
1 0
1 0
1 0
1 0
1 0
1 0
1 0
1 0
1 0
1 0
2 0
2 0
2 0
2 0
2 0
2 0
2 0
2 0
2 0
2 0
2 0
2 0
2 0
2 0
2 0
2 0
2 0
2 0
2 0
2 0
2 0
2 0
2 0
2 0
2 0
2 0
2 0
2 0
2 0
2 0
2 0
2 0
2 0
2 0
2 0
2 0
2 0
2 0
2 0
2 0
2 0
2 0
2 0
2 0
2 0
2 0
2 0
2 0
2 0
2 0
2 0
5 0
5 0
5 0
5 0
5 0
5 0
5 0
5 0
5 0
5 0
5 0
5 0
5 0
5 0
5 0
5 0
5 0
5 0
5 0
5 0
5 0
5 0
5 0
5 0
5 0
5 0
5 0
5 0
5 0
5 0
5 0
5 0
5 0
5 0
5 0
5 0
5 0
5 0
5 0
5 0
5 0
5 0
5 0
5 0
5 0
5 0
5 0
5 0
5 0
4 0
4 0
4 0
4 0
4 0
4 0
4 0
4 0
4 0
4 0
4 0
4 0
4 0
4 0
4 0
4 0
4 0
4 0
4 0
4 0
4 0
4 0
4 0
4 0
4 0
4 0
4 0
4 0
4 0
4 0
4 0
4 0
4 0
-1 0
-1 0
-1 0
-1 0
-1 0
-1 0
-1 0
-1 0
-1 0
-1 0
-1 0
-1 0
-1 0
-1 0
-1 0
-1 0
-1 0
-1 0
-1 0
-1 0
-1 0
-1 0
-1 0
-1 0
-1 0
-1 0
-1 0
-1 0
-1 0
-1 0
-1 0
-1 0
-1 0
-1 0
0 -1
0 -1
0 -1
0 -1
0 -1
0 -1
0 -1
0 -1
0 -1
0 -1
0 -1
0 -1
0 -1
0 -1
0 -1
0 -1
0 -1
0 -1
0 -1
0 -1
0 -1
0 -1
0 -1
0 -1
0 -1
0 -1
0 -1
0 -1
0 -1
0 -1
0 -1
0 -1
0 -1
0 -1
0 -1
-4 0
-4 0
-4 0
-4 0
-4 0
-4 0
-4 0
-4 0
-4 0
-4 0
-4 0
-4 0
-4 0
-4 0
-4 0
-4 0
-4 0
-4 0
-4 0
-4 0
-4 0
-4 0
-4 0
-4 0
-4 0
-4 0
-4 0
-4 0
-4 0
-4 0
-4 0
-4 0
-4 0
-4 0
-4 0
-4 0
-4 0
-4 0
-4 0
-4 0
-5 0
-5 0
-5 0
-5 0
-5 0
-5 0
-5 0
-5 0
-5 0
-5 0
-5 0
-5 0
-5 0
-5 0
-5 0
-5 0
-5 0
-4 1
-4 1
-4 1
-4 1
-4 1
-4 1
-4 1
-4 1
-4 1
-4 1
-4 1
-4 1
-4 1
-4 1
-4 1
-4 1
-4 1
-4 1
-4 1
-4 1
-3 1
-3 1
-3 1
-3 1
-3 1
-3 1
-3 1
-3 1
-3 1
-3 1
-3 1
-3 1
-3 1
-3 1
-3 1
-3 1
-2 0
-2 0
-2 0
-2 0
-2 0
-2 0
-2 0
-2 0
-2 0
-2 0
-2 0
-2 0
-2 0
-2 0
-2 0
-2 0
-2 0
-2 0
-2 0
-2 0
-2 0
-2 0
-2 0
-2 0
-2 0
-2 0
-2 0
-2 0
-2 0
-2 0
-2 0
-2 0
-2 0
-2 0
-2 0
-2 0
-2 0
-2 0
-2 0
-2 0
-2 0
-2 0
-2 0
-2 0
-2 0
-2 0
-2 0
-2 0
-2 0
-2 0
-2 0
-2 0
-2 0
-2 0
-2 0
-2 0
-2 0
-2 0
-2 0
-2 0
-2 0
-2 0
-2 0
-2 0
-2 0
-2 0
-2 0
-2 0
-2 0
-2 0
-2 0
-2 0
