2 7
1 9
1 9
1 9
1 9
1 9
1 9
1 9
1 9
1 9
1 9
1 9
1 9
1 9
1 9
1 9
1 9
1 9
1 9
1 9
1 9
1 9
1 9
1 9
1 9
1 9
1 9
1 9
1 9
1 9
1 9
1 9
1 9
1 9
1 9
1 9
1 9
1 9
1 9
1 9
1 9
1 9
1 9
1 9
1 9
3 9
3 9
3 9
3 9
3 9
3 9
3 9
3 9
3 9
3 9
3 9
3 9
3 9
3 9
3 9
3 9
3 9
3 9
2 10
2 10
2 10
2 10
2 10
2 10
2 10
2 10
2 10
2 10
2 10
2 10
2 10
2 10
2 10
2 10
2 10
2 10
2 10
2 10
2 10
2 10
2 10
2 10
2 10
2 10
2 10
2 10
2 10
2 10
2 10
2 10
2 10
2 10
2 10
2 10
2 10
2 10
2 10
2 10
2 10
3 15
3 15
3 15
3 15
3 15
3 15
3 15
3 15
3 15
3 15
3 15
3 15
3 15
3 15
3 15
4 17
4 17
4 17
4 17
4 17
4 17
4 17
4 17
4 17
4 17
4 17
4 17
4 17
4 17
4 17
4 17
4 17
4 17
4 17
4 17
4 17
4 17
4 17
4 17
4 17
4 17
4 17
4 17
4 17
4 17
4 17
4 17
4 17
4 17
4 17
4 17
4 17
4 17
4 17
4 17
4 17
4 17
4 17
4 17
4 17
4 17
1 22
1 22
1 22
1 22
1 22
1 22
1 22
1 22
1 22
1 22
1 22
1 22
1 22
1 22
1 22
1 22
1 22
1 22
1 22
1 22
1 22
1 22
1 22
1 22
1 22
1 22
1 22
1 22
1 22
1 22
1 22
1 22
1 22
1 22
1 22
1 22
1 22
1 22
1 22
1 22
1 22
1 22
1 22
1 22
1 22
1 22
1 22
1 22
1 22
1 22
1 22
1 22
1 22
3 26
4 29
4 29
4 29
4 29
4 29
4 29
4 29
4 29
4 29
4 29
4 29
4 29
4 29
4 29
4 29
4 29
4 29
4 29
4 29
4 29
4 29
4 29
4 29
4 29
4 29
4 29
4 29
4 29
4 29
4 29
4 29
4 29
4 29
4 29
4 29
4 29
4 29
4 29
4 29
4 29
4 29
4 29
4 29
4 29
4 29
4 29
4 29
4 29
7 26
7 26
7 26
7 26
7 26
7 26
7 26
7 26
7 26
7 26
7 26
7 26
7 26
7 26
7 26
7 26
7 26
7 26
-1 33
-1 33
-1 33
-1 33
-1 33
-1 33
-1 33
-1 33
-1 33
-1 33
-1 33
-1 33
-1 33
-1 33
-1 33
-1 33
-1 33
-1 33
-1 33
-1 33
-1 33
-1 33
-1 33
-1 33
-1 33
-1 33
-1 33
0 39
0 39
0 39
0 39
0 39
0 39
0 39
0 39
0 39
0 39
0 39
0 39
0 39
0 39
0 39
0 39
0 39
0 39
0 39
0 39
0 39
0 39
0 39
0 39
0 39
0 39
0 39
0 39
0 39
0 39
0 39
0 39
0 39
0 39
0 39
0 39
0 39
0 39
0 39
0 39
0 39
0 39
0 39
0 39
0 39
0 39
0 39
0 39
0 39
0 39
0 39
0 39
0 39
0 39
0 39
0 39
0 39
0 39
0 39
0 39
0 39
0 39
0 39
0 39
0 39
0 39
0 39
0 39
0 39
0 39
0 39
0 39
0 39
0 39
0 39
0 39
2 42
1 42
1 42
1 42
1 42
1 42
1 42
1 42
1 42
1 42
1 42
1 42
1 42
1 42
1 42
1 42
1 42
1 42
1 42
1 42
1 42
1 42
1 42
1 42
1 42
1 42
1 42
1 42
1 42
1 42
1 42
1 42
1 42
1 42
1 42
1 42
1 42
1 42
1 42
1 42
1 42
1 42
1 42
1 42
1 42
1 42
1 42
1 42
1 42
1 42
1 42
1 42
2 40
2 40
2 40
2 40
2 40
2 40
2 40
2 40
2 40
2 40
2 40
2 40
2 40
2 40
2 40
2 40
2 40
2 40
2 40
2 40
2 40
2 40
2 40
2 40
2 40
2 40
4 42
4 42
4 42
4 42
4 42
4 42
4 42
4 42
4 42
4 42
4 42
4 42
4 42
4 42
4 42
4 42
4 42
4 42
4 42
4 42
4 42
4 42
4 42
4 42
4 42
4 42
4 42
1 40
1 40
1 40
1 40
1 40
1 40
1 40
1 40
1 40
1 40
1 40
1 40
1 40
1 40
1 40
1 40
1 40
1 40
1 40
1 40
1 40
1 40
1 40
1 40
1 40
1 40
1 40
1 40
1 40
1 40
1 40
1 40
1 40
1 40
1 40
1 40
1 40
1 40
1 40
1 40
1 40
1 40
1 40
1 40
1 40
1 40
1 40
1 40
1 40
1 40
1 40
1 40
1 40
1 40
5 42
5 42
5 42
5 42
5 42
5 42
5 42
5 42
5 42
5 42
5 42
5 42
5 42
5 42
5 42
5 42
5 42
5 42
5 42
5 42
5 42
5 42
5 42
5 42
5 42
5 42
5 42
5 42
5 42
5 42
5 42
5 42
5 42
5 42
5 42
5 42
5 42
5 42
5 42
9 43
9 43
9 43
9 43
9 43
9 43
9 43
9 43
9 43
9 43
9 43
9 43
9 43
9 43
9 43
9 43
9 43
9 43
9 43
9 43
9 43
9 43
9 43
9 43
9 43
9 43
9 43
9 43
9 43
9 43
9 43
9 43
9 43
9 43
9 43
9 43
9 43
9 43
9 43
9 43
9 43
9 43
9 43
9 43
9 43
10 43
10 43
10 43
10 43
10 43
10 43
10 43
10 43
10 43
10 43
10 43
10 43
10 43
10 43
10 43
10 43
10 43
10 43
10 43
10 43
10 43
16 45
16 45
16 45
16 45
16 45
16 45
16 45
16 45
16 45
16 45
16 45
16 45
16 45
16 45
16 45
16 45
16 45
16 45
16 45
16 45
16 45
16 45
16 45
16 45
16 45
16 45
16 45
16 45
16 45
16 45
16 45
16 45
16 45
16 45
16 45
16 45
16 45
16 45
16 45
16 45
16 45
16 45
16 45
16 45
16 45
16 45
16 45
16 45
16 45
16 45
17 43
17 43
17 43
17 43
17 43
17 43
17 43
17 43
17 43
17 43
17 43
17 43
17 43
17 43
17 43
17 43
17 43
17 43
17 43
17 43
17 43
17 43
17 43
17 43
17 43
17 43
17 43
17 43
17 43
17 43
17 43
17 43
17 43
17 43
17 43
17 43
17 43
17 43
17 43
17 43
17 43
17 43
17 43
17 43
17 43
17 43
17 43
17 43
17 43
17 43
17 43
13 46
13 46
13 46
13 46
13 46
13 46
13 46
13 46
13 46
13 46
13 46
13 46
13 46
13 46
13 46
13 46
13 46
13 46
13 46
13 46
13 46
13 46
13 46
13 46
13 46
13 46
13 46
13 46
13 46
13 46
13 46
13 46
13 46
13 46
13 46
13 46
13 46
13 46
13 46
13 46
13 46
13 46
13 46
13 46
13 46
13 46
13 46
13 46
13 46
13 46
13 46
13 46
13 46
13 46
13 46
13 46
13 46
17 46
17 46
11 48
11 48
11 48
11 48
11 48
11 48
11 48
11 48
11 48
11 48
11 48
11 48
11 48
11 48
11 48
11 48
11 48
11 48
11 48
11 48
11 48
11 48
11 48
11 48
13 42
13 42
13 42
13 42
13 42
13 42
13 42
13 42
13 42
13 42
13 42
13 42
13 42
13 42
13 42
13 42
13 42
13 42
13 42
13 42
13 42
13 42
13 42
13 42
13 42
13 42
13 42
13 42
13 42
13 42
13 42
13 42
13 42
13 42
13 42
13 42
13 42
13 42
13 42
13 42
13 42
13 42
13 42
13 42
13 42
13 42
13 42
13 42
13 42
13 42
19 52
19 52
19 52
19 52
19 52
19 52
19 52
19 52
19 52
19 52
19 52
19 52
19 52
19 52
19 52
19 52
19 52
19 52
19 52
19 52
19 52
19 52
19 52
19 52
19 52
18 49
18 49
18 49
18 49
18 49
18 49
18 49
18 49
18 49
18 49
18 49
18 49
18 49
18 49
18 49
18 49
18 49
18 49
18 49
18 49
18 49
18 49
18 49
18 49
18 49
18 49
18 49
18 49
18 49
18 49
18 49
18 49
18 49
18 49
18 49
18 49
18 49
18 49
18 49
18 49
18 49
18 49
18 49
18 49
18 49
18 49
18 49
18 49
18 49
18 49
18 49
18 49
18 49
22 57
22 57
22 57
22 57
22 57
22 57
22 57
22 57
22 57
22 57
22 57
22 57
22 57
22 57
22 57
22 57
22 57
22 57
22 57
22 57
22 57
22 57
22 57
22 57
22 57
22 57
22 57
22 57
22 57
22 57
22 57
22 57
22 57
22 57
22 57
22 57
22 57
22 57
22 57
22 57
22 57
22 57
22 57
22 57
22 57
22 57
22 57
22 57
22 57
22 57
22 57
22 57
22 57
22 57
22 57
24 48
19 44
19 44
19 44
19 44
19 44
19 44
19 44
19 44
19 44
19 44
19 44
19 44
19 44
19 44
19 44
19 44
19 44
19 44
19 44
19 44
19 44
19 44
19 44
19 44
19 44
19 44
19 44
19 44
19 44
19 44
19 44
19 44
19 44
19 44
19 44
19 44
19 44
19 44
19 44
19 44
19 44
19 44
19 44
19 44
19 44
19 44
19 44
19 44
19 44
27 50
27 50
27 50
27 50
27 50
27 50
27 50
27 50
27 50
27 50
27 50
27 50
27 50
27 50
27 50
27 50
27 50
27 50
27 50
27 50
27 50
27 50
27 50
27 50
27 50
26 52
26 52
26 52
26 52
26 52
26 52
26 52
26 52
26 52
26 52
26 52
26 52
26 52
26 52
26 52
26 52
26 52
26 52
26 52
26 52
26 52
23 43
23 43
23 43
23 43
23 43
23 43
23 43
23 43
23 43
23 43
23 43
23 43
23 43
23 43
23 43
23 43
23 43
23 43
23 43
23 43
23 43
23 43
23 43
23 43
23 43
23 43
23 43
23 43
23 43
23 43
23 43
23 43
23 43
23 43
23 43
23 43
23 43
23 43
23 43
23 43
23 43
23 43
23 43
23 43
23 43
23 43
23 43
23 43
23 43
23 43
23 43
23 44
23 44
23 44
23 44
23 44
23 44
23 44
23 44
23 44
23 44
23 44
23 44
23 44
23 44
23 44
23 44
23 44
23 44
23 44
23 44
23 44
23 44
23 44
23 44
23 44
23 44
23 44
23 44
23 44
23 44
23 44
23 44
23 44
23 44
23 44
23 44
23 44
23 44
23 44
23 44
23 44
23 44
23 44
23 44
23 44
23 44
23 44
23 44
23 44
23 44
23 44
23 44
28 44
28 44
28 44
28 44
28 44
28 44
28 44
28 44
28 44
28 44
28 44
28 44
28 44
28 44
28 44
28 44
28 44
28 44
28 44
28 44
28 44
28 44
28 44
28 44
24 42
24 42
24 42
24 42
24 42
24 42
24 42
24 42
24 42
24 42
24 42
24 42
24 42
24 42
24 42
24 42
24 42
24 42
24 42
24 42
24 42
24 42
24 42
24 42
24 42
24 42
29 48
29 48
29 48
29 48
29 48
29 48
29 48
29 48
29 48
29 48
29 48
29 48
29 48
29 48
29 48
29 48
29 48
29 48
29 48
29 48
29 48
29 48
30 46
30 46
30 46
30 46
30 46
30 46
30 46
30 46
30 46
30 46
30 46
30 46
30 46
30 46
30 46
30 46
30 46
30 46
30 46
30 46
30 46
30 46
30 46
30 46
30 46
30 46
30 46
30 46
30 46
30 46
30 46
30 46
30 46
30 46
30 46
30 46
30 46
30 46
30 46
30 46
30 46
30 46
30 46
30 46
30 46
30 46
30 46
30 46
30 42
30 42
30 42
30 42
30 42
30 42
30 42
30 42
30 42
30 42
30 42
30 42
30 42
30 42
30 42
30 42
30 42
30 42
30 42
30 42
30 42
30 42
30 42
30 42
30 42
30 42
30 42
30 42
30 42
30 42
30 42
30 42
30 42
30 42
30 42
30 42
30 42
30 42
30 42
30 42
30 42
30 42
30 42
30 42
30 42
30 42
30 42
30 42
30 42
34 43
34 43
34 43
34 43
34 43
34 43
34 43
34 43
34 43
34 43
34 43
34 43
34 43
34 43
34 43
34 43
34 43
34 43
34 43
34 43
34 43
34 43
34 43
34 43
34 43
34 43
34 43
34 43
34 43
34 43
34 43
34 43
34 43
34 43
34 43
34 43
34 43
34 43
34 43
34 43
34 43
34 43
34 43
34 43
34 43
34 43
34 31
29 36
29 36
29 36
29 36
29 36
29 36
29 36
29 36
29 36
29 36
29 36
29 36
29 36
29 36
29 36
29 36
29 36
29 36
29 36
29 36
29 36
29 36
29 36
31 39
31 39
31 39
31 39
31 39
31 39
31 39
31 39
31 39
31 39
31 39
31 39
31 39
31 39
31 39
31 39
31 39
31 39
31 39
31 39
31 39
31 39
31 39
31 39
31 39
31 39
31 39
31 39
31 39
31 39
31 39
31 39
31 39
31 39
31 39
31 39
31 39
31 39
31 39
31 39
35 31
35 31
35 31
35 31
35 31
35 31
35 31
35 31
35 31
35 31
35 31
35 31
35 31
35 31
35 31
35 31
35 31
35 31
35 31
35 31
35 31
31 28
31 28
31 28
31 28
31 28
31 28
31 28
31 28
31 28
31 28
31 28
31 28
31 28
31 28
31 28
31 28
31 28
31 28
31 28
31 28
31 28
31 28
31 28
31 28
31 28
31 28
31 28
31 28
31 28
31 28
31 28
31 28
31 28
31 28
31 28
31 28
31 28
31 28
31 28
31 28
31 28
31 28
31 28
31 28
31 28
31 28
31 28
31 28
31 28
31 28
31 28
40 31
40 31
40 31
40 31
40 31
40 31
40 31
40 31
40 31
40 31
40 31
40 31
40 31
40 31
40 31
40 31
40 31
40 31
40 31
40 31
40 31
40 31
40 31
40 31
40 31
40 31
40 31
40 31
40 31
40 31
40 31
40 31
40 31
40 31
40 31
40 31
40 31
40 31
40 31
40 31
40 31
40 31
34 28
32 32
32 32
32 32
32 32
32 32
32 32
32 32
32 32
32 32
32 32
32 32
32 32
32 32
32 32
32 32
32 32
32 32
32 32
32 32
32 32
32 32
32 32
32 32
32 32
32 32
32 32
32 32
32 32
32 32
32 32
32 32
32 32
32 32
32 32
32 32
32 32
32 32
32 32
32 32
32 32
32 32
32 32
32 32
32 32
32 32
32 32
32 32
32 32
32 32
32 32
36 19
36 19
36 19
36 19
36 19
36 19
36 19
36 19
36 19
36 19
36 19
36 19
36 19
36 19
36 19
36 19
36 19
36 19
36 19
36 19
36 19
36 19
36 19
36 19
36 19
37 34
37 34
37 34
37 34
37 34
37 34
37 34
37 34
37 34
37 34
37 34
37 34
37 34
37 34
37 34
37 34
37 34
37 34
37 34
37 34
37 34
37 34
37 34
37 34
37 34
37 34
37 34
37 34
37 34
37 34
37 34
37 34
37 34
37 34
37 34
37 34
37 34
37 34
37 34
37 34
37 34
37 34
37 34
37 34
37 34
37 34
37 34
39 27
39 27
39 27
39 27
39 27
39 27
39 27
39 27
39 27
39 27
39 27
39 27
39 27
39 27
39 27
39 27
39 27
39 27
39 27
39 27
39 27
39 27
39 27
39 27
39 27
39 27
39 27
39 27
39 27
39 27
39 27
39 27
39 27
39 27
39 27
39 27
39 27
39 27
39 27
39 27
39 27
39 27
39 27
39 27
39 27
39 27
39 27
39 27
39 27
39 27
39 27
39 27
33 18
33 18
33 18
33 18
33 18
33 18
33 18
33 18
33 18
33 18
33 18
33 18
33 18
33 18
33 18
33 18
33 18
33 18
33 18
33 18
33 18
33 18
33 18
33 18
33 18
33 18
33 18
33 18
33 18
33 18
33 18
33 18
33 18
33 18
33 18
33 18
33 18
33 18
33 18
33 18
33 18
33 18
33 18
33 18
33 18
33 18
35 17
35 17
35 17
35 17
35 17
35 17
35 17
35 17
35 17
35 17
35 17
35 17
35 17
35 17
35 17
35 17
35 17
35 17
35 17
35 17
35 17
35 17
35 17
35 17
35 17
37 19
37 19
37 19
37 19
37 19
37 19
37 19
37 19
37 19
37 19
37 19
37 19
37 19
37 19
37 19
37 19
37 19
37 19
37 19
37 19
37 19
37 19
37 19
37 19
37 19
37 19
44 16
44 16
44 16
44 16
44 16
44 16
44 16
44 16
44 16
44 16
44 16
44 16
44 16
44 16
44 16
44 16
44 16
44 16
44 16
44 16
44 16
44 16
44 16
44 16
44 16
44 16
44 16
44 16
44 16
44 16
44 16
44 16
44 16
44 16
44 16
44 16
44 16
44 16
44 16
44 16
44 16
44 16
44 16
44 16
44 16
33 8
33 8
33 8
33 8
33 8
33 8
33 8
33 8
33 8
33 8
33 8
33 8
33 8
33 8
33 8
33 8
33 8
33 8
33 8
33 8
33 8
33 8
33 8
33 8
33 8
33 8
33 8
33 8
33 8
33 8
33 8
33 8
33 8
33 8
33 8
33 8
33 8
33 8
33 8
33 8
33 8
33 8
33 8
33 8
33 8
33 8
33 8
33 8
33 8
33 8
33 8
33 8
35 11
35 11
35 11
35 11
35 11
35 11
35 11
35 11
35 11
35 11
35 11
35 11
35 11
35 11
35 11
35 11
35 11
35 11
35 11
35 11
35 11
35 11
35 11
40 9
40 9
40 9
40 9
40 9
40 9
40 9
40 9
40 9
40 9
40 9
40 9
40 9
40 9
40 9
40 9
40 9
40 9
40 9
40 9
40 9
40 9
40 9
40 9
40 9
40 9
40 9
40 9
40 9
40 9
40 9
40 9
40 9
40 9
40 9
40 9
40 9
40 9
40 9
40 9
40 9
40 9
40 9
40 9
40 9
40 9
40 9
41 4
41 4
41 4
41 4
41 4
41 4
41 4
41 4
41 4
41 4
41 4
41 4
41 4
41 4
41 4
41 4
41 4
41 4
41 4
41 4
41 4
41 4
41 4
41 4
41 4
41 4
41 4
41 4
41 4
41 4
41 4
41 4
41 4
41 4
41 4
41 4
41 4
41 4
41 4
41 4
41 4
41 4
41 4
41 4
41 4
41 4
41 4
41 4
41 4
41 4
41 4
41 4
41 4
41 4
41 4
41 4
41 4
41 4
41 4
41 4
41 4
41 4
41 4
41 4
41 4
41 4
41 4
41 4
41 4
41 4
41 4
41 4
41 4
41 4
41 4
41 4
41 4
41 4
41 4
41 4
41 4
41 4
41 4
41 4
41 4
41 4
41 4
41 4
41 4
41 4
41 4
41 4
41 4
43 -2
43 -2
43 -2
43 -2
43 -2
43 -2
43 -2
43 -2
43 -2
43 -2
43 -2
43 -2
43 -2
43 -2
43 -2
43 -2
43 -2
43 -2
43 -2
43 -2
43 -2
43 -2
43 -2
43 -2
43 -2
43 -2
43 -2
43 -2
43 -2
43 -2
45 -1
45 -1
45 -1
45 -1
45 -1
45 -1
45 -1
45 -1
45 -1
45 -1
45 -1
45 -1
45 -1
45 -1
45 -1
45 -1
45 -1
44 -3
44 -3
44 -3
44 -3
44 -3
44 -3
44 -3
44 -3
44 -3
44 -3
44 -3
44 -3
44 -3
44 -3
44 -3
44 -3
44 -3
44 -3
44 -3
44 -3
44 -3
44 -3
44 -3
44 -3
44 -3
44 -3
44 -3
44 -3
44 -3
44 -3
44 -3
44 -3
44 -6
44 -6
44 -6
44 -6
44 -6
44 -6
44 -6
44 -6
44 -6
44 -6
44 -6
44 -6
44 -6
44 -6
44 -6
44 -6
44 -6
44 -6
44 -6
44 -6
44 -6
44 -6
44 -6
44 -6
44 -6
44 -6
44 -6
44 -6
44 -6
44 -6
44 -6
44 -6
44 -6
44 -6
44 -6
44 -6
44 -6
44 -6
44 -6
44 -6
44 -6
44 -6
44 -6
44 -6
44 -9
44 -9
44 -9
44 -9
44 -9
44 -9
44 -9
44 -9
44 -9
44 -9
44 -9
44 -9
44 -9
44 -9
44 -9
44 -9
44 -9
44 -9
44 -9
44 -9
44 -9
44 -9
44 -9
44 -9
44 -9
44 -9
44 -9
44 -9
44 -9
44 -9
44 -9
44 -9
44 -9
39 -12
40 -14
40 -14
40 -14
40 -14
40 -14
40 -14
40 -14
40 -14
40 -14
40 -14
40 -14
40 -14
40 -14
40 -14
40 -14
40 -14
40 -14
40 -14
40 -14
40 -14
40 -14
40 -14
40 -14
40 -14
40 -14
40 -14
40 -14
40 -14
40 -14
40 -14
40 -14
40 -14
40 -14
36 -18
36 -18
36 -18
36 -18
36 -18
36 -18
36 -18
36 -18
36 -18
36 -18
36 -18
36 -18
36 -18
36 -18
36 -18
36 -18
36 -18
36 -18
36 -18
36 -18
36 -18
36 -18
36 -18
36 -18
36 -18
36 -18
36 -18
36 -18
36 -18
36 -18
36 -18
36 -18
36 -18
36 -18
36 -18
36 -18
36 -18
36 -18
36 -18
36 -18
36 -18
36 -18
36 -18
36 -18
36 -18
36 -18
36 -18
36 -18
36 -18
36 -18
36 -18
36 -18
33 -21
33 -21
33 -21
33 -21
33 -21
33 -21
33 -21
33 -21
33 -21
33 -21
33 -21
33 -21
33 -21
33 -21
33 -21
33 -21
33 -21
38 -23
38 -23
38 -23
38 -23
38 -23
38 -23
38 -23
38 -23
38 -23
38 -23
38 -23
38 -23
38 -23
38 -23
38 -23
38 -23
38 -23
38 -23
38 -23
38 -23
38 -23
38 -23
38 -23
38 -23
38 -23
38 -23
38 -23
38 -23
38 -23
38 -23
38 -23
38 -23
38 -23
38 -23
35 -19
35 -19
35 -19
35 -19
35 -19
35 -19
35 -19
35 -19
35 -19
35 -19
35 -19
35 -19
35 -19
35 -19
35 -19
35 -19
35 -19
38 -28
38 -28
38 -28
38 -28
38 -28
38 -28
38 -28
38 -28
38 -28
38 -28
38 -28
38 -28
38 -28
38 -28
38 -28
38 -28
38 -28
41 -39
41 -39
41 -39
41 -39
41 -39
41 -39
41 -39
41 -39
41 -39
41 -39
41 -39
41 -39
41 -39
41 -39
41 -39
41 -39
41 -39
41 -39
35 -34
35 -34
35 -34
35 -34
35 -34
35 -34
35 -34
35 -34
35 -34
35 -34
35 -34
35 -34
35 -34
35 -34
35 -34
35 -34
35 -34
35 -34
35 -34
35 -34
35 -34
35 -34
35 -34
35 -34
35 -34
35 -34
35 -34
35 -34
35 -34
35 -34
35 -34
35 -34
35 -34
35 -34
35 -34
35 -34
35 -34
35 -34
35 -34
35 -34
35 -34
35 -34
35 -34
35 -34
35 -34
35 -34
35 -34
35 -34
35 -34
35 -34
35 -34
35 -34
35 -34
35 -34
35 -34
35 -34
35 -34
35 -34
35 -34
35 -34
35 -34
35 -34
35 -34
35 -34
35 -34
35 -34
35 -34
35 -34
35 -34
35 -34
38 -42
32 -40
32 -40
32 -40
32 -40
32 -40
32 -40
32 -40
32 -40
32 -40
32 -40
32 -40
32 -40
32 -40
32 -40
32 -40
32 -40
32 -40
32 -40
32 -40
32 -40
32 -40
32 -40
32 -40
32 -40
32 -40
32 -40
32 -40
32 -40
32 -40
32 -40
32 -40
32 -40
34 -43
26 -38
26 -38
26 -38
26 -38
26 -38
26 -38
26 -38
26 -38
26 -38
26 -38
26 -38
26 -38
26 -38
26 -38
26 -38
26 -38
36 -50
36 -50
36 -50
36 -50
36 -50
36 -50
36 -50
36 -50
36 -50
36 -50
36 -50
36 -50
36 -50
36 -50
36 -50
36 -50
36 -50
36 -50
36 -50
36 -50
36 -50
36 -50
36 -50
36 -50
36 -50
36 -50
36 -50
36 -50
36 -50
36 -50
36 -50
36 -50
36 -50
36 -50
26 -44
26 -44
26 -44
26 -44
26 -44
26 -44
26 -44
26 -44
26 -44
26 -44
26 -44
26 -44
26 -44
26 -44
26 -44
26 -44
26 -44
26 -44
27 -51
27 -51
27 -51
27 -51
27 -51
27 -51
27 -51
27 -51
27 -51
27 -51
27 -51
27 -51
27 -51
27 -51
27 -51
27 -51
27 -51
27 -51
27 -51
27 -51
27 -51
27 -51
27 -51
27 -51
27 -51
27 -51
27 -51
27 -51
27 -51
27 -51
27 -51
27 -51
27 -51
27 -51
27 -51
27 -51
27 -51
27 -51
22 -45
22 -45
22 -45
22 -45
22 -45
22 -45
22 -45
22 -45
22 -45
22 -45
22 -45
22 -45
22 -45
22 -45
22 -45
22 -45
22 -45
22 -45
22 -45
22 -45
28 -54
28 -54
28 -54
28 -54
28 -54
28 -54
28 -54
28 -54
28 -54
28 -54
28 -54
28 -54
28 -54
28 -54
28 -54
28 -54
28 -54
28 -54
28 -54
28 -54
28 -54
28 -54
28 -54
28 -54
28 -54
28 -54
28 -54
28 -54
28 -54
28 -54
28 -54
28 -54
28 -54
28 -54
28 -54
28 -54
28 -54
28 -54
28 -54
28 -54
28 -54
28 -54
28 -54
21 -55
21 -55
21 -55
21 -55
21 -55
21 -55
21 -55
21 -55
21 -55
21 -55
21 -55
21 -55
21 -55
21 -55
21 -55
21 -55
21 -55
21 -55
21 -55
21 -55
20 -59
20 -59
20 -59
20 -59
20 -59
20 -59
20 -59
20 -59
20 -59
20 -59
20 -59
20 -59
20 -59
20 -59
20 -59
20 -59
20 -59
20 -59
20 -59
20 -59
20 -59
20 -59
20 -59
13 -59
13 -59
13 -59
13 -59
13 -59
13 -59
13 -59
13 -59
13 -59
13 -59
13 -59
13 -59
13 -59
13 -59
13 -59
13 -59
13 -59
13 -59
13 -59
13 -59
13 -59
13 -59
13 -59
13 -59
13 -59
13 -59
13 -59
13 -59
13 -59
13 -59
13 -59
13 -59
13 -59
13 -59
13 -59
13 -59
13 -59
13 -59
13 -59
13 -59
13 -59
13 -59
13 -59
13 -59
13 -59
13 -59
13 -59
13 -59
13 -59
13 -59
13 -59
13 -59
13 -59
13 -59
16 -59
15 -58
15 -58
15 -58
15 -58
15 -58
15 -58
15 -58
15 -58
15 -58
15 -58
15 -58
15 -58
15 -58
15 -58
15 -58
15 -58
11 -53
11 -53
11 -53
11 -53
11 -53
11 -53
11 -53
11 -53
11 -53
11 -53
11 -53
11 -53
11 -53
11 -53
11 -53
11 -53
11 -53
11 -53
11 -53
11 -53
11 -53
11 -53
11 -53
11 -53
11 -53
11 -53
18 -58
18 -58
18 -58
18 -58
18 -58
18 -58
18 -58
18 -58
18 -58
18 -58
18 -58
18 -58
18 -58
18 -58
18 -58
9 -61
9 -61
9 -61
9 -61
9 -61
9 -61
9 -61
9 -61
9 -61
9 -61
9 -61
9 -61
9 -61
9 -61
9 -61
9 -61
9 -61
9 -61
9 -61
7 -65
7 -65
7 -65
7 -65
7 -65
7 -65
7 -65
7 -65
7 -65
7 -65
7 -65
7 -65
7 -65
7 -65
7 -65
7 -65
7 -65
7 -65
7 -65
7 -65
7 -65
7 -65
7 -65
7 -65
7 -65
7 -65
7 -65
7 -65
7 -65
7 -65
7 -65
7 -65
7 -65
7 -65
7 -65
7 -65
7 -65
5 -64
5 -64
5 -64
5 -64
5 -64
5 -64
5 -64
5 -64
5 -64
5 -64
5 -64
5 -64
5 -64
5 -64
5 -64
5 -64
5 -64
5 -64
5 -64
5 -64
5 -64
5 -64
5 -64
5 -64
5 -64
5 -64
5 -64
5 -64
5 -64
5 -64
5 -64
5 -64
5 -64
5 -64
5 -64
5 -64
5 -64
8 -62
2 -64
2 -64
2 -64
2 -64
2 -64
2 -64
2 -64
2 -64
2 -64
2 -64
2 -64
2 -64
2 -64
2 -64
2 -64
2 -64
2 -64
2 -64
2 -64
2 -64
2 -64
2 -64
2 -64
2 -64
2 -64
2 -64
2 -64
2 -64
2 -64
2 -64
2 -64
2 -64
2 -64
2 -64
2 -64
2 -64
2 -64
2 -64
2 -64
2 -64
2 -64
2 -64
2 -64
2 -64
2 -64
2 -64
2 -64
2 -64
2 -64
7 -62
2 -64
2 -64
2 -64
2 -64
2 -64
2 -64
2 -64
2 -64
2 -64
2 -64
2 -64
2 -64
2 -64
2 -64
2 -64
2 -64
2 -64
2 -64
2 -64
2 -64
2 -64
2 -64
2 -64
2 -64
2 -64
2 -64
2 -64
2 -64
2 -64
2 -64
2 -64
2 -64
2 -64
2 -64
2 -64
2 -64
2 -64
2 -64
2 -64
2 -64
2 -64
2 -64
2 -64
2 -64
2 -64
2 -64
2 -64
2 -64
2 -64
2 -64
2 -64
2 -64
2 -64
2 -64
2 -64
2 -64
2 -64
2 -64
2 -64
2 -64
2 -64
2 -64
2 -64
2 -64
3 -59
3 -59
4 -64
4 -64
4 -64
4 -64
4 -64
4 -64
4 -64
4 -64
4 -64
4 -64
4 -64
4 -64
4 -64
4 -64
4 -64
4 -64
4 -64
4 -64
4 -64
4 -64
4 -64
4 -64
4 -64
4 -64
4 -64
4 -64
4 -64
4 -64
4 -64
4 -64
4 -64
4 -64
4 -64
-1 -63
-1 -63
-1 -63
-1 -63
-1 -63
-1 -63
-1 -63
-1 -63
-1 -63
-1 -63
-1 -63
-1 -63
-1 -63
-1 -63
-1 -63
-1 -63
-1 -63
2 -58
2 -58
2 -58
2 -58
2 -58
2 -58
2 -58
2 -58
2 -58
2 -58
2 -58
2 -58
2 -58
2 -58
2 -58
2 -58
2 -58
2 -58
2 -58
2 -58
2 -58
2 -58
2 -58
2 -58
2 -58
2 -58
2 -58
2 -58
2 -58
2 -58
2 -58
2 -58
2 -58
2 -58
2 -58
2 -58
2 -58
2 -58
2 -58
2 -58
2 -58
2 -58
0 -61
0 -61
2 -57
2 -57
2 -57
2 -57
2 -57
2 -57
2 -57
2 -57
2 -57
2 -57
2 -57
2 -57
2 -57
2 -57
2 -57
2 -57
2 -57
2 -57
2 -57
2 -57
2 -57
2 -57
2 -57
2 -57
2 -57
2 -57
2 -57
2 -57
2 -57
2 -57
2 -57
2 -57
-1 -58
-1 -58
-1 -58
-1 -58
-1 -58
-1 -58
-1 -58
-1 -58
-1 -58
-1 -58
-1 -58
-1 -58
-1 -58
-1 -58
-1 -58
-1 -58
-1 -58
1 -51
1 -51
1 -51
1 -51
1 -51
1 -51
1 -51
1 -51
1 -51
1 -51
1 -51
1 -51
1 -51
1 -51
1 -51
1 -51
1 -51
1 -51
1 -51
3 -58
3 -58
3 -58
3 -58
3 -58
3 -58
3 -58
3 -58
3 -58
3 -58
3 -58
3 -58
3 -58
3 -58
3 -58
3 -58
3 -58
3 -58
-5 -56
-5 -56
-5 -56
-5 -56
-5 -56
-5 -56
-5 -56
-5 -56
-5 -56
-5 -56
-5 -56
-5 -56
-5 -56
-5 -56
-5 -56
-5 -56
-5 -56
-5 -56
-5 -56
-5 -56
-5 -56
-5 -56
-5 -56
-5 -56
-5 -56
-5 -56
-5 -56
-5 -56
-5 -56
-5 -56
-5 -56
-5 -56
-5 -56
-5 -56
-5 -56
-5 -56
-5 -56
-5 -56
-5 -56
-5 -56
1 -53
1 -53
1 -53
1 -53
1 -53
1 -53
1 -53
1 -53
1 -53
1 -53
1 -53
1 -53
1 -53
1 -53
1 -53
1 -53
1 -53
1 -53
1 -53
1 -53
1 -53
1 -53
1 -53
1 -53
1 -53
1 -53
1 -53
1 -53
1 -53
1 -53
1 -53
1 -53
1 -53
1 -53
1 -53
1 -53
1 -53
1 -53
-6 -56
-6 -56
-6 -56
-6 -56
-6 -56
-6 -56
-6 -56
-6 -56
-6 -56
-6 -56
-6 -56
-6 -56
-6 -56
-6 -56
-6 -56
-6 -56
-6 -56
-6 -56
-1 -51
-1 -51
-1 -51
-1 -51
-1 -51
-1 -51
-1 -51
-1 -51
-1 -51
-1 -51
-1 -51
-1 -51
-1 -51
-1 -51
-1 -51
-1 -51
-1 -51
-1 -51
-1 -51
-1 -51
-1 -51
-1 -51
-1 -51
-1 -51
-1 -51
-1 -51
-1 -51
-1 -51
-1 -51
-1 -51
-1 -51
-1 -51
-4 -56
-4 -56
-4 -56
-4 -56
-4 -56
-4 -56
-4 -56
-4 -56
-4 -56
-4 -56
-4 -56
-4 -56
-4 -56
-4 -56
-8 -56
-8 -56
-8 -56
-8 -56
-8 -56
-8 -56
-8 -56
-8 -56
-8 -56
-8 -56
-8 -56
-8 -56
-8 -56
-8 -56
-8 -56
-8 -56
-8 -56
-8 -56
-7 -56
-7 -56
-7 -56
-7 -56
-7 -56
-7 -56
-7 -56
-7 -56
-7 -56
-7 -56
-7 -56
-7 -56
-7 -56
-7 -56
-7 -56
-7 -56
-7 -56
-7 -56
-7 -56
-5 -58
-5 -58
-5 -58
-5 -58
-5 -58
-5 -58
-5 -58
-5 -58
-5 -58
-5 -58
-5 -58
-5 -58
-5 -58
-5 -58
-5 -58
-5 -58
-5 -58
-5 -58
-5 -58
-5 -58
-5 -58
-5 -58
-5 -58
-5 -58
-5 -58
-5 -58
-5 -58
-5 -58
-5 -58
-5 -58
-5 -58
-5 -58
-5 -58
-5 -58
-5 -58
-5 -58
-5 -58
-12 -57
-12 -57
-12 -57
-12 -57
-12 -57
-12 -57
-12 -57
-12 -57
-12 -57
-12 -57
-12 -57
-12 -57
-12 -57
-12 -57
-12 -57
-14 -63
-14 -63
-14 -63
-14 -63
-14 -63
-14 -63
-14 -63
-14 -63
-14 -63
-14 -63
-14 -63
-14 -63
-14 -63
-14 -63
-14 -63
-14 -63
-14 -63
-14 -63
-14 -63
-14 -63
-14 -63
-14 -63
-14 -63
-14 -63
-14 -63
-14 -63
-14 -63
-14 -63
-14 -63
-14 -63
-14 -63
-14 -63
-14 -63
-14 -63
-14 -63
-14 -63
-14 -63
-14 -63
-19 -67
-19 -67
-19 -67
-19 -67
-19 -67
-19 -67
-19 -67
-19 -67
-19 -67
-19 -67
-19 -67
-19 -67
-19 -67
-19 -67
-19 -67
-19 -67
-19 -67
-21 -56
-21 -56
-21 -56
-21 -56
-21 -56
-21 -56
-21 -56
-21 -56
-21 -56
-21 -56
-21 -56
-21 -56
-21 -56
-21 -56
-21 -56
-21 -65
-21 -65
-21 -65
-21 -65
-21 -65
-21 -65
-21 -65
-21 -65
-21 -65
-21 -65
-21 -65
-21 -65
-21 -65
-21 -65
-21 -65
-21 -65
-21 -65
-21 -65
-21 -65
-21 -65
-21 -65
-21 -65
-21 -65
-21 -65
-21 -65
-21 -65
-21 -65
-21 -65
-21 -65
-21 -65
-21 -56
-21 -56
-21 -56
-21 -56
-21 -56
-21 -56
-21 -56
-21 -56
-21 -56
-21 -56
-21 -56
-21 -56
-21 -56
-21 -56
-21 -56
-21 -56
-23 -63
-23 -63
-23 -63
-23 -63
-23 -63
-23 -63
-23 -63
-23 -63
-23 -63
-23 -63
-23 -63
-23 -63
-23 -63
-23 -63
-23 -63
-23 -63
-23 -63
-23 -63
-23 -63
-23 -63
-23 -63
-23 -63
-23 -63
-23 -63
-23 -63
-23 -63
-23 -63
-23 -63
-23 -63
-23 -63
-23 -63
-23 -63
-23 -63
-23 -63
-22 -60
-22 -60
-22 -60
-22 -60
-22 -60
-22 -60
-22 -60
-22 -60
-22 -60
-22 -60
-22 -60
-22 -60
-22 -60
-22 -60
-22 -60
-22 -60
-22 -60
-22 -60
-22 -60
-22 -60
-22 -60
-22 -60
-22 -60
-22 -60
-22 -60
-22 -60
-22 -60
-22 -60
-22 -60
-22 -60
-22 -60
-22 -60
-22 -60
-22 -60
-22 -60
-22 -60
-22 -60
-14 -53
-17 -57
-17 -57
-17 -57
-17 -57
-17 -57
-17 -57
-17 -57
-17 -57
-17 -57
-17 -57
-17 -57
-17 -57
-17 -57
-17 -57
-17 -57
-17 -57
-17 -57
-17 -57
-17 -57
-17 -57
-17 -57
-17 -57
-17 -57
-17 -57
-17 -57
-17 -57
-17 -57
-17 -57
-17 -57
-17 -57
-17 -57
-17 -57
-17 -57
-17 -57
-17 -57
-17 -57
-17 -57
-17 -57
-17 -57
-17 -57
-17 -57
-17 -57
-17 -57
-17 -57
-17 -57
-17 -57
-17 -57
-17 -57
-17 -57
-17 -57
-17 -57
-17 -57
-17 -47
-17 -47
-17 -47
-17 -47
-17 -47
-17 -47
-17 -47
-17 -47
-17 -47
-17 -47
-17 -47
-17 -47
-17 -47
-17 -47
-17 -47
-17 -47
-17 -47
-17 -47
-17 -47
-17 -47
-17 -47
-17 -47
-17 -47
-17 -47
-17 -47
-17 -47
-17 -47
-17 -47
-17 -47
-17 -47
-17 -47
-17 -47
-22 -48
-22 -48
-22 -48
-22 -48
-22 -48
-22 -48
-22 -48
-22 -48
-22 -48
-22 -48
-22 -48
-22 -48
-22 -48
-22 -48
-22 -48
-22 -48
-22 -48
-22 -48
-22 -48
-22 -48
-22 -48
-22 -48
-22 -48
-22 -48
-22 -48
-22 -48
-22 -48
-22 -48
-22 -48
-22 -48
-22 -48
-15 -40
-21 -42
-21 -42
-21 -42
-21 -42
-21 -42
-21 -42
-21 -42
-21 -42
-21 -42
-21 -42
-21 -42
-21 -42
-21 -42
-21 -42
-21 -42
-21 -42
-20 -40
-20 -40
-20 -40
-20 -40
-20 -40
-20 -40
-20 -40
-20 -40
-20 -40
-20 -40
-20 -40
-20 -40
-20 -40
-20 -40
-20 -40
-20 -40
-20 -40
-20 -40
-20 -40
-20 -40
-20 -40
-20 -40
-20 -40
-20 -40
-20 -40
-20 -40
-20 -40
-20 -40
-20 -40
-20 -40
-20 -40
-20 -40
-20 -40
-20 -40
-20 -40
-20 -40
-20 -40
-20 -40
-20 -40
-20 -40
-20 -40
-20 -40
-20 -40
-20 -40
-20 -40
-20 -40
-20 -40
-20 -40
-20 -40
-20 -40
-20 -40
-20 -40
-20 -40
-20 -40
-20 -40
-17 -29
-17 -29
-17 -29
-17 -29
-17 -29
-17 -29
-17 -29
-17 -29
-17 -29
-17 -29
-17 -29
-17 -29
-17 -29
-17 -29
-17 -29
-17 -29
-17 -29
-17 -29
-17 -29
-17 -29
-17 -29
-17 -29
-17 -29
-17 -29
-17 -29
-17 -29
-17 -29
-17 -29
-17 -29
-17 -29
-17 -29
-17 -29
-17 -29
-17 -29
-15 -33
-15 -33
-15 -33
-15 -33
-15 -33
-15 -33
-15 -33
-15 -33
-15 -33
-15 -33
-15 -33
-15 -33
-15 -33
-15 -33
-15 -33
-15 -33
-15 -33
-14 -27
-14 -27
-14 -27
-14 -27
-14 -27
-14 -27
-14 -27
-14 -27
-14 -27
-14 -27
-14 -27
-14 -27
-14 -27
-14 -27
-14 -27
-14 -27
-18 -27
-18 -27
-18 -27
-18 -27
-18 -27
-18 -27
-18 -27
-18 -27
-18 -27
-18 -27
-18 -27
-18 -27
-18 -27
-18 -27
-18 -27
-18 -27
-18 -27
-18 -27
-18 -27
-18 -27
-18 -27
-18 -27
-18 -27
-18 -27
-18 -27
-18 -27
-18 -27
-18 -27
-18 -27
-18 -27
-18 -27
-18 -27
-18 -27
-18 -27
-15 -30
-15 -30
-15 -30
-15 -30
-15 -30
-15 -30
-15 -30
-15 -30
-15 -30
-15 -30
-15 -30
-15 -30
-15 -30
-15 -30
-15 -30
-15 -30
-15 -30
-15 -30
-15 -30
-14 -35
-14 -35
-14 -35
-14 -35
-14 -35
-14 -35
-14 -35
-14 -35
-14 -35
-14 -35
-14 -35
-14 -35
-14 -35
-14 -35
-14 -35
-14 -35
-14 -35
-14 -35
-14 -35
-14 -35
-14 -35
-14 -35
-14 -35
-14 -35
-14 -35
-14 -35
-14 -35
-14 -35
-14 -35
-14 -35
-14 -35
-14 -35
-14 -35
-14 -35
-14 -35
-14 -35
-8 -30
-8 -30
-8 -30
-8 -30
-8 -30
-8 -30
-8 -30
-8 -30
-8 -30
-8 -30
-8 -30
-8 -30
-8 -30
-8 -30
-8 -30
-8 -30
-8 -30
-8 -30
-8 -30
-8 -30
-8 -30
-8 -30
-8 -30
-8 -30
-8 -30
-8 -30
-8 -30
-8 -30
-8 -30
-8 -30
-8 -30
-8 -30
-8 -30
-8 -30
-8 -30
-8 -30
-8 -30
-11 -30
-11 -30
-11 -30
-11 -30
-11 -30
-11 -30
-11 -30
-11 -30
-11 -30
-11 -30
-11 -30
-11 -30
-11 -30
-11 -30
-11 -30
-11 -30
-11 -30
-11 -30
-11 -30
-11 -30
-11 -30
-11 -30
-11 -30
-11 -30
-11 -30
-11 -30
-11 -30
-11 -30
-11 -30
-11 -30
-11 -30
-11 -30
-12 -40
-12 -40
-12 -40
-12 -40
-12 -40
-12 -40
-12 -40
-12 -40
-12 -40
-12 -40
-12 -40
-12 -40
-12 -40
-12 -40
-12 -40
-12 -40
-12 -40
-12 -40
-12 -40
-12 -40
-12 -40
-12 -40
-12 -40
-12 -40
-12 -40
-12 -40
-12 -40
-12 -40
-8 -47
-8 -47
-8 -47
-8 -47
-8 -47
-8 -47
-8 -47
-8 -47
-8 -47
-8 -47
-8 -47
-8 -47
-8 -47
-8 -47
-8 -47
-8 -47
-8 -47
-8 -47
-8 -47
-8 -47
-8 -47
-8 -47
-8 -47
-8 -47
-8 -47
-8 -47
-8 -47
-8 -47
-8 -47
-8 -47
-8 -47
-8 -47
-8 -47
-8 -47
-8 -47
-8 -47
-8 -47
-8 -47
-8 -47
-8 -47
-8 -47
-8 -47
-8 -47
-8 -47
-8 -47
-8 -47
-8 -47
-8 -47
-8 -47
-8 -47
-8 -47
-8 -47
-8 -47
-8 -47
-8 -47
-8 -47
-8 -47
-8 -47
-8 -47
-8 -47
-8 -47
-8 -47
-8 -47
-8 -47
-8 -47
-8 -47
-8 -47
-8 -47
-8 -47
-8 -47
-8 -47
-8 -47
-8 -47
-8 -47
-8 -47
-8 -47
-8 -47
-6 -43
-6 -43
-12 -39
-12 -39
-12 -39
-12 -39
-12 -39
-12 -39
-12 -39
-12 -39
-12 -39
-12 -39
-12 -39
-12 -39
-12 -39
-12 -39
-12 -39
-12 -39
-12 -39
-12 -43
-12 -43
-12 -43
-12 -43
-12 -43
-12 -43
-12 -43
-12 -43
-12 -43
-12 -43
-12 -43
-12 -43
-12 -43
-12 -43
-12 -43
-12 -43
-12 -43
-12 -43
-12 -43
-12 -43
-17 -45
-17 -45
-17 -45
-17 -45
-17 -45
-17 -45
-17 -45
-17 -45
-17 -45
-17 -45
-17 -45
-17 -45
-17 -45
-17 -45
-17 -45
-17 -45
-17 -45
-17 -45
-17 -45
-17 -45
-17 -45
-17 -45
-23 -43
-23 -43
-23 -43
-23 -43
-23 -43
-23 -43
-23 -43
-23 -43
-23 -43
-23 -43
-23 -43
-23 -43
-23 -43
-23 -43
-23 -43
-23 -43
-23 -43
-23 -43
-23 -43
-23 -43
-23 -43
-23 -43
-23 -43
-23 -43
-23 -43
-23 -43
-23 -43
-23 -43
-23 -43
-23 -43
-23 -43
-23 -43
-23 -43
-23 -43
-23 -43
-23 -43
-23 -43
-23 -43
-19 -52
-19 -52
-19 -52
-19 -52
-19 -52
-19 -52
-19 -52
-19 -52
-19 -52
-19 -52
-19 -52
-19 -52
-19 -52
-19 -52
-19 -52
-19 -52
-19 -52
-19 -52
-19 -52
-19 -52
-19 -52
-19 -52
-19 -52
-19 -52
-19 -52
-19 -52
-19 -52
-19 -52
-19 -52
-19 -52
-19 -52
-19 -52
-19 -52
-19 -52
-19 -52
-19 -52
-19 -52
-24 -38
-24 -38
-24 -38
-24 -38
-24 -38
-24 -38
-24 -38
-24 -38
-24 -38
-24 -38
-24 -38
-24 -38
-24 -38
-24 -38
-24 -38
-24 -38
-24 -38
-24 -38
-24 -38
-24 -38
-16 -37
-16 -37
-16 -37
-16 -37
-16 -37
-16 -37
-16 -37
-16 -37
-16 -37
-16 -37
-16 -37
-16 -37
-16 -37
-16 -37
-16 -37
-16 -37
-16 -37
-16 -37
-16 -37
-27 -39
-27 -39
-27 -39
-27 -39
-27 -39
-27 -39
-27 -39
-27 -39
-27 -39
-27 -39
-27 -39
-27 -39
-27 -39
-27 -39
-27 -39
-27 -39
-27 -39
-27 -39
-30 -37
-30 -37
-30 -37
-30 -37
-30 -37
-30 -37
-30 -37
-30 -37
-30 -37
-30 -37
-30 -37
-30 -37
-30 -37
-30 -37
-30 -37
-30 -37
-30 -37
-30 -37
-30 -37
-30 -37
-30 -37
-30 -37
-30 -37
-30 -37
-30 -37
-30 -37
-30 -37
-30 -37
-30 -37
-30 -37
-30 -37
-30 -37
-30 -37
-30 -37
-30 -37
-30 -37
-30 -37
-30 -37
-30 -37
-30 -37
-30 -37
-30 -37
-30 -37
-30 -37
-24 -32
-30 -31
-30 -31
-30 -31
-30 -31
-30 -31
-30 -31
-30 -31
-30 -31
-30 -31
-30 -31
-30 -31
-30 -31
-30 -31
-30 -31
-30 -31
-30 -31
-30 -31
-30 -31
-30 -31
-30 -31
-30 -31
-30 -31
-30 -31
-30 -31
-30 -31
-30 -31
-30 -31
-29 -25
-29 -25
-29 -25
-29 -25
-29 -25
-29 -25
-29 -25
-29 -25
-29 -25
-29 -25
-29 -25
-29 -25
-29 -25
-29 -25
-29 -25
-31 -25
-31 -25
-31 -25
-31 -25
-31 -25
-31 -25
-31 -25
-31 -25
-31 -25
-31 -25
-31 -25
-31 -25
-31 -25
-31 -25
-31 -25
-37 -20
-37 -20
-37 -20
-37 -20
-37 -20
-37 -20
-37 -20
-37 -20
-37 -20
-37 -20
-37 -20
-37 -20
-37 -20
-37 -20
-37 -20
-37 -20
-37 -20
-37 -20
-37 -20
-37 -20
-37 -20
-37 -20
-37 -20
-37 -20
-37 -20
-37 -20
-37 -20
-37 -20
-37 -20
-37 -20
-37 -20
-37 -20
-37 -20
-37 -20
-43 -15
-43 -15
-43 -15
-43 -15
-43 -15
-43 -15
-43 -15
-43 -15
-43 -15
-43 -15
-43 -15
-43 -15
-43 -15
-43 -15
-43 -15
-43 -15
-43 -15
-43 -15
-43 -15
-43 -15
-43 -15
-43 -15
-43 -15
-43 -15
-43 -15
-43 -15
-43 -15
-43 -15
-43 -15
-43 -15
-43 -15
-43 -15
-43 -15
-43 -15
-43 -15
-43 -15
-43 -15
-43 -15
-43 -15
-43 -15
-43 -15
-43 -15
-43 -15
-43 -15
-43 -15
-43 -15
-43 -15
-43 -15
-43 -15
-46 -3
-46 -3
-46 -3
-46 -3
-46 -3
-46 -3
-46 -3
-46 -3
-46 -3
-46 -3
-46 -3
-46 -3
-46 -3
-46 -3
-46 -3
-46 -3
-46 -3
-46 -3
-46 -3
-46 -3
-46 -3
-46 -3
-46 -3
-46 -3
-46 -3
-46 -3
-46 -3
-46 -3
-46 -3
-46 -3
-46 -3
-46 -3
-46 -3
-46 -3
-46 -3
-46 -3
-46 -3
-46 -3
-46 -3
-46 -3
-46 -3
-46 -3
-46 -3
-46 -3
-46 -3
-46 -3
-46 -3
-46 -3
-46 -3
-46 -3
-46 -3
-46 -3
-46 -3
-46 -3
-46 -3
-46 -3
-46 -3
-46 -3
-46 -3
-46 -3
-46 -3
-46 -3
-46 -3
-46 -3
-46 -3
-46 -3
-46 -3
-44 -1
-44 -1
-47 0
-47 0
-47 0
-47 0
-47 0
-47 0
-47 0
-47 0
-47 0
-47 0
-47 0
-47 0
-47 0
-47 0
-47 0
-47 3
-47 3
-47 3
-47 3
-47 3
-47 3
-47 3
-47 3
-47 3
-47 3
-47 3
-47 3
-47 3
-47 3
-47 3
-47 3
-47 3
-47 3
-47 3
-47 3
-47 3
-47 3
-47 3
-47 3
-47 3
-47 3
-47 3
-47 3
-47 3
-47 3
-47 3
-47 3
-47 3
-47 3
-47 3
-47 3
-47 3
-47 3
-47 3
-47 3
-47 3
-47 3
-47 3
-47 3
-47 3
-47 3
-47 3
-47 3
-47 3
-47 3
-47 3
-47 3
-49 0
-51 3
-51 3
-51 3
-51 3
-51 3
-51 3
-51 3
-51 3
-51 3
-51 3
-51 3
-51 3
-51 3
-51 3
-51 3
-51 3
-54 -2
-54 -2
-54 -2
-54 -2
-54 -2
-54 -2
-54 -2
-54 -2
-54 -2
-54 -2
-54 -2
-54 -2
-54 -2
-54 -2
-54 -2
-54 -2
-54 -2
-54 -2
-54 -2
-54 -2
-54 -2
-54 -2
-54 -2
-54 -2
-54 -2
-54 -2
-54 -2
-54 -2
-54 -2
-54 -2
-54 -2
-54 -2
-54 -2
-54 -2
-54 -2
-54 -2
-54 -2
-54 -2
-54 -2
-54 -2
-54 -2
-54 -2
-54 -2
-54 -2
-54 -2
-54 -2
-54 -2
-54 -2
-54 -2
-54 -2
-54 -2
-56 1
-60 1
-60 1
-60 1
-60 1
-60 1
-60 1
-60 1
-60 1
-60 1
-60 1
-60 1
-60 1
-60 1
-60 1
-60 1
-60 1
-57 6
-57 6
-57 6
-57 6
-57 6
-57 6
-57 6
-57 6
-57 6
-57 6
-57 6
-57 6
-57 6
-57 6
-57 6
-57 6
-57 6
-57 6
-57 6
-57 6
-57 6
-57 6
-57 6
-57 6
-57 6
-57 6
-57 6
-57 6
-57 6
-57 6
-57 6
-57 6
-57 6
-57 6
-57 6
-57 6
-57 6
-57 6
-57 6
-57 6
-57 6
-57 6
-57 6
-57 6
-57 6
-57 6
-57 6
-57 6
-57 6
-57 6
-57 6
-57 6
-57 6
-57 6
-54 1
-54 1
-54 1
-54 1
-54 1
-54 1
-54 1
-54 1
-54 1
-54 1
-54 1
-54 1
-54 1
-54 1
-54 1
-54 1
-54 1
-54 1
-54 1
-54 1
-54 1
-54 1
-54 1
-54 1
-54 1
-54 1
-54 1
-54 1
-54 1
-54 1
-54 1
-54 1
-53 8
-53 8
-53 8
-53 8
-53 8
-53 8
-53 8
-53 8
-53 8
-53 8
-53 8
-53 8
-53 8
-53 8
-53 8
-53 8
-53 8
-56 11
-56 11
-56 11
-56 11
-56 11
-56 11
-56 11
-56 11
-56 11
-56 11
-56 11
-56 11
-56 11
-56 11
-56 11
-56 11
-56 11
-56 11
-47 7
-47 7
-47 7
-47 7
-47 7
-47 7
-47 7
-47 7
-47 7
-47 7
-47 7
-47 7
-47 7
-47 7
-47 7
-47 7
-47 7
-47 7
-47 7
-47 7
-47 7
-47 7
-47 7
-47 7
-47 7
-47 7
-47 7
-47 7
-47 7
-47 7
-47 7
-47 7
-47 7
-47 7
-47 7
-47 7
-47 7
-47 7
-47 7
-47 7
-47 7
-47 7
-47 7
-47 7
-47 7
-48 13
-51 17
-51 17
-51 17
-51 17
-51 17
-51 17
-51 17
-51 17
-51 17
-51 17
-51 17
-51 17
-51 17
-51 17
-51 17
-51 17
-51 17
-51 17
-51 17
-51 17
-51 17
-51 17
-51 17
-51 17
-51 17
-51 17
-51 17
-51 17
-51 17
-51 17
-51 17
-51 17
-58 14
-58 14
-58 14
-58 14
-58 14
-58 14
-58 14
-58 14
-58 14
-58 14
-58 14
-58 14
-58 14
-58 14
-58 14
-58 14
-58 14
-58 14
-58 14
-58 14
-58 14
-58 14
-58 14
-58 14
-58 14
-58 14
-58 14
-58 14
-58 14
-58 14
-58 14
-58 14
-51 17
-51 17
-51 17
-51 17
-51 17
-51 17
-51 17
-51 17
-51 17
-51 17
-51 17
-51 17
-51 17
-51 17
-51 17
-51 17
-51 17
-48 25
-48 25
-48 25
-48 25
-48 25
-48 25
-48 25
-48 25
-48 25
-48 25
-48 25
-48 25
-48 25
-48 25
-48 25
-48 25
-48 25
-49 29
-49 29
-49 29
-49 29
-49 29
-49 29
-49 29
-49 29
-49 29
-49 29
-49 29
-49 29
-49 29
-49 29
-49 29
-49 29
-49 29
-49 29
-49 29
-49 29
-49 29
-49 29
-49 29
-49 29
-49 29
-49 29
-49 29
-49 29
-49 29
-49 29
-49 29
-49 29
-49 29
-49 29
-49 29
-49 29
-55 27
-47 33
-47 33
-47 33
-47 33
-47 33
-47 33
-47 33
-47 33
-47 33
-47 33
-47 33
-47 33
-47 33
-47 33
-47 33
-47 33
-47 33
-47 33
-47 33
-47 33
-47 33
-47 33
-47 33
-47 33
-47 33
-47 33
-47 33
-47 33
-47 33
-47 33
-51 32
-51 32
-51 32
-51 32
-51 32
-51 32
-51 32
-51 32
-51 32
-51 32
-51 32
-51 32
-51 32
-51 32
-51 32
-51 32
-51 32
-51 32
-51 32
-50 44
-50 44
-50 44
-50 44
-50 44
-50 44
-50 44
-50 44
-50 44
-50 44
-50 44
-50 44
-50 44
-50 44
-50 44
-50 44
-50 44
-50 44
-50 44
-50 44
-50 44
-50 44
-50 44
-50 44
-50 44
-50 44
-50 44
-50 44
-50 44
-50 44
-50 44
-50 44
-50 44
-50 44
-50 44
-50 44
-43 43
-43 43
-43 43
-43 43
-43 43
-43 43
-43 43
-43 43
-43 43
-43 43
-43 43
-43 43
-43 43
-43 43
-43 43
-43 43
-43 43
-43 43
-43 43
-43 43
-43 43
-43 43
-43 43
-43 43
-43 43
-43 43
-43 43
-43 43
-43 43
-43 43
-43 43
-43 43
-43 43
-43 43
-43 43
-43 43
-43 39
-43 39
-43 39
-43 39
-43 39
-43 39
-43 39
-43 39
-43 39
-43 39
-43 39
-43 39
-43 39
-43 39
-43 39
-43 39
-43 39
-43 39
-43 39
-43 39
-43 39
-43 39
-43 39
-43 39
-43 39
-43 39
-43 39
-43 39
-43 39
-42 48
-42 48
-42 48
-42 48
-42 48
-42 48
-42 48
-42 48
-42 48
-42 48
-42 48
-42 48
-42 48
-42 48
-42 48
-42 48
-42 48
-42 48
-42 48
-42 48
-42 48
-42 48
-42 48
-42 48
-43 55
-43 55
-43 55
-43 55
-43 55
-43 55
-43 55
-43 55
-43 55
-43 55
-43 55
-43 55
-43 55
-43 55
-43 55
-43 55
-43 55
-43 55
-43 55
-43 55
-34 51
-34 51
-34 51
-34 51
-34 51
-34 51
-34 51
-34 51
-34 51
-34 51
-34 51
-34 51
-34 51
-34 51
-34 51
-34 51
-34 51
-34 51
-34 51
-40 57
-40 57
-40 57
-40 57
-40 57
-40 57
-40 57
-40 57
-40 57
-40 57
-40 57
-40 57
-40 57
-40 57
-40 57
-40 57
-40 57
-40 57
-40 57
-40 57
-40 57
-40 57
-40 57
-40 57
-40 57
-40 57
-40 57
-40 57
-40 57
-40 57
-40 57
-40 57
-40 57
-40 57
-40 57
-40 57
-40 57
-40 57
-29 48
-29 48
-29 48
-29 48
-29 48
-29 48
-29 48
-29 48
-29 48
-29 48
-29 48
-29 48
-29 48
-29 48
-29 48
-29 48
-29 48
-29 48
-29 48
-29 48
-29 48
-29 48
-29 48
-29 48
-29 48
-29 48
-29 48
-29 48
-29 48
-29 48
-29 48
-29 48
-26 61
-27 58
-27 58
-27 58
-27 58
-27 58
-27 58
-27 58
-27 58
-27 58
-27 58
-27 58
-27 58
-27 58
-27 58
-27 58
-27 58
-27 58
-27 58
-27 58
-27 58
-27 58
-27 58
-27 58
-27 58
-27 58
-27 58
-27 58
-27 58
-27 58
-27 58
-27 58
-27 58
-27 58
-24 71
-24 71
-24 71
-24 71
-24 71
-24 71
-24 71
-24 71
-24 71
-24 71
-24 71
-24 71
-24 71
-24 71
-24 71
-24 71
-24 71
-24 71
-24 71
-21 65
-21 65
-21 65
-21 65
-21 65
-21 65
-21 65
-21 65
-21 65
-21 65
-21 65
-21 65
-21 65
-21 65
-21 65
-21 65
-21 65
-13 62
-13 62
-13 62
-13 62
-13 62
-13 62
-13 62
-13 62
-13 62
-13 62
-13 62
-13 62
-13 62
-13 62
-13 62
-13 62
-13 62
-13 62
-13 62
-13 62
-13 62
-13 62
-13 62
-13 62
-13 62
-13 62
-13 62
-13 62
-13 62
-13 62
-13 62
-13 62
-13 62
-13 62
-13 62
-13 62
-13 62
-13 62
-13 62
-13 62
-13 62
-13 62
-13 62
-13 62
-13 62
-13 62
-13 62
-13 62
-13 62
-13 62
-13 62
-13 62
-13 62
-13 62
-13 62
-13 62
-12 72
-12 72
-12 72
-12 72
-12 72
-12 72
-12 72
-12 72
-12 72
-12 72
-12 72
-12 72
-12 72
-12 72
-12 72
-12 72
-12 72
-12 72
-12 72
-12 72
-12 72
-12 72
-12 72
-12 72
-12 72
-12 72
-12 72
-12 72
-12 72
-12 72
-12 72
-12 72
-12 72
-12 72
-12 72
-12 72
-12 72
-9 69
-9 69
-9 69
-9 69
-9 69
-9 69
-9 69
-9 69
-9 69
-9 69
-9 69
-9 69
-9 69
-9 69
-9 69
-9 69
-9 69
-9 69
-9 69
-8 65
-8 65
-8 65
-8 65
-8 65
-8 65
-8 65
-8 65
-8 65
-8 65
-8 65
-8 65
-8 65
-8 65
-8 65
-8 65
-8 65
-6 61
-6 61
-6 61
-6 61
-6 61
-6 61
-6 61
-6 61
-6 61
-6 61
-6 61
-6 61
-6 61
-6 61
-6 61
-6 61
-6 61
-6 61
-6 61
-6 61
-6 61
-6 61
-6 61
-6 61
-6 61
-6 61
-6 61
-6 61
-6 61
-6 61
-6 61
-6 61
-6 61
-6 61
-6 61
-6 61
-6 61
-6 61
-6 61
-2 62
-2 62
-2 62
-2 62
-2 62
-2 62
-2 62
-2 62
-2 62
-2 62
-2 62
-2 62
-2 62
-2 62
-2 62
-2 62
-2 62
-2 62
-2 62
-2 62
-2 62
-2 62
-2 62
-2 62
-2 62
-2 62
-2 62
-2 62
-2 62
-2 62
-2 62
-2 62
-2 62
-2 62
-2 63
-1 61
-1 61
-1 61
-1 61
-1 61
-1 61
-1 61
-1 61
-1 61
-1 61
-1 61
-1 61
-1 61
-1 61
-1 61
-1 61
-1 61
-1 61
-1 61
-1 61
-1 61
-1 61
-1 61
-1 61
-1 61
-1 61
-1 61
-1 61
-1 61
-1 61
-1 61
-1 61
-1 61
-1 61
0 59
0 59
0 59
0 59
0 59
0 59
0 59
0 59
0 59
0 59
0 59
0 59
0 59
0 59
0 59
0 59
0 59
0 59
0 59
0 59
0 59
0 59
0 59
0 59
0 59
0 59
0 59
0 59
0 59
0 59
0 59
0 59
0 59
0 59
0 59
0 59
0 59
0 59
-2 56
-2 56
-2 56
-2 56
-2 56
-2 56
-2 56
-2 56
-2 56
-2 56
-2 56
-2 56
-2 56
-2 56
-2 56
-2 56
-2 56
-2 56
3 59
3 59
3 59
3 59
3 59
3 59
3 59
3 59
3 59
3 59
3 59
3 59
3 59
3 59
3 59
3 54
3 54
3 54
3 54
3 54
3 54
3 54
3 54
3 54
3 54
3 54
3 54
3 54
3 54
3 54
3 54
1 49
1 49
1 49
1 49
1 49
1 49
1 49
1 49
1 49
1 49
1 49
1 49
1 49
1 49
1 49
1 49
1 49
1 49
1 49
1 49
1 49
1 49
1 49
1 49
1 49
1 49
1 49
1 49
1 49
1 49
1 49
1 49
1 49
1 49
1 49
1 49
1 49
1 49
1 49
1 49
1 49
1 49
1 49
1 49
1 49
1 49
1 49
1 49
1 49
1 49
1 49
6 44
6 44
6 44
6 44
6 44
6 44
6 44
6 44
6 44
6 44
6 44
6 44
6 44
6 44
6 44
6 44
6 44
6 44
6 44
6 44
6 44
6 44
6 44
6 44
6 44
6 44
6 44
6 44
6 44
6 44
6 44
6 44
6 44
6 44
7 43
7 43
7 43
7 43
7 43
7 43
7 43
7 43
7 43
7 43
7 43
7 43
7 43
7 43
7 43
7 43
7 43
0 44
0 44
0 44
0 44
0 44
0 44
0 44
0 44
0 44
0 44
0 44
0 44
0 44
0 44
0 44
0 39
0 39
0 39
0 39
0 39
0 39
0 39
0 39
0 39
0 39
0 39
0 39
0 39
0 39
0 39
0 39
0 39
0 39
0 39
0 39
0 39
0 39
0 39
0 39
0 39
0 39
0 39
0 39
0 39
0 39
0 39
0 39
0 39
0 39
0 39
0 39
0 39
0 39
0 39
0 39
0 39
0 39
0 39
0 39
3 38
4 30
4 30
4 30
4 30
4 30
4 30
4 30
4 30
4 30
4 30
4 30
4 30
4 30
4 30
4 30
4 30
4 30
4 30
4 30
4 30
4 30
4 30
4 30
4 30
4 30
4 30
4 30
4 30
4 30
1 15
1 15
1 15
1 15
1 15
1 15
1 15
1 15
1 15
1 15
1 15
1 15
1 15
1 15
1 15
1 15
1 15
1 15
1 15
1 15
1 15
1 15
1 15
1 15
1 15
1 15
1 15
1 15
1 15
1 15
1 15
1 15
1 15
2 15
2 15
2 15
2 15
2 15
2 15
2 15
2 15
2 15
2 15
2 15
2 15
2 15
2 15
2 15
2 15
2 15
2 15
2 15
2 15
2 15
2 15
2 15
2 15
2 15
2 15
2 15
2 15
2 15
2 15
2 15
2 15
2 15
2 9
2 9
2 9
2 9
2 9
2 9
2 9
2 9
2 9
2 9
2 9
2 9
2 9
2 9
2 9
2 9
2 9
2 9
2 9
2 9
2 9
2 9
2 9
2 9
2 9
2 9
2 9
2 9
2 9
2 9
2 9
2 9
2 9
2 9
4 5
1 5
1 5
1 5
1 5
1 5
1 5
1 5
1 5
1 5
1 5
1 5
1 5
1 5
1 5
1 5
1 5
1 5
1 5
1 5
1 5
1 5
1 5
1 5
1 5
1 5
1 5
1 5
1 5
1 5
1 5
1 5
1 5
1 5
1 5
1 5
1 5
1 5
1 5
1 5
1 5
1 5
1 5
1 5
1 5
1 5
1 5
1 5
1 5
0 3
0 3
0 3
0 3
0 3
0 3
0 3
0 3
0 3
0 3
0 3
0 3
0 3
0 3
0 3
0 3
0 3
0 3
0 3
0 3
0 3
0 3
0 3
0 3
0 3
0 3
0 3
0 3
0 3
0 3
0 3
0 3
1 0
1 0
1 0
1 0
1 0
1 0
1 0
1 0
1 0
1 0
1 0
1 0
1 0
1 0
1 0
1 0
1 0
1 0
1 0
1 0
1 0
1 0
1 0
1 0
1 0
1 0
1 0
1 0
1 0
1 0
1 0
1 0
1 0
1 0
1 0
1 0
2 2
2 2
2 2
2 2
2 2
2 2
2 2
2 2
2 2
2 2
2 2
2 2
2 2
2 2
2 2
2 2
2 2
2 2
2 2
2 2
2 2
2 2
2 2
2 2
2 2
2 2
2 2
2 2
2 2
2 2
2 2
2 2
2 2
2 2
2 2
1 0
1 0
1 0
1 0
1 0
1 0
1 0
1 0
1 0
1 0
1 0
1 0
1 0
1 0
1 0
1 0
1 0
1 0
1 0
1 0
1 0
1 0
1 0
1 0
1 0
1 0
1 0
1 0
1 0
1 0
1 0
1 0
1 0
1 0
1 0
1 0
1 0
1 0
1 0
1 0
1 0
1 0
1 0
1 0
1 0
1 0
1 0
1 0
1 0
1 0
1 0
1 0
1 0
1 0
1 0
1 0
1 0
1 0
1 0
1 0
1 0
1 0
1 0
-6 1
-6 1
-6 1
-6 1
-6 1
-6 1
-6 1
-6 1
-6 1
-6 1
-6 1
-6 1
-6 1
-6 1
-6 1
-6 1
-6 1
-6 1
-6 1
-6 1
-6 1
-6 1
-6 1
-6 1
-6 1
-6 1
-6 1
-6 1
-6 1
-6 1
-6 1
-6 1
-6 1
-6 1
-6 1
-6 1
-2 3
-2 3
-2 3
-2 3
-2 3
-2 3
-2 3
-2 3
-2 3
-2 3
-2 3
-2 3
-2 3
-2 3
-2 3
-2 3
-2 3
-2 3
-2 3
-2 3
-2 3
-2 3
-2 3
-2 3
-2 3
-2 3
-2 3
-2 3
-2 3
-2 3
-2 3
-2 3
-2 3
-2 3
-2 3
-2 3
-2 3
-2 3
-2 3
-2 3
-2 3
-2 3
-2 3
-2 3
-2 3
-2 3
-2 3
-2 3
-2 3
-2 3
-2 3
-2 3
-2 3
-2 3
-2 3
-2 3
-2 3
-2 3
-2 3
-2 3
-2 3
-2 3
-2 3
-2 3
-2 3
-2 3
-2 3
-2 3
-2 3
-2 3
-2 3
2 -1
2 -1
2 -1
2 -1
2 -1
2 -1
2 -1
2 -1
2 -1
2 -1
2 -1
2 -1
2 -1
2 -1
2 -1
2 -1
2 -1
2 0
2 0
2 0
2 0
2 0
2 0
2 0
2 0
2 0
2 0
2 0
2 0
2 0
2 0
2 0
2 0
2 0
2 0
2 0
2 0
2 0
2 0
2 0
2 0
2 0
2 0
2 0
2 0
2 0
2 0
2 0
2 0
2 0
2 0
2 0
2 0
2 0
2 0
2 0
2 0
2 0
2 0
2 0
2 0
2 0
2 0
2 0
2 0
2 0
2 0
2 0
2 0
2 0
2 0
2 0
2 0
2 0
2 0
2 0
2 0
2 0
2 0
2 0
2 0
2 0
2 0
2 0
2 0
2 0
2 0
2 0
2 0
2 0
2 0
2 0
2 0
2 0
2 0
2 0
2 0
2 0
2 0
2 0
2 0
2 0
2 0
2 0
2 0
2 0
2 0
2 0
2 0
2 0
2 0
2 0
2 0
2 0
2 0
2 0
2 0
2 0
2 0
2 0
2 0
2 0
2 0
2 0
2 0
2 0
2 0
2 0
2 0
2 0
2 0
2 0
2 0
2 0
2 0
2 0
2 0
2 0
2 0
2 0
2 0
2 0
2 0
2 0
2 0
2 0
2 0
2 0
2 0
2 0
2 0
2 0
2 0
2 0
2 0
2 0
2 0
2 0
2 0
2 0
2 0
2 0
2 0
2 0
2 0
2 0
2 0
2 0
2 0
2 0
2 0
2 0
2 0
2 0
2 0
2 0
2 0
2 0
2 0
2 0
2 0
2 0
2 0
2 0
2 0
2 0
2 0
2 0
2 0
2 0
2 0
2 0
2 0
2 0
2 0
2 0
2 0
2 0
2 0
2 0
2 0
2 0
2 0
2 0
2 0
2 0
2 0
2 0
2 0
2 0
2 0
2 0
2 0
2 0
2 0
2 0
2 0
2 0
2 0
2 0
2 0
2 0
2 0
2 0
2 0
2 0
2 0
2 0
2 0
2 0
2 0
2 0
2 0
2 0
2 0
2 0
2 0
2 0
2 0
2 0
2 0
2 0
2 0
2 0
2 0
2 0
2 0
2 0
2 0
2 0
2 0
2 0
2 0
2 0
2 0
2 0
2 0
2 0
2 0
2 0
2 0
2 0
2 0
2 0
2 0
2 0
2 0
2 0
2 0
2 0
2 0
2 0
2 0
2 0
2 0
2 0
2 0
2 0
2 0
2 0
2 0
2 0
2 0
2 0
2 0
2 0
2 0
2 0
2 0
2 0
2 0
2 0
2 0
2 0
2 0
2 0
2 0
2 0
2 0
2 0
2 0
2 0
2 0
2 0
2 0
2 0
2 0
2 0
2 0
2 0
2 0
2 0
2 0
2 0
2 0
2 0
2 0
2 0
2 0
2 0
2 0
2 0
2 0
2 0
2 0
2 0
2 0
2 0
2 0
2 0
2 0
2 0
2 0
2 0
2 0
2 0
2 0
2 0
2 0
2 0
2 0
2 0
2 0
2 0
2 0
2 0
2 0
2 0
2 0
2 0
2 0
2 0
2 0
2 0
2 0
2 0
2 0
2 0
2 0
2 0
2 0
2 0
2 0
2 0
2 0
2 0
2 0
2 0
2 0
2 0
2 0
2 0
2 0
2 0
2 0
2 0
2 0
2 0
2 0
2 0
2 0
2 0
2 0
2 0
2 0
2 0
2 0
2 0
2 0
2 0
2 0
2 0
2 0
2 0
2 0
2 0
2 0
2 0
2 0
2 0
2 0
2 0
2 0
2 0
2 0
2 0
2 0
2 0
2 0
2 0
2 0
2 0
2 0
2 0
2 0
2 0
2 0
2 0
2 0
2 0
2 0
2 0
2 0
2 0
2 0
2 0
2 0
2 0
2 0
2 0
2 0
2 0
2 0
2 0
2 0
2 0
2 0
2 0
2 0
2 0
2 0
2 0
2 0
2 0
2 0
2 0
2 0
2 0
2 0
2 0
2 0
2 0
2 0
2 0
2 0
2 0
2 0
2 0
2 0
2 0
2 0
2 0
2 0
2 0
2 0
2 0
2 0
2 0
2 0
2 0
2 0
2 0
2 0
2 0
2 0
2 0
2 0
2 0
2 0
2 0
2 0
2 0
2 0
2 0
2 0
2 0
2 0
2 0
2 0
2 0
2 0
2 0
2 0
2 0
2 0
2 0
2 0
2 0
2 0
2 0
2 0
2 0
2 0
2 0
2 0
2 0
2 0
2 0
2 0
2 0
2 0
2 0
2 0
2 0
2 0
2 0
2 0
2 0
2 0
2 0
2 0
2 0
2 0
2 0
2 0
2 0
2 0
2 0
2 0
2 0
2 0
2 0
2 0
2 0
2 0
2 0
2 0
2 0
2 0
2 0
2 0
2 0
2 0
2 0
2 0
2 0
2 0
2 0
2 0
2 0
2 0
2 0
2 0
2 0
2 0
2 0
2 0
2 0
2 0
2 0
2 0
2 0
2 0
2 0
2 0
2 0
2 0
2 0
2 0
2 0
2 0
2 0
2 0
2 0
2 0
2 0
2 0
2 0
2 0
2 0
2 0
2 0
2 0
2 0
2 0
2 0
2 0
2 0
2 0
2 0
2 0
2 0
2 0
2 0
2 0
2 0
2 0
2 0
2 0
2 0
2 0
2 0
2 0
2 0
2 0
2 0
2 0
2 0
2 0
2 0
2 0
2 0
2 0
2 0
2 0
2 0
2 0
2 0
2 0
2 0
2 0
2 0
2 0
2 0
2 0
2 0
2 0
2 0
2 0
2 0
2 0
2 0
2 0
2 0
2 0
2 0
2 0
2 0
2 0
2 0
2 0
2 0
2 0
2 0
2 0
2 0
2 0
2 0
2 0
2 0
2 0
2 0
2 0
2 0
2 0
2 0
2 0
2 0
2 0
2 0
2 0
2 0
2 0
2 0
2 0
2 0
2 0
2 0
2 0
2 0
2 0
2 0
2 0
2 0
2 0
2 0
2 0
2 0
2 0
2 0
2 0
2 0
2 0
2 0
2 0
2 0
2 0
2 0
2 0
2 0
2 0
2 0
2 0
2 0
2 0
2 0
2 0
2 0
2 0
2 0
2 0
2 0
2 0
2 0
2 0
2 0
2 0
2 0
2 0
2 0
2 0
2 0
2 0
2 0
2 0
2 0
2 0
2 0
2 0
2 0
2 0
2 0
2 0
2 0
2 0
2 0
2 0
2 0
2 0
2 0
2 0
2 0
2 0
2 0
2 0
2 0
2 0
2 0
2 0
2 0
2 0
2 0
2 0
2 0
2 0
2 0
2 0
2 0
2 0
2 0
2 0
2 0
2 0
2 0
2 0
2 0
2 0
2 0
2 0
2 0
2 0
2 0
2 0
2 0
2 0
2 0
2 0
2 0
2 0
2 0
2 0
2 0
2 0
2 0
2 0
2 0
2 0
2 0
2 0
2 0
2 0
2 0
2 0
2 0
2 0
2 0
2 0
2 0
2 0
2 0
2 0
2 0
2 0
2 0
2 0
2 0
2 0
2 0
2 0
2 0
2 0
2 0
2 0
2 0
2 0
2 0
2 0
2 0
2 0
2 0
2 0
2 0
2 0
2 0
2 0
2 0
2 0
2 0
2 0
2 0
2 0
2 0
2 0
2 0
2 0
2 0
2 0
2 0
2 0
2 0
2 0
2 0
2 0
2 0
2 0
2 0
2 0
2 0
2 0
2 0
2 0
2 0
2 0
2 0
2 0
2 0
2 0
2 0
2 0
2 0
2 0
2 0
2 0
2 0
2 0
2 0
2 0
2 0
2 0
2 0
2 0
2 0
2 0
2 0
2 0
2 0
2 0
2 0
2 0
2 0
2 0
2 0
2 0
2 0
2 0
2 0
2 0
2 0
2 0
2 0
2 0
2 0
2 0
2 0
2 0
2 0
2 0
2 0
2 0
2 0
2 0
2 0
2 0
2 0
2 0
2 0
2 0
2 0
2 0
2 0
2 0
2 0
2 0
2 0
2 0
2 0
2 0
2 0
2 0
2 0
2 0
2 0
2 0
2 0
2 0
2 0
2 0
2 0
2 0
2 0
2 0
2 0
2 0
2 0
2 0
2 0
2 0
2 0
2 0
2 0
2 0
2 0
2 0
2 0
2 0
2 0
2 0
2 0
2 0
2 0
2 0
2 0
2 0
2 0
2 0
2 0
2 0
2 0
2 0
2 0
2 0
2 0
2 0
2 0
2 0
2 0
2 0
2 0
2 0
2 0
2 0
2 0
2 0
2 0
2 0
2 0
2 0
2 0
2 0
2 0
2 0
2 0
2 0
2 0
2 0
2 0
2 0
2 0
2 0
2 0
2 0
2 0
2 0
2 0
2 0
2 0
2 0
2 0
2 0
0 2
0 2
0 2
0 2
0 2
0 2
0 2
0 2
0 2
0 2
0 2
0 2
0 2
0 2
0 2
0 2
0 2
0 2
0 2
0 2
0 2
0 2
0 2
0 2
0 2
0 2
0 2
0 2
0 2
0 2
0 2
0 2
0 2
0 2
0 2
0 2
0 2
0 2
0 2
0 2
0 2
0 2
0 2
0 2
0 2
0 2
0 2
0 2
0 2
0 2
0 2
0 2
0 2
0 2
0 2
0 2
0 2
0 2
0 2
0 2
0 2
0 2
0 2
0 2
0 2
0 2
0 2
0 2
0 2
0 2
0 2
0 2
0 2
0 2
0 2
0 2
0 2
0 2
0 2
0 2
0 2
0 2
0 2
0 2
0 2
0 2
0 2
0 2
0 2
0 2
0 2
0 2
0 2
0 2
0 2
0 2
0 2
0 2
0 2
0 2
0 2
0 2
0 2
0 2
0 2
0 2
