0 -1
0 -1
0 -1
0 -1
0 -1
0 -1
0 -1
0 -1
0 -1
0 -1
0 -1
0 -1
0 -1
0 -1
0 -1
0 -1
0 -1
0 -1
0 -1
0 -1
0 -1
0 -1
0 -1
0 -1
0 -1
0 -1
0 -1
-1 -1
-1 -1
-1 -1
-1 -1
-1 -1
-1 -1
-1 -1
-1 -1
-1 -1
-1 -1
-1 -1
-1 -1
-1 -1
-1 -1
-1 -1
-1 -1
-1 -1
-1 -1
-1 -1
-1 -1
-1 -1
-1 -1
-1 -1
-1 -1
-1 -1
-1 -1
-1 -1
-1 -1
-1 -1
-1 -1
-1 -1
-1 -1
-1 -1
-1 -1
-1 -1
-1 -1
-1 -1
-1 -1
-1 -1
-1 -1
-1 -1
-1 -1
-1 -1
-1 -1
-1 -1
-1 -1
-1 -1
-1 -1
0 -3
0 -2
0 -2
0 -2
0 -2
0 -2
0 -2
0 -2
0 -2
0 -2
0 -2
0 -2
0 -2
0 -2
0 -2
0 -2
0 -2
0 -2
0 -2
0 -2
0 -2
0 -2
0 -2
0 -2
1 0
1 0
1 0
1 0
1 0
1 0
1 0
1 0
1 0
1 0
1 0
1 0
1 0
1 0
1 0
1 0
1 0
1 0
1 0
1 0
1 0
1 0
1 0
1 0
1 0
1 0
1 0
1 0
1 0
1 0
1 0
1 0
1 0
1 0
1 0
1 0
1 0
1 0
1 0
1 0
1 0
1 0
1 0
1 0
1 0
1 0
1 0
1 0
1 0
1 0
1 0
1 0
1 0
1 0
1 0
1 0
1 0
1 0
1 0
1 0
1 0
1 0
1 0
1 0
1 0
1 0
1 0
1 0
1 0
1 0
1 0
1 0
1 0
1 0
1 0
1 0
1 0
1 0
1 0
1 0
1 0
1 0
1 0
1 0
1 0
1 0
1 0
1 0
1 0
1 0
1 0
1 0
1 0
1 0
1 0
1 0
1 0
1 0
1 0
1 0
1 0
1 0
1 0
1 0
1 0
1 0
1 0
1 0
1 0
1 0
1 0
1 0
1 0
1 0
1 0
1 0
1 0
1 0
1 0
1 0
1 0
1 0
1 0
1 0
1 0
1 0
1 0
1 0
1 0
1 0
1 0
1 0
1 0
1 0
1 0
1 0
1 0
1 0
1 0
1 0
1 0
1 0
1 0
1 0
1 0
1 0
0 -2
0 -2
0 -2
0 -2
0 -2
0 -2
0 -2
0 -2
0 -2
0 -2
0 -2
0 -2
0 -2
0 -2
0 -2
0 -2
0 -2
0 -2
0 -2
0 -2
0 -2
0 -3
0 -3
0 -3
0 -3
0 -3
0 -3
0 -3
0 -3
0 -3
0 -3
0 -3
0 -3
0 -3
0 -3
0 -3
0 -3
0 -3
0 -3
0 -3
0 -3
0 -3
0 -3
0 -3
0 -3
0 -3
0 -3
0 -3
0 -3
0 -3
0 -3
0 -3
0 -3
0 -3
0 -3
0 -3
0 -3
0 -3
0 -3
0 -3
0 -3
0 -3
0 -3
0 -3
0 -3
0 -3
0 -3
0 -3
0 -3
0 -3
1 -6
1 -6
1 -6
1 -6
1 -6
1 -6
1 -6
1 -6
1 -6
1 -6
1 -6
1 -6
1 -6
1 -6
1 -6
1 -6
1 -6
1 -6
0 -6
0 -6
0 -6
0 -6
0 -6
0 -6
0 -6
0 -6
0 -6
0 -6
0 -6
0 -6
0 -6
0 -6
0 -6
0 -6
0 -6
0 -6
0 -6
0 -6
0 -6
0 -6
0 -6
0 -6
0 -6
0 -6
0 -6
0 -6
0 -6
0 -6
0 -6
0 -6
0 -6
0 -6
0 -6
0 -6
0 -6
0 -6
0 -6
0 -6
0 -6
0 -6
0 -6
0 -6
0 -6
0 -6
0 -6
0 -6
0 -6
0 -3
0 -3
0 -3
0 -3
0 -3
0 -3
0 -3
0 -3
0 -3
0 -3
0 -3
0 -3
0 -3
0 -3
0 -3
0 -3
0 -3
0 -3
0 -3
0 -3
0 -3
0 -3
0 -3
0 -3
0 -3
0 -3
0 -3
0 -3
0 -3
0 -3
0 -3
0 -3
0 -3
0 -3
0 -3
0 -3
0 -3
0 -3
0 -3
0 -3
0 -3
0 -3
0 -3
0 -3
0 -3
0 -3
0 -3
0 -3
0 -3
0 -3
0 -3
0 -3
0 -3
0 -3
0 -3
0 -3
0 -3
0 -3
0 -3
0 -3
0 -3
0 -3
0 -3
0 -3
0 -3
0 -3
0 -3
0 -3
0 -3
0 -3
0 -3
0 -2
0 -2
0 -2
0 -2
0 -2
0 -2
0 -2
0 -2
0 -2
0 -2
0 -2
0 -2
0 -2
0 -2
0 -2
0 -2
0 -2
0 -2
0 -2
0 -2
0 -2
0 -2
0 -2
0 -1
0 -1
0 -1
0 -1
0 -1
0 -1
0 -1
0 -1
0 -1
0 -1
0 -1
0 -1
0 -1
0 -1
0 -1
0 -1
0 -1
0 -1
0 -1
0 -1
-1 0
-1 0
-1 0
-1 0
-1 0
-1 0
-1 0
-1 0
-1 0
-1 0
-1 0
-1 0
-1 0
-1 0
-1 0
-1 0
-1 0
-1 0
-1 0
-1 0
-1 0
-1 0
-1 0
-1 0
-3 -16
-3 -16
-3 -16
-3 -16
-3 -16
-3 -16
-3 -16
-3 -16
-3 -16
-3 -16
-3 -16
-3 -16
-3 -16
-3 -16
-3 -16
-3 -16
-3 -16
-3 -16
-3 -16
-3 -16
-3 -16
-3 -16
-3 -16
-3 -16
-3 -16
-3 -16
-3 -16
-3 -16
-3 -16
-3 -16
-3 -16
-3 -16
-3 -16
-3 -16
-3 -16
-3 -16
-3 -16
-3 -16
-3 -16
-3 -16
-3 -16
-3 -16
-3 -16
-3 -16
-3 -16
-3 -16
-3 -16
-3 -16
-3 -16
-7 -20
-7 -20
-7 -20
-7 -20
-7 -20
-7 -20
-7 -20
-7 -20
-7 -20
-7 -20
-7 -20
-7 -20
-7 -20
-7 -20
-7 -20
-7 -20
-7 -20
-7 -20
-7 -20
-7 -20
-7 -20
-7 -20
-7 -20
-7 -20
-7 -20
-7 -20
-7 -20
-7 -20
-7 -20
-7 -20
-7 -20
-7 -20
-7 -20
-7 -20
-7 -20
-7 -20
-7 -20
-7 -20
-7 -20
-7 -20
-7 -20
-7 -20
-7 -20
-7 -20
-7 -20
-8 -36
-8 -36
-8 -36
-8 -36
-8 -36
-8 -36
-8 -36
-8 -36
-8 -36
-8 -36
-8 -36
-8 -36
-8 -36
-8 -36
-8 -36
-8 -36
-8 -36
-8 -36
-8 -36
-8 -36
-8 -36
-8 -36
-8 -36
-8 -36
-8 -36
-8 -37
-8 -37
-8 -37
-8 -37
-8 -37
-8 -37
-8 -37
-8 -37
-8 -37
-8 -37
-8 -37
-8 -37
-8 -37
-8 -37
-8 -37
-8 -37
-8 -37
-8 -37
-8 -37
-8 -37
-8 -37
-8 -37
-8 -37
-8 -37
-4 -35
-4 -35
-4 -35
-4 -35
-4 -35
-4 -35
-4 -35
-4 -35
-4 -35
-4 -35
-4 -35
-4 -35
-4 -35
-4 -35
-4 -35
-4 -35
-4 -35
-4 -35
-4 -35
-4 -35
-4 -35
-4 -35
-4 -35
-4 -35
-10 -40
-10 -40
-10 -40
-10 -40
-10 -40
-10 -40
-10 -40
-10 -40
-10 -40
-10 -40
-10 -40
-10 -40
-10 -40
-10 -40
-10 -40
-10 -40
-10 -40
-10 -40
-10 -40
-10 -40
-10 -40
-10 -40
-10 -40
-10 -40
-10 -40
-10 -40
-10 -40
-10 -40
-10 -40
-10 -40
-10 -40
-10 -40
-10 -40
-10 -40
-10 -40
-10 -40
-10 -40
-10 -40
-10 -40
-10 -40
-10 -40
-10 -40
-10 -40
-10 -40
-10 -40
-10 -40
-10 -40
-10 -40
-10 -40
-10 -40
-7 -37
-7 -37
-7 -37
-7 -37
-7 -37
-7 -37
-7 -37
-7 -37
-7 -37
-7 -37
-7 -37
-7 -37
-7 -37
-7 -37
-7 -37
-7 -37
-7 -37
-7 -37
-7 -37
-7 -37
-7 -37
-7 -37
-7 -37
-7 -37
-7 -37
-7 -37
-7 -37
-7 -37
-7 -37
-7 -37
-7 -37
-7 -37
-7 -37
-7 -37
-7 -37
-7 -37
-7 -37
-7 -37
-7 -37
-7 -37
-7 -37
-7 -37
-7 -37
-7 -37
-7 -37
-7 -37
-7 -37
-7 -37
-7 -37
-5 -37
-5 -37
-5 -37
-5 -37
-5 -37
-5 -37
-5 -37
-5 -37
-5 -37
-5 -37
-5 -37
-5 -37
-5 -37
-5 -37
-5 -37
-5 -37
-5 -37
-5 -37
-5 -37
-5 -37
-5 -37
-5 -37
-5 -37
-5 -37
-2 -31
-2 -31
-2 -31
-2 -31
-2 -31
-2 -31
-2 -31
-2 -31
-2 -31
-2 -31
-2 -31
-2 -31
-2 -31
-2 -31
-2 -31
-2 -31
-2 -31
-2 -31
-2 -31
-2 -31
-2 -31
-2 -31
-2 -31
-2 -31
-2 -31
-2 -31
-2 -31
-2 -31
-2 -31
-2 -31
-2 -31
-2 -31
-2 -31
-2 -31
-2 -31
-2 -31
-2 -31
-2 -31
-2 -31
-2 -31
-2 -31
-2 -31
-2 -31
-2 -31
-2 -31
-2 -31
-2 -31
2 -12
2 -12
2 -12
2 -12
2 -12
2 -12
2 -12
2 -12
2 -12
2 -12
2 -12
2 -12
2 -12
2 -12
2 -12
2 -12
2 -12
2 -12
2 -12
2 -12
2 -12
2 -12
2 -12
2 -12
2 -12
2 -12
2 -12
2 -12
2 -12
2 -12
2 -12
2 -12
2 -12
2 -12
2 -12
2 -12
2 -12
2 -12
2 -12
2 -12
2 -12
2 -12
2 -12
2 -12
2 -12
2 -12
2 -12
2 -12
2 -12
2 -12
2 -12
2 -12
2 -12
2 -12
2 -12
2 -12
2 -12
2 -12
2 -12
2 -12
2 -12
2 -12
2 -12
2 -12
2 -12
2 -12
2 -12
2 -12
2 -12
2 -12
2 -12
2 -12
2 -12
2 -12
2 -12
2 -12
2 -12
2 -12
2 -12
0 -6
0 -1
0 -1
0 -1
0 -1
0 -1
0 -1
0 -1
0 -1
0 -1
0 -1
0 -1
0 -1
0 -1
0 -1
0 -1
0 -1
0 -1
0 -1
0 -1
0 -1
0 -1
0 -1
0 -1
0 -1
0 -1
0 -1
0 -1
0 -1
0 -1
0 -1
0 -1
0 -1
0 -1
0 -1
0 -1
0 -1
0 -1
0 -1
0 -1
0 -1
0 -1
0 -1
0 -1
0 -1
0 -1
0 -1
0 -1
0 -1
0 -1
0 -1
0 -1
0 -1
0 -1
0 -1
1 2
1 2
1 2
1 2
1 2
1 2
1 2
1 2
1 2
1 2
1 2
1 2
1 2
1 2
1 2
1 2
1 2
1 2
1 2
1 2
1 2
1 2
1 2
1 2
1 2
1 2
1 2
1 2
1 2
1 2
0 2
0 2
0 2
0 2
0 2
0 2
0 2
0 2
0 2
0 2
0 2
0 2
0 2
0 2
0 2
0 2
0 2
0 2
0 2
0 2
0 2
0 2
0 2
0 2
0 2
0 2
0 2
0 2
0 2
0 2
0 1
0 1
0 1
0 1
0 1
0 1
0 1
0 1
0 1
0 1
0 1
0 1
0 1
0 1
0 1
0 1
0 1
0 1
0 1
0 1
0 1
0 1
0 1
0 1
0 1
0 1
0 1
0 1
0 1
0 1
0 1
0 1
0 1
0 1
0 1
0 1
0 1
0 1
0 1
0 1
0 1
0 1
0 1
0 1
0 1
0 1
0 1
0 1
0 1
0 1
0 1
0 1
0 1
0 1
0 1
0 1
0 1
0 1
0 1
0 1
0 1
0 1
0 1
0 1
0 1
0 1
0 1
0 1
0 1
0 1
0 1
0 1
0 1
0 1
0 1
0 1
0 1
0 1
0 1
0 1
0 1
0 1
0 1
0 1
0 1
0 1
0 1
0 1
0 1
0 1
0 1
0 1
0 1
0 1
0 1
0 1
0 1
0 1
0 1
0 1
0 1
0 1
0 1
0 1
0 1
0 1
0 1
0 1
0 1
0 1
0 1
0 1
0 1
0 1
0 1
0 1
0 1
0 1
0 1
0 1
0 1
0 1
0 1
0 1
0 1
0 1
0 1
0 1
0 1
0 1
0 1
0 1
0 1
0 1
0 1
0 1
0 1
0 1
0 1
0 1
0 1
0 1
0 1
0 1
0 1
0 1
0 1
0 1
0 1
0 1
0 1
0 1
0 1
0 1
0 1
0 1
0 1
0 1
0 1
0 1
0 1
0 1
0 1
0 1
0 1
0 1
0 1
0 1
0 1
0 1
0 1
0 1
0 1
0 1
0 1
0 1
0 1
0 1
0 1
0 1
0 1
0 1
0 1
0 1
0 1
0 1
0 1
0 1
0 1
0 1
0 1
0 1
0 1
0 1
0 1
0 1
0 1
0 1
0 1
0 1
0 1
0 1
0 1
0 1
0 1
0 1
0 1
0 1
0 1
0 1
0 1
0 1
0 1
0 1
0 1
0 1
0 1
0 1
0 1
0 1
0 1
0 1
0 1
0 1
0 1
0 1
0 1
0 1
0 1
0 1
0 1
0 1
0 1
0 1
0 1
0 1
0 1
0 1
0 1
0 1
0 1
0 1
0 1
0 1
0 1
0 1
0 1
0 1
0 1
0 1
0 1
0 1
0 1
0 1
0 1
0 1
0 1
0 1
0 1
0 1
0 1
0 1
0 1
0 1
0 1
0 1
0 1
0 1
0 1
0 1
0 1
0 1
0 1
0 1
0 1
0 1
0 1
0 1
0 1
0 1
0 1
0 1
0 1
0 1
0 1
0 1
0 1
0 1
0 1
0 1
0 1
0 1
0 1
0 1
0 1
0 1
0 1
0 1
0 1
0 1
0 1
1 2
1 2
1 2
1 2
1 2
1 2
1 2
1 2
1 2
1 2
1 2
1 2
1 2
1 2
1 2
1 2
1 2
1 2
1 2
1 2
1 2
1 2
1 2
1 2
1 2
1 2
1 2
1 2
1 2
1 2
1 2
1 2
1 2
1 2
1 2
1 2
1 2
1 2
1 2
1 2
1 2
1 2
1 2
1 2
1 2
1 2
1 2
1 2
1 2
1 2
1 2
1 2
1 2
1 2
1 2
1 2
1 2
1 2
1 2
1 2
1 2
1 2
1 2
1 2
1 2
1 2
1 2
1 2
1 2
1 2
1 2
1 2
1 2
1 2
1 2
1 2
1 2
1 2
1 2
1 2
1 2
1 2
1 2
1 2
1 2
1 2
1 2
1 2
1 2
1 2
1 2
1 2
1 -6
1 -6
1 -6
1 -6
1 -6
1 -6
1 -6
1 -6
1 -6
1 -6
1 -6
1 -6
1 -6
1 -6
1 -6
1 -6
1 -6
1 -6
1 -6
1 -6
1 -6
1 -6
1 -6
1 -18
1 -18
1 -18
1 -18
1 -18
1 -18
1 -18
1 -18
1 -18
1 -18
1 -18
1 -18
1 -18
1 -18
1 -18
1 -18
1 -18
1 -18
1 -18
1 -18
1 -18
1 -18
1 -18
1 -18
1 -18
1 -18
1 -18
1 -18
1 -18
1 -18
1 -18
1 -18
1 -18
1 -18
1 -18
1 -18
1 -18
1 -18
1 -18
1 -18
1 -18
1 -18
1 -18
1 -18
1 -18
1 -18
1 -18
1 -18
1 -18
1 -18
1 -18
1 -18
1 -18
1 -18
1 -18
1 -18
1 -18
1 -18
1 -18
1 -18
1 -18
1 -18
1 -18
1 -18
1 -18
1 -18
1 -18
1 -27
1 -27
1 -27
1 -27
1 -27
1 -27
1 -27
1 -27
1 -27
1 -27
1 -27
1 -27
1 -27
1 -27
1 -27
1 -27
1 -27
1 -27
1 -27
1 -27
1 -27
1 -27
1 -27
1 -27
1 -27
1 -27
1 -27
1 -27
1 -27
1 -27
1 -27
1 -27
1 -27
1 -27
1 -27
1 -27
1 -27
1 -27
1 -27
1 -27
1 -27
1 -27
1 -27
1 -27
1 -27
1 -27
1 -27
1 -27
1 -27
-6 -34
-6 -48
-6 -48
-6 -48
-6 -48
-6 -48
-6 -48
-6 -48
-6 -48
-6 -48
-6 -48
-6 -48
-6 -48
-6 -48
-6 -48
-6 -48
-6 -48
-6 -48
-6 -48
-6 -48
-6 -48
-6 -48
-6 -48
-8 -52
-8 -52
-8 -52
-8 -52
-8 -52
-8 -52
-8 -52
-8 -52
-8 -52
-8 -52
-8 -52
-8 -52
-8 -52
-8 -52
-8 -52
-8 -52
-8 -52
-8 -52
-8 -52
-8 -52
-8 -52
-8 -52
-8 -52
-14 -57
-14 -57
-14 -57
-14 -57
-14 -57
-14 -57
-14 -57
-14 -57
-14 -57
-14 -57
-14 -57
-14 -57
-14 -57
-14 -57
-14 -57
-14 -57
-14 -57
-14 -57
-14 -57
-14 -57
-14 -57
-14 -57
-14 -57
-14 -57
-14 -57
-14 -57
-14 -57
-14 -57
-14 -57
-14 -57
-14 -57
-14 -57
-14 -57
-14 -57
-14 -57
-14 -57
-14 -57
-14 -57
-14 -57
-14 -57
-14 -57
-14 -57
-14 -57
-14 -57
-14 -57
-14 -57
-14 -57
-14 -57
-14 -57
-14 -57
-14 -57
-14 -57
-14 -57
-14 -57
-14 -57
-14 -57
-14 -57
-14 -57
-14 -57
-14 -57
-14 -57
-14 -57
-14 -57
-14 -57
-14 -57
-14 -57
-15 -60
-22 -73
-22 -73
-22 -73
-22 -73
-22 -73
-22 -73
-22 -73
-22 -73
-22 -73
-22 -73
-22 -73
-22 -73
-22 -73
-22 -73
-22 -73
-22 -73
-22 -73
-22 -73
-22 -73
-22 -73
-22 -73
-22 -73
-22 -73
-22 -73
-22 -73
-22 -73
-22 -73
-22 -73
-22 -73
-22 -73
-22 -73
-22 -73
-22 -73
-22 -73
-22 -73
-22 -73
-22 -73
-22 -73
-22 -73
-22 -73
-27 -73
-27 -73
-27 -73
-27 -73
-27 -73
-27 -73
-27 -73
-27 -73
-27 -73
-27 -73
-27 -73
-27 -73
-27 -73
-27 -73
-27 -73
-27 -73
-27 -73
-27 -73
-27 -73
-27 -73
-27 -73
-27 -73
-27 -73
-27 -73
-27 -73
-27 -73
-27 -73
-27 -73
-27 -73
-27 -73
-27 -73
-27 -73
-27 -73
-27 -73
-27 -73
-27 -73
-27 -73
-27 -73
-27 -73
-27 -73
-27 -73
-27 -73
-32 -82
-47 -75
-47 -75
-47 -75
-47 -75
-47 -75
-47 -75
-47 -75
-47 -75
-47 -75
-47 -75
-47 -75
-47 -75
-47 -75
-47 -75
-47 -75
-47 -75
-47 -75
-47 -75
-47 -75
-47 -75
-47 -75
-47 -75
-47 -75
-47 -75
-47 -75
-47 -75
-47 -75
-47 -75
-47 -75
-47 -75
-47 -75
-47 -75
-47 -75
-47 -75
-47 -75
-47 -75
-47 -75
-47 -75
-47 -75
-47 -75
-47 -75
-47 -75
-47 -75
-54 -75
-54 -75
-54 -75
-54 -75
-54 -75
-54 -75
-54 -75
-54 -75
-54 -75
-54 -75
-54 -75
-54 -75
-54 -75
-54 -75
-54 -75
-54 -75
-54 -75
-54 -75
-54 -75
-54 -75
-54 -75
-54 -75
-69 -70
-69 -70
-69 -70
-69 -70
-69 -70
-69 -70
-69 -70
-69 -70
-69 -70
-69 -70
-69 -70
-69 -70
-69 -70
-69 -70
-69 -70
-69 -70
-69 -70
-69 -70
-69 -70
-69 -70
-69 -70
-69 -70
-69 -70
-69 -70
-69 -72
-69 -72
-69 -72
-69 -72
-69 -72
-69 -72
-69 -72
-69 -72
-69 -72
-69 -72
-69 -72
-69 -72
-69 -72
-69 -72
-69 -72
-69 -72
-69 -72
-69 -72
-69 -72
-69 -72
-69 -72
-69 -72
-69 -72
-69 -72
-69 -72
-69 -72
-69 -72
-69 -72
-69 -72
-69 -72
-69 -72
-69 -72
-69 -72
-69 -72
-69 -72
-69 -72
-69 -72
-69 -72
-69 -72
-69 -72
-69 -72
-69 -72
-69 -72
-69 -72
-69 -72
-69 -72
-69 -72
-69 -72
-69 -72
-86 -71
-86 -71
-86 -71
-86 -71
-86 -71
-86 -71
-86 -71
-86 -71
-86 -71
-86 -71
-86 -71
-86 -71
-86 -71
-86 -71
-86 -71
-86 -71
-86 -71
-86 -71
-86 -71
-86 -71
-86 -71
-86 -71
-86 -71
-86 -71
-85 -57
-85 -57
-85 -57
-85 -57
-85 -57
-85 -57
-85 -57
-85 -57
-85 -57
-85 -57
-85 -57
-85 -57
-85 -57
-85 -57
-85 -57
-85 -57
-85 -57
-85 -57
-85 -57
-85 -57
-85 -57
-85 -57
-85 -57
-85 -57
-85 -57
-85 -57
-85 -57
-85 -57
-85 -57
-85 -57
-85 -57
-85 -57
-85 -57
-85 -57
-85 -57
-85 -57
-85 -57
-85 -57
-85 -57
-85 -57
-85 -57
-85 -57
-85 -57
-85 -57
-85 -57
-85 -57
-85 -57
-85 -57
-100 -54
-100 -54
-100 -54
-100 -54
-100 -54
-100 -54
-100 -54
-100 -54
-100 -54
-100 -54
-100 -54
-100 -54
-100 -54
-100 -54
-100 -54
-100 -54
-100 -54
-100 -54
-100 -54
-100 -54
-100 -54
-100 -54
-100 -54
-100 -54
-100 -54
-80 -35
-80 -35
-80 -35
-80 -35
-80 -35
-80 -35
-80 -35
-80 -35
-80 -35
-80 -35
-80 -35
-80 -35
-80 -35
-80 -35
-80 -35
-80 -35
-80 -35
-80 -35
-80 -35
-80 -35
-80 -35
-80 -35
-80 -35
-80 -35
-80 -35
-80 -35
-80 -35
-80 -35
-80 -35
-80 -35
-80 -35
-80 -35
-80 -35
-80 -35
-80 -35
-80 -35
-80 -35
-80 -35
-80 -35
-80 -35
-80 -35
-80 -35
-80 -35
-80 -35
-80 -35
-80 -35
-80 -35
-80 -35
-80 -35
-80 -35
-80 -35
-80 -35
-80 -35
-80 -35
-80 -35
-80 -35
-80 -35
-80 -35
-80 -35
-80 -35
-80 -35
-80 -35
-80 -35
-80 -35
-80 -35
-80 -35
-80 -35
-80 -35
-80 -35
-80 -35
-80 -35
-80 -35
-101 -34
-84 -19
-84 -19
-84 -19
-84 -19
-84 -19
-84 -19
-84 -19
-84 -19
-84 -19
-84 -19
-84 -19
-84 -19
-84 -19
-84 -19
-84 -19
-84 -19
-84 -19
-84 -19
-84 -19
-84 -19
-84 -19
-84 -19
-84 -19
-84 -19
-84 -19
-84 -19
-84 -19
-84 -19
-84 -19
-84 -19
-84 -19
-84 -19
-84 -19
-84 -19
-84 -19
-84 -19
-84 -19
-84 -19
-94 -16
-98 -16
-98 -16
-98 -16
-98 -16
-98 -16
-98 -16
-98 -16
-98 -16
-98 -16
-98 -16
-98 -16
-98 -16
-98 -16
-98 -16
-98 -16
-98 -16
-98 -16
-98 -16
-98 -16
-98 -16
-98 -16
-98 -16
-98 -16
-98 -16
-98 -16
-98 -16
-98 -16
-98 -16
-98 -16
-98 -16
-102 -16
-102 -16
-102 -16
-102 -16
-102 -16
-102 -16
-102 -16
-102 -16
-102 -16
-102 -16
-102 -16
-102 -16
-102 -16
-96 -21
-96 -21
-96 -21
-96 -21
-96 -21
-96 -21
-96 -21
-96 -21
-96 -21
-96 -21
-96 -21
-96 -21
-96 -21
-96 -21
-96 -21
-96 -21
-96 -21
-96 -21
-96 -21
-96 -21
-96 -21
-96 -21
-96 -21
-96 -21
-96 -21
-96 -21
-96 -21
-96 -21
-96 -21
-96 -21
-96 -21
-96 -21
-96 -21
-96 -21
-96 -21
-96 -21
-96 -21
-96 -21
-96 -21
-96 -21
-96 -21
-96 -21
-96 -21
-96 -21
-96 -21
-96 -21
-96 -21
-96 -21
-94 -12
-100 -9
-100 -9
-100 -9
-100 -9
-100 -9
-100 -9
-100 -9
-100 -9
-100 -9
-100 -9
-100 -9
-100 -9
-100 -9
-100 -9
-100 -9
-100 -9
-100 -9
-100 -9
-100 -9
-100 -9
-100 -9
-100 -9
-100 -9
-100 -9
-100 -9
-100 -9
-100 -9
-100 -9
-100 -9
-100 -9
-95 -9
-95 -9
-95 -9
-95 -9
-95 -9
-95 -9
-95 -9
-95 -9
-95 -9
-95 -9
-95 -9
-95 -9
-95 -9
-95 -9
-95 -9
-95 -9
-95 -9
-95 -9
-103 -5
-103 -5
-103 -5
-103 -5
-103 -5
-103 -5
-103 -5
-103 -5
-103 -5
-103 -5
-103 -5
-103 -5
-103 -5
-103 -5
-103 -5
-103 -5
-103 -5
-100 4
-100 4
-100 4
-100 4
-100 4
-100 4
-100 4
-100 4
-100 4
-100 4
-100 4
-100 4
-100 4
-100 4
-100 4
-100 4
-100 4
-100 4
-100 4
-100 4
-100 4
-100 4
-100 4
-100 4
-100 4
-100 4
-100 4
-100 4
-100 4
-100 4
-100 4
-100 4
-100 4
-100 4
-100 4
-100 4
-100 4
-100 4
-100 4
-100 4
-100 4
-100 4
-100 4
-100 4
-100 4
-100 4
-100 4
-100 4
-100 4
-100 4
-100 4
-100 4
-100 4
-100 4
-100 4
-100 4
-100 4
-103 14
-103 14
-103 14
-103 14
-103 14
-103 14
-103 14
-103 14
-103 14
-103 14
-103 14
-103 14
-103 14
-103 14
-103 14
-103 14
-103 14
-103 14
-103 14
-103 14
-103 14
-103 14
-103 14
-103 14
-103 14
-103 14
-103 14
-103 14
-103 14
-103 14
-103 14
-103 14
-103 14
-103 14
-103 14
-103 14
-103 14
-103 14
-103 14
-103 14
-103 14
-103 14
-103 14
-103 14
-103 14
-103 14
-103 14
-103 14
-103 14
-103 14
-91 19
-95 28
-95 28
-95 28
-95 28
-95 28
-95 28
-95 28
-95 28
-95 28
-95 28
-95 28
-95 28
-95 28
-95 28
-95 28
-95 28
-95 28
-85 27
-85 27
-85 27
-85 27
-85 27
-85 27
-85 27
-85 27
-85 27
-85 27
-85 27
-85 27
-85 27
-85 27
-85 27
-85 27
-85 27
-85 27
-85 27
-85 27
-85 27
-85 27
-85 27
-85 27
-85 27
-85 27
-85 27
-85 27
-85 27
-85 33
-85 33
-85 33
-85 33
-85 33
-85 33
-85 33
-85 33
-85 33
-85 33
-85 33
-85 33
-85 33
-85 33
-92 43
-92 43
-92 43
-92 43
-92 43
-92 43
-92 43
-92 43
-92 43
-92 43
-92 43
-92 43
-92 43
-92 43
-92 43
-92 43
-92 43
-92 43
-95 47
-95 47
-95 47
-95 47
-95 47
-95 47
-95 47
-95 47
-95 47
-95 47
-95 47
-95 47
-95 47
-95 47
-95 47
-95 47
-95 47
-95 47
-95 47
-95 47
-95 47
-95 47
-95 47
-95 47
-95 47
-95 47
-95 47
-95 47
-95 47
-95 47
-95 47
-95 47
-95 47
-95 47
-86 42
-86 42
-86 42
-86 42
-86 42
-86 42
-86 42
-86 42
-86 42
-86 42
-86 42
-86 42
-86 42
-86 42
-86 42
-86 42
-86 42
-86 42
-86 42
-86 42
-86 42
-86 42
-86 42
-86 42
-86 42
-86 42
-86 42
-86 42
-86 42
-86 42
-86 42
-86 42
-86 42
-86 42
-86 42
-85 40
-85 40
-85 40
-85 40
-85 40
-85 40
-85 40
-85 40
-85 40
-85 40
-85 40
-85 40
-85 40
-85 40
-85 40
-85 40
-72 38
-72 38
-72 38
-72 38
-72 38
-72 38
-72 38
-72 38
-72 38
-72 38
-72 38
-72 38
-72 38
-72 38
-72 38
-72 38
-72 38
-72 38
-70 38
-70 38
-70 38
-70 38
-70 38
-70 38
-70 38
-70 38
-70 38
-70 38
-70 38
-70 38
-70 38
-70 38
-70 38
-70 38
-70 38
-70 38
-70 38
-70 38
-70 38
-70 38
-70 38
-70 38
-70 38
-70 38
-70 38
-70 38
-70 38
-70 38
-70 38
-70 38
-70 38
-70 38
-65 43
-65 43
-65 43
-65 43
-65 43
-65 43
-65 43
-65 43
-65 43
-65 43
-65 43
-65 43
-65 43
-65 43
-65 43
-65 43
-65 43
-65 43
-65 43
-65 43
-65 43
-65 43
-65 43
-65 43
-65 43
-65 43
-65 43
-65 43
-65 43
-65 43
-65 43
-65 43
-65 43
-65 43
-65 43
-70 51
-71 56
-71 56
-71 56
-71 56
-71 56
-71 56
-71 56
-71 56
-71 56
-71 56
-71 56
-71 56
-71 56
-71 56
-71 56
-71 56
-71 56
-71 56
-71 56
-71 56
-71 56
-71 56
-71 56
-71 56
-71 56
-71 56
-71 56
-71 56
-71 56
-71 56
-71 56
-71 56
-71 56
-71 56
-63 61
-63 61
-63 61
-63 61
-63 61
-63 61
-63 61
-63 61
-63 61
-63 61
-63 61
-63 61
-63 61
-63 61
-63 61
-64 48
-64 48
-64 48
-64 48
-64 48
-64 48
-64 48
-64 48
-64 48
-64 48
-64 48
-64 48
-64 48
-64 48
-64 48
-64 48
-64 48
-64 48
-62 66
-62 66
-62 66
-62 66
-62 66
-62 66
-62 66
-62 66
-62 66
-62 66
-62 66
-62 66
-62 66
-62 66
-62 66
-62 66
-62 66
-62 66
-62 66
-62 66
-62 66
-62 66
-62 66
-62 66
-62 66
-62 66
-62 66
-62 66
-62 66
-62 66
-62 66
-62 66
-62 66
-62 66
-62 66
-62 66
-62 66
-62 66
-62 66
-62 66
-62 66
-62 66
-62 66
-62 66
-62 66
-62 66
-62 66
-62 66
-62 66
-62 66
-52 60
-52 60
-52 60
-52 60
-52 60
-52 60
-52 60
-52 60
-52 60
-52 60
-52 60
-52 60
-52 60
-52 60
-52 60
-52 60
-52 60
-52 60
-52 60
-52 60
-52 60
-52 60
-52 60
-52 60
-52 60
-52 60
-52 60
-52 60
-52 60
-52 60
-52 60
-52 60
-52 60
-43 61
-43 61
-43 61
-43 61
-43 61
-43 61
-43 61
-43 61
-43 61
-43 61
-43 61
-43 61
-43 61
-43 61
-43 61
-43 61
-44 72
-44 72
-44 72
-44 72
-44 72
-44 72
-44 72
-44 72
-44 72
-44 72
-44 72
-44 72
-44 72
-44 72
-44 72
-44 72
-44 72
-42 82
-42 82
-42 82
-42 82
-42 82
-42 82
-42 82
-42 82
-42 82
-42 82
-42 82
-42 82
-42 82
-42 82
-42 82
-42 82
-42 82
-42 82
-42 82
-42 82
-42 82
-42 82
-42 82
-42 82
-42 82
-42 82
-42 82
-42 82
-42 82
-42 82
-42 82
-42 82
-42 82
-42 82
-42 82
-47 75
-47 75
-47 75
-47 75
-47 75
-47 75
-47 75
-47 75
-47 75
-47 75
-47 75
-47 75
-47 75
-47 75
-47 75
-47 75
-47 75
-47 75
-47 75
-47 75
-47 75
-47 75
-47 75
-47 75
-47 75
-47 75
-47 75
-47 75
-47 75
-47 75
-47 75
-47 75
-47 75
-47 75
-41 70
-41 70
-41 70
-41 70
-41 70
-41 70
-41 70
-41 70
-41 70
-41 70
-41 70
-41 70
-41 70
-41 70
-41 70
-41 70
-41 70
-41 70
-41 70
-41 70
-41 70
-41 70
-41 70
-41 70
-41 70
-41 70
-41 70
-41 70
-41 70
-41 70
-41 70
-36 69
-22 76
-22 76
-22 76
-22 76
-22 76
-22 76
-22 76
-22 76
-22 76
-22 76
-22 76
-22 76
-22 76
-22 76
-16 75
-16 75
-16 75
-16 75
-16 75
-16 75
-16 75
-16 75
-16 75
-16 75
-16 75
-16 75
-16 75
-16 75
-16 75
-16 75
-13 70
-13 70
-13 70
-13 70
-13 70
-13 70
-13 70
-13 70
-13 70
-13 70
-13 70
-13 70
-13 70
-13 70
-13 70
-13 70
-13 70
-13 70
-13 70
-13 70
-13 70
-13 70
-13 70
-13 70
-13 70
-13 70
-13 70
-13 70
-13 70
-13 70
-13 70
-13 70
-13 70
-9 77
-9 77
-9 77
-9 77
-9 77
-9 77
-9 77
-9 77
-9 77
-9 77
-9 77
-9 77
-9 77
-9 77
-9 77
-9 77
-5 70
-5 70
-5 70
-5 70
-5 70
-5 70
-5 70
-5 70
-5 70
-5 70
-5 70
-5 70
-5 70
-5 70
-5 70
-5 70
-5 70
-5 70
-5 70
-5 70
-5 70
-5 70
-5 70
-5 70
-5 70
-5 70
-5 70
-5 70
-5 70
-5 70
-5 70
-5 70
-5 70
-5 70
-5 70
-5 70
-5 70
-5 70
-5 70
-9 68
-9 68
-9 68
-9 68
-9 68
-9 68
-9 68
-9 68
-9 68
-9 68
-9 68
-9 68
-9 68
-9 68
-9 68
-9 68
-9 68
-9 68
-9 68
-9 68
-9 68
-9 68
-9 68
-9 68
-9 68
-9 68
-9 68
-9 68
-9 68
-9 68
-9 68
-9 68
-9 68
-8 67
0 58
0 58
0 58
0 58
0 58
0 58
0 58
0 58
0 58
0 58
0 58
0 58
0 58
0 58
0 58
0 58
0 58
0 58
0 58
0 58
0 58
0 58
0 58
0 58
0 58
0 58
0 58
0 58
0 58
0 58
0 58
0 58
0 58
0 58
0 58
1 61
1 61
1 61
1 61
1 61
1 61
1 61
1 61
1 61
1 61
1 61
1 61
1 61
1 61
1 61
1 61
1 61
1 61
1 61
1 61
1 61
1 61
1 61
1 61
1 61
1 61
1 61
1 61
1 61
1 61
1 61
1 61
1 61
1 61
1 61
1 61
2 58
2 58
2 58
2 58
2 58
2 58
2 58
2 58
2 58
2 58
2 58
2 58
2 58
2 58
2 58
2 58
2 58
2 58
2 58
2 58
2 58
2 58
2 58
2 58
2 58
2 58
2 58
2 58
2 58
2 58
2 58
2 58
2 58
2 58
2 58
2 58
-1 62
-1 59
-1 59
-1 59
-1 59
-1 59
-1 59
-1 59
-1 59
-1 59
-1 59
-1 59
-1 59
-1 59
-1 59
-1 59
-1 59
-1 59
0 61
0 61
0 61
0 61
0 61
0 61
0 61
0 61
0 61
0 61
0 61
0 61
0 61
0 61
0 61
0 61
0 61
0 61
0 61
0 61
0 61
0 61
0 61
0 61
0 61
0 61
0 61
0 61
0 61
0 61
0 61
0 61
0 61
0 61
0 61
0 61
0 61
0 61
2 60
2 60
2 60
2 60
2 60
2 60
2 60
2 60
2 60
2 60
2 60
2 60
2 60
2 60
2 60
2 60
2 60
2 60
8 60
8 60
8 60
8 60
8 60
8 60
8 60
8 60
8 60
8 60
8 60
8 60
8 60
8 60
8 60
8 60
8 60
8 60
8 60
8 60
8 60
8 60
8 60
8 60
8 60
8 60
8 60
8 60
8 60
8 60
8 60
8 60
8 60
8 60
8 60
8 60
8 60
8 60
8 60
8 60
8 60
8 60
8 60
8 60
8 60
8 60
8 60
8 60
8 60
8 60
8 60
8 60
8 60
8 60
8 60
7 58
7 58
7 58
7 58
7 58
7 58
7 58
7 58
7 58
7 58
7 58
7 58
7 58
7 58
7 58
7 58
7 58
11 55
11 55
11 55
11 55
11 55
11 55
11 55
11 55
11 55
11 55
11 55
11 55
11 55
11 55
11 55
11 55
11 55
11 55
11 55
11 55
11 55
11 55
11 55
11 55
11 55
11 55
11 55
11 55
11 55
11 55
11 55
11 55
6 59
6 59
6 59
6 59
6 59
6 59
6 59
6 59
6 59
6 59
6 59
6 59
6 59
6 59
10 54
10 54
10 54
10 54
10 54
10 54
10 54
10 54
10 54
10 54
10 54
10 54
10 54
10 54
10 54
10 54
10 54
10 54
10 54
10 54
10 54
10 54
10 54
10 54
10 54
10 54
10 54
10 54
10 54
10 54
10 54
10 54
10 54
10 54
10 54
10 54
10 54
10 54
10 54
10 54
10 54
10 54
10 54
10 54
10 54
10 54
10 54
10 54
10 54
10 54
10 54
10 54
10 54
10 54
10 54
10 54
10 54
10 54
10 54
10 54
10 54
10 54
10 54
10 54
10 54
10 54
10 54
10 54
10 54
10 54
10 54
10 54
10 54
10 54
10 54
10 54
10 54
10 54
12 53
12 56
12 56
12 56
12 56
12 56
12 56
12 56
12 56
12 56
12 56
12 56
12 56
12 56
12 56
12 56
12 56
12 56
12 56
12 56
12 56
12 56
12 56
12 56
12 56
12 56
12 56
12 56
12 56
12 56
12 56
12 56
12 56
12 56
12 56
12 56
12 56
12 56
12 56
12 56
12 56
12 56
16 57
16 57
16 57
16 57
16 57
16 57
16 57
16 57
16 57
16 57
16 57
16 57
16 57
16 57
16 57
16 57
16 57
16 57
16 57
20 57
20 57
20 57
20 57
20 57
20 57
20 57
20 57
20 57
20 57
20 57
20 57
20 57
20 57
20 57
20 57
20 57
20 57
20 57
25 61
25 61
25 61
25 61
25 61
25 61
25 61
25 61
25 61
25 61
25 61
25 61
25 61
25 61
25 61
25 61
25 61
25 61
25 61
25 61
25 61
25 61
25 61
25 61
25 61
25 61
25 61
25 61
25 61
25 61
25 61
25 61
25 61
25 61
25 61
25 61
25 61
25 61
25 61
25 61
25 61
25 61
25 61
25 61
25 61
30 58
20 61
20 61
20 61
20 61
20 61
20 61
20 61
20 61
20 61
20 61
20 61
20 61
20 61
20 61
20 61
20 61
20 61
20 61
20 61
20 61
20 61
20 61
20 61
20 61
20 61
20 61
20 61
20 61
20 61
20 61
20 61
20 61
20 61
20 61
20 61
20 61
20 61
20 61
20 61
20 61
20 61
20 61
20 61
20 61
20 61
20 61
20 61
20 61
20 61
20 61
20 61
44 65
44 65
44 65
44 65
44 65
44 65
44 65
44 65
44 65
44 65
44 65
44 65
44 65
44 65
44 65
44 65
47 66
47 66
47 66
47 66
47 66
47 66
47 66
47 66
47 66
47 66
47 66
47 66
47 66
47 66
47 66
47 66
47 66
47 66
47 66
47 66
47 66
47 66
47 66
47 66
47 66
47 66
47 66
47 66
47 66
47 66
47 66
47 66
47 66
47 66
47 66
47 66
47 66
47 66
47 66
47 66
47 66
47 66
47 66
47 66
47 66
47 66
47 66
47 66
47 66
47 66
47 66
47 66
47 66
47 66
47 66
47 66
47 66
47 66
47 66
55 71
73 71
73 71
73 71
73 71
73 71
73 71
73 71
73 71
73 71
73 71
73 71
73 71
73 71
73 71
73 71
73 71
73 71
73 71
73 71
73 71
73 71
73 71
73 71
73 71
73 71
73 71
73 71
73 71
73 71
73 71
73 71
73 71
73 71
81 62
81 62
81 62
81 62
81 62
81 62
81 62
81 62
81 62
81 62
81 62
81 62
81 62
81 62
81 62
81 62
81 62
81 62
81 62
81 62
81 62
81 62
81 62
81 62
81 62
81 62
81 62
81 62
81 62
81 62
81 62
81 62
81 62
81 62
81 62
95 61
95 61
95 61
95 61
95 61
95 61
95 61
95 61
95 61
95 61
95 61
95 61
95 61
95 61
95 61
95 61
95 61
95 61
90 55
90 55
90 55
90 55
90 55
90 55
90 55
90 55
90 55
90 55
90 55
90 55
90 55
90 55
90 55
90 55
90 55
90 55
100 48
100 48
100 48
100 48
100 48
100 48
100 48
100 48
100 48
100 48
100 48
100 48
100 48
100 48
100 48
100 48
100 48
100 48
100 48
100 48
100 48
100 48
100 48
100 48
100 48
100 48
100 48
100 48
100 48
100 48
100 48
100 48
100 48
100 48
100 48
100 48
100 48
100 48
100 48
100 48
100 48
100 48
100 48
100 48
100 48
100 48
100 48
100 48
100 48
100 48
100 48
100 48
100 48
100 48
100 48
100 48
100 48
100 48
100 48
100 48
100 48
100 48
100 48
100 48
100 48
100 48
100 48
116 58
116 58
116 58
116 58
116 58
116 58
116 58
116 58
116 58
116 58
116 58
116 58
116 58
116 58
116 58
116 58
116 58
116 58
116 58
116 58
116 58
116 58
116 58
116 58
116 58
116 58
116 58
116 58
116 58
116 58
116 58
116 58
116 58
116 58
116 58
116 58
116 58
116 58
116 58
116 58
116 58
122 29
137 39
137 39
137 39
137 39
137 39
137 39
137 39
137 39
137 39
137 39
137 39
137 39
137 39
137 39
137 39
137 39
137 39
133 13
133 13
133 13
133 13
133 13
133 13
133 13
133 13
133 13
133 13
133 13
133 13
133 13
133 13
133 13
133 13
133 13
133 13
133 13
121 2
121 2
121 2
121 2
121 2
121 2
121 2
121 2
121 2
121 2
121 2
121 2
121 2
121 2
121 2
121 2
121 2
121 2
121 2
121 2
121 2
121 2
121 2
121 2
121 2
121 2
121 2
121 2
121 2
121 2
121 2
121 2
121 2
121 2
121 2
121 2
121 2
121 2
121 2
121 2
121 2
121 2
121 2
121 2
121 2
121 2
121 2
121 2
121 2
121 2
121 2
132 0
131 -3
131 -3
131 -3
131 -3
131 -3
131 -3
131 -3
131 -3
131 -3
131 -3
131 -3
131 -3
131 -3
131 -3
131 -3
131 -3
131 -3
131 -3
131 -3
131 -3
131 -3
131 -3
131 -3
131 -3
131 -3
131 -3
131 -3
131 -3
131 -3
131 -3
131 -3
131 -3
118 -7
118 -7
118 -7
118 -7
118 -7
118 -7
118 -7
118 -7
118 -7
118 -7
118 -7
118 -7
118 -7
118 -7
118 -7
118 -7
118 -7
118 -7
104 -7
104 -7
104 -7
104 -7
104 -7
104 -7
104 -7
104 -7
104 -7
104 -7
104 -7
104 -7
104 -7
104 -7
104 -7
104 -7
104 -7
104 -7
104 -7
104 -7
104 -7
104 -7
104 -7
104 -7
104 -7
104 -7
104 -7
104 -7
104 -7
104 -7
104 -7
104 -7
104 -7
104 -7
104 -7
104 -7
104 -7
98 -20
98 -20
98 -20
98 -20
98 -20
98 -20
98 -20
98 -20
98 -20
98 -20
98 -20
98 -20
98 -20
98 -20
98 -20
98 -20
98 -20
98 -20
99 -27
99 -27
99 -27
99 -27
99 -27
99 -27
99 -27
99 -27
99 -27
99 -27
99 -27
99 -27
99 -27
99 -27
99 -27
99 -27
99 -27
99 -27
99 -27
99 -27
99 -27
99 -27
99 -27
99 -27
99 -27
99 -27
99 -27
99 -27
99 -27
99 -27
99 -27
99 -27
99 -27
99 -27
99 -27
99 -27
99 -27
99 -27
99 -27
99 -27
99 -27
99 -27
99 -27
99 -27
99 -27
99 -27
99 -27
99 -27
99 -27
99 -27
99 -27
99 -27
99 -27
99 -27
99 -27
99 -27
99 -27
99 -27
99 -27
99 -27
99 -27
99 -27
99 -27
99 -27
99 -27
99 -27
90 -44
90 -44
88 -52
94 -63
94 -63
94 -63
94 -63
94 -63
94 -63
94 -63
94 -63
94 -63
94 -63
94 -63
94 -63
94 -63
94 -63
94 -63
80 -62
80 -62
80 -62
80 -62
80 -62
80 -62
80 -62
80 -62
80 -62
80 -62
80 -62
80 -62
80 -62
80 -62
80 -62
80 -62
80 -62
80 -62
80 -62
80 -62
80 -62
80 -62
80 -62
80 -62
80 -62
80 -62
80 -62
80 -62
80 -62
80 -62
80 -62
80 -62
80 -62
80 -62
80 -62
80 -62
78 -72
78 -72
78 -72
78 -72
78 -72
78 -72
78 -72
78 -72
78 -72
78 -72
78 -72
78 -72
78 -72
78 -72
78 -72
78 -72
78 -72
78 -72
78 -72
78 -72
78 -72
78 -72
78 -72
78 -72
78 -72
78 -72
78 -72
78 -72
78 -72
78 -72
78 -72
78 -72
78 -72
63 -81
63 -81
63 -81
63 -81
63 -81
63 -81
63 -81
63 -81
63 -81
63 -81
63 -81
63 -81
63 -81
63 -81
63 -81
63 -81
63 -81
63 -81
63 -81
63 -81
63 -81
63 -81
63 -81
63 -81
63 -81
63 -81
63 -81
63 -81
63 -81
63 -81
63 -81
63 -81
63 -81
63 -81
63 -81
63 -81
50 -70
53 -69
53 -69
53 -69
53 -69
53 -69
53 -69
53 -69
53 -69
53 -69
53 -69
53 -69
53 -69
53 -69
53 -69
53 -69
53 -69
51 -86
51 -86
51 -86
51 -86
51 -86
51 -86
51 -86
51 -86
51 -86
51 -86
51 -86
51 -86
51 -86
51 -86
51 -86
51 -86
51 -86
51 -86
51 -86
51 -86
51 -86
51 -86
51 -86
51 -86
51 -86
51 -86
51 -86
51 -86
51 -86
51 -86
51 -86
51 -86
56 -78
56 -78
56 -78
56 -78
56 -78
56 -78
56 -78
56 -78
56 -78
56 -78
56 -78
56 -78
56 -78
56 -78
56 -78
56 -78
56 -78
56 -78
56 -78
43 -77
43 -77
43 -77
43 -77
43 -77
43 -77
43 -77
43 -77
43 -77
43 -77
43 -77
43 -77
43 -77
43 -77
43 -77
43 -77
43 -77
43 -77
43 -77
43 -77
43 -77
43 -77
43 -77
43 -77
43 -77
43 -77
43 -77
43 -77
43 -77
43 -77
43 -77
43 -77
43 -77
43 -77
43 -81
43 -81
43 -81
43 -81
43 -81
43 -81
43 -81
43 -81
43 -81
43 -81
43 -81
43 -81
43 -81
43 -81
43 -81
43 -81
43 -81
43 -81
43 -81
43 -81
43 -81
43 -81
43 -81
43 -81
43 -81
43 -81
43 -81
35 -91
35 -93
35 -93
35 -93
35 -93
35 -93
35 -93
35 -93
35 -93
35 -93
35 -93
35 -93
35 -93
35 -93
35 -93
35 -93
35 -93
35 -93
35 -93
35 -93
35 -93
35 -93
35 -93
35 -93
35 -93
35 -93
35 -93
35 -93
35 -93
35 -93
35 -93
35 -93
35 -93
35 -93
35 -93
26 -89
26 -89
26 -89
26 -89
26 -89
26 -89
26 -89
26 -89
26 -89
26 -89
26 -89
26 -89
26 -89
26 -89
26 -89
18 -90
18 -90
18 -90
18 -90
18 -90
18 -90
18 -90
18 -90
18 -90
18 -90
18 -90
18 -90
18 -90
18 -90
18 -90
18 -90
26 -87
26 -87
26 -87
26 -87
26 -87
26 -87
26 -87
26 -87
26 -87
26 -87
26 -87
26 -87
26 -87
26 -87
26 -87
26 -87
26 -87
26 -87
26 -87
26 -87
26 -87
26 -87
26 -87
26 -87
26 -87
26 -87
26 -87
26 -87
26 -87
26 -87
26 -87
26 -87
26 -87
26 -87
26 -87
26 -87
26 -87
26 -87
26 -87
26 -87
26 -87
26 -87
26 -87
26 -87
26 -87
26 -87
26 -87
26 -87
26 -87
26 -87
14 -80
14 -80
14 -80
14 -80
14 -80
14 -80
14 -80
14 -80
14 -80
14 -80
14 -80
14 -80
14 -80
14 -80
14 -80
14 -80
14 -80
12 -77
12 -77
12 -77
12 -77
12 -77
12 -77
12 -77
12 -77
12 -77
12 -77
12 -77
12 -77
12 -77
12 -77
12 -77
12 -77
12 -77
12 -77
12 -77
12 -77
9 -68
9 -68
9 -68
9 -68
9 -68
9 -68
9 -68
9 -68
9 -68
9 -68
9 -68
9 -68
9 -68
9 -68
9 -68
4 -61
4 -61
4 -61
4 -61
4 -61
4 -61
4 -61
4 -61
4 -61
4 -61
4 -61
4 -61
4 -61
4 -61
1 -60
1 -60
1 -60
1 -60
1 -60
1 -60
1 -60
1 -60
1 -60
1 -60
1 -60
1 -60
1 -60
1 -60
1 -60
1 -60
1 -60
1 -60
1 -60
1 -60
1 -60
1 -60
1 -60
1 -60
1 -60
1 -60
1 -60
1 -60
1 -60
1 -60
1 -60
1 -60
1 -60
4 -54
4 -54
4 -54
4 -54
4 -54
4 -54
4 -54
4 -54
4 -54
4 -54
4 -54
4 -54
4 -54
4 -54
4 -54
4 -54
4 -54
4 -54
4 -54
4 -54
4 -54
4 -54
4 -54
4 -54
4 -54
4 -54
4 -54
4 -54
4 -54
4 -54
4 -54
4 -54
4 -54
4 -54
4 -54
1 -47
1 -47
1 -47
1 -47
1 -47
1 -47
1 -47
1 -47
1 -47
1 -47
1 -47
1 -47
1 -47
1 -47
1 -47
1 -47
1 -47
1 -47
1 -47
-1 -41
-1 -41
-1 -41
-1 -41
-1 -41
-1 -41
-1 -41
-1 -41
-1 -41
-1 -41
-1 -41
-1 -41
-1 -41
-1 -41
-1 -41
-1 -41
-1 -41
-1 -41
-2 -40
-2 -40
-2 -40
-2 -40
-2 -40
-2 -40
-2 -40
-2 -40
-2 -40
-2 -40
-2 -40
-2 -40
-2 -40
-2 -40
-2 -40
-2 -40
-1 -32
-1 -32
-1 -32
-1 -32
-1 -32
-1 -32
-1 -32
-1 -32
-1 -32
-1 -32
-1 -32
-1 -32
-1 -32
-1 -32
-1 -32
-1 -32
-1 -32
-1 -32
-1 -32
-1 -32
-1 -32
-1 -32
-1 -32
-1 -32
-1 -32
-1 -32
-1 -32
-1 -32
-1 -32
-1 -32
-1 -32
-1 -32
-1 -32
-1 -32
-1 -32
-1 -32
0 -32
0 -32
0 -32
0 -32
0 -32
0 -32
0 -32
0 -32
0 -32
0 -32
0 -32
0 -32
0 -32
0 -32
0 -32
0 -32
0 -32
-2 -30
-2 -30
-2 -30
-2 -30
-2 -30
-2 -30
-2 -30
-2 -30
-2 -30
-2 -30
-2 -30
-2 -30
-2 -30
-2 -30
-2 -30
-2 -30
-2 -30
-2 -30
-2 -30
-2 -30
-2 -30
-2 -30
-2 -30
-2 -30
-2 -30
-2 -30
-2 -30
-2 -30
-2 -30
-2 -30
-2 -30
-2 -30
-2 -30
-2 -30
-2 -30
-2 -30
1 -25
1 -25
1 -25
1 -25
1 -25
1 -25
1 -25
1 -25
1 -25
1 -25
1 -25
1 -25
1 -25
1 -25
1 -25
1 -25
1 -25
1 -25
1 -25
1 -25
1 -25
1 -25
1 -25
1 -25
1 -25
1 -25
1 -25
1 -25
1 -25
1 -25
1 -25
1 -25
1 -25
1 -25
1 -25
1 -25
1 -25
2 -17
1 -17
1 -17
1 -17
1 -17
1 -17
1 -17
1 -17
1 -17
1 -17
1 -17
1 -17
1 -17
1 -17
1 -17
1 -17
1 -17
1 -17
1 -17
1 -17
1 -17
1 -17
1 -17
1 -17
1 -17
1 -17
1 -17
1 -17
1 -17
1 -17
1 -17
1 -17
1 -17
1 -17
1 -17
1 -17
3 -14
3 -14
3 -14
3 -14
3 -14
3 -14
3 -14
3 -14
3 -14
3 -14
3 -14
3 -14
3 -14
3 -14
3 -14
3 -14
3 -14
3 -14
-1 -6
-1 -6
-1 -6
-1 -6
-1 -6
-1 -6
-1 -6
-1 -6
-1 -6
-1 -6
-1 -6
-1 -6
-1 -6
-1 -6
-1 -6
-1 -6
-1 -6
-1 -6
-1 -6
-1 -6
-1 -6
-1 -6
-1 -6
-1 -6
-1 -6
-1 -6
-1 -6
-1 -6
-1 -6
-1 -6
-1 -6
-1 -6
0 -3
0 -3
0 -3
0 -3
0 -3
0 -3
0 -3
0 -3
0 -3
0 -3
0 -3
0 -3
0 -3
0 -3
0 -3
0 -3
0 -3
0 -3
0 -3
0 -3
0 -3
0 -3
0 -3
0 -3
0 -3
0 -3
0 -3
0 -3
0 -3
0 -3
0 -3
0 -3
0 -3
0 -3
0 -3
0 -3
0 -3
0 -3
-1 0
-1 0
-1 0
-1 0
-1 0
-1 0
-1 0
-1 0
-1 0
-1 0
-1 0
-1 0
-1 0
-1 0
-1 0
-1 0
-1 0
-1 0
-1 0
-1 0
-1 0
-1 0
-1 0
-1 0
-1 0
-1 0
-1 0
-1 0
-1 0
-1 0
-1 0
-1 0
-1 0
-1 0
-1 0
-1 0
-1 0
-1 0
-1 0
-1 0
-1 0
-1 0
-1 0
-1 0
-1 0
-1 0
-1 0
-1 0
-1 0
-1 0
-1 0
-1 0
-1 0
-1 0
-1 0
-1 0
-1 0
-1 0
0 1
0 1
0 1
0 1
0 1
0 1
0 1
0 1
0 1
0 1
0 1
0 1
0 1
0 1
0 1
0 1
0 1
0 1
0 1
0 1
0 1
0 1
0 1
0 1
0 1
0 1
0 1
0 1
0 1
0 1
0 1
0 1
0 1
0 1
0 1
0 1
0 1
0 1
0 1
0 1
0 1
0 1
0 1
0 1
0 1
0 1
0 1
0 1
0 1
0 1
0 1
0 1
0 1
0 1
0 1
0 1
0 1
0 1
0 1
0 1
0 1
0 1
0 1
0 1
0 1
0 1
0 1
0 1
0 1
0 1
0 1
0 1
0 1
0 1
0 1
0 1
0 1
0 1
0 1
0 1
0 1
0 1
0 1
0 1
0 1
0 1
0 1
0 1
0 1
0 1
0 1
0 1
0 1
0 1
0 1
0 1
0 1
0 1
0 1
0 1
0 1
0 1
0 1
0 1
0 1
0 1
0 1
-1 0
-1 0
-1 0
-1 0
-1 0
-1 0
-1 0
-1 0
-1 0
-1 0
-1 0
-1 0
-1 0
-1 0
-1 0
-2 0
-2 0
-2 0
-2 0
-2 0
-2 0
-2 0
-2 0
-2 0
-2 0
-2 0
-2 0
-2 0
-2 0
-2 0
-2 0
-2 0
-2 0
-1 0
-1 0
-1 0
-1 0
-1 0
-1 0
-1 0
-1 0
-1 0
-1 0
-1 0
-1 0
-1 0
-1 0
-1 0
-1 0
-1 0
-1 0
-1 0
-1 0
-1 0
-1 0
-1 0
-1 0
-1 0
-1 0
-1 0
-1 0
-1 0
-1 0
-1 0
-1 0
-1 0
-1 0
-1 0
-1 0
-1 0
-1 0
-1 0
-1 0
-1 0
-1 0
-1 0
-1 0
-1 0
-1 0
-1 0
-1 0
-1 0
-1 0
-1 0
-1 0
-1 0
-1 0
-1 0
-1 0
-1 0
-1 0
-1 0
-1 0
-1 0
-1 0
-1 0
-1 0
-1 0
-1 0
-1 0
-1 0
-1 0
-1 0
-1 0
-1 0
-1 0
-1 0
-1 0
-1 0
-1 0
-1 0
-1 0
-1 0
-1 0
-1 0
-1 0
-1 0
-1 0
-1 0
-1 0
-1 0
-1 0
-1 0
-1 0
-1 0
-1 0
-1 0
-1 0
-1 0
1 -1
1 0
1 0
1 0
1 0
1 0
1 0
1 0
1 0
1 0
1 0
1 0
1 0
1 0
1 0
1 0
1 0
1 0
1 0
1 0
1 0
1 0
1 0
1 0
1 0
1 0
1 0
1 0
1 0
1 0
1 0
1 0
1 0
1 0
1 0
1 0
1 0
1 0
1 0
1 0
1 0
1 0
1 0
1 0
1 0
1 0
1 0
1 0
1 0
1 0
1 0
1 0
1 0
1 0
1 0
1 0
1 0
1 0
1 0
1 0
1 0
1 0
1 0
1 0
1 0
1 0
1 0
1 0
1 0
1 0
1 0
1 0
1 0
1 0
1 0
1 0
1 0
1 0
1 0
1 0
1 0
1 0
1 0
1 0
1 0
1 0
1 0
1 0
1 0
1 0
1 0
1 0
1 0
1 0
1 0
1 0
1 0
1 0
1 0
1 0
1 0
1 0
1 0
1 0
1 0
1 0
1 0
1 0
1 0
1 0
1 0
1 0
1 0
1 0
1 0
1 0
1 0
1 0
1 0
1 0
1 0
1 0
1 0
1 0
1 0
1 0
1 0
1 0
1 0
1 0
1 0
1 0
1 0
1 0
1 0
1 0
1 0
1 0
1 0
1 0
1 0
1 0
1 0
1 0
1 0
1 0
1 0
1 0
1 0
1 0
1 0
1 0
1 0
1 0
1 0
1 0
1 0
1 0
1 0
1 0
1 0
1 0
1 0
1 0
1 0
1 0
1 0
1 0
1 0
1 0
1 0
1 0
1 0
1 0
1 0
1 0
1 0
1 0
1 0
1 0
1 0
1 0
1 0
1 0
1 0
1 0
1 0
1 0
1 0
1 0
1 0
1 0
1 0
1 0
1 0
1 0
1 0
1 0
1 0
1 0
1 0
1 0
1 0
1 0
1 0
1 0
1 0
1 0
1 0
1 0
1 0
1 0
1 0
1 0
1 0
1 0
1 0
1 0
1 0
1 0
1 0
1 0
1 0
1 0
1 0
1 0
1 0
1 0
1 0
1 0
1 0
1 0
1 0
1 0
1 0
1 0
1 0
1 0
1 0
1 0
1 0
1 0
1 0
1 0
1 0
1 0
1 0
1 0
1 0
1 0
1 0
1 0
1 0
1 0
1 0
1 0
1 0
1 0
1 0
1 0
1 0
1 0
1 0
1 0
1 0
1 0
1 0
1 0
1 0
1 0
1 0
1 0
1 0
1 0
1 0
1 0
1 0
1 0
1 0
1 0
1 0
1 0
1 0
1 0
1 0
1 0
1 0
1 0
1 0
1 0
1 0
1 0
1 0
1 0
1 0
1 0
1 0
1 0
1 0
1 0
1 0
1 0
1 0
1 0
1 0
1 0
1 0
1 0
1 0
1 0
1 0
1 0
1 0
1 0
1 0
1 0
1 0
1 0
1 0
1 0
1 0
1 0
1 0
1 0
1 0
1 0
1 0
1 0
1 0
1 0
1 0
1 0
1 0
1 0
1 0
1 0
1 0
1 0
1 0
1 0
1 0
1 0
1 0
1 0
1 0
1 0
1 0
1 0
1 0
1 0
1 0
1 0
1 0
1 0
1 0
1 0
1 0
1 0
1 0
1 0
1 0
1 0
1 0
1 0
1 0
1 0
1 0
1 0
1 0
1 0
1 0
1 0
1 0
1 0
1 0
1 0
1 0
1 0
1 0
1 0
1 0
1 0
1 0
1 0
1 0
1 0
1 0
1 0
1 0
1 0
1 0
1 0
1 0
1 0
1 0
1 0
1 0
1 0
1 0
1 0
1 0
1 0
1 0
1 0
1 0
1 0
1 0
1 0
1 0
1 0
1 0
1 0
1 0
1 0
1 0
1 0
1 0
1 0
1 0
1 0
1 0
1 0
1 0
1 0
1 0
1 0
1 0
1 0
1 0
1 0
1 0
1 0
1 0
1 0
1 0
1 0
1 0
1 0
1 0
1 0
1 0
1 0
1 0
1 0
1 0
1 0
1 0
1 0
1 0
1 0
1 0
1 0
1 0
1 0
1 0
1 0
1 0
1 0
1 0
1 0
1 0
1 0
1 0
1 0
1 0
1 0
1 0
1 0
1 0
1 0
1 0
1 0
1 0
1 0
1 0
1 0
1 0
1 0
1 0
1 0
1 0
1 0
1 0
1 0
1 0
1 0
1 0
1 0
1 0
1 0
1 0
1 0
1 0
1 0
1 0
1 0
1 0
1 0
1 0
1 0
1 0
1 0
1 0
1 0
1 0
1 0
1 0
1 0
1 0
1 0
1 0
1 0
1 0
1 0
1 0
1 0
1 0
1 0
1 0
1 0
1 0
1 0
1 0
1 0
1 0
1 0
1 0
1 0
1 0
1 0
1 0
1 0
1 0
1 0
1 0
1 0
1 0
1 0
1 0
1 0
1 0
1 0
1 0
1 0
1 0
1 0
1 0
1 0
1 0
1 0
1 0
1 0
1 0
1 0
1 0
1 0
1 0
1 0
1 0
1 0
1 0
1 0
1 0
1 0
1 0
1 0
1 0
1 0
1 0
1 0
1 0
1 0
1 0
1 0
1 0
1 0
1 0
1 0
1 0
1 0
1 0
1 0
1 0
1 0
1 0
1 0
1 0
1 0
1 0
1 0
1 0
1 0
1 0
1 0
1 0
1 0
1 0
1 0
1 0
1 0
1 0
1 0
1 0
1 0
1 0
1 0
1 0
1 0
1 0
1 0
1 0
1 0
1 0
1 0
1 0
1 0
1 0
1 0
1 0
1 0
1 0
1 0
1 0
1 0
1 0
1 0
1 0
1 0
1 0
1 0
1 0
1 0
1 0
1 0
1 0
1 0
1 0
1 0
1 0
1 0
1 0
1 0
1 0
1 0
1 0
1 0
1 0
1 0
1 0
1 0
1 0
1 0
1 0
1 0
1 0
1 0
1 0
1 0
1 0
1 0
1 0
1 0
1 0
1 0
1 0
1 0
1 0
1 0
1 0
1 0
1 0
1 0
1 0
1 0
1 0
1 0
1 0
1 0
1 0
1 0
1 0
1 0
1 0
1 0
1 0
1 0
1 0
1 0
1 0
1 0
1 0
1 0
1 0
1 0
1 0
1 0
1 0
1 0
1 0
1 0
1 0
1 0
1 0
1 0
1 0
1 0
1 0
1 0
1 0
1 0
1 0
1 0
1 0
1 0
1 0
1 0
1 0
1 0
1 0
1 0
1 0
1 0
1 0
1 0
1 0
1 0
1 0
1 0
1 0
1 0
1 0
1 0
1 0
1 0
1 0
1 0
1 0
1 0
1 0
1 0
1 0
1 0
1 0
1 0
1 0
1 0
1 0
1 0
1 0
1 0
1 0
1 0
1 0
1 0
1 0
1 0
1 0
1 0
1 0
1 0
1 0
1 0
1 0
1 0
1 0
1 0
1 0
1 0
1 0
1 0
1 0
1 0
1 0
1 0
1 0
1 0
1 0
1 0
1 0
1 0
1 0
1 0
1 0
1 0
1 0
1 0
1 0
1 0
1 0
1 0
1 0
1 0
1 0
1 0
1 0
1 0
1 0
1 0
1 0
1 0
1 0
1 0
1 0
1 0
1 0
1 0
1 0
1 0
1 0
1 0
1 0
1 0
1 0
1 0
1 0
1 0
1 0
1 0
1 0
1 0
1 0
1 0
1 0
1 0
1 0
1 0
1 0
1 0
1 0
1 0
1 0
1 0
1 0
1 0
1 0
1 0
1 0
1 0
1 0
1 0
1 0
1 0
1 0
1 0
1 0
1 0
1 0
1 0
1 0
1 0
1 0
1 0
1 0
1 0
1 0
1 0
1 0
1 0
1 0
1 0
1 0
1 0
1 0
1 0
1 0
1 0
1 0
1 0
1 0
1 0
1 0
1 0
1 0
1 0
1 0
1 0
1 0
1 0
1 0
1 0
1 0
1 0
1 0
1 0
1 0
1 0
1 0
1 0
1 0
1 0
1 0
1 0
1 0
1 0
1 0
1 0
1 0
1 0
1 0
1 0
1 0
1 0
1 0
1 0
1 0
1 0
1 0
1 0
1 0
1 0
1 0
1 0
1 0
1 0
1 0
1 0
1 0
1 0
1 0
1 0
1 0
1 0
1 0
1 0
1 0
1 0
1 0
1 0
1 0
1 0
1 0
1 0
1 0
1 0
1 0
1 0
1 0
1 0
1 0
1 0
1 0
1 0
1 0
1 0
1 0
1 0
1 0
1 0
1 0
1 0
1 0
1 0
1 0
1 0
1 0
1 0
1 0
1 0
1 0
1 0
1 0
1 0
1 0
1 0
1 0
1 0
1 0
1 0
1 0
1 0
1 0
1 0
1 0
1 0
1 0
1 0
1 0
1 0
1 0
1 0
1 0
1 0
1 0
1 0
1 0
1 0
1 0
1 0
1 0
1 0
1 0
1 0
1 0
1 0
1 0
1 0
1 0
1 0
1 0
1 0
1 0
1 0
1 0
1 0
1 0
1 0
1 0
1 0
1 0
1 0
1 0
1 0
1 0
1 0
1 0
1 0
1 0
1 0
1 0
1 0
1 0
1 0
1 0
1 0
1 0
1 0
1 0
1 0
1 0
1 0
1 0
1 0
1 0
1 0
1 0
1 0
1 0
1 0
1 0
1 0
1 0
1 0
1 0
1 0
1 0
1 0
1 0
1 0
1 0
1 0
1 0
1 0
1 0
1 0
1 0
1 0
1 0
1 0
1 0
1 0
1 0
1 0
1 0
1 0
1 0
1 0
1 0
1 0
1 0
1 0
1 0
1 0
1 0
1 0
1 0
1 0
1 0
1 0
1 0
1 0
1 0
1 0
1 0
1 0
1 0
1 0
1 0
1 0
1 0
1 0
1 0
1 0
1 0
1 0
1 0
1 0
1 0
1 0
1 0
1 0
1 0
1 0
1 0
1 0
1 0
1 0
1 0
1 0
1 0
1 0
1 0
1 0
1 0
1 0
1 0
1 0
1 0
1 0
1 0
1 0
1 0
1 0
1 0
1 0
1 0
1 0
1 0
1 0
1 0
1 0
1 0
1 0
1 0
1 0
1 0
1 0
1 0
1 0
1 0
1 0
1 0
1 0
1 0
1 0
1 0
1 0
1 0
1 0
1 0
1 0
1 0
1 0
1 0
1 0
1 0
1 0
1 0
1 0
1 0
1 0
1 0
1 0
1 0
1 0
1 0
1 0
1 0
1 0
1 0
1 0
1 0
1 0
1 0
1 0
1 0
1 0
1 0
1 0
1 0
1 0
1 0
1 0
1 0
1 0
1 0
1 0
1 0
1 0
1 0
1 0
1 0
1 0
1 0
1 0
1 0
1 0
1 0
1 0
1 0
1 0
1 0
1 0
1 0
1 0
1 0
1 0
1 0
1 0
1 0
1 0
