2 -5
-2 -10
-1 -7
-1 -7
1 -5
1 -3
1 -3
2 -4
-2 -10
-1 -12
-1 -12
-5 -13
-2 -9
-6 -15
-6 -15
-2 -27
-4 -27
-7 -23
-7 -23
-7 -23
-7 -23
-7 -23
-7 -23
-7 -23
-6 -17
-6 -17
-6 -17
-6 -17
-6 -17
-6 -17
-6 -17
-6 -17
-6 -17
-6 -17
-6 -17
-6 -17
-6 -17
-6 -17
-6 -17
-6 -17
-8 -20
-8 -20
-8 -20
-8 -20
-8 -20
-8 -20
-8 -20
-8 -20
-8 -20
-8 -20
-8 -20
-8 -20
-8 -20
-8 -20
-8 -20
-8 -20
-8 -20
-8 -20
-8 -20
-8 -20
-8 -20
-8 -20
-8 -20
-8 -20
-8 -20
-8 -20
-8 -20
-8 -20
-8 -20
-8 -20
-8 -20
-8 -20
-8 -20
-8 -20
-8 -20
-8 -20
-8 -20
-8 -20
-8 -20
-8 -20
-8 -20
-8 -20
-8 -20
-8 -20
-8 -20
-8 -20
-8 -20
-8 -20
-8 -20
-8 -20
-8 -20
-8 -20
-8 -20
-8 -20
-8 -20
-8 -20
-8 -20
-8 -20
-8 -20
-8 -20
-7 -18
-6 -20
-6 -20
-6 -20
-6 -20
-6 -20
-6 -20
-6 -20
-6 -20
-6 -20
-6 -20
-6 -20
-6 -20
-6 -20
-6 -20
-6 -20
-6 -20
-6 -20
-6 -20
-6 -20
-6 -20
-6 -20
-6 -20
-6 -20
-6 -20
-6 -20
-6 -20
-6 -20
-6 -20
-6 -20
-6 -20
-6 -20
-6 -20
-6 -20
-10 -26
-10 -26
-10 -26
-10 -26
-10 -26
-10 -26
-10 -26
-10 -26
-10 -26
-10 -26
-10 -26
-10 -26
-10 -26
-10 -26
-10 -26
-10 -26
-10 -26
-10 -26
-10 -26
-10 -26
-10 -26
-10 -26
-10 -26
-14 -29
-14 -29
-14 -29
-14 -29
-14 -29
-14 -29
-14 -29
-14 -29
-14 -29
-14 -29
-14 -29
-14 -29
-14 -29
-14 -29
-14 -29
-14 -29
-14 -29
-18 -28
-18 -28
-18 -28
-18 -28
-18 -28
-18 -28
-18 -28
-18 -28
-18 -28
-18 -28
-18 -28
-18 -28
-18 -28
-18 -28
-18 -28
-18 -28
-18 -28
-18 -28
-18 -28
-18 -28
-18 -28
-18 -28
-18 -28
-18 -28
-18 -28
-18 -28
-18 -28
-18 -28
-18 -28
-18 -28
-18 -28
-18 -28
-18 -28
-18 -28
-18 -28
-18 -28
-18 -28
-18 -28
-18 -28
-18 -28
-18 -28
-18 -28
-18 -28
-18 -28
-18 -28
-18 -28
-18 -28
-18 -28
-18 -28
-18 -28
-18 -28
-18 -28
-18 -28
-18 -28
-18 -28
-18 -28
-18 -28
-18 -28
-18 -28
-18 -28
-18 -28
-18 -28
-18 -28
-18 -28
-18 -28
-18 -28
-18 -28
-18 -28
-18 -28
-18 -28
-21 -24
-21 -24
-21 -24
-21 -24
-21 -24
-21 -24
-21 -24
-21 -24
-21 -24
-21 -24
-21 -24
-21 -24
-21 -24
-21 -24
-21 -24
-21 -24
-21 -24
-21 -24
-21 -24
-21 -24
-21 -24
-21 -24
-21 -24
-21 -24
-21 -24
-21 -24
-21 -24
-21 -24
-21 -24
-21 -24
-21 -24
-21 -24
-21 -24
-21 -24
-21 -24
-21 -24
-21 -24
-21 -24
-21 -24
-21 -24
-21 -24
-21 -24
-21 -24
-21 -24
-21 -24
-21 -24
-21 -24
-21 -24
-28 -25
-23 -20
-23 -20
-23 -20
-23 -20
-23 -20
-23 -20
-23 -20
-23 -20
-23 -20
-23 -20
-23 -20
-23 -20
-23 -20
-23 -20
-23 -20
-27 -16
-27 -16
-27 -16
-27 -16
-27 -16
-27 -16
-27 -16
-27 -16
-27 -16
-27 -16
-27 -16
-27 -16
-27 -16
-27 -16
-27 -16
-27 -16
-27 -16
-27 -16
-27 -16
-27 -16
-27 -16
-27 -16
-27 -16
-27 -16
-27 -16
-27 -16
-27 -16
-27 -16
-27 -16
-27 -16
-27 -16
-27 -16
-27 -16
-27 -16
-27 -16
-27 -16
-27 -16
-27 -16
-27 -16
-27 -16
-27 -16
-27 -16
-27 -16
-27 -16
-27 -16
-27 -16
-27 -16
-28 -28
-28 -28
-28 -28
-28 -28
-28 -28
-28 -28
-28 -28
-28 -28
-28 -28
-28 -28
-33 -25
-33 -25
-33 -25
-33 -25
-33 -25
-33 -25
-33 -25
-33 -25
-33 -25
-33 -25
-33 -25
-33 -25
-33 -25
-33 -25
-33 -25
-33 -25
-33 -25
-33 -25
-33 -25
-33 -25
-33 -25
-33 -25
-33 -25
-33 -25
-33 -25
-33 -25
-33 -25
-33 -25
-33 -25
-33 -25
-33 -25
-33 -25
-33 -25
-33 -25
-33 -25
-33 -25
-33 -25
-33 -25
-33 -25
-33 -25
-33 -25
-33 -25
-41 -14
-41 -14
-41 -14
-41 -14
-41 -14
-41 -14
-41 -14
-41 -14
-41 -14
-41 -14
-41 -14
-41 -14
-41 -14
-41 -14
-41 -14
-41 -14
-41 -14
-41 -14
-41 -14
-41 -14
-41 -14
-41 -14
-41 -14
-41 -14
-41 -14
-41 -14
-41 -14
-41 -14
-41 -14
-41 -14
-41 -14
-41 -14
-41 -14
-41 -14
-41 -14
-41 -14
-41 -14
-41 -14
-41 -14
-41 -14
-41 -14
-41 -14
-41 -14
-41 -14
-41 -14
-41 -14
-41 -14
-41 -14
-41 -14
-41 -14
-41 -14
-41 -14
-41 -14
-41 -14
-41 -14
-41 -14
-41 -14
-41 -14
-41 -14
-41 -14
-41 -14
-41 -14
-41 -14
-41 -14
-41 -14
-41 -14
-41 -14
-41 -14
-41 -14
-41 -14
-41 -14
-41 -14
-41 -14
-41 -14
-41 -14
-41 -14
-41 -14
-41 -14
-41 -14
-41 -14
-41 -14
-41 -14
-41 -14
-41 -14
-41 -14
-41 -14
-41 -14
-41 -14
-41 -14
-29 -14
-39 -18
-39 -18
-39 -18
-39 -18
-39 -18
-39 -18
-39 -18
-39 -18
-39 -18
-39 -18
-39 -18
-39 -18
-39 -18
-39 -18
-39 -18
-39 -18
-39 -18
-39 -18
-39 -18
-39 -18
-39 -18
-39 -18
-39 -18
-39 -18
-39 -18
-39 -18
-39 -18
-39 -18
-39 -18
-39 -18
-43 -15
-43 -15
-43 -15
-43 -15
-43 -15
-43 -15
-43 -15
-43 -15
-43 -15
-43 -15
-43 -15
-43 -15
-43 -15
-43 -15
-43 -15
-43 -15
-43 -15
-33 -14
-33 -14
-33 -14
-33 -14
-33 -14
-33 -14
-33 -14
-33 -14
-33 -14
-33 -14
-33 -14
-33 -14
-33 -14
-33 -14
-33 -14
-33 -14
-33 -14
-33 -14
-33 -14
-33 -14
-33 -14
-33 -14
-33 -14
-33 -14
-33 -14
-33 -14
-33 -14
-33 -14
-33 -14
-33 -14
-33 -14
-33 -14
-33 -14
-33 -14
-33 -14
-33 -14
-33 -14
-33 -14
-33 -14
-33 -14
-33 -14
-33 -14
-33 -14
-33 -14
-33 -14
-33 -14
-33 -14
-33 -14
-33 -14
-33 -14
-33 -14
-33 -14
-33 -14
-33 -14
-33 -14
-33 -14
-33 -14
-33 -14
-33 -14
-33 -14
-33 -14
-33 -14
-33 -14
-33 -14
-33 -14
-33 -14
-33 -14
-33 -14
-33 -14
-33 -14
-33 -14
-33 -14
-35 -14
-35 -14
-38 -13
-38 -13
-38 -13
-38 -13
-38 -13
-38 -13
-38 -13
-38 -13
-38 -13
-38 -13
-38 -13
-38 -13
-38 -13
-38 -13
-38 -13
-38 -13
-38 -13
-38 -13
-38 -13
-38 -13
-38 -13
-38 -13
-38 -13
-38 -13
-38 -13
-38 -13
-38 -13
-38 -13
-38 -13
-38 -13
-38 -13
-38 -13
-38 -13
-38 -13
-38 -13
-38 -13
-38 -13
-38 -13
-38 -13
-38 -13
-38 -13
-38 -13
-38 -13
-38 -13
-38 -8
-38 -8
-38 -8
-38 -8
-38 -8
-38 -8
-38 -8
-38 -8
-38 -8
-38 -8
-38 -8
-38 -8
-38 -8
-38 -8
-38 -8
-38 -8
-38 -8
-38 -8
-38 -8
-38 -8
-38 -8
-38 -8
-38 -8
-38 -8
-38 -8
-38 -8
-38 -8
-38 -8
-38 -8
-38 -8
-38 -8
-38 -8
-38 -8
-38 -8
-38 -8
-38 -8
-38 -8
-38 -8
-38 -8
-38 -8
-38 -8
-38 -8
-38 -8
-38 -8
-38 -8
-38 -8
-38 -8
-37 -2
-37 -2
-37 -2
-37 -2
-37 -2
-37 -2
-37 -2
-37 -2
-37 -2
-37 -2
-37 -2
-37 -2
-37 -2
-37 -2
-37 -2
-37 -2
-37 -2
-37 -2
-37 -2
-37 -2
-37 -2
-42 -5
-42 -5
-42 -5
-42 -5
-42 -5
-42 -5
-42 -5
-42 -5
-42 -5
-42 -5
-42 -5
-42 -5
-42 -5
-42 -5
-42 -5
-42 -5
-42 -5
-42 -5
-42 -5
-42 -5
-42 -5
-42 -5
-42 -5
-42 -5
-42 -5
-42 -5
-42 -5
-42 -5
-42 -5
-42 -5
-41 0
-42 -2
-42 -2
-42 -2
-42 -2
-42 -2
-42 -2
-42 -2
-42 -2
-42 -2
-42 -2
-42 -2
-42 -2
-42 -2
-42 -2
-42 -2
-42 -2
-42 -2
-42 -2
-42 -2
-42 -2
-42 -2
-42 -2
-42 -2
-42 -2
-42 -2
-42 -2
-42 -2
-42 -2
-42 -2
-42 -2
-42 -2
-42 -2
-42 -2
-42 -2
-42 -2
-42 -2
-42 -2
-42 -2
-42 -2
-42 -2
-42 -2
-42 -2
-42 -2
-42 -2
-42 -2
-42 -2
-42 -2
-42 -2
-42 -2
-42 -2
-42 -2
-42 -2
-42 -2
-42 -2
-42 -2
-42 -2
-42 -2
-42 -2
-42 -2
-42 -2
-42 -2
-42 -2
-42 -2
-42 -2
-42 -2
-42 -2
-42 -2
-42 -2
-42 -2
-42 -2
-42 -2
-42 -2
-42 -2
-42 -2
-42 -2
-42 -2
-42 -2
-46 0
-40 1
-40 1
-40 1
-40 1
-40 1
-40 1
-40 1
-40 1
-40 1
-40 1
-45 0
-45 0
-45 0
-45 0
-45 0
-45 0
-45 0
-45 0
-45 0
-45 0
-45 0
-45 0
-45 0
-45 0
-45 0
-45 0
-45 0
-45 0
-45 0
-45 0
-45 0
-45 0
-45 0
-45 0
-45 0
-45 0
-45 0
-45 0
-45 0
-45 0
-45 0
-45 0
-45 0
-45 0
-45 0
-45 0
-45 0
-45 0
-45 0
-45 0
-45 0
-45 0
-45 0
-45 0
-45 0
-45 0
-45 0
-45 0
-45 0
-45 0
-45 0
-45 0
-45 0
-45 0
-45 0
-45 0
-45 0
-45 0
-45 0
-45 0
-45 0
-45 0
-45 0
-45 0
-42 0
-42 0
-42 0
-42 0
-42 0
-42 0
-42 0
-42 0
-42 0
-42 0
-42 0
-42 0
-42 0
-42 0
-42 0
-42 0
-42 0
-42 0
-42 0
-42 0
-42 0
-42 0
-42 0
-42 0
-42 0
-42 0
-42 0
-42 0
-47 5
-47 5
-47 5
-47 5
-47 5
-47 5
-47 5
-47 5
-47 5
-47 5
-47 5
-47 5
-47 5
-47 5
-47 5
-47 5
-45 4
-45 4
-45 4
-45 4
-45 4
-45 4
-45 4
-45 4
-45 4
-45 4
-45 4
-45 4
-45 4
-45 4
-45 4
-45 4
-45 4
-45 4
-45 4
-46 2
-46 2
-46 2
-46 2
-46 2
-46 2
-46 2
-46 2
-46 2
-46 2
-46 2
-46 2
-46 2
-46 2
-46 2
-46 2
-46 2
-46 2
-46 2
-46 2
-46 2
-46 2
-46 2
-46 2
-46 2
-46 2
-46 2
-46 2
-46 2
-46 2
-46 2
-46 2
-46 2
-46 2
-46 2
-46 2
-46 2
-46 2
-46 2
-46 2
-46 2
-46 2
-46 2
-46 2
-46 2
-46 2
-46 2
-46 2
-46 2
-46 2
-46 2
-46 2
-46 2
-46 4
-40 4
-40 4
-40 4
-40 4
-40 4
-40 4
-40 4
-40 4
-40 4
-40 4
-40 4
-40 4
-40 4
-40 4
-40 4
-40 4
-40 4
-40 4
-40 4
-40 4
-40 4
-40 4
-40 4
-40 4
-40 4
-40 4
-40 4
-40 4
-40 4
-40 4
-40 4
-40 4
-40 4
-39 11
-39 11
-39 11
-39 11
-39 11
-39 11
-39 11
-39 11
-39 11
-39 11
-39 11
-39 11
-39 11
-39 11
-39 11
-39 11
-39 11
-39 11
-39 11
-39 11
-39 11
-39 11
-39 11
-39 11
-39 11
-39 11
-39 11
-39 11
-39 11
-39 11
-39 11
-39 11
-39 11
-39 11
-39 11
-39 11
-42 7
-42 7
-42 7
-42 7
-42 7
-42 7
-42 7
-42 7
-42 7
-42 7
-42 7
-42 7
-42 7
-42 7
-42 7
-42 7
-42 7
-42 7
-42 7
-34 7
-34 7
-34 7
-34 7
-34 7
-34 7
-34 7
-34 7
-34 7
-34 7
-34 7
-34 7
-34 7
-34 7
-34 7
-34 7
-34 7
-34 7
-34 7
-34 7
-40 2
-40 2
-40 2
-40 2
-40 2
-40 2
-40 2
-40 2
-40 2
-40 2
-40 2
-40 2
-40 2
-40 2
-40 2
-40 2
-40 2
-40 2
-40 2
-40 2
-40 2
-40 2
-40 2
-40 2
-40 2
-40 2
-40 2
-40 2
-40 2
-40 2
-40 2
-40 2
-40 2
-40 2
-40 2
-40 2
-40 2
-40 2
-40 2
-40 2
-40 2
-40 2
-40 2
-41 6
-41 6
-41 6
-41 6
-41 6
-41 6
-41 6
-41 6
-41 6
-41 6
-41 6
-41 6
-41 6
-41 6
-41 6
-41 6
-41 6
-41 6
-41 6
-41 6
-41 6
-41 6
-41 6
-41 6
-41 6
-41 6
-41 6
-41 6
-41 6
-41 6
-41 6
-41 6
-41 6
-41 6
-41 6
-41 6
-41 6
-41 6
-41 6
-41 6
-41 6
-41 6
-41 6
-41 6
-41 6
-41 6
-41 6
-41 6
-40 10
-40 10
-40 10
-40 10
-40 10
-40 10
-40 10
-40 10
-40 10
-40 10
-40 10
-40 10
-40 10
-40 10
-40 10
-40 10
-40 10
-40 10
-40 10
-40 10
-40 10
-40 10
-40 10
-40 10
-40 10
-40 10
-40 10
-40 10
-40 10
-40 10
-40 10
-40 10
-40 10
-40 10
-40 10
-40 10
-40 10
-40 10
-40 10
-40 10
-40 10
-40 10
-40 10
-40 10
-40 15
-40 15
-40 15
-40 15
-40 15
-40 15
-40 15
-40 15
-40 15
-40 15
-40 15
-40 15
-40 15
-40 15
-40 15
-40 15
-40 15
-40 15
-40 15
-40 15
-40 15
-40 15
-40 15
-34 6
-34 6
-34 6
-34 6
-34 6
-34 6
-34 6
-34 6
-34 6
-34 6
-34 6
-34 6
-34 6
-34 6
-34 6
-34 6
-34 6
-34 6
-34 6
-34 6
-34 6
-34 6
-40 10
-40 10
-40 10
-40 10
-40 10
-40 10
-40 10
-40 10
-40 10
-40 10
-40 10
-40 10
-40 10
-40 10
-40 10
-40 10
-40 10
-40 10
-40 10
-40 10
-40 10
-40 10
-40 10
-40 10
-40 10
-40 10
-40 10
-40 10
-40 10
-40 10
-40 10
-40 10
-40 10
-40 10
-40 10
-40 10
-40 10
-40 10
-40 10
-40 10
-40 10
-40 10
-40 10
-40 10
-40 10
-40 10
-40 10
-40 10
-40 10
-40 10
-40 10
-40 10
-40 10
-40 10
-40 10
-40 10
-40 10
-40 10
-40 10
-40 10
-40 10
-40 10
-40 10
-40 10
-40 10
-40 10
-40 10
-40 10
-40 10
-40 10
-40 10
-40 10
-40 10
-40 10
-40 10
-44 13
-46 18
-46 18
-46 18
-46 18
-46 18
-46 18
-46 18
-46 18
-46 18
-46 18
-46 18
-46 18
-46 18
-46 18
-46 18
-46 18
-46 18
-46 18
-46 18
-46 18
-46 18
-46 18
-46 18
-46 18
-46 18
-46 18
-46 18
-46 18
-46 18
-46 18
-46 18
-46 18
-46 18
-46 18
-46 18
-45 15
-45 15
-45 15
-45 15
-45 15
-45 15
-45 15
-45 15
-45 15
-45 15
-45 15
-45 15
-45 15
-45 15
-45 15
-45 15
-45 15
-45 15
-45 15
-45 15
-47 16
-47 16
-47 16
-47 16
-47 16
-47 16
-47 16
-47 16
-47 16
-47 16
-47 16
-47 16
-47 16
-47 16
-43 17
-43 17
-43 17
-43 17
-43 17
-43 17
-43 17
-43 17
-43 17
-43 17
-43 17
-43 17
-43 17
-43 17
-43 17
-43 17
-43 17
-43 17
-43 17
-43 17
-43 17
-43 17
-43 17
-43 17
-43 17
-43 17
-43 17
-43 17
-43 17
-43 17
-43 17
-43 17
-43 17
-43 17
-43 17
-43 17
-43 17
-43 17
-43 17
-43 17
-44 14
-44 14
-44 14
-44 14
-44 14
-44 14
-44 14
-44 14
-44 14
-44 14
-44 14
-44 14
-44 14
-44 14
-44 14
-44 14
-44 14
-44 14
-44 14
-44 14
-44 14
-44 14
-44 14
-44 14
-44 14
-44 14
-44 14
-44 14
-44 14
-44 14
-44 14
-44 14
-44 14
-44 14
-44 14
-44 14
-44 14
-44 14
-44 14
-44 14
-44 14
-44 14
-44 14
-42 15
-40 20
-40 20
-40 20
-40 20
-40 20
-40 20
-40 20
-40 20
-40 20
-40 20
-40 20
-40 20
-40 20
-40 20
-40 20
-40 20
-40 20
-40 20
-40 20
-40 20
-40 20
-40 20
-40 20
-40 20
-40 20
-40 20
-40 20
-40 20
-40 20
-40 20
-40 20
-40 20
-40 20
-40 20
-40 20
-40 20
-40 20
-40 20
-33 16
-33 16
-33 16
-33 16
-33 16
-33 16
-33 16
-33 16
-33 16
-33 16
-33 16
-33 16
-33 16
-33 16
-33 16
-33 16
-33 16
-33 16
-33 16
-33 16
-44 23
-44 23
-44 23
-44 23
-44 23
-44 23
-44 23
-44 23
-44 23
-44 23
-44 23
-44 23
-44 23
-44 23
-44 23
-44 23
-44 23
-44 23
-44 23
-44 23
-44 23
-44 23
-44 23
-44 23
-25 14
-25 14
-25 14
-25 14
-25 14
-25 14
-25 14
-25 14
-25 14
-25 14
-25 14
-25 14
-25 14
-25 14
-25 14
-25 14
-25 14
-25 14
-25 14
-25 14
-25 14
-25 14
-25 14
-25 14
-25 14
-25 14
-25 14
-25 14
-25 14
-25 14
-25 14
-25 14
-25 14
-25 14
-25 14
-25 14
-25 14
-25 14
-25 14
-25 14
-25 14
-25 14
-25 14
-25 14
-25 14
-25 14
-25 14
-25 14
-25 14
-25 14
-25 14
-25 14
-25 14
-25 14
-25 14
-25 14
-25 14
-25 14
-25 14
-25 14
-25 14
-25 14
-25 14
-37 23
-36 24
-36 24
-36 24
-36 24
-36 24
-36 24
-36 24
-36 24
-36 24
-36 24
-36 24
-36 24
-36 24
-36 24
-36 24
-36 24
-36 24
-36 24
-36 24
-36 24
-36 24
-36 24
-36 24
-36 24
-36 24
-36 24
-36 24
-36 24
-36 24
-36 24
-36 24
-36 24
-36 24
-36 24
-36 24
-36 24
-36 24
-36 24
-36 24
-36 24
-36 24
-36 24
-36 24
-36 24
-36 24
-36 24
-36 24
-36 24
-36 24
-36 24
-36 24
-36 24
-25 15
-31 27
-31 27
-31 27
-31 27
-31 27
-31 27
-31 27
-31 27
-31 27
-31 27
-31 27
-31 27
-23 24
-23 24
-23 24
-23 24
-23 24
-23 24
-23 24
-23 24
-23 24
-23 24
-23 24
-23 24
-23 24
-23 24
-23 24
-23 24
-23 24
-23 24
-23 24
-23 24
-23 24
-23 24
-23 24
-23 24
-23 24
-23 24
-23 24
-23 24
-23 24
-23 24
-22 30
-22 30
-22 30
-22 30
-22 30
-22 30
-22 30
-22 30
-22 30
-22 30
-22 30
-22 30
-22 30
-22 30
-22 30
-22 30
-22 30
-22 30
-22 30
-22 30
-22 30
-22 30
-22 30
-22 30
-22 30
-22 30
-22 30
-22 30
-22 30
-22 30
-22 30
-19 34
-19 34
-19 34
-19 34
-19 34
-19 34
-19 34
-19 34
-19 34
-19 34
-19 34
-19 34
-19 34
-19 34
-19 34
-19 34
-19 34
-19 34
-19 34
-19 34
-19 34
-19 34
-19 34
-15 34
-15 34
-15 34
-15 34
-15 34
-15 34
-15 34
-15 34
-15 34
-15 34
-15 34
-15 34
-15 34
-15 34
-15 34
-15 34
-15 34
-15 34
-15 34
-15 34
-15 34
-15 34
-15 34
-15 34
-15 34
-15 34
-15 34
-15 34
-15 34
-15 34
-15 34
-15 34
-15 34
-15 34
-15 34
-13 31
-13 31
-13 31
-13 31
-13 31
-13 31
-13 31
-13 31
-13 31
-13 31
-13 31
-13 31
-13 31
-13 31
-8 34
-8 34
-8 34
-8 34
-8 34
-8 34
-8 34
-8 34
-8 34
-8 34
-8 34
-8 34
-8 34
-8 34
-8 34
-8 34
-9 33
-9 33
-9 33
-9 33
-9 33
-9 33
-9 33
-9 33
-9 33
-9 33
-9 33
-9 33
-9 33
-9 33
-9 33
-9 33
-9 33
-9 33
-9 33
-9 33
-9 33
-9 33
-9 33
-9 33
-9 33
-9 33
-9 33
-9 33
-9 33
-9 33
-11 34
-11 34
-11 34
-11 34
-11 34
-11 34
-11 34
-11 34
-11 34
-11 34
-11 34
-11 34
-11 34
-11 34
-11 34
-11 34
-11 34
-11 34
-11 34
-11 34
-11 34
-11 34
-11 34
-11 34
-11 34
-11 34
-11 34
-11 34
-11 34
-6 37
-6 37
-6 37
-6 37
-6 37
-6 37
-6 37
-6 37
-6 37
-6 37
-6 37
-6 37
-6 37
-6 37
-6 37
-6 37
-6 37
-6 37
-6 37
-6 37
-6 37
-6 37
-6 37
-6 37
-6 34
-6 34
-6 34
-6 34
-6 34
-6 34
-6 34
-6 34
-6 34
-6 34
-6 34
-4 34
-4 34
-4 34
-4 34
-4 34
-4 34
-4 34
-4 34
-4 34
-4 34
-4 34
-4 34
-4 34
-4 34
-4 34
-4 34
-2 38
-2 38
-2 38
-2 38
-2 38
-2 38
-2 38
-2 38
-2 38
-2 38
-2 38
-2 38
-2 38
-2 38
-2 38
-2 38
-2 38
-2 38
-2 38
-2 38
-2 38
-2 38
-2 38
-2 38
-2 38
-2 38
-2 38
-2 38
-2 38
-2 38
-2 38
-2 38
-2 38
-2 38
-2 38
-2 38
-2 38
-2 38
-2 38
-2 38
-2 38
-2 38
-2 38
-2 38
-2 38
-2 38
-2 38
0 36
0 36
0 36
0 36
0 36
0 36
0 36
0 36
0 36
0 36
0 36
0 36
0 36
0 36
0 36
0 36
0 36
0 36
0 36
0 36
0 36
0 36
0 36
0 36
0 36
0 36
0 36
0 36
0 36
0 36
0 36
0 36
1 35
1 37
1 37
1 37
1 37
1 37
1 37
1 37
1 37
1 37
1 37
1 37
1 37
1 37
1 37
1 37
1 37
1 37
1 37
1 37
1 37
1 37
1 37
1 37
1 37
1 37
1 37
1 37
3 33
3 33
3 33
3 33
3 33
3 33
3 33
3 33
3 33
3 33
3 33
3 33
3 33
3 33
3 33
3 33
3 33
3 33
3 33
3 33
3 33
3 33
3 33
3 33
3 33
3 33
3 33
3 33
3 33
3 33
3 33
2 31
2 31
2 31
2 31
2 31
2 31
2 31
2 31
2 31
2 31
2 31
2 31
2 31
2 31
2 31
2 31
2 31
2 31
2 31
2 31
2 31
2 31
2 31
2 31
2 31
2 31
2 31
2 31
2 31
2 31
2 31
2 31
2 31
3 34
2 26
2 26
2 26
2 26
2 26
2 26
2 26
2 26
2 26
2 26
2 26
2 26
2 26
2 26
2 26
2 26
2 26
2 26
2 26
2 26
2 26
2 26
2 26
2 26
2 26
2 26
6 36
6 36
6 36
6 36
6 36
13 32
13 32
13 32
13 32
13 32
13 32
13 32
13 32
13 32
13 32
13 32
13 32
13 32
13 32
13 32
13 32
13 32
13 32
13 32
13 32
13 32
13 32
13 32
13 32
10 28
10 28
10 28
10 28
10 28
10 28
10 28
10 28
10 28
10 28
10 28
10 28
10 28
10 28
10 28
10 28
10 28
10 28
10 28
10 28
10 28
10 28
10 28
10 28
10 28
10 28
10 28
10 28
10 28
10 28
10 28
10 28
10 28
11 28
11 28
11 28
11 28
11 28
11 28
11 28
11 28
11 28
11 28
11 28
11 28
11 28
11 28
11 28
11 28
11 28
11 28
11 28
11 28
11 28
11 28
11 28
11 28
11 28
11 28
11 28
11 28
11 28
9 26
9 26
6 30
6 30
6 30
6 30
6 30
6 30
6 30
6 30
6 30
6 30
6 30
6 30
6 30
6 30
6 30
6 30
6 30
6 30
6 30
6 30
6 30
6 30
6 30
6 30
6 30
6 30
6 30
16 24
16 24
16 24
16 24
16 24
16 24
16 24
16 24
16 24
16 24
16 24
16 24
16 24
16 24
16 24
16 24
16 24
16 24
16 24
16 24
16 24
16 24
16 24
16 24
16 24
16 24
16 24
16 24
16 24
16 24
16 24
16 24
16 24
16 24
15 28
15 28
15 28
15 28
15 28
15 28
15 28
15 28
15 28
15 28
15 28
15 28
15 28
15 28
15 28
15 28
15 28
15 28
15 28
15 28
15 28
15 28
15 28
15 28
15 28
15 28
15 28
15 28
15 28
15 28
17 25
23 25
23 25
23 25
23 25
23 25
23 25
23 25
23 25
23 25
23 25
23 25
23 25
23 25
23 25
23 25
23 25
23 25
23 25
23 25
23 25
23 25
23 25
23 25
23 25
23 25
23 25
20 22
20 22
16 17
16 17
16 17
16 17
16 17
16 17
16 17
16 17
16 17
16 17
16 17
16 17
16 17
16 17
16 17
16 17
16 17
16 17
16 17
16 17
16 17
16 17
16 17
16 17
16 17
16 17
24 20
24 20
24 20
24 20
24 20
24 20
24 20
24 20
24 20
24 20
24 20
24 20
24 20
24 20
18 18
18 18
18 18
18 18
18 18
18 18
18 18
18 18
18 18
18 18
18 18
18 18
18 18
23 16
23 16
23 16
23 16
23 16
23 16
23 16
23 16
23 16
23 16
23 16
23 16
23 16
23 16
23 16
23 16
23 16
23 16
23 16
23 16
23 16
23 16
23 16
23 16
23 16
23 16
23 16
23 16
23 16
23 16
23 16
23 16
23 16
23 16
23 16
23 16
23 16
23 16
23 16
23 16
19 1
19 1
19 1
19 1
19 1
19 1
19 1
19 1
19 1
19 1
19 1
19 1
19 1
19 1
37 9
37 9
37 9
37 9
37 9
37 9
37 9
37 9
37 9
37 9
37 9
37 9
37 9
37 9
37 9
37 9
37 9
37 9
37 9
37 9
37 9
37 9
37 9
37 9
37 9
37 9
37 9
37 9
37 9
37 9
37 9
37 9
37 9
37 9
37 9
37 9
27 18
27 18
27 18
27 18
27 18
27 18
27 18
27 18
27 18
27 18
27 18
27 18
27 18
27 18
27 18
27 18
38 15
32 13
32 13
32 13
32 13
32 13
32 13
32 13
32 13
32 13
32 13
32 13
32 13
32 13
32 13
32 13
32 13
32 13
32 13
32 13
32 13
32 13
32 13
32 13
32 13
32 13
32 13
32 13
32 13
32 13
32 13
32 13
37 9
37 9
37 9
37 9
37 9
37 9
37 9
37 9
37 9
37 9
37 9
37 9
37 9
37 9
37 9
37 9
37 9
37 9
37 9
37 9
37 9
37 9
37 9
37 9
37 9
37 9
37 9
37 9
37 9
37 9
37 9
37 9
37 9
37 9
34 4
34 4
34 4
34 4
34 4
34 4
34 4
34 4
34 4
34 4
34 4
34 4
34 4
34 4
34 4
34 4
34 4
34 4
34 4
34 4
34 4
34 4
34 4
34 4
34 4
40 12
40 12
40 12
40 12
40 12
40 12
40 12
40 12
40 12
40 12
40 12
40 12
40 12
32 10
32 10
32 10
32 10
32 10
32 10
32 10
32 10
32 10
32 10
32 10
32 10
32 10
32 10
32 10
32 10
32 10
32 10
32 10
32 10
32 10
32 10
32 10
32 10
32 10
32 10
32 10
36 3
36 3
36 3
36 3
36 3
36 3
36 3
36 3
36 3
36 3
36 3
36 3
36 3
36 3
36 3
36 3
36 3
36 3
36 3
36 3
36 3
36 3
36 3
36 3
36 3
36 3
36 3
36 3
36 3
36 3
36 3
36 3
36 3
36 3
36 3
42 7
42 7
42 7
42 7
42 7
42 7
42 7
42 7
42 7
42 7
42 7
42 7
42 7
42 7
42 7
42 7
42 7
42 7
42 7
42 7
42 7
42 7
42 7
42 7
42 7
42 7
42 7
42 7
42 7
42 7
42 7
42 7
42 7
42 7
42 7
42 7
42 7
42 7
42 7
42 7
42 7
48 4
48 4
48 4
48 4
48 4
48 4
48 4
48 4
48 4
48 4
48 4
48 4
48 4
48 4
48 4
48 4
48 4
48 4
48 4
48 4
48 4
43 0
43 0
43 0
43 0
43 0
43 0
43 0
43 0
43 0
43 0
43 0
43 0
43 0
43 0
43 0
43 0
43 0
43 0
43 0
43 0
43 0
43 0
43 0
43 0
43 0
43 0
43 0
43 0
43 0
43 0
43 0
43 0
43 0
43 0
43 0
43 0
43 0
43 0
43 0
43 0
43 0
43 0
49 3
50 0
50 0
50 0
50 0
50 0
50 0
50 0
50 0
50 0
50 0
50 0
50 0
50 0
50 0
50 0
50 0
50 0
50 0
50 0
50 0
50 0
50 0
50 0
50 0
50 0
50 0
50 0
52 -3
52 -3
52 -3
52 -3
52 -3
52 -3
52 -3
52 -3
52 -3
52 -3
52 -3
52 -3
52 -3
52 -3
52 -3
52 -3
52 -3
52 -3
52 -3
52 -3
52 -3
52 -3
52 -3
52 -3
52 -3
52 -3
52 -3
52 -3
52 -3
52 -3
52 -3
52 -3
52 -3
52 -3
52 -3
52 -3
52 -3
52 -3
52 -3
52 -3
52 -3
52 -3
52 -3
52 -3
52 -3
52 -3
52 -3
52 -3
52 -3
52 -3
52 -3
52 -3
52 -3
52 -3
52 -3
52 -3
52 -3
52 -3
52 -3
52 -3
52 -3
52 -3
52 -3
52 -3
52 -3
54 -2
54 -2
54 -2
54 -2
54 -2
54 -2
54 -2
54 -2
54 -2
54 -2
54 -2
54 -2
54 -2
57 -1
57 -1
57 -1
57 -1
57 -1
57 -1
57 -1
57 -1
57 -1
57 -1
57 -1
57 -1
57 -1
57 -1
57 -1
57 -1
57 -1
57 -1
57 -1
57 -1
57 -1
57 -1
57 -1
57 -1
57 -1
57 -1
57 -1
57 -1
57 -1
57 -1
57 -1
57 -1
57 -1
57 -1
57 -1
57 -1
57 -1
57 -1
57 -1
57 -1
57 -1
57 -1
57 -1
57 -1
57 -1
57 -1
57 6
57 6
57 6
57 6
57 6
57 6
57 6
57 6
57 6
57 6
57 6
57 6
57 6
57 6
57 6
57 6
57 6
57 6
57 6
57 6
57 6
57 6
57 6
57 6
57 6
57 6
57 6
57 6
57 6
57 6
57 6
57 6
57 6
57 6
57 6
57 6
57 6
57 6
57 6
57 6
57 6
57 6
52 -3
52 -3
52 -3
52 -3
52 -3
52 -3
52 -3
52 -3
52 -3
52 -3
52 -3
52 -3
52 -3
52 -3
52 -3
52 -3
52 -3
52 -3
52 -3
52 -3
52 -3
52 -3
52 -3
52 -3
52 -3
52 -3
52 -3
52 -3
52 -3
52 -3
52 -3
52 -3
52 -3
52 -3
52 -3
52 -3
52 -3
52 -3
52 -3
52 -3
52 -3
61 -1
65 -6
65 -6
65 -6
65 -6
65 -6
65 -6
65 -6
65 -6
65 -6
68 -3
68 -3
68 -3
68 -3
68 -3
68 -3
68 -3
68 -3
68 -3
68 -3
68 -3
68 -3
68 -3
68 -3
68 -3
68 -3
68 -3
68 -3
68 -3
68 -3
68 -3
68 -3
68 -3
68 -3
68 -3
68 -3
68 -3
68 -3
68 -3
68 -3
68 -3
63 -5
63 -5
63 -5
63 -5
63 -5
63 -5
63 -5
63 -5
63 -5
63 -5
63 -5
63 -5
63 -5
63 -5
63 -5
63 -5
63 -5
63 -5
63 -5
63 -5
63 -5
63 -5
63 -5
63 -5
63 -5
63 -5
63 -5
63 -4
57 -5
57 -5
57 -5
57 -5
57 -5
57 -5
57 -5
57 -5
57 -5
57 -5
57 -5
57 -5
57 -5
57 -5
57 -5
57 -5
57 -5
57 -5
57 -5
57 -5
57 -5
57 -5
57 -5
57 -5
57 -5
56 -10
56 -10
56 -10
56 -10
56 -10
56 -10
56 -10
56 -10
56 -10
56 -10
56 -10
56 -10
56 -10
56 -10
56 -10
56 -10
56 -10
56 -10
56 -10
56 -10
56 -10
56 -10
56 -10
56 -10
56 -10
56 -10
56 -10
56 -10
56 -10
56 -10
56 -10
56 -10
56 -10
56 -10
56 -10
56 -10
56 -10
56 -10
56 -10
56 -10
56 -10
56 -10
56 -10
56 -10
56 -10
61 -5
61 -5
61 -5
61 -5
61 -5
61 -5
61 -5
61 -5
61 -5
61 -5
61 -5
61 -5
61 -5
61 -5
61 -5
58 -10
60 -8
60 -8
60 -8
60 -8
60 -8
60 -8
60 -8
60 -8
60 -8
60 -8
60 -8
60 -8
60 -8
60 -8
60 -8
60 -8
60 -8
60 -8
60 -8
60 -8
60 -8
60 -8
60 -8
60 -8
60 -8
60 -8
60 -8
60 -8
59 -11
59 -11
59 -11
59 -11
59 -11
59 -11
59 -11
59 -11
59 -11
59 -11
59 -11
59 -11
59 -11
59 -11
59 -11
59 -11
59 -11
59 -11
59 -11
59 -11
59 -11
59 -11
59 -11
59 -11
59 -11
59 -11
59 -11
59 -11
59 -11
59 -11
59 -11
54 -9
58 -11
58 -11
58 -11
58 -11
58 -11
58 -11
58 -11
58 -11
58 -11
58 -11
58 -11
58 -11
58 -11
58 -11
61 -14
61 -14
61 -14
61 -14
61 -14
61 -14
61 -14
61 -14
61 -14
61 -14
61 -14
61 -14
61 -14
61 -14
61 -14
61 -14
61 -14
61 -14
61 -14
61 -14
61 -14
61 -14
61 -14
61 -14
61 -14
61 -14
61 -14
61 -14
61 -14
61 -14
61 -14
61 -14
61 -14
61 -14
61 -14
61 -14
49 -10
49 -10
49 -10
49 -10
49 -10
49 -10
49 -10
49 -10
49 -10
49 -10
49 -10
49 -10
49 -10
49 -10
49 -10
49 -10
49 -10
49 -10
49 -10
49 -10
49 -10
49 -10
49 -10
49 -10
49 -10
49 -10
49 -10
49 -10
49 -10
49 -10
49 -10
49 -10
50 -14
50 -14
50 -14
50 -14
50 -14
50 -14
50 -14
50 -14
50 -14
50 -14
50 -14
50 -14
50 -14
50 -14
50 -14
50 -14
50 -14
50 -14
50 -14
50 -14
50 -14
50 -14
50 -14
50 -14
50 -14
50 -14
50 -14
50 -14
50 -14
52 -19
52 -19
52 -19
52 -19
52 -19
52 -19
52 -19
52 -19
52 -18
52 -18
52 -18
52 -18
52 -18
52 -18
52 -18
52 -18
52 -18
52 -18
52 -18
52 -18
52 -18
52 -18
52 -18
52 -18
52 -18
52 -18
52 -18
52 -18
52 -18
52 -18
52 -18
52 -18
52 -18
52 -18
52 -18
52 -18
52 -18
52 -18
47 -16
47 -16
47 -16
47 -16
47 -16
47 -16
47 -16
47 -16
47 -16
47 -16
47 -16
47 -16
47 -16
47 -16
47 -16
47 -16
47 -16
47 -16
47 -16
47 -16
47 -16
47 -16
47 -16
47 -16
47 -16
47 -16
47 -16
47 -16
47 -16
47 -16
47 -16
47 -16
47 -16
47 -16
47 -16
47 -16
47 -16
47 -16
47 -16
47 -16
47 -16
47 -16
47 -16
47 -16
47 -16
47 -16
47 -16
47 -16
47 -16
47 -16
47 -16
47 -16
47 -16
47 -16
47 -16
42 -17
36 -23
36 -23
36 -23
36 -23
36 -23
36 -23
36 -23
36 -23
36 -23
36 -23
36 -23
36 -23
36 -23
36 -23
36 -23
36 -23
36 -23
36 -23
36 -23
36 -23
36 -23
36 -23
36 -23
36 -23
36 -23
36 -23
36 -23
36 -23
36 -23
30 -20
33 -18
33 -18
33 -18
33 -18
33 -18
33 -18
33 -18
33 -18
33 -18
33 -18
33 -18
33 -18
33 -18
33 -18
33 -18
33 -18
33 -18
33 -18
33 -18
33 -18
33 -18
33 -18
33 -18
33 -18
33 -18
33 -18
33 -18
33 -18
33 -18
33 -18
33 -18
33 -18
31 -21
31 -21
31 -21
31 -21
31 -21
31 -21
31 -21
31 -21
31 -21
31 -21
31 -21
31 -21
31 -21
31 -21
31 -21
18 -29
18 -29
18 -29
18 -29
18 -29
18 -29
18 -29
18 -29
18 -29
18 -29
18 -29
18 -29
18 -29
18 -29
18 -29
18 -29
18 -29
18 -29
18 -29
18 -29
18 -29
18 -29
18 -29
18 -29
18 -29
18 -29
18 -29
18 -29
18 -29
18 -29
18 -29
18 -29
18 -29
18 -29
18 -29
18 -29
18 -29
18 -29
18 -29
18 -29
18 -29
18 -29
18 -29
18 -29
18 -29
18 -29
18 -29
18 -29
18 -29
18 -29
18 -29
18 -29
18 -29
18 -29
18 -29
18 -29
18 -29
18 -29
18 -29
18 -29
18 -29
18 -29
18 -29
18 -29
12 -27
12 -27
13 -28
13 -28
13 -28
13 -28
13 -28
13 -28
13 -28
13 -28
13 -28
13 -28
13 -28
13 -28
13 -28
13 -28
13 -28
13 -28
13 -28
13 -28
13 -28
13 -28
13 -28
13 -28
13 -28
13 -28
13 -28
13 -28
13 -28
13 -28
13 -28
13 -28
13 -28
13 -28
13 -28
13 -28
13 -28
13 -28
13 -28
13 -28
13 -28
13 -28
10 -25
4 -20
4 -20
4 -20
4 -20
4 -20
4 -20
4 -20
4 -20
4 -20
9 -32
9 -32
9 -32
9 -32
9 -32
9 -32
9 -32
9 -32
9 -32
9 -32
9 -32
9 -32
9 -32
9 -32
9 -32
9 -32
9 -32
9 -32
9 -32
9 -32
9 -32
9 -32
9 -32
9 -32
9 -32
9 -32
9 -32
9 -32
9 -32
9 -32
9 -32
9 -32
9 -32
9 -32
9 -32
9 -32
9 -32
9 -32
9 -32
9 -32
9 -32
9 -32
9 -32
9 -32
9 -32
9 -32
9 -32
9 -32
9 -32
9 -32
9 -32
9 -32
9 -32
9 -32
9 -32
9 -32
9 -32
9 -32
9 -32
9 -32
8 -25
8 -25
8 -25
8 -25
8 -25
8 -25
8 -25
8 -25
8 -25
8 -25
8 -25
8 -25
8 -25
8 -25
8 -25
8 -25
8 -25
8 -25
8 -25
8 -25
8 -25
8 -25
8 -25
8 -25
8 -25
8 -25
8 -25
8 -25
8 -25
8 -25
8 -25
8 -25
8 -25
7 -22
6 -25
6 -25
6 -25
6 -25
6 -25
6 -25
0 -20
0 -20
0 -20
0 -20
0 -20
0 -20
0 -20
0 -20
0 -20
0 -20
0 -20
0 -20
0 -20
0 -20
0 -20
0 -20
0 -20
0 -20
0 -20
0 -20
0 -20
0 -20
0 -20
0 -20
0 -20
0 -20
0 -20
0 -20
0 -20
0 -20
0 -20
-1 -18
-1 -18
-1 -18
-1 -18
-1 -18
-1 -18
-1 -18
-1 -18
-1 -18
-1 -18
-1 -18
-1 -18
-1 -18
-1 -18
-1 -18
-1 -16
-1 -16
-1 -16
-1 -16
-1 -16
-1 -16
-1 -16
-1 -16
-1 -16
-1 -16
-1 -16
-1 -16
-1 -16
-1 -16
-1 -16
-1 -16
-1 -16
-1 -16
-1 -16
-1 -16
-1 -16
-1 -16
-1 -16
-1 -16
-1 -16
-1 -16
-1 -16
-1 -16
-1 -16
0 -13
0 -13
0 -13
0 -13
0 -13
0 -13
0 -13
0 -13
0 -13
0 -13
0 -13
0 -13
0 -13
0 -13
0 -13
0 -13
0 -13
0 -13
0 -13
0 -13
0 -13
0 -13
0 -13
0 -13
0 -13
0 -13
0 -13
0 -13
0 -13
0 -13
0 -13
0 -13
0 -13
0 -13
0 -13
1 -13
1 -13
1 -13
1 -13
1 -13
1 -13
1 -13
1 -13
1 -13
1 -13
1 -13
1 -13
1 -13
1 -13
1 -13
1 -13
1 -13
1 -13
1 -13
1 -13
3 -11
3 -11
3 -11
3 -11
3 -11
3 -11
3 -11
3 -11
3 -11
3 -11
3 -11
3 -11
3 -11
3 -11
3 -11
3 -11
3 -11
3 -11
3 -11
3 -11
3 -11
3 -11
-2 -7
-2 -7
-2 -7
-2 -7
-2 -7
-2 -7
-2 -7
-2 -7
-2 -7
-2 -7
-2 -7
-2 -7
-2 -7
-2 -7
-2 -7
0 -8
0 -8
0 -8
0 -8
0 -8
0 -8
0 -8
0 -8
0 -8
0 -8
0 -8
0 -8
0 -8
0 -8
0 -8
0 -8
0 -8
0 -8
0 -8
0 -8
0 -8
0 -8
0 -8
0 -8
0 -8
0 -8
0 -8
0 -8
0 -8
0 -8
0 -8
0 -8
0 -8
0 -8
0 -8
0 -8
0 -8
0 -8
0 -8
0 -8
0 -8
0 -8
0 -8
0 -8
0 -8
0 -8
0 -8
0 -8
0 -8
0 -8
0 -8
0 -8
0 -8
0 -8
0 -8
0 -8
0 -8
0 -8
0 -8
0 -8
0 -8
0 -8
0 -8
0 -8
0 -8
0 -8
0 -8
0 -8
0 -8
0 -8
0 -8
0 -8
0 -8
0 -8
0 -8
0 -8
0 -8
0 -8
0 -8
0 -8
0 -8
0 -8
0 -8
-1 -8
-2 -8
-2 -8
-2 -8
-2 -8
-2 -8
-2 -8
-2 -8
-2 -8
-2 -8
-2 -8
-2 -8
-2 -8
-2 -8
-2 -8
-2 -8
-2 -8
-2 -8
-2 -8
-2 -8
-2 -8
-2 -8
-2 -8
-2 -8
-2 -8
-2 -8
-2 -8
-2 -8
-2 -8
-2 -8
-2 -8
-2 -8
-2 -8
-2 -8
-2 -8
-2 -8
-2 -8
-2 -8
-2 -8
-2 -8
-2 -8
-2 -8
-2 -8
-2 -8
-1 -9
-3 -3
-3 -3
-3 -3
-3 -3
-3 -3
-3 -3
-3 -3
-3 -3
-3 -3
-3 -3
-3 -3
-3 -3
-3 -3
-3 -3
-3 -3
-3 -3
0 -2
0 -2
0 -2
0 -2
0 -2
0 -2
0 -2
0 -2
0 -2
0 -2
0 -2
0 -2
0 -2
0 -2
0 -2
0 -2
0 -2
0 -2
0 -2
0 -2
0 -2
0 -2
0 -2
0 -2
0 -2
0 -2
0 -2
0 -2
0 -2
0 -2
0 -2
0 -2
0 -2
0 -2
0 -2
0 -2
0 -2
0 -2
0 -2
0 -2
0 -2
0 -2
0 -2
0 -2
0 -2
0 -2
0 -2
0 -2
0 -2
0 -2
0 -2
0 -2
0 -2
0 -2
0 -2
0 -2
0 -2
0 -2
0 -2
0 -2
0 -2
0 -2
0 -2
0 -2
0 -2
0 -2
0 -2
0 -2
-1 -3
1 -1
1 -1
1 -1
1 -1
1 -1
1 -1
1 -1
1 -1
1 -1
1 -1
1 -1
1 -1
1 -1
1 -1
1 -1
1 -1
1 -1
1 -1
1 -1
1 -1
1 -1
1 -1
1 -1
1 -1
1 -1
1 -1
1 -1
1 -1
1 -1
1 -1
1 -1
1 -1
1 -1
1 -1
1 -1
1 -1
1 -1
1 -1
1 -1
1 -1
1 -1
1 -1
0 -3
0 -3
0 -3
0 -3
0 -3
0 -3
0 -3
0 -3
0 -3
0 -3
0 -3
0 -3
0 -3
0 -3
0 -3
0 -3
0 -3
0 -3
0 -3
0 -3
0 -3
0 -3
0 -3
0 -3
0 -3
0 -3
0 -3
0 -3
0 -3
0 -3
0 -3
0 -3
0 -3
0 -3
0 -3
0 -3
0 -3
0 -3
0 -3
0 -3
0 -3
0 -3
0 -3
0 -3
0 -3
0 -3
0 -3
0 -3
0 -3
0 -3
0 -3
0 -3
0 -3
0 -3
0 -3
0 -3
0 -3
0 -4
0 -4
0 -4
0 -4
0 -4
0 -4
0 -4
0 -4
0 -4
0 -4
0 -4
0 -3
0 -3
0 -3
0 -3
0 -3
0 -3
0 -3
0 -3
0 -3
0 -3
0 -3
0 -3
0 -3
0 -3
0 -3
0 -3
-1 0
-1 0
-1 0
-1 0
-1 0
-1 0
-1 0
-1 0
-1 0
-1 0
-1 0
-1 0
-1 0
-1 0
-1 0
-1 0
-1 0
-1 0
-1 0
-1 0
-1 0
-1 0
-1 0
-1 0
-1 0
-1 0
-1 0
-1 0
-1 0
-1 0
-1 0
-1 0
-1 0
-1 0
-1 0
-1 0
-1 0
-1 0
-1 0
-1 0
-1 0
-1 0
-1 0
-1 0
-1 0
-1 0
-1 0
-1 0
-1 0
-1 0
-1 0
-1 0
-1 0
-1 0
-1 0
-1 0
-1 0
-1 0
-1 0
-1 0
-1 0
-1 0
-1 0
-1 0
-1 0
-1 0
-1 0
-1 0
-1 0
-1 0
-1 0
-1 0
-1 0
-1 0
-1 0
-1 0
-1 0
-1 0
-1 0
-1 0
-1 0
-1 0
-1 0
-1 0
-1 0
-1 0
-1 0
-1 0
-1 0
-1 0
-1 0
-1 0
-1 0
-1 0
-1 0
-1 0
-1 0
-1 0
-1 0
-1 0
-1 0
-1 0
-1 0
-1 0
-1 0
-1 0
-1 0
-1 0
-1 0
-1 0
-1 0
-1 0
-1 0
-1 0
-1 0
-1 0
-1 0
-1 0
-1 0
-1 0
-1 0
-1 0
-1 0
-1 0
-1 0
-1 0
-1 0
-1 0
-1 0
-1 0
-1 0
-1 0
-1 0
-1 0
-1 0
-1 0
-1 0
-1 0
-1 0
-1 0
-1 0
-1 0
-1 0
-1 0
-1 0
-1 0
-1 0
-1 0
-1 0
-1 0
-1 0
-1 0
-1 0
-1 0
-1 0
-1 0
-1 0
-1 0
-1 0
-1 0
-1 0
-1 0
-1 0
-1 0
-1 0
-1 0
-1 0
-1 0
-1 0
-1 0
-1 0
-1 0
-1 0
-1 0
-1 0
-1 0
-1 0
-1 0
-1 0
-1 0
-1 0
-1 0
-1 0
-1 0
-1 0
-1 0
-1 0
-1 0
-1 0
-1 0
-1 0
-1 0
-1 0
-1 0
-1 0
-1 0
-1 0
-1 0
-1 0
-1 0
-1 0
-1 0
-1 0
-1 0
-1 0
-1 0
-1 0
-1 0
-1 0
-1 0
-1 0
-1 0
-1 0
-1 0
-1 0
-1 0
-1 0
-1 0
-1 0
-1 0
-1 0
-1 0
-1 0
-1 0
-1 0
-1 0
-1 0
-1 0
-1 0
-1 0
-1 0
-1 0
-1 0
-1 0
-1 0
-1 0
-1 0
-1 0
-1 0
-1 0
-1 0
-1 0
-1 0
-1 0
-1 0
-1 0
-1 0
-1 0
-1 0
-1 0
-1 0
-1 0
-1 0
-1 0
-1 0
-1 0
-1 0
-1 0
-1 0
-1 0
-1 0
-1 0
-1 0
-1 0
-1 0
-1 0
-1 0
-1 0
-1 0
-1 0
-1 0
-1 0
-1 0
-1 0
-1 0
-1 0
-1 0
-1 0
-1 0
-1 0
-1 0
-1 0
-1 0
-1 0
-1 0
-1 0
-1 0
-1 0
-1 0
-1 0
-1 0
-1 0
-1 0
-1 0
-1 0
-1 0
-1 0
-1 0
-1 0
-1 0
-1 0
-1 0
-1 0
-1 0
-1 0
-1 0
-1 0
-1 0
-1 0
-1 0
-1 0
-1 0
-1 0
-1 0
-1 0
-1 0
-1 0
-1 0
-1 0
-1 0
-1 0
-1 0
-1 0
-1 0
-1 0
-1 0
-1 0
-1 0
-1 0
-1 0
-1 0
-1 0
-1 0
-1 0
-1 0
-1 0
-1 0
-1 0
-1 0
-1 0
-1 0
-1 0
-1 0
-1 0
-1 0
-1 0
-1 0
-1 0
-1 0
-1 0
-1 0
-1 0
-1 0
-1 0
-1 0
-1 0
-1 0
-1 0
-1 0
-1 0
-1 0
-1 0
-1 0
-1 0
-1 0
-1 0
-1 0
-1 0
-1 0
-1 0
-1 0
-1 0
-1 0
-1 0
-1 0
-1 0
-1 0
-1 0
-1 0
-1 0
-1 0
-1 0
-1 0
-1 0
-1 0
-1 0
-1 0
-1 0
-1 0
-1 0
-1 0
-1 0
-1 0
-1 0
-1 0
-1 0
-1 0
-1 0
-1 0
-1 0
-1 0
-1 0
-1 0
-1 0
-1 0
-1 0
-1 0
-1 0
-1 0
-1 0
-1 0
-1 0
-1 0
-1 0
-1 0
-1 0
-1 0
-1 0
-1 0
-1 0
-1 0
-1 0
-1 0
-1 0
-1 0
-1 0
-1 0
-1 0
-1 0
-1 0
-1 0
-1 0
-1 0
-1 0
-1 0
-1 0
-1 0
-1 0
-1 0
-1 0
-1 0
-1 0
-1 0
-1 0
-1 0
-1 0
-1 0
-1 0
-1 0
-1 0
-1 0
-1 0
-1 0
-1 0
-1 0
-1 0
-1 0
-1 0
-1 0
-1 0
-1 0
-1 0
-1 0
-1 0
-1 0
-1 0
-1 0
-1 0
-1 0
-1 0
-1 0
-1 0
-1 0
-1 0
-1 0
-1 0
-1 0
-1 0
-1 0
-1 0
-1 0
-1 0
-1 0
-1 0
-1 0
-1 0
-1 0
-1 0
-1 0
-1 0
-1 0
-1 0
-1 0
-1 0
-1 0
-1 0
-1 0
-1 0
-1 0
-1 0
-1 0
-1 0
-1 0
-1 0
-1 0
-1 0
-1 0
-1 0
-1 0
-1 0
-1 0
-1 0
-1 0
-1 0
-1 0
-1 0
-1 0
-1 0
-1 0
-1 0
-1 0
-1 0
-1 0
-1 0
-1 0
-1 0
-1 0
-1 0
-1 0
-1 0
-1 0
-1 0
-1 0
-1 0
-1 0
-1 0
-1 0
-1 0
-1 0
-1 0
-1 0
-1 0
-1 0
-1 0
-1 0
-1 0
-1 0
-1 0
-1 0
-1 0
-1 0
-1 0
-1 0
-1 0
-1 0
-1 0
-1 0
-1 0
-1 0
-1 0
-1 0
-1 0
-1 0
-1 0
-1 0
-1 0
-1 0
-1 0
-1 0
-1 0
-1 0
-1 0
-1 0
-1 0
-1 0
-1 0
-1 0
-1 0
-1 0
-1 0
-1 0
-1 0
-1 0
-1 0
-1 0
-1 0
-1 0
-1 0
-1 0
-1 0
-1 0
-1 0
-1 0
-1 0
-1 0
-1 0
-1 0
-1 0
-1 0
-1 0
-1 0
-1 0
-1 0
-1 0
-1 0
-1 0
-1 0
-1 0
-1 0
-1 0
-1 0
-1 0
-1 0
-1 0
-1 0
-1 0
-1 0
-1 0
-1 0
-1 0
-1 0
-1 0
-1 0
-1 0
-1 0
-1 0
-1 0
-1 0
-1 0
-1 0
-1 0
-1 0
-1 0
-1 0
-1 0
-1 0
-1 0
-1 0
-1 0
-1 0
-1 0
-1 0
-1 0
-1 0
0 -1
0 -1
0 -1
0 -1
0 -1
0 -1
0 -1
0 -1
0 -1
0 -1
0 -1
0 -1
0 -1
0 -1
0 -1
0 -1
0 -1
0 -1
0 -1
0 -1
0 -1
0 -1
0 -1
0 -1
0 -1
0 -1
0 -1
0 -1
0 -1
0 -1
0 -1
0 -1
0 -1
0 -1
0 -1
0 -1
0 -1
0 -1
0 -1
0 -1
0 -1
0 -1
0 -1
0 -1
0 -1
0 -1
0 -1
0 -1
0 -1
0 -1
0 -1
0 -1
0 -1
0 -1
0 -1
0 -1
0 -1
0 -1
0 -1
0 -1
0 -1
0 -1
0 -1
0 -1
0 -1
0 -1
0 -1
0 -1
0 -1
0 -1
0 -1
0 -1
0 -1
0 -1
0 -1
0 -1
0 -1
0 -1
0 -1
0 -1
0 -1
0 -1
0 -1
0 -1
0 -1
0 -1
0 -1
0 -1
0 -1
0 -1
0 -1
0 -1
0 -1
0 -1
0 -1
0 -1
0 -1
0 -1
0 -1
0 -1
0 -1
0 -1
0 -1
0 -1
0 -1
0 -1
0 -1
0 -1
0 -1
0 -1
0 -1
0 -1
0 -1
0 -1
0 -1
0 -1
0 -1
0 -1
0 -1
0 -1
0 -1
0 -1
0 -1
0 -1
0 -1
0 -1
0 -1
0 -1
0 -1
0 -1
0 -1
0 -1
0 -1
0 -1
0 -1
0 -1
0 -1
0 -1
0 -1
0 -1
0 -1
0 -1
0 -1
0 -1
0 -1
0 -1
0 -1
0 -1
0 -1
0 -1
0 -1
0 -1
0 -1
0 -1
0 -1
0 -1
0 -1
0 -1
0 -1
0 -1
0 -1
0 -1
0 -1
0 -1
0 -1
0 -1
0 -1
0 -1
0 -1
0 -1
0 -1
0 -1
0 -1
0 -1
0 -1
0 -1
0 -1
0 -1
0 -1
0 -1
0 -1
0 -1
0 -1
0 -1
0 -1
0 -1
0 -1
0 -1
0 -1
0 -1
0 -1
0 -1
0 -1
0 -1
0 -1
0 -1
0 -1
0 -1
0 -1
0 -1
0 -1
0 -1
0 -1
0 -1
0 -1
0 -1
0 -1
0 -1
0 -1
0 -1
0 -1
0 -1
0 -1
0 -1
0 -1
0 -1
0 -1
0 -1
0 -1
0 -1
0 -1
0 -1
0 -1
0 -1
0 -1
0 -1
0 -1
0 -1
0 -1
0 -1
0 -1
0 -1
0 -1
0 -1
0 -1
0 -1
0 -1
0 -1
0 -1
0 -1
0 -1
0 -1
0 -1
0 -1
0 -1
0 -1
0 -1
0 -1
0 -1
0 -1
0 -1
0 -1
0 -1
0 -1
0 -1
0 -1
0 -1
0 -1
0 -1
0 -1
0 -1
0 -1
0 -1
0 -1
0 -1
0 -1
0 -1
0 -1
0 -1
0 -1
0 -1
0 -1
0 -1
0 -1
0 -1
0 -1
0 -1
0 -1
0 -1
0 -1
0 -1
0 -1
0 -1
0 -1
0 -1
0 -1
0 -1
0 -1
0 -1
0 -1
0 -1
0 -1
0 -1
0 -1
0 -1
0 -1
0 -1
0 -1
0 -1
0 -1
0 -1
0 -1
0 -1
0 -1
0 -1
0 -1
0 -1
0 -1
0 -1
0 -1
0 -1
0 -1
0 -1
0 -1
0 -1
0 -1
0 -1
0 -1
0 -1
0 -1
0 -1
0 -1
0 -1
0 -1
0 -1
0 -1
0 -1
0 -1
0 -1
0 -1
0 -1
0 -1
0 -1
0 -1
0 -1
0 -1
0 -1
0 -1
0 -1
0 -1
0 -1
0 -1
0 -1
0 -1
0 -1
0 -1
0 -1
0 -1
0 -1
0 -1
0 -1
0 -1
0 -1
0 -1
0 -1
0 -1
0 -1
0 -1
0 -1
0 -1
0 -1
0 -1
0 -1
0 -1
0 -1
0 -1
0 -1
0 -1
0 -1
0 -1
0 -1
0 -1
0 -1
0 -1
0 -1
0 -1
0 -1
0 -1
0 -1
0 -1
0 -1
0 -1
0 -1
0 -1
0 -1
0 -1
0 -1
0 -1
0 -1
0 -1
0 -1
0 -1
0 -1
0 -1
0 -1
0 -1
0 -1
0 -1
0 -1
0 -1
0 -1
0 -1
0 -1
0 -1
0 -1
0 -1
0 -1
0 -1
0 -1
0 -1
0 -1
0 -1
0 -1
0 -1
0 -1
0 -1
0 -1
0 -1
