1 0
1 0
1 0
1 0
1 0
1 0
1 0
1 0
1 0
1 0
1 0
1 0
1 0
1 0
1 0
1 0
1 0
1 0
1 0
1 0
1 0
1 0
1 0
1 0
1 0
1 0
1 0
1 0
1 0
1 0
1 0
1 0
1 0
1 0
1 0
1 0
1 0
1 0
1 0
1 0
1 0
1 0
1 0
1 0
1 0
1 0
1 0
1 0
1 0
1 0
1 0
1 0
0 1
0 1
0 1
0 1
0 1
0 1
0 1
0 1
0 1
0 1
0 1
0 1
0 1
0 1
0 1
0 1
0 1
-2 2
-2 2
-2 2
-2 2
-2 2
-2 2
-2 2
-2 2
-2 2
-2 2
-2 2
-2 2
-2 2
-2 2
-2 2
-2 2
-2 2
-2 2
-2 2
-2 2
-2 2
-2 2
-2 2
-2 2
-2 2
-2 2
-2 2
-2 2
-2 2
-2 2
-2 2
-2 2
-2 2
-2 2
-2 2
-2 2
-2 2
-2 2
-2 2
-2 2
-2 2
-2 2
-2 2
0 2
0 2
0 2
0 2
0 2
0 2
0 2
0 2
0 2
0 2
0 2
0 2
0 2
0 2
0 2
0 2
0 2
0 2
0 2
0 2
0 2
0 2
0 2
0 2
0 2
-2 7
-2 7
-2 7
-2 7
-2 7
-2 7
-2 7
-2 7
-2 7
-2 7
-2 7
-2 7
-2 7
-2 7
-2 7
-2 7
-2 7
-2 7
-2 7
-2 7
-2 7
-2 7
-2 7
-2 7
-2 7
-2 7
-2 7
-2 7
-2 7
-2 7
-2 7
-2 7
-2 7
-2 7
-2 7
-2 7
-2 7
-2 7
-2 7
-2 7
-2 7
-2 7
-2 7
-2 7
-1 6
-1 6
-1 6
-1 6
-1 6
-1 6
-1 6
-1 6
-1 6
-1 6
-1 6
-1 6
-1 6
-1 6
-1 6
-1 6
-1 6
-1 6
-1 6
-1 6
-1 6
-1 6
-1 6
-1 6
-1 6
-1 6
-1 6
-1 6
-1 6
-1 6
-1 6
-1 6
-1 6
-1 6
-1 6
-1 6
-1 6
-1 6
-1 6
-1 6
-1 6
-1 6
-1 6
-1 6
-1 6
-1 6
-1 6
-1 6
-1 6
-1 6
-1 6
-1 6
-1 6
-1 6
-1 6
-1 6
-1 6
-1 6
-1 6
-1 6
-1 6
-1 6
-1 6
-1 6
-1 6
-1 6
-1 6
-1 6
-1 6
-1 6
-1 6
-1 6
-1 6
-1 6
-1 6
-1 6
-1 6
-1 6
-1 6
-1 6
-1 6
-1 6
-1 6
-1 6
-1 6
-1 6
-1 6
-1 6
-1 6
-1 6
-4 1
-1 0
-1 0
-1 0
-1 0
-1 0
-1 0
-1 0
-1 0
-1 0
-1 0
-1 0
-1 0
-1 0
-1 0
-1 0
-1 0
-1 0
-1 0
-1 0
-1 0
-1 0
-1 0
-1 0
-1 0
-1 0
-1 0
-1 0
-1 0
-1 0
-1 0
-1 0
-1 0
-1 0
-1 0
-1 0
-1 0
-1 0
-1 0
-1 0
-1 0
-1 0
-1 0
-1 0
-1 0
-1 0
-1 0
-1 0
-1 0
-1 0
-1 0
-1 0
-1 0
-1 0
-1 0
-1 0
-1 0
-1 0
-1 0
-1 0
-1 0
-1 0
-1 0
-1 0
-1 0
-1 0
-1 0
-1 0
-1 0
-1 0
-1 0
-1 0
-1 0
-1 0
-1 0
-1 0
1 -1
1 -1
1 -1
1 -1
1 -1
1 -1
1 -1
1 -1
1 -1
1 -1
1 -1
1 -1
1 -1
1 -1
1 -1
1 -1
1 -1
1 -1
1 -1
1 -1
1 -1
1 -1
1 -1
1 -1
1 -1
1 -1
1 -1
1 -1
1 -1
1 -1
1 -1
1 -1
1 -1
1 -1
1 -1
1 -1
1 -1
1 -1
1 -1
1 -1
1 -1
1 -1
1 -1
1 -1
1 -1
1 -1
1 -1
1 -1
2 -1
2 -1
2 -1
2 -1
2 -1
2 -1
2 -1
2 -1
2 -1
2 -1
2 -1
2 -1
2 -1
2 -1
2 -1
2 -1
2 -1
2 -1
2 -1
2 -1
2 -1
2 -1
2 -1
2 -1
2 -1
2 -1
2 -1
2 -1
2 -1
2 -1
2 -1
2 -1
2 -1
2 -1
2 -1
2 -1
2 -1
2 -1
2 -1
2 -1
2 -1
2 -1
2 -1
2 -1
2 -1
2 -1
2 -1
2 -1
2 -1
1 0
1 0
1 0
1 0
1 0
1 0
1 0
1 0
1 0
1 0
1 0
1 0
1 0
1 0
1 0
1 0
1 0
1 0
1 0
1 0
1 0
1 0
1 0
-1 0
-1 0
-1 0
-1 0
-1 0
-1 0
-1 0
-1 0
-1 0
-1 0
-1 0
-1 0
-1 0
-1 0
-1 0
-1 0
-1 0
-1 0
-1 0
-1 0
-1 0
-1 0
-1 0
-1 0
-1 0
-1 0
-1 0
-1 0
-1 0
-1 0
-1 0
-1 0
-1 0
-1 0
-1 0
-1 0
-1 0
-1 0
-1 0
-1 0
-1 0
-1 0
-1 0
-1 0
-1 0
-1 0
-1 0
-1 0
-1 0
-1 0
-1 0
-1 0
-1 0
-1 0
-1 0
-1 0
-1 0
-1 0
-1 0
-1 0
-1 0
-1 0
-1 0
-1 0
-1 0
-1 0
-1 0
-1 0
-1 0
-1 0
-1 0
-1 0
-1 0
-1 0
-1 0
-1 0
-1 0
-1 0
-1 0
-1 0
-1 0
-1 0
-1 0
-1 0
-1 0
-1 0
-1 0
-1 0
-1 0
-1 0
-1 0
-1 0
-1 0
-1 0
-1 0
-1 0
-1 0
-1 0
-1 0
-1 0
-1 0
-1 0
-1 0
-1 0
-1 0
-1 0
-1 0
-1 0
-1 0
-1 0
-1 0
-1 0
-1 0
-1 0
-1 0
-1 0
-1 0
-1 0
-1 0
-1 0
-1 0
-1 0
-1 0
-1 0
-1 0
-1 0
-1 0
-1 0
-1 0
-1 0
-1 0
-1 0
-1 0
-1 0
-1 0
-1 0
-1 0
-1 0
-1 0
-1 0
-1 0
-1 0
-1 0
-1 0
-1 0
-1 0
-1 1
-1 1
-1 1
-1 1
-1 1
-1 1
-1 1
-1 1
-1 1
-1 1
-1 1
-1 1
-1 1
-1 1
-1 1
-1 1
-1 1
-1 1
-1 1
-1 1
-1 1
-1 1
-1 1
-1 1
-1 1
-1 1
-1 1
-1 1
-1 1
-1 1
-1 1
-1 1
-1 1
-1 1
-1 1
-1 1
-1 1
-1 1
-1 1
-1 1
-1 1
-1 1
-1 1
-1 1
-1 1
-1 1
-1 1
-1 1
-1 1
-1 1
-1 1
-1 1
-1 1
-1 1
-1 1
-1 1
-1 1
-1 1
-1 1
-1 1
-1 1
-1 1
-1 1
-1 1
-4 5
-4 5
-4 5
-4 5
-4 5
-4 5
-4 5
-4 5
-4 5
-4 5
-4 5
-4 5
-4 5
-4 5
-4 5
-4 5
-4 5
-4 5
-4 5
-4 5
-4 5
-4 5
-4 5
-6 16
-6 16
-6 16
-6 16
-6 16
-6 16
-6 16
-6 16
-6 16
-6 16
-6 16
-6 16
-6 16
-6 16
-6 16
-6 16
-6 16
-6 16
-6 16
-6 16
-6 16
-6 16
-6 16
-6 16
-6 16
-6 16
-6 16
-6 16
-6 16
-6 16
-6 16
-6 16
-6 16
-6 16
-6 16
-6 16
-6 16
-6 16
-6 16
-6 16
-6 16
-6 16
-6 16
-6 16
-6 16
-10 25
-10 25
-10 25
-10 25
-10 25
-10 25
-10 25
-10 25
-10 25
-10 25
-10 25
-10 25
-10 25
-10 25
-10 25
-10 25
-10 25
-10 25
-10 25
-10 25
-10 25
-10 25
-11 36
-11 36
-11 36
-11 36
-11 36
-11 36
-11 36
-11 36
-11 36
-11 36
-11 36
-11 36
-11 36
-11 36
-11 36
-11 36
-11 36
-11 36
-11 36
-11 36
-11 36
-16 41
-16 41
-16 41
-16 41
-16 41
-16 41
-16 41
-16 41
-16 41
-16 41
-16 41
-16 41
-16 41
-16 41
-16 41
-16 41
-16 41
-16 41
-16 41
-16 41
-16 41
-16 41
-16 41
-16 41
-16 41
-16 41
-16 41
-16 41
-16 41
-16 41
-16 41
-16 41
-16 41
-16 41
-16 41
-16 41
-16 41
-16 41
-16 41
-16 41
-16 41
-16 41
-16 41
-16 41
-16 41
-16 41
-16 41
-12 52
-12 52
-12 52
-12 52
-12 52
-12 52
-12 52
-12 52
-12 52
-12 52
-12 52
-12 52
-12 52
-12 52
-12 52
-12 52
-12 52
-12 52
-12 52
-13 67
-13 67
-13 67
-13 67
-13 67
-13 67
-13 67
-13 67
-13 67
-13 67
-13 67
-13 67
-13 67
-13 67
-13 67
-13 67
-13 67
-13 67
-13 67
-13 67
-13 67
-13 67
-13 67
-13 67
-13 67
-14 81
-14 81
-14 81
-14 81
-14 81
-14 81
-14 81
-14 81
-14 81
-14 81
-14 81
-14 81
-14 81
-14 81
-14 81
-14 81
-14 81
-14 81
-14 81
-14 81
-14 81
-14 81
-14 81
-14 81
-14 81
-14 81
-14 81
-14 81
-14 81
-14 81
-14 81
-14 81
-14 81
-14 81
-14 81
-14 81
-14 81
-14 81
-14 81
-14 81
-14 81
-14 81
-14 81
-14 81
-14 81
-14 81
-14 81
-14 81
-14 81
-14 81
-14 81
-14 81
-14 81
-14 81
-14 81
-14 81
-14 81
-14 81
-14 81
-14 81
-14 81
-14 81
-14 81
-14 81
-14 81
-14 81
-14 81
-14 81
-14 81
-14 81
-14 81
-14 81
-14 81
-14 81
-14 81
-14 81
-14 81
-14 81
-14 81
-14 81
-14 81
-14 81
-14 81
-14 81
-14 81
-14 81
-14 81
-14 81
-14 81
-14 81
-14 81
-14 81
-14 81
-14 81
-14 81
-14 81
-14 81
-16 78
-14 88
-14 88
-14 88
-14 88
-14 88
-14 88
-14 88
-14 88
-14 88
-14 88
-14 88
-14 88
-14 88
-14 88
-14 88
-14 88
-14 88
-14 88
-14 88
-14 88
-14 88
-14 88
-14 88
-14 88
-10 82
-10 82
-10 82
-10 82
-10 82
-10 82
-10 82
-10 82
-10 82
-10 82
-10 82
-10 82
-10 82
-10 82
-10 82
-10 82
-10 82
-10 82
-10 82
-10 82
-10 82
-10 82
-10 82
-10 82
-10 82
-4 94
-4 94
-4 94
-4 94
-4 94
-4 94
-4 94
-4 94
-4 94
-4 94
-4 94
-4 94
-4 94
-4 94
-4 94
-4 94
-4 94
-4 94
-4 94
-4 94
-4 94
-4 94
-4 94
-4 94
-4 94
-4 94
-17 94
-17 94
-17 94
-17 94
-17 94
-17 94
-17 94
-17 94
-17 94
-17 94
-17 94
-17 94
-17 94
-17 94
-17 94
-17 94
-17 94
-17 94
-17 94
-17 94
-17 94
-17 94
-17 94
-17 94
-17 94
-17 94
-17 94
-17 94
-17 94
-17 94
-17 94
-17 94
-17 94
-17 94
-17 94
-17 94
-17 94
-17 94
-17 94
-17 94
-17 94
-17 94
-17 94
-17 94
-17 94
-17 94
-6 105
-6 105
-6 105
-6 105
-6 105
-6 105
-6 105
-6 105
-6 105
-6 105
-6 105
-6 105
-6 105
-6 105
-6 105
-6 105
-6 105
-6 105
-6 105
-6 105
-6 105
-6 105
-6 105
-6 105
-6 105
-6 105
-5 97
-5 97
-5 97
-5 97
-5 97
-5 97
-5 97
-5 97
-5 97
-5 97
-5 97
-5 97
-5 97
-5 97
-5 97
-5 97
-5 97
-5 97
-5 97
-5 97
-5 97
-5 97
-5 97
-5 97
-5 97
-5 97
-5 97
-5 97
-5 97
-5 97
-5 97
-5 97
-5 97
-5 97
-5 97
-5 97
-5 97
-5 97
-5 97
-5 97
-5 97
-5 97
-5 97
-5 97
-5 97
-5 97
-5 97
-5 97
-5 97
-5 97
-5 97
-5 97
-5 97
-5 97
-5 97
-5 97
-5 97
-5 97
-5 97
-5 97
-5 97
-5 97
-5 97
-5 97
-5 97
-5 97
-5 97
-5 94
-4 103
-4 103
-4 103
-4 103
-4 103
-4 103
-4 103
-4 103
-4 103
-4 103
-4 103
-4 103
-4 103
-4 103
-4 103
-4 103
-4 103
-4 103
-4 103
-4 103
-4 103
-4 103
-4 103
-3 93
-3 93
-3 93
-3 93
-3 93
-3 93
-3 93
-3 93
-3 93
-3 93
-3 93
-3 93
-3 93
-3 93
-3 93
-3 93
-3 93
-3 93
-3 93
-3 93
-3 93
-3 93
-3 93
-3 93
-3 93
-3 93
-3 93
-3 93
-3 93
-3 93
-3 93
-3 93
-3 93
-3 93
-3 93
-3 93
-3 93
-3 93
-3 93
-3 93
-3 93
-3 93
-3 93
-3 93
-3 93
-3 93
-3 93
-3 93
-3 93
-3 93
-3 93
-3 93
-3 93
-3 93
-3 93
-3 93
-3 93
-3 93
-3 93
-3 93
-3 93
-3 93
-3 93
-3 93
-3 93
-3 93
-3 93
-3 93
-3 93
-3 93
-3 93
-3 93
-3 93
0 96
0 96
0 96
0 96
0 96
0 96
0 96
0 96
0 96
0 96
0 96
0 96
0 96
0 96
0 96
0 96
0 96
0 96
0 96
0 96
0 96
0 96
0 96
0 96
0 96
0 96
0 96
0 96
0 96
0 96
0 96
0 96
0 96
0 96
0 96
0 96
0 96
0 96
0 96
0 96
0 96
0 96
0 96
0 96
0 96
0 96
0 96
0 96
0 96
0 96
0 96
0 96
0 96
0 96
0 96
0 96
0 96
0 96
0 96
0 96
0 96
0 96
0 96
0 96
0 96
0 96
0 96
0 96
0 96
0 96
0 96
0 96
0 96
0 96
0 96
0 96
0 96
0 96
0 96
0 96
0 96
0 96
0 96
0 96
0 96
0 96
0 96
0 96
0 96
0 96
0 96
0 96
0 96
0 96
0 96
0 96
0 96
0 96
0 96
7 89
14 90
14 90
14 90
14 90
14 90
14 90
14 90
14 90
14 90
14 90
14 90
14 90
14 90
14 90
14 90
14 90
14 90
14 90
14 90
14 90
14 90
14 90
14 90
14 90
14 90
14 90
14 90
14 90
14 90
14 90
14 90
14 90
14 90
14 90
14 90
14 90
14 90
14 90
14 90
14 90
14 90
14 90
14 90
14 90
14 90
14 90
14 90
14 90
19 89
19 89
19 89
19 89
19 89
19 89
19 89
19 89
19 89
19 89
19 89
19 89
19 89
19 89
19 89
19 89
19 89
19 89
19 89
19 89
19 89
19 89
19 89
19 89
27 92
27 92
27 92
27 92
27 92
27 92
27 92
27 92
27 92
27 92
27 92
27 92
27 92
27 92
27 92
27 92
27 92
27 92
27 92
27 92
27 92
27 92
27 92
27 92
27 92
27 92
27 92
27 92
27 92
27 92
27 92
27 92
27 92
27 92
27 92
27 92
27 92
27 92
27 92
27 92
27 92
27 92
27 92
27 92
27 92
27 92
27 92
27 92
27 92
27 92
27 92
27 92
27 92
27 92
27 92
27 92
27 92
27 92
27 92
27 92
27 92
27 92
27 92
27 92
19 86
22 83
22 83
22 83
22 83
22 83
22 83
22 83
22 83
22 83
22 83
22 83
22 83
22 83
22 83
22 83
22 83
22 83
22 83
22 83
22 83
22 83
22 83
22 83
22 83
22 83
22 83
22 83
22 83
22 83
22 83
22 83
22 83
22 83
22 83
22 83
22 83
22 83
22 83
22 83
22 83
22 83
22 83
22 83
22 83
28 73
28 73
28 73
28 73
28 73
28 73
28 73
28 73
28 73
28 73
28 73
28 73
28 73
28 73
28 73
28 73
28 73
35 79
35 79
35 79
35 79
35 79
35 79
35 79
35 79
35 79
35 79
35 79
35 79
35 79
35 79
35 79
35 79
35 79
35 79
35 79
35 79
35 79
35 79
35 79
35 79
28 76
28 76
28 76
28 76
28 76
28 76
28 76
28 76
28 76
28 76
28 76
28 76
28 76
28 76
28 76
28 76
28 76
28 76
28 76
28 76
28 76
28 76
28 76
28 76
28 76
28 76
28 76
28 76
28 76
28 76
28 76
28 76
28 76
28 76
28 76
28 76
28 76
28 76
28 76
28 76
28 76
28 76
28 76
28 76
28 76
28 76
28 76
28 76
28 76
28 76
28 76
28 76
28 76
28 76
28 76
28 76
28 76
28 76
28 76
28 76
28 76
28 76
28 76
28 76
28 76
28 76
28 76
28 76
28 76
28 76
28 76
28 76
39 71
36 75
36 75
36 75
36 75
36 75
36 75
36 75
36 75
36 75
36 75
36 75
36 75
36 75
36 75
36 75
36 75
36 75
36 75
36 75
36 75
36 75
36 75
36 75
36 75
36 75
36 75
36 75
36 75
36 75
36 75
36 75
36 75
36 75
36 75
36 75
36 75
36 75
36 75
36 75
36 75
36 75
36 75
36 75
36 75
36 75
36 75
36 75
36 75
36 75
36 75
36 75
36 75
36 75
36 75
36 75
36 75
36 75
36 75
36 75
36 75
36 75
36 75
36 75
36 75
36 75
36 75
36 75
36 75
36 75
36 75
42 76
47 71
47 71
47 71
47 71
47 71
47 71
47 71
47 71
47 71
47 71
47 71
47 71
47 71
47 71
47 71
47 71
47 71
47 71
47 71
47 71
47 71
47 71
47 71
47 71
44 61
44 61
44 61
44 61
44 61
44 61
44 61
44 61
44 61
44 61
44 61
44 61
44 61
44 61
44 61
44 61
44 61
44 61
44 61
44 61
44 61
44 61
44 61
55 66
55 66
55 66
55 66
55 66
55 66
55 66
55 66
55 66
55 66
55 66
55 66
55 66
55 66
55 66
55 66
55 66
55 66
55 66
55 66
55 66
55 66
55 66
55 66
55 66
55 66
55 66
55 66
55 66
55 66
55 66
55 66
55 66
55 66
55 66
55 66
55 66
55 66
55 66
55 66
55 66
55 66
55 66
55 66
55 66
55 66
55 66
55 66
55 66
55 66
55 66
55 66
55 66
55 66
55 66
55 66
55 66
55 66
55 66
55 66
55 66
55 66
55 66
55 66
55 66
55 66
55 66
55 66
55 66
55 66
55 66
55 66
55 66
55 53
61 64
61 64
61 64
61 64
61 64
61 64
61 64
61 64
61 64
61 64
61 64
61 64
61 64
61 64
61 64
61 64
61 64
61 64
61 64
61 64
61 64
61 64
61 64
61 64
61 64
61 64
61 64
61 64
61 64
61 64
61 64
61 64
61 64
61 64
61 64
61 64
61 64
61 64
61 64
61 64
66 59
66 59
66 59
66 59
66 59
66 59
66 59
66 59
66 59
66 59
66 59
66 59
66 59
66 59
66 59
66 59
66 59
66 59
66 59
66 59
66 59
66 59
66 59
71 57
71 57
71 57
71 57
71 57
71 57
71 57
71 57
71 57
71 57
71 57
71 57
71 57
71 57
71 57
71 57
71 57
71 57
71 57
71 57
71 57
71 57
75 57
75 57
75 57
75 57
75 57
75 57
75 57
75 57
75 57
75 57
75 57
75 57
75 57
75 57
75 57
75 57
75 57
75 57
75 57
75 57
75 57
75 57
75 57
75 57
75 57
75 57
75 57
75 57
75 57
75 57
75 57
75 57
75 57
75 57
75 57
75 57
75 57
75 57
75 57
75 57
75 57
75 57
75 57
75 57
75 57
75 57
75 57
75 57
75 57
75 57
75 57
75 57
75 57
75 57
75 57
75 57
75 57
75 57
75 57
75 57
75 57
75 57
75 57
75 57
75 57
75 57
75 57
75 57
88 46
88 46
88 46
88 46
88 46
88 46
88 46
88 46
88 46
88 46
88 46
88 46
88 46
88 46
88 46
88 46
88 46
88 46
88 46
88 46
88 46
88 46
88 46
88 46
88 46
88 46
88 46
88 46
88 46
88 46
88 46
88 46
88 46
88 46
88 46
88 46
88 46
88 46
88 46
90 42
90 42
90 42
90 42
90 42
90 42
90 42
90 42
90 42
90 42
90 42
90 42
90 42
90 42
90 42
90 42
87 35
87 35
87 35
87 35
87 35
87 35
87 35
87 35
87 35
87 35
87 35
87 35
87 35
87 35
87 35
87 35
87 35
87 35
87 35
87 35
87 35
87 35
87 35
87 35
87 35
87 35
87 35
87 35
87 35
88 39
88 39
88 39
88 39
88 39
88 39
88 39
88 39
88 39
88 39
88 39
88 39
88 39
88 39
89 36
89 36
89 36
89 36
89 36
89 36
89 36
89 36
89 36
89 36
89 36
89 36
89 36
89 36
89 36
89 36
89 36
89 36
89 36
89 36
89 36
89 36
89 36
89 36
89 36
89 36
89 36
89 36
89 36
89 36
89 36
90 27
90 27
90 27
90 27
90 27
90 27
90 27
90 27
90 27
90 27
90 27
90 27
90 27
90 27
90 27
90 27
90 27
90 27
90 27
90 27
90 27
90 27
90 27
90 27
90 27
90 27
90 27
90 27
90 27
90 27
90 27
90 27
90 27
102 12
102 12
102 12
102 12
102 12
102 12
102 12
102 12
102 12
102 12
102 12
102 12
102 12
102 12
102 12
111 12
111 12
111 12
111 12
111 12
111 12
111 12
111 12
111 12
111 12
111 12
111 12
111 12
111 12
111 12
111 12
111 12
111 12
111 12
111 12
111 12
111 12
111 12
111 12
111 12
111 12
111 12
111 12
111 12
111 12
111 12
111 12
111 12
111 12
112 8
112 8
112 8
112 8
112 8
112 8
112 8
112 8
112 8
112 8
112 8
112 8
112 8
112 8
112 8
118 4
118 4
118 4
118 4
118 4
118 4
118 4
118 4
118 4
118 4
118 4
118 4
118 4
118 4
118 4
118 4
118 4
134 -2
134 -2
134 -2
134 -2
134 -2
134 -2
134 -2
134 -2
134 -2
134 -2
134 -2
134 -2
134 -2
134 -2
134 -2
134 -2
134 -2
134 -2
134 -2
134 -2
134 -2
134 -2
134 -2
134 -2
134 -2
134 -2
134 -2
134 -2
134 -2
134 -2
134 -2
134 -2
134 -2
134 -2
126 -3
126 -3
126 -3
126 -3
126 -3
126 -3
126 -3
126 -3
126 -3
126 -3
126 -3
126 -3
126 -3
126 -3
126 -3
126 -3
126 -3
126 -3
121 -5
121 -5
121 -5
121 -5
121 -5
121 -5
121 -5
121 -5
121 -5
121 -5
121 -5
121 -5
121 -5
121 -5
121 -5
121 -5
121 -5
121 -5
121 -5
121 -5
121 -5
121 -5
121 -5
121 -5
121 -5
121 -5
121 -5
121 -5
121 -5
121 -5
121 -5
121 -5
121 -5
121 -5
121 -5
121 -5
121 -5
129 -5
129 -5
129 -5
129 -5
129 -5
129 -5
129 -5
129 -5
129 -5
129 -5
129 -5
129 -5
129 -5
129 -5
129 -5
129 -5
129 -5
129 -5
129 -5
129 -5
129 -5
129 -5
129 -5
129 -5
129 -5
129 -5
129 -5
129 -5
129 -5
129 -5
129 -5
129 -5
129 -5
129 -5
129 -5
129 -5
129 -5
117 -15
109 -26
109 -26
109 -26
109 -26
109 -26
109 -26
109 -26
109 -26
109 -26
109 -26
109 -26
109 -26
109 -26
109 -26
109 -26
109 -26
109 -26
109 -26
109 -26
109 -26
109 -26
109 -26
109 -26
109 -26
109 -26
109 -26
109 -26
109 -26
109 -26
109 -26
109 -26
109 -26
109 -26
109 -26
109 -26
109 -26
109 -26
109 -26
109 -26
109 -26
109 -26
109 -26
109 -26
109 -26
109 -26
109 -26
109 -26
109 -26
109 -26
96 -29
106 -49
106 -49
106 -49
106 -49
106 -49
106 -49
106 -49
106 -49
106 -49
106 -49
106 -49
106 -49
106 -49
106 -49
106 -49
106 -49
106 -49
106 -49
106 -49
106 -49
106 -49
106 -49
106 -49
106 -49
106 -49
106 -49
106 -49
106 -49
106 -49
106 -49
106 -49
106 -49
85 -52
85 -52
85 -52
85 -52
85 -52
85 -52
85 -52
85 -52
85 -52
85 -52
85 -52
85 -52
85 -52
85 -52
85 -52
85 -52
85 -52
85 -52
85 -52
85 -52
85 -52
85 -52
85 -52
85 -52
85 -52
85 -52
85 -52
85 -52
85 -52
85 -52
85 -52
85 -52
68 -58
68 -58
78 -67
78 -67
78 -67
78 -67
78 -67
78 -67
78 -67
78 -67
78 -67
78 -67
78 -67
78 -67
78 -67
78 -67
78 -67
78 -67
78 -67
78 -67
78 -67
78 -67
78 -67
78 -67
78 -67
78 -67
78 -67
78 -67
78 -67
78 -67
78 -67
78 -67
78 -67
78 -67
78 -67
78 -67
78 -67
78 -67
78 -67
78 -67
78 -67
78 -67
78 -67
78 -67
78 -67
78 -67
78 -67
78 -67
78 -67
78 -67
78 -67
78 -67
77 -77
67 -66
67 -66
67 -66
67 -66
67 -66
67 -66
67 -66
67 -66
67 -66
67 -66
67 -66
67 -66
67 -66
67 -66
67 -66
67 -66
68 -82
68 -82
68 -82
68 -82
68 -82
68 -82
68 -82
68 -82
68 -82
68 -82
68 -82
68 -82
68 -82
68 -82
68 -82
68 -82
68 -82
68 -82
68 -82
68 -82
68 -82
68 -82
68 -82
68 -82
68 -82
68 -82
68 -82
68 -82
68 -82
68 -82
68 -82
68 -82
68 -82
68 -82
68 -82
68 -82
68 -82
60 -79
60 -79
60 -79
60 -79
60 -79
60 -79
60 -79
60 -79
60 -79
60 -79
60 -79
60 -79
60 -79
60 -79
60 -79
60 -79
60 -79
60 -79
60 -79
60 -79
60 -79
60 -79
60 -79
60 -79
60 -79
60 -79
60 -79
60 -79
60 -79
60 -79
60 -79
60 -79
61 -88
61 -88
61 -88
61 -88
61 -88
61 -88
61 -88
61 -88
61 -88
61 -88
61 -88
61 -88
61 -88
61 -88
61 -88
61 -88
61 -88
61 -88
61 -88
61 -88
61 -88
61 -88
61 -88
61 -88
61 -88
61 -88
61 -88
61 -88
61 -88
61 -88
47 -83
47 -83
47 -83
47 -83
47 -83
47 -83
47 -83
47 -83
47 -83
47 -83
47 -83
47 -83
47 -83
47 -83
47 -83
47 -83
47 -83
47 -83
47 -83
47 -83
48 -86
24 -92
24 -92
24 -92
24 -92
24 -92
24 -92
24 -92
24 -92
24 -92
24 -92
24 -92
24 -92
24 -92
24 -92
24 -92
24 -92
24 -92
24 -92
24 -92
24 -92
24 -92
24 -92
24 -92
24 -92
24 -92
24 -92
24 -92
24 -92
24 -92
24 -92
24 -92
24 -92
24 -92
24 -92
24 -92
24 -92
33 -111
33 -111
33 -111
33 -111
33 -111
33 -111
33 -111
33 -111
33 -111
33 -111
33 -111
33 -111
33 -111
33 -111
33 -111
33 -111
33 -111
33 -111
33 -111
33 -111
33 -111
33 -111
33 -111
33 -111
33 -111
33 -111
33 -111
33 -111
33 -111
33 -111
33 -111
33 -111
33 -111
33 -111
33 -111
33 -111
33 -111
33 -111
33 -111
29 -105
29 -105
29 -105
29 -105
29 -105
29 -105
29 -105
29 -105
29 -105
29 -105
29 -105
29 -105
29 -105
29 -105
29 -105
29 -105
29 -105
29 -105
29 -105
15 -102
15 -102
15 -102
15 -102
15 -102
15 -102
15 -102
15 -102
15 -102
15 -102
15 -102
15 -102
15 -102
15 -102
15 -102
15 -102
5 -102
5 -102
5 -102
5 -102
5 -102
5 -102
5 -102
5 -102
5 -102
5 -102
5 -102
5 -102
5 -102
5 -102
5 -102
5 -102
4 -103
4 -103
4 -103
4 -103
4 -103
4 -103
4 -103
4 -103
4 -103
4 -103
4 -103
4 -103
4 -103
4 -103
4 -103
4 -103
4 -103
4 -103
4 -103
4 -103
4 -103
4 -103
4 -103
4 -103
4 -103
4 -103
4 -103
4 -103
4 -103
4 -103
4 -103
4 -103
4 -103
4 -103
4 -103
4 -103
4 -103
4 -103
4 -103
4 -103
4 -103
4 -103
4 -103
4 -103
4 -103
4 -103
1 -116
0 -112
0 -112
0 -112
0 -112
0 -112
0 -112
0 -112
0 -112
0 -112
0 -112
0 -112
0 -112
0 -112
0 -112
0 -112
0 -112
0 -112
0 -112
0 -112
0 -112
0 -112
0 -112
0 -112
0 -112
0 -112
0 -112
0 -112
0 -112
0 -112
0 -112
0 -112
0 -112
5 -116
5 -116
5 -116
5 -116
5 -116
5 -116
5 -116
5 -116
5 -116
5 -116
5 -116
5 -116
5 -116
5 -116
5 -116
5 -116
5 -116
5 -116
-4 -113
-4 -113
-4 -113
-4 -113
-4 -113
-4 -113
-4 -113
-4 -113
-4 -113
-4 -113
-4 -113
-4 -113
-4 -113
-4 -113
-4 -113
-4 -113
-4 -113
-7 -114
-7 -114
-7 -114
-7 -114
-7 -114
-7 -114
-7 -114
-7 -114
-7 -114
-7 -114
-7 -114
-7 -114
-7 -114
-7 -114
-7 -114
-7 -114
-7 -114
-7 -114
-7 -114
-7 -114
-7 -114
-7 -114
-7 -114
-7 -114
-7 -114
-7 -114
-7 -114
-7 -114
-7 -114
-7 -114
-7 -114
-7 -114
-7 -114
-7 -114
-7 -114
-7 -114
-7 -114
-7 -114
-7 -114
-7 -114
-7 -114
-7 -114
-7 -114
-7 -114
-7 -114
-7 -114
-7 -114
-7 -114
-7 -114
-12 -109
-9 -104
-9 -104
-9 -104
-9 -104
-9 -104
-9 -104
-9 -104
-9 -104
-9 -104
-9 -104
-9 -104
-9 -104
-9 -104
-9 -104
-9 -104
-9 -104
-9 -104
-9 -104
-9 -104
-9 -104
-9 -104
-9 -104
-9 -104
-9 -104
-9 -104
-9 -104
-9 -104
-9 -104
-9 -104
-9 -104
-9 -104
-9 -104
-9 -104
-9 -104
-13 -115
-13 -115
-13 -115
-13 -115
-13 -115
-13 -115
-13 -115
-13 -115
-13 -115
-13 -115
-13 -115
-13 -115
-13 -115
-13 -115
-13 -115
-13 -115
-13 -115
-13 -115
-13 -115
-13 -115
-13 -115
-13 -115
-13 -115
-13 -115
-13 -115
-13 -115
-13 -115
-13 -115
-13 -115
-13 -115
-13 -115
-13 -115
-13 -115
-13 -115
-15 -99
-15 -99
-15 -99
-15 -99
-15 -99
-15 -99
-15 -99
-15 -99
-15 -99
-15 -99
-15 -99
-15 -99
-15 -99
-15 -99
-15 -99
-15 -99
-15 -99
-15 -99
-15 -99
-15 -99
-15 -99
-15 -99
-15 -99
-15 -99
-15 -99
-15 -99
-15 -99
-15 -99
-15 -99
-15 -99
-15 -99
-15 -99
-15 -99
-15 -99
-15 -99
-15 -99
-15 -99
-30 -105
-30 -105
-30 -105
-30 -105
-30 -105
-30 -105
-30 -105
-30 -105
-30 -105
-30 -105
-30 -105
-30 -105
-30 -105
-30 -105
-30 -105
-30 -105
-30 -105
-30 -105
-30 -105
-30 -105
-30 -105
-30 -105
-30 -105
-30 -105
-30 -105
-30 -105
-30 -105
-30 -105
-30 -105
-30 -105
-30 -105
-30 -105
-30 -105
-30 -105
-30 -105
-30 -105
-30 -105
-30 -105
-30 -105
-30 -105
-30 -105
-30 -105
-30 -105
-30 -105
-30 -105
-30 -105
-30 -105
-30 -105
-30 -105
-30 -105
-30 -105
-30 -105
-30 -105
-30 -105
-30 -105
-30 -105
-30 -105
-30 -105
-30 -105
-35 -97
-35 -97
-35 -97
-35 -97
-35 -97
-35 -97
-35 -97
-35 -97
-35 -97
-35 -97
-35 -97
-35 -97
-35 -97
-35 -97
-35 -97
-35 -97
-47 -94
-47 -94
-47 -94
-47 -94
-47 -94
-47 -94
-47 -94
-47 -94
-47 -94
-47 -94
-47 -94
-47 -94
-47 -94
-47 -94
-47 -94
-47 -94
-47 -94
-47 -94
-47 -94
-47 -94
-47 -94
-47 -94
-47 -94
-47 -94
-47 -94
-47 -94
-47 -94
-47 -94
-47 -94
-47 -94
-47 -94
-47 -94
-47 -94
-54 -91
-67 -91
-67 -91
-67 -91
-67 -91
-67 -91
-67 -91
-67 -91
-67 -91
-67 -91
-67 -91
-67 -91
-67 -91
-67 -91
-67 -91
-67 -91
-67 -91
-67 -91
-67 -91
-67 -91
-67 -91
-67 -91
-67 -91
-67 -91
-67 -91
-67 -91
-67 -91
-67 -91
-67 -91
-67 -91
-67 -91
-67 -91
-67 -91
-67 -91
-67 -91
-67 -91
-67 -91
-70 -86
-70 -86
-70 -86
-70 -86
-70 -86
-70 -86
-70 -86
-70 -86
-70 -86
-70 -86
-70 -86
-70 -86
-70 -86
-70 -86
-70 -86
-74 -88
-74 -88
-74 -88
-74 -88
-74 -88
-74 -88
-74 -88
-74 -88
-74 -88
-74 -88
-74 -88
-74 -88
-74 -88
-74 -88
-74 -88
-74 -88
-74 -88
-74 -88
-74 -88
-74 -88
-74 -88
-74 -88
-74 -88
-74 -88
-74 -88
-74 -88
-74 -88
-74 -88
-74 -88
-74 -88
-74 -88
-74 -88
-74 -88
-74 -88
-74 -88
-85 -87
-85 -87
-85 -87
-85 -87
-85 -87
-85 -87
-85 -87
-85 -87
-85 -87
-85 -87
-85 -87
-85 -87
-85 -87
-85 -87
-85 -87
-85 -87
-81 -80
-81 -80
-81 -80
-81 -80
-81 -80
-81 -80
-81 -80
-81 -80
-81 -80
-81 -80
-81 -80
-81 -80
-81 -80
-81 -80
-81 -80
-81 -80
-88 -69
-88 -69
-88 -69
-88 -69
-88 -69
-88 -69
-88 -69
-88 -69
-88 -69
-88 -69
-88 -69
-88 -69
-88 -69
-88 -69
-88 -69
-88 -69
-88 -69
-88 -69
-88 -69
-88 -69
-88 -69
-88 -69
-88 -69
-88 -69
-88 -69
-88 -69
-88 -69
-88 -69
-88 -69
-88 -69
-88 -69
-88 -69
-88 -69
-88 -69
-88 -69
-88 -69
-88 -69
-97 -68
-97 -68
-97 -68
-97 -68
-97 -68
-97 -68
-97 -68
-97 -68
-97 -68
-97 -68
-97 -68
-97 -68
-97 -68
-97 -68
-97 -68
-97 -68
-97 -68
-97 -68
-97 -68
-97 -68
-97 -68
-97 -68
-97 -68
-97 -68
-97 -68
-97 -68
-97 -68
-97 -68
-97 -68
-97 -58
-97 -58
-97 -58
-97 -58
-97 -58
-97 -58
-97 -58
-97 -58
-97 -58
-97 -58
-97 -58
-97 -58
-97 -58
-97 -58
-97 -58
-97 -58
-97 -58
-97 -58
-97 -58
-97 -58
-97 -58
-97 -58
-97 -58
-97 -58
-97 -58
-97 -58
-97 -58
-97 -58
-97 -58
-97 -58
-100 -49
-107 -46
-107 -46
-107 -46
-107 -46
-107 -46
-107 -46
-107 -46
-107 -46
-107 -46
-107 -46
-107 -46
-107 -46
-107 -46
-107 -46
-107 -46
-107 -46
-107 -46
-107 -46
-107 -46
-107 -46
-107 -46
-107 -46
-107 -46
-107 -46
-107 -46
-107 -46
-107 -46
-107 -46
-107 -46
-107 -46
-107 -46
-107 -46
-115 -30
-115 -30
-115 -30
-115 -30
-115 -30
-115 -30
-115 -30
-115 -30
-115 -30
-115 -30
-115 -30
-115 -30
-115 -30
-115 -30
-115 -30
-115 -30
-115 -19
-115 -19
-115 -19
-115 -19
-115 -19
-115 -19
-115 -19
-115 -19
-115 -19
-115 -19
-115 -19
-115 -19
-115 -19
-115 -19
-115 -19
-115 -19
-116 -20
-116 -20
-116 -20
-116 -20
-116 -20
-116 -20
-116 -20
-116 -20
-116 -20
-116 -20
-116 -20
-116 -20
-116 -20
-116 -20
-116 -20
-116 -20
-116 -20
-116 -20
-116 -20
-116 -20
-116 -20
-116 -20
-116 -20
-116 -20
-116 -20
-116 -20
-116 -20
-116 -20
-116 -20
-116 -20
-116 -20
-116 -20
-116 -20
-116 -20
-116 -20
-116 -20
-116 -20
-116 -20
-116 -20
-116 -20
-116 -20
-116 -20
-116 -20
-116 -20
-116 -20
-116 -20
-116 -20
-116 -20
-116 -20
-116 -20
-107 -14
-107 -17
-107 -17
-107 -17
-107 -17
-107 -17
-107 -17
-107 -17
-107 -17
-107 -17
-107 -17
-107 -17
-107 -17
-107 -17
-107 -17
-107 -17
-107 -17
-107 -17
-100 -17
-100 -17
-100 -17
-100 -17
-100 -17
-100 -17
-100 -17
-100 -17
-100 -17
-100 -17
-100 -17
-100 -17
-100 -17
-100 -17
-100 -17
-100 -17
-100 -17
-100 -17
-100 -17
-100 -17
-100 -17
-100 -17
-100 -17
-100 -17
-100 -17
-100 -17
-100 -17
-100 -17
-100 -17
-100 -17
-100 -17
-100 -17
-100 -17
-100 -17
-100 -17
-109 -7
-109 -7
-109 -7
-109 -7
-109 -7
-109 -7
-109 -7
-109 -7
-109 -7
-109 -7
-109 -7
-109 -7
-109 -7
-109 -7
-109 -7
-101 -2
-101 -2
-101 -2
-101 -2
-101 -2
-101 -2
-101 -2
-101 -2
-101 -2
-101 -2
-101 -2
-101 -2
-101 -2
-101 -2
-101 -2
-101 -2
-101 -2
-101 -2
-101 -2
-101 -2
-101 -2
-101 -2
-101 -2
-101 -2
-101 -2
-101 -2
-101 -2
-101 -2
-101 -2
-101 -2
-101 -2
-101 -2
-101 -2
-101 -2
-101 -2
-101 -2
-114 4
-114 4
-114 4
-114 4
-114 4
-114 4
-114 4
-114 4
-114 4
-114 4
-114 4
-114 4
-114 4
-114 4
-114 4
-114 4
-114 4
-114 4
-114 4
-114 4
-114 4
-114 4
-114 4
-114 4
-114 4
-114 4
-114 4
-114 4
-114 4
-100 3
-100 3
-100 3
-100 3
-100 3
-100 3
-100 3
-100 3
-100 3
-100 3
-100 3
-100 3
-100 3
-100 3
-100 3
-100 3
-100 3
-100 3
-100 3
-100 3
-100 3
-100 3
-100 3
-100 3
-100 3
-100 3
-100 3
-100 3
-100 3
-100 3
-100 3
-100 3
-100 3
-100 3
-91 4
-94 11
-94 11
-94 11
-94 11
-94 11
-94 11
-94 11
-94 11
-94 11
-94 11
-94 11
-94 11
-94 11
-94 11
-94 11
-94 11
-94 11
-94 11
-94 11
-94 11
-94 11
-94 11
-94 11
-94 11
-94 11
-94 11
-94 11
-94 11
-84 13
-93 19
-93 19
-93 19
-93 19
-93 19
-93 19
-93 19
-93 19
-93 19
-93 19
-93 19
-93 19
-93 19
-93 19
-93 19
-93 19
-93 19
-93 19
-93 19
-93 19
-93 19
-93 19
-93 19
-93 19
-93 19
-93 19
-93 19
-93 19
-93 19
-94 24
-94 24
-94 24
-94 24
-94 24
-94 24
-94 24
-94 24
-94 24
-94 24
-94 24
-94 24
-94 24
-94 24
-94 24
-94 24
-94 24
-94 24
-94 24
-94 24
-94 24
-94 24
-94 24
-94 24
-94 24
-94 24
-94 24
-75 38
-75 38
-75 38
-75 38
-75 38
-75 38
-75 38
-75 38
-75 38
-75 38
-75 38
-75 38
-75 38
-75 38
-75 38
-75 38
-75 38
-75 38
-75 38
-75 38
-75 38
-75 38
-75 38
-75 38
-75 38
-75 38
-75 38
-75 38
-75 38
-75 38
-75 38
-75 38
-75 38
-75 38
-75 38
-83 44
-80 44
-80 44
-80 44
-80 44
-80 44
-80 44
-80 44
-80 44
-80 44
-80 44
-80 44
-80 44
-80 44
-80 44
-80 44
-80 44
-88 58
-88 58
-88 58
-88 58
-88 58
-88 58
-88 58
-88 58
-88 58
-88 58
-88 58
-88 58
-88 58
-88 58
-88 58
-88 58
-88 58
-88 58
-88 58
-88 58
-88 58
-88 58
-88 58
-88 58
-88 58
-88 58
-88 58
-88 58
-88 58
-88 58
-88 58
-88 58
-88 58
-88 58
-88 58
-94 53
-94 53
-94 53
-94 53
-94 53
-94 53
-94 53
-94 53
-94 53
-94 53
-94 53
-94 53
-94 53
-94 53
-94 53
-94 53
-94 53
-94 53
-94 53
-94 53
-94 53
-94 53
-94 53
-94 53
-94 53
-94 53
-94 53
-94 53
-94 53
-94 53
-94 53
-94 53
-94 53
-83 49
-83 49
-83 49
-83 49
-83 49
-83 49
-83 49
-83 49
-83 49
-83 49
-83 49
-83 49
-83 49
-83 49
-83 49
-83 49
-83 49
-83 49
-83 49
-83 49
-83 49
-83 49
-83 49
-83 49
-83 49
-83 49
-83 49
-83 49
-83 49
-83 49
-83 49
-97 64
-84 66
-84 66
-84 66
-84 66
-84 66
-84 66
-84 66
-84 66
-84 66
-84 66
-84 66
-84 66
-84 66
-84 66
-84 66
-84 66
-84 66
-84 66
-84 66
-84 66
-84 66
-84 66
-84 66
-84 66
-84 66
-84 66
-84 66
-84 66
-84 66
-84 66
-84 66
-84 66
-84 66
-84 66
-84 66
-84 66
-84 66
-84 66
-84 66
-84 66
-84 66
-84 66
-84 66
-84 66
-84 66
-84 66
-84 66
-84 66
-79 64
-68 51
-68 51
-68 51
-68 51
-68 51
-68 51
-68 51
-68 51
-68 51
-68 51
-68 51
-68 51
-68 51
-68 51
-68 51
-68 51
-68 51
-55 44
-55 44
-55 44
-55 44
-55 44
-55 44
-55 44
-55 44
-55 44
-55 44
-55 44
-55 44
-55 44
-55 44
-55 44
-55 44
-55 44
-55 44
-55 44
-55 44
-55 44
-55 44
-55 44
-55 44
-55 44
-55 44
-55 44
-55 44
-55 44
-55 44
-55 44
-55 44
-55 44
-46 44
-46 44
-46 44
-46 44
-46 44
-46 44
-46 44
-46 44
-46 44
-46 44
-46 44
-46 44
-46 44
-46 44
-46 44
-46 44
-46 44
-46 44
-46 44
-46 44
-46 44
-46 44
-46 44
-46 44
-46 44
-46 44
-46 44
-46 44
-46 44
-46 44
-46 44
-31 38
-21 31
-21 31
-21 31
-21 31
-21 31
-21 31
-21 31
-21 31
-21 31
-21 31
-21 31
-21 31
-21 31
-21 31
-21 31
-21 31
-21 31
-21 31
-21 31
-21 31
-21 31
-21 31
-21 31
-21 31
-21 31
-21 31
-21 31
-21 31
-21 31
-21 31
-21 31
-21 31
-6 22
-6 22
-6 22
-6 22
-6 22
-6 22
-6 22
-6 22
-6 22
-6 22
-6 22
-6 22
-6 22
-6 22
-6 22
-6 22
-6 22
-1 11
-1 11
-1 11
-1 11
-1 11
-1 11
-1 11
-1 11
-1 11
-1 11
-1 11
-1 11
-1 11
-1 11
-1 11
-1 11
-1 11
-1 11
-1 11
3 4
3 4
3 4
3 4
3 4
3 4
3 4
3 4
3 4
3 4
3 4
3 4
3 4
3 4
3 4
3 4
3 4
3 4
3 4
3 4
3 4
3 4
3 4
3 4
3 4
3 4
3 4
3 4
3 4
3 4
3 4
3 4
3 4
3 4
3 4
3 4
3 4
3 4
3 4
3 4
3 4
3 4
3 4
3 4
3 4
3 4
3 4
3 4
3 4
3 4
3 4
3 4
3 4
3 4
3 4
3 4
3 4
3 4
3 4
3 4
3 4
3 4
3 4
3 4
3 4
3 4
3 4
3 4
3 4
3 4
3 4
3 4
3 4
3 4
3 4
3 4
3 4
3 4
3 4
3 4
3 4
3 4
3 4
3 4
3 4
3 4
3 4
3 4
3 4
0 1
0 1
0 1
0 1
0 1
0 1
0 1
0 1
0 1
0 1
0 1
0 1
0 1
0 1
0 1
0 1
0 1
0 1
0 1
0 1
0 1
0 1
0 1
0 1
0 1
0 1
0 1
0 1
0 1
0 1
0 1
0 1
0 1
0 1
0 1
0 1
0 1
0 1
0 1
0 1
0 1
0 1
0 1
0 1
0 1
0 1
0 1
0 1
0 1
0 1
0 1
0 1
0 1
0 1
0 1
0 1
0 1
0 1
0 1
0 1
0 1
0 1
0 1
0 1
0 1
0 1
0 1
0 1
0 1
0 1
0 1
0 1
0 1
0 1
0 1
0 1
0 1
0 1
0 1
0 1
0 1
0 1
0 1
0 1
0 1
0 1
0 1
0 1
0 1
0 1
0 1
0 1
0 1
0 1
0 1
0 1
0 1
0 1
0 1
0 1
0 1
0 1
0 1
0 1
0 1
0 1
15 -3
15 -3
15 -3
15 -3
15 -3
15 -3
15 -3
15 -3
15 -3
15 -3
15 -3
15 -3
15 -3
15 -3
15 -3
15 -3
15 -3
15 -3
15 -3
15 -3
15 -3
15 -3
15 -3
15 -3
15 -3
15 -3
15 -3
15 -3
15 -3
15 -3
15 -3
15 -3
15 -3
15 -3
15 -3
15 -3
15 -3
13 -2
13 -2
13 -2
13 -2
13 -2
13 -2
13 -2
13 -2
13 -2
13 -2
13 -2
13 -2
13 -2
13 -2
13 -2
3 0
3 0
3 0
3 0
3 0
3 0
3 0
3 0
3 0
3 0
3 0
3 0
3 0
3 0
3 0
3 0
3 0
3 0
3 0
3 0
3 0
3 0
3 0
3 0
3 0
3 0
3 0
2 0
2 0
2 0
2 0
2 0
2 0
2 0
2 0
2 0
2 0
2 0
2 0
2 0
2 0
2 0
2 0
2 0
2 0
2 0
2 0
2 0
2 0
2 0
2 0
2 0
2 0
2 0
2 0
2 0
2 0
2 0
2 0
2 0
2 0
2 0
-4 0
-4 0
-4 0
-4 0
-4 0
-4 0
-4 0
-4 0
-4 0
-4 0
-4 0
-4 0
-4 0
-4 0
-4 0
-4 0
-4 0
-4 0
-4 0
-4 0
-4 0
-4 0
-4 0
-4 0
-4 0
-4 0
-4 0
-4 0
-4 0
-4 0
-4 0
-4 0
-4 0
-4 0
-4 0
-4 0
-4 0
-4 0
-4 0
-4 0
-4 0
-4 0
-4 0
-4 0
-4 0
-4 0
-4 0
-4 0
-4 0
-4 0
-4 0
-4 0
-4 0
-4 0
-4 0
-4 0
-4 0
-4 0
-4 0
-4 0
-4 0
-4 0
-4 0
-4 0
-4 0
-4 0
-4 0
-4 0
-4 0
-4 0
-4 0
-4 0
-4 0
-4 0
-4 0
-4 0
-4 0
-4 0
-4 0
-4 0
-4 0
-4 0
-4 0
-4 0
-4 0
-4 0
-4 0
-4 0
-4 0
-4 0
-4 0
-4 0
-4 0
-4 0
-4 0
-4 0
-4 0
-4 0
-4 0
-4 0
-4 0
-4 0
-4 0
-4 0
-4 0
-4 0
-4 0
-4 0
-4 0
-4 0
-4 0
-4 0
-4 0
-4 0
-4 0
-4 0
-4 0
-4 0
-4 0
-4 0
-4 0
-4 0
-4 0
-4 0
-4 0
-4 0
-4 0
-4 0
-4 0
-4 0
-4 0
-4 0
-4 0
-4 0
-4 0
-4 0
-4 0
-4 0
-4 0
-4 0
-4 0
-4 0
-4 0
-4 0
-4 0
-4 0
-4 0
-4 0
-4 0
-4 0
-4 0
-4 0
-4 0
-4 0
-4 0
-4 0
-4 0
-4 0
-4 0
-4 0
-4 0
-4 0
-4 0
-4 0
-4 0
-4 0
-4 0
-4 0
-4 0
-4 0
-4 0
-4 0
-4 0
-4 0
-4 0
-4 0
-4 0
-4 0
-4 0
-4 0
-4 0
-4 0
-4 0
-4 0
-4 0
-4 0
-4 0
-4 0
-4 0
-4 0
-4 0
-4 0
-4 0
-4 0
-4 0
-4 0
-4 0
-4 0
-4 0
-4 0
-4 0
-4 0
-4 0
-4 0
-4 0
-4 0
-4 0
-4 0
-4 0
-4 0
-4 0
-4 0
-4 0
-4 0
-4 0
-4 0
-4 0
-4 0
-4 0
-4 0
-4 0
-4 0
-4 0
-4 0
-4 0
-4 0
-4 0
-4 0
-4 0
-4 0
-4 0
-4 0
-4 0
-4 0
-4 0
-4 0
-4 0
-4 0
-4 0
-4 0
-4 0
-4 0
-4 0
-4 0
-4 0
-4 0
-4 0
-4 0
-4 0
-4 0
-4 0
-4 0
-4 0
-4 0
-4 0
-4 0
-4 0
-4 0
-4 0
-4 0
-4 0
-4 0
-4 0
-4 0
-4 0
-4 0
-4 0
-4 0
-4 0
-4 0
-4 0
-4 0
-4 0
-4 0
-4 0
-4 0
-4 0
-4 0
-4 0
-4 0
-4 0
-4 0
-4 0
-4 0
-4 0
-4 0
-4 0
-4 0
-4 0
-4 0
-4 0
-4 0
-4 0
-4 0
-4 0
-4 0
-4 0
-4 0
-4 0
-4 0
-4 0
-4 0
-4 0
-4 0
-4 0
-4 0
-4 0
-4 0
-4 0
-4 0
-4 0
-4 0
-4 0
-4 0
-4 0
-4 0
-4 0
-4 0
-4 0
-4 0
-4 0
-4 0
-4 0
-4 0
-4 0
-4 0
-4 0
-4 0
-4 0
-4 0
-4 0
-4 0
-4 0
-4 0
-4 0
-4 0
-4 0
-4 0
-4 0
-4 0
-4 0
-4 0
-4 0
-4 0
-4 0
-4 0
-4 0
-4 0
-4 0
-4 0
-4 0
-4 0
-4 0
-4 0
-4 0
-4 0
-4 0
-4 0
-4 0
-4 0
-4 0
-4 0
-4 0
-4 0
-4 0
-4 0
-4 0
-4 0
-4 0
-4 0
-4 0
-4 0
-4 0
-4 0
-4 0
-4 0
-4 0
-4 0
-4 0
-4 0
-4 0
-4 0
-4 0
-4 0
-4 0
-4 0
-4 0
-4 0
-4 0
-4 0
-4 0
-4 0
-4 0
-4 0
-4 0
-4 0
-4 0
-4 0
-4 0
-4 0
-4 0
-4 0
-4 0
-4 0
-4 0
-4 0
-4 0
-4 0
-4 0
-4 0
-4 0
-4 0
-4 0
-4 0
-4 0
-4 0
-4 0
-4 0
-4 0
-4 0
-4 0
-4 0
-4 0
-4 0
-4 0
-4 0
-4 0
-4 0
-4 0
-4 0
-4 0
-4 0
-4 0
-4 0
-4 0
-4 0
-4 0
-4 0
-4 0
-4 0
-4 0
-4 0
-4 0
-4 0
-4 0
-4 0
-4 0
-4 0
-4 0
-4 0
-4 0
-4 0
-4 0
-4 0
-4 0
-4 0
-4 0
-4 0
-4 0
-4 0
-4 0
-4 0
-4 0
-4 0
-4 0
-4 0
-4 0
-4 0
-4 0
-4 0
0 1
0 1
0 1
0 1
0 1
0 1
0 1
0 1
0 1
0 1
0 1
0 1
0 1
0 1
0 1
0 1
0 1
0 1
0 1
0 1
0 1
0 1
0 1
0 1
0 1
0 1
0 1
0 1
0 1
0 1
0 1
0 1
0 1
0 1
0 1
0 1
0 1
0 1
0 1
0 1
0 1
0 1
0 1
0 1
0 1
0 1
0 1
0 1
0 1
0 1
0 1
0 1
0 1
0 1
0 1
0 1
0 1
0 1
0 1
0 1
0 1
0 1
0 1
0 1
0 1
0 1
0 1
0 1
0 1
0 1
0 1
0 1
0 1
0 1
0 1
0 1
0 1
0 1
0 1
0 1
0 1
0 1
0 1
0 1
0 1
0 1
0 1
0 1
0 1
0 1
0 1
0 1
0 1
0 1
0 1
0 1
0 1
0 1
0 1
0 1
0 1
0 1
0 1
0 1
0 1
0 1
0 1
0 1
0 1
0 1
0 1
0 1
0 1
0 1
0 1
0 1
0 1
0 1
0 1
0 1
0 1
0 1
0 1
0 1
0 1
0 1
0 1
0 1
0 1
0 1
0 1
0 1
0 1
0 1
0 1
0 1
0 1
0 1
0 1
0 1
0 1
0 1
0 1
0 1
0 1
0 1
0 1
0 1
0 1
0 1
0 1
0 1
0 1
0 1
0 1
0 1
0 1
0 1
0 1
0 1
0 1
0 1
0 1
0 1
0 1
0 1
0 1
0 1
0 1
0 1
0 1
0 1
0 1
0 1
0 1
0 1
0 1
0 1
0 1
0 1
0 1
0 1
0 1
0 1
0 1
0 1
0 1
0 1
0 1
0 1
0 1
0 1
0 1
0 1
0 1
0 1
0 1
0 1
0 1
0 1
0 1
0 1
0 1
0 1
0 1
0 1
0 1
0 1
0 1
0 1
0 1
0 1
0 1
0 1
0 1
0 1
0 1
0 1
0 1
0 1
0 1
0 1
0 1
0 1
0 1
0 1
0 1
0 1
0 1
0 1
0 1
0 1
0 1
0 1
0 1
0 1
0 1
0 1
0 1
0 1
0 1
0 1
0 1
0 1
0 1
0 1
0 1
0 1
0 1
0 1
0 1
0 1
0 1
0 1
0 1
0 1
0 1
0 1
0 1
0 1
0 1
0 1
0 1
0 1
0 1
0 1
0 1
0 1
0 1
0 1
0 1
0 1
0 1
0 1
0 1
0 1
0 1
0 1
0 1
0 1
0 1
0 1
0 1
0 1
0 1
0 1
0 1
0 1
0 1
0 1
0 1
0 1
0 1
0 1
0 1
0 1
0 1
0 1
0 1
0 1
0 1
0 1
0 1
0 1
0 1
0 1
0 1
0 1
0 1
0 1
0 1
0 1
0 1
0 1
0 1
0 1
0 1
0 1
0 1
0 1
0 1
0 1
0 1
0 1
0 1
0 1
0 1
0 1
0 1
0 1
0 1
0 1
0 1
0 1
0 1
0 1
0 1
0 1
0 1
0 1
0 1
0 1
0 1
0 1
0 1
0 1
0 1
