0 -39
-1 -43
-5 -42
-3 -45
-4 -36
-3 -37
-5 -40
-5 -40
-5 -40
-5 -40
-5 -40
-5 -40
-5 -40
-4 -32
-4 -32
-5 -36
-5 -36
-5 -36
-5 -36
-5 -36
-5 -36
-5 -36
-5 -36
-5 -36
-5 -36
-5 -36
-5 -36
-5 -36
-5 -36
-5 -36
-5 -36
-5 -36
-5 -36
-5 -36
-5 -36
-5 -36
-5 -36
-5 -36
-5 -36
-5 -36
-5 -36
-5 -36
-5 -36
-5 -36
-5 -36
-5 -36
-10 -38
-10 -38
-10 -38
-10 -38
-10 -38
-10 -38
-10 -38
-10 -38
-10 -38
-10 -38
-10 -38
-10 -38
-10 -38
-10 -38
-10 -38
-10 -38
-10 -38
-10 -38
-6 -33
-6 -33
-6 -33
-6 -33
-6 -33
-6 -33
-6 -33
-6 -33
-6 -33
-6 -33
-6 -33
-6 -33
-6 -33
-6 -33
-6 -33
-6 -33
-6 -33
-6 -33
-6 -33
-6 -33
-6 -33
-6 -33
-6 -33
-6 -33
-6 -33
-6 -33
-6 -33
-6 -33
-6 -33
-6 -33
-6 -33
-6 -33
-6 -33
-6 -33
-6 -33
-6 -33
-7 -28
-7 -28
-7 -28
-7 -28
-7 -28
-7 -28
-7 -28
-7 -28
-7 -28
-7 -28
-7 -28
-7 -28
-7 -28
-7 -28
-7 -28
-7 -28
-7 -28
-7 -28
-7 -28
-7 -28
-7 -28
-7 -28
-7 -28
-7 -28
-7 -28
-7 -28
-7 -28
-7 -28
-7 -28
-7 -28
-7 -28
-7 -28
-7 -28
-7 -28
-7 -28
-7 -28
-7 -28
-7 -28
-7 -28
-7 -28
-7 -28
-7 -28
-7 -28
-7 -28
-7 -28
-7 -28
-7 -28
-7 -38
-7 -38
-7 -38
-7 -38
-7 -38
-7 -38
-7 -38
-7 -38
-7 -38
-7 -38
-7 -38
-7 -38
-7 -38
-7 -38
-7 -38
-7 -38
-7 -38
-7 -38
-7 -38
-7 -38
-7 -38
-7 -38
-7 -38
-7 -38
-7 -38
-7 -38
-7 -38
-7 -38
-7 -38
-7 -38
-7 -38
-7 -38
-7 -38
-7 -38
-7 -38
-7 -38
-10 -37
-10 -37
-10 -37
-10 -37
-10 -37
-10 -37
-10 -37
-10 -37
-10 -37
-10 -37
-10 -37
-10 -37
-10 -37
-10 -37
-10 -37
-10 -37
-10 -37
-10 -37
-10 -37
-10 -37
-10 -37
-10 -37
-10 -37
-10 -37
-10 -37
-10 -37
-10 -37
-10 -37
-10 -37
-10 -37
-10 -37
-10 -37
-10 -37
-10 -37
-10 -37
-10 -37
-10 -37
-10 -37
-10 -37
-11 -33
-18 -41
-18 -41
-18 -41
-18 -41
-18 -41
-18 -41
-18 -41
-18 -41
-18 -41
-18 -41
-18 -41
-18 -41
-18 -41
-18 -41
-18 -41
-18 -41
-18 -41
-18 -41
-18 -41
-18 -41
-18 -41
-18 -41
-18 -41
-18 -41
-18 -41
-18 -41
-18 -41
-18 -41
-18 -41
-18 -41
-18 -41
-18 -41
-18 -41
-18 -41
-18 -41
-18 -41
-18 -41
-18 -41
-18 -41
-18 -41
-18 -41
-18 -41
-18 -41
-18 -41
-18 -41
-18 -41
-18 -41
-18 -41
-18 -41
-18 -41
-18 -41
-18 -41
-18 -41
-18 -41
-18 -41
-18 -41
-18 -41
-18 -41
-18 -41
-18 -41
-18 -41
-18 -41
-18 -41
-18 -41
-18 -41
-18 -41
-18 -41
-18 -41
-18 -41
-18 -41
-18 -41
-18 -41
-18 -41
-18 -41
-18 -41
-18 -41
-18 -41
-18 -41
-18 -41
-18 -41
-18 -41
-18 -41
-18 -41
-18 -41
-18 -41
-18 -41
-18 -41
-18 -41
-18 -41
-18 -41
-18 -41
-18 -41
-18 -41
-18 -41
-18 -41
-18 -41
-18 -41
-18 -41
-18 -41
-18 -41
-18 -41
-18 -41
-18 -41
-18 -41
-18 -41
-18 -41
-18 -41
-18 -41
-18 -41
-18 -41
-18 -41
-18 -41
-18 -41
-18 -41
-18 -41
-18 -41
-18 -41
-18 -41
-18 -41
-18 -41
-18 -41
-18 -41
-18 -41
-16 -38
-11 -30
-11 -30
-12 -34
-12 -34
-12 -34
-12 -34
-12 -34
-12 -34
-12 -34
-12 -34
-12 -34
-12 -34
-12 -34
-12 -34
-12 -34
-12 -34
-12 -34
-12 -34
-12 -34
-12 -34
-12 -34
-12 -34
-12 -34
-12 -34
-12 -34
-12 -34
-12 -34
-12 -34
-12 -34
-12 -34
-12 -34
-12 -34
-12 -34
-12 -34
-21 -34
-21 -34
-17 -41
-17 -41
-17 -41
-17 -41
-17 -41
-17 -41
-17 -41
-17 -41
-17 -41
-17 -41
-17 -41
-17 -41
-17 -41
-17 -41
-17 -41
-17 -41
-17 -41
-17 -41
-17 -41
-17 -41
-17 -41
-17 -41
-17 -41
-17 -41
-17 -41
-17 -41
-17 -41
-17 -41
-17 -41
-17 -41
-17 -41
-17 -41
-17 -41
-17 -41
-17 -41
-17 -41
-17 -41
-17 -41
-17 -41
-17 -41
-17 -41
-17 -41
-17 -41
-17 -41
-17 -41
-17 -41
-17 -41
-17 -41
-26 -38
-26 -38
-22 -34
-22 -34
-22 -34
-22 -34
-22 -34
-22 -34
-22 -34
-22 -34
-22 -34
-22 -34
-22 -34
-22 -34
-22 -34
-22 -34
-22 -34
-22 -34
-22 -34
-22 -34
-22 -34
-22 -34
-22 -34
-22 -34
-22 -34
-22 -34
-22 -34
-22 -34
-27 -34
-27 -34
-27 -34
-27 -34
-27 -34
-27 -34
-27 -34
-27 -34
-27 -34
-27 -34
-27 -34
-27 -34
-27 -34
-27 -34
-27 -34
-27 -34
-27 -34
-27 -34
-27 -34
-27 -34
-27 -34
-27 -34
-27 -34
-27 -34
-27 -34
-27 -34
-27 -34
-27 -34
-27 -34
-27 -34
-27 -34
-27 -34
-27 -34
-27 -34
-27 -34
-27 -34
-27 -34
-27 -34
-27 -34
-27 -34
-27 -34
-22 -29
-22 -29
-22 -29
-22 -29
-22 -29
-22 -29
-22 -29
-22 -29
-22 -29
-22 -29
-22 -29
-22 -29
-22 -29
-22 -29
-22 -29
-22 -29
-22 -29
-22 -29
-22 -29
-22 -29
-25 -28
-25 -28
-25 -28
-25 -28
-25 -28
-25 -28
-25 -28
-25 -28
-25 -28
-25 -28
-25 -28
-25 -28
-25 -28
-25 -28
-25 -28
-25 -28
-25 -28
-28 -30
-28 -30
-28 -30
-28 -30
-28 -30
-28 -30
-28 -30
-28 -30
-28 -30
-28 -30
-28 -30
-28 -30
-28 -30
-28 -30
-28 -30
-28 -30
-28 -30
-28 -30
-28 -30
-28 -30
-28 -30
-28 -30
-28 -30
-28 -30
-28 -30
-28 -30
-28 -30
-28 -30
-28 -30
-28 -30
-28 -30
-28 -30
-28 -30
-28 -30
-28 -30
-28 -30
-28 -30
-28 -30
-28 -30
-28 -30
-28 -30
-36 -24
-36 -24
-36 -24
-36 -24
-36 -24
-36 -24
-36 -24
-36 -24
-36 -24
-36 -24
-36 -24
-36 -24
-36 -24
-36 -24
-36 -24
-36 -24
-36 -24
-36 -24
-36 -24
-36 -24
-36 -24
-36 -24
-36 -24
-36 -24
-36 -24
-36 -24
-36 -24
-36 -24
-36 -24
-36 -24
-36 -24
-36 -24
-36 -24
-36 -24
-36 -24
-36 -24
-36 -24
-36 -24
-36 -24
-36 -24
-36 -24
-36 -24
-36 -24
-42 -24
-41 -17
-41 -17
-41 -17
-41 -17
-41 -17
-41 -17
-41 -17
-41 -17
-41 -17
-41 -17
-41 -17
-41 -17
-41 -17
-41 -17
-41 -17
-41 -17
-41 -17
-41 -17
-41 -17
-41 -17
-41 -17
-41 -17
-41 -17
-41 -17
-41 -17
-41 -17
-41 -17
-41 -17
-41 -17
-41 -17
-41 -17
-41 -17
-41 -17
-41 -17
-41 -17
-41 -17
-41 -17
-41 -17
-41 -17
-41 -17
-41 -17
-41 -17
-43 -12
-43 -12
-43 -12
-43 -12
-43 -12
-43 -12
-43 -12
-43 -12
-43 -12
-43 -12
-43 -12
-43 -12
-43 -12
-43 -12
-43 -12
-43 -12
-43 -12
-43 -12
-43 -12
-44 -14
-44 -14
-44 -14
-44 -14
-44 -14
-44 -14
-44 -14
-44 -14
-44 -14
-44 -14
-42 -10
-42 -10
-42 -10
-42 -10
-42 -10
-42 -10
-42 -10
-42 -10
-42 -10
-42 -10
-42 -10
-42 -10
-42 -10
-42 -10
-42 -10
-42 -10
-42 -10
-42 -10
-42 -10
-42 -10
-42 -10
-42 -10
-42 -10
-42 -10
-42 -10
-42 -10
-42 -10
-42 -10
-42 -10
-42 -10
-42 -10
-42 -10
-42 -10
-42 -10
-42 -10
-42 -10
-42 -10
-42 -10
-42 -10
-42 -10
-42 -10
-42 -10
-42 -10
-42 -10
-42 -10
-42 -10
-42 -10
-42 -10
-42 -10
-42 -10
-42 -10
-42 -10
-42 -10
-42 -10
-42 -10
-42 -10
-40 -6
-40 -6
-45 -6
-45 -6
-45 -6
-45 -6
-45 -6
-45 -6
-45 -6
-45 -6
-45 -6
-46 -4
-46 -4
-46 -4
-46 -4
-46 -4
-46 -4
-46 -4
-46 -4
-46 -4
-46 -4
-46 -4
-46 -4
-46 -4
-46 -4
-46 -4
-46 -4
-46 -4
-46 -4
-46 -4
-46 -4
-46 -4
-46 -4
-46 -4
-46 -4
-46 -4
-46 -4
-46 -4
-46 -4
-46 -4
-46 -4
-46 -4
-46 -4
-46 -4
-46 -4
-46 -4
-46 -4
-46 -4
-46 -4
-46 -4
-46 -4
-46 -4
-46 -4
-46 -4
-46 -4
-46 -4
-46 -4
-46 -4
-46 -4
-46 -4
-46 -4
-46 -4
-46 -4
-46 -4
-46 -4
-46 -4
-46 -4
-46 -4
-46 -3
-49 0
-49 0
-49 0
-49 0
-49 0
-49 0
-49 0
-49 0
-49 0
-49 0
-49 0
-49 0
-49 0
-49 0
-49 0
-49 0
-49 0
-49 0
-49 0
-49 0
-49 0
-49 0
-49 0
-49 0
-49 0
-49 0
-49 0
-49 0
-49 0
-49 0
-49 0
-49 0
-49 0
-49 0
-49 0
-49 0
-49 0
-49 0
-49 0
-49 0
-41 3
-41 3
-41 3
-41 3
-41 3
-41 3
-41 3
-41 3
-41 3
-41 3
-41 3
-41 3
-41 3
-41 3
-41 3
-41 3
-41 3
-41 3
-41 3
-41 3
-41 3
-41 3
-41 3
-41 3
-41 3
-41 3
-41 3
-41 3
-41 3
-41 3
-41 3
-41 3
-41 3
-41 3
-41 3
-41 3
-41 3
-41 3
-41 3
-41 3
-41 3
-41 3
-45 1
-39 4
-39 4
-39 4
-39 4
-39 4
-39 4
-39 4
-39 4
-39 4
-39 4
-39 4
-39 4
-39 4
-39 4
-39 4
-39 4
-39 4
-39 4
-39 4
-39 4
-39 4
-39 4
-39 4
-39 4
-39 4
-39 4
-39 4
-39 4
-38 4
-38 4
-38 4
-38 4
-38 4
-38 4
-38 4
-38 4
-38 4
-38 4
-38 4
-38 4
-38 4
-38 4
-38 4
-38 4
-38 4
-38 4
-38 4
-38 4
-38 4
-38 4
-38 4
-38 4
-38 4
-38 4
-38 4
-38 4
-38 4
-38 4
-38 4
-38 4
-38 4
-38 4
-38 4
-38 4
-38 4
-38 4
-38 4
-38 4
-36 2
-36 2
-36 2
-36 2
-36 2
-36 2
-36 2
-36 2
-36 2
-36 2
-36 2
-36 2
-36 2
-36 2
-36 2
-36 2
-36 2
-46 1
-46 1
-46 1
-46 1
-46 1
-46 1
-46 1
-46 1
-46 1
-46 1
-46 1
-46 1
-46 1
-46 1
-46 1
-46 1
-46 1
-46 1
-46 1
-46 1
-46 1
-46 1
-46 1
-46 1
-46 1
-46 1
-46 1
-46 1
-46 1
-46 1
-46 1
-46 1
-46 1
-46 1
-46 1
-46 1
-46 1
-46 1
-46 1
-46 1
-46 1
-46 1
-46 1
-46 1
-46 1
-46 1
-46 1
-46 1
-46 1
-46 1
-46 1
-46 1
-46 1
-46 1
-46 1
-46 1
-46 1
-46 1
-46 1
-46 1
-46 1
-46 1
-46 1
-46 1
-46 1
-40 2
-43 1
-43 1
-43 1
-43 1
-43 1
-43 1
-43 1
-43 1
-43 1
-43 1
-43 1
-43 1
-43 1
-43 1
-43 1
-43 1
-43 1
-43 1
-43 1
-43 1
-43 1
-43 1
-43 1
-43 1
-43 1
-43 1
-43 1
-43 1
-43 1
-43 1
-43 1
-43 1
-43 1
-43 1
-43 7
-43 7
-43 7
-43 7
-43 7
-43 7
-43 7
-43 7
-43 7
-43 7
-43 7
-43 7
-43 7
-43 7
-43 7
-43 7
-43 7
-43 7
-43 7
-43 7
-43 7
-43 7
-43 7
-43 7
-43 7
-43 9
-43 9
-43 9
-43 9
-43 9
-43 9
-43 9
-43 9
-43 9
-43 9
-43 9
-43 9
-43 9
-43 9
-43 9
-43 9
-43 9
-43 9
-43 9
-43 9
-43 9
-46 10
-46 10
-46 10
-46 10
-46 10
-46 10
-46 10
-46 10
-46 10
-46 10
-46 10
-46 10
-46 10
-46 10
-46 10
-46 10
-46 10
-46 10
-46 10
-46 10
-46 10
-46 10
-46 10
-46 10
-46 10
-46 10
-46 10
-46 10
-46 10
-46 10
-46 10
-46 10
-46 10
-46 10
-46 10
-46 10
-46 10
-46 10
-46 10
-46 10
-46 10
-46 10
-46 10
-46 10
-43 9
-43 9
-43 9
-43 9
-43 9
-43 9
-43 9
-43 9
-43 9
-43 9
-43 9
-43 9
-43 9
-43 9
-43 9
-43 9
-43 9
-43 9
-43 9
-43 9
-43 9
-43 9
-43 9
-43 9
-43 9
-43 9
-43 9
-43 9
-43 9
-43 9
-43 9
-43 9
-43 9
-43 9
-43 9
-43 9
-43 9
-43 9
-43 9
-43 9
-43 9
-43 9
-43 9
-43 9
-43 9
-43 9
-43 9
-43 9
-43 9
-43 9
-46 9
-40 12
-40 12
-40 12
-40 12
-40 12
-40 12
-40 12
-40 12
-40 12
-40 12
-40 12
-40 12
-40 12
-40 12
-40 12
-40 12
-40 12
-40 12
-40 12
-40 12
-40 12
-40 12
-40 12
-40 12
-40 12
-40 12
-40 12
-40 12
-40 12
-40 12
-40 12
-40 12
-40 12
-40 12
-40 12
-40 12
-40 12
-40 12
-40 12
-40 12
-33 11
-33 11
-33 11
-33 11
-33 11
-33 11
-33 11
-33 11
-33 11
-33 11
-33 11
-33 11
-33 11
-33 11
-42 16
-42 16
-42 16
-42 16
-42 16
-42 16
-42 16
-42 16
-42 16
-42 16
-42 16
-42 16
-42 16
-42 16
-42 16
-42 16
-42 16
-42 16
-42 16
-42 16
-35 21
-35 21
-35 21
-35 21
-35 21
-35 21
-35 21
-35 21
-35 21
-35 21
-35 21
-35 21
-35 21
-35 21
-35 21
-35 21
-35 21
-35 21
-35 21
-35 21
-35 21
-35 21
-35 21
-35 21
-35 21
-35 21
-35 21
-35 21
-35 21
-35 21
-35 21
-35 21
-35 21
-35 21
-35 21
-35 21
-35 21
-35 21
-41 19
-41 19
-41 19
-41 19
-41 19
-41 19
-41 19
-41 19
-41 19
-41 19
-41 19
-41 19
-41 19
-41 19
-41 19
-41 19
-41 19
-41 19
-41 19
-41 19
-41 19
-41 19
-41 19
-41 19
-41 19
-41 19
-41 19
-41 19
-41 19
-41 19
-41 19
-41 19
-41 19
-41 19
-41 19
-41 19
-41 19
-41 19
-41 19
-41 19
-36 17
-36 17
-36 17
-36 17
-36 17
-36 17
-36 17
-36 17
-36 17
-36 17
-36 17
-36 17
-36 17
-36 17
-36 17
-36 17
-36 17
-36 17
-36 17
-36 17
-36 17
-36 17
-28 23
-28 23
-28 23
-28 23
-28 23
-28 23
-28 23
-28 23
-28 23
-28 23
-28 23
-28 23
-28 23
-28 23
-28 23
-28 23
-28 23
-28 23
-28 23
-31 28
-31 28
-31 28
-31 28
-31 28
-31 28
-31 28
-31 28
-31 28
-31 28
-31 28
-31 28
-31 28
-31 28
-31 28
-31 28
-21 29
-21 29
-21 29
-21 29
-21 29
-21 29
-21 29
-21 29
-21 29
-21 29
-21 29
-21 29
-21 29
-21 29
-21 29
-21 29
-21 29
-21 29
-21 29
-21 29
-21 29
-21 29
-21 29
-21 29
-21 29
-21 29
-21 29
-21 29
-21 29
-21 29
-21 29
-21 29
-21 29
-21 29
-21 29
-21 29
-21 29
-21 29
-28 33
-28 33
-28 33
-28 33
-28 33
-28 33
-28 33
-28 33
-28 33
-28 33
-28 33
-28 33
-28 33
-28 33
-28 33
-28 33
-28 33
-28 33
-28 33
-28 33
-28 33
-28 33
-28 33
-28 33
-28 33
-28 33
-28 33
-28 33
-28 33
-28 33
-28 33
-28 33
-28 33
-28 33
-28 33
-28 33
-28 33
-28 33
-28 33
-28 33
-28 33
-28 33
-28 33
-28 33
-28 33
-28 38
-28 38
-28 38
-28 38
-28 38
-28 38
-28 38
-28 38
-28 38
-28 38
-28 38
-28 38
-28 38
-28 38
-28 38
-28 38
-28 38
-28 38
-28 38
-28 38
-28 38
-28 38
-28 38
-28 38
-28 38
-28 38
-28 38
-28 38
-28 38
-28 38
-28 38
-28 38
-28 38
-28 38
-28 38
-28 38
-28 38
-28 38
-28 38
-28 38
-28 38
-28 38
-28 38
-28 38
-28 38
-28 38
-27 38
-29 35
-29 35
-29 35
-29 35
-29 35
-29 35
-29 35
-29 35
-29 35
-29 35
-29 35
-29 35
-29 35
-29 35
-29 35
-29 35
-29 35
-23 33
-23 33
-23 33
-23 33
-23 33
-23 33
-23 33
-23 33
-23 33
-23 33
-23 33
-23 33
-23 33
-23 33
-23 33
-23 33
-23 33
-23 33
-23 33
-23 33
-23 33
-23 33
-23 33
-23 33
-23 33
-23 33
-23 33
-23 33
-23 33
-23 33
-23 33
-23 33
-23 33
-23 33
-23 33
-23 33
-23 33
-23 33
-23 33
-23 33
-23 33
-23 33
-23 33
-23 33
-23 33
-23 41
-23 41
-23 41
-23 41
-23 41
-23 41
-23 41
-23 41
-23 41
-23 41
-23 41
-23 41
-23 41
-23 41
-23 41
-23 41
-23 41
-23 41
-23 41
-23 41
-23 41
-25 33
-25 33
-25 33
-25 33
-25 33
-25 33
-25 33
-25 33
-25 33
-25 33
-25 33
-25 33
-25 33
-25 33
-25 33
-25 33
-25 33
-25 33
-25 33
-25 33
-25 33
-25 33
-25 33
-25 33
-25 33
-25 33
-25 33
-25 33
-25 33
-25 33
-23 35
-23 35
-23 35
-23 35
-23 35
-23 35
-23 35
-23 35
-23 35
-23 35
-23 35
-23 35
-23 35
-23 35
-23 35
-23 35
-23 35
-23 35
-23 35
-23 35
-23 35
-21 26
-21 26
-21 26
-21 26
-21 26
-21 26
-21 26
-21 26
-21 26
-21 26
-21 26
-21 26
-21 26
-21 26
-21 26
-21 26
-21 26
-21 26
-13 33
-13 33
-13 33
-13 33
-13 33
-13 33
-13 33
-13 33
-13 33
-13 33
-13 33
-13 33
-19 36
-19 36
-19 36
-19 36
-19 36
-19 36
-19 36
-19 36
-19 36
-19 36
-19 36
-19 36
-19 36
-19 36
-19 36
-19 36
-19 36
-19 36
-19 36
-19 36
-19 36
-19 36
-19 36
-19 36
-20 38
-20 38
-20 38
-20 38
-20 38
-20 38
-20 38
-20 38
-20 38
-20 38
-20 38
-20 38
-20 38
-20 38
-20 38
-20 38
-20 38
-20 38
-20 38
-20 38
-20 38
-20 38
-20 38
-20 38
-20 38
-20 38
-12 33
-12 33
-12 33
-17 37
-17 37
-17 37
-17 37
-17 37
-17 37
-17 37
-17 37
-17 37
-17 37
-17 37
-17 37
-17 37
-17 37
-17 37
-17 37
-17 37
-9 35
-9 35
-9 35
-9 35
-9 35
-9 35
-9 35
-5 32
-5 32
-5 32
-5 32
-5 32
-5 32
-5 32
-5 32
-5 32
-5 32
-5 32
-5 32
-5 32
-5 32
-5 32
-5 32
-5 32
-5 32
-5 32
-5 32
-5 32
-5 32
-13 34
-6 34
-6 34
-6 34
-6 34
-6 34
-6 34
-6 34
-6 34
-6 34
-6 34
-6 34
-6 34
-6 34
-5 35
-5 35
-5 35
-5 35
-5 35
-5 35
-5 35
-5 35
-5 35
-5 35
-5 35
-5 35
-5 35
-5 35
-5 35
-5 35
-5 35
-5 35
-5 35
-5 35
-5 35
-5 35
-5 35
-5 35
-5 35
-5 35
-5 35
-5 35
-5 35
-3 37
-3 37
-3 37
-3 37
-3 37
-3 37
-3 37
-3 37
-3 37
-3 37
-3 37
-3 37
-3 37
-3 33
-3 33
-3 33
-3 33
-3 33
-3 33
-3 33
-3 33
-3 33
-3 33
-3 33
-3 33
-3 33
-3 33
-3 33
-3 33
-3 33
-3 33
-3 33
-3 33
-3 33
-3 33
-3 33
-3 33
-3 33
-3 33
-3 33
-3 33
-3 33
-3 33
-3 33
-3 33
-3 33
-3 33
-3 33
-12 37
-12 37
-12 37
-12 37
-12 37
-12 37
-12 37
-12 37
-12 37
-12 37
-12 37
-12 37
-12 37
-12 37
-12 37
-12 37
-12 37
-12 37
-12 37
-12 37
-12 37
-12 37
-12 37
-12 37
-12 37
-12 37
-12 37
-12 37
-12 37
-12 37
-12 37
-12 37
-12 37
-12 37
-12 37
-12 37
-12 37
-12 37
-12 37
-12 37
-12 37
-14 32
-14 32
-14 32
-14 32
-14 32
-14 32
-14 32
-14 32
-14 32
-9 42
-12 38
-12 38
-12 38
-12 38
-12 38
-12 38
-12 38
-12 38
-12 38
-12 38
-12 38
-12 38
-12 38
-12 38
-12 38
-12 38
-12 38
-12 38
-12 38
-12 38
-12 38
-12 38
-12 38
-12 38
-12 38
-12 38
-12 38
-12 38
-8 42
-8 42
-8 42
-8 42
-8 42
-8 42
-8 42
-8 42
-8 42
-8 42
-8 42
-8 42
-8 42
-8 42
-8 42
-8 42
-8 42
-8 42
-8 42
-8 42
-8 42
-8 42
-8 42
-8 42
-8 42
-8 42
-8 42
-8 42
-8 42
-8 42
-8 42
-8 42
-8 42
-9 42
-9 42
-9 42
-9 42
-9 42
-9 42
-9 42
-9 42
-9 42
-9 42
-9 42
-9 42
-9 42
-9 42
-9 42
-9 42
-9 42
-9 42
-9 42
-9 42
-9 42
-9 42
-9 42
-9 42
-9 42
-9 42
-9 42
-9 42
-9 42
-9 42
-9 42
-9 42
-9 42
-9 42
-9 42
-5 37
-5 37
-5 37
-5 37
-5 37
-5 37
-5 37
-5 37
-5 37
-5 37
-5 37
-5 37
-5 37
-5 37
-5 37
-5 37
-5 37
-5 37
-5 37
-5 37
-5 37
-5 37
-5 37
-5 37
-5 37
-5 37
-5 37
-5 37
-5 37
-5 37
-5 37
-5 37
-4 37
-4 37
-4 38
-4 38
-4 38
-4 38
-4 38
-4 38
-4 38
-4 38
-4 38
-4 38
-4 38
-4 38
-4 38
-4 38
-4 38
-4 38
-4 38
-4 38
-4 38
-4 38
-4 38
-4 38
-4 38
-4 38
-4 38
-4 38
-4 38
-4 38
-4 38
-4 38
-4 38
-4 38
-4 38
-4 38
-4 38
-4 38
-4 38
-4 38
-4 38
-4 38
-4 38
-4 38
-4 38
-4 38
-4 38
-4 38
-4 38
-4 38
-4 38
-4 38
-4 38
-4 38
-4 38
-4 38
-4 38
-4 38
-4 38
-4 38
-4 38
-4 38
-4 38
-4 38
-4 33
-5 38
-5 38
-5 38
-5 38
-5 38
-5 38
-5 38
-5 38
-5 38
-5 38
-5 38
-5 38
-5 38
-5 38
-5 38
-5 38
-5 38
-5 38
-5 38
-5 38
-5 38
-5 38
-5 38
-5 38
-5 38
-4 40
3 37
3 37
3 37
3 37
3 37
3 37
3 37
3 37
3 37
3 37
3 37
3 37
3 37
3 37
3 37
3 37
3 37
3 37
3 37
3 37
3 37
3 37
3 37
3 37
3 37
3 37
-1 34
-1 34
-1 34
-1 34
-1 34
-1 34
-1 34
-1 34
-1 34
-1 34
-1 34
-1 34
-1 34
-1 34
-1 34
-1 34
-1 34
-1 34
-1 34
-1 34
-1 34
-1 34
-1 34
-1 34
-1 34
-1 34
-1 34
-1 34
-1 34
-1 34
-1 34
-1 34
-1 34
-1 34
-1 34
-1 34
-1 34
-1 34
-1 34
-1 34
-1 34
-1 34
-1 34
-1 34
-1 34
-1 34
-1 34
-1 34
-1 34
-1 34
-1 34
-2 39
-2 39
-2 39
-2 39
-2 39
-2 39
-2 39
-2 39
-2 39
-2 39
-2 39
-2 39
-2 39
-2 39
-2 39
-2 39
-2 39
-2 39
-2 39
-2 39
-2 39
-2 39
-2 39
-2 39
-2 39
-1 38
1 35
1 35
1 35
1 35
1 35
1 35
1 35
1 35
1 35
1 35
1 35
1 35
1 35
1 35
1 35
1 35
1 35
1 35
1 35
1 35
1 35
1 35
1 35
1 35
1 35
1 35
1 35
0 43
0 43
0 43
0 43
0 43
0 43
0 43
0 43
0 43
0 43
0 43
0 43
0 43
0 43
0 43
-1 39
-1 39
-1 39
-1 39
-1 39
-1 39
-1 39
-1 39
-1 39
-1 39
-1 39
-1 39
-1 39
-1 39
-1 39
1 39
1 39
1 39
1 39
1 39
1 39
1 39
1 39
1 39
1 39
1 39
1 39
1 39
1 39
1 39
1 39
1 39
1 39
1 39
1 39
1 39
1 39
1 39
1 39
1 39
1 39
1 39
1 39
1 39
1 39
1 39
0 38
0 38
0 38
0 38
0 38
0 38
0 38
0 38
0 38
0 38
0 38
0 38
0 38
0 38
0 38
0 38
0 38
0 38
0 38
0 38
0 38
0 38
0 38
0 38
0 38
0 38
0 38
0 38
0 38
0 38
0 38
0 38
0 38
0 38
0 38
0 39
0 39
0 39
0 39
0 39
0 39
0 39
0 39
0 39
0 39
0 39
0 39
0 39
0 39
0 39
0 39
0 39
0 39
0 39
0 39
0 39
0 39
0 39
0 39
0 39
0 39
0 39
0 39
0 39
0 39
0 39
0 39
0 39
0 39
0 39
0 39
1 35
0 40
0 40
0 40
4 29
4 29
4 29
4 29
4 29
4 29
4 29
4 29
4 29
4 29
4 29
4 29
4 29
4 29
4 29
4 29
4 29
4 29
4 29
4 29
4 29
4 29
4 29
4 29
4 29
4 29
4 29
4 29
4 29
4 29
4 29
4 29
4 29
4 29
4 29
4 29
4 29
4 29
4 29
4 29
4 29
4 29
4 29
4 29
4 29
4 29
4 29
4 29
4 29
4 29
4 29
4 29
4 29
4 29
4 29
4 29
4 29
4 29
4 29
4 29
4 29
4 29
4 29
4 29
4 29
4 29
4 29
6 36
3 37
3 37
3 37
3 37
3 37
3 37
3 37
3 37
3 37
3 37
3 37
3 37
3 37
3 37
3 37
3 37
3 37
3 37
3 37
3 37
3 37
3 37
3 37
3 37
3 37
3 37
3 37
3 37
3 37
3 37
3 37
3 37
3 37
3 37
2 38
1 38
1 38
1 38
1 38
1 38
1 38
1 38
1 38
1 38
1 38
1 38
3 34
3 34
3 34
3 34
3 34
3 34
3 34
3 34
3 34
3 34
3 34
3 34
3 34
3 34
3 34
3 34
3 34
3 34
3 34
3 34
3 34
3 34
3 34
3 34
3 34
3 34
3 34
3 34
3 34
3 34
6 38
6 38
6 38
6 38
6 38
6 38
6 38
6 38
6 38
6 38
6 38
6 38
6 38
6 38
6 38
5 38
5 38
5 38
5 38
5 38
5 38
5 38
5 38
5 38
5 38
5 38
5 38
5 38
5 38
5 38
5 38
5 38
5 38
5 38
5 38
5 38
5 38
5 38
5 38
5 38
5 38
5 38
5 38
5 38
5 38
5 38
4 38
4 38
4 38
4 38
4 38
4 38
4 38
4 38
4 38
4 38
4 38
4 38
4 38
4 38
4 38
4 38
4 38
4 38
4 38
4 38
4 38
4 38
4 38
4 38
4 38
4 38
4 38
4 38
4 38
4 38
4 38
4 38
4 38
4 38
4 38
4 38
4 38
4 38
4 38
4 38
4 38
4 38
4 38
4 38
10 32
9 43
9 43
9 43
9 43
9 43
9 43
9 43
9 43
9 43
9 43
9 43
9 43
9 43
9 43
9 43
9 43
9 43
9 43
9 43
9 43
9 43
9 43
9 43
9 43
9 43
9 43
9 43
9 43
9 43
9 43
9 43
9 43
9 43
9 43
9 43
9 43
9 43
9 43
9 43
9 43
9 41
9 41
9 41
9 41
9 41
9 41
9 41
9 41
9 41
9 41
9 41
9 41
9 41
9 41
9 41
9 41
9 41
9 41
9 41
9 41
9 41
9 41
9 41
11 39
11 39
11 39
11 39
11 39
11 39
11 39
11 39
11 39
11 39
11 39
11 39
11 39
11 39
11 39
11 39
11 39
11 39
11 39
11 39
11 39
11 39
11 39
11 39
11 39
11 39
11 39
11 39
11 39
11 39
11 39
11 39
11 39
11 39
11 39
11 39
11 39
11 39
11 39
11 39
11 39
11 39
11 39
11 39
11 39
11 39
11 39
11 39
11 39
11 39
11 39
11 39
11 39
11 39
11 39
11 39
11 39
11 39
11 39
11 39
11 39
11 39
11 39
11 39
11 39
11 39
11 39
11 39
11 39
11 39
11 39
11 39
11 39
11 39
11 39
11 39
11 39
11 39
11 39
11 39
11 39
11 39
11 39
11 39
11 39
11 39
11 39
14 46
11 34
12 43
12 43
12 43
12 43
12 43
12 43
12 43
12 43
12 43
12 43
12 43
12 43
12 43
12 43
12 43
12 43
12 43
12 43
12 43
12 43
12 43
12 43
12 43
12 43
12 43
12 43
12 43
12 43
12 43
17 46
17 46
17 46
17 46
17 46
17 46
17 46
17 46
17 46
17 46
17 46
17 46
17 46
17 46
17 46
17 46
17 46
17 46
17 46
17 46
17 46
17 46
17 46
19 46
19 46
19 46
19 46
19 46
19 46
19 46
19 46
19 46
19 46
19 46
19 46
19 46
19 46
19 46
19 46
19 46
19 46
19 46
19 46
19 46
19 46
19 46
19 46
19 46
19 46
19 46
19 46
19 46
19 46
19 46
19 46
19 46
19 46
19 46
19 46
19 46
19 46
19 46
19 46
19 46
19 46
19 46
19 46
19 46
19 46
19 46
19 46
19 46
19 46
19 46
19 46
19 46
19 46
19 46
19 46
19 46
19 46
19 46
19 46
19 46
19 46
19 46
19 46
19 46
19 46
19 46
19 46
19 46
19 46
16 45
16 45
16 45
16 45
16 45
16 45
16 45
16 45
16 45
16 45
16 45
16 45
16 45
16 45
16 45
16 45
16 45
16 45
16 45
16 45
16 45
16 45
16 45
16 45
16 45
16 45
16 45
16 45
16 45
16 45
16 45
16 45
16 45
16 36
16 36
27 49
27 49
27 49
27 49
27 49
27 49
27 49
27 49
27 49
27 49
27 49
27 49
40 48
40 48
48 51
48 51
48 51
48 51
48 51
48 51
48 51
48 51
48 51
48 51
48 51
48 51
48 51
48 51
48 51
48 51
48 51
48 51
48 51
48 51
48 51
48 51
48 51
48 51
48 51
48 51
48 51
48 51
48 51
48 51
48 51
48 51
48 51
48 51
48 51
48 51
48 39
48 39
48 39
48 39
48 39
48 39
48 39
48 39
48 39
48 39
48 39
48 39
48 39
48 39
48 39
48 39
48 39
48 39
48 39
48 39
48 39
48 39
48 39
48 39
48 39
48 39
47 42
47 42
47 42
47 42
47 42
47 42
47 42
47 42
47 42
47 42
47 42
47 42
47 42
47 42
47 42
47 42
47 42
47 42
47 42
47 42
47 42
47 42
47 42
47 42
47 42
47 42
47 42
47 42
47 42
49 30
67 31
67 31
67 31
67 31
67 31
67 31
67 31
67 31
67 31
67 31
67 31
67 31
67 31
67 31
67 31
67 31
67 31
67 31
67 31
67 31
67 31
57 26
57 26
57 26
57 26
57 26
57 26
57 26
57 26
57 26
57 26
57 26
57 26
57 26
57 26
57 26
66 22
66 22
66 22
66 22
66 22
66 22
66 22
66 22
66 22
66 22
66 22
66 22
66 22
66 22
66 22
66 22
66 22
66 22
66 22
66 22
66 22
66 22
66 22
66 22
66 22
66 22
66 22
66 22
66 22
71 13
71 13
71 13
71 13
71 13
71 13
71 13
71 13
71 13
71 13
71 13
71 13
71 13
71 13
71 13
71 13
71 13
71 13
71 13
71 13
71 13
71 13
78 21
70 10
70 10
70 10
70 10
70 10
70 10
70 10
70 10
70 10
70 10
70 10
70 10
70 10
70 10
70 10
70 10
70 10
70 10
70 10
70 10
70 10
70 10
70 10
70 10
70 10
70 10
70 10
70 10
70 10
70 10
70 10
70 10
70 10
70 10
69 3
69 3
69 3
69 3
69 3
69 3
69 3
69 3
69 3
69 3
69 3
69 3
69 3
69 3
69 3
68 4
68 4
68 4
68 4
68 4
68 4
68 4
68 4
68 4
68 4
68 4
68 4
68 4
68 4
68 4
67 -2
67 -2
67 -2
67 -2
67 -2
67 -2
67 -2
67 -2
67 -2
67 -2
67 -2
67 -2
67 -2
67 -2
67 -2
67 -2
67 -2
67 -2
67 -2
67 -2
67 -2
67 -2
67 -2
67 -2
67 -2
67 -2
67 -2
67 -2
67 -2
67 -2
67 -2
62 -8
62 -8
62 -8
62 -8
62 -8
62 -8
62 -8
62 -8
62 -8
62 -8
62 -8
62 -8
62 -8
62 -8
62 -8
62 -8
62 -8
62 -8
62 -8
62 -8
62 -8
62 -8
62 -8
62 -8
62 -8
62 -8
62 -8
62 -8
62 -8
62 -8
62 -8
52 -8
52 -8
52 -8
52 -8
52 -8
52 -8
52 -8
52 -8
52 -8
52 -8
52 -8
52 -5
52 -5
52 -5
52 -5
52 -5
52 -5
52 -5
52 -5
52 -5
52 -5
52 -5
52 -5
52 -5
52 -5
52 -5
52 -5
52 -5
52 -5
45 -12
45 -12
45 -12
45 -12
45 -12
45 -12
45 -12
45 -12
45 -12
45 -12
45 -12
45 -12
45 -12
42 -20
42 -20
42 -20
42 -20
42 -20
42 -20
42 -20
42 -20
42 -20
42 -20
42 -20
42 -20
42 -20
42 -20
42 -20
42 -20
42 -20
42 -20
42 -20
42 -20
42 -20
42 -20
42 -20
42 -20
42 -20
42 -20
42 -20
42 -20
42 -20
42 -20
42 -20
42 -20
40 -20
40 -20
40 -20
40 -20
40 -20
40 -20
40 -20
40 -20
40 -20
40 -20
40 -20
40 -20
40 -20
40 -20
40 -20
40 -20
40 -20
40 -20
40 -20
40 -20
40 -20
40 -20
40 -20
40 -20
40 -20
40 -20
40 -20
40 -20
40 -20
37 -27
37 -27
37 -27
37 -27
37 -27
37 -27
37 -27
37 -27
37 -27
37 -27
37 -27
37 -27
37 -27
37 -27
37 -27
37 -27
37 -27
37 -27
37 -27
37 -27
37 -27
37 -27
37 -27
37 -27
37 -27
37 -27
37 -27
37 -27
37 -27
37 -27
37 -27
37 -27
37 -27
37 -27
37 -27
37 -27
34 -39
34 -39
34 -39
34 -39
34 -39
34 -39
34 -39
34 -39
34 -39
34 -39
34 -39
39 -39
39 -39
39 -39
39 -39
39 -39
39 -39
39 -39
39 -39
39 -39
39 -39
39 -39
39 -39
39 -39
39 -39
39 -39
39 -39
39 -39
39 -39
39 -39
39 -39
39 -39
39 -39
39 -39
39 -39
39 -39
39 -39
39 -39
39 -39
39 -39
39 -39
39 -39
39 -39
39 -39
39 -39
39 -39
39 -39
39 -39
39 -39
39 -39
39 -39
39 -39
39 -39
39 -39
39 -39
39 -39
39 -39
39 -39
39 -39
39 -39
39 -39
39 -39
39 -39
39 -39
30 -40
37 -43
37 -43
37 -43
37 -43
37 -43
37 -43
37 -43
37 -43
37 -43
37 -43
37 -43
37 -43
37 -43
37 -43
37 -43
37 -43
37 -43
37 -43
37 -43
37 -43
37 -43
37 -43
37 -43
37 -43
37 -43
37 -43
37 -43
37 -43
37 -43
37 -43
37 -43
37 -43
25 -46
25 -46
25 -46
25 -46
25 -46
25 -46
25 -46
25 -46
25 -46
25 -46
25 -46
25 -46
25 -46
25 -46
25 -46
25 -46
25 -46
25 -46
25 -46
25 -46
25 -46
25 -46
25 -46
25 -46
25 -46
25 -46
25 -46
25 -46
25 -46
25 -46
20 -56
29 -58
29 -58
29 -58
29 -58
29 -58
29 -58
29 -58
29 -58
29 -58
29 -58
29 -58
29 -58
29 -58
29 -58
29 -58
29 -58
29 -58
29 -58
29 -58
29 -58
29 -58
29 -58
29 -58
29 -58
29 -58
21 -51
21 -51
21 -51
21 -51
21 -51
21 -51
21 -51
21 -51
21 -51
21 -51
21 -51
21 -51
21 -51
21 -51
20 -61
20 -61
20 -61
20 -61
20 -61
20 -61
20 -61
20 -61
20 -61
20 -61
20 -61
20 -61
20 -61
20 -61
20 -61
20 -61
20 -61
20 -61
20 -61
20 -61
20 -61
20 -61
20 -61
20 -61
20 -61
20 -61
13 -48
13 -48
13 -48
13 -48
13 -48
13 -48
13 -48
13 -48
13 -48
13 -48
13 -48
13 -48
13 -48
13 -48
13 -48
13 -48
13 -48
13 -48
13 -48
13 -48
13 -48
13 -48
13 -48
13 -48
13 -48
13 -48
13 -48
13 -48
13 -48
13 -48
12 -54
14 -61
14 -61
14 -61
14 -61
15 -52
15 -52
15 -52
15 -52
15 -52
15 -52
15 -52
15 -52
15 -52
15 -52
15 -52
15 -52
15 -52
15 -52
15 -52
15 -52
15 -52
15 -52
15 -52
15 -52
15 -52
15 -52
15 -52
15 -52
15 -52
15 -52
15 -52
15 -52
15 -52
7 -55
7 -55
7 -55
7 -55
7 -55
7 -55
7 -55
7 -55
7 -55
7 -55
7 -55
7 -55
7 -55
7 -55
7 -55
7 -55
7 -55
7 -55
5 -55
5 -55
5 -55
5 -55
5 -55
5 -55
5 -55
5 -55
5 -55
5 -55
5 -55
5 -55
5 -55
5 -55
5 -55
5 -55
5 -55
5 -55
5 -55
5 -55
5 -55
5 -55
5 -55
5 -55
5 -55
5 -55
5 -55
5 -55
5 -55
5 -55
5 -55
5 -55
5 -55
5 -55
5 -55
7 -59
7 -59
7 -59
7 -59
7 -59
7 -59
7 -59
7 -59
7 -59
7 -59
7 -59
7 -59
7 -59
7 -59
7 -59
7 -59
7 -59
7 -59
7 -59
7 -59
7 -59
7 -59
7 -59
7 -59
7 -59
7 -59
7 -59
7 -59
7 -59
7 -59
7 -59
7 -59
4 -53
4 -53
4 -53
4 -53
4 -53
4 -53
4 -53
4 -53
4 -53
4 -53
4 -53
4 -53
4 -53
4 -53
4 -53
4 -53
4 -53
3 -53
3 -53
3 -53
3 -53
3 -53
3 -53
3 -53
3 -53
3 -53
3 -53
3 -53
3 -53
3 -53
3 -53
3 -53
3 -53
3 -53
3 -53
3 -53
3 -53
3 -53
3 -53
3 -44
3 -44
3 -44
3 -44
3 -44
3 -44
3 -44
3 -44
3 -44
3 -44
3 -44
3 -44
3 -44
3 -44
3 -44
3 -44
3 -44
2 -52
2 -52
2 -52
2 -52
2 -52
2 -52
2 -52
2 -52
2 -52
2 -52
2 -52
2 -52
2 -52
2 -52
2 -52
2 -52
2 -52
2 -52
2 -52
2 -52
2 -52
2 -52
2 -52
2 -52
2 -52
2 -52
2 -52
2 -52
2 -52
2 -52
2 -52
2 -52
2 -52
2 -52
2 -52
2 -52
2 -52
2 -52
1 -49
1 -49
1 -49
1 -49
1 -49
1 -49
1 -49
1 -49
1 -49
1 -49
1 -49
1 -49
1 -49
1 -49
1 -49
1 -49
1 -49
1 -49
1 -49
1 -49
1 -49
1 -49
1 -49
1 -49
1 -49
1 -49
1 -49
1 -49
1 -49
1 -49
1 -49
1 -49
1 -49
1 -49
1 -49
1 -49
1 -49
1 -49
1 -49
1 -49
1 -49
1 -49
1 -49
1 -49
1 -49
1 -49
1 -49
1 -49
1 -49
1 -49
1 -49
1 -49
1 -49
1 -49
1 -49
1 -49
1 -49
1 -45
1 -45
1 -45
1 -45
1 -45
1 -45
1 -45
1 -45
1 -45
1 -45
1 -45
1 -45
1 -45
1 -45
1 -45
1 -45
1 -45
-2 -41
-2 -41
-2 -41
-2 -41
-2 -41
-2 -41
-2 -41
-2 -41
-2 -41
-2 -41
-2 -41
-2 -41
-2 -41
-2 -41
-2 -41
-2 -41
-2 -41
-2 -41
-2 -41
2 -39
2 -39
2 -39
2 -39
2 -39
2 -39
2 -39
2 -39
2 -39
2 -39
2 -39
2 -39
2 -39
2 -39
2 -39
2 -39
2 -39
2 -39
2 -39
2 -39
2 -39
2 -39
2 -39
2 -39
2 -39
2 -39
2 -39
2 -39
2 -39
2 -39
2 -39
2 -39
2 -39
2 -39
2 -39
2 -39
2 -39
2 -39
2 -39
2 -39
2 -39
2 -39
2 -39
2 -39
2 -39
2 -39
2 -39
2 -39
2 -39
2 -39
2 -39
2 -39
2 -39
2 -39
2 -39
2 -39
2 -39
2 -39
2 -39
2 -39
2 -39
2 -39
2 -39
2 -39
2 -39
2 -39
2 -39
0 -35
0 -37
0 -37
0 -37
0 -37
0 -37
0 -37
0 -37
0 -37
0 -37
0 -37
0 -37
0 -37
0 -37
0 -37
0 -37
0 -37
0 -37
0 -37
0 -37
0 -37
0 -37
0 -37
0 -37
0 -37
0 -37
0 -37
0 -37
0 -37
0 -37
0 -37
0 -37
-1 -32
-1 -32
-1 -32
-1 -32
-1 -32
-1 -32
-1 -32
-1 -32
-1 -32
-1 -32
-1 -32
-1 -32
-1 -32
-1 -32
-1 -32
-1 -32
-1 -32
-1 -32
-1 -32
-1 -32
-1 -32
-1 -32
-1 -32
-1 -32
-1 -32
-1 -32
-1 -32
-1 -32
-1 -32
-1 -32
-1 -32
-1 -32
-1 -32
-1 -32
-1 -32
-1 -32
-1 -32
-1 -32
-1 -32
-1 -32
-1 -32
-1 -25
1 -23
1 -23
1 -23
1 -23
1 -23
1 -23
1 -23
1 -23
1 -23
1 -23
1 -23
1 -23
1 -23
1 -23
1 -23
1 -23
1 -23
1 -23
1 -23
1 -23
1 -23
1 -23
1 -23
1 -23
1 -23
1 -23
1 -23
1 -23
1 -23
1 -23
1 -23
1 -23
1 -23
1 -23
1 -23
1 -23
1 -23
1 -23
1 -23
0 -16
0 -16
0 -16
0 -16
0 -16
0 -16
0 -16
0 -16
0 -16
0 -16
0 -16
0 -16
0 -16
0 -16
0 -16
0 -16
0 -16
0 -16
-1 -14
-1 -14
-1 -14
-1 -14
-1 -14
-1 -14
-1 -14
-1 -14
-1 -14
-1 -14
-1 -14
-1 -14
-1 -14
-1 -14
-1 -14
-1 -14
-1 -14
0 -12
0 -12
0 -12
0 -12
0 -12
0 -12
0 -12
0 -12
0 -12
0 -12
0 -12
0 -12
0 -12
0 -12
0 -12
0 -12
0 -12
0 -12
0 -12
0 -12
0 -12
0 -12
0 -12
0 -12
0 -12
0 -12
0 -12
0 -12
0 -12
0 -12
0 -12
0 -12
0 -12
0 -12
0 -12
0 -12
0 -12
0 -12
0 -12
0 -12
0 -12
0 -12
0 -12
0 -12
0 -12
0 -12
0 -12
0 -12
0 -12
0 -12
0 -12
0 -12
0 -12
0 -12
0 -12
0 -12
0 -12
0 -12
0 -12
0 -12
0 -12
0 -12
0 -12
0 -12
0 -12
0 -12
0 -12
0 -12
0 -12
0 -12
0 -12
0 -12
0 -12
0 -12
0 -12
0 -12
0 -12
0 -12
0 -12
0 -12
0 -12
0 -12
0 -12
0 -12
-4 -7
0 -2
0 -2
0 -2
0 -2
0 -2
0 -2
0 -2
0 -2
0 -2
0 -2
0 -2
0 -2
0 -2
0 -2
0 -2
0 -2
0 -2
0 -2
0 -2
0 -2
0 -2
0 -2
0 -2
0 -2
0 -2
0 -2
0 -2
0 -2
0 -2
0 -2
0 -2
0 -2
0 -2
0 -2
0 -2
0 -2
0 -2
0 -2
0 -2
0 -2
0 -2
0 -2
0 -2
0 -2
0 -2
0 -2
0 -2
0 -2
0 -2
0 -2
0 -2
0 -2
0 -2
0 -2
0 -2
0 -2
0 -2
0 -2
0 -2
0 -2
0 -2
0 -2
0 -2
0 -2
0 -2
0 -2
0 -2
0 -2
0 -2
0 -2
0 -2
0 -2
0 -2
0 -2
0 -2
0 -2
0 -2
0 -2
0 -2
0 -2
0 -2
0 -2
0 -2
0 -2
0 -2
0 -2
0 -2
0 -2
0 -2
0 -2
0 -2
0 -2
0 -2
0 -2
0 -2
0 -2
0 -2
0 -2
0 -2
0 -2
0 -2
0 -2
0 -2
0 -2
0 -2
0 -2
0 -2
0 -2
0 -2
0 -2
0 -2
0 -2
0 -2
0 -2
0 -2
0 -2
0 -2
0 -2
0 -2
0 -2
0 -2
0 -2
0 -2
0 -2
0 -2
0 -2
0 -2
0 -2
0 -2
0 -2
0 -2
0 -2
0 -2
0 -2
0 -2
0 -2
0 -2
0 -2
0 -2
0 -2
0 -2
0 -2
0 -2
0 -2
0 -2
0 -2
0 -2
0 -2
0 -2
0 -2
0 -2
0 -2
0 -2
0 -2
0 -2
0 -2
0 -2
0 -2
0 -2
0 -2
0 -2
0 -2
0 -2
0 -2
0 -2
0 -2
0 -2
0 -2
0 -2
0 -2
0 -2
0 -2
0 -2
0 -2
0 -2
0 -2
0 -2
0 -2
0 -2
0 -2
0 -2
0 -2
0 -2
0 -2
0 -2
0 -2
0 -2
0 -2
0 -2
0 -2
0 -2
0 -2
0 -2
0 -2
0 -2
0 -2
0 -2
0 -2
0 -2
0 -2
0 -2
0 -2
0 -2
0 -2
0 -2
0 -2
0 -2
0 -2
0 -2
0 -2
0 -2
0 -2
0 -2
0 -2
0 -2
0 -2
0 -2
0 -2
0 -2
0 -2
0 -2
0 -2
0 -2
0 -2
0 -2
0 -2
0 -2
0 -2
0 -2
0 -2
0 -2
0 -2
0 -2
0 -2
0 -2
0 -2
0 -2
0 -2
0 -2
0 -2
0 -2
0 -2
0 -2
0 -2
0 -2
0 -2
0 -2
0 -2
0 -2
0 -2
0 -2
0 -2
0 -2
0 -2
0 -2
0 -2
0 -2
0 -2
0 -2
0 -2
0 -2
0 -2
0 -2
0 -2
0 -2
0 -2
0 -2
0 -2
0 -2
0 -2
0 -2
0 -2
0 -2
0 -2
0 -2
0 -2
0 -2
0 -2
0 -2
0 -2
0 -2
0 -2
0 -2
0 -2
0 -2
0 -2
0 -2
0 -2
0 -2
0 -2
0 -2
0 -2
0 -2
0 -2
0 -2
0 -2
0 -2
0 -2
0 -2
0 -2
0 -2
0 -2
0 -2
0 -2
0 -2
0 -2
0 -2
0 -2
0 -2
0 -2
0 -2
0 -2
0 -2
0 -2
0 -2
0 -2
0 -2
0 -2
0 -2
0 -2
0 -2
0 -2
0 -2
0 -2
0 -2
0 -2
0 -2
0 -2
0 -2
0 -2
0 -2
0 -2
0 -2
0 -2
0 -2
0 -2
0 -2
0 -2
0 -2
0 -2
0 -2
0 -2
0 -2
0 -2
0 -2
0 -2
0 -2
0 -2
0 -2
0 -2
0 -2
0 -2
0 -2
0 -2
0 -2
0 -2
0 -2
0 -2
0 -2
0 -2
0 -2
0 -2
0 -2
0 -2
0 -2
0 -2
0 -2
0 -2
0 -2
0 -2
0 -2
0 -2
0 -2
0 -2
0 -2
0 -2
0 -2
0 -2
0 -2
0 -2
0 -2
0 -2
0 -2
0 -2
0 -2
0 -2
0 -2
0 -2
0 -2
0 -2
0 -2
0 -2
0 -2
0 -2
0 -2
0 -2
0 -2
0 -2
0 -2
0 -2
0 -2
0 -2
0 -2
0 -2
0 -2
0 -2
0 -2
0 -2
0 -2
0 -2
0 -2
0 -2
0 -2
0 -2
0 -2
0 -2
0 -2
0 -2
0 -2
0 -2
0 -2
0 -2
0 -2
0 -2
0 -2
0 -2
0 -2
0 -2
0 -2
0 -2
0 -2
0 -2
0 -2
0 -2
0 -2
0 -2
0 -2
0 -2
0 -2
0 -2
0 -2
0 -2
0 -2
0 -2
0 -2
0 -2
0 -2
0 -2
0 -2
0 -2
0 -2
0 -2
0 -2
0 -2
0 -2
0 -2
0 -2
0 -2
0 -2
0 -2
0 -2
0 -2
0 -2
0 -2
0 -2
0 -2
0 -2
0 -2
0 -2
0 -2
0 -2
0 -2
0 -2
0 -2
0 -2
0 -2
0 -2
0 -2
0 -2
0 -2
0 -2
0 -2
0 -2
0 -2
0 -2
0 -2
0 -2
0 -2
0 -2
0 -2
0 -2
0 -2
0 -2
0 -2
0 -2
0 -2
0 -2
0 -2
0 -2
0 -2
0 -2
0 -2
0 -2
0 -2
0 -2
0 -2
0 -2
0 -2
0 -2
0 -2
0 -2
0 -2
0 -2
0 -2
0 -2
0 -2
0 -2
0 -2
0 -2
0 -2
0 -2
0 -2
0 -2
0 -2
0 -2
0 -2
0 -2
0 -2
0 -2
0 -2
0 -2
0 -2
0 -2
0 -2
0 -2
0 -2
0 -2
0 -2
0 -2
0 -2
0 -2
0 -2
0 -2
0 -2
0 -2
0 -2
0 -2
0 -2
0 -2
0 -2
0 -2
0 -2
0 -2
0 -2
0 -2
0 -2
0 -2
0 -2
0 -2
0 -2
0 -2
0 -2
0 -2
0 -2
0 -2
0 -2
0 -2
0 -2
0 -2
0 -2
0 -2
0 -2
0 -2
0 -2
0 -2
0 -2
0 -2
0 -2
0 -2
0 -2
0 -2
0 -2
0 -2
0 -2
0 -2
0 -2
0 -2
0 -2
0 -2
0 -2
0 -2
0 -2
0 -2
0 -2
0 -2
0 -2
0 -2
0 -2
0 -2
0 -2
0 -2
0 -2
0 -2
0 -2
0 -2
0 -2
0 -2
0 -2
0 -2
0 -2
0 -2
0 -2
0 -2
0 -2
0 -2
0 -2
0 -2
0 -2
0 -2
0 -2
0 -2
0 -2
0 -2
0 -2
0 -2
0 -2
0 -2
0 -2
0 -2
0 -2
0 -2
0 -2
0 -2
0 -2
0 -2
0 -2
0 -2
0 -2
0 -2
0 -2
0 -2
0 -2
0 -2
0 -2
0 -2
0 -2
0 -2
0 -2
0 -2
0 -2
0 -2
0 -2
0 -2
0 -2
0 -2
0 -2
0 -2
0 -2
0 -2
0 -2
0 -2
0 -2
0 -2
0 -2
0 -2
0 -2
0 -2
0 -2
0 -2
0 -2
0 -2
0 -2
0 -2
0 -2
0 -2
0 -2
0 -2
0 -2
0 -2
0 -2
0 -2
0 -2
0 -2
0 -2
0 -2
0 -2
0 -2
0 -2
0 -2
0 -2
0 -2
0 -2
0 -2
0 -2
0 -2
0 -2
0 -2
0 -2
0 -2
0 -2
0 -2
0 -2
0 -2
0 -2
0 -2
0 -2
0 -2
0 -2
0 -2
0 -2
0 -2
0 -2
0 -2
0 -2
0 -2
0 -2
0 -2
0 -2
0 -2
0 -2
0 -2
0 -2
0 -2
0 -2
0 -2
0 -2
0 -2
0 -2
0 -2
0 -2
0 -2
0 -2
0 -2
0 -2
0 -2
0 -2
0 -2
0 -2
0 -2
0 -2
0 -2
0 -2
0 -2
0 -2
0 -2
0 -2
0 -2
0 -2
0 -2
0 -2
0 -2
0 -2
0 -2
0 -2
0 -2
0 -2
0 -2
0 -2
0 -2
0 -2
0 -2
0 -2
0 -2
0 -2
0 -2
0 -2
0 -2
0 -2
0 -2
0 -2
0 -2
0 -2
0 -2
0 -2
0 -2
0 -2
0 -2
0 -2
0 -2
0 -2
0 -2
0 -2
0 -2
0 -2
0 -2
0 -2
0 -2
0 -2
0 -2
0 -2
0 -2
0 -2
0 -2
0 -2
0 -2
0 -2
0 -2
0 -2
0 -2
0 -2
0 -2
0 -2
0 -2
0 -2
0 -2
0 -2
0 -2
0 -2
0 -2
0 -2
0 -2
0 -2
0 -2
0 -2
0 -2
0 -2
0 -2
0 -2
0 -2
0 -2
0 -2
0 -2
0 -2
0 -2
0 -2
0 -2
0 -2
0 -2
0 -2
0 -2
0 -2
0 -2
0 -2
0 -2
0 -2
0 -2
0 -2
0 -2
0 -2
0 -2
0 -2
0 -2
0 -2
0 -2
0 -2
0 -2
0 -2
0 -2
0 -2
0 -2
0 -2
0 -2
0 -2
0 -2
0 -2
0 -2
0 -2
0 -2
0 -2
0 -2
0 -2
0 -2
0 -2
0 -2
0 -2
0 -2
0 -2
0 -2
0 -2
0 -2
0 -2
0 -2
0 -2
0 -2
0 -2
0 -2
0 -2
0 -2
0 -2
0 -2
0 -2
0 -2
0 -2
0 -2
0 -2
0 -2
0 -2
0 -2
0 -2
0 -2
0 -2
0 -2
0 -2
0 -2
0 -2
0 -2
0 -2
0 -2
0 -2
0 -2
0 -2
0 -2
0 -2
0 -2
0 -2
0 -2
0 -2
0 -2
0 -2
0 -2
0 -2
0 -2
0 -2
0 -2
0 -2
0 -2
0 -2
0 -2
0 -2
0 -2
0 -2
0 -2
0 -2
0 -2
0 -2
0 -2
0 -2
0 -2
0 -2
0 -2
0 -2
0 -2
0 -2
0 -2
0 -2
0 -2
0 -2
0 -2
0 -2
0 -2
0 -2
0 -2
0 -2
0 -2
0 -2
0 -2
0 -2
0 -2
0 -2
0 -2
0 -2
0 -2
0 -2
0 -2
0 -2
0 -2
0 -2
0 -2
0 -2
0 -2
0 -2
0 -2
0 -2
0 -2
0 -2
0 -2
0 -2
0 -2
0 -2
0 -2
0 -2
0 -2
0 -2
0 -2
0 -2
0 -2
0 -2
0 -2
0 -2
0 -2
0 -2
0 -2
0 -2
0 -2
0 -2
0 -2
0 -2
0 -2
0 -2
0 -2
0 -2
0 -2
0 -2
0 -2
0 -2
0 -2
0 -2
0 -2
0 -2
0 -2
0 -2
0 -2
0 -2
0 -2
0 -2
0 -2
0 -2
0 -2
0 -2
0 -2
0 -2
0 -2
0 -2
0 -2
0 -2
0 -2
0 -2
0 -2
0 -2
0 -2
0 -2
0 -2
0 -2
0 -2
0 -2
0 -2
0 -2
0 -2
0 -2
0 -2
0 -2
0 -2
0 -2
0 -2
0 -2
0 -2
0 -2
0 -2
0 -2
0 -2
0 -2
0 -2
0 -2
0 -2
0 -2
0 -2
0 -2
0 -2
0 -2
0 -2
0 -2
0 -2
0 -2
0 -2
0 -2
0 -2
0 -2
0 -2
0 -2
0 -2
0 -2
0 -2
0 -2
0 -2
0 -2
0 -2
0 -2
0 -2
0 -2
0 -2
0 -2
0 -2
0 -2
0 -2
0 -2
0 -2
0 -2
0 -2
0 -2
0 -2
0 -2
0 -2
0 -2
0 -2
0 -2
0 -2
0 -2
0 -2
0 -2
0 -2
0 -2
0 -2
0 -2
0 -2
0 -2
0 -2
0 -2
0 -2
0 -2
0 -2
0 -2
0 -2
0 -2
0 -2
0 -2
0 -2
0 -2
0 -2
0 -2
0 -2
0 -2
0 -2
0 -2
0 -2
0 -2
0 -2
0 -2
0 -2
0 -2
0 -2
0 -2
0 -2
0 -2
0 -2
0 -2
0 -2
0 -2
0 -2
0 -2
0 -2
0 -2
0 -2
0 -2
0 -2
0 -2
0 -2
0 -2
0 -2
0 -2
0 -2
0 -2
0 -2
0 -2
0 -2
0 -2
0 -2
0 -2
0 -2
0 -2
0 -2
0 -2
0 -2
0 -2
0 -2
0 -2
0 -2
0 -2
0 -2
0 -2
0 -2
0 -2
0 -2
0 -2
0 -2
0 -2
0 -2
0 -2
0 -2
0 -2
0 -2
0 -2
0 -2
0 -2
0 -2
0 -2
0 -2
0 -2
0 -2
0 -2
0 -2
0 -2
0 -2
0 -2
0 -2
0 -2
0 -2
0 -2
0 -2
0 -2
0 -2
0 -2
0 -2
0 -2
0 -2
0 -2
0 -2
0 -2
0 -2
0 -2
0 -2
0 -2
0 -2
0 -2
0 -2
0 -2
0 -2
0 -2
0 -2
0 -2
0 -2
0 -2
0 -2
0 -2
0 -2
0 -2
0 -2
0 -2
0 -2
0 -2
0 -2
0 -2
0 -2
0 -2
0 -2
0 -2
0 -2
0 -2
0 -2
0 -2
0 -2
0 -2
0 -2
0 -2
0 -2
0 -2
0 -2
0 -2
0 -2
0 -2
0 -2
0 -2
0 -2
0 -2
0 -2
0 -2
0 -2
0 -2
0 -2
0 -2
0 -2
0 -2
0 -2
0 -2
0 -2
0 -2
0 -2
0 -2
0 -2
0 -2
0 -2
0 -2
0 -2
0 -2
0 -2
0 -2
0 -2
0 -2
0 -2
0 -2
0 -2
0 -2
0 -2
0 -2
0 -2
0 -2
0 -2
0 -2
0 -2
0 -2
0 -2
0 -2
0 -2
0 -2
0 -2
0 -2
0 -2
0 -2
0 -2
0 -2
0 -2
0 -2
0 -2
0 -2
0 -2
0 -2
0 -2
0 -2
0 -2
0 -2
0 -2
0 -2
0 -2
0 -2
0 -2
0 -2
0 -2
0 -2
0 -2
0 -2
0 -2
0 -2
0 -2
0 -2
0 -2
0 -2
0 -2
0 -2
0 -2
0 -2
0 -2
0 -2
0 -2
0 -2
0 -2
0 -2
0 -2
0 -2
0 -2
0 -2
0 -2
0 -2
0 -2
0 -2
0 -2
0 -2
0 -2
0 -2
0 -2
0 -2
0 -2
0 -2
0 -2
0 -2
0 -2
0 -2
0 -2
0 -2
0 -2
0 -2
0 -2
0 -2
0 -2
0 -2
0 -2
0 -2
0 -2
0 -2
0 -2
0 -2
0 -2
0 -2
0 -2
0 -2
0 -2
0 -2
0 -2
0 -2
0 -2
0 -2
0 -2
0 -2
0 -2
0 -2
0 -2
0 -2
0 -2
0 -2
0 -2
0 -2
0 -2
0 -2
0 -2
0 -2
0 -2
0 -2
0 -2
0 -2
0 -2
0 -2
0 -2
0 -2
0 -2
0 -2
0 -2
0 -2
0 -2
0 -2
0 -2
0 -2
0 -2
0 -2
0 -2
0 -2
0 -2
0 -2
0 -2
0 -2
0 -2
0 -2
0 -2
0 -2
0 -2
0 -2
0 -2
0 -2
0 -2
0 -2
0 -2
0 -2
0 -2
0 -2
0 -2
0 -2
0 -2
0 -2
0 -2
0 -2
0 -2
0 -2
0 -2
0 -2
0 -2
0 -2
0 -2
0 -2
0 -2
0 -2
0 -2
0 -2
0 -2
0 -2
0 -2
0 -2
0 -2
0 -2
0 -2
0 -2
0 -2
0 -2
0 -2
0 -2
0 -2
0 -2
0 -2
0 -2
0 -2
0 -2
0 -2
0 -2
0 -2
0 -2
0 -2
0 -2
0 -2
0 -2
0 -2
0 -2
0 -2
0 -2
0 -2
0 -2
0 -2
0 -2
0 -2
0 -2
0 -2
0 -2
0 -2
0 -2
0 -2
0 -2
0 -2
0 -2
0 -2
0 -2
0 -2
0 -2
0 -2
0 -2
0 -2
0 -2
0 -2
0 -2
0 -2
0 -2
0 -2
0 -2
0 -2
0 -2
0 -2
0 -2
0 -2
0 -2
0 -2
0 -2
0 -2
0 -2
0 -2
0 -2
0 -2
0 -2
0 -2
0 -2
0 -2
0 -2
0 -2
0 -2
0 -2
0 -2
0 -2
0 -2
0 -2
0 -2
0 -2
0 -2
0 -2
0 -2
0 -2
0 -2
0 -2
0 -2
0 -2
0 -2
0 -2
0 -2
0 -2
0 -2
0 -2
0 -2
0 -2
0 -2
0 -2
0 -2
0 -2
0 -2
0 -2
0 -2
0 -2
0 -2
0 -2
0 -2
0 -2
0 -2
0 -2
0 -2
0 -2
0 -2
0 -2
0 -2
0 -2
0 -2
0 -2
0 -2
0 -2
0 -2
0 -2
0 -2
0 -2
0 -2
0 -2
0 -2
0 -2
0 -2
0 -2
0 -2
0 -2
0 -2
0 -2
0 -2
0 -2
0 -2
0 -2
0 -2
0 -2
0 -2
0 -2
0 -2
0 -2
0 -2
0 -2
0 -2
0 -2
0 -2
0 -2
0 -2
0 -2
0 -2
0 -2
0 -2
0 -2
0 -2
0 -2
0 -2
0 -2
0 -2
0 -2
0 -2
0 -2
0 -2
0 -2
0 -2
0 -2
0 -2
0 -2
0 -2
0 -2
0 -2
0 -2
0 -2
0 -2
0 -2
0 -2
0 -2
0 -2
0 -2
0 -2
0 -2
0 -2
0 -2
0 -2
0 -2
0 -2
0 -2
0 -2
0 -2
0 -2
0 -2
0 -2
0 -2
0 -2
0 -2
0 -2
0 -2
0 -2
0 -2
0 -2
0 -2
0 -2
0 -2
0 -2
0 -2
0 -2
0 -2
0 -2
0 -2
0 -2
0 -2
0 -2
0 -2
0 -2
0 -2
0 -2
0 -2
0 -2
0 -2
0 -2
0 -2
0 -2
0 -2
0 -2
0 -2
0 -2
0 -2
0 -2
0 -2
0 -2
0 -2
0 -2
0 -2
0 -2
0 -2
0 -2
0 -2
0 -2
0 -2
0 -2
0 -2
0 -2
0 -2
0 -2
0 -2
0 -2
0 -2
0 -2
0 -2
0 -2
0 -2
0 -2
0 -2
0 -2
0 -2
0 -2
0 -2
0 -2
0 -2
0 -2
0 -2
0 -2
0 -2
0 -2
0 -2
0 -2
0 -2
0 -2
0 -2
0 -2
0 -2
0 -2
0 -2
0 -2
0 -2
0 -2
0 -2
0 -2
0 -2
0 -2
0 -2
0 -2
0 -2
0 -2
0 -2
0 -2
0 -2
0 -2
0 -2
0 -2
0 -2
0 -2
0 -2
0 -2
0 -2
0 -2
0 -2
0 -2
0 -2
0 -2
0 -2
0 -2
0 -2
0 -2
0 -2
0 -2
0 -2
0 -2
0 -2
0 -2
0 -2
0 -2
0 -2
0 -2
0 -2
0 -2
0 -2
0 -2
0 -2
0 -2
0 -2
0 -2
0 -2
0 -2
0 -2
0 -2
0 -2
0 -2
0 -2
0 -2
0 -2
0 -2
0 -2
0 -2
0 -2
0 -2
0 -2
0 -2
0 -2
0 -2
0 -2
0 -2
0 -2
0 -2
0 -2
0 -2
0 -2
0 -2
0 -2
0 -2
0 -2
0 -2
0 -2
0 -2
0 -2
0 -2
0 -2
0 -2
0 -2
0 -2
0 -2
0 -2
0 -2
0 -2
0 -2
0 -2
0 -2
0 -2
0 -2
0 -2
0 -2
0 -2
0 -2
0 -2
0 -2
0 -2
0 -2
0 -2
0 -2
0 -2
0 -2
0 -2
0 -2
0 -2
0 -2
0 -2
0 -2
0 -2
0 -2
0 -2
0 -2
0 -2
0 -2
0 -2
0 -2
0 -2
0 -2
0 -2
0 -2
0 -2
0 -2
0 -2
0 -2
0 -2
0 -2
0 -2
0 -2
0 -2
0 -2
0 -2
0 -2
0 -2
0 -2
0 -2
0 -2
0 -2
0 -2
0 -2
0 -2
0 -2
0 -2
0 -2
0 -2
0 -2
0 -2
0 -2
0 -2
0 -2
0 -2
0 -2
0 -2
0 -2
0 -2
0 -2
0 -2
0 -2
0 -2
0 -2
0 -2
0 -2
0 -2
0 -2
0 -2
0 -2
0 -2
0 -2
0 -2
0 -2
0 -2
0 -2
0 -2
0 -2
0 -2
0 -2
0 -2
0 -2
0 -2
0 -2
0 -2
0 -2
0 -2
0 -2
0 -2
0 -2
0 -2
0 -2
0 -2
0 -2
0 -2
0 -2
0 -2
0 -2
0 -2
0 -2
0 -2
0 -2
0 -2
0 -2
0 -2
0 -2
0 -2
0 -2
0 -2
0 -2
0 -2
0 -2
0 -2
0 -2
0 -2
0 -2
0 -2
0 -2
0 -2
0 -2
0 -2
0 -2
0 -2
0 -2
0 -2
0 -2
0 -2
0 -2
0 -2
0 -2
0 -2
0 -2
0 -2
0 -2
0 -2
0 -2
0 -2
0 -2
0 -2
0 -2
0 -2
0 -2
0 -2
0 -2
0 -2
0 -2
0 -2
0 -2
0 -2
0 -2
0 -2
0 -2
0 -2
0 -2
0 -2
0 -2
0 -2
0 -2
0 -2
0 -2
0 -2
0 -2
0 -2
0 -2
0 -2
0 -2
0 -2
0 -2
0 -2
0 -2
0 -2
0 -2
0 -2
0 -2
0 -2
0 -2
0 -2
0 -2
0 -2
0 -2
0 -2
0 -2
0 -2
0 -2
0 -2
0 -2
0 -2
0 -2
0 -2
0 -2
0 -2
0 -2
0 -2
0 -2
0 -2
0 -2
0 -2
0 -2
0 -2
0 -2
0 -2
0 -2
0 -2
0 -2
0 -2
0 -2
0 -2
0 -2
0 -2
0 -2
0 -2
0 -2
0 -2
0 -2
0 -2
0 -2
0 -2
0 -2
0 -2
0 -2
0 -2
0 -2
0 -2
0 -2
0 -2
0 -2
0 -2
0 -2
0 -2
0 -2
0 -2
0 -2
0 -2
0 -2
0 -2
0 -2
0 -2
0 -2
0 -2
0 -2
0 -2
0 -2
0 -2
0 -2
0 -2
0 -2
0 -2
0 -2
0 -2
0 -2
0 -2
0 -2
0 -2
0 -2
0 -2
0 -2
0 -2
0 -2
0 -2
0 -2
0 -2
0 -2
0 -2
0 -2
0 -2
0 -2
0 -2
0 -2
0 -2
0 -2
0 -2
0 -2
0 -2
0 -2
0 -2
0 -2
0 -2
0 -2
0 -2
0 -2
0 -2
0 -2
0 -2
0 -2
0 -2
0 -2
0 -2
0 -2
0 -2
0 -2
0 -2
0 -2
0 -2
0 -2
0 -2
0 -2
0 -2
0 -2
0 -2
0 -2
0 -2
0 -2
0 -2
0 -2
0 -2
0 -2
0 -2
0 -2
0 -2
0 -2
0 -2
0 -2
0 -2
0 -2
0 -2
0 -2
0 -2
0 -2
0 -2
0 -2
0 -2
0 -2
0 -2
0 -2
0 -2
0 -2
0 -2
0 -2
0 -2
0 -2
0 -2
0 -2
0 -2
0 -2
0 -2
0 -2
0 -2
0 -2
0 -2
0 -2
0 -2
0 -2
0 -2
0 -2
0 -2
0 -2
0 -2
0 -2
0 -2
0 -2
0 -2
0 -2
0 -2
0 -2
0 -2
0 -2
0 -2
0 -2
0 -2
0 -2
0 -2
0 -2
0 -2
0 -2
0 -2
0 -2
0 -2
0 -2
0 -2
0 -2
0 -2
0 -2
0 -2
0 -2
0 -2
0 -2
0 -2
0 -2
0 -2
0 -2
0 -2
0 -2
0 -2
0 -2
0 -2
0 -2
0 -2
0 -2
0 -2
0 -2
0 -2
0 -2
0 -2
0 -2
0 -2
0 -2
0 -2
0 -2
0 -2
0 -2
0 -2
0 -2
0 -2
0 -2
0 -2
0 -2
0 -2
0 -2
0 -2
0 -2
0 -2
0 -2
0 -2
0 -2
0 -2
0 -2
0 -2
0 -2
0 -2
0 -2
0 -2
0 -2
0 -2
0 -2
0 -2
0 -2
0 -2
0 -2
0 -2
0 -2
0 -2
0 -2
0 -2
0 -2
0 -2
0 -2
0 -2
0 -2
0 -2
0 -2
0 -2
0 -2
0 -2
0 -2
0 -2
0 -2
0 -2
0 -2
0 -2
0 -2
0 -2
0 -2
0 -2
0 -2
0 -2
0 -2
0 -2
0 -2
0 -2
0 -2
0 -2
0 -2
0 -2
0 -2
0 -2
0 -2
0 -2
0 -2
0 -2
0 -2
0 -2
0 -2
0 -2
0 -2
0 -2
0 -2
0 -2
0 -2
0 -2
0 -2
0 -2
0 -2
0 -2
0 -2
0 -2
0 -2
0 -2
0 -2
0 -2
0 -2
0 -2
0 -2
0 -2
0 -2
0 -2
0 -2
0 -2
0 -2
0 -2
0 -2
0 -2
0 -2
