0 1
0 1
0 -2
-2 -20
3 -31
4 -35
1 -38
1 -38
1 -38
1 -38
1 -38
1 -38
1 -38
1 -38
1 -38
1 -38
1 -38
1 -38
1 -38
1 -38
1 -38
1 -38
1 -38
1 -38
1 -38
1 -38
1 -38
1 -38
0 -42
0 -42
0 -42
0 -42
0 -42
0 -42
0 -42
0 -42
0 -42
0 -42
0 -42
0 -42
0 -42
0 -42
0 -42
0 -42
0 -42
0 -42
0 -42
0 -42
0 -42
0 -42
0 -42
0 -42
0 -42
0 -42
0 -42
0 -42
0 -42
0 -42
0 -42
0 -42
0 -42
0 -42
0 -42
0 -42
0 -42
0 -42
0 -42
0 -42
0 -42
0 -42
0 -42
0 -47
-1 -46
-1 -46
-1 -46
-1 -46
-1 -46
-1 -46
-1 -46
-1 -46
-1 -46
-1 -46
-1 -46
-1 -46
-1 -46
-1 -46
-1 -46
-1 -46
-1 -46
-1 -46
-1 -46
-1 -46
-1 -46
-1 -46
-1 -46
-1 -46
-1 -46
-1 -46
-1 -46
-1 -46
-1 -46
-1 -46
-1 -46
-1 -46
-1 -46
-1 -46
-1 -46
-1 -46
-1 -46
3 -52
3 -52
3 -52
3 -52
3 -52
3 -52
3 -52
3 -52
3 -52
3 -52
3 -52
3 -52
3 -52
3 -52
3 -52
3 -52
3 -52
3 -52
3 -52
3 -52
3 -52
3 -52
3 -52
3 -52
3 -52
3 -52
3 -52
3 -52
3 -52
3 -52
3 -52
3 -52
-5 -46
-5 -46
-5 -46
-5 -46
-5 -46
-5 -46
-5 -46
-5 -46
-5 -46
-5 -46
-5 -46
-5 -46
-5 -46
-5 -46
-5 -46
-5 -46
-5 -46
-5 -50
-5 -50
-5 -50
-5 -50
-5 -50
-5 -50
-5 -50
-5 -50
-5 -50
-5 -50
-5 -50
-5 -50
-5 -50
-5 -50
-5 -50
-5 -50
-5 -50
-5 -50
-5 -50
-4 -43
-4 -43
-4 -43
-4 -43
-4 -43
-4 -43
-4 -43
-4 -43
-4 -43
-4 -43
-4 -43
-4 -43
-4 -43
-4 -43
-4 -43
-4 -43
-4 -43
-4 -43
-4 -43
-4 -43
-4 -43
-4 -43
-4 -43
-4 -43
-4 -43
-4 -43
-4 -43
-4 -43
-4 -43
-4 -43
-4 -43
-4 -43
-4 -43
-4 -43
-4 -43
-4 -43
-4 -43
-4 -43
-4 -43
-4 -43
-4 -43
-4 -43
-4 -43
-4 -43
-4 -43
-4 -43
-4 -43
-4 -43
-4 -43
-4 -43
-4 -43
-4 -43
-4 -43
-4 -43
-4 -43
-4 -43
-4 -43
-4 -43
-4 -43
-4 -43
-4 -43
-4 -43
-4 -43
-4 -43
-4 -43
-4 -43
-4 -43
-4 -43
-4 -43
-4 -43
-4 -43
-4 -43
-4 -43
-4 -43
-4 -43
-4 -43
-4 -43
-4 -43
-4 -43
-4 -43
-4 -43
-4 -43
-4 -43
-4 -43
-4 -43
-4 -43
-4 -43
-3 -49
-3 -49
-5 -51
-3 -39
-3 -39
-3 -39
-3 -39
-3 -39
-3 -39
-3 -39
-3 -39
-3 -39
-3 -39
-3 -39
-3 -39
-3 -39
-3 -39
-3 -39
-3 -39
-3 -39
-3 -39
-3 -39
-3 -39
-3 -39
-3 -39
-3 -39
-3 -39
-3 -39
-3 -39
-3 -39
-3 -39
-3 -39
-3 -49
-3 -49
-3 -49
-3 -49
-3 -49
-3 -49
-3 -49
-3 -49
-3 -49
-3 -49
-3 -49
-3 -49
-3 -49
-3 -49
-3 -49
-3 -49
-3 -49
-3 -49
-3 -49
-3 -49
-5 -50
-5 -50
-5 -50
-5 -50
-5 -50
-5 -50
-5 -50
-5 -50
-5 -50
-5 -50
-5 -50
-5 -50
-5 -50
-5 -50
-5 -50
-5 -50
-5 -50
-5 -50
-5 -50
-5 -50
-5 -50
-5 -50
-5 -50
-5 -50
-5 -50
-5 -50
-5 -50
-5 -50
-5 -50
-5 -50
-5 -50
-5 -50
-5 -50
-5 -50
-5 -50
-5 -50
-5 -50
-5 -50
-5 -50
-5 -50
-5 -50
-5 -50
-5 -50
-5 -50
-5 -50
-5 -50
-5 -50
-8 -50
-8 -50
-8 -50
-8 -50
-8 -50
-8 -50
-8 -50
-8 -50
-8 -50
-8 -50
-8 -50
-8 -50
-8 -50
-8 -50
-8 -50
-8 -50
-8 -50
-8 -50
-8 -50
-8 -50
-8 -50
-8 -50
-8 -50
-8 -50
-8 -50
-8 -50
-8 -50
-8 -50
-8 -50
-8 -50
-8 -50
-8 -50
-8 -50
-8 -50
-8 -50
-8 -50
-8 -50
-8 -50
-8 -50
-8 -50
-8 -50
-8 -50
-8 -50
-8 -50
-8 -50
-8 -50
-12 -42
-9 -46
-9 -46
-9 -46
-9 -46
-9 -46
-9 -46
-9 -46
-9 -46
-9 -46
-9 -46
-9 -46
-16 -46
-16 -46
-16 -46
-16 -46
-16 -46
-16 -46
-16 -46
-16 -46
-16 -46
-16 -46
-16 -46
-16 -46
-16 -46
-16 -46
-16 -46
-16 -46
-16 -46
-16 -46
-16 -46
-16 -46
-16 -46
-16 -46
-16 -46
-16 -46
-16 -46
-16 -46
-16 -46
-16 -46
-16 -46
-16 -46
-16 -46
-16 -46
-16 -46
-16 -46
-16 -46
-16 -46
-16 -46
-16 -46
-17 -52
-17 -52
-17 -52
-17 -52
-17 -52
-17 -52
-17 -52
-17 -52
-17 -52
-17 -52
-17 -52
-17 -52
-17 -52
-17 -52
-17 -52
-17 -52
-17 -52
-17 -52
-10 -43
-10 -43
-10 -43
-10 -43
-10 -43
-10 -43
-10 -43
-10 -43
-10 -43
-10 -43
-10 -43
-10 -43
-10 -43
-10 -43
-10 -43
-10 -43
-10 -43
-10 -43
-10 -43
-10 -43
-10 -43
-10 -43
-10 -43
-10 -43
-10 -43
-10 -43
-10 -43
-10 -43
-10 -43
-10 -43
-10 -43
-10 -43
-10 -43
-10 -43
-11 -44
-11 -44
-11 -44
-11 -44
-11 -44
-11 -44
-11 -44
-11 -44
-11 -44
-11 -44
-11 -44
-11 -44
-11 -44
-11 -44
-11 -44
-11 -44
-11 -44
-11 -44
-11 -44
-11 -44
-11 -44
-11 -44
-11 -44
-11 -44
-11 -44
-11 -44
-11 -44
-11 -44
-11 -44
-11 -44
-11 -44
-11 -44
-11 -44
-11 -44
-11 -44
-11 -44
-11 -44
-11 -44
-11 -44
-10 -33
-10 -33
-14 -41
-14 -41
-14 -41
-14 -41
-14 -41
-14 -41
-14 -41
-14 -41
-14 -41
-14 -41
-14 -41
-14 -41
-14 -41
-14 -41
-14 -41
-14 -41
-14 -41
-14 -41
-14 -41
-14 -41
-14 -41
-14 -41
-14 -41
-14 -41
-14 -41
-14 -41
-14 -41
-14 -41
-14 -41
-14 -41
-14 -41
-14 -41
-14 -41
-14 -41
-14 -41
-12 -36
-12 -36
-12 -36
-12 -36
-12 -36
-12 -36
-12 -36
-12 -36
-12 -36
-12 -36
-12 -36
-12 -36
-12 -36
-12 -36
-12 -36
-12 -36
-12 -36
-12 -36
-12 -36
-20 -41
-20 -41
-20 -41
-20 -41
-20 -41
-20 -41
-20 -41
-20 -41
-20 -41
-20 -41
-20 -41
-20 -41
-20 -41
-20 -41
-20 -41
-20 -41
-20 -41
-20 -41
-20 -41
-20 -41
-20 -41
-20 -41
-20 -41
-20 -41
-20 -41
-20 -41
-20 -41
-20 -41
-20 -41
-20 -41
-20 -41
-20 -41
-20 -41
-20 -41
-20 -41
-20 -41
-20 -41
-13 -34
-13 -34
-13 -34
-13 -34
-13 -34
-13 -34
-13 -34
-13 -34
-13 -34
-13 -34
-13 -34
-13 -34
-13 -34
-13 -34
-13 -34
-13 -34
-13 -34
-13 -34
-13 -34
-13 -34
-13 -34
-13 -34
-13 -34
-13 -34
-13 -34
-13 -34
-13 -34
-13 -34
-13 -34
-13 -34
-13 -34
-13 -34
-13 -34
-13 -34
-13 -34
-13 -34
-13 -34
-13 -34
-13 -34
-13 -34
-13 -34
-13 -34
-13 -34
-13 -34
-13 -30
-17 -30
-17 -30
-17 -30
-17 -30
-17 -30
-17 -30
-17 -30
-17 -30
-17 -30
-17 -30
-17 -30
-17 -30
-17 -30
-17 -30
-17 -30
-17 -30
-17 -30
-17 -30
-17 -30
-17 -30
-17 -30
-17 -30
-17 -30
-17 -30
-17 -30
-17 -30
-17 -30
-17 -30
-17 -30
-17 -30
-17 -30
-17 -30
-17 -30
-17 -30
-17 -30
-17 -30
-17 -30
-17 -30
-17 -30
-17 -30
-17 -30
-17 -30
-17 -30
-17 -30
-17 -30
-17 -30
-17 -30
-17 -30
-17 -30
-17 -30
-17 -30
-17 -30
-17 -30
-17 -30
-17 -30
-17 -30
-17 -30
-18 -28
-18 -28
-18 -28
-18 -28
-18 -28
-18 -28
-18 -28
-18 -28
-18 -28
-18 -28
-18 -28
-18 -28
-18 -28
-18 -28
-18 -28
-18 -28
-18 -28
-18 -28
-18 -28
-18 -28
-18 -28
-18 -28
-18 -28
-18 -28
-18 -28
-18 -28
-18 -28
-18 -28
-18 -28
-18 -28
-18 -28
-18 -28
-18 -28
-18 -28
-18 -28
-18 -28
-11 -31
-11 -31
-11 -31
-11 -31
-11 -31
-11 -31
-11 -31
-11 -31
-11 -31
-11 -31
-11 -31
-11 -31
-11 -31
-11 -31
-11 -31
-11 -31
-11 -31
-11 -31
-11 -31
-11 -31
-11 -31
-11 -31
-11 -31
-11 -31
-11 -31
-11 -31
-11 -31
-11 -31
-11 -31
-11 -31
-11 -31
-11 -31
-11 -31
-11 -31
-11 -31
-11 -31
-11 -31
-11 -31
-11 -31
-11 -31
-11 -31
-11 -31
-11 -31
-11 -31
-11 -31
-11 -31
-11 -31
-11 -31
-11 -31
-11 -31
-11 -31
-11 -31
-11 -31
-11 -31
-11 -31
-11 -31
-11 -31
-11 -31
-11 -31
-11 -31
-11 -31
-11 -31
-11 -31
-11 -19
-16 -20
-16 -20
-16 -20
-16 -20
-16 -20
-16 -20
-16 -20
-16 -20
-16 -20
-16 -20
-16 -20
-16 -20
-16 -20
-16 -20
-16 -20
-16 -20
-16 -20
-16 -20
-16 -20
-16 -20
-16 -20
-16 -20
-16 -20
-16 -20
-16 -20
-16 -20
-16 -20
-16 -20
-16 -20
-16 -20
-16 -20
-16 -20
-16 -20
-23 -23
-17 -16
-17 -16
-17 -16
-17 -16
-17 -16
-17 -16
-17 -16
-17 -16
-17 -16
-17 -16
-17 -16
-17 -16
-17 -16
-17 -16
-17 -16
-17 -16
-17 -16
-17 -16
-17 -16
-17 -16
-17 -16
-17 -16
-17 -16
-17 -19
-17 -19
-17 -19
-17 -19
-17 -19
-17 -19
-17 -19
-17 -19
-17 -19
-17 -19
-17 -19
-17 -19
-17 -19
-17 -19
-17 -19
-17 -19
-17 -19
-17 -19
-17 -19
-17 -19
-17 -19
-17 -19
-17 -19
-17 -19
-17 -19
-17 -19
-17 -19
-17 -19
-17 -19
-17 -19
-17 -19
-17 -19
-17 -19
-17 -19
-17 -19
-17 -19
-17 -19
-17 -19
-17 -19
-17 -19
-17 -19
-17 -19
-17 -19
-23 -20
-9 -17
-9 -17
-9 -17
-9 -17
-9 -17
-9 -17
-9 -17
-9 -17
-9 -17
-9 -17
-9 -17
-9 -17
-9 -17
-9 -17
-9 -17
-9 -17
-9 -17
-9 -17
-9 -17
-9 -17
-9 -17
-9 -17
-9 -17
-9 -17
-9 -17
-9 -17
-9 -17
-9 -17
-9 -17
-9 -17
-9 -17
-19 -12
-19 -12
-19 -12
-19 -12
-19 -12
-19 -12
-19 -12
-19 -12
-19 -12
-19 -12
-19 -12
-19 -12
-19 -12
-19 -12
-19 -12
-19 -12
-19 -12
-19 -12
-19 -12
-19 -12
-19 -12
-19 -12
-19 -12
-19 -12
-19 -12
-19 -12
-19 -12
-19 -12
-19 -12
-19 -12
-19 -12
-19 -12
-19 -12
-19 -12
-19 -12
-19 -12
-19 -12
-19 -12
-19 -12
-19 -12
-19 -12
-19 -12
-19 -12
-19 -12
-19 -12
-19 -12
-19 -12
-19 -12
-19 -6
-23 -1
-23 -1
-23 -1
-23 -1
-23 -1
-23 -1
-23 -1
-23 -1
-23 -1
-23 -1
-23 -1
-23 -1
-23 -1
-23 -1
-23 -1
-23 -1
-23 -1
-23 -1
-23 -1
-23 -1
-23 -1
-23 -1
-23 -1
-23 -1
-23 -1
-23 -1
-23 -1
-23 -1
-23 -1
-23 -1
-23 -1
-23 -1
-23 -1
-23 -1
-23 -1
-23 -1
-23 -1
-23 -1
-23 -1
-23 -1
-23 -1
-23 -1
-23 -1
-23 -1
-23 -1
-21 -4
-21 -4
-21 -4
-21 -4
-21 -4
-21 -4
-21 -4
-21 -4
-21 -4
-21 -4
-21 -4
-21 -4
-21 -4
-21 -4
-21 -4
-21 -4
-21 -4
-21 -4
-21 -4
-21 -4
-23 0
-23 0
-23 0
-23 0
-23 0
-23 0
-23 0
-23 0
-23 0
-23 0
-23 0
-23 0
-23 0
-23 0
-23 0
-23 0
-23 0
-23 0
-23 0
-23 0
-23 0
-23 0
-23 0
-23 0
-23 0
-23 0
-23 0
-23 0
-23 0
-23 0
-23 0
-23 0
-23 0
-23 0
-23 0
-23 0
-23 0
-23 0
-23 0
-23 0
-23 0
-23 0
-23 0
-23 0
-23 0
-23 0
-22 -2
-22 -2
-22 -2
-22 -2
-22 -2
-22 -2
-22 -2
-22 -2
-22 -2
-22 -2
-22 -2
-22 -2
-22 -2
-22 -2
-22 -2
-22 -2
-22 -2
-22 -2
-22 -2
-22 -2
-22 -2
-22 -2
-22 -2
-22 -2
-22 -2
-22 -2
-22 -2
-22 -2
-22 -2
-22 -2
-22 -2
-22 -2
-22 -2
-22 -2
-22 -2
-22 -2
-22 -2
-22 -2
-22 -2
-22 -2
-22 -2
-22 -2
-22 -2
-20 -1
-20 0
-20 0
-20 0
-20 0
-20 0
-20 0
-20 0
-20 0
-20 0
-20 0
-20 0
-20 0
-20 0
-20 0
-20 0
-20 0
-20 0
-20 0
-20 0
-20 0
-20 0
-20 0
-20 0
-20 0
-20 0
-20 0
-20 0
-20 0
-20 0
-20 0
-20 0
-20 0
-20 0
-20 0
-20 0
-20 0
-20 0
-20 0
-20 0
-20 0
-20 0
-20 0
-20 0
-20 0
-20 0
-20 0
-20 0
-20 0
-20 0
-20 0
-20 0
-20 0
-20 0
-20 0
-20 0
-20 0
-20 0
-20 0
-20 0
-20 0
-20 0
-20 0
-20 0
-20 -1
-23 5
-23 5
-23 5
-23 5
-23 5
-23 5
-23 5
-23 5
-23 5
-23 5
-23 5
-23 5
-23 5
-23 5
-23 5
-23 5
-23 5
-23 5
-23 5
-23 5
-23 5
-23 5
-23 5
-23 5
-23 5
-23 5
-23 5
-23 5
-23 5
-23 5
-23 5
-23 5
-23 5
-23 5
-23 5
-23 5
-23 5
-23 5
-23 5
-23 5
-23 5
-23 5
-23 5
-23 5
-23 5
-23 5
-23 5
-23 5
-23 5
-23 5
-23 5
-23 5
-23 5
-23 5
-27 -2
-19 4
-19 4
-19 4
-19 4
-19 4
-19 4
-19 4
-19 4
-19 4
-19 4
-19 4
-19 4
-19 4
-19 4
-19 4
-19 4
-19 4
-19 4
-19 4
-19 4
-19 4
-19 4
-19 4
-19 4
-19 4
-19 4
-19 4
-19 4
-19 4
-19 4
-18 4
-18 4
-18 4
-18 4
-18 4
-18 4
-18 4
-18 4
-18 4
-18 4
-18 4
-18 4
-18 4
-18 4
-18 4
-18 4
-18 4
-18 4
-18 4
-18 4
-18 4
-18 4
-18 4
-18 4
-18 4
-18 4
-18 4
-18 4
-18 4
-18 4
-18 4
-18 4
-18 4
-18 4
-18 4
-20 2
-19 1
-19 1
-19 1
-19 1
-19 1
-19 1
-19 1
-19 1
-19 1
-19 1
-19 1
-19 1
-19 4
-19 4
-19 4
-19 4
-19 4
-19 4
-19 4
-19 4
-19 4
-19 4
-19 4
-19 4
-19 4
-19 4
-19 4
-19 4
-19 4
-19 4
-19 4
-19 4
-19 4
-19 4
-19 4
-19 4
-19 4
-19 4
-19 4
-19 4
-19 4
-19 4
-22 4
-22 4
-22 4
-22 4
-22 4
-22 4
-22 4
-22 4
-22 4
-22 4
-22 4
-22 4
-22 4
-22 4
-22 4
-22 4
-22 4
-22 4
-22 4
-22 4
-22 4
-22 4
-22 4
-22 4
-22 4
-22 4
-22 4
-22 4
-22 4
-22 4
-22 4
-22 4
-22 4
-22 4
-22 4
-22 4
-22 4
-22 4
-22 4
-22 4
-22 4
-22 4
-21 5
-21 5
-21 5
-21 5
-21 5
-21 5
-21 5
-21 5
-21 5
-21 5
-21 5
-21 5
-21 5
-21 5
-21 5
-21 5
-21 5
-21 5
-21 5
-21 5
-21 5
-21 5
-21 5
-21 5
-21 5
-21 5
-21 5
-21 5
-21 5
-21 5
-21 5
-21 5
-21 5
-21 5
-21 5
-21 5
-21 5
-21 5
-21 5
-21 5
-21 5
-21 5
-21 5
-26 2
-26 6
-26 6
-26 6
-26 6
-26 6
-26 6
-26 6
-26 6
-26 6
-26 6
-26 6
-26 6
-26 6
-26 6
-26 6
-27 7
-27 7
-27 7
-27 7
-27 7
-27 7
-27 7
-27 7
-27 7
-27 7
-27 7
-27 7
-27 7
-27 7
-27 7
-27 7
-27 7
-27 7
-27 7
-27 7
-27 7
-27 7
-27 7
-27 7
-27 7
-27 7
-27 7
-27 7
-27 7
-27 7
-27 7
-27 7
-27 7
-27 7
-27 7
-27 7
-27 7
-31 8
-31 8
-31 8
-31 8
-31 8
-31 8
-31 8
-31 8
-31 8
-31 8
-31 8
-31 8
-31 8
-31 8
-31 8
-31 8
-31 8
-31 8
-36 9
-36 9
-36 9
-36 9
-36 9
-36 9
-36 9
-36 9
-36 9
-36 9
-36 9
-36 9
-36 9
-36 9
-36 9
-36 9
-36 9
-36 9
-36 9
-36 9
-36 9
-36 9
-36 9
-36 9
-36 9
-36 9
-36 9
-36 9
-36 9
-36 9
-36 9
-36 9
-36 9
-36 9
-36 9
-36 9
-36 9
-36 9
-29 10
-29 10
-29 10
-29 10
-29 10
-29 10
-29 10
-29 10
-29 10
-29 10
-29 10
-29 10
-29 10
-29 10
-29 10
-29 10
-29 10
-29 10
-29 10
-29 10
-29 10
-29 10
-29 10
-29 10
-29 10
-29 10
-29 10
-29 10
-29 10
-29 10
-29 10
-29 10
-29 10
-29 10
-37 9
-37 9
-37 9
-37 9
-37 9
-37 9
-37 9
-39 18
-39 18
-39 18
-39 18
-39 18
-39 18
-39 18
-39 18
-39 18
-39 18
-39 18
-39 18
-39 18
-39 18
-39 18
-39 17
-39 17
-39 17
-39 17
-39 17
-39 17
-39 17
-39 17
-39 17
-39 17
-39 17
-44 19
-44 19
-44 19
-44 19
-44 19
-44 19
-44 19
-44 19
-44 19
-44 19
-44 19
-44 19
-44 19
-44 19
-44 19
-44 19
-44 19
-44 19
-44 19
-44 19
-44 19
-44 19
-44 19
-44 19
-44 19
-44 19
-44 19
-44 19
-44 19
-44 19
-44 19
-39 13
-39 13
-39 13
-39 13
-39 13
-39 13
-39 13
-39 13
-39 13
-39 13
-39 13
-39 13
-39 13
-39 13
-39 13
-39 13
-39 13
-39 13
-39 13
-39 13
-39 13
-39 13
-39 13
-30 20
-38 23
-38 23
-38 23
-38 23
-38 23
-38 23
-38 23
-38 23
-38 23
-38 23
-38 23
-28 22
-28 22
-28 22
-28 22
-28 22
-28 22
-28 22
-28 22
-41 29
-41 29
-41 29
-41 29
-41 29
-41 29
-41 29
-41 29
-41 29
-41 29
-41 29
-41 29
-41 29
-38 31
-38 31
-38 31
-38 31
-38 31
-38 31
-38 31
-38 31
-38 31
-38 31
-38 31
-38 31
-38 31
-38 31
-38 31
-38 31
-38 31
-38 31
-38 31
-38 31
-38 31
-38 31
-38 31
-38 31
-38 31
-38 31
-38 31
-38 31
-38 31
-38 31
-30 25
-30 25
-30 25
-30 25
-30 25
-30 25
-30 25
-30 25
-30 25
-30 25
-30 25
-30 25
-30 25
-30 25
-30 25
-30 25
-30 25
-30 25
-30 25
-30 25
-30 25
-30 25
-30 25
-30 25
-30 25
-30 25
-30 25
-30 25
-30 25
-30 25
-30 25
-30 25
-30 25
-28 28
-28 28
-28 28
-28 28
-28 28
-28 28
-28 28
-28 28
-28 28
-28 28
-28 28
-28 28
-28 28
-28 28
-28 28
-28 28
-28 28
-28 28
-28 28
-28 28
-28 28
-28 28
-28 28
-28 28
-28 28
-28 28
-28 28
-28 28
-28 28
-28 28
-28 28
-27 31
-27 31
-27 31
-27 31
-27 31
-27 31
-27 31
-27 31
-27 31
-27 31
-21 32
-21 32
-21 32
-21 32
-21 32
-21 32
-21 32
-21 32
-21 32
-21 32
-21 32
-21 32
-21 32
-21 32
-21 32
-21 32
-21 32
-21 32
-21 32
-21 32
-21 32
-21 32
-21 32
-21 32
-21 32
-21 32
-21 32
-26 37
-26 37
-26 37
-26 37
-26 37
-26 37
-26 37
-26 37
-26 37
-26 37
-26 37
-26 37
-26 37
-26 37
-26 37
-26 37
-26 37
-26 37
-26 37
-26 37
-26 37
-26 37
-26 37
-26 37
-26 37
-26 37
-26 37
-26 37
-26 37
-26 37
-26 37
-26 37
-26 37
-26 37
-26 37
-26 37
-26 37
-26 37
-26 37
-26 37
-26 37
-26 37
-17 30
-17 30
-17 30
-17 30
-17 30
-17 30
-17 30
-17 30
-17 30
-17 30
-17 30
-17 30
-17 30
-17 30
-17 30
-17 30
-17 30
-17 30
-17 30
-17 30
-17 30
-17 30
-17 30
-17 30
-17 30
-17 30
-17 30
-22 32
-18 34
-18 34
-18 34
-18 34
-18 34
-18 34
-18 34
-18 34
-18 34
-18 34
-18 34
-18 34
-18 34
-18 34
-18 34
-18 34
-18 34
-18 34
-18 34
-18 34
-18 34
-18 34
-18 34
-18 34
-14 35
-14 35
-14 35
-14 35
-14 35
-14 35
-14 35
-14 35
-14 35
-14 35
-14 35
-19 34
-19 34
-19 34
-19 34
-19 34
-19 34
-19 34
-19 34
-19 34
-19 34
-19 34
-19 34
-19 34
-19 34
-19 34
-19 34
-19 34
-19 34
-19 34
-19 34
-19 34
-19 34
-19 34
-19 34
-19 34
-19 34
-19 34
-19 34
-19 34
-19 34
-19 34
-19 34
-19 34
-11 38
-11 38
-11 38
-11 38
-11 38
-11 38
-11 38
-11 38
-11 38
-11 38
-11 38
-11 38
-11 38
-11 38
-11 38
-11 38
-11 38
-11 38
-11 38
-11 38
-11 38
-11 38
-11 38
-11 38
-11 38
-11 38
-11 38
-11 38
-11 38
-11 38
-11 38
-11 38
-11 38
-11 38
-12 26
-12 26
-12 26
-12 26
-12 26
-12 26
-12 26
-12 26
-12 26
-12 26
-12 26
-12 26
-12 26
-12 26
-12 26
-12 26
-12 26
-12 26
-12 26
-12 26
-12 26
-12 26
-12 26
-12 26
-12 26
-12 26
-12 26
-12 40
-12 40
-12 40
-12 40
-12 40
-12 40
-12 40
-12 40
-12 40
-12 40
-12 40
-12 40
-8 36
-8 36
-8 36
-8 36
-8 36
-8 36
-8 36
-8 36
-8 36
-8 36
-8 36
-8 36
-8 36
-8 36
-8 36
-8 36
-8 36
-8 36
-8 36
-8 36
-8 36
-8 36
-8 36
-8 36
-8 36
-8 36
-8 36
-8 36
-8 36
-8 36
-8 36
-8 36
-8 36
-8 36
-8 36
-8 36
-8 36
-8 36
-8 36
-8 36
-8 36
-8 36
-8 36
-8 36
-8 36
-8 36
-8 36
-10 38
-5 34
-5 34
-5 34
-5 34
-5 34
-5 34
-5 34
-5 34
-5 34
-5 34
-5 34
-5 34
-5 34
-5 34
-5 34
-5 34
-5 34
-5 34
-5 34
-5 34
-5 34
-5 34
-5 34
-5 34
-5 34
-5 34
-5 34
-5 34
-5 34
-7 41
-7 41
-7 41
-7 41
-7 41
-7 41
-7 41
-7 41
-7 41
-7 41
-7 41
-7 41
-7 41
-7 41
-7 41
-7 41
-7 41
-7 41
-7 41
-7 41
-7 41
-7 41
-7 41
-7 41
-7 41
-8 42
-8 42
-5 45
-5 45
-5 45
-5 45
-5 45
-5 45
-5 45
-5 45
-1 33
-1 33
-1 33
-1 33
-1 33
-1 33
-1 33
-1 33
-1 33
-1 33
-1 33
-1 33
-1 33
-1 33
-1 33
-1 33
-1 33
-1 33
-1 33
-1 33
-1 33
-1 33
-1 33
-1 33
-1 33
-1 33
-1 33
-1 33
-1 33
-1 33
-6 42
-6 42
-6 42
-6 42
-6 42
-6 42
-6 42
-6 42
-6 42
-6 42
-6 42
-6 42
-6 42
-6 42
-6 42
-6 42
-6 42
-6 42
-6 42
-6 42
-6 42
-6 42
-6 42
-6 42
-6 42
-6 42
-6 42
-6 42
-6 42
-6 42
-2 37
-2 37
-2 37
-2 37
-2 37
-2 37
-2 37
-2 37
-2 37
-2 37
-2 37
-2 37
-2 37
-2 37
-2 37
-2 37
-2 37
-2 37
-2 37
-2 37
-2 37
-2 37
-2 37
-2 37
-2 37
-2 37
-2 37
-2 37
-2 37
-2 37
-2 37
-4 43
-1 41
-1 41
-1 41
-1 41
-1 41
-1 41
-1 41
-1 41
-1 41
-1 41
-1 41
-1 41
-1 41
-1 41
-1 41
-1 41
-1 41
-1 41
-1 41
-1 41
-1 41
-1 41
-1 41
-1 41
-1 41
-1 41
-1 41
1 42
1 42
1 42
1 42
1 42
1 42
1 42
1 42
1 42
1 42
1 42
1 42
1 42
1 42
1 42
1 42
1 42
1 42
1 42
1 42
1 42
1 42
1 42
1 42
1 42
1 42
1 42
-3 41
-4 45
-4 45
-4 45
-4 45
-4 45
-4 45
-4 45
-4 45
-4 45
-4 45
-4 45
-4 45
-4 45
-4 45
-4 45
-4 45
-4 45
-4 45
-4 45
-4 45
-4 45
-4 45
-4 45
-4 45
-4 45
-2 41
-2 41
-2 41
-2 41
-2 41
-2 41
-2 41
-2 41
-2 41
-2 41
-2 41
-2 41
-2 41
-2 41
-2 41
-2 41
-2 41
-2 41
-2 41
-2 41
-2 41
-2 41
-2 41
-2 41
-2 41
-2 41
-2 41
-2 41
3 43
3 43
3 43
3 43
3 43
3 43
3 43
3 43
3 43
3 43
3 43
3 43
-2 43
-2 43
-2 43
-2 43
-2 43
-2 43
-2 43
-2 43
-2 43
-2 43
-2 43
-1 39
-1 39
-1 39
-1 39
-1 39
-1 39
-1 39
-1 39
-1 39
-1 39
-1 39
-1 39
-1 39
-5 43
-5 43
-5 43
-5 43
-5 43
-5 43
-5 43
-5 43
-5 43
-5 43
-5 43
-5 43
-5 43
-5 43
-5 43
-5 43
-5 43
-5 43
-5 43
-5 43
-5 43
-5 43
-5 43
-5 43
-5 43
-5 43
-5 43
-5 43
-5 43
-5 43
-2 36
-2 36
-2 36
-2 36
-2 36
-2 36
-2 36
-2 36
-2 36
-2 36
-2 36
-2 36
-2 36
-2 36
-2 36
-2 36
-2 36
-2 36
-2 36
-2 36
-2 36
-2 36
-2 36
-2 36
-2 36
-2 36
-2 36
-3 39
-3 39
-3 39
-3 39
-3 39
-3 39
-3 39
-3 39
-3 39
-3 39
-3 39
-3 39
-3 39
-5 41
-5 41
-5 41
-5 41
-5 41
-5 41
-5 41
-5 41
-5 41
-5 41
-5 41
-5 41
0 40
0 40
0 40
0 40
0 40
0 40
0 40
0 40
0 40
0 40
0 40
0 40
0 40
0 40
0 40
0 40
0 40
0 40
0 40
0 40
0 40
0 40
0 40
0 40
0 40
0 40
0 40
0 40
0 40
0 40
0 40
0 40
0 40
0 40
0 40
0 40
0 40
0 40
0 40
0 40
0 40
0 40
0 40
0 40
0 40
0 40
0 40
0 40
0 40
0 40
0 40
0 40
0 40
0 40
0 40
0 40
0 40
0 40
0 40
0 40
0 40
0 40
-5 38
-2 35
-2 35
-2 35
-2 35
-2 35
-2 35
-2 35
-2 35
-2 35
-2 35
-2 35
-2 35
-2 35
-2 35
-2 35
-2 35
-2 35
-2 35
-2 35
-2 35
-2 35
-2 35
-2 35
-2 35
-2 35
-2 35
-2 35
1 38
1 38
1 38
1 38
1 38
1 38
1 38
1 38
1 38
1 38
1 38
1 38
1 38
1 38
1 38
1 38
1 38
1 38
1 38
1 38
1 38
1 38
1 38
1 38
1 38
1 38
1 38
1 38
1 38
1 38
1 38
1 38
1 38
1 38
1 38
1 38
1 38
1 38
1 38
1 38
0 36
0 37
0 37
0 37
0 37
0 37
0 37
0 37
0 37
0 37
0 37
0 37
0 37
0 37
0 37
0 37
0 37
0 36
0 36
0 36
0 36
0 36
0 36
0 36
0 36
0 36
0 36
0 36
0 36
0 36
0 36
0 36
0 36
0 36
0 36
0 36
0 36
0 36
0 36
0 36
0 36
0 36
0 36
0 36
0 36
0 36
0 36
0 36
0 36
0 36
0 36
0 36
0 36
0 36
0 36
0 36
0 36
0 36
0 36
0 36
0 36
0 36
0 36
0 36
0 36
0 36
-2 45
-2 45
-2 45
-2 45
-2 45
-2 45
-2 45
-2 45
-2 45
-2 45
-2 45
-2 45
-2 45
-2 45
-2 45
-2 45
-2 45
-2 45
-2 45
0 43
0 43
0 43
0 43
0 43
0 43
0 43
0 43
0 43
0 43
0 43
0 43
0 43
0 43
0 43
0 43
0 43
0 43
0 43
0 43
0 43
0 43
0 43
0 43
0 43
0 43
0 43
0 43
0 43
0 43
0 43
0 43
0 43
0 43
0 43
0 43
0 43
0 43
0 43
0 43
0 43
0 43
0 43
3 43
3 43
3 43
3 43
3 43
3 43
3 43
3 43
3 43
3 43
3 43
3 43
3 43
3 43
3 43
3 43
3 43
5 41
5 41
5 41
5 41
5 41
5 41
5 41
5 41
5 41
5 41
5 41
5 41
5 41
5 41
5 41
6 38
6 38
6 38
6 38
6 38
6 38
6 38
6 38
6 38
6 38
6 38
6 38
6 38
6 38
6 38
6 38
6 38
6 38
6 38
6 38
6 38
6 38
6 38
6 38
6 38
6 38
6 38
6 38
6 38
6 38
6 38
6 38
6 38
6 38
6 38
6 38
6 38
6 38
6 38
6 38
6 38
6 38
6 38
6 38
6 38
6 38
6 38
6 38
6 38
6 38
6 38
6 38
6 38
6 38
6 38
6 38
6 38
6 38
6 38
6 38
4 39
4 39
4 39
4 39
4 39
4 39
4 39
4 39
4 39
4 39
4 39
4 39
4 39
4 39
4 39
4 39
4 39
4 39
4 39
4 39
4 39
4 39
4 39
4 39
4 39
4 39
4 39
4 39
4 39
4 39
4 39
4 39
4 39
4 39
4 39
4 39
4 39
4 39
4 39
4 39
4 39
4 43
4 43
4 43
4 43
4 43
4 43
4 43
4 43
4 43
4 43
4 43
4 43
4 43
4 43
4 43
4 43
4 43
4 43
4 43
4 43
4 43
4 43
4 43
4 43
4 43
4 43
4 43
4 43
4 43
4 43
4 43
4 43
4 43
4 43
4 43
7 45
7 42
7 42
7 42
7 42
7 42
7 42
7 42
7 42
7 42
7 42
7 42
7 42
7 42
7 42
7 42
7 42
7 42
7 42
7 42
7 42
7 42
7 42
7 42
7 42
7 42
7 42
7 42
7 42
7 42
7 42
7 42
7 42
7 42
7 42
10 44
10 44
10 44
10 44
10 44
10 44
10 44
10 44
10 44
10 44
10 44
10 44
10 44
10 44
11 43
11 43
11 43
11 43
11 43
11 43
11 43
11 43
11 43
11 43
11 43
11 43
6 40
6 40
6 40
6 40
6 40
6 40
6 40
6 40
6 40
6 40
6 40
6 40
6 40
6 40
6 40
6 40
6 40
6 40
6 40
6 40
6 40
6 40
6 40
6 40
6 40
6 40
6 40
10 42
10 42
10 42
10 42
10 42
10 42
10 42
10 42
10 42
10 42
10 42
10 42
10 42
10 42
10 42
10 42
10 42
10 42
10 42
10 42
10 42
10 42
10 42
10 42
10 42
10 42
10 42
10 42
10 42
10 42
10 42
10 42
7 40
7 40
7 40
7 40
7 40
7 40
7 40
6 35
6 35
6 35
6 35
6 35
6 35
6 35
6 35
6 35
6 35
6 35
6 35
6 35
6 35
8 43
8 43
8 43
8 43
8 43
8 43
8 43
8 43
8 43
8 43
8 43
8 43
12 42
12 42
12 42
12 42
12 42
12 42
12 42
12 42
12 42
12 42
12 42
12 42
12 42
12 42
12 42
12 42
12 42
12 42
12 42
12 42
12 42
12 42
12 42
12 42
12 42
12 42
12 42
12 42
12 42
12 42
12 42
12 42
10 39
10 39
10 39
10 39
10 39
10 39
10 39
10 39
10 39
10 39
10 39
10 39
10 39
10 39
10 39
10 39
10 39
10 39
10 39
10 39
10 39
10 39
10 39
10 39
10 39
10 39
10 39
10 39
15 35
15 35
15 35
15 35
15 35
15 35
15 35
15 35
15 35
15 35
15 35
15 35
15 35
15 35
11 36
11 36
11 36
11 36
11 36
11 36
11 36
11 36
11 36
11 36
11 36
11 36
11 36
22 32
22 32
22 32
22 32
22 32
22 32
22 32
22 32
22 32
22 32
22 32
22 32
22 32
22 32
20 32
20 32
20 32
20 32
20 32
20 32
20 32
20 32
20 32
20 32
20 32
20 32
20 32
20 32
20 32
20 32
20 32
20 32
20 32
20 32
20 32
20 32
20 32
20 32
20 32
20 32
20 32
20 32
20 32
20 32
20 32
20 32
20 32
20 32
20 32
20 32
20 32
20 32
20 32
20 32
20 32
20 32
20 32
20 32
20 32
20 32
25 31
30 36
30 36
30 36
30 36
30 36
30 36
30 36
30 36
30 36
30 36
30 36
30 36
30 36
30 36
30 36
30 36
30 36
30 36
30 36
30 36
30 36
30 36
30 36
30 36
30 36
30 36
32 35
32 35
32 35
32 35
32 35
32 35
32 35
32 35
32 35
32 35
32 35
32 35
32 35
32 35
32 35
32 35
32 35
32 35
33 29
33 29
33 29
33 29
33 29
33 29
33 29
33 29
33 29
33 29
33 29
33 29
33 29
33 29
33 29
33 29
35 29
35 29
35 29
35 29
35 29
35 29
35 29
35 29
35 29
35 29
35 29
35 29
35 29
35 29
35 29
35 29
35 29
35 29
35 29
35 29
35 29
35 29
35 29
35 29
35 29
35 29
35 29
35 29
35 29
35 29
35 29
35 29
35 29
35 29
35 29
35 29
35 29
35 29
35 29
35 29
35 29
35 29
35 29
35 29
35 29
35 29
35 29
35 29
35 29
35 29
35 29
35 29
37 30
32 23
32 23
32 23
32 23
32 23
32 23
32 23
32 23
32 23
32 23
32 23
32 23
32 23
32 23
32 23
32 23
32 23
32 23
32 23
32 23
32 23
32 23
32 23
32 23
34 25
34 25
34 25
34 25
34 25
34 25
34 25
34 25
34 25
34 25
34 25
34 25
34 25
34 25
34 25
34 25
34 25
34 25
34 25
34 25
34 25
34 25
34 25
34 25
34 25
34 25
34 25
34 25
34 25
34 25
34 25
37 25
36 14
36 14
36 14
36 14
36 14
36 14
36 14
36 14
36 14
36 14
36 14
36 14
36 14
36 14
36 14
36 14
36 14
36 14
36 14
36 14
36 14
36 14
34 21
34 21
34 21
34 21
34 21
34 21
34 21
34 21
34 21
34 21
34 21
34 21
34 21
34 21
34 21
34 21
34 21
34 21
34 21
34 21
34 21
34 21
34 21
34 21
34 21
34 21
34 21
32 12
36 15
36 15
36 15
36 15
36 15
36 15
36 15
36 15
36 15
36 15
36 15
36 15
36 15
36 15
36 15
36 15
36 15
36 15
36 15
36 15
36 15
36 15
36 15
36 15
36 15
41 11
41 11
41 11
41 11
41 11
41 11
41 11
41 11
41 11
41 11
41 11
41 11
41 11
41 11
40 10
40 10
40 10
40 10
40 10
40 10
40 10
40 10
40 10
40 10
40 10
40 10
40 10
40 10
40 10
40 10
40 10
40 10
40 10
40 10
40 10
40 10
40 10
40 10
40 10
40 10
42 4
42 4
42 4
42 4
42 4
42 4
42 4
42 4
42 4
42 4
42 4
42 4
42 4
42 4
42 4
42 4
42 4
42 4
37 4
37 4
37 4
37 4
37 4
37 4
37 4
37 4
37 4
37 4
37 4
37 4
37 4
37 4
37 4
37 4
37 4
39 6
39 6
39 6
39 6
39 6
39 6
39 6
39 6
39 6
39 6
39 6
39 6
39 6
39 6
39 6
39 6
39 6
39 6
39 6
39 6
39 6
39 6
39 6
39 6
39 6
39 6
39 6
39 6
39 6
39 6
39 6
39 6
39 6
39 6
39 6
39 6
39 6
39 6
39 1
39 1
39 1
39 1
39 1
39 1
39 1
39 1
39 1
39 1
39 1
39 1
39 1
39 1
39 1
41 2
41 2
41 2
41 2
41 2
41 2
41 2
41 2
41 2
41 2
41 2
41 2
41 2
41 2
41 2
41 2
41 2
41 2
41 2
41 2
41 2
41 2
41 2
41 2
41 2
41 2
41 2
41 2
41 1
41 1
41 1
41 1
41 1
41 1
41 1
41 1
41 1
41 1
41 1
41 1
41 1
41 1
41 1
41 1
41 -3
41 -3
41 -3
41 -3
41 -3
41 -3
41 -3
41 -3
41 -3
41 -3
41 -3
41 -3
41 -3
41 -3
41 -3
41 -3
40 -3
40 -3
40 -3
40 -3
40 -3
40 -3
40 -3
40 -3
40 -3
40 -3
40 -3
40 -3
40 -3
40 -3
40 -3
40 -3
40 -3
40 -3
40 -3
40 -3
40 -3
40 -3
40 -3
40 -3
40 -3
40 -3
40 -3
40 -3
40 -3
40 -3
40 -3
40 -3
40 -3
40 -3
40 -3
40 -3
40 -3
40 -3
40 -3
40 -3
40 -3
40 -3
40 -3
40 -3
40 -3
40 -3
40 -3
40 -3
40 -3
40 -3
42 -2
42 -2
42 -2
42 -2
42 -2
42 -2
42 -2
42 -2
42 -2
42 -2
42 -2
42 -2
42 -2
42 -2
42 -2
42 -2
42 -2
42 -2
42 -2
42 -2
42 -2
42 -2
42 -2
42 -2
36 -6
41 -6
41 -6
41 -6
41 -6
41 -6
41 -6
41 -6
41 -6
41 -6
41 -6
41 -6
41 -6
41 -6
41 -6
41 -6
41 -6
41 -6
41 -6
41 -6
41 -6
41 -6
41 -6
41 -6
41 -6
41 -6
41 -6
41 -6
41 -6
41 -6
41 -6
41 -6
41 -6
41 -6
41 -6
37 -8
37 -8
40 -11
40 -11
40 -11
40 -11
40 -11
40 -11
40 -11
40 -11
40 -11
40 -11
40 -11
40 -11
40 -11
40 -11
40 -11
40 -11
40 -11
40 -11
40 -11
40 -11
40 -11
40 -11
40 -11
40 -11
40 -11
40 -11
40 -11
40 -11
40 -11
40 -11
40 -11
40 -11
40 -11
40 -11
40 -11
40 -11
40 -11
40 -11
40 -11
40 -11
40 -11
40 -11
40 -11
40 -11
40 -11
40 -11
40 -11
40 -11
40 -11
40 -11
40 -11
40 -11
40 -11
40 -11
40 -11
40 -11
40 -11
40 -11
40 -11
40 -11
40 -11
40 -11
40 -11
40 -11
40 -11
40 -11
40 -11
40 -11
40 -11
40 -11
40 -11
40 -11
32 -23
32 -23
32 -23
32 -23
32 -23
32 -23
32 -23
32 -23
32 -23
32 -23
32 -23
32 -23
32 -23
32 -23
32 -23
32 -23
32 -23
32 -23
32 -23
32 -23
32 -19
32 -19
32 -19
32 -19
32 -19
32 -19
32 -19
32 -19
32 -19
32 -19
32 -19
32 -19
32 -19
32 -19
32 -19
32 -19
32 -19
32 -19
32 -19
32 -19
32 -19
32 -19
32 -19
32 -19
32 -19
32 -19
32 -19
32 -19
32 -19
32 -19
32 -19
32 -19
32 -19
32 -19
32 -19
32 -19
32 -19
32 -19
32 -19
32 -19
32 -19
32 -19
32 -19
32 -19
32 -19
32 -19
32 -19
32 -19
32 -19
32 -19
32 -19
32 -19
29 -31
29 -31
29 -31
29 -31
29 -31
29 -31
29 -31
29 -31
29 -31
29 -31
29 -31
29 -31
29 -31
29 -31
29 -31
29 -31
29 -31
29 -31
29 -31
29 -31
29 -31
29 -31
29 -31
29 -31
25 -34
25 -34
25 -34
25 -34
25 -34
25 -34
25 -34
25 -34
25 -34
25 -34
25 -34
25 -34
25 -34
25 -34
25 -34
25 -34
25 -34
25 -34
25 -34
25 -34
25 -34
25 -34
25 -34
25 -34
25 -34
25 -34
25 -34
25 -34
25 -34
25 -34
25 -34
25 -34
25 -34
25 -34
25 -34
25 -34
26 -35
26 -35
26 -35
26 -35
26 -35
26 -35
26 -35
26 -35
26 -35
26 -35
26 -35
26 -35
26 -35
26 -35
26 -35
26 -35
26 -35
26 -35
26 -35
26 -35
26 -35
26 -35
26 -35
26 -35
26 -35
26 -35
26 -35
26 -35
26 -35
26 -35
26 -35
26 -35
26 -35
26 -35
26 -35
29 -32
15 -30
15 -30
15 -30
15 -30
15 -30
15 -30
15 -30
15 -30
15 -30
15 -30
15 -30
15 -30
15 -30
15 -30
15 -30
15 -30
15 -30
15 -30
15 -30
15 -30
15 -30
15 -30
15 -30
15 -30
15 -30
15 -30
15 -30
15 -30
15 -30
15 -30
15 -30
15 -30
15 -30
15 -30
13 -37
13 -37
13 -37
13 -37
13 -37
13 -37
13 -37
13 -37
13 -37
13 -37
13 -37
13 -37
13 -37
19 -43
19 -43
19 -43
19 -43
19 -43
19 -43
19 -43
19 -43
19 -43
19 -43
19 -43
19 -43
19 -43
19 -43
19 -43
19 -43
17 -42
17 -42
17 -42
17 -42
17 -42
17 -42
17 -42
17 -42
17 -42
17 -42
17 -42
17 -42
17 -42
17 -42
17 -42
17 -42
17 -42
17 -42
17 -42
17 -42
17 -42
17 -42
17 -42
17 -42
17 -42
17 -42
17 -42
17 -42
17 -42
17 -42
17 -42
17 -42
17 -42
17 -42
17 -42
17 -42
17 -42
17 -42
17 -42
17 -42
17 -42
11 -46
11 -46
11 -46
11 -46
11 -46
11 -46
11 -46
11 -46
11 -46
11 -46
11 -46
11 -46
11 -46
11 -46
11 -46
11 -46
11 -46
11 -46
11 -46
11 -46
11 -46
11 -46
11 -46
11 -46
11 -46
11 -46
11 -46
11 -46
11 -46
11 -46
11 -46
11 -46
11 -46
11 -46
11 -46
11 -46
11 -46
11 -46
11 -46
9 -44
9 -44
9 -44
9 -44
9 -44
9 -44
9 -44
9 -44
9 -44
9 -44
9 -44
9 -44
9 -44
9 -44
9 -44
9 -44
9 -44
9 -44
9 -44
9 -44
9 -44
9 -44
9 -44
9 -44
9 -44
9 -44
9 -44
9 -44
9 -44
9 -44
9 -44
9 -44
9 -44
9 -44
9 -44
9 -44
9 -44
9 -44
9 -44
13 -48
11 -45
11 -45
11 -45
11 -45
11 -45
11 -45
11 -45
11 -45
11 -45
11 -45
11 -45
11 -45
11 -45
11 -45
11 -45
11 -45
11 -45
11 -45
11 -45
11 -45
11 -45
11 -45
11 -45
11 -45
11 -45
11 -45
11 -45
11 -45
11 -45
11 -45
11 -45
11 -45
11 -45
11 -45
11 -45
11 -45
11 -45
11 -45
11 -45
11 -45
11 -45
11 -45
8 -46
8 -46
8 -46
8 -46
8 -46
8 -46
8 -46
8 -46
8 -46
8 -46
8 -46
8 -46
8 -46
8 -46
8 -46
8 -46
8 -46
8 -46
8 -46
8 -46
10 -51
10 -51
10 -51
10 -51
10 -51
10 -51
10 -51
10 -51
10 -51
10 -51
10 -51
10 -51
10 -51
10 -51
10 -51
10 -51
10 -51
10 -51
10 -51
10 -51
10 -51
10 -51
8 -44
8 -44
8 -44
8 -44
8 -44
8 -44
8 -44
8 -44
8 -44
8 -44
8 -44
8 -44
8 -44
8 -44
8 -44
8 -44
8 -44
8 -44
8 -44
8 -44
8 -44
8 -44
8 -44
8 -44
8 -44
8 -44
8 -44
8 -44
8 -44
8 -44
8 -44
8 -44
8 -44
8 -44
8 -44
8 -44
8 -44
8 -44
8 -44
8 -44
8 -44
8 -44
8 -44
8 -44
8 -44
8 -44
8 -44
8 -44
8 -44
8 -44
8 -44
8 -44
8 -44
8 -44
8 -44
8 -44
8 -44
8 -44
8 -44
8 -44
8 -44
8 -44
8 -44
8 -44
8 -44
8 -44
8 -44
8 -44
8 -44
8 -44
8 -44
8 -44
8 -44
8 -44
8 -44
8 -44
8 -44
8 -44
8 -44
8 -44
8 -44
8 -44
8 -44
8 -44
8 -44
8 -44
8 -44
8 -44
8 -44
8 -44
8 -44
8 -44
8 -44
8 -44
8 -44
8 -44
8 -44
8 -44
8 -44
8 -44
8 -44
8 -44
8 -44
8 -44
8 -44
8 -44
8 -44
8 -44
8 -44
8 -44
8 -44
8 -44
8 -44
8 -44
8 -44
8 -44
2 -41
2 -41
2 -41
2 -41
2 -41
2 -41
2 -41
2 -41
2 -41
2 -41
2 -41
2 -41
2 -41
2 -41
2 -41
2 -41
2 -41
2 -41
2 -41
2 -41
2 -41
2 -41
2 -41
2 -41
2 -41
2 -41
2 -41
2 -41
2 -41
2 -41
2 -41
2 -41
2 -41
3 -42
6 -47
8 -45
7 -45
7 -45
7 -45
7 -45
7 -45
7 -45
7 -45
7 -45
7 -45
7 -45
7 -45
7 -45
7 -45
7 -45
7 -45
7 -45
7 -45
7 -45
7 -45
7 -45
7 -45
7 -45
7 -45
7 -45
7 -45
7 -45
7 -45
7 -45
7 -45
7 -45
7 -45
7 -45
7 -45
7 -45
7 -45
7 -45
7 -45
7 -45
7 -45
7 -45
7 -45
7 -45
7 -45
7 -45
7 -45
4 -44
4 -44
4 -44
4 -44
4 -44
4 -44
4 -44
4 -44
4 -44
4 -44
4 -44
4 -44
4 -44
4 -44
4 -44
4 -44
4 -44
4 -44
4 -44
4 -44
4 -44
4 -44
4 -44
4 -44
4 -44
4 -44
4 -44
4 -44
4 -44
2 -40
2 -40
2 -40
2 -40
2 -40
2 -40
2 -40
2 -40
2 -40
2 -40
2 -40
2 -40
2 -40
2 -40
2 -40
2 -40
2 -40
2 -40
2 -40
2 -40
2 -40
2 -40
2 -40
2 -40
2 -40
2 -40
2 -40
2 -40
2 -40
2 -40
2 -40
2 -49
2 -49
2 -49
2 -49
2 -49
2 -49
2 -49
2 -49
2 -49
2 -49
2 -49
2 -49
2 -49
2 -49
2 -49
2 -49
2 -49
2 -49
2 -49
2 -49
2 -49
2 -49
2 -49
2 -49
2 -49
2 -49
2 -49
2 -49
2 -49
2 -49
2 -49
2 -49
2 -49
2 -49
2 -49
2 -49
2 -49
2 -49
2 -49
2 -49
2 -49
2 -49
2 -49
2 -49
2 -49
2 -49
2 -49
2 -49
2 -49
2 -49
2 -49
2 -49
2 -49
2 -49
3 -41
-2 -38
-2 -38
-2 -38
-2 -38
-2 -38
-2 -38
-2 -38
-2 -38
-2 -38
-2 -38
-2 -38
-2 -38
-2 -38
-2 -38
-2 -38
-2 -38
-2 -38
-2 -38
-2 -38
-2 -38
-2 -38
-2 -38
-2 -38
-2 -38
-2 -38
-2 -38
-4 -37
-4 -37
-4 -37
-4 -37
-4 -37
-4 -37
-4 -37
-4 -37
-4 -37
-4 -37
-4 -37
-4 -37
-4 -37
-4 -37
-4 -37
-4 -37
3 -40
3 -40
3 -40
3 -40
3 -40
3 -40
3 -40
3 -40
3 -40
3 -40
3 -40
3 -40
3 -40
2 -34
2 -34
2 -34
2 -34
2 -34
2 -34
2 -34
2 -34
2 -34
2 -34
2 -34
2 -34
2 -34
2 -34
2 -34
2 -34
2 -34
2 -34
2 -34
2 -34
2 -34
2 -34
2 -34
2 -34
2 -34
2 -34
2 -34
2 -34
2 -34
2 -34
2 -34
2 -34
2 -34
2 -34
1 -35
1 -35
1 -35
1 -35
1 -35
1 -35
1 -35
1 -35
1 -35
1 -35
1 -35
1 -35
1 -35
1 -35
1 -35
1 -35
1 -35
1 -35
1 -35
1 -35
1 -35
1 -35
1 -35
-2 -32
-2 -32
-2 -32
-2 -32
-2 -32
-2 -32
-2 -32
-2 -32
-2 -32
-2 -32
-2 -32
-2 -32
-2 -32
-2 -32
-2 -32
-2 -32
-2 -32
-2 -32
-2 -32
-2 -32
-2 -32
-2 -32
-2 -32
-2 -32
-2 -32
-2 -32
-2 -32
-2 -32
-2 -32
-2 -32
-2 -32
-2 -32
-2 -32
-2 -32
-1 -27
-1 -27
-1 -27
-1 -27
-1 -27
-1 -27
-1 -27
-1 -27
-1 -27
-1 -27
-1 -27
-1 -27
-1 -27
-1 -27
-1 -27
-1 -27
-1 -27
-1 -27
-1 -27
-1 -27
-1 -27
-1 -27
-1 -27
-1 -27
-1 -27
-1 -27
-1 -27
-1 -27
-1 -27
1 -26
1 -26
1 -26
1 -26
1 -26
1 -26
1 -26
1 -26
1 -26
1 -26
1 -26
1 -26
1 -26
1 -26
1 -26
1 -26
1 -26
1 -26
1 -26
1 -26
1 -26
1 -26
1 -26
1 -26
1 -26
1 -26
1 -26
1 -26
1 -26
1 -26
1 -26
1 -26
1 -26
1 -26
1 -26
1 -26
1 -26
1 -26
1 -26
1 -26
1 -26
1 -26
0 -20
0 -20
0 -20
0 -20
0 -20
0 -20
0 -20
0 -20
0 -20
0 -20
0 -20
0 -20
0 -20
0 -20
0 -20
0 -20
0 -20
0 -20
0 -20
0 -20
0 -20
0 -20
0 -20
0 -20
0 -20
0 -20
0 -20
0 -20
0 -20
0 -20
0 -20
0 -20
0 -20
-1 -17
-1 -17
-1 -13
-1 -12
-1 -12
-1 -12
-1 -12
-1 -12
-1 -12
-1 -12
-1 -12
-1 -11
-1 -11
-1 -11
-1 -11
-1 -11
-1 -11
-1 -11
-1 -11
-1 -11
-1 -11
-1 -11
-1 -11
-1 -11
-1 -11
-1 -11
-1 -11
-1 -11
-1 -11
-1 -11
-1 -11
-1 -11
-1 -11
-1 -11
-1 -11
-1 -11
-1 -11
-1 -11
-1 -11
-1 -11
-1 -11
-1 -11
-1 -11
-1 -11
-1 -11
-1 -11
-1 -11
0 -8
0 -8
0 -8
0 -8
0 -8
0 -8
0 -8
0 -8
0 -8
0 -8
0 -8
0 -8
0 -8
0 -8
0 -8
0 -8
0 -8
0 -8
0 -8
0 -8
0 -8
0 -8
0 -8
0 -8
0 -8
0 -8
0 -8
0 -8
0 -8
0 -8
0 -8
0 -8
0 -8
0 -8
0 -8
0 -8
0 -8
0 -8
0 -8
0 -8
0 -8
0 -8
0 -8
0 -8
0 -8
0 -8
0 -8
0 -8
0 -8
1 -3
1 -3
1 -3
1 -3
1 -3
1 -3
1 -3
1 -3
1 -3
1 -3
1 -3
1 -3
1 -3
1 -3
1 -3
1 -3
1 -3
1 -3
1 -3
1 -3
1 -3
1 -3
1 -3
1 -3
1 -3
1 -3
1 -3
1 -3
1 -3
1 -3
1 -3
1 -3
1 -3
1 -3
0 -1
0 -1
0 -1
0 -1
0 -1
0 -1
0 -1
0 -1
0 -1
0 -1
0 -1
0 -1
0 -1
0 -1
0 -1
0 -1
0 -1
0 -1
0 -1
0 -1
0 -1
0 -1
0 -1
0 -1
0 -1
0 -1
0 -1
0 -1
0 -1
0 -1
0 -1
0 -1
0 -1
0 -1
0 -1
0 -1
0 -1
0 -1
0 -1
0 -1
0 -1
0 -1
0 -1
0 -1
0 -1
0 -1
0 -1
0 -1
0 -1
0 -1
0 -1
0 -1
0 -1
0 -1
0 -1
0 -1
0 -1
0 -1
0 -1
0 -1
0 -1
0 -1
0 -1
0 -1
0 -1
0 -1
0 -1
0 -1
0 -1
0 -1
0 -1
0 -1
0 -1
0 -1
0 -1
0 -1
0 -1
0 -1
0 -1
0 -1
0 -1
0 -1
0 -1
0 -1
0 -1
0 -1
0 -1
0 -1
0 -1
0 -1
0 -1
0 -1
0 -1
0 -1
0 -1
0 -1
0 -1
0 -1
0 -1
0 -1
0 -1
0 -1
0 -1
0 -1
0 -1
0 -1
0 -1
0 -1
0 -1
0 -1
0 -1
0 -1
0 -1
0 -1
0 -1
0 -1
0 -1
0 -1
0 -1
0 -1
0 -1
0 -1
0 -1
0 -1
0 -1
0 -1
0 -1
0 -1
0 -1
0 -1
0 -1
0 -1
0 -1
0 -1
0 -1
0 -1
0 -1
0 -1
0 -1
0 -1
0 -1
0 -1
0 -1
0 -1
0 -1
0 -1
0 -1
0 -1
0 -1
0 -1
0 -1
0 -1
0 -1
0 -1
0 -1
0 -1
0 -1
0 -1
0 -1
0 -1
0 -1
0 -1
0 -1
0 -1
0 -1
0 -1
0 -1
0 -1
0 -1
0 -1
0 -1
0 -1
0 -1
0 -1
0 -1
0 -1
0 -1
0 -1
0 -1
0 -1
0 -1
0 -1
0 -1
0 -1
0 -1
0 -1
0 -1
0 -1
0 -1
0 -1
0 -1
0 -1
0 -1
0 -1
0 -1
0 -1
0 -1
0 -1
0 -1
0 -1
0 -1
0 -1
0 -1
0 -1
0 -1
0 -1
0 -1
0 -1
0 -1
0 -1
0 -1
0 -1
0 -1
0 -1
0 -1
0 -1
0 -1
0 -1
0 -1
0 -1
0 -1
0 -1
0 -1
0 -1
0 -1
0 -1
0 -1
0 -1
0 -1
0 -1
0 -1
0 -1
0 -1
0 -1
0 -1
0 -1
0 -1
0 -1
0 -1
0 -1
0 -1
0 -1
0 -1
0 -1
0 -1
0 -1
0 -1
0 -1
0 -1
0 -1
0 -1
0 -1
0 -1
0 -1
0 -1
0 -1
0 -1
0 -1
0 -1
0 -1
0 -1
0 -1
0 -1
0 -1
0 -1
0 -1
0 -1
0 -1
0 -1
0 -1
0 -1
0 -1
0 -1
0 -1
0 -1
0 -1
0 -1
0 -1
0 -1
0 -1
0 -1
0 -1
0 -1
0 -1
0 -1
0 -1
0 -1
0 -1
0 -1
0 -1
0 -1
0 -1
0 -1
0 -1
0 -1
0 -1
0 -1
0 -1
0 -1
0 -1
0 -1
0 -1
0 -1
0 -1
0 -1
0 -1
0 -1
0 -1
0 -1
0 -1
0 -1
0 -1
0 -1
0 -1
0 -1
0 -1
0 -1
0 -1
0 -1
0 -1
0 -1
0 -1
0 -1
0 -1
0 -1
0 -1
0 -1
0 -1
0 -1
0 -1
0 -1
0 -1
0 -1
0 -1
0 -1
0 -1
0 -1
0 -1
0 -1
0 -1
0 -1
0 -1
0 -1
0 -1
0 -1
0 -1
0 -1
0 -1
0 -1
0 -1
0 -1
0 -1
0 -1
0 -1
0 -1
0 -1
0 -1
0 -1
0 -1
0 -1
0 -1
0 -1
0 -1
0 -1
0 -1
0 -1
0 -1
0 -1
0 -1
0 -1
0 -1
0 -1
0 -1
0 -1
0 -1
0 -1
0 -1
0 -1
0 -1
0 -1
0 -1
0 -1
0 -1
0 -1
0 -1
0 -1
0 -1
0 -1
0 -1
0 -1
0 -1
0 -1
0 -1
0 -1
0 -1
0 -1
0 -1
0 -1
0 -1
0 -1
0 -1
0 -1
0 -1
0 -1
0 -1
0 -1
0 -1
0 -1
0 -1
0 -1
0 -1
0 -1
0 -1
0 -1
0 -1
0 -1
0 -1
0 -1
0 -1
0 -1
0 -1
0 -1
0 -1
0 -1
0 -1
0 -1
0 -1
0 -1
0 -1
0 -1
0 -1
0 -1
0 -1
0 -1
0 -1
0 -1
0 -1
0 -1
0 -1
0 -1
0 -1
0 -1
0 -1
0 -1
0 -1
0 -1
0 -1
0 -1
0 -1
0 -1
0 -1
0 -1
0 -1
0 -1
0 -1
0 -1
0 -1
0 -1
0 -1
0 -1
0 -1
0 -1
0 -1
0 -1
0 -1
0 -1
0 -1
0 -1
0 -1
0 -1
0 -1
0 -1
0 -1
0 -1
0 -1
0 -1
0 -1
0 -1
0 -1
0 -1
0 -1
0 -1
0 -1
0 -1
0 -1
0 -1
0 -1
0 -1
0 -1
0 -1
0 -1
0 -1
0 -1
0 -1
0 -1
0 -1
0 -1
0 -1
0 -1
0 -1
0 -1
0 -1
0 -1
0 -1
0 -1
0 -1
0 -1
0 -1
0 -1
0 -1
0 -1
0 -1
0 -1
0 -1
0 -1
0 -1
0 -1
0 -1
0 -1
0 -1
0 -1
0 -1
0 -1
0 -1
0 -1
0 -1
0 -1
0 -1
0 -1
0 -1
0 -1
0 -1
0 -1
0 -1
0 -1
0 -1
0 -1
0 -1
0 -1
0 -1
0 -1
0 -1
0 -1
0 -1
0 -1
0 -1
0 -1
0 -1
0 -1
0 -1
0 -1
0 -1
0 -1
0 -1
0 -1
0 -1
0 -1
0 -1
0 -1
0 -1
0 -1
0 -1
0 -1
0 -1
0 -1
0 -1
0 -1
0 -1
0 -1
0 -1
0 -1
0 -1
0 -1
0 -1
0 -1
0 -1
0 -1
0 -1
0 -1
0 -1
0 -1
0 -1
0 -1
0 -1
0 -1
0 -1
0 -1
0 -1
0 -1
0 -1
0 -1
0 -1
0 -1
0 -1
0 -1
0 -1
0 -1
0 -1
0 -1
0 -1
0 -1
0 -1
0 -1
0 -1
0 -1
0 -1
0 -1
0 -1
0 -1
0 -1
0 -1
0 -1
0 -1
0 -1
0 -1
0 -1
0 -1
0 -1
0 -1
0 -1
0 -1
0 -1
0 -1
0 -1
0 -1
0 -1
0 -1
0 -1
0 -1
0 -1
0 -1
0 -1
0 -1
0 -1
0 -1
0 -1
0 -1
0 -1
0 -1
0 -1
0 -1
0 -1
0 -1
0 -1
0 -1
0 -1
0 -1
0 -1
0 -1
0 -1
0 -1
0 -1
0 -1
0 -1
0 -1
0 -1
0 -1
0 -1
0 -1
0 -1
0 -1
0 -1
0 -1
0 -1
0 -1
0 -1
0 -1
0 -1
0 -1
0 -1
0 -1
0 -1
0 -1
0 -1
0 -1
0 -1
0 -1
0 -1
0 -1
0 -1
0 -1
0 -1
0 -1
0 -1
0 -1
0 -1
0 -1
0 -1
0 -1
0 -1
0 -1
0 -1
0 -1
0 -1
0 -1
0 -1
0 -1
0 -1
0 -1
0 -1
0 -1
0 -1
0 -1
0 -1
0 -1
0 -1
0 -1
0 -1
0 -1
0 -1
0 -1
0 -1
0 -1
0 -1
0 -1
0 -1
0 -1
0 -1
0 -1
0 -1
0 -1
0 -1
0 -1
0 -1
0 -1
0 -1
0 -1
0 -1
0 -1
0 -1
0 -1
0 -1
0 -1
0 -1
0 -1
0 -1
0 -1
0 -1
0 -1
0 -1
0 -1
0 -1
0 -1
0 -1
0 -1
0 -1
0 -1
0 -1
0 -1
0 -1
0 -1
0 -1
0 -1
0 -1
0 -1
0 -1
0 -1
0 -1
0 -1
0 -1
0 -1
0 -1
0 -1
0 -1
0 -1
0 -1
0 -1
0 -1
0 -1
0 -1
0 -1
0 -1
0 -1
0 -1
0 -1
0 -1
0 -1
0 -1
0 -1
0 -1
0 -1
0 -1
0 -1
0 -1
0 -1
0 -1
0 -1
0 -1
0 -1
0 -1
0 -1
0 -1
0 -1
0 -1
0 -1
0 -1
0 -1
0 -1
0 -1
0 -1
0 -1
0 -1
0 -1
0 -1
0 -1
0 -1
0 -1
0 -1
0 -1
0 -1
0 -1
0 -1
0 -1
0 -1
0 -1
0 -1
0 -1
0 -1
0 -1
0 -1
0 -1
0 -1
0 -1
0 -1
0 -1
0 -1
0 -1
0 -1
0 -1
0 -1
0 -1
0 -1
0 -1
0 -1
0 -1
0 -1
0 -1
0 -1
0 -1
0 -1
0 -1
0 -1
0 -1
0 -1
0 -1
0 -1
0 -1
0 -1
0 -1
0 -1
0 -1
0 -1
0 -1
0 -1
0 -1
0 -1
0 -1
0 -1
0 -1
0 -1
0 -1
0 -1
0 -1
0 -1
0 -1
0 -1
0 -1
0 -1
0 -1
0 -1
0 -1
0 -1
0 -1
0 -1
0 -1
0 -1
0 -1
0 -1
0 -1
0 -1
0 -1
0 -1
0 -1
0 -1
0 -1
0 -1
0 -1
0 -1
0 -1
0 -1
0 -1
0 -1
0 -1
0 -1
0 -1
0 -1
0 -1
0 -1
0 -1
0 -1
0 -1
0 -1
0 -1
0 -1
0 -1
0 -1
0 -1
0 -1
0 -1
0 -1
0 -1
0 -1
0 -1
0 -1
0 -1
0 -1
0 -1
0 -1
0 -1
0 -1
0 -1
0 -1
0 -1
0 -1
0 -1
0 -1
0 -1
0 -1
0 -1
0 -1
0 -1
0 -1
0 -1
0 -1
0 -1
0 -1
0 -1
0 -1
0 -1
0 -1
0 -1
0 -1
0 -1
0 -1
0 -1
0 -1
0 -1
0 -1
0 -1
0 -1
0 -1
0 -1
0 -1
0 -1
0 -1
0 -1
0 -1
0 -1
0 -1
0 -1
0 -1
0 -1
0 -1
0 -1
0 -1
0 -1
0 -1
0 -1
0 -1
0 -1
0 -1
0 -1
0 -1
0 -1
0 -1
0 -1
0 -1
0 -1
0 -1
0 -1
0 -1
0 -1
0 -1
0 -1
0 -1
0 -1
0 -1
0 -1
0 -1
0 -1
0 -1
0 -1
0 -1
0 -1
0 -1
0 -1
0 -1
0 -1
0 -1
0 -1
0 -1
0 -1
0 -1
0 -1
0 -1
0 -1
0 -1
0 -1
0 -1
0 -1
0 -1
0 -1
0 -1
0 -1
0 -1
0 -1
0 -1
0 -1
0 -1
0 -1
0 -1
0 -1
0 -1
0 -1
0 -1
0 -1
0 -1
0 -1
0 -1
0 -1
0 -1
0 -1
0 -1
0 -1
0 -1
0 -1
0 -1
0 -1
0 -1
0 -1
0 -1
0 -1
0 -1
0 -1
0 -1
0 -1
0 -1
0 -1
0 -1
0 -1
0 -1
0 -1
0 -1
0 -1
0 -1
0 -1
0 -1
0 -1
0 -1
0 -1
0 -1
0 -1
0 -1
0 -1
0 -1
0 -1
0 -1
0 -1
0 -1
0 -1
0 -1
0 -1
0 -1
0 -1
0 -1
0 -1
0 -1
0 -1
0 -1
0 -1
0 -1
0 -1
0 -1
0 -1
0 -1
0 -1
0 -1
0 -1
0 -1
0 -1
0 -1
0 -1
0 -1
0 -1
0 -1
0 -1
0 -1
0 -1
0 -1
0 -1
0 -1
0 -1
0 -1
0 -1
0 -1
0 -1
0 -1
0 -1
0 -1
0 -1
0 -1
0 -1
0 -1
0 -1
0 -1
0 -1
0 -1
0 -1
0 -1
0 -1
0 -1
0 -1
0 -1
0 -1
0 -1
0 -1
0 -1
0 -1
0 -1
0 -1
0 -1
0 -1
0 -1
0 -1
0 -1
0 -1
0 -1
0 -1
0 -1
0 -1
0 -1
0 -1
0 -1
0 -1
0 -1
0 -1
0 -1
0 -1
0 -1
0 -1
0 -1
0 -1
0 -1
0 -1
0 -1
0 -1
0 -1
0 -1
0 -1
0 -1
0 -1
0 -1
0 -1
0 -1
0 -1
0 -1
0 -1
0 -1
0 -1
0 -1
0 -1
0 -1
0 -1
0 -1
0 -1
0 -1
0 -1
0 -1
0 -1
0 -1
0 -1
0 -1
0 -1
0 -1
0 -1
0 -1
0 -1
0 -1
0 -1
0 -1
0 -1
0 -1
0 -1
0 -1
0 -1
0 -1
0 -1
0 -1
0 -1
0 -1
0 -1
0 -1
0 -1
0 -1
0 -1
0 -1
0 -1
0 -1
0 -1
0 -1
0 -1
0 -1
0 -1
0 -1
0 -1
0 -1
0 -1
0 -1
0 -1
0 -1
0 -1
0 -1
0 -1
0 -1
0 -1
0 -1
0 -1
0 -1
0 -1
0 -1
0 -1
0 -1
0 -1
0 -1
0 -1
0 -1
0 -1
0 -1
0 -1
