-1 1
-1 1
-1 1
-1 1
-1 1
-1 1
-1 1
-1 1
-1 1
-1 1
-1 1
-1 1
-1 1
-1 1
-1 1
-1 1
-1 1
-1 1
-1 1
-1 1
-1 1
-1 1
-1 1
-1 1
-1 1
-1 1
-1 1
-1 1
-1 1
-1 1
-1 1
-1 1
-1 1
-1 1
-1 1
-1 1
-1 1
-1 1
-1 1
-1 1
-1 1
-1 1
-1 1
-1 1
-1 1
-1 1
-1 1
-1 1
-1 1
-1 1
-1 1
-1 1
-1 1
-1 1
-1 1
-1 1
-1 1
-1 1
-1 1
-1 1
-1 1
16 -1
16 -1
16 -1
16 -1
16 -1
16 -1
16 -1
16 -1
16 -1
16 -1
16 -1
16 -1
16 -1
16 -1
16 -1
16 -1
16 -1
16 -1
16 -1
16 -1
16 -1
16 -1
16 -1
16 -1
16 -1
16 -1
16 -1
16 -1
16 -1
16 -1
16 -1
16 -1
16 -1
16 -1
16 -1
16 -1
16 -1
16 -1
28 -5
28 -5
28 -5
28 -5
28 -5
28 -5
28 -5
28 -5
28 -5
28 -5
28 -5
28 -5
28 -5
28 -5
28 -5
28 -5
28 -5
28 -5
28 -5
28 -5
28 -5
28 -5
28 -5
28 -5
28 -5
28 -5
28 -5
28 -5
28 -5
28 -5
28 -5
28 -5
28 -5
28 -5
28 -5
28 -5
28 -5
28 -5
28 -5
28 -5
36 -8
33 -10
33 -10
33 -10
33 -10
33 -10
33 -10
33 -10
33 -10
33 -10
33 -10
33 -10
33 -10
33 -10
33 -10
33 -10
33 -10
33 -10
33 -10
33 -10
33 -10
33 -10
33 -10
33 -10
33 -10
33 -10
33 -10
33 -10
33 -10
33 -10
33 -10
33 -10
33 -10
33 -10
33 -10
33 -10
33 -10
33 -10
33 -10
26 -14
26 -14
26 -14
26 -14
26 -14
26 -14
26 -14
26 -14
26 -14
26 -14
26 -14
26 -14
26 -14
26 -14
26 -14
26 -14
26 -14
26 -14
26 -14
26 -14
26 -14
26 -14
26 -14
26 -14
26 -14
26 -14
26 -14
26 -14
26 -14
26 -14
26 -14
26 -14
26 -14
26 -14
26 -14
26 -14
26 -14
26 -14
26 -14
26 -14
26 -14
26 -14
26 -14
26 -14
26 -14
26 -14
32 -25
32 -25
32 -25
32 -25
32 -25
32 -25
32 -25
32 -25
32 -25
32 -25
32 -25
32 -25
32 -25
32 -25
32 -25
32 -25
32 -25
32 -25
32 -25
32 -25
32 -25
32 -25
32 -25
32 -25
30 -28
30 -28
30 -28
30 -28
30 -28
30 -28
30 -28
30 -28
30 -28
30 -28
30 -28
30 -28
30 -28
30 -28
30 -28
30 -28
30 -28
30 -28
30 -28
30 -28
30 -28
30 -28
30 -28
30 -28
30 -28
30 -28
30 -28
30 -28
30 -28
30 -28
30 -28
30 -28
30 -28
30 -28
30 -28
30 -28
30 -28
30 -28
30 -28
30 -28
30 -28
30 -28
30 -28
30 -28
30 -28
30 -28
30 -28
30 -28
23 -40
23 -40
23 -40
23 -40
23 -40
23 -40
23 -40
23 -40
23 -40
23 -40
23 -40
23 -40
23 -40
23 -40
23 -40
23 -40
23 -40
23 -40
23 -40
23 -40
23 -40
23 -40
23 -40
23 -40
23 -40
23 -40
23 -40
23 -40
23 -40
23 -40
23 -40
23 -40
23 -40
23 -40
23 -40
23 -40
23 -40
23 -40
23 -40
23 -40
23 -40
23 -40
23 -40
23 -40
23 -40
23 -40
23 -40
23 -40
23 -40
23 -40
39 -61
39 -61
39 -61
39 -61
39 -61
39 -61
39 -61
39 -61
39 -61
39 -61
39 -61
39 -61
39 -61
39 -61
39 -61
39 -61
39 -61
39 -61
39 -61
39 -61
39 -61
35 -74
35 -74
35 -74
35 -74
35 -74
35 -74
35 -74
35 -74
35 -74
35 -74
35 -74
35 -74
35 -74
35 -74
35 -74
35 -74
35 -74
35 -74
35 -74
35 -74
39 -80
39 -80
39 -80
39 -80
39 -80
39 -80
39 -80
39 -80
39 -80
39 -80
39 -80
39 -80
39 -80
39 -80
39 -80
39 -80
39 -80
39 -80
39 -80
39 -80
39 -80
33 -80
33 -80
33 -80
33 -80
33 -80
33 -80
33 -80
33 -80
33 -80
33 -80
33 -80
33 -80
33 -80
33 -80
33 -80
33 -80
33 -80
33 -80
33 -80
33 -80
33 -80
33 -80
33 -80
33 -80
33 -80
33 -80
33 -80
33 -80
33 -80
33 -80
33 -80
33 -80
33 -80
33 -80
33 -80
33 -80
33 -80
33 -80
33 -80
33 -80
33 -80
33 -80
33 -80
33 -80
33 -80
33 -80
33 -80
33 -80
33 -80
33 -80
33 -80
33 -80
33 -80
33 -80
33 -80
33 -80
33 -80
33 -80
33 -80
33 -80
33 -80
33 -80
33 -80
33 -80
33 -80
33 -80
33 -80
33 -80
33 -80
33 -80
33 -80
32 -83
32 -83
32 -83
32 -83
32 -83
32 -83
32 -83
32 -83
32 -83
32 -83
32 -83
32 -83
32 -83
32 -83
32 -83
32 -83
32 -83
32 -83
32 -83
32 -83
32 -83
32 -83
32 -83
32 -83
32 -83
32 -83
32 -83
32 -83
32 -83
32 -83
32 -83
32 -83
32 -83
32 -83
32 -83
32 -83
32 -83
32 -83
32 -83
32 -83
32 -83
32 -83
32 -83
32 -83
32 -83
32 -83
32 -83
32 -83
32 -83
32 -83
23 -93
20 -97
20 -97
20 -97
20 -97
20 -97
20 -97
20 -97
20 -97
20 -97
20 -97
20 -97
20 -97
20 -97
20 -97
20 -97
20 -97
20 -97
20 -97
20 -97
20 -97
20 -97
18 -93
18 -93
18 -93
18 -93
18 -93
18 -93
18 -93
18 -93
18 -93
18 -93
18 -93
18 -93
18 -93
18 -93
18 -93
18 -93
18 -93
18 -93
18 -93
18 -93
18 -93
18 -93
18 -93
18 -93
15 -100
15 -100
15 -100
15 -100
15 -100
15 -100
15 -100
15 -100
15 -100
15 -100
15 -100
15 -100
15 -100
15 -100
15 -100
15 -100
15 -100
15 -100
15 -100
15 -100
15 -100
15 -100
15 -100
15 -100
15 -100
15 -100
15 -100
15 -100
15 -100
15 -100
15 -100
15 -100
15 -100
15 -100
15 -100
15 -100
15 -100
15 -100
15 -100
15 -100
15 -100
15 -100
15 -100
15 -100
15 -100
15 -100
15 -100
15 -100
15 -100
15 -100
15 -100
15 -100
15 -100
15 -100
15 -100
15 -100
15 -100
15 -100
15 -100
15 -100
15 -100
15 -100
15 -100
15 -100
2 -100
1 -101
1 -101
1 -101
1 -101
1 -101
1 -101
1 -101
1 -101
1 -101
1 -101
1 -101
1 -101
1 -101
1 -101
1 -101
1 -101
1 -101
1 -101
1 -101
1 -101
1 -101
1 -101
1 -101
1 -101
1 -101
1 -101
1 -101
1 -101
1 -101
1 -101
1 -101
1 -101
1 -101
1 -101
1 -101
1 -101
1 -101
1 -101
1 -101
1 -101
1 -101
1 -101
1 -101
1 -101
-8 -96
-8 -96
-8 -96
-8 -96
-8 -96
-8 -96
-8 -96
-8 -96
-8 -96
-8 -96
-8 -96
-8 -96
-8 -96
-8 -96
-8 -96
-8 -96
-8 -96
-8 -96
-8 -96
-8 -96
-16 -99
-16 -99
-16 -99
-16 -99
-16 -99
-16 -99
-16 -99
-16 -99
-16 -99
-16 -99
-16 -99
-16 -99
-16 -99
-16 -99
-16 -99
-16 -99
-16 -99
-16 -99
-16 -99
-16 -99
-16 -99
-16 -99
-16 -99
-16 -99
-16 -99
-16 -99
-16 -99
-16 -99
-16 -99
-16 -99
-16 -99
-16 -99
-16 -99
-16 -99
-16 -99
-16 -99
-16 -99
-16 -99
-16 -99
-16 -99
-16 -99
-16 -99
-16 -99
-16 -99
-16 -99
-16 -99
-16 -99
-26 -108
-26 -108
-26 -108
-26 -108
-26 -108
-26 -108
-26 -108
-26 -108
-26 -108
-26 -108
-26 -108
-26 -108
-26 -108
-26 -108
-26 -108
-26 -108
-26 -108
-26 -108
-26 -108
-26 -108
-30 -79
-30 -79
-30 -79
-30 -79
-30 -79
-30 -79
-30 -79
-30 -79
-30 -79
-30 -79
-30 -79
-30 -79
-30 -79
-30 -79
-30 -79
-30 -79
-30 -79
-30 -79
-30 -79
-30 -79
-30 -79
-30 -79
-30 -79
-30 -79
-30 -79
-30 -79
-30 -79
-30 -79
-30 -79
-30 -79
-30 -79
-30 -79
-30 -79
-30 -79
-30 -79
-30 -79
-30 -79
-30 -79
-30 -79
-30 -79
-30 -79
-30 -79
-30 -79
-30 -96
-33 -86
-33 -86
-33 -86
-33 -86
-33 -86
-33 -86
-33 -86
-33 -86
-33 -86
-33 -86
-33 -86
-33 -86
-33 -86
-33 -86
-33 -86
-33 -86
-33 -86
-33 -86
-33 -86
-33 -86
-33 -86
-33 -86
-33 -86
-33 -86
-33 -86
-33 -86
-33 -86
-33 -86
-33 -86
-33 -86
-33 -86
-33 -86
-33 -86
-33 -86
-33 -86
-33 -86
-33 -86
-33 -86
-33 -86
-33 -86
-33 -86
-33 -86
-33 -86
-33 -86
-48 -104
-48 -104
-48 -104
-48 -104
-48 -104
-48 -104
-48 -104
-48 -104
-48 -104
-48 -104
-48 -104
-48 -104
-48 -104
-48 -104
-48 -104
-48 -104
-48 -104
-48 -104
-48 -104
-48 -104
-48 -104
-56 -91
-56 -91
-56 -91
-56 -91
-56 -91
-56 -91
-56 -91
-56 -91
-56 -91
-56 -91
-56 -91
-56 -91
-56 -91
-56 -91
-56 -91
-56 -91
-56 -91
-56 -91
-56 -91
-56 -91
-56 -91
-56 -91
-56 -91
-56 -91
-56 -91
-56 -91
-56 -91
-56 -91
-56 -91
-56 -91
-56 -91
-56 -91
-56 -91
-56 -91
-56 -91
-56 -91
-56 -91
-56 -91
-56 -91
-56 -91
-56 -91
-56 -91
-56 -91
-57 -93
-57 -93
-57 -93
-57 -93
-57 -93
-57 -93
-57 -93
-57 -93
-57 -93
-57 -93
-57 -93
-57 -93
-57 -93
-57 -93
-57 -93
-57 -93
-57 -93
-57 -93
-57 -93
-57 -93
-57 -93
-57 -93
-57 -93
-57 -93
-79 -103
-79 -103
-79 -103
-79 -103
-79 -103
-79 -103
-79 -103
-79 -103
-79 -103
-79 -103
-79 -103
-79 -103
-79 -103
-79 -103
-79 -103
-79 -103
-79 -103
-79 -103
-79 -103
-79 -103
-79 -103
-79 -103
-79 -103
-79 -103
-66 -89
-66 -89
-66 -89
-66 -89
-66 -89
-66 -89
-66 -89
-66 -89
-66 -89
-66 -89
-66 -89
-66 -89
-66 -89
-66 -89
-66 -89
-66 -89
-66 -89
-66 -89
-66 -89
-66 -89
-66 -89
-66 -89
-66 -89
-66 -89
-66 -89
-66 -89
-66 -89
-66 -89
-66 -89
-66 -89
-66 -89
-66 -89
-66 -89
-66 -89
-66 -89
-66 -89
-66 -89
-66 -89
-66 -89
-66 -89
-79 -101
-79 -101
-79 -101
-79 -101
-79 -101
-79 -101
-79 -101
-79 -101
-79 -101
-79 -101
-79 -101
-79 -101
-79 -101
-79 -101
-79 -101
-79 -101
-79 -101
-79 -101
-79 -101
-79 -101
-79 -101
-79 -101
-79 -94
-79 -94
-79 -94
-79 -94
-79 -94
-79 -94
-79 -94
-79 -94
-79 -94
-79 -94
-79 -94
-79 -94
-79 -94
-79 -94
-79 -94
-79 -94
-79 -94
-79 -94
-79 -94
-79 -94
-79 -94
-79 -94
-79 -94
-79 -94
-79 -94
-79 -94
-79 -94
-79 -94
-79 -94
-79 -94
-79 -94
-79 -94
-79 -94
-79 -94
-79 -94
-79 -94
-79 -94
-79 -94
-79 -94
-79 -94
-79 -94
-79 -94
-79 -94
-79 -94
-79 -94
-79 -94
-79 -94
-79 -94
-79 -94
-79 -94
-77 -79
-77 -79
-77 -79
-77 -79
-77 -79
-77 -79
-77 -79
-77 -79
-77 -79
-77 -79
-77 -79
-77 -79
-77 -79
-77 -79
-77 -79
-77 -79
-77 -79
-77 -79
-77 -79
-77 -79
-77 -79
-77 -79
-77 -79
-77 -79
-77 -79
-77 -79
-77 -79
-77 -79
-77 -79
-77 -79
-77 -79
-77 -79
-77 -79
-77 -79
-77 -79
-77 -79
-77 -79
-77 -79
-77 -79
-77 -79
-77 -79
-77 -79
-77 -79
-77 -79
-77 -79
-77 -79
-77 -79
-77 -79
-77 -79
-77 -79
-77 -79
-100 -83
-100 -83
-100 -83
-100 -83
-100 -83
-100 -83
-100 -83
-100 -83
-100 -83
-100 -83
-100 -83
-100 -83
-100 -83
-100 -83
-100 -83
-100 -83
-100 -83
-100 -83
-100 -83
-100 -83
-100 -83
-100 -83
-100 -83
-119 -90
-119 -90
-119 -90
-119 -90
-119 -90
-119 -90
-119 -90
-119 -90
-119 -90
-119 -90
-119 -90
-119 -90
-119 -90
-119 -90
-119 -90
-119 -90
-119 -90
-119 -90
-119 -90
-119 -90
-119 -90
-119 -90
-119 -90
-119 -90
-119 -90
-119 -90
-119 -90
-119 -90
-119 -90
-119 -90
-119 -90
-119 -90
-119 -90
-119 -90
-119 -90
-119 -90
-119 -90
-119 -90
-119 -90
-119 -90
-119 -90
-94 -55
-120 -50
-120 -50
-120 -50
-120 -50
-120 -50
-120 -50
-120 -50
-120 -50
-120 -50
-120 -50
-120 -50
-120 -50
-120 -50
-120 -50
-120 -50
-120 -50
-120 -50
-120 -50
-120 -50
-120 -50
-120 -50
-120 -50
-120 -50
-120 -50
-120 -50
-120 -50
-120 -50
-120 -50
-120 -50
-120 -50
-120 -50
-120 -50
-120 -50
-120 -50
-120 -50
-120 -50
-120 -50
-120 -50
-120 -50
-120 -50
-120 -50
-120 -50
-120 -50
-120 -50
-120 -50
-127 -47
-127 -47
-127 -47
-127 -47
-127 -47
-127 -47
-127 -47
-127 -47
-127 -47
-127 -47
-127 -47
-127 -47
-127 -47
-127 -47
-127 -47
-127 -47
-127 -47
-127 -47
-127 -47
-127 -47
-127 -47
-127 -47
-127 -47
-127 -47
-127 -47
-130 -40
-130 -40
-130 -40
-130 -40
-130 -40
-130 -40
-130 -40
-130 -40
-130 -40
-130 -40
-130 -40
-130 -40
-130 -40
-130 -40
-130 -40
-130 -40
-130 -40
-130 -40
-130 -40
-130 -40
-130 -40
-130 -40
-130 -40
-130 -40
-130 -40
-154 -19
-154 -19
-154 -19
-154 -19
-154 -19
-154 -19
-154 -19
-154 -19
-154 -19
-154 -19
-154 -19
-154 -19
-154 -19
-154 -19
-154 -19
-154 -19
-154 -19
-154 -19
-154 -19
-154 -19
-154 -19
-154 -19
-154 -19
-154 -19
-154 -19
-154 -19
-154 -19
-154 -19
-154 -19
-154 -19
-154 -19
-154 -19
-154 -19
-154 -19
-154 -19
-154 -19
-154 -19
-154 -19
-154 -19
-154 -19
-154 -19
-154 -19
-154 -19
-154 -19
-123 -19
-123 -19
-123 -19
-123 -19
-123 -19
-123 -19
-123 -19
-123 -19
-123 -19
-123 -19
-123 -19
-123 -19
-123 -19
-123 -19
-123 -19
-123 -19
-123 -19
-123 -19
-123 -19
-123 -19
-123 -19
-123 -19
-123 -19
-123 -19
-123 -19
-123 -19
-123 -19
-123 -19
-123 -19
-123 -19
-123 -19
-123 -19
-123 -19
-123 -19
-123 -19
-123 -19
-123 -19
-123 -19
-123 -19
-123 -19
-123 -19
-123 -19
-123 -19
-123 -19
-123 -19
-123 -19
-123 -19
-117 -10
-117 -10
-117 -10
-117 -10
-117 -10
-117 -10
-117 -10
-117 -10
-117 -10
-117 -10
-117 -10
-117 -10
-117 -10
-117 -10
-117 -10
-117 -10
-117 -10
-117 -10
-117 -10
-117 -10
-117 -10
-117 -10
-117 -10
-117 -10
-117 -10
-117 -10
-117 -10
-117 -10
-117 -10
-117 -10
-117 -10
-117 -10
-117 -10
-117 -10
-117 -10
-117 -10
-117 -10
-117 -10
-117 -10
-117 -10
-117 -10
-117 -10
-117 -10
-117 -10
-117 -10
-117 -10
-117 -10
-117 -10
-117 -10
-112 1
-122 4
-122 4
-122 4
-122 4
-122 4
-122 4
-122 4
-122 4
-122 4
-122 4
-122 4
-122 4
-122 4
-122 4
-122 4
-122 4
-122 4
-122 4
-118 15
-118 15
-118 15
-118 15
-118 15
-118 15
-118 15
-118 15
-118 15
-118 15
-118 15
-118 15
-118 15
-118 15
-118 15
-118 15
-118 15
-118 15
-118 15
-118 15
-118 15
-118 15
-118 15
-118 15
-118 15
-118 15
-118 15
-118 15
-118 15
-118 15
-118 15
-118 15
-118 15
-118 15
-118 15
-118 15
-118 15
-118 15
-118 15
-118 15
-118 15
-118 15
-118 15
-118 15
-118 15
-118 15
-118 15
-118 15
-118 15
-118 15
-115 33
-115 33
-115 33
-115 33
-115 33
-115 33
-115 33
-115 33
-115 33
-115 33
-115 33
-115 33
-115 33
-115 33
-115 33
-115 33
-115 33
-115 33
-115 33
-115 33
-115 33
-115 33
-115 33
-115 33
-115 33
-115 33
-115 33
-115 33
-115 33
-115 33
-115 33
-115 33
-115 33
-115 33
-115 33
-115 33
-115 33
-115 33
-115 33
-115 33
-115 33
-115 33
-115 33
-115 33
-115 33
-112 49
-112 49
-112 49
-112 49
-112 49
-112 49
-112 49
-112 49
-112 49
-112 49
-112 49
-112 49
-112 49
-112 49
-112 49
-112 49
-112 49
-112 49
-112 49
-112 49
-112 49
-112 49
-112 49
-112 49
-112 49
-112 49
-112 49
-112 49
-112 49
-112 49
-112 49
-112 49
-112 49
-112 49
-112 49
-112 49
-112 49
-112 49
-112 49
-112 49
-112 49
-112 49
-112 49
-112 49
-112 49
-112 49
-112 49
-112 49
-114 60
-103 66
-103 66
-103 66
-103 66
-103 66
-103 66
-103 66
-103 66
-103 66
-103 66
-103 66
-103 66
-103 66
-103 66
-103 66
-103 66
-103 66
-103 66
-101 78
-101 78
-101 78
-101 78
-101 78
-101 78
-101 78
-101 78
-101 78
-101 78
-101 78
-101 78
-101 78
-101 78
-101 78
-101 78
-101 78
-101 78
-101 78
-101 78
-101 78
-101 78
-101 78
-101 78
-101 78
-101 78
-101 78
-101 78
-101 78
-101 78
-101 78
-101 78
-101 78
-101 78
-101 78
-101 78
-101 78
-101 78
-101 78
-90 80
-90 80
-90 80
-90 80
-90 80
-90 80
-90 80
-90 80
-90 80
-90 80
-90 80
-90 80
-90 80
-90 80
-90 80
-90 80
-90 80
-90 80
-90 80
-90 80
-90 80
-90 80
-90 80
-90 80
-95 101
-95 101
-95 101
-95 101
-95 101
-95 101
-95 101
-95 101
-95 101
-95 101
-95 101
-95 101
-95 101
-95 101
-95 101
-95 101
-95 101
-95 101
-95 101
-95 101
-95 101
-95 101
-95 101
-95 101
-95 101
-95 101
-95 101
-95 101
-95 101
-95 101
-95 101
-95 101
-95 101
-95 101
-95 101
-95 101
-95 101
-84 90
-84 90
-84 90
-84 90
-84 90
-84 90
-84 90
-84 90
-84 90
-84 90
-84 90
-84 90
-84 90
-84 90
-84 90
-84 90
-84 90
-84 90
-84 90
-84 90
-84 90
-84 90
-84 90
-84 90
-84 90
-84 90
-84 90
-84 90
-84 90
-84 90
-84 90
-84 90
-84 90
-84 90
-84 90
-84 90
-84 90
-84 90
-84 90
-84 90
-84 90
-84 90
-93 104
-64 78
-64 78
-64 78
-64 78
-64 78
-64 78
-64 78
-64 78
-64 78
-64 78
-64 78
-64 78
-64 78
-64 78
-64 78
-64 78
-64 78
-64 78
-64 78
-64 78
-64 78
-64 78
-64 78
-64 78
-64 78
-64 78
-64 78
-64 78
-64 78
-64 78
-64 78
-64 78
-64 78
-64 78
-64 78
-64 78
-64 78
-64 78
-64 78
-64 78
-64 78
-64 78
-87 110
-87 110
-87 110
-87 110
-87 110
-87 110
-87 110
-87 110
-87 110
-87 110
-87 110
-87 110
-87 110
-87 110
-87 110
-87 110
-87 110
-87 110
-87 110
-87 110
-87 110
-87 110
-70 98
-70 98
-70 98
-70 98
-70 98
-70 98
-70 98
-70 98
-70 98
-70 98
-70 98
-70 98
-70 98
-70 98
-70 98
-70 98
-70 98
-70 98
-70 98
-70 98
-70 98
-70 98
-70 98
-70 98
-70 98
-70 98
-70 98
-70 98
-70 98
-70 98
-70 98
-70 98
-70 98
-70 98
-70 98
-70 98
-70 98
-70 98
-70 98
-70 98
-70 98
-70 98
-70 98
-70 98
-70 98
-70 98
-70 98
-70 98
-60 97
-60 97
-60 97
-60 97
-60 97
-60 97
-60 97
-60 97
-60 97
-60 97
-60 97
-60 97
-60 97
-60 97
-60 97
-60 97
-60 97
-60 97
-60 97
-60 97
-60 97
-60 97
-60 97
-60 97
-60 97
-60 97
-60 97
-60 97
-60 97
-60 97
-60 97
-60 97
-60 97
-60 97
-60 97
-60 97
-60 97
-60 97
-60 97
-60 97
-60 97
-60 97
-60 97
-60 97
-60 97
-60 97
-60 97
-60 97
-41 88
-41 88
-41 88
-41 88
-41 88
-41 88
-41 88
-41 88
-41 88
-41 88
-41 88
-41 88
-41 88
-41 88
-41 88
-41 88
-41 88
-41 88
-41 88
-41 88
-41 88
-41 88
-41 88
-41 88
-41 88
-41 88
-41 88
-41 88
-41 88
-41 88
-41 88
-41 88
-30 98
-30 98
-30 98
-30 98
-30 98
-30 98
-30 98
-30 98
-30 98
-30 98
-30 98
-30 98
-30 98
-30 98
-30 98
-30 98
-30 98
-30 98
-30 98
-30 98
-27 105
-27 105
-27 105
-27 105
-27 105
-27 105
-27 105
-27 105
-27 105
-27 105
-27 105
-27 105
-27 105
-21 121
-21 121
-21 121
-21 121
-21 121
-21 121
-21 121
-21 121
-21 121
-21 121
-21 121
-21 121
-21 121
-21 121
-21 121
-21 121
-21 121
-21 121
-21 121
-21 121
-21 121
-21 121
-21 121
-21 121
-21 121
-21 121
-21 121
-17 128
-17 128
-17 128
-17 128
-17 128
-17 128
-17 128
-17 128
-17 128
-17 128
-17 128
-17 128
-17 128
-17 128
-17 128
-17 128
-17 128
-17 128
-17 128
-17 128
-17 128
-17 128
-17 128
-17 128
-17 128
-17 128
-17 128
-17 128
-17 128
-17 128
-17 128
-17 128
-17 128
-17 128
-17 128
-15 128
-9 129
-9 129
-9 129
-9 129
-9 129
-9 129
-9 129
-9 129
-9 129
-9 129
-9 129
-9 129
-9 129
-9 129
-9 129
-9 129
-9 129
-9 129
-9 129
-9 129
-9 129
-9 129
-9 129
-9 129
-9 129
-9 129
-9 129
-9 129
-9 129
-9 129
-9 129
-9 129
-9 129
-9 129
-9 129
-9 129
-9 129
-9 129
-4 136
-4 136
-4 136
-4 136
-4 136
-4 136
-4 136
-4 136
-4 136
-4 136
-4 136
-4 136
-4 136
-4 136
-4 136
-4 136
-4 136
-4 136
-4 136
-4 136
-4 136
-4 136
-4 136
-5 138
-5 138
-5 138
-5 138
-5 138
-5 138
-5 138
-5 138
-5 138
-5 138
-5 138
-5 138
-5 138
-5 138
-5 138
-5 138
-5 138
-5 138
-5 138
-5 138
-5 138
-5 138
-5 138
-5 138
-5 138
-5 138
-5 138
-5 138
-5 138
-5 138
-5 138
-5 138
-5 138
-5 138
-5 138
-5 138
-5 138
-5 138
-5 138
-5 138
-5 138
-5 138
16 139
16 139
16 139
16 139
16 139
16 139
16 139
16 139
16 139
16 139
16 139
16 139
16 139
16 139
16 139
16 139
16 139
16 139
16 139
16 139
16 139
16 139
16 139
16 139
16 139
16 139
16 139
16 139
16 139
16 139
16 139
16 139
16 139
16 139
16 139
16 139
16 139
16 139
16 139
17 136
17 136
17 136
17 136
17 136
17 136
17 136
17 136
17 136
17 136
17 136
17 136
17 136
17 136
17 136
17 136
17 136
17 136
17 136
17 136
17 136
17 136
17 136
17 136
17 136
17 136
17 136
17 136
17 136
17 136
17 136
17 136
17 136
17 136
27 137
50 134
50 134
50 134
50 134
50 134
50 134
50 134
50 134
50 134
50 134
50 134
50 134
50 134
50 134
50 134
50 134
50 134
50 134
57 137
57 137
57 137
57 137
57 137
57 137
57 137
57 137
57 137
57 137
57 137
57 137
57 137
57 137
57 137
57 137
57 137
57 137
57 137
57 137
57 137
57 137
57 137
57 137
57 137
57 137
57 137
57 137
57 137
57 137
57 137
57 137
57 137
57 137
57 137
57 137
57 137
56 137
56 137
56 137
56 137
56 137
56 137
56 137
56 137
56 137
56 137
56 137
56 137
56 137
56 137
56 137
56 137
56 137
72 140
72 140
72 140
72 140
72 140
72 140
72 140
72 140
72 140
72 140
72 140
72 140
72 140
72 140
72 140
72 140
72 140
72 140
72 140
72 140
72 140
72 140
72 140
72 140
72 140
72 140
72 140
72 140
72 140
72 140
72 140
72 140
72 140
79 132
79 132
79 132
79 132
79 132
79 132
79 132
79 132
79 132
79 132
79 132
79 132
79 132
79 132
79 132
79 132
79 132
79 132
79 132
79 132
79 132
79 132
79 132
79 132
79 132
79 132
79 132
79 132
79 132
79 132
79 132
79 132
79 132
79 132
96 123
96 123
96 123
96 123
96 123
96 123
96 123
96 123
96 123
96 123
96 123
96 123
96 123
96 123
96 123
96 123
96 123
96 123
96 123
96 123
96 123
96 123
96 123
96 123
96 123
96 123
96 123
96 123
96 123
96 123
96 123
96 123
96 123
96 123
96 123
96 123
88 95
88 95
88 95
88 95
88 95
88 95
88 95
88 95
88 95
88 95
88 95
88 95
88 95
88 95
88 95
88 95
88 95
116 87
116 87
116 87
116 87
116 87
116 87
116 87
116 87
116 87
116 87
116 87
116 87
116 87
116 87
116 87
116 87
116 87
131 78
131 78
131 78
131 78
131 78
131 78
131 78
131 78
131 78
131 78
131 78
131 78
131 78
131 78
131 78
131 78
131 78
131 78
131 78
131 78
131 78
131 78
131 78
131 78
131 78
131 78
131 78
131 78
131 78
131 78
131 78
131 78
131 78
131 78
131 78
131 78
131 78
131 78
131 78
131 78
131 78
131 78
131 78
131 78
131 78
131 78
131 78
131 78
131 78
131 78
131 78
131 78
131 78
131 78
131 78
131 78
131 78
131 78
131 78
131 78
131 78
131 78
131 78
131 78
131 78
131 78
131 78
131 78
131 78
131 78
131 78
131 78
131 78
131 78
131 78
131 78
131 78
131 78
131 78
131 78
131 78
131 78
131 78
131 78
134 64
167 35
167 35
167 35
167 35
167 35
167 35
167 35
167 35
167 35
167 35
167 35
167 35
167 35
167 35
167 35
167 35
158 15
158 15
158 15
158 15
158 15
158 15
158 15
158 15
158 15
158 15
158 15
158 15
158 15
158 15
158 15
158 15
158 15
183 5
183 5
183 5
183 5
183 5
183 5
183 5
183 5
183 5
183 5
183 5
183 5
183 5
183 5
183 5
183 5
183 5
183 5
183 5
183 5
183 5
183 5
183 5
183 5
183 5
183 5
183 5
183 5
183 5
183 5
183 5
183 5
183 5
183 5
183 5
183 5
190 -9
190 -9
190 -9
190 -9
190 -9
190 -9
190 -9
190 -9
190 -9
190 -9
190 -9
190 -9
190 -9
190 -9
190 -9
190 -9
190 -9
190 -9
190 -9
190 -9
190 -9
190 -9
190 -9
190 -9
190 -9
190 -9
190 -9
190 -9
190 -9
190 -9
190 -9
190 -9
190 -9
190 -9
190 -9
190 -9
146 -51
146 -51
146 -51
146 -51
146 -51
146 -51
146 -51
146 -51
146 -51
146 -51
146 -51
146 -51
146 -51
146 -51
146 -51
146 -51
146 -51
146 -51
146 -51
146 -51
146 -51
146 -51
146 -51
146 -51
146 -51
146 -51
146 -51
146 -51
146 -51
146 -51
146 -51
146 -51
146 -51
146 -51
146 -51
129 -51
129 -51
129 -51
129 -51
129 -51
129 -51
129 -51
129 -51
129 -51
129 -51
129 -51
129 -51
129 -51
129 -51
129 -51
129 -51
129 -51
129 -51
104 -69
104 -69
104 -69
104 -69
104 -69
104 -69
104 -69
104 -69
104 -69
104 -69
104 -69
104 -69
104 -69
104 -69
104 -69
104 -69
104 -69
104 -69
104 -69
104 -69
104 -69
104 -69
104 -69
104 -69
104 -69
104 -69
104 -69
104 -69
104 -69
104 -69
104 -69
104 -69
104 -69
104 -69
104 -69
104 -69
104 -69
104 -69
96 -73
96 -73
96 -73
96 -73
96 -73
96 -73
96 -73
96 -73
96 -73
96 -73
96 -73
96 -73
96 -73
96 -73
96 -73
96 -73
96 -73
96 -73
80 -75
80 -75
80 -75
80 -75
80 -75
80 -75
80 -75
80 -75
80 -75
80 -75
80 -75
80 -75
80 -75
80 -75
80 -75
80 -75
80 -75
80 -75
80 -75
80 -75
80 -75
80 -75
80 -75
80 -75
80 -75
80 -75
80 -75
80 -75
80 -75
80 -75
80 -75
80 -75
80 -75
80 -75
80 -75
80 -75
80 -75
80 -75
80 -75
80 -75
80 -75
80 -75
80 -75
80 -75
80 -75
80 -75
80 -75
80 -75
80 -75
80 -75
80 -75
80 -75
80 -75
80 -75
80 -75
80 -75
80 -75
80 -75
80 -75
80 -75
80 -75
80 -75
80 -75
80 -75
80 -75
80 -75
54 -91
40 -88
40 -88
40 -88
40 -88
40 -88
40 -88
40 -88
40 -88
40 -88
40 -88
40 -88
40 -88
40 -88
40 -88
40 -88
40 -88
40 -88
40 -88
40 -88
32 -84
32 -84
32 -84
32 -84
32 -84
32 -84
32 -84
32 -84
32 -84
32 -84
32 -84
32 -84
32 -84
32 -84
32 -84
32 -84
32 -84
32 -84
32 -84
32 -84
21 -92
21 -92
21 -92
21 -92
21 -92
21 -92
21 -92
21 -92
21 -92
21 -92
21 -92
21 -92
21 -92
21 -92
21 -92
21 -92
21 -92
21 -92
21 -92
21 -92
18 -86
18 -86
18 -86
18 -86
18 -86
18 -86
18 -86
18 -86
18 -86
18 -86
18 -86
18 -86
18 -86
18 -86
18 -86
18 -86
18 -86
18 -86
18 -86
18 -86
18 -86
18 -86
18 -86
18 -86
18 -86
18 -86
18 -86
18 -86
18 -86
18 -86
18 -86
18 -86
18 -86
18 -86
18 -86
18 -86
18 -86
18 -86
18 -86
5 -79
5 -79
5 -79
5 -79
5 -79
5 -79
5 -79
5 -79
5 -79
5 -79
5 -79
5 -79
5 -79
5 -79
5 -79
5 -79
5 -79
5 -79
5 -79
5 -79
5 -79
5 -79
5 -79
5 -79
5 -79
5 -79
5 -79
5 -79
5 -79
5 -79
5 -79
5 -79
5 -79
0 -46
0 -46
0 -46
0 -46
0 -46
0 -46
0 -46
0 -46
0 -46
0 -46
0 -46
0 -46
0 -46
0 -46
0 -46
0 -46
2 -40
2 -40
2 -40
2 -40
2 -40
2 -40
2 -40
2 -40
2 -40
2 -40
2 -40
2 -40
2 -40
2 -40
2 -40
2 -40
2 -40
2 -40
2 -40
2 -40
2 -40
2 -40
2 -40
2 -40
2 -40
2 -40
2 -40
2 -40
2 -40
-2 -22
-2 -22
-2 -22
-2 -22
-2 -22
-2 -22
-2 -22
-2 -22
-2 -22
-2 -22
-2 -22
-2 -22
-2 -22
-2 -22
-2 -22
-2 -22
-2 -22
-2 -22
-2 -22
-2 -22
-2 -22
-1 -8
-1 -8
-1 -8
-1 -8
-1 -8
-1 -8
-1 -8
-1 -8
-1 -8
-1 -8
-1 -8
-1 -8
-1 -8
-1 -8
-1 -8
-1 -8
-1 -8
-1 -8
-1 -8
-1 -8
-1 -8
-1 -8
-1 -8
-1 -8
-1 -8
-1 -8
-1 -8
-1 -8
-1 -8
-1 -8
-1 -8
-1 -8
-1 -8
-1 -8
-1 -8
-1 -8
-1 -8
-1 -8
-1 -8
-2 -1
-2 -1
-2 -1
-2 -1
-2 -1
-2 -1
-2 -1
-2 -1
-2 -1
-2 -1
-2 -1
-2 -1
-2 -1
-2 -1
-2 -1
-2 -1
-2 -1
-2 -1
-2 -1
-2 -1
-2 -1
-2 -1
-2 -1
-2 -1
-2 -1
-2 -1
-2 -1
-2 -1
-2 -1
-2 -1
-2 -1
-2 -1
-2 -1
-2 -1
-2 -1
-2 -1
-2 -1
-2 -1
-2 -1
-2 -1
0 -1
0 -1
0 -1
0 -1
0 -1
0 -1
0 -1
0 -1
0 -1
0 -1
0 -1
0 -1
0 -1
0 -1
0 -1
0 -1
0 -1
0 -1
0 -1
0 -1
0 -1
0 -1
0 -1
0 -1
0 -1
0 -1
0 -1
0 -1
0 -1
0 -1
0 -1
0 -1
0 -1
0 -1
0 -1
0 -1
0 -1
0 -1
0 -1
0 -1
0 -1
0 -1
0 -1
0 -1
0 -1
0 -1
0 -1
0 -1
0 -1
0 -1
0 -1
0 -1
0 -1
0 -1
0 -1
0 -1
0 -1
0 -1
0 -1
0 -1
0 -1
0 -1
0 -1
0 -1
0 -1
0 -1
0 -1
0 -1
0 -1
0 -1
0 -1
0 -1
0 -1
0 -1
0 -1
0 -1
0 -1
0 -1
0 -1
0 -1
0 -1
0 -1
0 -1
0 -1
0 -1
0 -1
0 -1
0 -1
0 -1
0 -1
0 -1
0 -1
0 -1
0 -1
0 -1
0 -1
0 -1
0 -1
0 -1
0 -1
0 -1
0 -1
0 -1
0 -1
0 -1
0 -1
0 -1
0 -1
0 -1
0 -1
0 -1
0 -1
0 -1
0 -1
0 -1
0 -1
0 -1
0 -1
0 -1
0 -1
1 0
1 0
1 0
1 0
1 0
1 0
1 0
1 0
1 0
1 0
1 0
1 0
1 0
1 0
1 0
1 0
1 0
1 0
1 0
1 0
1 0
1 0
1 0
1 0
1 0
1 0
1 0
1 0
1 0
1 0
1 0
1 0
1 0
1 0
1 0
1 0
1 0
1 0
1 0
1 0
1 0
1 0
1 0
1 0
1 0
1 0
1 0
1 0
1 0
1 0
1 0
1 0
1 0
1 0
1 0
1 0
1 0
1 0
1 0
1 0
1 0
1 0
1 0
1 0
1 0
1 0
1 0
1 0
1 0
1 0
1 0
1 0
1 0
1 0
1 0
1 0
1 0
1 0
1 0
1 0
1 0
1 0
1 0
1 0
1 0
1 0
1 0
1 0
1 0
1 0
1 0
1 0
1 0
1 0
1 0
1 0
1 0
1 0
1 0
1 0
1 0
1 0
1 0
1 0
1 0
1 0
1 0
1 0
1 0
1 0
1 0
1 0
1 0
1 0
1 0
1 0
1 0
1 0
1 0
1 0
1 0
1 0
1 0
1 0
1 0
1 0
1 0
1 0
1 0
1 0
1 0
1 0
1 0
1 0
1 0
1 0
1 0
1 0
1 0
1 0
1 0
1 0
1 0
1 0
1 0
1 0
1 0
1 0
1 0
1 0
1 0
1 0
1 0
1 0
1 0
1 0
1 0
1 0
1 0
1 0
1 0
1 0
1 0
1 0
1 0
1 0
1 0
1 0
1 0
1 0
1 0
1 0
1 0
1 0
1 0
1 0
1 0
1 0
1 0
1 0
1 0
1 0
1 0
1 0
1 0
1 0
1 0
1 0
1 0
1 0
1 0
1 0
1 0
1 0
1 0
1 0
1 0
1 0
1 0
1 0
1 0
1 0
1 0
1 0
1 0
1 0
1 0
1 0
1 0
1 0
1 0
1 0
1 0
1 0
1 0
1 0
1 0
1 0
1 0
1 0
1 0
1 0
1 0
1 0
1 0
1 0
1 0
1 0
1 0
1 0
1 0
1 0
1 0
1 0
1 0
1 0
1 0
1 0
1 0
1 0
1 0
1 0
1 0
1 0
1 0
1 0
1 0
1 0
1 0
1 0
1 0
1 0
1 0
1 0
1 0
1 0
1 0
1 0
1 0
1 0
1 0
1 0
1 0
1 0
1 0
1 0
1 0
1 0
1 0
1 0
1 0
1 0
1 0
1 0
1 0
1 0
1 0
1 0
1 0
1 0
1 0
1 0
1 0
1 0
1 0
1 0
1 0
1 0
1 0
1 0
1 0
1 0
1 0
1 0
1 0
1 0
1 0
1 0
1 0
1 0
1 0
1 0
1 0
1 0
1 0
1 0
1 0
1 0
1 0
1 0
1 0
1 0
1 0
1 0
1 0
1 0
1 0
1 0
1 0
1 0
1 0
1 0
1 0
1 0
1 0
1 0
1 0
1 0
1 0
1 0
1 0
1 0
1 0
1 0
1 0
1 0
1 0
1 0
1 0
1 0
1 0
1 0
1 0
1 0
1 0
1 0
1 0
1 0
1 0
1 0
1 0
1 0
1 0
1 0
1 0
1 0
1 0
1 0
1 0
1 0
1 0
1 0
1 0
1 0
1 0
1 0
1 0
1 0
1 0
1 0
1 0
1 0
1 0
1 0
1 0
1 0
1 0
1 0
1 0
1 0
1 0
1 0
1 0
1 0
1 0
1 0
1 0
1 0
1 0
1 0
1 0
1 0
1 0
1 0
1 0
1 0
1 0
1 0
1 0
1 0
1 0
1 0
1 0
1 0
1 0
1 0
1 0
1 0
1 0
1 0
1 0
1 0
1 0
1 0
1 0
1 0
1 0
1 0
1 0
1 0
1 0
1 0
1 0
1 0
1 0
1 0
1 0
1 0
1 0
1 0
1 0
1 0
1 0
1 0
1 0
1 0
1 0
1 0
1 0
1 0
1 0
1 0
1 0
1 0
1 0
1 0
1 0
1 0
1 0
1 0
1 0
1 0
1 0
1 0
1 0
1 0
1 0
1 0
1 0
1 0
1 0
1 0
1 0
1 0
1 0
1 0
1 0
1 0
1 0
1 0
1 0
1 0
1 0
1 0
1 0
1 0
1 0
1 0
1 0
1 0
1 0
1 0
1 0
1 0
1 0
1 0
1 0
1 0
1 0
1 0
1 0
1 0
1 0
1 0
1 0
1 0
1 0
1 0
1 0
1 0
1 0
1 0
1 0
1 0
1 0
1 0
1 0
1 0
1 0
1 0
1 0
1 0
1 0
1 0
1 0
1 0
1 0
1 0
1 0
1 0
1 0
1 0
1 0
1 0
1 0
1 0
1 0
1 0
1 0
1 0
1 0
1 0
1 0
1 0
1 0
1 0
1 0
1 0
1 0
1 0
1 0
1 0
1 0
1 0
1 0
1 0
1 0
1 0
1 0
1 0
1 0
1 0
1 0
1 0
1 0
1 0
1 0
1 0
1 0
1 0
1 0
1 0
1 0
1 0
1 0
1 0
1 0
1 0
1 0
1 0
1 0
1 0
1 0
1 0
1 0
1 0
1 0
1 0
1 0
1 0
1 0
1 0
1 0
1 0
1 0
1 0
1 0
1 0
1 0
1 0
1 0
1 0
1 0
1 0
1 0
1 0
1 0
1 0
1 0
1 0
1 0
1 0
1 0
1 0
1 0
1 0
1 0
1 0
1 0
1 0
1 0
1 0
1 0
1 0
1 0
1 0
1 0
1 0
1 0
1 0
1 0
1 0
1 0
1 0
1 0
1 0
1 0
1 0
1 0
1 0
1 0
1 0
1 0
1 0
1 0
1 0
1 0
1 0
1 0
1 0
1 0
1 0
1 0
1 0
1 0
1 0
1 0
1 0
1 0
1 0
1 0
1 0
1 0
1 0
1 0
1 0
1 0
1 0
1 0
1 0
1 0
1 0
1 0
1 0
1 0
1 0
1 0
1 0
1 0
1 0
1 0
1 0
1 0
1 0
1 0
1 0
1 0
1 0
1 0
1 0
1 0
1 0
1 0
1 0
1 0
1 0
1 0
1 0
1 0
1 0
1 0
1 0
1 0
1 0
1 0
1 0
1 0
1 0
1 0
1 0
1 0
1 0
1 0
1 0
1 0
1 0
1 0
1 0
1 0
1 0
1 0
1 0
1 0
1 0
1 0
1 0
1 0
1 0
1 0
1 0
