62 27
62 27
62 27
62 27
62 27
62 27
62 27
62 27
62 27
62 27
62 27
62 27
62 27
62 27
62 27
62 27
62 27
62 27
62 27
62 27
62 27
62 27
62 27
62 27
62 27
62 27
62 27
62 27
62 27
62 27
62 27
62 27
62 27
62 27
62 27
62 27
62 27
62 27
62 27
62 27
62 27
62 27
62 27
62 27
62 27
62 27
62 27
62 27
58 19
78 15
86 19
86 19
86 19
86 19
86 19
86 19
86 19
86 19
86 19
86 19
86 19
86 19
86 19
86 19
86 19
86 19
86 19
86 19
86 19
86 19
86 19
86 19
86 19
86 19
86 19
86 19
86 19
86 19
86 19
86 19
86 19
86 19
86 19
86 19
86 19
86 19
86 19
97 8
97 8
97 8
97 8
97 8
97 8
97 8
97 8
97 8
97 8
97 8
97 8
97 8
97 8
97 8
97 8
97 8
97 8
97 8
97 8
97 4
97 4
97 4
97 4
97 4
97 4
97 4
97 4
97 4
97 4
97 4
97 4
97 4
97 4
97 4
97 4
97 4
97 4
97 4
97 4
97 4
97 4
97 4
94 2
94 2
94 2
94 2
94 2
94 2
94 2
94 2
94 2
94 2
94 2
94 2
94 2
94 2
94 2
94 2
94 2
94 2
94 2
94 2
94 2
94 2
94 2
94 2
94 2
94 2
94 2
94 2
94 2
94 2
94 2
94 2
94 2
94 2
94 2
94 2
94 2
94 2
94 2
94 2
94 2
94 2
94 2
94 2
94 2
94 2
94 2
94 2
94 2
94 2
94 2
94 2
94 2
94 2
94 2
94 2
94 2
94 2
94 2
94 2
94 2
94 2
94 2
94 2
94 2
94 2
94 2
94 2
94 2
94 2
94 2
94 2
94 2
95 -4
95 -4
95 -4
95 -4
95 -4
95 -4
95 -4
95 -4
95 -4
95 -4
95 -4
95 -4
95 -4
95 -4
95 -4
95 -4
95 -4
95 -4
95 -4
95 -4
95 -4
95 -4
95 -4
95 -4
95 -4
95 -4
95 -4
95 -4
95 -4
95 -4
95 -4
95 -4
95 -4
95 -4
95 -4
95 -4
95 -4
95 -4
95 -4
95 -4
95 -4
95 -4
95 -4
86 -5
86 -5
86 -5
86 -5
86 -5
86 -5
86 -5
86 -5
86 -5
86 -5
86 -5
86 -5
86 -5
86 -5
86 -5
86 -5
86 -5
86 -5
86 -5
86 -5
86 -5
86 -5
86 -5
86 -5
84 -15
84 -15
84 -15
84 -15
84 -15
84 -15
84 -15
84 -15
84 -15
84 -15
84 -15
84 -15
84 -15
84 -15
84 -15
84 -15
84 -15
84 -15
84 -15
84 -15
84 -15
84 -15
84 -15
84 -15
84 -15
84 -15
84 -15
84 -15
81 -32
81 -32
81 -32
81 -32
81 -32
81 -32
81 -32
81 -32
81 -32
81 -32
81 -32
81 -32
81 -32
81 -32
81 -32
81 -32
81 -32
81 -32
81 -32
81 -32
81 -32
81 -32
81 -32
81 -32
81 -32
81 -32
81 -32
81 -32
81 -32
81 -32
81 -32
81 -32
81 -32
81 -32
81 -32
81 -32
81 -32
81 -32
81 -32
81 -32
81 -32
81 -32
81 -32
81 -32
81 -32
81 -32
81 -32
76 -27
76 -27
76 -27
76 -27
76 -27
76 -27
76 -27
76 -27
76 -27
76 -27
76 -27
76 -27
76 -27
76 -27
76 -27
76 -27
76 -27
76 -27
76 -27
76 -27
76 -27
76 -27
76 -27
76 -27
76 -27
76 -27
76 -27
76 -27
76 -27
76 -27
76 -27
76 -27
76 -27
76 -27
76 -27
76 -27
76 -27
76 -27
76 -27
76 -27
76 -27
76 -27
76 -27
76 -27
76 -27
76 -27
76 -27
72 -24
63 -38
63 -38
63 -38
63 -38
63 -38
63 -38
63 -38
63 -38
63 -38
63 -38
63 -38
63 -38
63 -38
63 -38
63 -38
63 -38
63 -38
63 -38
63 -38
63 -38
63 -38
63 -38
63 -38
63 -38
63 -38
63 -38
63 -38
63 -38
63 -38
63 -38
63 -38
63 -38
63 -38
63 -38
63 -38
63 -38
63 -38
63 -38
63 -38
63 -38
63 -38
63 -38
63 -38
63 -38
63 -38
63 -38
63 -38
53 -33
53 -33
53 -33
53 -33
53 -33
53 -33
53 -33
53 -33
53 -33
53 -33
53 -33
53 -33
53 -33
53 -33
53 -33
53 -33
53 -33
53 -33
53 -33
53 -33
53 -33
53 -33
53 -33
34 -43
34 -43
34 -43
34 -43
34 -43
34 -43
34 -43
34 -43
34 -43
34 -43
34 -43
34 -43
34 -43
34 -43
34 -43
34 -43
34 -43
34 -43
34 -43
34 -43
34 -43
34 -43
34 -43
34 -43
34 -43
34 -43
34 -43
34 -43
34 -43
34 -43
34 -43
34 -43
34 -43
34 -43
34 -43
34 -43
34 -43
34 -43
34 -43
34 -43
34 -43
34 -43
34 -43
34 -43
33 -43
33 -43
33 -43
33 -43
33 -43
33 -43
33 -43
33 -43
33 -43
33 -43
33 -43
33 -43
33 -43
33 -43
33 -43
33 -43
33 -43
33 -43
33 -43
33 -43
33 -43
33 -43
33 -43
33 -43
33 -43
33 -43
33 -43
33 -43
33 -43
33 -43
33 -43
33 -43
33 -43
33 -43
33 -43
33 -43
33 -43
33 -43
33 -43
33 -43
33 -43
33 -43
33 -43
33 -43
33 -43
33 -43
35 -58
35 -58
32 -69
32 -69
32 -69
32 -69
32 -69
32 -69
32 -69
32 -69
32 -69
32 -69
32 -69
32 -69
32 -69
32 -69
32 -69
32 -69
32 -69
32 -69
32 -69
32 -69
32 -69
32 -69
32 -69
32 -69
32 -69
32 -69
32 -69
32 -69
32 -69
32 -69
32 -69
32 -69
32 -69
32 -69
32 -69
32 -69
32 -69
32 -69
32 -69
32 -69
32 -69
32 -69
32 -69
32 -69
32 -69
32 -69
30 -66
30 -66
30 -66
30 -66
30 -66
30 -66
30 -66
30 -66
30 -66
30 -66
30 -66
30 -66
30 -66
30 -66
30 -66
30 -66
30 -66
30 -66
30 -66
30 -66
28 -76
28 -76
28 -76
28 -76
28 -76
28 -76
28 -76
28 -76
28 -76
28 -76
28 -76
28 -76
28 -76
28 -76
28 -76
28 -76
28 -76
28 -76
28 -76
28 -76
28 -76
28 -76
28 -76
28 -76
28 -76
28 -76
28 -76
28 -76
28 -76
28 -76
28 -76
28 -76
28 -76
28 -76
28 -76
28 -76
28 -76
28 -76
28 -76
28 -76
28 -76
28 -76
28 -76
28 -76
28 -76
20 -79
20 -79
20 -79
20 -79
20 -79
20 -79
20 -79
20 -79
20 -79
20 -79
20 -79
20 -79
20 -79
20 -79
20 -79
20 -79
20 -79
20 -79
20 -79
20 -79
20 -79
20 -79
20 -79
18 -91
18 -91
18 -91
18 -91
18 -91
18 -91
18 -91
18 -91
18 -91
18 -91
18 -91
18 -91
18 -91
18 -91
18 -91
18 -91
18 -91
18 -91
18 -91
18 -91
18 -91
18 -91
18 -91
18 -91
18 -91
18 -91
18 -91
18 -91
18 -91
18 -91
18 -91
18 -91
18 -91
18 -91
18 -91
18 -91
18 -91
18 -91
18 -91
18 -91
18 -91
18 -91
18 -91
18 -91
12 -84
12 -84
12 -84
12 -84
12 -84
12 -84
12 -84
12 -84
12 -84
12 -84
12 -84
12 -84
12 -84
12 -84
12 -84
12 -84
12 -84
12 -84
12 -84
12 -84
12 -84
12 -84
12 -84
12 -84
12 -84
12 -84
12 -84
12 -84
12 -84
12 -84
12 -84
12 -84
12 -84
12 -84
12 -84
12 -84
12 -84
12 -84
12 -84
12 -84
12 -84
12 -84
12 -84
13 -78
13 -98
13 -98
13 -98
13 -98
13 -98
13 -98
13 -98
13 -98
13 -98
13 -98
13 -98
13 -98
13 -98
13 -98
13 -98
13 -98
13 -98
13 -98
13 -98
13 -98
10 -82
10 -82
10 -82
10 -82
10 -82
10 -82
10 -82
10 -82
10 -82
10 -82
10 -82
10 -82
10 -82
10 -82
10 -82
10 -82
10 -82
10 -82
10 -82
10 -82
10 -82
10 -82
10 -82
10 -82
10 -82
10 -82
10 -82
10 -82
10 -82
10 -82
10 -82
10 -82
10 -82
10 -82
10 -82
10 -82
10 -82
10 -82
10 -82
10 -82
10 -82
10 -82
10 -82
10 -82
10 -82
4 -88
4 -88
4 -88
4 -88
4 -88
4 -88
4 -88
4 -88
4 -88
4 -88
4 -88
4 -88
4 -88
4 -88
4 -88
4 -88
4 -88
4 -88
2 -84
2 -84
2 -84
2 -84
2 -84
2 -84
2 -84
2 -84
2 -84
2 -84
2 -84
2 -84
2 -84
2 -84
2 -84
2 -84
2 -84
2 -84
2 -84
2 -84
2 -84
2 -84
2 -84
2 -84
2 -84
2 -84
2 -84
2 -84
2 -84
2 -84
2 -84
2 -84
2 -84
2 -84
2 -84
2 -84
2 -84
2 -84
2 -84
2 -84
2 -84
2 -84
2 -84
2 -84
2 -84
2 -84
2 -84
2 -84
2 -84
2 -84
2 -84
2 -84
2 -84
2 -84
2 -84
2 -84
2 -84
2 -84
2 -84
2 -84
2 -84
2 -84
2 -84
2 -84
2 -84
2 -84
2 -84
2 -84
2 -84
2 -84
2 -84
-7 -85
-7 -85
-7 -85
-7 -85
-7 -85
-7 -85
-7 -85
-7 -85
-7 -85
-7 -85
-7 -85
-7 -85
-7 -85
-7 -85
-7 -85
-7 -85
-7 -85
-7 -85
-7 -85
-7 -85
-7 -85
-7 -85
-7 -85
-7 -85
-7 -85
-7 -85
-7 -85
-7 -85
-7 -85
-7 -85
-7 -85
-7 -85
-7 -85
-7 -85
-7 -85
-7 -85
-7 -85
-7 -85
-7 -85
-7 -85
-7 -85
-7 -85
-7 -85
-7 -85
-7 -85
-7 -85
-7 -85
-7 -83
-7 -83
-7 -83
-7 -83
-7 -83
-7 -83
-7 -83
-7 -83
-7 -83
-7 -83
-7 -83
-7 -83
-7 -83
-7 -83
-7 -83
-7 -83
-7 -83
-7 -83
-7 -83
-7 -83
-7 -83
-7 -83
-7 -83
0 -87
0 -87
0 -87
0 -87
0 -87
0 -87
0 -87
0 -87
0 -87
0 -87
0 -87
0 -87
0 -87
0 -87
0 -87
0 -87
0 -87
0 -87
0 -87
0 -87
0 -87
-7 -91
-7 -91
-7 -91
-7 -91
-7 -91
-7 -91
-7 -91
-7 -91
-7 -91
-7 -91
-7 -91
-7 -91
-7 -91
-7 -91
-7 -91
-7 -91
-7 -91
-7 -91
-7 -91
-7 -91
-7 -91
-7 -91
-7 -91
-7 -91
-7 -91
-7 -91
-7 -91
-7 -91
-7 -91
-7 -91
-7 -91
-7 -91
-7 -91
-7 -91
-7 -91
-7 -91
-7 -91
-7 -91
-7 -91
-7 -91
-7 -91
-7 -91
-7 -91
-7 -91
-7 -91
-7 -91
-7 -91
-7 -91
-7 -91
-10 -83
-10 -83
-10 -83
-10 -83
-10 -83
-10 -83
-10 -83
-10 -83
-10 -83
-10 -83
-10 -83
-10 -83
-10 -83
-10 -83
-10 -83
-10 -83
-10 -83
-10 -83
-10 -83
-10 -83
-10 -83
-10 -83
-10 -83
-10 -83
-10 -83
-10 -83
-10 -83
-10 -83
-10 -83
-10 -83
-10 -83
-10 -83
-10 -83
-10 -83
-10 -83
-10 -83
-10 -83
-10 -83
-10 -83
-10 -83
-10 -83
-10 -83
-10 -83
-10 -83
-13 -89
-13 -89
-13 -89
-13 -89
-13 -89
-13 -89
-13 -89
-13 -89
-13 -89
-13 -89
-13 -89
-13 -89
-13 -89
-13 -89
-13 -89
-13 -89
-13 -89
-13 -89
-13 -89
-13 -89
-13 -89
-13 -89
-13 -89
-13 -89
-13 -89
-13 -89
-13 -89
-13 -89
-13 -89
-13 -89
-13 -89
-13 -89
-13 -89
-13 -89
-13 -89
-13 -89
-13 -89
-13 -89
-13 -89
-13 -89
-13 -89
-13 -89
-13 -89
-13 -89
-13 -89
-13 -89
-16 -79
-18 -75
-18 -75
-18 -75
-18 -75
-18 -75
-18 -75
-18 -75
-18 -75
-18 -75
-18 -75
-18 -75
-18 -75
-18 -75
-18 -75
-18 -75
-18 -75
-18 -75
-18 -75
-18 -75
-18 -75
-18 -75
-18 -75
-25 -74
-25 -74
-25 -74
-25 -74
-25 -74
-25 -74
-25 -74
-25 -74
-25 -74
-25 -74
-25 -74
-25 -74
-25 -74
-25 -74
-25 -74
-25 -74
-25 -74
-25 -74
-25 -74
-25 -74
-25 -74
-25 -74
-25 -74
-25 -74
-25 -74
-25 -74
-25 -74
-25 -74
-25 -74
-25 -74
-25 -74
-25 -74
-25 -74
-25 -74
-25 -74
-25 -74
-25 -74
-25 -74
-25 -74
-25 -74
-25 -74
-25 -74
-25 -74
-25 -74
-25 -74
-28 -79
-28 -79
-28 -79
-28 -79
-28 -79
-28 -79
-28 -79
-28 -79
-28 -79
-28 -79
-28 -79
-28 -79
-28 -79
-28 -79
-28 -79
-28 -79
-28 -79
-28 -79
-28 -79
-28 -79
-28 -79
-28 -79
-28 -79
-28 -79
-32 -76
-32 -76
-32 -76
-32 -76
-32 -76
-32 -76
-32 -76
-32 -76
-32 -76
-32 -76
-32 -76
-32 -76
-32 -76
-32 -76
-32 -76
-32 -76
-32 -76
-32 -76
-32 -76
-32 -76
-32 -76
-32 -76
-32 -76
-32 -76
-32 -76
-32 -76
-32 -76
-32 -76
-32 -76
-32 -76
-32 -76
-32 -76
-32 -76
-32 -76
-32 -76
-32 -76
-32 -76
-32 -76
-32 -76
-32 -76
-32 -76
-32 -76
-32 -76
-32 -76
-32 -76
-32 -76
-32 -76
-32 -76
-32 -76
-32 -76
-32 -76
-32 -76
-34 -72
-34 -72
-34 -72
-34 -72
-34 -72
-34 -72
-34 -72
-34 -72
-34 -72
-34 -72
-34 -72
-34 -72
-34 -72
-34 -72
-34 -72
-34 -72
-34 -72
-34 -72
-34 -72
-34 -72
-34 -72
-34 -72
-34 -72
-34 -72
-34 -72
-34 -72
-34 -72
-34 -72
-34 -72
-34 -72
-34 -72
-34 -72
-34 -72
-34 -72
-34 -72
-34 -72
-34 -72
-34 -72
-34 -72
-34 -72
-34 -72
-34 -72
-34 -72
-34 -72
-34 -72
-37 -57
-37 -57
-37 -57
-37 -57
-37 -57
-37 -57
-37 -57
-37 -57
-37 -57
-37 -57
-37 -57
-37 -57
-37 -57
-37 -57
-37 -57
-37 -57
-37 -57
-37 -57
-37 -57
-37 -57
-37 -57
-37 -57
-37 -57
-37 -57
-37 -57
-37 -57
-37 -57
-37 -57
-37 -57
-37 -57
-37 -57
-37 -57
-37 -57
-37 -57
-37 -57
-37 -57
-37 -57
-37 -57
-37 -57
-37 -57
-37 -57
-37 -57
-37 -57
-37 -57
-37 -57
-37 -57
-37 -57
-36 -52
-36 -52
-36 -52
-36 -52
-36 -52
-36 -52
-36 -52
-36 -52
-36 -52
-36 -52
-36 -52
-36 -52
-36 -52
-36 -52
-36 -52
-36 -52
-36 -52
-36 -52
-36 -52
-36 -52
-36 -52
-40 -52
-40 -52
-40 -52
-40 -52
-40 -52
-40 -52
-40 -52
-40 -52
-40 -52
-40 -52
-40 -52
-40 -52
-40 -52
-40 -52
-40 -52
-40 -52
-40 -52
-40 -52
-40 -52
-40 -52
-40 -52
-40 -52
-40 -52
-40 -52
-40 -52
-40 -52
-40 -52
-40 -52
-40 -52
-40 -52
-40 -52
-40 -52
-40 -52
-40 -52
-40 -52
-40 -52
-40 -52
-40 -52
-40 -52
-40 -52
-40 -52
-40 -52
-40 -52
-40 -52
-40 -52
-40 -52
-40 -52
-40 -52
-39 -45
-39 -45
-39 -45
-39 -45
-39 -45
-39 -45
-39 -45
-39 -45
-39 -45
-39 -45
-39 -45
-39 -45
-39 -45
-39 -45
-39 -45
-39 -45
-39 -45
-39 -45
-39 -45
-39 -45
-39 -45
-39 -45
-39 -45
-39 -45
-39 -45
-39 -45
-39 -45
-39 -45
-39 -45
-39 -45
-39 -45
-39 -45
-39 -45
-39 -45
-39 -45
-39 -45
-39 -45
-39 -45
-39 -45
-39 -45
-39 -45
-39 -45
-39 -45
-39 -45
-39 -45
-39 -45
-39 -45
-39 -45
-39 -45
-39 -45
-39 -45
-39 -45
-39 -45
-39 -45
-40 -39
-40 -39
-40 -39
-40 -39
-40 -39
-40 -39
-40 -39
-40 -39
-40 -39
-40 -39
-40 -39
-40 -39
-40 -39
-40 -39
-40 -39
-40 -39
-40 -39
-40 -39
-40 -39
-40 -39
-40 -39
-40 -39
-40 -39
-44 -34
-44 -34
-44 -34
-44 -34
-44 -34
-44 -34
-44 -34
-44 -34
-44 -34
-44 -34
-44 -34
-44 -34
-44 -34
-44 -34
-44 -34
-44 -34
-44 -34
-44 -34
-44 -34
-44 -34
-44 -34
-44 -34
-44 -34
-44 -34
-44 -34
-44 -34
-44 -34
-44 -34
-44 -34
-44 -34
-44 -34
-44 -34
-44 -34
-44 -34
-44 -34
-44 -34
-44 -34
-44 -34
-44 -34
-44 -34
-44 -34
-44 -34
-44 -34
-44 -34
-44 -34
-44 -34
-44 -34
-44 -34
-44 -34
-44 -34
-44 -34
-44 -34
-44 -34
-44 -34
-44 -34
-37 -24
-37 -24
-37 -24
-37 -24
-37 -24
-37 -24
-37 -24
-37 -24
-37 -24
-37 -24
-37 -24
-37 -24
-37 -24
-37 -24
-37 -24
-37 -24
-37 -24
-37 -24
-37 -24
-37 -24
-37 -24
-37 -24
-37 -24
-37 -24
-37 -24
-37 -24
-37 -24
-37 -24
-37 -24
-37 -24
-37 -24
-37 -24
-37 -24
-37 -24
-37 -24
-37 -24
-37 -24
-37 -24
-37 -24
-37 -24
-37 -24
-37 -24
-37 -24
-37 -24
-37 -24
-37 -24
-37 -24
-37 -24
-37 -24
-37 -24
-37 -24
-37 -24
-37 -24
-37 -24
-37 -24
-37 -24
-37 -24
-37 -24
-37 -24
-37 -24
-37 -24
-37 -24
-44 -30
-58 -22
-58 -22
-58 -22
-58 -22
-58 -22
-58 -22
-58 -22
-58 -22
-58 -22
-58 -22
-58 -22
-58 -22
-58 -22
-58 -22
-58 -22
-58 -22
-58 -22
-58 -22
-58 -22
-58 -22
-58 -22
-58 -22
-58 -22
-58 -22
-58 -22
-58 -22
-58 -22
-58 -22
-58 -22
-58 -22
-58 -22
-58 -22
-58 -22
-58 -22
-58 -22
-58 -22
-58 -22
-58 -22
-58 -22
-58 -22
-62 -24
-58 -25
-58 -25
-58 -25
-58 -25
-58 -25
-58 -25
-58 -25
-58 -25
-58 -25
-58 -25
-58 -25
-58 -25
-58 -25
-58 -25
-58 -25
-58 -25
-58 -25
-58 -25
-58 -25
-58 -25
-58 -25
-58 -25
-58 -25
-58 -25
-58 -25
-58 -25
-58 -25
-58 -25
-58 -25
-58 -25
-58 -25
-58 -25
-58 -25
-58 -25
-58 -25
-58 -25
-58 -25
-58 -25
-58 -25
-58 -25
-58 -25
-66 -21
-66 -21
-66 -21
-66 -21
-66 -21
-66 -21
-66 -21
-66 -21
-66 -21
-66 -21
-66 -21
-66 -21
-66 -21
-66 -21
-66 -21
-66 -21
-66 -21
-66 -21
-67 -23
-67 -23
-67 -23
-67 -23
-67 -23
-67 -23
-67 -23
-67 -23
-67 -23
-67 -23
-67 -23
-67 -23
-67 -23
-67 -23
-67 -23
-67 -23
-67 -23
-67 -23
-67 -23
-67 -23
-67 -23
-67 -23
-67 -23
-67 -23
-67 -23
-67 -23
-67 -23
-67 -23
-67 -23
-67 -23
-67 -23
-67 -23
-67 -23
-67 -23
-67 -23
-67 -23
-67 -23
-67 -23
-67 -23
-67 -23
-67 -23
-67 -23
-67 -23
-67 -23
-67 -23
-67 -23
-67 -23
-65 -17
-65 -17
-65 -17
-65 -17
-65 -17
-65 -17
-65 -17
-65 -17
-65 -17
-65 -17
-65 -17
-65 -17
-65 -17
-65 -17
-65 -17
-65 -17
-65 -17
-65 -17
-65 -17
-65 -17
-65 -17
-65 -17
-65 -17
-65 -17
-65 -17
-65 -17
-65 -17
-65 -17
-65 -17
-65 -17
-65 -17
-65 -17
-65 -17
-65 -17
-65 -17
-65 -17
-65 -17
-65 -17
-65 -17
-65 -17
-65 -17
-65 -17
-65 -17
-65 -17
-65 -17
-65 -15
-66 -9
-66 -9
-66 -9
-66 -9
-66 -9
-66 -9
-66 -9
-66 -9
-66 -9
-66 -9
-66 -9
-66 -9
-66 -9
-66 -9
-66 -9
-66 -9
-66 -9
-66 -9
-66 -9
-66 -9
-66 -9
-66 -9
-66 -9
-66 -9
-66 -9
-66 -9
-66 -9
-66 -9
-66 -9
-66 -9
-66 -9
-66 -9
-66 -9
-66 -9
-66 -9
-66 -9
-66 -9
-66 -9
-66 -9
-66 -9
-66 -9
-65 -4
-65 -4
-65 -4
-65 -4
-65 -4
-65 -4
-65 -4
-65 -4
-65 -4
-65 -4
-65 -4
-65 -4
-65 -4
-65 -4
-65 -4
-65 -4
-65 -4
-65 -4
-65 -4
-65 -4
-65 -4
-63 -9
-63 -9
-63 -9
-63 -9
-63 -9
-63 -9
-63 -9
-63 -9
-63 -9
-63 -9
-63 -9
-63 -9
-63 -9
-63 -9
-63 -9
-63 -9
-63 -9
-63 -9
-63 -9
-63 -9
-63 -9
-66 -5
-66 -5
-66 -5
-66 -5
-66 -5
-66 -5
-66 -5
-66 -5
-66 -5
-66 -5
-66 -5
-66 -5
-66 -5
-66 -5
-66 -5
-66 -5
-66 -5
-66 -5
-66 -5
-66 -5
-66 -5
-66 -5
-66 -5
-66 -5
-66 -5
-66 -5
-66 -5
-66 -5
-66 -5
-66 -5
-66 -5
-66 -5
-66 -5
-66 -5
-66 -5
-66 -5
-66 -5
-66 -5
-66 -5
-66 -5
-66 -5
-66 -5
-66 -5
-66 -5
-66 -5
-66 -5
-66 -5
-66 -5
-66 -5
-66 -5
-66 -5
-66 -5
-66 -5
-66 -5
-66 -5
-66 -5
-66 -5
-66 -5
-66 -5
-66 -5
-66 -5
-66 -5
-66 -5
-66 -5
-66 -5
-66 -5
-66 -5
-66 -5
-66 -5
-66 -5
-66 -5
-66 -5
-66 -5
-66 -5
-66 -5
-66 -5
-66 -5
-66 -5
-66 -5
-66 -5
-66 -5
-64 -7
-64 0
-64 0
-64 0
-64 0
-64 0
-64 0
-64 0
-64 0
-64 0
-64 0
-64 0
-64 0
-64 0
-64 0
-64 0
-64 0
-64 0
-64 0
-64 0
-64 0
-64 0
-64 0
-64 0
-64 0
-64 0
-64 0
-64 0
-64 0
-64 0
-64 0
-64 0
-64 0
-64 0
-64 0
-64 0
-64 0
-64 0
-64 0
-64 0
-64 0
-64 0
-64 0
-64 0
-64 0
-64 0
-69 7
-65 14
-65 14
-65 14
-65 14
-65 14
-65 14
-65 14
-65 14
-65 14
-65 14
-65 14
-65 14
-65 14
-65 14
-65 14
-65 14
-65 14
-65 14
-65 14
-65 14
-65 14
-65 14
-65 14
-65 14
-65 14
-65 14
-65 14
-62 16
-62 16
-62 16
-62 16
-62 16
-62 16
-62 16
-62 16
-62 16
-62 16
-62 16
-62 16
-62 16
-62 16
-62 16
-62 16
-62 16
-62 16
-62 16
-62 16
-62 16
-62 16
-62 16
-62 16
-62 16
-62 16
-62 16
-62 16
-62 16
-73 23
-73 23
-73 23
-73 23
-73 23
-73 23
-73 23
-73 23
-73 23
-73 23
-73 23
-73 23
-73 23
-73 23
-73 23
-73 23
-73 23
-73 23
-73 23
-73 23
-73 23
-73 23
-73 23
-73 23
-73 23
-73 23
-73 23
-73 23
-73 23
-73 23
-73 23
-73 23
-73 23
-73 23
-73 23
-73 23
-60 29
-61 34
-61 34
-61 34
-61 34
-61 34
-61 34
-61 34
-61 34
-61 34
-61 34
-61 34
-61 34
-61 34
-61 34
-61 34
-61 34
-61 34
-61 34
-61 34
-61 34
-53 32
-53 32
-53 32
-53 32
-53 32
-53 32
-53 32
-53 32
-53 32
-53 32
-53 32
-53 32
-53 32
-53 32
-53 32
-53 32
-53 32
-53 32
-53 32
-53 32
-53 32
-53 32
-53 32
-53 32
-53 32
-53 32
-53 32
-53 32
-53 32
-53 32
-53 32
-53 32
-53 32
-53 32
-53 32
-53 32
-53 32
-53 32
-53 32
-53 32
-43 26
-43 26
-43 26
-43 26
-43 26
-43 26
-43 26
-43 26
-43 26
-43 26
-43 26
-43 26
-43 26
-43 26
-43 26
-43 26
-43 26
-43 26
-43 26
-43 26
-43 26
-43 26
-43 26
-43 26
-43 26
-43 26
-43 26
-43 26
-43 26
-43 26
-43 26
-43 26
-43 26
-43 26
-43 26
-43 26
-43 26
-43 26
-43 26
-43 26
-43 26
-43 26
-43 26
-43 26
-43 26
-43 26
-43 26
-43 26
-43 26
-43 26
-43 26
-43 26
-43 26
-43 26
-43 26
-43 26
-43 26
-43 26
-43 26
-43 26
-43 26
-43 26
-53 52
-53 52
-53 52
-53 52
-53 52
-53 52
-53 52
-53 52
-53 52
-53 52
-53 52
-53 52
-53 52
-53 52
-53 52
-53 52
-53 52
-53 52
-53 52
-53 52
-53 52
-53 52
-53 52
-53 52
-53 52
-53 52
-53 52
-53 52
-53 52
-53 52
-53 52
-53 52
-53 52
-53 52
-50 63
-50 63
-50 63
-50 63
-50 63
-50 63
-50 63
-50 63
-50 63
-50 63
-50 63
-50 63
-50 63
-50 63
-50 63
-50 63
-50 63
-50 63
-50 63
-50 63
-50 63
-50 63
-50 63
-50 63
-50 63
-50 63
-50 63
-50 63
-50 63
-50 63
-50 63
-50 63
-50 63
-47 58
-47 58
-47 58
-47 58
-47 58
-47 58
-47 58
-47 58
-47 58
-47 58
-47 58
-47 58
-47 58
-47 58
-47 58
-47 58
-47 58
-44 59
-44 59
-44 59
-44 59
-44 59
-44 59
-44 59
-44 59
-44 59
-44 59
-44 59
-44 59
-44 59
-44 59
-44 59
-44 59
-44 59
-44 59
-44 59
-44 59
-44 59
-44 59
-44 59
-44 59
-44 59
-44 59
-44 59
-44 59
-44 59
-44 59
-44 59
-44 59
-44 59
-44 59
-44 59
-44 59
-46 66
-46 66
-46 66
-46 66
-46 66
-46 66
-46 66
-46 66
-46 66
-46 66
-46 66
-46 66
-46 66
-46 66
-46 66
-46 66
-38 60
-38 60
-38 60
-38 60
-38 60
-38 60
-38 60
-38 60
-38 60
-38 60
-38 60
-38 60
-38 60
-38 60
-38 60
-38 60
-38 60
-38 60
-38 60
-38 60
-38 60
-38 60
-38 60
-38 60
-38 60
-38 60
-38 60
-38 60
-38 60
-38 60
-42 65
-42 65
-42 65
-42 65
-42 65
-42 65
-42 65
-42 65
-42 65
-42 65
-42 65
-42 65
-42 65
-42 65
-42 65
-42 65
-42 65
-42 65
-26 54
-26 54
-26 54
-26 54
-26 54
-26 54
-26 54
-26 54
-26 54
-26 54
-26 54
-26 54
-26 54
-26 54
-26 54
-26 54
-26 54
-22 54
-22 54
-22 54
-22 54
-22 54
-22 54
-22 54
-22 54
-22 54
-22 54
-22 54
-22 54
-22 54
-22 54
-22 54
-22 54
-22 54
-22 54
-22 54
-22 54
-22 54
-22 54
-22 54
-22 54
-22 54
-22 54
-22 54
-22 54
-22 54
-22 54
-22 54
-22 54
-22 54
-22 54
-22 54
-22 54
-22 54
-22 54
-18 51
-18 51
-18 51
-18 51
-18 51
-18 51
-18 51
-18 51
-18 51
-18 51
-18 51
-18 51
-18 51
-18 51
-18 51
-18 51
-18 51
-18 51
-18 51
-18 51
-15 48
-15 48
-15 48
-15 48
-15 48
-15 48
-15 48
-15 48
-15 48
-15 48
-15 48
-15 48
-15 48
-15 48
-15 48
-15 48
-15 48
-15 48
-15 48
-15 48
-15 48
-15 48
-15 48
-15 48
-15 48
-15 48
-15 48
-15 48
-15 48
-15 48
-15 48
-15 48
-15 48
-15 48
-15 48
-15 48
-15 48
-15 48
-15 48
-15 48
-15 48
-15 48
-15 48
-15 48
-15 48
-15 48
-15 48
-15 48
-15 48
-15 48
-15 48
-15 48
-15 48
-15 48
-8 49
-8 49
-8 49
-8 49
-8 49
-8 49
-8 49
-8 49
-8 49
-8 49
-8 49
-8 49
-8 49
-8 49
-8 49
-8 49
-8 49
-5 47
-5 47
-5 47
-5 47
-5 47
-5 47
-5 47
-5 47
-5 47
-5 47
-5 47
-5 47
-5 47
-5 47
-5 47
-5 47
-5 47
-5 47
-2 47
-2 47
-2 47
-2 47
-2 47
-2 47
-2 47
-2 47
-2 47
-2 47
-2 47
-2 47
-2 47
-2 47
-2 47
-2 47
-2 47
-2 47
-2 47
-2 47
-2 47
-2 47
-2 47
-2 47
-2 47
-2 47
-2 47
-2 47
-2 47
-2 47
-2 47
-2 47
-3 42
-3 42
-3 42
-3 42
-3 42
-3 42
-3 42
-3 42
-3 42
-3 42
-3 42
-3 42
-3 42
-3 42
0 28
0 28
0 28
0 28
0 28
0 28
0 28
0 28
0 28
0 28
0 28
0 28
0 28
0 28
0 28
0 28
0 28
0 28
0 28
0 28
0 28
0 28
0 28
0 28
0 28
0 28
0 28
0 28
0 28
0 28
0 28
0 28
0 28
0 28
3 21
3 21
3 21
3 21
3 21
3 21
3 21
3 21
3 21
3 21
3 21
3 21
3 21
3 21
3 21
3 21
3 21
3 21
3 21
3 21
3 21
3 21
3 21
3 21
3 21
3 21
3 21
3 21
3 21
3 21
3 21
3 15
0 6
0 6
0 6
0 6
0 6
0 6
0 6
0 6
0 6
0 6
0 6
0 6
0 6
0 6
0 6
0 6
0 6
0 6
0 6
0 6
0 6
0 6
0 6
0 6
0 6
0 6
0 6
0 6
0 6
0 6
0 6
0 6
0 6
0 6
0 6
0 6
0 6
0 6
0 6
0 6
0 6
0 6
0 6
0 6
0 6
0 6
0 6
0 6
0 6
0 6
0 6
0 6
0 6
0 6
0 6
0 6
0 6
0 6
0 6
0 6
0 6
0 6
0 6
0 6
0 6
0 6
0 6
0 6
0 6
0 6
0 6
0 6
0 6
0 6
0 6
0 6
0 6
0 6
0 6
0 6
0 6
0 6
0 6
0 6
0 6
0 6
0 6
0 6
0 6
0 6
0 6
0 6
0 6
0 6
0 6
0 6
0 6
0 6
0 6
0 6
0 6
0 6
0 6
0 6
0 6
0 6
0 6
0 6
0 6
0 6
0 6
0 6
0 6
0 6
0 6
0 6
0 6
0 6
0 6
0 6
0 6
0 6
0 6
0 6
0 6
0 6
0 6
0 6
0 6
0 6
0 6
0 6
0 6
0 6
0 6
0 6
0 6
0 6
0 6
0 6
0 6
0 6
0 6
0 6
0 6
0 6
0 6
0 6
0 6
0 6
0 6
0 6
0 6
0 6
0 6
0 6
0 6
0 6
0 6
0 6
0 6
0 6
0 6
0 6
0 6
0 6
0 6
0 6
0 6
0 6
0 6
0 6
0 6
0 6
0 6
0 6
0 6
0 6
0 6
0 6
0 6
0 6
0 6
0 6
0 6
0 6
0 6
0 6
0 6
0 6
0 6
0 6
0 6
0 6
0 6
0 6
0 6
0 6
0 6
0 6
0 6
0 6
0 6
0 6
0 6
0 6
0 6
0 6
0 6
0 6
0 6
0 6
0 6
0 6
0 6
0 6
0 6
0 6
0 6
0 6
0 6
0 6
0 6
0 6
0 6
0 6
0 6
0 6
0 6
0 6
0 6
0 6
0 6
0 6
0 6
0 6
0 6
0 6
0 6
0 6
0 6
0 6
0 6
0 6
0 6
0 6
0 6
0 6
0 6
0 6
0 6
0 6
0 6
0 6
0 6
0 6
0 6
0 6
0 6
0 6
0 6
0 6
0 6
0 6
0 6
0 6
0 6
0 6
0 6
0 6
0 6
0 6
0 6
0 6
0 6
0 6
0 6
0 6
0 6
0 6
0 6
0 6
0 6
0 6
0 6
0 6
0 6
0 6
0 6
0 6
0 6
0 6
0 6
0 6
0 6
0 6
0 6
0 6
0 6
0 6
0 6
0 6
0 6
0 6
0 6
0 6
0 6
0 6
0 6
0 6
0 6
0 6
0 6
0 6
0 6
0 6
0 6
0 6
0 6
0 6
0 6
0 6
0 6
0 6
0 6
0 6
0 6
0 6
0 6
0 6
0 6
0 6
0 6
0 6
0 6
0 6
0 6
0 6
0 6
0 6
0 6
0 6
0 6
0 6
0 6
0 6
0 6
0 6
0 6
0 6
0 6
0 6
0 6
0 6
0 6
0 6
0 6
0 6
0 6
0 6
0 6
0 6
0 6
0 6
0 6
0 6
0 6
0 6
0 6
0 6
0 6
0 6
0 6
0 6
0 6
0 6
0 6
0 6
0 6
0 6
0 6
0 6
0 6
0 6
0 6
0 6
0 6
0 6
0 6
0 6
0 6
0 6
0 6
0 6
0 6
0 6
0 6
0 6
0 6
0 6
0 6
0 6
0 6
0 6
0 6
0 6
0 6
0 6
0 6
0 6
0 6
0 6
0 6
0 6
0 6
0 6
0 6
0 6
0 6
0 6
0 6
0 6
0 6
0 6
0 6
0 6
0 6
0 6
0 6
0 6
0 6
0 6
0 6
0 6
0 6
0 6
0 6
0 6
0 6
0 6
0 6
0 6
0 6
0 6
0 6
0 6
0 6
0 6
0 6
0 6
0 6
0 6
0 6
0 6
0 6
0 6
0 6
0 6
0 6
0 6
0 6
0 6
0 6
0 6
0 6
0 6
0 6
0 6
0 6
0 6
0 6
0 6
0 6
0 6
0 6
0 6
0 6
0 6
0 6
0 6
0 6
0 6
0 6
0 6
0 6
0 6
0 6
0 6
0 6
0 6
0 6
0 6
0 6
0 6
0 6
0 6
0 6
0 6
0 6
0 6
0 6
0 6
0 6
0 6
0 6
0 6
0 6
0 6
0 6
0 6
0 6
0 6
0 6
0 6
0 6
0 6
0 6
0 6
0 6
0 6
0 6
0 6
0 6
0 6
0 6
0 6
0 6
0 6
0 6
0 6
0 6
0 6
0 6
0 6
0 6
0 6
0 6
0 6
0 6
0 6
0 6
0 6
0 6
0 6
0 6
0 6
0 6
0 6
0 6
0 6
0 6
0 6
0 6
0 6
0 6
0 6
0 6
0 6
0 6
0 6
0 6
0 6
0 6
0 6
0 6
0 6
0 6
0 6
0 6
0 6
0 6
0 6
0 6
0 6
0 6
0 6
0 6
0 6
0 6
0 6
0 6
0 6
0 6
0 6
0 6
0 6
0 6
0 6
0 6
0 6
0 6
0 6
0 6
0 6
0 6
0 6
0 6
0 6
0 6
0 6
0 6
0 6
0 6
0 6
0 6
0 6
0 6
0 6
0 6
0 6
0 6
0 6
0 6
0 6
0 6
0 6
0 6
0 6
0 6
0 6
0 6
0 6
0 6
0 6
0 6
0 6
0 6
0 6
0 6
0 6
0 6
0 6
0 6
0 6
0 6
0 6
0 6
0 6
0 6
0 6
0 6
0 6
0 6
0 6
0 6
0 6
0 6
0 6
0 6
0 6
0 6
0 6
0 6
0 6
0 6
0 6
0 6
0 6
0 6
0 6
0 6
0 6
0 6
0 6
0 6
0 6
0 6
0 6
0 6
0 6
0 6
0 6
0 6
0 6
0 6
0 6
0 6
0 6
0 6
0 6
0 6
0 6
0 6
0 6
0 6
0 6
0 6
0 6
0 6
0 6
0 6
0 6
0 6
0 6
0 6
0 6
0 6
0 6
0 6
0 6
0 6
0 6
0 6
0 6
0 6
0 6
0 6
0 6
0 6
0 6
0 6
0 6
0 6
0 6
0 6
0 6
0 6
0 6
0 6
0 6
0 6
0 6
0 6
0 6
0 6
0 6
0 6
0 6
0 6
0 6
0 6
0 6
0 6
0 6
0 6
0 6
0 6
0 6
0 6
0 6
0 6
0 6
0 6
0 6
0 6
0 6
0 6
0 6
0 6
0 6
0 6
0 6
0 6
0 6
0 6
0 6
0 6
0 6
0 6
0 6
0 6
0 6
0 6
0 6
0 6
0 6
0 6
0 6
0 6
0 6
0 6
0 6
0 6
0 6
0 6
0 6
0 6
0 6
0 6
0 6
0 6
0 6
0 6
0 6
0 6
0 6
0 6
0 6
0 6
0 6
0 6
0 6
0 6
0 6
0 6
0 6
0 6
0 6
0 6
0 6
0 6
0 6
0 6
0 6
0 6
0 6
0 6
0 6
0 6
0 6
0 6
0 6
0 6
0 6
0 6
0 6
0 6
0 6
0 6
0 6
0 6
0 6
0 6
0 6
0 6
0 6
0 6
0 6
0 6
0 6
0 6
0 6
0 6
0 6
0 6
0 6
0 6
0 6
0 6
0 6
0 6
0 6
0 6
0 6
0 6
0 6
0 6
0 6
0 6
0 6
0 6
0 6
0 6
0 6
0 6
0 6
0 6
0 6
0 6
0 6
0 6
0 6
0 6
0 6
0 6
0 6
0 6
0 6
0 6
0 6
0 6
0 6
0 6
0 6
0 6
0 6
0 6
0 6
0 6
0 6
0 6
0 6
0 6
0 6
0 6
0 6
0 6
0 6
0 6
0 6
0 6
0 6
0 6
0 6
0 6
0 6
0 6
0 6
0 6
0 6
0 6
0 6
0 6
0 6
0 6
0 6
0 6
0 6
0 6
0 6
0 6
0 6
0 6
0 6
0 6
0 6
0 6
0 6
0 6
0 6
0 6
0 6
0 6
0 6
0 6
0 6
0 6
0 6
0 6
0 6
0 6
0 6
0 6
0 6
0 6
0 6
0 6
0 6
0 6
0 6
0 6
0 6
0 6
0 6
0 6
0 6
0 6
0 6
0 6
0 6
0 6
0 6
0 6
0 6
0 6
0 6
0 6
0 6
0 6
0 6
0 6
0 6
0 6
0 6
0 6
0 6
0 6
0 6
0 6
0 6
0 6
0 6
0 6
0 6
0 6
0 6
0 6
0 6
0 6
0 6
0 6
0 6
0 6
0 6
0 6
0 6
0 6
0 6
0 6
0 6
0 6
0 6
0 6
0 6
0 6
0 6
0 6
0 6
0 6
0 6
0 6
0 6
0 6
0 6
0 6
0 6
0 6
0 6
0 6
0 6
0 6
0 6
0 6
0 6
0 6
0 6
0 6
0 6
0 6
0 6
0 6
0 6
0 6
0 6
0 6
0 6
0 6
0 6
0 6
0 6
0 6
0 6
0 6
0 6
0 6
0 6
0 6
0 6
0 6
0 6
0 6
0 6
0 6
0 6
0 6
0 6
0 6
0 6
0 6
0 6
0 6
0 6
0 6
0 6
0 6
0 6
0 6
0 6
0 6
0 6
0 6
0 6
0 6
0 6
0 6
0 6
0 6
0 6
0 6
0 6
0 6
0 6
0 6
0 6
0 6
0 6
0 6
0 6
0 6
0 6
0 6
0 6
0 6
0 6
0 6
0 6
0 6
0 6
