0 -1
0 -1
0 -1
0 -1
0 -1
-1 -5
-1 -7
-1 -7
-1 -7
-1 -7
-1 -7
-1 -7
-1 -7
-1 -7
-1 -7
-1 -7
-1 -7
-1 -7
-1 -7
-1 -7
-1 -7
-1 -7
-1 -7
-1 -7
-1 -7
-1 -7
-1 -7
-1 -7
-1 -7
-1 -7
-1 -11
-1 -11
-1 -11
-1 -11
-1 -11
-1 -11
-1 -11
-1 -11
-1 -11
-1 -11
-1 -11
-1 -11
-1 -11
-1 -11
-1 -11
-1 -11
-1 -11
-1 -11
-1 -11
-1 -11
-1 -11
-1 -11
-1 -11
-1 -11
-1 -11
-1 -11
-1 -11
-1 -11
-1 -11
-1 -11
-1 -11
-1 -11
-1 -11
-1 -11
-1 -11
-1 -11
-1 -11
-1 -11
-1 -11
-1 -11
-4 -17
-4 -17
-4 -17
-4 -17
-4 -17
-4 -17
-4 -17
-4 -17
-4 -17
-4 -17
-4 -17
-4 -17
-4 -17
-4 -17
-4 -17
-4 -17
-4 -17
-4 -17
-4 -17
-4 -17
2 -28
2 -28
2 -28
2 -28
2 -28
2 -28
2 -28
2 -28
2 -28
2 -28
2 -28
2 -28
2 -28
2 -28
2 -28
2 -28
2 -28
2 -28
2 -28
1 -33
1 -33
1 -33
1 -33
1 -33
1 -33
1 -33
1 -33
1 -33
1 -33
1 -33
1 -33
1 -33
1 -33
1 -33
1 -33
1 -33
1 -33
1 -33
1 -33
1 -33
1 -33
1 -33
1 -33
1 -33
1 -33
1 -33
1 -33
1 -33
1 -33
1 -33
1 -33
1 -33
1 -33
1 -33
1 -33
1 -33
1 -33
1 -33
1 -33
1 -33
1 -33
1 -33
1 -33
1 -33
1 -33
1 -33
1 -33
1 -33
1 -33
1 -33
1 -33
1 -33
1 -33
1 -33
1 -33
1 -33
1 -33
1 -33
1 -33
1 -33
1 -33
1 -33
1 -33
1 -33
1 -33
1 -33
1 -33
1 -33
1 -33
1 -33
1 -33
1 -33
1 -33
1 -33
1 -33
1 -33
1 -33
1 -33
1 -33
1 -33
1 -33
1 -33
1 -33
1 -33
1 -33
1 -33
1 -33
1 -33
1 -33
1 -33
1 -33
1 -33
1 -33
1 -33
1 -33
1 -33
1 -33
1 -33
1 -33
1 -33
1 -33
1 -33
1 -33
1 -33
1 -33
1 -33
1 -33
1 -33
1 -33
1 -33
1 -33
1 -33
1 -33
1 -33
1 -33
1 -33
1 -33
1 -33
1 -33
1 -33
1 -33
1 -33
1 -33
1 -33
1 -33
1 -33
1 -33
1 -33
1 -33
1 -33
1 -33
1 -33
1 -33
1 -33
1 -33
1 -33
1 -33
1 -33
-5 -51
-5 -51
-5 -63
-5 -63
-5 -63
-5 -63
-5 -63
-5 -63
-5 -63
-5 -63
-5 -63
-5 -63
-5 -63
-5 -63
-5 -63
-5 -63
-5 -63
-5 -63
-5 -63
-5 -63
-11 -73
-11 -73
-11 -73
-11 -73
-11 -73
-11 -73
-11 -73
-11 -73
-11 -73
-11 -73
-11 -73
-11 -73
-11 -73
-11 -73
-11 -73
-11 -73
-11 -73
-11 -73
-11 -73
-11 -73
-11 -73
-11 -73
-11 -73
-11 -73
-11 -73
-11 -73
-11 -73
-11 -73
-11 -73
-11 -73
-11 -73
-11 -73
-11 -73
-11 -73
-11 -73
-11 -73
-11 -73
-11 -73
-11 -73
-11 -73
-11 -73
-11 -73
-11 -73
-11 -73
-11 -73
-11 -73
-11 -73
-11 -73
-11 -73
-11 -73
-11 -73
-11 -73
-11 -73
-11 -73
-11 -73
-11 -73
-11 -73
-11 -73
-11 -73
-11 -73
-11 -73
-11 -73
-11 -73
-11 -73
-11 -73
-11 -73
-11 -73
-11 -73
-11 -73
-11 -73
-11 -73
-11 -73
-11 -73
-11 -73
-11 -73
-22 -85
-22 -85
-22 -85
-22 -85
-22 -85
-22 -85
-22 -85
-22 -85
-22 -85
-22 -85
-22 -85
-22 -85
-22 -85
-22 -85
-22 -85
-22 -85
-22 -85
-22 -85
-22 -85
-22 -85
-22 -85
-22 -85
-22 -85
-22 -85
-22 -85
-22 -85
-22 -85
-22 -85
-22 -85
-22 -85
-22 -85
-22 -85
-22 -85
-22 -85
-22 -85
-22 -85
-22 -85
-22 -85
-22 -85
-22 -85
-22 -85
-22 -85
-22 -85
-22 -85
-22 -85
-22 -85
-22 -85
-22 -85
-22 -85
-22 -85
-21 -88
-21 -88
-21 -88
-21 -88
-21 -88
-21 -88
-21 -88
-21 -88
-21 -88
-21 -88
-21 -88
-21 -88
-21 -88
-21 -88
-21 -88
-21 -88
-21 -88
-21 -88
-21 -88
-21 -88
-21 -88
-29 -86
-29 -86
-29 -86
-29 -86
-29 -86
-29 -86
-29 -86
-29 -86
-29 -86
-29 -86
-29 -86
-29 -86
-29 -86
-29 -86
-29 -86
-29 -86
-29 -86
-29 -86
-29 -86
-29 -86
-29 -86
-29 -86
-29 -86
-29 -86
-29 -86
-29 -86
-29 -86
-29 -86
-29 -86
-29 -86
-29 -86
-29 -86
-29 -86
-29 -86
-29 -86
-29 -86
-29 -86
-29 -86
-29 -86
-29 -86
-29 -86
-29 -86
-29 -86
-29 -86
-29 -86
-29 -86
-29 -86
-29 -86
-29 -86
-41 -88
-41 -88
-41 -88
-41 -88
-41 -88
-41 -88
-41 -88
-41 -88
-41 -88
-41 -88
-41 -88
-41 -88
-41 -88
-41 -88
-41 -88
-41 -88
-41 -88
-41 -88
-41 -88
-41 -88
-41 -88
-41 -88
-41 -88
-36 -83
-36 -83
-36 -83
-36 -83
-36 -83
-36 -83
-36 -83
-36 -83
-36 -83
-36 -83
-36 -83
-36 -83
-36 -83
-36 -83
-36 -83
-36 -83
-36 -83
-36 -83
-36 -83
-36 -83
-36 -83
-36 -83
-36 -83
-36 -83
-36 -83
-36 -83
-36 -83
-36 -83
-36 -83
-36 -83
-36 -83
-36 -83
-36 -83
-36 -83
-36 -83
-36 -83
-36 -83
-36 -83
-36 -83
-36 -83
-36 -83
-40 -80
-40 -80
-40 -80
-40 -80
-40 -80
-40 -80
-40 -80
-40 -80
-40 -80
-40 -80
-40 -80
-40 -80
-40 -80
-40 -80
-40 -80
-40 -80
-40 -80
-40 -80
-40 -80
-40 -80
-40 -80
-40 -80
-40 -80
-40 -80
-40 -80
-40 -80
-40 -80
-40 -80
-40 -80
-40 -80
-40 -80
-40 -80
-40 -80
-40 -80
-40 -80
-40 -80
-40 -80
-40 -80
-40 -80
-40 -80
-40 -80
-40 -80
-40 -80
-39 -78
-39 -78
-39 -78
-39 -78
-39 -78
-39 -78
-39 -78
-39 -78
-39 -78
-39 -78
-39 -78
-39 -78
-39 -78
-39 -78
-39 -78
-39 -78
-39 -78
-39 -78
-39 -78
-39 -78
-39 -78
-39 -78
-33 -92
-48 -85
-48 -85
-48 -85
-48 -85
-48 -85
-48 -85
-48 -85
-48 -85
-48 -85
-48 -85
-48 -85
-48 -85
-48 -85
-48 -85
-48 -85
-48 -85
-48 -85
-48 -85
-48 -85
-48 -85
-48 -85
-48 -85
-48 -85
-48 -85
-48 -85
-48 -85
-48 -85
-48 -85
-48 -85
-48 -85
-48 -85
-48 -85
-48 -85
-48 -85
-48 -85
-48 -85
-48 -85
-48 -85
-48 -85
-48 -85
-48 -85
-48 -85
-48 -85
-48 -85
-48 -85
-49 -88
-49 -88
-49 -88
-49 -88
-49 -88
-49 -88
-49 -88
-49 -88
-49 -88
-49 -88
-49 -88
-49 -88
-49 -88
-49 -88
-49 -88
-49 -88
-49 -88
-49 -88
-49 -88
-49 -88
-49 -88
-49 -88
-56 -91
-56 -91
-56 -91
-56 -91
-56 -91
-56 -91
-56 -91
-56 -91
-56 -91
-56 -91
-56 -91
-56 -91
-56 -91
-56 -91
-56 -91
-56 -91
-56 -91
-56 -91
-56 -91
-56 -91
-56 -91
-56 -91
-56 -91
-56 -91
-56 -91
-56 -91
-56 -91
-56 -91
-56 -91
-56 -91
-56 -91
-56 -91
-56 -91
-56 -91
-56 -91
-56 -91
-56 -91
-56 -91
-56 -91
-56 -91
-56 -91
-56 -91
-56 -91
-56 -91
-56 -91
-56 -91
-56 -91
-56 -91
-56 -91
-56 -91
-56 -91
-56 -91
-56 -91
-56 -91
-56 -91
-56 -91
-56 -91
-56 -91
-56 -91
-56 -91
-56 -91
-56 -91
-56 -91
-56 -91
-56 -91
-56 -91
-56 -91
-56 -91
-56 -91
-56 -91
-49 -73
-58 -79
-58 -79
-58 -79
-58 -79
-58 -79
-58 -79
-58 -79
-58 -79
-58 -79
-58 -79
-58 -79
-58 -79
-58 -79
-58 -79
-58 -79
-58 -79
-58 -79
-58 -79
-58 -79
-58 -79
-58 -79
-58 -79
-58 -79
-58 -79
-58 -79
-51 -78
-51 -78
-51 -78
-51 -78
-51 -78
-51 -78
-51 -78
-51 -78
-51 -78
-51 -78
-51 -78
-51 -78
-51 -78
-51 -78
-51 -78
-51 -78
-51 -78
-51 -78
-51 -78
-51 -78
-51 -78
-51 -78
-51 -78
-51 -78
-51 -78
-51 -78
-51 -78
-51 -78
-51 -78
-51 -78
-51 -78
-51 -78
-51 -78
-51 -78
-51 -78
-51 -78
-51 -78
-51 -78
-51 -78
-51 -78
-51 -78
-51 -78
-51 -78
-51 -78
-51 -78
-51 -78
-51 -78
-51 -78
-57 -62
-57 -62
-57 -62
-57 -62
-57 -62
-57 -62
-57 -62
-57 -62
-57 -62
-57 -62
-57 -62
-57 -62
-57 -62
-57 -62
-57 -62
-57 -62
-57 -62
-57 -62
-57 -62
-57 -62
-57 -62
-57 -62
-57 -62
-57 -62
-55 -75
-55 -75
-55 -75
-55 -75
-55 -75
-55 -75
-55 -75
-55 -75
-55 -75
-55 -75
-55 -75
-55 -75
-55 -75
-55 -75
-55 -75
-55 -75
-55 -75
-55 -75
-55 -75
-55 -75
-55 -75
-55 -75
-55 -75
-55 -75
-55 -75
-55 -75
-55 -75
-58 -57
-58 -57
-58 -57
-58 -57
-58 -57
-58 -57
-58 -57
-58 -57
-58 -57
-58 -57
-58 -57
-58 -57
-58 -57
-58 -57
-58 -57
-58 -57
-58 -57
-58 -57
-58 -57
-58 -57
-58 -57
-58 -57
-58 -57
-58 -57
-58 -57
-58 -57
-58 -57
-58 -57
-58 -57
-58 -57
-58 -57
-58 -57
-58 -57
-58 -57
-58 -57
-58 -57
-58 -57
-58 -57
-58 -57
-58 -57
-58 -57
-58 -57
-58 -57
-58 -57
-58 -57
-58 -57
-58 -57
-58 -57
-58 -57
-58 -57
-58 -57
-58 -57
-58 -57
-58 -57
-58 -57
-58 -57
-58 -57
-58 -57
-58 -57
-58 -57
-58 -57
-58 -57
-58 -57
-58 -57
-58 -57
-58 -57
-58 -57
-58 -57
-58 -57
-58 -57
-58 -57
-61 -54
-68 -48
-68 -48
-68 -48
-68 -48
-68 -48
-68 -48
-68 -48
-68 -48
-68 -48
-68 -48
-68 -48
-68 -48
-68 -48
-68 -48
-68 -48
-68 -48
-68 -48
-68 -48
-68 -48
-68 -48
-68 -48
-68 -48
-68 -48
-68 -48
-68 -48
-68 -48
-68 -48
-68 -48
-68 -48
-68 -48
-68 -48
-68 -48
-68 -48
-68 -48
-68 -48
-68 -48
-68 -48
-68 -48
-68 -48
-68 -48
-74 -37
-74 -37
-74 -37
-74 -37
-74 -37
-74 -37
-74 -37
-74 -37
-74 -37
-74 -37
-74 -37
-74 -37
-74 -37
-74 -37
-74 -37
-74 -37
-74 -37
-74 -37
-74 -37
-74 -37
-74 -37
-74 -37
-74 -37
-79 -34
-79 -34
-79 -34
-79 -34
-79 -34
-79 -34
-79 -34
-79 -34
-79 -34
-79 -34
-79 -34
-79 -34
-79 -34
-79 -34
-79 -34
-79 -34
-79 -34
-79 -34
-79 -34
-79 -34
-79 -34
-79 -34
-81 -37
-81 -37
-81 -37
-81 -37
-81 -37
-81 -37
-81 -37
-81 -37
-81 -37
-81 -37
-81 -37
-81 -37
-81 -37
-81 -37
-81 -37
-81 -37
-81 -37
-81 -37
-81 -37
-81 -37
-81 -37
-81 -37
-81 -37
-81 -37
-81 -37
-81 -37
-81 -37
-81 -37
-81 -37
-81 -37
-81 -37
-81 -37
-81 -37
-81 -37
-81 -37
-81 -37
-81 -37
-81 -37
-81 -37
-81 -37
-81 -37
-81 -37
-81 -37
-81 -37
-81 -37
-81 -37
-81 -37
-70 -28
-70 -28
-70 -28
-70 -28
-70 -28
-70 -28
-70 -28
-70 -28
-70 -28
-70 -28
-70 -28
-70 -28
-70 -28
-70 -28
-70 -28
-70 -28
-70 -28
-70 -28
-70 -28
-70 -28
-70 -28
-70 -28
-70 -28
-70 -28
-70 -28
-70 -28
-70 -28
-70 -28
-70 -28
-70 -28
-70 -28
-70 -28
-70 -28
-70 -28
-70 -28
-70 -28
-70 -28
-70 -28
-70 -28
-70 -28
-70 -28
-70 -28
-70 -28
-70 -28
-70 -28
-70 -28
-68 -33
-68 -33
-68 -33
-68 -33
-68 -33
-68 -33
-68 -33
-68 -33
-68 -33
-68 -33
-68 -33
-68 -33
-68 -33
-68 -33
-68 -33
-68 -33
-68 -33
-68 -33
-68 -33
-68 -33
-68 -33
-68 -33
-68 -33
-68 -33
-68 -33
-68 -33
-68 -33
-68 -33
-68 -33
-68 -33
-68 -33
-68 -33
-68 -33
-68 -33
-68 -33
-68 -33
-68 -33
-68 -33
-68 -33
-68 -33
-68 -33
-68 -33
-68 -33
-68 -33
-68 -33
-61 -23
-72 -23
-72 -23
-72 -23
-72 -23
-72 -23
-72 -23
-72 -23
-72 -23
-72 -23
-72 -23
-72 -23
-72 -23
-72 -23
-72 -23
-72 -23
-72 -23
-72 -23
-72 -23
-72 -23
-72 -23
-72 -23
-72 -23
-72 -23
-72 -23
-75 -23
-75 -23
-75 -23
-75 -23
-75 -23
-75 -23
-75 -23
-75 -23
-75 -23
-75 -23
-75 -23
-75 -23
-75 -23
-75 -23
-75 -23
-75 -23
-75 -23
-75 -23
-75 -23
-75 -23
-75 -23
-75 -23
-75 -23
-75 -23
-75 -23
-75 -23
-75 -23
-75 -23
-75 -23
-75 -23
-75 -23
-75 -23
-75 -23
-75 -23
-75 -23
-75 -23
-75 -23
-75 -23
-75 -23
-75 -23
-75 -23
-75 -23
-75 -23
-75 -23
-75 -23
-74 -22
-74 -22
-74 -22
-74 -22
-74 -22
-74 -22
-74 -22
-74 -22
-74 -22
-74 -22
-74 -22
-74 -22
-74 -22
-74 -22
-74 -22
-74 -22
-74 -22
-74 -22
-74 -22
-74 -22
-74 -22
-74 -22
-74 -22
-74 -22
-74 -22
-74 -22
-74 -22
-74 -22
-74 -22
-74 -22
-74 -22
-74 -22
-74 -22
-74 -22
-74 -22
-74 -22
-74 -22
-74 -22
-74 -22
-74 -22
-74 -22
-74 -22
-74 -22
-74 -22
-74 -22
-74 -22
-74 -22
-74 -22
-74 -20
-74 -20
-74 -20
-74 -20
-74 -20
-74 -20
-74 -20
-74 -20
-74 -20
-74 -20
-74 -20
-74 -20
-74 -20
-74 -20
-74 -20
-74 -20
-74 -20
-74 -20
-74 -20
-74 -20
-74 -20
-74 -20
-74 -20
-74 -20
-74 -20
-74 -20
-74 -20
-74 -20
-74 -20
-74 -20
-74 -20
-74 -20
-74 -20
-74 -20
-74 -20
-74 -20
-74 -20
-74 -20
-74 -20
-74 -20
-74 -20
-74 -20
-80 -16
-81 -15
-81 -15
-81 -15
-81 -15
-81 -15
-81 -15
-81 -15
-81 -15
-81 -15
-81 -15
-81 -15
-81 -15
-81 -15
-81 -15
-81 -15
-81 -15
-81 -15
-81 -15
-81 -15
-81 -15
-81 -15
-81 -15
-81 -15
-80 -8
-80 -8
-80 -8
-80 -8
-80 -8
-80 -8
-80 -8
-80 -8
-80 -8
-80 -8
-80 -8
-80 -8
-80 -8
-80 -8
-80 -8
-80 -8
-80 -8
-80 -8
-80 -8
-80 -8
-80 -8
-80 -8
-80 -8
-80 -8
-80 -8
-80 -8
-80 -8
-80 -8
-80 -8
-80 -8
-80 -8
-80 -8
-80 -8
-80 -8
-80 -8
-80 -8
-80 -8
-80 -8
-80 -8
-80 -8
-80 -8
-80 -8
-80 -8
-80 -8
-80 -8
-80 -8
-88 -16
-88 -16
-88 -16
-88 -16
-88 -16
-88 -16
-88 -16
-88 -16
-88 -16
-88 -16
-88 -16
-88 -16
-88 -16
-88 -16
-88 -16
-88 -16
-88 -16
-88 -16
-88 -16
-88 -16
-88 -16
-88 -16
-85 -9
-85 -9
-85 -9
-85 -9
-85 -9
-85 -9
-85 -9
-85 -9
-85 -9
-85 -9
-85 -9
-85 -9
-85 -9
-85 -9
-85 -9
-85 -9
-85 -9
-85 -9
-85 -9
-85 -9
-85 -9
-85 -9
-85 -9
-85 -9
-85 -9
-85 -9
-85 -9
-85 -9
-85 -9
-85 -9
-85 -9
-85 -9
-85 -9
-85 -9
-85 -9
-85 -9
-85 -9
-85 -9
-85 -9
-85 -9
-85 -9
-85 -9
-85 -9
-85 -9
-85 -9
-85 -9
-85 -9
-85 -9
-85 -9
-85 -9
-82 -6
-82 -6
-82 -6
-82 -6
-82 -6
-82 -6
-82 -6
-82 -6
-82 -6
-82 -6
-82 -6
-82 -6
-82 -6
-82 -6
-82 -6
-82 -6
-82 -6
-82 -6
-82 -6
-82 -6
-82 -6
-82 -6
-82 -6
-82 -6
-82 -6
-82 -6
-82 -6
-82 -6
-82 -6
-82 -6
-82 -6
-82 -6
-82 -6
-82 -6
-82 -6
-82 -6
-82 -6
-82 -6
-82 -6
-82 -6
-82 -6
-82 -6
-82 -6
-86 -5
-73 0
-73 0
-73 0
-73 0
-73 0
-73 0
-73 0
-73 0
-73 0
-73 0
-73 0
-73 0
-73 0
-73 0
-73 0
-73 0
-73 0
-73 0
-73 0
-73 0
-73 0
-73 0
-73 0
-73 0
-73 0
-73 0
-73 0
-73 0
-73 0
-73 0
-73 0
-73 0
-73 0
-73 0
-73 0
-73 0
-73 0
-73 0
-73 0
-73 0
-73 0
-73 0
-73 0
-73 0
-73 0
-73 0
-73 0
-73 0
-77 -4
-77 -4
-77 -4
-77 -4
-77 -4
-77 -4
-77 -4
-77 -4
-77 -4
-77 -4
-77 -4
-77 -4
-77 -4
-77 -4
-77 -4
-77 -4
-77 -4
-77 -4
-77 -4
-77 -4
-77 -4
-77 -4
-77 -4
-77 -4
-77 -4
-77 -4
-77 -4
-77 -4
-78 -6
-78 -6
-78 -6
-78 -6
-78 -6
-78 -6
-78 -6
-78 -6
-78 -6
-78 -6
-78 -6
-78 -6
-78 -6
-78 -6
-78 -6
-78 -6
-78 -6
-78 -6
-78 -6
-78 -6
-78 -6
-78 -6
-78 -6
-78 -6
-78 -6
-78 -6
-74 -7
-74 -7
-74 -7
-74 -7
-74 -7
-74 -7
-74 -7
-74 -7
-74 -7
-74 -7
-74 -7
-74 -7
-74 -7
-74 -7
-74 -7
-74 -7
-74 -7
-74 -7
-74 -7
-74 -7
-74 -7
-74 -7
-74 -7
-74 -7
-74 -7
-74 -7
-74 -7
-74 -7
-74 -7
-74 -7
-74 -7
-74 -7
-74 -7
-74 -7
-74 -7
-74 -7
-74 -7
-74 -7
-74 -7
-74 -7
-74 -7
-74 -7
-74 -7
-74 -7
-74 -7
-74 -7
-74 -7
-74 -7
-74 -7
-74 -7
-74 -7
-74 -7
-74 -7
-74 -7
-74 -7
-74 -7
-74 -7
-74 -7
-74 -7
-74 -7
-74 -7
-74 -7
-74 -7
-74 -7
-74 -7
-74 -7
-74 -7
-74 -7
-74 -7
-74 -7
-74 -7
-71 3
-81 0
-81 0
-81 0
-81 0
-81 0
-81 0
-81 0
-81 0
-81 0
-81 0
-81 0
-81 0
-81 0
-81 0
-81 0
-81 0
-81 0
-81 0
-81 0
-81 0
-81 0
-81 0
-81 0
-81 0
-81 0
-81 0
-81 0
-81 0
-81 0
-81 0
-81 0
-81 0
-81 0
-81 0
-81 0
-81 0
-81 0
-81 0
-81 0
-81 0
-81 0
-81 0
-81 0
-81 0
-81 0
-81 0
-81 0
-81 0
-81 6
-81 6
-81 6
-81 6
-81 6
-81 6
-81 6
-81 6
-81 6
-81 6
-81 6
-81 6
-81 6
-81 6
-81 6
-81 6
-81 6
-81 6
-81 6
-81 6
-81 6
-81 6
-81 6
-81 6
-81 6
-81 6
-81 6
-81 11
-81 11
-81 11
-81 11
-81 11
-81 11
-81 11
-81 11
-81 11
-81 11
-81 11
-81 11
-81 11
-81 11
-81 11
-81 11
-81 11
-81 11
-81 11
-81 11
-81 11
-81 11
-81 11
-81 11
-79 18
-79 18
-79 18
-79 18
-79 18
-79 18
-79 18
-79 18
-79 18
-79 18
-79 18
-79 18
-79 18
-79 18
-79 18
-79 18
-79 18
-79 18
-79 18
-79 18
-79 18
-79 18
-79 18
-79 18
-79 18
-79 18
-79 18
-79 18
-79 18
-79 18
-79 18
-79 18
-79 18
-79 18
-79 18
-79 18
-79 18
-79 18
-79 18
-79 18
-79 18
-79 18
-79 18
-79 18
-79 18
-79 18
-79 18
-79 18
-79 18
-79 18
-79 18
-79 18
-79 18
-79 18
-79 18
-79 18
-79 18
-79 18
-79 18
-79 18
-79 18
-79 18
-79 18
-79 18
-79 18
-79 18
-79 18
-79 18
-79 18
-79 18
-79 18
-79 18
-79 18
-79 18
-79 18
-79 18
-79 18
-79 18
-79 18
-79 18
-79 18
-79 18
-79 18
-79 18
-79 18
-79 18
-79 18
-79 18
-79 18
-79 18
-79 18
-79 18
-79 18
-79 18
-65 18
-67 16
-67 16
-67 16
-67 16
-67 16
-67 16
-67 16
-67 16
-67 16
-67 16
-67 16
-67 16
-67 16
-67 16
-67 16
-67 16
-67 16
-67 16
-67 16
-67 16
-67 16
-67 16
-67 16
-67 16
-67 16
-67 16
-67 16
-67 16
-67 16
-67 16
-67 16
-67 16
-67 16
-67 16
-67 16
-67 16
-67 16
-67 16
-67 16
-67 16
-67 16
-67 16
-67 16
-67 16
-67 16
-67 16
-67 16
-67 16
-67 16
-61 20
-61 20
-61 20
-61 20
-61 20
-61 20
-61 20
-61 20
-61 20
-61 20
-61 20
-61 20
-61 20
-61 20
-61 20
-61 20
-61 20
-61 20
-61 20
-61 20
-61 20
-61 20
-61 20
-61 20
-61 20
-61 20
-61 20
-61 20
-61 20
-61 20
-61 20
-61 20
-61 20
-61 20
-61 20
-61 20
-61 20
-61 20
-61 20
-61 20
-61 20
-61 20
-61 20
-61 20
-61 20
-61 20
-61 20
-61 20
-67 27
-67 27
-67 27
-67 27
-67 27
-67 27
-67 27
-67 27
-67 27
-67 27
-67 27
-67 27
-67 27
-67 27
-67 27
-67 27
-67 27
-67 27
-67 27
-79 22
-79 22
-79 22
-79 22
-79 22
-79 22
-79 22
-79 22
-79 22
-79 22
-79 22
-79 22
-79 22
-79 22
-79 22
-79 22
-79 22
-79 22
-79 22
-79 22
-79 22
-79 22
-79 22
-79 22
-79 22
-79 22
-79 22
-79 22
-79 22
-79 22
-79 22
-79 22
-79 22
-79 22
-79 22
-79 22
-79 22
-79 22
-79 22
-79 22
-79 22
-79 22
-79 22
-79 22
-78 27
-78 27
-78 27
-78 27
-78 27
-78 27
-78 27
-78 27
-78 27
-78 27
-78 27
-78 27
-78 27
-78 27
-78 27
-78 27
-78 27
-78 27
-78 27
-78 27
-78 27
-78 27
-78 27
-78 27
-78 27
-78 27
-78 27
-78 27
-78 27
-78 27
-78 27
-78 27
-78 27
-78 27
-78 27
-78 27
-78 27
-78 27
-78 27
-78 27
-78 27
-78 27
-78 27
-78 27
-78 27
-78 27
-78 27
-77 29
-75 27
-75 27
-75 27
-75 27
-75 27
-75 27
-75 27
-75 27
-75 27
-75 27
-75 27
-75 27
-75 27
-75 27
-71 25
-71 25
-71 25
-71 25
-71 25
-71 25
-71 25
-71 25
-71 25
-71 25
-71 25
-71 25
-71 25
-71 25
-71 25
-71 25
-71 25
-71 25
-71 25
-71 25
-71 25
-71 25
-71 25
-71 25
-71 25
-71 25
-71 25
-71 25
-71 25
-71 25
-71 25
-70 16
-70 16
-70 16
-70 16
-70 16
-70 16
-70 16
-70 16
-70 16
-70 16
-70 16
-70 16
-70 16
-70 16
-70 16
-70 16
-64 23
-64 23
-64 23
-64 23
-64 23
-64 23
-64 23
-64 23
-64 23
-64 23
-64 23
-64 23
-64 23
-64 23
-64 23
-64 23
-64 23
-64 23
-64 23
-64 23
-64 23
-64 23
-64 23
-64 23
-64 23
-64 23
-64 23
-64 23
-64 23
-64 23
-64 23
-64 23
-64 23
-65 27
-65 27
-65 27
-65 27
-65 27
-65 27
-65 27
-65 27
-65 27
-65 27
-65 27
-65 27
-65 27
-65 27
-65 27
-65 27
-65 27
-65 27
-65 27
-65 27
-65 27
-65 27
-65 27
-65 27
-65 27
-65 27
-65 27
-65 27
-65 27
-65 27
-65 27
-61 28
-54 24
-54 24
-54 24
-54 24
-54 24
-54 24
-54 24
-54 24
-54 24
-54 24
-54 24
-54 24
-54 24
-54 24
-54 24
-54 24
-54 24
-54 24
-54 24
-54 24
-54 24
-54 24
-54 24
-54 24
-54 24
-54 24
-54 24
-54 24
-54 24
-54 24
-54 24
-54 24
-54 24
-54 24
-54 24
-54 24
-54 24
-53 28
-53 28
-53 28
-53 28
-53 28
-53 28
-53 28
-53 28
-53 28
-53 28
-53 28
-53 28
-53 28
-53 28
-53 28
-53 28
-53 28
-53 28
-56 29
-56 29
-56 29
-56 29
-56 29
-56 29
-56 29
-56 29
-56 29
-56 29
-56 29
-56 29
-56 29
-56 29
-56 29
-43 30
-43 30
-43 30
-43 30
-43 30
-43 30
-43 30
-43 30
-43 30
-43 30
-43 30
-43 30
-43 30
-43 30
-43 30
-43 30
-43 30
-43 30
-43 30
-43 30
-43 30
-43 30
-43 30
-43 30
-43 30
-43 30
-43 30
-43 30
-43 30
-43 30
-43 30
-43 30
-43 30
-43 30
-43 30
-43 30
-43 30
-43 30
-43 30
-43 30
-43 30
-43 30
-43 30
-43 30
-43 30
-43 30
-43 30
-43 30
-43 30
-43 30
-43 30
-43 30
-43 30
-43 30
-43 30
-43 30
-43 30
-43 30
-43 30
-43 30
-43 30
-43 30
-43 30
-43 30
-43 30
-43 30
-40 34
-59 32
-59 32
-59 32
-59 32
-59 32
-59 32
-59 32
-59 32
-59 32
-59 32
-59 32
-59 32
-59 32
-59 32
-59 32
-59 32
-59 32
-32 34
-32 34
-32 34
-32 34
-32 34
-32 34
-32 34
-32 34
-32 34
-32 34
-32 34
-32 34
-32 34
-32 34
-32 34
-32 34
-32 34
-34 32
-34 32
-34 32
-34 32
-34 32
-34 32
-34 32
-34 32
-34 32
-34 32
-34 32
-34 32
-34 32
-34 32
-34 32
-34 32
-34 32
-34 41
-34 41
-34 41
-34 41
-34 41
-34 41
-34 41
-34 41
-34 41
-34 41
-34 41
-34 41
-34 41
-34 41
-34 41
-34 41
-34 41
-34 41
-34 41
-34 41
-34 41
-34 41
-34 41
-34 41
-34 41
-34 41
-34 41
-34 41
-34 41
-34 41
-34 41
-34 41
-34 41
-34 41
-34 41
-34 41
-29 42
-29 42
-29 42
-29 42
-29 42
-29 42
-29 42
-29 42
-29 42
-29 42
-29 42
-29 42
-29 42
-29 42
-29 42
-29 42
-29 42
-29 42
-29 42
-29 42
-29 42
-29 42
-29 42
-29 42
-29 42
-29 42
-29 42
-29 42
-29 42
-29 42
-29 42
-29 42
-29 42
-29 42
-23 49
-23 49
-23 49
-23 49
-23 49
-23 49
-23 49
-23 49
-23 49
-23 49
-23 49
-23 49
-23 49
-23 49
-23 49
-23 49
-23 49
-23 49
-23 49
-23 49
-23 49
-23 49
-23 49
-23 49
-23 49
-23 49
-23 49
-23 49
-23 49
-23 49
-16 42
-16 42
-16 42
-16 42
-16 42
-16 42
-16 42
-16 42
-16 42
-16 42
-16 42
-16 42
-16 42
-16 42
-16 42
-16 42
-16 42
-16 42
-22 49
-22 49
-22 49
-22 49
-22 49
-22 49
-22 49
-22 49
-22 49
-22 49
-22 49
-22 49
-22 49
-22 49
-22 49
-22 49
-22 49
-22 49
-22 49
-22 49
-22 49
-22 49
-22 49
-22 49
-22 49
-22 49
-22 49
-22 49
-22 49
-22 49
-22 49
-22 49
-22 49
-22 49
-22 49
-19 44
-19 44
-19 44
-19 44
-19 44
-19 44
-19 44
-19 44
-19 44
-19 44
-19 44
-19 44
-19 44
-19 44
-19 44
-19 44
-19 44
-19 44
-19 44
-19 44
-19 46
-19 46
-19 46
-19 46
-19 46
-19 46
-19 46
-19 46
-19 46
-19 46
-19 46
-19 46
-19 46
-19 46
-19 46
-19 46
-19 46
-19 46
-19 46
-19 46
-19 46
-19 46
-19 46
-19 46
-19 46
-19 46
-19 46
-19 46
-19 46
-19 46
-19 46
-19 46
-19 46
-19 46
-19 46
-19 46
-19 46
-19 46
-19 46
-19 46
-19 46
-21 50
-21 50
-21 50
-21 50
-21 50
-21 50
-21 50
-21 50
-21 50
-21 50
-21 50
-21 50
-21 50
-21 50
-21 50
-21 50
-21 50
-21 50
-21 50
-21 50
-21 50
-21 50
-21 50
-21 50
-21 50
-21 50
-21 50
-21 50
-21 50
-21 50
-21 50
-21 50
-21 50
-21 50
-21 50
-21 50
-21 50
-21 50
-21 50
-21 50
-21 50
-21 50
-21 50
-21 50
-21 50
-21 50
-21 50
-21 50
-21 50
-21 50
-21 50
-21 50
-21 50
-21 50
-21 50
-21 50
-21 50
-21 50
-21 50
-21 57
-23 54
-23 54
-23 54
-23 54
-23 54
-23 54
-23 54
-23 54
-23 54
-23 54
-23 54
-23 54
-23 54
-23 54
-23 54
-23 54
-23 54
-19 57
-19 57
-19 57
-19 57
-19 57
-19 57
-19 57
-19 57
-19 57
-19 57
-19 57
-19 57
-19 57
-19 57
-19 57
-19 57
-19 57
-19 57
-15 56
-15 56
-15 56
-15 56
-15 56
-15 56
-15 56
-15 56
-15 56
-15 56
-15 56
-15 56
-15 56
-15 56
-15 56
-15 56
-15 56
-15 56
-15 56
-15 56
-15 56
-15 56
-15 56
-15 56
-15 56
-15 56
-15 56
-15 56
-15 56
-15 56
-15 56
-15 56
-15 56
-15 56
-18 48
-18 48
-18 48
-18 48
-18 48
-18 48
-18 48
-18 48
-18 48
-18 48
-18 48
-18 48
-18 48
-18 48
-18 48
-18 48
-18 48
-18 48
-18 48
-18 48
-18 48
-18 48
-18 48
-18 48
-18 48
-18 48
-18 48
-18 48
-18 48
-18 48
-18 48
-18 48
-18 48
-18 48
-18 48
-27 61
-18 64
-18 64
-18 64
-18 64
-18 64
-18 64
-18 64
-18 64
-18 64
-18 64
-18 64
-18 64
-18 64
-18 64
-18 64
-18 64
-18 64
-18 64
-18 64
-18 64
-18 64
-18 64
-18 64
-18 64
-18 64
-18 64
-18 64
-18 64
-18 64
-18 64
-18 64
-18 64
-18 64
-22 66
-22 66
-22 66
-22 66
-22 66
-22 66
-22 66
-22 66
-22 66
-22 66
-22 66
-22 66
-22 66
-22 66
-22 66
-22 66
-13 64
-13 64
-13 64
-13 64
-13 64
-13 64
-13 64
-13 64
-13 64
-13 64
-13 64
-13 64
-13 64
-13 64
-13 64
-18 63
-18 63
-18 63
-18 63
-18 63
-18 63
-18 63
-18 63
-18 63
-18 63
-18 63
-18 63
-18 63
-18 63
-18 63
-18 63
-18 63
-18 63
-18 63
-18 63
-18 63
-18 63
-18 63
-18 63
-18 63
-18 63
-18 63
-18 63
-18 63
-18 63
-18 63
-18 63
-18 63
-18 63
-18 63
-14 56
-14 56
-14 56
-14 56
-14 56
-14 56
-14 56
-14 56
-14 56
-14 56
-14 56
-14 56
-14 56
-14 56
-14 56
-14 56
-14 56
-14 56
-14 56
-14 56
-14 56
-14 56
-14 56
-14 56
-14 56
-14 56
-14 56
-14 56
-14 56
-14 56
-6 62
-6 62
-6 62
-6 62
-6 62
-6 62
-6 62
-6 62
-6 62
-6 62
-6 62
-6 62
-6 62
-6 62
-6 62
-6 62
-6 62
-6 62
-6 62
-6 62
-6 62
-6 62
-6 62
-6 62
-6 62
-6 62
-6 62
-6 62
-6 62
-6 62
-6 62
-6 62
-6 62
-13 65
-6 65
-6 65
-6 65
-6 65
-6 65
-6 65
-6 65
-6 65
-6 65
-6 65
-6 65
-6 65
-6 65
-6 65
-9 68
-9 68
-9 68
-9 68
-9 68
-9 68
-9 68
-9 68
-9 68
-9 68
-9 68
-9 68
-9 68
-9 68
-9 68
-9 68
-9 68
-9 68
-9 68
-9 68
-9 68
-9 68
-9 68
-9 68
-9 68
-9 68
-9 68
-9 68
-9 68
-9 68
-9 68
-9 68
-9 68
-9 68
-9 68
-9 68
-9 68
-9 68
-9 68
-9 68
-9 68
-9 68
-9 68
-9 68
-9 68
-9 68
-9 68
-9 68
-9 68
-9 68
-9 68
-9 68
-9 68
-9 68
-9 68
-9 68
-9 68
-9 68
-9 68
-6 67
-1 69
-1 69
-1 69
-1 69
-1 69
-1 69
-1 69
-1 69
-1 69
-1 69
-1 69
-1 69
-1 69
-1 69
-1 69
-1 69
-1 69
-1 69
-1 69
-1 69
-1 69
-1 69
-1 69
-1 69
-1 69
-1 69
-1 69
-1 69
-1 69
-1 69
-3 65
-3 65
-3 65
-3 65
-3 65
-3 65
-3 65
-3 65
-3 65
-3 65
-3 65
-3 65
-3 65
-3 65
-3 65
-3 65
-3 65
-3 65
0 67
0 67
0 67
0 67
0 67
0 67
0 67
0 67
0 67
0 67
0 67
0 67
0 67
0 67
0 67
0 67
0 67
0 67
0 67
0 67
0 67
0 67
0 67
0 67
0 67
0 67
0 67
0 67
0 67
0 67
0 67
0 67
0 67
0 67
0 67
2 65
2 65
2 65
2 65
2 65
2 65
2 65
2 65
2 65
2 65
2 65
2 65
2 65
2 65
2 65
2 65
2 65
2 68
2 68
2 68
2 68
2 68
2 68
2 68
2 68
2 68
2 68
2 68
2 68
2 68
2 68
2 68
2 68
2 68
2 68
2 68
2 68
2 68
2 68
2 68
2 68
2 68
2 68
2 68
2 68
2 68
2 68
2 68
2 68
2 68
2 68
2 68
5 70
5 70
5 70
5 70
5 70
5 70
5 70
5 70
5 70
5 70
5 70
5 70
5 70
5 70
5 70
5 70
5 70
5 70
5 70
5 70
5 70
5 70
5 70
5 70
5 70
5 70
5 70
5 70
5 70
5 70
5 70
5 70
5 70
5 70
5 70
6 69
6 69
6 69
6 69
6 69
6 69
6 69
6 69
6 69
6 69
6 69
6 69
6 69
6 69
6 69
6 69
6 69
6 69
6 69
6 69
6 69
6 69
6 69
6 69
6 69
6 69
6 69
6 69
6 69
6 69
6 69
8 71
8 71
8 71
8 71
8 71
8 71
8 71
8 71
8 71
8 71
8 71
8 71
8 71
8 71
8 71
8 71
8 71
8 71
10 74
10 74
10 74
10 74
10 74
10 74
10 74
10 74
10 74
10 74
10 74
10 74
10 74
10 74
10 74
10 74
10 74
10 74
10 74
10 74
10 74
10 74
10 74
10 74
10 74
10 74
10 74
10 74
10 74
10 74
10 74
10 74
10 74
10 74
10 74
10 74
10 74
10 74
10 74
10 74
10 74
10 74
10 74
10 74
10 74
10 74
10 74
10 74
10 74
10 74
10 74
10 74
10 74
10 74
10 72
5 79
5 79
5 79
5 79
5 79
5 79
5 79
5 79
5 79
5 79
5 79
5 79
5 79
5 79
5 79
5 79
5 79
5 79
5 79
14 83
14 83
14 83
14 83
14 83
14 83
14 83
14 83
14 83
14 83
14 83
14 83
14 83
14 83
14 83
14 83
14 83
14 83
14 83
14 83
17 77
17 77
17 77
17 77
17 77
17 77
17 77
17 77
17 77
17 77
17 77
17 77
17 77
17 77
17 77
17 77
17 77
17 77
17 77
17 77
17 77
17 77
17 77
17 77
17 77
17 77
17 77
17 77
17 77
17 77
17 77
17 77
17 77
17 77
17 77
17 77
17 77
17 77
17 77
17 77
28 80
28 80
28 80
28 80
28 80
28 80
28 80
28 80
28 80
28 80
28 80
28 80
28 80
28 80
28 80
28 80
28 80
28 80
28 80
28 80
35 81
35 81
35 81
35 81
35 81
35 81
35 81
35 81
35 81
35 81
35 81
35 81
35 81
35 81
35 81
35 81
35 81
35 81
35 81
35 81
35 81
35 81
35 81
35 81
35 81
35 81
35 81
35 81
35 81
35 81
35 81
35 81
35 81
35 81
35 81
35 81
35 81
35 81
42 77
42 77
42 77
42 77
42 77
42 77
42 77
42 77
42 77
42 77
42 77
42 77
42 77
42 77
42 77
42 77
42 77
42 77
42 77
42 77
42 77
42 77
42 77
42 77
42 77
42 77
42 77
42 77
42 77
42 77
42 77
39 86
39 86
39 86
39 86
39 86
39 86
39 86
39 86
39 86
39 86
39 86
39 86
39 86
39 86
39 86
39 86
39 86
39 86
39 86
39 86
39 86
39 86
39 86
39 86
39 86
39 86
39 86
39 86
39 86
39 86
39 86
39 86
39 86
39 86
39 86
39 86
56 94
56 94
56 94
56 94
56 94
56 94
56 94
56 94
56 94
56 94
56 94
56 94
56 94
56 94
56 94
56 94
56 94
56 88
56 88
56 88
56 88
56 88
56 88
56 88
56 88
56 88
56 88
56 88
56 88
56 88
56 88
56 88
56 88
56 88
56 88
56 88
56 88
56 88
56 88
56 88
56 88
56 88
56 88
56 88
56 88
56 88
56 88
56 88
56 88
56 88
56 88
56 88
56 88
56 88
56 87
56 87
56 87
56 87
56 87
56 87
56 87
56 87
56 87
56 87
56 87
56 87
56 87
56 87
68 87
68 87
68 87
68 87
68 87
68 87
68 87
68 87
68 87
68 87
68 87
68 87
68 87
68 87
68 87
68 87
68 87
68 87
68 87
68 87
68 87
68 87
68 87
68 87
68 87
68 87
68 80
68 80
68 80
68 80
68 80
68 80
68 80
68 80
68 80
68 80
68 80
68 80
68 80
68 80
68 80
68 80
68 80
68 80
68 80
68 80
68 80
68 80
68 80
68 80
68 80
68 80
68 80
68 80
68 80
68 80
68 80
68 80
68 80
68 80
68 80
68 80
76 79
83 75
83 75
83 75
83 75
83 75
83 75
83 75
83 75
83 75
83 75
83 75
83 75
83 75
83 75
83 75
83 75
83 75
83 75
81 76
81 76
81 76
81 76
81 76
81 76
81 76
81 76
81 76
81 76
81 76
81 76
81 76
81 76
81 76
81 76
81 76
81 76
81 76
81 76
81 76
81 76
81 76
81 76
81 76
81 76
81 76
81 76
81 76
81 76
81 76
81 76
81 76
81 76
81 76
81 76
90 77
90 77
90 77
90 77
90 77
90 77
90 77
90 77
90 77
90 77
90 77
90 77
90 77
90 77
90 77
90 77
90 77
90 77
90 77
90 77
90 77
90 77
90 77
90 77
90 77
90 77
90 77
90 77
90 77
90 77
90 77
90 77
90 77
90 77
95 77
95 77
95 77
95 77
95 77
95 77
95 77
95 77
95 77
95 77
95 77
95 77
95 77
95 77
95 77
95 77
95 77
95 77
95 77
95 77
95 77
95 77
95 77
95 77
95 77
95 77
95 77
95 77
95 77
95 77
95 77
95 77
95 77
95 77
94 75
94 75
94 75
94 75
94 75
94 75
94 75
94 75
94 75
94 75
94 75
94 75
94 75
94 75
94 75
94 75
94 75
94 75
94 75
94 75
94 75
94 75
94 75
94 75
94 75
94 75
94 75
94 75
94 75
94 75
87 59
87 59
87 59
87 59
87 59
87 59
87 59
87 59
87 59
87 59
87 59
87 59
87 59
87 59
87 59
87 59
87 59
87 59
87 59
87 59
100 52
100 52
100 52
100 52
100 52
100 52
100 52
100 52
100 52
100 52
100 52
100 52
100 52
100 52
100 52
100 52
100 52
100 52
100 52
104 45
104 45
104 45
104 45
104 45
104 45
104 45
104 45
104 45
104 45
104 45
104 45
104 45
104 45
104 45
104 45
104 45
104 45
104 45
104 45
104 45
104 45
104 45
104 45
104 45
104 45
104 45
104 45
104 45
104 45
104 45
104 45
104 45
104 45
105 36
105 36
105 36
105 36
105 36
105 36
105 36
105 36
105 36
105 36
105 36
105 36
105 36
105 36
105 36
105 36
105 36
105 36
105 36
105 36
105 36
105 36
105 36
105 36
105 36
105 36
105 36
105 36
105 36
105 36
105 36
105 36
105 36
117 32
117 32
117 32
117 32
117 32
117 32
117 32
117 32
117 32
117 32
117 32
117 32
117 32
117 32
117 32
117 32
114 34
114 34
114 34
114 34
114 34
114 34
114 34
114 34
114 34
114 34
114 34
114 34
114 34
114 34
114 34
120 23
120 23
120 23
120 23
120 23
120 23
120 23
120 23
120 23
120 23
120 23
120 23
120 23
120 23
120 23
120 23
120 23
132 11
132 11
132 11
132 11
132 11
132 11
132 11
132 11
132 11
132 11
132 11
132 11
132 11
132 11
132 11
132 11
132 11
132 11
132 11
132 11
132 11
132 11
132 11
132 11
132 11
132 11
132 11
132 11
132 11
132 11
132 11
132 11
132 11
132 11
121 19
121 19
121 19
121 19
121 19
121 19
121 19
121 19
121 19
121 19
121 19
121 19
121 19
121 19
121 19
121 19
121 19
121 19
121 19
121 19
121 19
121 19
121 19
121 19
121 19
121 19
121 19
121 19
121 19
121 19
121 19
121 19
121 19
121 19
121 19
121 19
123 12
113 4
113 4
113 4
113 4
113 4
113 4
113 4
113 4
113 4
113 4
113 4
113 4
113 4
113 4
113 4
113 4
113 4
113 4
113 4
113 4
113 4
113 4
113 4
113 4
113 4
113 4
113 4
113 4
113 4
113 4
113 4
113 4
113 4
113 4
113 4
116 0
116 0
116 0
116 0
116 0
116 0
116 0
116 0
116 0
116 0
116 0
116 0
116 0
116 0
116 0
108 0
108 0
108 0
108 0
108 0
108 0
108 0
108 0
108 0
108 0
108 0
108 0
108 0
108 0
108 0
108 0
108 0
108 0
108 0
108 0
108 0
108 0
108 0
108 0
108 0
108 0
108 0
108 0
108 0
108 0
108 0
108 0
108 0
108 0
108 0
108 0
108 0
108 0
108 0
108 0
108 0
108 0
108 0
102 -8
102 -8
102 -8
102 -8
102 -8
102 -8
102 -8
102 -8
102 -8
102 -8
102 -8
102 -8
102 -8
102 -8
102 -8
102 -8
102 -8
102 -8
102 -8
102 -8
102 -8
102 -8
102 -8
102 -8
102 -8
102 -8
102 -8
102 -8
102 -8
102 -8
102 -8
102 -8
89 -18
89 -18
89 -18
89 -18
89 -18
89 -18
89 -18
89 -18
89 -18
89 -18
89 -18
89 -18
89 -18
89 -18
89 -18
89 -18
89 -18
89 -18
89 -18
89 -18
89 -18
89 -18
89 -18
89 -18
89 -18
89 -18
89 -18
89 -18
89 -18
89 -18
89 -18
89 -18
100 -18
96 -30
96 -30
96 -30
96 -30
96 -30
96 -30
96 -30
96 -30
96 -30
96 -30
96 -30
96 -30
96 -30
96 -30
96 -30
96 -30
81 -38
81 -38
81 -38
81 -38
81 -38
81 -38
81 -38
81 -38
81 -38
81 -38
81 -38
81 -38
81 -38
81 -38
81 -38
81 -38
81 -38
81 -38
81 -38
81 -38
81 -38
81 -38
81 -38
81 -38
81 -38
81 -38
81 -38
81 -38
81 -38
81 -38
81 -38
81 -38
81 -38
81 -38
78 -50
78 -50
78 -50
78 -50
78 -50
78 -50
78 -50
78 -50
78 -50
78 -50
78 -50
78 -50
78 -50
78 -50
78 -50
78 -50
78 -50
78 -50
78 -50
78 -50
78 -50
78 -50
78 -50
78 -50
78 -50
78 -50
78 -50
78 -50
78 -50
78 -50
78 -50
78 -50
78 -50
88 -53
88 -53
88 -53
88 -53
88 -53
88 -53
88 -53
88 -53
88 -53
88 -53
88 -53
88 -53
88 -53
88 -53
88 -53
88 -53
88 -53
88 -53
83 -59
83 -59
83 -59
83 -59
83 -59
83 -59
83 -59
83 -59
83 -59
83 -59
83 -59
83 -59
83 -59
83 -59
83 -59
83 -59
83 -59
83 -59
83 -59
83 -59
83 -59
83 -59
83 -59
83 -59
83 -59
83 -59
83 -59
83 -59
83 -59
83 -59
83 -59
83 -59
83 -59
83 -59
83 -59
83 -59
83 -59
96 -71
85 -70
85 -70
85 -70
85 -70
85 -70
85 -70
85 -70
85 -70
85 -70
85 -70
85 -70
85 -70
85 -70
85 -70
85 -70
85 -70
85 -70
85 -70
85 -70
85 -70
85 -70
85 -70
85 -70
85 -70
85 -70
85 -70
85 -70
85 -70
85 -70
85 -70
85 -70
85 -70
85 -70
85 -70
85 -70
85 -70
95 -80
95 -80
95 -80
95 -80
95 -80
95 -80
95 -80
95 -80
95 -80
95 -80
95 -80
95 -80
95 -80
95 -80
95 -80
95 -80
95 -80
95 -80
95 -80
79 -67
79 -67
79 -67
79 -67
79 -67
79 -67
79 -67
79 -67
79 -67
79 -67
79 -67
79 -67
79 -67
79 -67
79 -67
79 -67
79 -67
79 -67
79 -67
79 -67
79 -67
79 -67
79 -67
79 -67
79 -67
79 -67
79 -67
79 -67
79 -67
79 -67
70 -73
70 -73
70 -73
70 -73
70 -73
70 -73
70 -73
70 -73
70 -73
70 -73
70 -73
70 -73
70 -73
70 -73
70 -73
70 -73
70 -73
70 -73
70 -73
70 -73
70 -73
70 -73
70 -73
70 -73
70 -73
70 -73
70 -73
70 -73
70 -73
70 -73
70 -73
70 -73
65 -87
65 -87
65 -87
65 -87
65 -87
65 -87
65 -87
65 -87
65 -87
65 -87
65 -87
65 -87
65 -87
65 -87
65 -87
65 -87
65 -87
65 -87
65 -87
65 -87
65 -87
65 -87
65 -87
65 -87
65 -87
65 -87
65 -87
65 -87
65 -87
65 -87
65 -87
65 -87
65 -87
65 -87
64 -95
64 -95
64 -95
64 -95
64 -95
64 -95
64 -95
64 -95
64 -95
64 -95
64 -95
64 -95
64 -95
64 -95
64 -95
54 -93
54 -93
54 -93
54 -93
54 -93
54 -93
54 -93
54 -93
54 -93
54 -93
54 -93
54 -93
54 -93
54 -93
54 -93
54 -93
54 -93
54 -93
54 -93
54 -93
54 -93
54 -93
54 -93
54 -93
54 -93
54 -93
54 -93
54 -93
54 -93
54 -93
54 -93
54 -93
54 -93
47 -90
47 -90
47 -90
47 -90
47 -90
47 -90
47 -90
47 -90
47 -90
47 -90
47 -90
47 -90
47 -90
47 -90
47 -90
47 -90
47 -90
47 -90
44 -85
44 -85
44 -85
44 -85
44 -85
44 -85
44 -85
44 -85
44 -85
44 -85
44 -85
44 -85
44 -85
44 -85
44 -85
44 -85
44 -85
44 -85
44 -85
44 -85
44 -85
44 -85
44 -85
44 -85
44 -85
44 -85
44 -85
44 -85
44 -85
44 -85
44 -85
44 -85
44 -85
44 -85
44 -85
44 -85
44 -85
44 -85
40 -89
40 -89
40 -89
40 -89
40 -89
40 -89
40 -89
40 -89
40 -89
40 -89
40 -89
40 -89
40 -89
40 -89
40 -89
40 -89
40 -89
40 -89
40 -89
40 -89
40 -89
40 -89
40 -89
40 -89
40 -89
40 -89
40 -89
40 -89
40 -89
40 -89
40 -89
40 -89
40 -89
40 -89
40 -89
40 -89
40 -89
40 -89
40 -89
40 -89
40 -89
40 -89
40 -89
40 -89
40 -89
40 -89
40 -89
40 -89
40 -89
40 -89
40 -89
40 -89
40 -89
40 -89
40 -89
40 -89
40 -89
25 -78
25 -77
15 -75
15 -75
15 -75
15 -75
15 -75
15 -75
15 -75
15 -75
15 -75
15 -75
15 -75
15 -75
15 -75
15 -75
15 -75
15 -75
15 -75
15 -75
15 -75
15 -75
15 -75
15 -75
15 -75
15 -75
15 -75
15 -75
15 -75
15 -75
15 -75
15 -75
15 -75
15 -75
15 -75
13 -67
13 -67
13 -67
13 -67
13 -67
13 -67
13 -67
13 -67
13 -67
13 -67
13 -67
13 -67
13 -67
13 -67
13 -67
13 -67
13 -67
13 -67
13 -67
13 -67
13 -67
13 -67
13 -67
13 -67
13 -67
13 -67
13 -67
13 -67
13 -67
13 -67
13 -67
13 -64
13 -64
13 -64
13 -64
13 -64
13 -64
13 -64
13 -64
13 -64
13 -64
13 -64
13 -64
13 -64
4 -61
4 -61
4 -61
4 -61
4 -61
4 -61
4 -61
4 -61
4 -61
4 -61
4 -61
4 -61
4 -61
4 -61
4 -61
4 -61
2 -55
2 -55
2 -55
2 -55
2 -55
2 -55
2 -55
2 -55
2 -55
2 -55
2 -55
2 -55
2 -55
2 -55
2 -55
2 -55
2 -55
-1 -52
-1 -52
-1 -52
-1 -52
-1 -52
-1 -52
-1 -52
-1 -52
-1 -52
-1 -52
-1 -52
-1 -52
-1 -52
-1 -52
-1 -52
-1 -52
-1 -52
-1 -52
-1 -52
-1 -52
-1 -52
-1 -52
-1 -52
-1 -52
-1 -52
-1 -52
-1 -52
-1 -52
-1 -52
-1 -52
-1 -52
-1 -52
-1 -52
-1 -52
-2 -44
-2 -44
-2 -44
-2 -44
-2 -44
-2 -44
-2 -44
-2 -44
-2 -44
-2 -44
-2 -44
-2 -44
-2 -44
-2 -44
-2 -44
-2 -44
-2 -44
-2 -45
-2 -45
-2 -45
-2 -45
-2 -45
-2 -45
-2 -45
-2 -45
-2 -45
-2 -45
-2 -45
-2 -45
-2 -45
-2 -45
-2 -45
-2 -45
-2 -45
-2 -45
-2 -45
-2 -45
-2 -45
-2 -45
-2 -45
-2 -45
-2 -45
-2 -45
-2 -45
-2 -45
-2 -45
-2 -45
-2 -45
-2 -45
-2 -45
-2 -45
-2 -45
-2 -45
-2 -45
-2 -45
-2 -45
-2 -45
-2 -45
-2 -45
-2 -45
-2 -45
-2 -45
-2 -45
-2 -45
-2 -45
-2 -45
-2 -45
-2 -45
-2 -45
-2 -45
-2 -45
-2 -45
-2 -45
-2 -45
-2 -45
-2 -45
-2 -45
-2 -45
-2 -45
-2 -45
-2 -45
-2 -45
-2 -45
-2 -45
-2 -45
-2 -45
-1 -39
-2 -30
-2 -30
-2 -30
-2 -30
-2 -30
-2 -30
-2 -30
-2 -30
-2 -30
-2 -30
-2 -30
-2 -30
-2 -30
-2 -30
-2 -30
-2 -30
-2 -30
-2 -30
-2 -30
-2 -30
-2 -30
-2 -30
-2 -30
-2 -30
-2 -30
-2 -30
-2 -30
-2 -30
-2 -30
-2 -30
-2 -30
-2 -30
-4 -26
-4 -26
-4 -26
-4 -26
-4 -26
-4 -26
-4 -26
-4 -26
-4 -26
-4 -26
-4 -26
-4 -26
-4 -26
-4 -26
-4 -26
-4 -26
-4 -26
-4 -26
-4 -26
-4 -26
-4 -26
-4 -26
-4 -26
-4 -26
-4 -26
-4 -26
-4 -26
-4 -26
-4 -26
-4 -26
-4 -26
-4 -26
-4 -26
-4 -26
-4 -26
-4 -26
-4 -26
-4 -26
-4 -26
-4 -26
-4 -26
-4 -26
-4 -26
-4 -26
-4 -26
-4 -26
-4 -26
-4 -26
-4 -26
-4 -26
-4 -26
-6 -19
-11 -21
-11 -21
-11 -21
-11 -21
-11 -21
-11 -21
-11 -21
-11 -21
-11 -21
-11 -21
-11 -21
-11 -21
-11 -21
-11 -21
-11 -21
-11 -21
-11 -21
-11 -21
-11 -21
-11 -21
-11 -21
-11 -21
-11 -21
-11 -21
-11 -21
-11 -21
-11 -21
-11 -21
-11 -21
-11 -21
-11 -21
-7 -19
-7 -19
-7 -19
-7 -19
-7 -19
-7 -19
-7 -19
-7 -19
-7 -19
-7 -19
-7 -19
-7 -19
-7 -19
-7 -19
-7 -19
-7 -19
-7 -19
-7 -19
-7 -19
-7 -19
-7 -19
-7 -19
-7 -19
-7 -19
-7 -19
-7 -19
-7 -19
-5 -17
-5 -17
-5 -17
-5 -17
-5 -17
-5 -17
-5 -17
-5 -17
-5 -17
-5 -17
-5 -17
-5 -17
-5 -17
-5 -17
1 -22
1 -22
1 -22
1 -22
1 -22
1 -22
1 -22
1 -22
1 -22
1 -22
1 -22
1 -22
1 -22
1 -22
1 -22
1 -22
1 -22
1 -22
1 -22
1 -22
1 -22
1 -22
1 -22
1 -22
1 -22
1 -22
1 -22
1 -22
1 -22
1 -22
1 -22
1 -22
1 -22
1 -22
1 -22
1 -22
1 -22
1 -22
1 -22
1 -22
1 -22
1 -22
1 -22
1 -22
1 -22
1 -22
1 -22
1 -22
1 -22
1 -22
1 -22
-2 -23
-2 -23
-2 -23
-2 -23
-2 -23
-2 -23
-2 -23
-2 -23
-2 -23
-2 -23
-2 -23
-2 -23
-2 -23
-2 -23
-2 -23
-2 -23
-2 -23
-2 -23
-2 -23
-2 -23
-2 -23
-2 -23
-2 -23
-2 -23
-2 -23
-2 -23
-2 -23
-2 -23
-2 -23
-2 -23
-2 -23
-2 -23
-2 -23
-2 -23
-2 -23
-2 -23
-1 -24
-1 -24
-1 -24
-1 -24
-1 -24
-1 -24
-1 -24
-1 -24
-1 -24
-1 -24
-1 -24
-1 -24
-1 -24
-1 -24
-1 -24
-1 -24
-1 -24
-1 -23
-1 -23
-1 -23
-1 -23
-1 -23
-1 -23
-1 -23
-1 -23
-1 -23
-1 -23
-1 -23
-1 -23
-1 -23
-1 -23
-1 -23
-1 -23
-1 -23
-2 -25
-2 -25
-2 -25
-2 -25
-2 -25
-2 -25
-2 -25
-2 -25
-2 -25
-2 -25
-2 -25
-2 -25
-2 -25
-2 -25
-2 -25
-2 -25
-1 -25
-1 -25
-1 -25
-1 -25
-1 -25
-1 -25
-1 -25
-1 -25
-1 -25
-1 -25
-1 -25
-1 -25
-1 -25
-1 -25
-1 -25
-1 -25
-1 -25
-1 -25
-1 -25
-1 -25
-1 -25
-1 -25
-1 -25
-1 -25
-1 -25
-1 -25
-1 -25
-1 -25
-1 -25
-1 -25
-1 -25
-1 -25
1 -24
1 -24
1 -24
1 -24
1 -24
1 -24
1 -24
1 -24
1 -24
1 -24
1 -24
1 -24
1 -24
1 -24
1 -24
1 -24
1 -24
1 -24
1 -24
1 -24
1 -24
1 -24
1 -24
1 -24
1 -24
1 -24
1 -24
1 -24
1 -24
1 -24
1 -24
1 -24
1 -24
1 -24
1 -24
1 -24
1 -24
1 -24
1 -24
1 -24
1 -24
1 -24
1 -24
1 -22
1 -22
1 -22
1 -22
1 -22
1 -22
1 -22
1 -22
1 -22
1 -22
1 -22
1 -22
1 -22
1 -22
1 -22
1 -22
1 -22
1 -22
1 -22
1 -22
1 -22
0 -22
0 -22
0 -22
0 -22
0 -22
0 -22
0 -22
0 -22
0 -22
0 -22
0 -22
0 -22
0 -22
0 -22
0 -22
0 -22
0 -22
0 -22
0 -22
0 -22
0 -22
0 -22
0 -22
0 -22
0 -22
0 -22
0 -22
0 -22
0 -22
0 -22
0 -22
0 -22
0 -22
0 -22
0 -22
0 -22
0 -22
0 -22
0 -22
0 -22
0 -22
3 -19
1 -11
1 -11
1 -11
1 -11
1 -11
1 -11
1 -11
1 -11
1 -11
1 -11
1 -11
1 -11
1 -11
1 -11
1 -11
1 -11
1 -11
1 -11
1 -11
1 -11
1 -11
1 -11
1 -11
1 -11
1 -11
1 -11
1 -11
1 -11
1 -11
1 -11
1 -11
1 -11
1 -11
1 -11
1 -11
1 -11
1 -11
1 -11
1 -11
1 -11
1 -11
1 -11
1 -11
1 -11
1 -11
1 -11
1 -11
1 -11
1 -11
1 -11
1 -11
1 -11
1 -11
0 -5
0 -5
0 -5
0 -5
0 -5
0 -5
0 -5
0 -5
0 -5
0 -5
0 -5
0 -5
0 -5
0 -5
0 -5
0 -5
0 -5
0 -5
0 -5
0 -5
0 -5
0 -5
0 -5
0 -5
0 -5
0 -5
0 -5
0 -5
0 -5
0 -5
0 -5
0 -5
0 -5
0 1
0 1
0 1
0 1
0 1
0 1
0 1
0 1
0 1
0 1
0 1
0 1
0 1
0 1
0 1
0 1
0 1
0 1
0 1
0 1
0 1
0 1
0 1
0 1
0 1
0 1
0 1
0 1
0 1
0 1
0 1
0 1
0 1
0 1
0 1
0 1
0 1
0 1
0 1
0 1
0 1
0 1
0 1
0 1
0 1
0 1
0 1
0 1
0 1
0 1
0 1
0 1
0 1
0 1
0 1
0 1
0 1
0 1
0 1
0 1
0 1
0 1
0 1
0 1
0 1
0 1
0 1
0 1
0 1
0 1
0 1
0 1
0 1
0 1
0 1
0 1
0 1
0 1
0 1
0 1
0 1
0 1
0 1
0 1
0 1
0 1
0 1
0 1
0 1
0 1
0 1
0 1
0 1
0 1
0 1
0 1
0 1
0 1
0 1
0 1
0 1
0 1
0 1
0 1
0 1
0 1
0 1
0 1
0 1
0 1
0 1
0 1
0 1
0 1
0 1
0 1
0 1
0 1
0 1
0 1
0 1
0 1
0 1
0 1
0 1
0 1
0 1
0 1
0 1
0 1
0 1
0 1
0 1
0 1
0 1
0 1
0 1
0 1
0 1
0 1
0 1
0 1
0 1
0 1
0 1
0 1
0 1
0 1
0 1
0 1
0 1
0 1
0 1
0 1
0 1
0 1
0 1
0 1
0 1
0 1
0 1
0 1
0 1
0 1
0 1
0 1
0 1
0 1
0 1
0 1
0 1
0 1
0 1
0 1
0 1
0 1
0 1
0 1
0 1
0 1
0 1
0 1
0 1
0 1
0 1
0 1
0 1
0 1
0 1
0 1
0 1
0 1
0 1
0 1
0 1
0 1
0 1
0 1
0 1
0 1
0 1
0 1
0 1
0 1
0 1
0 1
0 1
0 1
0 1
0 1
0 -1
0 -1
0 -1
0 -1
0 -1
0 -1
0 -1
0 -1
0 -1
0 -1
0 -1
0 -1
0 -1
0 -1
0 -1
0 -1
0 -1
3 0
3 0
3 0
3 0
3 0
3 0
3 0
3 0
3 0
3 0
3 0
3 0
3 0
3 0
3 0
3 0
3 0
3 0
3 0
3 0
3 0
3 0
3 0
3 0
3 0
3 0
3 0
3 0
3 0
3 0
3 0
3 0
3 0
3 0
3 0
3 0
3 0
3 0
3 0
3 0
3 0
3 0
3 0
3 0
3 0
3 0
3 0
0 -3
0 -1
0 -1
0 -1
0 -1
0 -1
0 -1
0 -1
0 -1
0 -1
0 -1
0 -1
0 -1
0 -1
0 -1
0 -1
0 -1
0 -1
0 -1
0 -1
0 -1
0 -1
0 -1
0 -1
0 -1
0 -1
0 -1
0 -1
0 -1
0 -1
0 -1
0 -1
0 -1
0 -1
0 -1
0 -1
0 -1
0 -1
0 -1
0 -1
0 -1
0 -1
0 -1
0 -1
0 -1
0 -1
0 -1
0 -1
0 -1
0 -1
0 -1
0 -1
0 -1
0 -1
0 -1
0 -1
0 -1
0 -1
0 -1
0 -1
0 -1
0 -1
0 -1
0 -1
0 -1
0 -1
0 -1
0 -1
0 -1
0 -1
0 -1
0 -1
0 -1
0 -1
0 -1
0 -1
0 -1
0 -1
0 -1
0 -1
0 -1
0 -1
0 -1
0 -1
0 -1
0 -1
0 -1
0 -1
0 -1
0 -1
0 -1
0 -1
0 -1
0 -1
0 -1
0 -1
0 -1
0 -1
0 -1
0 -1
0 -1
0 -1
0 -1
0 -1
0 -1
0 -1
0 -1
0 -1
0 -1
0 -1
0 -1
0 -1
0 -1
0 -1
0 -1
0 -1
0 -1
0 -1
0 -1
0 -1
0 -1
0 -1
0 -1
0 -1
0 -1
0 -1
0 -1
0 -1
0 -1
0 -1
0 -1
0 -1
0 -1
0 -1
0 -1
0 -1
0 -1
0 -1
0 -1
0 -1
0 -1
0 -1
0 -1
0 -1
0 -1
0 -1
0 -1
0 -1
0 -1
0 -1
0 -1
0 -1
0 -1
0 -1
0 -1
0 -1
0 -1
0 -1
0 -1
0 -1
0 -1
0 -1
0 -1
0 -1
0 -1
0 -1
0 -1
0 -1
0 -1
0 -1
0 -1
0 -1
0 -1
0 -1
0 -1
0 -1
0 -1
0 -1
0 -1
0 -1
0 -1
0 -1
0 -1
0 -1
0 -1
0 -1
0 -1
0 -1
0 -1
0 -1
0 -1
0 -1
0 -1
0 -1
0 -1
0 -1
0 -1
0 -1
0 -1
0 -1
0 -1
0 -1
0 -1
0 -1
0 -1
0 -1
0 -1
0 -1
0 -1
0 -1
0 -1
0 -1
0 -1
0 -1
0 -1
0 -1
0 -1
0 -1
0 -1
0 -1
0 -1
0 -1
0 -1
0 -1
0 -1
0 -1
0 -1
0 -1
0 -1
0 -1
0 -1
0 -1
0 -1
0 -1
0 -1
0 -1
0 -1
0 -1
0 -1
0 -1
0 -1
0 -1
0 -1
0 -1
0 -1
0 -1
0 -1
0 -1
0 -1
0 -1
0 -1
0 -1
0 -1
0 -1
0 -1
0 -1
0 -1
0 -1
0 -1
0 -1
0 -1
0 -1
0 -1
0 -1
0 -1
0 -1
0 -1
0 -1
0 -1
0 -1
0 -1
0 -1
0 -1
0 -1
0 -1
0 -1
0 -1
0 -1
0 -1
0 -1
0 -1
0 -1
0 -1
0 -1
0 -1
0 -1
0 -1
0 -1
0 -1
0 -1
0 -1
0 -1
0 -1
0 -1
0 -1
0 -1
0 -1
0 -1
0 -1
0 -1
0 -1
0 -1
0 -1
0 -1
0 -1
0 -1
0 -1
0 -1
0 -1
0 -1
0 -1
0 -1
0 -1
0 -1
0 -1
0 -1
0 -1
0 -1
0 -1
0 -1
0 -1
0 -1
0 -1
0 -1
0 -1
0 -1
0 -1
0 -1
0 -1
0 -1
0 -1
0 -1
0 -1
0 -1
0 -1
0 -1
0 -1
0 -1
0 -1
0 -1
0 -1
0 -1
0 -1
0 -1
0 -1
0 -1
0 -1
0 -1
0 -1
0 -1
0 -1
0 -1
0 -1
0 -1
0 -1
0 -1
0 -1
0 -1
0 -1
0 -1
0 -1
0 -1
0 -1
0 -1
0 -1
0 -1
0 -1
0 -1
0 -1
0 -1
0 -1
0 -1
0 -1
0 -1
0 -1
0 -1
0 -1
0 -1
0 -1
0 -1
0 -1
0 -1
0 -1
0 -1
0 -1
0 -1
0 -1
0 -1
0 -1
0 -1
0 -1
0 -1
0 -1
0 -1
0 -1
0 -1
0 -1
0 -1
0 -1
0 -1
0 -1
0 -1
0 -1
0 -1
0 -1
0 -1
0 -1
0 -1
0 -1
0 -1
0 -1
0 -1
0 -1
0 -1
0 -1
0 -1
0 -1
0 -1
0 -1
0 -1
0 -1
0 -1
0 -1
0 -1
0 -1
0 -1
0 -1
0 -1
0 -1
0 -1
0 -1
0 -1
0 -1
0 -1
0 -1
0 -1
0 -1
0 -1
0 -1
0 -1
0 -1
0 -1
0 -1
0 -1
0 -1
0 -1
0 -1
0 -1
0 -1
0 -1
0 -1
0 -1
0 -1
0 -1
0 -1
0 -1
0 -1
0 -1
0 -1
0 -1
0 -1
0 -1
0 -1
0 -1
0 -1
0 -1
0 -1
0 -1
0 -1
0 -1
0 -1
0 -1
0 -1
0 -1
0 -1
0 -1
0 -1
0 -1
0 -1
0 -1
0 -1
0 -1
0 -1
0 -1
0 -1
0 -1
0 -1
0 -1
0 -1
0 -1
0 -1
0 -1
0 -1
0 -1
0 -1
0 -1
0 -1
0 -1
0 -1
0 -1
0 -1
0 -1
0 -1
0 -1
0 -1
0 -1
0 -1
0 -1
0 -1
0 -1
0 -1
0 -1
0 -1
0 -1
0 -1
0 -1
0 -1
0 -1
0 -1
0 -1
0 -1
0 -1
0 -1
0 -1
0 -1
0 -1
0 -1
0 -1
0 -1
0 -1
0 -1
0 -1
0 -1
0 -1
0 -1
0 -1
0 -1
0 -1
0 -1
0 -1
0 -1
0 -1
0 -1
0 -1
0 -1
0 -1
0 -1
0 -1
0 -1
0 -1
0 -1
0 -1
0 -1
0 -1
0 -1
0 -1
0 -1
0 -1
0 -1
0 -1
0 -1
0 -1
0 -1
0 -1
0 -1
0 -1
0 -1
0 -1
0 -1
0 -1
0 -1
0 -1
0 -1
0 -1
0 -1
0 -1
0 -1
0 -1
0 -1
0 -1
0 -1
0 -1
0 -1
0 -1
1 0
1 0
1 0
1 0
1 0
1 0
1 0
1 0
1 0
1 0
1 0
1 0
1 0
1 0
1 0
1 0
1 0
1 0
1 0
1 0
1 0
1 0
1 0
1 0
1 0
1 0
1 0
1 0
1 0
1 0
1 0
1 0
1 0
1 0
1 0
1 0
1 0
1 0
1 0
1 0
1 0
1 0
1 0
1 0
1 0
1 0
1 0
1 0
1 0
1 0
1 0
1 0
1 0
1 0
1 0
1 0
1 0
1 0
1 0
1 0
1 0
1 0
1 0
1 0
1 0
1 0
1 0
1 0
1 0
1 0
1 0
1 0
1 0
1 0
1 0
1 0
1 0
1 0
1 0
1 0
1 0
1 0
1 0
1 0
1 0
1 0
1 0
1 0
1 0
1 0
1 0
1 0
1 0
1 0
1 0
1 0
1 0
1 0
1 0
1 0
1 0
1 0
1 0
1 0
1 0
1 0
1 0
1 0
1 0
1 0
1 0
1 0
1 0
1 0
1 0
1 0
1 0
1 0
1 0
1 0
1 0
1 0
1 0
1 0
1 0
1 0
1 0
1 0
1 0
1 0
1 0
1 0
1 0
1 0
1 0
1 0
1 0
1 0
1 0
1 0
1 0
1 0
1 0
1 0
1 0
1 0
1 0
1 0
1 0
1 0
1 0
1 0
1 0
1 0
1 0
1 0
1 0
1 0
1 0
1 0
1 0
1 0
1 0
1 0
1 0
1 0
1 0
1 0
1 0
1 0
1 0
1 0
1 0
1 0
1 0
1 0
1 0
1 0
1 0
1 0
1 0
1 0
1 0
1 0
1 0
1 0
1 0
1 0
1 0
1 0
1 0
1 0
1 0
1 0
1 0
1 0
1 0
1 0
1 0
1 0
1 0
1 0
1 0
1 0
1 0
1 0
1 0
1 0
1 0
1 0
1 0
1 0
1 0
1 0
1 0
1 0
1 0
1 0
1 0
1 0
1 0
1 0
1 0
1 0
1 0
1 0
1 0
1 0
1 0
1 0
1 0
1 0
1 0
1 0
1 0
1 0
1 0
1 0
1 0
1 0
1 0
1 0
1 0
1 0
1 0
1 0
1 0
1 0
1 0
1 0
1 0
1 0
1 0
1 0
1 0
1 0
1 0
1 0
1 0
1 0
1 0
1 0
1 0
1 0
1 0
1 0
1 0
1 0
1 0
1 0
1 0
1 0
1 0
1 0
1 0
1 0
1 0
1 0
1 0
1 0
1 0
1 0
1 0
1 0
1 0
1 0
1 0
1 0
1 0
1 0
1 0
1 0
1 0
1 0
1 0
1 0
1 0
1 0
1 0
1 0
1 0
1 0
1 0
1 0
1 0
1 0
1 0
1 0
1 0
1 0
1 0
1 0
1 0
1 0
1 0
1 0
1 0
1 0
1 0
1 0
1 0
1 0
1 0
1 0
1 0
1 0
1 0
1 0
1 0
1 0
1 0
1 0
1 0
1 0
1 0
1 0
1 0
1 0
1 0
1 0
1 0
1 0
1 0
1 0
1 0
1 0
1 0
1 0
1 0
1 0
1 0
1 0
1 0
1 0
1 0
1 0
1 0
1 0
1 0
1 0
1 0
1 0
1 0
1 0
1 0
1 0
1 0
1 0
1 0
1 0
1 0
1 0
1 0
1 0
1 0
1 0
1 0
1 0
1 0
1 0
1 0
1 0
1 0
1 0
1 0
1 0
1 0
1 0
1 0
1 0
1 0
1 0
1 0
1 0
1 0
1 0
1 0
1 0
1 0
1 0
1 0
1 0
1 0
1 0
1 0
1 0
1 0
1 0
1 0
1 0
1 0
1 0
1 0
1 0
1 0
1 0
1 0
1 0
1 0
1 0
1 0
1 0
1 0
1 0
1 0
1 0
1 0
1 0
1 0
1 0
1 0
1 0
1 0
1 0
1 0
1 0
1 0
1 0
1 0
1 0
1 0
1 0
1 0
1 0
1 0
1 0
1 0
1 0
1 0
1 0
1 0
1 0
1 0
1 0
1 0
1 0
1 0
1 0
1 0
1 0
1 0
1 0
1 0
1 0
1 0
1 0
1 0
1 0
1 0
1 0
1 0
1 0
1 0
1 0
1 0
1 0
1 0
1 0
1 0
1 0
1 0
1 0
1 0
1 0
1 0
1 0
1 0
1 0
1 0
1 0
1 0
1 0
1 0
1 0
1 0
1 0
1 0
1 0
1 0
1 0
1 0
1 0
1 0
1 0
1 0
1 0
1 0
1 0
1 0
1 0
1 0
1 0
1 0
1 0
1 0
1 0
1 0
1 0
1 0
1 0
1 0
1 0
1 0
1 0
1 0
1 0
1 0
1 0
1 0
1 0
1 0
1 0
1 0
1 0
1 0
1 0
1 0
1 0
1 0
1 0
1 0
1 0
1 0
1 0
1 0
1 0
1 0
1 0
1 0
1 0
1 0
1 0
1 0
1 0
1 0
1 0
1 0
1 0
1 0
1 0
1 0
1 0
1 0
1 0
1 0
1 0
1 0
1 0
1 0
1 0
1 0
1 0
1 0
1 0
1 0
1 0
1 0
1 0
1 0
1 0
1 0
1 0
1 0
1 0
1 0
1 0
1 0
1 0
1 0
1 0
1 0
1 0
1 0
1 0
1 0
1 0
1 0
1 0
1 0
1 0
1 0
1 0
1 0
1 0
1 0
1 0
1 0
1 0
1 0
1 0
1 0
1 0
1 0
1 0
1 0
1 0
1 0
1 0
1 0
1 0
1 0
1 0
1 0
1 0
1 0
1 0
1 0
1 0
1 0
1 0
1 0
1 0
1 0
1 0
1 0
1 0
1 0
1 0
1 0
1 0
1 0
1 0
1 0
1 0
1 0
1 0
1 0
1 0
1 0
1 0
1 0
1 0
1 0
1 0
1 0
1 0
1 0
1 0
1 0
1 0
1 0
1 0
1 0
1 0
1 0
1 0
1 0
1 0
1 0
1 0
1 0
1 0
1 0
1 0
1 0
1 0
1 0
1 0
1 0
1 0
1 0
1 0
1 0
1 0
1 0
1 0
1 0
1 0
1 0
1 0
1 0
1 0
1 0
1 0
1 0
1 0
1 0
1 0
1 0
1 0
1 0
1 0
1 0
1 0
1 0
1 0
1 0
1 0
1 0
1 0
1 0
1 0
1 0
1 0
1 0
1 0
1 0
1 0
1 0
1 0
1 0
1 0
1 0
1 0
1 0
1 0
1 0
1 0
1 0
1 0
1 0
1 0
1 0
1 0
1 0
1 0
1 0
1 0
1 0
1 0
1 0
1 0
1 0
1 0
1 0
1 0
1 0
1 0
1 0
1 0
1 0
1 0
1 0
1 0
1 0
1 0
1 0
1 0
1 0
1 0
1 0
1 0
1 0
1 0
1 0
1 0
1 0
1 0
1 0
1 0
1 0
1 0
1 0
1 0
1 0
1 0
1 0
1 0
1 0
1 0
1 0
1 0
1 0
1 0
1 0
1 0
1 0
1 0
1 0
1 0
1 0
1 0
1 0
1 0
1 0
1 0
1 0
1 0
1 0
1 0
1 0
1 0
1 0
1 0
1 0
1 0
1 0
1 0
1 0
1 0
1 0
1 0
1 0
1 0
1 0
1 0
1 0
1 0
1 0
1 0
1 0
1 0
1 0
1 0
1 0
1 0
1 0
1 0
1 0
1 0
1 0
1 0
1 0
1 0
1 0
1 0
1 0
1 0
1 0
1 0
1 0
1 0
1 0
1 0
1 0
1 0
1 0
1 0
1 0
1 0
1 0
1 0
1 0
1 0
1 0
1 0
1 0
1 0
1 0
1 0
1 0
1 0
1 0
1 0
1 0
1 0
1 0
1 0
1 0
1 0
1 0
1 0
1 0
1 0
