-20 -47
-20 -47
-28 -51
-28 -51
-28 -51
-28 -51
-28 -51
-28 -51
-28 -51
-28 -51
-28 -51
-28 -51
-28 -51
-28 -51
-28 -51
-28 -51
-28 -51
-28 -51
-28 -51
-28 -51
-28 -51
-28 -51
-28 -51
-28 -51
-28 -51
-28 -51
-28 -51
-28 -51
-28 -51
-28 -51
-28 -51
-28 -51
-28 -51
-28 -51
-28 -51
-28 -51
-28 -51
-28 -51
-28 -51
-28 -51
-34 -40
-34 -40
-34 -40
-34 -40
-34 -40
-34 -40
-34 -40
-34 -40
-34 -40
-34 -40
-34 -40
-34 -40
-34 -40
-34 -40
-34 -40
-34 -40
-34 -40
-34 -40
-34 -40
-34 -40
-34 -40
-34 -40
-34 -40
-34 -40
-34 -40
-34 -40
-34 -40
-34 -40
-34 -40
-34 -40
-34 -40
-34 -40
-34 -40
-34 -40
-34 -40
-34 -40
-34 -40
-35 -41
-56 -35
-56 -35
-56 -35
-56 -35
-56 -35
-56 -35
-56 -35
-56 -35
-56 -35
-56 -35
-56 -35
-56 -35
-56 -35
-56 -35
-56 -35
-56 -35
-56 -35
-56 -35
-56 -35
-56 -35
-56 -35
-56 -35
-56 -35
-56 -35
-56 -35
-56 -35
-56 -35
-56 -35
-56 -35
-56 -35
-56 -35
-56 -35
-56 -35
-56 -35
-56 -35
-56 -35
-56 -35
-56 -35
-56 -35
-56 -35
-56 -35
-56 -35
-56 -35
-68 -30
-68 -30
-68 -30
-68 -30
-68 -30
-68 -30
-68 -30
-68 -30
-68 -30
-68 -30
-68 -30
-68 -30
-68 -30
-68 -30
-68 -30
-68 -30
-68 -30
-68 -30
-68 -30
-68 -30
-68 -30
-68 -30
-78 -34
-78 -34
-78 -34
-78 -34
-78 -34
-78 -34
-78 -34
-78 -34
-78 -34
-78 -34
-78 -34
-78 -34
-78 -34
-78 -34
-78 -34
-78 -34
-78 -34
-78 -34
-78 -34
-78 -34
-78 -34
-78 -34
-78 -34
-78 -34
-78 -34
-78 -34
-78 -34
-78 -34
-78 -34
-78 -34
-78 -34
-78 -34
-78 -34
-78 -34
-78 -34
-78 -34
-78 -34
-78 -34
-78 -34
-78 -34
-78 -34
-78 -34
-78 -34
-78 -34
-78 -34
-78 -34
-78 -34
-78 -34
-73 -20
-73 -20
-73 -20
-73 -20
-73 -20
-73 -20
-73 -20
-73 -20
-73 -20
-73 -20
-73 -20
-73 -20
-73 -20
-73 -20
-73 -20
-73 -20
-73 -20
-73 -20
-73 -20
-73 -20
-73 -20
-73 -20
-73 -20
-73 -20
-73 -20
-73 -20
-73 -20
-73 -20
-73 -20
-73 -20
-73 -20
-73 -20
-73 -20
-73 -20
-73 -20
-73 -20
-73 -20
-73 -20
-73 -20
-73 -20
-73 -20
-73 -20
-73 -20
-73 -20
-73 -20
-73 -20
-73 -20
-73 -20
-73 -20
-73 -20
-73 -20
-73 -20
-73 -20
-73 -20
-73 -20
-73 -20
-73 -20
-73 -20
-73 -20
-73 -20
-73 -20
-73 -20
-73 -20
-73 -20
-73 -20
-73 -20
-73 -20
-73 -20
-73 -20
-73 -20
-73 -20
-73 -20
-98 -5
-98 -5
-98 -5
-98 -5
-98 -5
-98 -5
-98 -5
-98 -5
-98 -5
-98 -5
-98 -5
-98 -5
-98 -5
-98 -5
-98 -5
-98 -5
-98 -5
-98 -5
-98 -5
-98 -5
-98 -5
-98 -5
-98 -5
-98 -5
-98 -5
-98 -5
-98 -5
-98 -5
-98 -5
-98 -5
-98 -5
-98 -5
-98 -5
-98 -5
-98 -5
-98 -5
-98 -5
-98 -5
-98 -5
-98 -5
-98 -5
-98 -5
-98 -5
-98 -5
-98 -5
-98 -5
-98 -5
-98 -5
-98 -5
-98 -5
-98 -5
-115 3
-115 3
-115 3
-115 3
-115 3
-115 3
-115 3
-115 3
-115 3
-115 3
-115 3
-115 3
-115 3
-115 3
-115 3
-115 3
-115 3
-115 3
-115 3
-115 3
-115 3
-115 3
-115 3
-115 3
-115 3
-115 3
-115 3
-115 3
-115 3
-115 3
-115 3
-115 3
-115 3
-115 3
-115 3
-115 3
-115 3
-115 3
-115 3
-115 3
-115 3
-115 3
-115 3
-115 3
-115 3
-115 3
-115 3
-115 3
-115 3
-115 3
-115 3
-115 3
-111 1
-111 1
-111 1
-111 1
-111 1
-111 1
-111 1
-111 1
-111 1
-111 1
-111 1
-111 1
-111 1
-111 1
-111 1
-111 1
-111 1
-111 1
-111 1
-111 1
-111 1
-111 1
-114 7
-114 7
-114 7
-114 7
-114 7
-114 7
-114 7
-114 7
-114 7
-114 7
-114 7
-114 7
-114 7
-114 7
-114 7
-114 7
-114 7
-114 7
-114 7
-114 7
-114 7
-114 7
-114 7
-114 7
-114 7
-114 7
-114 7
-114 7
-114 7
-114 7
-114 7
-114 7
-114 7
-114 7
-114 7
-114 7
-114 7
-114 7
-114 7
-114 7
-114 7
-114 7
-114 7
-114 7
-114 7
-114 7
-119 8
-119 8
-119 8
-119 8
-119 8
-119 8
-119 8
-119 8
-119 8
-119 8
-119 8
-119 8
-119 8
-119 8
-119 8
-119 8
-119 8
-119 8
-119 8
-119 8
-119 8
-119 8
-119 8
-119 8
-119 8
-119 8
-119 8
-119 8
-119 8
-119 8
-119 8
-119 8
-119 8
-119 8
-119 8
-119 8
-119 8
-119 8
-119 8
-119 8
-119 8
-119 8
-119 8
-119 8
-129 6
-129 6
-129 6
-129 6
-129 6
-129 6
-129 6
-129 6
-129 6
-129 6
-129 6
-129 6
-129 6
-129 6
-129 6
-129 6
-129 6
-129 6
-129 6
-129 6
-129 6
-129 6
-129 6
-129 6
-129 6
-129 6
-129 6
-129 6
-129 6
-129 6
-129 6
-129 6
-129 6
-129 6
-129 6
-129 6
-129 6
-129 6
-129 6
-129 6
-129 6
-129 6
-129 6
-129 6
-129 6
-129 6
-129 6
-118 8
-118 8
-118 8
-118 8
-118 8
-118 8
-118 8
-118 8
-118 8
-118 8
-118 8
-118 8
-118 8
-118 8
-118 8
-118 8
-118 8
-118 8
-118 8
-118 8
-118 8
-118 8
-118 8
-118 8
-118 8
-118 8
-118 8
-118 8
-118 8
-118 8
-118 8
-118 8
-118 8
-118 8
-118 8
-118 8
-118 8
-118 8
-118 8
-118 8
-118 8
-118 8
-118 8
-113 17
-113 17
-113 17
-113 17
-113 17
-113 17
-113 17
-113 17
-113 17
-113 17
-113 17
-113 17
-113 17
-113 17
-113 17
-113 17
-113 17
-113 17
-113 17
-113 17
-113 17
-113 17
-113 17
-113 17
-113 17
-113 17
-113 17
-113 17
-113 17
-113 17
-113 17
-113 17
-113 17
-113 17
-113 17
-113 17
-113 17
-113 17
-113 17
-113 17
-113 17
-113 17
-113 17
-113 17
-113 17
-113 17
-113 17
-113 17
-113 17
-113 17
-113 17
-113 17
-113 17
-113 17
-113 17
-113 17
-113 17
-113 17
-113 17
-113 17
-113 17
-113 17
-113 17
-113 17
-113 17
-113 17
-113 17
-113 17
-113 17
-113 17
-113 17
-113 17
-113 17
-113 17
-113 17
-113 17
-113 17
-113 17
-113 17
-113 17
-113 17
-113 17
-113 17
-113 17
-123 18
-113 29
-113 29
-113 29
-113 29
-113 29
-113 29
-113 29
-113 29
-113 29
-113 29
-113 29
-113 29
-113 29
-113 29
-113 29
-113 29
-113 29
-113 29
-113 29
-113 29
-113 29
-113 29
-113 29
-113 29
-113 29
-113 29
-113 29
-113 29
-113 29
-113 29
-113 29
-113 29
-113 29
-113 29
-113 29
-113 29
-113 29
-113 29
-113 29
-113 29
-113 29
-113 29
-113 29
-113 29
-113 29
-113 29
-113 29
-113 29
-113 29
-111 32
-111 32
-111 32
-111 32
-111 32
-111 32
-111 32
-111 32
-111 32
-111 32
-111 32
-111 32
-111 32
-111 32
-111 32
-111 32
-111 32
-111 32
-111 32
-111 32
-111 32
-111 32
-111 32
-111 32
-111 32
-107 35
-107 35
-107 35
-107 35
-107 35
-107 35
-107 35
-107 35
-107 35
-107 35
-107 35
-107 35
-107 35
-107 35
-107 35
-107 35
-107 35
-107 35
-107 35
-107 35
-107 35
-107 35
-107 35
-107 35
-107 35
-107 35
-107 35
-107 35
-107 35
-107 35
-107 35
-107 35
-107 35
-107 35
-107 35
-107 35
-107 35
-107 35
-107 35
-107 35
-107 35
-107 35
-107 35
-107 35
-107 35
-107 35
-107 35
-107 35
-107 35
-107 35
-107 35
-107 35
-107 42
-107 42
-107 42
-107 42
-107 42
-107 42
-107 42
-107 42
-107 42
-107 42
-107 42
-107 42
-107 42
-107 42
-107 42
-107 42
-107 42
-107 42
-107 42
-107 42
-107 42
-107 42
-107 42
-107 42
-107 42
-107 42
-107 42
-107 42
-107 42
-107 42
-107 42
-107 42
-107 42
-107 42
-107 42
-107 42
-107 42
-107 42
-107 42
-107 42
-107 42
-107 42
-107 42
-107 42
-107 42
-107 42
-107 42
-107 42
-107 42
-107 42
-107 42
-107 42
-107 42
-107 42
-109 51
-101 46
-101 46
-101 46
-101 46
-101 46
-101 46
-101 46
-101 46
-101 46
-101 46
-101 46
-101 46
-101 46
-101 46
-101 46
-101 46
-101 46
-101 46
-101 46
-101 46
-101 46
-101 46
-101 46
-101 46
-101 46
-101 46
-101 46
-101 46
-101 46
-101 46
-101 46
-101 46
-101 46
-101 46
-101 46
-101 46
-101 46
-101 46
-101 46
-101 46
-101 46
-101 46
-101 46
-101 55
-101 55
-101 55
-101 55
-101 55
-101 55
-101 55
-101 55
-101 55
-101 55
-101 55
-101 55
-101 55
-101 55
-101 55
-101 55
-101 55
-101 55
-101 55
-101 55
-101 55
-101 55
-101 55
-101 55
-101 55
-101 55
-101 55
-101 55
-101 55
-101 55
-101 55
-101 55
-101 55
-101 55
-101 55
-101 55
-101 55
-101 55
-101 55
-101 55
-101 55
-101 55
-83 46
-83 46
-83 46
-83 46
-83 46
-83 46
-83 46
-83 46
-83 46
-83 46
-83 46
-83 46
-83 46
-83 46
-83 46
-83 46
-83 46
-83 46
-83 46
-83 46
-83 46
-83 46
-83 46
-91 51
-91 51
-91 51
-91 51
-91 51
-91 51
-91 51
-91 51
-91 51
-91 51
-91 51
-91 51
-91 51
-91 51
-91 51
-91 51
-91 51
-91 51
-91 51
-91 51
-91 51
-91 51
-91 51
-91 51
-91 51
-91 58
-91 58
-91 58
-91 58
-91 58
-91 58
-91 58
-91 58
-91 58
-91 58
-91 58
-91 58
-91 58
-91 58
-91 58
-91 58
-91 58
-91 58
-91 58
-91 58
-91 58
-91 58
-91 58
-91 58
-91 58
-91 58
-91 58
-91 58
-91 58
-91 58
-91 58
-91 58
-91 58
-91 58
-91 58
-91 58
-91 58
-91 58
-91 58
-91 58
-91 58
-91 58
-91 58
-91 58
-91 58
-91 58
-91 58
-91 58
-91 58
-84 56
-84 56
-84 56
-84 56
-84 56
-84 56
-84 56
-84 56
-84 56
-84 56
-84 56
-84 56
-84 56
-84 56
-84 56
-84 56
-84 56
-84 56
-84 56
-84 56
-84 56
-84 56
-84 56
-84 56
-84 56
-84 56
-84 56
-84 56
-84 56
-84 56
-84 56
-84 56
-84 56
-84 56
-84 56
-84 56
-84 56
-84 56
-84 56
-84 56
-84 56
-84 56
-84 56
-84 56
-84 56
-84 56
-84 56
-84 56
-84 56
-84 56
-84 56
-65 47
-62 51
-62 51
-62 51
-62 51
-62 51
-62 51
-62 51
-62 51
-62 51
-62 51
-62 51
-62 51
-62 51
-62 51
-62 51
-62 51
-62 51
-62 51
-62 51
-62 51
-62 51
-62 51
-62 51
-62 51
-62 51
-62 51
-62 51
-62 51
-62 51
-62 51
-62 51
-62 51
-62 51
-62 51
-62 51
-62 51
-62 51
-62 51
-62 51
-62 51
-62 51
-62 51
-62 51
-62 51
-62 51
-62 51
-62 51
-62 51
-62 51
-62 51
-48 48
-48 48
-48 48
-48 48
-48 48
-48 48
-48 48
-48 48
-48 48
-48 48
-48 48
-48 48
-48 48
-48 48
-48 48
-48 48
-48 48
-48 48
-48 48
-48 48
-48 48
-37 45
-37 45
-37 45
-37 45
-37 45
-37 45
-37 45
-37 45
-37 45
-37 45
-37 45
-37 45
-37 45
-37 45
-37 45
-37 45
-37 45
-37 45
-37 45
-37 45
-37 45
-37 45
-37 45
-37 45
-37 45
-37 45
-37 45
-37 45
-37 45
-37 45
-37 45
-37 45
-37 45
-37 45
-37 45
-37 45
-37 45
-34 50
-34 50
-34 50
-34 50
-34 50
-34 50
-34 50
-34 50
-34 50
-34 50
-34 50
-34 50
-34 50
-34 50
-34 50
-34 50
-34 50
-34 50
-34 50
-34 50
-34 50
-34 50
-34 50
-34 50
-34 50
-34 50
-34 50
-34 50
-34 50
-34 50
-34 50
-34 50
-34 50
-34 50
-29 47
-21 63
-21 63
-21 63
-21 63
-21 63
-21 63
-21 63
-21 63
-21 63
-21 63
-21 63
-21 63
-21 63
-21 63
-21 63
-15 59
-15 59
-15 59
-15 59
-15 59
-15 59
-15 59
-15 59
-15 59
-15 59
-15 59
-15 59
-15 59
-15 59
-15 59
-15 59
-15 59
-15 59
-15 59
-15 59
-15 59
-15 59
-15 59
-15 59
-15 59
-15 59
-15 59
-15 59
-15 59
-15 59
-15 59
-15 59
-15 59
-15 59
-15 59
-15 59
-15 59
-15 59
-15 59
-15 59
-15 59
-15 59
-15 59
-15 59
-15 59
-15 59
-15 59
-15 59
-15 59
-15 59
-2 64
-2 64
-2 64
-2 64
-2 64
-2 64
-2 64
-2 64
-2 64
-2 64
-2 64
-2 64
-2 64
-2 64
-2 64
-2 64
-2 64
-2 64
-2 64
-2 64
-2 64
-2 64
-2 64
-2 64
-2 64
-2 64
-2 64
-2 64
-2 64
-2 64
-2 64
-2 64
-2 64
0 75
0 75
0 75
0 75
0 75
0 75
0 75
0 75
0 75
0 75
0 75
0 75
0 75
0 75
0 75
0 75
0 75
0 75
0 75
0 75
0 75
0 75
0 75
0 75
0 75
0 75
0 75
0 75
0 75
0 75
0 75
0 75
0 75
0 75
0 75
0 75
0 75
0 75
0 75
0 75
0 75
0 75
0 75
0 75
0 75
0 75
0 75
0 75
0 75
0 75
0 75
0 75
0 75
0 75
0 75
0 75
0 75
0 75
0 75
0 75
0 75
0 75
0 75
0 75
0 75
0 75
0 75
0 75
0 75
0 75
0 75
0 75
0 75
0 75
0 75
0 75
0 75
0 75
0 75
0 75
0 75
0 75
0 75
0 75
0 75
0 75
0 75
0 75
0 75
0 75
0 75
0 75
0 75
0 75
0 75
0 75
4 76
4 76
4 76
4 76
4 76
4 76
4 76
4 76
4 76
4 76
4 76
4 76
4 76
4 76
4 76
4 76
4 76
4 76
4 76
4 76
4 76
4 76
4 76
4 76
17 63
21 65
21 65
21 65
21 65
21 65
21 65
21 65
21 65
21 65
21 65
21 65
21 65
21 65
21 65
21 65
21 65
21 65
21 65
21 65
21 65
21 65
21 65
21 65
21 65
21 65
21 65
21 65
23 68
23 68
23 68
23 68
23 68
23 68
23 68
23 68
23 68
23 68
23 68
23 68
23 68
23 68
23 68
23 68
23 68
23 68
23 68
23 68
23 68
23 68
23 68
23 68
23 68
23 68
23 68
23 68
23 68
23 68
23 68
23 68
23 68
23 68
23 68
23 68
23 68
23 68
23 68
23 68
23 68
23 68
23 68
23 68
23 68
23 68
23 68
23 68
23 68
25 54
25 54
25 54
25 54
25 54
25 54
25 54
25 54
25 54
25 54
25 54
25 54
25 54
25 54
25 54
25 54
25 54
25 54
25 54
25 54
25 54
25 54
25 54
25 54
25 54
25 54
25 54
25 54
25 54
25 54
25 54
25 54
25 54
25 54
25 54
25 54
25 54
25 54
25 54
25 54
25 54
25 54
25 54
25 54
25 54
25 54
28 49
28 49
28 49
28 49
28 49
28 49
28 49
28 49
28 49
28 49
28 49
28 49
28 49
28 49
28 49
28 49
28 49
28 49
28 49
41 42
41 42
41 42
41 42
41 42
41 42
41 42
41 42
41 42
41 42
41 42
41 42
41 42
41 42
41 42
41 42
41 42
41 42
41 42
51 37
51 37
51 37
51 37
51 37
51 37
51 37
51 37
51 37
51 37
51 37
51 37
51 37
51 37
51 37
51 37
51 37
51 37
51 37
51 37
51 37
51 37
51 37
51 37
51 37
51 37
51 37
51 37
51 37
51 37
51 37
51 37
51 37
51 37
51 37
51 37
51 37
56 40
56 40
56 40
56 40
56 40
56 40
56 40
56 40
56 40
56 40
56 40
56 40
56 40
56 40
56 40
56 40
56 40
56 40
56 40
56 40
56 40
56 40
70 40
70 40
70 40
70 40
70 40
70 40
70 40
70 40
70 40
70 40
70 40
70 40
70 40
70 40
70 40
70 40
70 40
70 40
70 40
70 40
70 40
70 40
70 40
70 40
70 40
70 40
70 40
70 40
70 40
70 40
70 40
70 40
70 40
70 40
70 40
70 40
70 40
70 40
70 40
70 40
75 39
75 39
75 39
75 39
75 39
75 39
75 39
75 39
75 39
75 39
75 39
75 39
75 39
75 39
75 39
75 39
75 39
75 39
75 39
75 39
75 39
75 39
79 34
79 34
79 34
79 34
79 34
79 34
79 34
79 34
79 34
79 34
79 34
79 34
79 34
79 34
79 34
79 34
79 34
79 34
79 34
83 23
83 23
83 23
83 23
83 23
83 23
83 23
83 23
83 23
83 23
83 23
83 23
83 23
83 23
83 23
83 23
83 23
83 23
82 25
82 25
82 25
82 25
82 25
82 25
82 25
82 25
82 25
82 25
82 25
82 25
82 25
82 25
82 25
82 25
82 25
82 25
82 25
82 25
82 25
82 25
82 25
82 25
82 25
82 25
82 25
82 25
82 25
82 25
82 25
82 25
82 25
82 25
82 25
82 25
82 25
92 18
92 18
92 18
92 18
92 18
92 18
92 18
92 18
92 18
92 18
92 18
92 18
92 18
92 18
92 18
92 18
92 18
92 18
92 18
92 18
92 18
95 13
95 13
95 13
95 13
95 13
95 13
95 13
95 13
95 13
95 13
95 13
95 13
95 13
95 13
95 13
95 13
95 13
95 13
95 13
95 13
95 13
95 13
95 13
95 13
95 13
95 13
95 13
95 13
95 13
95 13
95 13
95 13
95 13
95 13
95 13
95 13
95 13
95 13
95 13
95 13
95 13
95 13
95 13
95 13
95 13
95 13
95 13
95 13
95 13
95 13
95 13
95 13
103 12
103 12
103 12
103 12
103 12
103 12
103 12
103 12
103 12
103 12
103 12
103 12
103 12
103 12
103 12
103 12
103 12
103 12
103 12
103 12
103 12
103 12
103 12
103 12
103 12
103 12
103 12
103 12
103 12
103 12
103 12
103 12
103 12
103 12
103 12
103 12
103 12
103 12
103 12
103 12
103 12
103 12
103 12
103 12
103 12
103 12
103 12
103 12
103 12
103 12
103 12
103 12
103 12
103 12
103 12
105 9
105 9
105 9
105 9
105 9
105 9
105 9
105 9
105 9
105 9
105 9
105 9
105 9
105 9
105 9
105 9
105 9
105 9
105 9
105 9
105 9
105 9
105 9
105 9
105 9
105 9
105 9
105 9
105 9
105 9
105 9
105 9
105 9
105 9
105 9
105 9
105 9
105 9
105 9
105 9
105 9
105 9
105 9
105 9
105 9
105 9
105 9
105 9
106 7
106 7
106 7
106 7
106 7
106 7
106 7
106 7
106 7
106 7
106 7
106 7
106 7
106 7
106 7
106 7
106 7
106 7
106 7
106 7
106 7
106 7
106 7
106 7
103 -3
103 -3
103 -3
103 -3
103 -3
103 -3
103 -3
103 -3
103 -3
103 -3
103 -3
103 -3
103 -3
103 -3
103 -3
103 -3
103 -3
103 -3
103 -3
103 -3
103 -3
103 -3
103 -3
103 -3
103 -3
103 -3
103 -3
103 -3
103 -3
103 -3
103 -3
103 -3
103 -3
103 -3
112 3
112 3
112 3
112 3
112 3
112 3
112 3
112 3
112 3
112 3
112 3
112 3
112 3
112 3
112 3
112 3
112 3
112 3
112 3
112 3
112 3
112 3
112 3
112 3
112 3
112 3
112 3
112 3
112 3
111 -4
108 1
108 1
108 1
108 1
108 1
108 1
108 1
108 1
108 1
108 1
108 1
108 1
108 1
108 1
108 1
108 1
108 1
108 1
108 1
108 1
108 1
108 1
108 1
108 1
108 1
108 1
108 1
108 1
108 1
108 1
108 1
105 -8
105 -8
105 -8
105 -8
105 -8
105 -8
105 -8
105 -8
105 -8
105 -8
105 -8
105 -8
105 -8
105 -8
105 -8
105 -8
105 -8
105 -8
111 -3
111 -3
111 -3
111 -3
111 -3
111 -3
111 -3
111 -3
111 -3
111 -3
111 -3
111 -3
111 -3
111 -3
111 -3
111 -3
107 -9
107 -9
107 -9
107 -9
107 -9
107 -9
107 -9
107 -9
107 -9
107 -9
107 -9
107 -9
107 -9
107 -9
107 -9
107 -9
107 -9
107 -9
107 -9
107 -9
107 -9
107 -9
107 -9
107 -9
107 -9
107 -9
107 -9
107 -9
107 -9
107 -9
107 -9
107 -9
107 -9
107 -9
107 -9
107 -9
107 -9
107 -9
107 -9
107 -9
107 -9
107 -9
108 -5
108 -5
108 -5
108 -5
108 -5
108 -5
108 -5
108 -5
108 -5
108 -5
108 -5
108 -5
108 -5
108 -5
108 -5
108 -5
108 -5
108 -5
108 -5
108 -5
108 -5
108 -5
108 -5
108 -5
108 -5
108 -5
108 -5
108 -5
108 -5
108 -5
108 -5
108 -5
108 -5
108 -5
108 -5
108 -5
108 -5
113 -7
113 -7
113 -7
113 -7
113 -7
113 -7
113 -7
113 -7
113 -7
113 -7
113 -7
113 -7
113 -7
113 -7
113 -7
113 -7
113 -7
113 -7
113 -7
113 -7
113 -7
113 -7
113 -7
113 -7
113 -7
113 -7
113 -7
113 -7
113 -7
113 -7
113 -7
113 -7
113 -7
113 -7
113 -7
98 -16
92 -15
92 -15
92 -15
92 -15
92 -15
92 -15
92 -15
92 -15
92 -15
92 -15
92 -15
92 -15
92 -15
92 -15
92 -15
92 -15
85 -15
85 -15
85 -15
85 -15
85 -15
85 -15
85 -15
85 -15
85 -15
85 -15
85 -15
85 -15
85 -15
85 -15
85 -15
85 -15
85 -15
85 -15
85 -15
85 -15
85 -15
85 -15
85 -15
85 -15
85 -15
85 -15
85 -15
85 -15
85 -15
85 -15
85 -15
85 -15
85 -15
85 -15
69 -17
69 -17
69 -17
69 -17
69 -17
69 -17
69 -17
69 -17
69 -17
69 -17
69 -17
69 -17
69 -17
69 -17
69 -17
69 -17
69 -17
69 -17
69 -17
69 -17
69 -17
69 -17
69 -17
69 -17
69 -17
69 -17
69 -17
69 -17
69 -17
69 -17
69 -17
69 -17
69 -17
69 -17
69 -17
69 -17
49 -9
49 -9
49 -9
49 -9
49 -9
49 -9
49 -9
49 -9
49 -9
49 -9
49 -9
49 -9
49 -9
49 -9
49 -9
49 -9
49 -9
49 -9
49 -9
49 -9
49 -9
49 -9
49 -9
49 -9
49 -9
49 -9
49 -9
49 -9
49 -9
49 -9
49 -9
49 -9
49 -9
49 -9
49 -9
49 -9
49 -9
34 -5
19 -4
19 -4
19 -4
19 -4
19 -4
19 -4
19 -4
19 -4
19 -4
19 -4
19 -4
19 -4
19 -4
19 -4
19 -4
19 -4
8 -1
8 -1
8 -1
8 -1
8 -1
8 -1
8 -1
8 -1
8 -1
8 -1
8 -1
8 -1
8 -1
8 -1
8 -1
8 -1
8 -1
8 -1
8 -1
8 -1
8 -1
8 -1
8 -1
8 -1
8 -1
8 -1
8 -1
0 -1
0 -1
0 -1
0 -1
0 -1
0 -1
0 -1
0 -1
0 -1
0 -1
0 -1
0 -1
0 -1
0 -1
0 -1
0 -1
0 -1
0 -1
0 -1
0 -1
0 -1
0 -1
0 -1
0 -1
0 -1
0 -1
0 -1
0 -1
0 -1
0 -1
0 -1
0 -1
0 -1
0 -1
0 -1
0 -1
0 -1
0 -1
0 -1
0 -1
0 -1
0 -1
0 -1
0 -1
0 -1
0 -1
0 -1
0 -1
0 -1
0 -1
0 -1
0 -1
0 -1
0 -1
0 -1
0 -1
0 -1
0 -1
0 -1
0 -1
0 -1
0 -1
0 -1
0 -1
0 -1
0 -1
0 -1
0 -1
0 -1
0 -1
0 -1
0 -1
0 -1
0 -1
0 -1
0 -1
0 -1
0 -1
0 -1
0 -1
0 -1
0 -1
0 -1
0 -1
0 -1
0 -1
0 -1
0 -1
0 -1
0 -1
0 -1
0 -1
0 -1
0 -1
0 -1
0 -1
0 -1
0 -1
0 -1
0 -1
0 -1
0 -1
0 -1
0 -1
0 -1
0 -1
0 -1
0 -1
0 -1
0 -1
0 -1
0 -1
0 -1
0 -1
0 -1
0 -1
0 -1
0 -1
0 -1
0 -1
0 -1
0 -1
0 -1
0 -1
0 -1
0 -1
0 -1
0 -1
0 -1
0 -1
0 -1
0 -1
0 -1
0 -1
0 -1
0 -1
0 -1
0 -1
0 -1
0 -1
0 -1
0 -1
0 -1
0 -1
0 -1
0 -1
0 -1
0 -1
0 -1
0 -1
0 -1
0 -1
0 -1
0 -1
0 -1
0 -1
0 -1
0 -1
0 -1
0 -1
0 -1
0 -1
0 -1
0 -1
0 -1
0 -1
0 -1
0 -1
0 -1
0 -1
0 -1
0 -1
0 -1
0 -1
0 -1
0 -1
0 -1
0 -1
0 -1
0 -1
0 -1
0 -1
0 -1
0 -1
0 -1
0 -1
0 -1
0 -1
0 -1
0 -1
0 -1
0 -1
0 -1
0 -1
0 -1
0 -1
0 -1
0 -1
0 -1
0 -1
0 -1
0 -1
0 -1
0 -1
0 -1
0 -1
0 -1
0 -1
0 -1
0 -1
0 -1
0 -1
0 -1
0 -1
0 -1
0 -1
0 -1
0 -1
0 -1
0 -1
0 -1
0 -1
0 -1
0 -1
0 -1
0 -1
0 -1
0 -1
0 -1
0 -1
0 -1
0 -1
0 -1
0 -1
0 -1
0 -1
0 -1
0 -1
0 -1
0 -1
0 -1
0 -1
0 -1
0 -1
0 -1
0 -1
0 -1
0 -1
0 -1
0 -1
0 -1
0 -1
0 -1
0 -1
0 -1
0 -1
0 -1
0 -1
0 -1
0 -1
0 -1
0 -1
0 -1
0 -1
0 -1
0 -1
0 -1
0 -1
0 -1
0 -1
0 -1
0 -1
0 -1
0 -1
0 -1
0 -1
0 -1
0 -1
0 -1
0 -1
0 -1
0 -1
0 -1
0 -1
0 -1
0 -1
0 -1
0 -1
0 -1
0 -1
0 -1
0 -1
0 -1
0 -1
0 -1
0 -1
0 -1
0 -1
-1 0
-1 0
-1 0
-1 0
-1 0
-1 0
-1 0
-1 0
-1 0
-1 0
-1 0
-1 0
-1 0
-1 0
-1 0
-1 0
-1 0
-1 0
-1 0
-1 0
-1 0
-1 0
-1 0
-1 0
-1 0
-1 0
-1 0
-1 0
-1 0
-1 0
-1 0
-1 0
-1 0
-1 0
-1 0
-1 0
-1 0
-1 0
-1 0
-1 0
-1 0
-1 0
-1 0
-1 0
-1 0
-1 0
-1 0
-1 0
-1 0
-1 0
-1 0
-1 0
-1 0
-1 0
-1 0
-1 0
-1 0
-1 0
-1 0
-1 0
-1 0
-1 0
-1 0
-1 0
-1 0
-1 0
-1 0
-1 0
-1 0
-1 0
-1 0
-1 0
-1 0
-1 0
-1 0
-1 0
-1 0
-1 0
-1 0
-1 0
-1 0
-1 0
-1 0
-1 0
-1 0
-1 0
-1 0
-1 0
-1 0
-1 0
-1 0
-1 0
-1 0
-1 0
-1 0
-1 0
-1 0
-1 0
-1 0
-1 0
-1 0
-1 0
-1 0
-1 0
-1 0
-1 0
-1 0
-1 0
-1 0
-1 0
-1 0
-1 0
-1 0
-1 0
-1 0
-1 0
-1 0
-1 0
-1 0
-1 0
-1 0
-1 0
-1 0
-1 0
-1 0
-1 0
-1 0
-1 0
-1 0
-1 0
-1 0
-1 0
-1 0
-1 0
-1 0
-1 0
-1 0
-1 0
-1 0
-1 0
-1 0
-1 0
-1 0
-1 0
-1 0
-1 0
-1 0
-1 0
-1 0
-1 0
-1 0
-1 0
-1 0
-1 0
-1 0
-1 0
-1 0
-1 0
-1 0
-1 0
-1 0
-1 0
-1 0
-1 0
-1 0
-1 0
-1 0
-1 0
-1 0
-1 0
-1 0
-1 0
-1 0
-1 0
-1 0
-1 0
-1 0
-1 0
-1 0
-1 0
-1 0
-1 0
-1 0
-1 0
-1 0
-1 0
-1 0
-1 0
-1 0
-1 0
-1 0
-1 0
-1 0
-1 0
-1 0
-1 0
-1 0
-1 0
-1 0
-1 0
-1 0
-1 0
-1 0
-1 0
-1 0
-1 0
-1 0
-1 0
-1 0
-1 0
-1 0
-1 0
-1 0
-1 0
-1 0
-1 0
-1 0
-1 0
-1 0
-1 0
-1 0
-1 0
-1 0
-1 0
-1 0
-1 0
-1 0
-1 0
-1 0
-1 0
-1 0
-1 0
-1 0
-1 0
-1 0
-1 0
-1 0
-1 0
-1 0
-1 0
-1 0
-1 0
-1 0
-1 0
-1 0
-1 0
-1 0
-1 0
-1 0
-1 0
-1 0
-1 0
-1 0
-1 0
-1 0
-1 0
-1 0
-1 0
-1 0
-1 0
-1 0
-1 0
-1 0
-1 0
-1 0
-1 0
-1 0
-1 0
-1 0
-1 0
-1 0
-1 0
-1 0
-1 0
-1 0
-1 0
-1 0
-1 0
-1 0
-1 0
-1 0
-1 0
-1 0
-1 0
-1 0
-1 0
-1 0
-1 0
-1 0
-1 0
-1 0
-1 0
-1 0
-1 0
-1 0
-1 0
-1 0
-1 0
-1 0
-1 0
-1 0
-1 0
-1 0
-1 0
-1 0
-1 0
-1 0
-1 0
-1 0
-1 0
-1 0
-1 0
-1 0
-1 0
-1 0
-1 0
-1 0
-1 0
-1 0
-1 0
-1 0
-1 0
-1 0
-1 0
-1 0
-1 0
-1 0
-1 0
-1 0
-1 0
-1 0
-1 0
-1 0
-1 0
-1 0
-1 0
-1 0
-1 0
-1 0
-1 0
-1 0
-1 0
-1 0
-1 0
-1 0
-1 0
-1 0
-1 0
-1 0
-1 0
-1 0
-1 0
-1 0
-1 0
-1 0
-1 0
-1 0
-1 0
-1 0
-1 0
-1 0
-1 0
-1 0
-1 0
-1 0
-1 0
-1 0
-1 0
-1 0
-1 0
-1 0
-1 0
-1 0
-1 0
-1 0
-1 0
-1 0
-1 0
-1 0
-1 0
-1 0
-1 0
-1 0
-1 0
-1 0
-1 0
-1 0
-1 0
-1 0
-1 0
-1 0
-1 0
-1 0
-1 0
-1 0
-1 0
-1 0
-1 0
-1 0
-1 0
-1 0
-1 0
-1 0
-1 0
-1 0
-1 0
-1 0
-1 0
-1 0
-1 0
-1 0
-1 0
-1 0
-1 0
-1 0
-1 0
-1 0
-1 0
-1 0
-1 0
-1 0
-1 0
-1 0
-1 0
-1 0
-1 0
-1 0
-1 0
-1 0
-1 0
-1 0
-1 0
-1 0
-1 0
-1 0
-1 0
-1 0
-1 0
-1 0
-1 0
-1 0
-1 0
-1 0
-1 0
-1 0
-1 0
-1 0
-1 0
-1 0
-1 0
-1 0
-1 0
-1 0
-1 0
-1 0
-1 0
-1 0
-1 0
-1 0
-1 0
-1 0
-1 0
-1 0
-1 0
-1 0
-1 0
-1 0
-1 0
-1 0
-1 0
-1 0
-1 0
-1 0
-1 0
-1 0
-1 0
-1 0
-1 0
-1 0
-1 0
-1 0
-1 0
-1 0
-1 0
-1 0
-1 0
-1 0
-1 0
-1 0
-1 0
-1 0
-1 0
-1 0
-1 0
-1 0
-1 0
-1 0
-1 0
-1 0
-1 0
-1 0
-1 0
-1 0
-1 0
-1 0
-1 0
-1 0
-1 0
-1 0
-1 0
-1 0
-1 0
-1 0
-1 0
-1 0
-1 0
-1 0
-1 0
-1 0
-1 0
-1 0
-1 0
-1 0
-1 0
-1 0
-1 0
-1 0
-1 0
-1 0
-1 0
-1 0
-1 0
-1 0
-1 0
-1 0
-1 0
-1 0
-1 0
-1 0
-1 0
-1 0
-1 0
-1 0
-1 0
-1 0
-1 0
-1 0
-1 0
-1 0
-1 0
-1 0
-1 0
-1 0
-1 0
-1 0
-1 0
-1 0
-1 0
-1 0
-1 0
-1 0
-1 0
-1 0
-1 0
-1 0
-1 0
-1 0
-1 0
-1 0
-1 0
-1 0
-1 0
-1 0
-1 0
-1 0
-1 0
-1 0
-1 0
-1 0
-1 0
-1 0
-1 0
-1 0
-1 0
-1 0
-1 0
-1 0
-1 0
-1 0
-1 0
-1 0
-1 0
-1 0
-1 0
-1 0
-1 0
-1 0
-1 0
-1 0
-1 0
-1 0
-1 0
-1 0
-1 0
-1 0
-1 0
-1 0
-1 0
-1 0
-1 0
-1 0
-1 0
-1 0
-1 0
-1 0
-1 0
-1 0
-1 0
-1 0
-1 0
-1 0
-1 0
-1 0
-1 0
-1 0
-1 0
-1 0
-1 0
-1 0
-1 0
-1 0
-1 0
-1 0
-1 0
-1 0
-1 0
-1 0
-1 0
-1 0
-1 0
-1 0
-1 0
-1 0
-1 0
-1 0
-1 0
-1 0
-1 0
-1 0
-1 0
-1 0
-1 0
-1 0
-1 0
-1 0
-1 0
-1 0
-1 0
-1 0
-1 0
-1 0
-1 0
-1 0
-1 0
-1 0
-1 0
-1 0
-1 0
-1 0
-1 0
-1 0
-1 0
-1 0
-1 0
-1 0
-1 0
-1 0
-1 0
-1 0
-1 0
-1 0
-1 0
-1 0
-1 0
-1 0
-1 0
-1 0
-1 0
-1 0
-1 0
-1 0
-1 0
-1 0
-1 0
-1 0
-1 0
-1 0
-1 0
-1 0
-1 0
-1 0
-1 0
-1 0
-1 0
-1 0
-1 0
-1 0
-1 0
-1 0
-1 0
-1 0
-1 0
-1 0
-1 0
-1 0
-1 0
-1 0
-1 0
-1 0
-1 0
-1 0
-1 0
-1 0
-1 0
-1 0
-1 0
-1 0
-1 0
-1 0
-1 0
-1 0
-1 0
-1 0
-1 0
-1 0
-1 0
-1 0
-1 0
-1 0
-1 0
-1 0
-1 0
-1 0
-1 0
-1 0
-1 0
-1 0
-1 0
-1 0
-1 0
-1 0
-1 0
-1 0
-1 0
-1 0
-1 0
-1 0
-1 0
-1 0
-1 0
-1 0
-1 0
-1 0
-1 0
-1 0
-1 0
-1 0
-1 0
-1 0
-1 0
-1 0
-1 0
-1 0
-1 0
-1 0
-1 0
-1 0
-1 0
-1 0
-1 0
-1 0
-1 0
-1 0
-1 0
-1 0
-1 0
-1 0
