-1 0
-1 -3
0 -4
0 -4
-2 -9
-1 -17
0 -21
-4 -24
-4 -24
-1 -29
-2 -39
-2 -39
-2 -39
-2 -39
-2 -39
-2 -39
-2 -39
-2 -39
-2 -39
-2 -39
-2 -39
-2 -39
-2 -39
-2 -39
-2 -39
-2 -39
-2 -39
-2 -39
-2 -39
-2 -39
-2 -39
-2 -39
-1 -43
-1 -43
-1 -43
-1 -43
-1 -43
-1 -43
-1 -43
-1 -43
-1 -43
-1 -43
-1 -43
-1 -43
-1 -43
-1 -43
-1 -43
-6 -49
-6 -49
-6 -49
-6 -49
-6 -49
-6 -49
-6 -49
-6 -49
-6 -49
-6 -49
-6 -49
-6 -49
-6 -49
-6 -49
-6 -49
-6 -49
-6 -49
-6 -49
-8 -45
-8 -45
-8 -45
-8 -45
-8 -45
-8 -45
-8 -45
-8 -45
-8 -45
-8 -45
-8 -45
-8 -45
-8 -45
-8 -45
-8 -45
-8 -45
-7 -47
-7 -47
-7 -47
-7 -47
-7 -47
-7 -47
-7 -47
-7 -47
-7 -47
-7 -47
-7 -47
-7 -47
-7 -47
-7 -47
-7 -47
-7 -47
-7 -47
-7 -47
-7 -47
-7 -47
-7 -47
-7 -47
-7 -47
-7 -47
-7 -47
-7 -47
-7 -47
-8 -40
-8 -40
-8 -40
-8 -40
-8 -40
-8 -40
-8 -40
-8 -40
-8 -40
-8 -40
-8 -40
-8 -40
-8 -40
-8 -40
-8 -40
-8 -40
-8 -40
-8 -40
-8 -40
-8 -40
-8 -40
-8 -40
-8 -40
-8 -40
-8 -40
-8 -40
-8 -40
-8 -40
-8 -40
-8 -40
-8 -40
-8 -40
-8 -40
-8 -40
-8 -40
-8 -40
-8 -40
-8 -40
-13 -45
-13 -45
-13 -45
-13 -45
-13 -45
-13 -45
-13 -45
-13 -45
-13 -45
-13 -45
-13 -45
-13 -45
-13 -45
-13 -45
-17 -51
-17 -51
-17 -51
-17 -51
-17 -51
-17 -51
-17 -51
-17 -51
-17 -51
-17 -51
-17 -51
-17 -51
-17 -51
-17 -51
-17 -51
-17 -51
-17 -51
-17 -51
-17 -51
-17 -51
-17 -51
-10 -57
-10 -57
-10 -57
-10 -57
-10 -57
-10 -57
-10 -57
-10 -57
-10 -57
-10 -57
-10 -57
-10 -57
-10 -57
-10 -57
-10 -57
-10 -57
-10 -57
-10 -57
-10 -57
-10 -57
-10 -57
-10 -57
-10 -57
-10 -57
-10 -57
-10 -57
-10 -57
-10 -57
-10 -57
-10 -57
-10 -57
-10 -57
-10 -57
-10 -57
-10 -57
-10 -57
-10 -57
-10 -57
-10 -57
-10 -57
-10 -57
-10 -57
-10 -57
-10 -57
-10 -57
-10 -57
-10 -57
-10 -57
-10 -57
-10 -57
-10 -57
-10 -57
-10 -57
-10 -57
-10 -57
-10 -57
-10 -57
-10 -57
-10 -57
-10 -57
-12 -50
-12 -50
-12 -50
-12 -50
-12 -50
-12 -50
-12 -50
-12 -50
-12 -50
-12 -50
-12 -50
-12 -50
-12 -50
-12 -50
-12 -50
-12 -50
-12 -50
-12 -50
-12 -50
-12 -50
-12 -50
-12 -50
-12 -50
-12 -50
-12 -50
-12 -50
-12 -50
-12 -50
-12 -50
-12 -50
-12 -50
-12 -50
-12 -50
-12 -50
-12 -50
-12 -50
-12 -50
-22 -55
-19 -43
-19 -43
-19 -43
-19 -43
-19 -43
-19 -43
-19 -43
-19 -43
-19 -43
-19 -43
-19 -43
-19 -43
-19 -43
-19 -43
-19 -43
-19 -43
-19 -43
-19 -43
-19 -43
-19 -43
-19 -43
-19 -43
-19 -43
-19 -43
-19 -43
-19 -43
-19 -43
-19 -43
-19 -43
-19 -43
-19 -43
-19 -43
-19 -43
-19 -43
-19 -43
-19 -43
-19 -43
-19 -43
-19 -43
-19 -43
-19 -43
-19 -43
-28 -26
-28 -26
-28 -26
-28 -26
-28 -26
-28 -26
-28 -26
-28 -26
-28 -26
-28 -26
-28 -26
-28 -26
-28 -26
-28 -26
-35 -43
-35 -43
-35 -43
-35 -43
-35 -43
-35 -43
-35 -43
-35 -43
-35 -43
-35 -43
-35 -43
-35 -43
-35 -43
-35 -43
-35 -43
-35 -43
-35 -43
-35 -43
-35 -43
-35 -43
-35 -43
-35 -43
-35 -43
-35 -43
-35 -43
-35 -43
-35 -43
-35 -43
-35 -43
-35 -43
-35 -43
-35 -43
-35 -43
-35 -43
-35 -43
-35 -43
-35 -43
-35 -43
-35 -43
-35 -43
-35 -43
-35 -43
-35 -43
-35 -43
-35 -43
-35 -43
-35 -43
-35 -43
-35 -43
-35 -43
-35 -43
-35 -43
-35 -43
-35 -43
-35 -43
-35 -43
-35 -43
-35 -43
-35 -43
-35 -43
-35 -43
-35 -43
-35 -43
-35 -43
-35 -43
-35 -43
-41 -38
-41 -38
-41 -38
-41 -38
-41 -38
-41 -38
-41 -38
-41 -38
-41 -38
-41 -38
-41 -38
-41 -38
-41 -38
-41 -38
-41 -38
-41 -38
-41 -38
-41 -38
-41 -38
-41 -38
-41 -38
-41 -38
-41 -38
-41 -38
-41 -38
-41 -38
-41 -38
-41 -38
-41 -38
-41 -38
-41 -38
-41 -38
-41 -38
-41 -38
-41 -38
-41 -38
-41 -38
-41 -38
-41 -38
-41 -38
-41 -38
-41 -38
-42 -34
-55 -39
-55 -39
-55 -39
-55 -39
-55 -39
-55 -39
-55 -39
-55 -39
-55 -39
-55 -39
-55 -39
-55 -39
-55 -39
-55 -39
-55 -39
-55 -39
-55 -39
-55 -39
-55 -39
-55 -39
-55 -39
-55 -39
-55 -39
-55 -39
-64 -36
-64 -36
-64 -36
-64 -36
-64 -36
-64 -36
-64 -36
-64 -36
-64 -36
-64 -36
-64 -36
-64 -36
-64 -36
-64 -36
-64 -36
-64 -36
-62 -34
-62 -34
-62 -34
-62 -34
-62 -34
-62 -34
-62 -34
-62 -34
-62 -34
-62 -34
-62 -34
-62 -34
-62 -34
-62 -34
-62 -34
-62 -34
-62 -34
-65 -30
-65 -30
-65 -30
-65 -30
-65 -30
-65 -30
-65 -30
-65 -30
-65 -30
-65 -30
-65 -30
-65 -30
-65 -30
-65 -30
-65 -30
-65 -30
-65 -30
-65 -28
-65 -28
-65 -28
-65 -28
-65 -28
-65 -28
-65 -28
-65 -28
-65 -28
-65 -28
-65 -28
-65 -28
-65 -28
-65 -28
-65 -28
-65 -28
-65 -28
-65 -28
-65 -28
-65 -28
-65 -28
-65 -28
-65 -28
-65 -28
-65 -28
-65 -28
-65 -28
-65 -28
-65 -28
-65 -28
-65 -28
-65 -28
-65 -28
-65 -28
-65 -28
-75 -24
-75 -24
-75 -24
-75 -24
-75 -24
-75 -24
-75 -24
-75 -24
-75 -24
-75 -24
-75 -24
-75 -24
-75 -24
-75 -24
-75 -24
-75 -24
-75 -24
-75 -24
-75 -24
-75 -24
-75 -24
-75 -24
-75 -24
-75 -24
-75 -24
-75 -24
-75 -24
-75 -24
-75 -24
-75 -24
-75 -24
-75 -24
-75 -24
-75 -24
-75 -24
-75 -24
-69 -28
-69 -28
-69 -28
-69 -28
-69 -28
-69 -28
-69 -28
-69 -28
-69 -28
-69 -28
-69 -28
-69 -28
-69 -28
-69 -28
-69 -28
-69 -28
-69 -28
-69 -28
-69 -28
-69 -28
-69 -28
-69 -28
-69 -28
-69 -28
-69 -28
-69 -28
-69 -28
-69 -28
-69 -28
-69 -28
-69 -28
-69 -28
-69 -28
-69 -28
-69 -28
-69 -28
-69 -28
-69 -28
-69 -28
-69 -28
-69 -28
-69 -28
-69 -28
-69 -28
-69 -28
-59 -22
-59 -22
-59 -22
-59 -22
-59 -22
-59 -22
-59 -22
-59 -22
-59 -22
-59 -22
-59 -22
-59 -22
-59 -22
-59 -22
-59 -22
-59 -22
-59 -22
-59 -22
-59 -22
-59 -22
-64 -22
-64 -22
-64 -22
-64 -22
-64 -22
-64 -22
-64 -22
-64 -22
-64 -22
-64 -22
-64 -22
-64 -22
-64 -22
-64 -22
-64 -22
-64 -22
-64 -22
-64 -22
-66 -20
-74 -22
-74 -22
-74 -22
-74 -22
-74 -22
-74 -22
-74 -22
-74 -22
-74 -22
-74 -22
-74 -22
-74 -22
-74 -22
-74 -22
-74 -22
-74 -22
-74 -22
-74 -22
-74 -22
-74 -22
-74 -22
-74 -22
-74 -22
-74 -22
-74 -22
-62 -17
-62 -17
-62 -17
-62 -17
-62 -17
-62 -17
-62 -17
-62 -17
-62 -17
-62 -17
-62 -17
-62 -17
-62 -17
-62 -17
-62 -17
-62 -17
-62 -17
-62 -17
-62 -17
-62 -17
-62 -17
-62 -17
-62 -17
-62 -17
-62 -17
-62 -17
-62 -17
-62 -17
-62 -17
-62 -17
-62 -17
-62 -17
-62 -17
-68 -17
-68 -17
-68 -17
-68 -17
-68 -17
-68 -17
-68 -17
-68 -17
-68 -17
-68 -17
-68 -17
-68 -17
-68 -17
-64 -10
-64 -7
-64 -7
-64 -7
-64 -7
-64 -7
-64 -7
-64 -7
-64 -7
-64 -7
-64 -7
-64 -7
-64 -7
-64 -7
-64 -7
-64 -7
-64 -7
-64 -7
-64 -7
-64 -7
-64 -7
-64 -7
-64 -7
-64 -7
-64 -7
-64 -7
-64 -7
-64 -7
-64 -7
-64 -7
-64 -7
-64 -7
-64 -7
-64 -7
-64 -7
-64 -7
-64 -7
-71 -13
-71 -13
-71 -13
-71 -13
-71 -13
-71 -13
-71 -13
-71 -13
-71 -13
-71 -13
-71 -13
-71 -13
-71 -13
-71 -13
-71 -13
-71 -13
-71 -13
-71 -13
-71 -13
-71 -13
-71 -13
-71 -13
-71 -13
-71 -13
-71 -13
-71 -13
-71 -13
-71 -13
-71 -13
-71 -13
-71 -13
-71 -13
-71 -13
-71 -13
-71 -13
-71 -13
-71 -13
-71 -13
-71 -13
-71 -13
-60 -7
-60 -7
-60 -7
-60 -7
-60 -7
-60 -7
-60 -7
-60 -7
-60 -7
-60 -7
-60 -7
-60 -7
-60 -7
-60 -7
-60 -7
-60 -7
-60 -7
-60 -7
-60 -7
-60 -7
-59 -4
-59 -4
-59 -4
-59 -4
-59 -4
-59 -4
-59 -4
-59 -4
-59 -4
-59 -4
-59 -4
-59 -4
-59 -4
-59 -4
-59 -4
-59 -4
-52 -3
-52 -3
-52 -3
-52 -3
-52 -3
-52 -3
-52 -3
-52 -3
-52 -3
-52 -3
-52 -3
-52 -3
-52 -3
-52 -3
-52 -3
-52 -3
-52 -3
-52 -3
-52 -3
-54 -5
-54 -5
-54 -5
-54 -5
-54 -5
-54 -5
-54 -5
-54 -5
-54 -5
-54 -5
-54 -5
-54 -5
-54 -5
-54 -5
-54 -5
-54 -5
-54 -5
-54 -5
-54 -5
-54 -5
-54 -5
-54 -5
-54 -5
-54 -5
-54 -5
-54 -5
-54 -5
-54 -5
-54 -5
-54 -5
-54 -5
-54 -5
-54 -5
-54 -5
-54 -5
-54 -5
-54 -5
-54 -5
-54 -5
-54 -5
-54 -5
-54 -5
-54 -5
-54 -5
-54 -5
-54 -5
-54 -5
-54 -5
-54 -5
-54 -5
-54 -5
-54 -5
-54 -5
-54 -5
-54 -5
-54 -5
-54 -5
-54 -5
-54 -5
-54 -5
-54 -5
-54 -5
-52 -1
-54 2
-54 2
-54 2
-54 2
-54 2
-54 2
-54 2
-54 2
-54 2
-54 2
-54 2
-54 2
-54 2
-54 2
-54 2
-54 2
-54 2
-54 2
-54 2
-54 2
-54 2
-54 2
-54 2
-54 2
-54 2
-54 2
-54 2
-54 2
-54 2
-54 2
-54 2
-54 2
-54 2
-54 2
-54 2
-54 2
-54 2
-47 1
-47 1
-47 1
-47 1
-47 1
-47 1
-47 1
-47 1
-47 1
-47 1
-47 1
-47 1
-47 1
-47 1
-47 1
-47 1
-47 1
-47 1
-47 1
-47 1
-47 1
-47 1
-47 1
-47 1
-47 1
-47 1
-47 1
-47 1
-47 1
-47 1
-47 1
-47 1
-47 1
-47 1
-47 1
-47 1
-47 1
-48 3
-48 3
-48 3
-48 3
-48 3
-48 3
-48 3
-48 3
-48 3
-48 3
-48 3
-48 3
-48 3
-48 3
-48 3
-48 3
-48 3
-48 3
-48 3
-48 3
-48 3
-48 3
-48 3
-48 3
-48 3
-48 3
-48 3
-48 3
-48 3
-48 3
-48 3
-48 3
-48 3
-49 0
-49 0
-49 0
-49 0
-49 0
-49 0
-49 0
-49 0
-49 0
-49 0
-49 0
-49 0
-49 0
-49 0
-49 0
-49 0
-49 0
-49 0
-49 0
-49 0
-49 0
-49 0
-49 0
-49 0
-49 0
-49 0
-49 0
-49 0
-49 0
-49 0
-49 0
-49 0
-49 0
-49 0
-49 0
-49 0
-49 0
-49 0
-49 0
-49 0
-49 0
-49 0
-49 0
-49 0
-49 0
-49 0
-49 0
-49 0
-54 0
-54 0
-54 0
-54 0
-54 0
-54 0
-54 0
-54 0
-54 0
-54 0
-54 0
-54 0
-54 0
-54 0
-54 0
-54 0
-54 0
-54 0
-54 0
-54 0
-54 0
-54 0
-54 0
-54 0
-54 0
-54 0
-54 0
-54 0
-54 0
-54 0
-54 0
-54 0
-54 0
-54 0
-54 0
-54 0
-54 0
-54 0
-54 0
-54 0
-54 0
-54 0
-54 0
-54 0
-54 0
-54 0
-54 0
-54 0
-54 0
-54 0
-54 0
-54 0
-54 0
-54 0
-54 0
-50 3
-50 3
-50 3
-50 3
-50 3
-50 3
-50 3
-50 3
-50 3
-50 3
-50 3
-50 3
-50 3
-50 3
-50 3
-50 3
-50 3
-50 3
-50 3
-50 3
-50 3
-50 3
-50 3
-50 3
-50 3
-50 3
-50 3
-50 3
-50 3
-50 3
-50 3
-50 3
-50 3
-50 3
-50 3
-50 3
-50 3
-50 3
-50 3
-50 3
-50 3
-50 3
-50 3
-50 4
-50 4
-50 4
-50 4
-50 4
-50 4
-50 4
-50 4
-50 4
-50 4
-50 4
-50 4
-50 4
-50 4
-50 4
-50 4
-50 4
-50 4
-50 4
-50 4
-50 4
-50 4
-50 4
-50 4
-50 4
-50 4
-50 4
-50 4
-50 4
-50 4
-50 4
-50 4
-50 4
-50 4
-50 4
-50 4
-50 4
-50 4
-50 4
-50 4
-49 2
-49 2
-52 -2
-52 -2
-52 -2
-52 -2
-52 -2
-52 -2
-52 -2
-52 -2
-52 -2
-52 -2
-52 -2
-52 -2
-52 -2
-52 -2
-52 -2
-52 -2
-52 -2
-52 -2
-52 -2
-52 -2
-52 -2
-52 -2
-52 -2
-52 -2
-52 -2
-52 -2
-52 -2
-52 -2
-52 -2
-52 -2
-52 -2
-52 -2
-56 2
-56 2
-56 2
-56 2
-56 2
-56 2
-56 2
-56 2
-56 2
-56 2
-56 2
-56 2
-56 2
-56 2
-56 2
-56 2
-56 2
-56 2
-56 2
-56 2
-56 2
-56 2
-56 2
-56 2
-56 2
-56 2
-56 2
-56 2
-56 2
-56 2
-56 2
-56 2
-56 2
-56 2
-56 2
-56 2
-56 2
-56 2
-56 2
-56 2
-59 0
-59 0
-59 0
-59 0
-59 0
-59 0
-59 0
-59 0
-59 0
-59 0
-59 0
-59 0
-59 0
-59 0
-59 0
-59 0
-59 0
-59 0
-59 0
-59 0
-59 0
-59 0
-59 0
-63 4
-63 4
-63 4
-63 4
-63 4
-63 4
-63 4
-63 4
-63 4
-63 4
-63 4
-63 4
-63 4
-63 4
-63 4
-63 4
-63 4
-63 4
-63 4
-63 4
-63 4
-63 4
-64 -1
-64 -1
-64 -1
-64 -1
-64 -1
-64 -1
-64 -1
-64 -1
-64 -1
-64 -1
-64 -1
-64 -1
-64 -1
-64 -1
-64 -1
-64 -1
-64 -1
-64 -1
-64 -1
-64 -1
-68 2
-68 2
-68 2
-68 2
-68 2
-68 2
-68 2
-68 2
-68 2
-68 2
-68 2
-68 2
-68 2
-68 2
-68 2
-68 2
-68 2
-68 2
-68 2
-68 2
-68 2
-68 2
-68 2
-68 2
-68 2
-68 2
-68 2
-68 2
-68 2
-68 2
-68 2
-68 2
-68 2
-68 2
-68 2
-68 2
-68 2
-68 2
-68 2
-68 2
-68 2
-68 2
-68 2
-68 2
-68 2
-68 2
-68 2
-68 2
-68 2
-68 2
-68 2
-68 2
-68 2
-68 2
-68 2
-68 2
-68 2
-68 2
-68 2
-68 2
-68 2
-68 2
-68 2
-68 2
-68 2
-68 2
-68 2
-68 2
-66 2
-70 2
-70 2
-70 2
-70 2
-70 2
-70 2
-70 2
-70 2
-70 2
-70 2
-70 2
-70 2
-70 2
-70 2
-70 2
-70 2
-70 2
-70 2
-70 2
-70 2
-70 2
-70 2
-70 2
-70 2
-65 7
-65 7
-65 7
-65 7
-65 7
-65 7
-65 7
-65 7
-65 7
-65 7
-65 7
-65 7
-65 7
-65 7
-65 7
-65 7
-65 7
-65 7
-65 7
-65 7
-65 7
-65 7
-65 7
-65 7
-65 7
-65 7
-65 7
-65 7
-65 7
-65 7
-72 7
-70 8
-70 8
-70 8
-70 8
-70 8
-70 8
-70 8
-70 8
-70 8
-70 8
-70 8
-70 8
-70 8
-70 8
-70 8
-70 8
-70 8
-70 8
-70 8
-70 8
-70 8
-70 8
-70 8
-70 8
-70 8
-70 8
-70 8
-70 8
-70 8
-70 8
-70 8
-70 8
-70 8
-70 8
-70 8
-70 8
-70 8
-70 8
-70 8
-70 8
-70 8
-70 8
-70 8
-70 8
-70 8
-70 8
-68 9
-68 9
-71 7
-71 7
-71 7
-71 7
-71 7
-71 7
-71 7
-71 7
-71 7
-71 7
-71 7
-71 7
-71 7
-71 7
-71 7
-71 7
-71 7
-71 7
-71 7
-64 9
-64 9
-64 9
-64 9
-64 9
-64 9
-64 9
-64 9
-64 9
-64 9
-64 9
-64 9
-65 6
-65 6
-65 6
-65 6
-65 6
-65 6
-65 6
-65 6
-65 6
-65 6
-65 6
-65 6
-74 10
-74 10
-74 10
-74 10
-74 10
-74 10
-74 10
-74 10
-74 10
-74 10
-74 10
-74 10
-74 10
-74 10
-74 10
-74 10
-74 10
-74 10
-74 10
-74 10
-74 10
-74 10
-74 10
-74 10
-74 10
-74 10
-74 10
-74 10
-74 10
-74 10
-74 10
-74 10
-74 10
-74 10
-74 10
-74 10
-74 10
-74 10
-74 10
-74 10
-74 10
-74 10
-74 10
-74 10
-74 10
-74 10
-74 10
-74 10
-74 10
-74 10
-74 10
-74 10
-74 10
-74 10
-74 10
-74 10
-74 10
-74 10
-74 10
-74 10
-74 10
-74 10
-74 10
-74 10
-73 11
-66 15
-66 15
-66 15
-66 15
-66 15
-66 15
-66 15
-66 15
-66 15
-66 15
-66 15
-66 15
-66 15
-66 15
-66 15
-66 15
-66 15
-66 15
-66 15
-66 15
-66 15
-66 15
-66 15
-66 15
-81 16
-76 16
-76 16
-76 16
-76 16
-76 16
-76 16
-76 16
-76 16
-76 16
-76 16
-76 16
-76 16
-76 16
-76 16
-76 16
-76 16
-76 16
-76 16
-76 16
-76 16
-76 16
-76 16
-76 16
-76 16
-76 16
-76 16
-76 16
-71 14
-71 14
-71 14
-71 14
-71 14
-71 14
-71 14
-71 14
-71 14
-71 14
-71 14
-71 13
-71 13
-71 13
-71 13
-71 13
-71 13
-71 13
-71 13
-71 13
-71 13
-71 13
-71 13
-71 13
-77 10
-77 10
-77 10
-77 10
-77 10
-77 10
-77 10
-77 10
-77 10
-77 10
-77 10
-77 10
-77 10
-77 10
-77 10
-77 10
-80 16
-80 16
-80 16
-80 16
-80 16
-80 16
-80 16
-80 16
-80 16
-80 16
-80 16
-80 16
-80 16
-80 16
-80 16
-80 16
-80 16
-80 16
-80 16
-80 16
-80 16
-80 16
-80 16
-80 16
-80 16
-80 16
-80 16
-80 16
-80 16
-80 16
-80 16
-76 17
-76 17
-76 17
-76 17
-76 17
-76 17
-76 17
-76 17
-76 17
-76 17
-76 17
-76 17
-76 17
-76 17
-76 17
-76 17
-76 17
-76 17
-76 17
-76 17
-76 17
-76 17
-76 17
-76 17
-76 17
-78 15
-78 15
-78 15
-78 15
-78 15
-78 15
-78 15
-78 15
-78 15
-78 15
-78 18
-78 18
-78 18
-78 18
-78 18
-78 18
-78 18
-78 18
-78 18
-78 18
-78 18
-78 18
-78 18
-78 18
-78 18
-78 18
-72 14
-72 14
-72 14
-72 14
-72 14
-72 14
-72 14
-72 14
-72 14
-72 14
-72 14
-72 14
-72 14
-72 14
-69 22
-69 22
-69 22
-69 22
-69 22
-69 22
-69 22
-69 22
-69 22
-69 22
-69 22
-69 22
-69 22
-69 22
-69 22
-69 22
-69 22
-69 22
-69 22
-69 22
-69 22
-69 22
-69 22
-69 22
-69 22
-69 22
-69 22
-69 22
-69 22
-69 22
-69 22
-69 22
-69 22
-69 22
-69 22
-69 22
-69 22
-69 22
-69 22
-69 22
-69 22
-69 22
-69 22
-69 22
-69 22
-69 22
-69 22
-69 22
-69 22
-69 22
-69 22
-69 22
-69 22
-69 22
-69 22
-69 22
-69 22
-69 22
-69 22
-69 22
-69 22
-69 22
-69 22
-69 22
-69 22
-69 22
-69 22
-69 22
-69 22
-69 22
-69 22
-69 22
-69 22
-69 22
-69 22
-69 22
-69 22
-69 22
-69 22
-69 22
-71 20
-71 20
-71 20
-71 20
-71 20
-71 20
-71 20
-71 20
-71 20
-71 20
-71 20
-71 20
-71 20
-72 15
-72 15
-61 24
-61 24
-61 24
-61 24
-61 24
-61 24
-55 22
-55 22
-55 22
-55 22
-55 22
-55 22
-55 22
-55 22
-55 22
-55 22
-55 22
-55 22
-55 22
-55 22
-55 22
-55 22
-55 22
-55 22
-55 22
-55 22
-55 22
-55 22
-55 22
-55 22
-55 22
-55 22
-55 22
-55 22
-55 22
-55 22
-55 22
-55 22
-55 22
-55 22
-55 22
-55 22
-55 22
-55 22
-55 22
-55 22
-55 22
-55 22
-55 22
-55 22
-59 17
-59 17
-59 17
-59 17
-59 17
-59 17
-59 17
-59 17
-59 19
-59 19
-59 19
-59 19
-59 19
-59 19
-59 19
-59 19
-59 19
-59 19
-59 19
-59 19
-59 19
-59 19
-59 19
-59 19
-59 19
-59 19
-59 19
-59 19
-59 19
-59 19
-59 19
-59 19
-59 19
-59 19
-59 19
-59 19
-59 19
-59 19
-59 19
-59 19
-59 19
-53 21
-53 21
-53 21
-53 21
-53 21
-53 21
-53 21
-53 21
-53 21
-53 21
-53 21
-53 21
-53 21
-53 21
-53 21
-53 21
-53 21
-53 21
-53 21
-53 21
-53 21
-53 21
-53 21
-53 21
-53 21
-53 21
-53 21
-52 12
-52 12
-52 12
-52 12
-52 12
-52 12
-52 12
-52 12
-52 12
-52 12
-52 12
-52 12
-52 12
-52 12
-52 12
-52 12
-52 12
-52 12
-52 12
-52 12
-52 12
-52 12
-52 12
-52 12
-52 12
-52 12
-52 12
-52 12
-52 12
-52 12
-52 12
-52 12
-52 12
-52 12
-52 12
-52 12
-52 12
-52 12
-52 12
-52 12
-59 24
-59 24
-47 21
-56 27
-56 27
-56 27
-56 27
-56 27
-56 27
-56 27
-56 27
-56 27
-56 27
-56 27
-56 27
-56 27
-56 27
-56 27
-56 27
-56 27
-56 27
-56 27
-56 27
-56 27
-57 32
-57 32
-57 32
-57 32
-57 32
-57 32
-57 32
-57 32
-57 32
-57 32
-57 32
-57 32
-57 32
-57 32
-57 32
-57 32
-57 32
-57 32
-57 32
-57 32
-57 32
-57 32
-57 32
-57 32
-57 32
-57 32
-57 32
-57 32
-41 24
-51 29
-51 29
-51 29
-51 29
-51 29
-51 29
-51 29
-51 29
-51 29
-51 29
-51 29
-51 29
-51 29
-51 29
-51 29
-51 29
-51 29
-51 29
-51 29
-51 29
-51 29
-51 29
-51 29
-51 29
-51 29
-51 29
-51 29
-51 29
-51 29
-51 29
-51 29
-51 29
-51 29
-51 29
-51 29
-51 29
-51 29
-51 29
-51 29
-51 29
-44 28
-44 28
-55 34
-55 34
-55 34
-55 34
-55 34
-55 34
-55 34
-55 34
-55 34
-55 34
-55 34
-55 34
-55 34
-55 34
-55 34
-55 34
-55 34
-55 34
-55 34
-55 34
-55 34
-55 34
-55 34
-55 34
-55 34
-55 45
-55 45
-55 45
-55 45
-55 45
-55 45
-55 45
-55 45
-55 45
-55 45
-55 45
-55 45
-55 45
-55 45
-55 45
-55 45
-55 45
-55 45
-55 45
-61 40
-61 40
-61 40
-61 40
-61 40
-61 40
-61 40
-61 40
-61 40
-61 40
-45 49
-45 49
-45 49
-45 49
-45 49
-45 49
-45 49
-45 49
-45 49
-45 49
-45 49
-32 43
-32 43
-32 43
-32 43
-32 43
-32 43
-32 43
-32 43
-32 43
-32 43
-32 43
-32 43
-32 43
-32 43
-32 43
-32 43
-32 43
-32 43
-32 43
-32 43
-32 43
-32 43
-32 43
-32 43
-32 43
-32 43
-32 43
-32 43
-32 43
-32 43
-32 43
-32 43
-32 43
-32 43
-32 43
-32 43
-32 43
-32 43
-32 43
-32 43
-32 43
-32 43
-32 43
-32 43
-32 43
-32 43
-32 43
-32 43
-32 43
-32 43
-32 43
-32 43
-32 43
-32 43
-32 43
-32 43
-32 43
-32 43
-32 43
-32 43
-32 43
-32 43
-32 43
-32 43
-32 43
-32 43
-32 43
-32 43
-32 43
-32 43
-32 43
-41 49
-41 49
-36 42
-31 45
-36 52
-36 52
-36 52
-36 52
-36 52
-36 52
-36 52
-36 52
-36 52
-36 52
-36 52
-36 52
-36 52
-34 53
-34 53
-34 53
-34 53
-34 53
-34 53
-34 53
-34 53
-34 53
-34 53
-34 53
-34 53
-34 53
-34 53
-34 53
-34 53
-34 53
-34 53
-34 53
-34 53
-34 53
-34 53
-34 53
-34 53
-34 53
-34 53
-34 53
-34 53
-34 53
-34 53
-34 53
-34 53
-34 53
-34 53
-34 53
-34 53
-27 56
-27 56
-27 56
-27 56
-27 56
-27 56
-27 56
-27 56
-27 56
-27 56
-27 56
-27 56
-27 56
-27 56
-27 56
-27 56
-27 56
-27 56
-27 56
-27 56
-27 56
-27 56
-27 56
-27 56
-27 56
-27 56
-27 56
-27 56
-27 56
-27 56
-27 56
-27 56
-27 56
-27 56
-27 56
-24 50
-24 50
-26 49
-26 49
-26 49
-26 49
-26 49
-26 49
-26 49
-26 49
-26 49
-26 49
-26 49
-26 49
-26 49
-26 49
-26 49
-26 49
-26 49
-26 49
-26 49
-26 49
-26 49
-26 49
-26 49
-26 49
-26 49
-26 49
-26 49
-26 49
-26 49
-26 49
-26 49
-26 49
-26 49
-26 49
-26 49
-26 49
-26 49
-12 55
-12 55
-12 55
-12 55
-12 55
-12 55
-12 55
-12 55
-12 55
-12 55
-12 55
-12 55
-12 55
-12 55
-12 55
-12 55
-12 55
-12 55
-12 55
-12 55
-12 55
-12 55
-12 55
-12 55
-12 55
-12 55
-12 55
-12 55
-12 55
-12 55
-12 55
-12 55
-12 55
-12 55
-12 55
-12 55
-12 55
-12 55
-12 55
-12 55
-12 55
-12 55
-11 48
-11 48
-11 48
-11 48
-11 48
-11 48
-11 48
-11 48
-11 48
-11 48
-11 48
-11 48
-11 48
-11 48
-11 48
-11 48
-11 48
-11 48
-11 48
-11 48
-11 48
-13 58
-13 58
-13 58
-13 58
-13 58
-13 58
-13 58
-13 58
-13 58
-13 58
-13 58
-13 58
-13 58
-13 58
-13 58
-13 58
-13 58
-13 58
-13 58
-13 58
-13 58
-13 58
-13 58
-13 58
-13 58
-13 58
-13 58
-13 58
-13 58
-13 58
-13 58
-13 58
-13 58
-13 58
-13 58
-15 54
-9 55
-9 55
-9 55
-9 55
-9 55
-9 55
-9 55
-9 55
-9 55
-9 55
-9 55
-9 55
-9 55
-9 55
-9 55
-9 55
-9 55
-9 55
-9 55
-9 55
-9 55
-9 55
-9 55
-9 55
-9 55
-9 55
-9 55
-9 55
-9 55
-9 55
-9 55
-9 55
-9 55
-9 55
-9 55
-9 55
-9 55
-9 55
-9 55
-9 55
-9 55
-9 55
-9 55
-9 55
-9 55
-9 55
-9 55
-9 55
-9 55
-9 55
-9 55
-10 59
-9 61
-9 61
-9 61
-9 61
-9 61
-9 61
-9 61
-9 61
-9 61
-9 61
-9 61
-9 61
-9 61
-9 61
-9 61
-4 65
-4 65
-4 65
-4 65
-4 65
-4 65
-4 65
-4 65
-4 65
-4 65
-4 65
-4 65
-4 65
-4 65
-4 65
-4 65
-4 65
-4 65
-4 65
-4 65
-4 65
-4 65
-4 65
-4 65
-4 65
-4 65
-4 65
-4 65
-4 65
-4 65
-4 65
-4 65
-4 65
-4 65
-4 65
-4 65
-4 65
-4 65
-4 65
-4 65
-2 67
-2 67
-2 67
-2 67
-2 67
-2 67
-2 67
-2 67
-2 67
-2 67
-2 67
-2 67
-2 67
-2 67
-2 67
-2 67
-2 67
-2 67
-2 67
-2 67
-2 67
-2 67
-2 67
-2 67
-2 67
-2 67
-2 67
-2 67
-2 67
-2 67
-2 67
-2 67
-2 67
-2 67
1 73
1 73
1 73
1 73
1 73
1 73
1 73
1 73
1 73
1 73
1 73
1 73
1 73
1 73
1 73
1 73
1 73
1 73
1 73
1 73
1 73
1 73
1 73
1 73
1 73
1 73
1 73
1 73
1 73
1 73
1 73
1 73
1 73
1 73
1 73
1 73
1 73
1 73
1 74
0 73
0 73
0 73
0 73
0 73
0 73
0 73
0 73
0 73
0 73
0 73
0 73
0 73
0 73
6 75
6 75
6 75
6 75
6 75
6 75
6 75
6 75
6 75
6 75
6 75
6 75
6 75
6 75
6 75
6 75
6 75
6 75
6 75
6 75
6 75
6 75
6 75
6 75
6 75
6 75
6 75
6 75
6 75
6 75
6 75
6 75
6 75
6 75
6 75
6 75
6 75
6 75
10 72
10 72
10 72
10 72
10 72
10 72
10 72
10 72
10 72
10 72
10 72
10 72
10 72
10 72
10 72
10 72
10 72
10 72
10 72
13 69
13 69
13 69
13 69
13 69
13 69
13 69
13 69
13 69
13 69
13 69
13 69
13 69
13 69
13 69
13 69
13 69
13 69
13 69
13 69
13 69
13 69
13 69
13 69
13 69
13 69
13 69
13 69
13 69
13 69
13 69
13 69
13 69
13 69
13 69
13 69
13 69
13 69
13 69
13 69
13 69
13 69
13 69
13 69
13 69
13 69
13 69
13 69
13 69
13 69
13 69
13 69
13 69
13 69
13 69
13 69
13 69
13 69
13 69
13 69
13 69
13 69
13 69
13 69
13 69
13 69
13 69
15 74
14 68
14 68
14 68
14 68
14 68
14 68
14 68
14 68
14 68
14 68
14 68
14 68
14 68
14 68
14 68
14 68
14 68
14 68
18 66
18 66
18 66
18 66
18 66
18 66
18 66
18 66
18 66
18 66
18 66
18 66
18 66
18 66
18 66
18 66
18 66
18 66
18 66
18 66
18 66
18 66
18 66
18 66
18 66
18 66
18 66
18 66
18 66
18 66
18 66
18 66
18 66
18 66
18 66
18 66
28 68
28 68
28 68
28 68
28 68
28 68
28 68
28 68
28 68
28 68
28 68
28 68
28 68
28 68
29 64
29 64
29 64
29 64
29 64
29 64
29 64
29 64
29 64
29 64
29 64
30 55
30 55
30 55
30 55
30 55
30 55
30 55
30 55
30 55
30 55
30 55
30 55
30 55
30 55
30 55
30 55
30 55
30 55
30 55
30 55
30 55
30 55
30 55
30 55
30 55
30 55
30 55
30 55
30 55
30 55
30 55
30 55
30 55
30 55
30 55
30 55
30 55
30 55
30 55
30 55
30 55
30 55
30 55
30 55
30 55
30 55
30 55
30 55
30 55
43 67
43 67
43 67
43 67
43 67
43 67
43 67
43 67
43 67
43 67
43 67
43 67
43 67
43 67
43 67
43 67
43 67
43 67
43 67
43 67
43 67
43 67
43 67
43 67
43 67
43 67
45 54
56 55
56 55
56 55
56 55
56 55
56 55
56 55
56 55
56 55
56 55
56 55
56 55
56 55
56 55
56 55
56 55
56 55
56 55
56 55
56 55
56 55
56 55
56 55
56 55
56 55
56 55
56 55
56 55
61 47
61 47
61 47
61 47
61 47
61 47
61 47
61 47
61 47
61 47
61 47
61 47
61 47
61 47
61 47
61 47
61 47
61 47
61 47
61 47
61 47
61 47
61 47
61 47
61 47
61 47
61 47
61 47
61 47
61 47
61 47
61 47
61 47
61 47
61 47
61 47
61 47
61 47
61 47
61 47
61 47
61 47
61 47
61 47
61 47
62 51
62 51
62 51
62 51
62 51
62 51
62 51
62 51
62 51
62 51
62 51
62 51
62 51
62 51
55 40
55 40
55 40
55 40
55 40
55 40
55 40
55 40
55 40
55 40
55 40
55 40
55 40
55 40
55 40
55 40
55 40
55 40
55 40
55 40
55 40
55 40
55 40
55 40
55 40
55 40
55 40
55 40
55 40
55 40
55 40
55 40
55 40
55 40
55 40
55 40
69 37
69 37
69 37
69 37
69 37
69 37
69 37
69 37
69 37
69 37
79 37
79 37
79 37
79 37
79 37
79 37
79 37
79 37
79 37
79 37
79 37
79 37
79 37
79 37
79 37
79 37
79 37
79 37
79 37
79 37
79 37
79 37
79 37
79 37
79 37
79 37
79 37
79 37
79 37
79 37
79 27
79 27
79 27
79 27
79 27
79 27
79 27
79 27
79 27
79 27
79 27
79 27
79 27
79 27
79 27
79 27
79 27
79 27
79 27
79 27
79 27
79 27
79 27
79 27
79 27
79 27
79 27
79 27
79 27
79 27
79 27
79 27
83 35
77 23
77 23
77 23
77 23
77 23
77 23
77 23
77 23
77 23
77 23
77 23
77 23
77 23
77 23
77 23
77 23
77 23
77 23
77 23
77 23
77 23
77 23
77 23
77 23
77 23
77 23
77 23
86 34
86 34
86 34
86 34
86 34
86 34
86 34
86 34
86 34
86 34
86 34
86 34
86 34
86 34
86 34
81 25
81 25
81 25
81 25
81 25
81 25
81 25
81 25
81 25
81 25
81 25
81 25
81 25
81 25
81 25
81 25
81 25
81 25
81 25
81 25
81 25
81 25
81 25
81 25
81 25
81 25
81 25
81 25
81 25
81 25
81 25
81 25
81 25
81 25
81 25
81 25
81 25
81 25
81 25
81 25
81 25
88 28
88 28
88 28
88 28
88 28
88 28
88 28
88 28
88 28
88 28
88 28
88 28
88 28
88 28
88 28
88 28
88 28
88 28
88 28
88 28
88 28
88 28
88 28
88 28
88 28
88 28
88 28
88 28
88 28
88 28
88 28
88 28
88 28
88 28
88 28
88 28
83 32
83 32
83 32
83 32
83 32
83 32
83 32
83 32
83 32
83 32
83 32
83 32
83 32
83 32
83 32
83 32
83 32
83 32
83 32
83 32
83 32
83 32
83 32
83 32
83 32
83 32
83 32
83 32
83 32
83 32
83 32
83 32
83 32
81 28
81 28
94 14
94 14
94 14
94 14
94 14
94 14
94 14
94 14
94 14
94 14
94 14
94 14
94 14
94 14
94 14
94 14
94 14
94 14
94 14
94 14
94 14
94 14
94 14
94 14
94 14
94 14
94 14
90 7
90 7
90 7
90 7
90 7
90 7
90 7
90 7
90 7
90 7
90 7
90 7
90 7
90 7
90 7
92 10
92 10
92 10
92 10
92 10
92 10
92 10
92 10
92 10
92 10
92 10
92 10
92 10
93 9
93 9
93 9
93 9
93 9
93 9
93 9
93 9
93 9
93 9
93 9
93 9
93 9
93 9
93 9
93 9
93 9
93 9
93 9
93 9
93 9
93 9
93 9
93 9
93 9
93 9
93 9
93 9
93 9
93 9
93 9
93 9
93 9
93 9
93 9
93 9
93 9
93 9
93 9
93 9
93 9
93 9
93 9
93 9
93 9
93 9
93 9
89 6
89 6
94 9
94 9
94 9
94 9
94 9
94 9
94 9
94 9
94 9
94 9
94 9
94 9
94 9
94 9
94 9
94 9
94 9
94 9
94 9
94 9
94 9
97 1
97 1
97 1
97 1
97 1
97 1
97 1
97 1
97 1
97 1
97 1
97 1
97 1
97 1
97 1
97 1
97 1
97 1
97 1
97 1
97 1
97 1
97 1
97 1
97 1
97 1
96 2
92 -2
92 -2
92 -2
92 -2
92 -2
92 -2
92 -2
92 -2
92 -2
92 -2
92 -2
92 -2
92 -2
92 -2
92 -2
92 -2
92 -2
92 -2
92 -2
92 -2
92 -2
92 -2
92 -2
92 -2
92 -2
95 0
95 0
95 0
95 0
95 0
95 0
95 0
95 0
95 0
95 0
95 0
95 0
95 0
95 0
95 0
95 0
95 0
95 0
95 0
95 0
95 0
95 0
95 0
95 0
95 0
95 0
95 0
97 6
97 6
97 6
97 6
97 6
97 6
97 6
97 6
97 6
97 6
97 6
97 6
97 6
97 6
97 6
97 6
97 6
97 6
97 6
97 6
97 6
97 6
97 6
97 6
97 6
97 6
97 6
95 -1
95 -1
95 -1
95 -1
95 -1
95 -1
95 -1
95 -1
95 -1
95 -1
95 -1
95 -1
95 -1
95 -1
95 -1
93 -2
93 -2
93 -2
93 -2
93 -2
93 -2
93 -2
93 -2
93 -2
93 -2
93 -2
93 -2
93 -2
93 -2
93 -2
93 -2
93 -2
93 -2
93 -2
93 -2
93 -2
93 -2
93 -2
93 -2
93 -2
93 -2
93 -2
93 -2
90 -4
90 -4
90 -4
90 -4
90 -4
90 -4
90 -4
90 -4
90 -4
90 -4
90 -4
90 -4
90 -4
90 -4
90 -4
90 -4
90 -4
90 -4
90 -4
90 -4
90 -4
90 -4
90 -4
90 -4
90 -4
90 -4
90 -4
90 -4
90 -4
90 -4
90 -4
90 -6
94 -5
94 -5
94 -5
94 -5
94 -5
94 -5
94 -5
94 -5
94 -5
94 -5
94 -5
94 -5
94 -5
94 -5
94 -5
94 -5
94 -5
94 -5
94 -5
94 -5
94 -5
94 -5
94 -5
94 -5
94 -5
94 -5
94 -5
94 -5
94 -5
95 -13
95 -13
95 -13
95 -13
95 -13
95 -13
95 -13
95 -13
95 -13
95 -13
95 -13
95 -13
95 -13
95 -13
95 -13
95 -13
95 -13
95 -13
95 -13
100 -11
100 -11
100 -11
100 -11
100 -11
100 -11
100 -11
100 -11
100 -11
100 -11
100 -11
100 -11
100 -11
100 -11
100 -11
100 -11
100 -11
100 -11
100 -11
100 -11
100 -11
100 -11
100 -11
100 -11
100 -11
100 -11
100 -11
100 -11
100 -11
100 -11
100 -11
100 -11
100 -11
100 -11
100 -11
100 -11
100 -11
100 -11
100 -11
100 -11
100 -11
100 -11
100 -11
105 -20
105 -20
105 -20
105 -20
105 -20
105 -20
105 -20
105 -20
105 -20
105 -20
105 -20
105 -20
105 -20
105 -20
105 -20
105 -20
105 -20
105 -20
105 -20
105 -20
105 -20
105 -20
105 -20
105 -20
105 -20
105 -20
105 -20
105 -20
105 -20
105 -20
105 -20
105 -20
105 -20
105 -20
105 -20
105 -20
105 -20
105 -20
105 -20
105 -20
105 -20
105 -20
105 -20
105 -20
105 -20
105 -20
105 -20
105 -20
105 -20
105 -20
105 -20
105 -20
105 -20
105 -20
105 -20
105 -20
105 -20
105 -20
105 -20
105 -20
105 -20
105 -20
105 -20
105 -20
91 -20
91 -20
101 -19
101 -19
101 -19
101 -19
101 -19
101 -19
101 -19
101 -19
101 -19
101 -19
101 -19
101 -19
101 -19
101 -19
101 -19
101 -19
101 -19
101 -19
101 -19
101 -19
101 -19
101 -19
101 -19
101 -19
101 -19
101 -19
101 -19
101 -19
101 -19
101 -19
101 -19
101 -19
101 -19
101 -19
101 -19
101 -19
97 -29
97 -29
97 -29
97 -29
97 -29
97 -29
97 -29
97 -29
97 -29
97 -29
97 -29
97 -29
97 -29
97 -29
97 -29
97 -29
97 -29
97 -29
97 -29
97 -29
97 -29
97 -29
97 -29
97 -29
97 -29
97 -29
97 -29
97 -29
97 -29
97 -29
97 -29
97 -29
97 -29
97 -29
97 -29
87 -29
87 -29
87 -29
87 -29
87 -29
87 -29
87 -29
87 -29
87 -29
87 -29
87 -29
87 -29
87 -29
87 -29
87 -29
87 -29
87 -29
87 -29
87 -29
87 -29
87 -29
87 -29
87 -29
87 -29
87 -29
87 -29
87 -29
87 -29
87 -29
87 -29
87 -29
87 -29
87 -29
87 -29
87 -29
87 -29
87 -29
87 -29
87 -29
87 -29
95 -28
89 -36
89 -36
89 -36
89 -36
89 -36
89 -36
89 -36
89 -36
89 -36
89 -36
89 -36
89 -36
89 -36
89 -36
89 -36
89 -36
89 -36
89 -36
89 -36
89 -36
89 -36
89 -36
89 -36
89 -36
89 -36
89 -36
89 -36
89 -36
89 -36
89 -36
89 -36
89 -36
89 -36
89 -36
89 -36
89 -36
89 -36
89 -36
89 -36
89 -36
89 -36
89 -36
89 -36
89 -36
89 -36
89 -36
89 -36
89 -36
89 -36
89 -36
89 -36
89 -36
89 -36
89 -36
89 -36
89 -36
89 -36
89 -36
89 -36
89 -36
89 -36
89 -36
89 -36
89 -36
89 -36
89 -36
89 -36
89 -36
89 -36
89 -36
83 -42
83 -42
83 -42
83 -42
83 -42
83 -42
83 -42
83 -42
83 -42
83 -42
83 -42
83 -42
83 -42
76 -43
76 -43
76 -43
76 -43
76 -43
76 -43
76 -43
76 -43
76 -43
76 -43
76 -43
76 -43
76 -43
76 -43
76 -43
76 -43
76 -43
76 -43
76 -43
76 -43
76 -43
76 -43
76 -43
76 -43
76 -43
76 -43
76 -43
76 -43
76 -43
76 -43
76 -43
76 -43
76 -43
76 -43
76 -43
76 -43
76 -43
76 -43
76 -43
76 -43
76 -43
76 -43
76 -43
76 -43
76 -43
76 -43
76 -43
76 -43
76 -43
76 -43
76 -43
76 -43
76 -43
76 -43
76 -43
76 -43
76 -43
76 -43
76 -43
76 -43
76 -43
76 -43
76 -43
76 -43
76 -43
76 -43
76 -43
76 -43
76 -43
76 -43
76 -43
76 -43
76 -43
76 -43
76 -43
76 -43
76 -43
76 -43
76 -43
76 -43
76 -43
76 -43
76 -43
76 -43
76 -43
76 -43
76 -43
76 -43
76 -43
76 -43
76 -43
76 -43
76 -43
76 -43
76 -43
76 -43
76 -43
76 -43
76 -43
76 -43
76 -43
76 -43
76 -43
76 -43
76 -43
76 -43
76 -43
76 -43
76 -43
76 -43
76 -43
76 -43
76 -43
76 -43
67 -39
67 -39
67 -39
67 -39
67 -39
67 -39
67 -39
67 -39
67 -39
67 -39
67 -39
67 -39
67 -39
67 -39
67 -39
67 -39
67 -39
67 -39
67 -39
67 -39
67 -39
67 -39
67 -39
67 -39
67 -39
67 -39
67 -39
67 -39
67 -39
67 -39
67 -39
67 -39
67 -39
67 -39
67 -39
67 -39
67 -39
67 -39
67 -39
67 -39
67 -39
67 -39
67 -39
67 -39
63 -42
75 -50
54 -41
54 -41
54 -41
54 -41
54 -41
54 -41
54 -41
54 -41
54 -41
54 -41
54 -41
54 -41
54 -41
54 -41
54 -41
54 -41
54 -41
54 -41
54 -41
54 -41
54 -41
54 -41
54 -41
54 -41
54 -41
54 -41
54 -41
54 -41
54 -41
54 -41
54 -41
54 -41
58 -57
58 -57
58 -57
58 -57
58 -57
58 -57
58 -57
58 -57
58 -57
58 -57
58 -57
58 -57
58 -57
58 -57
58 -57
58 -57
58 -57
58 -57
58 -57
58 -57
58 -57
58 -57
58 -57
52 -59
52 -59
52 -59
52 -59
52 -59
52 -59
52 -59
52 -59
52 -59
52 -59
52 -59
52 -59
52 -59
52 -59
52 -59
52 -59
52 -59
52 -59
52 -59
52 -59
52 -59
52 -59
52 -59
52 -59
52 -59
52 -59
52 -59
52 -59
52 -59
52 -59
52 -59
52 -59
52 -59
52 -59
52 -59
52 -59
52 -59
52 -59
52 -59
52 -59
52 -59
52 -59
52 -59
52 -59
53 -53
53 -53
53 -53
53 -53
53 -53
53 -53
53 -53
53 -53
53 -53
53 -53
53 -53
53 -53
53 -53
53 -53
53 -53
53 -53
53 -53
53 -53
53 -53
53 -53
53 -53
53 -53
53 -53
44 -56
44 -56
44 -56
44 -56
44 -56
44 -56
44 -56
44 -56
44 -56
44 -56
44 -56
44 -56
44 -56
44 -56
44 -56
44 -56
44 -56
44 -56
44 -56
44 -56
44 -56
44 -56
44 -56
44 -56
44 -56
44 -56
44 -56
44 -56
44 -56
44 -56
44 -56
44 -56
44 -56
42 -47
42 -47
42 -47
42 -47
42 -47
42 -47
42 -47
42 -47
42 -47
42 -47
42 -47
42 -47
42 -47
42 -47
42 -47
42 -47
42 -47
42 -47
42 -47
42 -47
42 -47
42 -47
42 -47
42 -47
42 -47
42 -47
42 -47
42 -47
42 -47
42 -47
42 -47
42 -47
42 -47
42 -47
42 -47
42 -47
42 -47
42 -47
42 -47
42 -47
42 -47
42 -47
42 -47
42 -47
42 -47
42 -47
42 -47
42 -47
34 -48
34 -48
32 -49
32 -49
32 -49
32 -49
32 -49
32 -49
32 -49
32 -49
32 -49
32 -49
32 -49
32 -49
32 -49
32 -49
32 -49
42 -58
42 -58
42 -58
42 -58
42 -58
42 -58
42 -58
42 -58
42 -58
42 -58
42 -58
42 -58
42 -58
42 -58
42 -58
42 -58
42 -58
42 -58
42 -58
42 -58
42 -58
42 -58
42 -58
42 -58
42 -58
42 -58
42 -58
42 -58
42 -58
42 -58
42 -58
42 -58
42 -58
42 -58
42 -58
35 -51
35 -51
35 -51
35 -51
35 -51
35 -51
35 -51
35 -51
35 -51
35 -51
35 -51
35 -51
35 -51
35 -51
35 -51
35 -51
35 -51
35 -51
35 -51
35 -51
35 -51
35 -51
35 -51
35 -51
35 -51
35 -51
35 -51
35 -51
35 -51
35 -51
32 -52
32 -52
32 -52
32 -52
32 -52
32 -52
32 -52
32 -52
32 -52
32 -52
32 -52
32 -52
32 -52
32 -52
32 -52
32 -52
32 -52
32 -52
32 -52
32 -52
32 -52
32 -52
32 -52
32 -52
32 -52
32 -52
32 -52
32 -52
32 -52
32 -52
32 -52
32 -52
32 -52
32 -52
32 -52
32 -52
32 -52
32 -52
32 -52
29 -55
29 -55
29 -55
29 -55
29 -55
29 -55
29 -55
29 -55
29 -55
29 -55
29 -55
29 -55
29 -55
29 -55
29 -55
29 -55
29 -55
29 -55
29 -55
29 -55
29 -55
29 -55
29 -55
29 -55
29 -55
29 -55
29 -55
29 -55
29 -55
29 -55
28 -57
28 -57
28 -57
28 -57
28 -57
28 -57
28 -57
28 -57
28 -57
28 -57
28 -57
28 -57
28 -57
28 -57
28 -57
28 -57
28 -57
18 -61
18 -61
18 -61
18 -61
18 -61
18 -61
18 -61
18 -61
18 -61
18 -61
18 -61
18 -61
18 -61
18 -61
18 -61
18 -61
19 -53
19 -53
19 -53
19 -53
19 -53
19 -53
19 -53
19 -53
19 -53
19 -53
19 -53
19 -53
19 -53
19 -53
19 -53
19 -53
19 -53
19 -53
19 -53
19 -53
19 -53
19 -53
19 -53
19 -53
19 -53
19 -53
19 -53
19 -53
16 -46
16 -46
16 -46
16 -46
16 -46
16 -46
16 -46
16 -46
16 -46
16 -46
16 -46
16 -46
16 -46
16 -46
16 -46
16 -46
16 -46
16 -46
16 -46
16 -46
16 -46
16 -46
16 -46
16 -46
16 -46
16 -46
16 -46
16 -46
16 -46
16 -46
16 -46
16 -46
12 -58
12 -58
12 -58
12 -58
12 -58
12 -58
12 -58
12 -58
12 -58
12 -58
12 -58
18 -59
18 -59
18 -59
18 -59
18 -59
18 -59
18 -59
18 -59
18 -59
18 -59
18 -59
18 -59
18 -59
18 -59
18 -59
18 -59
14 -57
14 -57
14 -57
14 -57
14 -57
14 -57
14 -57
14 -57
14 -57
14 -57
14 -57
14 -57
14 -57
14 -57
14 -57
16 -56
16 -56
16 -56
16 -56
16 -56
16 -56
16 -56
16 -56
16 -56
16 -56
16 -56
16 -56
16 -56
16 -56
16 -56
16 -56
16 -56
16 -56
16 -56
16 -56
16 -56
16 -56
16 -56
16 -56
16 -56
16 -56
16 -56
16 -56
16 -56
16 -56
16 -56
16 -56
16 -56
16 -56
16 -56
16 -56
16 -56
16 -56
16 -56
16 -56
16 -56
16 -56
16 -56
16 -56
16 -56
16 -56
16 -56
16 -56
16 -56
16 -56
16 -56
16 -56
16 -56
16 -56
16 -56
16 -56
16 -56
16 -56
16 -56
16 -56
16 -56
16 -56
16 -56
16 -56
16 -56
16 -56
7 -51
7 -51
5 -43
5 -43
5 -43
5 -43
5 -43
5 -43
5 -43
5 -43
5 -43
5 -43
5 -43
5 -43
5 -43
5 -43
5 -43
5 -43
5 -43
5 -43
5 -43
5 -43
5 -43
5 -43
5 -43
2 -43
2 -43
2 -43
2 -43
2 -43
2 -43
2 -43
2 -43
2 -43
2 -43
2 -43
2 -43
2 -43
1 -40
1 -40
1 -40
1 -40
1 -40
1 -40
1 -40
1 -40
1 -40
1 -40
1 -40
1 -40
1 -40
1 -40
1 -40
1 -40
1 -40
1 -40
1 -40
1 -40
1 -40
1 -40
1 -40
1 -40
1 -40
1 -40
1 -40
1 -40
1 -40
1 -40
1 -40
1 -40
0 -35
0 -35
0 -35
0 -35
0 -35
0 -35
0 -35
0 -35
0 -35
0 -35
0 -35
0 -35
0 -35
0 -35
-2 -28
-2 -28
-2 -28
-2 -28
-2 -28
-2 -28
-2 -28
-2 -28
-2 -28
-2 -28
-2 -28
-2 -28
-2 -28
-2 -28
-2 -28
-2 -28
-2 -28
-2 -28
-2 -28
-2 -28
-2 -28
-2 -28
2 -28
2 -28
2 -28
2 -28
2 -28
2 -28
2 -28
2 -28
2 -28
2 -28
2 -28
2 -28
-1 -22
1 -25
1 -25
1 -25
1 -25
1 -25
1 -25
1 -25
1 -25
1 -25
1 -25
1 -25
1 -25
1 -25
1 -25
1 -25
1 -25
1 -25
1 -25
1 -25
1 -25
1 -25
1 -25
1 -25
1 -25
0 -19
0 -19
0 -19
1 -15
1 -15
1 -15
1 -15
1 -15
1 -15
1 -15
1 -15
1 -15
1 -15
1 -15
1 -15
1 -15
1 -15
1 -15
1 -15
1 -15
1 -15
1 -15
1 -15
1 -15
1 -15
1 -15
1 -15
1 -15
1 -15
1 -15
0 -10
0 -10
0 -10
0 -10
0 -10
0 -10
0 -10
0 -10
0 -10
0 -10
0 -10
0 -10
0 -10
0 -10
0 -10
0 -10
0 -10
0 -10
0 -10
0 -10
0 -10
0 -10
0 -10
0 -10
0 -10
0 -10
0 -10
0 -10
0 -10
0 -10
1 -6
-1 -5
-1 -5
-1 -5
-1 -5
-1 -5
-1 -5
-1 -5
-1 -5
-1 -5
-1 -5
-1 -5
-1 -5
-1 -5
-1 -5
-1 -5
-1 -5
-1 -5
-1 -5
-1 -5
-1 -5
-1 -5
-1 -5
-1 -5
-1 -5
-1 -5
-1 -5
-1 -5
-1 -5
-1 -5
-1 -5
-1 -5
-1 -5
-1 -5
-1 -5
-1 -5
-1 -5
-1 -5
-1 -5
-1 -5
-1 -5
-1 -5
-1 -5
-1 -5
-1 -5
-1 -5
-1 -5
-1 -5
-1 -5
-1 -5
-1 -5
-1 -5
-1 -5
-1 -5
-1 -5
-1 -5
-1 -5
-1 -5
-1 -5
-1 -5
-1 -5
-1 -5
-1 -5
-1 -5
-1 -5
-1 -5
-1 -5
-1 -5
-1 -5
-1 -5
-1 -5
-1 -5
-1 -5
-1 -5
-1 -5
-1 -5
-1 -5
-1 -5
-1 -5
-1 -5
-1 -5
-1 -5
-1 -5
-1 -5
-1 -5
-1 -5
-1 -5
-1 -5
-1 -5
-1 -5
-1 -5
-1 -5
-1 -5
-1 -5
-1 -5
-1 -5
-1 -5
-1 -5
-1 -5
-1 -5
-1 -5
-1 -5
-1 -5
-1 -5
-1 -5
-1 -5
-1 -5
-1 -5
-1 -5
-1 -5
-1 -5
-1 -5
-1 -5
-1 -5
-1 -5
-1 -5
-1 -5
-1 -5
-1 -5
-1 -5
-1 -5
-1 -5
-1 -5
-1 -5
-1 -5
-1 -5
-1 -5
-1 -5
-1 -5
-1 -5
-1 -5
-1 -5
-1 -5
-1 -5
-1 -5
-1 -5
-1 -5
-1 -5
-1 -5
-1 -5
-1 -5
-1 -5
-1 -5
-1 -5
-1 -5
-1 -5
-1 -5
-1 -5
-1 -5
-1 -5
-1 -5
-1 -5
-1 -5
-1 -5
-1 -5
-1 -5
-1 -5
-1 -5
-1 -5
-1 -5
-1 -5
-1 -5
-1 -5
-1 -5
-1 -5
-1 -5
1 -1
1 -1
1 -1
1 -1
1 -1
1 -1
1 -1
1 -1
1 -1
1 -1
1 -1
1 -1
1 -1
1 -1
1 -1
1 -1
1 -1
1 -1
1 -1
1 -1
1 -1
1 -1
1 -1
1 -1
1 -1
1 -1
1 -1
1 -1
1 -1
1 -1
1 -1
1 -1
1 -1
1 -1
1 -1
1 -1
1 -1
1 -1
1 -1
1 -1
1 -1
1 -1
1 -1
1 -1
1 -1
1 -1
1 -1
1 -1
1 -1
1 -1
1 -1
1 -1
1 -1
1 -1
1 -1
1 -1
1 -1
1 -1
1 -1
1 -1
1 -1
1 -1
1 -1
1 -1
1 -1
1 -1
1 -1
1 -1
1 -1
1 -1
1 -1
1 -1
1 -1
1 -1
1 -1
1 -1
1 -1
1 -1
1 -1
1 -1
1 -1
1 -1
1 -1
1 -1
1 -1
1 -1
1 -1
1 -1
1 -1
1 -1
1 -1
1 -1
1 -1
1 -1
1 -1
1 -1
1 -1
1 -1
1 -1
1 -1
1 -1
1 -1
1 -1
1 -1
1 -1
1 -1
1 -1
1 -1
1 -1
1 -1
1 -1
1 -1
1 -1
1 -1
1 -1
1 -1
1 -1
1 -1
1 -1
1 -1
1 -1
1 -1
1 -1
1 -1
1 -1
1 -1
1 -1
1 -1
1 -1
1 -1
1 -1
1 -1
1 -1
1 -1
-2 1
-2 1
-2 1
-2 1
-2 1
-2 1
-2 1
-2 1
-2 1
-2 1
-2 1
-2 1
-2 1
-2 1
-2 1
-2 1
-2 1
-2 1
-2 1
-2 1
-2 1
-2 1
-2 1
-2 1
-2 1
-2 1
-2 1
-2 1
-2 1
-2 1
-2 1
-2 1
-2 1
-2 1
-2 1
-2 1
-2 1
-2 1
-2 1
-2 1
-2 1
-2 1
-2 1
-2 1
-2 1
-2 1
-2 1
-2 1
-2 1
-2 1
-2 1
-2 1
-2 1
-2 1
-2 1
-2 1
-2 1
-2 1
-2 1
-2 1
-2 1
-2 1
-2 1
-2 1
-2 1
-2 1
-2 1
-2 1
-2 1
-2 1
-2 1
-2 1
-2 1
-2 1
-2 1
-2 1
-2 1
-2 1
-2 1
-2 1
-2 1
-2 1
-2 1
-2 1
-2 1
-2 1
-2 1
-2 1
-2 1
-2 1
-2 1
-2 1
-2 1
-2 1
-2 1
-2 1
-2 1
-2 1
-2 1
-2 1
-2 1
-2 1
-2 1
-2 1
-2 1
-2 1
-2 1
-2 1
-2 1
-2 1
-2 1
-2 1
-2 1
-2 1
-2 1
-2 1
-2 1
-2 1
-2 1
-2 1
-2 1
-2 1
-2 1
-2 1
-2 1
-2 1
-2 1
-2 1
-2 1
-2 1
-2 1
-2 1
-2 1
-2 1
-2 1
-2 1
-2 1
-2 1
-2 1
-2 1
-2 1
-2 1
-2 1
-2 1
-2 1
-2 1
-2 1
-2 1
-2 1
-2 1
-2 1
-2 1
-2 1
-2 1
-2 1
-2 1
-2 1
-2 1
-2 1
-2 1
-2 1
-2 1
-2 1
-2 1
-2 1
-2 1
-2 1
-2 1
-2 1
-2 1
-2 1
-2 1
-2 1
-2 1
-2 1
-2 1
-2 1
-2 1
-2 1
-2 1
-2 1
-2 1
-2 1
-2 1
-2 1
-2 1
-2 1
-2 1
-2 1
-2 1
-2 1
-2 1
-2 1
-2 1
-2 1
-2 1
-2 1
-2 1
-2 1
-2 1
-2 1
-2 1
-2 1
-2 1
-2 1
-2 1
-2 1
-2 1
-2 1
-2 1
-2 1
-2 1
-2 1
-2 1
-2 1
-2 1
-2 1
-2 1
-2 1
-2 1
-2 1
-2 1
-2 1
-2 1
-2 1
-2 1
-2 1
-2 1
-2 1
-2 1
-2 1
-2 1
-2 1
-2 1
-2 1
-2 1
-2 1
-2 1
-2 1
-2 1
-2 1
-2 1
-2 1
-2 1
-2 1
-2 1
-2 1
-2 1
-2 1
-2 1
-2 1
-2 1
-2 1
-2 1
-2 1
-2 1
-2 1
-2 1
-2 1
-2 1
-2 1
-2 1
-2 1
-2 1
-2 1
-2 1
-2 1
-2 1
-2 1
-2 1
-2 1
-2 1
-2 1
-2 1
-2 1
-2 1
-2 1
-2 1
-2 1
-2 1
-2 1
-2 1
-2 1
-2 1
-2 1
-2 1
-2 1
-2 1
-2 1
-2 1
-2 1
-2 1
-2 1
-2 1
-2 1
-2 1
-2 1
-2 1
-2 1
-2 1
-2 1
-2 1
-2 1
-2 1
-2 1
-2 1
-2 1
-2 1
-2 1
-2 1
-2 1
-2 1
-2 1
-2 1
-2 1
-2 1
-2 1
-2 1
-2 1
-2 1
-2 1
-2 1
-2 1
-2 1
-2 1
-2 1
-2 1
-2 1
-2 1
-2 1
-2 1
-2 1
-2 1
-2 1
-2 1
-2 1
-2 1
-2 1
-2 1
-2 1
-2 1
-2 1
-2 1
-2 1
-2 1
-2 1
-2 1
-2 1
-2 1
-2 1
-2 1
-2 1
-2 1
-2 1
-2 1
-2 1
-2 1
-2 1
-2 1
-2 1
-2 1
-2 1
-2 1
-2 1
-2 1
-2 1
-2 1
-2 1
-2 1
-2 1
-2 1
-2 1
-2 1
-2 1
-2 1
-2 1
-2 1
-2 1
-2 1
-2 1
-2 1
-2 1
-2 1
-2 1
-2 1
-2 1
-2 1
-2 1
-2 1
-2 1
-2 1
-2 1
-2 1
-2 1
-2 1
-2 1
-2 1
-2 1
-2 1
-2 1
-2 1
-2 1
-2 1
-2 1
-2 1
-2 1
-2 1
-2 1
-2 1
-2 1
-2 1
-2 1
-2 1
-2 1
-2 1
-2 1
-2 1
-2 1
-2 1
-2 1
-2 1
-2 1
-2 1
-2 1
-2 1
-2 1
-2 1
-2 1
-2 1
-2 1
-2 1
-2 1
-2 1
-2 1
-2 1
-2 1
-2 1
-2 1
-2 1
-2 1
-2 1
-2 1
-2 1
-2 1
-2 1
-2 1
-2 1
-2 1
-2 1
-2 1
-2 1
-2 1
-2 1
-2 1
-2 1
-2 1
-2 1
-2 1
-2 1
-2 1
-2 1
-2 1
-2 1
-2 1
-2 1
-2 1
-2 1
-2 1
-2 1
-2 1
-2 1
-2 1
-2 1
-2 1
-2 1
-2 1
-2 1
-2 1
-2 1
-2 1
-2 1
-2 1
-2 1
-2 1
-2 1
-2 1
-2 1
-2 1
-2 1
-2 1
-2 1
-2 1
-2 1
-2 1
-2 1
-2 1
-2 1
-2 1
-2 1
-2 1
-2 1
-2 1
-2 1
-2 1
-2 1
-2 1
-2 1
-2 1
-2 1
-2 1
-2 1
-2 1
-2 1
-2 1
-2 1
-2 1
-2 1
-2 1
-2 1
-2 1
-2 1
-2 1
-2 1
-2 1
-2 1
-2 1
-2 1
-2 1
-2 1
-2 1
-2 1
-2 1
-2 1
-2 1
-2 1
-2 1
-2 1
-2 1
-2 1
-2 1
-2 1
-2 1
-2 1
-2 1
-2 1
-2 1
-2 1
-2 1
-2 1
-2 1
-2 1
-2 1
-2 1
-2 1
-2 1
-2 1
-2 1
-2 1
-2 1
-2 1
-2 1
-2 1
-2 1
-2 1
-2 1
-2 1
-2 1
-2 1
-2 1
-2 1
-2 1
-2 1
-2 1
-2 1
-2 1
-2 1
-2 1
-2 1
-2 1
-2 1
-2 1
-2 1
-2 1
-2 1
-2 1
-2 1
-2 1
-2 1
-2 1
-2 1
-2 1
-2 1
-2 1
-2 1
-2 1
-2 1
-2 1
-2 1
-2 1
-2 1
-2 1
-2 1
-2 1
-2 1
-2 1
-2 1
-2 1
-2 1
-2 1
-2 1
-2 1
-2 1
-2 1
-2 1
-2 1
-2 1
-2 1
-2 1
-2 1
-2 1
-2 1
-2 1
-2 1
-2 1
-2 1
-2 1
-2 1
-2 1
-2 1
-2 1
-2 1
-2 1
-2 1
-2 1
-2 1
-2 1
-2 1
-2 1
-2 1
-2 1
-2 1
-2 1
-2 1
-2 1
-2 1
-2 1
-2 1
-2 1
-2 1
-2 1
-2 1
-2 1
-2 1
-2 1
-2 1
-2 1
-2 1
-2 1
-2 1
-2 1
-2 1
-2 1
-2 1
-2 1
-2 1
-2 1
-2 1
-2 1
-2 1
-2 1
-2 1
-2 1
-2 1
-2 1
-2 1
-2 1
-2 1
-2 1
-2 1
-2 1
-2 1
-2 1
-2 1
-2 1
-2 1
-2 1
-2 1
-2 1
-2 1
-2 1
-2 1
-2 1
-2 1
-2 1
-2 1
-2 1
-2 1
-2 1
-2 1
-2 1
-2 1
-2 1
-2 1
-2 1
-2 1
-2 1
-2 1
-2 1
-2 1
-2 1
-2 1
-2 1
-2 1
-2 1
-2 1
-2 1
-2 1
-2 1
-2 1
-2 1
-2 1
-2 1
-2 1
-2 1
-2 1
-2 1
-2 1
-2 1
-2 1
-2 1
-2 1
-2 1
-2 1
-2 1
-2 1
-2 1
-2 1
-2 1
-2 1
-2 1
-2 1
-2 1
-2 1
-2 1
-2 1
-2 1
-2 1
-2 1
-2 1
-2 1
-2 1
-2 1
-2 1
-2 1
-2 1
-2 1
-2 1
-2 1
-2 1
-2 1
-2 1
-2 1
-2 1
-2 1
-2 1
-2 1
-2 1
-2 1
-2 1
-2 1
-2 1
-2 1
-2 1
-2 1
-2 1
-2 1
-2 1
-2 1
-2 1
-2 1
-2 1
-2 1
-2 1
-2 1
-2 1
-2 1
-2 1
-2 1
-2 1
-2 1
-2 1
-2 1
-2 1
-2 1
-2 1
-2 1
-2 1
-2 1
-2 1
-2 1
-2 1
-2 1
-2 1
-2 1
-2 1
-2 1
-2 1
-2 1
-2 1
-2 1
-2 1
-2 1
-2 1
-2 1
-2 1
-2 1
-2 1
-2 1
-2 1
-2 1
-2 1
-2 1
-2 1
-2 1
-2 1
-2 1
-2 1
-2 1
-2 1
-2 1
-2 1
-2 1
-2 1
-2 1
-2 1
-2 1
-2 1
-2 1
-2 1
-2 1
-2 1
-2 1
-2 1
-2 1
-2 1
-2 1
-2 1
-2 1
-2 1
-2 1
-2 1
-2 1
-2 1
-2 1
-2 1
-2 1
-2 1
-2 1
-2 1
-2 1
-2 1
-2 1
-2 1
-2 1
-2 1
-2 1
-2 1
-2 1
-2 1
-2 1
-2 1
-2 1
-2 1
-2 1
-2 1
-2 1
-2 1
-2 1
-2 1
-2 1
-2 1
-2 1
-2 1
-2 1
-2 1
-2 1
-2 1
-2 1
-2 1
-2 1
-2 1
-2 1
-2 1
-2 1
-2 1
-2 1
-2 1
-2 1
-2 1
-2 1
-2 1
-2 1
-2 1
-2 1
-2 1
-2 1
-2 1
-2 1
-2 1
-2 1
-2 1
-2 1
-2 1
-2 1
-2 1
-2 1
-2 1
-2 1
-2 1
-2 1
-2 1
-2 1
-2 1
-2 1
-2 1
-2 1
-2 1
-2 1
-2 1
-2 1
-2 1
-2 1
-2 1
-2 1
-2 1
-2 1
-2 1
-2 1
-2 1
-2 1
-2 1
-2 1
-2 1
-2 1
-2 1
-2 1
-2 1
-2 1
-2 1
-2 1
-2 1
-2 1
-2 1
-2 1
-2 1
-2 1
-2 1
-2 1
-2 1
-2 1
-2 1
-2 1
-2 1
-2 1
-2 1
-2 1
-2 1
-2 1
-2 1
-2 1
-2 1
-2 1
-2 1
-2 1
-2 1
-2 1
-2 1
-2 1
-2 1
-2 1
-2 1
-2 1
-2 1
-2 1
-2 1
-2 1
-2 1
-2 1
-2 1
-2 1
-2 1
-2 1
-2 1
-2 1
-2 1
-2 1
