-1 -4
-1 -4
-1 -4
-1 -4
-9 -3
-9 -3
-9 -3
-9 -3
-9 -3
-9 -3
-9 -3
-9 -3
-9 -3
-9 -3
-9 -3
-9 -3
-9 -3
-9 -3
-9 -3
-9 -3
-9 -3
-9 -3
-9 -3
-9 -3
-9 -3
-9 -3
-9 -3
-9 -3
-9 -3
-9 -3
-9 -3
-9 -3
-9 -3
-9 -3
-9 -3
-9 -3
-9 -3
-9 -3
-9 -3
-9 -3
-9 -3
-9 -3
-9 -3
-9 -3
-9 -3
-9 -3
-9 -3
-9 -3
-9 -3
-9 -3
-9 -3
-9 -3
-9 -3
-9 -3
-9 -3
-9 -3
-9 -3
-9 -3
-9 -3
-9 -3
-9 -3
-9 -3
-9 -3
-9 -3
-9 -3
-9 -3
-9 -3
-9 -3
-9 -3
-6 0
-2 1
-2 1
-2 1
-2 1
-2 1
-2 1
-2 1
-2 1
-2 1
-2 1
-2 1
-2 1
-2 1
-2 1
-2 1
-2 1
-2 1
-2 1
-2 1
-2 1
-2 1
-2 1
-2 1
-2 1
-2 1
-2 1
-2 1
-2 1
-2 1
-2 1
-2 1
-2 1
-2 1
-2 1
-2 1
-2 1
-2 1
-2 1
-2 1
-2 1
-2 1
-2 1
-3 4
-3 4
-3 4
-3 4
-3 4
-3 4
-3 4
-3 4
-3 4
-3 4
-3 4
-3 4
-3 4
-3 4
-3 4
-3 4
-3 4
-3 4
-3 4
-3 4
-3 4
-3 4
-3 4
-3 4
-3 4
-3 4
-3 4
-3 4
-3 4
-3 4
-3 4
-3 4
-3 4
-3 4
-3 4
-3 4
-3 4
-3 4
-3 4
2 8
2 8
2 8
2 8
2 8
2 8
2 8
2 8
2 8
2 8
2 8
2 8
2 8
2 8
2 8
2 8
2 8
2 8
2 8
2 8
2 8
2 8
2 8
2 8
2 8
2 8
2 8
2 8
2 8
2 8
2 8
2 8
2 8
2 8
2 8
2 8
2 8
2 8
2 8
2 8
2 8
2 8
2 8
2 8
7 10
7 10
7 10
7 10
7 10
7 10
7 10
7 10
7 10
7 10
7 10
7 10
7 10
7 10
7 10
7 10
7 10
7 10
7 10
7 10
7 10
7 10
7 10
7 10
5 13
5 13
5 13
5 13
5 13
5 13
5 13
5 13
5 13
5 13
5 13
5 13
5 13
5 13
5 13
5 13
5 13
5 13
5 13
5 13
5 13
5 13
5 13
5 14
5 14
5 14
5 14
5 14
5 14
5 14
5 14
5 14
5 14
5 14
5 14
5 14
5 14
5 14
5 14
5 14
5 14
5 14
5 14
5 14
5 14
5 14
5 14
5 14
5 14
5 14
5 14
5 14
5 14
5 14
5 14
5 14
5 14
5 14
5 14
5 14
5 14
5 14
3 13
3 13
3 13
3 13
3 13
3 13
3 13
3 13
3 13
3 13
3 13
3 13
3 13
3 13
3 13
3 13
3 13
3 13
3 13
3 13
3 13
3 13
3 13
3 13
3 13
3 13
3 13
3 13
3 13
3 13
3 13
3 13
3 13
3 13
3 13
3 13
3 24
3 24
3 24
3 24
3 24
3 24
3 24
3 24
3 24
3 24
3 24
3 24
3 24
3 24
3 24
3 24
3 24
3 24
3 24
7 30
7 30
7 30
7 30
7 30
7 30
7 30
7 30
7 30
7 30
7 30
7 30
7 30
7 30
7 30
7 30
7 30
7 30
7 30
10 24
10 24
10 24
10 24
10 24
10 24
10 24
10 24
10 24
10 24
10 24
10 24
10 24
10 24
10 24
10 24
10 24
9 20
9 20
9 20
9 20
9 20
9 20
9 20
9 20
9 20
9 20
9 20
9 20
9 20
9 20
9 20
9 20
9 20
9 20
9 20
9 20
9 20
9 20
9 20
9 20
9 20
9 20
9 20
9 20
9 20
9 20
9 20
9 20
9 20
9 20
9 20
9 20
9 20
9 20
9 20
9 20
9 20
9 20
9 20
9 20
9 20
9 20
9 20
9 20
9 20
9 20
9 20
9 20
9 20
9 20
9 20
9 20
9 20
9 20
9 20
9 20
9 20
9 20
9 20
9 20
9 22
9 22
9 22
9 22
9 22
9 22
9 22
9 22
9 22
9 22
9 22
9 22
9 22
9 22
9 22
9 22
9 22
9 22
9 22
9 22
9 22
9 22
9 22
9 22
9 22
9 22
9 22
9 22
9 22
9 22
9 22
9 22
9 22
9 22
9 22
9 22
9 22
9 22
9 22
9 22
9 22
9 22
9 22
9 22
9 22
9 22
8 26
8 26
8 26
8 26
8 26
8 26
8 26
8 26
8 26
8 26
8 26
8 26
8 26
8 26
8 26
8 26
8 26
8 26
8 26
10 27
10 27
10 27
10 27
10 27
10 27
10 27
10 27
10 27
10 27
10 27
10 27
10 27
10 27
10 27
10 27
10 27
10 16
10 16
10 16
10 16
10 16
10 16
10 16
10 16
10 16
10 16
10 16
10 16
10 16
10 16
10 16
10 16
10 16
10 16
10 16
10 16
10 16
10 16
10 16
10 16
10 16
10 16
10 16
10 16
10 16
10 16
10 16
10 16
10 16
10 16
10 16
10 16
10 16
10 16
10 16
10 16
10 16
10 16
10 16
10 16
10 16
10 16
10 16
10 16
10 16
10 16
10 16
10 16
10 16
10 16
10 16
10 16
10 16
10 16
10 16
10 16
10 16
10 16
10 16
10 16
10 16
10 16
10 16
18 29
18 29
18 29
18 29
18 29
18 29
18 29
18 29
18 29
18 29
18 29
18 29
18 29
18 29
18 29
18 29
18 29
18 29
18 29
18 29
18 29
18 29
18 29
18 29
18 29
18 29
18 29
18 29
18 29
18 29
18 29
18 29
18 29
18 29
18 29
18 29
18 29
18 29
18 29
18 29
18 29
18 29
18 29
18 29
18 29
18 29
18 29
18 29
19 31
19 31
19 31
19 31
19 31
19 31
19 31
19 31
19 31
19 31
19 31
19 31
19 31
19 31
19 31
19 31
19 31
19 31
19 31
19 31
19 31
19 31
19 31
21 33
21 33
21 33
21 33
21 33
21 33
21 33
21 33
21 33
21 33
21 33
21 33
21 33
21 33
21 33
21 33
21 33
21 33
21 33
21 33
21 33
21 33
21 33
21 33
21 33
21 33
21 33
27 27
27 27
27 27
27 27
27 27
27 27
27 27
27 27
27 27
27 27
27 27
27 27
27 27
27 27
27 27
27 27
27 27
27 27
27 27
27 27
27 27
27 27
27 27
27 27
27 27
27 27
27 27
27 27
27 27
27 27
27 27
27 27
27 27
27 27
27 27
27 27
27 27
27 27
27 27
27 27
27 27
27 27
27 27
27 27
27 27
27 27
27 27
27 27
25 24
25 24
25 24
25 24
25 24
25 24
25 24
25 24
25 24
25 24
25 24
25 24
25 24
25 24
25 24
25 24
25 24
25 24
25 24
25 24
25 24
25 24
25 24
25 24
25 24
25 24
25 24
25 24
25 24
25 24
25 24
25 24
25 24
25 24
25 24
25 24
25 24
25 24
25 24
25 24
25 24
25 24
25 24
25 24
25 24
25 24
25 24
26 32
26 32
26 32
26 32
26 32
26 32
26 32
26 32
26 32
26 32
26 32
26 32
26 32
26 32
26 32
26 32
26 32
26 32
26 32
26 32
26 32
26 32
26 32
26 32
26 32
26 32
26 32
26 32
26 32
26 32
26 32
26 32
26 32
26 32
26 32
26 32
26 32
26 32
26 32
26 32
26 32
26 32
26 32
30 26
30 26
30 26
30 26
30 26
30 26
30 26
30 26
30 26
30 26
30 26
30 26
30 26
30 26
30 26
30 26
30 26
30 26
30 26
30 26
30 26
30 26
30 26
30 26
39 32
39 32
39 32
39 32
39 32
39 32
39 32
39 32
39 32
39 32
39 32
39 32
39 32
39 32
39 32
39 32
39 32
39 32
39 32
39 32
39 32
39 32
39 32
39 32
39 32
39 32
39 32
39 32
39 32
39 32
39 32
39 32
39 32
39 32
39 32
39 32
39 32
39 32
39 32
39 32
39 32
39 32
39 32
39 32
39 32
39 32
39 32
39 32
39 32
39 32
43 29
43 29
43 29
43 29
43 29
43 29
43 29
43 29
43 29
43 29
43 29
43 29
43 29
43 29
43 29
43 29
43 29
43 29
43 29
43 29
43 29
43 29
43 29
43 29
43 29
43 29
43 29
43 29
43 29
43 29
43 29
43 29
43 29
43 29
43 29
43 29
43 29
43 29
43 29
43 29
43 29
43 29
43 29
43 29
43 29
43 29
43 29
43 29
43 29
43 29
43 29
45 30
45 30
45 30
45 30
45 30
45 30
45 30
45 30
45 30
45 30
45 30
45 30
45 30
45 30
45 30
45 30
45 30
45 30
45 30
45 30
45 30
45 30
45 30
45 30
45 30
45 30
45 30
45 30
45 30
45 30
45 30
45 30
45 30
45 30
45 30
45 30
45 30
45 30
45 30
45 30
45 30
45 30
45 30
45 30
45 30
45 30
47 31
47 31
47 31
47 31
47 31
47 31
47 31
47 31
47 31
47 31
47 31
47 31
47 31
47 31
47 31
47 31
47 31
47 31
47 31
47 31
47 31
47 31
47 31
47 31
47 31
47 31
47 31
47 31
47 31
47 31
47 31
47 31
47 31
47 31
47 31
47 31
47 31
47 31
47 31
47 31
47 31
47 31
47 31
47 31
47 31
47 31
47 31
47 31
47 31
47 31
54 27
54 27
54 27
54 27
54 27
54 27
54 27
54 27
54 27
54 27
54 27
54 27
54 27
54 27
54 27
54 27
54 27
54 27
54 27
54 27
54 27
54 27
54 27
54 27
54 27
54 27
54 27
54 27
54 27
54 27
54 27
54 27
54 27
54 27
54 27
54 27
54 27
54 27
54 27
54 27
54 27
54 27
54 27
55 24
55 24
55 24
55 24
55 24
55 24
55 24
55 24
55 24
55 24
55 24
55 24
55 24
55 24
55 24
55 24
55 24
55 24
65 22
65 22
65 22
65 22
65 22
65 22
65 22
65 22
65 22
65 22
65 22
65 22
65 22
65 22
65 22
65 22
65 22
65 22
65 22
65 22
65 22
65 22
65 22
65 22
65 22
65 22
65 22
65 22
65 22
65 22
65 22
65 22
65 22
65 22
65 22
65 22
65 22
65 22
65 22
65 22
65 22
65 22
65 22
65 22
65 22
65 22
65 22
65 22
65 22
65 22
65 22
65 22
65 22
65 22
65 22
65 22
65 22
65 22
65 22
65 22
65 22
65 22
65 22
65 22
65 22
77 19
79 16
79 16
79 16
79 16
79 16
79 16
79 16
79 16
79 16
79 16
79 16
79 16
79 16
79 16
79 16
79 16
79 16
79 16
79 16
79 16
79 16
79 16
79 16
79 16
79 16
79 16
79 16
79 16
79 16
79 16
79 16
79 16
79 16
79 16
79 16
81 14
81 14
81 14
81 14
81 14
81 14
81 14
81 14
81 14
81 14
81 14
81 14
81 14
81 14
81 14
81 14
81 14
81 14
81 14
81 14
81 14
81 14
81 14
83 9
83 9
83 9
83 9
83 9
83 9
83 9
83 9
83 9
83 9
83 9
83 9
83 9
83 9
83 9
83 9
83 9
83 9
83 9
83 9
83 9
83 9
83 9
83 9
83 9
94 6
94 6
94 6
94 6
94 6
94 6
94 6
94 6
94 6
94 6
94 6
94 6
94 6
94 6
94 6
94 6
94 6
94 6
94 6
94 6
94 6
94 6
94 6
94 6
94 6
94 6
94 6
94 6
94 6
94 6
94 6
94 6
94 6
94 6
94 6
94 6
94 6
94 6
94 6
94 6
94 6
94 6
94 6
94 6
94 6
94 6
94 6
94 6
94 6
94 6
94 6
94 6
94 6
94 6
94 6
94 6
94 6
94 6
94 6
94 6
94 6
94 6
94 6
94 6
87 9
102 4
102 4
102 4
102 4
102 4
102 4
102 4
102 4
102 4
102 4
102 4
102 4
102 4
102 4
102 4
102 4
102 4
102 4
102 4
102 4
102 -4
102 -4
102 -4
102 -4
102 -4
102 -4
102 -4
102 -4
102 -4
102 -4
102 -4
102 -4
102 -4
102 -4
102 -4
102 -4
102 -4
102 -4
102 -4
102 -4
102 -4
102 -4
102 -4
102 -4
102 -4
102 -4
102 -4
102 -4
102 -4
102 -4
102 -4
102 -4
102 -4
102 -4
102 -4
102 -4
102 -4
102 -4
102 -4
102 -4
102 -4
102 -4
102 -4
102 -4
102 -4
102 -4
102 -4
102 -4
102 -4
102 -4
102 -4
102 -4
102 -4
102 -4
102 -4
102 -4
102 -4
102 -4
102 -4
102 -4
102 -4
102 -4
102 -4
102 -4
102 -4
102 -4
102 -4
102 -4
102 -4
102 -4
102 -4
102 -4
102 -4
102 -4
102 -4
98 5
111 2
111 2
111 2
111 2
111 2
111 2
111 2
111 2
111 2
111 2
111 2
111 2
111 2
111 2
111 2
111 2
111 2
111 2
111 2
111 2
111 2
111 2
111 2
111 2
111 2
111 2
111 2
111 2
111 2
111 2
111 2
111 2
111 2
111 2
111 2
111 2
111 2
111 2
111 2
111 2
111 2
111 2
111 2
111 2
111 2
111 2
111 2
111 2
111 2
109 -7
109 -7
109 -7
109 -7
109 -7
109 -7
109 -7
109 -7
109 -7
109 -7
109 -7
109 -7
109 -7
109 -7
109 -7
109 -7
109 -7
109 -7
109 -7
109 -7
109 -7
109 -7
109 -7
109 -7
109 -7
109 -7
109 -7
109 -7
109 -7
109 -7
109 -7
109 -7
109 -7
109 -7
109 -7
109 -7
109 -7
109 -7
109 -7
109 -7
109 -7
109 -7
109 -7
109 -7
109 -7
109 -7
109 -7
109 -7
109 -7
109 -7
109 -7
109 -7
113 -5
113 -5
113 -5
113 -5
113 -5
113 -5
113 -5
113 -5
113 -5
113 -5
113 -5
113 -5
113 -5
113 -5
113 -5
113 -5
113 -5
113 -5
113 -5
113 -5
113 -5
113 -5
113 -5
113 -5
113 -5
113 -5
113 -5
113 -5
113 -5
113 -5
113 -5
113 -5
113 -5
113 -5
113 -5
113 -5
113 -5
113 -5
113 -5
113 -5
113 -5
113 -5
113 -5
113 -5
113 -5
113 -5
113 -5
113 -5
107 -6
107 -6
107 -6
107 -6
107 -6
107 -6
107 -6
107 -6
107 -6
107 -6
107 -6
107 -6
107 -6
107 -6
107 -6
107 -6
107 -6
107 -6
107 -6
107 -6
107 -6
107 -6
107 -6
110 -9
110 -9
110 -9
110 -9
110 -9
110 -9
110 -9
110 -9
110 -9
110 -9
110 -9
110 -9
110 -9
110 -9
110 -9
110 -9
110 -9
110 -9
110 -9
110 -9
110 -9
110 -9
110 -9
110 -9
110 -9
110 -9
110 -9
110 -9
110 -9
110 -9
110 -9
110 -9
110 -9
110 -9
110 -9
110 -9
110 -9
110 -9
110 -9
97 -2
97 -2
97 -2
97 -2
97 -2
97 -2
97 -2
97 -2
97 -2
97 -2
97 -2
97 -2
97 -2
97 -2
97 -2
97 -2
97 -2
97 -2
97 -2
97 -2
97 -2
97 -2
97 -2
97 -2
97 -2
97 -2
97 -2
97 -2
97 -2
97 -2
97 -2
97 -2
97 -2
97 -2
97 -2
97 -2
97 -2
97 -2
97 -2
97 -2
97 -2
84 -9
84 -9
87 -8
87 -8
87 -8
87 -8
87 -8
87 -8
87 -8
87 -8
87 -8
87 -8
87 -8
87 -8
87 -8
87 -8
87 -8
87 -8
87 -8
87 -8
87 -8
87 -8
87 -8
87 -8
87 -8
87 -8
87 -8
87 -8
87 -8
87 -8
87 -8
87 -8
87 -8
87 -8
87 -8
87 -8
87 -8
87 -8
87 -8
87 -8
87 -8
87 -8
87 -8
87 -8
87 -8
87 -8
87 -8
87 -8
88 -9
88 -9
88 -9
88 -9
88 -9
88 -9
88 -9
88 -9
88 -9
88 -9
88 -9
88 -9
88 -9
88 -9
88 -9
88 -9
88 -9
88 -9
88 -9
88 -9
88 -9
88 -9
88 -9
88 -9
88 -9
88 -9
88 -9
88 -9
88 -9
88 -9
88 -9
88 -9
88 -9
88 -9
88 -9
88 -9
88 -9
88 -9
88 -9
88 -9
88 -9
88 -9
88 -9
88 -9
88 -9
88 -9
88 -9
88 -9
88 -9
88 -9
88 -9
88 -9
88 -9
88 -9
88 -9
88 -9
88 -9
88 -9
88 -9
88 -9
80 -10
80 -10
80 -10
80 -10
80 -10
80 -10
80 -10
80 -10
80 -10
80 -10
80 -10
80 -10
80 -10
80 -10
80 -10
80 -10
80 -10
80 -10
80 -10
80 -10
80 -10
80 -10
80 -10
80 -10
80 -10
80 -10
80 -10
80 -10
80 -10
80 -10
80 -10
80 -10
80 -10
80 -10
80 -10
80 -10
80 -10
80 -10
80 -10
80 -10
80 -10
80 -10
80 -10
80 -10
80 -10
80 -10
80 -10
80 -10
80 -10
80 -10
78 -12
78 -12
78 -12
78 -12
78 -12
78 -12
78 -12
78 -12
78 -12
78 -12
78 -12
78 -12
78 -12
78 -12
78 -12
78 -12
78 -12
78 -12
78 -12
78 -12
78 -12
78 -12
78 -12
78 -12
78 -12
78 -12
78 -12
78 -12
78 -12
78 -12
78 -12
78 -12
78 -12
78 -12
78 -12
78 -12
78 -12
78 -12
78 -12
78 -12
78 -12
78 -12
78 -12
78 -12
78 -12
78 -12
78 -12
78 -12
78 -12
78 -12
78 -12
78 -12
78 -12
78 -12
74 -13
74 -15
74 -15
74 -15
74 -15
74 -15
74 -15
74 -15
74 -15
74 -15
74 -15
74 -15
74 -15
74 -15
74 -15
74 -15
74 -15
74 -15
74 -15
74 -15
74 -15
74 -15
74 -15
74 -15
74 -15
74 -15
74 -15
74 -15
74 -15
74 -15
74 -15
74 -15
74 -15
74 -15
74 -15
74 -15
74 -15
74 -15
74 -15
74 -15
74 -15
74 -15
74 -15
74 -15
74 -15
74 -15
74 -15
74 -15
74 -15
74 -15
74 -15
70 -16
70 -16
70 -16
70 -16
70 -16
70 -16
70 -16
70 -16
70 -16
70 -16
70 -16
70 -16
70 -16
70 -16
70 -16
70 -16
70 -16
70 -16
70 -16
70 -16
70 -16
70 -16
72 -23
72 -23
72 -23
72 -23
72 -23
72 -23
72 -23
72 -23
72 -23
72 -23
72 -23
72 -23
72 -23
72 -23
72 -23
72 -23
72 -23
72 -23
72 -23
66 -21
66 -21
66 -21
66 -21
66 -21
66 -21
66 -21
66 -21
66 -21
66 -21
66 -21
66 -21
66 -21
66 -21
66 -21
66 -21
66 -21
66 -21
66 -21
66 -21
66 -21
66 -21
66 -21
66 -21
66 -21
66 -21
66 -21
66 -21
66 -21
65 -20
65 -20
65 -20
65 -20
65 -20
65 -20
65 -20
65 -20
65 -20
65 -20
65 -20
65 -20
65 -20
65 -20
65 -20
65 -20
65 -20
65 -20
65 -20
65 -20
65 -20
65 -20
65 -20
65 -20
65 -20
65 -20
65 -20
65 -20
62 -25
60 -28
60 -28
60 -28
60 -28
60 -28
60 -28
60 -28
60 -28
60 -28
60 -28
60 -28
60 -28
60 -28
60 -28
60 -28
60 -28
60 -28
60 -28
60 -28
60 -28
60 -28
60 -28
60 -28
60 -28
60 -28
61 -24
61 -24
61 -24
61 -24
61 -24
61 -24
61 -24
61 -24
61 -24
61 -24
61 -24
61 -24
61 -24
61 -24
61 -24
61 -24
61 -24
61 -24
55 -26
55 -26
55 -26
55 -26
55 -26
55 -26
55 -26
55 -26
55 -26
55 -26
55 -26
55 -26
55 -26
55 -26
55 -26
55 -26
55 -26
55 -26
55 -26
55 -26
55 -26
55 -26
55 -26
55 -26
55 -26
55 -26
55 -26
55 -26
55 -26
55 -26
55 -26
55 -26
55 -26
55 -26
60 -28
60 -28
60 -28
60 -28
60 -28
60 -28
60 -28
60 -28
60 -28
60 -28
60 -28
60 -28
60 -28
60 -28
60 -28
60 -28
60 -28
60 -28
60 -28
60 -28
60 -28
60 -28
60 -28
60 -28
60 -28
60 -28
60 -28
60 -28
60 -28
60 -28
60 -28
55 -30
60 -29
60 -29
60 -29
60 -29
60 -29
60 -29
60 -29
60 -29
60 -29
60 -29
60 -29
60 -29
60 -29
60 -29
60 -29
60 -29
60 -29
60 -29
60 -29
60 -29
60 -29
60 -29
60 -29
60 -29
60 -29
60 -29
60 -29
60 -29
60 -29
60 -29
60 -29
60 -29
60 -29
53 -40
53 -40
53 -40
53 -40
53 -40
53 -40
53 -40
53 -40
53 -40
53 -40
53 -40
53 -40
53 -40
53 -40
53 -40
53 -40
53 -40
56 -41
56 -41
56 -41
56 -41
56 -41
56 -41
56 -41
56 -41
56 -41
56 -41
56 -41
56 -41
56 -41
56 -41
56 -41
56 -41
56 -41
56 -41
56 -41
56 -41
56 -41
56 -41
56 -41
56 -41
56 -41
56 -41
56 -41
56 -41
56 -41
56 -41
56 -41
56 -41
56 -41
56 -41
56 -41
56 -41
51 -48
51 -48
51 -48
51 -48
51 -48
51 -48
51 -48
51 -48
51 -48
51 -48
51 -48
51 -48
51 -48
51 -48
51 -48
51 -48
51 -48
51 -48
45 -53
45 -53
45 -53
45 -53
45 -53
45 -53
45 -53
45 -53
45 -53
45 -53
45 -53
45 -53
45 -53
45 -53
45 -53
45 -53
45 -53
45 -53
45 -53
45 -53
45 -53
45 -53
45 -53
45 -53
45 -53
45 -53
45 -53
45 -53
45 -53
45 -53
45 -53
45 -53
45 -53
45 -53
45 -53
55 -69
55 -69
55 -69
55 -69
55 -69
55 -69
55 -69
55 -69
55 -69
55 -69
55 -69
55 -69
55 -69
55 -69
55 -69
55 -69
55 -69
55 -69
55 -69
55 -69
55 -69
55 -69
55 -69
55 -69
55 -69
55 -69
55 -69
55 -69
55 -69
55 -69
55 -69
35 -73
35 -73
35 -73
35 -73
35 -73
35 -73
35 -73
35 -73
35 -73
35 -73
35 -73
35 -73
35 -73
35 -73
35 -73
35 -73
35 -73
36 -78
36 -78
36 -78
36 -78
36 -78
36 -78
36 -78
36 -78
36 -78
36 -78
36 -78
36 -78
36 -78
36 -78
36 -78
36 -78
36 -78
36 -78
36 -78
36 -78
36 -78
36 -78
36 -78
36 -78
36 -78
36 -78
36 -78
36 -78
36 -78
36 -78
36 -78
36 -78
36 -78
42 -79
42 -79
42 -79
42 -79
42 -79
42 -79
42 -79
42 -79
42 -79
42 -79
42 -79
42 -79
42 -79
42 -79
42 -79
42 -79
42 -79
42 -79
42 -79
42 -79
42 -79
42 -79
42 -79
42 -79
42 -79
42 -79
42 -79
42 -79
42 -79
42 -79
42 -79
42 -79
32 -82
32 -82
32 -82
32 -82
32 -82
32 -82
32 -82
32 -82
32 -82
32 -82
32 -82
32 -82
32 -82
32 -82
32 -82
32 -82
32 -82
32 -82
32 -82
32 -82
32 -82
32 -82
32 -82
32 -82
32 -82
32 -82
32 -82
32 -82
32 -82
32 -82
32 -82
32 -82
34 -87
28 -74
28 -74
28 -74
28 -74
28 -74
28 -74
28 -74
28 -74
28 -74
28 -74
28 -74
28 -74
28 -74
28 -74
28 -74
28 -74
28 -74
28 -74
28 -74
28 -74
28 -74
28 -74
28 -74
28 -74
28 -74
28 -74
28 -74
28 -74
28 -74
28 -74
28 -74
28 -74
28 -74
28 -74
28 -74
28 -74
28 -74
28 -74
28 -74
28 -74
28 -74
28 -74
28 -74
28 -74
28 -74
28 -74
28 -74
28 -74
20 -74
16 -65
16 -65
16 -65
16 -65
16 -65
16 -65
16 -65
16 -65
16 -65
16 -65
16 -65
16 -65
16 -65
16 -65
16 -65
16 -65
16 -65
16 -65
16 -65
16 -65
16 -65
16 -65
16 -65
16 -65
16 -65
16 -65
16 -65
16 -65
16 -65
16 -65
16 -65
16 -65
16 -65
16 -65
16 -65
9 -68
9 -68
9 -68
9 -68
9 -68
9 -68
9 -68
9 -68
9 -68
9 -68
9 -68
9 -68
9 -68
9 -68
9 -68
9 -68
6 -62
6 -62
6 -62
6 -62
6 -62
6 -62
6 -62
6 -62
6 -62
6 -62
6 -62
6 -62
6 -62
6 -62
6 -62
6 -62
6 -62
6 -62
6 -62
6 -62
6 -62
6 -62
6 -62
6 -62
6 -62
6 -62
6 -62
6 -62
6 -62
6 -62
6 -62
6 -62
6 -62
0 -52
0 -52
0 -52
0 -52
0 -52
0 -52
0 -52
0 -52
0 -52
0 -52
0 -52
0 -52
0 -52
0 -52
0 -52
0 -52
0 -52
0 -52
0 -52
0 -52
0 -52
0 -52
0 -52
0 -52
0 -52
0 -52
0 -52
0 -52
0 -52
0 -52
0 -52
0 -52
0 -52
0 -52
0 -52
0 -52
-1 -43
-1 -43
-1 -43
-1 -43
-1 -43
-1 -43
-1 -43
-1 -43
-1 -43
-1 -43
-1 -43
-1 -43
-1 -43
-1 -43
-1 -43
-1 -43
-1 -43
-1 -43
-1 -43
-1 -43
-1 -43
-1 -43
-1 -43
-1 -43
-1 -43
-1 -43
-1 -43
-1 -43
-1 -43
-1 -43
-1 -43
-1 -43
-1 -43
-1 -43
-8 -44
-8 -44
-8 -44
-8 -44
-8 -44
-8 -44
-8 -44
-8 -44
-8 -44
-8 -44
-8 -44
-8 -44
-8 -44
-8 -44
-8 -44
-8 -44
-8 -44
-8 -44
-8 -44
-8 -44
-8 -44
-8 -44
-8 -44
-8 -44
-8 -44
-8 -44
-8 -44
-8 -44
-8 -44
-8 -44
-8 -44
-8 -44
-8 -44
-8 -44
-8 -44
-8 -44
-8 -44
-8 -44
-8 -44
-8 -44
-8 -44
-8 -44
-8 -44
-8 -44
-8 -44
-8 -44
-8 -44
-8 -44
-8 -44
-6 -42
-11 -47
-11 -47
-11 -47
-11 -47
-11 -47
-11 -47
-11 -47
-11 -47
-11 -47
-11 -47
-11 -47
-11 -47
-11 -47
-11 -47
-11 -47
-11 -47
-11 -47
-11 -47
-11 -47
-11 -47
-11 -47
-11 -47
-11 -47
-11 -47
-11 -47
-11 -47
-11 -47
-11 -47
-11 -47
-11 -47
-11 -47
-11 -47
-11 -47
-11 -47
-11 -47
-11 -47
-11 -47
-11 -47
-11 -47
-11 -47
-11 -47
-11 -47
-11 -47
-11 -47
-11 -47
-11 -47
-11 -47
-11 -47
-12 -39
-23 -40
-23 -40
-23 -40
-23 -40
-23 -40
-23 -40
-23 -40
-23 -40
-23 -40
-23 -40
-23 -40
-23 -40
-23 -40
-23 -40
-23 -40
-23 -40
-23 -40
-23 -40
-23 -40
-23 -40
-23 -40
-23 -40
-23 -40
-23 -40
-23 -40
-23 -40
-23 -40
-23 -40
-23 -40
-23 -40
-23 -40
-23 -40
-23 -40
-23 -40
-23 -40
-23 -40
-23 -40
-23 -40
-23 -40
-10 -20
-10 -20
-10 -20
-10 -20
-10 -20
-10 -20
-10 -20
-10 -20
-10 -20
-10 -20
-10 -20
-10 -20
-10 -20
-10 -20
-10 -20
-10 -20
-10 -20
-10 -20
-15 -36
-15 -36
-15 -36
-15 -36
-15 -36
-15 -36
-15 -36
-15 -36
-15 -36
-15 -36
-15 -36
-15 -36
-15 -36
-15 -36
-15 -36
-15 -36
-15 -36
-15 -36
-15 -36
-15 -36
-15 -36
-15 -36
-15 -36
-15 -36
-15 -36
-15 -36
-15 -36
-15 -36
-15 -36
-15 -36
-15 -36
-15 -36
-15 -36
-15 -36
-15 -36
-15 -36
-15 -36
-26 -38
-26 -38
-26 -38
-26 -38
-26 -38
-26 -38
-26 -38
-26 -38
-26 -38
-26 -38
-26 -38
-26 -38
-26 -38
-26 -38
-26 -38
-26 -38
-26 -38
-26 -38
-26 -38
-26 -38
-26 -38
-26 -38
-26 -38
-26 -38
-26 -38
-26 -38
-26 -38
-26 -38
-26 -38
-26 -38
-26 -38
-26 -38
-26 -38
-26 -38
-26 -38
-26 -38
-24 -31
-32 -39
-32 -39
-32 -39
-32 -39
-32 -39
-32 -39
-32 -39
-32 -39
-32 -39
-32 -39
-32 -39
-32 -39
-32 -39
-32 -39
-32 -39
-25 -35
-25 -35
-25 -35
-25 -35
-25 -35
-25 -35
-25 -35
-25 -35
-25 -35
-25 -35
-25 -35
-25 -35
-25 -35
-25 -35
-25 -35
-25 -35
-25 -35
-25 -35
-25 -35
-25 -35
-25 -35
-25 -35
-25 -35
-25 -35
-25 -35
-25 -35
-25 -35
-25 -35
-25 -35
-25 -35
-25 -35
-25 -35
-25 -35
-25 -35
-25 -35
-25 -35
-25 -35
-25 -35
-25 -35
-25 -35
-25 -35
-25 -35
-25 -35
-25 -35
-25 -35
-25 -35
-25 -35
-25 -35
-25 -35
-29 -37
-29 -37
-29 -37
-29 -37
-29 -37
-29 -37
-29 -37
-29 -37
-29 -37
-29 -37
-29 -37
-29 -37
-29 -37
-29 -37
-29 -37
-29 -37
-32 -44
-32 -44
-32 -44
-32 -44
-32 -44
-32 -44
-32 -44
-32 -44
-32 -44
-32 -44
-32 -44
-32 -44
-32 -44
-32 -44
-32 -44
-32 -44
-32 -44
-44 -44
-44 -44
-44 -44
-44 -44
-44 -44
-44 -44
-44 -44
-44 -44
-44 -44
-44 -44
-44 -44
-44 -44
-44 -44
-44 -44
-44 -44
-44 -44
-44 -44
-44 -44
-44 -44
-44 -44
-44 -44
-44 -44
-44 -44
-44 -44
-44 -44
-44 -44
-44 -44
-44 -44
-44 -44
-44 -44
-44 -44
-44 -44
-44 -44
-44 -44
-44 -44
-50 -39
-68 -40
-68 -40
-68 -40
-68 -40
-68 -40
-68 -40
-68 -40
-68 -40
-68 -40
-68 -40
-68 -40
-68 -40
-68 -40
-68 -40
-68 -40
-68 -40
-68 -40
-68 -40
-68 -40
-68 -40
-68 -40
-68 -40
-68 -40
-68 -40
-68 -40
-68 -40
-68 -40
-68 -40
-68 -40
-68 -40
-68 -40
-68 -40
-64 -34
-64 -34
-64 -34
-64 -34
-64 -34
-64 -34
-64 -34
-64 -34
-64 -34
-64 -34
-64 -34
-64 -34
-64 -34
-64 -34
-64 -34
-64 -34
-64 -34
-64 -34
-64 -34
-64 -34
-64 -34
-64 -34
-64 -34
-64 -34
-64 -34
-64 -34
-64 -34
-64 -34
-64 -34
-64 -34
-64 -34
-64 -34
-64 -36
-64 -36
-64 -36
-64 -36
-64 -36
-64 -36
-64 -36
-64 -36
-64 -36
-64 -36
-64 -36
-64 -36
-64 -36
-64 -36
-64 -36
-64 -36
-65 -27
-65 -27
-65 -27
-65 -27
-65 -27
-65 -27
-65 -27
-65 -27
-65 -27
-65 -27
-65 -27
-65 -27
-65 -27
-65 -27
-65 -27
-65 -27
-65 -27
-65 -27
-65 -27
-65 -27
-65 -27
-65 -27
-65 -27
-65 -27
-65 -27
-65 -27
-65 -27
-65 -27
-65 -27
-65 -27
-65 -27
-65 -27
-65 -27
-63 -24
-63 -24
-63 -24
-63 -24
-63 -24
-63 -24
-63 -24
-63 -24
-63 -24
-63 -24
-63 -24
-63 -24
-63 -24
-63 -24
-63 -24
-63 -24
-63 -24
-63 -24
-63 -24
-63 -24
-63 -24
-63 -24
-63 -24
-63 -24
-63 -24
-63 -24
-63 -24
-63 -24
-63 -24
-63 -24
-63 -24
-63 -24
-63 -24
-63 -24
-63 -24
-63 -24
-63 -15
-63 -15
-63 -15
-63 -15
-63 -15
-63 -15
-63 -15
-63 -15
-63 -15
-63 -15
-63 -15
-63 -15
-63 -15
-63 -15
-63 -15
-63 -15
-63 -15
-63 -15
-63 -15
-61 -8
-61 -8
-61 -8
-61 -8
-61 -8
-61 -8
-61 -8
-61 -8
-61 -8
-61 -8
-61 -8
-61 -8
-61 -8
-61 -8
-61 -8
-61 -8
-61 -8
-61 -8
-61 -8
-61 -8
-61 -8
-61 -8
-61 -8
-61 -8
-61 -8
-61 -8
-61 -8
-61 -8
-61 -8
-61 -8
-61 -8
-61 -8
-61 -8
-61 -8
-61 -8
-61 -8
-64 -7
-64 -7
-64 -7
-64 -7
-64 -7
-64 -7
-64 -7
-64 -7
-64 -7
-64 -7
-64 -7
-64 -7
-64 -7
-64 -7
-64 -7
-64 -7
-64 -7
-72 -6
-72 -6
-72 -6
-72 -6
-72 -6
-72 -6
-72 -6
-72 -6
-72 -6
-72 -6
-72 -6
-72 -6
-72 -6
-72 -6
-72 -6
-72 -6
-72 -6
-72 -6
-72 -6
-72 -6
-72 -6
-72 -6
-72 -6
-72 -6
-72 -6
-72 -6
-72 -6
-72 -6
-72 -6
-72 -6
-72 -6
-72 -6
-72 -6
-72 -6
-72 -6
-72 -6
-72 -6
-72 -6
-71 -8
-71 -8
-71 -8
-71 -8
-71 -8
-71 -8
-71 -8
-71 -8
-71 -8
-71 -8
-71 -8
-71 -8
-71 -8
-71 -8
-71 -8
-71 -8
-71 -8
-75 -4
-75 -4
-75 -4
-75 -4
-75 -4
-75 -4
-75 -4
-75 -4
-75 -4
-75 -4
-75 -4
-75 -4
-75 -4
-75 -4
-75 -4
-75 -4
-80 -1
-80 -1
-80 -1
-80 -1
-80 -1
-80 -1
-80 -1
-80 -1
-80 -1
-80 -1
-80 -1
-80 -1
-80 -1
-80 -1
-80 -1
-80 -1
-80 -1
-80 -1
-84 -2
-84 -2
-84 -2
-84 -2
-84 -2
-84 -2
-84 -2
-84 -2
-84 -2
-84 -2
-84 -2
-84 -2
-84 -2
-84 -2
-84 -2
-84 -2
-84 -2
-84 -2
-84 -2
-84 -2
-84 -2
-84 -2
-84 -2
-84 -2
-84 -2
-84 -2
-84 -2
-84 -2
-84 -2
-84 -2
-84 -2
-84 -2
-84 -2
-84 -2
-84 -2
-84 -2
-84 -2
-84 -2
-84 -2
-84 -2
-84 -2
-84 -2
-84 -2
-84 -2
-84 -2
-84 -2
-84 -2
-84 -2
-84 -2
-84 -2
-84 -2
-84 -2
-84 -2
-84 -2
-84 -2
-84 -2
-84 -2
-84 -2
-84 -2
-84 -2
-84 -2
-84 -2
-84 -2
-84 -2
-84 -2
-84 -2
-93 4
-91 1
-91 1
-91 1
-91 1
-91 1
-91 1
-91 1
-91 1
-91 1
-91 1
-91 1
-91 1
-91 1
-91 1
-91 1
-91 1
-91 1
-91 1
-91 1
-91 1
-91 1
-91 1
-91 1
-91 1
-91 1
-91 1
-91 1
-91 1
-91 1
-91 1
-91 1
-91 1
-91 1
-96 11
-96 11
-96 11
-96 11
-96 11
-96 11
-96 11
-96 11
-96 11
-96 11
-97 13
-97 13
-97 13
-97 13
-97 13
-97 13
-97 13
-97 13
-97 13
-97 13
-97 13
-97 13
-97 13
-97 13
-97 13
-97 13
-97 13
-97 13
-97 13
-97 13
-97 13
-97 13
-97 13
-97 13
-97 13
-97 13
-97 13
-97 13
-97 13
-97 13
-97 13
-97 13
-97 13
-88 11
-88 11
-88 11
-88 11
-88 11
-88 11
-88 11
-88 11
-88 11
-88 11
-88 11
-88 11
-88 11
-88 11
-88 11
-88 11
-88 11
-88 11
-88 11
-88 11
-88 11
-88 11
-88 11
-88 11
-88 11
-88 11
-88 11
-88 11
-88 11
-88 11
-88 11
-88 11
-88 11
-88 11
-88 11
-88 11
-88 11
-88 11
-88 11
-88 11
-88 11
-88 11
-88 11
-88 11
-88 11
-88 11
-88 11
-88 11
-99 26
-99 26
-99 26
-99 26
-99 26
-99 26
-99 26
-99 26
-99 26
-99 26
-99 26
-99 26
-99 26
-99 26
-99 26
-99 26
-99 26
-99 26
-99 26
-99 26
-99 26
-99 26
-99 26
-99 26
-99 26
-99 26
-99 26
-99 26
-99 26
-99 26
-99 26
-99 26
-99 26
-99 26
-99 26
-99 26
-99 26
-99 26
-99 26
-99 26
-99 26
-99 26
-99 26
-99 26
-99 26
-99 26
-99 26
-99 26
-99 26
-108 12
-108 12
-108 12
-108 12
-108 12
-108 12
-108 12
-108 12
-108 12
-108 12
-108 12
-108 12
-109 18
-109 18
-109 18
-109 18
-109 18
-109 18
-109 18
-109 18
-109 18
-109 18
-109 18
-109 18
-109 18
-109 18
-109 18
-107 18
-107 18
-107 18
-107 18
-107 18
-107 18
-107 18
-107 18
-107 18
-107 18
-107 18
-107 18
-107 18
-107 18
-107 18
-107 18
-107 18
-102 26
-102 26
-102 26
-102 26
-102 26
-102 26
-102 26
-102 26
-102 26
-102 26
-102 26
-102 26
-102 26
-102 26
-102 26
-102 26
-102 26
-102 26
-102 26
-102 26
-102 26
-102 26
-102 26
-102 26
-102 26
-102 26
-102 26
-102 26
-102 26
-102 26
-102 26
-102 26
-102 26
-102 26
-102 26
-102 26
-102 26
-102 26
-102 26
-102 26
-102 26
-102 26
-102 26
-102 26
-102 26
-102 26
-108 28
-106 15
-106 15
-106 15
-106 15
-106 15
-106 15
-106 15
-106 15
-106 15
-106 15
-106 15
-106 15
-106 15
-106 15
-106 15
-106 15
-106 15
-106 15
-106 15
-106 15
-106 15
-106 15
-106 15
-106 15
-106 15
-106 15
-106 15
-106 15
-106 15
-105 32
-105 32
-105 32
-105 32
-105 32
-105 32
-105 32
-105 32
-105 32
-105 32
-105 32
-105 32
-105 32
-105 32
-105 32
-105 32
-106 26
-106 26
-106 26
-106 26
-106 26
-106 26
-106 26
-106 26
-106 26
-106 26
-106 26
-106 26
-106 26
-106 26
-106 26
-106 26
-106 26
-106 26
-106 26
-106 26
-106 26
-106 26
-106 26
-106 26
-106 26
-106 26
-106 26
-106 26
-106 26
-106 26
-106 26
-98 38
-98 38
-98 38
-98 38
-98 38
-98 38
-98 38
-98 38
-98 38
-98 38
-98 38
-98 38
-98 38
-98 38
-98 38
-98 38
-98 38
-100 25
-100 25
-100 25
-100 25
-100 25
-100 25
-100 25
-100 25
-100 25
-100 25
-100 25
-100 25
-100 25
-100 25
-100 25
-100 25
-100 25
-100 25
-100 25
-100 25
-100 25
-100 25
-100 25
-100 25
-100 25
-100 25
-100 25
-100 25
-100 25
-100 25
-100 25
-100 25
-100 25
-100 25
-100 25
-100 25
-99 35
-99 35
-99 35
-99 35
-99 35
-99 35
-99 35
-99 35
-99 35
-99 35
-99 35
-99 35
-99 35
-99 35
-99 35
-99 35
-99 35
-99 35
-99 35
-99 35
-99 35
-99 35
-99 35
-99 35
-99 35
-99 35
-99 35
-99 35
-99 35
-99 35
-99 35
-99 35
-99 35
-91 40
-91 40
-91 40
-91 40
-91 40
-91 40
-91 40
-91 40
-91 40
-91 40
-91 40
-91 40
-91 40
-91 40
-91 40
-91 40
-91 40
-91 40
-85 46
-85 46
-85 46
-85 46
-85 46
-85 46
-85 46
-85 46
-85 46
-85 46
-85 46
-85 46
-85 46
-85 46
-85 46
-85 46
-85 46
-85 46
-85 42
-85 42
-85 42
-85 42
-85 42
-85 42
-85 42
-85 42
-85 42
-85 42
-85 42
-85 42
-85 42
-85 42
-85 42
-85 42
-84 45
-84 45
-84 45
-84 45
-84 45
-84 45
-84 45
-84 45
-84 45
-84 45
-84 45
-84 45
-84 45
-84 45
-84 45
-84 45
-84 45
-84 45
-84 45
-84 45
-84 45
-84 45
-84 45
-84 45
-84 45
-84 45
-84 45
-84 45
-84 45
-84 45
-84 45
-84 45
-84 45
-84 45
-84 45
-84 45
-84 45
-84 45
-84 45
-84 45
-84 45
-84 45
-84 45
-84 45
-84 45
-84 45
-84 45
-84 45
-84 45
-84 45
-84 45
-84 45
-84 45
-91 47
-69 48
-69 48
-69 48
-69 48
-69 48
-69 48
-69 48
-69 48
-69 48
-69 48
-69 48
-69 48
-69 48
-69 48
-69 48
-69 46
-69 46
-69 46
-69 46
-69 46
-69 46
-69 46
-69 46
-69 46
-69 46
-69 46
-69 46
-69 46
-69 46
-67 44
-67 44
-67 44
-67 44
-67 44
-67 44
-67 44
-67 44
-67 44
-67 44
-67 44
-67 44
-67 44
-67 44
-67 44
-67 44
-67 44
-67 44
-67 44
-67 44
-67 44
-67 44
-67 44
-67 44
-67 44
-67 44
-67 44
-67 44
-67 44
-67 44
-67 44
-67 44
-61 48
-61 48
-61 48
-61 48
-61 48
-61 48
-61 48
-61 48
-61 48
-61 48
-61 48
-61 48
-61 48
-61 48
-61 48
-61 48
-61 48
-54 45
-54 45
-54 45
-54 45
-54 45
-54 45
-54 45
-54 45
-54 45
-54 45
-54 45
-54 45
-54 45
-54 45
-54 45
-54 45
-54 45
-54 45
-54 45
-54 45
-54 45
-54 45
-54 45
-54 45
-54 45
-54 45
-54 45
-54 45
-54 45
-54 45
-54 45
-54 45
-54 45
-54 45
-54 45
-43 51
-43 51
-43 51
-43 51
-43 51
-43 51
-43 51
-43 51
-43 51
-43 51
-43 51
-43 51
-43 51
-43 51
-43 51
-43 51
-43 51
-43 51
-43 51
-43 51
-43 51
-43 51
-43 51
-43 51
-43 51
-43 51
-43 51
-43 51
-43 51
-43 51
-43 51
-43 51
-43 51
-43 51
-36 53
-36 53
-36 53
-36 53
-36 53
-36 53
-36 53
-36 53
-36 53
-36 53
-36 53
-36 53
-36 53
-36 53
-36 53
-36 53
-36 53
-36 53
-36 53
-36 53
-36 53
-36 53
-36 53
-36 53
-36 53
-36 53
-36 53
-36 53
-36 53
-36 53
-36 53
-36 53
-36 53
-36 53
-36 53
-36 53
-36 53
-36 53
-36 53
-36 53
-36 53
-36 53
-36 53
-36 53
-36 53
-36 53
-36 53
-36 53
-36 53
-36 53
-36 53
-36 53
-29 64
-31 63
-31 63
-31 63
-31 63
-31 63
-31 63
-31 63
-31 63
-31 63
-31 63
-31 63
-31 63
-31 63
-31 63
-31 63
-31 63
-29 69
-29 69
-29 69
-29 69
-29 69
-29 69
-29 69
-29 69
-29 69
-29 69
-29 69
-29 69
-29 69
-29 69
-29 69
-29 69
-29 69
-29 69
-29 69
-29 69
-29 69
-29 69
-29 69
-29 69
-29 69
-29 69
-29 69
-29 69
-29 69
-29 69
-29 69
-29 69
-29 69
-28 70
-28 70
-28 70
-28 70
-28 70
-28 70
-28 70
-28 70
-28 70
-28 70
-28 70
-28 70
-28 70
-28 70
-28 70
-28 70
-28 70
-28 70
-28 70
-28 70
-28 70
-28 70
-28 70
-28 70
-28 70
-28 70
-28 70
-28 70
-28 70
-28 70
-28 70
-28 70
-28 70
-28 70
-14 62
-14 62
-14 62
-14 62
-14 62
-14 62
-14 62
-14 62
-14 62
-14 62
-14 62
-14 62
-14 62
-14 62
-14 62
-14 62
-14 62
-14 62
-17 64
-17 64
-17 64
-17 64
-17 64
-17 64
-17 64
-17 64
-17 64
-17 64
-17 64
-17 64
-17 64
-17 64
-17 64
-17 64
-9 59
-9 59
-9 59
-9 59
-9 59
-9 59
-9 59
-9 59
-9 59
-9 59
-9 59
-9 59
-9 59
-9 59
-9 59
-5 49
-5 49
-5 49
-5 49
-5 49
-5 49
-5 49
-5 49
-5 49
-5 49
-5 49
-5 49
-5 49
-5 49
-5 49
-5 49
-5 49
-5 49
-5 49
-5 49
-5 49
-5 49
-5 49
-5 49
-5 49
-5 49
-5 49
-5 49
-5 49
-5 49
-5 49
-5 49
1 45
1 45
1 45
1 45
1 45
1 45
1 45
1 45
1 45
1 45
1 45
1 45
1 45
1 45
1 45
1 45
1 45
1 45
1 45
1 45
1 45
1 45
1 45
1 45
1 45
1 45
1 45
1 45
1 45
1 45
1 45
1 45
1 45
0 35
0 35
0 35
0 35
0 35
0 35
0 35
0 35
0 35
0 35
0 35
0 35
0 35
0 35
0 35
0 35
0 35
0 35
0 35
0 35
0 35
0 35
0 35
0 35
0 35
0 35
0 35
0 35
0 35
0 35
0 35
0 35
0 35
0 35
0 35
0 35
0 35
0 35
0 35
0 35
0 35
0 35
0 35
0 35
0 35
0 35
0 35
0 35
0 35
1 13
1 13
1 13
1 13
1 13
1 13
1 13
1 13
1 13
1 13
1 13
1 13
1 13
1 13
1 13
1 13
1 13
1 13
1 13
1 13
1 13
1 13
1 13
1 13
1 13
1 13
1 13
1 13
1 13
1 13
1 13
1 13
1 13
1 13
1 13
1 13
1 13
1 13
1 13
1 13
1 13
1 13
1 13
1 13
1 13
1 13
1 13
1 13
1 13
1 13
1 13
0 5
-2 1
-2 1
-2 1
-2 1
-2 1
-2 1
-2 1
-2 1
-2 1
-2 1
-2 1
-2 1
-2 1
-2 1
-2 1
-2 1
-2 1
-2 1
-2 1
-2 1
-2 1
-2 1
-2 1
-2 1
-2 1
-2 1
-2 1
-2 1
-2 1
-2 1
-1 0
-1 0
-1 0
-1 0
-1 0
-1 0
-1 0
-1 0
-1 0
-1 0
-1 0
-1 0
-1 0
-1 0
-1 0
-1 0
-1 0
-1 0
-1 0
-1 0
-1 0
-1 0
-1 0
-1 0
-1 0
-1 0
-1 0
-1 0
-1 0
-1 0
-1 0
-1 0
-1 0
-1 0
-1 0
-1 0
-1 0
-1 0
-1 0
-1 0
-1 0
-1 0
-1 0
-1 0
-1 0
-1 0
-1 0
-1 0
4 1
4 0
4 0
4 0
4 0
4 0
4 0
4 0
4 0
4 0
4 0
4 0
4 0
4 0
4 0
4 0
4 0
1 -1
1 -1
1 -1
1 -1
1 -1
1 -1
1 -1
1 -1
1 -1
1 -1
1 -1
1 -1
1 -1
1 -1
1 -1
1 -1
1 -1
1 -1
0 -1
0 -1
0 -1
0 -1
0 -1
0 -1
0 -1
0 -1
0 -1
0 -1
0 -1
0 -1
0 -1
0 -1
0 -1
0 -1
0 -1
0 -1
0 -1
0 -1
0 -1
0 -1
0 -1
0 -1
0 -1
0 -1
0 -1
0 -1
0 -1
0 -1
0 -1
-1 -1
-1 -1
-1 -1
-1 -1
-1 -1
-1 -1
-1 -1
-1 -1
-1 -1
-1 -1
-1 -1
-1 -1
-1 -1
-1 -1
-1 -1
-1 -1
-1 -1
-1 -1
-1 -1
-1 -1
-1 -1
-1 -1
-1 -1
-1 -1
-1 -1
-1 -1
-1 -1
-1 -1
-1 -1
-1 -1
-1 -1
-1 -1
-1 -1
-1 -1
-1 -1
-1 -1
-1 -1
-1 -1
-1 -1
-1 -1
-1 -1
-1 -1
-1 -1
-1 -1
-1 -1
-1 -1
-1 -1
-1 -1
-1 -1
-1 -1
-1 -1
-1 -1
-1 -1
-1 -1
-1 -1
-1 -1
-1 -1
-1 -1
-1 -1
-1 -1
-1 -1
-1 -1
-1 -1
-1 -1
-1 -1
-1 -1
-1 -1
-1 -1
-1 -1
-1 -1
-1 -1
-1 -1
-1 -1
-1 -1
-1 -1
-1 -1
-1 -1
-1 -1
-1 -1
-1 -1
-1 -1
-1 -1
-1 -1
-1 -1
-1 -1
-1 -1
-1 -1
-1 -1
0 -1
0 -1
0 -1
0 -1
0 -1
0 -1
0 -1
0 -1
0 -1
0 -1
0 -1
0 -1
0 -1
0 -1
0 -1
0 -1
0 -1
0 -1
0 -1
0 -1
0 -1
0 -1
0 -1
0 -1
0 -1
0 -1
0 -1
0 -1
0 -1
0 -1
0 -1
0 -1
0 -1
0 -1
0 -1
0 -1
0 -1
0 -1
0 -1
0 -1
0 -1
0 -1
0 -1
0 -1
0 -1
0 -1
0 -1
0 -1
0 -1
0 -1
0 -1
0 -1
0 -1
0 -1
0 -1
0 -1
0 -1
0 -1
0 -1
0 -1
0 -1
0 -1
0 -1
0 -1
0 -1
0 -1
0 -1
0 -1
0 -1
0 -1
0 -1
0 -1
0 -1
0 -1
0 -1
0 -1
0 -1
0 -1
0 -1
0 -1
0 -1
0 -1
0 -1
0 -1
0 -1
0 -1
0 -1
0 -1
0 -1
0 -1
0 -1
0 -1
0 -1
0 -1
0 -1
0 -1
0 -1
0 -1
0 -1
0 -1
0 -1
0 -1
0 -1
0 -1
0 -1
0 -1
0 -1
0 -1
0 -1
0 -1
0 -1
0 -1
0 -1
0 -1
0 -1
0 -1
0 -1
0 -1
0 -1
0 -1
0 -1
0 -1
0 -1
0 -1
0 -1
0 -1
0 -1
0 -1
0 -1
0 -1
0 -1
0 -1
0 -1
0 -1
0 -1
0 -1
0 -1
0 -1
0 -1
0 -1
0 -1
0 -1
0 -1
0 -1
0 -1
0 -1
0 -1
0 -1
0 -1
0 -1
0 -1
0 -1
0 -1
0 -1
0 -1
0 -1
0 -1
0 -1
0 -1
0 -1
0 -1
0 -1
0 -1
0 -1
0 -1
0 -1
0 -1
0 -1
0 -1
0 -1
0 -1
0 -1
0 -1
0 -1
0 -1
0 -1
0 -1
0 -1
0 -1
0 -1
0 -1
0 -1
0 -1
0 -1
0 -1
0 -1
0 -1
0 -1
0 -1
0 -1
0 -1
0 -1
0 -1
0 -1
0 -1
0 -1
0 -1
0 -1
0 -1
0 -1
0 -1
0 -1
0 -1
0 -1
0 -1
0 -1
0 -1
0 -1
0 -1
0 -1
0 -1
0 -1
0 -1
0 -1
0 -1
0 -1
0 -1
0 -1
0 -1
0 -1
0 -1
0 -1
0 -1
0 -1
0 -1
0 -1
0 -1
0 -1
0 -1
0 -1
0 -1
0 -1
0 -1
0 -1
0 -1
0 -1
0 -1
0 -1
0 -1
0 -1
0 -1
0 -1
0 -1
0 -1
0 -1
0 -1
0 -1
0 -1
0 -1
0 -1
0 -1
0 -1
0 -1
0 -1
0 -1
0 -1
0 -1
0 -1
0 -1
0 -1
0 -1
0 -1
0 -1
0 -1
0 -1
0 -1
0 -1
0 -1
0 -1
0 -1
0 -1
0 -1
0 -1
0 -1
0 -1
0 -1
0 -1
0 -1
0 -1
0 -1
0 -1
0 -1
0 -1
0 -1
0 -1
0 -1
0 -1
0 -1
0 -1
0 -1
0 -1
0 -1
0 -1
0 -1
0 -1
0 -1
0 -1
0 -1
0 -1
0 -1
0 -1
0 -1
0 -1
0 -1
0 -1
0 -1
0 -1
0 -1
0 -1
0 -1
0 -1
0 -1
0 -1
0 -1
0 -1
0 -1
0 -1
0 -1
0 -1
0 -1
0 -1
0 -1
0 -1
0 -1
0 -1
0 -1
0 -1
0 -1
0 -1
0 -1
0 -1
0 -1
0 -1
0 -1
0 -1
0 -1
0 -1
0 -1
0 -1
0 -1
0 -1
0 -1
0 -1
0 -1
0 -1
0 -1
0 -1
0 -1
0 -1
0 -1
0 -1
0 -1
0 -1
0 -1
0 -1
0 -1
0 -1
0 -1
0 -1
0 -1
0 -1
0 -1
0 -1
0 -1
0 -1
0 -1
0 -1
0 -1
0 -1
0 -1
0 -1
0 -1
0 -1
0 -1
0 -1
0 -1
0 -1
0 -1
0 -1
0 -1
0 -1
0 -1
0 -1
0 -1
0 -1
0 -1
0 -1
0 -1
0 -1
0 -1
0 -1
0 -1
0 -1
0 -1
0 -1
0 -1
0 -1
0 -1
0 -1
0 -1
0 -1
0 -1
0 -1
0 -1
0 -1
0 -1
0 -1
0 -1
0 -1
0 -1
0 -1
0 -1
0 -1
0 -1
0 -1
0 -1
0 -1
0 -1
0 -1
0 -1
0 -1
0 -1
0 -1
0 -1
0 -1
0 -1
0 -1
0 -1
0 -1
0 -1
0 -1
0 -1
0 -1
0 -1
0 -1
0 -1
0 -1
0 -1
0 -1
0 -1
0 -1
0 -1
0 -1
0 -1
0 -1
0 -1
0 -1
0 -1
0 -1
0 -1
0 -1
0 -1
0 -1
0 -1
0 -1
0 -1
0 -1
0 -1
0 -1
0 -1
0 -1
0 -1
0 -1
0 -1
0 -1
0 -1
0 -1
0 -1
0 -1
0 -1
0 -1
0 -1
0 -1
0 -1
0 -1
0 -1
0 -1
0 -1
0 -1
0 -1
0 -1
0 -1
0 -1
0 -1
0 -1
0 -1
0 -1
0 -1
0 -1
0 -1
0 -1
0 -1
0 -1
0 -1
0 -1
0 -1
0 -1
0 -1
0 -1
0 -1
0 -1
0 -1
0 -1
0 -1
0 -1
0 -1
0 -1
0 -1
0 -1
0 -1
0 -1
0 -1
0 -1
0 -1
0 -1
0 -1
0 -1
0 -1
0 -1
0 -1
0 -1
0 -1
0 -1
0 -1
0 -1
0 -1
0 -1
0 -1
0 -1
0 -1
0 -1
0 -1
0 -1
0 -1
0 -1
0 -1
0 -1
0 -1
0 -1
0 -1
0 -1
0 -1
0 -1
0 -1
0 -1
0 -1
0 -1
0 -1
0 -1
0 -1
0 -1
0 -1
0 -1
0 -1
0 -1
0 -1
0 -1
0 -1
0 -1
0 -1
0 -1
0 -1
0 -1
0 -1
0 -1
0 -1
0 -1
0 -1
0 -1
0 -1
0 -1
0 -1
0 -1
0 -1
0 -1
0 -1
0 -1
0 -1
0 -1
0 -1
0 -1
0 -1
0 -1
0 -1
0 -1
0 -1
0 -1
0 -1
0 -1
0 -1
0 -1
0 -1
0 -1
0 -1
0 -1
0 -1
0 -1
0 -1
0 -1
0 -1
0 -1
0 -1
0 -1
0 -1
0 -1
0 -1
0 -1
0 -1
0 -1
0 -1
0 -1
0 -1
0 -1
0 -1
0 -1
0 -1
0 -1
0 -1
0 -1
0 -1
0 -1
0 -1
0 -1
0 -1
0 -1
0 -1
0 -1
0 -1
0 -1
0 -1
0 -1
0 -1
0 -1
0 -1
0 -1
0 -1
0 -1
0 -1
0 -1
0 -1
0 -1
0 -1
0 -1
0 -1
0 -1
0 -1
0 -1
0 -1
0 -1
0 -1
0 -1
0 -1
0 -1
0 -1
0 -1
0 -1
0 -1
0 -1
0 -1
0 -1
0 -1
0 -1
0 -1
0 -1
0 -1
0 -1
0 -1
0 -1
0 -1
0 -1
0 -1
0 -1
0 -1
0 -1
0 -1
0 -1
0 -1
0 -1
0 -1
0 -1
0 -1
0 -1
0 -1
0 -1
0 -1
0 -1
0 -1
0 -1
0 -1
0 -1
0 -1
0 -1
0 -1
0 -1
0 -1
0 -1
0 -1
0 -1
0 -1
0 -1
0 -1
0 -1
0 -1
0 -1
0 -1
0 -1
0 -1
0 -1
0 -1
0 -1
0 -1
0 -1
0 -1
0 -1
0 -1
0 -1
0 -1
0 -1
0 -1
0 -1
0 -1
0 -1
0 -1
0 -1
0 -1
0 -1
0 -1
0 -1
0 -1
0 -1
0 -1
0 -1
0 -1
0 -1
0 -1
0 -1
0 -1
0 -1
0 -1
0 -1
0 -1
0 -1
0 -1
0 -1
0 -1
0 -1
0 -1
0 -1
0 -1
0 -1
0 -1
0 -1
0 -1
0 -1
0 -1
0 -1
0 -1
0 -1
0 -1
0 -1
0 -1
0 -1
0 -1
0 -1
0 -1
0 -1
0 -1
0 -1
0 -1
0 -1
0 -1
0 -1
0 -1
0 -1
0 -1
0 -1
0 -1
0 -1
0 -1
0 -1
0 -1
0 -1
0 -1
0 -1
0 -1
0 -1
0 -1
0 -1
0 -1
0 -1
0 -1
0 -1
0 -1
0 -1
0 -1
0 -1
0 -1
0 -1
0 -1
0 -1
0 -1
0 -1
0 -1
0 -1
0 -1
0 -1
0 -1
0 -1
0 -1
0 -1
0 -1
0 -1
0 -1
0 -1
0 -1
0 -1
0 -1
0 -1
0 -1
0 -1
0 -1
0 -1
0 -1
0 -1
0 -1
0 -1
0 -1
0 -1
0 -1
0 -1
0 -1
0 -1
0 -1
0 -1
0 -1
0 -1
0 -1
0 -1
0 -1
0 -1
0 -1
0 -1
0 -1
0 -1
0 -1
0 -1
0 -1
0 -1
0 -1
0 -1
0 -1
0 -1
0 -1
0 -1
