0 6
0 6
0 6
0 6
0 6
0 6
0 6
0 6
0 6
0 6
0 6
0 6
0 6
0 6
0 6
0 6
0 6
0 6
0 6
0 6
0 6
0 6
0 6
0 6
0 6
0 6
0 6
0 6
0 6
0 6
0 6
0 6
0 6
0 6
0 6
0 6
0 6
0 6
0 6
0 6
0 6
0 6
0 11
0 11
0 11
0 11
0 11
0 11
0 11
0 11
0 11
0 11
0 11
0 11
0 11
0 11
0 11
0 11
0 11
0 11
0 11
0 11
0 11
0 11
0 11
0 11
0 11
0 11
0 11
0 11
0 11
0 11
0 11
0 11
0 11
0 11
0 11
0 11
0 11
0 11
0 11
0 11
0 11
0 11
0 11
0 11
0 11
0 11
0 11
0 11
0 11
0 11
0 11
0 11
0 11
0 11
0 11
0 11
0 8
0 11
0 11
0 11
0 11
0 11
0 11
0 11
0 11
0 11
0 11
0 11
0 11
0 11
0 11
0 11
0 11
0 11
0 11
0 11
0 11
0 11
0 11
0 11
0 11
0 11
0 11
0 11
0 11
0 11
0 11
0 11
0 11
0 11
0 11
0 11
0 11
0 11
0 11
0 11
0 11
0 11
0 11
0 11
0 11
-1 12
-1 12
-1 12
-1 12
-1 12
-1 12
-1 12
-1 12
-1 12
-1 12
-1 12
-1 12
-1 12
-1 12
-1 12
-1 12
-1 12
-1 12
-1 12
-1 12
-1 12
-1 12
-1 12
-1 12
-1 12
-1 12
-1 12
-1 12
-1 12
-1 12
-1 12
-1 12
-1 12
-1 12
-1 12
-1 12
-1 12
-1 12
-1 12
-1 12
-1 12
-1 12
-1 12
-1 12
-1 12
1 17
0 30
0 30
0 30
0 30
0 30
0 30
0 30
0 30
0 30
0 30
0 30
0 30
0 30
0 30
0 30
0 30
0 30
0 30
0 30
0 30
0 30
0 30
0 30
0 30
0 30
0 30
0 30
0 30
0 30
0 30
0 30
0 30
0 30
0 30
0 30
0 30
0 30
0 30
0 30
0 30
0 30
0 30
0 30
0 30
0 30
0 30
-1 37
-1 37
-1 37
-1 37
-1 37
-1 37
-1 37
-1 37
-1 37
-1 37
-1 37
-1 37
-1 37
-1 37
-1 37
-1 37
-1 37
-1 37
-1 37
-1 37
-1 37
-1 37
-1 37
-1 37
-1 37
-1 37
-1 37
1 43
1 43
1 43
1 43
1 43
1 43
1 43
1 43
1 43
1 43
1 43
1 43
1 43
1 43
1 43
1 43
1 43
1 43
1 43
1 43
1 43
1 43
1 43
1 43
1 43
1 43
1 43
1 43
1 43
1 43
1 43
1 43
1 43
1 43
1 43
1 43
1 43
1 43
1 43
1 43
1 37
1 37
1 37
1 37
1 37
1 37
1 37
1 37
1 37
1 37
1 37
1 37
1 37
1 37
1 37
1 37
1 37
1 37
1 37
1 37
1 37
1 37
1 37
1 37
8 43
8 43
8 43
8 43
8 43
8 43
8 43
8 43
8 43
8 43
8 43
8 43
8 43
8 43
8 43
8 43
8 43
8 43
8 43
8 43
8 43
8 43
8 43
8 43
8 43
8 43
8 43
8 43
8 43
8 43
8 43
8 43
8 43
8 43
8 43
8 43
8 43
8 43
8 43
8 43
8 43
8 43
8 43
8 43
8 43
8 43
8 43
8 43
8 43
8 43
8 43
8 43
12 40
12 40
12 40
12 40
12 40
12 40
12 40
12 40
12 40
12 40
12 40
12 40
12 40
12 40
12 40
12 40
12 40
12 40
12 40
12 40
12 40
12 40
12 43
12 43
12 43
12 43
12 43
12 43
12 43
12 43
12 43
12 43
12 43
12 43
12 43
12 43
12 43
12 43
12 43
12 43
12 43
12 43
12 43
12 43
12 43
12 43
18 40
18 40
18 40
18 40
18 40
18 40
18 40
18 40
18 40
18 40
18 40
18 40
18 40
18 40
18 40
18 40
18 40
18 40
18 40
18 40
18 40
18 40
18 40
18 40
19 36
19 36
19 36
19 36
19 36
19 36
19 36
19 36
19 36
19 36
19 36
19 36
19 36
19 36
19 36
19 36
19 36
19 36
19 36
19 36
19 36
19 36
19 36
19 36
19 36
19 36
19 36
19 36
19 36
19 36
19 36
19 36
19 36
19 36
19 36
19 36
19 36
19 36
19 36
19 36
19 36
19 36
19 36
19 36
19 36
19 36
19 36
19 36
19 36
19 36
19 36
19 36
19 36
19 36
21 44
21 44
21 44
21 44
21 44
21 44
21 44
21 44
21 44
21 44
21 44
21 44
21 44
21 44
21 44
21 44
21 44
21 44
21 44
21 44
21 44
21 44
21 44
21 44
21 44
21 44
21 44
21 44
21 44
21 44
21 44
21 44
21 44
21 44
21 44
21 44
21 44
21 44
21 44
21 44
21 44
21 44
21 44
21 44
21 44
21 44
21 44
20 39
20 39
16 39
16 39
16 39
16 39
16 39
16 39
16 39
16 39
16 39
16 39
16 39
16 39
16 39
16 39
16 39
16 39
16 39
16 39
16 39
16 39
16 39
16 39
16 39
16 39
16 39
16 39
16 39
16 39
16 39
16 39
16 39
16 39
16 39
16 39
16 39
16 39
16 39
16 39
16 39
16 39
16 39
16 39
16 39
16 39
16 39
16 39
16 39
16 39
16 39
16 39
16 39
22 42
22 42
22 42
22 42
22 42
22 42
22 42
22 42
22 42
22 42
22 42
22 42
22 42
22 42
22 42
22 42
22 42
22 42
22 42
22 42
22 42
22 39
22 39
22 39
22 39
22 39
22 39
22 39
22 39
22 39
22 39
22 39
22 39
22 39
22 39
22 39
22 39
22 39
22 39
22 39
22 39
22 39
22 39
22 39
22 39
22 39
22 39
22 39
22 39
22 39
22 39
22 39
22 39
22 39
22 39
22 39
22 39
22 39
22 39
22 39
22 39
22 39
22 39
22 39
22 39
22 39
22 39
22 39
22 39
22 39
22 39
22 39
22 39
22 39
22 39
22 39
22 39
22 39
22 39
22 39
22 39
22 39
22 39
22 39
22 39
22 39
22 39
22 39
27 37
29 47
29 47
29 47
29 47
29 47
29 47
29 47
29 47
29 47
29 47
29 47
29 47
29 47
29 47
29 47
29 47
29 47
29 47
29 47
29 47
29 47
29 47
29 47
29 47
29 47
29 47
29 47
29 47
29 47
29 47
29 47
29 47
29 47
29 47
29 47
29 47
29 47
29 47
29 47
29 47
32 43
32 43
32 43
32 43
32 43
32 43
32 43
32 43
32 43
32 43
32 43
32 43
32 43
32 43
32 43
32 43
32 43
32 43
32 43
32 43
32 43
32 43
32 43
32 43
32 43
32 43
32 43
32 43
32 43
32 43
32 43
32 43
32 43
32 43
32 43
32 43
32 43
32 43
32 43
32 43
32 43
32 43
32 43
32 43
32 43
32 43
32 43
30 35
39 44
39 44
39 44
39 44
39 44
39 44
39 44
39 44
39 44
39 44
39 44
39 44
39 44
39 44
39 44
39 44
39 44
39 44
39 44
39 44
39 44
39 44
39 44
39 44
39 44
39 44
39 44
39 44
39 44
39 44
39 44
39 44
39 44
39 44
39 44
39 44
39 44
39 44
39 44
39 44
39 44
39 44
39 44
39 44
39 44
39 44
39 44
39 44
39 44
39 44
39 44
39 44
39 44
39 44
39 44
39 44
39 44
39 44
39 44
39 44
39 44
39 44
39 44
39 44
39 44
39 44
47 44
44 39
44 39
44 39
44 39
44 39
44 39
44 39
44 39
44 39
44 39
44 39
44 39
44 39
44 39
44 39
44 39
44 39
44 39
44 39
44 39
44 39
44 39
44 39
44 39
44 39
44 39
44 39
44 39
44 39
44 39
44 39
44 39
44 39
44 39
44 39
44 39
44 39
44 39
44 39
44 39
44 39
44 39
44 39
44 39
44 39
44 39
44 39
44 39
44 39
44 39
44 39
44 39
44 38
44 38
44 38
44 38
44 38
44 38
44 38
44 38
44 38
44 38
44 38
44 38
44 38
44 38
44 38
44 38
44 38
44 38
44 38
44 38
44 38
44 38
44 38
44 38
44 38
44 38
44 38
44 38
44 38
44 38
44 38
44 38
44 38
44 38
44 38
44 38
44 38
44 38
44 38
44 38
44 38
44 38
44 38
44 38
44 38
44 38
44 38
44 38
44 38
44 38
41 38
41 38
41 38
41 38
41 38
41 38
41 38
41 38
41 38
41 38
41 38
41 38
41 38
41 38
41 38
41 38
41 38
41 38
41 38
41 38
41 38
41 38
41 38
41 38
41 38
41 38
41 38
45 34
45 34
45 34
45 34
45 34
45 34
45 34
45 34
45 34
45 34
45 34
45 34
45 34
45 34
45 34
45 34
45 34
45 34
45 34
45 34
45 34
45 34
45 34
45 34
45 34
45 34
45 34
47 35
47 35
47 35
47 35
47 35
47 35
47 35
47 35
47 35
47 35
47 35
47 35
47 35
47 35
47 35
47 35
47 35
47 35
47 35
47 35
47 35
47 35
47 35
51 37
51 37
51 37
51 37
51 37
51 37
51 37
51 37
51 37
51 37
51 37
51 37
51 37
51 37
51 37
51 37
51 37
51 37
51 37
51 37
51 37
51 37
59 35
59 35
59 35
59 35
59 35
59 35
59 35
59 35
59 35
59 35
59 35
59 35
59 35
59 35
59 35
59 35
59 35
59 35
59 35
59 35
59 35
59 35
59 35
59 35
59 35
59 35
59 35
59 35
59 35
59 35
59 35
59 35
59 35
59 35
59 35
59 35
59 35
59 35
59 35
59 35
59 35
59 35
59 35
59 35
59 35
59 35
59 35
59 35
59 35
49 42
49 42
49 42
49 42
49 42
49 42
49 42
49 42
49 42
49 42
49 42
49 42
49 42
49 42
49 42
49 42
49 42
49 42
49 42
49 42
49 42
49 42
49 42
49 42
49 42
49 42
49 42
49 42
49 42
49 42
49 42
49 42
49 42
49 42
49 42
49 42
49 42
49 42
49 42
49 42
49 42
49 42
49 42
58 39
58 39
58 39
58 39
58 39
58 39
58 39
58 39
58 39
58 39
58 39
58 39
58 39
58 39
58 39
58 39
58 39
58 39
58 39
58 39
58 39
58 39
58 39
58 39
58 39
58 39
58 39
58 39
58 39
58 39
58 39
58 39
58 39
58 39
58 39
58 39
58 39
58 39
58 39
58 39
58 39
58 39
58 39
58 39
58 39
60 37
60 37
60 37
60 37
60 37
60 37
60 37
60 37
60 37
60 37
60 37
60 37
60 37
60 37
60 37
60 37
60 37
60 37
60 37
60 37
60 37
69 39
69 39
69 39
69 39
69 39
69 39
69 39
69 39
69 39
69 39
69 39
69 39
69 39
69 39
69 39
69 39
69 39
69 39
69 39
69 39
69 39
69 39
69 39
69 39
69 39
69 39
69 39
69 39
69 39
69 39
69 39
69 39
69 39
69 39
69 39
69 39
69 39
69 39
69 39
69 39
69 39
69 39
69 39
69 39
69 39
69 39
69 39
69 39
69 39
69 39
73 29
73 29
73 29
73 29
73 29
73 29
73 29
73 29
73 29
73 29
73 29
73 29
73 29
73 29
73 29
73 29
73 29
73 29
73 29
73 29
73 29
73 29
73 29
73 29
73 29
73 29
73 29
73 29
73 29
73 29
73 29
73 29
73 29
73 29
73 29
73 29
73 29
73 29
73 29
73 29
73 29
73 29
73 29
73 29
61 28
61 28
56 21
56 21
56 21
56 21
56 21
56 21
56 21
56 21
56 21
56 21
56 21
56 21
56 21
56 21
56 21
56 21
56 21
56 21
56 21
56 21
56 21
56 21
56 21
56 21
56 21
56 21
56 21
56 21
56 21
56 21
56 21
56 21
56 21
56 21
56 21
56 21
56 21
56 21
56 21
56 21
56 21
56 21
56 21
56 21
56 21
70 24
70 24
70 24
70 24
70 24
70 24
70 24
70 24
70 24
70 24
70 24
70 24
70 24
70 24
70 24
70 24
70 24
70 24
70 24
70 24
70 24
70 24
70 24
70 24
70 24
70 24
70 24
67 26
67 26
67 26
67 26
67 26
67 26
67 26
67 26
67 26
67 26
67 26
67 26
67 26
67 26
67 26
67 26
67 26
67 26
67 26
67 26
67 26
67 26
67 26
67 26
67 26
67 26
67 26
67 26
67 26
67 26
67 26
67 26
67 26
67 26
67 26
67 26
67 26
67 26
67 26
67 26
67 26
67 26
67 26
67 26
67 26
67 26
67 26
67 26
67 26
67 26
67 26
67 26
67 26
67 26
67 26
67 26
67 26
67 26
67 26
67 26
67 26
67 26
67 26
67 26
67 26
67 26
67 26
67 26
67 26
67 26
67 26
67 26
67 26
67 26
67 26
67 26
65 14
70 14
70 14
70 14
70 14
70 14
70 14
70 14
70 14
70 14
70 14
70 14
70 14
70 14
70 14
70 14
70 14
70 14
70 14
70 14
70 14
70 14
70 14
70 14
70 14
70 14
70 14
70 14
70 14
70 14
70 14
70 14
70 14
70 14
70 14
70 14
70 14
70 14
70 14
70 14
70 14
70 14
70 14
70 14
70 14
72 12
72 12
72 12
72 12
72 12
72 12
72 12
72 12
72 12
72 12
72 12
72 12
72 12
72 12
72 12
72 12
72 12
72 12
72 12
72 12
72 12
72 12
72 12
72 12
72 12
72 12
72 12
72 12
72 12
72 12
72 12
72 12
72 12
72 12
72 12
72 12
72 12
72 12
72 12
72 12
72 12
72 12
72 12
72 12
72 12
72 12
72 12
72 12
72 12
72 12
72 12
72 12
72 12
71 10
73 11
73 11
73 11
73 11
73 11
73 11
73 11
73 11
73 11
73 11
73 11
73 11
73 11
73 11
73 11
73 11
73 11
73 11
73 11
73 11
73 11
73 11
73 11
73 11
73 11
73 11
76 13
76 13
76 13
76 13
76 13
76 13
76 13
76 13
76 13
76 13
76 13
76 13
76 13
76 13
76 13
76 13
76 13
76 13
76 13
76 13
76 13
76 13
76 13
76 13
76 13
76 13
76 13
76 13
76 13
76 13
76 13
76 13
76 13
76 13
76 13
76 13
76 13
76 13
76 13
76 13
72 16
72 16
72 16
72 16
72 16
72 16
72 16
72 16
72 16
72 16
72 16
72 16
72 16
72 16
72 16
72 16
72 16
72 16
72 16
72 16
72 16
72 16
72 16
72 16
72 16
72 16
72 16
72 16
72 16
72 16
72 16
72 16
72 16
72 16
72 16
72 16
72 16
72 16
72 16
72 16
72 16
72 16
72 16
72 16
72 16
72 16
72 16
72 16
72 16
72 16
72 16
72 16
71 11
71 11
71 11
71 11
71 11
71 11
71 11
71 11
71 11
71 11
71 11
71 11
71 11
71 11
71 11
71 11
71 11
71 11
71 11
71 11
71 11
71 11
71 11
71 11
71 11
65 10
65 10
65 10
65 10
65 10
65 10
65 10
65 10
65 10
65 10
65 10
65 10
65 10
65 10
65 10
65 10
65 10
65 10
65 10
65 10
65 10
65 10
63 5
63 5
63 5
63 5
63 5
63 5
63 5
63 5
63 5
63 5
63 5
63 5
63 5
63 5
63 5
63 5
63 5
63 5
63 5
63 5
63 5
63 5
63 5
63 5
63 5
63 5
63 5
58 -1
58 -1
58 -1
58 -1
58 -1
58 -1
58 -1
58 -1
58 -1
58 -1
58 -1
58 -1
58 -1
58 -1
58 -1
58 -1
58 -1
58 -1
58 -1
58 -1
58 -1
58 -1
58 -1
58 -1
58 -1
58 -1
58 -1
58 -1
58 -1
58 -1
58 -1
58 -1
58 -1
58 -1
58 -1
58 -1
58 -1
58 -1
58 -1
58 -1
58 -1
58 -1
58 -1
58 -1
58 -1
58 -1
58 -1
58 -1
58 -1
58 -1
58 -1
58 -1
58 -1
58 -1
58 -1
58 -1
58 -1
58 -1
58 -1
58 -1
58 -1
58 -1
58 -1
58 -1
58 -1
58 -1
58 -1
58 -1
58 -1
58 -1
58 -1
58 -1
58 -1
58 -1
58 -1
58 -1
58 -1
63 9
63 9
64 1
64 1
64 1
64 1
64 1
64 1
64 1
64 1
64 1
64 1
64 1
64 1
64 1
64 1
64 1
64 1
64 1
64 1
64 1
64 1
64 1
64 1
64 1
64 1
64 1
64 1
64 1
64 1
64 1
64 1
64 1
64 1
64 1
64 1
64 1
64 1
64 1
64 1
64 1
64 1
64 1
64 1
64 1
64 1
64 1
64 1
64 1
64 1
64 1
64 1
64 1
64 1
58 1
58 1
58 1
58 1
58 1
58 1
58 1
58 1
58 1
58 1
58 1
58 1
58 1
58 1
58 1
58 1
58 1
58 1
58 1
58 1
58 1
58 1
58 1
58 1
58 1
58 1
58 1
58 1
58 1
58 1
58 1
58 1
58 1
58 1
58 1
58 1
58 1
58 1
58 1
58 1
58 1
58 1
58 1
58 1
58 1
58 1
58 1
58 1
63 2
63 2
63 2
63 2
63 2
63 2
63 2
63 2
63 2
63 2
63 2
63 2
63 2
63 2
63 2
63 2
63 2
63 2
63 2
63 2
63 2
63 2
63 2
59 2
59 2
59 2
59 2
59 2
59 2
59 2
59 2
59 2
59 2
59 2
59 2
59 2
59 2
59 2
59 2
59 2
59 2
59 2
59 2
59 2
59 2
59 2
63 -2
63 -2
63 -2
63 -2
63 -2
63 -2
63 -2
63 -2
63 -2
63 -2
63 -2
63 -2
63 -2
63 -2
63 -2
63 -2
63 -2
63 -2
63 -2
63 -2
63 -2
63 -2
63 -2
63 -2
63 -2
69 -2
69 -2
69 -2
69 -2
69 -2
69 -2
69 -2
69 -2
69 -2
69 -2
69 -2
69 -2
69 -2
69 -2
69 -2
69 -2
69 -2
69 -2
69 -2
69 -2
69 -2
69 -2
69 -2
69 -2
69 -2
69 -2
69 -2
69 -2
69 -2
69 -2
69 -2
69 -2
69 -2
69 -2
69 -2
69 -2
69 -2
69 -2
69 -2
69 -2
69 -2
69 -2
69 -2
69 -2
69 -2
69 -2
69 -2
68 -3
68 -3
68 -3
68 -3
68 -3
68 -3
68 -3
68 -3
68 -3
68 -3
68 -3
68 -3
68 -3
68 -3
68 -3
68 -3
68 -3
68 -3
68 -3
68 -3
68 -3
72 -6
72 -6
72 -6
72 -6
72 -6
72 -6
72 -6
72 -6
72 -6
72 -6
72 -6
72 -6
72 -6
72 -6
72 -6
72 -6
72 -6
72 -6
72 -6
72 -6
72 -6
72 -6
72 -6
72 -6
72 -6
72 -6
72 -6
72 -6
72 -6
72 -6
72 -6
72 -6
72 -6
72 -6
72 -6
72 -6
72 -6
72 -6
72 -6
72 -6
72 -6
72 -6
72 -6
72 -6
72 -6
72 -6
72 -6
72 -6
71 -5
71 -5
71 -5
71 -5
71 -5
71 -5
71 -5
71 -5
71 -5
71 -5
71 -5
71 -5
71 -5
71 -5
71 -5
69 -5
69 -5
69 -5
69 -5
69 -5
69 -5
69 -5
69 -5
69 -5
69 -5
69 -5
69 -5
69 -5
69 -5
69 -5
69 -5
73 -4
73 -4
73 -4
73 -4
73 -4
73 -4
73 -4
73 -4
73 -4
73 -4
73 -4
73 -4
73 -4
73 -4
73 -4
73 -4
73 -4
73 -4
73 -4
73 -4
73 -4
73 -4
73 -4
73 -4
73 -4
73 -4
73 -4
73 -4
73 -4
73 -4
73 -4
73 -4
73 -4
73 -4
73 -4
73 -4
73 -4
73 -4
73 -4
73 -4
73 -4
73 -4
73 -4
73 -4
73 -4
73 -4
73 -4
73 -4
73 -8
65 -8
65 -8
65 -8
65 -8
65 -8
65 -8
65 -8
65 -8
65 -8
65 -8
65 -8
65 -8
65 -8
65 -8
65 -8
65 -8
65 -8
65 -8
65 -8
65 -8
65 -8
65 -8
65 -8
65 -8
65 -8
65 -8
65 -8
65 -8
65 -8
65 -8
65 -8
65 -8
65 -8
65 -8
65 -8
78 -8
78 -8
78 -8
78 -8
78 -8
78 -8
78 -8
78 -8
78 -8
78 -8
78 -8
78 -8
78 -8
78 -8
78 -8
78 -8
78 -8
78 -8
78 -8
78 -8
78 -8
78 -8
78 -8
78 -8
78 -8
78 -8
78 -8
78 -8
78 -8
78 -8
78 -8
78 -8
78 -8
78 -8
78 -8
78 -8
78 -8
78 -8
78 -8
78 -8
78 -12
78 -12
78 -12
78 -12
78 -12
78 -12
78 -12
78 -12
78 -12
78 -12
78 -12
78 -12
78 -12
78 -12
78 -12
78 -12
78 -12
76 -13
76 -13
76 -13
76 -13
76 -13
76 -13
76 -13
76 -13
76 -13
76 -13
76 -13
76 -13
76 -13
76 -13
76 -13
76 -13
76 -13
76 -13
76 -13
76 -13
76 -13
76 -13
76 -13
76 -13
76 -13
76 -13
76 -13
76 -13
76 -13
76 -13
76 -13
76 -13
76 -13
76 -13
76 -13
76 -13
76 -13
76 -13
76 -13
76 -13
76 -13
76 -13
76 -13
76 -13
76 -13
76 -13
76 -13
76 -13
76 -13
76 -13
76 -13
76 -13
76 -13
76 -13
76 -13
76 -13
76 -10
82 -18
82 -18
82 -18
82 -18
82 -18
82 -18
82 -18
82 -18
82 -18
82 -18
82 -18
82 -18
82 -18
82 -18
82 -18
82 -18
82 -18
82 -18
82 -18
82 -18
82 -18
82 -18
82 -18
82 -18
82 -18
82 -18
82 -18
82 -18
82 -18
82 -18
82 -18
82 -18
82 -18
86 -14
86 -14
86 -14
86 -14
86 -14
86 -14
86 -14
86 -14
86 -14
86 -14
86 -14
86 -14
86 -14
86 -14
86 -14
75 -11
75 -11
75 -11
75 -11
75 -11
75 -11
75 -11
75 -11
75 -11
75 -11
75 -11
75 -11
75 -11
75 -11
75 -11
75 -11
75 -11
77 -18
77 -18
77 -18
77 -18
77 -18
77 -18
77 -18
77 -18
77 -18
77 -18
77 -18
77 -18
77 -18
77 -18
77 -18
77 -18
77 -18
77 -18
77 -18
77 -18
77 -18
77 -18
77 -18
77 -18
77 -18
77 -18
77 -18
77 -18
77 -18
77 -18
77 -18
77 -18
77 -18
77 -18
77 -18
77 -18
77 -18
77 -18
77 -18
77 -18
77 -18
77 -18
77 -18
77 -18
77 -18
77 -18
77 -18
77 -18
77 -18
77 -18
77 -18
77 -18
77 -18
77 -18
74 -19
74 -19
74 -19
74 -19
74 -19
74 -19
74 -19
74 -19
74 -19
74 -19
74 -19
74 -19
74 -19
74 -19
74 -19
74 -19
74 -19
74 -19
74 -19
74 -19
74 -19
74 -19
74 -19
74 -19
74 -19
74 -19
74 -19
74 -19
74 -19
74 -15
74 -15
74 -15
74 -15
74 -15
74 -15
74 -15
74 -15
74 -15
74 -15
74 -15
74 -15
74 -15
74 -15
74 -15
74 -15
74 -15
74 -15
74 -15
74 -15
74 -15
74 -15
74 -15
74 -15
74 -15
74 -15
74 -15
74 -15
74 -15
74 -15
74 -15
74 -15
79 -22
79 -22
79 -22
79 -22
79 -22
79 -22
79 -22
79 -22
79 -22
79 -22
79 -22
79 -22
79 -22
79 -22
79 -22
79 -22
79 -22
79 -22
79 -22
79 -22
79 -22
79 -22
79 -22
79 -22
79 -22
79 -22
79 -22
79 -22
79 -22
79 -22
79 -22
79 -22
79 -22
72 -22
72 -22
72 -22
72 -22
72 -22
72 -22
72 -22
72 -22
72 -22
72 -22
72 -22
72 -22
72 -22
72 -22
72 -22
72 -22
72 -22
72 -22
72 -22
72 -22
72 -22
72 -22
72 -22
72 -22
72 -22
72 -22
72 -22
72 -22
72 -22
72 -22
72 -22
72 -22
72 -22
72 -22
72 -22
72 -22
76 -23
76 -23
76 -23
76 -23
76 -23
76 -23
76 -23
76 -23
76 -23
76 -23
76 -23
76 -23
76 -23
76 -23
76 -23
76 -23
76 -23
76 -23
76 -23
76 -23
76 -23
76 -23
76 -23
76 -23
76 -23
76 -23
76 -23
76 -23
76 -23
76 -23
76 -23
76 -23
76 -23
76 -23
76 -23
76 -23
76 -23
76 -23
76 -23
76 -23
76 -23
76 -23
76 -23
76 -23
76 -23
76 -23
76 -23
76 -23
76 -23
76 -23
76 -23
76 -23
76 -23
76 -23
76 -23
76 -23
76 -23
76 -23
76 -23
76 -23
76 -23
76 -23
76 -23
76 -23
76 -23
76 -23
76 -23
76 -23
76 -23
75 -37
75 -37
75 -37
75 -37
75 -37
75 -37
75 -37
75 -37
75 -37
75 -37
75 -37
75 -37
75 -37
75 -37
75 -37
75 -37
82 -38
82 -38
82 -38
82 -38
82 -38
82 -38
82 -38
82 -38
82 -38
82 -38
82 -38
82 -38
82 -38
82 -38
82 -38
82 -38
81 -43
81 -43
81 -43
81 -43
81 -43
81 -43
81 -43
81 -43
81 -43
81 -43
81 -43
81 -43
81 -43
81 -43
81 -43
81 -43
81 -43
69 -50
69 -50
69 -50
69 -50
69 -50
69 -50
69 -50
69 -50
69 -50
69 -50
69 -50
69 -50
69 -50
69 -50
69 -50
69 -50
69 -50
69 -50
69 -50
69 -50
69 -50
69 -50
69 -50
69 -50
69 -50
69 -50
69 -50
69 -50
69 -50
69 -50
69 -50
69 -50
69 -50
69 -50
69 -50
80 -47
80 -47
80 -47
80 -47
80 -47
80 -47
80 -47
80 -47
80 -47
80 -47
80 -47
80 -47
80 -47
80 -47
80 -47
80 -47
80 -47
80 -47
80 -47
80 -47
80 -47
80 -47
80 -47
80 -47
80 -47
80 -47
80 -47
80 -47
80 -47
80 -47
80 -47
80 -47
80 -47
80 -47
79 -45
79 -45
79 -45
79 -45
79 -45
79 -45
79 -45
79 -45
79 -45
79 -45
79 -45
79 -45
79 -45
79 -45
79 -45
79 -45
79 -45
76 -46
76 -46
76 -46
76 -46
76 -46
76 -46
76 -46
76 -46
76 -46
76 -46
76 -46
76 -46
76 -46
76 -46
76 -46
76 -46
76 -46
76 -46
69 -59
69 -59
69 -59
69 -59
69 -59
69 -59
69 -59
69 -59
69 -59
69 -59
69 -59
69 -59
69 -59
69 -59
69 -59
69 -59
69 -59
69 -59
65 -53
65 -53
65 -53
65 -53
65 -53
65 -53
65 -53
65 -53
65 -53
65 -53
65 -53
65 -53
65 -53
65 -53
65 -53
65 -53
65 -53
65 -53
65 -53
65 -53
65 -53
65 -53
65 -53
65 -53
65 -53
65 -53
65 -53
65 -53
65 -53
65 -53
65 -53
65 -53
65 -53
65 -53
65 -53
65 -53
65 -53
65 -53
65 -53
65 -53
65 -53
65 -53
65 -53
65 -53
65 -53
65 -53
65 -53
65 -53
65 -53
65 -53
65 -53
52 -48
43 -58
43 -58
43 -58
43 -58
43 -58
43 -58
43 -58
43 -58
43 -58
43 -58
43 -58
43 -58
43 -58
43 -58
43 -58
43 -58
43 -58
43 -58
43 -58
43 -58
43 -58
43 -58
43 -58
43 -58
43 -58
43 -58
43 -58
43 -58
43 -58
43 -58
43 -58
43 -58
43 -58
43 -58
43 -58
43 -58
43 -58
43 -58
43 -58
43 -58
43 -58
43 -58
43 -58
43 -58
43 -58
43 -58
43 -58
43 -58
43 -58
43 -58
38 -62
35 -66
35 -66
35 -66
35 -66
35 -66
35 -66
35 -66
35 -66
35 -66
35 -66
35 -66
35 -66
35 -66
35 -66
35 -66
30 -72
30 -72
30 -72
30 -72
30 -72
30 -72
30 -72
30 -72
30 -72
30 -72
30 -72
30 -72
30 -72
30 -72
30 -72
30 -72
30 -72
30 -72
30 -72
30 -72
30 -72
30 -72
30 -72
30 -72
30 -72
30 -72
30 -72
30 -72
30 -72
30 -72
30 -72
26 -72
26 -72
26 -72
26 -72
26 -72
26 -72
26 -72
26 -72
26 -72
26 -72
26 -72
26 -72
26 -72
26 -72
26 -72
26 -72
26 -72
27 -72
27 -72
27 -72
27 -72
27 -72
27 -72
27 -72
27 -72
27 -72
27 -72
27 -72
27 -72
27 -72
27 -72
27 -72
27 -72
27 -72
27 -72
27 -72
27 -72
27 -72
27 -72
27 -72
27 -72
27 -72
27 -72
27 -72
27 -72
27 -72
27 -72
27 -72
27 -72
27 -72
29 -75
29 -75
29 -75
29 -75
29 -75
29 -75
29 -75
29 -75
29 -75
29 -75
29 -75
29 -75
29 -75
29 -75
29 -75
29 -75
29 -75
28 -78
28 -78
28 -78
28 -78
28 -78
28 -78
28 -78
28 -78
28 -78
28 -78
28 -78
28 -78
28 -78
28 -78
28 -78
28 -78
28 -78
24 -78
24 -78
24 -78
24 -78
24 -78
24 -78
24 -78
24 -78
24 -78
24 -78
24 -78
24 -78
24 -78
24 -78
24 -78
24 -78
24 -78
24 -78
24 -78
24 -78
24 -78
24 -78
24 -78
24 -78
24 -78
24 -78
24 -78
24 -78
24 -78
24 -78
24 -78
24 -78
24 -78
24 -78
24 -78
24 -78
24 -78
24 -78
24 -78
24 -78
24 -78
24 -78
24 -78
24 -78
24 -78
24 -78
24 -78
24 -78
24 -78
24 -78
24 -78
24 -78
24 -78
24 -78
27 -77
27 -77
27 -77
27 -77
27 -77
27 -77
27 -77
27 -77
27 -77
27 -77
27 -77
27 -77
27 -77
27 -77
27 -77
27 -77
27 -77
27 -77
31 -82
31 -82
31 -82
31 -82
31 -82
31 -82
31 -82
31 -82
31 -82
31 -82
31 -82
31 -82
31 -82
31 -82
31 -82
31 -82
31 -82
31 -82
31 -82
31 -82
31 -82
31 -82
31 -82
20 -80
20 -80
20 -80
20 -80
20 -80
20 -80
20 -80
20 -80
20 -80
20 -80
20 -80
20 -80
20 -80
20 -80
20 -80
20 -80
20 -80
20 -80
20 -80
20 -80
20 -80
20 -80
20 -80
20 -80
20 -80
20 -80
20 -80
20 -80
20 -80
20 -80
20 -80
20 -80
20 -80
20 -80
20 -80
20 -80
20 -80
20 -80
20 -80
20 -80
20 -80
20 -80
20 -80
20 -80
20 -80
20 -80
10 -73
10 -73
10 -73
10 -73
10 -73
10 -73
10 -73
10 -73
10 -73
10 -73
10 -73
10 -73
10 -73
10 -73
10 -73
10 -73
10 -73
10 -73
7 -70
7 -70
7 -70
7 -70
7 -70
7 -70
7 -70
7 -70
7 -70
7 -70
7 -70
7 -70
7 -70
7 -70
7 -70
3 -73
3 -73
3 -73
3 -73
3 -73
3 -73
3 -73
3 -73
3 -73
3 -73
3 -73
3 -73
3 -73
3 -73
3 -73
3 -73
3 -73
3 -73
3 -73
3 -73
3 -73
3 -73
3 -73
3 -73
3 -73
3 -73
3 -73
3 -73
3 -73
3 -73
3 -73
3 -73
3 -73
3 -73
3 -73
3 -73
3 -73
3 -73
3 -73
3 -73
3 -73
3 -73
3 -73
3 -73
3 -73
3 -73
3 -73
3 -73
3 -73
3 -73
3 -73
4 -63
1 -56
1 -56
1 -56
1 -56
1 -56
1 -56
1 -56
1 -56
1 -56
1 -56
1 -56
1 -56
1 -56
1 -56
1 -56
1 -56
1 -56
1 -56
1 -56
1 -56
1 -56
1 -56
1 -56
1 -56
1 -56
1 -56
1 -56
1 -56
1 -56
1 -56
0 -59
0 -59
0 -59
0 -59
0 -59
0 -59
0 -59
0 -59
0 -59
0 -59
0 -59
0 -59
0 -59
0 -59
0 -59
0 -59
0 -59
0 -59
0 -55
0 -55
0 -55
0 -55
0 -55
0 -55
0 -55
0 -55
0 -55
0 -55
0 -55
0 -55
0 -55
0 -55
-2 -54
-2 -54
-2 -54
-2 -54
-2 -54
-2 -54
-2 -54
-2 -54
-2 -54
-2 -54
-2 -54
-2 -54
-2 -54
-2 -54
-2 -54
-2 -54
-2 -54
-2 -54
-2 -54
-2 -54
-2 -54
-2 -54
-2 -54
-2 -54
-2 -54
-2 -54
-2 -54
-2 -54
-2 -54
-2 -54
-2 -54
-2 -54
-2 -54
-2 -54
-2 -54
-2 -54
-2 -54
-2 -54
-2 -54
-2 -54
-2 -54
-2 -54
-2 -54
-2 -54
-2 -54
-2 -54
-2 -54
-2 -54
-2 -54
-2 -52
-8 -49
-8 -49
-8 -49
-8 -49
-8 -49
-8 -49
-8 -49
-8 -49
-8 -49
-8 -49
-8 -49
-8 -49
-8 -49
-8 -49
-8 -49
-8 -49
-8 -49
-8 -49
-8 -49
-8 -49
-8 -49
-8 -49
-8 -49
-8 -49
-8 -49
-8 -49
-8 -49
-8 -49
-8 -49
-8 -49
-8 -49
-8 -49
-8 -49
-8 -49
-8 -49
-8 -49
-8 -49
-8 -49
-8 -53
-8 -53
-8 -53
-8 -53
-8 -53
-8 -53
-8 -53
-8 -53
-8 -53
-8 -53
-8 -53
-8 -53
-8 -53
-8 -53
-8 -53
-8 -53
-8 -53
-8 -53
-8 -53
-8 -53
-8 -53
-8 -53
-8 -53
-8 -53
-8 -53
-8 -53
-8 -53
-8 -53
-8 -53
-8 -53
-8 -53
-8 -53
-8 -53
-8 -53
-8 -53
-8 -53
-8 -53
-8 -53
-8 -53
-15 -52
-12 -57
-12 -57
-12 -57
-12 -57
-12 -57
-12 -57
-12 -57
-12 -57
-12 -57
-12 -57
-12 -57
-12 -57
-12 -57
-12 -57
-12 -57
-12 -57
-12 -57
-12 -57
-12 -57
-12 -57
-12 -57
-12 -57
-12 -57
-12 -57
-12 -57
-12 -57
-12 -57
-12 -57
-12 -57
-12 -57
-12 -57
-12 -57
-12 -57
-22 -56
-22 -56
-22 -56
-22 -56
-22 -56
-22 -56
-22 -56
-22 -56
-22 -56
-22 -56
-22 -56
-22 -56
-22 -56
-22 -56
-22 -56
-22 -56
-22 -56
-22 -56
-22 -56
-22 -56
-22 -56
-22 -56
-22 -56
-22 -56
-22 -56
-22 -56
-22 -56
-22 -56
-22 -56
-22 -56
-22 -56
-22 -56
-22 -56
-22 -56
-26 -57
-26 -57
-26 -57
-26 -57
-26 -57
-26 -57
-26 -57
-26 -57
-26 -57
-26 -57
-26 -57
-26 -57
-26 -57
-26 -57
-26 -57
-26 -57
-26 -57
-26 -57
-26 -57
-26 -57
-26 -57
-26 -57
-26 -57
-26 -57
-26 -57
-26 -57
-26 -57
-26 -57
-26 -57
-26 -57
-26 -57
-26 -57
-27 -64
-27 -64
-27 -64
-27 -64
-27 -64
-27 -64
-27 -64
-27 -64
-27 -64
-27 -64
-27 -64
-27 -64
-27 -64
-27 -64
-27 -64
-19 -64
-19 -64
-19 -64
-19 -64
-19 -64
-19 -64
-19 -64
-19 -64
-19 -64
-19 -64
-19 -64
-19 -64
-19 -64
-19 -64
-19 -64
-19 -64
-19 -64
-19 -64
-19 -64
-19 -64
-19 -64
-19 -64
-19 -64
-19 -64
-19 -64
-19 -64
-19 -64
-19 -64
-19 -64
-19 -64
-29 -65
-29 -65
-29 -65
-29 -65
-29 -65
-29 -65
-29 -65
-29 -65
-29 -65
-29 -65
-29 -65
-29 -65
-29 -65
-29 -65
-29 -65
-33 -63
-33 -63
-33 -63
-33 -63
-33 -63
-33 -63
-33 -63
-33 -63
-33 -63
-33 -63
-33 -63
-33 -63
-33 -63
-33 -63
-33 -63
-33 -63
-35 -70
-35 -70
-35 -70
-35 -70
-35 -70
-35 -70
-35 -70
-35 -70
-35 -70
-35 -70
-35 -70
-35 -70
-35 -70
-35 -70
-35 -70
-35 -70
-35 -70
-35 -70
-35 -70
-35 -70
-35 -70
-35 -70
-35 -70
-35 -70
-35 -70
-35 -70
-35 -70
-35 -70
-35 -70
-35 -70
-40 -60
-40 -60
-40 -60
-40 -60
-40 -60
-40 -60
-40 -60
-40 -60
-40 -60
-40 -60
-40 -60
-40 -60
-40 -60
-40 -60
-40 -60
-40 -60
-40 -60
-40 -60
-40 -60
-40 -60
-40 -60
-40 -60
-40 -60
-40 -60
-40 -60
-40 -60
-40 -60
-40 -60
-40 -60
-40 -60
-44 -60
-44 -60
-44 -60
-44 -60
-44 -60
-44 -60
-44 -60
-44 -60
-44 -60
-44 -60
-44 -60
-44 -60
-44 -60
-44 -60
-52 -53
-52 -53
-52 -53
-52 -53
-52 -53
-52 -53
-52 -53
-52 -53
-52 -53
-52 -53
-52 -53
-52 -53
-52 -53
-52 -53
-52 -53
-52 -53
-52 -53
-52 -53
-52 -53
-52 -53
-52 -53
-52 -53
-52 -53
-52 -53
-52 -53
-52 -53
-52 -53
-52 -53
-52 -53
-52 -53
-52 -53
-52 -53
-52 -53
-52 -53
-52 -53
-52 -53
-52 -53
-52 -53
-52 -53
-52 -53
-52 -53
-52 -53
-52 -53
-52 -53
-52 -53
-52 -53
-52 -53
-52 -53
-52 -53
-63 -43
-63 -43
-63 -43
-63 -43
-63 -43
-63 -43
-63 -43
-63 -43
-63 -43
-63 -43
-63 -43
-63 -43
-63 -43
-63 -43
-63 -43
-63 -43
-63 -43
-63 -43
-63 -43
-63 -43
-63 -43
-63 -43
-63 -43
-63 -43
-63 -43
-63 -43
-63 -43
-63 -43
-63 -43
-63 -43
-63 -43
-63 -43
-63 -43
-63 -43
-63 -43
-68 -47
-68 -35
-68 -35
-68 -35
-68 -35
-68 -35
-68 -35
-68 -35
-68 -35
-68 -35
-68 -35
-68 -35
-68 -35
-68 -35
-68 -35
-68 -35
-68 -35
-68 -35
-68 -35
-68 -35
-68 -35
-68 -35
-68 -35
-68 -35
-68 -35
-68 -35
-68 -35
-68 -35
-68 -35
-68 -35
-68 -35
-68 -35
-68 -35
-68 -35
-76 -32
-76 -32
-76 -32
-76 -32
-76 -32
-76 -32
-76 -32
-76 -32
-76 -32
-76 -32
-76 -32
-76 -32
-76 -32
-76 -32
-76 -32
-76 -32
-76 -32
-77 -38
-77 -38
-77 -38
-77 -38
-77 -38
-77 -38
-77 -38
-77 -38
-77 -38
-77 -38
-77 -38
-77 -38
-77 -38
-71 -30
-71 -30
-71 -30
-71 -30
-71 -30
-71 -30
-71 -30
-71 -30
-71 -30
-71 -30
-71 -30
-71 -30
-71 -30
-71 -30
-71 -30
-71 -30
-71 -30
-71 -30
-71 -30
-71 -30
-71 -30
-71 -30
-71 -30
-71 -30
-71 -30
-71 -30
-71 -30
-71 -30
-71 -30
-71 -30
-71 -30
-71 -30
-71 -30
-71 -30
-71 -30
-71 -30
-71 -30
-71 -30
-71 -30
-71 -30
-71 -30
-71 -30
-71 -30
-71 -30
-71 -30
-71 -30
-71 -30
-71 -30
-71 -30
-74 -24
-87 -26
-87 -26
-87 -26
-87 -26
-87 -26
-87 -26
-87 -26
-87 -26
-87 -26
-87 -26
-87 -26
-87 -26
-87 -26
-87 -26
-87 -26
-87 -26
-87 -26
-77 -19
-77 -19
-77 -19
-77 -19
-77 -19
-77 -19
-77 -19
-77 -19
-77 -19
-77 -19
-77 -19
-77 -19
-77 -19
-77 -19
-77 -19
-77 -19
-77 -19
-77 -19
-77 -19
-77 -19
-77 -19
-77 -19
-77 -19
-77 -19
-77 -19
-77 -19
-77 -19
-77 -19
-77 -19
-77 -19
-77 -19
-77 -19
-77 -19
-77 -19
-77 -19
-77 -19
-77 -19
-77 -19
-77 -19
-79 -17
-79 -17
-79 -17
-79 -17
-79 -17
-79 -17
-79 -17
-79 -17
-79 -17
-79 -17
-79 -17
-79 -17
-79 -17
-79 -17
-79 -17
-79 -17
-79 -17
-79 -17
-79 -17
-81 -18
-81 -18
-81 -18
-81 -18
-81 -18
-81 -18
-81 -18
-81 -18
-81 -18
-81 -18
-81 -18
-81 -18
-81 -18
-81 -18
-81 -18
-81 -18
-81 -18
-81 -18
-81 -18
-81 -18
-81 -18
-81 -18
-81 -18
-81 -18
-81 -18
-81 -18
-81 -18
-81 -18
-81 -18
-81 -18
-81 -18
-81 -18
-81 -18
-81 -18
-81 -18
-81 -18
-81 -18
-81 -18
-81 -18
-81 -18
-81 -18
-81 -18
-81 -18
-81 -18
-81 -18
-81 -18
-81 -18
-81 -18
-81 -18
-81 -18
-81 -18
-81 -18
-81 -18
-81 -18
-81 -18
-81 -18
-81 -18
-81 -18
-81 -18
-81 -18
-81 -18
-81 -18
-81 -18
-81 -18
-81 -18
-81 -18
-81 -18
-81 -18
-81 -18
-81 -18
-81 -18
-81 -18
-81 -18
-73 -19
-84 -7
-84 -7
-84 -7
-84 -7
-84 -7
-84 -7
-84 -7
-84 -7
-84 -7
-84 -7
-84 -7
-84 -7
-84 -7
-84 -7
-84 -7
-84 -7
-84 -7
-84 -7
-84 -7
-84 -7
-84 -7
-84 -7
-84 -7
-84 -7
-84 -7
-84 -7
-84 -7
-84 -7
-95 -9
-95 -9
-95 -9
-95 -9
-95 -9
-95 -9
-95 -9
-95 -9
-95 -9
-95 -9
-95 -9
-95 -9
-95 -9
-95 -9
-95 -9
-95 -9
-91 -7
-91 -7
-91 -7
-91 -7
-91 -7
-91 -7
-91 -7
-91 -7
-91 -7
-91 -7
-91 -7
-91 -7
-91 -7
-91 -7
-91 -7
-91 -7
-91 -7
-91 -7
-91 -7
-91 -7
-91 -7
-91 -7
-91 -7
-91 -7
-91 -7
-91 -7
-91 -7
-91 -7
-91 -7
-91 -7
-91 -7
-91 -7
-91 -7
-91 -4
-91 -4
-91 -4
-91 -4
-91 -4
-91 -4
-91 -4
-91 -4
-91 -4
-91 -4
-91 -4
-91 -4
-91 -4
-91 -4
-91 -4
-91 -4
-91 -4
-91 -4
-91 -4
-91 -4
-91 -4
-91 -4
-91 -4
-91 -4
-91 -4
-91 -4
-91 -4
-91 -4
-91 -4
-91 -4
-91 -4
-93 -6
-100 -3
-100 -3
-100 -3
-100 -3
-100 -3
-100 -3
-100 -3
-100 -3
-100 -3
-100 -3
-100 -3
-100 -3
-100 -3
-100 -3
-100 -3
-100 -3
-100 -3
-100 -3
-100 -3
-100 -3
-100 -3
-100 -3
-100 -3
-100 -3
-100 -3
-100 -3
-100 -3
-100 -3
-100 -3
-100 -3
-100 -3
-100 -3
-100 -3
-100 -3
-100 -3
-100 -3
-100 -3
-100 -3
-100 -3
-100 -3
-100 -3
-100 -3
-100 -3
-100 -3
-100 -3
-100 -3
-100 -3
-100 -3
-100 -3
-100 -3
-100 -3
-100 -3
-97 0
-96 0
-96 0
-96 0
-96 0
-96 0
-96 0
-96 0
-96 0
-96 0
-96 0
-96 0
-96 0
-96 0
-96 0
-96 0
-96 0
-96 0
-96 0
-96 0
-96 0
-96 0
-96 0
-96 0
-96 0
-96 0
-96 0
-96 0
-96 0
-96 0
-96 0
-96 0
-96 0
-96 0
-96 0
-96 0
-96 0
-96 0
-98 -2
-98 -2
-98 -2
-98 -2
-98 -2
-98 -2
-98 -2
-98 -2
-98 -2
-98 -2
-98 -2
-98 -2
-98 -2
-98 -2
-98 -2
-98 -2
-98 -2
-98 -2
-98 -2
-98 -2
-98 -2
-98 -2
-98 -2
-98 -2
-98 -2
-98 -2
-98 -2
-98 -2
-98 -2
-98 -2
-98 -2
-98 -2
-98 -2
-98 -2
-98 -2
-91 -1
-91 -1
-91 -1
-91 -1
-91 -1
-91 -1
-91 -1
-91 -1
-91 -1
-91 -1
-91 -1
-91 -1
-91 -1
-91 -1
-91 -1
-91 -1
-91 -1
-102 -3
-102 -3
-102 -3
-102 -3
-102 -3
-102 -3
-102 -3
-102 -3
-102 -3
-102 -3
-102 -3
-102 -3
-102 -3
-102 -3
-102 -3
-102 -3
-102 -3
-102 -3
-102 -3
-102 -3
-102 -3
-102 -3
-102 -3
-102 -3
-102 -3
-102 -3
-102 -3
-102 -3
-102 -3
-102 -3
-102 -3
-102 -3
-102 -3
-102 -3
-100 -6
-110 0
-110 0
-110 0
-110 0
-110 0
-110 0
-110 0
-110 0
-110 0
-110 0
-110 0
-110 0
-110 0
-110 0
-98 -2
-98 -2
-98 -2
-98 -2
-98 -2
-98 -2
-98 -2
-98 -2
-98 -2
-98 -2
-98 -2
-98 -2
-98 -2
-98 -2
-98 -2
-98 -2
-98 -2
-98 -2
-98 -2
-98 -2
-98 -2
-98 -2
-98 -2
-98 -2
-98 -2
-98 -2
-98 -2
-98 -2
-112 -1
-112 -1
-112 -1
-112 -1
-112 -1
-112 -1
-112 -1
-112 -1
-112 -1
-112 -1
-112 -1
-112 -1
-112 -1
-112 -1
-112 -1
-112 -1
-99 4
-99 4
-99 4
-99 4
-99 4
-99 4
-99 4
-99 4
-99 4
-99 4
-99 4
-99 4
-99 4
-99 4
-99 4
-99 4
-99 4
-99 4
-99 4
-99 4
-99 4
-99 4
-99 4
-99 4
-99 4
-99 4
-99 4
-99 4
-99 4
-99 4
-99 4
-99 4
-99 4
-101 6
-101 6
-101 6
-101 6
-101 6
-101 6
-101 6
-101 6
-101 6
-101 6
-101 6
-101 6
-101 6
-101 6
-101 6
-101 6
-101 6
-101 6
-101 6
-101 6
-101 6
-101 6
-101 6
-101 6
-101 6
-101 6
-101 6
-101 6
-101 6
-101 6
-101 6
-101 6
-101 6
-101 6
-96 9
-98 4
-98 4
-98 4
-98 4
-98 4
-98 4
-98 4
-98 4
-98 4
-98 4
-98 4
-98 4
-98 4
-98 4
-98 4
-98 4
-98 4
-98 4
-98 4
-98 4
-98 4
-98 4
-98 4
-98 4
-98 4
-98 4
-98 4
-98 4
-98 4
-98 4
-98 4
-106 11
-106 11
-106 11
-106 11
-106 11
-106 11
-106 11
-106 11
-106 11
-106 11
-106 11
-106 11
-106 11
-106 11
-106 11
-106 11
-106 11
-106 11
-103 7
-103 7
-103 7
-103 7
-103 7
-103 7
-103 7
-103 7
-103 7
-103 7
-103 7
-103 7
-103 7
-103 7
-103 7
-103 7
-103 7
-103 7
-103 7
-108 29
-108 29
-108 29
-108 29
-108 29
-108 29
-108 29
-108 29
-108 29
-108 29
-108 29
-108 29
-108 29
-108 29
-108 29
-108 29
-108 29
-108 29
-108 29
-108 29
-108 29
-108 29
-108 29
-108 29
-108 29
-108 29
-108 29
-108 29
-108 29
-108 29
-108 29
-108 29
-108 29
-108 29
-108 29
-108 29
-108 29
-108 29
-108 29
-108 29
-108 29
-108 29
-108 29
-108 29
-108 29
-108 29
-108 29
-108 29
-108 29
-108 29
-108 29
-108 29
-108 29
-110 32
-110 32
-110 32
-110 32
-110 32
-110 32
-110 32
-110 32
-110 32
-110 32
-110 32
-110 32
-110 32
-110 32
-110 32
-110 32
-110 32
-110 32
-110 32
-110 32
-110 32
-110 32
-110 32
-110 32
-110 32
-110 32
-110 32
-110 32
-110 32
-110 32
-110 32
-110 32
-110 32
-110 32
-116 24
-116 30
-116 30
-116 30
-116 30
-116 30
-116 30
-116 30
-116 30
-116 30
-116 30
-116 30
-116 30
-116 30
-116 30
-116 30
-115 44
-115 44
-115 44
-115 44
-115 44
-115 44
-115 44
-115 44
-115 44
-115 44
-115 44
-115 44
-115 44
-115 44
-115 44
-115 44
-115 44
-115 44
-115 44
-115 44
-115 44
-115 44
-115 44
-115 44
-115 44
-115 44
-115 44
-115 44
-115 44
-115 44
-115 44
-115 44
-124 41
-124 41
-124 41
-124 41
-124 41
-124 41
-124 41
-124 41
-124 41
-124 41
-124 41
-124 41
-124 41
-124 41
-124 41
-124 41
-124 41
-124 41
-124 41
-124 41
-124 41
-124 41
-124 41
-124 41
-124 41
-124 41
-124 41
-124 41
-124 41
-124 41
-124 41
-124 41
-124 41
-124 41
-124 41
-124 41
-124 41
-124 41
-124 41
-124 41
-124 41
-124 41
-124 41
-124 41
-124 41
-124 41
-124 41
-124 41
-124 41
-124 41
-124 41
-124 41
-124 41
-124 41
-124 41
-124 41
-124 41
-124 41
-124 41
-124 41
-124 41
-124 41
-124 41
-124 41
-124 41
-124 41
-124 41
-124 41
-124 41
-124 41
-124 41
-124 41
-124 41
-124 41
-124 41
-124 41
-124 41
-124 41
-124 41
-124 41
-124 41
-109 46
-105 52
-105 58
-105 58
-105 58
-105 58
-105 58
-105 58
-105 58
-105 58
-105 58
-105 58
-105 58
-105 58
-105 58
-105 58
-105 58
-105 58
-105 58
-105 58
-105 58
-105 58
-105 58
-105 58
-105 58
-105 58
-105 58
-105 58
-105 58
-102 64
-102 64
-102 64
-102 64
-102 64
-102 64
-102 64
-102 64
-102 64
-102 64
-102 64
-102 64
-102 64
-94 60
-94 60
-94 60
-94 60
-94 60
-94 60
-94 60
-94 60
-94 60
-94 60
-94 60
-94 60
-94 60
-94 60
-94 60
-94 60
-94 60
-94 60
-94 60
-94 60
-94 60
-94 60
-94 60
-94 60
-94 60
-94 60
-94 60
-94 60
-94 60
-94 60
-94 60
-94 60
-94 60
-94 60
-94 60
-94 60
-94 60
-94 60
-94 60
-94 60
-94 60
-94 60
-94 60
-94 60
-94 60
-94 60
-94 60
-94 60
-94 60
-94 60
-94 60
-94 60
-94 60
-94 60
-94 60
-94 60
-94 60
-94 60
-94 60
-81 60
-81 60
-81 60
-81 60
-81 60
-81 60
-81 60
-81 60
-81 60
-81 60
-81 60
-81 60
-81 60
-81 60
-81 60
-81 60
-88 65
-76 64
-76 64
-76 64
-76 64
-76 64
-76 64
-76 64
-76 64
-76 64
-76 64
-76 64
-76 64
-76 64
-76 64
-76 64
-76 64
-76 64
-76 64
-76 64
-76 64
-76 64
-76 64
-76 64
-76 64
-76 64
-76 64
-76 64
-76 64
-76 64
-76 64
-76 64
-76 64
-85 67
-85 67
-85 67
-85 67
-85 67
-85 67
-85 67
-85 67
-85 67
-85 67
-85 67
-85 67
-85 67
-85 67
-85 67
-85 67
-85 67
-85 67
-60 67
-60 67
-60 67
-60 67
-60 67
-60 67
-60 67
-60 67
-60 67
-60 67
-60 67
-60 67
-60 67
-60 67
-60 67
-60 67
-60 67
-60 67
-60 67
-60 67
-60 67
-60 67
-60 67
-60 67
-60 67
-60 67
-60 67
-60 67
-60 67
-60 67
-60 67
-60 67
-60 67
-60 67
-60 67
-58 69
-58 69
-58 69
-58 69
-58 69
-58 69
-58 69
-58 69
-58 69
-58 69
-58 69
-58 69
-58 69
-58 69
-58 69
-58 69
-58 69
-58 69
-58 69
-58 69
-58 69
-58 69
-58 69
-58 69
-58 69
-58 69
-58 69
-58 69
-58 69
-58 69
-58 69
-58 69
-58 69
-58 69
-58 69
-45 76
-45 76
-45 76
-45 76
-45 76
-45 76
-45 76
-45 76
-45 76
-45 76
-45 76
-45 76
-45 76
-45 76
-45 76
-45 76
-45 76
-45 76
-45 76
-45 76
-45 76
-45 76
-45 76
-45 76
-45 76
-45 76
-45 76
-45 76
-45 76
-45 76
-45 76
-45 76
-45 76
-45 76
-45 76
-45 76
-45 76
-45 76
-45 76
-45 76
-45 76
-43 67
-43 67
-43 67
-43 67
-43 67
-43 67
-43 67
-43 67
-43 67
-43 67
-43 67
-43 67
-43 67
-43 67
-43 67
-43 67
-43 67
-43 67
-43 67
-43 67
-43 67
-43 67
-43 67
-43 67
-40 67
-40 67
-40 67
-40 67
-40 67
-40 67
-40 67
-40 67
-40 67
-40 67
-40 67
-40 67
-40 67
-40 67
-40 67
-40 67
-40 67
-40 67
-40 67
-40 67
-40 67
-40 67
-40 67
-40 67
-40 67
-40 67
-40 67
-40 67
-40 67
-40 67
-40 67
-40 67
-40 67
-40 67
-40 67
-40 67
-40 67
-40 67
-40 67
-40 67
-40 67
-40 67
-40 67
-40 67
-40 67
-40 67
-40 67
-40 67
-40 67
-40 67
-40 67
-41 70
-41 70
-41 70
-41 70
-41 70
-41 70
-41 70
-41 70
-41 70
-41 70
-41 70
-41 70
-41 70
-41 70
-41 70
-41 70
-41 70
-41 70
-41 70
-41 70
-41 70
-41 70
-41 70
-41 70
-41 70
-41 70
-41 70
-41 70
-41 70
-41 70
-41 70
-41 70
-41 70
-41 70
-41 70
-41 70
-41 70
-41 70
-41 70
-41 70
-41 70
-41 70
-41 70
-41 70
-41 70
-41 70
-41 70
-41 70
-41 70
-41 70
-41 70
-41 70
-41 70
-41 70
-41 70
-41 70
-41 70
-41 70
-41 70
-41 70
-41 70
-41 70
-41 70
-41 70
-41 70
-41 70
-41 70
-41 70
-41 70
-41 70
-41 70
-41 70
-41 70
-41 70
-31 62
-31 62
-31 62
-31 62
-31 62
-31 62
-31 62
-31 62
-31 62
-31 62
-31 62
-31 62
-31 62
-31 62
-31 62
-31 62
-31 62
-31 62
-31 62
-31 62
-31 62
-31 62
-31 62
-31 62
-31 62
-31 62
-31 62
-31 62
-31 62
-31 62
-31 62
-31 62
-31 62
-31 62
-31 62
-31 62
-31 62
-22 62
-23 60
-23 60
-23 60
-23 60
-23 60
-23 60
-23 60
-23 60
-23 60
-23 60
-23 60
-23 60
-23 60
-23 60
-23 60
-23 60
-23 60
-23 60
-23 60
-23 60
-16 49
-16 49
-16 49
-16 49
-16 49
-16 49
-16 49
-16 49
-16 49
-16 49
-16 49
-16 49
-16 49
-16 49
-16 49
-16 49
-16 49
-16 49
-16 49
-16 49
-16 49
-16 49
-16 49
-16 49
-16 49
-16 49
-16 49
-16 49
-16 49
-16 49
-16 49
-16 49
-16 49
-16 49
-16 49
-16 49
-16 49
-16 49
-16 49
-16 49
-16 49
-16 49
-16 49
-16 49
-16 49
-16 49
-4 51
-4 51
-4 51
-4 51
-4 51
-4 51
-4 51
-4 51
-4 51
-4 51
-4 51
-4 51
-4 51
-4 51
-4 51
-4 51
-4 51
-4 51
-4 51
-4 51
-4 51
-4 51
-4 51
-4 51
-4 51
-4 51
-4 51
-4 51
-4 51
-4 51
-4 51
-4 51
-4 51
-4 51
-4 51
-4 51
-4 51
-4 51
-4 51
-4 51
-4 51
-4 51
-4 51
-4 51
-4 51
-4 51
-7 45
-7 45
-7 45
-7 45
-7 45
-7 45
-7 45
-7 45
-7 45
-7 45
-7 45
-7 45
-7 45
-7 45
-7 45
-7 45
-7 45
-7 45
-7 45
-7 45
-7 45
-7 45
-7 45
-7 45
-7 45
-7 45
-7 45
-7 45
-7 45
-7 45
-7 45
-7 45
-7 45
-7 45
-7 45
-7 45
-7 45
-7 45
-7 45
-6 43
2 33
2 33
2 33
2 33
2 33
2 33
2 33
2 33
2 33
2 33
2 33
2 33
2 33
2 33
2 33
2 33
2 33
2 33
2 33
2 33
2 33
2 33
2 33
2 33
2 33
2 33
2 33
2 33
2 33
2 33
2 33
2 33
2 33
2 33
2 33
-2 28
-2 28
-2 28
-2 28
-2 28
-2 28
-2 28
-2 28
-2 28
-2 28
-2 28
-2 28
-2 28
-2 28
0 24
0 24
0 24
0 24
0 24
0 24
0 24
0 24
0 24
0 24
0 24
0 24
0 24
-1 15
-1 15
-1 15
-1 15
-1 15
-1 15
-1 15
-1 15
-1 15
-1 15
-1 15
-1 15
-1 15
-1 15
-1 15
-1 15
-1 15
-1 15
-1 15
-1 15
-1 15
-1 15
-1 15
-1 15
-1 15
-1 15
-1 15
-1 15
-1 15
0 11
0 11
0 11
0 11
0 11
0 11
0 11
0 11
0 11
0 11
0 11
0 11
0 11
0 11
0 11
0 11
0 11
0 11
0 11
0 11
0 11
0 11
0 11
0 11
0 11
0 11
0 11
0 11
0 11
0 11
0 7
0 7
0 7
0 7
0 7
0 7
0 7
0 7
0 7
0 7
0 7
0 7
0 7
0 7
0 7
0 7
0 7
0 7
0 7
0 7
0 7
0 7
0 7
0 7
0 7
0 7
0 7
0 7
0 7
0 7
0 7
0 7
0 7
0 7
-3 10
-3 10
-3 10
-3 10
-3 10
-3 10
-3 10
-3 10
-3 10
-3 10
-3 10
-3 10
-3 10
-3 10
-3 10
-3 10
-3 10
-3 10
-3 10
-3 10
-3 10
-3 10
-3 10
-3 10
-3 10
-3 10
-3 10
-3 10
-3 10
-3 10
-3 10
-3 10
-3 10
-3 10
-3 10
-3 10
-3 10
-3 10
-3 10
-3 10
-3 10
-3 10
-3 10
-3 10
-3 10
-3 10
-3 10
-3 10
-3 10
-3 10
-3 10
0 9
0 9
0 9
0 9
0 9
0 9
0 9
0 9
0 9
0 9
0 9
0 9
0 9
0 9
0 9
0 9
0 9
0 9
0 9
0 9
0 9
0 9
0 9
0 9
0 9
0 9
0 9
0 9
0 9
0 9
0 9
0 9
0 9
0 9
0 9
0 9
0 9
0 9
-1 11
-2 11
-2 11
-2 11
-2 11
-2 11
-2 11
-2 11
-2 11
-2 11
-2 11
-2 11
-2 11
-2 11
-2 11
-2 11
-2 11
-2 11
-2 11
-2 11
-2 11
-2 11
-2 11
-2 11
-2 11
-2 11
-2 11
-2 11
-2 11
-2 11
-2 11
-2 11
-2 11
-2 11
-2 11
-2 11
-2 11
-3 5
-3 5
-3 5
-3 5
-3 5
-3 5
-3 5
-3 5
-3 5
-3 5
-3 5
-3 5
-3 5
-3 5
-3 5
-3 5
-3 5
-3 5
-3 5
-1 7
-1 7
-1 7
-1 7
-1 7
-1 7
-1 7
-1 7
-1 7
-1 7
-1 7
-1 7
-1 7
-1 7
-1 7
-1 7
-1 7
-1 7
-1 7
-2 6
-2 6
-2 6
-2 6
-2 6
-2 6
-2 6
-2 6
-2 6
-2 6
-2 6
-2 6
-2 6
-2 6
-2 6
-2 6
-2 6
-2 6
-2 6
-2 6
-2 6
-2 6
-2 6
-2 6
-2 6
-2 6
-2 6
-2 6
-2 6
-2 6
-2 6
-2 6
-2 6
-2 6
-2 6
0 5
0 5
0 5
0 5
0 5
0 5
0 5
0 5
0 5
0 5
0 5
0 5
0 5
0 5
0 5
0 5
0 5
0 5
0 5
0 5
0 5
0 5
0 5
0 5
0 5
0 5
0 5
0 5
0 5
0 5
0 5
0 5
0 5
0 5
0 5
-2 1
-2 1
-2 1
-2 1
-2 1
-2 1
-2 1
-2 1
-2 1
-2 1
-2 1
-2 1
-2 1
-2 1
-2 1
-2 1
-2 1
-2 1
-2 1
-2 1
-2 1
-2 1
-2 1
-2 1
-2 1
-2 1
-2 1
-2 1
-2 1
-2 1
-2 1
-2 1
-2 1
-2 1
-2 1
-2 1
-2 1
-2 1
-2 1
-2 1
-2 1
-2 1
-2 1
-2 1
-2 1
-2 1
-2 1
-2 1
-2 1
-2 1
-2 1
-2 1
-2 1
-2 1
-2 1
-2 1
-2 1
-2 1
-2 1
-2 1
-2 1
-2 1
-2 1
-2 1
-2 1
-2 1
-2 1
-2 1
-2 1
-2 1
-2 1
-2 1
-2 1
-2 1
-2 1
-2 1
-2 1
-2 1
-2 1
-2 1
-2 1
-2 1
-2 1
-2 1
-2 1
-2 1
-2 1
-2 1
-2 1
-2 1
-2 1
-2 1
-2 1
-2 1
-2 1
-2 1
-2 1
-2 1
-2 1
-2 1
-2 1
-2 1
-2 1
-2 1
-2 1
-2 1
-2 1
-2 1
-2 1
-2 1
-2 1
-2 1
-2 1
-2 1
-2 1
-2 1
-2 1
-2 1
-2 1
-2 1
-2 1
-2 1
-2 1
-2 1
-2 1
-2 1
-2 1
-2 1
-2 1
-2 1
-2 1
-2 1
-2 1
-2 1
-2 1
-2 1
-2 1
-2 1
-2 1
-2 1
-2 1
-2 1
-2 1
-2 1
-2 1
-2 1
-1 0
-1 0
-1 0
-1 0
-1 0
-1 0
-1 0
-1 0
-1 0
-1 0
-1 0
-1 0
-1 0
-1 0
-1 0
-1 0
-1 0
-1 0
-1 0
-1 0
-1 0
-1 0
-1 0
-1 0
-1 0
-1 0
-1 0
-1 0
-1 0
-1 0
-1 0
-1 0
-1 0
-1 0
-1 0
-1 0
-1 0
-1 0
-1 0
-1 0
-1 0
-1 0
-1 0
-1 0
-1 0
-1 0
-1 0
-1 0
-1 0
-1 0
-1 0
-1 0
-1 0
-1 0
-1 0
-1 0
-1 0
-1 0
-1 0
-1 0
-1 0
-1 0
-1 0
-1 0
-1 0
-1 0
-1 0
-1 0
-1 0
-1 0
-1 0
-1 0
-1 0
-1 0
-1 0
-1 0
-1 0
-1 0
-1 0
-1 0
-1 0
-1 0
-1 0
-1 0
-1 0
-1 0
-1 0
-1 0
-1 0
-1 0
-1 0
-1 0
-1 0
-1 0
-1 0
-1 0
-1 0
-1 0
-1 0
-1 0
-1 0
-1 0
-1 0
-1 0
-1 0
-1 0
-1 0
-1 0
-1 0
-1 0
-1 0
-1 0
-1 0
-1 0
-1 0
-1 0
-1 0
-1 0
-1 0
-1 0
-1 0
-1 0
-1 0
-1 0
-1 0
-1 0
-1 0
-1 0
-1 0
-1 0
-1 0
-1 0
-1 0
-1 0
-1 0
-1 0
-1 0
-1 0
-1 0
-1 0
-1 0
-1 0
-1 0
-1 0
-1 0
-1 0
-1 0
-1 0
-1 0
-1 0
-1 0
-1 0
-1 0
-1 0
-1 0
-1 0
-1 0
-1 0
-1 0
-1 0
-1 0
-1 0
-1 0
-1 0
-1 0
-1 0
-1 0
-1 0
-1 0
-1 0
-1 0
-1 0
-1 0
-1 0
-1 0
-1 0
-1 0
-1 0
-1 0
-1 0
-1 0
-1 0
-1 0
-1 0
-1 0
-1 0
-1 0
-1 0
-1 0
-1 0
-1 0
-1 0
-1 0
-1 0
-1 0
-1 0
-1 0
-1 0
-1 0
-1 0
-1 0
-1 0
-1 0
-1 0
-1 0
-1 0
-1 0
-1 0
-1 0
-1 0
-1 0
-1 0
-1 0
-1 0
-1 0
-1 0
-1 0
-1 0
-1 0
-1 0
-1 0
-1 0
-1 0
-1 0
-1 0
-1 0
-1 0
-1 0
-1 0
-1 0
-1 0
-1 0
-1 0
-1 0
-1 0
-1 0
-1 0
-1 0
-1 0
-1 0
-1 0
-1 0
-1 0
-1 0
-1 0
-1 0
-1 0
-1 0
-1 0
-1 0
-1 0
-1 0
-1 0
-1 0
-1 0
-1 0
-1 0
-1 0
-1 0
-1 0
-1 0
-1 0
-1 0
-1 0
-1 0
-1 0
-1 0
-1 0
-1 0
-1 0
-1 0
-1 0
-1 0
-1 0
-1 0
-1 0
-1 0
-1 0
-1 0
-1 0
-1 0
-1 0
-1 0
-1 0
-1 0
-1 0
-1 0
-1 0
-1 0
-1 0
-1 0
-1 0
-1 0
-1 0
-1 0
-1 0
-1 0
-1 0
-1 0
-1 0
-1 0
-1 0
-1 0
-1 0
-1 0
-1 0
-1 0
-1 0
-1 0
-1 0
-1 0
-1 0
-1 0
-1 0
-1 0
-1 0
-1 0
-1 0
-1 0
-1 0
-1 0
-1 0
-1 0
-1 0
-1 0
-1 0
-1 0
-1 0
-1 0
-1 0
-1 0
-1 0
-1 0
-1 0
-1 0
-1 0
-1 0
-1 0
-1 0
-1 0
-1 0
-1 0
-1 0
-1 0
-1 0
-1 0
-1 0
-1 0
-1 0
-1 0
-1 0
-1 0
-1 0
-1 0
-1 0
-1 0
-1 0
-1 0
-1 0
-1 0
-1 0
-1 0
-1 0
-1 0
-1 0
-1 0
-1 0
-1 0
-1 0
-1 0
-1 0
-1 0
-1 0
-1 0
-1 0
-1 0
-1 0
-1 0
-1 0
-1 0
-1 0
-1 0
-1 0
-1 0
-1 0
-1 0
-1 0
-1 0
-1 0
-1 0
-1 0
-1 0
-1 0
-1 0
-1 0
-1 0
-1 0
-1 0
-1 0
-1 0
-1 0
-1 0
-1 0
-1 0
-1 0
-1 0
-1 0
-1 0
-1 0
-1 0
-1 0
-1 0
-1 0
-1 0
-1 0
-1 0
-1 0
-1 0
-1 0
-1 0
-1 0
-1 0
-1 0
-1 0
-1 0
-1 0
-1 0
-1 0
-1 0
-1 0
-1 0
-1 0
-1 0
-1 0
-1 0
-1 0
-1 0
-1 0
-1 0
-1 0
-1 0
-1 0
-1 0
-1 0
-1 0
-1 0
-1 0
-1 0
-1 0
-1 0
-1 0
-1 0
-1 0
-1 0
-1 0
-1 0
-1 0
-1 0
-1 0
-1 0
-1 0
-1 0
-1 0
-1 0
-1 0
-1 0
-1 0
-1 0
-1 0
-1 0
-1 0
-1 0
-1 0
-1 0
-1 0
-1 0
-1 0
-1 0
-1 0
-1 0
-1 0
-1 0
-1 0
-1 0
-1 0
-1 0
-1 0
-1 0
-1 0
-1 0
-1 0
-1 0
-1 0
-1 0
-1 0
-1 0
-1 0
-1 0
-1 0
-1 0
-1 0
-1 0
-1 0
-1 0
-1 0
-1 0
-1 0
-1 0
-1 0
-1 0
-1 0
-1 0
-1 0
-1 0
-1 0
-1 0
-1 0
-1 0
-1 0
-1 0
-1 0
-1 0
-1 0
-1 0
-1 0
-1 0
-1 0
-1 0
-1 0
-1 0
-1 0
-1 0
-1 0
-1 0
-1 0
-1 0
-1 0
-1 0
-1 0
-1 0
-1 0
-1 0
-1 0
-1 0
-1 0
-1 0
-1 0
-1 0
-1 0
-1 0
-1 0
-1 0
-1 0
-1 0
-1 0
-1 0
-1 0
-1 0
-1 0
-1 0
-1 0
-1 0
-1 0
-1 0
-1 0
-1 0
-1 0
-1 0
-1 0
-1 0
-1 0
-1 0
-1 0
-1 0
-1 0
-1 0
-1 0
-1 0
-1 0
-1 0
-1 0
-1 0
-1 0
-1 0
-1 0
-1 0
-1 0
-1 0
-1 0
-1 0
-1 0
-1 0
-1 0
-1 0
-1 0
-1 0
-1 0
-1 0
-1 0
-1 0
-1 0
-1 0
-1 0
-1 0
-1 0
-1 0
-1 0
-1 0
-1 0
-1 0
-1 0
-1 0
-1 0
-1 0
-1 0
-1 0
-1 0
-1 0
-1 0
-1 0
-1 0
-1 0
-1 0
-1 0
-1 0
-1 0
-1 0
-1 0
-1 0
-1 0
-1 0
-1 0
-1 0
-1 0
-1 0
-1 0
-1 0
-1 0
-1 0
-1 0
-1 0
-1 0
-1 0
-1 0
-1 0
-1 0
-1 0
-1 0
-1 0
-1 0
-1 0
-1 0
-1 0
-1 0
-1 0
-1 0
-1 0
-1 0
-1 0
-1 0
-1 0
-1 0
-1 0
-1 0
-1 0
-1 0
-1 0
-1 0
-1 0
-1 0
-1 0
-1 0
-1 0
-1 0
-1 0
-1 0
-1 0
-1 0
-1 0
-1 0
-1 0
-1 0
-1 0
-1 0
-1 0
-1 0
-1 0
-1 0
-1 0
-1 0
-1 0
-1 0
-1 0
-1 0
-1 0
-1 0
-1 0
-1 0
-1 0
-1 0
-1 0
-1 0
-1 0
-1 0
-1 0
-1 0
-1 0
-1 0
-1 0
-1 0
-1 0
-1 0
-1 0
-1 0
-1 0
-1 0
-1 0
-1 0
-1 0
-1 0
-1 0
-1 0
-1 0
-1 0
-1 0
-1 0
-1 0
-1 0
-1 0
-1 0
-1 0
-1 0
-1 0
-1 0
-1 0
-1 0
-1 0
-1 0
-1 0
-1 0
-1 0
-1 0
-1 0
-1 0
-1 0
-1 0
-1 0
-1 0
-1 0
-1 0
-1 0
-1 0
-1 0
-1 0
-1 0
-1 0
-1 0
-1 0
-1 0
-1 0
-1 0
-1 0
-1 0
-1 0
-1 0
-1 0
-1 0
-1 0
-1 0
-1 0
-1 0
-1 0
-1 0
-1 0
-1 0
-1 0
-1 0
-1 0
-1 0
-1 0
-1 0
-1 0
-1 0
-1 0
-1 0
-1 0
-1 0
-1 0
-1 0
-1 0
-1 0
-1 0
-1 0
-1 0
-1 0
-1 0
-1 0
-1 0
-1 0
-1 0
-1 0
-1 0
-1 0
-1 0
-1 0
-1 0
-1 0
-1 0
-1 0
-1 0
-1 0
-1 0
-1 0
-1 0
-1 0
-1 0
-1 0
-1 0
-1 0
-1 0
-1 0
-1 0
-1 0
-1 0
-1 0
-1 0
-1 0
-1 0
-1 0
-1 0
-1 0
-1 0
-1 0
-1 0
-1 0
-1 0
-1 0
-1 0
-1 0
-1 0
-1 0
-1 0
-1 0
-1 0
-1 0
-1 0
-1 0
-1 0
-1 0
-1 0
-1 0
-1 0
-1 0
-1 0
-1 0
-1 0
-1 0
-1 0
-1 0
-1 0
-1 0
-1 0
-1 0
-1 0
-1 0
-1 0
-1 0
-1 0
-1 0
