-16 37
-7 36
-12 37
-15 36
-15 40
-15 45
-15 45
-15 45
-15 45
-15 45
-15 45
-15 45
-15 45
-15 45
-15 45
-15 45
-15 45
-15 45
-15 45
-15 45
-15 45
-15 45
-15 45
-15 45
-15 45
-15 45
-15 45
-15 45
-15 45
-15 45
-15 45
-15 45
-15 45
-15 45
-15 45
-15 45
-15 45
-15 45
-15 45
-15 45
-15 45
-15 45
-8 43
-8 43
-8 43
-8 43
-8 43
-8 43
-8 43
-8 43
-8 43
-8 43
-8 43
-8 43
-8 43
-8 43
-8 43
-8 43
-8 43
-8 43
-8 43
-8 43
-8 43
-8 43
-12 42
-12 42
-12 42
-12 42
-12 42
-12 42
-12 42
-12 42
-12 42
-12 42
-12 42
-12 42
-12 42
-12 42
-12 42
-12 42
-9 41
-9 41
-9 41
-9 41
-9 41
-9 41
-9 41
-9 41
-9 41
-9 41
-9 41
-9 41
-9 41
-9 41
-9 41
-9 41
-9 41
-9 41
-9 41
-9 41
-9 41
-9 41
-9 41
-9 41
-9 41
-9 41
-9 41
-9 41
-9 41
-9 41
-9 41
-9 41
-9 41
-9 41
-9 41
-9 41
-9 41
-9 41
-9 41
-9 38
-9 38
-9 38
-9 38
-9 38
-9 38
-9 38
-9 38
-9 38
-9 38
-9 38
-9 38
-9 38
-9 38
-9 38
-9 38
-9 38
-9 38
-9 38
-9 38
-9 38
-9 38
-9 38
-9 38
-9 38
-9 38
-9 38
-9 38
-9 38
-9 38
-9 38
-9 38
-9 38
-9 38
-9 38
-9 38
-9 38
-9 38
-9 38
-9 38
-12 33
-12 33
-12 33
-12 33
-12 33
-12 33
-12 33
-12 33
-12 33
-12 33
-12 33
-12 33
-12 33
-12 33
-12 33
-12 33
-12 33
-12 33
-12 33
-12 33
-12 33
-12 33
-10 41
-10 41
-10 41
-10 41
-10 41
-10 41
-10 41
-10 41
-10 41
-10 41
-10 41
-10 41
-10 41
-10 41
-10 41
-10 41
-10 41
-10 41
-10 41
-10 41
-10 41
-10 41
-10 41
-10 41
-10 46
-10 46
-10 46
-10 46
-10 46
-10 46
-10 46
-10 46
-10 46
-10 46
-10 46
-10 46
-10 46
-10 46
-10 46
-10 46
-10 46
-10 46
-10 46
-10 46
-10 46
-10 46
-10 46
-10 46
-10 46
-10 46
-10 46
-10 46
-10 46
-10 46
-10 46
-10 46
-10 46
-10 46
-10 46
-10 46
-10 46
-10 46
-10 46
-10 46
-10 46
-10 46
-13 39
-13 39
-13 39
-13 39
-13 39
-13 39
-13 39
-13 39
-13 39
-13 39
-13 39
-13 39
-13 39
-13 39
-13 39
-13 39
-13 39
-13 39
-8 35
-8 35
-8 35
-8 35
-8 35
-8 35
-8 35
-8 35
-8 35
-8 35
-8 35
-8 35
-8 35
-8 35
-8 35
-8 35
-8 35
-8 35
-8 35
-8 35
-8 35
-8 35
-8 35
-8 35
-8 35
-8 35
-8 35
-8 35
-8 35
-8 35
-8 35
-8 35
-8 35
-8 35
-8 35
-8 35
-8 35
-8 35
-5 41
-5 41
-5 41
-5 41
-5 41
-5 41
-5 41
-5 41
-5 41
-5 41
-5 41
-5 41
-5 41
-5 41
-5 41
-5 41
-5 41
-5 41
-5 41
-5 41
-5 41
-7 45
-7 45
-7 45
-7 45
-7 45
-7 45
-7 45
-7 45
-7 45
-7 45
-7 45
-7 45
-7 45
-7 45
-7 45
-7 45
-7 45
-7 45
-7 45
-7 45
-7 45
-7 45
-7 45
-7 45
-7 45
-7 45
-7 45
-7 45
-7 45
-7 45
-7 45
-7 45
-7 45
-7 45
-7 45
-7 45
-7 45
-7 45
-7 45
-7 45
-7 45
-7 45
-9 44
-5 46
-5 46
-5 46
-5 46
-5 46
-5 46
-5 46
-5 46
-5 46
-5 46
-5 46
-5 46
-5 46
-5 46
-5 46
-5 46
-5 46
-5 46
-5 46
-5 46
-5 46
-5 46
-5 46
-5 46
-5 46
-5 46
-5 46
-5 46
-5 46
-5 46
-5 46
-5 46
-5 46
-5 46
-5 46
-5 46
-5 46
-5 46
-5 46
-5 46
-5 46
-5 46
-5 46
-5 46
-5 46
-5 46
-5 46
-5 46
-7 47
-7 47
-7 47
-7 47
-7 47
-7 47
-7 47
-7 47
-7 47
-7 47
-7 47
-7 47
-7 47
-7 47
-7 47
-7 47
-7 47
-7 47
-7 47
-7 47
-7 47
-7 47
-7 47
-7 47
-7 47
-7 47
-8 49
-8 49
-8 49
-8 49
-8 49
-8 49
-8 49
-8 49
-8 49
-8 49
-8 49
-8 49
-8 49
-8 49
-8 49
-8 49
-8 49
-8 49
-8 49
-8 49
-8 49
-8 49
-8 49
-8 49
-8 49
-8 49
-8 49
-8 49
-8 49
-8 49
-8 49
-8 49
-8 49
-8 49
-8 49
-8 49
-8 49
-8 49
-8 49
-8 49
-8 49
-8 49
-8 49
-8 49
-8 49
-8 49
-8 49
-9 43
-9 43
-9 43
-9 43
-9 43
-9 43
-9 43
-9 43
-9 43
-9 43
-9 43
-9 43
-9 43
-9 43
-9 43
-9 43
-9 43
-9 43
-9 43
-9 43
-9 43
-9 43
-9 43
-9 43
-9 43
-9 43
-9 43
-9 43
-9 43
-9 43
-9 43
-9 43
-9 43
-9 43
-9 43
-9 43
-9 43
-9 43
-9 43
-9 43
-9 43
-9 43
-9 43
-9 43
-5 39
-5 39
-5 39
-5 39
-5 39
-5 39
-5 39
-5 39
-5 39
-5 39
-5 39
-5 39
-5 39
-5 39
-5 39
-5 39
-5 39
-5 39
-5 39
-5 39
-5 39
-5 39
-5 39
-5 39
-5 39
-5 39
-5 39
-5 39
-5 39
-5 39
-5 39
-5 39
-5 39
-5 39
-5 39
-5 39
-5 39
-5 39
-5 39
-5 39
-5 39
-5 39
-5 39
-5 39
-5 39
-5 39
-2 45
-2 45
-2 45
-2 45
-2 45
-2 45
-2 45
-2 45
-2 45
-2 45
-2 45
-2 45
-2 45
-2 45
-2 45
-2 45
-2 45
-2 45
-2 45
-2 45
-2 45
-2 45
-5 47
-5 47
-5 47
-5 47
-5 47
-5 47
-5 47
-5 47
-5 47
-5 47
-5 47
-5 47
-5 47
-5 47
-5 47
-5 47
-5 47
-5 47
-5 47
-5 47
-5 47
-5 47
-5 47
-5 43
-5 43
-5 43
-5 43
-5 43
-5 43
-5 43
-5 43
-5 43
-5 43
-5 43
-5 43
-5 43
-5 43
-5 43
-5 43
-5 43
-5 43
-5 43
-5 43
-5 43
-5 43
-5 43
-5 43
-5 43
-5 43
-5 43
-5 43
-5 43
-5 43
-5 43
-5 43
-5 43
-5 43
-5 43
-5 43
-5 43
-5 43
-5 43
-5 43
-5 43
-5 43
-5 43
-5 43
-5 43
-5 43
-5 43
-9 39
-9 39
-9 39
-9 39
-9 39
-9 39
-9 39
-9 39
-9 39
-9 39
-9 39
-9 39
-9 39
-9 39
-9 39
-9 39
-9 39
-9 39
-9 39
-9 39
-9 39
-9 39
-9 39
-9 39
-9 39
-9 39
-9 39
-9 39
-9 39
-9 39
-9 39
-9 39
-9 39
-9 39
-9 39
-9 39
-9 39
-9 39
-9 39
-9 39
-9 39
-3 40
-3 40
-3 40
-3 40
-3 40
-3 40
-3 40
-3 40
-3 40
-3 40
-3 40
-3 40
-3 40
-3 40
-3 40
-3 40
-3 40
-3 40
-3 40
-3 40
-3 40
-3 40
-3 40
-3 40
-3 40
-3 40
-3 40
-3 40
-3 40
-3 40
-3 40
-3 40
-3 40
-3 40
-3 40
-3 40
-3 40
-3 40
-3 40
-3 40
-3 40
-3 40
-3 40
-3 40
-3 40
-3 40
-3 40
-3 40
-4 41
2 41
2 41
2 41
2 41
2 41
2 41
2 41
2 41
2 41
2 41
2 41
2 41
2 41
2 41
2 41
2 41
2 41
2 41
2 41
2 41
2 41
2 41
-6 44
-6 44
-6 44
-6 44
-6 44
-6 44
-6 44
-6 44
-6 44
-6 44
-6 44
-6 44
-6 44
-6 44
-6 44
-6 44
-6 44
-6 44
-6 44
-6 44
-6 44
-6 44
-6 44
-6 44
-6 44
-6 44
-6 44
-6 44
-6 44
-6 44
-6 44
-6 44
-6 44
-6 44
-6 44
-6 44
-6 44
-6 44
-6 44
-6 44
-6 44
-6 44
-6 44
-6 44
-6 44
-3 45
-3 45
-3 45
-3 45
-3 45
-3 45
-3 45
-3 45
-3 45
-3 45
-3 45
-3 45
-3 45
-3 45
-3 45
-3 45
-3 45
-3 45
-3 45
-3 45
-3 45
-3 45
-3 45
-3 45
-3 45
-3 45
-3 45
-3 45
-3 45
-3 45
-3 45
-3 45
-3 45
-3 45
-3 45
-3 45
-3 45
-3 45
-3 45
-3 45
-3 45
-3 45
-3 45
-3 45
-3 45
-3 45
-3 45
-8 47
-8 47
-8 47
-8 47
-8 47
-8 47
-8 47
-8 47
-8 47
-8 47
-8 47
-8 47
-8 47
-8 47
-8 47
-8 47
-8 47
-8 47
-8 47
-8 47
-8 47
-8 47
-8 47
-8 47
-8 47
-5 47
-5 47
-5 47
-5 47
-5 47
-5 47
-5 47
-5 47
-5 47
-5 47
-5 47
-5 47
-5 47
-5 47
-5 47
-5 47
-5 47
-5 47
-5 47
-5 47
-5 45
-5 45
-5 45
-5 45
-5 45
-5 45
-5 45
-5 45
-5 45
-5 45
-5 45
-5 45
-5 45
-5 45
-5 45
-5 45
-5 45
-5 45
-5 45
-5 45
-5 45
-2 47
-2 47
-2 47
-2 47
-2 47
-2 47
-2 47
-2 47
-2 47
-2 47
-2 47
-2 47
-2 47
-2 47
-2 47
-2 47
-2 47
-2 47
-2 47
-2 47
-2 47
-2 47
-2 47
-2 47
-2 47
-2 47
-2 47
-2 47
-2 47
-2 47
-2 47
-2 47
-2 47
-2 47
-2 47
-2 47
-2 47
-2 47
-2 47
-2 47
-2 47
-2 47
-2 47
-2 47
-2 51
-2 51
-2 51
-2 51
-2 51
-2 51
-2 51
-2 51
-2 51
-2 51
-2 51
-2 51
-2 51
-2 51
-2 51
-2 51
-2 51
-2 51
-2 51
-2 51
-2 51
-2 51
-2 51
-2 51
-2 51
-2 51
-2 51
-2 51
-2 51
-2 51
-2 51
-2 51
-2 51
-2 51
-2 51
-2 51
-2 51
-2 51
-2 51
-2 51
-2 51
-2 51
-2 51
-2 51
-2 51
-2 51
-2 51
-2 51
-2 51
-2 51
-2 51
-2 51
-2 51
-2 51
-2 51
-2 51
-2 51
-2 51
-2 51
-2 51
-2 51
-2 51
-2 51
-2 51
-2 51
-2 51
-2 51
-2 51
-2 51
-5 46
-5 46
-5 46
-5 46
-5 46
-5 46
-5 46
-5 46
-5 46
-5 46
-5 46
-5 46
-5 46
-5 46
-5 46
-5 46
-5 46
-5 46
-5 46
-5 46
-5 46
-5 46
-5 46
-5 46
-5 46
-5 46
-5 46
-5 46
-5 46
-5 46
-5 46
-5 46
-5 46
-5 46
-5 46
-5 46
-5 46
-5 46
-5 46
-5 46
-4 46
-5 44
-5 44
-5 44
-5 44
-5 44
-5 44
-5 44
-5 44
-5 44
-5 44
-5 44
-5 44
-5 44
-5 44
-5 44
-5 44
-5 44
-5 44
-5 44
-5 44
-5 44
-5 44
-5 44
-5 44
-5 44
-5 44
-5 44
-5 44
-5 44
-5 44
-5 44
-5 44
-5 44
-5 44
-5 44
-5 44
-5 44
-5 44
-5 44
-5 44
-1 46
-1 46
-1 46
-1 46
-1 46
-1 46
-1 46
-1 46
-1 46
-1 46
-1 46
-1 46
-1 46
-1 46
-1 46
-1 46
-1 46
-1 46
-1 46
-1 46
-1 46
1 47
1 47
1 47
1 47
1 47
1 47
1 47
1 47
1 47
1 47
1 47
1 47
1 47
1 47
1 47
1 47
1 47
1 47
1 47
1 47
1 47
1 47
1 47
1 47
1 47
1 47
1 47
1 47
1 47
1 47
1 47
1 47
1 47
1 47
1 47
1 47
1 47
1 47
1 47
1 47
1 47
1 47
1 47
1 47
1 47
1 47
1 47
1 47
1 47
1 47
1 47
1 47
1 47
1 47
1 47
1 47
1 47
1 47
1 47
1 47
1 47
1 47
1 47
1 47
1 47
1 47
1 47
1 47
1 47
1 47
1 47
1 47
1 47
1 47
1 47
1 47
1 47
1 47
1 47
1 47
1 47
1 47
1 47
1 47
1 47
1 47
1 47
1 47
1 47
1 47
1 47
1 47
1 47
1 46
1 46
1 46
1 46
1 46
1 46
1 46
1 46
1 46
1 46
1 46
1 46
1 46
1 46
1 46
1 46
1 46
1 46
1 46
1 46
1 46
1 46
1 46
1 46
1 46
1 46
1 46
1 46
1 46
1 46
1 46
1 46
1 46
1 46
1 46
1 46
1 46
1 46
1 46
1 46
1 46
1 46
1 46
-2 46
-2 46
-2 46
-2 46
-2 46
-2 46
-2 46
-2 46
-2 46
-2 46
-2 46
-2 46
-2 46
-2 46
-2 46
-2 46
-2 46
-2 46
-2 46
0 40
2 41
2 41
2 41
2 41
2 41
2 41
2 41
2 41
2 41
2 41
2 41
2 41
2 41
2 41
2 41
2 41
2 41
2 41
2 41
2 41
2 41
2 41
2 41
2 41
2 41
2 41
2 38
2 38
2 38
2 38
2 38
2 38
2 38
2 38
2 38
2 38
2 38
2 38
2 38
2 38
2 38
2 38
2 38
2 38
2 38
2 38
2 38
2 38
2 38
2 38
2 38
2 38
2 38
2 38
2 38
2 38
2 38
2 38
2 38
2 38
2 38
2 38
2 38
2 38
2 38
2 38
2 38
2 38
2 38
2 38
2 38
2 38
2 38
2 38
2 38
2 38
2 38
2 38
2 38
2 38
4 41
4 41
4 41
4 41
4 41
4 41
4 41
4 41
4 41
4 41
4 41
4 41
4 41
4 41
4 41
4 41
4 41
4 41
4 41
4 41
4 41
4 41
4 41
4 41
4 41
4 41
4 41
4 41
4 41
4 41
4 41
4 41
4 41
4 41
4 41
4 41
4 41
4 41
4 41
4 41
4 41
4 41
4 41
4 41
4 41
4 41
4 41
4 41
4 41
4 41
4 41
2 35
2 35
2 35
2 35
2 35
2 35
2 35
2 35
2 35
2 35
2 35
2 35
2 35
2 35
2 35
2 35
2 35
2 35
2 35
2 35
2 35
2 35
2 35
2 35
2 35
2 35
2 35
2 35
2 35
2 35
2 35
2 35
2 35
2 35
2 35
2 35
2 35
2 35
2 35
2 35
2 35
2 35
2 35
2 35
2 35
2 35
2 35
2 35
2 35
2 35
2 35
4 38
6 37
6 37
6 37
6 37
6 37
6 37
6 37
6 37
6 37
6 37
6 37
6 37
6 37
6 37
6 37
6 37
6 37
6 37
6 37
6 37
6 37
6 37
6 37
6 37
6 37
6 37
6 37
6 37
6 37
6 37
6 37
6 37
6 37
6 37
6 37
6 37
6 37
6 37
6 37
6 37
6 37
6 37
6 37
6 37
7 30
7 30
7 30
7 30
7 30
7 30
7 30
7 30
7 30
7 30
7 30
7 30
7 30
7 30
7 30
7 30
7 30
7 30
7 30
7 30
6 34
6 34
6 34
6 34
6 34
6 34
6 34
6 34
6 34
6 34
6 34
6 34
6 34
6 34
6 34
6 34
6 34
6 34
6 34
6 34
6 34
6 34
6 34
6 34
6 34
6 34
6 34
6 34
6 34
6 34
6 34
6 34
6 34
6 34
6 34
6 34
6 34
6 34
6 34
6 34
6 34
9 29
8 32
8 32
8 32
8 32
8 32
8 32
8 32
8 32
8 32
8 32
8 32
8 32
8 32
8 32
8 32
8 32
8 32
8 32
8 32
8 32
8 32
8 32
8 32
8 32
8 32
8 32
8 32
8 32
8 32
8 32
8 32
8 32
8 32
8 32
8 32
8 32
8 32
8 32
8 32
8 32
8 32
8 32
8 32
8 32
8 32
8 32
8 32
8 32
12 33
12 33
12 33
12 33
12 33
12 33
12 33
12 33
12 33
12 33
12 33
12 33
12 33
12 33
12 33
12 33
12 33
12 33
12 33
12 33
12 33
12 33
12 33
12 33
12 33
12 33
12 33
12 33
12 33
14 32
14 32
14 32
14 32
14 32
14 32
14 32
14 32
14 32
14 32
14 32
14 32
14 32
14 32
14 32
14 32
14 32
14 32
14 32
14 32
14 32
14 32
14 32
14 32
14 32
14 32
14 32
14 32
14 32
14 32
14 32
14 32
14 32
14 32
14 32
14 32
14 32
14 32
14 32
14 32
14 32
14 32
14 32
14 32
14 32
14 32
14 32
14 32
14 32
14 32
14 32
14 32
14 32
14 32
14 32
14 22
14 22
14 22
14 22
14 22
14 22
14 22
14 22
14 22
14 22
14 22
14 22
14 22
14 22
14 22
14 22
14 22
14 22
14 22
14 22
14 22
14 22
14 22
14 22
14 22
14 22
14 22
14 36
14 36
14 36
14 36
14 36
14 36
14 36
14 36
14 36
14 36
14 36
14 36
14 36
14 36
14 36
14 36
14 36
14 36
14 36
14 36
14 36
14 36
14 36
14 36
14 36
14 36
14 36
14 36
14 36
14 36
14 36
14 36
14 36
14 36
14 36
14 36
14 36
14 36
14 36
14 36
14 36
14 36
14 36
14 36
14 36
14 36
14 36
14 36
14 36
14 36
15 33
15 33
15 33
15 33
15 33
15 33
15 33
15 33
15 33
15 33
15 33
15 33
15 33
15 33
15 33
15 33
15 33
15 33
15 33
15 33
15 33
15 33
15 33
15 33
15 33
15 33
15 33
15 33
15 33
15 33
15 33
15 33
15 33
15 33
15 33
15 33
15 33
15 33
15 33
14 37
15 41
15 41
15 41
15 41
15 41
15 41
15 41
15 41
15 41
15 41
15 41
15 41
15 41
15 41
15 41
15 41
15 41
15 41
15 41
15 41
15 41
15 41
15 41
15 41
15 41
15 41
15 41
15 41
15 41
15 41
15 41
15 41
15 41
15 41
15 41
15 41
15 41
15 41
15 41
15 41
15 41
15 41
15 41
15 41
15 41
15 41
15 41
15 41
15 41
15 41
15 41
15 41
15 41
17 45
17 45
17 45
17 45
17 45
17 45
17 45
17 45
17 45
17 45
17 45
17 45
17 45
17 45
17 45
17 45
17 45
17 45
17 45
17 45
17 45
17 45
17 45
17 45
17 45
17 45
17 45
17 45
17 45
17 45
17 45
17 45
17 45
17 45
17 45
17 45
17 45
17 45
17 45
17 45
17 45
17 45
17 45
17 45
17 45
17 45
17 45
17 45
17 45
17 45
17 45
17 45
17 45
17 45
17 45
17 45
17 45
17 45
17 45
17 45
17 45
17 45
17 45
17 45
17 45
17 45
17 45
17 45
17 45
20 45
24 46
24 46
24 46
24 46
24 46
24 46
24 46
24 46
24 46
24 46
24 46
24 46
24 46
24 46
24 46
24 46
24 46
24 46
24 46
24 46
24 46
24 46
24 46
31 39
31 39
31 39
31 39
31 39
31 39
31 39
31 39
31 39
31 39
31 39
31 39
31 39
31 39
31 39
31 39
31 39
31 39
31 39
31 39
31 39
31 39
31 39
31 39
31 39
31 39
31 39
31 39
31 39
31 39
31 39
31 39
31 39
31 39
31 39
31 39
31 39
31 39
31 39
26 48
26 48
26 48
26 48
26 48
26 48
26 48
26 48
26 48
26 48
26 48
26 48
26 48
26 48
26 48
26 48
26 48
26 48
26 48
26 48
26 48
26 48
26 48
26 48
26 48
26 48
26 48
26 48
26 48
26 48
26 48
26 48
26 48
26 48
42 47
48 46
48 46
48 46
48 46
48 46
48 46
48 46
48 46
48 46
48 46
48 46
48 46
48 46
52 44
52 44
52 44
52 44
52 44
52 44
52 44
52 44
52 44
52 44
52 44
52 44
52 44
52 44
52 44
52 44
52 44
52 44
52 44
52 44
52 44
52 44
52 44
52 44
52 44
52 44
52 44
52 44
52 44
52 44
52 44
52 44
52 44
52 44
52 44
52 44
52 44
52 44
52 44
52 44
52 44
52 44
52 44
52 44
52 44
52 44
52 44
52 44
52 44
52 44
52 44
52 44
52 44
52 44
52 44
52 44
52 44
52 44
52 44
52 44
52 44
52 44
52 44
52 44
52 44
52 44
52 44
52 44
52 44
52 44
52 44
52 44
52 44
60 39
65 42
65 42
65 42
65 42
65 42
65 42
65 42
65 42
65 42
65 42
65 42
65 42
65 42
65 42
65 42
65 42
65 42
65 42
65 42
65 42
65 42
65 42
65 42
65 42
65 42
65 42
65 42
65 42
65 42
65 42
72 40
72 40
72 40
72 40
72 40
72 40
72 40
72 40
72 40
72 40
72 40
72 40
72 40
72 40
72 40
72 40
72 40
74 36
74 36
74 36
74 36
74 36
74 36
74 36
74 36
74 36
74 36
74 36
74 36
74 36
74 36
74 36
74 36
74 36
74 36
74 36
74 36
74 36
74 36
74 36
74 36
74 36
74 36
74 36
74 36
74 36
74 36
74 36
74 36
74 36
74 36
74 36
78 34
78 34
78 34
78 34
78 34
78 34
78 34
78 34
78 34
78 34
78 34
78 34
78 34
78 34
78 34
78 34
78 34
88 31
88 31
88 31
88 31
88 31
88 31
88 31
88 31
88 31
88 31
88 31
88 31
88 31
88 31
88 31
88 31
88 31
88 31
88 31
88 31
88 31
88 31
88 31
88 31
88 31
88 31
88 31
88 31
88 31
88 31
88 31
88 31
88 31
89 30
89 30
89 30
89 30
89 30
89 30
89 30
89 30
89 30
89 30
89 30
89 30
89 30
89 30
89 30
89 30
89 30
89 30
89 30
89 30
89 30
89 30
89 30
89 30
89 30
89 30
89 30
89 30
89 30
89 30
89 30
89 30
89 30
89 30
89 30
93 19
93 19
92 24
92 24
92 24
92 24
92 24
92 24
92 24
92 24
92 24
92 24
92 24
92 24
92 24
92 24
92 24
92 24
92 24
92 24
92 24
92 24
92 24
92 24
92 24
92 24
92 24
92 21
92 21
92 21
92 21
92 21
92 21
92 21
92 21
92 21
92 21
92 21
92 21
92 21
92 21
92 21
92 21
105 17
105 17
105 17
105 17
105 17
105 17
105 17
105 17
105 17
105 17
105 17
105 17
105 17
105 17
105 17
105 17
105 17
105 17
105 17
105 17
105 17
105 17
105 17
105 17
105 17
105 17
105 17
105 17
105 17
105 17
105 17
105 17
105 17
105 17
105 17
105 17
105 17
105 17
105 17
105 17
105 17
105 17
105 17
105 17
105 17
105 17
105 17
105 17
105 17
105 17
105 17
105 17
105 17
103 6
103 6
103 6
103 6
103 6
103 6
103 6
103 6
103 6
103 6
103 6
103 6
103 6
103 6
103 6
103 6
110 3
110 3
110 3
110 3
110 3
110 3
110 3
110 3
110 3
110 3
110 3
110 3
110 3
110 3
110 3
110 3
110 3
110 3
110 3
110 3
110 3
110 3
110 3
110 3
110 3
110 3
110 3
110 3
110 3
110 3
110 3
110 3
110 3
110 3
110 3
110 3
105 1
105 1
105 1
105 1
105 1
105 1
105 1
105 1
105 1
105 1
105 1
105 1
105 1
105 1
105 1
105 1
105 1
111 6
111 6
111 6
111 6
111 6
111 6
111 6
111 6
111 6
111 6
111 6
111 6
111 6
111 6
111 6
111 6
111 6
111 6
110 -3
110 -3
110 -3
110 -3
110 -3
110 -3
110 -3
110 -3
110 -3
110 -3
110 -3
110 -3
110 -3
110 -3
110 -3
110 -3
110 -3
110 -3
110 -3
110 -3
110 -3
110 -3
110 -3
110 -3
110 -3
110 -3
110 -3
110 -3
110 -3
110 -3
110 -3
110 -3
110 -3
110 -3
110 -3
115 -1
115 -1
115 -1
115 -1
115 -1
115 -1
115 -1
115 -1
115 -1
115 -1
115 -1
115 -1
115 -1
115 -1
115 -1
115 -1
115 -1
116 -10
116 -10
116 -10
116 -10
116 -10
116 -10
116 -10
116 -10
116 -10
116 -10
116 -10
116 -10
116 -10
116 -10
116 -10
116 -10
116 -10
102 -8
102 -8
102 -8
102 -8
102 -8
102 -8
102 -8
102 -8
102 -8
102 -8
102 -8
102 -8
102 -8
102 -8
102 -8
102 -8
102 -8
102 -8
102 -8
102 -8
102 -8
102 -8
102 -8
102 -8
102 -8
102 -8
102 -8
102 -8
102 -8
102 -8
102 -8
105 -15
105 -15
105 -15
105 -15
105 -15
105 -15
105 -15
105 -15
105 -15
105 -15
105 -15
105 -15
105 -15
105 -15
105 -15
105 -15
105 -15
105 -15
107 -13
107 -13
107 -13
107 -13
107 -13
107 -13
107 -13
107 -13
107 -13
107 -13
107 -13
107 -13
107 -13
107 -13
107 -13
107 -13
107 -13
107 -13
107 -13
107 -13
107 -13
107 -13
107 -13
107 -13
107 -13
107 -13
107 -13
107 -13
107 -13
107 -13
107 -13
107 -13
107 -13
107 -13
107 -13
107 -13
107 -13
107 -13
107 -13
107 -13
98 -21
98 -21
98 -21
98 -21
98 -21
98 -21
98 -21
98 -21
98 -21
98 -21
98 -21
98 -21
98 -21
98 -21
98 -21
98 -21
98 -21
98 -21
98 -21
98 -21
98 -21
98 -21
98 -21
98 -21
98 -21
98 -21
98 -21
98 -21
98 -21
98 -21
98 -21
98 -21
98 -21
98 -21
98 -21
98 -21
98 -21
98 -21
85 -26
85 -26
85 -26
85 -26
85 -26
85 -26
85 -26
85 -26
85 -26
85 -26
85 -26
85 -26
85 -26
85 -26
85 -26
85 -26
85 -26
85 -26
94 -32
94 -32
94 -32
94 -32
94 -32
94 -32
94 -32
94 -32
94 -32
94 -32
94 -32
94 -32
94 -32
94 -32
94 -32
94 -32
94 -32
94 -32
94 -32
94 -32
94 -32
94 -32
94 -32
94 -32
94 -32
94 -32
94 -32
94 -32
94 -32
94 -32
94 -32
94 -32
94 -32
94 -32
94 -32
85 -41
85 -41
85 -41
85 -41
85 -41
85 -41
85 -41
85 -41
85 -41
85 -41
85 -41
85 -41
85 -41
85 -41
85 -41
85 -41
85 -41
85 -41
85 -41
85 -41
85 -41
85 -41
85 -41
85 -41
85 -41
85 -41
85 -41
85 -41
85 -41
85 -41
85 -41
85 -41
85 -41
85 -41
85 -41
85 -41
85 -41
85 -41
85 -41
85 -41
85 -41
85 -41
85 -41
85 -41
85 -41
85 -41
85 -41
85 -41
85 -41
85 -41
85 -41
85 -41
85 -41
85 -41
85 -41
79 -51
72 -54
72 -54
72 -54
72 -54
72 -54
72 -54
72 -54
72 -54
72 -54
72 -54
72 -54
72 -54
72 -54
72 -54
72 -54
72 -54
72 -54
72 -54
72 -54
72 -54
72 -54
72 -54
72 -54
72 -54
72 -54
72 -54
72 -54
72 -54
72 -54
72 -54
72 -54
72 -54
72 -54
72 -54
72 -54
73 -70
73 -70
73 -70
73 -70
73 -70
73 -70
73 -70
73 -70
73 -70
73 -70
73 -70
73 -70
73 -70
73 -70
73 -70
73 -70
73 -70
73 -70
73 -70
73 -70
73 -70
73 -70
73 -70
73 -70
73 -70
73 -70
73 -70
73 -70
73 -70
73 -70
73 -70
73 -70
73 -70
73 -70
73 -70
73 -70
57 -67
57 -67
57 -67
57 -67
57 -67
57 -67
57 -67
57 -67
57 -67
57 -67
57 -67
57 -67
57 -67
57 -67
57 -67
57 -67
57 -67
59 -75
59 -75
59 -75
59 -75
59 -75
59 -75
59 -75
59 -75
59 -75
59 -75
59 -75
59 -75
59 -75
59 -75
59 -75
59 -75
59 -75
59 -75
59 -75
59 -75
59 -75
59 -75
59 -75
59 -75
59 -75
59 -75
59 -75
59 -75
59 -75
59 -75
59 -75
54 -92
54 -92
54 -92
54 -92
54 -92
54 -92
54 -92
54 -92
54 -92
54 -92
54 -92
54 -92
54 -92
54 -92
54 -92
54 -92
54 -92
54 -92
54 -92
54 -92
54 -92
54 -92
54 -92
54 -92
54 -92
54 -92
54 -92
54 -92
54 -92
54 -92
54 -92
54 -92
54 -92
54 -92
54 -92
44 -85
44 -85
44 -85
44 -85
44 -85
44 -85
44 -85
44 -85
44 -85
44 -85
44 -85
44 -85
44 -85
44 -85
44 -85
44 -85
44 -85
44 -85
38 -87
38 -87
38 -87
38 -87
38 -87
38 -87
38 -87
38 -87
38 -87
38 -87
38 -87
38 -87
38 -87
38 -87
38 -87
38 -87
38 -87
38 -87
38 -87
38 -87
38 -87
38 -87
38 -87
38 -87
38 -87
38 -87
38 -87
38 -87
38 -87
38 -87
38 -87
38 -87
38 -87
38 -87
38 -87
38 -87
38 -87
32 -92
32 -92
32 -92
32 -92
32 -92
32 -92
32 -92
32 -92
32 -92
32 -92
32 -92
32 -92
32 -92
32 -92
32 -92
32 -92
32 -92
32 -92
32 -92
32 -86
32 -86
32 -86
32 -86
32 -86
32 -86
32 -86
32 -86
32 -86
32 -86
32 -86
32 -86
32 -86
32 -86
32 -86
32 -86
32 -86
27 -95
27 -95
27 -95
27 -95
27 -95
27 -95
27 -95
27 -95
27 -95
27 -95
27 -95
27 -95
27 -95
27 -95
27 -95
27 -95
24 -91
24 -91
24 -91
24 -91
24 -91
24 -91
24 -91
24 -91
24 -91
24 -91
24 -91
24 -91
24 -91
24 -91
24 -91
24 -91
24 -91
24 -91
24 -91
24 -91
24 -91
24 -91
24 -91
24 -91
24 -91
24 -91
24 -91
24 -91
24 -91
24 -91
24 -91
24 -91
24 -91
12 -92
12 -92
12 -92
12 -92
12 -92
12 -92
12 -92
12 -92
12 -92
12 -92
12 -92
12 -92
12 -92
12 -92
12 -92
12 -92
12 -92
12 -92
12 -92
12 -92
12 -92
12 -92
12 -92
12 -92
12 -92
12 -92
12 -92
12 -92
12 -92
12 -92
12 -92
12 -92
12 -92
11 -96
3 -93
3 -93
3 -93
3 -93
3 -93
3 -93
3 -93
3 -93
3 -93
3 -93
3 -93
3 -93
3 -93
3 -93
3 -93
3 -93
3 -93
3 -93
3 -93
3 -93
3 -93
3 -93
3 -93
3 -93
3 -93
3 -93
3 -93
3 -93
3 -93
3 -93
3 -93
3 -93
2 -93
2 -93
2 -93
2 -93
2 -93
2 -93
2 -93
2 -93
2 -93
2 -93
2 -93
2 -93
2 -93
2 -93
2 -93
1 -92
1 -92
1 -92
1 -92
1 -92
1 -92
1 -92
1 -92
1 -92
1 -92
1 -92
1 -92
1 -92
1 -92
1 -92
1 -92
1 -92
1 -92
1 -92
1 -92
1 -92
1 -92
1 -92
1 -92
1 -92
1 -92
1 -92
1 -92
1 -92
1 -92
1 -92
1 -92
1 -92
1 -92
1 -92
1 -92
1 -92
1 -92
1 -92
1 -92
1 -92
1 -92
1 -92
1 -92
1 -92
1 -92
1 -92
1 -92
1 -92
1 -92
1 -92
1 -92
1 -92
-1 -91
2 -98
2 -98
2 -98
2 -98
2 -98
2 -98
2 -98
2 -98
2 -98
2 -98
2 -98
2 -98
2 -98
2 -98
2 -98
2 -98
2 -98
2 -98
2 -98
2 -98
2 -98
2 -98
2 -98
2 -98
2 -98
2 -98
2 -98
2 -98
2 -98
2 -98
2 -98
2 -98
2 -98
2 -98
2 -98
2 -98
0 -102
0 -102
0 -102
0 -102
0 -102
0 -102
0 -102
0 -102
0 -102
0 -102
0 -102
0 -102
0 -102
0 -102
0 -102
0 -102
0 -102
0 -102
-3 -96
-3 -96
-3 -96
-3 -96
-3 -96
-3 -96
-3 -96
-3 -96
-3 -96
-3 -96
-3 -96
-3 -96
-3 -96
-3 -96
-3 -96
-3 -96
-3 -96
-6 -122
-6 -122
-6 -122
-6 -122
-6 -122
-6 -122
-6 -122
-6 -122
-6 -122
-6 -122
-6 -122
-6 -122
-6 -122
-6 -122
-6 -122
-6 -122
-6 -122
-6 -122
-6 -122
-6 -122
-6 -122
-6 -122
-6 -122
-6 -122
-6 -122
-6 -122
-6 -122
-6 -122
-6 -122
-6 -122
-6 -122
-6 -122
-6 -122
-6 -122
-6 -122
-6 -122
-6 -122
-6 -122
-6 -122
-6 -122
-6 -122
-6 -122
-6 -122
-6 -122
-6 -122
-6 -122
-6 -122
-6 -122
-6 -122
-4 -117
-17 -105
-17 -105
-17 -105
-17 -105
-17 -105
-17 -105
-17 -105
-17 -105
-17 -105
-17 -105
-17 -105
-17 -105
-17 -105
-17 -105
-17 -105
-17 -105
-17 -105
-17 -105
-17 -105
-17 -105
-17 -105
-17 -105
-17 -105
-17 -105
-17 -105
-17 -105
-17 -105
-17 -105
-17 -105
-17 -105
-17 -105
-17 -105
-22 -102
-22 -102
-22 -102
-22 -102
-22 -102
-22 -102
-22 -102
-22 -102
-22 -102
-22 -102
-22 -102
-22 -102
-22 -102
-22 -102
-22 -102
-22 -102
-22 -102
-22 -102
-22 -102
-22 -102
-22 -102
-22 -102
-22 -102
-22 -102
-22 -102
-22 -102
-22 -102
-22 -102
-22 -102
-22 -102
-22 -102
-22 -102
-22 -102
-22 -102
-22 -102
-22 -102
-22 -102
-17 -105
-35 -104
-35 -104
-35 -104
-35 -104
-35 -104
-35 -104
-35 -104
-35 -104
-35 -104
-35 -104
-35 -104
-35 -104
-35 -104
-35 -104
-35 -104
-35 -104
-35 -105
-35 -105
-35 -105
-35 -105
-35 -105
-35 -105
-35 -105
-35 -105
-35 -105
-35 -105
-35 -105
-35 -105
-35 -105
-35 -105
-35 -105
-35 -105
-35 -105
-35 -105
-35 -105
-35 -105
-35 -105
-35 -105
-35 -105
-35 -105
-35 -105
-35 -105
-35 -105
-35 -105
-35 -105
-35 -105
-35 -105
-35 -105
-35 -105
-35 -105
-35 -105
-35 -105
-35 -105
-35 -105
-36 -82
-36 -82
-36 -82
-36 -82
-36 -82
-36 -82
-36 -82
-36 -82
-36 -82
-36 -82
-36 -82
-36 -82
-36 -82
-36 -82
-36 -82
-36 -82
-36 -82
-48 -90
-48 -90
-48 -90
-48 -90
-48 -90
-48 -90
-48 -90
-48 -90
-48 -90
-48 -90
-48 -90
-48 -90
-48 -90
-48 -90
-48 -90
-48 -90
-48 -90
-48 -90
-48 -90
-48 -90
-48 -90
-48 -90
-48 -90
-48 -90
-48 -90
-48 -90
-48 -90
-48 -90
-48 -90
-48 -90
-48 -90
-48 -90
-48 -90
-48 -90
-48 -90
-59 -95
-59 -95
-59 -95
-59 -95
-59 -95
-59 -95
-59 -95
-59 -95
-59 -95
-59 -95
-59 -95
-59 -95
-59 -95
-59 -95
-59 -95
-59 -95
-52 -73
-52 -73
-52 -73
-52 -73
-52 -73
-52 -73
-52 -73
-52 -73
-52 -73
-52 -73
-52 -73
-52 -73
-52 -73
-52 -73
-52 -73
-52 -73
-52 -73
-74 -84
-74 -84
-74 -84
-74 -84
-74 -84
-74 -84
-74 -84
-74 -84
-74 -84
-74 -84
-74 -84
-74 -84
-74 -84
-74 -84
-74 -84
-74 -84
-74 -84
-74 -84
-74 -84
-74 -84
-74 -84
-74 -84
-74 -84
-74 -84
-74 -84
-74 -84
-74 -84
-74 -84
-74 -84
-74 -84
-74 -84
-74 -84
-74 -84
-74 -84
-74 -84
-74 -84
-74 -84
-74 -84
-74 -84
-75 -83
-75 -83
-75 -83
-75 -83
-75 -83
-75 -83
-75 -83
-75 -83
-75 -83
-75 -83
-75 -83
-75 -83
-75 -83
-75 -83
-75 -83
-76 -78
-76 -78
-76 -78
-76 -78
-76 -78
-76 -78
-76 -78
-76 -78
-76 -78
-76 -78
-76 -78
-76 -78
-76 -78
-76 -78
-76 -78
-76 -78
-76 -78
-76 -78
-76 -78
-76 -78
-76 -78
-76 -78
-76 -78
-76 -78
-76 -78
-76 -78
-76 -78
-76 -78
-76 -78
-76 -78
-76 -78
-76 -78
-76 -78
-76 -78
-76 -78
-76 -78
-80 -71
-80 -71
-80 -71
-80 -71
-80 -71
-80 -71
-80 -71
-80 -71
-80 -71
-80 -71
-80 -71
-80 -71
-80 -71
-80 -71
-80 -71
-80 -71
-80 -71
-80 -71
-80 -71
-80 -71
-80 -71
-80 -71
-80 -71
-80 -71
-80 -71
-80 -71
-80 -71
-80 -71
-80 -71
-80 -71
-60 -52
-60 -52
-60 -52
-60 -52
-60 -52
-60 -52
-60 -52
-60 -52
-60 -52
-60 -52
-60 -52
-60 -52
-60 -52
-60 -52
-60 -52
-60 -52
-60 -51
-60 -51
-60 -51
-60 -51
-60 -51
-60 -51
-60 -51
-60 -51
-60 -51
-60 -51
-60 -51
-60 -51
-60 -51
-60 -51
-60 -51
-60 -51
-47 -34
-47 -34
-47 -34
-47 -34
-47 -34
-47 -34
-47 -34
-47 -34
-47 -34
-47 -34
-47 -34
-47 -34
-47 -34
-47 -34
-47 -34
-47 -34
-47 -34
-38 -26
-38 -26
-38 -26
-38 -26
-38 -26
-38 -26
-38 -26
-38 -26
-38 -26
-38 -26
-38 -26
-38 -26
-38 -26
-38 -26
-38 -26
-38 -26
-38 -26
-38 -26
-38 -26
-38 -26
-38 -26
-38 -26
-38 -26
-38 -26
-38 -26
-38 -26
-38 -26
-38 -26
-38 -26
-38 -26
-38 -26
-38 -26
-38 -26
-38 -26
-38 -26
-38 -26
-38 -26
-38 -26
-38 -26
-38 -26
-38 -26
-38 -26
-38 -26
-38 -26
-38 -26
-38 -26
-38 -26
-38 -26
-38 -26
-38 -26
-38 -26
-38 -26
-38 -26
-38 -26
-38 -26
-38 -26
-38 -26
-44 -35
-44 -35
-43 -40
-43 -40
-43 -40
-43 -40
-43 -40
-43 -40
-43 -40
-43 -40
-43 -40
-43 -40
-43 -40
-43 -40
-43 -40
-43 -40
-43 -40
-43 -40
-43 -40
-43 -40
-43 -40
-43 -40
-43 -40
-43 -40
-43 -40
-43 -40
-43 -40
-43 -40
-43 -40
-43 -40
-43 -40
-43 -40
-43 -40
-43 -40
-43 -40
-43 -40
-43 -40
-43 -40
-37 -42
-37 -42
-37 -42
-37 -42
-37 -42
-37 -42
-37 -42
-37 -42
-37 -42
-37 -42
-37 -42
-37 -42
-37 -42
-37 -42
-37 -42
-37 -42
-37 -42
-37 -42
-37 -42
-37 -42
-37 -42
-37 -42
-37 -42
-37 -42
-37 -42
-37 -42
-37 -42
-37 -42
-37 -42
-37 -42
-37 -42
-40 -40
-40 -40
-40 -40
-40 -40
-40 -40
-40 -40
-40 -40
-40 -40
-40 -40
-40 -40
-40 -40
-40 -40
-40 -40
-40 -40
-40 -40
-40 -40
-40 -40
-40 -40
-40 -40
-40 -40
-40 -40
-40 -40
-40 -40
-40 -40
-40 -40
-40 -40
-40 -40
-40 -40
-40 -40
-40 -40
-40 -40
-40 -40
-40 -40
-40 -40
-40 -40
-40 -40
-40 -40
-40 -40
-40 -40
-40 -40
-40 -40
-40 -40
-40 -40
-40 -40
-40 -40
-40 -40
-40 -40
-40 -40
-40 -40
-40 -40
-40 -40
-40 -40
-40 -40
-40 -40
-40 -40
-40 -40
-40 -40
-40 -40
-30 -37
-19 -37
-19 -37
-19 -37
-19 -37
-19 -37
-19 -37
-19 -37
-19 -37
-19 -37
-19 -37
-19 -37
-19 -37
-19 -37
-19 -37
-19 -37
-19 -37
-19 -37
-19 -37
-19 -37
-19 -37
-19 -37
-19 -37
-19 -37
-19 -37
-19 -37
-19 -37
-19 -37
-19 -37
-19 -37
-19 -37
-19 -37
-19 -37
-19 -37
-19 -37
-19 -37
-19 -37
-19 -37
-19 -37
-18 -35
-18 -35
-18 -35
-18 -35
-18 -35
-18 -35
-18 -35
-18 -35
-18 -35
-18 -35
-18 -35
-18 -35
-18 -35
-18 -35
-18 -35
-18 -35
-18 -35
-18 -35
-18 -35
-18 -35
-18 -35
-18 -35
-18 -35
-18 -35
-18 -35
-18 -35
-18 -35
-18 -35
-18 -35
-18 -35
-18 -35
-18 -35
-18 -35
-18 -35
-18 -35
-18 -35
-18 -35
-18 -35
-18 -35
-18 -35
-18 -35
-18 -35
-18 -35
-18 -35
-18 -35
-18 -35
-18 -35
-18 -35
-18 -35
-18 -35
-18 -35
-18 -35
-18 -35
-18 -35
-18 -35
-18 -35
-18 -35
-18 -35
-18 -35
-20 -37
-17 -42
-23 -43
-23 -43
-23 -43
-23 -43
-23 -43
-23 -43
-23 -43
-23 -43
-23 -43
-23 -43
-23 -43
-23 -43
-23 -43
-23 -43
-23 -43
-23 -43
-23 -43
-23 -43
-23 -43
-23 -43
-23 -43
-23 -43
-23 -43
-23 -43
-23 -43
-23 -43
-23 -43
-23 -43
-23 -43
-23 -43
-23 -43
-23 -43
-23 -43
-23 -43
-23 -43
-23 -43
-23 -43
-23 -43
-23 -43
-23 -43
-23 -43
-23 -43
-23 -43
-23 -43
-23 -43
-23 -43
-23 -43
-23 -43
-23 -43
-23 -43
-23 -43
-27 -46
-31 -45
-31 -45
-31 -45
-31 -45
-31 -45
-31 -45
-31 -45
-31 -45
-31 -45
-31 -45
-31 -45
-31 -45
-31 -45
-31 -45
-31 -45
-31 -45
-31 -45
-31 -45
-31 -45
-31 -45
-31 -45
-31 -45
-31 -45
-31 -45
-31 -45
-31 -45
-31 -45
-31 -45
-31 -45
-31 -45
-31 -45
-31 -45
-31 -45
-31 -45
-33 -49
-33 -49
-33 -49
-33 -49
-33 -49
-33 -49
-33 -49
-33 -49
-33 -49
-33 -49
-33 -49
-33 -49
-33 -49
-33 -49
-33 -49
-33 -49
-33 -49
-33 -49
-33 -49
-43 -52
-43 -52
-43 -52
-43 -52
-43 -52
-43 -52
-43 -52
-43 -52
-43 -52
-43 -52
-43 -52
-43 -52
-43 -52
-43 -52
-43 -52
-43 -52
-43 -52
-43 -52
-36 -38
-36 -38
-36 -38
-36 -38
-36 -38
-36 -38
-36 -38
-36 -38
-36 -38
-36 -38
-36 -38
-36 -38
-36 -38
-36 -38
-36 -38
-36 -38
-36 -38
-36 -38
-36 -38
-36 -38
-36 -38
-36 -38
-36 -38
-36 -38
-36 -38
-36 -38
-36 -38
-36 -38
-36 -38
-36 -38
-36 -38
-36 -38
-36 -38
-36 -38
-36 -38
-36 -38
-36 -38
-40 -38
-40 -38
-40 -38
-40 -38
-40 -38
-40 -38
-40 -38
-40 -38
-40 -38
-40 -38
-40 -38
-40 -38
-40 -38
-40 -38
-40 -38
-40 -38
-40 -38
-50 -39
-50 -39
-50 -39
-50 -39
-50 -39
-50 -39
-50 -39
-50 -39
-50 -39
-50 -39
-50 -39
-50 -39
-50 -39
-50 -39
-50 -39
-50 -39
-50 -39
-50 -39
-50 -39
-50 -39
-50 -39
-50 -39
-50 -39
-50 -39
-50 -39
-50 -39
-50 -39
-50 -39
-50 -39
-50 -39
-50 -39
-50 -39
-50 -39
-50 -39
-50 -39
-50 -39
-50 -39
-50 -39
-50 -39
-50 -39
-50 -39
-50 -39
-50 -39
-50 -39
-50 -39
-50 -39
-50 -39
-50 -39
-50 -39
-50 -39
-50 -39
-50 -39
-50 -39
-36 -29
-53 -26
-53 -26
-53 -26
-53 -26
-53 -26
-53 -26
-53 -26
-53 -26
-53 -26
-53 -26
-53 -26
-53 -26
-53 -26
-53 -26
-53 -26
-53 -26
-53 -26
-53 -26
-68 -22
-68 -22
-68 -22
-68 -22
-68 -22
-68 -22
-68 -22
-68 -22
-68 -22
-68 -22
-68 -22
-68 -22
-68 -22
-68 -22
-68 -22
-68 -22
-68 -22
-68 -22
-68 -22
-68 -22
-68 -22
-68 -22
-68 -22
-68 -22
-68 -22
-68 -22
-68 -22
-68 -22
-68 -22
-68 -22
-68 -22
-68 -22
-68 -22
-68 -22
-68 -22
-68 -22
-68 -22
-68 -22
-76 -12
-76 -12
-76 -12
-76 -12
-76 -12
-76 -12
-76 -12
-76 -12
-76 -12
-76 -12
-76 -12
-76 -12
-76 -12
-76 -12
-76 -12
-76 -12
-76 -12
-76 -12
-87 -2
-87 -2
-87 -2
-87 -2
-87 -2
-87 -2
-87 -2
-87 -2
-87 -2
-87 -2
-87 -2
-87 -2
-87 -2
-87 -2
-87 -2
-87 -2
-87 -2
-96 -5
-96 -5
-96 -5
-96 -5
-96 -5
-96 -5
-96 -5
-96 -5
-96 -5
-96 -5
-96 -5
-96 -5
-96 -5
-96 -5
-96 -5
-96 -5
-96 -5
-96 -5
-96 -5
-96 -5
-96 -5
-96 -5
-96 -5
-96 -5
-96 -5
-96 -5
-96 -5
-96 -5
-96 -5
-96 -5
-96 -5
-96 -5
-96 -5
-96 -5
-110 -2
-110 -2
-110 -2
-110 -2
-110 -2
-110 -2
-110 -2
-110 -2
-110 -2
-110 -2
-110 -2
-110 -2
-110 -2
-110 -2
-110 -2
-110 -2
-110 -2
-110 -2
-110 -2
-110 -2
-110 -2
-110 -2
-110 -2
-110 -2
-110 -2
-110 -2
-110 -2
-110 -2
-110 -2
-110 -2
-110 -2
-110 -2
-110 -2
-110 -2
-110 -2
-110 -2
-110 -2
-110 -2
-110 -2
-110 -2
-102 1
-102 1
-102 1
-102 1
-102 1
-102 1
-102 1
-102 1
-102 1
-102 1
-102 1
-102 1
-102 1
-102 1
-102 1
-102 1
-102 1
-102 1
-102 1
-102 1
-102 1
-102 1
-102 1
-102 1
-102 1
-102 1
-102 1
-102 1
-102 1
-102 1
-102 1
-102 1
-102 1
-102 1
-102 1
-98 7
-98 7
-98 7
-98 7
-98 7
-98 7
-98 7
-98 7
-98 7
-119 14
-119 14
-119 14
-119 14
-119 14
-119 14
-119 14
-119 14
-119 14
-119 14
-119 14
-119 14
-119 14
-119 14
-119 14
-119 14
-119 14
-119 14
-119 14
-119 14
-119 14
-119 14
-119 14
-119 14
-119 14
-119 14
-119 14
-119 14
-119 14
-119 14
-119 14
-119 14
-119 14
-119 14
-119 14
-119 14
-119 14
-119 14
-119 14
-119 14
-119 14
-119 14
-119 14
-119 14
-119 14
-119 14
-119 14
-109 13
-117 31
-117 31
-117 31
-117 31
-117 31
-117 31
-117 31
-117 31
-117 31
-117 31
-117 31
-117 31
-117 31
-117 31
-117 31
-117 31
-117 31
-117 31
-117 31
-117 31
-117 31
-117 31
-117 31
-117 31
-117 31
-117 31
-117 31
-117 31
-117 31
-117 31
-117 31
-117 31
-117 31
-115 44
-115 44
-115 44
-115 44
-115 44
-115 44
-115 44
-115 44
-115 44
-115 44
-115 44
-115 44
-115 44
-115 44
-115 44
-115 44
-115 44
-121 52
-121 52
-121 52
-121 52
-121 52
-121 52
-121 52
-121 52
-121 52
-121 52
-121 52
-121 52
-121 52
-121 52
-121 52
-121 52
-121 52
-121 52
-121 52
-121 52
-117 57
-117 57
-117 57
-117 57
-117 57
-117 57
-117 57
-117 57
-117 57
-117 57
-117 57
-117 57
-117 57
-117 57
-117 57
-117 57
-117 57
-117 57
-117 57
-117 57
-117 57
-117 57
-117 57
-117 57
-117 57
-117 57
-117 57
-117 57
-117 57
-117 57
-117 57
-117 57
-117 57
-117 57
-117 57
-117 57
-117 57
-117 57
-117 57
-117 57
-117 57
-117 57
-117 57
-117 57
-117 57
-117 57
-117 57
-117 57
-110 55
-111 76
-111 76
-111 76
-111 76
-111 76
-111 76
-111 76
-111 76
-111 76
-111 76
-111 76
-111 76
-111 76
-111 76
-111 76
-111 76
-111 76
-111 76
-111 76
-111 76
-111 76
-111 76
-111 76
-111 76
-111 76
-111 76
-111 76
-111 76
-111 76
-111 76
-111 76
-111 76
-97 82
-97 82
-97 82
-97 82
-97 82
-97 82
-97 82
-97 82
-97 82
-97 82
-97 82
-97 82
-97 82
-97 82
-97 82
-97 82
-73 85
-73 85
-73 85
-73 85
-73 85
-73 85
-73 85
-73 85
-73 85
-73 85
-73 85
-73 85
-73 85
-73 85
-73 85
-73 85
-73 69
-73 69
-73 69
-73 69
-73 69
-73 69
-73 69
-73 69
-73 69
-73 69
-73 69
-73 69
-73 69
-73 69
-73 69
-73 69
-73 69
-73 69
-73 69
-73 69
-73 69
-73 69
-73 69
-73 69
-73 69
-73 69
-73 69
-73 69
-73 69
-73 69
-73 69
-73 69
-73 69
-73 69
-45 71
-45 71
-45 71
-45 71
-45 71
-45 71
-45 71
-45 71
-45 71
-45 71
-45 71
-45 71
-45 71
-45 71
-45 71
-45 71
-45 71
-45 71
-45 71
-45 71
-45 71
-45 71
-45 71
-45 71
-45 71
-45 71
-45 71
-45 71
-45 71
-32 64
-19 64
-19 64
-19 64
-19 64
-19 64
-19 64
-19 64
-19 64
-19 64
-19 64
-19 64
-19 64
-19 64
-19 64
-19 64
-19 64
-19 64
-19 64
-19 64
-19 64
-19 64
-19 64
-19 64
-19 64
-19 64
-19 64
-19 64
-19 64
-19 64
-14 62
-14 62
-14 62
-14 62
-14 62
-14 62
-14 62
-14 62
-14 62
-14 62
-14 62
-14 62
-14 62
-14 62
-14 62
-14 62
-7 42
-7 42
-7 42
-7 42
-7 42
-7 42
-7 42
-7 42
-7 42
-7 42
-7 42
-7 42
-7 42
-7 42
-7 42
-7 42
-7 42
-7 42
-7 42
-7 42
-7 42
-7 42
-7 42
-7 42
-7 42
-7 42
-7 42
-7 42
-7 42
-7 42
-7 42
-7 42
-1 38
-1 38
-1 38
-1 38
-1 38
-1 38
-1 38
-1 38
-1 38
-1 38
-1 38
-1 38
-1 38
-1 38
-1 38
-1 38
-1 38
-1 38
-1 38
-1 38
-1 38
-1 38
-1 38
-1 38
-1 38
-1 38
-1 38
-1 38
-1 38
-1 38
-1 38
-1 38
-1 38
-1 38
-1 38
-1 38
-1 38
-6 19
-6 19
-6 19
-6 19
-6 19
-6 19
-6 19
-6 19
-6 19
-6 19
-6 19
-6 19
-6 19
-6 19
-6 19
-6 19
-6 19
-6 19
-6 19
-6 19
-6 19
-6 19
-6 19
-6 19
-6 19
-6 19
-6 19
-6 19
-6 19
-6 19
-6 19
-6 19
-6 19
4 18
10 13
10 13
10 13
10 13
10 13
10 13
10 13
10 13
10 13
10 13
10 13
10 13
10 13
10 13
10 13
10 13
10 13
10 13
10 13
10 13
10 13
10 13
10 13
10 13
10 13
10 13
10 13
10 13
10 13
10 13
2 7
2 7
2 7
2 7
2 7
2 7
2 7
2 7
2 7
2 7
2 7
2 7
2 7
2 7
2 7
1 4
1 4
1 4
1 4
1 4
1 4
1 4
1 4
1 4
1 4
1 4
1 4
1 4
1 4
1 4
1 4
1 4
1 4
1 4
1 4
1 4
1 4
1 4
1 4
1 4
1 4
1 4
1 4
1 4
1 4
1 4
1 4
1 4
1 4
1 4
1 4
1 4
-1 0
-1 0
-1 0
-1 0
-1 0
-1 0
-1 0
-1 0
-1 0
-1 0
-1 0
-1 0
-1 0
-1 0
-1 0
-1 0
-1 0
-1 0
-1 0
-1 0
-1 0
-1 0
-1 0
-1 0
-1 0
-1 0
-1 0
-1 0
-1 0
-1 0
-1 0
-1 0
-1 0
-1 0
-1 0
-1 0
-1 0
-1 0
-1 0
-1 0
-1 0
-1 0
-1 0
-1 0
-1 0
-1 0
-1 0
-1 0
-1 0
-1 0
-1 0
-1 0
-1 0
-1 0
-1 0
-1 0
-1 0
-1 0
-1 0
-1 0
-2 0
-9 -1
-9 -1
-9 -1
-9 -1
-9 -1
-9 -1
-9 -1
-9 -1
-9 -1
-9 -1
-9 -1
-9 -1
-9 -1
-9 -1
-9 -1
-9 -1
-9 -1
-9 -1
-9 -1
-9 -1
-9 -1
-9 -1
-9 -1
-9 -1
-9 -1
-9 -1
-9 -1
-9 -1
-9 -1
-9 -1
-9 -1
-9 -1
-9 -1
-9 -1
-9 -1
-9 -1
-9 -1
-5 3
-5 3
-5 3
-5 3
-5 3
-5 3
-5 3
-5 3
-5 3
-5 3
-5 3
-5 3
-5 3
-5 3
-5 3
-5 3
-5 3
-5 3
-5 3
7 -2
7 -2
7 -2
7 -2
7 -2
7 -2
7 -2
7 -2
7 -2
7 -2
7 -2
7 -2
7 -2
7 -2
7 -2
3 0
3 0
3 0
3 0
3 0
3 0
3 0
3 0
3 0
3 0
3 0
3 0
3 0
3 0
3 0
3 0
3 0
3 0
3 0
3 0
3 0
3 0
3 0
3 0
3 0
3 0
3 0
3 0
3 0
3 0
3 0
3 0
3 0
3 0
3 0
3 0
3 0
3 0
3 0
3 0
3 0
3 0
3 0
3 0
3 0
3 0
3 0
3 0
3 0
3 0
3 0
3 0
0 -1
0 -1
0 -1
0 -1
0 -1
0 -1
0 -1
0 -1
0 -1
0 -1
0 -1
0 -1
0 -1
0 -1
0 -1
0 -1
0 -1
1 0
1 0
1 0
1 0
1 0
1 0
1 0
1 0
1 0
1 0
1 0
1 0
1 0
1 0
1 0
1 0
1 0
1 0
1 0
1 0
1 0
1 0
1 0
1 0
1 0
1 0
1 0
1 0
1 0
1 0
1 0
1 0
1 0
1 0
1 0
1 0
1 0
1 0
1 0
1 0
1 0
1 0
1 0
1 0
1 0
1 0
1 0
1 0
1 0
1 0
1 0
1 0
1 0
1 0
1 0
1 0
1 0
1 0
1 -2
1 -2
1 -2
1 -2
1 -2
1 -2
1 -2
1 -2
1 -2
1 -2
1 -2
1 -2
1 -2
1 -2
1 -2
1 -2
1 -2
1 -2
1 -2
1 -2
1 -2
1 -2
1 -2
1 -2
1 -2
1 -2
1 -2
1 -2
1 -2
1 -2
1 -2
1 -2
1 -2
1 -2
1 -2
1 -2
1 -2
1 -2
1 -2
1 -2
1 -2
1 -2
1 -2
1 -2
1 -2
1 -2
1 -2
1 -2
1 -2
1 -2
1 -2
1 -2
1 -2
1 -2
1 -2
1 -2
1 -2
1 -2
1 -2
1 -2
1 -2
1 -2
1 -2
1 -2
1 -2
1 -2
1 -2
1 -2
1 -2
1 -2
1 -2
1 -2
1 -2
1 -2
1 -2
1 -2
1 -2
1 -2
1 -2
1 -2
1 -2
1 -2
1 -2
1 0
1 0
1 0
1 0
1 0
1 0
1 0
1 0
1 0
1 0
1 0
1 0
1 0
1 0
1 0
1 0
1 0
1 0
1 0
1 0
1 0
1 0
1 0
1 0
1 0
1 0
1 0
1 0
1 0
1 0
1 0
1 0
1 0
1 0
1 0
1 0
1 0
0 2
0 2
0 2
0 2
0 2
0 2
0 2
0 2
0 2
0 2
0 2
0 2
0 2
0 2
0 2
0 2
2 5
2 5
2 5
2 5
2 5
2 5
2 5
2 5
2 5
2 5
2 5
2 5
2 5
2 5
2 5
2 5
2 5
2 5
2 5
2 5
2 5
2 5
2 5
2 5
2 5
2 5
2 5
2 5
2 5
2 5
2 5
2 5
2 5
1 4
1 4
1 4
1 4
1 4
1 4
1 4
1 4
1 4
1 4
1 4
1 4
1 4
1 4
1 4
1 4
1 4
1 4
2 4
2 4
2 4
2 4
2 4
2 4
2 4
2 4
2 4
2 4
2 4
2 4
2 4
2 4
2 4
1 5
1 5
1 5
1 5
1 5
1 5
1 5
1 5
1 5
1 5
1 5
1 5
1 5
1 5
1 5
1 5
1 5
1 5
1 5
1 5
1 5
1 5
1 5
1 5
1 5
1 5
1 5
1 5
1 5
1 5
1 5
1 5
1 5
1 5
1 5
1 5
1 5
1 5
1 5
1 5
1 5
1 5
1 5
1 5
1 5
1 5
1 5
1 5
1 5
1 5
1 5
1 5
1 5
1 5
0 1
0 1
0 1
0 1
0 1
0 1
0 1
0 1
0 1
0 1
0 1
0 1
0 1
0 1
0 1
0 1
0 1
0 1
0 1
0 1
0 1
0 1
0 1
0 1
0 1
0 1
0 1
0 1
0 1
0 1
0 1
0 1
0 1
0 1
0 1
0 1
0 1
0 1
0 1
0 1
0 1
0 1
0 1
0 1
0 1
0 1
0 1
0 1
0 1
0 1
0 1
0 1
0 1
0 1
0 1
0 1
0 1
0 1
0 1
0 1
0 1
0 1
0 1
0 1
0 1
0 1
0 1
0 1
0 1
0 1
0 1
0 1
0 1
0 1
0 1
0 1
0 1
0 1
0 1
0 1
0 1
0 1
0 1
0 1
0 1
0 1
0 1
0 1
0 1
0 1
0 1
0 1
0 1
0 1
0 1
0 1
0 1
0 1
0 1
0 1
0 1
0 1
0 1
0 1
0 1
0 1
0 1
0 1
0 1
0 1
0 1
0 1
0 1
0 1
0 1
0 1
0 1
0 1
0 1
0 1
0 1
0 1
0 1
0 1
0 1
0 1
0 1
0 1
0 1
0 1
0 1
0 1
0 1
0 1
0 1
0 1
0 1
0 1
0 1
0 1
0 1
0 1
0 1
0 1
0 1
0 1
0 1
0 1
0 1
0 1
0 1
0 1
0 1
0 1
0 1
0 1
0 1
0 1
0 1
0 1
0 1
0 1
0 1
0 1
0 1
0 1
0 1
0 1
0 1
0 1
0 1
0 1
0 1
0 1
0 1
0 1
0 1
0 1
0 1
0 1
0 1
0 1
0 1
0 1
0 1
0 1
0 1
0 1
0 1
0 1
0 1
0 1
0 1
0 1
0 1
0 1
0 1
0 1
0 1
0 1
0 1
0 1
0 1
0 1
0 1
0 1
0 1
0 1
0 1
0 1
0 1
0 1
0 1
0 1
0 1
0 1
0 1
0 1
0 1
0 1
0 1
0 1
0 1
0 1
0 1
0 1
0 1
0 1
0 1
0 1
0 1
0 1
0 1
0 1
0 1
0 1
0 1
0 1
0 1
0 1
0 1
0 1
0 1
0 1
0 1
0 1
0 1
0 1
0 1
0 1
0 1
0 1
0 1
0 1
0 1
0 1
0 1
0 1
0 1
0 1
0 1
0 1
0 1
0 1
0 1
0 1
0 1
0 1
0 1
0 1
0 1
0 1
0 1
0 1
0 1
0 1
0 1
0 1
0 1
0 1
0 1
0 1
0 1
0 1
0 1
0 1
0 1
0 1
0 1
0 1
0 1
0 1
0 1
0 1
0 1
0 1
0 1
0 1
0 1
0 1
0 1
0 1
0 1
0 1
0 1
0 1
0 1
0 1
0 1
0 1
0 1
0 1
0 1
0 1
0 1
0 1
0 1
0 1
0 1
0 1
0 1
0 1
0 1
0 1
0 1
0 1
0 1
0 1
0 1
0 1
0 1
0 1
0 1
0 1
0 1
0 1
0 1
0 1
0 1
0 1
0 1
0 1
0 1
0 1
0 1
0 1
0 1
0 1
0 1
0 1
0 1
0 1
0 1
0 1
0 1
0 1
0 1
0 1
0 1
0 1
0 1
0 1
0 1
0 1
0 1
0 1
0 1
0 1
0 1
0 1
0 1
0 1
0 1
0 1
0 1
0 1
0 1
0 1
0 1
0 1
0 1
0 1
0 1
0 1
0 1
0 1
0 1
0 1
0 1
0 1
0 1
0 1
0 1
0 1
0 1
0 1
0 1
0 1
0 1
0 1
0 1
0 1
0 1
0 1
0 1
0 1
0 1
0 1
0 1
0 1
0 1
0 1
0 1
0 1
0 1
0 1
0 1
0 1
0 1
0 1
0 1
0 1
0 1
0 1
0 1
0 1
2 3
2 3
2 3
2 3
2 3
2 3
2 3
2 3
2 3
2 3
2 3
2 3
2 3
2 3
2 3
2 3
2 3
2 3
2 3
2 3
2 3
2 3
2 3
