8 -89
8 -89
8 -89
8 -89
8 -89
10 -85
10 -85
10 -85
10 -85
10 -85
10 -85
10 -85
10 -85
10 -85
10 -85
10 -85
10 -85
10 -85
10 -85
10 -85
10 -85
10 -85
10 -85
10 -85
10 -85
10 -85
10 -85
10 -85
10 -85
10 -85
10 -85
10 -85
10 -85
10 -85
10 -85
10 -85
10 -85
10 -85
10 -85
10 -85
10 -85
10 -85
10 -85
10 -85
10 -85
10 -85
10 -85
10 -85
10 -85
10 -85
10 -85
2 -84
2 -84
2 -84
2 -84
2 -84
2 -84
2 -84
2 -84
2 -84
2 -84
2 -84
2 -84
2 -84
2 -84
2 -84
2 -84
2 -84
2 -84
2 -84
2 -84
2 -84
2 -84
2 -84
2 -84
2 -84
2 -84
2 -84
2 -84
2 -84
2 -84
2 -84
2 -84
2 -84
2 -84
2 -84
2 -84
2 -84
2 -84
2 -84
2 -84
2 -84
2 -84
2 -84
2 -84
2 -84
2 -84
2 -84
2 -84
2 -84
2 -84
2 -84
2 -84
2 -84
2 -84
2 -84
2 -84
2 -84
2 -84
2 -84
2 -84
2 -84
2 -84
2 -84
2 -84
2 -84
2 -84
2 -84
2 -84
2 -84
2 -84
2 -84
2 -84
2 -84
2 -84
2 -84
2 -84
2 -84
2 -84
2 -84
2 -84
2 -84
2 -84
2 -84
2 -84
2 -84
2 -84
2 -84
2 -84
2 -84
2 -84
2 -84
2 -84
2 -84
2 -84
2 -84
2 -84
2 -84
2 -84
2 -84
2 -84
2 -84
2 -84
2 -84
2 -84
2 -84
2 -84
2 -84
2 -84
2 -84
2 -84
2 -84
2 -84
2 -84
2 -84
-5 -83
-1 -95
-1 -95
-1 -95
-1 -95
-1 -95
-1 -95
-1 -95
-1 -95
-1 -95
-1 -95
-1 -95
-1 -95
-1 -95
-1 -95
-1 -95
-1 -95
-1 -95
-1 -95
-1 -95
-1 -95
-1 -95
-1 -95
-1 -95
-2 -91
-2 -91
-2 -91
-2 -91
-2 -91
-2 -91
-2 -91
-2 -91
-2 -91
-2 -91
-2 -91
-2 -91
-2 -91
-2 -91
-2 -91
-2 -91
-2 -91
-2 -91
-2 -91
-2 -91
-2 -91
-2 -91
-2 -91
-2 -91
-2 -91
-2 -91
-2 -91
6 -89
6 -89
6 -89
6 -89
6 -89
6 -89
6 -89
6 -89
6 -89
6 -89
6 -89
6 -89
6 -89
6 -89
6 -89
6 -89
6 -89
6 -89
6 -89
6 -89
6 -89
6 -89
6 -89
6 -89
6 -89
6 -89
6 -89
6 -89
6 -89
6 -89
6 -89
6 -89
6 -89
6 -89
6 -89
6 -89
6 -89
6 -89
6 -89
6 -89
6 -89
6 -89
6 -89
6 -89
6 -89
6 -89
6 -89
6 -89
-1 -107
-1 -107
-1 -107
-1 -107
-1 -107
-1 -107
-1 -107
-1 -107
-1 -107
-1 -107
-1 -107
-1 -107
-1 -107
-1 -107
-1 -107
-1 -107
-1 -107
-1 -107
-1 -107
-1 -107
-1 -107
-1 -107
-1 -107
-1 -107
-1 -107
-1 -107
-1 -107
-1 -107
-1 -107
-1 -107
-1 -107
-1 -107
-1 -107
-1 -107
-1 -107
-1 -107
-1 -107
-1 -107
-1 -107
-1 -107
-1 -107
-1 -107
-1 -107
-1 -107
-1 -107
-1 -107
-1 -107
-1 -107
-1 -107
-1 -107
-6 -100
-6 -100
-6 -100
-6 -100
-6 -100
-6 -100
-6 -100
-6 -100
-6 -100
-6 -100
-6 -100
-6 -100
-6 -100
-6 -100
-6 -100
-6 -100
-6 -100
-6 -100
-6 -100
-6 -100
-6 -100
-6 -100
-6 -100
-6 -100
-6 -100
-6 -100
-6 -100
-6 -100
-6 -100
-6 -100
-6 -100
-6 -100
-6 -100
-6 -100
-6 -100
-6 -100
-6 -100
-6 -100
-6 -100
-6 -100
-6 -100
-6 -100
-6 -100
-6 -100
-6 -100
-6 -100
-6 -100
-6 -100
-6 -100
-6 -100
-6 -100
-6 -100
-6 -100
-6 -100
-6 -100
-6 -100
-6 -100
-6 -100
-6 -100
-6 -100
-6 -100
-6 -100
-6 -100
-6 -100
-6 -100
-10 -91
-8 -92
-15 -92
-15 -92
-15 -92
-15 -92
-15 -92
-15 -92
-15 -92
-15 -92
-15 -92
-15 -92
-15 -92
-15 -92
-15 -92
-15 -92
-15 -92
-15 -92
-15 -92
-15 -92
-15 -92
-15 -92
-18 -88
-18 -88
-18 -88
-18 -88
-18 -88
-18 -88
-18 -88
-18 -88
-18 -88
-18 -88
-18 -88
-18 -88
-18 -88
-18 -88
-18 -88
-18 -88
-18 -88
-18 -88
-18 -88
-18 -88
-18 -88
-18 -88
-18 -88
-18 -88
-18 -88
-18 -88
-18 -88
-18 -88
-18 -88
-18 -88
-18 -88
-18 -88
-18 -88
-18 -88
-18 -88
-18 -88
-18 -88
-18 -88
-18 -88
-18 -88
-18 -88
-18 -88
-18 -88
-18 -88
-27 -93
-27 -93
-27 -93
-27 -93
-27 -93
-27 -93
-27 -93
-27 -93
-27 -93
-27 -93
-27 -93
-27 -93
-27 -93
-27 -93
-27 -93
-27 -93
-27 -93
-27 -93
-27 -93
-27 -93
-27 -93
-27 -93
-27 -93
-26 -85
-26 -85
-26 -85
-26 -85
-26 -85
-26 -85
-26 -85
-26 -85
-26 -85
-26 -85
-26 -85
-26 -85
-26 -85
-26 -85
-26 -85
-26 -85
-26 -85
-26 -85
-26 -85
-26 -85
-26 -85
-26 -85
-26 -85
-26 -85
-26 -85
-26 -85
-26 -85
-26 -85
-26 -85
-26 -85
-26 -85
-26 -85
-26 -85
-26 -85
-26 -85
-26 -85
-26 -85
-26 -85
-26 -85
-26 -85
-26 -85
-26 -85
-32 -94
-32 -94
-32 -94
-32 -94
-32 -94
-32 -94
-32 -94
-32 -94
-32 -94
-32 -94
-32 -94
-32 -94
-32 -94
-32 -94
-32 -94
-32 -94
-32 -94
-32 -94
-32 -94
-32 -94
-33 -82
-33 -82
-33 -82
-33 -82
-33 -82
-33 -82
-33 -82
-33 -82
-33 -82
-33 -82
-33 -82
-33 -82
-33 -82
-33 -82
-33 -82
-33 -82
-33 -82
-33 -82
-33 -82
-33 -82
-33 -82
-33 -82
-33 -82
-33 -82
-33 -82
-33 -82
-33 -82
-33 -82
-33 -82
-33 -82
-33 -82
-33 -82
-33 -82
-33 -82
-33 -82
-33 -82
-33 -82
-33 -82
-33 -82
-33 -82
-33 -82
-33 -82
-33 -82
-33 -82
-33 -82
-33 -82
-33 -82
-34 -75
-34 -75
-34 -75
-34 -75
-34 -75
-34 -75
-34 -75
-34 -75
-34 -75
-34 -75
-34 -75
-34 -75
-34 -75
-34 -75
-34 -75
-34 -75
-34 -75
-34 -75
-34 -75
-34 -75
-34 -75
-34 -75
-34 -75
-51 -94
-51 -94
-51 -94
-51 -94
-51 -94
-51 -94
-51 -94
-51 -94
-51 -94
-51 -94
-51 -94
-51 -94
-51 -94
-51 -94
-51 -94
-51 -94
-51 -94
-51 -94
-51 -94
-51 -94
-51 -94
-51 -94
-51 -94
-51 -94
-48 -77
-48 -77
-48 -77
-48 -77
-48 -77
-48 -77
-48 -77
-48 -77
-48 -77
-48 -77
-48 -77
-48 -77
-48 -77
-48 -77
-48 -77
-48 -77
-48 -77
-48 -77
-48 -77
-48 -77
-48 -77
-48 -77
-48 -77
-48 -77
-48 -77
-48 -77
-48 -77
-48 -77
-48 -77
-48 -77
-48 -77
-48 -77
-48 -77
-48 -77
-48 -77
-48 -77
-48 -77
-48 -77
-48 -77
-48 -77
-48 -77
-48 -77
-48 -77
-48 -77
-48 -77
-48 -77
-48 -77
-48 -77
-48 -77
-48 -77
-48 -77
-48 -77
-48 -77
-48 -77
-48 -77
-48 -77
-48 -77
-48 -77
-48 -77
-48 -77
-48 -77
-48 -77
-48 -77
-48 -77
-48 -77
-48 -77
-48 -77
-48 -77
-48 -77
-48 -77
-52 -86
-52 -86
-52 -86
-52 -86
-52 -86
-52 -86
-52 -86
-52 -86
-52 -86
-52 -86
-52 -86
-52 -86
-52 -86
-52 -86
-52 -86
-52 -86
-52 -86
-52 -86
-52 -86
-52 -86
-52 -86
-52 -86
-52 -86
-52 -86
-52 -86
-52 -86
-52 -86
-52 -86
-52 -86
-52 -86
-52 -86
-52 -86
-52 -86
-52 -86
-52 -86
-52 -86
-52 -86
-52 -86
-52 -86
-52 -86
-52 -86
-52 -86
-52 -86
-52 -86
-50 -62
-50 -62
-50 -62
-50 -62
-50 -62
-50 -62
-50 -62
-50 -62
-50 -62
-50 -62
-50 -62
-50 -62
-50 -62
-50 -62
-50 -62
-50 -62
-50 -62
-50 -62
-50 -62
-50 -62
-50 -62
-50 -62
-56 -63
-56 -63
-56 -63
-56 -63
-56 -63
-56 -63
-56 -63
-56 -63
-56 -63
-56 -63
-56 -63
-56 -63
-56 -63
-56 -63
-56 -63
-56 -63
-56 -63
-56 -63
-56 -63
-56 -63
-56 -63
-56 -63
-56 -63
-56 -63
-54 -42
-54 -42
-54 -42
-54 -42
-54 -42
-54 -42
-54 -42
-54 -42
-54 -42
-54 -42
-54 -42
-54 -42
-54 -42
-54 -42
-54 -42
-54 -42
-54 -42
-54 -42
-54 -42
-54 -42
-54 -42
-54 -42
-54 -42
-54 -42
-54 -42
-54 -42
-54 -42
-54 -42
-54 -42
-54 -42
-54 -42
-54 -42
-54 -42
-54 -42
-54 -42
-54 -42
-54 -42
-54 -42
-54 -42
-54 -42
-54 -42
-54 -42
-54 -42
-54 -42
-54 -42
-54 -42
-54 -42
-54 -42
-54 -42
-54 -42
-54 -42
-54 -42
-54 -42
-54 -42
-54 -42
-54 -42
-54 -42
-54 -42
-54 -42
-54 -42
-54 -42
-54 -42
-54 -42
-54 -42
-54 -42
-54 -42
-54 -42
-54 -42
-54 -42
-54 -42
-54 -42
-54 -42
-54 -42
-54 -42
-54 -42
-54 -42
-86 -43
-86 -43
-86 -43
-86 -43
-86 -43
-86 -43
-86 -43
-86 -43
-86 -43
-86 -43
-86 -43
-86 -43
-86 -43
-86 -43
-86 -43
-86 -43
-86 -43
-86 -43
-86 -43
-86 -43
-86 -43
-86 -43
-83 -39
-83 -39
-83 -39
-83 -39
-83 -39
-83 -39
-83 -39
-83 -39
-83 -39
-83 -39
-83 -39
-83 -39
-83 -39
-83 -39
-83 -39
-83 -39
-83 -39
-83 -39
-83 -39
-83 -39
-83 -39
-83 -39
-83 -39
-83 -39
-83 -39
-83 -39
-83 -39
-83 -39
-83 -39
-83 -39
-83 -39
-83 -39
-83 -39
-83 -39
-83 -39
-83 -39
-83 -39
-83 -39
-83 -39
-83 -39
-83 -39
-83 -39
-83 -39
-83 -39
-83 -39
-83 -39
-83 -39
-83 -39
-83 -39
-83 -39
-83 -39
-83 -39
-83 -39
-83 -39
-83 -39
-83 -39
-83 -39
-83 -39
-83 -39
-83 -39
-83 -39
-83 -39
-83 -39
-83 -39
-83 -39
-83 -39
-83 -39
-83 -39
-83 -39
-83 -39
-98 -30
-98 -30
-98 -30
-98 -30
-98 -30
-98 -30
-98 -30
-98 -30
-98 -30
-98 -30
-98 -30
-98 -30
-98 -30
-98 -30
-98 -30
-98 -30
-98 -30
-98 -30
-98 -30
-98 -30
-98 -30
-98 -30
-98 -30
-98 -30
-98 -30
-98 -30
-98 -30
-98 -30
-98 -30
-98 -30
-98 -30
-98 -30
-98 -30
-98 -30
-98 -30
-98 -30
-98 -30
-98 -30
-98 -30
-98 -30
-98 -30
-98 -30
-98 -30
-98 -30
-98 -30
-98 -30
-98 -30
-98 -30
-105 -19
-105 -19
-105 -19
-105 -19
-105 -19
-105 -19
-105 -19
-105 -19
-105 -19
-105 -19
-105 -19
-105 -19
-105 -19
-105 -19
-105 -19
-105 -19
-105 -19
-105 -19
-105 -19
-105 -19
-105 -19
-105 -19
-105 -19
-105 -19
-105 -19
-105 -19
-105 -19
-105 -19
-105 -19
-105 -19
-105 -19
-105 -19
-105 -19
-105 -19
-105 -19
-105 -19
-105 -19
-105 -19
-105 -19
-105 -19
-105 -19
-105 -19
-105 -19
-105 -19
-105 -19
-105 -19
-105 -19
-105 -19
-107 -4
-103 2
-103 2
-103 2
-103 2
-103 2
-103 2
-103 2
-103 2
-103 2
-103 2
-103 2
-103 2
-103 2
-103 2
-103 2
-103 2
-103 2
-103 2
-103 2
-103 2
-103 2
-103 2
-103 2
-103 2
-103 2
-103 2
-103 2
-103 2
-103 2
-103 2
-103 2
-103 2
-103 2
-103 2
-103 2
-103 2
-103 2
-103 2
-103 2
-103 2
-103 2
-103 2
-103 2
-103 2
-103 2
-103 2
-103 2
-103 2
-103 2
-103 2
-103 2
-103 2
-103 2
-103 2
-103 2
-103 2
-103 2
-103 2
-103 2
-103 2
-103 2
-103 2
-103 2
-103 2
-103 2
-103 2
-103 2
-103 2
-103 2
-103 2
-103 2
-103 2
-103 2
-103 2
-103 2
-103 2
-103 2
-103 2
-103 2
-103 2
-103 2
-103 2
-103 2
-103 2
-103 2
-103 2
-103 2
-103 2
-103 2
-103 2
-103 2
-101 -4
-138 1
-138 1
-138 1
-138 1
-138 1
-138 1
-138 1
-138 1
-138 1
-138 1
-138 1
-138 1
-138 1
-138 1
-138 1
-138 1
-138 1
-138 1
-138 1
-138 1
-138 1
-138 1
-138 1
-138 1
-138 1
-138 1
-138 1
-138 1
-138 1
-138 1
-138 1
-138 1
-138 1
-138 1
-138 1
-138 1
-138 1
-138 1
-138 1
-138 1
-138 1
-138 1
-138 1
-139 2
-139 2
-139 2
-139 2
-139 2
-139 2
-139 2
-139 2
-139 2
-139 2
-139 2
-139 2
-139 2
-139 2
-139 2
-139 2
-139 2
-139 2
-139 2
-139 2
-139 2
-139 2
-139 2
-139 2
-139 2
-139 2
-139 2
-139 2
-139 2
-139 2
-139 2
-139 2
-139 2
-139 2
-139 2
-139 2
-139 2
-139 2
-139 2
-139 2
-139 2
-139 2
-139 2
-139 2
-139 2
-139 2
-139 2
-139 2
-139 2
-139 2
-139 2
-139 2
-139 2
-141 19
-141 19
-141 19
-141 19
-141 19
-141 19
-141 19
-141 19
-141 19
-141 19
-141 19
-141 19
-141 19
-141 19
-141 19
-141 19
-141 19
-141 19
-141 19
-141 19
-141 19
-141 19
-141 19
-141 19
-141 19
-141 19
-141 19
-141 19
-141 19
-141 19
-141 19
-141 19
-141 19
-141 19
-141 19
-141 19
-141 19
-141 19
-141 19
-141 19
-141 19
-141 19
-141 19
-141 19
-141 19
-141 19
-141 19
-141 19
-141 19
-141 19
-141 19
-141 19
-141 19
-141 19
-141 19
-151 16
-144 13
-144 13
-144 13
-144 13
-144 13
-144 13
-144 13
-144 13
-144 13
-144 13
-144 13
-144 13
-144 13
-144 13
-144 13
-144 13
-144 13
-144 13
-144 13
-144 13
-144 13
-160 34
-160 34
-160 34
-160 34
-160 34
-160 34
-160 34
-160 34
-160 34
-160 34
-160 34
-160 34
-160 34
-160 34
-160 34
-160 34
-160 34
-160 34
-160 34
-160 34
-160 34
-160 34
-160 34
-160 34
-160 34
-160 34
-160 34
-160 34
-160 34
-160 34
-160 34
-160 34
-160 34
-160 34
-160 34
-160 34
-160 34
-160 34
-160 34
-160 34
-160 34
-160 34
-160 34
-160 34
-160 34
-160 34
-160 34
-160 34
-160 34
-160 34
-160 34
-160 34
-160 34
-160 34
-160 34
-139 33
-139 33
-139 33
-139 33
-139 33
-139 33
-139 33
-139 33
-139 33
-139 33
-139 33
-139 33
-139 33
-139 33
-139 33
-139 33
-139 33
-139 33
-139 33
-139 33
-139 33
-139 33
-139 33
-139 33
-159 46
-159 46
-159 46
-159 46
-159 46
-159 46
-159 46
-159 46
-159 46
-159 46
-159 46
-159 46
-159 46
-159 46
-159 46
-159 46
-159 46
-159 46
-159 46
-159 46
-159 46
-159 46
-159 46
-159 46
-159 46
-159 46
-159 46
-159 46
-159 46
-159 46
-159 46
-159 46
-159 46
-159 46
-159 46
-159 46
-159 46
-159 46
-159 46
-159 46
-159 46
-159 46
-159 46
-159 46
-159 46
-159 46
-159 46
-159 46
-159 46
-159 46
-159 46
-159 46
-159 46
-159 46
-159 46
-159 46
-159 46
-159 46
-159 46
-159 46
-159 46
-159 46
-159 46
-159 46
-159 46
-159 46
-159 46
-159 46
-159 46
-159 46
-159 46
-159 46
-159 46
-159 46
-159 46
-159 46
-159 46
-130 63
-130 63
-130 63
-130 63
-130 63
-130 63
-130 63
-130 63
-130 63
-130 63
-130 63
-130 63
-130 63
-130 63
-130 63
-130 63
-130 63
-130 63
-130 63
-130 63
-130 63
-130 63
-130 63
-130 63
-130 63
-130 63
-130 63
-130 63
-130 63
-130 63
-130 63
-130 63
-130 63
-130 63
-130 63
-130 63
-130 63
-130 63
-130 63
-130 63
-130 63
-130 63
-130 63
-130 63
-130 63
-130 63
-130 63
-130 63
-130 63
-130 63
-130 63
-130 63
-125 60
-125 60
-125 60
-125 60
-125 60
-125 60
-125 60
-125 60
-125 60
-125 60
-125 60
-125 60
-125 60
-125 60
-125 60
-125 60
-125 60
-125 60
-125 60
-125 60
-125 60
-125 60
-125 60
-108 70
-108 70
-108 70
-108 70
-108 70
-108 70
-108 70
-108 70
-108 70
-108 70
-108 70
-108 70
-108 70
-108 70
-108 70
-108 70
-108 70
-108 70
-108 70
-108 70
-108 70
-108 70
-108 70
-108 70
-108 70
-108 70
-108 70
-111 81
-111 81
-111 81
-111 81
-111 81
-111 81
-111 81
-111 81
-111 81
-111 81
-111 81
-111 81
-111 81
-111 81
-111 81
-111 81
-111 81
-111 81
-111 81
-111 81
-111 81
-111 81
-111 81
-111 81
-93 75
-93 75
-93 75
-93 75
-93 75
-93 75
-93 75
-93 75
-93 75
-93 75
-93 75
-93 75
-93 75
-93 75
-93 75
-93 75
-93 75
-93 75
-93 75
-93 75
-93 75
-93 75
-93 75
-93 75
-93 75
-93 75
-93 75
-93 75
-93 75
-93 75
-93 75
-93 75
-93 75
-93 75
-93 75
-93 75
-93 75
-93 75
-93 75
-93 75
-93 75
-93 75
-93 75
-93 75
-93 75
-93 75
-93 75
-93 75
-93 75
-93 75
-93 75
-93 75
-93 75
-93 75
-93 75
-93 75
-93 75
-93 75
-93 75
-93 75
-96 90
-96 90
-96 90
-96 90
-96 90
-96 90
-96 90
-96 90
-96 90
-96 90
-96 90
-96 90
-96 90
-96 90
-96 90
-96 90
-96 90
-96 90
-96 90
-96 90
-96 90
-96 90
-96 90
-96 90
-96 90
-96 90
-96 90
-96 90
-96 90
-96 90
-96 90
-96 90
-96 90
-96 90
-96 90
-96 90
-96 90
-96 90
-96 90
-96 90
-96 90
-96 90
-96 90
-96 90
-96 90
-96 90
-96 90
-96 90
-96 90
-96 90
-96 90
-81 99
-81 99
-81 99
-81 99
-81 99
-81 99
-81 99
-81 99
-81 99
-81 99
-81 99
-81 99
-81 99
-81 99
-81 99
-81 99
-81 99
-81 99
-81 99
-81 99
-81 99
-81 99
-81 99
-72 97
-72 97
-72 97
-72 97
-72 97
-72 97
-72 97
-72 97
-72 97
-72 97
-72 97
-72 97
-72 97
-72 97
-72 97
-72 97
-72 97
-72 97
-72 97
-72 97
-72 97
-72 97
-72 97
-72 97
-72 97
-72 97
-72 97
-72 97
-72 97
-72 97
-72 97
-72 97
-72 97
-72 97
-72 97
-72 97
-72 97
-72 97
-72 97
-72 97
-72 97
-47 64
-47 64
-47 64
-47 64
-47 64
-47 64
-47 64
-47 64
-47 64
-47 64
-47 64
-47 64
-47 64
-47 64
-47 64
-47 64
-47 64
-47 64
-47 64
-47 64
-47 64
-47 64
-47 64
-47 64
-47 64
-47 64
-47 64
-47 64
-47 64
-47 64
-47 64
-47 64
-47 64
-47 64
-47 64
-47 64
-47 64
-47 64
-47 64
-47 64
-47 64
-47 64
-47 64
-46 105
-56 111
-56 111
-56 111
-56 111
-56 111
-56 111
-56 111
-56 111
-56 111
-56 111
-56 111
-56 111
-56 111
-56 111
-56 111
-56 111
-56 111
-56 111
-56 111
-56 111
-56 111
-56 111
-56 111
-56 111
-56 111
-56 111
-56 111
-56 111
-56 111
-56 111
-56 111
-56 111
-56 111
-56 111
-56 111
-56 111
-37 101
-37 101
-37 101
-37 101
-37 101
-37 101
-37 101
-37 101
-37 101
-37 101
-37 101
-37 101
-37 101
-37 101
-37 101
-37 101
-37 101
-37 101
-37 101
-39 111
-39 111
-39 111
-39 111
-39 111
-39 111
-39 111
-39 111
-39 111
-39 111
-39 111
-39 111
-39 111
-39 111
-39 111
-39 111
-39 111
-39 111
-39 111
-39 111
-39 111
-39 111
-39 111
-39 111
-39 111
-39 111
-39 111
-36 129
-36 129
-36 129
-36 129
-36 129
-36 129
-36 129
-36 129
-36 129
-36 129
-36 129
-36 129
-36 129
-36 129
-36 129
-36 129
-36 129
-36 129
-36 129
-36 129
-36 129
-36 129
-36 129
-36 129
-36 129
-36 129
-36 129
-36 129
-36 129
-36 129
-36 129
-36 129
-36 129
-36 129
-36 129
-36 129
-36 129
-36 129
-36 129
-36 129
-36 129
-36 129
-36 129
-36 129
-36 129
-36 129
-36 129
-36 129
-36 129
-36 129
-36 129
-36 129
-24 123
-24 123
-24 123
-24 123
-24 123
-24 123
-24 123
-24 123
-24 123
-24 123
-24 123
-24 123
-24 123
-24 123
-24 123
-24 123
-24 123
-24 123
-24 123
-24 123
-24 123
-24 123
-24 123
-24 123
-24 123
-24 123
-24 123
-24 123
-24 123
-24 123
-24 123
-24 123
-24 123
-24 123
-24 123
-24 123
-24 123
-24 123
-24 123
-24 123
-24 123
-24 123
-24 123
-24 123
-24 123
-24 123
-24 123
-24 123
-24 123
-24 123
-24 123
-24 151
-24 151
-24 151
-24 151
-24 151
-24 151
-24 151
-24 151
-24 151
-24 151
-24 151
-24 151
-24 151
-24 151
-24 151
-24 151
-24 151
-24 151
-24 151
-24 151
-24 151
-24 151
-24 151
-24 151
-24 151
-24 151
-24 151
-24 151
-24 151
-24 151
-24 151
-24 151
-24 151
-24 151
-24 151
-24 151
-24 151
-24 151
-24 151
-24 151
-24 151
-24 151
-24 151
-24 151
-24 151
-24 151
-24 151
-24 151
-24 151
-7 152
-7 152
-7 152
-7 152
-7 152
-7 152
-7 152
-7 152
-7 152
-7 152
-7 152
-7 152
-7 152
-7 152
-7 152
-7 152
-7 152
-7 152
-7 152
-7 152
-7 152
-7 152
-7 152
-7 152
-7 152
-7 152
-7 152
-7 152
-7 152
-7 152
-7 152
-7 152
-7 152
-7 152
-7 152
-7 152
-7 152
-7 152
-7 152
-7 152
-7 152
-7 152
-7 152
-7 152
-2 145
-2 145
-2 145
-2 145
-2 145
-2 145
-2 145
-2 145
-2 145
-2 145
-2 145
-2 145
-2 145
-2 145
-2 145
-2 145
2 156
2 156
2 156
2 156
2 156
2 156
2 156
2 156
2 156
2 156
2 156
2 156
2 156
2 156
2 156
2 156
2 156
2 156
2 156
2 156
2 156
2 156
2 156
2 156
2 156
2 156
2 156
2 156
2 156
2 156
2 156
2 156
7 154
7 154
7 154
7 154
7 154
7 154
7 154
7 154
7 154
7 154
7 154
7 154
7 154
7 154
7 154
7 154
7 154
7 154
7 154
7 154
7 154
7 154
7 154
7 154
7 154
7 154
7 154
7 154
7 154
7 154
30 142
30 142
30 142
30 142
30 142
30 142
30 142
30 142
30 142
30 142
30 142
30 142
30 142
30 142
30 142
30 142
30 142
44 146
44 146
44 146
44 146
44 146
44 146
44 146
44 146
44 146
44 146
44 146
44 146
44 146
44 146
44 146
44 146
44 146
44 146
44 146
44 146
44 146
44 146
44 146
44 146
44 146
44 146
44 146
44 146
44 146
44 146
44 146
44 146
44 146
44 146
44 146
44 146
44 146
59 154
59 154
59 154
59 154
59 154
59 154
59 154
59 154
59 154
59 154
59 154
59 154
59 154
59 154
59 154
59 154
59 154
59 154
59 154
68 157
68 157
68 157
68 157
68 157
68 157
68 157
68 157
68 157
68 157
68 157
68 157
68 157
68 157
68 157
68 157
68 157
68 157
68 157
68 157
68 157
68 157
68 157
68 157
68 157
68 157
68 157
68 157
68 157
68 157
68 157
68 157
68 157
68 157
65 143
65 143
65 143
65 143
65 143
65 143
65 143
65 143
65 143
65 143
65 143
65 143
65 143
65 143
65 143
65 143
65 143
65 143
65 143
65 143
65 143
65 143
65 143
65 143
65 143
65 143
65 143
65 143
65 143
65 143
65 143
65 143
65 143
65 143
75 136
95 122
95 122
95 122
95 122
95 122
95 122
95 122
95 122
95 122
95 122
95 122
95 122
95 122
95 122
95 122
95 122
95 122
95 122
95 122
95 122
95 122
95 122
95 122
95 122
95 122
95 122
95 122
95 122
95 122
95 122
95 122
95 122
95 122
95 122
98 111
98 111
98 111
98 111
98 111
98 111
98 111
98 111
98 111
98 111
98 111
98 111
98 111
98 111
98 111
98 111
98 111
98 111
110 103
110 103
110 103
110 103
110 103
110 103
110 103
110 103
110 103
110 103
110 103
110 103
110 103
110 103
110 103
110 103
110 103
130 92
130 92
130 92
130 92
130 92
130 92
130 92
130 92
130 92
130 92
130 92
130 92
130 92
130 92
130 92
130 92
130 92
130 92
130 92
130 92
130 92
130 92
130 92
130 92
130 92
130 92
130 92
130 92
130 92
130 92
130 92
130 92
130 92
130 92
130 92
130 92
130 92
130 92
130 92
130 92
130 92
130 92
130 92
130 92
130 92
130 92
130 92
130 92
130 92
130 92
130 92
130 92
130 92
130 92
130 92
130 92
130 92
130 92
130 92
130 92
130 92
130 92
130 92
130 92
130 92
130 92
130 92
130 92
135 79
145 65
145 65
145 65
145 65
145 65
145 65
145 65
145 65
145 65
145 65
145 65
145 65
145 65
145 65
145 65
145 65
145 65
145 65
145 65
145 65
145 65
145 65
145 65
145 65
145 65
145 65
145 65
145 65
145 65
145 65
145 65
145 65
145 65
152 57
141 31
141 31
141 31
141 31
141 31
141 31
141 31
141 31
141 31
141 31
141 31
141 31
141 31
141 31
141 31
141 31
141 31
141 31
168 23
168 23
168 23
168 23
168 23
168 23
168 23
168 23
168 23
168 23
168 23
168 23
168 23
168 23
168 23
168 23
168 23
168 23
168 23
168 23
168 23
168 23
168 23
168 23
168 23
168 23
168 23
168 23
168 23
168 23
168 23
168 23
168 23
168 23
141 10
141 10
141 10
141 10
141 10
141 10
141 10
141 10
141 10
141 10
141 10
141 10
141 10
141 10
141 10
141 10
141 10
141 10
141 10
141 10
141 10
141 10
141 10
141 10
141 10
141 10
141 10
141 10
141 10
141 10
141 10
141 10
141 10
156 9
135 -10
135 -10
135 -10
135 -10
135 -10
135 -10
135 -10
135 -10
135 -10
135 -10
135 -10
135 -10
135 -10
135 -10
135 -10
135 -10
135 -10
135 -10
135 -10
135 -10
135 -10
135 -10
135 -10
135 -10
135 -10
135 -10
135 -10
135 -10
135 -10
135 -10
135 -10
135 -10
135 -10
129 -19
129 -19
129 -19
129 -19
129 -19
129 -19
129 -19
129 -19
129 -19
129 -19
129 -19
129 -19
129 -19
129 -19
129 -19
129 -19
129 -19
126 -24
126 -24
126 -24
126 -24
126 -24
126 -24
126 -24
126 -24
126 -24
126 -24
126 -24
126 -24
126 -24
126 -24
126 -24
126 -24
126 -24
126 -24
126 -24
126 -24
126 -24
126 -24
126 -24
126 -24
126 -24
126 -24
126 -24
126 -24
126 -24
126 -24
126 -24
126 -24
117 -36
117 -36
117 -36
117 -36
117 -36
117 -36
117 -36
117 -36
117 -36
117 -36
117 -36
117 -36
117 -36
117 -36
117 -36
116 -63
116 -63
116 -63
116 -63
116 -63
116 -63
116 -63
116 -63
116 -63
116 -63
116 -63
116 -63
116 -63
116 -63
116 -63
116 -63
116 -63
116 -63
116 -63
116 -63
116 -63
116 -63
116 -63
116 -63
116 -63
116 -63
116 -63
116 -63
116 -63
116 -63
116 -63
116 -63
116 -63
112 -63
112 -63
112 -63
112 -63
112 -63
112 -63
112 -63
112 -63
112 -63
112 -63
112 -63
112 -63
112 -63
112 -63
112 -63
112 -63
112 -63
112 -63
112 -63
112 -63
112 -63
112 -63
112 -63
112 -63
112 -63
112 -63
112 -63
112 -63
112 -63
112 -63
112 -63
112 -63
112 -63
112 -63
112 -63
112 -63
112 -63
93 -68
90 -75
90 -75
90 -75
90 -75
90 -75
90 -75
90 -75
90 -75
90 -75
90 -75
90 -75
90 -75
90 -75
90 -75
90 -75
90 -75
90 -75
90 -75
90 -75
90 -75
90 -75
90 -75
90 -75
90 -75
90 -75
90 -75
90 -75
90 -75
90 -75
90 -75
90 -75
90 -75
90 -75
90 -75
90 -75
90 -75
90 -75
82 -72
82 -72
82 -72
82 -72
82 -72
82 -72
82 -72
82 -72
82 -72
82 -72
82 -72
82 -72
82 -72
82 -72
82 -72
82 -72
82 -72
82 -72
82 -72
82 -72
82 -72
82 -72
82 -72
82 -72
82 -72
82 -72
82 -72
82 -72
82 -72
82 -72
82 -72
82 -72
82 -72
66 -73
66 -73
66 -73
66 -73
66 -73
66 -73
66 -73
66 -73
66 -73
66 -73
66 -73
66 -73
66 -73
66 -73
66 -73
66 -73
66 -73
66 -73
66 -77
66 -77
66 -77
66 -77
66 -77
66 -77
66 -77
66 -77
66 -77
66 -77
66 -77
66 -77
66 -77
66 -77
66 -77
66 -77
66 -77
66 -77
66 -77
66 -77
66 -77
66 -77
66 -77
66 -77
66 -77
66 -77
66 -77
66 -77
55 -82
55 -82
55 -82
55 -82
55 -82
55 -82
55 -82
55 -82
55 -82
55 -82
55 -82
55 -82
55 -82
55 -82
55 -82
55 -82
55 -82
55 -82
55 -82
55 -82
55 -82
55 -82
55 -82
55 -82
55 -82
55 -82
55 -82
55 -82
55 -82
55 -82
55 -82
35 -66
35 -66
35 -66
35 -66
35 -66
35 -66
35 -66
35 -66
35 -66
35 -66
35 -66
35 -66
35 -66
35 -66
35 -66
35 -66
33 -59
33 -59
33 -59
33 -59
33 -59
33 -59
33 -59
33 -59
33 -59
33 -59
33 -59
33 -59
33 -59
33 -59
33 -59
28 -39
28 -39
28 -39
28 -39
28 -39
28 -39
28 -39
28 -39
28 -39
28 -39
28 -39
28 -39
28 -39
28 -39
28 -39
28 -39
28 -39
28 -39
28 -39
28 -39
28 -39
28 -39
28 -39
28 -39
28 -39
28 -39
28 -39
28 -39
28 -39
28 -39
28 -39
28 -39
28 -39
28 -39
13 -33
13 -33
13 -33
13 -33
13 -33
13 -33
13 -33
13 -33
13 -33
13 -33
13 -33
13 -33
13 -33
13 -33
13 -33
13 -33
13 -33
13 -33
13 -33
13 -33
13 -33
13 -33
13 -33
13 -33
13 -33
13 -33
13 -33
13 -33
13 -33
13 -33
13 -33
14 -25
14 -25
14 -25
14 -25
14 -25
14 -25
14 -25
14 -25
14 -25
14 -25
14 -25
14 -25
14 -25
14 -25
14 -25
14 -25
14 -25
14 -25
14 -25
14 -25
14 -25
14 -25
14 -25
14 -25
14 -25
14 -25
14 -25
14 -25
14 -25
14 -25
14 -25
14 -25
14 -25
2 -4
2 -4
2 -4
2 -4
2 -4
2 -4
2 -4
2 -4
2 -4
2 -4
2 -4
2 -4
2 -4
2 -4
2 -4
2 -4
2 -4
2 -4
2 -4
2 -4
2 -4
2 -4
2 -4
2 -4
2 -4
2 -4
2 -4
2 -4
2 -4
2 -4
2 -4
2 -4
2 -4
2 -4
2 -4
2 -4
2 -4
2 -4
2 -4
2 -4
2 -4
2 -4
2 -4
2 -4
2 -4
2 -4
2 -4
2 -4
2 -4
2 -4
2 -4
2 -4
2 -4
2 -4
2 -4
2 -4
2 -4
2 -4
2 -4
2 -4
2 -4
2 -4
2 -4
2 -4
2 -4
2 -4
2 -4
2 -4
2 -4
2 -4
2 -4
2 -4
2 -4
2 -4
2 -4
2 -4
2 -4
2 -4
2 -4
2 -4
2 -4
2 -4
2 -4
2 -4
2 -4
2 -4
2 -4
2 -4
2 -4
2 -4
2 -4
2 -4
2 -4
2 -4
2 -4
2 -4
2 -4
2 -4
2 -4
2 -4
2 -4
2 -4
2 -4
2 -4
2 -4
2 -4
2 -4
2 -4
2 -4
2 -4
2 -4
2 -4
2 -4
2 -4
2 -4
2 -4
2 -4
2 -4
2 -4
2 -4
2 -4
2 -4
2 -4
2 -4
2 -4
2 -4
2 -4
2 -4
2 -4
2 -4
2 -4
2 -4
2 -4
2 -4
2 -4
2 -4
2 -4
2 -4
2 -4
2 -4
2 -4
2 -4
2 -4
2 -4
2 -4
2 -4
2 -4
2 -4
2 -4
2 -4
2 -4
2 -4
2 -4
2 -4
2 -4
2 -4
2 -4
2 -4
2 -4
2 -4
2 -4
2 -4
2 -4
2 -4
2 -4
2 -4
2 -4
2 -4
2 -4
2 -4
2 -4
2 -4
2 -4
2 -4
2 -4
2 -4
2 -4
2 -4
2 -4
2 -4
2 -4
2 -4
2 -4
2 -4
2 -4
2 -4
2 -4
2 -4
2 -4
2 -4
2 -4
2 -4
2 -4
2 -4
2 -4
2 -4
2 -4
2 -4
2 -4
2 -4
2 -4
2 -4
2 -4
2 -4
2 -4
2 -4
2 -4
2 -4
2 -4
2 -4
2 -4
2 -4
2 -4
2 -4
2 -4
2 -4
2 -4
2 -4
2 -4
2 -4
2 -4
2 -4
2 -4
2 -4
2 -4
2 -4
2 -4
2 -4
2 -4
2 -4
2 -4
2 -4
2 -4
2 -4
2 -4
2 -4
2 -4
2 -4
2 -4
2 -4
2 -4
2 -4
2 -4
2 -4
2 -4
2 -4
2 -4
2 -4
2 -4
2 -4
2 -4
2 -4
2 -4
2 -4
2 -4
2 -4
2 -4
2 -4
2 -4
2 -4
2 -4
2 -4
2 -4
2 -4
2 -4
2 -4
2 -4
2 -4
2 -4
2 -4
2 -4
2 -4
2 -4
2 -4
2 -4
2 -4
2 -4
2 -4
2 -4
2 -4
2 -4
2 -4
2 -4
2 -4
2 -4
2 -4
2 -4
2 -4
2 -4
2 -4
2 -4
2 -4
2 -4
2 -4
2 -4
2 -4
2 -4
2 -4
2 -4
2 -4
2 -4
2 -4
2 -4
2 -4
2 -4
2 -4
2 -4
2 -4
2 -4
2 -4
2 -4
2 -4
2 -4
2 -4
2 -4
2 -4
2 -4
2 -4
2 -4
2 -4
2 -4
2 -4
2 -4
2 -4
2 -4
2 -4
2 -4
2 -4
2 -4
2 -4
2 -4
2 -4
2 -4
2 -4
2 -4
2 -4
2 -4
2 -4
2 -4
2 -4
2 -4
2 -4
2 -4
2 -4
2 -4
2 -4
2 -4
2 -4
2 -4
2 -4
2 -4
2 -4
2 -4
2 -4
2 -4
2 -4
2 -4
2 -4
2 -4
2 -4
2 -4
2 -4
2 -4
2 -4
2 -4
2 -4
2 -4
2 -4
2 -4
2 -4
2 -4
2 -4
2 -4
2 -4
2 -4
2 -4
2 -4
2 -4
2 -4
2 -4
2 -4
2 -4
2 -4
2 -4
2 -4
2 -4
2 -4
2 -4
2 -4
2 -4
2 -4
2 -4
2 -4
2 -4
2 -4
2 -4
2 -4
2 -4
2 -4
2 -4
2 -4
2 -4
2 -4
2 -4
2 -4
2 -4
2 -4
2 -4
2 -4
2 -4
2 -4
2 -4
2 -4
2 -4
2 -4
2 -4
2 -4
2 -4
2 -4
2 -4
2 -4
2 -4
2 -4
2 -4
2 -4
2 -4
2 -4
2 -4
2 -4
2 -4
2 -4
2 -4
2 -4
2 -4
2 -4
2 -4
2 -4
2 -4
2 -4
2 -4
2 -4
2 -4
2 -4
2 -4
2 -4
2 -4
2 -4
2 -4
2 -4
2 -4
2 -4
2 -4
2 -4
2 -4
2 -4
2 -4
2 -4
2 -4
2 -4
2 -4
2 -4
2 -4
2 -4
2 -4
2 -4
2 -4
2 -4
2 -4
2 -4
2 -4
2 -4
2 -4
2 -4
2 -4
2 -4
2 -4
2 -4
2 -4
2 -4
2 -4
2 -4
2 -4
2 -4
2 -4
2 -4
2 -4
2 -4
2 -4
2 -4
2 -4
2 -4
2 -4
2 -4
2 -4
2 -4
2 -4
2 -4
2 -4
2 -4
2 -4
2 -4
2 -4
2 -4
2 -4
2 -4
2 -4
2 -4
2 -4
2 -4
2 -4
2 -4
2 -4
2 -4
2 -4
2 -4
2 -4
2 -4
2 -4
2 -4
2 -4
2 -4
2 -4
2 -4
2 -4
2 -4
2 -4
2 -4
2 -4
2 -4
2 -4
2 -4
2 -4
2 -4
2 -4
2 -4
2 -4
2 -4
2 -4
2 -4
2 -4
2 -4
2 -4
2 -4
2 -4
2 -4
2 -4
2 -4
2 -4
2 -4
2 -4
2 -4
2 -4
2 -4
2 -4
2 -4
2 -4
2 -4
2 -4
2 -4
2 -4
2 -4
2 -4
2 -4
2 -4
2 -4
2 -4
2 -4
2 -4
2 -4
2 -4
2 -4
2 -4
2 -4
2 -4
2 -4
2 -4
2 -4
2 -4
2 -4
2 -4
2 -4
2 -4
2 -4
2 -4
2 -4
2 -4
2 -4
2 -4
2 -4
2 -4
2 -4
2 -4
2 -4
2 -4
2 -4
2 -4
2 -4
2 -4
2 -4
2 -4
2 -4
2 -4
2 -4
2 -4
2 -4
2 -4
2 -4
2 -4
2 -4
2 -4
2 -4
2 -4
2 -4
2 -4
2 -4
2 -4
2 -4
2 -4
2 -4
2 -4
2 -4
2 -4
2 -4
2 -4
2 -4
2 -4
2 -4
2 -4
2 -4
2 -4
2 -4
2 -4
2 -4
2 -4
2 -4
2 -4
2 -4
2 -4
2 -4
2 -4
2 -4
2 -4
2 -4
2 -4
2 -4
2 -4
2 -4
2 -4
2 -4
2 -4
2 -4
2 -4
2 -4
-1 0
-1 0
-1 0
-1 0
-1 0
-1 0
-1 0
-1 0
-1 0
-1 0
-1 0
-1 0
-1 0
-1 0
-1 0
-1 0
-1 0
-1 0
-1 0
-1 0
-1 0
-1 0
-1 0
-1 0
-1 0
-1 0
-1 0
-1 0
-1 0
-1 0
-1 0
-1 0
-1 0
-1 0
-1 0
-1 0
-1 0
-1 0
-1 0
-1 0
-1 0
-1 0
-1 0
-1 0
-1 0
-1 0
-1 0
-1 0
-1 0
-1 0
-1 0
-1 0
-1 0
-1 0
-1 0
-1 0
-1 0
-1 0
-1 0
-1 0
-1 0
-1 0
-1 0
-1 0
-1 0
-1 0
-1 0
-1 0
-1 0
-1 0
-1 0
-1 0
-1 0
-1 0
-1 0
-1 0
-1 0
-1 0
-1 0
-1 0
-1 0
-1 0
-1 0
-1 0
-1 0
-1 0
-1 0
-1 0
-1 0
-1 0
-1 0
-1 0
-1 0
-1 0
-1 0
-1 0
-1 0
-1 0
-1 0
-1 0
-1 0
-1 0
-1 0
-1 0
-1 0
-1 0
-1 0
-1 0
-1 0
-1 0
-1 0
-1 0
-1 0
-1 0
-1 0
-1 0
-1 0
-1 0
-1 0
-1 0
-1 0
-1 0
-1 0
-1 0
-1 0
-1 0
-1 0
-1 0
-1 0
-1 0
-1 0
-1 0
-1 0
-1 0
-1 0
-1 0
-1 0
-1 0
-1 0
-1 0
-1 0
-1 0
-1 0
-1 0
-1 0
-1 0
-1 0
-1 0
-1 0
-1 0
-1 0
-1 0
-1 0
-1 0
-1 0
-1 0
-1 0
-1 0
-1 0
-1 0
-1 0
-1 0
-1 0
-1 0
-1 0
-1 0
-1 0
-1 0
-1 0
-1 0
-1 0
-1 0
-1 0
-1 0
-1 0
-1 0
-1 0
-1 0
-1 0
-1 0
-1 0
-1 0
-1 0
-1 0
-1 0
-1 0
-1 0
-1 0
-1 0
-1 0
-1 0
-1 0
-1 0
-1 0
-1 0
-1 0
-1 0
-1 0
-1 0
-1 0
-1 0
-1 0
-1 0
-1 0
-1 0
-1 0
-1 0
-1 0
-1 0
-1 0
-1 0
-1 0
-1 0
-1 0
-1 0
-1 0
-1 0
-1 0
-1 0
-1 0
-1 0
-1 0
-1 0
-1 0
-1 0
-1 0
-1 0
-1 0
-1 0
-1 0
-1 0
-1 0
-1 0
-1 0
-1 0
-1 0
-1 0
-1 0
-1 0
-1 0
-1 0
-1 0
-1 0
-1 0
-1 0
-1 0
-1 0
-1 0
-1 0
-1 0
-1 0
-1 0
-1 0
-1 0
-1 0
-1 0
-1 0
-1 0
-1 0
-1 0
-1 0
-1 0
-1 0
-1 0
-1 0
-1 0
-1 0
-1 0
-1 0
-1 0
-1 0
-1 0
-1 0
-1 0
-1 0
-1 0
-1 0
-1 0
-1 0
-1 0
-1 0
-1 0
-1 0
-1 0
-1 0
-1 0
-1 0
-1 0
-1 0
-1 0
-1 0
-1 0
-1 0
-1 0
-1 0
-1 0
-1 0
-1 0
-1 0
-1 0
-1 0
-1 0
-1 0
-1 0
-1 0
-1 0
-1 0
-1 0
-1 0
-1 0
-1 0
-1 0
-1 0
-1 0
-1 0
-1 0
-1 0
-1 0
-1 0
-1 0
-1 0
-1 0
-1 0
-1 0
-1 0
-1 0
-1 0
-1 0
-1 0
-1 0
-1 0
-1 0
-1 0
-1 0
-1 0
-1 0
-1 0
-1 0
-1 0
-1 0
-1 0
-1 0
-1 0
-1 0
-1 0
-1 0
-1 0
-1 0
-1 0
-1 0
-1 0
-1 0
-1 0
-1 0
-1 0
-1 0
-1 0
-1 0
-1 0
-1 0
-1 0
-1 0
-1 0
-1 0
-1 0
-1 0
-1 0
-1 0
-1 0
-1 0
-1 0
-1 0
-1 0
-1 0
-1 0
-1 0
-1 0
-1 0
-1 0
-1 0
-1 0
-1 0
-1 0
-1 0
-1 0
-1 0
-1 0
-1 0
-1 0
-1 0
-1 0
-1 0
-1 0
-1 0
-1 0
-1 0
-1 0
-1 0
-1 0
-1 0
-1 0
-1 0
-1 0
-1 0
-1 0
-1 0
-1 0
-1 0
-1 0
-1 0
-1 0
-1 0
-1 0
-1 0
-1 0
-1 0
-1 0
-1 0
-1 0
-1 0
-1 0
-1 0
-1 0
-1 0
-1 0
-1 0
-1 0
-1 0
-1 0
-1 0
-1 0
-1 0
-1 0
-1 0
-1 0
-1 0
