6 49
8 46
8 46
8 46
8 46
8 46
8 46
8 46
8 46
8 46
8 46
8 46
8 46
8 46
8 46
8 46
8 46
8 46
8 46
11 48
11 48
11 48
11 48
11 48
11 48
11 48
11 48
11 48
11 48
11 48
11 48
11 48
11 48
11 48
11 48
11 48
11 48
11 48
11 48
11 48
11 48
11 48
11 48
11 48
11 48
11 48
11 48
11 48
11 48
11 48
11 48
11 48
11 48
11 48
11 48
11 48
11 48
11 48
11 48
11 48
11 48
11 48
11 48
12 47
12 47
12 47
12 47
12 47
12 47
12 47
12 47
12 47
12 47
12 47
12 47
12 47
12 47
12 47
12 47
12 47
12 47
12 47
12 47
12 47
11 48
11 48
11 48
11 48
11 48
11 48
11 48
11 48
11 48
11 48
11 48
11 48
11 48
11 48
11 48
11 48
11 48
11 48
11 48
11 48
11 48
11 48
11 48
11 48
11 48
11 48
11 48
11 48
11 48
11 48
11 48
11 48
11 48
11 48
11 48
11 48
11 48
12 53
12 53
12 53
12 53
12 53
12 53
12 53
12 53
12 53
12 53
12 53
12 53
12 53
12 53
12 53
12 53
12 53
12 53
12 53
12 53
12 53
12 53
12 53
12 53
12 53
12 53
12 53
12 53
12 53
12 53
12 53
12 53
12 53
12 53
12 53
12 53
12 53
12 53
12 53
12 53
12 53
8 56
7 61
7 61
7 61
7 61
7 61
7 61
7 61
7 61
7 61
7 61
7 61
7 61
7 61
7 61
7 61
7 61
7 61
7 61
7 61
7 61
7 61
7 61
7 61
7 61
7 61
7 61
7 61
7 61
7 61
7 61
7 61
7 61
7 61
7 61
7 61
7 61
7 61
7 61
7 61
12 56
12 56
12 56
12 56
12 56
12 56
12 56
12 56
12 56
12 56
12 56
12 56
12 56
12 56
12 56
12 56
12 56
12 56
12 56
12 56
12 58
12 58
12 58
12 58
12 58
12 58
12 58
12 58
12 58
12 58
12 58
12 58
12 58
12 58
12 58
12 58
12 58
12 58
12 58
12 58
12 58
12 58
12 58
12 58
12 58
12 58
12 58
12 58
12 58
12 58
12 58
12 58
12 58
12 58
12 58
12 58
12 58
12 58
12 58
12 58
16 66
16 66
16 66
16 66
16 66
16 66
16 66
16 66
16 66
16 66
16 66
16 66
16 66
16 66
16 66
16 66
16 66
16 66
16 66
16 66
16 66
16 66
16 66
16 66
16 66
16 66
16 66
16 66
16 66
16 66
16 66
16 66
16 66
16 66
16 66
16 66
16 66
16 66
16 66
16 66
16 66
16 66
15 60
16 61
16 61
16 61
16 61
16 61
16 61
16 61
16 61
16 61
16 61
16 61
16 61
16 61
16 61
16 61
16 61
16 61
16 61
16 61
16 61
16 61
16 61
16 61
16 61
16 61
16 61
16 61
16 61
16 61
16 61
16 61
16 61
16 61
16 61
16 61
16 61
16 61
20 60
20 60
20 60
20 60
20 60
20 60
20 60
20 60
20 60
20 60
20 60
20 60
20 60
20 60
20 60
20 60
20 60
20 60
20 60
17 63
17 63
17 63
17 63
17 63
17 63
17 63
17 63
17 63
17 63
17 63
17 63
17 63
17 63
17 63
17 63
17 63
17 63
17 63
17 63
17 63
17 63
17 63
25 62
25 62
25 62
25 62
25 62
25 62
25 62
25 62
25 62
25 62
25 62
25 62
25 62
25 62
25 62
25 62
25 62
25 62
25 62
25 62
25 62
25 62
25 62
25 62
25 62
25 62
25 62
25 62
25 62
25 62
25 62
25 62
25 62
25 62
25 62
25 62
25 62
25 62
25 62
25 62
25 62
25 62
25 62
25 62
25 62
25 62
25 62
25 62
25 62
25 62
25 62
27 54
27 54
27 54
27 54
27 54
27 54
27 54
27 54
27 54
27 54
27 54
27 54
27 54
27 54
27 54
27 54
27 54
27 54
27 54
27 54
27 54
27 54
27 54
27 54
27 54
27 54
27 54
27 54
27 54
27 54
27 54
27 54
27 54
27 54
27 54
27 54
27 54
27 54
27 54
27 54
27 54
27 54
27 54
27 54
27 54
27 54
27 54
27 54
27 54
27 54
32 51
32 51
32 51
32 51
32 51
32 51
32 51
32 51
32 51
32 51
32 51
32 51
32 51
32 51
32 51
32 51
32 51
32 51
32 51
32 51
32 51
32 51
32 51
32 51
32 51
32 51
32 51
32 51
32 51
32 51
32 51
32 51
32 51
32 51
32 51
32 51
32 51
32 51
32 51
32 51
32 51
32 51
32 51
32 51
32 53
33 50
33 50
33 50
33 50
33 50
33 50
33 50
33 50
33 50
33 50
33 50
33 50
33 50
33 50
33 50
33 50
33 50
33 50
33 50
33 50
33 50
33 50
33 50
39 41
39 41
39 41
39 41
39 41
39 41
39 41
39 41
39 41
39 41
39 41
39 41
39 41
39 41
39 41
39 41
39 41
39 41
39 41
39 41
39 41
39 41
39 41
39 41
39 41
39 41
39 41
39 41
39 41
39 41
39 41
39 41
39 41
39 41
39 41
39 41
39 41
39 41
39 41
39 41
39 41
39 41
39 41
39 41
39 41
46 40
46 40
46 40
46 40
46 40
46 40
46 40
46 40
46 40
46 40
46 40
46 40
46 40
46 40
46 40
46 40
46 40
46 40
46 40
46 40
46 40
46 40
46 40
49 38
49 38
49 38
49 38
49 38
49 38
49 38
49 38
49 38
49 38
49 38
49 38
49 38
49 38
49 38
49 38
49 38
49 38
49 38
49 38
49 38
49 38
49 38
49 38
49 38
49 38
49 38
49 38
49 38
49 38
49 38
49 38
49 38
49 38
49 38
49 38
49 38
49 38
49 38
49 38
49 38
49 38
49 38
49 38
49 38
49 38
49 38
49 38
49 38
49 38
49 38
49 38
49 38
49 38
49 38
49 38
49 38
49 38
49 38
49 38
49 38
49 38
49 38
49 38
49 38
49 38
49 38
49 38
49 38
49 38
49 38
49 38
49 38
49 38
49 38
49 38
49 38
49 38
49 38
49 38
49 38
49 38
49 38
49 38
49 38
49 38
49 38
49 38
49 38
49 38
49 38
49 38
49 38
49 38
49 38
52 38
56 32
54 30
54 30
54 30
54 30
54 30
54 30
54 30
54 30
54 30
54 30
54 30
54 30
54 30
54 30
54 30
54 30
54 30
54 30
54 30
54 30
54 30
54 30
54 30
54 30
54 30
54 30
54 30
54 30
54 30
54 30
54 30
54 30
54 30
54 30
54 30
54 30
54 30
53 20
53 20
53 20
53 20
53 20
53 20
53 20
53 20
53 20
53 20
53 20
53 20
53 20
53 20
53 20
53 20
53 20
53 20
53 20
53 20
53 20
53 20
53 20
53 20
53 20
53 20
53 20
53 20
53 20
53 20
53 20
53 20
53 20
53 20
53 20
53 20
53 20
53 20
53 20
53 20
53 20
53 20
53 20
53 20
53 20
53 20
53 20
53 20
53 20
53 20
53 20
53 20
53 20
53 20
53 20
53 20
53 20
53 20
53 20
53 20
53 20
53 20
53 20
53 20
63 19
63 19
63 19
63 19
63 19
63 19
63 19
63 19
63 19
63 19
63 19
63 19
63 19
63 19
63 19
63 19
63 19
63 19
63 19
63 19
63 19
63 19
63 19
63 19
63 19
63 19
63 19
63 19
63 19
63 19
63 19
63 19
63 19
63 19
63 19
63 19
63 19
63 19
63 19
63 19
63 19
63 19
65 11
66 10
66 10
66 10
66 10
66 10
66 10
66 10
66 10
66 10
66 10
66 10
66 10
66 10
66 10
66 10
66 10
66 10
66 10
66 10
66 10
66 10
66 10
66 10
66 10
66 10
66 10
66 10
66 10
66 10
66 10
66 10
66 10
66 10
66 10
66 10
66 10
66 10
66 10
66 10
66 10
66 10
66 10
72 6
72 6
72 6
72 6
72 6
72 6
72 6
72 6
72 6
72 6
72 6
72 6
72 6
72 6
72 6
72 6
72 6
72 6
72 6
72 6
72 6
72 6
72 6
72 6
72 6
72 6
72 6
72 6
72 6
72 6
72 6
72 6
72 6
72 6
72 6
72 6
72 6
72 6
72 6
72 6
72 6
72 6
72 6
72 6
72 6
72 6
72 6
72 6
72 6
72 6
72 6
72 6
72 6
72 6
72 6
72 6
72 6
72 6
72 6
72 6
72 6
72 6
72 6
72 6
72 6
72 6
72 6
72 6
72 6
72 6
72 6
72 6
72 6
72 6
72 6
72 6
72 6
72 6
72 6
72 6
72 6
72 6
72 6
72 6
72 6
72 6
90 -3
90 -3
90 -3
90 -3
90 -3
90 -3
90 -3
90 -3
90 -3
90 -3
90 -3
90 -3
90 -3
90 -3
90 -3
90 -3
90 -3
90 -3
90 -3
90 -3
90 -3
90 -3
90 -3
90 -3
90 -3
90 -3
90 -3
90 -3
90 -3
90 -3
90 -3
90 -3
90 -3
90 -3
90 -3
90 -3
90 -3
90 -3
90 -3
90 -3
90 -3
90 -3
90 -3
90 -3
90 -3
90 -3
90 -3
90 -3
90 -3
90 -3
90 -3
90 -3
90 -3
90 -3
90 -3
90 -3
90 -3
90 -3
90 -3
90 -3
90 -3
90 -3
90 -3
90 -3
90 -3
90 -3
90 -3
90 -3
90 -3
86 -5
84 -6
84 -6
84 -6
84 -6
84 -6
84 -6
84 -6
84 -6
84 -6
84 -6
84 -6
84 -6
84 -6
84 -6
84 -6
84 -6
84 -6
84 -6
84 -6
84 -6
84 -6
84 -6
84 -6
84 -6
96 -16
96 -16
96 -16
96 -16
96 -16
96 -16
96 -16
96 -16
96 -16
96 -16
96 -16
96 -16
96 -16
96 -16
96 -16
96 -16
96 -16
96 -16
96 -16
96 -16
96 -16
96 -16
96 -16
96 -16
96 -16
96 -16
96 -16
96 -16
95 -10
95 -10
95 -10
95 -10
95 -10
95 -10
95 -10
95 -10
95 -10
95 -10
95 -10
95 -10
95 -10
95 -10
95 -10
95 -10
95 -10
95 -10
95 -10
95 -10
95 -10
95 -10
95 -10
95 -10
95 -10
95 -10
95 -10
95 -10
95 -10
95 -10
95 -10
95 -10
95 -10
95 -10
95 -10
95 -10
95 -10
95 -10
95 -10
95 -10
95 -10
95 -10
95 -10
95 -10
95 -10
95 -10
95 -10
95 -10
103 -22
103 -22
103 -22
103 -22
103 -22
103 -22
103 -22
103 -22
103 -22
103 -22
103 -22
103 -22
103 -22
103 -22
103 -22
103 -22
103 -22
103 -22
103 -22
103 -22
103 -22
103 -22
103 -22
103 -22
103 -22
103 -22
103 -22
103 -22
103 -22
103 -22
103 -22
103 -22
103 -22
103 -22
103 -22
103 -22
103 -22
103 -22
103 -22
103 -22
103 -22
103 -22
103 -22
103 -22
103 -22
103 -22
103 -22
94 -25
94 -25
94 -25
94 -25
94 -25
94 -25
94 -25
94 -25
94 -25
94 -25
94 -25
94 -25
94 -25
94 -25
94 -25
94 -25
94 -25
94 -25
94 -25
94 -25
94 -25
94 -25
94 -25
94 -25
94 -25
92 -31
92 -31
92 -31
92 -31
92 -31
92 -31
92 -31
92 -31
92 -31
92 -31
92 -31
92 -31
92 -31
92 -31
92 -31
92 -31
92 -31
92 -31
92 -31
92 -31
92 -31
92 -31
88 -30
88 -30
88 -30
88 -30
88 -30
88 -30
88 -30
88 -30
88 -30
88 -30
88 -30
88 -30
88 -30
88 -30
88 -30
88 -30
88 -30
88 -30
88 -30
88 -30
88 -30
88 -30
88 -30
88 -30
88 -30
73 -32
73 -32
73 -32
73 -32
73 -32
73 -32
73 -32
73 -32
73 -32
73 -32
73 -32
73 -32
73 -32
73 -32
73 -32
73 -32
73 -32
73 -32
73 -32
73 -32
73 -32
73 -32
73 -32
73 -32
73 -32
73 -32
73 -32
73 -32
73 -32
73 -32
73 -32
73 -32
73 -32
73 -32
73 -32
73 -32
73 -32
73 -32
73 -32
73 -32
73 -32
73 -32
73 -32
73 -32
73 -32
73 -32
73 -32
73 -32
73 -32
73 -32
73 -32
73 -32
73 -32
73 -32
73 -32
73 -32
73 -32
73 -32
73 -32
73 -32
73 -32
73 -32
73 -32
73 -32
73 -32
73 -32
73 -32
73 -32
73 -32
73 -32
73 -32
73 -32
77 -44
77 -44
77 -44
77 -44
77 -44
77 -44
77 -44
77 -44
77 -44
77 -44
77 -44
77 -44
77 -44
77 -44
77 -44
77 -44
77 -44
77 -44
77 -44
77 -44
77 -44
77 -44
77 -44
77 -44
77 -44
77 -44
77 -44
77 -44
77 -44
77 -44
77 -44
77 -44
77 -44
77 -44
77 -44
77 -44
77 -44
77 -44
77 -44
77 -44
77 -44
77 -44
77 -44
77 -44
77 -44
77 -44
77 -44
77 -44
77 -44
67 -44
67 -44
67 -44
67 -44
67 -44
67 -44
67 -44
67 -44
67 -44
67 -44
67 -44
67 -44
67 -44
67 -44
67 -44
67 -44
67 -44
67 -44
67 -44
67 -44
67 -44
67 -44
67 -44
67 -44
67 -44
67 -44
67 -44
67 -44
67 -44
67 -44
67 -44
67 -44
67 -44
67 -44
67 -44
67 -44
67 -44
67 -44
67 -44
67 -44
67 -44
67 -44
56 -60
56 -60
56 -60
56 -60
56 -60
56 -60
56 -60
56 -60
56 -60
56 -60
56 -60
56 -60
56 -60
56 -60
56 -60
56 -60
56 -60
56 -60
56 -60
56 -60
56 -60
56 -60
56 -60
56 -60
56 -60
56 -60
56 -60
56 -60
56 -60
56 -60
56 -60
56 -60
56 -60
56 -60
56 -60
56 -60
56 -60
56 -60
56 -60
56 -60
56 -60
56 -60
56 -60
46 -65
46 -65
46 -65
46 -65
46 -65
46 -65
46 -65
46 -65
46 -65
46 -65
46 -65
46 -65
46 -65
46 -65
46 -65
46 -65
46 -65
46 -65
46 -65
46 -65
40 -71
40 -71
40 -71
40 -71
40 -71
40 -71
40 -71
40 -71
40 -71
40 -71
40 -71
40 -71
40 -71
40 -71
40 -71
40 -71
40 -71
40 -71
40 -71
40 -71
40 -71
40 -71
40 -71
40 -71
40 -71
40 -71
40 -71
40 -71
40 -71
40 -71
40 -71
40 -71
40 -71
40 -71
40 -71
40 -71
40 -71
40 -71
40 -71
40 -68
40 -68
40 -68
40 -68
40 -68
40 -68
40 -68
40 -68
40 -68
40 -68
40 -68
40 -68
40 -68
40 -68
40 -68
40 -68
40 -68
40 -68
40 -68
40 -68
40 -68
40 -68
40 -68
40 -68
40 -68
40 -68
40 -68
40 -68
40 -68
40 -68
40 -68
40 -68
40 -68
40 -68
40 -68
40 -68
40 -68
40 -68
40 -68
33 -71
24 -69
24 -69
24 -69
24 -69
24 -69
24 -69
24 -69
24 -69
24 -69
24 -69
24 -69
24 -69
24 -69
24 -69
24 -69
24 -69
24 -69
24 -69
24 -69
24 -69
24 -69
24 -69
24 -69
24 -69
24 -69
24 -69
24 -69
24 -69
24 -69
24 -69
24 -69
24 -69
24 -69
24 -69
24 -69
24 -69
24 -69
24 -69
24 -69
24 -69
24 -69
24 -69
24 -69
21 -74
21 -74
21 -74
21 -74
21 -74
21 -74
21 -74
21 -74
21 -74
21 -74
21 -74
21 -74
21 -74
21 -74
21 -74
21 -74
21 -74
21 -74
21 -74
21 -74
21 -74
21 -74
22 -74
22 -74
22 -74
22 -74
22 -74
22 -74
22 -74
22 -74
22 -74
22 -74
22 -74
22 -74
22 -74
22 -74
22 -74
22 -74
22 -74
22 -74
22 -74
22 -74
22 -74
20 -75
20 -75
20 -75
20 -75
20 -75
20 -75
20 -75
20 -75
20 -75
20 -75
20 -75
20 -75
20 -75
20 -75
20 -75
20 -75
20 -75
20 -75
20 -75
20 -75
20 -75
20 -75
20 -75
20 -75
20 -75
20 -75
20 -75
20 -75
20 -75
20 -75
20 -75
20 -75
20 -75
20 -75
20 -75
20 -75
20 -75
20 -75
20 -75
20 -75
20 -75
20 -75
20 -75
20 -75
20 -75
20 -75
18 -74
18 -74
18 -74
18 -74
18 -74
18 -74
18 -74
18 -74
18 -74
18 -74
18 -74
18 -74
18 -74
18 -74
18 -74
18 -74
18 -74
18 -74
18 -74
18 -74
18 -74
18 -74
18 -74
18 -74
18 -74
18 -74
18 -74
18 -74
18 -74
18 -74
18 -74
18 -74
18 -74
18 -74
18 -74
18 -74
18 -74
18 -74
18 -74
18 -74
18 -74
18 -74
18 -74
18 -74
18 -74
17 -74
17 -74
17 -74
17 -74
17 -74
17 -74
17 -74
17 -74
17 -74
17 -74
17 -74
17 -74
17 -74
17 -74
17 -74
17 -74
17 -74
17 -74
17 -74
17 -74
17 -74
17 -74
17 -74
17 -74
16 -74
16 -74
16 -74
16 -74
16 -74
16 -74
16 -74
16 -74
16 -74
16 -74
16 -74
16 -74
16 -74
16 -74
16 -74
16 -74
16 -74
16 -74
16 -74
16 -74
16 -74
16 -74
16 -74
16 -74
16 -74
16 -74
16 -74
16 -74
16 -74
16 -74
16 -74
16 -74
16 -74
16 -74
16 -74
16 -74
16 -74
16 -74
16 -74
16 -74
16 -74
16 -74
16 -74
16 -74
16 -74
5 -77
5 -77
5 -77
5 -77
5 -77
5 -77
5 -77
5 -77
5 -77
5 -77
5 -77
5 -77
5 -77
5 -77
5 -77
5 -77
5 -77
5 -77
5 -77
5 -77
5 -77
5 -77
5 -77
5 -77
5 -77
5 -77
5 -77
5 -77
5 -77
5 -77
5 -77
5 -77
5 -77
5 -77
5 -77
5 -77
5 -77
5 -77
5 -77
2 -77
2 -77
2 -77
2 -77
2 -77
2 -77
2 -77
2 -77
2 -77
2 -77
2 -77
2 -77
2 -77
2 -77
2 -77
2 -77
2 -77
2 -77
2 -77
2 -77
2 -77
2 -77
3 -80
3 -80
3 -80
3 -80
3 -80
3 -80
3 -80
3 -80
3 -80
3 -80
3 -80
3 -80
3 -80
3 -80
3 -80
3 -80
3 -80
3 -80
3 -80
3 -80
3 -80
3 -80
3 -80
3 -80
3 -80
3 -80
3 -80
3 -80
3 -80
3 -80
3 -80
3 -80
3 -80
3 -80
3 -80
3 -80
3 -80
3 -80
3 -80
3 -80
3 -80
3 -80
3 -80
-2 -88
-2 -88
-2 -88
-2 -88
-2 -88
-2 -88
-2 -88
-2 -88
-2 -88
-2 -88
-2 -88
-2 -88
-2 -88
-2 -88
-2 -88
-2 -88
-2 -88
-2 -88
-2 -88
-2 -88
-2 -88
-2 -88
-7 -80
-7 -80
-7 -80
-7 -80
-7 -80
-7 -80
-7 -80
-7 -80
-7 -80
-7 -80
-7 -80
-7 -80
-7 -80
-1 -84
-1 -84
-1 -84
-1 -84
-1 -84
-1 -84
-1 -84
-1 -84
-1 -84
-1 -84
-1 -84
-1 -84
-1 -84
-1 -84
-1 -84
-1 -84
-1 -84
-1 -84
-1 -84
-1 -84
-1 -84
-1 -84
-1 -84
-1 -84
-1 -84
-1 -84
-1 -84
-1 -84
-1 -84
-1 -84
-1 -84
-1 -84
-1 -84
-1 -84
-1 -84
-1 -84
-1 -84
-1 -84
-1 -84
-1 -84
-1 -84
-1 -84
-1 -84
-1 -84
-2 -82
-2 -82
-2 -82
-2 -82
-2 -82
-2 -82
-2 -82
-2 -82
-2 -82
-2 -82
-2 -82
-2 -82
-2 -82
-2 -82
-2 -82
-2 -82
-2 -82
-2 -82
-2 -82
-2 -82
-2 -82
-2 -82
-2 -82
-2 -82
-2 -82
-2 -82
-2 -82
-2 -82
-2 -82
-2 -82
-2 -82
-1 -76
-1 -76
-1 -76
-1 -76
-1 -76
-1 -76
-1 -76
-1 -76
-1 -76
-1 -76
-1 -76
-1 -76
-1 -76
-1 -76
-1 -76
-2 -76
-2 -76
-2 -76
-2 -76
-2 -76
-2 -76
-2 -76
-2 -76
-2 -76
-2 -76
-2 -76
-2 -76
-2 -76
-2 -76
-2 -76
-2 -76
-2 -76
1 -77
1 -77
1 -77
1 -77
1 -77
1 -77
1 -77
1 -77
1 -77
1 -77
1 -77
1 -77
1 -77
1 -77
1 -77
1 -77
1 -77
1 -77
1 -77
1 -77
1 -77
1 -77
1 -77
1 -77
1 -77
1 -77
1 -77
1 -77
1 -77
1 -77
1 -77
1 -77
1 -77
1 -77
1 -77
0 -84
0 -84
0 -84
0 -84
0 -84
0 -84
0 -84
0 -84
0 -84
0 -84
0 -84
0 -84
0 -84
0 -84
0 -84
0 -84
0 -84
-5 -71
-5 -71
-5 -71
-5 -71
-5 -71
-5 -71
-5 -71
-5 -71
-5 -71
-5 -71
-5 -71
-5 -71
-5 -71
-5 -71
-5 -71
-5 -71
-11 -78
-11 -78
-11 -78
-11 -78
-11 -78
-11 -78
-11 -78
-11 -78
-11 -78
-11 -78
-11 -78
-11 -78
-11 -78
-11 -78
-11 -78
-11 -78
-11 -78
-11 -78
-11 -78
-11 -78
-11 -78
-11 -78
-11 -78
-11 -78
-11 -78
-11 -78
-11 -78
-11 -78
-11 -78
-11 -78
-11 -78
-11 -78
-11 -78
-10 -78
-10 -78
-10 -78
-10 -78
-10 -78
-10 -78
-10 -78
-10 -78
-10 -78
-10 -78
-10 -78
-10 -78
-10 -78
-10 -78
-10 -78
-10 -78
-10 -78
-10 -78
-10 -78
-10 -78
-10 -78
-10 -78
-10 -78
-10 -78
-10 -78
-10 -78
-10 -78
-10 -78
-10 -78
-10 -78
-10 -78
-10 -78
-10 -78
-10 -78
-10 -78
-10 -78
-12 -79
-12 -79
-12 -79
-12 -79
-12 -79
-12 -79
-12 -79
-12 -79
-12 -79
-12 -79
-12 -79
-12 -79
-12 -79
-12 -79
-12 -79
-12 -79
-15 -69
-15 -69
-15 -69
-15 -69
-15 -69
-15 -69
-15 -69
-15 -69
-15 -69
-15 -69
-15 -69
-15 -69
-15 -69
-15 -69
-15 -69
-15 -69
-20 -74
-20 -74
-20 -74
-20 -74
-20 -74
-20 -74
-20 -74
-20 -74
-20 -74
-20 -74
-20 -74
-20 -74
-20 -74
-20 -74
-19 -68
-19 -68
-19 -68
-19 -68
-19 -68
-19 -68
-19 -68
-19 -68
-19 -68
-19 -68
-19 -68
-19 -68
-19 -68
-19 -68
-19 -68
-19 -68
-19 -68
-19 -68
-19 -68
-19 -68
-19 -68
-19 -68
-19 -68
-19 -68
-19 -68
-19 -68
-19 -68
-19 -68
-19 -68
-19 -68
-19 -68
-19 -68
-19 -68
-19 -68
-20 -64
-20 -64
-20 -64
-20 -64
-20 -64
-20 -64
-20 -64
-20 -64
-20 -64
-20 -64
-20 -64
-20 -64
-20 -64
-20 -64
-20 -64
-20 -64
-20 -64
-20 -64
-20 -64
-20 -64
-20 -64
-20 -64
-20 -64
-20 -64
-20 -64
-20 -64
-20 -64
-20 -64
-20 -64
-20 -64
-20 -64
-20 -64
-20 -64
-27 -65
-27 -65
-27 -65
-27 -65
-27 -65
-27 -65
-27 -65
-27 -65
-27 -65
-27 -65
-27 -65
-27 -65
-27 -65
-27 -65
-27 -65
-27 -65
-27 -65
-27 -65
-29 -64
-29 -64
-29 -64
-29 -64
-29 -64
-29 -64
-29 -64
-29 -64
-29 -64
-29 -64
-29 -64
-29 -64
-29 -64
-29 -64
-29 -64
-29 -64
-26 -52
-26 -52
-26 -52
-26 -52
-26 -52
-26 -52
-26 -52
-26 -52
-26 -52
-26 -52
-26 -52
-26 -52
-26 -52
-26 -52
-26 -52
-26 -52
-26 -52
-26 -52
-26 -52
-26 -52
-28 -58
-28 -58
-28 -58
-28 -58
-28 -58
-28 -58
-28 -58
-28 -58
-28 -58
-28 -58
-28 -58
-28 -58
-28 -58
-28 -58
-28 -58
-28 -58
-28 -58
-28 -58
-28 -58
-28 -58
-28 -58
-28 -58
-28 -58
-28 -58
-28 -58
-28 -58
-28 -58
-28 -58
-28 -58
-28 -58
-28 -58
-28 -58
-28 -58
-28 -58
-28 -58
-28 -58
-28 -58
-28 -58
-28 -58
-28 -58
-28 -58
-28 -58
-28 -58
-28 -58
-28 -58
-28 -58
-28 -58
-28 -58
-28 -58
-28 -58
-28 -58
-28 -58
-28 -58
-27 -42
-30 -52
-30 -52
-30 -52
-30 -52
-30 -52
-30 -52
-30 -52
-30 -52
-30 -52
-30 -52
-30 -52
-30 -52
-30 -52
-30 -52
-30 -52
-30 -52
-30 -52
-30 -52
-30 -52
-30 -52
-30 -52
-30 -52
-30 -52
-30 -52
-30 -52
-30 -52
-30 -52
-30 -52
-30 -52
-30 -52
-30 -52
-30 -52
-30 -52
-30 -52
-30 -52
-38 -45
-38 -45
-38 -45
-38 -45
-38 -45
-38 -45
-38 -45
-38 -45
-38 -45
-38 -45
-38 -45
-38 -45
-38 -45
-38 -45
-38 -45
-38 -45
-38 -45
-38 -45
-38 -45
-38 -45
-38 -45
-38 -45
-38 -45
-38 -45
-38 -45
-38 -45
-38 -45
-38 -45
-38 -45
-38 -45
-38 -45
-38 -45
-38 -45
-38 -45
-31 -37
-49 -40
-49 -40
-49 -40
-49 -40
-49 -40
-49 -40
-49 -40
-49 -40
-49 -40
-49 -40
-49 -40
-49 -40
-49 -40
-49 -40
-49 -40
-49 -40
-49 -40
-49 -40
-49 -40
-49 -40
-49 -40
-49 -40
-49 -40
-49 -40
-49 -40
-49 -40
-49 -40
-49 -40
-49 -40
-49 -40
-49 -40
-49 -40
-49 -40
-49 -40
-49 -40
-49 -40
-49 -40
-49 -40
-49 -40
-49 -40
-49 -40
-49 -40
-49 -40
-49 -40
-49 -40
-49 -40
-49 -40
-49 -40
-49 -40
-49 -40
-49 -40
-46 -39
-57 -44
-57 -44
-57 -44
-57 -44
-57 -44
-57 -44
-57 -44
-57 -44
-57 -44
-57 -44
-57 -44
-57 -44
-57 -44
-57 -44
-57 -44
-57 -44
-57 -44
-57 -44
-57 -44
-57 -44
-57 -44
-57 -44
-57 -44
-57 -44
-57 -44
-57 -44
-57 -44
-57 -44
-57 -44
-57 -44
-57 -44
-59 -47
-59 -47
-59 -47
-59 -47
-59 -47
-59 -47
-59 -47
-59 -47
-59 -47
-59 -47
-59 -47
-59 -47
-59 -47
-59 -47
-59 -47
-59 -47
-59 -47
-59 -47
-59 -47
-59 -47
-59 -47
-59 -47
-59 -47
-59 -47
-59 -47
-59 -47
-59 -47
-59 -47
-59 -47
-59 -47
-59 -47
-59 -47
-59 -47
-59 -47
-59 -47
-63 -42
-69 -47
-69 -47
-69 -47
-69 -47
-69 -47
-69 -47
-69 -47
-69 -47
-69 -47
-69 -47
-69 -47
-69 -47
-69 -47
-69 -47
-69 -47
-69 -47
-71 -46
-71 -46
-71 -46
-71 -46
-71 -46
-71 -46
-71 -46
-71 -46
-71 -46
-71 -46
-71 -46
-71 -46
-71 -46
-71 -46
-71 -46
-71 -46
-71 -46
-71 -46
-71 -46
-71 -46
-71 -46
-71 -46
-71 -46
-71 -46
-71 -46
-71 -46
-71 -46
-71 -46
-71 -46
-71 -46
-71 -46
-71 -46
-71 -46
-71 -46
-71 -46
-71 -46
-71 -46
-71 -46
-71 -46
-71 -46
-71 -46
-71 -46
-71 -46
-71 -46
-71 -46
-71 -46
-71 -46
-71 -46
-71 -46
-71 -46
-71 -46
-77 -43
-75 -37
-75 -37
-75 -37
-75 -37
-75 -37
-75 -37
-75 -37
-75 -37
-75 -37
-75 -37
-75 -37
-75 -37
-75 -37
-75 -37
-75 -37
-75 -37
-75 -37
-75 -37
-75 -37
-75 -37
-75 -37
-75 -37
-75 -37
-75 -37
-75 -37
-75 -37
-75 -37
-75 -37
-75 -37
-75 -37
-75 -37
-75 -37
-75 -37
-75 -37
-75 -37
-75 -37
-75 -37
-75 -37
-75 -37
-75 -37
-75 -37
-75 -37
-75 -37
-75 -37
-75 -37
-75 -37
-75 -37
-75 -37
-75 -37
-75 -37
-75 -37
-70 -35
-70 -35
-70 -35
-70 -35
-70 -35
-70 -35
-70 -35
-70 -35
-70 -35
-70 -35
-70 -35
-70 -35
-70 -35
-70 -35
-70 -35
-70 -35
-70 -35
-73 -25
-73 -25
-73 -25
-73 -25
-73 -25
-73 -25
-73 -25
-73 -25
-73 -25
-73 -25
-73 -25
-73 -25
-73 -25
-73 -25
-73 -25
-73 -25
-73 -25
-73 -25
-73 -25
-73 -25
-73 -25
-73 -25
-73 -25
-73 -25
-73 -25
-73 -25
-73 -25
-73 -25
-73 -25
-73 -25
-73 -25
-73 -25
-73 -24
-73 -24
-73 -24
-73 -24
-73 -24
-73 -24
-73 -24
-73 -24
-73 -24
-73 -24
-73 -24
-73 -24
-73 -24
-73 -24
-73 -24
-73 -24
-78 -30
-78 -30
-78 -30
-78 -30
-78 -30
-78 -30
-78 -30
-78 -30
-78 -30
-78 -30
-78 -30
-78 -30
-78 -30
-78 -30
-78 -30
-78 -30
-78 -30
-78 -30
-78 -30
-78 -30
-78 -30
-78 -30
-78 -30
-78 -30
-78 -30
-78 -30
-78 -30
-78 -30
-78 -30
-88 -23
-88 -23
-88 -23
-88 -23
-88 -23
-88 -23
-88 -23
-88 -23
-88 -23
-88 -23
-88 -23
-88 -23
-88 -23
-88 -23
-88 -23
-88 -23
-88 -23
-88 -23
-88 -23
-88 -23
-88 -23
-88 -23
-88 -23
-88 -23
-88 -23
-88 -23
-88 -23
-88 -23
-88 -23
-88 -23
-88 -23
-88 -23
-88 -23
-88 -23
-88 -23
-88 -23
-88 -23
-88 -23
-88 -23
-88 -23
-88 -23
-88 -23
-88 -23
-88 -23
-88 -23
-88 -23
-88 -23
-88 -23
-88 -23
-88 -23
-83 -15
-84 -4
-84 -4
-84 -4
-84 -4
-84 -4
-84 -4
-84 -4
-84 -4
-84 -4
-84 -4
-84 -4
-84 -4
-84 -4
-84 -4
-84 -4
-84 -4
-84 -4
-84 1
-84 1
-84 1
-84 1
-84 1
-84 1
-84 1
-84 1
-84 1
-84 1
-84 1
-84 1
-84 1
-84 1
-84 1
-84 1
-84 1
-84 1
-86 -3
-86 -3
-86 -3
-86 -3
-86 -3
-86 -3
-86 -3
-86 -3
-86 -3
-86 -3
-86 -3
-86 -3
-86 -3
-86 -3
-86 -3
-86 -3
-86 -3
-86 -3
-86 -3
-86 -3
-86 -3
-86 -3
-86 -3
-86 -3
-86 -3
-86 -3
-86 -3
-86 -3
-86 -3
-86 -3
-86 -3
-86 -3
-86 -3
-86 -3
-86 -3
-86 -3
-86 -3
-86 -3
-86 -3
-86 -3
-86 -3
-86 -3
-86 -3
-86 -3
-86 -3
-86 -3
-86 -3
-86 -3
-86 -3
-86 -3
-86 -3
-86 -3
-86 -3
-86 -3
-82 -1
-82 -1
-82 -1
-82 -1
-82 -1
-82 -1
-82 -1
-82 -1
-82 -1
-82 -1
-82 -1
-82 -1
-82 -1
-82 -1
-82 -1
-82 -1
-82 -1
-82 -1
-82 -1
-82 -1
-82 -1
-82 -1
-82 -1
-82 -1
-82 -1
-82 -1
-82 -1
-82 -1
-82 -1
-82 -1
-82 -1
-82 -1
-82 -1
-82 -1
-82 -1
-82 -1
-85 13
-85 13
-85 13
-85 13
-85 13
-85 13
-85 13
-85 13
-85 13
-85 13
-85 13
-85 13
-85 13
-85 13
-85 13
-76 19
-76 19
-76 19
-76 19
-76 19
-76 19
-76 19
-76 19
-76 19
-76 19
-76 19
-76 19
-76 19
-76 19
-76 19
-76 19
-72 17
-72 17
-72 17
-72 17
-72 17
-72 17
-72 17
-72 17
-72 17
-72 17
-72 17
-72 17
-72 17
-72 17
-72 17
-72 17
-72 17
-72 17
-72 17
-72 17
-72 17
-72 17
-72 17
-72 17
-72 17
-72 17
-72 17
-72 17
-72 17
-72 17
-72 17
-72 17
-72 17
-72 17
-72 17
-72 17
-72 17
-72 17
-72 17
-72 17
-72 17
-72 17
-72 17
-72 17
-72 17
-72 17
-72 17
-72 17
-72 17
-79 25
-67 23
-67 23
-67 23
-67 23
-67 23
-67 23
-67 23
-67 23
-67 23
-67 23
-67 23
-67 23
-67 23
-67 23
-67 23
-67 23
-67 23
-69 33
-69 33
-69 33
-69 33
-69 33
-69 33
-69 33
-69 33
-69 33
-69 33
-69 33
-69 33
-69 33
-69 33
-69 33
-69 33
-69 33
-69 33
-69 33
-69 33
-69 33
-69 33
-69 33
-69 33
-69 33
-69 33
-69 33
-69 33
-69 33
-69 33
-69 33
-69 33
-69 33
-69 33
-69 33
-69 33
-69 33
-69 33
-69 33
-69 33
-69 33
-69 33
-69 33
-69 33
-69 33
-69 33
-69 33
-69 33
-73 44
-73 44
-73 44
-73 44
-73 44
-73 44
-73 44
-73 44
-73 44
-73 44
-73 44
-73 44
-73 44
-73 44
-73 44
-73 44
-73 44
-73 44
-73 44
-73 44
-73 44
-73 44
-73 44
-73 44
-73 44
-73 44
-73 44
-73 44
-73 44
-73 44
-71 43
-71 43
-71 43
-71 43
-71 43
-71 43
-71 43
-71 43
-71 43
-71 43
-71 43
-71 43
-71 43
-71 43
-71 43
-68 42
-68 42
-68 42
-68 42
-68 42
-68 42
-68 42
-68 42
-68 42
-68 42
-68 42
-68 42
-68 42
-68 42
-68 42
-68 42
-68 42
-75 49
-75 49
-75 49
-75 49
-75 49
-75 49
-75 49
-75 49
-75 49
-75 49
-75 49
-75 49
-75 49
-75 49
-75 49
-75 49
-75 49
-75 49
-75 49
-75 49
-75 49
-75 49
-75 49
-75 49
-75 49
-75 49
-75 49
-75 49
-75 49
-75 49
-75 49
-75 49
-64 43
-64 43
-64 43
-64 43
-64 43
-64 43
-64 43
-64 43
-64 43
-64 43
-64 43
-64 43
-64 43
-64 43
-64 43
-66 49
-66 49
-66 49
-66 49
-66 49
-66 49
-66 49
-66 49
-66 49
-66 49
-66 49
-66 49
-66 49
-66 49
-66 49
-66 49
-62 56
-62 56
-62 56
-62 56
-62 56
-62 56
-62 56
-62 56
-62 56
-62 56
-62 56
-62 56
-62 56
-62 56
-62 56
-62 56
-62 56
-62 56
-62 56
-62 56
-62 56
-62 56
-62 56
-62 56
-62 56
-62 56
-62 56
-62 56
-62 56
-62 56
-62 56
-62 56
-62 56
-62 56
-65 55
-65 55
-65 55
-65 55
-65 55
-65 55
-65 55
-65 55
-65 55
-65 55
-65 55
-65 55
-65 55
-65 55
-65 55
-65 55
-65 55
-65 55
-65 55
-65 55
-65 55
-65 55
-65 55
-65 55
-65 55
-65 55
-65 55
-65 55
-65 55
-65 55
-65 55
-49 54
-49 54
-49 54
-49 54
-49 54
-49 54
-49 54
-49 54
-49 54
-49 54
-49 54
-49 54
-49 54
-49 54
-49 54
-49 54
-49 54
-49 54
-49 54
-49 54
-49 54
-49 54
-49 54
-49 54
-49 54
-49 54
-49 54
-49 54
-49 54
-49 54
-49 54
-49 54
-47 50
-47 50
-55 62
-55 62
-55 62
-55 62
-55 62
-55 62
-55 62
-55 62
-55 62
-55 62
-55 62
-55 62
-55 62
-55 62
-51 60
-51 60
-51 60
-51 60
-51 60
-51 60
-51 60
-51 60
-51 60
-51 60
-51 60
-51 60
-51 60
-51 60
-51 60
-51 60
-51 60
-51 60
-51 60
-51 60
-51 60
-51 60
-51 60
-51 60
-51 60
-51 60
-51 60
-51 60
-51 60
-51 60
-51 60
-51 60
-51 60
-45 68
-45 68
-45 68
-45 68
-45 68
-45 68
-45 68
-45 68
-45 68
-45 68
-45 68
-45 68
-45 68
-45 68
-45 68
-45 68
-45 68
-38 69
-38 69
-38 69
-38 69
-38 69
-38 69
-38 69
-38 69
-38 69
-38 69
-38 69
-38 69
-38 69
-38 69
-38 69
-38 69
-38 69
-38 69
-38 69
-38 69
-38 69
-38 69
-38 69
-38 69
-38 69
-38 69
-38 69
-38 69
-38 69
-38 69
-38 69
-38 69
-38 69
-38 69
-38 69
-38 69
-38 69
-38 69
-38 69
-38 69
-38 69
-38 69
-38 69
-38 69
-38 69
-38 69
-38 69
-38 69
-38 69
-37 74
-34 80
-34 80
-34 80
-34 80
-34 80
-34 80
-34 80
-34 80
-34 80
-34 80
-34 80
-34 80
-34 80
-34 80
-34 80
-34 80
-34 80
-34 80
-34 80
-34 80
-34 80
-34 80
-34 80
-34 80
-34 80
-34 80
-34 80
-34 80
-34 80
-34 80
-34 80
-34 80
-32 69
-32 69
-32 69
-32 69
-32 69
-32 69
-32 69
-32 69
-32 69
-32 69
-32 69
-32 69
-32 69
-32 69
-32 69
-32 69
-32 69
-25 71
-25 71
-25 71
-25 71
-25 71
-25 71
-25 71
-25 71
-25 71
-25 71
-25 71
-25 71
-25 71
-25 71
-25 71
-25 71
-25 71
-25 71
-17 75
-17 75
-17 75
-17 75
-17 75
-17 75
-17 75
-17 75
-17 75
-17 75
-17 75
-17 75
-17 75
-17 75
-17 75
-17 75
-17 75
-17 73
-17 73
-17 73
-17 73
-17 73
-17 73
-17 73
-17 73
-17 73
-17 73
-17 73
-17 73
-17 73
-17 73
-17 73
-17 73
-17 73
-17 73
-17 73
-17 73
-17 73
-17 73
-17 73
-17 73
-17 73
-17 73
-17 73
-17 73
-17 73
-17 73
-17 73
-17 73
-17 73
-17 73
-17 73
-17 73
-17 73
-17 73
-17 73
-17 73
-17 73
-17 73
-17 73
-17 73
-17 73
-17 73
-17 73
-17 73
-17 73
-17 73
-17 73
-10 69
-5 61
-5 61
-5 61
-5 61
-5 61
-5 61
-5 61
-5 61
-5 61
-5 61
-5 61
-5 61
-5 61
-5 61
-5 61
-5 61
-5 61
-5 61
-5 61
-5 61
-5 61
-5 61
-5 61
-5 61
-5 61
-5 61
-5 61
-5 61
-5 61
-5 61
-5 61
-1 46
-1 46
-1 46
-1 46
-1 46
-1 46
-1 46
-1 46
-1 46
-1 46
-1 46
-1 46
-1 46
-1 46
-1 46
-1 46
-1 46
-1 46
-2 33
-2 33
-2 33
-2 33
-2 33
-2 33
-2 33
-2 33
-2 33
-2 33
-2 33
-2 33
-2 33
-2 33
-2 33
-2 33
-2 33
-2 33
-2 33
-2 33
-2 33
-2 33
-2 33
-2 33
-2 33
-2 33
-2 33
-2 33
-2 33
-2 33
-2 33
-2 33
0 28
0 28
0 28
0 28
0 28
0 28
0 28
0 28
0 28
0 28
0 28
0 28
0 28
0 28
0 28
0 28
0 28
0 28
0 28
0 28
0 28
0 28
0 28
0 28
0 28
0 28
0 28
0 28
0 28
0 28
0 28
0 28
0 28
4 24
4 19
4 19
4 19
4 19
4 19
4 19
4 19
4 19
4 19
4 19
4 19
4 19
4 19
4 19
4 19
4 19
4 19
4 19
4 19
4 19
4 19
4 19
4 19
4 19
4 19
4 19
4 19
4 19
4 19
4 19
4 19
4 19
4 19
4 19
4 19
4 19
4 19
4 19
4 19
4 19
4 19
4 19
4 19
4 19
4 19
0 15
1 14
1 14
1 14
1 14
1 14
1 14
1 14
1 14
1 14
1 14
1 14
1 14
1 14
1 14
1 14
1 14
3 11
3 11
3 11
3 11
3 11
3 11
3 11
3 11
3 11
3 11
3 11
3 11
3 11
3 11
3 11
3 11
3 11
3 11
3 11
3 11
3 11
3 11
3 11
3 11
3 11
3 11
3 11
3 11
3 11
3 11
3 11
3 11
3 11
3 11
3 11
0 10
0 10
0 10
0 10
0 10
0 10
0 10
0 10
0 10
0 10
0 10
0 10
0 10
0 10
0 10
0 10
0 10
0 10
0 10
0 10
0 10
0 10
0 10
0 10
0 10
0 10
0 10
0 10
0 10
0 10
0 10
0 10
-1 10
-1 10
-1 10
-1 10
-1 10
-1 10
-1 10
-1 10
-1 10
-1 10
-1 10
-1 10
-1 10
-1 10
-1 10
-1 10
-1 10
-1 10
-1 10
-1 10
-1 10
-1 10
-1 10
-1 10
-1 10
-1 10
-1 10
-1 10
-1 10
-1 10
-1 10
-1 10
-1 10
-1 10
1 10
1 13
1 13
1 13
1 13
1 13
1 13
1 13
1 13
1 13
1 13
1 13
1 13
1 13
1 13
1 13
1 13
0 13
0 13
0 13
0 13
0 13
0 13
0 13
0 13
0 13
0 13
0 13
0 13
0 13
0 13
0 13
0 13
0 13
0 13
0 13
0 13
0 13
0 13
0 13
0 13
0 13
0 13
0 13
0 13
0 11
0 11
0 11
0 11
0 11
0 11
0 11
0 11
0 11
0 11
0 11
0 11
0 11
0 11
0 11
0 11
0 11
0 11
2 12
2 12
2 12
2 12
2 12
2 12
2 12
2 12
2 12
2 12
2 12
2 12
2 12
2 12
2 12
2 12
2 12
2 12
2 12
2 12
2 12
2 12
2 12
2 12
2 12
2 12
2 12
2 12
2 12
2 12
2 12
2 12
2 12
2 12
2 12
2 12
2 12
2 12
2 12
2 12
2 12
2 12
2 12
2 12
2 12
2 12
2 12
2 12
2 12
2 12
2 12
2 12
2 12
2 12
2 12
2 12
2 12
2 12
2 12
2 12
2 12
2 12
2 12
2 12
2 12
0 11
0 10
1 6
1 6
1 6
1 6
1 6
1 6
1 6
1 6
1 6
1 6
1 6
1 6
1 6
1 6
1 6
1 6
1 6
1 6
1 6
1 6
1 6
1 6
1 6
1 6
1 6
1 6
1 6
1 6
1 6
1 6
1 6
1 6
1 6
1 6
1 1
1 1
1 1
1 1
1 1
1 1
1 1
1 1
1 1
1 1
1 1
1 1
1 1
1 1
1 1
1 1
1 1
1 1
1 1
1 1
1 1
1 1
1 1
1 1
1 1
1 1
1 1
1 1
1 1
1 1
1 1
1 1
1 1
1 1
1 1
1 1
1 0
1 0
1 0
1 0
1 0
1 0
1 0
1 0
1 0
1 0
1 0
1 0
1 0
1 0
1 0
1 0
1 0
1 0
1 0
1 0
1 0
1 0
1 0
1 0
1 0
1 0
1 0
1 0
1 0
1 0
1 0
1 0
1 0
1 0
1 0
1 0
1 0
1 0
1 0
1 0
1 0
1 0
1 0
1 0
1 0
1 0
1 0
1 0
1 0
1 0
1 0
1 0
1 0
1 0
1 0
1 0
1 0
1 0
1 0
1 0
1 0
1 0
1 0
1 0
1 0
1 0
1 0
1 0
1 0
1 0
1 0
1 0
1 0
1 0
1 0
1 0
1 0
1 0
1 0
1 0
1 0
1 0
1 0
1 0
1 0
1 0
1 0
1 0
1 0
1 0
1 0
1 0
1 0
1 0
1 0
1 0
1 0
1 0
1 0
1 0
1 0
1 0
1 0
1 0
1 0
1 0
1 0
1 0
1 0
1 0
1 0
1 0
1 0
1 0
1 0
1 0
1 0
1 0
1 0
1 0
1 0
1 0
1 0
1 0
1 0
1 0
1 0
1 0
1 0
1 0
1 0
1 0
1 0
1 0
1 0
1 0
1 0
1 0
1 0
1 0
1 0
1 0
1 0
1 0
1 0
1 0
1 0
1 0
1 0
1 0
1 0
1 0
1 0
1 0
1 0
1 0
1 0
1 0
1 0
1 0
1 0
1 0
1 0
1 0
1 0
1 0
1 0
1 0
1 0
1 0
1 0
1 0
1 0
1 0
1 0
1 0
1 0
1 0
1 0
1 0
1 0
1 0
1 0
1 0
1 0
1 0
1 0
1 0
1 0
1 0
1 0
1 0
1 0
1 0
1 0
1 0
1 0
1 0
1 0
1 0
1 0
1 0
1 0
1 0
1 0
1 0
1 0
1 0
1 0
1 0
1 0
1 0
1 0
1 0
1 0
1 0
1 0
1 0
1 0
1 0
1 0
1 0
1 0
1 0
1 0
1 0
1 0
1 0
1 0
1 0
1 0
1 0
1 0
1 0
1 0
1 0
1 0
1 0
1 0
1 0
1 0
1 0
1 0
1 0
1 0
1 0
1 0
1 0
1 0
1 0
1 0
1 0
1 0
1 0
1 0
1 0
1 0
1 0
1 0
1 0
1 0
1 0
1 0
1 0
1 0
1 0
1 0
1 0
1 0
1 0
1 0
1 0
1 0
1 0
1 0
1 0
1 0
1 0
1 0
1 0
1 0
1 0
1 0
1 0
1 0
1 0
1 0
1 0
1 0
1 0
1 0
1 0
1 0
1 0
1 0
1 0
1 0
1 0
1 0
1 0
1 0
1 0
1 0
1 0
1 0
1 0
1 0
1 0
1 0
1 0
1 0
1 0
1 0
1 0
1 0
1 0
1 0
1 0
1 0
1 0
1 0
1 0
1 0
1 0
1 0
1 0
1 0
1 0
1 0
1 0
1 0
1 0
1 0
1 0
1 0
1 0
1 0
1 0
1 0
1 0
1 0
1 0
1 0
1 0
1 0
1 0
1 0
1 0
1 0
1 0
1 0
1 0
1 0
1 0
1 0
1 0
1 0
1 0
1 0
1 0
1 0
1 0
1 0
1 0
1 0
1 0
1 0
1 0
1 0
1 0
1 0
1 0
1 0
1 0
1 0
1 0
1 0
1 0
1 0
1 0
1 0
1 0
1 0
1 0
1 0
1 0
1 0
1 0
1 0
1 0
1 0
1 0
1 0
1 0
1 0
1 0
1 0
1 0
1 0
1 0
1 0
1 0
1 0
1 0
1 0
1 0
1 0
1 0
1 0
1 0
1 0
1 0
1 0
1 0
1 0
1 0
1 0
1 0
1 0
1 0
1 0
1 0
1 0
1 0
1 0
1 0
1 0
1 0
1 0
1 0
1 0
1 0
1 0
1 0
1 0
1 0
1 0
1 0
1 0
1 0
1 0
1 0
1 0
1 0
1 0
1 0
1 0
1 0
1 0
1 0
1 0
1 0
1 0
1 0
1 0
1 0
1 0
1 0
1 0
1 0
1 0
1 0
1 0
1 0
1 0
1 0
1 0
1 0
1 0
1 0
1 0
1 0
1 0
1 0
1 0
1 0
1 0
1 0
1 0
1 0
1 0
1 0
1 0
1 0
1 0
1 0
1 0
1 0
1 0
1 0
1 0
1 0
1 0
1 0
1 0
1 0
1 0
1 0
1 0
1 0
1 0
1 0
1 0
1 0
1 0
1 0
1 0
1 0
1 0
1 0
1 0
1 0
1 0
1 0
1 0
1 0
1 0
1 0
1 0
1 0
1 0
1 0
1 0
1 0
1 0
1 0
1 0
1 0
1 0
1 0
1 0
1 0
1 0
1 0
1 0
1 0
1 0
1 0
1 0
1 0
1 0
1 0
1 0
1 0
1 0
1 0
1 0
1 0
1 0
1 0
1 0
1 0
1 0
1 0
1 0
1 0
1 0
1 0
1 0
1 0
1 0
1 0
1 0
1 0
1 0
1 0
1 0
1 0
1 0
1 0
1 0
1 0
1 0
1 0
1 0
1 0
1 0
1 0
1 0
1 0
1 0
1 0
1 0
1 0
1 0
1 0
1 0
1 0
1 0
1 0
1 0
1 0
1 0
1 0
1 0
1 0
1 0
1 0
1 0
1 0
1 0
1 0
1 0
1 0
1 0
1 0
1 0
1 0
1 0
1 0
1 0
1 0
1 0
1 0
1 0
1 0
1 0
1 0
1 0
1 0
1 0
1 0
1 0
1 0
1 0
1 0
1 0
1 0
1 0
1 0
1 0
1 0
1 0
1 0
1 0
1 0
1 0
1 0
1 0
1 0
1 0
1 0
1 0
1 0
1 0
1 0
1 0
1 0
1 0
1 0
1 0
1 0
1 0
1 0
1 0
1 0
1 0
1 0
1 0
1 0
1 0
1 0
1 0
1 0
1 0
1 0
1 0
1 0
1 0
1 0
1 0
1 0
1 0
1 0
1 0
1 0
1 0
1 0
1 0
1 0
1 0
1 0
1 0
1 0
1 0
1 0
1 0
1 0
1 0
1 0
1 0
1 0
1 0
1 0
1 0
1 0
1 0
1 0
1 0
1 0
1 0
1 0
1 0
1 0
1 0
1 0
1 0
1 0
1 0
1 0
1 0
1 0
1 0
1 0
1 0
1 0
1 0
1 0
1 0
1 0
1 0
1 0
1 0
1 0
1 0
1 0
1 0
1 0
1 0
1 0
1 0
1 0
1 0
1 0
1 0
1 0
1 0
1 0
1 0
1 0
1 0
1 0
1 0
1 0
1 0
1 0
1 0
1 0
1 0
1 0
1 0
1 0
1 0
1 0
1 0
1 0
1 0
1 0
1 0
1 0
1 0
1 0
1 0
1 0
1 0
1 0
1 0
1 0
1 0
1 0
1 0
1 0
1 0
1 0
1 0
1 0
1 0
1 0
1 0
1 0
1 0
1 0
1 0
1 0
1 0
1 0
1 0
1 0
1 0
1 0
1 0
1 0
1 0
1 0
1 0
1 0
1 0
1 0
1 0
1 0
1 0
1 0
1 0
1 0
1 0
1 0
1 0
1 0
1 0
1 0
1 0
1 0
1 0
1 0
1 0
1 0
1 0
1 0
1 0
1 0
1 0
1 0
1 0
1 0
1 0
1 0
1 0
1 0
1 0
1 0
1 0
1 0
1 0
1 0
1 0
1 0
1 0
1 0
1 0
1 0
1 0
1 0
1 0
1 0
1 0
1 0
1 0
1 0
1 0
1 0
1 0
1 0
1 0
1 0
1 0
1 0
1 0
1 0
1 0
1 0
1 0
1 0
1 0
1 0
1 0
1 0
1 0
1 0
1 0
1 0
1 0
1 0
1 0
1 0
1 0
1 0
1 0
1 0
1 0
1 0
1 0
1 0
1 0
1 0
1 0
1 0
1 0
1 0
1 0
1 0
1 0
1 0
1 0
1 0
1 0
1 0
1 0
1 0
1 0
1 0
1 0
1 0
1 0
1 0
1 0
1 0
1 0
1 0
1 0
1 0
1 0
1 0
1 0
1 0
1 0
1 0
1 0
1 0
1 0
1 0
1 0
1 0
1 0
1 0
1 0
1 0
1 0
1 0
1 0
1 0
1 0
1 0
1 0
1 0
1 0
1 0
1 0
1 0
1 0
1 0
1 0
1 0
1 0
1 0
1 0
1 0
1 0
1 0
1 0
1 0
1 0
1 0
1 0
1 0
1 0
1 0
1 0
1 0
1 0
1 0
1 0
1 0
1 0
1 0
1 0
1 0
1 0
1 0
1 0
1 0
1 0
1 0
1 0
1 0
1 0
1 0
1 0
1 0
1 0
1 0
1 0
1 0
1 0
1 0
1 0
1 0
1 0
1 0
1 0
1 0
1 0
1 0
1 0
1 0
1 0
1 0
1 0
1 0
1 0
1 0
1 0
1 0
1 0
1 0
1 0
1 0
1 0
1 0
1 0
1 0
1 0
1 0
1 0
1 0
1 0
1 0
1 0
1 0
1 0
1 0
1 0
1 0
1 0
1 0
1 0
1 0
1 0
1 0
1 0
1 0
1 0
1 0
1 0
1 0
1 0
1 0
1 0
1 0
1 0
1 0
1 0
1 0
1 0
1 0
1 0
1 0
1 0
1 0
1 0
1 0
1 0
1 0
1 0
1 0
1 0
1 0
1 0
1 0
1 0
1 0
1 0
1 0
