43 36
43 36
43 36
43 36
43 36
44 33
44 33
44 33
44 33
44 33
44 33
44 33
44 33
44 33
44 33
44 33
44 33
44 33
44 33
44 33
44 33
44 33
44 33
44 33
44 33
44 33
44 33
44 33
44 33
44 33
44 33
44 33
44 33
44 33
44 33
44 33
44 33
44 33
44 33
44 33
44 33
44 33
44 33
44 33
42 33
42 33
42 33
42 33
42 33
42 33
42 33
42 33
42 33
42 33
42 33
42 33
42 33
42 33
42 33
42 33
42 33
42 33
38 30
38 30
38 30
38 30
38 30
38 30
38 30
38 30
38 30
38 30
38 30
38 30
38 30
38 30
38 30
38 30
38 30
38 30
38 30
38 30
38 30
38 30
38 30
38 30
38 30
38 30
38 30
38 30
38 30
38 30
38 30
38 30
38 30
38 30
38 30
38 30
38 30
38 30
38 30
38 30
46 34
46 34
46 34
46 34
46 34
46 34
46 34
46 34
46 34
46 34
46 34
46 34
46 34
46 34
46 34
46 34
46 34
46 34
46 34
50 34
50 34
50 34
50 34
50 34
50 34
50 34
50 34
50 34
50 34
50 34
50 34
50 34
50 34
50 34
50 34
50 34
50 34
50 34
50 34
50 34
47 22
47 22
47 22
47 22
47 22
47 22
47 22
47 22
47 22
47 22
47 22
47 22
47 22
47 22
47 22
47 22
47 22
47 22
47 22
47 22
47 22
47 22
47 22
47 22
47 22
47 22
47 22
47 22
47 22
47 22
47 22
47 22
47 22
47 22
47 22
47 22
47 22
47 22
51 25
51 25
51 25
51 25
51 25
51 25
51 25
51 25
51 25
51 25
51 25
51 25
51 25
51 25
51 25
51 25
51 25
51 25
51 25
51 25
51 25
51 25
51 25
53 28
53 28
53 28
53 28
53 28
53 28
53 28
53 28
53 28
53 28
53 28
53 28
53 28
53 28
53 28
53 28
53 28
53 28
53 28
53 28
53 28
53 28
53 28
53 28
53 28
53 28
53 28
53 28
53 28
53 28
53 28
53 28
53 28
53 28
53 28
53 28
53 28
53 28
53 28
53 28
53 28
53 28
53 28
53 23
53 23
53 23
53 23
53 23
53 23
53 23
53 23
53 23
53 23
53 23
53 23
53 23
53 23
53 23
53 23
53 23
53 23
53 23
53 23
53 23
53 23
53 23
53 23
53 23
53 23
53 23
53 23
53 23
53 23
53 23
53 23
53 23
53 23
53 23
53 23
53 23
53 23
53 23
53 23
53 23
53 23
53 23
53 23
53 23
53 23
53 23
53 23
51 17
51 17
51 17
51 17
51 17
51 17
51 17
51 17
51 17
51 17
51 17
51 17
51 17
51 17
51 17
51 17
51 17
51 17
51 17
51 17
51 17
51 17
51 17
51 17
51 17
51 17
51 17
51 17
51 17
51 17
51 17
51 17
51 17
51 17
51 17
51 17
51 17
51 17
51 17
51 17
51 17
51 17
51 17
51 17
51 17
51 17
51 17
51 17
51 21
51 21
51 21
51 21
51 21
51 21
51 21
51 21
51 21
51 21
51 21
51 21
51 21
51 21
51 21
51 21
51 21
51 21
51 21
51 21
51 21
51 21
53 9
53 9
53 9
53 9
53 9
53 9
53 9
53 9
53 9
53 9
53 9
53 9
53 9
53 9
53 9
53 9
53 9
53 9
53 9
53 9
53 9
53 9
53 7
53 7
53 7
53 7
53 7
53 7
53 7
53 7
53 7
53 7
53 7
53 7
53 7
53 7
53 7
53 7
53 7
53 7
53 7
53 7
53 7
53 7
53 7
53 7
53 7
53 7
53 7
53 7
53 7
53 7
53 7
53 7
53 7
53 7
53 7
53 7
53 7
53 7
53 7
53 7
53 7
53 7
53 7
53 7
53 7
53 7
53 7
53 7
53 7
53 3
53 3
53 3
53 3
53 3
53 3
53 3
53 3
53 3
53 3
53 3
53 3
53 3
53 3
53 3
53 3
53 3
53 3
53 3
53 3
53 3
53 3
53 3
53 3
53 3
53 3
53 3
53 3
53 3
53 3
53 3
53 3
53 3
53 3
53 3
53 3
53 3
53 3
53 3
53 3
53 3
53 3
53 3
53 3
53 3
53 3
53 3
53 3
52 0
52 0
52 0
52 0
52 0
52 0
52 0
52 0
52 0
52 0
52 0
52 0
52 0
52 0
52 0
52 0
52 0
52 0
52 0
52 0
52 0
52 0
52 0
52 0
52 0
52 0
52 0
53 2
53 2
53 2
53 2
53 2
53 2
53 2
53 2
53 2
53 2
53 2
53 2
53 2
53 2
53 2
53 2
53 2
53 2
53 2
53 2
53 2
54 1
54 1
54 1
54 1
54 1
54 1
54 1
54 1
54 1
54 1
54 1
54 1
54 1
54 1
54 1
54 1
54 1
54 1
54 1
54 1
54 1
54 1
56 -1
56 -1
56 -1
56 -1
56 -1
56 -1
56 -1
56 -1
56 -1
56 -1
56 -1
56 -1
56 -1
56 -1
56 -1
56 -1
56 -1
56 -1
56 -1
56 -1
56 -1
56 -1
56 -1
56 -1
56 -1
56 -1
56 -1
56 -1
56 -1
56 -1
56 -1
56 -1
56 -1
56 -1
56 -1
56 -1
56 -1
56 -1
56 -1
56 -1
56 -1
56 -1
56 -1
56 -1
56 -1
56 -1
56 -6
56 -6
56 -6
56 -6
56 -6
56 -6
56 -6
56 -6
56 -6
56 -6
56 -6
56 -6
56 -6
56 -6
56 -6
56 -6
56 -6
56 -6
56 -6
56 -6
56 -6
56 -6
53 -6
53 -6
53 -6
53 -6
53 -6
53 -6
53 -6
53 -6
53 -6
53 -6
53 -6
53 -6
53 -6
53 -6
53 -6
53 -6
53 -6
53 -6
53 -6
53 -6
53 -6
53 -6
53 -6
53 -6
53 -6
53 -6
53 -6
53 -6
53 -6
53 -6
53 -6
53 -6
53 -6
53 -6
53 -6
53 -6
53 -6
53 -6
53 -6
53 -6
53 -6
53 -6
53 -6
53 -6
53 -6
53 -6
53 -6
53 -6
53 -6
53 -6
53 -6
53 -6
53 -6
53 -6
53 -11
53 -11
53 -11
53 -11
53 -11
53 -11
53 -11
53 -11
53 -11
53 -11
53 -11
53 -11
53 -11
53 -11
53 -11
53 -11
53 -11
53 -11
53 -11
53 -11
53 -11
53 -11
53 -11
53 -11
54 -13
54 -13
54 -13
54 -13
54 -13
54 -13
54 -13
54 -13
54 -13
54 -13
54 -13
54 -13
54 -13
54 -13
54 -13
54 -13
54 -13
54 -13
54 -13
54 -13
54 -13
54 -13
54 -13
54 -13
54 -13
54 -13
54 -13
54 -13
54 -13
54 -13
54 -13
54 -13
54 -13
54 -13
54 -13
54 -13
54 -13
54 -13
54 -13
54 -13
54 -13
54 -13
54 -13
54 -13
54 -13
58 -20
58 -20
58 -20
58 -20
58 -20
58 -20
58 -20
58 -20
58 -20
58 -20
58 -20
58 -20
58 -20
58 -20
58 -20
58 -20
58 -20
58 -20
58 -20
58 -20
58 -20
58 -20
58 -20
58 -20
58 -20
58 -20
59 -30
59 -30
59 -30
59 -30
59 -30
59 -30
59 -30
59 -30
59 -30
59 -30
59 -30
59 -30
59 -30
59 -30
59 -30
59 -30
59 -30
59 -30
59 -30
59 -30
58 -26
58 -26
58 -26
58 -26
58 -26
58 -26
58 -26
58 -26
58 -26
58 -26
58 -26
58 -26
58 -26
58 -26
58 -26
58 -26
58 -26
58 -26
58 -26
58 -26
58 -26
58 -26
58 -26
58 -26
53 -33
53 -33
53 -33
53 -33
53 -33
53 -33
53 -33
53 -33
53 -33
53 -33
53 -33
53 -33
53 -33
53 -33
53 -33
53 -33
53 -33
53 -33
53 -33
53 -33
53 -33
53 -33
53 -33
53 -33
53 -33
53 -33
53 -33
53 -33
53 -33
53 -33
53 -33
53 -33
53 -33
53 -33
53 -33
53 -33
53 -33
53 -33
53 -33
53 -33
53 -33
53 -33
53 -33
53 -33
53 -33
53 -33
53 -33
53 -33
53 -33
53 -33
53 -33
53 -33
53 -33
53 -33
53 -33
53 -33
53 -33
53 -33
53 -33
53 -33
53 -33
53 -33
53 -33
53 -33
53 -33
53 -33
53 -33
53 -33
53 -33
53 -33
53 -33
53 -33
53 -33
53 -33
53 -33
53 -33
53 -33
53 -33
50 -36
53 -39
53 -39
53 -39
53 -39
53 -39
53 -39
53 -39
53 -39
53 -39
53 -39
53 -39
53 -39
53 -39
53 -39
53 -39
53 -39
53 -39
53 -39
53 -39
53 -39
53 -39
53 -39
53 -39
53 -39
53 -39
53 -39
53 -39
53 -39
53 -39
53 -39
53 -39
53 -39
53 -39
53 -39
53 -39
53 -39
53 -39
53 -39
53 -39
53 -39
53 -39
53 -39
53 -39
53 -39
53 -39
53 -39
53 -39
53 -39
51 -45
51 -45
51 -45
51 -45
51 -45
51 -45
51 -45
51 -45
51 -45
51 -45
51 -45
51 -45
51 -45
51 -45
51 -45
51 -45
51 -45
51 -45
51 -45
51 -45
51 -45
58 -49
58 -49
58 -49
58 -49
58 -49
58 -49
58 -49
58 -49
58 -49
58 -49
58 -49
58 -49
58 -49
58 -49
58 -49
58 -49
58 -49
58 -49
58 -49
58 -49
58 -49
58 -49
58 -49
58 -49
58 -49
58 -49
58 -49
58 -49
58 -49
58 -49
58 -49
58 -49
58 -49
58 -49
58 -49
58 -49
58 -49
58 -49
58 -49
58 -49
58 -49
58 -49
58 -49
58 -49
58 -49
58 -49
58 -49
58 -49
58 -49
58 -49
58 -49
58 -49
58 -49
58 -49
35 -46
35 -46
35 -46
35 -46
35 -46
35 -46
35 -46
35 -46
35 -46
35 -46
35 -46
35 -46
35 -46
35 -46
35 -46
35 -46
35 -46
35 -46
35 -46
35 -46
35 -46
35 -46
35 -46
35 -46
35 -46
35 -46
35 -46
35 -42
35 -42
35 -42
35 -42
35 -42
35 -42
35 -42
35 -42
35 -42
35 -42
35 -42
35 -42
35 -42
35 -42
35 -42
35 -42
35 -42
35 -42
35 -42
35 -42
35 -42
35 -42
35 -42
35 -42
35 -42
35 -42
35 -42
28 -34
28 -34
28 -34
28 -34
28 -34
28 -34
28 -34
28 -34
28 -34
28 -34
28 -34
28 -34
28 -34
28 -34
28 -34
28 -34
28 -34
28 -34
28 -34
28 -34
28 -34
28 -34
28 -34
28 -34
28 -34
28 -34
28 -34
28 -34
28 -34
28 -34
28 -34
28 -34
28 -34
28 -34
28 -34
28 -34
28 -34
28 -34
28 -34
28 -34
28 -34
28 -34
28 -34
28 -34
28 -34
28 -34
28 -34
28 -34
28 -34
28 -34
28 -34
27 -61
27 -61
27 -61
27 -61
27 -61
27 -61
27 -61
27 -61
27 -61
27 -61
27 -61
27 -61
27 -61
27 -61
27 -61
27 -61
27 -61
27 -61
27 -61
27 -61
27 -61
27 -61
27 -61
27 -61
27 -65
27 -65
27 -65
27 -65
27 -65
27 -65
27 -65
27 -65
27 -65
27 -65
27 -65
27 -65
27 -65
27 -65
27 -65
27 -65
27 -65
27 -65
27 -65
27 -65
27 -65
27 -65
27 -65
27 -65
27 -65
33 -55
33 -55
33 -55
33 -55
33 -55
33 -55
33 -55
33 -55
33 -55
33 -55
33 -55
33 -55
33 -55
33 -55
33 -55
33 -55
33 -55
33 -55
33 -55
33 -55
33 -55
33 -55
33 -55
33 -55
33 -55
33 -55
33 -55
33 -55
33 -55
33 -55
33 -55
33 -55
33 -55
33 -55
33 -55
33 -55
33 -55
33 -55
33 -55
33 -55
33 -55
33 -55
33 -55
33 -55
33 -55
22 -60
22 -60
22 -60
22 -60
22 -60
22 -60
22 -60
22 -60
22 -60
22 -60
22 -60
22 -60
22 -60
22 -60
22 -60
22 -60
22 -60
22 -60
22 -60
22 -60
22 -60
22 -60
22 -60
22 -60
22 -60
22 -60
22 -60
21 -67
21 -67
21 -67
21 -67
21 -67
21 -67
21 -67
21 -67
21 -67
21 -67
21 -67
21 -67
21 -67
21 -67
21 -67
21 -67
21 -67
21 -67
21 -67
21 -67
21 -67
21 -67
21 -67
21 -67
21 -67
21 -67
21 -67
21 -67
21 -67
21 -67
21 -67
21 -67
21 -67
21 -67
21 -67
21 -67
21 -67
21 -67
21 -67
21 -67
21 -67
21 -67
21 -67
21 -67
21 -67
21 -67
21 -67
21 -67
21 -67
21 -67
23 -72
23 -72
23 -72
23 -72
23 -72
23 -72
23 -72
23 -72
23 -72
23 -72
23 -72
23 -72
23 -72
23 -72
23 -72
23 -72
23 -72
23 -72
23 -72
23 -72
23 -72
23 -72
23 -72
23 -72
23 -72
23 -72
23 -72
17 -72
17 -72
17 -72
17 -72
17 -72
17 -72
17 -72
17 -72
17 -72
17 -72
17 -72
17 -72
17 -72
17 -72
17 -72
17 -72
17 -72
17 -72
17 -72
17 -72
17 -72
17 -72
13 -70
13 -70
13 -70
13 -70
13 -70
13 -70
13 -70
13 -70
13 -70
13 -70
13 -70
13 -70
13 -70
13 -70
13 -70
13 -70
13 -70
13 -70
13 -70
13 -70
13 -70
13 -70
13 -70
13 -70
13 -70
13 -70
13 -70
13 -70
13 -70
13 -70
13 -70
13 -70
13 -70
13 -70
13 -70
13 -70
13 -70
13 -70
13 -70
13 -70
13 -70
13 -70
13 -70
13 -70
13 -70
13 -70
13 -70
13 -70
13 -70
13 -70
9 -75
9 -75
9 -75
9 -75
9 -75
9 -75
9 -75
9 -75
9 -75
9 -75
9 -75
9 -75
9 -75
9 -75
9 -75
9 -75
9 -75
9 -75
9 -75
9 -75
9 -75
9 -75
9 -75
15 -81
15 -81
15 -81
15 -81
15 -81
15 -81
15 -81
15 -81
15 -81
15 -81
15 -81
15 -81
15 -81
15 -81
15 -81
15 -81
15 -81
15 -81
15 -81
15 -81
15 -81
15 -81
15 -81
15 -81
15 -81
15 -81
15 -81
15 -81
15 -81
15 -81
15 -81
15 -81
15 -81
15 -81
15 -81
15 -81
15 -81
15 -81
15 -81
15 -81
17 -75
17 -75
17 -75
17 -75
17 -75
17 -75
17 -75
17 -75
17 -75
17 -75
17 -75
17 -75
17 -75
17 -75
17 -75
17 -75
17 -75
17 -75
17 -75
9 -77
9 -77
9 -77
9 -77
9 -77
9 -77
9 -77
9 -77
9 -77
9 -77
9 -77
9 -77
9 -77
9 -77
9 -77
9 -77
9 -77
9 -77
9 -77
9 -77
9 -77
4 -78
4 -78
4 -78
4 -78
4 -78
4 -78
4 -78
4 -78
4 -78
4 -78
4 -78
4 -78
4 -78
4 -78
4 -78
4 -78
4 -78
4 -78
4 -78
4 -78
4 -78
4 -78
4 -78
4 -78
4 -78
4 -78
4 -78
4 -78
4 -78
4 -78
4 -78
4 -78
4 -78
4 -78
4 -78
4 -78
4 -78
4 -78
4 -78
4 -78
4 -78
4 -78
4 -78
4 -78
4 -78
4 -78
4 -78
4 -78
7 -72
7 -72
7 -72
7 -72
7 -72
7 -72
7 -72
7 -72
7 -72
7 -72
7 -72
7 -72
7 -72
7 -72
7 -72
7 -72
7 -72
7 -72
7 -72
7 -72
7 -72
7 -72
7 -72
7 -72
2 -68
2 -68
2 -68
2 -68
2 -68
2 -68
2 -68
2 -68
2 -68
2 -68
2 -68
2 -68
2 -68
2 -68
2 -68
2 -68
2 -68
2 -68
2 -68
2 -68
2 -68
1 -67
1 -67
1 -67
1 -67
1 -67
1 -67
1 -67
1 -67
1 -67
1 -67
1 -67
1 -67
1 -67
1 -67
1 -67
1 -67
1 -67
1 -67
1 -67
1 -67
1 -67
1 -67
1 -67
1 -67
1 -67
1 -67
1 -67
1 -67
1 -67
1 -67
1 -67
1 -67
1 -67
1 -67
1 -67
1 -67
1 -67
1 -67
1 -67
1 -67
1 -67
1 -67
1 -67
1 -67
1 -67
1 -67
1 -67
1 -67
1 -67
-8 -66
-8 -66
-8 -66
-8 -66
-8 -66
-8 -66
-8 -66
-8 -66
-8 -66
-8 -66
-8 -66
-8 -66
-8 -66
-8 -66
-8 -66
-8 -66
-8 -66
-8 -66
-8 -66
-8 -66
-8 -66
-8 -66
-8 -66
-3 -70
-3 -70
-3 -70
-3 -70
-3 -70
-3 -70
-3 -70
-3 -70
-3 -70
-3 -70
-3 -70
-3 -70
-3 -70
-3 -70
-3 -70
-3 -70
-3 -70
-3 -70
-3 -70
-3 -70
-3 -70
-3 -70
-3 -70
-3 -70
-3 -70
-3 -70
-3 -70
-3 -70
-3 -70
-3 -70
-3 -70
-3 -70
-3 -70
-3 -70
-3 -70
-3 -70
-3 -70
-3 -70
-3 -70
-3 -70
-3 -70
-3 -70
-3 -70
-3 -70
-3 -70
-3 -70
-3 -70
-3 -70
-3 -70
-3 -70
-3 -70
-3 -70
-3 -70
-3 -70
-3 -70
-3 -70
-3 -70
-3 -70
-3 -70
-3 -70
-3 -70
-3 -70
-3 -70
-3 -70
-3 -70
-3 -70
-3 -70
-3 -70
-12 -69
-6 -69
-6 -69
-6 -69
-6 -69
-6 -69
-6 -69
-6 -69
-6 -69
-6 -69
-6 -69
-6 -69
-6 -69
-6 -69
-6 -69
-6 -69
-6 -69
-6 -69
-6 -69
-6 -69
-6 -69
-6 -69
-6 -69
-6 -69
-6 -69
-6 -67
-6 -67
-6 -67
-6 -67
-6 -67
-6 -67
-6 -67
-6 -67
-6 -67
-6 -67
-6 -67
-6 -67
-6 -67
-6 -67
-6 -67
-6 -67
-6 -67
-6 -67
-6 -67
-6 -67
-6 -67
-6 -67
-6 -67
-6 -67
-6 -67
-6 -67
-6 -67
-6 -67
-6 -67
-6 -67
-6 -67
-6 -67
-6 -67
-6 -67
-6 -67
-6 -67
-6 -67
-6 -67
-6 -67
-6 -67
-6 -67
-6 -67
-6 -67
-6 -67
-6 -67
-6 -67
-6 -67
-10 -62
-10 -62
-10 -62
-10 -62
-10 -62
-10 -62
-10 -62
-10 -62
-10 -62
-10 -62
-10 -62
-10 -62
-10 -62
-10 -62
-10 -62
-10 -62
-10 -62
-10 -62
-10 -62
-10 -62
-10 -62
-10 -58
-10 -58
-10 -58
-10 -58
-10 -58
-10 -58
-10 -58
-10 -58
-10 -58
-10 -58
-10 -58
-10 -58
-10 -58
-10 -58
-10 -58
-10 -58
-10 -58
-10 -58
-10 -58
-10 -58
-10 -58
-10 -58
-10 -58
-10 -58
-10 -58
-10 -58
-10 -58
-10 -58
-10 -58
-10 -58
-10 -58
-10 -58
-10 -58
-10 -58
-10 -58
-10 -58
-10 -58
-16 -63
-16 -63
-16 -63
-16 -63
-16 -63
-16 -63
-16 -63
-16 -63
-16 -63
-16 -63
-16 -63
-16 -63
-16 -63
-16 -63
-16 -63
-16 -63
-16 -63
-16 -63
-16 -63
-16 -63
-16 -63
-16 -63
-16 -63
-16 -63
-11 -58
-11 -58
-11 -58
-11 -58
-11 -58
-11 -58
-11 -58
-11 -58
-11 -58
-11 -58
-11 -58
-11 -58
-11 -58
-11 -58
-11 -58
-11 -58
-11 -58
-11 -58
-11 -58
-11 -58
-11 -58
-11 -58
-11 -58
-11 -58
-11 -58
-11 -58
-11 -58
-11 -58
-11 -58
-11 -58
-11 -58
-11 -58
-11 -58
-11 -58
-11 -58
-11 -58
-11 -58
-11 -58
-11 -58
-11 -58
-11 -58
-11 -58
-11 -58
-11 -58
-11 -58
-11 -58
-11 -58
-11 -58
-11 -58
-11 -58
-13 -58
-13 -58
-13 -58
-13 -58
-13 -58
-13 -58
-13 -58
-13 -58
-13 -58
-13 -58
-13 -58
-13 -58
-13 -58
-13 -58
-13 -58
-13 -58
-13 -58
-13 -58
-13 -58
-13 -58
-13 -58
-13 -58
-13 -58
-13 -58
-15 -58
-15 -58
-15 -58
-15 -58
-15 -58
-15 -58
-15 -58
-15 -58
-15 -58
-15 -58
-15 -58
-15 -58
-15 -58
-15 -58
-15 -58
-15 -58
-15 -58
-15 -58
-15 -58
-15 -58
-15 -58
-15 -58
-15 -58
-15 -58
-19 -63
-19 -63
-19 -63
-19 -63
-19 -63
-19 -63
-19 -63
-19 -63
-19 -63
-19 -63
-19 -63
-19 -63
-19 -63
-19 -63
-19 -63
-19 -63
-19 -63
-19 -63
-19 -63
-19 -63
-19 -63
-19 -63
-19 -63
-19 -63
-19 -67
-19 -67
-19 -67
-19 -67
-19 -67
-19 -67
-19 -67
-19 -67
-19 -67
-19 -67
-19 -67
-19 -67
-19 -67
-19 -67
-19 -67
-19 -67
-19 -67
-19 -67
-19 -67
-19 -67
-19 -67
-19 -67
-19 -67
-19 -67
-19 -67
-19 -67
-19 -67
-19 -67
-19 -67
-19 -67
-19 -67
-19 -67
-19 -67
-19 -67
-19 -67
-19 -67
-19 -67
-19 -67
-19 -67
-19 -67
-19 -67
-19 -67
-19 -67
-19 -67
-19 -67
-19 -67
-19 -67
-19 -67
-19 -67
-19 -67
-18 -63
-18 -63
-18 -63
-18 -63
-18 -63
-18 -63
-18 -63
-18 -63
-18 -63
-18 -63
-18 -63
-18 -63
-18 -63
-18 -63
-18 -63
-18 -63
-18 -63
-18 -63
-18 -63
-18 -63
-20 -63
-20 -63
-20 -63
-20 -63
-20 -63
-20 -63
-20 -63
-20 -63
-20 -63
-20 -63
-20 -63
-20 -63
-20 -63
-20 -63
-20 -63
-20 -63
-20 -63
-20 -63
-20 -63
-20 -63
-20 -63
-20 -63
-20 -63
-20 -63
-20 -63
-20 -63
-20 -63
-20 -63
-20 -63
-20 -63
-20 -63
-20 -63
-20 -63
-25 -58
-25 -58
-25 -58
-25 -58
-25 -58
-25 -58
-25 -58
-25 -58
-25 -58
-25 -58
-25 -58
-25 -58
-25 -58
-25 -58
-25 -58
-25 -58
-25 -58
-25 -58
-27 -51
-27 -51
-27 -51
-27 -51
-27 -51
-27 -51
-27 -51
-27 -51
-27 -51
-27 -51
-27 -51
-27 -51
-27 -51
-27 -51
-27 -51
-27 -51
-27 -51
-27 -51
-27 -51
-27 -51
-27 -51
-27 -51
-27 -51
-27 -51
-27 -51
-27 -51
-27 -51
-27 -51
-27 -51
-27 -51
-27 -51
-27 -51
-27 -51
-27 -51
-27 -51
-27 -51
-27 -51
-27 -51
-27 -51
-27 -51
-27 -51
-27 -51
-27 -51
-27 -51
-27 -51
-27 -51
-27 -51
-27 -51
-27 -51
-27 -51
-27 -51
-31 -45
-31 -45
-31 -45
-31 -45
-31 -45
-31 -45
-31 -45
-31 -45
-31 -45
-31 -45
-31 -45
-31 -45
-31 -45
-31 -45
-31 -45
-33 -40
-33 -40
-33 -40
-33 -40
-33 -40
-33 -40
-33 -40
-33 -40
-33 -40
-33 -40
-33 -40
-33 -40
-33 -40
-33 -40
-33 -40
-33 -40
-33 -40
-33 -40
-33 -40
-33 -40
-33 -40
-33 -40
-33 -40
-33 -40
-33 -40
-33 -40
-33 -40
-33 -40
-33 -40
-27 -31
-27 -31
-27 -31
-27 -31
-27 -31
-27 -31
-27 -31
-27 -31
-27 -31
-27 -31
-27 -31
-27 -31
-27 -31
-27 -31
-27 -31
-27 -31
-27 -31
-27 -31
-27 -31
-27 -31
-27 -31
-27 -31
-27 -31
-27 -31
-27 -31
-27 -31
-27 -31
-27 -31
-27 -31
-27 -31
-27 -31
-27 -31
-27 -31
-27 -31
-27 -31
-39 -36
-39 -36
-39 -36
-39 -36
-39 -36
-39 -36
-39 -36
-39 -36
-39 -36
-39 -36
-39 -36
-39 -36
-39 -36
-33 -32
-33 -32
-33 -32
-33 -32
-33 -32
-33 -32
-33 -32
-33 -32
-33 -32
-33 -32
-33 -32
-33 -32
-33 -32
-33 -32
-33 -32
-33 -32
-33 -32
-32 -29
-32 -29
-32 -29
-32 -29
-32 -29
-32 -29
-32 -29
-32 -29
-32 -29
-32 -29
-32 -29
-32 -29
-32 -29
-32 -29
-32 -29
-32 -29
-32 -29
-32 -29
-32 -29
-38 -32
-38 -32
-38 -32
-38 -32
-38 -32
-38 -32
-38 -32
-38 -32
-38 -32
-38 -32
-38 -32
-38 -32
-38 -32
-38 -32
-38 -32
-38 -32
-38 -32
-38 -32
-38 -32
-38 -32
-38 -32
-38 -32
-38 -32
-38 -32
-38 -32
-38 -32
-38 -32
-38 -32
-38 -32
-38 -32
-38 -32
-38 -32
-38 -32
-38 -32
-38 -32
-38 -30
-38 -30
-38 -30
-38 -30
-38 -30
-38 -30
-38 -30
-38 -30
-38 -30
-38 -30
-38 -30
-38 -30
-38 -30
-38 -30
-38 -30
-38 -30
-38 -30
-38 -30
-38 -30
-38 -30
-40 -32
-40 -32
-40 -32
-40 -32
-40 -32
-40 -32
-40 -32
-40 -32
-40 -32
-40 -32
-40 -32
-40 -32
-40 -32
-40 -32
-40 -32
-40 -32
-40 -32
-40 -32
-40 -32
-40 -32
-40 -32
-40 -32
-40 -32
-40 -32
-40 -32
-40 -32
-40 -32
-40 -32
-40 -32
-40 -32
-40 -32
-40 -32
-40 -32
-42 -24
-42 -24
-42 -24
-42 -24
-42 -24
-42 -24
-42 -24
-42 -24
-42 -24
-42 -24
-42 -24
-42 -24
-42 -24
-42 -24
-42 -24
-42 -24
-42 -24
-42 -24
-48 -23
-48 -23
-48 -23
-48 -23
-48 -23
-48 -23
-48 -23
-48 -23
-48 -23
-48 -23
-48 -23
-48 -23
-48 -23
-48 -23
-48 -23
-48 -23
-38 -12
-38 -12
-38 -12
-38 -12
-38 -12
-38 -12
-38 -12
-38 -12
-38 -12
-38 -12
-38 -12
-38 -12
-38 -12
-38 -12
-38 -12
-38 -12
-38 -12
-38 -12
-38 -12
-38 -12
-38 -12
-38 -12
-38 -12
-38 -12
-38 -12
-38 -12
-38 -12
-38 -12
-38 -12
-38 -12
-38 -12
-51 -20
-51 -20
-51 -20
-51 -20
-51 -20
-51 -20
-51 -20
-51 -20
-51 -20
-51 -20
-51 -20
-51 -20
-51 -20
-51 -20
-51 -20
-51 -20
-51 -20
-52 -17
-52 -17
-52 -17
-52 -17
-52 -17
-52 -17
-52 -17
-52 -17
-52 -17
-52 -17
-52 -17
-52 -17
-52 -17
-52 -17
-52 -17
-52 -17
-57 -21
-57 -21
-57 -21
-57 -21
-57 -21
-57 -21
-57 -21
-57 -21
-57 -21
-57 -21
-57 -21
-57 -21
-57 -21
-57 -21
-57 -21
-57 -21
-57 -21
-57 -21
-57 -21
-57 -21
-57 -21
-57 -21
-57 -21
-57 -21
-57 -21
-57 -21
-57 -21
-57 -21
-57 -21
-57 -21
-52 -7
-52 -7
-52 -7
-52 -7
-52 -7
-52 -7
-52 -7
-52 -7
-52 -7
-52 -7
-52 -7
-52 -7
-52 -7
-52 -7
-52 -7
-52 -7
-52 -7
-52 -7
-56 -11
-56 -11
-56 -11
-56 -11
-56 -11
-56 -11
-56 -11
-56 -11
-56 -11
-56 -11
-56 -11
-56 -11
-56 -11
-56 -11
-56 -11
-56 -11
-56 -11
-58 -8
-58 -8
-58 -8
-58 -8
-58 -8
-58 -8
-58 -8
-58 -8
-58 -8
-58 -8
-58 -8
-58 -8
-58 -8
-58 -8
-58 -8
-58 -8
-58 -8
-58 -8
-58 -8
-58 -8
-58 -8
-58 -8
-58 -8
-58 -8
-58 -8
-58 -8
-58 -8
-58 -8
-58 -8
-58 -8
-58 -8
-58 -8
-58 -8
-58 -8
-58 -8
-58 -8
-58 -8
-58 -8
-58 -8
-58 -8
-58 -8
-58 -8
-54 -2
-54 -2
-54 -2
-54 -2
-54 -2
-54 -2
-54 -2
-54 -2
-54 -2
-54 -2
-54 -2
-54 -2
-54 -2
-54 -2
-54 -2
-54 -2
-54 -2
-54 -2
-54 -2
-54 -2
-65 -2
-65 -2
-65 -2
-65 -2
-65 -2
-65 -2
-65 -2
-65 -2
-65 -2
-65 -2
-65 -2
-65 -2
-65 -2
-65 -2
-65 -2
-65 -2
-65 -2
-65 -2
-65 -2
-65 -2
-65 -2
-65 -2
-65 -2
-65 -2
-65 -2
-65 -2
-65 -2
-65 -2
-65 -2
-65 -2
-65 -2
-65 -2
-65 -2
-65 -2
-65 -2
-65 -2
-65 -2
-65 -2
-65 -2
-66 -4
-66 -4
-66 -4
-66 -4
-66 -4
-66 -4
-66 -4
-66 -4
-66 -4
-66 -4
-66 -4
-66 -4
-66 -4
-66 -4
-66 -4
-66 -4
-66 -4
-67 -2
-67 -2
-67 -2
-67 -2
-67 -2
-67 -2
-67 -2
-67 -2
-67 -2
-67 -2
-67 -2
-67 -2
-67 -2
-67 -2
-67 -2
-67 -2
-67 -2
-67 -2
-67 -2
-67 -2
-67 -2
-67 -2
-67 -2
-67 -2
-67 -2
-67 -2
-67 -2
-67 -2
-67 -2
-67 -2
-67 -2
-70 1
-70 1
-70 1
-70 1
-70 1
-70 1
-70 1
-70 1
-70 1
-70 1
-70 1
-70 1
-70 1
-70 1
-70 1
-70 1
-71 4
-71 4
-71 4
-71 4
-71 4
-71 4
-71 4
-71 4
-71 4
-71 4
-71 4
-71 4
-71 4
-71 4
-71 4
-71 4
-71 4
-75 5
-75 5
-75 5
-75 5
-75 5
-75 5
-75 5
-75 5
-75 5
-75 5
-75 5
-75 5
-75 5
-75 5
-75 5
-75 5
-75 5
-75 5
-75 5
-75 5
-75 5
-75 5
-75 5
-75 5
-75 5
-75 5
-75 5
-75 5
-75 5
-75 5
-75 5
-75 5
-74 6
-74 6
-74 6
-74 6
-74 6
-74 6
-74 6
-74 6
-74 6
-74 6
-74 6
-74 6
-74 6
-74 6
-74 6
-74 6
-79 5
-79 5
-79 5
-79 5
-79 5
-79 5
-79 5
-79 5
-79 5
-79 5
-79 5
-79 5
-79 5
-79 5
-79 5
-76 7
-76 7
-76 7
-76 7
-76 7
-76 7
-76 7
-76 7
-76 7
-76 7
-76 7
-76 7
-76 7
-76 7
-76 7
-76 7
-76 7
-76 7
-76 7
-76 7
-76 7
-76 7
-76 7
-76 7
-76 7
-76 7
-76 7
-76 7
-76 7
-76 7
-76 7
-76 7
-76 7
-76 7
-78 15
-78 15
-78 15
-78 15
-78 15
-78 15
-78 15
-78 15
-78 15
-78 15
-78 15
-78 15
-78 15
-78 15
-78 15
-78 15
-78 15
-77 18
-77 18
-77 18
-77 18
-77 18
-77 18
-77 18
-77 18
-77 18
-77 18
-77 18
-77 18
-77 18
-77 18
-77 18
-77 18
-77 18
-77 18
-77 18
-77 18
-77 18
-77 18
-77 18
-77 18
-77 18
-77 18
-77 18
-77 18
-77 18
-77 18
-77 18
-77 18
-77 18
-77 18
-77 18
-77 18
-77 18
-77 18
-77 18
-77 18
-77 18
-77 18
-77 18
-77 18
-77 18
-77 18
-77 18
-77 18
-77 18
-77 18
-77 18
-77 18
-77 18
-77 18
-70 19
-75 21
-75 21
-75 21
-75 21
-75 21
-75 21
-75 21
-75 21
-75 21
-75 21
-75 21
-75 21
-75 21
-75 21
-75 21
-75 21
-75 21
-61 24
-61 24
-61 24
-61 24
-61 24
-61 24
-61 24
-61 24
-61 24
-61 24
-61 24
-61 24
-61 24
-61 24
-61 24
-61 24
-61 24
-61 24
-61 24
-61 24
-61 24
-61 24
-61 24
-61 24
-61 24
-61 24
-61 24
-61 24
-61 24
-61 24
-61 24
-61 24
-61 24
-61 24
-61 24
-61 24
-61 24
-61 24
-61 24
-66 27
-66 27
-66 27
-66 27
-66 27
-66 27
-66 27
-66 27
-66 27
-66 27
-66 27
-66 27
-66 27
-66 27
-66 27
-66 27
-66 27
-66 27
-66 27
-60 29
-60 29
-60 29
-60 29
-60 29
-60 29
-60 29
-60 29
-60 29
-60 29
-60 29
-60 29
-60 29
-60 29
-60 29
-60 29
-60 29
-60 29
-60 29
-60 29
-60 29
-60 29
-60 29
-60 29
-60 29
-60 29
-60 29
-60 29
-60 29
-60 29
-60 29
-60 29
-60 29
-60 29
-60 29
-60 29
-60 29
-60 29
-60 29
-60 29
-60 29
-59 35
-59 35
-59 35
-59 35
-59 35
-59 35
-59 35
-59 35
-59 35
-59 35
-59 35
-59 35
-59 35
-59 35
-59 35
-59 35
-59 35
-59 35
-59 35
-56 39
-56 39
-56 39
-56 39
-56 39
-56 39
-56 39
-56 39
-56 39
-56 39
-56 39
-56 39
-56 39
-56 39
-56 39
-56 39
-56 39
-56 39
-45 30
-45 30
-45 30
-45 30
-45 30
-45 30
-45 30
-45 30
-45 30
-45 30
-45 30
-45 30
-45 30
-45 30
-45 30
-45 30
-45 30
-45 30
-45 30
-45 30
-45 30
-45 30
-45 30
-45 30
-45 30
-45 30
-45 30
-45 30
-45 30
-45 30
-45 30
-45 30
-45 30
-45 30
-45 30
-45 30
-48 44
-48 44
-48 44
-48 44
-48 44
-48 44
-48 44
-48 44
-48 44
-48 44
-48 44
-48 44
-48 44
-48 44
-48 44
-48 44
-45 50
-45 50
-45 50
-45 50
-45 50
-45 50
-45 50
-45 50
-45 50
-45 50
-45 50
-45 50
-45 50
-45 50
-45 50
-45 50
-45 50
-45 50
-45 50
-45 50
-45 50
-45 50
-45 50
-45 50
-45 50
-45 50
-45 50
-45 50
-45 50
-45 50
-45 50
-40 44
-40 44
-40 44
-40 44
-40 44
-40 44
-40 44
-40 44
-40 44
-40 44
-40 44
-40 44
-40 44
-40 44
-40 44
-41 51
-41 51
-41 51
-41 51
-41 51
-41 51
-41 51
-41 51
-41 51
-41 51
-41 51
-41 51
-41 51
-41 51
-38 52
-38 52
-38 52
-38 52
-38 52
-38 52
-38 52
-38 52
-38 52
-38 52
-38 52
-38 52
-38 52
-38 52
-38 52
-38 52
-38 52
-38 52
-38 52
-38 52
-38 52
-38 52
-38 52
-38 52
-38 52
-38 52
-38 52
-38 52
-38 52
-38 52
-38 52
-38 52
-38 52
-38 52
-38 52
-38 52
-38 52
-38 52
-38 52
-38 52
-38 52
-38 52
-38 52
-39 54
-39 54
-39 54
-39 54
-39 54
-39 54
-39 54
-39 54
-39 54
-39 54
-39 54
-39 54
-39 54
-39 54
-39 54
-39 54
-39 54
-33 54
-33 54
-33 54
-33 54
-33 54
-33 54
-33 54
-33 54
-33 54
-33 54
-33 54
-33 54
-33 54
-33 54
-33 54
-33 54
-33 54
-33 54
-33 54
-33 54
-33 54
-33 54
-33 54
-33 54
-33 54
-33 54
-33 54
-33 54
-29 49
-29 49
-29 49
-29 49
-29 49
-29 49
-29 49
-29 49
-29 49
-29 49
-29 49
-29 49
-29 49
-29 49
-29 49
-29 49
-29 49
-19 48
-19 48
-19 48
-19 48
-19 48
-19 48
-19 48
-19 48
-19 48
-19 48
-19 48
-19 48
-19 48
-19 48
-19 48
-19 48
-19 48
-19 48
-19 48
-19 48
-19 48
-19 48
-19 48
-19 48
-19 48
-19 48
-19 48
-19 48
-19 48
-19 48
-19 48
-19 48
-19 48
-19 48
-19 48
-26 46
-26 46
-26 46
-26 46
-26 46
-26 46
-26 46
-26 46
-26 46
-26 46
-26 46
-26 46
-26 46
-23 51
-23 51
-23 51
-23 51
-23 51
-23 51
-23 51
-23 51
-23 51
-23 51
-23 51
-23 51
-23 51
-23 51
-23 51
-23 51
-23 51
-23 51
-23 51
-23 51
-19 52
-19 52
-19 52
-19 52
-19 52
-19 52
-19 52
-19 52
-19 52
-19 52
-19 52
-19 52
-19 52
-19 52
-19 52
-19 52
-19 52
-19 52
-19 52
-19 52
-19 52
-19 52
-19 52
-19 52
-19 52
-19 52
-19 52
-19 52
-19 52
-19 52
-19 52
-19 52
-19 52
-19 52
-19 52
-19 52
-19 52
-19 52
-19 52
-19 52
-19 52
-19 52
-19 52
-19 52
-19 52
-19 52
-19 52
-19 52
-13 42
-11 51
-11 51
-11 51
-11 51
-11 51
-11 51
-11 51
-11 51
-11 51
-11 51
-11 51
-11 51
-11 51
-11 51
-11 51
-11 51
-11 51
-11 51
-11 51
-11 51
-11 51
-11 51
-11 51
-11 51
-11 51
-11 51
-11 51
-11 51
-11 51
-11 51
-11 51
-11 51
-11 51
-9 44
-9 44
-9 44
-9 44
-9 44
-9 44
-9 44
-9 44
-9 44
-9 44
-9 44
-9 44
-9 44
-9 44
-9 44
-9 44
-7 43
-7 43
-7 43
-7 43
-7 43
-7 43
-7 43
-7 43
-7 43
-7 43
-7 43
-7 43
-7 43
-7 43
-7 43
-7 43
-7 43
-7 43
-7 43
-3 42
-3 42
-3 42
-3 42
-3 42
-3 42
-3 42
-3 42
-3 42
-3 42
-3 42
-3 42
-3 42
-3 42
-3 42
-3 42
-3 42
-3 42
-3 42
-3 42
-3 42
-3 42
-3 42
-3 42
-3 42
-3 42
-3 42
-3 42
-3 42
-3 42
-3 42
-3 42
-3 42
-3 42
-3 42
-3 42
-3 42
-3 42
-4 33
-4 33
-4 33
-4 33
-4 33
-4 33
-4 33
-4 33
-4 33
-4 33
-4 33
-4 33
-4 33
-4 33
-4 33
-4 33
-4 33
-4 33
0 32
0 32
0 32
0 32
0 32
0 32
0 32
0 32
0 32
0 32
0 32
0 32
0 32
0 32
0 32
0 32
0 32
0 32
1 26
1 26
1 26
1 26
1 26
1 26
1 26
1 26
1 26
1 26
1 26
1 26
1 26
1 26
1 26
1 26
1 26
1 26
1 26
1 26
1 26
1 26
1 26
1 26
1 26
1 26
1 26
1 26
1 26
1 26
1 26
1 26
1 26
1 26
3 25
3 25
3 25
3 25
3 25
3 25
3 25
3 25
3 25
3 25
3 25
3 25
3 25
3 25
3 25
3 25
4 18
4 18
4 18
4 18
4 18
4 18
4 18
4 18
4 18
4 18
4 18
4 18
4 18
4 18
4 18
4 18
4 18
4 18
4 18
4 18
4 18
4 18
4 18
4 18
4 18
4 18
4 18
4 18
4 18
4 18
4 18
4 18
4 18
4 11
4 11
4 11
4 11
4 11
4 11
4 11
4 11
4 11
4 11
4 11
4 11
4 11
4 11
4 11
4 11
1 7
1 7
1 7
1 7
1 7
1 7
1 7
1 7
1 7
1 7
1 7
1 7
1 7
1 7
1 7
1 1
1 1
1 1
1 1
1 1
1 1
1 1
1 1
1 1
1 1
1 1
1 1
1 1
1 1
1 1
1 1
1 1
1 1
1 1
1 1
1 1
1 1
1 1
1 1
1 1
1 1
1 1
1 1
1 1
1 1
1 1
1 1
1 1
1 1
1 1
1 1
1 1
1 1
1 1
1 1
1 1
1 1
1 1
1 1
1 1
1 1
1 1
1 0
1 0
1 0
1 0
1 0
1 0
1 0
1 0
1 0
1 0
1 0
1 0
1 0
1 0
1 0
1 0
1 0
1 0
1 0
1 0
1 0
1 0
1 0
1 0
1 0
1 0
1 0
1 0
1 0
1 0
1 0
1 0
1 0
0 1
0 1
0 1
0 1
0 1
0 1
0 1
0 1
0 1
0 1
0 1
0 1
0 1
0 1
0 1
0 1
0 1
0 1
0 1
0 1
0 1
0 1
0 1
0 1
0 1
0 1
0 1
0 1
0 1
0 1
0 1
0 1
0 1
0 1
0 1
0 1
0 1
0 1
0 1
0 1
0 1
0 1
0 1
0 1
0 1
0 1
2 0
2 0
2 0
2 0
2 0
2 0
2 0
2 0
2 0
2 0
2 0
2 0
2 0
2 0
2 0
2 0
2 0
2 0
2 0
2 0
2 0
2 0
2 0
2 0
2 0
2 0
2 0
2 0
2 0
2 0
2 0
2 0
2 0
2 0
2 0
2 0
2 0
2 0
2 0
2 0
2 0
2 0
2 0
2 0
2 0
2 0
2 0
2 0
2 0
2 0
2 0
2 0
1 0
1 0
1 0
1 0
1 0
1 0
1 0
1 0
1 0
1 0
1 0
1 0
1 0
1 0
1 0
1 0
1 0
1 0
1 0
1 0
1 0
1 0
1 0
1 0
1 0
1 0
1 0
1 0
1 0
1 0
1 0
1 0
1 0
1 0
1 0
1 0
1 0
1 0
1 0
1 0
1 0
1 0
1 0
1 0
1 0
1 0
1 0
1 0
1 0
1 0
1 0
1 0
1 0
1 0
1 0
1 0
1 0
1 0
1 0
1 0
1 0
1 0
1 0
1 0
1 0
1 0
1 0
1 0
1 0
1 0
1 0
1 0
1 0
1 0
1 0
1 0
1 0
1 0
1 0
1 0
1 0
1 0
1 0
1 0
1 0
1 0
1 0
1 0
1 0
1 0
1 0
1 0
1 0
1 0
1 0
1 0
1 0
1 0
1 0
1 0
1 0
1 0
1 0
1 0
1 0
1 0
1 0
1 0
1 0
1 0
1 0
1 0
1 0
1 0
1 0
1 0
1 0
1 0
1 0
1 0
1 0
1 0
1 0
1 0
1 0
1 0
1 0
1 0
1 0
1 0
1 0
1 0
1 0
1 0
1 0
1 0
1 0
1 0
1 0
1 0
1 0
1 0
1 0
1 0
1 0
1 0
1 0
1 0
1 0
1 0
1 0
1 0
1 0
1 0
-1 0
-1 0
-1 0
-1 0
-1 0
-1 0
-1 0
-1 0
-1 0
-1 0
-1 0
-1 0
-1 0
-1 0
-1 0
-1 0
-1 0
-1 0
-3 1
-3 1
-3 1
-3 1
-3 1
-3 1
-3 1
-3 1
-3 1
-3 1
-3 1
-3 1
-3 1
-3 1
-3 1
-3 1
-3 1
-3 1
-3 1
-3 1
-3 1
-3 1
-3 1
-3 1
-3 1
-3 1
-3 1
-3 1
-3 1
-3 1
-3 1
-3 1
-3 1
-3 1
-3 1
-3 1
-3 1
-3 1
-3 1
-3 1
-3 1
-3 1
-3 1
-3 1
-3 1
-3 1
-3 1
-3 1
-3 1
-3 1
-3 1
-3 1
-3 1
-3 1
-3 1
-3 1
-3 1
-3 1
-3 1
-3 1
-3 1
-3 1
-3 1
-3 1
-3 1
-3 1
-3 1
-3 1
-3 1
-3 1
-3 1
-3 1
-3 1
-3 1
-3 1
-3 1
-3 1
-3 1
-3 1
-3 1
-3 1
-3 1
-3 1
-3 1
-3 1
-3 1
-3 1
-3 1
-3 1
-3 1
-3 1
-3 1
-3 1
-3 1
-3 1
-3 1
-3 1
-3 1
-3 1
-3 1
-3 1
-3 1
-3 1
-3 1
-3 1
-3 1
-3 1
-3 1
-3 1
-3 1
-3 1
-3 1
-3 1
-3 1
-3 1
-3 1
-3 1
-3 1
-3 1
-3 1
-3 1
-3 1
-3 1
-3 1
-3 1
-3 1
-3 1
-3 1
-3 1
-3 1
-3 1
-3 1
-3 1
-3 1
-3 1
-3 1
-3 1
-3 1
-3 1
-3 1
-3 1
-3 1
-3 1
-3 1
-3 1
-3 1
-3 1
-3 1
-3 1
-3 1
-3 1
-3 1
-3 1
-3 1
-3 1
-3 1
-3 1
-3 1
-3 1
-3 1
-3 1
-3 1
-3 1
-3 1
-3 1
-3 1
-3 1
-3 1
-3 1
-3 1
-3 1
-3 1
-3 1
-3 1
-3 1
-3 1
-3 1
-3 1
-3 1
-3 1
-3 1
-3 1
-3 1
-3 1
-3 1
-3 1
-3 1
-3 1
-3 1
-3 1
-3 1
-3 1
-3 1
-3 1
-3 1
-3 1
-3 1
-3 1
-3 1
-3 1
-3 1
-3 1
-3 1
-3 1
-3 1
-3 1
-3 1
-3 1
-3 1
-3 1
-3 1
-3 1
-3 1
-3 1
-3 1
-3 1
-3 1
-3 1
-3 1
-3 1
-3 1
-3 1
-3 1
-3 1
-3 1
-3 1
-3 1
-3 1
-3 1
-3 1
-3 1
-3 1
-3 1
-3 1
-3 1
-3 1
-3 1
-3 1
-3 1
-3 1
-3 1
-3 1
-3 1
-3 1
-3 1
-3 1
-3 1
-3 1
-3 1
-3 1
-3 1
-3 1
-3 1
-3 1
-3 1
-3 1
-3 1
-3 1
-3 1
-3 1
-3 1
-3 1
-3 1
-3 1
-3 1
-3 1
-3 1
-3 1
-3 1
-3 1
-3 1
-3 1
-3 1
-3 1
-3 1
-3 1
-3 1
-3 1
-3 1
-3 1
-3 1
-3 1
-3 1
-3 1
-3 1
-3 1
-3 1
-3 1
-3 1
-3 1
-3 1
-3 1
-3 1
-3 1
-3 1
-3 1
-3 1
-3 1
-3 1
-3 1
-3 1
-3 1
-3 1
-3 1
-3 1
-3 1
-3 1
-3 1
-3 1
-3 1
-3 1
-3 1
-3 1
-3 1
-3 1
-3 1
-3 1
-3 1
-3 1
-3 1
-3 1
-3 1
-3 1
-3 1
-3 1
-3 1
-3 1
-3 1
-3 1
-3 1
-3 1
-3 1
-3 1
-3 1
-3 1
-3 1
-3 1
-3 1
-3 1
-3 1
-3 1
-3 1
-3 1
-3 1
-3 1
-3 1
-3 1
-3 1
-3 1
-3 1
-3 1
-3 1
-3 1
-3 1
-3 1
-3 1
-3 1
-3 1
-3 1
-3 1
-3 1
-3 1
-3 1
-3 1
-3 1
-3 1
-3 1
-3 1
-3 1
-3 1
-3 1
-3 1
-3 1
-3 1
-3 1
-3 1
-3 1
-3 1
-3 1
-3 1
-3 1
-3 1
-3 1
-3 1
-3 1
-3 1
-3 1
-3 1
-3 1
-3 1
-3 1
-3 1
-3 1
-3 1
-3 1
-3 1
-3 1
-3 1
-3 1
-3 1
-3 1
-3 1
-3 1
-3 1
-3 1
-3 1
-3 1
-3 1
-3 1
-3 1
-3 1
-3 1
-3 1
-3 1
-3 1
-3 1
-3 1
-3 1
-3 1
-3 1
-3 1
-3 1
-3 1
-3 1
-3 1
-3 1
-3 1
-3 1
-3 1
-3 1
-3 1
-3 1
-3 1
-3 1
-3 1
-3 1
-3 1
-3 1
-3 1
-3 1
-3 1
-3 1
-3 1
-3 1
-3 1
-3 1
-3 1
-3 1
-3 1
-3 1
-3 1
-3 1
-3 1
-3 1
-3 1
-3 1
-3 1
-3 1
-3 1
-3 1
-3 1
-3 1
-3 1
-3 1
-3 1
-3 1
-3 1
-3 1
-3 1
-3 1
-3 1
-3 1
-3 1
-3 1
-3 1
-3 1
-3 1
-3 1
-3 1
-3 1
-3 1
-3 1
-3 1
-3 1
-3 1
-3 1
-3 1
-3 1
-3 1
-3 1
-3 1
-3 1
-3 1
-3 1
-3 1
-3 1
-3 1
-3 1
-3 1
-3 1
-3 1
-3 1
-3 1
-3 1
-3 1
-3 1
-3 1
-3 1
-3 1
-3 1
-3 1
-3 1
-3 1
-3 1
-3 1
-3 1
-3 1
-3 1
-3 1
-3 1
-3 1
-3 1
-3 1
-3 1
-3 1
-3 1
-3 1
-3 1
-3 1
-3 1
-3 1
-3 1
-3 1
-3 1
-3 1
-3 1
-3 1
-3 1
-3 1
-3 1
-3 1
-3 1
-3 1
-3 1
-3 1
-3 1
-3 1
-3 1
-3 1
-3 1
-3 1
-3 1
-3 1
-3 1
-3 1
-3 1
-3 1
-3 1
-3 1
-3 1
-3 1
-3 1
-3 1
-3 1
-3 1
-3 1
-3 1
-3 1
-3 1
-3 1
-3 1
-3 1
-3 1
-3 1
-3 1
-3 1
-3 1
-3 1
-3 1
-3 1
-3 1
-3 1
-3 1
-3 1
-3 1
-3 1
-3 1
-3 1
-3 1
-3 1
-3 1
-3 1
-3 1
-3 1
-3 1
-3 1
-3 1
-3 1
-3 1
-3 1
-3 1
-3 1
-3 1
-3 1
-3 1
-3 1
-3 1
-3 1
-3 1
-3 1
-3 1
-3 1
-3 1
-3 1
-3 1
-3 1
-3 1
-3 1
-3 1
-3 1
-3 1
-3 1
-3 1
-3 1
-3 1
-3 1
-3 1
-3 1
-3 1
-3 1
-3 1
-3 1
-3 1
-3 1
-3 1
-3 1
-3 1
-3 1
-3 1
-3 1
-3 1
-3 1
-3 1
-3 1
-3 1
-3 1
-3 1
-3 1
-3 1
-3 1
-3 1
-3 1
-3 1
-3 1
-3 1
-3 1
-3 1
-3 1
-3 1
-3 1
-3 1
-3 1
-3 1
-3 1
-3 1
-3 1
-3 1
-3 1
-3 1
-3 1
-3 1
-3 1
-3 1
-3 1
-3 1
-3 1
-3 1
-3 1
-3 1
-3 1
-3 1
-3 1
-3 1
-3 1
-3 1
-3 1
-3 1
-3 1
-3 1
-3 1
-3 1
-3 1
-3 1
-3 1
-3 1
-3 1
-3 1
-3 1
-3 1
-3 1
-3 1
-3 1
-3 1
-3 1
-3 1
-3 1
-3 1
-3 1
-3 1
-3 1
-3 1
-3 1
-3 1
-3 1
-3 1
-3 1
-3 1
-3 1
-3 1
-3 1
-3 1
-3 1
-3 1
-3 1
-3 1
-3 1
-3 1
2 0
2 0
2 0
2 0
2 0
2 0
2 0
2 0
2 0
2 0
2 0
2 0
2 0
2 0
2 0
2 0
2 0
2 0
2 0
2 0
2 0
2 0
2 0
2 0
2 0
2 0
2 0
2 0
2 0
2 0
2 0
2 0
2 0
2 0
2 0
2 0
2 0
2 0
2 0
2 0
2 0
2 0
2 0
2 0
2 0
2 0
2 0
2 0
2 0
2 0
2 0
2 0
2 0
2 0
2 0
1 1
1 1
1 1
1 1
1 1
1 1
1 1
1 1
1 1
1 1
1 1
1 1
1 1
1 1
1 1
1 1
1 1
0 1
0 1
0 1
0 1
0 1
0 1
0 1
0 1
0 1
0 1
0 1
0 1
0 1
0 1
0 1
0 1
0 1
0 1
0 1
0 1
0 1
0 1
0 1
0 1
0 1
0 1
0 1
0 1
0 1
0 1
0 1
0 1
0 1
0 1
0 1
0 1
0 1
0 1
0 1
0 1
0 1
0 1
0 1
0 1
0 1
0 1
0 1
0 1
0 1
0 1
0 1
0 1
1 1
1 1
1 1
1 1
1 1
1 1
1 1
1 1
1 1
1 1
1 1
1 1
1 1
1 1
1 1
1 1
1 1
1 1
1 1
1 1
1 1
1 1
1 1
1 1
1 1
1 1
1 1
1 1
1 1
1 1
1 1
1 1
1 1
1 1
1 1
1 1
1 1
0 1
0 1
0 1
0 1
0 1
0 1
0 1
0 1
0 1
0 1
0 1
0 1
0 1
0 1
0 1
0 1
0 1
0 1
0 1
0 1
0 1
0 1
0 1
0 1
0 1
0 1
0 1
0 1
0 1
0 1
0 1
0 1
0 1
0 1
0 1
0 1
0 1
0 1
1 0
1 0
1 0
1 0
1 0
