-3 20
-1 21
-1 21
-1 21
-1 21
-1 21
-1 21
-1 21
-1 21
-1 21
-1 21
-1 21
-1 21
-1 21
-1 21
-1 21
-1 21
-1 21
-1 21
-1 21
-1 21
-1 21
-1 21
-1 21
-1 21
-1 21
-1 21
-1 21
-1 21
-1 21
-1 21
-1 21
-1 21
-1 21
-1 21
-1 21
-1 21
7 28
7 28
7 28
7 28
7 28
7 28
7 28
7 28
7 28
7 28
7 28
7 28
7 28
7 28
7 28
7 28
7 28
7 28
7 28
7 28
7 28
7 28
7 28
7 28
7 28
7 28
7 28
7 28
7 28
7 28
7 28
7 28
7 28
7 28
7 28
7 28
7 28
7 28
7 28
7 28
7 28
7 28
7 28
7 28
7 28
7 28
7 28
7 28
8 32
8 32
8 32
8 32
8 32
8 32
8 32
8 32
8 32
8 32
8 32
8 32
8 32
8 32
8 32
8 32
8 32
8 32
8 32
8 32
8 32
8 32
8 32
8 32
8 32
8 32
8 32
8 32
8 32
8 32
8 32
8 32
8 32
8 32
8 32
8 32
8 32
8 32
8 32
10 39
13 43
13 43
13 43
13 43
13 43
13 43
13 43
13 43
13 43
13 43
13 43
13 43
13 43
13 43
13 43
13 43
13 43
13 43
13 43
13 43
13 43
13 43
13 43
13 43
13 43
13 43
13 43
13 43
13 43
13 43
13 43
13 43
13 43
13 43
13 43
13 43
13 43
13 43
13 43
13 43
13 43
13 43
13 43
13 43
13 43
13 43
15 45
15 45
15 45
15 45
15 45
15 45
15 45
15 45
15 45
15 45
15 45
15 45
15 45
15 45
15 45
15 45
15 45
15 45
15 45
15 45
15 45
15 45
15 45
15 45
15 45
15 45
15 45
15 45
15 45
15 45
15 45
15 45
15 45
15 45
15 45
15 45
15 45
15 45
15 45
15 45
15 45
15 45
15 45
15 45
15 45
15 45
15 45
15 45
21 46
21 46
21 46
21 46
21 46
21 46
21 46
21 46
21 46
21 46
21 46
21 46
21 46
21 46
21 46
21 46
21 46
21 46
21 46
21 46
21 46
21 46
21 46
21 46
21 46
21 46
21 46
21 46
21 46
21 46
21 46
21 46
21 46
21 46
21 46
21 46
21 46
21 46
21 46
21 46
21 46
21 46
21 46
21 46
21 46
21 46
21 46
21 46
21 46
21 46
21 46
21 46
21 46
21 46
21 46
21 46
21 46
21 46
21 46
21 46
21 46
21 46
21 46
21 46
21 46
21 46
21 46
21 46
21 46
21 46
21 46
21 46
14 50
13 47
13 47
13 47
13 47
13 47
13 47
13 47
13 47
13 47
13 47
13 47
13 47
13 47
13 47
13 47
13 47
13 47
13 47
13 47
13 47
13 47
13 47
13 47
13 47
13 47
13 47
13 47
13 47
13 47
13 47
13 47
13 47
13 47
13 47
13 47
13 47
13 47
13 47
13 47
13 47
13 47
13 47
13 47
13 47
13 47
13 45
13 45
13 45
13 45
13 45
13 45
13 45
13 45
13 45
13 45
13 45
13 45
13 45
13 45
13 45
13 45
13 45
13 45
13 45
13 45
13 45
13 45
13 45
13 45
13 45
13 45
13 45
13 45
13 45
13 45
13 45
13 45
13 45
13 45
13 45
13 45
13 45
13 45
13 45
13 45
13 45
13 45
13 45
13 45
13 45
13 45
13 45
13 45
13 45
13 45
13 45
13 45
13 45
13 45
13 45
13 45
13 45
13 45
13 45
13 45
13 45
13 45
13 45
13 45
13 45
13 45
13 45
13 45
13 45
13 45
13 45
13 45
13 45
13 45
13 45
13 45
13 45
13 45
13 45
13 45
13 45
13 45
13 45
13 45
13 45
13 45
13 45
13 45
13 45
15 48
12 41
12 41
12 41
12 41
12 41
12 41
12 41
12 41
12 41
12 41
12 41
12 41
12 41
12 41
12 41
12 41
12 41
12 41
12 41
12 41
12 42
12 42
12 42
12 42
12 42
12 42
12 42
12 42
12 42
12 42
12 42
12 42
12 42
12 42
12 42
12 42
12 42
12 42
12 42
12 42
12 42
12 42
12 42
12 42
12 42
12 42
12 42
12 42
12 42
12 42
12 42
12 42
12 42
12 42
12 42
12 42
12 42
12 42
12 42
12 42
12 42
12 42
12 42
14 48
14 48
14 48
14 48
14 48
14 48
14 48
14 48
14 48
14 48
14 48
14 48
14 48
14 48
14 48
14 48
14 48
14 48
14 48
14 48
12 40
12 40
12 40
12 40
12 40
12 40
12 40
12 40
12 40
12 40
12 40
12 40
12 40
12 40
12 40
12 40
12 40
12 40
12 40
12 40
12 40
12 40
12 40
12 40
12 40
12 40
12 40
12 40
12 40
12 40
12 40
12 40
12 40
12 40
12 40
12 40
12 40
12 40
12 40
12 40
12 40
12 40
14 46
14 46
14 46
14 46
14 46
14 46
14 46
14 46
14 46
14 46
14 46
14 46
14 46
14 46
14 46
14 46
14 46
14 46
14 46
14 46
14 46
14 46
14 46
14 46
14 46
14 46
14 46
14 46
14 46
14 46
14 46
14 46
14 46
14 46
14 46
14 46
14 46
14 46
14 46
14 46
14 46
14 46
14 46
12 41
12 41
13 40
13 40
13 40
13 40
13 40
13 40
13 40
13 40
13 40
13 40
13 40
13 40
13 40
13 40
13 40
13 40
13 40
13 40
13 40
13 40
12 44
12 44
12 44
12 44
12 44
12 44
12 44
12 44
12 44
12 44
12 44
12 44
12 44
12 44
12 44
12 44
12 44
12 44
12 44
12 44
12 44
12 44
12 44
12 44
12 44
12 44
12 44
12 44
12 44
12 44
12 44
12 44
12 44
12 44
12 44
12 44
12 44
12 44
12 44
12 44
12 44
12 44
12 44
12 44
8 41
8 41
8 41
8 41
8 41
8 41
8 41
8 41
8 41
8 41
8 41
8 41
8 41
8 41
8 41
8 41
8 41
8 41
8 41
8 41
8 41
8 41
8 41
8 41
8 41
8 41
8 41
8 41
8 41
8 41
8 41
8 41
8 41
8 41
8 41
8 41
11 44
11 44
11 44
11 44
11 44
11 44
11 44
11 44
11 44
11 44
11 44
11 44
11 44
11 44
11 44
11 44
11 44
11 44
11 44
11 44
11 44
11 44
11 44
11 44
11 44
11 44
11 44
11 44
11 44
11 44
11 44
11 44
11 44
11 44
11 44
11 44
11 44
11 44
11 44
11 44
11 44
11 44
11 44
11 44
11 44
11 44
11 44
11 44
11 44
8 42
8 42
8 42
8 42
8 42
8 42
8 42
8 42
8 42
8 42
8 42
8 42
8 42
8 42
8 42
8 42
8 42
8 42
8 42
8 42
8 42
8 42
8 42
8 42
8 42
8 42
8 42
8 42
8 42
8 42
8 42
8 42
8 42
8 42
8 42
8 42
8 42
8 42
8 42
8 42
8 42
8 42
8 42
8 42
8 42
8 42
8 42
8 42
8 42
12 37
12 37
12 37
12 37
12 37
12 37
12 37
12 37
12 37
12 37
12 37
12 37
12 37
12 37
9 41
9 41
9 41
9 41
9 41
9 41
9 41
9 41
9 41
9 41
9 41
9 41
9 41
9 41
9 41
9 41
9 41
9 41
9 41
9 41
9 41
13 46
13 46
13 46
13 46
13 46
13 46
13 46
13 46
13 46
13 46
13 46
13 46
13 46
13 46
13 46
13 46
13 46
13 46
13 46
13 46
13 46
13 46
13 46
13 46
13 46
13 46
13 46
13 46
13 46
13 46
13 46
13 46
13 46
13 46
13 46
13 46
13 46
13 46
13 46
13 46
13 46
13 46
13 46
13 46
13 46
13 46
13 42
13 42
13 42
13 42
13 42
13 42
13 42
13 42
13 42
13 42
13 42
13 42
13 42
13 42
13 42
13 42
13 42
13 42
13 42
13 42
13 42
13 42
13 42
13 42
13 42
13 42
13 42
13 42
13 42
13 42
13 42
13 42
13 42
13 42
13 42
13 42
13 42
13 42
13 42
13 42
13 42
13 42
13 38
15 45
15 45
15 45
15 45
15 45
15 45
15 45
15 45
15 45
15 45
15 45
15 45
15 45
15 45
15 45
15 45
15 45
15 45
15 45
15 45
15 45
15 45
15 45
15 45
15 45
15 45
15 45
15 45
15 45
15 45
15 45
15 45
15 45
15 45
15 45
15 45
15 45
15 45
15 45
15 45
15 45
15 45
15 45
15 45
15 45
15 45
15 45
15 45
15 45
15 39
15 39
15 39
15 39
15 39
15 39
15 39
15 39
15 39
15 39
15 39
15 39
15 39
15 39
15 39
15 39
15 39
15 39
15 39
15 39
15 39
15 39
15 39
15 39
15 39
15 39
18 43
18 43
18 43
18 43
18 43
18 43
18 43
18 43
18 43
18 43
18 43
18 43
18 43
18 43
18 43
18 43
18 43
18 43
18 43
18 43
18 43
18 43
18 43
18 43
18 43
18 43
18 43
19 41
19 41
19 41
19 41
19 41
19 41
19 41
19 41
19 41
19 41
19 41
19 41
19 41
19 41
19 41
19 41
19 41
19 41
19 41
19 41
19 41
19 41
19 41
19 41
19 41
19 41
19 41
19 41
19 41
19 41
19 41
19 41
19 41
19 41
19 41
19 41
19 41
19 41
19 41
19 41
19 41
19 41
19 41
19 41
19 41
19 41
19 41
19 41
19 41
19 41
19 41
19 41
19 41
19 41
19 41
19 41
19 41
19 41
19 41
19 41
19 41
19 41
19 41
19 41
23 47
23 47
23 47
23 47
23 47
23 47
23 47
23 47
23 47
23 47
23 47
23 47
23 47
23 47
23 47
23 47
23 47
23 47
23 47
23 47
23 47
23 47
23 47
23 47
23 47
23 47
23 47
23 47
23 47
23 47
23 47
23 47
23 47
23 47
23 47
23 47
23 47
23 47
23 47
23 47
23 47
23 47
23 47
23 47
23 47
23 47
23 47
23 47
23 47
23 47
23 47
23 47
23 47
23 47
23 47
23 47
23 47
23 47
23 47
23 47
23 47
23 47
23 47
23 47
24 33
29 37
29 37
29 37
29 37
29 37
29 37
29 37
29 37
29 37
29 37
29 37
29 37
29 37
29 37
29 37
29 37
29 37
29 37
29 37
29 37
29 37
22 37
22 37
22 37
22 37
22 37
22 37
22 37
22 37
22 37
22 37
22 37
22 37
22 37
22 37
22 37
22 37
22 37
22 37
22 37
22 37
22 37
22 37
22 37
22 37
22 37
22 37
22 37
22 37
22 37
22 37
22 37
22 37
22 37
22 37
22 37
22 37
22 37
22 37
22 37
22 37
22 37
22 37
27 44
27 44
27 44
27 44
27 44
27 44
27 44
27 44
27 44
27 44
27 44
27 44
27 44
27 44
27 44
27 44
27 44
27 44
27 44
27 44
27 44
27 44
27 44
27 44
27 44
27 44
27 44
27 44
27 44
27 44
27 44
27 44
27 44
27 44
27 44
27 44
27 44
27 44
27 44
27 44
27 44
27 44
27 44
27 44
31 47
31 47
31 47
31 47
31 47
31 47
31 47
31 47
31 47
31 47
31 47
31 47
31 47
31 47
31 47
31 47
31 47
31 47
31 47
31 47
31 47
31 47
31 47
31 47
31 47
31 47
31 47
31 47
31 47
31 47
31 47
31 47
31 47
31 47
31 47
31 47
31 47
31 47
31 47
31 47
31 47
31 47
31 47
31 47
31 47
31 47
33 44
36 43
36 43
36 43
36 43
36 43
36 43
36 43
36 43
36 43
36 43
36 43
36 43
36 43
36 43
36 43
36 43
36 43
36 43
36 43
36 43
35 41
35 41
35 41
35 41
35 41
35 41
35 41
35 41
35 41
35 41
35 41
35 41
35 41
35 41
35 41
35 41
35 41
35 41
35 41
35 41
35 41
35 41
35 41
35 41
35 41
35 41
35 41
35 41
35 41
35 41
35 41
35 41
35 41
35 41
35 41
35 41
35 41
35 41
35 41
35 41
35 41
35 41
35 41
35 41
35 41
40 46
40 46
40 46
40 46
40 46
40 46
40 46
40 46
40 46
40 46
40 46
40 46
40 46
40 46
40 46
40 46
40 46
40 46
40 46
40 46
40 46
36 42
36 42
36 42
36 42
36 42
36 42
36 42
36 42
36 42
36 42
36 42
36 42
36 42
36 42
36 42
36 42
36 42
36 42
36 42
36 42
36 42
36 42
36 42
36 42
36 42
36 42
36 42
36 42
36 42
36 42
36 42
36 42
36 42
36 42
36 42
36 42
36 42
36 42
36 42
36 42
36 42
36 42
36 42
36 42
36 42
36 42
36 42
36 42
50 38
50 38
50 38
50 38
50 38
50 38
50 38
50 38
50 38
50 38
50 38
50 38
50 38
50 38
50 38
50 38
50 38
50 38
50 38
50 38
50 38
50 38
50 38
50 38
50 38
50 38
50 38
50 38
50 38
50 38
50 38
50 38
50 38
50 38
50 38
50 38
50 38
50 38
50 38
50 34
51 30
51 30
51 30
51 30
51 30
51 30
51 30
51 30
51 30
51 30
51 30
51 30
51 30
51 30
51 30
51 30
51 30
51 30
51 30
51 30
51 30
51 30
51 30
51 30
51 30
51 30
51 30
51 30
51 30
51 30
51 30
51 30
51 30
51 30
51 30
51 30
53 21
53 21
53 21
53 21
53 21
53 21
53 21
53 21
53 21
53 21
53 21
53 21
53 21
53 21
53 21
53 21
53 21
53 21
53 21
60 27
60 27
60 27
60 27
60 27
60 27
60 27
60 27
60 27
60 27
60 27
60 27
60 27
60 27
60 27
60 27
60 27
60 27
60 27
60 27
60 27
60 27
60 27
60 27
60 27
60 27
60 27
60 27
60 27
60 27
60 27
60 27
60 27
60 27
60 27
60 27
60 27
60 27
60 27
60 27
60 27
60 27
60 27
60 27
60 27
60 27
60 27
60 27
60 27
60 27
60 27
55 23
55 23
55 23
55 23
55 23
55 23
55 23
55 23
55 23
55 23
55 23
55 23
55 23
55 23
55 23
55 23
55 23
55 23
55 23
55 23
55 23
55 23
55 23
55 23
55 23
55 23
55 23
55 23
55 23
55 23
55 23
55 23
55 23
55 23
55 23
55 23
55 23
55 23
55 23
55 23
55 23
55 23
55 23
55 23
55 23
55 23
55 23
55 23
60 16
60 16
60 16
60 16
60 16
60 16
60 16
60 16
60 16
60 16
60 16
60 16
60 16
60 16
60 16
60 16
60 16
60 16
60 16
60 16
60 16
60 16
60 16
60 16
60 16
60 16
60 16
60 16
60 16
60 16
60 16
60 16
60 16
60 16
60 16
60 16
60 16
60 16
60 16
60 16
60 16
60 16
60 16
60 16
60 16
60 16
60 16
60 16
60 16
64 11
64 11
64 11
64 11
64 11
64 11
64 11
64 11
64 11
64 11
64 11
64 11
64 11
64 11
64 11
64 11
64 11
68 3
68 3
68 3
68 3
68 3
68 3
68 3
68 3
68 3
68 3
68 3
68 3
68 3
68 3
68 3
68 3
68 3
68 3
68 3
68 3
68 3
68 3
68 3
68 3
68 3
68 3
68 3
68 3
68 3
68 3
68 3
68 3
68 3
68 3
68 3
68 3
68 3
68 3
68 3
68 3
68 3
68 3
68 3
68 3
68 3
68 3
68 3
68 3
68 3
68 3
68 3
68 3
68 3
68 3
68 3
68 3
68 3
68 3
68 3
68 3
68 3
68 3
68 3
68 3
68 3
68 3
68 3
68 3
68 3
68 3
68 3
68 3
68 3
68 3
68 3
68 3
68 3
68 3
68 3
68 3
68 3
68 3
68 3
68 3
68 3
68 3
68 3
68 3
68 3
68 3
68 3
68 3
68 3
68 3
68 3
68 3
68 3
68 3
68 3
68 3
68 3
68 3
68 3
68 3
68 3
68 3
68 3
68 3
68 3
68 3
68 3
68 3
74 -6
67 -2
67 -2
67 -2
67 -2
67 -2
67 -2
67 -2
67 -2
67 -2
67 -2
67 -2
67 -2
67 -2
67 -2
67 -2
67 -2
67 -2
67 -2
67 -2
67 -2
67 -2
67 -2
67 -2
67 -2
67 -2
67 -2
67 -2
67 -2
67 -2
67 -2
67 -2
67 -2
67 -2
67 -2
67 -2
67 -2
67 -2
67 -2
67 -2
67 -2
67 -2
67 -2
67 -2
67 -2
67 -2
67 -2
78 -15
78 -15
78 -15
78 -15
78 -15
78 -15
78 -15
78 -15
78 -15
78 -15
78 -15
78 -15
78 -15
78 -15
78 -15
78 -15
78 -15
78 -15
78 -15
78 -15
78 -15
78 -15
78 -15
78 -15
78 -15
78 -15
78 -15
78 -15
78 -15
78 -15
78 -15
78 -15
78 -15
78 -15
78 -15
78 -15
78 -15
78 -15
78 -15
78 -15
78 -15
78 -15
78 -15
78 -15
78 -15
78 -15
78 -15
75 -21
75 -21
75 -21
75 -21
75 -21
75 -21
75 -21
75 -21
75 -21
75 -21
75 -21
75 -21
75 -21
75 -21
75 -21
75 -21
75 -21
75 -21
75 -21
75 -21
75 -21
75 -21
75 -21
75 -21
75 -21
75 -21
75 -21
75 -21
75 -21
75 -21
75 -21
75 -21
75 -21
75 -21
75 -21
75 -21
75 -21
75 -21
75 -21
75 -21
75 -21
75 -21
75 -21
75 -21
75 -21
75 -21
75 -21
75 -21
75 -21
75 -21
75 -21
75 -21
75 -21
75 -21
75 -21
75 -21
75 -21
75 -21
75 -21
75 -21
75 -21
75 -21
75 -21
75 -21
75 -21
75 -21
75 -21
75 -21
75 -21
75 -21
75 -21
75 -21
71 -30
76 -32
76 -32
76 -32
76 -32
76 -32
76 -32
76 -32
76 -32
76 -32
76 -32
76 -32
76 -32
76 -32
76 -32
76 -32
76 -32
76 -32
76 -32
76 -32
76 -32
76 -32
76 -32
76 -32
76 -32
76 -32
76 -32
76 -32
76 -32
76 -32
76 -32
76 -32
76 -32
76 -32
76 -32
74 -43
83 -42
83 -42
83 -42
83 -42
83 -42
83 -42
83 -42
83 -42
83 -42
83 -42
83 -42
83 -42
83 -42
83 -42
88 -51
88 -51
88 -51
88 -51
88 -51
88 -51
88 -51
88 -51
88 -51
88 -51
88 -51
88 -51
88 -51
88 -51
88 -51
88 -51
88 -51
88 -51
88 -51
88 -51
88 -51
88 -51
88 -51
88 -51
88 -51
88 -51
88 -51
88 -51
88 -51
88 -51
88 -51
88 -51
88 -51
88 -51
88 -51
88 -51
88 -51
74 -51
74 -51
74 -51
74 -51
74 -51
74 -51
74 -51
74 -51
74 -51
74 -51
74 -51
74 -51
74 -51
74 -51
74 -51
74 -51
74 -51
65 -60
65 -60
65 -60
65 -60
65 -60
65 -60
65 -60
65 -60
65 -60
65 -60
65 -60
65 -60
65 -60
65 -60
65 -60
65 -60
65 -60
65 -60
65 -60
65 -60
65 -60
65 -60
65 -60
65 -60
65 -60
65 -60
65 -60
65 -60
65 -60
65 -60
65 -60
65 -60
65 -60
65 -60
65 -60
62 -73
62 -73
62 -73
62 -73
62 -73
62 -73
62 -73
62 -73
62 -73
62 -73
62 -73
62 -73
62 -73
62 -73
62 -73
62 -73
62 -73
62 -73
62 -73
62 -73
62 -73
62 -73
62 -73
62 -73
62 -73
62 -73
62 -73
62 -73
62 -73
62 -73
62 -73
62 -73
62 -73
62 -73
62 -73
62 -73
62 -73
62 -73
62 -73
57 -73
57 -73
57 -73
57 -73
57 -73
57 -73
57 -73
57 -73
57 -73
57 -73
57 -73
57 -73
57 -73
57 -73
57 -73
57 -73
57 -73
57 -73
57 -73
57 -73
57 -73
57 -73
57 -73
57 -73
57 -73
57 -73
57 -73
57 -73
57 -73
57 -73
57 -73
57 -73
57 -73
57 -73
43 -77
43 -77
43 -77
43 -77
43 -77
43 -77
43 -77
43 -77
43 -77
43 -77
43 -77
43 -77
43 -77
43 -77
43 -77
43 -77
43 -77
43 -77
43 -77
43 -77
43 -77
43 -77
43 -77
43 -77
43 -77
43 -77
43 -77
43 -77
43 -77
43 -77
43 -77
43 -77
43 -77
43 -77
43 -77
43 -77
43 -77
43 -77
43 -77
43 -77
43 -77
43 -77
43 -77
43 -77
43 -77
43 -77
43 -77
43 -77
43 -77
31 -89
31 -89
31 -89
31 -89
31 -89
31 -89
31 -89
31 -89
31 -89
31 -89
31 -89
31 -89
31 -89
31 -89
31 -89
31 -89
31 -89
31 -89
31 -89
31 -89
31 -89
31 -89
31 -89
31 -89
31 -89
31 -89
31 -89
31 -89
31 -89
31 -89
31 -89
31 -89
31 -89
25 -80
24 -81
24 -81
24 -81
24 -81
24 -81
24 -81
24 -81
24 -81
24 -81
24 -81
24 -81
24 -81
24 -81
24 -81
24 -81
24 -81
24 -81
24 -81
24 -81
24 -81
24 -81
24 -81
24 -81
24 -81
24 -81
24 -81
24 -81
24 -81
24 -81
24 -81
24 -81
24 -81
24 -81
22 -83
22 -83
22 -83
22 -83
22 -83
22 -83
22 -83
22 -83
22 -83
22 -83
22 -83
22 -83
22 -83
22 -83
22 -83
22 -83
22 -83
22 -83
22 -83
22 -83
20 -85
20 -85
20 -85
20 -85
20 -85
20 -85
20 -85
20 -85
20 -85
20 -85
20 -85
20 -85
20 -85
20 -85
20 -85
20 -85
20 -85
20 -85
20 -85
20 -85
20 -85
20 -85
20 -85
20 -85
20 -85
20 -85
20 -85
20 -85
20 -85
20 -85
20 -85
20 -85
20 -85
20 -85
20 -85
20 -85
20 -85
20 -85
20 -85
20 -85
20 -85
20 -85
20 -85
20 -85
20 -85
20 -85
20 -85
20 -85
20 -85
20 -85
20 -85
10 -78
10 -78
10 -78
10 -78
10 -78
10 -78
10 -78
10 -78
10 -78
10 -78
10 -78
10 -78
10 -78
10 -78
10 -78
10 -78
10 -78
10 -78
10 -78
10 -78
10 -78
10 -78
10 -78
10 -78
10 -78
10 -78
10 -78
10 -78
10 -78
10 -78
8 -85
8 -85
8 -85
8 -85
8 -85
8 -85
8 -85
8 -85
8 -85
8 -85
8 -85
8 -85
8 -85
8 -85
8 -85
8 -85
8 -85
8 -85
8 -85
8 -85
8 -85
8 -85
8 -85
8 -85
8 -85
8 -85
8 -85
8 -85
8 -85
8 -85
8 -85
8 -85
8 -85
8 -85
8 -85
8 -85
3 -90
3 -90
3 -90
3 -90
3 -90
3 -90
3 -90
3 -90
3 -90
3 -90
3 -90
3 -90
3 -90
3 -90
3 -90
3 -90
3 -90
3 -90
0 -85
0 -85
0 -85
0 -85
0 -85
0 -85
0 -85
0 -85
0 -85
0 -85
0 -85
0 -85
0 -85
0 -85
0 -85
0 -85
0 -85
0 -85
0 -85
0 -85
0 -85
0 -85
0 -85
0 -85
0 -85
0 -85
0 -85
0 -85
0 -85
0 -85
0 -85
0 -85
0 -85
0 -85
0 -85
0 -85
0 -85
0 -85
0 -85
0 -85
0 -85
0 -85
0 -85
0 -85
0 -85
0 -85
0 -85
0 -85
0 -85
0 -85
0 -85
0 -85
0 -85
4 -80
6 -87
6 -87
6 -87
6 -87
6 -87
6 -87
6 -87
6 -87
6 -87
6 -87
6 -87
6 -87
6 -87
6 -87
6 -87
6 -87
6 -87
6 -87
6 -87
6 -87
6 -87
6 -87
6 -87
6 -87
6 -87
6 -87
6 -87
6 -87
6 -87
6 -87
6 -87
2 -76
2 -76
2 -76
2 -76
2 -76
2 -76
2 -76
2 -76
2 -76
2 -76
2 -76
2 -76
2 -76
2 -76
2 -76
-2 -79
-2 -79
-2 -79
-2 -79
-2 -79
-2 -79
-2 -79
-2 -79
-2 -79
-2 -79
-2 -79
-2 -79
-2 -79
-2 -79
-2 -79
-2 -79
-1 -74
-1 -74
-1 -74
-1 -74
-1 -74
-1 -74
-1 -74
-1 -74
-1 -74
-1 -74
-1 -74
-1 -74
-1 -74
-1 -74
-1 -74
-1 -74
-1 -74
-1 -74
-1 -74
-1 -74
-1 -74
-1 -74
-1 -74
-1 -74
-1 -74
-1 -74
-1 -74
-1 -74
-1 -74
-1 -74
-1 -74
-1 -74
-1 -74
-1 -74
-1 -74
1 -72
1 -72
1 -72
1 -72
1 -72
1 -72
1 -72
1 -72
1 -72
1 -72
1 -72
1 -72
1 -72
1 -72
1 -72
1 -72
1 -72
1 -78
1 -78
1 -78
1 -78
1 -78
1 -78
1 -78
1 -78
1 -78
1 -78
1 -78
1 -78
1 -78
1 -78
1 -78
1 -78
1 -78
1 -78
1 -78
1 -78
1 -78
1 -78
1 -78
1 -78
1 -78
1 -78
1 -78
1 -78
1 -78
1 -78
1 -78
1 -78
1 -78
1 -78
1 -78
1 -78
-1 -76
-1 -76
-1 -76
-1 -76
-1 -76
-1 -76
-1 -76
-1 -76
-1 -76
-1 -76
-1 -76
-1 -76
-1 -76
-1 -76
-1 -76
-1 -76
-1 -76
-1 -76
-1 -76
-1 -76
-1 -76
-1 -76
-1 -76
-1 -76
-1 -76
-1 -76
-1 -76
-1 -76
-1 -76
-1 -76
-1 -76
-1 -76
-1 -76
-1 -76
-1 -78
-1 -78
-1 -78
-1 -78
-1 -78
-1 -78
-1 -78
-1 -78
-1 -78
-1 -78
-1 -78
-1 -78
-1 -78
-1 -78
-1 -78
-1 -78
-1 -78
-1 -78
-1 -78
-1 -78
-1 -78
-1 -78
-1 -78
-1 -78
-1 -78
-1 -78
-1 -78
-1 -78
-1 -78
-1 -78
-1 -78
-1 -78
-1 -78
-1 -78
-4 -76
-4 -76
-4 -76
-4 -76
-4 -76
-4 -76
-4 -76
-4 -76
-4 -76
-4 -76
-4 -76
-4 -76
-4 -76
-4 -76
-4 -76
-4 -76
-4 -76
-4 -76
-4 -76
-3 -79
-3 -79
-3 -79
-3 -79
-3 -79
-3 -79
-3 -79
-3 -79
-3 -79
-3 -79
-3 -79
-3 -79
-3 -79
-3 -79
-3 -79
-3 -79
-5 -73
-5 -73
-5 -73
-5 -73
-5 -73
-5 -73
-5 -73
-5 -73
-5 -73
-5 -73
-5 -73
-5 -73
-5 -73
-5 -73
-5 -73
-5 -73
-5 -73
-5 -73
-5 -73
-5 -73
-5 -73
-5 -73
-5 -73
-5 -73
-5 -73
-5 -73
-5 -73
-5 -73
-5 -73
-5 -73
-5 -73
-5 -73
-5 -73
-5 -73
-5 -73
-5 -73
-13 -79
-13 -79
-13 -79
-13 -79
-13 -79
-13 -79
-13 -79
-13 -79
-13 -79
-13 -79
-13 -79
-13 -79
-13 -79
-13 -79
-13 -79
-13 -79
-13 -79
-13 -79
-13 -79
-13 -79
-13 -79
-13 -79
-13 -79
-13 -79
-13 -79
-13 -79
-13 -79
-13 -79
-13 -79
-13 -79
-13 -79
-13 -80
-13 -80
-13 -80
-13 -80
-13 -80
-13 -80
-13 -80
-13 -80
-13 -80
-13 -80
-13 -80
-13 -80
-13 -80
-13 -80
-13 -80
-13 -85
-13 -85
-13 -85
-13 -85
-13 -85
-13 -85
-13 -85
-13 -85
-13 -85
-13 -85
-13 -85
-13 -85
-13 -85
-13 -85
-13 -85
-13 -85
-13 -85
-13 -85
-13 -85
-13 -85
-13 -85
-13 -85
-13 -85
-13 -85
-13 -85
-13 -85
-13 -85
-13 -85
-13 -85
-13 -85
-11 -88
-11 -88
-11 -88
-11 -88
-11 -88
-11 -88
-11 -88
-11 -88
-11 -88
-11 -88
-11 -88
-11 -88
-11 -88
-11 -88
-11 -88
-11 -88
-11 -88
-11 -88
-11 -88
-11 -88
-11 -88
-11 -88
-11 -88
-11 -88
-11 -88
-11 -88
-11 -88
-11 -88
-11 -88
-11 -88
-11 -88
-11 -88
-11 -88
-11 -88
-10 -89
-16 -92
-16 -92
-16 -92
-16 -92
-16 -92
-16 -92
-16 -92
-16 -92
-16 -92
-16 -92
-16 -92
-16 -92
-16 -92
-16 -92
-16 -92
-16 -92
-16 -92
-16 -92
-16 -92
-16 -92
-16 -92
-16 -92
-16 -92
-16 -92
-16 -92
-16 -92
-16 -92
-16 -92
-16 -92
-16 -92
-16 -92
-16 -92
-16 -92
-16 -92
-21 -90
-21 -90
-21 -90
-21 -90
-21 -90
-21 -90
-21 -90
-21 -90
-21 -90
-21 -90
-21 -90
-21 -90
-21 -90
-21 -90
-21 -90
-21 -90
-21 -90
-23 -88
-23 -88
-23 -88
-23 -88
-23 -88
-23 -88
-23 -88
-23 -88
-23 -88
-23 -88
-23 -88
-23 -88
-23 -88
-23 -88
-23 -88
-23 -88
-30 -84
-30 -84
-30 -84
-30 -84
-30 -84
-30 -84
-30 -84
-30 -84
-30 -84
-30 -84
-30 -84
-30 -84
-30 -84
-30 -84
-30 -84
-27 -81
-27 -81
-27 -81
-27 -81
-27 -81
-27 -81
-27 -81
-27 -81
-27 -81
-27 -81
-27 -81
-27 -81
-27 -81
-27 -81
-27 -81
-27 -81
-27 -81
-27 -81
-27 -81
-27 -81
-27 -81
-27 -81
-27 -81
-27 -81
-27 -81
-27 -81
-27 -81
-27 -81
-27 -81
-27 -81
-27 -81
-27 -81
-27 -81
-27 -81
-27 -81
-27 -81
-27 -81
-27 -81
-27 -81
-27 -81
-27 -81
-27 -81
-27 -81
-27 -81
-27 -81
-27 -81
-27 -81
-27 -81
-28 -82
-37 -80
-37 -80
-37 -80
-37 -80
-37 -80
-37 -80
-37 -80
-37 -80
-37 -80
-37 -80
-37 -80
-37 -80
-37 -80
-37 -80
-37 -80
-37 -80
-37 -80
-37 -80
-37 -80
-37 -80
-37 -80
-37 -80
-37 -80
-37 -80
-37 -80
-37 -80
-37 -80
-37 -80
-37 -80
-37 -80
-28 -78
-28 -78
-28 -78
-28 -78
-28 -78
-28 -78
-28 -78
-28 -78
-28 -78
-28 -78
-28 -78
-28 -78
-28 -78
-28 -78
-28 -78
-33 -75
-33 -75
-33 -75
-33 -75
-33 -75
-33 -75
-33 -75
-33 -75
-33 -75
-33 -75
-33 -75
-33 -75
-33 -75
-33 -75
-33 -75
-33 -75
-38 -64
-38 -64
-38 -64
-38 -64
-38 -64
-38 -64
-38 -64
-38 -64
-38 -64
-38 -64
-38 -64
-38 -64
-38 -64
-38 -64
-38 -64
-38 -64
-38 -64
-38 -64
-38 -64
-38 -64
-38 -64
-38 -64
-38 -64
-38 -64
-38 -64
-38 -64
-38 -64
-38 -64
-38 -64
-38 -64
-38 -64
-38 -64
-38 -64
-38 -64
-38 -64
-38 -64
-38 -64
-38 -64
-38 -64
-38 -64
-35 -60
-35 -60
-35 -60
-35 -60
-35 -60
-35 -60
-35 -60
-35 -60
-35 -60
-35 -60
-35 -60
-35 -60
-35 -60
-35 -60
-35 -60
-35 -60
-35 -60
-35 -60
-35 -60
-35 -60
-35 -60
-35 -60
-35 -60
-35 -60
-35 -60
-35 -60
-35 -60
-35 -60
-35 -60
-35 -60
-35 -60
-35 -60
-36 -63
-36 -63
-36 -63
-36 -63
-36 -63
-36 -63
-36 -63
-36 -63
-36 -63
-36 -63
-36 -63
-36 -63
-36 -63
-36 -63
-36 -63
-36 -63
-36 -63
-36 -63
-36 -63
-36 -63
-36 -63
-36 -63
-36 -63
-36 -63
-36 -63
-36 -63
-36 -63
-36 -63
-36 -63
-36 -63
-36 -63
-36 -63
-36 -63
-36 -63
-36 -63
-36 -63
-36 -63
-36 -63
-36 -63
-36 -63
-36 -63
-36 -63
-36 -63
-36 -63
-36 -63
-36 -63
-36 -63
-36 -63
-36 -63
-36 -63
-36 -63
-36 -48
-36 -48
-36 -48
-36 -48
-36 -48
-36 -48
-36 -48
-36 -48
-36 -48
-36 -48
-36 -48
-36 -48
-36 -48
-36 -48
-36 -48
-40 -41
-40 -41
-40 -41
-40 -41
-40 -41
-40 -41
-40 -41
-40 -41
-40 -41
-40 -41
-40 -41
-40 -41
-40 -41
-40 -41
-40 -41
-40 -42
-40 -42
-40 -42
-40 -42
-40 -42
-40 -42
-40 -42
-40 -42
-40 -42
-40 -42
-40 -42
-40 -42
-40 -42
-40 -42
-40 -42
-40 -42
-40 -42
-40 -42
-41 -27
-41 -27
-41 -27
-41 -27
-41 -27
-41 -27
-41 -27
-41 -27
-41 -27
-41 -27
-41 -27
-41 -27
-41 -27
-41 -27
-41 -27
-41 -27
-41 -27
-41 -27
-41 -27
-41 -27
-41 -27
-41 -27
-41 -27
-41 -27
-41 -27
-41 -27
-41 -27
-41 -27
-41 -27
-41 -27
-41 -27
-41 -27
-41 -27
-43 -20
-43 -20
-43 -20
-43 -20
-43 -20
-43 -20
-43 -20
-43 -20
-43 -20
-43 -20
-43 -20
-43 -20
-43 -20
-43 -20
-43 -20
-43 -20
-43 -20
-43 -20
-43 -20
-43 -20
-43 -20
-43 -20
-43 -20
-43 -20
-43 -20
-43 -20
-43 -20
-43 -20
-43 -20
-43 -20
-43 -20
-43 -20
-43 -20
-43 -20
-48 -30
-48 -30
-48 -30
-48 -30
-48 -30
-48 -30
-48 -30
-48 -30
-48 -30
-48 -30
-48 -30
-48 -30
-48 -30
-48 -30
-48 -30
-48 -30
-48 -30
-48 -30
-43 -18
-43 -18
-43 -18
-43 -18
-43 -18
-43 -18
-43 -18
-43 -18
-43 -18
-43 -18
-43 -18
-43 -18
-43 -18
-43 -18
-43 -18
-43 -18
-43 -18
-52 -23
-52 -23
-52 -23
-52 -23
-52 -23
-52 -23
-52 -23
-52 -23
-52 -23
-52 -23
-52 -23
-52 -23
-52 -23
-52 -23
-52 -23
-52 -23
-52 -23
-51 -17
-51 -17
-51 -17
-51 -17
-51 -17
-51 -17
-51 -17
-51 -17
-51 -17
-51 -17
-51 -17
-51 -17
-51 -17
-51 -17
-51 -17
-51 -17
-51 -17
-51 -17
-51 -17
-51 -17
-51 -17
-51 -17
-51 -17
-51 -17
-51 -17
-51 -17
-51 -17
-51 -17
-51 -17
-51 -17
-51 -17
-51 -17
-51 -17
-56 -14
-56 -14
-56 -14
-56 -14
-56 -14
-56 -14
-56 -14
-56 -14
-56 -14
-56 -14
-56 -14
-56 -14
-47 -10
-47 -10
-47 -10
-47 -10
-47 -10
-47 -10
-47 -10
-47 -10
-47 -10
-47 -10
-47 -10
-47 -10
-47 -10
-47 -10
-47 -10
-47 -10
-57 -7
-57 -7
-57 -7
-57 -7
-57 -7
-57 -7
-57 -7
-57 -7
-57 -7
-57 -7
-57 -7
-57 -7
-57 -7
-57 -7
-57 -7
-57 -7
-57 -7
-57 -7
-57 -7
-57 -7
-57 -7
-57 -7
-57 -7
-57 -7
-57 -7
-57 -7
-57 -7
-57 -7
-57 -7
-57 -7
-57 -7
-57 -7
-57 -7
-57 -7
-73 -6
-73 -6
-73 -6
-73 -6
-73 -6
-73 -6
-73 -6
-73 -6
-73 -6
-73 -6
-73 -6
-73 -6
-73 -6
-73 -6
-73 -6
-73 -6
-73 -6
-73 -6
-76 -8
-76 -8
-76 -8
-76 -8
-76 -8
-76 -8
-76 -8
-76 -8
-76 -8
-76 -8
-76 -8
-76 -8
-76 -8
-76 -8
-76 -8
-76 -8
-76 -8
-76 -8
-76 -8
-76 -8
-76 -8
-76 -8
-76 -8
-76 -8
-76 -8
-76 -8
-76 -8
-76 -8
-76 -8
-76 -8
-76 -8
-76 -8
-76 -8
-76 -8
-76 -8
-76 -8
-76 -8
-76 -8
-76 -8
-76 -8
-76 -8
-76 -8
-76 -8
-76 -8
-76 -8
-76 -8
-76 -8
-76 -8
-68 -1
-65 0
-65 0
-65 0
-65 0
-65 0
-65 0
-65 0
-65 0
-65 0
-65 0
-65 0
-65 0
-65 0
-65 0
-65 0
-65 0
-65 0
-65 0
-65 0
-65 0
-65 0
-65 0
-65 0
-65 0
-65 0
-65 0
-65 0
-65 0
-65 0
-65 0
-81 -6
-81 -6
-81 -6
-81 -6
-81 -6
-81 -6
-81 -6
-81 -6
-81 -6
-81 -6
-81 -6
-81 -6
-81 -6
-81 -6
-81 -6
-83 1
-83 1
-83 1
-83 1
-83 1
-83 1
-83 1
-83 1
-83 1
-83 1
-83 1
-83 1
-83 1
-83 1
-83 1
-83 1
-88 12
-88 12
-88 12
-88 12
-88 12
-88 12
-88 12
-88 12
-88 12
-88 12
-88 12
-88 12
-88 12
-88 12
-88 12
-88 12
-88 12
-88 12
-88 12
-88 12
-88 12
-88 12
-88 12
-88 12
-88 12
-88 12
-88 12
-88 12
-88 12
-88 12
-88 12
-88 12
-88 12
-81 17
-81 17
-81 17
-81 17
-81 17
-81 17
-81 17
-81 17
-81 17
-81 17
-81 17
-81 17
-81 17
-81 17
-81 17
-81 17
-81 17
-81 17
-72 21
-72 21
-72 21
-72 21
-72 21
-72 21
-72 21
-72 21
-72 21
-72 21
-72 21
-72 21
-72 21
-72 21
-72 21
-72 21
-72 21
-79 23
-79 23
-79 23
-79 23
-79 23
-79 23
-79 23
-79 23
-79 23
-79 23
-79 23
-79 23
-79 23
-79 23
-79 23
-79 23
-79 23
-79 23
-79 23
-79 23
-79 23
-79 23
-79 23
-79 23
-79 23
-79 23
-79 23
-79 23
-79 23
-79 23
-79 23
-79 23
-79 23
-79 23
-79 33
-79 33
-79 33
-79 33
-79 33
-79 33
-79 33
-79 33
-79 33
-79 33
-79 33
-79 33
-79 33
-72 41
-72 41
-72 41
-72 41
-72 41
-72 41
-72 41
-72 41
-72 41
-72 41
-72 41
-72 41
-72 41
-72 41
-73 43
-73 43
-73 43
-73 43
-73 43
-73 43
-73 43
-73 43
-73 43
-73 43
-73 43
-73 43
-73 43
-73 43
-73 43
-73 43
-73 43
-73 43
-73 43
-73 43
-73 43
-73 43
-73 43
-73 43
-73 43
-73 43
-73 43
-73 43
-73 43
-73 43
-73 43
-73 43
-73 43
-73 43
-73 43
-73 43
-73 43
-73 43
-73 43
-73 43
-73 43
-73 43
-73 43
-73 43
-73 43
-73 43
-73 43
-73 43
-73 43
-73 43
-73 43
-73 43
-73 43
-73 43
-77 48
-70 46
-70 46
-70 46
-70 46
-70 46
-70 46
-70 46
-70 46
-70 46
-70 46
-70 46
-70 46
-70 46
-70 46
-70 46
-70 46
-70 46
-70 46
-70 46
-70 46
-70 46
-70 46
-70 46
-70 46
-70 46
-70 46
-70 46
-70 46
-70 46
-70 46
-70 46
-70 46
-70 46
-70 46
-78 64
-78 64
-78 64
-78 64
-78 64
-78 64
-78 64
-78 64
-78 64
-78 64
-78 64
-78 64
-78 64
-78 64
-78 64
-78 64
-78 64
-78 64
-78 64
-78 64
-78 64
-78 64
-78 64
-78 64
-78 64
-78 64
-78 64
-78 64
-78 64
-78 64
-78 64
-78 64
-78 64
-78 64
-78 64
-78 64
-70 67
-70 67
-70 67
-70 67
-70 67
-70 67
-70 67
-70 67
-70 67
-70 67
-70 67
-70 67
-70 67
-70 67
-70 67
-70 67
-70 67
-74 66
-74 66
-74 66
-74 66
-74 66
-74 66
-74 66
-74 66
-74 66
-74 66
-74 66
-74 66
-74 66
-74 66
-74 66
-74 66
-79 68
-79 68
-79 68
-79 68
-79 68
-79 68
-79 68
-79 68
-79 68
-79 68
-79 68
-79 68
-79 68
-79 68
-79 68
-65 73
-65 73
-65 73
-65 73
-65 73
-65 73
-65 73
-65 73
-65 73
-65 73
-65 73
-65 73
-65 73
-65 73
-65 73
-65 73
-65 73
-65 73
-65 73
-65 73
-65 73
-65 73
-65 73
-65 73
-65 73
-65 73
-65 73
-65 73
-65 73
-65 73
-65 73
-65 73
-65 73
-65 73
-65 73
-65 73
-65 73
-65 73
-65 73
-65 73
-65 73
-65 73
-65 73
-65 73
-65 73
-65 73
-65 73
-65 73
-65 73
-65 73
-65 73
-65 73
-65 73
-65 73
-65 73
-65 73
-53 66
-53 66
-53 66
-53 66
-53 66
-53 66
-53 66
-53 66
-53 66
-53 66
-53 66
-53 66
-53 66
-53 66
-53 66
-53 66
-53 66
-53 66
-53 66
-53 66
-53 66
-53 66
-53 66
-53 66
-53 66
-53 66
-53 66
-53 66
-53 66
-53 66
-53 66
-56 72
-56 72
-56 72
-56 72
-56 72
-56 72
-56 72
-56 72
-56 72
-56 72
-56 72
-56 72
-56 72
-56 72
-56 72
-56 72
-56 72
-58 77
-58 77
-58 77
-58 77
-58 77
-58 77
-58 77
-58 77
-58 77
-58 77
-58 77
-58 77
-58 77
-48 83
-48 83
-48 83
-48 83
-48 83
-48 83
-48 83
-48 83
-48 83
-48 83
-48 83
-48 83
-48 83
-48 83
-48 83
-48 83
-48 83
-48 83
-48 83
-48 83
-48 83
-48 83
-48 83
-48 83
-48 83
-48 83
-48 83
-48 83
-48 83
-48 83
-48 83
-48 83
-48 83
-48 83
-48 83
-48 83
-48 83
-48 83
-48 83
-48 83
-48 83
-48 83
-48 83
-48 83
-48 83
-48 83
-48 83
-48 83
-46 82
-44 80
-44 80
-44 80
-44 80
-44 80
-44 80
-44 80
-44 80
-44 80
-44 80
-44 80
-44 80
-44 80
-44 80
-44 80
-44 80
-44 80
-44 80
-44 80
-44 80
-44 80
-44 80
-44 80
-44 80
-44 80
-44 80
-44 80
-44 80
-44 80
-44 80
-44 80
-44 80
-38 86
-38 86
-38 86
-38 86
-38 86
-38 86
-38 86
-38 86
-38 86
-38 86
-38 86
-38 86
-38 86
-38 86
-38 86
-38 86
-38 86
-38 86
-33 75
-33 75
-33 75
-33 75
-33 75
-33 75
-33 75
-33 75
-33 75
-33 75
-33 75
-33 75
-33 75
-33 75
-33 75
-33 75
-33 75
-33 75
-33 75
-34 82
-34 82
-34 82
-34 82
-34 82
-34 82
-34 82
-34 82
-34 82
-34 82
-34 82
-34 82
-34 82
-34 82
-34 82
-34 82
-34 82
-34 82
-34 82
-34 82
-34 82
-34 82
-34 82
-34 82
-34 82
-34 82
-34 82
-34 82
-34 82
-34 82
-34 82
-34 82
-34 82
-34 82
-34 82
-31 79
-31 79
-31 79
-31 79
-31 79
-31 79
-31 79
-31 79
-31 79
-31 79
-31 79
-31 79
-31 79
-31 79
-31 79
-31 79
-31 79
-31 79
-31 79
-31 79
-31 79
-31 79
-31 79
-31 79
-31 79
-31 79
-31 79
-31 79
-31 79
-31 79
-31 79
-31 79
-31 79
-31 79
-31 79
-31 79
-31 79
-31 79
-31 79
-31 79
-27 74
-20 73
-20 73
-20 73
-20 73
-20 73
-20 73
-20 73
-20 73
-20 73
-20 73
-20 73
-20 73
-20 73
-20 73
-20 73
-20 73
-20 73
-20 73
-20 73
-20 73
-20 73
-20 73
-20 73
-20 73
-20 73
-20 73
-20 73
-20 73
-20 73
-20 73
-20 73
-20 73
-20 73
-20 73
-20 73
-17 74
-17 74
-17 74
-17 74
-17 74
-17 74
-17 74
-17 74
-17 74
-17 74
-17 74
-17 74
-17 74
-17 74
-17 74
-17 74
-17 74
-17 74
-17 74
-17 74
-17 74
-17 74
-17 74
-17 74
-17 74
-17 74
-17 74
-17 74
-17 74
-17 74
-17 74
-10 67
-10 67
-10 67
-10 67
-10 67
-10 67
-10 67
-10 67
-10 67
-10 67
-10 67
-10 67
-10 67
-10 67
-10 67
-10 67
-10 67
-10 67
-10 67
-10 67
-10 67
-10 67
-10 67
-10 67
-10 67
-10 67
-10 67
-10 67
-10 67
-10 67
-10 67
-10 67
-10 67
-6 65
-6 65
-6 65
-6 65
-6 65
-6 65
-6 65
-6 65
-6 65
-6 65
-6 65
-6 65
-6 65
-6 65
-6 65
-6 65
-6 65
-6 65
-6 65
-6 65
-6 65
-6 65
-6 65
-6 65
-6 65
-6 65
-6 65
-6 65
-6 65
-6 65
-6 65
-6 65
-6 65
-6 65
-6 65
-6 65
-6 65
-6 65
-6 65
-6 65
-6 65
-6 65
-6 65
-6 65
-6 65
-6 65
-6 65
-6 65
-6 65
-6 65
-6 65
-6 65
-3 57
-3 57
-3 57
-3 57
-3 57
-3 57
-3 57
-3 57
-3 57
-3 57
-3 57
-3 57
-3 57
-3 57
-3 57
-3 57
-3 57
-4 49
-4 49
-4 49
-4 49
-4 49
-4 49
-4 49
-4 49
-4 49
-4 49
-4 49
-4 49
-4 49
-4 49
-4 49
-4 49
-4 49
-4 49
-4 49
-4 49
-4 49
-4 49
-4 49
-4 49
-4 49
-4 49
-4 49
-4 49
-4 49
-4 49
-4 49
-4 49
-4 49
-4 49
-4 49
-4 49
-1 47
-1 47
-1 47
-1 47
-1 47
-1 47
-1 47
-1 47
-1 47
-1 47
-1 47
-1 47
-1 47
-1 47
-1 47
-1 47
-1 47
-1 47
1 39
1 39
1 39
1 39
1 39
1 39
1 39
1 39
1 39
1 39
1 39
1 39
1 39
1 39
1 39
1 39
1 39
1 39
0 30
0 30
0 30
0 30
0 30
0 30
0 30
0 30
0 30
0 30
0 30
0 30
0 30
0 30
0 30
0 30
0 30
0 30
0 30
0 30
0 30
0 30
0 30
0 30
0 30
0 30
0 30
0 30
0 30
0 30
0 30
0 30
0 30
0 30
0 30
0 30
0 30
0 30
0 30
0 30
0 30
0 30
0 30
0 30
0 30
0 30
0 30
0 30
0 30
0 30
0 30
0 30
0 30
0 30
0 30
0 30
0 21
0 12
0 12
0 12
0 12
0 12
0 12
0 12
0 12
0 12
0 12
0 12
0 12
0 12
0 12
0 12
0 12
0 12
0 12
0 12
0 12
0 12
0 12
0 12
0 12
0 12
0 12
0 12
0 12
0 12
0 12
0 12
0 12
0 12
0 12
0 12
0 12
0 12
0 12
0 2
0 2
0 2
0 2
0 2
0 2
0 2
0 2
0 2
0 2
0 2
0 2
0 2
0 2
0 2
0 2
0 2
0 2
0 2
0 2
0 2
0 2
0 2
0 2
0 2
0 2
0 2
0 2
0 2
0 2
0 2
0 2
0 2
0 2
0 2
0 2
0 2
0 2
0 2
0 2
0 2
0 2
0 2
0 2
0 2
0 2
0 2
0 2
0 2
0 2
0 2
0 2
0 2
0 2
0 2
0 2
0 2
0 2
0 2
0 2
0 2
0 2
0 2
0 2
0 2
0 2
0 2
0 2
0 2
0 2
0 2
0 2
0 2
0 2
0 2
0 2
0 2
0 2
0 2
0 2
0 2
0 2
0 2
0 2
0 2
0 2
0 2
0 2
0 2
0 2
0 2
0 2
0 2
0 2
0 2
0 2
0 2
0 2
0 2
0 2
0 2
0 2
0 2
0 2
0 2
0 2
0 2
0 2
0 2
0 2
0 2
0 2
0 2
0 2
0 2
0 2
0 2
0 2
0 2
0 2
0 2
0 2
0 2
0 2
0 2
0 2
0 2
0 2
0 2
0 2
0 2
0 2
0 2
0 2
0 2
0 2
0 2
0 2
0 2
0 2
0 2
0 2
0 2
0 2
0 2
0 2
0 2
0 2
0 2
0 2
0 2
0 2
0 2
0 2
0 2
0 2
0 2
0 2
0 2
0 2
0 2
0 2
0 2
0 2
0 2
0 2
0 2
0 2
0 2
0 2
0 2
0 2
0 2
0 2
0 2
0 2
0 2
0 2
0 2
0 2
0 2
0 2
0 2
0 2
0 2
0 2
0 2
0 2
0 2
0 2
0 2
0 2
0 2
0 2
0 2
0 2
0 2
0 2
0 2
0 2
0 2
0 2
0 2
0 2
0 2
0 2
0 2
0 2
0 2
0 2
0 2
0 2
0 2
0 2
0 2
0 2
0 2
0 2
0 2
0 2
0 2
0 2
0 2
0 2
0 2
0 2
0 2
0 2
0 2
0 2
0 2
0 2
0 2
0 2
0 2
0 2
0 2
0 2
0 2
0 2
0 2
0 2
0 2
0 2
0 2
0 2
0 2
0 2
0 2
0 2
0 2
0 2
0 2
0 2
0 2
0 2
0 2
0 2
0 2
0 2
0 2
0 2
0 2
0 2
0 2
0 2
0 2
0 2
0 2
0 2
0 2
0 2
0 2
0 2
0 2
0 2
0 2
0 2
0 2
0 2
0 2
0 2
0 2
0 2
0 2
0 2
0 2
0 2
0 2
0 2
0 2
0 2
0 2
0 2
0 2
0 2
0 2
0 2
0 2
0 2
0 2
0 2
0 2
0 2
0 2
0 2
0 2
0 2
0 2
0 2
0 2
0 2
0 2
0 2
0 2
0 2
0 2
0 2
0 2
0 2
0 2
0 2
0 2
0 2
0 2
0 2
0 2
0 2
0 2
0 2
0 2
0 2
0 2
0 2
0 2
0 2
0 2
0 2
0 2
0 2
0 2
0 2
0 2
0 2
0 2
0 2
0 2
0 2
0 2
0 2
0 2
0 2
0 2
0 2
0 2
0 2
0 2
0 2
0 2
0 2
0 2
0 2
0 2
0 2
0 2
0 2
0 2
0 2
0 2
0 2
0 2
0 2
0 2
0 2
0 2
0 2
0 2
0 2
0 2
0 2
0 2
0 2
0 2
0 2
0 2
0 2
0 2
0 2
0 2
0 2
0 2
0 2
0 2
0 2
0 2
0 2
0 2
0 2
0 2
0 2
0 2
0 2
0 2
0 2
0 2
0 2
0 2
0 2
0 2
0 2
0 2
0 2
0 2
0 2
0 2
0 2
0 2
0 2
0 2
0 2
0 2
0 2
0 2
0 2
0 2
0 2
0 2
0 2
0 2
0 2
0 2
0 2
0 2
0 2
0 2
0 2
0 2
0 2
0 2
0 2
0 2
0 2
0 2
0 2
0 2
0 2
0 2
0 2
0 2
0 2
0 2
0 2
0 2
0 2
0 2
0 2
0 2
0 2
0 2
0 2
0 2
0 2
0 2
0 2
0 2
0 2
0 2
0 2
0 2
0 2
0 2
0 2
0 2
0 2
0 2
0 2
0 2
0 2
0 2
0 2
0 2
0 2
0 2
0 2
0 2
0 2
0 2
0 2
0 2
0 2
0 2
0 2
0 2
0 2
0 2
0 2
0 2
0 2
0 2
0 2
0 2
0 2
0 2
0 2
0 2
0 2
0 2
0 2
0 2
0 2
0 2
0 2
0 2
0 2
0 2
0 2
0 2
0 2
0 2
0 2
0 2
0 2
0 2
0 2
0 2
0 2
0 2
0 2
0 2
0 2
0 2
0 2
0 2
0 2
0 2
0 2
0 2
0 2
0 2
0 2
0 2
0 2
0 2
0 2
0 2
0 2
0 2
0 2
0 2
0 2
0 2
0 2
0 2
0 2
0 2
0 2
0 2
0 2
0 2
0 2
0 2
0 2
0 2
0 2
0 2
0 2
0 2
0 2
0 2
0 2
0 2
0 2
0 2
0 2
0 2
0 2
0 2
0 2
0 2
0 2
0 2
0 2
0 2
0 2
0 2
0 2
0 2
0 2
0 2
0 2
0 2
0 1
0 1
0 1
0 1
0 1
0 1
0 1
0 1
0 1
0 1
0 1
0 1
0 1
0 1
0 1
0 1
0 1
0 1
0 1
0 1
0 1
0 1
0 1
0 1
0 1
0 1
0 1
0 1
0 1
0 1
0 1
0 1
0 1
0 1
0 1
0 1
0 1
0 1
0 1
0 1
0 1
0 1
0 1
0 1
0 1
0 1
0 1
0 1
0 1
0 1
0 1
0 1
0 1
0 1
0 1
0 1
0 1
0 1
0 1
0 1
0 1
0 1
0 1
0 1
0 1
0 1
0 1
0 1
0 1
0 1
0 1
0 1
0 1
0 1
0 1
0 1
0 1
0 1
0 1
0 1
0 1
0 1
0 1
0 1
0 1
0 1
0 1
0 1
0 1
0 1
0 1
0 1
0 1
0 1
0 1
0 1
0 1
0 1
0 1
0 1
0 1
0 1
0 1
0 1
0 1
0 1
0 1
0 1
0 1
0 1
0 1
0 1
0 1
0 1
0 1
0 1
0 1
0 1
0 1
0 1
0 1
0 1
0 1
0 1
0 1
0 1
0 1
0 1
0 1
0 1
0 1
0 1
0 1
0 1
0 1
0 1
0 1
0 1
0 1
0 1
0 1
0 1
0 1
0 1
0 1
0 1
0 1
0 1
0 1
0 1
0 1
0 1
0 1
0 1
0 1
0 1
0 1
0 1
0 1
0 1
0 1
0 1
0 1
0 1
0 1
0 1
0 1
0 1
0 1
0 1
0 1
0 1
0 1
0 1
0 1
0 1
0 1
0 1
0 1
0 1
0 1
0 1
0 1
0 1
0 1
0 1
0 1
0 1
0 1
0 1
0 1
0 1
0 1
0 1
0 1
0 1
0 1
0 1
0 1
0 1
0 1
0 1
0 1
0 1
0 1
0 1
0 1
0 1
0 1
0 1
0 1
0 1
0 1
0 1
0 1
0 1
0 1
0 1
0 1
0 1
0 1
0 1
0 1
0 1
0 1
0 1
0 1
0 1
0 1
0 1
0 1
0 1
0 1
0 1
0 1
0 1
0 1
0 1
0 1
0 1
0 1
0 1
0 1
0 1
0 1
0 1
0 1
0 1
0 1
0 1
0 1
0 1
0 1
0 1
0 1
0 1
0 1
0 1
0 1
0 1
0 1
0 1
0 1
0 1
0 1
0 1
0 1
0 1
0 1
0 1
0 1
0 1
0 1
0 1
0 1
0 1
0 1
0 1
0 1
0 1
0 1
0 1
0 1
0 1
0 1
0 1
0 1
0 1
0 1
0 1
0 1
0 1
0 1
0 1
0 1
0 1
0 1
0 1
0 1
0 1
0 1
0 1
0 1
0 1
0 1
0 1
0 1
0 1
0 1
0 1
0 1
0 1
0 1
0 1
0 1
0 1
0 1
0 1
0 1
0 1
0 1
0 1
0 1
0 1
0 1
0 1
0 1
0 1
0 1
0 1
0 1
0 1
0 1
0 1
0 1
0 1
0 1
0 1
0 1
0 1
0 1
0 1
0 1
0 1
0 1
0 1
0 1
0 1
0 1
0 1
0 1
0 1
0 1
0 1
0 1
0 1
0 1
0 1
0 1
0 1
0 1
0 1
0 1
0 1
0 1
0 1
0 1
0 1
0 1
0 1
0 1
0 1
0 1
0 1
0 1
0 1
0 1
0 1
0 1
0 1
0 1
0 1
0 1
0 1
0 1
0 1
0 1
0 1
0 1
0 1
0 1
0 1
0 1
0 1
0 1
0 1
0 1
0 1
0 1
0 1
0 1
0 1
0 1
0 1
0 1
0 1
0 1
0 1
0 1
0 1
0 1
0 1
0 1
0 1
0 1
0 1
0 1
0 1
0 1
0 1
0 1
0 1
0 1
0 1
0 1
0 1
0 1
0 1
0 1
0 1
0 1
0 1
0 1
0 1
0 1
0 1
0 1
0 1
0 1
0 1
0 1
0 1
0 1
0 1
0 1
0 1
0 1
0 1
0 1
0 1
0 1
0 1
0 1
0 1
0 1
0 1
0 1
0 1
0 1
0 1
0 1
0 1
0 1
0 1
0 1
0 1
0 1
0 1
0 1
0 1
0 1
0 1
0 1
0 1
0 1
0 1
0 1
0 1
0 1
0 1
0 1
0 1
0 1
0 1
0 1
0 1
0 1
0 1
0 1
0 1
0 1
0 1
0 1
0 1
0 1
0 1
0 1
0 1
0 1
0 1
0 1
0 1
0 1
0 1
0 1
0 1
0 1
0 1
0 1
0 1
0 1
0 1
0 1
0 1
0 1
0 1
0 1
0 1
