1 38
1 38
1 38
1 38
1 38
1 38
1 38
1 38
1 38
1 38
1 38
9 39
9 39
9 39
9 39
9 39
9 39
9 39
9 39
9 39
9 39
9 39
9 39
9 39
9 39
9 39
9 39
9 39
9 39
9 39
9 39
9 39
9 39
9 39
9 39
9 39
9 39
9 39
9 39
9 39
9 39
9 39
9 39
9 39
9 39
9 39
9 39
9 39
9 39
9 39
9 39
9 39
9 39
9 39
9 39
9 39
9 39
9 39
9 39
9 39
9 39
9 37
9 37
9 37
9 37
9 37
9 37
9 37
9 37
9 37
9 37
9 37
9 37
9 37
9 37
9 37
9 37
9 37
9 37
9 37
9 37
9 37
9 37
13 40
13 40
13 40
13 40
13 40
13 40
13 40
13 40
13 40
13 40
13 40
13 40
13 40
13 40
13 40
13 40
13 40
13 40
13 40
13 40
13 40
13 39
13 39
13 39
13 39
13 39
13 39
13 39
13 39
13 39
13 39
13 39
13 39
13 39
13 39
13 39
13 39
13 39
13 39
13 39
13 39
13 39
13 39
13 39
13 39
13 39
13 39
13 39
13 39
13 39
13 39
13 39
13 39
13 39
13 39
13 39
13 39
13 39
13 39
13 39
13 39
13 39
13 39
13 39
13 39
13 39
13 39
13 39
13 39
13 39
13 39
13 39
13 39
13 39
13 39
13 39
13 39
13 39
13 39
13 39
13 39
13 39
13 39
13 39
13 39
13 39
13 39
13 39
13 39
13 39
12 40
12 40
12 40
12 40
12 40
12 40
12 40
12 40
12 40
12 40
12 40
12 40
12 40
12 40
12 40
12 40
12 40
12 40
12 40
12 40
12 40
12 40
12 40
12 40
12 40
12 40
12 40
12 40
12 40
12 40
12 40
12 40
12 40
12 40
12 40
12 40
12 40
12 40
12 40
12 40
12 40
12 40
12 40
12 40
12 40
12 40
12 40
12 40
12 40
12 40
12 40
12 40
12 40
12 40
12 40
12 40
12 40
12 40
12 40
12 40
12 40
12 40
12 40
12 40
12 40
12 40
12 40
12 40
12 40
12 40
11 46
11 46
11 46
11 46
11 46
11 46
11 46
11 46
11 46
11 46
11 46
11 46
11 46
11 46
11 46
11 46
11 46
11 46
11 46
11 46
11 46
11 46
5 41
5 41
5 41
5 41
5 41
5 41
5 41
5 41
5 41
5 41
5 41
5 41
5 41
5 41
5 41
5 41
5 41
5 41
5 41
5 41
5 41
5 41
5 41
5 41
5 41
5 41
5 41
5 41
5 41
5 41
5 41
5 41
5 41
5 41
5 41
5 41
5 41
5 41
5 41
5 41
5 41
5 41
5 41
5 41
5 41
5 41
5 41
5 41
5 41
5 41
12 47
12 47
12 47
12 47
12 47
12 47
12 47
12 47
12 47
12 47
12 47
12 47
12 47
12 47
12 47
12 47
12 47
12 47
12 47
12 47
12 47
12 47
12 47
12 47
9 48
9 48
9 48
9 48
9 48
9 48
9 48
9 48
9 48
9 48
9 48
9 48
9 48
9 48
9 48
9 48
9 48
9 48
9 48
9 48
9 48
9 48
9 48
9 48
9 48
9 48
9 48
9 48
9 48
9 48
9 48
9 48
9 48
9 48
9 48
9 48
9 48
9 48
9 48
9 48
9 48
9 48
9 48
9 48
9 48
9 48
9 48
9 48
9 48
9 48
6 42
6 42
6 42
6 42
6 42
6 42
6 42
6 42
6 42
6 42
6 42
6 42
6 42
6 42
6 42
6 42
6 42
6 42
6 42
10 43
10 43
10 43
10 43
10 43
10 43
10 43
10 43
10 43
10 43
10 43
10 43
10 43
10 43
10 43
10 43
10 43
10 43
10 43
10 43
10 43
12 39
12 39
12 39
12 39
12 39
12 39
12 39
12 39
12 39
12 39
12 39
12 39
12 39
12 39
12 39
12 39
12 39
12 39
12 39
12 39
12 39
12 39
12 39
12 39
12 39
12 39
12 39
12 39
12 39
12 39
12 39
12 39
12 39
12 39
12 39
12 39
12 39
12 39
12 39
12 39
12 39
12 39
12 39
12 39
12 39
12 39
12 39
12 39
12 39
13 46
13 46
13 46
13 46
13 46
13 46
13 46
13 46
13 46
13 46
13 46
13 46
13 46
13 46
13 46
13 46
13 46
13 46
13 46
13 46
13 46
13 46
13 46
13 46
13 46
9 47
9 47
9 47
9 47
9 47
9 47
9 47
9 47
9 47
9 47
9 47
9 47
9 47
9 47
9 47
9 47
9 47
9 47
9 47
9 47
9 47
9 47
9 47
13 53
13 53
13 53
13 53
13 53
13 53
13 53
13 53
13 53
13 53
13 53
13 53
13 53
13 53
13 53
13 53
13 53
13 53
13 53
13 53
13 53
13 53
13 53
13 53
13 53
13 53
13 53
13 53
13 53
13 53
13 53
13 53
13 53
13 53
13 53
13 53
13 53
13 53
13 53
13 53
13 53
13 53
13 53
13 53
13 53
13 53
13 53
13 53
13 53
13 53
13 53
17 54
17 54
17 54
17 54
17 54
17 54
17 54
17 54
17 54
17 54
17 54
17 54
17 54
17 54
17 54
17 54
17 54
17 54
17 54
17 54
17 54
17 54
15 54
15 54
15 54
15 54
15 54
15 54
15 54
15 54
15 54
15 54
15 54
15 54
15 54
15 54
15 54
15 54
15 54
15 54
15 54
15 54
15 54
15 54
15 54
15 54
15 54
15 54
15 54
15 54
15 54
15 54
15 54
15 54
15 54
15 54
15 54
15 54
15 54
15 54
15 54
15 54
15 54
15 54
15 54
15 54
15 54
15 54
15 54
16 48
16 48
16 48
16 48
16 48
16 48
16 48
16 48
16 48
16 48
16 48
16 48
16 48
16 48
16 48
16 48
16 48
16 48
16 48
16 48
16 48
16 48
16 48
24 54
24 54
24 54
24 54
24 54
24 54
24 54
24 54
24 54
24 54
24 54
24 54
24 54
24 54
24 54
24 54
24 54
24 54
24 54
24 54
24 54
24 54
24 54
24 54
24 54
24 54
24 54
24 54
24 54
24 54
24 54
24 54
24 54
24 54
24 54
24 54
24 54
24 54
24 54
24 54
24 54
24 54
24 54
24 54
24 54
24 54
24 54
24 54
24 54
19 52
19 52
19 52
19 52
19 52
19 52
19 52
19 52
19 52
19 52
19 52
19 52
19 52
19 52
19 52
19 52
19 52
19 52
19 52
19 52
19 52
19 52
19 52
24 54
24 54
24 54
24 54
24 54
24 54
24 54
24 54
24 54
24 54
24 54
24 54
24 54
24 54
24 54
24 54
24 54
24 54
24 54
24 54
24 54
24 54
24 54
32 55
32 55
32 55
32 55
32 55
32 55
32 55
32 55
32 55
32 55
32 55
32 55
32 55
32 55
32 55
32 55
32 55
32 55
32 55
32 55
32 55
32 55
32 55
32 55
32 55
32 55
32 55
32 55
32 55
32 55
32 55
32 55
32 55
32 55
32 55
32 55
32 55
32 55
32 55
32 55
32 55
32 55
32 55
32 55
32 55
32 55
24 50
24 50
24 50
24 50
24 50
24 50
24 50
24 50
24 50
24 50
24 50
24 50
24 50
24 50
24 50
24 50
24 50
24 50
24 50
24 50
31 48
31 48
31 48
31 48
31 48
31 48
31 48
31 48
31 48
31 48
31 48
31 48
31 48
31 48
31 48
31 48
31 48
31 48
31 48
31 48
31 48
31 48
31 48
31 48
31 48
31 48
31 48
31 48
31 48
31 48
31 48
31 48
31 48
31 48
31 48
31 48
31 48
31 48
31 48
31 48
31 48
31 48
31 48
31 48
22 48
22 48
22 48
22 48
22 48
22 48
22 48
22 48
22 48
22 48
22 48
22 48
22 48
22 48
22 48
22 48
22 48
22 48
22 48
22 48
36 52
36 52
36 52
36 52
36 52
36 52
36 52
36 52
36 52
36 52
36 52
36 52
36 52
36 52
36 52
36 52
36 52
36 52
36 52
36 52
36 52
36 52
38 48
38 48
38 48
38 48
38 48
38 48
38 48
38 48
38 48
38 48
38 48
38 48
38 48
38 48
38 48
38 48
38 48
38 48
38 48
38 48
38 48
38 48
38 48
38 48
38 48
38 48
38 48
38 48
38 48
38 48
38 48
38 48
38 48
38 48
38 48
38 48
38 48
38 48
38 48
38 48
38 48
38 48
38 48
38 51
38 51
38 51
38 51
38 51
38 51
38 51
38 51
38 51
38 51
38 51
38 51
38 51
38 51
38 51
38 51
38 51
38 51
38 51
38 51
38 51
38 51
31 51
31 51
31 51
31 51
31 51
31 51
31 51
31 51
31 51
31 51
31 51
31 51
31 51
31 51
31 51
31 51
44 59
44 59
44 59
44 59
44 59
44 59
44 59
44 59
44 59
44 59
44 59
44 59
44 59
44 59
44 59
44 59
44 59
44 59
44 59
44 59
44 59
44 59
44 59
44 59
44 59
44 59
44 59
44 59
44 59
44 59
44 59
44 59
44 59
44 59
44 59
44 59
44 59
44 59
44 59
44 59
44 59
44 59
44 59
44 59
44 59
44 59
44 59
44 59
44 59
44 59
44 59
44 59
44 59
44 59
44 59
44 59
44 59
44 59
44 59
44 59
44 59
44 59
44 59
44 59
44 59
44 59
44 59
44 59
44 59
44 59
37 48
33 45
33 45
33 45
33 45
33 45
33 45
33 45
33 45
33 45
33 45
33 45
33 45
33 45
33 45
33 45
33 45
33 45
33 45
33 45
33 45
33 45
33 45
33 45
33 45
33 45
33 45
33 45
33 45
33 45
33 45
33 45
33 45
33 45
33 45
33 45
33 45
33 45
33 45
33 45
33 45
33 45
33 45
33 45
33 45
33 45
33 45
33 45
33 45
33 45
41 46
41 46
41 46
41 46
41 46
41 46
41 46
41 46
41 46
41 46
41 46
41 46
41 46
41 46
41 46
41 46
41 46
41 46
41 46
41 46
41 46
41 46
41 46
41 46
41 46
46 43
46 43
46 43
46 43
46 43
46 43
46 43
46 43
46 43
46 43
46 43
46 43
46 43
46 43
46 43
46 43
46 43
46 43
46 43
46 43
46 43
46 43
46 43
48 45
48 45
48 45
48 45
48 45
48 45
48 45
48 45
48 45
48 45
48 45
48 45
48 45
48 45
48 45
48 45
48 45
48 45
48 45
48 45
48 45
48 45
48 45
48 45
48 45
48 45
48 45
48 45
48 45
48 45
48 45
48 45
48 45
48 45
48 45
48 45
48 45
48 45
48 45
48 45
48 45
48 45
48 45
48 45
48 45
48 45
48 45
48 45
48 45
48 45
48 45
48 45
48 43
48 43
48 43
48 43
48 43
48 43
48 43
48 43
48 43
48 43
48 43
48 43
48 43
48 43
48 43
48 43
48 43
48 43
48 43
48 43
48 43
48 43
48 43
48 43
58 54
58 54
58 54
58 54
58 54
58 54
58 54
58 54
58 54
58 54
58 54
58 54
58 54
58 54
58 54
58 54
58 54
58 54
58 54
58 54
58 54
58 54
58 54
58 54
58 54
44 42
44 42
44 42
44 42
44 42
44 42
44 42
44 42
44 42
44 42
44 42
44 42
44 42
44 42
44 42
44 42
44 42
44 42
44 42
44 42
44 42
44 42
44 42
44 42
44 42
44 42
44 42
44 42
44 42
44 42
44 42
44 42
44 42
44 42
44 42
44 42
44 42
44 42
44 42
44 42
44 42
44 42
44 42
44 42
44 42
58 38
58 38
58 38
58 38
58 38
58 38
58 38
58 38
58 38
58 38
58 38
58 38
58 38
58 38
58 38
58 38
58 38
58 38
58 38
58 38
58 38
58 38
58 38
58 38
58 38
58 38
58 38
58 38
58 38
58 38
58 38
58 38
58 38
58 38
58 38
58 38
58 38
58 38
58 38
69 32
69 32
69 32
69 32
69 32
69 32
69 32
69 32
69 32
69 32
69 32
69 32
69 32
69 32
69 32
69 32
69 32
69 32
69 32
69 32
69 32
69 32
69 32
62 28
62 28
62 28
62 28
62 28
62 28
62 28
62 28
62 28
62 28
62 28
62 28
62 28
62 28
62 28
62 28
62 28
62 28
62 28
73 32
73 32
73 32
73 32
73 32
73 32
73 32
73 32
73 32
73 32
73 32
73 32
73 32
73 32
73 32
73 32
73 32
73 32
73 32
73 32
73 32
78 30
78 30
78 30
78 30
78 30
78 30
78 30
78 30
78 30
78 30
78 30
78 30
78 30
78 30
78 30
78 30
78 30
78 30
78 30
78 30
78 30
78 30
78 30
78 30
78 30
78 30
78 30
78 30
78 30
78 30
78 30
78 30
78 30
78 30
78 30
78 30
78 30
78 30
78 30
78 30
78 30
78 30
78 30
78 30
78 30
78 30
87 22
87 22
87 22
87 22
87 22
87 22
87 22
87 22
87 22
87 22
87 22
87 22
87 22
87 22
87 22
87 22
87 22
87 22
87 22
87 22
87 22
87 22
87 22
87 22
91 22
91 22
91 22
91 22
91 22
91 22
91 22
91 22
91 22
91 22
91 22
91 22
91 22
91 22
91 22
91 22
91 22
91 22
91 22
91 22
91 22
91 22
91 22
91 22
91 22
91 22
91 22
91 22
91 22
91 22
91 22
91 22
91 22
91 22
91 22
91 22
91 22
91 22
91 22
91 22
91 22
93 13
93 13
93 13
93 13
93 13
93 13
93 13
93 13
93 13
93 13
93 13
93 13
93 13
93 13
93 13
93 13
93 13
93 13
93 13
93 13
93 13
93 13
93 13
93 12
93 12
93 12
93 12
93 12
93 12
93 12
93 12
93 12
93 12
93 12
93 12
93 12
93 12
93 12
93 12
93 12
93 12
93 12
95 9
95 9
95 9
95 9
95 9
95 9
95 9
95 9
95 9
95 9
95 9
95 9
95 9
95 9
95 9
95 9
95 9
95 9
95 9
95 9
95 9
95 9
95 9
95 9
95 9
95 9
95 9
95 9
95 9
95 9
95 9
95 9
95 9
95 9
95 9
95 9
95 9
98 7
98 7
98 7
98 7
98 7
98 7
98 7
98 7
98 7
98 7
98 7
98 7
98 7
98 7
98 7
98 7
98 7
98 7
98 7
98 7
100 3
100 3
100 3
100 3
100 3
100 3
100 3
100 3
100 3
100 3
100 3
100 3
100 3
100 3
100 3
100 3
100 3
100 3
100 3
100 3
100 3
100 3
94 0
94 0
94 0
94 0
94 0
94 0
94 0
94 0
94 0
94 0
94 0
94 0
94 0
94 0
94 0
94 0
94 0
94 0
94 0
94 0
94 0
94 0
94 0
94 0
94 0
94 0
94 0
94 0
94 0
94 0
94 0
94 0
94 0
94 0
94 0
94 0
94 0
94 0
94 0
94 0
94 0
94 0
94 0
94 0
94 0
94 0
94 0
94 0
94 0
94 0
94 0
94 0
94 0
94 0
94 0
94 0
94 0
94 0
94 0
94 0
94 0
94 0
94 0
94 0
94 0
94 0
94 0
94 0
94 0
94 0
94 0
94 0
100 -1
93 -6
93 -6
93 -6
93 -6
93 -6
93 -6
93 -6
93 -6
93 -6
93 -6
93 -6
93 -6
93 -6
93 -6
93 -6
93 -6
93 -6
93 -6
93 -6
93 -6
93 -6
93 -6
93 -6
93 -6
93 -6
93 -6
93 -6
93 -6
93 -6
93 -6
93 -6
93 -6
93 -6
93 -6
93 -6
93 -6
93 -6
93 -6
93 -6
93 -6
93 -6
93 -6
93 -6
93 -6
93 -6
93 -6
93 -6
88 -10
88 -10
88 -10
88 -10
88 -10
88 -10
88 -10
88 -10
88 -10
88 -10
88 -10
88 -10
88 -10
88 -10
88 -10
88 -10
88 -10
88 -10
88 -10
88 -10
88 -10
88 -10
88 -10
87 -18
87 -18
87 -18
87 -18
87 -18
87 -18
87 -18
87 -18
87 -18
87 -18
87 -18
87 -18
87 -18
87 -18
87 -18
87 -18
87 -18
87 -18
87 -18
87 -18
87 -18
87 -18
87 -18
87 -18
87 -18
87 -18
87 -18
87 -18
87 -18
87 -18
87 -18
87 -18
87 -18
87 -18
87 -18
87 -18
87 -18
87 -18
87 -18
87 -18
87 -18
87 -18
87 -18
87 -18
87 -18
71 -26
71 -26
71 -26
71 -26
71 -26
71 -26
71 -26
71 -26
71 -26
71 -26
71 -26
71 -26
71 -26
71 -26
71 -26
71 -26
71 -26
71 -26
71 -26
71 -26
71 -26
71 -26
70 -27
70 -27
70 -27
70 -27
70 -27
70 -27
70 -27
70 -27
70 -27
70 -27
70 -27
70 -27
70 -27
70 -27
70 -27
70 -27
70 -27
70 -27
70 -27
70 -27
70 -27
70 -27
70 -27
68 -35
68 -35
68 -35
68 -35
68 -35
68 -35
68 -35
68 -35
68 -35
68 -35
68 -35
68 -35
68 -35
68 -35
68 -35
68 -35
68 -35
68 -35
68 -35
68 -35
68 -35
68 -35
68 -35
68 -35
68 -35
68 -35
68 -35
68 -35
68 -35
68 -35
68 -35
68 -35
68 -35
68 -35
68 -35
68 -35
68 -35
68 -35
68 -35
68 -35
68 -35
68 -35
68 -35
68 -35
68 -35
68 -35
68 -35
68 -35
72 -35
72 -35
72 -35
72 -35
72 -35
72 -35
72 -35
72 -35
72 -35
72 -35
72 -35
72 -35
72 -35
72 -35
72 -35
72 -35
72 -35
72 -35
72 -35
72 -35
72 -35
72 -35
72 -35
72 -35
72 -35
72 -35
72 -42
72 -42
72 -42
72 -42
72 -42
72 -42
72 -42
72 -42
72 -42
72 -42
72 -42
72 -42
72 -42
72 -42
72 -42
72 -42
72 -42
72 -42
72 -42
72 -42
72 -42
72 -42
72 -42
72 -42
72 -42
59 -47
59 -47
59 -47
59 -47
59 -47
59 -47
59 -47
59 -47
59 -47
59 -47
59 -47
59 -47
59 -47
59 -47
59 -47
59 -47
59 -47
59 -47
59 -47
59 -47
59 -47
59 -47
59 -47
59 -47
59 -47
59 -47
59 -47
59 -47
59 -47
59 -47
59 -47
59 -47
59 -47
59 -47
59 -47
59 -47
59 -47
59 -47
59 -47
59 -47
59 -47
59 -47
56 -60
56 -60
56 -60
56 -60
56 -60
56 -60
56 -60
56 -60
56 -60
56 -60
56 -60
56 -60
56 -60
56 -60
56 -60
56 -60
56 -60
56 -60
56 -60
52 -58
52 -58
52 -58
52 -58
52 -58
52 -58
52 -58
52 -58
52 -58
52 -58
52 -58
52 -58
52 -58
52 -58
52 -58
52 -58
52 -58
52 -58
52 -58
52 -58
52 -58
52 -58
52 -58
52 -58
52 -58
52 -58
52 -58
52 -58
52 -58
47 -61
47 -61
47 -61
47 -61
47 -61
47 -61
47 -61
47 -61
47 -61
47 -61
47 -61
47 -61
47 -61
47 -61
47 -61
47 -61
47 -61
47 -61
47 -61
47 -61
47 -61
47 -61
47 -61
47 -61
47 -61
47 -61
47 -61
47 -61
47 -61
53 -72
53 -72
53 -72
53 -72
53 -72
53 -72
53 -72
53 -72
53 -72
53 -72
53 -72
53 -72
53 -72
53 -72
53 -72
53 -72
53 -72
53 -72
53 -72
53 -72
53 -72
53 -72
53 -72
53 -72
53 -72
53 -72
53 -72
53 -72
53 -72
53 -72
53 -72
53 -72
53 -72
53 -72
53 -72
53 -72
53 -72
53 -72
49 -73
49 -73
49 -73
49 -73
49 -73
49 -73
49 -73
49 -73
49 -73
49 -73
49 -73
49 -73
49 -73
49 -73
49 -73
49 -73
49 -73
50 -64
50 -64
50 -64
50 -64
50 -64
50 -64
50 -64
50 -64
50 -64
50 -64
50 -64
50 -64
50 -64
50 -64
50 -64
50 -64
50 -64
50 -64
50 -64
50 -64
50 -64
50 -64
50 -64
50 -64
50 -64
50 -64
50 -64
50 -64
50 -64
50 -64
50 -64
50 -64
50 -64
50 -64
50 -64
44 -65
44 -65
44 -65
44 -65
44 -65
44 -65
44 -65
44 -65
44 -65
44 -65
44 -65
44 -65
44 -65
44 -65
44 -65
44 -65
44 -65
44 -65
44 -65
36 -72
36 -72
36 -72
36 -72
36 -72
36 -72
36 -72
36 -72
36 -72
36 -72
36 -72
36 -72
36 -72
36 -72
36 -72
36 -72
36 -72
36 -72
36 -72
36 -72
36 -72
39 -79
39 -79
39 -79
39 -79
39 -79
39 -79
39 -79
39 -79
39 -79
39 -79
39 -79
39 -79
39 -79
39 -79
39 -79
39 -79
39 -79
39 -79
39 -79
39 -79
39 -79
39 -79
39 -79
39 -79
39 -79
39 -79
39 -79
39 -79
39 -79
39 -79
39 -79
39 -79
39 -79
39 -79
39 -79
39 -79
39 -79
28 -75
28 -75
28 -75
28 -75
28 -75
28 -75
28 -75
28 -75
28 -75
28 -75
28 -75
28 -75
28 -75
28 -75
28 -75
33 -82
33 -82
33 -82
33 -82
33 -82
33 -82
33 -82
33 -82
33 -82
33 -82
33 -82
33 -82
33 -82
33 -82
33 -82
33 -82
33 -82
33 -82
33 -82
33 -82
33 -82
33 -82
33 -82
33 -82
33 -82
33 -82
33 -82
33 -82
33 -82
33 -82
33 -82
33 -82
31 -88
31 -88
31 -88
31 -88
31 -88
31 -88
31 -88
31 -88
31 -88
31 -88
31 -88
31 -88
31 -88
31 -88
31 -88
31 -88
31 -88
31 -88
31 -87
31 -87
31 -87
31 -87
31 -87
31 -87
31 -87
31 -87
31 -87
31 -87
31 -87
31 -87
31 -87
31 -87
31 -87
31 -87
31 -87
31 -87
28 -101
28 -101
28 -101
28 -101
28 -101
28 -101
28 -101
28 -101
28 -101
28 -101
28 -101
28 -101
28 -101
28 -101
28 -101
28 -101
28 -101
28 -101
28 -101
28 -101
28 -101
28 -101
28 -101
28 -101
28 -101
28 -101
28 -101
28 -101
28 -101
28 -101
28 -101
28 -101
28 -101
28 -101
28 -101
28 -101
26 -89
26 -89
26 -89
26 -89
26 -89
26 -89
26 -89
26 -89
26 -89
26 -89
26 -89
26 -89
26 -89
23 -96
23 -96
23 -96
23 -96
23 -96
23 -96
23 -96
23 -96
23 -96
23 -96
23 -96
23 -96
23 -96
16 -94
16 -94
16 -94
16 -94
16 -94
16 -94
16 -94
16 -94
16 -94
16 -94
16 -94
16 -94
16 -94
16 -94
16 -94
16 -94
16 -94
16 -94
16 -94
16 -94
16 -94
16 -94
16 -94
16 -94
16 -94
16 -94
16 -94
16 -94
16 -101
16 -101
16 -101
16 -101
16 -101
16 -101
16 -101
16 -101
16 -101
16 -101
16 -101
16 -101
16 -101
16 -101
16 -101
10 -92
10 -92
10 -92
10 -92
10 -92
10 -92
10 -92
10 -92
10 -92
10 -92
10 -92
10 -92
10 -92
10 -92
10 -92
10 -92
10 -92
10 -92
10 -92
10 -92
10 -92
10 -92
10 -92
10 -92
10 -92
10 -92
10 -92
10 -92
10 -92
10 -92
10 -92
10 -92
10 -92
10 -92
10 -92
5 -92
5 -92
5 -92
5 -92
5 -92
5 -92
5 -92
5 -92
5 -92
5 -92
5 -92
5 -92
5 -92
5 -92
5 -92
5 -92
5 -92
2 -99
2 -99
2 -99
2 -99
2 -99
2 -99
2 -99
2 -99
2 -99
2 -99
2 -99
2 -99
2 -99
2 -99
2 -99
2 -99
2 -99
0 -97
0 -97
0 -97
0 -97
0 -97
0 -97
0 -97
0 -97
0 -97
0 -97
0 -97
0 -97
0 -97
0 -97
0 -97
0 -97
0 -97
0 -97
0 -97
0 -97
0 -97
0 -97
0 -97
0 -97
0 -97
0 -97
0 -97
0 -97
0 -97
0 -97
0 -97
0 -97
0 -97
0 -97
0 -97
0 -97
0 -97
3 -97
3 -97
3 -97
3 -97
3 -97
3 -97
3 -97
3 -97
3 -97
3 -97
3 -97
3 -97
3 -97
3 -97
3 -97
3 -97
3 -97
3 -97
1 -91
1 -91
1 -91
1 -91
1 -91
1 -91
1 -91
1 -91
1 -91
1 -91
1 -91
1 -91
1 -91
1 -91
1 -91
1 -91
1 -91
1 -91
-12 -97
-12 -97
-12 -97
-12 -97
-12 -97
-12 -97
-12 -97
-12 -97
-12 -97
-12 -97
-12 -97
-12 -97
-12 -97
-12 -97
-12 -97
-12 -97
-12 -97
-12 -97
-12 -97
-12 -97
-12 -97
-12 -97
-12 -97
-12 -97
-12 -97
-12 -97
-12 -97
-12 -97
-12 -97
-12 -97
-12 -97
-12 -97
-12 -93
-12 -93
-12 -93
-12 -93
-12 -93
-12 -93
-12 -93
-12 -93
-12 -93
-12 -93
-12 -93
-12 -93
-12 -93
-12 -93
-12 -93
-12 -93
-12 -93
-12 -93
-12 -93
-12 -93
-17 -97
-17 -97
-17 -97
-17 -97
-17 -97
-17 -97
-17 -97
-17 -97
-17 -97
-17 -97
-17 -97
-17 -97
-17 -97
-17 -97
-17 -97
-17 -97
-17 -97
-17 -97
-17 -97
-17 -97
-17 -97
-17 -97
-17 -97
-17 -97
-17 -97
-17 -97
-17 -97
-17 -97
-17 -97
-17 -97
-17 -97
-17 -97
-17 -97
-17 -97
-17 -97
-17 -97
-17 -92
-17 -92
-17 -92
-17 -92
-17 -92
-17 -92
-17 -92
-17 -92
-17 -92
-17 -92
-17 -92
-17 -92
-17 -92
-17 -92
-17 -92
-17 -92
-17 -92
-17 -92
-17 -92
-17 -92
-27 -92
-27 -92
-27 -92
-27 -92
-27 -92
-27 -92
-27 -92
-27 -92
-27 -92
-27 -92
-27 -92
-27 -92
-27 -92
-27 -92
-27 -92
-27 -92
-27 -92
-27 -92
-27 -92
-31 -82
-31 -82
-31 -82
-31 -82
-31 -82
-31 -82
-31 -82
-31 -82
-31 -82
-31 -82
-31 -82
-31 -82
-31 -82
-31 -82
-31 -82
-31 -82
-31 -82
-31 -82
-31 -82
-31 -82
-31 -82
-31 -82
-31 -82
-31 -82
-31 -82
-31 -82
-31 -82
-31 -82
-31 -82
-31 -82
-31 -82
-31 -82
-31 -82
-31 -82
-39 -81
-39 -81
-39 -81
-39 -81
-39 -81
-39 -81
-39 -81
-39 -81
-39 -81
-39 -81
-39 -81
-39 -81
-39 -81
-39 -81
-39 -81
-39 -81
-39 -81
-39 -81
-33 -84
-33 -84
-33 -84
-33 -84
-33 -84
-33 -84
-33 -84
-33 -84
-33 -84
-33 -84
-33 -84
-33 -84
-33 -84
-33 -84
-33 -84
-33 -84
-33 -84
-33 -84
-33 -84
-33 -84
-33 -84
-33 -84
-33 -84
-33 -84
-33 -84
-33 -84
-33 -84
-33 -84
-33 -84
-33 -84
-33 -84
-47 -77
-47 -77
-47 -77
-47 -77
-47 -77
-47 -77
-47 -77
-47 -77
-47 -77
-47 -77
-47 -77
-47 -77
-47 -77
-47 -77
-47 -77
-47 -77
-47 -77
-47 -77
-47 -77
-47 -77
-47 -77
-47 -77
-47 -77
-47 -77
-47 -77
-47 -77
-47 -77
-47 -77
-47 -77
-47 -77
-47 -77
-47 -77
-47 -77
-47 -77
-47 -77
-47 -77
-47 -77
-52 -77
-52 -77
-52 -77
-52 -77
-52 -77
-52 -77
-52 -77
-52 -77
-52 -77
-52 -77
-52 -77
-52 -77
-52 -77
-52 -77
-52 -77
-52 -77
-52 -77
-52 -77
-52 -77
-43 -64
-43 -64
-43 -64
-43 -64
-43 -64
-43 -64
-43 -64
-43 -64
-43 -64
-43 -64
-43 -64
-43 -64
-43 -64
-43 -64
-43 -64
-43 -64
-43 -64
-43 -64
-43 -64
-43 -64
-53 -58
-53 -58
-53 -58
-53 -58
-53 -58
-53 -58
-53 -58
-53 -58
-53 -58
-53 -58
-53 -58
-53 -58
-53 -58
-53 -58
-53 -58
-53 -58
-53 -58
-53 -58
-53 -58
-62 -50
-62 -50
-62 -50
-62 -50
-62 -50
-62 -50
-62 -50
-62 -50
-62 -50
-62 -50
-62 -50
-62 -50
-62 -50
-62 -50
-62 -50
-62 -50
-62 -50
-62 -50
-62 -50
-62 -50
-62 -50
-62 -50
-62 -50
-62 -50
-62 -50
-62 -50
-62 -50
-62 -50
-62 -50
-62 -50
-62 -50
-62 -50
-62 -50
-62 -50
-62 -50
-62 -50
-64 -57
-64 -57
-64 -57
-64 -57
-64 -57
-64 -57
-64 -57
-64 -57
-64 -57
-64 -57
-64 -57
-64 -57
-64 -57
-64 -57
-64 -57
-77 -53
-77 -53
-77 -53
-77 -53
-77 -53
-77 -53
-77 -53
-77 -53
-77 -53
-77 -53
-77 -53
-77 -53
-77 -53
-77 -53
-77 -53
-77 -53
-82 -46
-82 -46
-82 -46
-82 -46
-82 -46
-82 -46
-82 -46
-82 -46
-82 -46
-82 -46
-82 -46
-82 -46
-82 -46
-82 -46
-82 -46
-82 -46
-82 -46
-82 -46
-82 -46
-82 -46
-82 -46
-82 -46
-82 -46
-82 -46
-82 -46
-82 -46
-82 -46
-82 -46
-82 -46
-82 -46
-82 -46
-82 -46
-82 -46
-82 -46
-82 -46
-83 -50
-83 -50
-83 -50
-83 -50
-83 -50
-83 -50
-83 -50
-83 -50
-83 -50
-83 -50
-83 -50
-83 -50
-83 -50
-83 -50
-83 -50
-83 -50
-83 -50
-83 -50
-83 -50
-101 -44
-101 -44
-101 -44
-101 -44
-101 -44
-101 -44
-101 -44
-101 -44
-101 -44
-101 -44
-101 -44
-101 -44
-101 -44
-101 -44
-101 -44
-101 -44
-101 -44
-101 -44
-101 -44
-101 -44
-101 -44
-101 -44
-101 -44
-101 -44
-101 -44
-101 -44
-101 -44
-101 -44
-101 -44
-101 -44
-101 -44
-101 -44
-101 -44
-101 -44
-101 -44
-101 -44
-101 -44
-101 -44
-101 -44
-101 -44
-101 -44
-75 -39
-75 -39
-75 -39
-75 -39
-75 -39
-75 -39
-75 -39
-75 -39
-75 -39
-75 -39
-75 -39
-75 -39
-75 -39
-75 -39
-75 -39
-75 -39
-75 -39
-75 -39
-75 -39
-85 -43
-85 -43
-85 -43
-85 -43
-85 -43
-85 -43
-85 -43
-85 -43
-85 -43
-85 -43
-85 -43
-85 -43
-85 -43
-85 -43
-85 -43
-85 -43
-85 -43
-104 -46
-104 -46
-104 -46
-104 -46
-104 -46
-104 -46
-104 -46
-104 -46
-104 -46
-104 -46
-104 -46
-104 -46
-104 -46
-104 -46
-104 -46
-104 -46
-104 -46
-104 -46
-104 -46
-104 -46
-104 -46
-104 -46
-104 -46
-104 -46
-104 -46
-104 -46
-104 -46
-104 -46
-104 -46
-81 -32
-81 -32
-81 -32
-81 -32
-81 -32
-81 -32
-81 -32
-81 -32
-81 -32
-81 -32
-81 -32
-81 -32
-81 -32
-81 -32
-81 -32
-81 -32
-91 -38
-91 -38
-91 -38
-91 -38
-91 -38
-91 -38
-91 -38
-91 -38
-91 -38
-91 -38
-91 -38
-91 -38
-91 -38
-91 -38
-91 -38
-91 -38
-91 -38
-91 -38
-101 -29
-101 -29
-101 -29
-101 -29
-101 -29
-101 -29
-101 -29
-101 -29
-101 -29
-101 -29
-101 -29
-101 -29
-101 -29
-101 -29
-101 -29
-101 -29
-101 -29
-101 -29
-101 -29
-101 -29
-101 -29
-101 -29
-101 -29
-101 -29
-101 -29
-101 -29
-101 -29
-101 -29
-101 -29
-101 -29
-101 -29
-101 -29
-83 -25
-83 -25
-83 -25
-83 -25
-83 -25
-83 -25
-83 -25
-83 -25
-83 -25
-83 -25
-83 -25
-83 -25
-83 -25
-83 -25
-83 -25
-83 -25
-83 -25
-103 -29
-103 -29
-103 -29
-103 -29
-103 -29
-103 -29
-103 -29
-103 -29
-103 -29
-103 -29
-103 -29
-103 -29
-103 -29
-103 -29
-103 -29
-103 -29
-103 -29
-103 -29
-103 -29
-103 -29
-103 -29
-103 -29
-103 -29
-103 -29
-103 -29
-103 -29
-103 -29
-103 -29
-103 -29
-103 -29
-103 -29
-103 -29
-103 -29
-103 -29
-103 -29
-103 -29
-103 -29
-103 -29
-103 -29
-90 -12
-90 -12
-90 -12
-90 -12
-90 -12
-90 -12
-90 -12
-90 -12
-90 -12
-90 -12
-90 -12
-90 -12
-90 -12
-90 -12
-90 -12
-90 -12
-90 -12
-90 -12
-90 -12
-90 -12
-99 -11
-99 -11
-99 -11
-99 -11
-99 -11
-99 -11
-99 -11
-99 -11
-99 -11
-99 -11
-99 -11
-99 -11
-99 -11
-99 -11
-99 -11
-99 -11
-99 -11
-99 -11
-99 -11
-99 -11
-103 -10
-103 -10
-103 -10
-103 -10
-103 -10
-103 -10
-103 -10
-103 -10
-103 -10
-103 -10
-103 -10
-103 -10
-103 -10
-103 -10
-103 -10
-103 -10
-103 -10
-103 -10
-103 -10
-103 -10
-103 -10
-103 -10
-103 -10
-103 -10
-103 -10
-103 -10
-103 -10
-103 -10
-103 -10
-103 -10
-103 -10
-103 -10
-103 -10
-103 -10
-103 -10
-114 -5
-114 -5
-114 -5
-114 -5
-114 -5
-114 -5
-114 -5
-114 -5
-114 -5
-114 -5
-114 -5
-114 -5
-114 -5
-114 -5
-114 -5
-114 -5
-114 -5
-114 -5
-114 -5
-114 -5
-114 -5
-114 -5
-114 -5
-114 -5
-114 -5
-114 -5
-114 -5
-114 -5
-114 -5
-114 -5
-114 -5
-114 -5
-114 -5
-114 -5
-114 -5
-114 -5
-105 1
-105 1
-105 1
-105 1
-105 1
-105 1
-105 1
-105 1
-105 1
-105 1
-105 1
-105 1
-105 1
-105 1
-113 3
-113 3
-113 3
-113 3
-113 3
-113 3
-113 3
-113 3
-116 8
-116 8
-116 8
-116 8
-116 8
-116 8
-116 8
-116 8
-116 8
-116 8
-116 8
-116 8
-116 8
-116 8
-116 8
-116 8
-116 8
-116 8
-116 8
-103 2
-103 2
-103 2
-103 2
-103 2
-103 2
-103 2
-103 2
-103 2
-103 2
-103 2
-103 2
-103 2
-103 2
-103 2
-103 2
-103 2
-103 2
-103 2
-103 2
-103 2
-103 2
-103 2
-103 2
-103 2
-103 2
-103 2
-103 2
-103 2
-103 2
-103 2
-103 2
-103 2
-103 2
-103 2
-103 2
-103 2
-103 2
-117 12
-117 12
-117 12
-117 12
-117 12
-117 12
-117 12
-117 12
-117 12
-117 12
-117 12
-117 12
-117 12
-117 12
-117 12
-117 12
-117 12
-117 12
-117 12
-124 19
-124 19
-124 19
-124 19
-124 19
-124 19
-124 19
-124 19
-124 19
-124 19
-124 19
-124 19
-124 19
-124 19
-124 19
-124 19
-124 19
-124 19
-124 19
-124 19
-124 19
-124 19
-124 19
-124 19
-124 19
-124 19
-124 19
-124 19
-124 19
-124 19
-124 19
-124 19
-124 19
-124 19
-124 19
-124 19
-125 38
-125 38
-125 38
-125 38
-125 38
-125 38
-125 38
-125 38
-125 38
-125 38
-125 38
-125 38
-125 38
-125 38
-125 38
-125 38
-125 38
-109 38
-109 38
-109 38
-109 38
-109 38
-109 38
-109 38
-109 38
-109 38
-109 38
-109 38
-109 38
-109 38
-109 38
-109 38
-109 38
-109 38
-109 38
-106 45
-106 45
-106 45
-106 45
-106 45
-106 45
-106 45
-106 45
-106 45
-106 45
-106 45
-106 45
-106 45
-106 45
-106 45
-106 45
-106 45
-106 45
-106 45
-106 45
-106 45
-106 45
-106 45
-106 45
-106 45
-106 45
-106 45
-106 45
-106 45
-98 57
-98 57
-98 57
-98 57
-98 57
-98 57
-98 57
-98 57
-98 57
-98 57
-98 57
-98 57
-98 57
-98 57
-97 57
-97 57
-97 57
-97 57
-97 57
-97 57
-97 57
-97 57
-97 57
-97 57
-97 57
-88 66
-88 66
-88 66
-88 66
-88 66
-88 66
-88 66
-88 66
-88 66
-88 66
-88 66
-88 66
-88 66
-88 66
-88 66
-88 66
-88 66
-88 66
-88 66
-88 66
-88 66
-88 66
-88 66
-88 66
-88 66
-88 66
-88 66
-88 66
-88 66
-88 66
-88 66
-88 66
-88 66
-88 66
-88 66
-88 66
-88 66
-88 66
-88 66
-88 66
-88 66
-88 66
-72 64
-72 64
-72 64
-72 64
-72 64
-72 64
-72 64
-72 64
-72 64
-72 64
-72 64
-72 64
-72 64
-72 64
-72 64
-72 64
-72 64
-72 64
-72 64
-72 64
-72 64
-72 64
-72 64
-72 64
-72 64
-72 64
-72 64
-72 64
-72 64
-72 64
-72 64
-72 64
-75 70
-75 70
-75 70
-75 70
-75 70
-75 70
-75 70
-75 70
-75 70
-75 70
-75 70
-75 70
-75 70
-75 70
-75 70
-77 82
-77 82
-77 82
-77 82
-77 82
-77 82
-77 82
-77 82
-77 82
-77 82
-77 82
-77 82
-77 82
-77 82
-77 82
-77 82
-77 82
-77 82
-77 82
-77 82
-77 82
-77 82
-77 82
-77 82
-77 82
-77 82
-77 82
-77 82
-77 82
-77 82
-72 85
-72 85
-72 85
-72 85
-72 85
-72 85
-72 85
-72 85
-72 85
-72 85
-72 85
-72 85
-72 85
-72 85
-72 85
-72 85
-72 85
-72 85
-52 92
-52 92
-52 92
-52 92
-52 92
-52 92
-52 92
-52 92
-52 92
-52 92
-52 92
-52 92
-52 92
-52 92
-52 92
-52 92
-52 92
-52 92
-52 92
-52 92
-47 82
-47 82
-47 82
-47 82
-47 82
-47 82
-47 82
-47 82
-47 82
-47 82
-47 82
-47 82
-47 82
-47 82
-47 82
-47 82
-47 82
-47 82
-47 82
-47 82
-47 82
-47 82
-47 82
-47 82
-47 82
-47 82
-47 82
-47 82
-47 82
-47 82
-47 82
-47 82
-47 82
-47 82
-47 82
-47 82
-47 82
-42 81
-42 81
-42 81
-42 81
-42 81
-42 81
-42 81
-42 81
-42 81
-42 81
-42 81
-42 81
-42 81
-42 81
-42 81
-42 81
-37 78
-37 78
-37 78
-37 78
-37 78
-37 78
-37 78
-37 78
-37 78
-37 78
-37 78
-37 78
-37 78
-37 78
-37 78
-37 78
-37 78
-37 78
-32 88
-32 88
-32 88
-32 88
-32 88
-32 88
-32 88
-32 88
-32 88
-32 88
-32 88
-32 88
-32 88
-32 88
-32 88
-32 88
-32 88
-32 88
-32 88
-32 88
-32 88
-32 88
-32 88
-32 88
-32 88
-32 88
-32 88
-32 88
-32 88
-32 88
-32 88
-32 88
-32 88
-32 88
-32 88
-32 88
-32 88
-32 88
-32 88
-27 87
-27 87
-27 87
-27 87
-27 87
-27 87
-27 87
-27 87
-27 87
-27 87
-27 87
-27 87
-27 87
-27 87
-27 87
-27 87
-19 79
-19 79
-19 79
-19 79
-19 79
-19 79
-19 79
-19 79
-19 79
-19 79
-19 79
-19 79
-19 79
-19 79
-19 79
-19 79
-14 88
-14 88
-14 88
-14 88
-14 88
-14 88
-14 88
-14 88
-14 88
-14 88
-14 88
-14 88
-14 88
-14 88
-14 88
-14 88
-14 88
-14 88
-14 88
-14 88
-14 88
-14 88
-14 88
-14 88
-14 88
-14 88
-14 88
-14 88
-14 88
-14 88
-14 88
-14 88
-14 88
-14 88
-14 88
-8 84
-8 84
-8 84
-8 84
-8 84
-8 84
-8 84
-8 84
-8 84
-8 84
-8 84
-8 84
-8 84
-8 84
-8 84
-8 84
-8 84
-8 84
-2 77
-2 77
-2 77
-2 77
-2 77
-2 77
-2 77
-2 77
-2 77
-2 77
-2 77
-2 77
-2 77
-2 77
-2 77
-2 77
-2 77
-2 77
-2 77
-2 77
-2 77
-2 77
-2 77
-2 77
-2 77
-2 77
-2 77
-2 77
-2 77
-2 77
-2 77
-2 77
-2 77
-2 77
-2 77
-2 77
3 72
3 72
3 72
3 72
3 72
3 72
3 72
3 72
3 72
3 72
3 72
3 72
3 72
3 72
3 72
3 72
3 72
3 72
3 72
3 72
3 72
3 72
3 72
3 72
3 72
3 72
3 72
3 72
3 72
3 72
3 72
3 72
3 72
3 72
3 72
3 72
3 72
3 72
3 72
3 72
3 72
7 68
7 68
7 68
7 68
7 68
7 68
7 68
7 68
7 68
7 68
7 68
7 68
7 68
7 68
7 68
7 68
7 68
7 68
7 68
10 56
10 56
10 56
10 56
10 56
10 56
10 56
10 56
10 56
10 56
10 56
10 56
10 56
10 56
10 56
10 56
10 56
8 49
8 49
8 49
8 49
8 49
8 49
8 49
8 49
8 49
8 49
8 49
8 49
8 49
8 49
8 49
8 49
8 49
8 49
8 49
10 42
10 42
10 42
10 42
10 42
10 42
10 42
10 42
10 42
10 42
10 42
10 42
10 42
10 42
10 42
10 42
10 42
10 42
10 42
10 42
10 42
10 42
10 42
10 42
10 42
10 42
10 42
10 42
10 42
10 42
10 42
10 42
10 42
10 42
10 42
10 42
10 42
10 42
8 36
8 36
8 36
8 36
8 36
8 36
8 36
8 36
8 36
8 36
8 36
8 36
8 36
8 36
8 36
8 36
8 36
8 36
8 36
6 22
6 22
6 22
6 22
6 22
6 22
6 22
6 22
6 22
6 22
6 22
6 22
6 22
6 22
6 22
6 22
6 22
6 22
6 22
6 22
6 22
6 22
6 22
6 22
6 22
6 22
6 22
6 22
6 22
6 22
6 22
6 22
6 22
6 22
3 13
3 13
3 13
3 13
3 13
3 13
3 13
3 13
3 13
3 13
3 13
3 13
3 13
3 13
3 13
3 13
3 13
3 13
1 5
1 5
1 5
1 5
1 5
1 5
1 5
1 5
1 5
1 5
1 5
1 5
1 5
1 5
0 1
0 1
0 1
0 1
0 1
0 1
0 1
0 1
0 1
0 1
0 1
0 1
0 1
0 1
0 1
0 1
0 1
0 1
0 1
0 1
0 1
0 1
0 1
0 1
0 1
0 1
0 1
0 1
0 1
0 1
0 1
0 1
0 1
0 1
0 1
0 1
0 1
0 1
0 1
0 1
0 1
0 1
0 1
0 1
0 1
0 1
0 1
0 1
0 1
0 1
0 1
0 1
0 1
0 1
0 1
0 1
0 1
0 1
0 1
0 1
0 1
0 1
0 1
0 1
0 1
0 1
0 1
0 1
0 1
0 1
0 1
0 1
0 1
0 1
0 1
0 1
0 1
0 1
0 1
0 1
0 1
0 1
0 1
0 1
0 1
0 1
0 1
0 1
0 1
0 1
0 1
0 1
0 1
0 1
0 1
0 1
0 1
0 1
0 1
0 1
0 1
0 1
0 1
0 1
0 1
0 1
0 1
0 1
0 1
0 1
0 1
0 1
0 1
0 1
0 1
0 1
0 1
0 1
0 1
0 1
0 1
0 1
0 1
0 1
0 1
0 1
0 1
0 1
0 1
0 1
0 1
0 1
0 1
0 1
0 1
0 1
0 1
0 1
0 1
0 1
0 1
0 1
0 1
0 1
0 1
0 1
0 1
0 1
0 1
0 1
0 1
0 1
0 1
0 1
0 1
0 1
0 1
0 1
0 1
0 1
0 1
0 1
0 1
0 1
0 1
0 1
0 1
0 1
0 1
0 1
0 1
0 1
0 1
0 1
0 1
0 1
0 1
0 1
0 1
0 1
0 1
0 1
0 1
0 1
0 1
0 1
0 1
0 1
0 1
0 1
0 1
0 1
0 1
0 1
0 1
0 1
0 1
0 1
0 1
0 1
0 1
0 1
0 1
0 1
0 1
0 1
0 1
0 1
0 1
0 1
0 1
0 1
0 1
0 1
0 1
0 1
0 1
0 1
0 1
0 1
0 1
0 1
0 1
0 1
0 1
0 1
0 1
0 1
0 1
0 1
0 1
0 1
0 1
0 1
0 1
0 1
0 1
0 2
0 2
0 2
0 2
0 2
0 2
0 2
0 2
0 2
0 2
0 2
0 2
0 2
0 2
0 2
0 2
0 2
0 2
0 2
0 2
0 2
0 2
0 2
0 2
0 2
0 2
0 2
0 2
0 2
0 2
0 2
0 2
0 2
0 2
0 2
0 2
0 2
0 2
0 3
0 3
0 3
0 3
0 3
0 3
0 3
0 3
0 3
0 3
0 3
0 3
0 3
0 3
0 3
0 3
0 3
0 3
1 3
1 3
1 3
1 3
1 3
1 3
1 3
1 3
1 3
1 3
1 3
1 3
1 3
1 3
1 3
1 3
1 3
1 3
1 3
1 3
1 3
1 3
1 3
1 3
1 3
1 3
1 3
1 3
1 3
1 3
1 3
1 3
1 3
1 3
1 3
1 3
0 2
0 2
0 2
0 2
0 2
0 2
0 2
0 2
0 2
0 2
0 2
0 2
0 2
0 2
0 2
0 2
0 2
0 2
0 2
0 2
0 2
0 2
0 2
0 2
0 2
0 2
0 2
0 2
0 2
0 2
0 2
0 2
0 2
0 2
0 1
0 1
0 1
0 1
0 1
0 1
0 1
0 1
0 1
0 1
0 1
0 1
0 1
0 1
0 1
0 1
0 1
0 1
0 1
0 1
0 1
0 1
0 1
0 1
0 1
0 1
0 1
0 1
0 1
0 1
0 1
0 1
0 1
0 1
0 2
0 2
0 2
0 2
0 2
0 2
0 2
0 2
0 2
0 2
0 2
0 2
0 2
0 2
0 2
-1 1
-1 1
-1 1
-1 1
-1 1
-1 1
-1 1
-1 1
-1 1
-1 1
-1 1
-1 1
-1 1
-1 1
-1 1
-1 1
-1 1
-1 1
-1 1
-1 1
-1 1
-1 1
-1 1
-1 1
-1 1
-1 1
-1 1
-1 1
-1 1
-1 1
-1 1
-1 1
-1 1
-1 1
-1 1
-1 1
-1 1
-1 1
-1 1
-1 1
-1 1
-1 1
-1 1
-1 1
-1 1
-1 1
-1 1
-1 1
-1 1
-1 1
-1 1
-1 1
-1 1
-1 1
-1 1
-1 1
-1 1
-1 1
-1 1
-1 1
-1 1
-1 1
-1 1
-1 1
-1 1
-1 1
-1 1
-1 1
-1 1
-1 1
-1 1
-1 1
-1 1
-1 1
-1 1
-1 1
-1 1
-1 1
-1 1
-1 1
-1 1
-1 1
-1 1
-1 1
-1 1
-1 1
-1 1
-1 1
-1 1
-1 1
-1 1
-1 1
-1 1
-1 1
-1 1
-1 1
-1 1
-1 1
-1 1
-1 1
-1 1
-1 1
-1 1
-1 1
-1 1
-1 1
-1 1
-1 1
-1 1
-1 1
-1 1
-1 1
-1 1
-1 1
-1 1
-1 1
-1 1
-1 1
-1 1
-1 1
-1 1
-1 1
-1 1
-1 1
-1 1
-1 1
-1 1
-1 1
-1 1
-1 1
-1 1
-1 1
-1 1
-1 1
-1 1
-1 1
-1 1
-1 1
-1 1
-1 1
-1 1
-1 1
-1 1
-1 1
-1 1
-1 1
-1 1
-1 1
-1 1
-1 1
-1 1
-1 1
-1 1
-1 1
-1 1
-1 1
-1 1
-1 1
-1 1
-1 1
-1 1
-1 1
-1 1
-1 1
-1 1
-1 1
-1 1
-1 1
-1 1
-1 1
-1 1
-1 1
-1 1
-1 1
-1 1
-1 1
-1 1
-1 1
-1 1
-1 1
-1 1
-1 1
-1 1
-1 1
-1 1
-1 1
-1 1
-1 1
-1 1
-1 1
-1 1
-1 1
-1 1
-1 1
-1 1
-1 1
-1 1
-1 1
-1 1
-1 1
-1 1
-1 1
-1 1
-1 1
-1 1
-1 1
-1 1
-1 1
-1 1
-1 1
-1 1
-1 1
-1 1
-1 1
-1 1
-1 1
-1 1
-1 1
-1 1
-1 1
-1 1
-1 1
-1 1
-1 1
-1 1
-1 1
-1 1
-1 1
-1 1
-1 1
-1 1
-1 1
-1 1
-1 1
-1 1
-1 1
-1 1
-1 1
-1 1
-1 1
-1 1
-1 1
-1 1
-1 1
-1 1
-1 1
-1 1
-1 1
-1 1
-1 1
-1 1
-1 1
-1 1
-1 1
-1 1
-1 1
-1 1
-1 1
-1 1
-1 1
-1 1
-1 1
-1 1
-1 1
-1 1
-1 1
-1 1
-1 1
-1 1
-1 1
-1 1
-1 1
-1 1
-1 1
-1 1
-1 1
-1 1
-1 1
-1 1
-1 1
-1 1
-1 1
-1 1
-1 1
-1 1
-1 1
-1 1
-1 1
-1 1
-1 1
-1 1
-1 1
-1 1
-1 1
-1 1
-1 1
-1 1
-1 1
-1 1
-1 1
-1 1
-1 1
-1 1
-1 1
-1 1
-1 1
-1 1
-1 1
-1 1
-1 1
-1 1
-1 1
-1 1
-1 1
-1 1
-1 1
-1 1
-1 1
-1 1
-1 1
-1 1
-1 1
-1 1
-1 1
-1 1
-1 1
-1 1
-1 1
-1 1
-1 1
-1 1
-1 1
-1 1
-1 1
-1 1
-1 1
-1 1
-1 1
-1 1
-1 1
-1 1
-1 1
-1 1
-1 1
-1 1
-1 1
-1 1
-1 1
-1 1
-1 1
-1 1
-1 1
-1 1
-1 1
-1 1
-1 1
-1 1
-1 1
-1 1
-1 1
-1 1
-1 1
-1 1
-1 1
-1 1
-1 1
-1 1
-1 1
-1 1
-1 1
-1 1
-1 1
-1 1
-1 1
-1 1
-1 1
-1 1
-1 1
-1 1
-1 1
-1 1
-1 1
-1 1
-1 1
-1 1
-1 1
-1 1
-1 1
-1 1
-1 1
-1 1
-1 1
-1 1
-1 1
-1 1
-1 1
-1 1
-1 1
-1 1
-1 1
-1 1
-1 1
-1 1
-1 1
-1 1
-1 1
-1 1
-1 1
-1 1
-1 1
-1 1
-1 1
-1 1
-1 1
-1 1
-1 1
-1 1
-1 1
-1 1
-1 1
-1 1
-1 1
-1 1
-1 1
-1 1
-1 1
-1 1
-1 1
-1 1
-1 1
-1 1
-1 1
-1 1
-1 1
-1 1
-1 1
-1 1
-1 1
-1 1
-1 1
-1 1
-1 1
-1 1
-1 1
-1 1
-1 1
-1 1
-1 1
-1 1
-1 1
-1 1
-1 1
-1 1
-1 1
-1 1
-1 1
-1 1
-1 1
-1 1
-1 1
-1 1
-1 1
-1 1
-1 1
-1 1
-1 1
-1 1
-1 1
-1 1
-1 1
-1 1
-1 1
-1 1
-1 1
-1 1
-1 1
-1 1
-1 1
-1 1
-1 1
-1 1
-1 1
-1 1
-1 1
-1 1
-1 1
-1 1
-1 1
-1 1
-1 1
-1 1
-1 1
-1 1
-1 1
-1 1
-1 1
-1 1
-1 1
-1 1
-1 1
-1 1
-1 1
-1 1
-1 1
-1 1
-1 1
-1 1
-1 1
-1 1
-1 1
-1 1
-1 1
-1 1
-1 1
-1 1
-1 1
-1 1
-1 1
-1 1
-1 1
-1 1
-1 1
-1 1
-1 1
-1 1
-1 1
-1 1
-1 1
-1 1
-1 1
-1 1
-1 1
-1 1
-1 1
-1 1
-1 1
-1 1
-1 1
-1 1
-1 1
-1 1
-1 1
-1 1
-1 1
-1 1
-1 1
-1 1
-1 1
-1 1
-1 1
-1 1
-1 1
-1 1
-1 1
-1 1
-1 1
-1 1
-1 1
-1 1
-1 1
-1 1
-1 1
-1 1
-1 1
-1 1
-1 1
-1 1
-1 1
-1 1
-1 1
-1 1
-1 1
-1 1
-1 1
-1 1
-1 1
-1 1
-1 1
-1 1
-1 1
-1 1
-1 1
-1 1
-1 1
-1 1
-1 1
-1 1
-1 1
-1 1
-1 1
-1 1
-1 1
-1 1
-1 1
-1 1
-1 1
-1 1
-1 1
-1 1
-1 1
-1 1
-1 1
-1 1
-1 1
-1 1
-1 1
-1 1
-1 1
-1 1
-1 1
-1 1
-1 1
-1 1
-1 1
-1 1
-1 1
-1 1
-1 1
-1 1
-1 1
-1 1
-1 1
-1 1
-1 1
-1 1
-1 1
-1 1
-1 1
-1 1
-1 1
-1 1
-1 1
-1 1
-1 1
-1 1
-1 1
-1 1
-1 1
-1 1
-1 1
-1 1
-1 1
-1 1
-1 1
-1 1
-1 1
-1 1
-1 1
-1 1
-1 1
-1 1
-1 1
-1 1
-1 1
-1 1
-1 1
-1 1
-1 1
-1 1
-1 1
-1 1
-1 1
-1 1
-1 1
-1 1
-1 1
-1 1
-1 1
-1 1
-1 1
-1 1
-1 1
-1 1
-1 1
-1 1
-1 1
-1 1
-1 1
-1 1
-1 1
-1 1
-1 1
-1 1
-1 1
-1 1
-1 1
-1 1
-1 1
-1 1
-1 1
