14 -91
3 -100
3 -100
3 -100
3 -100
3 -100
3 -100
3 -100
3 -100
3 -100
3 -100
3 -100
3 -100
3 -100
3 -100
3 -100
3 -100
3 -100
3 -100
3 -100
3 -100
3 -100
3 -100
3 -100
3 -100
3 -100
3 -100
3 -100
3 -100
3 -100
3 -100
3 -100
3 -100
3 -100
3 -100
3 -100
3 -100
3 -100
3 -100
3 -100
3 -100
3 -100
3 -100
3 -100
3 -100
3 -100
3 -100
3 -100
3 -100
3 -100
3 -100
3 -100
-3 -102
-9 -106
-9 -106
-9 -106
-9 -106
-9 -106
-9 -106
-9 -106
-9 -106
-9 -106
-9 -106
-9 -106
-9 -106
-9 -106
-9 -106
-9 -106
-9 -106
-9 -106
-9 -106
-9 -106
-9 -106
-18 -100
-18 -100
-18 -100
-18 -100
-18 -100
-18 -100
-18 -100
-18 -100
-18 -100
-18 -100
-18 -100
-18 -100
-18 -100
-18 -100
-18 -100
-18 -100
-18 -100
-18 -100
-18 -100
-18 -100
-14 -99
-14 -99
-14 -99
-14 -99
-14 -99
-14 -99
-14 -99
-14 -99
-14 -99
-14 -99
-14 -99
-14 -99
-14 -99
-14 -99
-14 -99
-14 -99
-14 -99
-14 -99
-14 -99
-14 -99
-14 -99
-14 -99
-26 -105
-26 -105
-26 -105
-26 -105
-26 -105
-26 -105
-26 -105
-26 -105
-26 -105
-26 -105
-26 -105
-26 -105
-26 -105
-26 -105
-26 -105
-26 -105
-26 -105
-26 -105
-26 -105
-26 -105
-26 -105
-26 -105
-26 -105
-26 -105
-26 -105
-26 -105
-26 -105
-26 -105
-26 -105
-26 -105
-26 -105
-26 -105
-26 -105
-26 -105
-26 -105
-26 -105
-26 -105
-26 -105
-23 -100
-23 -100
-23 -100
-23 -100
-23 -100
-23 -100
-23 -100
-23 -100
-23 -100
-23 -100
-23 -100
-23 -100
-23 -100
-23 -100
-23 -100
-23 -100
-23 -100
-23 -100
-23 -100
-23 -100
-23 -100
-23 -100
-23 -100
-23 -100
-23 -100
-23 -100
-23 -100
-23 -100
-23 -100
-23 -100
-23 -100
-23 -100
-23 -100
-23 -100
-23 -100
-23 -100
-23 -100
-23 -100
-23 -100
-23 -100
-23 -100
-23 -100
-28 -97
-28 -97
-28 -97
-28 -97
-28 -97
-28 -97
-28 -97
-28 -97
-28 -97
-28 -97
-28 -97
-28 -97
-28 -97
-28 -97
-28 -97
-28 -97
-28 -97
-28 -97
-28 -97
-28 -97
-28 -97
-37 -98
-37 -98
-37 -98
-37 -98
-37 -98
-37 -98
-37 -98
-37 -98
-37 -98
-37 -98
-37 -98
-37 -98
-37 -98
-37 -98
-37 -98
-37 -98
-37 -98
-37 -98
-37 -98
-37 -98
-37 -98
-37 -98
-37 -98
-39 -88
-39 -88
-39 -88
-39 -88
-39 -88
-39 -88
-39 -88
-39 -88
-39 -88
-39 -88
-39 -88
-39 -88
-39 -88
-39 -88
-39 -88
-39 -88
-39 -88
-39 -88
-39 -88
-39 -88
-39 -88
-39 -88
-41 -84
-41 -84
-41 -84
-41 -84
-41 -84
-41 -84
-41 -84
-41 -84
-41 -84
-41 -84
-41 -84
-41 -84
-41 -84
-41 -84
-41 -84
-41 -84
-41 -84
-41 -84
-41 -84
-41 -84
-41 -84
-41 -84
-41 -84
-41 -84
-41 -84
-41 -84
-41 -84
-41 -84
-41 -84
-41 -84
-41 -84
-41 -84
-41 -84
-41 -84
-41 -84
-41 -84
-41 -84
-41 -84
-41 -84
-41 -84
-41 -84
-41 -84
-45 -85
-45 -85
-45 -85
-45 -85
-45 -85
-45 -85
-45 -85
-45 -85
-45 -85
-45 -85
-45 -85
-45 -85
-45 -85
-45 -85
-45 -85
-45 -85
-45 -85
-45 -85
-45 -85
-45 -85
-45 -85
-45 -85
-45 -85
-45 -85
-45 -85
-45 -85
-45 -85
-45 -85
-45 -85
-45 -85
-45 -85
-45 -85
-45 -85
-45 -85
-45 -85
-45 -85
-45 -85
-45 -85
-45 -85
-40 -69
-40 -69
-40 -69
-40 -69
-40 -69
-40 -69
-40 -69
-40 -69
-40 -69
-40 -69
-40 -69
-40 -69
-40 -69
-40 -69
-40 -69
-40 -69
-40 -69
-40 -69
-40 -69
-40 -69
-40 -69
-40 -69
-40 -69
-40 -69
-40 -69
-40 -69
-40 -69
-40 -69
-40 -69
-40 -69
-40 -69
-40 -69
-40 -69
-40 -69
-40 -69
-40 -69
-40 -69
-40 -69
-40 -69
-40 -69
-40 -69
-40 -69
-40 -69
-40 -69
-40 -69
-40 -69
-40 -69
-40 -69
-40 -69
-40 -69
-40 -69
-40 -69
-40 -69
-40 -69
-40 -69
-40 -69
-40 -69
-40 -69
-40 -69
-40 -69
-40 -69
-40 -69
-40 -69
-40 -69
-40 -69
-40 -69
-40 -69
-40 -69
-40 -69
-60 -82
-68 -90
-68 -90
-68 -90
-68 -90
-68 -90
-68 -90
-68 -90
-68 -90
-68 -90
-68 -90
-68 -90
-68 -90
-68 -90
-68 -90
-68 -90
-68 -90
-68 -90
-68 -90
-68 -90
-68 -90
-68 -90
-66 -67
-66 -67
-66 -67
-66 -67
-66 -67
-66 -67
-66 -67
-66 -67
-66 -67
-66 -67
-66 -67
-66 -67
-66 -67
-66 -67
-66 -67
-66 -67
-66 -67
-66 -67
-66 -67
-66 -67
-66 -67
-66 -67
-66 -67
-66 -67
-66 -67
-66 -67
-66 -67
-66 -67
-66 -67
-66 -67
-66 -67
-66 -67
-66 -67
-66 -67
-66 -67
-66 -67
-66 -67
-66 -67
-66 -67
-66 -67
-66 -67
-66 -67
-66 -67
-66 -67
-66 -67
-91 -58
-91 -58
-91 -58
-91 -58
-91 -58
-91 -58
-91 -58
-91 -58
-91 -58
-91 -58
-91 -58
-91 -58
-91 -58
-91 -58
-91 -58
-91 -58
-91 -58
-91 -58
-91 -58
-91 -58
-91 -58
-91 -58
-91 -58
-91 -58
-91 -58
-91 -58
-91 -58
-91 -58
-91 -58
-91 -58
-91 -58
-91 -58
-91 -58
-91 -58
-91 -58
-91 -58
-91 -58
-91 -58
-91 -58
-91 -58
-91 -58
-91 -58
-91 -58
-91 -58
-88 -51
-88 -51
-88 -51
-88 -51
-88 -51
-88 -51
-88 -51
-88 -51
-88 -51
-88 -51
-88 -51
-88 -51
-88 -51
-88 -51
-88 -51
-88 -51
-88 -51
-88 -51
-88 -51
-88 -51
-88 -51
-86 -46
-86 -46
-86 -46
-86 -46
-86 -46
-86 -46
-86 -46
-86 -46
-86 -46
-86 -46
-86 -46
-86 -46
-86 -46
-86 -46
-86 -46
-86 -46
-86 -46
-86 -46
-111 -52
-111 -52
-111 -52
-111 -52
-111 -52
-111 -52
-111 -52
-111 -52
-111 -52
-111 -52
-111 -52
-111 -52
-111 -52
-111 -52
-111 -52
-111 -52
-111 -52
-111 -52
-111 -52
-111 -52
-111 -52
-111 -52
-111 -52
-111 -52
-111 -52
-111 -52
-111 -52
-111 -52
-111 -52
-111 -52
-111 -52
-111 -52
-111 -52
-111 -52
-111 -52
-111 -52
-111 -52
-111 -52
-111 -52
-111 -52
-111 -52
-111 -52
-111 -52
-111 -52
-111 -52
-96 -33
-96 -33
-96 -33
-96 -33
-96 -33
-96 -33
-96 -33
-96 -33
-96 -33
-96 -33
-96 -33
-96 -33
-96 -33
-96 -33
-96 -33
-96 -33
-96 -33
-96 -33
-96 -33
-96 -33
-96 -33
-96 -33
-114 -29
-114 -29
-114 -29
-114 -29
-114 -29
-114 -29
-114 -29
-114 -29
-114 -29
-114 -29
-114 -29
-114 -29
-114 -29
-114 -29
-114 -29
-114 -29
-114 -29
-114 -29
-114 -29
-114 -29
-114 -29
-114 -29
-114 -29
-114 -29
-114 -29
-114 -29
-114 -29
-114 -29
-114 -29
-114 -29
-114 -29
-114 -29
-114 -29
-114 -29
-114 -29
-114 -29
-114 -29
-114 -29
-114 -29
-114 -29
-114 -29
-114 -29
-106 -21
-106 -21
-106 -21
-106 -21
-106 -21
-106 -21
-106 -21
-106 -21
-106 -21
-106 -21
-106 -21
-106 -21
-106 -21
-106 -21
-106 -21
-106 -21
-106 -21
-106 -21
-106 -21
-106 -21
-106 -21
-106 -21
-106 -21
-106 -21
-106 -21
-106 -21
-106 -21
-106 -21
-106 -21
-106 -21
-106 -21
-106 -21
-106 -21
-106 -21
-106 -21
-106 -21
-106 -21
-106 -21
-106 -21
-106 -21
-113 -6
-113 -6
-113 -6
-113 -6
-113 -6
-113 -6
-113 -6
-113 -6
-113 -6
-113 -6
-113 -6
-113 -6
-113 -6
-113 -6
-113 -6
-113 -6
-113 -6
-113 -6
-113 -6
-113 -6
-113 -6
-113 -6
-113 -6
-113 -6
-113 -6
-113 -6
-113 -6
-113 -6
-113 -6
-113 -6
-113 -6
-113 -6
-113 -6
-113 -6
-113 -6
-113 -6
-113 -6
-112 2
-112 2
-112 2
-112 2
-112 2
-112 2
-112 2
-112 2
-112 2
-112 2
-112 2
-112 2
-112 2
-112 2
-112 2
-112 2
-112 2
-112 2
-112 2
-112 2
-112 2
-112 2
-112 2
-115 -3
-115 -3
-115 -3
-115 -3
-115 -3
-115 -3
-115 -3
-115 -3
-115 -3
-115 -3
-115 -3
-115 -3
-115 -3
-115 -3
-115 -3
-115 -3
-115 -3
-115 -3
-115 -3
-115 -3
-115 -3
-134 20
-134 20
-134 20
-134 20
-134 20
-134 20
-134 20
-134 20
-134 20
-134 20
-134 20
-134 20
-134 20
-134 20
-134 20
-134 20
-134 20
-134 20
-134 20
-134 20
-134 20
-134 20
-134 20
-134 20
-134 20
-134 20
-134 20
-134 20
-134 20
-134 20
-134 20
-134 20
-134 20
-134 20
-134 20
-134 20
-134 20
-134 20
-134 20
-134 20
-134 20
-134 20
-134 20
-134 20
-134 20
-134 20
-134 20
-134 20
-134 20
-134 20
-134 20
-134 20
-134 20
-134 20
-134 20
-134 20
-134 20
-134 20
-134 20
-134 20
-134 20
-134 20
-134 20
-134 20
-134 20
-134 20
-134 20
-134 20
-134 20
-134 20
-134 20
-134 20
-134 20
-134 20
-134 20
-134 20
-134 20
-134 20
-134 20
-134 20
-134 20
-134 20
-134 20
-134 20
-134 20
-134 20
-134 20
-134 20
-123 30
-123 30
-123 30
-123 30
-123 30
-123 30
-123 30
-123 30
-123 30
-123 30
-123 30
-123 30
-123 30
-123 30
-123 30
-123 30
-123 30
-123 30
-123 30
-123 30
-123 30
-123 30
-123 30
-123 30
-123 30
-113 35
-113 35
-113 35
-113 35
-113 35
-113 35
-113 35
-113 35
-113 35
-113 35
-113 35
-113 35
-113 35
-113 35
-113 35
-113 35
-113 35
-113 35
-113 35
-113 35
-113 35
-109 31
-109 31
-109 31
-109 31
-109 31
-109 31
-109 31
-109 31
-109 31
-109 31
-109 31
-109 31
-109 31
-109 31
-109 31
-109 31
-109 31
-109 31
-109 31
-109 31
-109 31
-109 31
-109 31
-109 31
-109 31
-109 31
-109 31
-109 31
-109 31
-109 31
-109 31
-109 31
-109 31
-109 31
-109 31
-109 31
-109 31
-109 31
-109 31
-109 31
-109 31
-109 31
-109 31
-109 31
-109 31
-109 31
-109 31
-109 31
-109 31
-109 31
-109 31
-109 31
-109 31
-109 31
-109 31
-109 31
-109 31
-109 31
-109 31
-109 31
-109 31
-109 31
-109 31
-109 31
-109 31
-109 31
-109 31
-118 56
-104 66
-104 66
-104 66
-104 66
-104 66
-104 66
-104 66
-104 66
-104 66
-104 66
-104 66
-104 66
-104 66
-104 66
-104 66
-104 66
-104 66
-104 66
-104 66
-104 66
-104 66
-109 70
-109 70
-109 70
-109 70
-109 70
-109 70
-109 70
-109 70
-109 70
-109 70
-109 70
-109 70
-109 70
-109 70
-109 70
-109 70
-109 70
-109 70
-109 70
-109 70
-109 70
-109 70
-109 70
-109 70
-109 70
-109 70
-109 70
-109 70
-109 70
-109 70
-109 70
-109 70
-109 70
-109 70
-109 70
-109 70
-109 70
-109 70
-109 70
-109 70
-109 70
-109 70
-109 70
-109 70
-109 70
-109 70
-109 70
-109 70
-109 70
-109 70
-101 83
-101 83
-101 83
-101 83
-101 83
-101 83
-101 83
-101 83
-101 83
-101 83
-101 83
-101 83
-101 83
-101 83
-101 83
-101 83
-101 83
-101 83
-101 83
-101 83
-101 83
-101 83
-101 83
-101 83
-101 83
-101 83
-101 83
-101 83
-101 83
-101 83
-101 83
-101 83
-101 83
-101 83
-101 83
-101 83
-101 83
-101 83
-101 83
-101 83
-101 83
-101 83
-101 83
-101 83
-101 83
-101 83
-90 77
-90 77
-90 77
-90 77
-90 77
-90 77
-90 77
-90 77
-90 77
-90 77
-90 77
-90 77
-90 77
-90 77
-90 77
-90 77
-90 77
-90 77
-90 77
-90 77
-88 87
-88 87
-88 87
-88 87
-88 87
-88 87
-88 87
-88 87
-88 87
-88 87
-88 87
-88 87
-88 87
-88 87
-88 87
-88 87
-88 87
-88 87
-88 87
-88 87
-88 87
-88 87
-88 87
-88 87
-88 87
-88 87
-88 87
-88 87
-88 87
-88 87
-88 87
-88 87
-88 87
-88 87
-88 87
-88 87
-88 87
-88 87
-88 87
-88 87
-88 87
-88 87
-88 87
-81 91
-81 91
-81 91
-81 91
-81 91
-81 91
-81 91
-81 91
-81 91
-81 91
-81 91
-81 91
-81 91
-81 91
-81 91
-81 91
-81 91
-81 91
-81 91
-81 91
-81 91
-81 91
-81 91
-81 91
-81 91
-81 91
-81 91
-81 91
-81 91
-81 91
-81 91
-81 91
-81 91
-81 91
-81 91
-81 91
-81 91
-81 91
-81 91
-81 91
-81 91
-81 91
-81 91
-81 91
-81 91
-62 96
-62 96
-62 96
-62 96
-62 96
-62 96
-62 96
-62 96
-62 96
-62 96
-62 96
-62 96
-62 96
-62 96
-62 96
-62 96
-62 96
-62 96
-54 104
-54 104
-54 104
-54 104
-54 104
-54 104
-54 104
-54 104
-54 104
-54 104
-54 104
-54 104
-54 104
-54 104
-54 104
-54 104
-54 104
-54 104
-54 104
-40 96
-40 96
-40 96
-40 96
-40 96
-40 96
-40 96
-40 96
-40 96
-40 96
-40 96
-40 96
-40 96
-40 96
-40 96
-40 96
-40 96
-40 96
-40 96
-40 96
-40 96
-40 96
-40 96
-40 96
-40 96
-40 96
-40 96
-40 96
-40 96
-40 96
-40 96
-40 96
-40 96
-40 96
-40 96
-40 96
-40 96
-40 96
-40 96
-40 96
-40 96
-40 96
-40 96
-40 96
-40 96
-40 96
-40 96
-43 86
-43 86
-43 86
-43 86
-43 86
-43 86
-43 86
-43 86
-43 86
-43 86
-43 86
-43 86
-43 86
-43 86
-43 86
-43 86
-43 86
-43 86
-43 86
-43 86
-43 86
-43 86
-43 86
-43 86
-43 86
-31 106
-31 106
-31 106
-31 106
-31 106
-31 106
-31 106
-31 106
-31 106
-31 106
-31 106
-31 106
-31 106
-31 106
-31 106
-31 106
-31 106
-31 106
-31 106
-22 109
-22 109
-22 109
-22 109
-22 109
-22 109
-22 109
-22 109
-22 109
-22 109
-22 109
-22 109
-22 109
-22 109
-22 109
-22 109
-22 109
-22 109
-22 109
-22 109
-22 109
-22 109
-22 109
-22 109
-22 109
-22 109
-22 109
-22 109
-22 109
-22 109
-22 109
-22 109
-22 109
-22 109
-22 109
-22 109
-22 109
-22 109
-22 109
-22 109
-22 109
-22 109
-22 109
-22 109
-22 109
-14 109
-14 109
-14 109
-14 109
-14 109
-14 109
-14 109
-14 109
-14 109
-14 109
-14 109
-14 109
-14 109
-14 109
-14 109
-14 109
-14 109
-14 109
-14 109
-14 109
-14 109
-14 109
-14 109
-14 109
-14 109
-14 109
-14 109
-14 109
-14 109
-14 109
-14 109
-14 109
-14 109
-14 109
-14 109
-14 109
-14 109
-14 109
-14 109
-14 109
-14 109
-14 109
-14 109
-14 109
-14 109
-14 109
-14 109
-14 109
-14 109
-14 109
-14 109
-14 109
-14 109
-14 109
-14 109
-14 109
-14 109
-14 109
-14 109
-14 109
-14 109
-14 109
-14 109
-14 109
-14 109
-14 109
-14 109
-14 109
-14 109
-14 109
-14 109
-14 109
-14 109
-14 109
-14 109
-14 109
-14 109
-14 109
-14 109
-14 109
-14 109
-14 109
-14 109
-14 109
-14 109
-14 109
-14 109
-14 109
-14 109
-14 109
-14 109
-14 109
-14 109
-13 108
-13 108
-13 108
-13 108
-13 108
-13 108
-13 108
-13 108
-13 108
-13 108
-13 108
-13 108
-13 108
-13 108
-13 108
-13 108
-13 108
-13 108
-13 108
-13 108
-13 108
-13 108
-13 108
-13 108
-13 108
-8 108
-5 106
-5 106
-5 106
-5 106
-5 106
-5 106
-5 106
-5 106
-5 106
-5 106
-5 106
-5 106
-5 106
-5 106
-5 106
-5 106
-5 106
-5 106
-5 106
-5 106
-5 106
-5 106
-5 106
-5 106
-5 106
-5 106
-5 106
-5 106
-5 106
-5 106
-5 106
-5 106
-5 106
-5 106
-5 106
-5 106
-5 106
-5 106
-5 106
-5 106
-5 106
-5 106
-5 106
-5 106
-5 106
-5 106
-5 106
-5 106
-5 106
-5 106
1 127
1 127
1 127
1 127
1 127
1 127
1 127
1 127
1 127
1 127
1 127
1 127
1 127
1 127
1 127
1 127
1 127
1 127
1 127
1 127
1 127
1 127
1 127
1 127
1 127
1 127
1 127
1 127
1 127
1 127
1 127
1 127
1 127
1 127
1 127
1 127
1 127
1 127
1 127
1 127
1 127
1 127
1 127
1 127
1 127
1 127
1 127
1 127
3 132
3 132
3 132
3 132
3 132
3 132
3 132
3 132
3 132
3 132
3 132
3 132
3 132
3 132
3 132
3 132
3 132
3 132
3 132
3 132
3 132
3 132
17 134
17 134
17 134
17 134
17 134
17 134
17 134
17 134
17 134
17 134
17 134
17 134
17 134
17 134
17 134
17 134
17 134
17 134
17 134
17 134
17 134
17 134
17 134
17 134
22 145
22 145
22 145
22 145
22 145
22 145
22 145
22 145
22 145
22 145
22 145
22 145
22 145
22 145
22 145
22 145
22 145
22 145
22 145
22 145
22 145
22 145
22 145
22 145
25 139
25 139
25 139
25 139
25 139
25 139
25 139
25 139
25 139
25 139
25 139
25 139
25 139
25 139
25 139
25 139
25 139
25 139
25 139
25 139
25 139
25 139
25 139
25 139
25 139
25 139
25 139
25 139
25 139
25 139
25 139
25 139
25 139
25 139
25 139
25 139
25 139
25 139
25 139
25 139
25 139
25 139
25 139
25 139
25 139
25 139
25 139
25 139
25 139
25 139
25 139
25 139
25 139
25 139
25 139
25 139
25 139
25 139
25 139
25 139
25 139
25 139
25 139
25 139
25 139
25 139
25 139
25 139
25 139
25 139
25 139
25 139
25 139
25 139
25 139
25 139
25 139
25 139
25 139
25 139
25 139
25 139
25 139
25 139
25 139
25 139
25 139
25 139
25 139
25 139
25 139
25 139
25 139
25 139
25 139
25 139
25 139
25 139
25 139
25 139
25 139
25 139
25 139
25 139
25 139
25 139
25 139
25 139
25 146
41 139
41 139
41 139
41 139
41 139
41 139
41 139
41 139
41 139
41 139
41 139
41 139
41 139
41 139
41 139
41 139
41 139
41 139
41 139
41 139
41 139
41 139
51 143
51 143
51 143
51 143
51 143
51 143
51 143
51 143
51 143
51 143
51 143
51 143
51 143
51 143
51 143
51 143
51 143
51 143
71 126
71 126
71 126
71 126
71 126
71 126
71 126
71 126
71 126
71 126
71 126
71 126
71 126
71 126
71 126
71 126
71 126
71 126
71 126
71 126
71 126
71 126
71 126
71 126
71 126
71 126
71 126
71 126
71 126
71 126
71 126
71 126
71 126
71 126
71 126
71 126
71 126
71 126
71 126
71 126
71 126
71 126
71 126
71 126
71 126
71 126
71 126
71 126
71 126
71 126
71 126
71 126
71 126
71 126
71 126
71 126
71 126
71 126
71 126
71 126
71 126
71 126
71 126
71 126
71 126
71 126
71 126
71 126
71 126
71 126
71 126
71 126
86 127
81 105
81 105
81 105
81 105
81 105
81 105
81 105
81 105
81 105
81 105
81 105
81 105
81 105
81 105
81 105
81 105
81 105
81 105
81 105
81 105
81 105
81 105
81 105
81 105
81 105
81 105
81 105
81 105
81 105
81 105
81 105
81 105
81 105
81 105
81 105
81 105
81 105
81 105
81 105
81 105
81 105
81 105
81 105
81 105
81 105
81 105
81 105
81 105
81 105
81 105
81 105
81 105
81 105
81 105
81 105
81 105
81 105
81 105
81 105
81 105
81 105
81 105
81 105
81 105
81 105
81 105
81 105
81 105
116 78
116 78
116 78
116 78
116 78
116 78
116 78
116 78
116 78
116 78
116 78
116 78
116 78
116 78
116 78
116 78
132 80
132 80
132 80
132 80
132 80
132 80
132 80
132 80
132 80
132 80
132 80
132 80
132 80
132 80
132 80
132 80
132 80
132 80
132 80
132 80
132 80
132 80
132 80
132 80
132 80
132 80
132 80
132 80
132 80
132 80
132 80
132 80
132 80
158 79
158 79
158 79
158 79
158 79
158 79
158 79
158 79
158 79
158 79
158 79
158 79
158 79
158 79
158 79
158 79
158 79
158 79
158 79
158 79
158 79
158 79
158 79
158 79
158 79
158 79
158 79
158 79
158 79
158 79
158 79
158 79
158 79
158 79
158 79
159 94
151 46
151 46
151 46
151 46
151 46
151 46
151 46
151 46
151 46
151 46
151 46
151 46
151 46
151 46
151 46
151 46
151 46
151 46
151 46
151 46
151 46
151 46
151 46
151 46
151 46
151 46
151 46
151 46
151 46
151 46
151 46
151 46
151 46
151 46
151 46
151 46
151 46
151 46
151 46
151 46
151 46
151 46
151 46
151 46
151 46
151 46
151 46
151 46
151 46
151 46
151 46
151 46
151 46
151 46
151 46
151 46
151 46
151 46
160 35
181 24
181 24
181 24
181 24
181 24
181 24
181 24
181 24
181 24
181 24
181 24
181 24
181 24
181 24
160 11
160 11
160 11
160 11
160 11
160 11
160 11
160 11
160 11
160 11
160 11
160 11
160 11
160 11
160 11
160 11
160 11
160 11
165 1
165 1
165 1
165 1
165 1
165 1
165 1
165 1
165 1
165 1
165 1
165 1
165 1
165 1
165 1
165 1
165 1
165 1
147 -22
147 -22
147 -22
147 -22
147 -22
147 -22
147 -22
147 -22
147 -22
147 -22
147 -22
147 -22
147 -22
147 -22
147 -22
147 -22
147 -22
147 -22
147 -22
147 -22
147 -22
147 -22
147 -22
147 -22
147 -22
147 -22
147 -22
147 -22
147 -22
147 -22
147 -22
147 -22
147 -22
147 -22
147 -22
147 -22
147 -22
147 -22
147 -22
137 -28
137 -28
137 -28
137 -28
137 -28
137 -28
137 -28
137 -28
137 -28
137 -28
137 -28
137 -28
137 -28
137 -28
137 -28
137 -28
137 -28
137 -28
137 -28
137 -28
137 -28
137 -28
113 -46
113 -46
113 -46
113 -46
113 -46
113 -46
113 -46
113 -46
113 -46
113 -46
113 -46
113 -46
113 -46
113 -46
113 -46
113 -46
113 -46
113 -46
101 -57
101 -57
101 -57
101 -57
101 -57
101 -57
101 -57
101 -57
101 -57
101 -57
101 -57
101 -57
101 -57
101 -57
101 -57
101 -57
101 -57
101 -57
101 -57
101 -57
101 -57
101 -57
101 -57
101 -57
101 -57
101 -57
101 -57
101 -57
101 -57
101 -57
101 -57
101 -57
101 -57
101 -57
101 -57
101 -57
101 -57
101 -57
91 -66
91 -66
91 -66
91 -66
91 -66
91 -66
91 -66
91 -66
91 -66
91 -66
91 -66
91 -66
91 -66
91 -66
69 -67
69 -67
69 -67
69 -67
69 -67
69 -67
69 -67
69 -67
69 -67
69 -67
69 -67
69 -67
69 -67
69 -67
69 -67
69 -67
69 -67
69 -67
69 -67
69 -67
69 -67
69 -67
69 -67
69 -67
69 -67
69 -67
69 -67
69 -67
69 -67
69 -67
69 -67
69 -67
69 -67
69 -67
69 -67
69 -67
69 -67
69 -67
69 -67
69 -67
69 -67
69 -67
69 -67
69 -67
69 -67
69 -67
69 -67
69 -67
64 -62
41 -68
41 -68
41 -68
41 -68
41 -68
41 -68
41 -68
41 -68
41 -68
41 -68
41 -68
41 -68
41 -68
41 -68
41 -68
41 -68
41 -68
41 -68
41 -68
41 -68
41 -68
41 -68
41 -68
41 -68
41 -68
41 -68
41 -68
41 -68
41 -68
41 -68
41 -68
41 -68
41 -68
41 -68
41 -68
41 -68
41 -68
41 -68
41 -68
41 -68
41 -68
41 -68
41 -68
41 -68
41 -68
41 -68
41 -68
41 -68
41 -68
24 -76
25 -72
25 -72
25 -72
25 -72
25 -72
25 -72
25 -72
25 -72
25 -72
25 -72
25 -72
25 -72
25 -72
25 -72
25 -72
14 -68
14 -68
14 -68
14 -68
14 -68
14 -68
14 -68
14 -68
14 -68
14 -68
14 -68
14 -68
14 -68
14 -68
14 -68
14 -68
14 -68
14 -68
14 -68
14 -68
14 -68
14 -68
14 -68
14 -68
14 -68
14 -68
14 -68
14 -68
14 -68
14 -68
14 -68
14 -68
14 -68
14 -68
14 -68
14 -68
14 -68
14 -68
14 -68
14 -68
14 -68
14 -68
14 -68
14 -68
8 -59
2 -52
2 -52
2 -52
2 -52
2 -52
2 -52
2 -52
2 -52
2 -52
2 -52
2 -52
2 -52
2 -52
2 -52
2 -52
2 -52
2 -52
2 -52
2 -52
2 -52
2 -52
2 -52
2 -52
2 -52
2 -52
2 -52
2 -52
2 -52
2 -52
2 -52
2 -52
2 -52
2 -52
2 -52
2 -52
2 -52
2 -52
2 -52
2 -52
2 -52
2 -52
2 -52
2 -52
2 -52
2 -52
2 -52
-7 -37
-7 -37
-7 -37
-7 -37
-7 -37
-7 -37
-7 -37
-7 -37
-7 -37
-7 -37
-7 -37
-7 -37
-7 -37
-7 -37
-7 -37
-7 -37
-7 -37
-7 -37
-7 -37
-7 -37
-7 -37
-7 -37
-7 -37
-7 -37
-7 -37
-7 -37
-7 -37
-7 -37
-7 -37
-7 -37
-7 -37
-7 -37
-7 -37
-7 -37
-7 -37
-7 -37
-7 -37
-7 -37
-7 -37
-7 -37
-7 -37
-7 -37
-7 -37
-7 -37
-7 -37
-7 -37
-3 -23
-3 -23
-3 -23
-3 -23
-3 -23
-3 -23
-3 -23
-3 -23
-3 -23
-3 -23
-3 -23
-3 -23
-3 -23
-3 -23
-3 -23
-3 -23
-3 -23
-3 -23
-3 -23
-3 -23
-3 -23
-3 -23
-3 -23
-3 -23
-3 -23
-3 -23
-3 -23
-3 -23
-3 -23
-3 -23
-5 -10
-5 -10
-5 -10
-5 -10
-5 -10
-5 -10
-5 -10
-5 -10
-5 -10
-5 -10
-5 -10
-5 -10
-5 -10
-5 -10
-5 -10
-5 -10
-5 -10
-5 -10
-5 -10
-5 -10
-5 -10
-5 -10
-5 -10
-5 -10
-5 -10
-5 -10
-5 -10
-5 -10
-5 -10
-5 -10
-5 -10
-5 -10
0 -1
0 -1
0 -1
0 -1
0 -1
0 -1
0 -1
0 -1
0 -1
0 -1
0 -1
0 -1
0 -1
0 -1
0 -1
0 -1
0 -1
0 -1
0 -1
0 -1
0 -1
0 -1
0 -1
0 -1
0 -1
0 -1
0 -1
0 -1
0 -1
0 -1
0 -1
0 -1
0 -1
0 -1
0 -1
0 -1
0 -1
0 -1
0 -1
0 -1
0 -1
0 -1
0 -1
0 -1
0 -1
0 -1
0 -1
0 -1
0 -1
0 -1
0 -1
0 -1
0 -1
0 -1
0 -1
0 -1
0 -1
0 -1
0 -1
0 -1
0 -1
0 -1
0 -1
0 -1
0 -1
0 -1
0 -1
0 -1
0 -1
0 -1
0 -1
0 -1
0 -1
0 -1
0 -1
0 -1
0 -1
0 -1
0 -1
0 -1
0 -1
0 -1
0 -1
0 -1
0 -1
0 -1
0 -1
0 -1
0 -1
0 -1
0 -1
0 -1
0 -1
0 -1
0 -1
0 -1
0 -1
0 -1
0 -1
0 -1
0 -1
0 -1
0 -1
0 -1
0 -1
0 -1
0 -1
0 -1
0 -1
0 -1
0 -1
0 -1
0 -1
0 -1
0 -1
0 -1
0 -1
0 -1
0 -1
0 -1
0 -1
0 -1
0 -1
0 -1
0 -1
0 -1
0 -1
0 -1
0 -1
0 -1
0 -1
0 -1
0 -1
0 -1
0 -1
0 -1
0 -1
0 -1
0 -1
0 -1
0 -1
0 -1
0 -1
0 -1
0 -1
0 -1
0 -1
0 -1
0 -1
0 -1
0 -1
0 -1
0 -1
0 -1
0 -1
0 -1
0 -1
0 -1
0 -1
0 -1
0 -1
0 -1
0 -1
0 -1
0 -1
0 -1
0 -1
0 -1
0 -1
0 -1
1 0
1 0
1 0
1 0
1 0
1 0
1 0
1 0
1 0
1 0
1 0
1 0
1 0
1 0
1 0
1 0
1 0
1 0
1 0
1 0
1 0
1 0
1 0
1 0
1 0
1 0
1 0
1 0
1 0
1 0
1 0
1 0
1 0
1 0
1 0
1 0
1 0
1 0
1 0
1 0
1 0
1 0
1 0
1 0
1 0
1 0
1 0
1 0
1 0
1 0
1 0
1 0
1 0
1 0
1 0
1 0
1 0
1 0
1 0
1 0
1 0
1 0
1 0
1 0
1 0
1 0
1 0
1 0
1 0
1 0
1 0
1 0
1 0
1 0
1 0
1 0
1 0
1 0
1 0
1 0
1 0
1 0
1 0
1 0
1 0
1 0
1 0
1 0
1 0
1 0
1 0
1 0
1 0
1 0
1 0
1 0
1 0
1 0
1 0
1 0
1 0
1 0
1 0
1 0
1 0
1 0
1 0
1 0
1 0
1 0
1 0
1 0
1 0
1 0
0 1
0 1
0 1
0 1
0 1
0 1
0 1
0 1
0 1
0 1
0 1
0 1
0 1
0 1
0 1
0 1
0 1
0 1
0 1
0 1
0 1
0 1
0 1
0 1
0 1
0 1
0 1
0 1
0 1
0 1
0 1
0 1
0 1
0 1
0 1
0 1
0 1
0 1
0 1
0 1
0 1
0 1
0 1
0 1
0 1
0 1
0 1
0 1
0 1
0 1
0 1
0 1
0 1
0 1
0 1
0 1
0 1
0 1
0 1
0 1
0 1
0 1
0 1
0 1
0 1
0 1
0 1
0 1
0 1
0 1
0 1
0 1
0 1
0 1
0 1
0 1
0 1
0 1
0 1
0 1
0 1
0 1
0 1
0 1
0 1
0 1
0 1
0 1
0 1
0 1
0 1
0 1
0 1
0 1
0 1
0 1
0 1
0 1
0 1
0 1
0 1
0 1
0 1
0 1
0 1
0 1
0 1
0 1
0 1
0 1
0 1
0 1
0 1
0 1
0 1
0 1
0 1
0 1
0 1
0 1
0 1
0 1
0 1
0 1
0 1
0 1
0 1
0 1
0 1
0 1
0 1
0 1
0 1
0 1
0 1
0 1
0 1
0 1
0 1
0 1
0 1
0 1
0 1
0 1
0 1
0 1
0 1
0 1
0 1
0 1
0 1
0 1
0 1
0 1
0 1
0 1
0 1
0 1
0 1
0 1
0 1
0 1
0 1
0 1
0 1
0 1
0 1
0 1
0 1
0 1
0 1
0 1
0 1
0 1
0 1
0 1
0 1
0 1
0 1
0 1
0 1
0 1
0 1
0 1
0 1
0 1
0 1
0 1
0 1
0 1
0 1
0 1
0 1
0 1
0 1
0 1
0 1
0 1
0 1
0 1
0 1
0 1
0 1
0 1
0 1
0 1
0 1
0 1
0 1
0 1
0 1
0 1
0 1
0 1
0 1
0 1
0 1
0 1
0 1
0 1
0 1
0 1
0 1
0 1
0 1
0 1
0 1
0 1
0 1
0 1
0 1
0 1
0 1
0 1
0 1
0 1
0 1
0 1
0 1
0 1
0 1
0 1
0 1
0 1
0 1
0 1
0 1
0 1
0 1
0 1
0 1
0 1
0 1
0 1
0 1
0 1
0 1
0 1
0 1
0 1
0 1
0 1
0 1
0 1
0 1
0 1
0 1
0 1
0 1
0 1
0 1
0 1
0 1
0 1
0 1
0 1
0 1
0 1
0 1
0 1
0 1
0 1
0 1
0 1
0 1
0 1
0 1
0 1
0 1
0 1
0 1
0 1
0 1
0 1
0 1
0 1
0 1
0 1
0 1
0 1
0 1
0 1
0 1
0 1
0 1
0 1
0 1
0 1
0 1
0 1
0 1
0 1
0 1
0 1
0 1
0 1
0 1
0 1
0 1
0 1
0 1
0 1
0 1
0 1
0 1
0 1
0 1
0 1
0 1
0 1
0 1
0 1
0 1
0 1
0 1
0 1
0 1
0 1
0 1
0 1
0 1
0 1
0 1
0 1
0 1
0 1
0 1
0 1
0 1
0 1
0 1
0 1
0 1
0 1
0 1
0 1
0 1
0 1
0 1
0 1
0 1
0 1
0 1
0 1
0 1
0 1
0 1
0 1
0 1
0 1
0 1
0 1
0 1
0 1
0 1
0 1
0 1
0 1
0 1
0 1
0 1
0 1
0 1
0 1
0 1
0 1
0 1
0 1
0 1
0 1
0 1
0 1
0 1
0 1
0 1
0 1
0 1
0 1
0 1
0 1
0 1
0 1
0 1
0 1
0 1
0 1
0 1
0 1
0 1
0 1
0 1
0 1
0 1
0 1
0 1
0 1
0 1
0 1
0 1
0 1
0 1
0 1
0 1
0 1
0 1
0 1
0 1
0 1
0 1
0 1
0 1
0 1
0 1
0 1
0 1
0 1
0 1
0 1
0 1
0 1
0 1
0 1
0 1
0 1
0 1
0 1
0 1
0 1
0 1
0 1
0 1
0 1
0 1
0 1
0 1
0 1
0 1
0 1
0 1
0 1
0 1
0 1
0 1
0 1
0 1
0 1
0 1
0 1
0 1
0 1
0 1
0 1
0 1
0 1
0 1
0 1
0 1
0 1
0 1
0 1
0 1
0 1
0 1
0 1
0 1
0 1
0 1
0 1
0 1
0 1
0 1
0 1
0 1
0 1
0 1
0 1
0 1
0 1
0 1
0 1
0 1
0 1
0 1
0 1
0 1
0 1
0 1
0 1
0 1
0 1
0 1
0 1
0 1
0 1
0 1
0 1
0 1
0 1
0 1
0 1
0 1
0 1
0 1
0 1
0 1
0 1
0 1
0 1
0 1
0 1
0 1
0 1
0 1
0 1
0 1
0 1
0 1
0 1
0 1
0 1
0 1
0 1
0 1
0 1
0 1
0 1
0 1
0 1
0 1
0 1
0 1
0 1
0 1
0 1
0 1
0 1
0 1
0 1
0 1
0 1
0 1
0 1
0 1
0 1
0 1
0 1
0 1
0 1
0 1
0 1
0 1
0 1
0 1
0 1
0 1
0 1
0 1
0 1
0 1
0 1
0 1
0 1
0 1
0 1
0 1
0 1
0 1
0 1
0 1
0 1
0 1
0 1
0 1
0 1
0 1
0 1
0 1
0 1
0 1
0 1
0 1
0 1
0 1
0 1
0 1
0 1
0 1
0 1
0 1
0 1
0 1
0 1
0 1
0 1
0 1
0 1
0 1
0 1
0 1
0 1
0 1
0 1
0 1
