5 -92
-2 -89
-2 -89
-2 -89
-2 -89
-2 -89
-2 -89
-2 -89
-2 -89
-2 -89
-2 -89
-2 -89
-2 -89
-2 -89
-2 -89
-2 -89
-2 -89
-2 -89
-2 -89
-2 -89
-2 -89
-2 -89
-2 -89
-2 -89
-2 -89
-2 -89
-2 -89
-2 -89
-2 -89
-2 -89
-2 -89
-2 -89
-2 -89
-2 -89
-2 -89
-2 -89
-2 -89
-2 -89
-2 -89
-2 -89
-2 -89
-2 -89
-2 -89
-2 -89
-2 -89
-2 -89
-2 -89
-2 -89
-2 -89
-2 -89
-2 -89
-2 -89
-2 -89
-2 -89
-2 -89
-2 -89
-2 -89
-2 -89
-2 -89
-2 -89
-2 -89
-2 -89
-2 -89
-2 -89
-2 -89
-2 -89
-2 -89
-2 -89
-2 -89
-2 -89
-2 -89
-2 -89
-2 -89
-2 -89
-2 -89
-2 -89
-2 -89
-2 -89
-2 -89
-2 -89
-2 -89
-2 -89
-2 -89
-2 -89
-2 -89
-2 -89
-2 -89
-2 -89
-2 -89
-2 -89
-2 -89
-2 -89
-2 -89
-2 -89
-2 -89
-2 -89
-2 -89
-4 -84
-4 -83
-4 -83
-4 -83
-4 -83
-4 -83
-4 -83
-4 -83
-4 -83
-4 -83
-4 -83
-4 -83
-4 -83
-4 -83
-4 -83
-4 -83
-4 -83
-4 -83
-4 -83
-4 -83
-4 -83
-4 -83
-8 -71
-8 -71
-8 -71
-8 -71
-8 -71
-8 -71
-8 -71
-8 -71
-8 -71
-8 -71
-8 -71
-8 -71
-8 -71
-8 -71
-8 -71
-8 -71
-8 -71
-8 -71
-8 -71
-8 -71
-8 -71
-5 -70
-5 -70
-5 -70
-5 -70
-5 -70
-5 -70
-5 -70
-5 -70
-5 -70
-5 -70
-5 -70
-5 -70
-5 -70
-5 -70
-5 -70
-5 -70
-5 -70
-5 -70
-5 -70
-5 -70
-5 -70
-5 -70
-5 -70
-5 -70
-5 -70
-5 -70
-5 -70
-5 -70
-5 -70
-5 -70
-5 -70
-5 -70
-5 -70
-5 -70
-5 -70
-5 -70
-5 -70
-5 -70
-5 -70
-5 -70
-5 -70
-5 -70
-5 -70
-5 -70
-5 -70
-5 -70
-5 -70
-5 -70
-5 -68
-5 -68
-5 -68
-5 -68
-5 -68
-5 -68
-5 -68
-5 -68
-5 -68
-5 -68
-5 -68
-5 -68
-5 -68
-5 -68
-5 -68
-5 -68
-5 -68
-5 -68
-5 -68
-5 -68
-5 -68
-5 -68
-5 -68
-5 -68
-5 -68
-5 -68
-5 -68
-5 -68
-5 -68
-5 -68
-5 -68
-5 -68
-5 -68
-5 -68
-5 -68
-5 -68
-5 -68
-5 -68
-5 -68
-5 -68
-5 -68
-5 -68
-5 -68
-5 -68
-5 -68
-5 -68
-5 -68
-5 -68
-5 -68
-6 -60
-6 -60
-6 -60
-6 -60
-6 -60
-6 -60
-6 -60
-6 -60
-6 -60
-6 -60
-6 -60
-6 -60
-6 -60
-6 -60
-6 -60
-6 -60
-6 -60
-6 -60
-6 -60
-6 -60
-6 -60
-6 -60
-6 -60
-6 -60
-16 -64
-16 -64
-16 -64
-16 -64
-16 -64
-16 -64
-16 -64
-16 -64
-16 -64
-16 -64
-16 -64
-16 -64
-16 -64
-16 -64
-16 -64
-16 -64
-16 -64
-16 -64
-16 -64
-16 -64
-16 -64
-16 -64
-16 -64
-16 -64
-13 -55
-13 -55
-13 -55
-13 -55
-13 -55
-13 -55
-13 -55
-13 -55
-13 -55
-13 -55
-13 -55
-13 -55
-13 -55
-13 -55
-13 -55
-13 -55
-13 -55
-13 -55
-13 -55
-13 -55
-13 -55
-13 -55
-13 -55
-13 -59
-13 -59
-13 -59
-13 -59
-13 -59
-13 -59
-13 -59
-13 -59
-13 -59
-13 -59
-13 -59
-13 -59
-13 -59
-13 -59
-13 -59
-13 -59
-13 -59
-13 -59
-13 -59
-13 -59
-13 -59
-13 -59
-13 -59
-13 -59
-13 -59
-13 -59
-13 -59
-13 -59
-13 -59
-13 -59
-13 -59
-13 -59
-13 -59
-13 -59
-13 -59
-13 -59
-13 -59
-13 -59
-13 -59
-13 -59
-13 -59
-13 -59
-13 -59
-18 -55
-18 -55
-18 -55
-18 -55
-18 -55
-18 -55
-18 -55
-18 -55
-18 -55
-18 -55
-18 -55
-18 -55
-18 -55
-18 -55
-18 -55
-18 -55
-18 -55
-18 -55
-18 -55
-18 -55
-18 -55
-18 -55
-18 -55
-18 -55
-18 -55
-18 -55
-18 -55
-18 -55
-18 -55
-18 -55
-18 -55
-18 -55
-18 -55
-18 -55
-18 -55
-18 -55
-18 -55
-18 -55
-18 -55
-18 -55
-18 -55
-18 -55
-18 -55
-18 -55
-18 -55
-18 -55
-18 -55
-18 -55
-18 -55
-18 -55
-18 -55
-18 -55
-18 -55
-18 -55
-18 -55
-18 -55
-18 -55
-18 -55
-18 -55
-18 -55
-18 -55
-18 -55
-18 -55
-18 -55
-18 -55
-18 -55
-18 -55
-18 -55
-18 -55
-18 -55
-18 -55
-18 -55
-18 -55
-18 -55
-18 -55
-18 -55
-18 -55
-18 -55
-18 -55
-18 -55
-18 -55
-18 -55
-18 -55
-18 -55
-18 -55
-18 -55
-18 -55
-18 -55
-18 -55
-18 -55
-18 -55
-18 -55
-16 -59
-16 -59
-16 -59
-16 -59
-16 -59
-16 -59
-16 -59
-16 -59
-16 -59
-16 -59
-16 -59
-16 -59
-16 -59
-16 -59
-16 -59
-16 -59
-16 -59
-16 -59
-16 -59
-16 -59
-16 -59
-16 -59
-16 -59
-16 -59
-16 -59
-23 -70
-23 -70
-24 -67
-33 -63
-33 -63
-33 -63
-33 -63
-33 -63
-33 -63
-33 -63
-33 -63
-33 -63
-33 -63
-33 -63
-33 -63
-33 -63
-33 -63
-33 -63
-33 -63
-33 -63
-33 -63
-33 -63
-33 -63
-33 -63
-33 -63
-33 -63
-33 -63
-33 -63
-33 -63
-33 -63
-33 -63
-33 -63
-33 -63
-33 -63
-33 -63
-33 -63
-33 -63
-33 -63
-33 -63
-33 -63
-33 -63
-33 -63
-33 -63
-33 -63
-33 -63
-33 -63
-33 -63
-33 -63
-33 -63
-33 -63
-25 -62
-25 -62
-25 -62
-25 -62
-25 -62
-25 -62
-25 -62
-25 -62
-25 -62
-25 -62
-25 -62
-25 -62
-25 -62
-25 -62
-25 -62
-25 -62
-25 -62
-25 -62
-25 -62
-25 -62
-25 -62
-25 -62
-25 -62
-25 -62
-36 -64
-36 -64
-36 -64
-36 -64
-36 -64
-36 -64
-36 -64
-36 -64
-36 -64
-36 -64
-36 -64
-36 -64
-36 -64
-36 -64
-36 -64
-36 -64
-36 -64
-36 -64
-36 -64
-36 -64
-36 -64
-36 -64
-36 -64
-36 -64
-36 -64
-36 -64
-36 -64
-36 -64
-36 -64
-36 -64
-36 -64
-36 -64
-36 -64
-36 -64
-36 -64
-36 -64
-36 -64
-36 -64
-36 -64
-36 -64
-36 -64
-36 -64
-36 -64
-36 -64
-36 -64
-36 -64
-36 -64
-36 -64
-36 -64
-36 -64
-36 -64
-34 -61
-34 -61
-34 -61
-34 -61
-34 -61
-34 -61
-34 -61
-34 -61
-34 -61
-34 -61
-34 -61
-34 -61
-34 -61
-34 -61
-34 -61
-34 -61
-34 -61
-34 -61
-34 -61
-34 -61
-34 -61
-34 -61
-34 -61
-34 -61
-34 -61
-34 -61
-34 -61
-34 -61
-34 -61
-34 -61
-34 -61
-34 -61
-34 -61
-34 -61
-34 -61
-34 -61
-34 -61
-34 -61
-34 -61
-34 -61
-34 -61
-34 -61
-34 -61
-34 -61
-34 -61
-34 -61
-34 -61
-34 -61
-34 -61
-34 -61
-29 -49
-42 -58
-42 -58
-42 -58
-42 -58
-42 -58
-42 -58
-42 -58
-42 -58
-42 -58
-42 -58
-42 -58
-42 -58
-42 -58
-42 -58
-42 -58
-42 -58
-42 -58
-42 -58
-42 -58
-42 -58
-42 -58
-42 -58
-42 -58
-42 -58
-42 -58
-42 -58
-42 -58
-42 -58
-42 -58
-42 -58
-42 -58
-37 -40
-37 -40
-37 -40
-37 -40
-37 -40
-37 -40
-37 -40
-37 -40
-37 -40
-37 -40
-37 -40
-37 -40
-37 -40
-37 -40
-37 -40
-37 -40
-37 -40
-37 -40
-37 -40
-37 -40
-37 -40
-47 -46
-47 -46
-47 -46
-47 -46
-47 -46
-47 -46
-47 -46
-47 -46
-47 -46
-47 -46
-47 -46
-47 -46
-47 -46
-47 -46
-47 -46
-47 -46
-47 -46
-47 -46
-47 -46
-47 -46
-52 -42
-52 -42
-52 -42
-52 -42
-52 -42
-52 -42
-52 -42
-52 -42
-52 -42
-52 -42
-52 -42
-52 -42
-52 -42
-52 -42
-52 -42
-52 -42
-52 -42
-52 -42
-52 -42
-52 -42
-52 -42
-52 -42
-52 -42
-52 -42
-52 -42
-52 -42
-52 -42
-52 -42
-52 -42
-52 -42
-52 -42
-52 -42
-52 -42
-52 -42
-52 -42
-52 -42
-52 -42
-52 -42
-52 -42
-52 -42
-52 -42
-52 -42
-52 -42
-52 -42
-52 -42
-52 -42
-52 -42
-52 -42
-52 -42
-52 -42
-52 -42
-52 -42
-52 -42
-52 -42
-52 -42
-52 -42
-52 -42
-52 -42
-52 -42
-52 -42
-52 -42
-52 -42
-52 -42
-52 -42
-52 -42
-52 -42
-52 -42
-52 -42
-52 -42
-52 -42
-52 -42
-52 -42
-52 -42
-52 -42
-52 -42
-52 -42
-52 -42
-56 -26
-56 -26
-56 -26
-56 -26
-56 -26
-56 -26
-56 -26
-56 -26
-56 -26
-56 -26
-56 -26
-56 -26
-56 -26
-56 -26
-56 -26
-56 -26
-56 -26
-56 -26
-56 -26
-56 -26
-56 -26
-56 -26
-56 -26
-56 -26
-56 -26
-56 -26
-59 -28
-59 -28
-59 -28
-59 -28
-59 -28
-59 -28
-59 -28
-59 -28
-59 -28
-59 -28
-59 -28
-59 -28
-59 -28
-59 -28
-59 -28
-59 -28
-59 -28
-59 -28
-59 -28
-59 -28
-59 -28
-59 -28
-59 -28
-59 -28
-59 -28
-59 -28
-59 -28
-59 -28
-59 -28
-59 -28
-59 -28
-59 -28
-59 -28
-59 -28
-59 -28
-59 -28
-59 -28
-59 -28
-59 -28
-59 -28
-59 -28
-59 -28
-59 -28
-59 -28
-59 -28
-59 -28
-59 -28
-59 -28
-59 -28
-59 -28
-59 -28
-59 -28
-59 -28
-59 -28
-59 -28
-59 -28
-59 -28
-58 -22
-58 -22
-58 -22
-58 -22
-58 -22
-58 -22
-58 -22
-58 -22
-58 -22
-58 -22
-58 -22
-58 -22
-58 -22
-58 -22
-58 -22
-58 -22
-58 -22
-58 -22
-58 -22
-58 -22
-58 -22
-58 -22
-58 -22
-58 -22
-58 -22
-58 -22
-58 -22
-58 -22
-58 -22
-58 -22
-58 -22
-58 -22
-58 -22
-58 -22
-58 -22
-58 -22
-58 -22
-58 -22
-58 -22
-58 -22
-58 -22
-58 -22
-58 -22
-58 -22
-58 -22
-58 -22
-58 -22
-58 -22
-58 -22
-58 -22
-58 -22
-58 -22
-58 -22
-50 -15
-50 -15
-50 -15
-50 -15
-50 -15
-50 -15
-50 -15
-50 -15
-50 -15
-50 -15
-50 -15
-50 -15
-50 -15
-50 -15
-50 -15
-50 -15
-50 -15
-50 -15
-50 -15
-50 -15
-50 -15
-50 -15
-50 -15
-50 -15
-50 -15
-50 -15
-45 -12
-45 -12
-45 -12
-45 -12
-45 -12
-45 -12
-45 -12
-45 -12
-45 -12
-45 -12
-45 -12
-45 -12
-45 -12
-45 -12
-45 -12
-45 -12
-45 -12
-45 -12
-45 -12
-45 -12
-45 -12
-45 -12
-45 -12
-45 -12
-45 -12
-45 -12
-45 -12
-45 -12
-45 -12
-45 -12
-45 -12
-45 -12
-45 -12
-45 -12
-45 -12
-45 -12
-45 -12
-45 -12
-45 -12
-45 -12
-45 -12
-45 -12
-45 -12
-45 -12
-45 -12
-45 -12
-45 -12
-45 -12
-45 -12
-45 -12
-45 -12
-45 -12
-45 -12
-45 -12
-45 -12
-45 -12
-45 -12
-46 -10
-46 -10
-46 -10
-46 -10
-46 -10
-46 -10
-46 -10
-46 -10
-46 -10
-46 -10
-46 -10
-46 -10
-46 -10
-46 -10
-46 -10
-46 -10
-46 -10
-46 -10
-46 -10
-46 -10
-46 -10
-46 -10
-46 -10
-46 -10
-46 -10
-46 -10
-46 -10
-46 -10
-46 -10
-46 -10
-46 -10
-46 -10
-46 -10
-46 -10
-46 -10
-46 -10
-46 -10
-46 -10
-46 -10
-46 -10
-46 -10
-46 -10
-46 -10
-46 -10
-46 -10
-46 -10
-46 -10
-46 -10
-46 -10
-46 -10
-46 -10
-46 -10
-45 -6
-45 -6
-45 -6
-45 -6
-45 -6
-45 -6
-45 -6
-45 -6
-45 -6
-45 -6
-45 -6
-45 -6
-45 -6
-45 -6
-45 -6
-45 -6
-45 -6
-45 -6
-45 -6
-45 -6
-45 -6
-45 -6
-44 -3
-44 -3
-44 -3
-44 -3
-44 -3
-44 -3
-44 -3
-44 -3
-44 -3
-44 -3
-44 -3
-44 -3
-44 -3
-44 -3
-44 -3
-44 -3
-44 -3
-44 -3
-44 -3
-44 -3
-44 -3
-44 -3
-44 -3
-44 -3
-44 -3
-44 -3
-44 -3
-44 -3
-44 -3
-44 -3
-44 -3
-44 -3
-44 -3
-44 -3
-44 -3
-44 -3
-44 -3
-44 -3
-44 -3
-44 -3
-44 -3
-44 -3
-44 -3
-44 -3
-44 -3
-44 -3
-44 -3
-48 -1
-48 -1
-48 -1
-48 -1
-48 -1
-48 -1
-48 -1
-48 -1
-48 -1
-48 -1
-48 -1
-48 -1
-48 -1
-48 -1
-48 -1
-48 -1
-48 -1
-48 -1
-48 -1
-48 -1
-48 2
-48 2
-48 2
-48 2
-48 2
-48 2
-48 2
-48 2
-48 2
-48 2
-48 2
-48 2
-48 2
-48 2
-48 2
-48 2
-48 2
-48 2
-48 2
-48 2
-48 2
-48 2
-48 2
-48 2
-48 2
-48 2
-48 2
-48 2
-48 2
-48 2
-48 2
-47 3
-47 3
-47 3
-47 3
-47 3
-47 3
-47 3
-47 3
-47 3
-47 3
-47 3
-47 3
-47 3
-47 3
-47 3
-47 3
-47 3
-47 3
-47 3
-47 3
-47 3
-47 3
-47 3
-47 3
-47 3
-47 3
-47 3
-47 3
-47 3
-47 3
-47 3
-47 3
-47 3
-47 3
-47 3
-47 3
-47 3
-47 3
-47 3
-47 3
-47 3
-47 3
-47 3
-47 3
-47 3
-40 11
-40 11
-40 11
-40 11
-40 11
-40 11
-40 11
-40 11
-40 11
-40 11
-40 11
-40 11
-40 11
-40 11
-40 11
-40 11
-40 11
-40 11
-40 11
-40 11
-40 11
-40 11
-40 11
-40 11
-40 11
-40 11
-40 11
-40 11
-40 11
-40 11
-40 11
-40 11
-40 11
-40 11
-40 11
-40 11
-40 11
-40 11
-40 11
-40 11
-40 11
-40 11
-40 11
-40 11
-40 11
-40 11
-40 11
-40 11
-40 11
-44 17
-44 17
-44 17
-44 17
-44 17
-44 17
-44 17
-44 17
-44 17
-44 17
-44 17
-44 17
-44 17
-44 17
-44 17
-44 17
-44 17
-44 17
-44 17
-44 17
-44 17
-44 17
-44 17
-44 17
-56 26
-56 26
-56 26
-56 26
-56 26
-56 26
-56 26
-56 26
-56 26
-56 26
-56 26
-56 26
-56 26
-56 26
-56 26
-56 26
-56 26
-56 26
-56 26
-56 26
-56 26
-56 26
-56 26
-56 26
-56 26
-56 26
-56 26
-56 26
-56 26
-56 26
-56 26
-56 26
-56 26
-56 26
-56 26
-56 26
-56 26
-56 26
-56 26
-56 26
-56 26
-56 26
-56 26
-56 26
-56 26
-54 27
-54 27
-54 27
-54 27
-54 27
-54 27
-54 27
-54 27
-54 27
-54 27
-54 27
-54 27
-54 27
-54 27
-54 27
-54 27
-54 27
-54 27
-54 27
-54 27
-54 27
-54 27
-54 27
-54 27
-54 27
-54 27
-54 27
-54 27
-54 27
-54 27
-54 27
-54 27
-54 27
-54 27
-54 27
-54 27
-54 27
-54 27
-54 27
-54 27
-54 27
-54 27
-54 27
-54 27
-54 27
-49 27
-54 36
-54 36
-54 36
-54 36
-54 36
-54 36
-54 36
-54 36
-54 36
-54 36
-54 36
-54 36
-54 36
-54 36
-54 36
-54 36
-54 36
-54 36
-54 36
-56 37
-56 37
-56 37
-56 37
-56 37
-56 37
-56 37
-56 37
-56 37
-56 37
-56 37
-56 37
-56 37
-56 37
-56 37
-56 37
-56 37
-56 37
-56 37
-56 37
-56 37
-56 37
-56 37
-56 37
-56 37
-56 37
-56 37
-56 37
-56 37
-56 37
-56 37
-56 37
-56 37
-56 37
-56 37
-56 37
-56 37
-56 37
-56 37
-56 37
-56 37
-56 37
-56 37
-56 37
-56 37
-56 37
-56 37
-56 37
-56 37
-56 37
-67 46
-67 46
-67 46
-67 46
-67 46
-67 46
-67 46
-67 46
-67 46
-67 46
-67 46
-67 46
-67 46
-67 46
-67 46
-67 46
-67 46
-67 46
-67 46
-67 46
-67 46
-67 46
-67 46
-67 46
-63 38
-63 38
-63 38
-63 38
-63 38
-63 38
-63 38
-63 38
-63 38
-63 38
-63 38
-63 38
-63 38
-63 38
-63 38
-63 38
-63 38
-63 38
-63 38
-63 38
-63 38
-63 38
-63 38
-63 38
-63 38
-63 38
-63 38
-63 38
-63 38
-63 38
-63 38
-63 38
-63 38
-63 38
-63 38
-63 38
-63 38
-63 38
-63 38
-63 38
-63 38
-63 38
-63 38
-63 38
-63 38
-63 38
-63 38
-63 38
-61 54
-61 54
-61 54
-61 54
-61 54
-61 54
-61 54
-61 54
-61 54
-61 54
-61 54
-61 54
-61 54
-61 54
-61 54
-61 54
-61 54
-61 54
-61 54
-61 54
-61 54
-61 54
-61 54
-61 54
-61 54
-61 54
-61 54
-61 54
-61 54
-61 54
-61 54
-61 54
-61 54
-61 54
-61 54
-61 54
-61 54
-61 54
-61 54
-61 54
-61 54
-61 54
-61 54
-61 54
-61 54
-57 50
-50 52
-50 52
-50 52
-50 52
-50 52
-50 52
-50 52
-50 52
-50 52
-50 52
-50 52
-50 52
-50 52
-50 52
-50 52
-50 52
-50 52
-50 52
-50 52
-50 52
-50 52
-50 52
-50 52
-50 52
-50 52
-50 52
-50 52
-50 52
-50 52
-50 52
-50 52
-50 52
-50 52
-50 52
-50 52
-50 52
-50 52
-50 52
-63 58
-63 58
-63 58
-63 58
-63 58
-63 58
-63 58
-63 58
-63 58
-63 58
-63 58
-63 58
-63 58
-63 58
-63 58
-63 58
-63 58
-63 58
-63 58
-63 58
-66 61
-66 61
-66 61
-66 61
-66 61
-66 61
-66 61
-66 61
-66 61
-66 61
-66 61
-66 61
-66 61
-66 61
-66 61
-66 61
-66 61
-66 61
-66 61
-66 61
-66 61
-66 61
-66 61
-66 61
-66 61
-66 61
-66 61
-66 61
-66 61
-66 61
-66 61
-66 61
-66 61
-66 61
-66 61
-66 61
-66 61
-66 61
-66 61
-66 61
-66 61
-66 61
-66 61
-66 61
-66 61
-66 61
-66 61
-66 61
-51 53
-51 53
-51 53
-51 53
-51 53
-51 53
-51 53
-51 53
-51 53
-51 53
-51 53
-51 53
-51 53
-51 53
-51 53
-51 53
-51 53
-51 53
-51 53
-51 53
-51 53
-51 53
-51 53
-51 53
-51 53
-51 53
-51 53
-51 53
-51 53
-51 53
-51 53
-51 53
-51 53
-51 53
-51 53
-51 53
-51 53
-51 53
-51 53
-51 53
-51 53
-51 53
-51 53
-51 53
-51 53
-39 56
-45 58
-45 58
-45 58
-45 58
-45 58
-45 58
-45 58
-45 58
-45 58
-45 58
-45 58
-45 58
-45 58
-45 58
-45 58
-45 58
-45 58
-45 58
-45 58
-45 58
-45 58
-45 58
-45 58
-45 58
-45 58
-45 58
-45 58
-45 58
-45 58
-45 58
-45 58
-45 58
-45 58
-45 58
-45 58
-45 58
-45 58
-45 58
-45 58
-45 58
-45 58
-45 58
-45 58
-28 58
-28 58
-28 58
-28 58
-28 58
-28 58
-28 58
-28 58
-28 58
-28 58
-28 58
-28 58
-28 58
-28 58
-28 58
-28 58
-28 58
-28 58
-28 58
-28 58
-28 58
-23 60
-23 60
-23 60
-23 60
-23 60
-23 60
-23 60
-23 60
-23 60
-23 60
-23 60
-23 60
-23 60
-23 60
-23 60
-23 60
-23 60
-23 60
-23 60
-23 60
-23 60
-23 60
-23 60
-23 60
-23 60
-23 60
-23 60
-23 60
-23 60
-23 60
-23 60
-23 60
-23 60
-23 60
-23 60
-23 60
-23 60
-23 60
-23 60
-23 60
-23 60
-23 60
-23 60
-23 60
-23 60
-23 60
-23 60
-23 60
-26 64
-26 64
-26 64
-26 64
-26 64
-26 64
-26 64
-26 64
-26 64
-26 64
-26 64
-26 64
-26 64
-26 64
-26 64
-26 64
-26 64
-26 64
-26 64
-26 64
-26 64
-26 64
-26 64
-26 64
-26 64
-26 64
-26 64
-26 64
-26 64
-26 64
-26 64
-26 64
-26 64
-26 64
-26 64
-26 64
-26 64
-26 64
-26 64
-26 64
-26 64
-26 64
-26 64
-26 64
-26 64
-26 64
-26 64
-26 64
-26 64
-26 64
-26 64
-26 64
-26 64
-26 64
-26 64
-26 64
-26 64
-26 64
-26 64
-26 64
-26 64
-26 64
-26 64
-26 64
-26 64
-26 64
-26 64
-26 64
-26 64
-5 59
-5 59
-5 59
-5 59
-5 59
-5 59
-5 59
-5 59
-5 59
-5 59
-5 59
-5 59
-5 59
-5 59
-5 59
-5 59
-5 59
-5 59
-5 59
-5 59
-5 59
-5 59
-5 59
-5 59
-5 59
-5 59
-5 59
-5 59
-5 59
-5 59
-5 59
-5 59
-5 59
-5 59
-5 59
-5 59
-5 59
-5 59
-5 59
-5 59
-5 59
-5 59
-5 59
-5 59
-5 59
5 57
-1 58
-1 58
-1 58
-1 58
-1 58
-1 58
-1 58
-1 58
-1 58
-1 58
-1 58
-1 58
-1 58
-1 58
-1 58
-1 58
-1 58
-1 58
-1 58
-1 58
-1 58
-1 58
-1 58
-2 60
-2 60
-2 60
-2 60
-2 60
-2 60
-2 60
-2 60
-2 60
-2 60
-2 60
-2 60
-2 60
-2 60
-2 60
-2 60
-2 60
-2 60
-2 60
-2 60
-2 60
-2 60
-2 60
-2 60
-2 60
-2 60
-2 60
-2 60
-2 60
-2 60
-2 60
-2 60
-2 60
-2 60
-2 60
-2 60
-2 60
-2 60
-2 60
-2 60
-2 60
-1 61
-1 61
-1 61
-1 61
-1 61
-1 61
-1 61
-1 61
-1 61
-1 61
-1 61
-1 61
-1 61
-1 61
-1 61
-1 61
-1 61
-1 61
-1 61
-1 61
-1 61
-1 61
-1 61
-1 61
-1 61
-1 61
-1 61
-1 61
-1 61
-1 61
-1 61
-1 61
-1 61
-1 61
-1 61
-1 61
-1 61
-1 61
-1 61
-1 61
0 72
0 72
0 72
0 72
0 72
0 72
0 72
0 72
0 72
0 72
0 72
0 72
0 72
0 72
0 72
0 72
0 72
0 72
0 72
0 72
0 72
0 72
0 72
0 72
0 72
0 72
0 72
0 72
0 72
0 72
0 72
0 72
0 72
0 72
3 69
3 69
3 69
3 69
3 69
3 69
3 69
3 69
3 69
3 69
3 69
3 69
3 69
3 69
3 69
3 69
1 63
1 63
1 63
1 63
1 63
1 63
1 63
1 63
1 63
1 63
1 63
1 63
1 63
1 63
1 63
1 63
1 63
1 63
1 63
1 63
1 63
1 63
1 63
1 63
1 63
1 63
1 63
1 63
1 63
1 63
1 63
1 63
1 63
1 63
1 63
4 67
4 67
4 67
4 67
4 67
4 67
4 67
4 67
4 67
4 67
4 67
4 67
4 67
4 67
4 67
4 67
4 67
4 67
4 67
4 67
3 69
3 69
3 69
3 69
3 69
3 69
3 69
3 69
3 69
3 69
3 69
3 69
3 69
3 69
3 69
3 69
3 69
3 69
3 69
3 69
3 69
3 69
3 69
3 69
3 69
3 69
3 69
3 69
3 69
3 69
3 69
3 69
3 69
3 69
3 69
3 69
3 69
-3 74
-3 74
-3 74
-3 74
-3 74
-3 74
-3 74
-3 74
-3 74
-3 74
-3 74
-3 74
-3 74
-3 74
-3 74
-3 74
-3 74
-3 74
-3 74
-3 74
-3 74
-3 74
-3 74
-3 74
-3 74
-3 74
-3 74
-3 74
-3 74
-3 74
-3 74
-3 74
-3 74
-3 74
-3 74
1 73
1 73
1 73
1 73
1 73
1 73
1 73
1 73
1 73
1 73
1 73
1 73
1 73
1 73
1 73
1 73
1 73
1 73
1 73
1 73
1 73
1 73
1 73
1 73
1 73
1 73
1 73
1 73
1 73
1 73
1 73
1 73
1 73
1 73
1 73
1 73
1 73
1 73
1 73
1 73
1 73
1 73
1 73
1 73
1 73
1 73
1 73
1 73
1 73
1 73
1 73
1 73
1 73
1 73
1 73
1 73
1 73
1 73
1 73
2 75
-2 81
-2 81
-2 81
-2 81
-2 81
-2 81
-2 81
-2 81
-2 81
-2 81
-2 81
-2 81
-2 81
-2 81
-2 81
-2 81
-2 81
-2 81
-2 81
-2 81
-2 81
-2 81
-2 81
-2 81
-2 81
-2 81
-2 81
-2 81
-2 81
-2 81
-2 81
-2 81
-2 81
-2 81
-3 79
-3 79
-3 79
-3 79
-3 79
-3 79
-3 79
-3 79
-3 79
-3 79
-3 79
-3 79
-3 79
-3 79
-3 79
-3 79
-3 79
-3 79
-10 89
-10 89
-10 89
-10 89
-10 89
-10 89
-10 89
-10 89
-10 89
-10 89
-10 89
-10 89
-10 89
-10 89
-10 89
-10 89
-10 89
-10 89
-10 89
-10 89
-10 89
-10 89
-10 89
-10 89
-10 89
-10 89
-10 89
-10 89
-10 89
-10 89
-10 89
-10 89
-4 85
-4 85
-4 85
-4 85
-4 85
-4 85
-4 85
-4 85
-4 85
-4 85
-4 85
-4 85
-4 85
-4 85
-4 85
-4 85
-4 85
-4 85
-1 82
-1 82
-1 82
-1 82
-1 82
-1 82
-1 82
-1 82
-1 82
-1 82
-1 82
-1 82
-1 82
-1 82
-1 82
-1 82
-1 82
-1 82
-1 82
-1 82
-1 82
-1 82
-1 82
-1 82
-1 82
-1 82
-1 82
-1 82
-1 82
-1 82
-1 82
-1 82
-1 82
-1 82
-1 82
-1 82
-1 82
-1 82
-1 82
-1 82
-3 79
-3 79
-3 79
-3 79
-3 79
-3 79
-3 79
-3 79
-3 79
-3 79
-3 79
-3 79
-3 79
-3 79
-3 79
-3 79
-3 79
-3 79
-3 79
-3 79
2 81
2 81
2 81
2 81
2 81
2 81
2 81
2 81
2 81
2 81
2 81
2 81
2 81
2 81
2 81
4 78
4 78
4 78
4 78
4 78
4 78
4 78
4 78
4 78
4 78
4 78
4 78
4 78
4 78
4 78
4 78
4 78
4 78
4 78
4 78
4 78
4 78
4 78
4 78
4 78
4 78
4 78
4 78
4 78
4 78
1 81
1 81
1 81
1 81
1 81
1 81
1 81
1 81
1 81
1 81
1 81
1 81
1 81
1 81
1 81
1 81
1 81
1 81
1 81
1 81
1 81
1 81
1 81
1 81
1 81
1 81
1 81
1 81
1 81
1 81
1 81
1 81
1 81
1 81
1 81
1 82
1 82
1 82
1 82
1 82
1 82
1 82
1 82
1 82
1 82
1 82
1 82
1 82
1 82
1 82
1 82
1 82
1 82
1 82
1 82
1 82
1 82
1 82
1 82
1 82
1 82
1 82
1 82
1 82
1 82
1 82
1 82
1 82
4 84
4 84
4 84
4 84
4 84
4 84
4 84
4 84
4 84
4 84
4 84
7 80
7 80
7 80
7 80
7 80
7 80
7 80
7 80
7 80
7 80
7 80
7 80
7 80
7 80
7 80
7 80
18 82
18 82
18 82
18 82
18 82
18 82
18 82
18 82
18 82
18 82
18 82
18 82
18 82
18 82
18 82
18 82
18 82
18 82
18 82
18 82
18 82
18 82
18 82
18 82
18 82
18 82
18 82
18 82
18 82
18 82
18 82
18 82
18 82
18 82
15 90
15 90
15 90
15 90
15 90
15 90
15 90
15 90
15 90
15 90
15 90
15 90
15 90
15 90
15 90
15 90
15 90
15 90
15 90
15 90
15 90
15 90
15 90
15 90
15 90
15 90
15 90
15 90
15 90
15 90
15 90
26 89
26 89
26 89
26 89
26 89
26 89
26 89
26 89
26 89
26 89
26 89
26 89
26 89
26 89
26 89
26 89
26 89
26 89
26 89
26 89
26 89
26 89
26 89
26 89
26 89
26 89
26 89
26 89
26 89
26 89
26 89
26 89
26 89
26 89
32 73
32 73
32 73
32 73
32 73
32 73
32 73
32 73
32 73
32 73
32 73
32 73
32 73
32 73
32 73
32 73
43 76
43 76
43 76
43 76
43 76
43 76
43 76
43 76
43 76
43 76
43 76
43 76
43 76
43 76
43 76
43 76
43 76
43 76
43 76
43 76
43 76
43 76
43 76
43 76
43 76
43 76
43 76
43 76
43 76
43 76
43 76
43 76
53 66
53 66
53 66
53 66
53 66
53 66
53 66
53 66
53 66
53 66
53 66
53 66
53 66
53 66
53 66
53 66
53 66
53 66
53 66
53 66
53 66
53 66
53 66
53 66
53 66
53 66
53 66
53 66
53 66
53 66
53 66
53 66
53 66
53 66
53 66
62 60
65 51
65 51
65 51
65 51
65 51
65 51
65 51
65 51
65 51
65 51
65 51
65 51
65 51
65 51
65 51
65 51
65 51
65 51
65 51
65 51
65 51
65 51
65 51
65 51
65 51
65 51
65 51
65 51
65 51
65 51
65 51
71 39
71 39
71 39
71 39
71 39
71 39
71 39
71 39
71 39
71 39
71 39
71 39
71 39
71 39
80 31
80 31
80 31
80 31
80 31
80 31
80 31
80 31
80 31
80 31
80 31
80 31
80 31
80 31
80 31
80 31
84 21
84 21
84 21
84 21
84 21
84 21
84 21
84 21
84 21
84 21
84 21
84 21
84 21
84 21
84 21
84 21
84 21
84 21
84 21
84 21
84 21
84 21
84 21
84 21
84 21
84 21
84 21
84 21
84 21
84 21
84 21
84 21
84 21
88 14
88 14
88 14
88 14
88 14
88 14
88 14
88 14
88 14
88 14
88 14
88 14
88 14
88 14
88 14
88 14
88 14
88 14
88 14
88 14
88 14
88 14
88 14
88 14
88 14
88 14
88 14
88 14
88 14
88 14
88 14
85 5
85 5
85 5
85 5
85 5
85 5
85 5
85 5
85 5
85 5
85 5
85 5
85 5
85 5
85 5
85 5
84 -2
84 -2
84 -2
84 -2
84 -2
84 -2
84 -2
84 -2
84 -2
84 -2
84 -2
84 -2
84 -2
84 -2
84 -2
84 -2
84 -2
92 -13
92 -13
92 -13
92 -13
92 -13
92 -13
92 -13
92 -13
92 -13
92 -13
92 -13
92 -13
85 -25
85 -25
85 -25
85 -25
85 -25
85 -25
85 -25
85 -25
85 -25
85 -25
85 -25
85 -25
85 -25
85 -25
85 -25
85 -25
85 -25
85 -25
85 -25
85 -25
85 -25
85 -25
85 -25
85 -25
85 -25
85 -25
85 -25
85 -25
82 -37
82 -37
82 -37
82 -37
82 -37
82 -37
82 -37
82 -37
82 -37
82 -37
82 -37
82 -37
82 -37
82 -37
82 -37
82 -37
82 -37
82 -37
82 -37
82 -37
82 -37
82 -37
82 -37
82 -37
82 -37
82 -37
82 -37
82 -37
82 -37
82 -37
82 -37
82 -37
81 -48
81 -48
81 -48
81 -48
81 -48
81 -48
81 -48
81 -48
81 -48
81 -48
81 -48
81 -48
81 -48
81 -48
81 -48
81 -48
81 -48
81 -48
81 -48
81 -48
81 -48
81 -48
81 -48
81 -48
81 -48
81 -48
81 -48
81 -48
81 -48
81 -48
81 -48
81 -48
81 -48
81 -48
81 -48
81 -48
81 -48
81 -48
81 -48
81 -48
81 -48
81 -48
81 -48
81 -48
81 -48
81 -48
81 -48
81 -48
81 -48
80 -64
72 -67
72 -67
72 -67
72 -67
72 -67
72 -67
72 -67
72 -67
72 -67
72 -67
72 -67
72 -67
72 -67
72 -67
72 -67
59 -67
59 -67
59 -67
59 -67
59 -67
59 -67
59 -67
59 -67
59 -67
59 -67
59 -67
59 -67
59 -67
59 -67
59 -67
59 -67
59 -67
59 -67
59 -67
55 -69
55 -69
55 -69
55 -69
55 -69
55 -69
55 -69
55 -69
55 -69
55 -69
55 -69
55 -69
55 -69
55 -69
55 -69
55 -69
55 -69
39 -70
39 -70
39 -70
39 -70
39 -70
39 -70
39 -70
39 -70
39 -70
39 -70
39 -70
39 -70
39 -70
39 -70
39 -70
39 -70
39 -70
39 -70
39 -70
39 -70
39 -70
39 -70
39 -70
39 -70
39 -70
39 -70
39 -70
39 -70
39 -70
39 -70
39 -70
39 -70
39 -70
39 -70
39 -70
37 -62
37 -62
37 -62
37 -62
37 -62
37 -62
37 -62
37 -62
37 -62
37 -62
37 -62
37 -62
37 -62
37 -62
37 -62
37 -62
37 -62
37 -62
37 -62
37 -62
37 -62
37 -62
37 -62
37 -62
37 -62
37 -62
37 -62
37 -62
37 -62
22 -51
22 -51
19 -41
19 -41
19 -41
19 -41
19 -41
19 -41
19 -41
19 -41
19 -41
19 -41
19 -41
19 -41
19 -41
19 -41
19 -41
19 -41
19 -41
19 -41
19 -41
19 -41
19 -41
19 -41
19 -41
19 -41
19 -41
19 -41
19 -41
19 -41
19 -41
19 -41
19 -41
19 -41
10 -35
10 -35
10 -35
10 -35
10 -35
10 -35
10 -35
10 -35
10 -35
10 -35
10 -35
10 -35
10 -35
10 -35
10 -35
10 -35
10 -35
10 -35
5 -31
5 -31
5 -31
5 -31
5 -31
5 -31
5 -31
5 -31
5 -31
5 -31
5 -31
5 -31
5 -31
5 -31
5 -31
5 -31
5 -31
5 -31
5 -31
5 -31
5 -31
5 -31
5 -31
5 -31
5 -31
5 -31
5 -31
5 -31
5 -31
5 -31
5 -31
5 -31
5 -31
5 -31
5 -31
5 -31
5 -31
5 -31
5 -31
5 -31
5 -31
5 -31
5 -31
5 -31
5 -31
5 -31
5 -31
0 -17
0 -9
0 -9
0 -9
0 -9
0 -9
0 -9
0 -9
0 -9
0 -9
0 -9
0 -9
0 -9
0 -9
0 -9
0 -9
0 -9
0 -9
0 -9
0 -9
0 -9
0 -9
0 -9
0 -9
0 -9
0 -9
0 -9
0 -9
0 -9
0 -9
0 -9
0 -9
0 -9
0 -1
0 -1
0 -1
0 -1
0 -1
0 -1
0 -1
0 -1
0 -1
0 -1
0 -1
0 -1
0 -1
0 -1
0 -1
0 -1
0 -1
0 -1
0 -1
0 -1
0 -1
0 -1
0 -1
0 -1
0 -1
0 -1
0 -1
0 -1
0 -1
0 -1
0 -1
0 -1
0 -1
0 -1
0 -1
0 -1
0 -1
0 -1
0 -1
0 -1
0 -1
0 -1
0 -1
0 -1
0 -1
0 -1
0 -1
0 -1
0 -1
0 -1
0 -1
0 -1
0 -1
0 -1
0 -1
0 -1
0 -1
0 -1
0 -1
0 -1
0 -1
0 -1
0 -1
0 -1
0 -1
0 -1
0 -1
0 -1
0 -1
0 -1
0 -1
0 -1
0 -1
0 -1
0 -1
0 -1
0 -1
0 -1
0 -1
0 -1
0 -1
0 -1
0 -1
0 -1
0 -1
0 -1
0 -1
0 -1
0 -1
0 -1
0 -1
0 -1
0 -1
0 -1
0 -1
0 -1
0 -1
0 -1
0 -1
0 -1
0 -1
0 -1
0 -1
0 -1
0 -1
0 -1
0 -1
0 -1
0 -1
0 -1
0 -1
0 -1
0 -1
0 -1
0 -1
0 -1
0 -1
0 -1
0 -1
0 -1
0 -1
0 -1
0 -1
0 -1
0 -1
0 -1
0 -1
0 -1
0 -1
0 -1
0 -1
0 -1
0 -1
0 -1
0 -1
0 -1
0 -1
0 -1
0 -1
0 -1
0 -1
0 -1
0 -1
0 -1
0 -1
0 -1
0 -1
0 -1
0 -1
0 -1
0 -1
0 -1
0 -1
0 -1
0 -1
0 -1
0 -1
0 -1
0 -1
0 -1
0 -1
0 -1
0 -1
0 -1
0 -1
0 -1
0 -1
0 -1
0 -1
0 -1
0 -1
0 -1
0 -1
0 -1
0 -1
0 -1
0 -1
0 -1
0 -1
0 -1
0 -1
0 -1
0 -1
0 -1
0 -1
0 -1
0 -1
0 -1
0 -1
0 -1
0 -1
0 -1
0 -1
0 -1
0 -1
0 -1
0 -1
0 -1
0 -1
0 -1
0 -1
0 -1
0 -1
0 -1
0 -1
0 -1
0 -1
0 -1
0 -1
0 -1
0 -1
0 -1
0 -1
0 -1
0 -1
0 -1
0 -1
0 -1
0 -1
0 -1
0 -1
0 -1
0 -1
0 -1
0 -1
0 -1
0 -1
0 -1
0 -1
0 -1
0 -1
0 -1
0 -1
0 -1
0 -1
0 -1
0 -1
0 -1
0 -1
0 -1
0 -1
0 -1
0 -1
0 -1
0 -1
0 -1
0 -1
0 -1
0 -1
0 -1
0 -1
0 -1
0 -1
0 -1
0 -1
0 -1
0 -1
0 -1
0 -1
0 -1
0 -1
0 -1
0 -1
0 -1
0 -1
0 -1
0 -1
0 -1
0 -1
0 -1
0 -1
0 -1
0 -1
0 -1
0 -1
0 -1
0 -1
0 -1
0 -1
0 -1
0 -1
0 -1
0 -1
0 -1
0 -1
0 -1
0 -1
0 -1
0 -1
0 -1
0 -1
0 -1
0 -1
0 -1
0 -1
0 -1
0 -1
0 -1
0 -1
0 -1
0 -1
0 -1
0 -1
0 -1
0 -1
0 -1
0 -1
0 -1
0 -1
0 -1
0 -1
0 -1
0 -1
0 -1
0 -1
0 -1
0 -1
0 -1
0 -1
0 -1
0 -1
0 -1
0 -1
0 -1
0 -1
0 -1
0 -1
0 -1
0 -1
0 -1
0 -1
0 -1
0 -1
0 -1
0 -1
0 -1
0 -1
0 -1
0 -1
0 -1
0 -1
0 -1
0 -1
0 -1
0 -1
0 -1
0 -1
0 -1
0 -1
0 -1
0 -1
0 -1
0 -1
0 -1
0 -1
0 -1
0 -1
0 -1
0 -1
0 -1
0 -1
0 -1
0 -1
0 -1
0 -1
0 -1
0 -1
0 -1
0 -1
0 -1
0 -1
0 -1
0 -1
0 -1
0 -1
0 -1
0 -1
0 -1
0 -1
0 -1
0 -1
0 -1
0 -1
0 -1
0 -1
0 -1
0 -1
0 -1
0 -1
0 -1
0 -1
0 -1
0 -1
0 -1
0 -1
0 -1
0 -1
0 -1
0 -1
0 -1
0 -1
0 -1
0 -1
0 -1
0 -1
0 -1
0 -1
0 -1
0 -1
0 -1
0 -1
0 -1
0 -1
0 -1
0 -1
0 -1
0 -1
0 -1
0 -1
0 -1
0 -1
0 -1
0 -1
0 -1
0 -1
0 -1
0 -1
0 -1
0 -1
0 -1
0 -1
0 -1
0 -1
0 -1
0 -1
0 -1
0 -1
0 -1
0 -1
0 -1
0 -1
0 -1
0 -1
0 -1
0 -1
0 -1
0 -1
0 -1
0 -1
0 -1
0 -1
0 -1
0 -1
0 -1
0 -1
0 -1
0 -1
0 -1
0 -1
0 -1
0 -1
0 -1
0 -1
0 -1
0 -1
0 -1
0 -1
0 -1
0 -1
0 -1
0 -1
0 -1
0 -1
0 -1
0 -1
0 -1
0 -1
0 -1
0 -1
0 -1
0 -1
0 -1
0 -1
0 -1
0 -1
0 -1
0 -1
0 -1
0 -1
0 -1
0 -1
0 -1
0 -1
0 -1
0 -1
0 -1
0 -1
0 -1
0 -1
0 -1
0 -1
0 -1
0 -1
0 -1
0 -1
0 -1
0 -1
0 -1
0 -1
0 -1
0 -1
0 -1
0 -1
0 -1
0 -1
0 -1
0 -1
0 -1
0 -1
0 -1
0 -1
0 -1
0 -1
0 -1
0 -1
0 -1
0 -1
0 -1
0 -1
0 -1
0 -1
0 -1
0 -1
0 -1
0 -1
0 -1
0 -1
0 -1
0 -1
0 -1
0 -1
0 -1
0 -1
0 -1
0 -1
0 -1
0 -1
0 -1
0 -1
0 -1
0 -1
0 -1
0 -1
0 -1
0 -1
0 -1
0 -1
0 -1
0 -1
0 -1
0 -1
0 -1
0 -1
0 -1
0 -1
0 -1
0 -1
0 -1
0 -1
0 -1
0 -1
0 -1
0 -1
0 -1
0 -1
0 -1
0 -1
0 -1
0 -1
0 -1
0 -1
0 -1
0 -1
0 -1
0 -1
0 -1
0 -1
0 -1
0 -1
0 -1
0 -1
0 -1
0 -1
0 -1
0 -1
0 -1
0 -1
0 -1
0 -1
0 -1
0 -1
0 -1
0 -1
0 -1
0 -1
0 -1
0 -1
0 -1
0 -1
0 -1
0 -1
0 -1
0 -1
0 -1
0 -1
0 -1
0 -1
0 -1
0 -1
0 -1
0 -1
0 -1
0 -1
0 -1
0 -1
0 -1
0 -1
0 -1
0 -1
0 -1
0 -1
0 -1
0 -1
0 -1
0 -1
0 -1
0 -1
0 -1
0 -1
0 -1
0 -1
0 -1
0 -1
0 -1
0 -1
0 -1
0 -1
0 -1
0 -1
0 -1
0 -1
0 -1
0 -1
0 -1
0 -1
0 -1
0 -1
0 -1
0 -1
0 -1
0 -1
0 -1
0 -1
0 -1
0 -1
0 -1
0 -1
0 -1
0 -1
0 -1
0 -1
0 -1
0 -1
0 -1
0 -1
0 -1
0 -1
0 -1
0 -1
0 -1
0 -1
0 -1
0 -1
0 -1
0 -1
0 -1
0 -1
0 -1
0 -1
0 -1
0 -1
0 -1
0 -1
0 -1
0 -1
0 -1
0 -1
0 -1
0 -1
0 -1
0 -1
0 -1
0 -1
0 -1
0 -1
0 -1
0 -1
0 -1
0 -1
0 -1
0 -1
0 -1
0 -1
0 -1
0 -1
0 -1
0 -1
0 -1
0 -1
0 -1
0 -1
0 -1
0 -1
0 -1
0 -1
0 -1
0 -1
0 -1
0 -1
0 -1
0 -1
0 -1
0 -1
0 -1
0 -1
0 -1
0 -1
0 -1
0 -1
0 -1
0 -1
0 -1
0 -1
0 -1
0 -1
0 -1
0 -1
0 -1
0 -1
0 -1
0 -1
0 -1
0 -1
0 -1
0 -1
0 -1
0 -1
0 -1
0 -1
0 -1
0 -1
0 -1
0 -1
0 -1
0 -1
0 -1
0 -1
0 -1
0 -1
0 -1
0 -1
0 -1
0 -1
0 -1
0 -1
0 -1
0 -1
0 -1
0 -1
0 -1
0 -1
0 -1
0 -1
0 -1
0 -1
0 -1
0 -1
0 -1
0 -1
0 -1
0 -1
0 -1
0 -1
0 -1
0 -1
0 -1
0 -1
0 -1
0 -1
0 -1
0 -1
0 -1
0 -1
0 -1
0 -1
0 -1
0 -1
0 -1
0 -1
0 -1
0 -1
0 -1
0 -1
0 -1
0 -1
0 -1
0 -1
0 -1
0 -1
0 -1
0 -1
0 -1
0 -1
0 -1
0 -1
0 -1
0 -1
0 -1
0 -1
0 -1
0 -1
0 -1
0 -1
0 -1
0 -1
0 -1
0 -1
0 -1
0 -1
0 -1
0 -1
0 -1
0 -1
0 -1
0 -1
0 -1
0 -1
0 -1
0 -1
0 -1
0 -1
0 -1
0 -1
0 -1
0 -1
0 -1
0 -1
0 -1
0 -1
0 -1
0 -1
0 -1
0 -1
0 -1
0 -1
0 -1
0 -1
0 -1
0 -1
0 -1
0 -1
0 -1
0 -1
0 -1
0 -1
0 -1
0 -1
0 -1
0 -1
0 -1
0 -1
0 -1
0 -1
0 -1
0 -1
0 -1
0 -1
0 -1
0 -1
0 -1
0 -1
0 -1
0 -1
0 -1
0 -1
0 -1
0 -1
0 -1
0 -1
0 -1
0 -1
0 -1
0 -1
0 -1
0 -1
0 -1
0 -1
0 -1
0 -1
0 -1
0 -1
0 -1
0 -1
0 -1
0 -1
0 -1
0 -1
0 -1
0 -1
0 -1
0 -1
0 -1
0 -1
0 -1
0 -1
0 -1
0 -1
0 -1
0 -1
0 -1
0 -1
0 -1
0 -1
0 -1
0 -1
0 -1
0 -1
0 -1
0 -1
0 -1
0 -1
0 -1
0 -1
0 -1
0 -1
0 -1
0 -1
0 -1
