2 -91
3 -106
1 -106
1 -106
1 -106
1 -106
1 -106
1 -106
1 -106
1 -106
1 -106
1 -106
1 -106
1 -106
1 -106
12 -109
12 -109
12 -109
12 -109
12 -109
12 -109
12 -109
12 -109
12 -109
12 -109
12 -109
12 -109
12 -109
12 -109
12 -109
12 -109
12 -109
12 -109
12 -109
12 -109
12 -109
12 -109
12 -109
12 -109
12 -109
12 -109
12 -109
12 -109
12 -109
12 -109
12 -109
12 -109
12 -109
12 -109
12 -109
12 -109
3 -113
3 -113
3 -113
3 -113
3 -113
3 -113
3 -113
3 -113
3 -113
3 -113
3 -113
3 -113
3 -113
3 -113
3 -113
3 -113
3 -113
3 -113
3 -113
3 -113
3 -113
3 -113
3 -113
3 -113
3 -113
3 -113
3 -113
3 -113
3 -113
3 -113
3 -113
3 -113
3 -113
3 -113
3 -113
3 -113
3 -113
3 -113
3 -113
3 -113
3 -113
3 -113
3 -113
-4 -111
-5 -107
-5 -107
-5 -107
-5 -107
-5 -107
-5 -107
-5 -107
-5 -107
-5 -107
-5 -107
-5 -107
-5 -107
-5 -107
-5 -107
-5 -107
-5 -107
-5 -107
-5 -107
-5 -107
-5 -107
-5 -107
-5 -107
-5 -107
-5 -107
-5 -107
-5 -107
-5 -107
-5 -107
-5 -107
-5 -107
-5 -107
-5 -107
-5 -107
-5 -107
-5 -107
-5 -107
-5 -107
-5 -107
-5 -107
-5 -107
-5 -121
-5 -121
-5 -121
-5 -121
-5 -121
-5 -121
-5 -121
-5 -121
-5 -121
-5 -121
-5 -121
-5 -121
-5 -121
-5 -121
-5 -121
-5 -121
-5 -121
-5 -121
-5 -121
-2 -106
-2 -106
-2 -106
-2 -106
-2 -106
-2 -106
-2 -106
-2 -106
-2 -106
-2 -106
-2 -106
-2 -106
-2 -106
-2 -106
-2 -106
-2 -106
-2 -106
-2 -106
-2 -106
-2 -106
-2 -106
-2 -106
-2 -106
-2 -106
-2 -106
-2 -106
-2 -106
-2 -106
-2 -106
-2 -106
-2 -106
-2 -106
-2 -106
-2 -106
-2 -106
-2 -106
-2 -106
-2 -106
-2 -106
-2 -106
-2 -106
-2 -106
-2 -106
-2 -106
-2 -106
-2 -106
-2 -106
-2 -106
-2 -106
-2 -106
-2 -106
-2 -106
-5 -99
-5 -99
-5 -99
-5 -99
-5 -99
-5 -99
-5 -99
-5 -99
-5 -99
-5 -99
-5 -99
-5 -99
-5 -99
-5 -99
-5 -99
-5 -99
-5 -99
-5 -99
-5 -99
-5 -99
-5 -99
-5 -99
-5 -99
-5 -99
-5 -99
-5 -99
-5 -99
-5 -99
-5 -99
-5 -99
-5 -99
-5 -99
-5 -99
-5 -99
-5 -99
-5 -99
-5 -99
-5 -99
-5 -99
-5 -99
-5 -99
-5 -99
-5 -99
-5 -99
-5 -99
-5 -99
-5 -99
-5 -99
-5 -99
-5 -99
-5 -99
-5 -99
-5 -99
-14 -92
-14 -92
-14 -92
-14 -92
-14 -92
-14 -92
-14 -92
-14 -92
-14 -92
-14 -92
-14 -92
-14 -92
-14 -92
-14 -92
-14 -92
-14 -92
-14 -92
-14 -92
-14 -92
-14 -92
-14 -92
-14 -92
-14 -92
-14 -92
-14 -92
-14 -92
-14 -92
-14 -92
-14 -92
-14 -92
-14 -92
-14 -92
-14 -92
-14 -92
-14 -92
-14 -92
-14 -92
-14 -92
-14 -92
-14 -92
-14 -92
-14 -92
-14 -92
-14 -92
-14 -92
-14 -92
-14 -92
-14 -92
-14 -92
-14 -92
-14 -92
-14 -92
-14 -92
-14 -92
-14 -92
-14 -92
-14 -92
-14 -92
-14 -92
-14 -92
-14 -92
-14 -92
-14 -92
-14 -92
-14 -92
-14 -92
-14 -92
-14 -92
-14 -92
-14 -92
-14 -92
-14 -92
-14 -92
-14 -92
-8 -99
-8 -99
-18 -102
-18 -102
-18 -102
-18 -102
-18 -102
-18 -102
-18 -102
-18 -102
-18 -102
-18 -102
-18 -102
-18 -102
-18 -102
-18 -102
-18 -102
-18 -102
-18 -102
-18 -102
-18 -102
-18 -102
-18 -102
-18 -102
-18 -102
-18 -102
-18 -102
-18 -102
-18 -102
-18 -102
-18 -102
-18 -102
-18 -102
-18 -102
-18 -102
-18 -102
-18 -102
-18 -102
-18 -102
-18 -102
-18 -102
-18 -102
-18 -102
-18 -102
-18 -102
-18 -102
-18 -102
-18 -102
-18 -102
-18 -102
-18 -102
-18 -102
-19 -91
-19 -91
-19 -91
-19 -91
-19 -91
-19 -91
-19 -91
-19 -91
-19 -91
-19 -91
-19 -91
-19 -91
-19 -91
-19 -91
-19 -91
-19 -91
-19 -91
-19 -91
-19 -91
-19 -91
-19 -91
-19 -91
-19 -91
-27 -93
-27 -93
-27 -93
-27 -93
-27 -93
-27 -93
-27 -93
-27 -93
-27 -93
-27 -93
-27 -93
-27 -93
-27 -93
-27 -93
-27 -93
-27 -93
-27 -93
-27 -93
-27 -93
-27 -93
-27 -93
-27 -93
-27 -93
-27 -93
-27 -93
-27 -93
-27 -93
-27 -93
-27 -93
-27 -93
-27 -93
-27 -93
-27 -93
-27 -93
-27 -93
-27 -93
-27 -93
-27 -93
-27 -93
-27 -93
-27 -93
-27 -93
-27 -93
-27 -93
-27 -93
-29 -84
-29 -84
-29 -84
-29 -84
-29 -84
-29 -84
-29 -84
-29 -84
-29 -84
-29 -84
-29 -84
-29 -84
-29 -84
-29 -84
-29 -84
-29 -84
-29 -84
-29 -84
-29 -84
-29 -84
-29 -84
-29 -84
-29 -84
-29 -84
-29 -84
-29 -84
-29 -84
-29 -84
-29 -84
-29 -84
-29 -84
-36 -87
-36 -87
-41 -79
-41 -79
-41 -79
-41 -79
-41 -79
-41 -79
-41 -79
-41 -79
-41 -79
-41 -79
-41 -79
-41 -79
-41 -79
-41 -79
-41 -79
-41 -79
-41 -79
-41 -79
-41 -79
-41 -79
-41 -79
-41 -79
-41 -79
-41 -79
-41 -79
-41 -79
-41 -79
-41 -79
-41 -79
-41 -79
-41 -79
-41 -79
-41 -79
-43 -80
-43 -80
-43 -80
-43 -80
-43 -80
-43 -80
-43 -80
-43 -80
-43 -80
-43 -80
-43 -80
-43 -80
-43 -80
-43 -80
-43 -80
-43 -80
-43 -80
-47 -70
-47 -70
-47 -70
-47 -70
-47 -70
-47 -70
-47 -70
-47 -70
-47 -70
-47 -70
-47 -70
-47 -70
-47 -70
-47 -70
-47 -70
-47 -70
-47 -70
-48 -67
-48 -67
-48 -67
-48 -67
-48 -67
-48 -67
-48 -67
-48 -67
-48 -67
-48 -67
-48 -67
-48 -67
-48 -67
-48 -67
-48 -67
-48 -67
-48 -67
-48 -67
-48 -67
-48 -67
-48 -67
-48 -67
-48 -67
-48 -67
-48 -67
-48 -67
-48 -67
-48 -67
-48 -67
-48 -67
-48 -67
-48 -67
-48 -67
-48 -67
-48 -67
-48 -67
-48 -67
-48 -67
-48 -67
-48 -67
-48 -67
-59 -61
-59 -61
-59 -61
-59 -61
-59 -61
-59 -61
-59 -61
-59 -61
-59 -61
-59 -61
-59 -61
-59 -61
-59 -61
-59 -61
-59 -61
-59 -61
-59 -61
-59 -61
-59 -61
-59 -61
-59 -61
-59 -61
-59 -61
-59 -61
-59 -61
-59 -61
-59 -61
-59 -61
-59 -61
-59 -61
-59 -61
-59 -61
-59 -61
-59 -61
-59 -61
-59 -61
-59 -61
-59 -61
-59 -61
-59 -61
-59 -61
-59 -61
-59 -61
-59 -61
-59 -61
-59 -61
-59 -61
-59 -61
-59 -61
-61 -58
-61 -58
-61 -58
-61 -58
-61 -58
-61 -58
-61 -58
-61 -58
-61 -58
-61 -58
-61 -58
-61 -58
-61 -58
-61 -58
-61 -58
-61 -58
-61 -58
-61 -58
-61 -58
-61 -58
-61 -58
-61 -58
-61 -58
-61 -58
-61 -58
-61 -58
-61 -58
-61 -58
-61 -58
-61 -58
-61 -58
-61 -58
-61 -58
-61 -58
-61 -58
-61 -58
-61 -58
-61 -58
-61 -58
-61 -58
-61 -58
-61 -58
-61 -58
-61 -58
-61 -58
-61 -58
-61 -58
-61 -58
-61 -58
-61 -58
-60 -46
-60 -46
-60 -46
-60 -46
-60 -46
-60 -46
-60 -46
-60 -46
-60 -46
-60 -46
-60 -46
-60 -46
-60 -46
-60 -46
-60 -46
-60 -46
-60 -46
-60 -46
-60 -46
-60 -46
-60 -46
-60 -46
-60 -46
-60 -46
-60 -46
-70 -37
-70 -37
-70 -37
-70 -37
-70 -37
-70 -37
-70 -37
-70 -37
-70 -37
-70 -37
-70 -37
-70 -37
-70 -37
-70 -37
-70 -37
-70 -37
-70 -37
-70 -37
-70 -37
-70 -37
-70 -37
-70 -37
-70 -37
-70 -37
-70 -37
-70 -37
-70 -37
-70 -37
-70 -37
-70 -37
-70 -37
-70 -37
-70 -37
-70 -37
-70 -37
-70 -37
-70 -37
-70 -37
-70 -37
-70 -37
-70 -37
-70 -37
-70 -37
-70 -37
-70 -37
-70 -37
-70 -37
-70 -37
-70 -37
-70 -37
-70 -37
-66 -35
-66 -35
-66 -35
-66 -35
-66 -35
-66 -35
-66 -35
-66 -35
-66 -35
-66 -35
-66 -35
-66 -35
-66 -35
-66 -35
-66 -35
-66 -35
-66 -35
-66 -35
-66 -35
-66 -35
-66 -35
-66 -35
-66 -35
-66 -35
-66 -35
-66 -35
-66 -35
-66 -35
-66 -35
-66 -35
-66 -35
-66 -35
-66 -35
-66 -35
-66 -35
-66 -35
-66 -35
-66 -35
-66 -35
-66 -35
-66 -35
-66 -35
-66 -35
-66 -35
-66 -35
-66 -35
-66 -35
-66 -35
-66 -35
-60 -22
-74 -29
-74 -29
-74 -29
-74 -29
-74 -29
-74 -29
-74 -29
-74 -29
-74 -29
-74 -29
-74 -29
-74 -29
-74 -29
-74 -29
-74 -29
-74 -29
-74 -29
-74 -29
-74 -29
-74 -29
-74 -29
-74 -29
-74 -29
-74 -29
-74 -29
-74 -29
-74 -29
-74 -29
-74 -29
-74 -29
-74 -29
-74 -29
-74 -29
-74 -29
-74 -29
-74 -29
-74 -29
-74 -29
-74 -29
-74 -29
-74 -29
-74 -29
-74 -29
-73 -23
-73 -23
-73 -23
-73 -23
-73 -23
-73 -23
-73 -23
-73 -23
-73 -23
-73 -23
-73 -23
-73 -23
-73 -23
-73 -23
-73 -23
-73 -23
-73 -23
-73 -23
-73 -23
-73 -23
-68 -21
-68 -21
-68 -21
-68 -21
-68 -21
-68 -21
-68 -21
-68 -21
-68 -21
-68 -21
-68 -21
-68 -21
-68 -21
-68 -21
-68 -21
-68 -21
-68 -21
-68 -21
-68 -21
-68 -21
-68 -21
-68 -21
-68 -21
-68 -21
-68 -21
-68 -21
-68 -21
-68 -21
-68 -21
-68 -21
-68 -21
-68 -21
-68 -21
-68 -21
-68 -21
-68 -21
-68 -21
-68 -21
-68 -21
-68 -21
-68 -21
-68 -21
-68 -21
-68 -21
-68 -21
-68 -21
-68 -21
-68 -21
-68 -21
-68 -21
-68 -21
-68 -21
-68 -21
-68 -21
-68 -21
-68 -21
-68 -21
-68 -21
-68 -21
-68 -21
-68 -21
-68 -21
-68 -21
-68 -21
-68 -21
-68 -21
-68 -21
-68 -21
-67 -7
-71 -7
-71 -7
-71 -7
-71 -7
-71 -7
-71 -7
-71 -7
-71 -7
-71 -7
-71 -7
-71 -7
-71 -7
-71 -7
-71 -7
-71 -7
-71 -7
-71 -7
-71 -7
-71 -7
-71 -7
-71 -7
-71 -7
-71 -7
-71 -7
-71 -7
-71 -7
-71 -7
-71 -7
-71 -7
-71 -7
-71 -7
-71 -7
-71 -7
-71 -7
-71 -7
-71 -7
-71 -7
-71 -7
-71 -7
-71 -7
-71 -7
-71 -7
-71 -7
-71 -7
-71 -7
-71 -7
-71 -7
-71 -7
-71 -7
-67 1
-67 1
-67 1
-67 1
-67 1
-67 1
-67 1
-67 1
-67 1
-67 1
-67 1
-67 1
-67 1
-67 1
-67 1
-67 1
-67 1
-67 1
-67 1
-67 1
-67 1
-67 1
-67 1
-67 1
-67 1
-67 1
-67 1
-67 1
-67 1
-67 1
-67 1
-67 1
-67 1
-67 1
-67 1
-67 1
-67 1
-67 1
-67 1
-67 1
-67 1
-67 1
-67 1
-67 1
-67 1
-67 1
-67 1
-67 1
-67 1
-67 1
-73 -2
-75 7
-75 7
-75 7
-75 7
-75 7
-75 7
-75 7
-75 7
-75 7
-75 7
-75 7
-75 7
-75 7
-75 7
-75 7
-75 7
-75 7
-75 7
-75 7
-75 7
-75 7
-75 7
-75 7
-75 7
-75 7
-75 7
-75 7
-75 7
-75 7
-75 7
-75 7
-75 7
-75 7
-75 7
-75 7
-75 7
-75 7
-75 7
-75 7
-75 7
-75 7
-75 7
-75 7
-75 7
-75 7
-75 7
-75 7
-75 7
-74 9
-74 9
-74 9
-74 9
-74 9
-74 9
-74 9
-74 9
-74 9
-74 9
-74 9
-74 9
-74 9
-74 9
-74 9
-74 9
-74 9
-74 9
-74 9
-74 9
-74 9
-74 9
-74 9
-74 9
-65 16
-65 16
-65 16
-65 16
-65 16
-65 16
-65 16
-65 16
-65 16
-65 16
-65 16
-65 16
-65 16
-65 16
-65 16
-65 16
-65 16
-65 16
-65 16
-65 16
-65 16
-65 16
-65 16
-65 16
-65 16
-65 16
-65 16
-65 16
-65 16
-65 16
-65 16
-65 16
-65 16
-67 21
-67 21
-67 21
-67 21
-67 21
-67 21
-67 21
-67 21
-67 21
-67 21
-67 21
-67 21
-67 21
-67 21
-67 21
-67 21
-67 21
-67 21
-67 21
-67 21
-67 21
-67 21
-67 21
-67 21
-67 21
-67 21
-67 21
-67 21
-67 21
-67 21
-67 21
-67 21
-67 21
-67 21
-67 21
-67 21
-67 21
-67 21
-67 21
-67 21
-67 21
-67 21
-67 21
-67 21
-67 21
-57 33
-57 33
-57 33
-57 33
-57 33
-57 33
-57 33
-57 33
-57 33
-57 33
-57 33
-57 33
-57 33
-57 33
-57 33
-57 33
-57 33
-57 33
-57 33
-57 33
-57 33
-57 33
-57 33
-57 33
-66 39
-66 39
-66 39
-66 39
-66 39
-66 39
-66 39
-66 39
-66 39
-66 39
-66 39
-66 39
-66 39
-66 39
-66 39
-66 39
-66 39
-66 39
-66 39
-66 39
-66 39
-66 39
-66 39
-66 39
-66 39
-66 39
-66 39
-66 39
-66 39
-66 39
-66 39
-66 39
-66 39
-66 39
-66 39
-66 39
-66 39
-54 53
-54 53
-54 53
-54 53
-54 53
-54 53
-54 53
-54 53
-54 53
-54 53
-54 53
-54 53
-54 53
-54 53
-54 53
-54 53
-54 53
-54 53
-54 53
-54 53
-54 53
-54 53
-54 53
-60 52
-60 52
-60 52
-60 52
-60 52
-60 52
-60 52
-60 52
-60 52
-60 52
-60 52
-60 52
-60 52
-60 52
-60 52
-60 52
-60 52
-60 52
-60 52
-60 52
-60 52
-60 52
-60 52
-60 52
-60 52
-60 52
-60 52
-60 52
-60 52
-60 52
-60 52
-60 52
-60 52
-60 52
-60 52
-60 52
-60 52
-60 52
-60 52
-60 52
-61 59
-61 59
-61 59
-61 59
-61 59
-61 59
-61 59
-61 59
-61 59
-61 59
-61 59
-61 59
-61 59
-61 59
-61 59
-61 59
-61 59
-61 59
-61 59
-61 59
-61 59
-61 59
-61 59
-61 59
-61 59
-61 59
-61 59
-61 59
-61 59
-61 59
-61 59
-61 59
-61 59
-61 59
-61 59
-61 59
-61 59
-61 59
-61 59
-61 59
-61 59
-61 59
-53 58
-53 58
-53 58
-53 58
-53 58
-53 58
-53 58
-53 58
-53 58
-53 58
-53 58
-53 58
-53 58
-53 58
-53 58
-53 58
-53 58
-53 58
-53 57
-53 57
-53 57
-53 57
-53 57
-53 57
-53 57
-53 57
-53 57
-53 57
-53 57
-53 57
-53 57
-53 57
-53 57
-53 57
-53 57
-53 57
-53 57
-53 57
-53 57
-53 57
-45 55
-45 55
-45 55
-45 55
-45 55
-45 55
-45 55
-45 55
-45 55
-45 55
-45 55
-45 55
-45 55
-45 55
-45 55
-45 55
-45 55
-45 55
-45 55
-45 55
-45 55
-45 55
-45 55
-45 69
-45 69
-45 69
-45 69
-45 69
-45 69
-45 69
-45 69
-45 69
-45 69
-45 69
-45 69
-45 69
-45 69
-45 69
-45 69
-45 69
-45 69
-45 69
-45 69
-45 69
-45 69
-45 69
-45 69
-45 69
-45 69
-45 69
-45 69
-45 69
-45 69
-45 69
-45 69
-45 69
-45 69
-45 69
-45 69
-45 69
-45 69
-45 69
-45 69
-45 69
-45 69
-45 69
-45 69
-45 69
-45 69
-45 69
-48 66
-48 66
-48 66
-48 66
-48 66
-48 66
-48 66
-48 66
-48 66
-48 66
-48 66
-48 66
-48 66
-48 66
-48 66
-48 66
-48 66
-48 66
-48 66
-48 66
-48 66
-48 66
-48 66
-48 66
-48 66
-48 66
-48 66
-48 66
-48 66
-48 66
-48 66
-48 66
-48 66
-48 66
-48 66
-48 66
-48 66
-48 66
-48 66
-48 66
-48 66
-48 66
-48 66
-48 66
-48 66
-48 66
-48 66
-48 66
-48 66
-48 66
-48 66
-41 70
-41 70
-41 70
-41 70
-41 70
-41 70
-41 70
-41 70
-41 70
-41 70
-41 70
-41 70
-41 70
-41 70
-41 70
-41 70
-41 70
-41 70
-41 70
-41 70
-41 70
-41 70
-41 70
-41 70
-41 70
-41 70
-41 70
-41 70
-41 70
-41 70
-41 70
-41 70
-41 70
-41 70
-41 70
-41 70
-41 70
-41 70
-41 70
-41 70
-41 70
-41 70
-41 70
-41 70
-41 70
-41 70
-41 70
-46 79
-46 79
-46 79
-46 79
-46 79
-46 79
-46 79
-46 79
-46 79
-46 79
-46 79
-46 79
-46 79
-46 79
-46 79
-46 79
-46 79
-46 79
-46 79
-46 79
-46 79
-46 79
-46 79
-46 79
-46 79
-42 71
-42 71
-42 71
-42 71
-42 71
-42 71
-42 71
-42 71
-42 71
-42 71
-42 71
-42 71
-42 71
-42 71
-42 71
-42 71
-42 71
-42 71
-42 71
-42 71
-42 71
-42 71
-42 71
-42 71
-42 71
-42 71
-42 71
-42 71
-42 71
-42 71
-42 71
-42 71
-42 71
-42 71
-42 71
-42 71
-42 71
-42 71
-42 71
-42 71
-42 71
-42 71
-42 71
-42 71
-42 71
-42 71
-42 71
-42 71
-42 71
-42 71
-42 71
-42 71
-42 71
-42 71
-42 71
-42 71
-42 71
-42 71
-42 71
-42 71
-42 71
-42 71
-42 71
-42 71
-42 71
-42 71
-47 84
-42 78
-42 78
-42 78
-42 78
-42 78
-42 78
-42 78
-42 78
-42 78
-42 78
-42 78
-42 78
-42 78
-42 78
-42 78
-42 78
-42 78
-42 78
-42 78
-42 78
-42 78
-42 78
-42 78
-42 78
-42 78
-42 78
-42 78
-42 78
-42 78
-42 78
-42 78
-42 78
-42 78
-42 78
-42 78
-42 78
-42 78
-42 78
-42 78
-42 78
-42 78
-42 78
-42 78
-40 78
-40 78
-40 78
-40 78
-40 78
-40 78
-40 78
-40 78
-40 78
-40 78
-40 78
-40 78
-40 78
-40 78
-40 78
-40 78
-40 78
-40 78
-40 78
-40 78
-40 78
-40 78
-40 78
-40 78
-40 78
-40 78
-40 78
-40 78
-40 78
-40 78
-40 78
-40 78
-40 78
-40 78
-40 78
-40 78
-40 78
-40 78
-40 78
-40 78
-40 78
-40 78
-40 78
-40 78
-40 78
-40 78
-32 75
-38 90
-38 90
-38 90
-38 90
-38 90
-38 90
-38 90
-38 90
-38 90
-38 90
-38 90
-38 90
-38 90
-38 90
-38 90
-38 90
-38 90
-38 90
-38 90
-38 90
-38 90
-38 90
-38 90
-38 90
-38 90
-38 90
-38 90
-38 90
-38 90
-38 90
-38 90
-38 90
-38 90
-38 90
-38 90
-38 90
-38 90
-38 90
-38 90
-38 90
-38 90
-38 90
-38 90
-38 90
-38 90
-38 90
-38 90
-38 90
-37 87
-37 87
-37 87
-37 87
-37 87
-37 87
-37 87
-37 87
-37 87
-37 87
-37 87
-37 87
-37 87
-37 87
-37 87
-37 87
-37 87
-37 87
-37 87
-37 87
-37 87
-37 87
-37 87
-32 84
-32 84
-32 84
-32 84
-32 84
-32 84
-32 84
-32 84
-32 84
-32 84
-32 84
-32 84
-32 84
-32 84
-32 84
-32 84
-32 84
-32 84
-32 84
-32 84
-32 84
-32 84
-32 84
-32 84
-32 84
-32 84
-32 84
-32 84
-32 84
-32 84
-32 84
-32 84
-32 84
-32 84
-32 84
-32 84
-32 84
-32 84
-32 84
-32 84
-32 84
-32 84
-32 84
-32 84
-32 84
-32 84
-32 84
-32 84
-32 84
-32 84
-32 84
-32 84
-27 91
-27 91
-27 91
-27 91
-27 91
-27 91
-27 91
-27 91
-27 91
-27 91
-27 91
-27 91
-27 91
-27 91
-27 91
-27 91
-27 91
-27 91
-27 91
-27 91
-27 91
-27 91
-24 82
-24 82
-24 82
-24 82
-24 82
-24 82
-24 82
-24 82
-24 82
-24 82
-24 82
-24 82
-24 82
-24 82
-24 82
-24 82
-24 82
-24 82
-24 82
-24 82
-24 82
-24 82
-24 82
-24 82
-24 82
-24 82
-24 82
-24 82
-24 82
-24 82
-24 82
-24 82
-24 82
-24 82
-24 82
-24 82
-24 82
-24 82
-24 82
-24 82
-24 82
-22 82
-23 88
-23 88
-23 88
-23 88
-23 88
-23 88
-23 88
-23 88
-23 88
-23 88
-23 88
-23 88
-23 88
-23 88
-23 88
-23 88
-23 88
-23 88
-23 88
-23 88
-23 88
-23 88
-23 88
-23 88
-23 88
-23 88
-23 88
-23 88
-23 88
-23 88
-23 88
-23 88
-23 88
-23 88
-23 88
-23 88
-23 88
-23 88
-23 88
-23 88
-23 88
-23 88
-23 88
-23 88
-23 88
-17 84
-17 84
-17 84
-17 84
-17 84
-17 84
-17 84
-17 84
-17 84
-17 84
-17 84
-17 84
-17 84
-17 84
-17 84
-17 84
-17 84
-17 84
-17 84
-17 84
-17 84
-17 84
-17 84
-17 84
-17 84
-17 84
-17 84
-17 84
-17 84
-17 84
-17 84
-17 84
-17 84
-17 84
-17 84
-17 84
-17 84
-17 84
-17 84
-17 84
-17 84
-17 84
-17 84
-17 84
-17 84
-17 84
-17 84
-17 84
-17 84
-17 84
-17 84
-17 84
-17 84
-17 84
-17 84
-15 89
-15 89
-15 89
-15 89
-15 89
-15 89
-15 89
-15 89
-15 89
-15 89
-15 89
-15 89
-15 89
-15 89
-15 89
-15 89
-15 89
-15 89
-15 89
-15 89
-15 89
-15 89
-15 89
-15 89
-15 89
-15 89
-15 89
-15 89
-15 89
-15 89
-15 89
-15 89
-15 89
-15 89
-14 85
-14 85
-14 85
-14 85
-14 85
-14 85
-14 85
-14 85
-14 85
-14 85
-14 85
-14 85
-14 85
-14 85
-14 85
-14 85
-14 85
-14 85
-14 85
-14 85
-14 85
-14 85
-14 85
-14 85
-14 85
-14 85
-14 85
-14 85
-14 85
-14 85
-14 85
-14 85
-14 85
-14 84
-3 86
-3 86
-3 86
-3 86
-3 86
-3 86
-3 86
-3 86
-3 86
-3 86
-3 86
-3 86
-3 86
-3 86
-3 86
-6 86
-6 86
-6 86
-6 86
-6 86
-6 86
-6 86
-6 86
-6 86
-6 86
-6 86
-6 86
-6 86
-6 86
-6 86
-6 86
-6 86
-6 86
-6 86
-6 86
-6 86
-6 86
-6 86
-6 86
-6 86
-6 86
-6 86
-6 86
-6 86
-6 86
-6 86
-6 86
-6 86
-6 86
-6 86
-6 86
-6 86
-6 86
-6 86
-6 86
-6 86
-6 86
-6 86
-6 86
-6 86
-6 86
-6 86
-6 86
-6 86
-6 86
-6 86
-6 86
-6 86
-6 86
-6 86
-6 85
-8 85
-8 85
-8 85
-8 85
-8 85
-8 85
-8 85
-8 85
-8 85
-8 85
-8 85
-8 85
-8 85
-8 85
-8 85
-8 85
-8 85
-8 85
-8 85
-8 85
-8 85
-8 85
-8 85
-8 85
-8 85
-8 85
-8 85
-8 85
-8 85
-8 85
-8 85
-8 85
-8 85
-8 85
-8 85
-8 85
-8 85
-8 85
-8 85
-7 87
-7 87
-7 87
-7 87
-7 87
-7 87
-7 87
-7 87
-7 87
-7 87
-7 87
-7 87
-7 87
-7 87
-7 87
-7 87
-7 87
-7 87
-7 87
-6 82
-6 82
-6 82
-6 82
-6 82
-6 82
-6 82
-6 82
-6 82
-6 82
-6 82
-6 82
-6 82
-6 82
-6 82
-6 82
-6 82
-6 82
-6 82
-6 82
-3 84
-3 84
-3 84
-3 84
-3 84
-3 84
-3 84
-3 84
-3 84
-3 84
-3 84
-3 84
-3 84
-3 84
-3 84
-3 84
-3 84
-3 84
-3 84
-3 84
-3 84
-3 84
-3 84
-3 84
-3 84
-3 84
-3 84
-3 84
-3 84
-3 84
-3 84
-3 84
-3 84
-3 84
-3 84
-3 84
-3 84
-3 84
-3 84
-3 84
-3 84
-3 84
-3 84
-3 84
-3 84
-3 84
-3 84
-3 84
-3 84
-3 84
-3 84
-3 84
-3 84
-3 84
-3 84
-3 84
-3 84
-3 84
-3 84
-3 84
0 85
0 85
2 84
2 84
2 84
2 84
2 84
2 84
2 84
2 84
2 84
2 84
2 84
2 84
2 84
2 84
2 84
2 84
2 84
2 84
2 84
2 84
2 84
2 84
2 84
2 84
2 84
2 84
2 84
2 84
2 84
2 84
2 84
4 82
4 82
4 82
4 82
4 82
4 82
4 82
4 82
4 82
4 82
4 82
4 82
4 82
4 82
4 82
4 82
4 82
4 82
4 82
4 82
4 82
4 82
4 82
4 82
4 82
4 82
4 82
9 85
6 89
6 89
6 89
6 89
6 89
6 89
6 89
6 89
6 89
6 89
6 89
6 89
6 89
6 89
6 89
6 89
6 89
6 89
6 89
6 89
6 89
6 89
6 89
6 89
6 89
6 89
6 89
6 89
6 89
6 89
6 89
6 89
6 89
6 89
6 89
10 86
10 86
10 86
10 86
10 86
10 86
10 86
10 86
10 86
10 86
10 86
10 86
10 86
10 86
10 86
10 86
10 86
10 86
10 86
10 86
10 86
10 86
10 86
10 86
10 86
10 86
10 86
10 86
10 86
10 86
10 86
10 86
11 86
11 87
11 87
11 87
11 87
11 87
11 87
11 87
11 87
11 87
11 87
11 87
11 87
11 87
11 87
11 87
11 87
11 87
11 87
11 87
11 87
11 87
11 87
11 87
11 87
11 87
11 87
11 87
11 87
11 87
11 87
11 87
4 91
4 91
4 91
4 91
4 91
4 91
4 91
4 91
4 91
4 91
4 91
4 91
4 91
4 91
4 91
4 91
4 91
4 91
11 91
11 91
11 91
11 91
11 91
11 91
11 91
11 91
11 91
11 91
11 91
11 91
11 91
11 91
11 91
11 91
11 91
16 89
16 89
16 89
16 89
16 89
16 89
16 89
16 89
16 89
16 89
16 89
16 89
16 89
16 89
16 89
16 89
16 89
16 89
16 89
16 89
16 89
16 89
16 89
16 89
16 89
16 89
16 89
16 89
16 89
16 89
16 89
16 89
16 89
16 89
16 89
16 89
16 83
16 83
16 83
16 83
16 83
16 83
16 83
16 83
16 83
16 83
16 83
16 83
16 83
16 83
16 83
16 83
16 83
16 83
23 84
23 84
23 84
23 84
23 84
23 84
23 84
23 84
23 84
23 84
23 84
23 84
23 84
23 84
23 84
23 84
23 84
23 84
23 84
23 84
23 84
23 84
23 84
23 84
23 84
23 84
23 84
23 84
23 84
23 84
23 84
29 91
29 91
29 91
29 91
29 91
29 91
29 91
29 91
29 91
29 91
29 91
29 91
29 91
29 91
29 91
29 91
29 91
29 91
29 91
29 91
29 91
29 91
29 91
29 91
29 91
29 91
29 91
29 91
29 91
29 91
29 91
29 91
29 91
29 91
39 76
39 76
39 76
39 76
39 76
39 76
39 76
39 76
39 76
39 76
39 76
39 76
39 76
39 76
39 76
39 76
39 76
39 76
39 76
39 76
39 76
39 76
39 76
39 76
39 76
39 76
39 76
39 76
39 76
39 76
39 76
39 76
39 76
39 76
39 76
47 78
47 78
47 78
47 78
47 78
47 78
47 78
47 78
47 78
47 78
47 78
47 78
47 78
47 78
47 78
47 78
47 78
53 78
53 78
53 78
53 78
53 78
53 78
53 78
53 78
53 78
53 78
53 78
53 78
53 78
53 78
53 78
53 78
53 78
53 78
53 78
53 78
53 78
53 78
53 78
53 78
53 78
53 78
53 78
53 78
53 78
53 78
53 78
53 78
53 78
53 78
53 78
53 78
53 78
53 78
53 78
53 78
53 78
53 78
53 78
53 78
53 78
53 78
53 78
59 63
70 62
70 62
70 62
70 62
70 62
70 62
70 62
70 62
70 62
70 62
70 62
70 62
70 62
70 62
70 62
70 62
70 62
70 62
70 62
70 62
70 62
70 62
70 62
70 62
70 62
70 62
70 62
70 62
70 62
70 62
70 62
70 62
70 62
70 62
70 62
70 62
74 54
74 54
74 54
74 54
74 54
74 54
74 54
74 54
74 54
74 54
74 54
74 54
74 54
74 54
94 47
94 47
94 47
94 47
94 47
94 47
94 47
94 47
94 47
94 47
94 47
94 47
94 47
94 47
94 47
94 47
94 47
87 28
87 28
87 28
87 28
87 28
87 28
87 28
87 28
87 28
87 28
87 28
87 28
87 28
87 28
87 28
87 28
87 28
87 28
87 28
87 28
87 28
87 28
87 28
87 28
87 28
87 28
87 28
87 28
87 28
87 28
87 28
87 28
87 28
87 28
87 28
87 28
87 28
87 28
87 28
87 28
87 28
87 28
87 28
87 28
87 28
87 28
87 28
87 28
87 28
87 28
87 28
87 28
87 28
87 28
87 28
87 28
92 22
88 10
88 10
88 10
88 10
88 10
88 10
88 10
88 10
88 10
88 10
88 10
88 10
88 10
88 10
88 10
88 10
88 10
88 10
88 10
88 10
88 10
88 10
88 10
88 10
88 10
88 10
88 10
88 10
88 10
88 10
88 10
88 10
88 10
88 10
88 10
93 5
93 5
93 5
93 5
93 5
93 5
93 5
93 5
93 5
93 5
93 5
93 5
93 5
93 5
103 -8
103 -8
103 -8
103 -8
103 -8
103 -8
103 -8
103 -8
103 -8
103 -8
103 -8
103 -8
103 -8
103 -8
103 -8
103 -8
103 -8
80 -17
80 -17
80 -17
80 -17
80 -17
80 -17
80 -17
80 -17
80 -17
80 -17
80 -17
80 -17
80 -17
80 -17
80 -17
80 -17
89 -37
89 -37
89 -37
89 -37
89 -37
89 -37
89 -37
89 -37
89 -37
89 -37
89 -37
89 -37
89 -37
89 -37
89 -37
89 -37
89 -37
89 -37
89 -37
89 -37
89 -37
89 -37
89 -37
89 -37
89 -37
89 -37
89 -37
89 -37
89 -37
89 -37
89 -37
89 -37
89 -37
89 -37
89 -37
89 -37
89 -37
89 -37
89 -37
89 -37
89 -37
89 -37
89 -37
89 -37
89 -37
89 -37
89 -37
65 -49
65 -49
65 -49
65 -49
65 -49
65 -49
65 -49
65 -49
65 -49
65 -49
65 -49
65 -49
65 -49
65 -49
65 -49
65 -49
65 -49
65 -49
65 -49
65 -49
65 -49
65 -49
65 -49
65 -49
65 -49
65 -49
65 -49
65 -49
65 -49
65 -49
65 -49
65 -49
65 -49
65 -49
67 -64
67 -64
67 -64
67 -64
67 -64
67 -64
67 -64
67 -64
67 -64
67 -64
67 -64
67 -64
67 -64
67 -64
67 -64
67 -64
67 -64
67 -64
67 -64
67 -64
67 -64
67 -64
67 -64
67 -64
67 -64
67 -64
67 -64
67 -64
67 -64
67 -64
67 -64
67 -64
67 -64
67 -64
67 -64
67 -64
67 -64
67 -64
67 -64
67 -64
67 -64
67 -64
67 -64
67 -64
67 -64
67 -64
67 -64
67 -64
67 -64
67 -64
67 -64
57 -77
57 -77
57 -77
57 -77
57 -77
57 -77
57 -77
57 -77
57 -77
57 -77
57 -77
57 -77
57 -77
57 -77
57 -77
57 -77
57 -77
48 -72
48 -72
48 -72
48 -72
48 -72
48 -72
48 -72
48 -72
48 -72
48 -72
48 -72
48 -72
48 -72
48 -72
48 -72
48 -72
48 -72
48 -72
48 -72
42 -70
42 -70
42 -70
42 -70
42 -70
42 -70
42 -70
42 -70
42 -70
42 -70
42 -70
42 -70
42 -70
42 -70
42 -70
42 -70
41 -76
41 -76
41 -76
41 -76
41 -76
41 -76
41 -76
41 -76
41 -76
41 -76
41 -76
41 -76
41 -76
41 -76
41 -76
41 -76
41 -76
41 -76
41 -76
41 -76
41 -76
41 -76
41 -76
41 -76
41 -76
41 -76
41 -76
41 -76
41 -76
41 -76
41 -76
41 -76
41 -76
33 -77
33 -77
33 -77
33 -77
33 -77
33 -77
33 -77
33 -77
33 -77
33 -77
33 -77
33 -77
33 -77
33 -77
33 -77
33 -77
33 -77
33 -77
29 -65
29 -65
29 -65
29 -65
29 -65
29 -65
29 -65
29 -65
29 -65
29 -65
29 -65
29 -65
29 -65
29 -65
29 -65
29 -65
29 -65
29 -65
29 -65
29 -65
29 -65
29 -65
29 -65
29 -65
29 -65
29 -65
29 -65
29 -65
29 -65
29 -65
29 -65
29 -65
29 -65
29 -65
29 -65
29 -65
29 -65
29 -65
29 -65
29 -65
22 -61
22 -61
22 -61
22 -61
22 -61
22 -61
22 -61
22 -61
22 -61
22 -61
22 -61
22 -61
22 -61
22 -61
22 -61
19 -52
19 -52
19 -52
19 -52
19 -52
19 -52
19 -52
19 -52
19 -52
19 -52
19 -52
19 -52
19 -52
19 -52
19 -52
19 -52
17 -48
17 -48
17 -48
17 -48
17 -48
17 -48
17 -48
17 -48
17 -48
17 -48
17 -48
17 -48
17 -48
17 -48
17 -48
17 -48
17 -48
17 -48
17 -48
17 -48
17 -48
17 -48
17 -48
17 -48
17 -48
17 -48
17 -48
17 -48
17 -48
17 -48
17 -48
17 -48
17 -48
17 -48
17 -48
17 -48
17 -48
17 -48
14 -36
14 -36
14 -36
14 -36
14 -36
14 -36
14 -36
14 -36
14 -36
14 -36
14 -36
14 -36
14 -36
14 -36
14 -36
14 -36
14 -36
14 -36
14 -36
14 -36
14 -36
14 -36
14 -36
14 -36
14 -36
14 -36
14 -36
14 -36
14 -36
14 -36
14 -36
14 -36
14 -36
14 -36
14 -36
14 -36
14 -36
14 -36
14 -36
14 -36
14 -36
14 -36
14 -36
14 -36
14 -36
14 -36
14 -36
14 -36
14 -36
14 -36
14 -36
6 -19
6 -19
6 -19
6 -19
6 -19
6 -19
6 -19
6 -19
6 -19
6 -19
6 -19
6 -19
6 -19
6 -19
6 -19
6 -19
3 -10
3 -10
3 -10
3 -10
3 -10
3 -10
3 -10
3 -10
3 -10
3 -10
3 -10
3 -10
3 -10
3 -10
3 -10
3 -10
3 -10
3 -10
3 -10
3 -10
3 -10
3 -10
3 -10
3 -10
3 -10
3 -10
3 -10
3 -10
3 -10
3 -10
3 -10
3 -10
3 -10
3 -10
3 -10
1 -1
1 -1
1 -1
1 -1
1 -1
1 -1
1 -1
1 -1
1 -1
1 -1
1 -1
1 -1
1 -1
1 -1
1 -1
1 -1
1 -1
1 -1
1 -1
1 -1
1 -1
1 -1
1 -1
1 -1
1 -1
1 -1
1 -1
1 -1
1 -1
1 -1
1 -1
1 -1
1 -1
1 -1
1 -1
1 -1
1 -1
1 -1
1 -1
1 -1
1 -1
1 -1
1 -1
1 -1
1 -1
1 -1
1 -1
1 -1
1 -1
1 -1
1 -1
1 -1
1 -1
1 -1
1 -1
1 -1
1 -1
1 -1
1 -1
1 -1
1 -1
1 -1
1 -1
1 -1
1 -1
1 -1
1 -1
1 0
1 0
1 0
1 0
1 0
1 0
1 0
1 0
1 0
1 0
1 0
1 0
1 0
1 0
1 0
1 0
1 0
1 0
1 0
1 0
1 0
1 0
1 0
1 0
1 0
1 0
1 0
1 0
1 0
1 0
1 0
1 0
1 0
1 0
1 0
1 0
1 0
1 0
1 0
1 0
1 0
1 0
1 0
1 0
1 0
1 0
1 0
1 0
1 0
1 0
1 0
1 0
1 0
1 0
1 0
1 0
1 0
1 0
1 0
1 0
1 0
1 0
1 0
1 0
1 0
1 0
1 0
1 0
1 0
1 0
1 0
1 0
1 0
1 0
1 0
1 0
1 0
1 0
1 0
1 0
1 0
1 0
1 0
1 0
1 0
1 0
1 0
1 0
1 0
1 0
1 0
1 0
1 0
1 0
1 0
1 0
1 0
1 0
1 0
1 0
1 0
1 0
1 0
1 0
1 0
1 0
1 0
1 0
1 0
1 0
1 0
1 0
1 0
1 0
1 0
1 0
1 0
1 0
1 0
1 0
1 0
1 0
1 0
1 0
1 0
1 0
1 0
1 0
1 0
1 0
1 0
1 0
1 0
1 0
1 0
1 0
1 0
1 0
1 0
1 0
1 0
1 0
1 0
1 0
1 0
1 0
1 0
1 0
1 0
1 0
1 0
1 0
1 0
1 0
1 0
1 0
1 0
1 0
1 0
1 0
1 0
1 0
1 0
1 0
1 0
1 0
1 0
1 0
1 0
1 0
1 0
1 0
1 0
1 0
1 0
1 0
1 0
1 0
1 0
1 0
1 0
1 0
1 0
1 0
1 0
1 0
1 0
1 0
1 0
1 0
1 0
1 0
1 0
1 0
1 0
1 0
1 0
1 0
1 0
1 0
1 0
1 0
1 0
1 0
1 0
1 0
1 0
1 0
1 0
1 0
1 0
1 0
1 0
1 0
1 0
1 0
1 0
1 0
1 0
1 0
1 0
1 0
1 0
1 0
1 0
1 0
1 0
1 0
1 0
1 0
1 0
1 0
1 0
1 0
1 0
1 0
1 0
1 0
1 0
1 0
1 0
1 0
1 0
1 0
1 0
1 0
1 0
1 0
1 0
1 0
1 0
1 0
1 0
1 0
1 0
1 0
1 0
1 0
1 0
1 0
1 0
1 0
1 0
1 0
1 0
1 0
1 0
1 0
1 0
1 0
1 0
1 0
1 0
1 0
1 0
1 0
1 0
1 0
1 0
1 0
1 0
1 0
1 0
1 0
1 0
1 0
1 0
1 0
1 0
1 0
1 0
1 0
1 0
1 0
1 0
1 0
1 0
1 0
1 0
1 0
1 0
1 0
1 0
1 0
1 0
1 0
1 0
1 0
1 0
1 0
1 0
1 0
1 0
1 0
1 0
1 0
1 0
1 0
1 0
1 0
1 0
1 0
1 0
1 0
1 0
1 0
1 0
1 0
1 0
1 0
1 0
1 0
1 0
1 0
1 0
1 0
1 0
1 0
1 0
1 0
1 0
1 0
1 0
1 0
1 0
1 0
1 0
1 0
1 0
1 0
1 0
1 0
1 0
1 0
1 0
1 0
1 0
1 0
1 0
1 0
1 0
1 0
1 0
1 0
1 0
1 0
1 0
1 0
1 0
1 0
1 0
1 0
1 0
1 0
1 0
1 0
1 0
1 0
1 0
1 0
1 0
1 0
1 0
1 0
1 0
1 0
1 0
1 0
1 0
1 0
1 0
1 0
1 0
1 0
1 0
1 0
1 0
1 0
1 0
1 0
1 0
1 0
1 0
1 0
1 0
1 0
1 0
1 0
1 0
1 0
1 0
1 0
1 0
1 0
1 0
1 0
1 0
1 0
1 0
1 0
1 0
1 0
1 0
1 0
1 0
1 0
1 0
1 0
1 0
1 0
1 0
1 0
1 0
1 0
1 0
1 0
1 0
1 0
1 0
1 0
1 0
1 0
1 0
1 0
1 0
1 0
1 0
1 0
1 0
1 0
1 0
1 0
1 0
1 0
1 0
1 0
1 0
1 0
1 0
1 0
1 0
1 0
1 0
1 0
1 0
1 0
1 0
1 0
1 0
1 0
1 0
1 0
1 0
1 0
1 0
1 0
1 0
1 0
1 0
1 0
1 0
1 0
1 0
1 0
1 0
1 0
1 0
1 0
1 0
1 0
1 0
1 0
1 0
1 0
1 0
1 0
1 0
1 0
1 0
1 0
1 0
1 0
1 0
1 0
1 0
1 0
1 0
1 0
1 0
1 0
1 0
1 0
1 0
1 0
1 0
1 0
1 0
1 0
1 0
1 0
1 0
1 0
1 0
1 0
1 0
1 0
1 0
1 0
1 0
1 0
1 0
1 0
1 0
1 0
1 0
1 0
1 0
1 0
1 0
1 0
1 0
1 0
1 0
1 0
1 0
1 0
1 0
1 0
1 0
1 0
1 0
1 0
1 0
1 0
1 0
1 0
1 0
1 0
1 0
1 0
1 0
1 0
1 0
1 0
1 0
1 0
1 0
1 0
1 0
1 0
1 0
1 0
1 0
1 0
1 0
1 0
1 0
1 0
1 0
1 0
1 0
1 0
1 0
1 0
1 0
1 0
1 0
1 0
1 0
1 0
1 0
1 0
1 0
1 0
1 0
1 0
1 0
1 0
1 0
1 0
1 0
1 0
1 0
1 0
1 0
1 0
1 0
1 0
1 0
1 0
1 0
1 0
1 0
1 0
1 0
1 0
1 0
1 0
1 0
1 0
1 0
1 0
1 0
1 0
1 0
1 0
1 0
1 0
1 0
1 0
1 0
1 0
1 0
1 0
1 0
1 0
1 0
1 0
1 0
1 0
1 0
1 0
1 0
1 0
1 0
1 0
1 0
1 0
1 0
1 0
1 0
1 0
1 0
1 0
1 0
1 0
1 0
1 0
1 0
1 0
1 0
1 0
1 0
1 0
1 0
1 0
1 0
1 0
1 0
1 0
1 0
1 0
1 0
1 0
1 0
1 0
1 0
1 0
1 0
1 0
1 0
1 0
1 0
1 0
1 0
1 0
1 0
1 0
1 0
1 0
1 0
1 0
1 0
1 0
1 0
1 0
1 0
1 0
1 0
1 0
1 0
1 0
1 0
1 0
1 0
1 0
1 0
1 0
1 0
1 0
1 0
1 0
1 0
1 0
1 0
1 0
1 0
1 0
1 0
1 0
1 0
1 0
1 0
1 0
1 0
1 0
1 0
1 0
1 0
1 0
1 0
1 0
1 0
1 0
1 0
1 0
1 0
1 0
1 0
1 0
1 0
1 0
1 0
1 0
1 0
1 0
1 0
1 0
1 0
1 0
1 0
1 0
1 0
1 0
1 0
1 0
1 0
1 0
1 0
1 0
1 0
1 0
1 0
1 0
1 0
1 0
1 0
1 0
1 0
1 0
1 0
1 0
1 0
1 0
1 0
1 0
1 0
1 0
1 0
1 0
1 0
1 0
1 0
1 0
1 0
1 0
1 0
1 0
1 0
1 0
1 0
1 0
1 0
1 0
1 0
1 0
1 0
1 0
1 0
1 0
1 0
1 0
1 0
1 0
1 0
1 0
1 0
1 0
1 0
1 0
1 0
1 0
1 0
1 0
1 0
1 0
1 0
1 0
1 0
1 0
1 0
1 0
1 0
1 0
1 0
1 0
1 0
1 0
1 0
1 0
1 0
1 0
1 0
1 0
1 0
1 0
1 0
1 0
1 0
1 0
1 0
1 0
1 0
1 0
1 0
1 0
1 0
1 0
1 0
1 0
1 0
1 0
1 0
1 0
1 0
1 0
1 0
1 0
1 0
1 0
1 0
1 0
1 0
1 0
1 0
1 0
1 0
1 0
1 0
1 0
1 0
1 0
1 0
1 0
1 0
1 0
1 0
1 0
1 0
1 0
1 0
1 0
1 0
1 0
1 0
1 0
1 0
1 0
1 0
1 0
1 0
1 0
1 0
1 0
1 0
1 0
1 0
1 0
1 0
1 0
1 0
1 0
1 0
1 0
1 0
1 0
1 0
1 0
1 0
1 0
1 0
