1 -4
1 -4
1 -4
1 -4
1 -4
1 -4
1 -4
1 -4
1 -4
1 -4
1 -4
1 -4
1 -4
1 -4
1 -4
1 -4
1 -4
1 -4
1 -4
1 -4
1 -4
1 -4
1 -4
1 -4
1 -4
1 -4
1 -4
1 -4
1 -4
1 -4
1 -4
1 -4
1 -4
1 -4
1 -4
1 -4
1 -4
1 -4
1 -4
0 -4
0 -4
0 -4
0 -4
0 -4
0 -4
0 -4
0 -4
0 -4
0 -4
0 -4
0 -4
0 -4
0 -4
0 -4
0 -4
0 -4
0 -4
0 -4
0 -4
0 -4
0 -4
0 -4
0 -4
0 -4
0 -4
0 -4
0 -4
0 -4
0 -4
0 -4
0 -4
0 -4
0 -4
0 -4
0 -4
0 -4
0 -4
0 -4
0 -4
0 -4
0 -4
0 -4
-2 1
-2 1
-2 1
-2 1
-2 1
-2 1
-2 1
-2 1
-2 1
-2 1
-2 1
-2 1
-2 1
-2 1
-2 1
-2 1
-2 1
-2 1
-2 1
-2 1
-2 1
-2 1
-2 1
-2 1
-2 1
-2 1
-2 1
-2 1
-2 1
-2 1
-2 1
-2 1
-2 1
-2 1
-2 1
-2 1
-2 1
-2 1
-2 1
-2 1
-2 1
-2 1
-2 1
0 1
0 1
0 1
0 1
0 1
0 1
0 1
0 1
0 1
0 1
0 1
0 1
0 1
0 1
0 1
0 1
0 1
0 1
0 1
0 1
0 1
0 1
0 1
0 1
0 1
0 1
0 1
0 1
0 1
0 1
0 1
0 1
0 1
0 1
0 1
0 1
0 1
0 1
0 1
0 1
0 1
0 1
0 1
0 1
0 1
0 1
0 1
0 1
0 1
0 1
0 1
0 1
0 1
0 1
0 1
0 1
0 1
0 1
0 1
0 1
0 1
0 1
0 1
0 1
0 1
0 1
0 1
0 1
0 1
0 1
0 1
0 1
0 1
0 1
0 1
0 1
0 1
0 1
0 1
0 1
0 1
0 1
0 1
0 1
0 1
0 1
0 1
0 1
0 1
0 1
0 1
0 1
0 1
0 1
0 1
0 1
0 1
0 1
0 1
0 1
0 1
0 1
0 1
0 1
0 1
0 1
0 1
0 1
0 1
0 1
0 1
0 1
0 1
0 1
0 1
0 1
0 1
0 1
0 1
0 1
0 1
0 1
0 1
0 1
0 1
0 1
0 1
0 1
0 1
0 1
0 1
0 1
0 1
0 1
0 1
0 1
0 1
0 1
0 1
0 1
0 1
0 1
0 1
0 1
0 1
0 1
0 1
0 1
0 5
0 5
0 5
0 5
0 5
0 5
0 5
0 5
0 5
0 5
0 5
0 5
0 5
0 5
0 5
0 5
0 5
0 5
0 5
0 5
0 5
0 5
0 5
1 10
1 10
1 10
1 10
1 10
1 10
1 10
1 10
1 10
1 10
1 10
1 10
1 10
1 10
1 10
1 10
1 10
1 10
1 10
1 10
1 10
1 10
1 10
0 16
0 16
0 16
0 16
0 16
0 16
0 16
0 16
0 16
0 16
0 16
0 16
0 16
0 16
0 16
0 16
0 16
0 16
0 16
0 16
0 16
0 16
0 16
0 16
0 16
0 16
0 16
0 16
0 16
0 16
0 16
0 16
0 16
0 16
0 16
0 16
0 16
0 16
0 16
0 16
0 16
0 16
0 16
0 16
0 16
0 16
0 16
0 16
0 16
0 16
0 16
0 16
0 16
0 16
0 16
0 16
0 16
0 16
0 16
0 16
0 16
0 16
0 16
0 16
0 16
0 16
0 16
0 16
0 16
1 17
1 17
1 17
1 17
1 17
1 17
1 17
1 17
1 17
1 17
1 17
1 17
1 17
1 17
1 17
1 17
1 17
1 17
1 17
1 17
1 17
1 17
1 17
1 17
1 17
1 17
1 17
1 17
1 17
1 17
1 17
1 17
1 17
1 17
1 17
1 17
1 17
1 17
1 17
1 17
1 17
1 17
1 17
1 17
1 17
1 17
1 17
1 17
1 13
1 13
1 13
1 13
1 13
1 13
1 13
1 13
1 13
1 13
1 13
1 13
1 13
1 13
1 13
1 13
1 13
1 13
1 13
1 13
1 13
1 13
1 13
1 13
1 13
1 15
1 15
1 15
1 15
1 15
1 15
1 15
1 15
1 15
1 15
1 15
1 15
1 15
1 15
1 15
1 15
1 15
1 15
1 15
1 15
1 15
1 15
1 15
1 15
2 23
2 23
2 23
2 23
2 23
2 23
2 23
2 23
2 23
2 23
2 23
2 23
2 23
2 23
2 23
2 23
2 23
2 23
2 23
2 23
2 23
2 23
2 23
2 23
2 23
2 23
2 23
2 23
2 23
2 23
2 23
2 23
2 23
2 23
2 23
2 23
2 23
2 23
2 23
2 23
2 23
2 23
2 23
2 23
2 23
2 23
2 23
2 23
2 23
2 23
2 23
2 23
2 23
2 23
2 23
2 23
2 23
2 23
2 23
2 23
2 23
2 23
2 23
2 23
2 23
2 23
2 23
0 34
0 42
0 42
0 42
0 42
0 42
0 42
0 42
0 42
0 42
0 42
0 42
0 42
0 42
0 42
0 42
0 42
0 42
0 42
0 42
0 42
0 42
0 42
0 42
0 42
0 42
0 42
0 42
0 42
0 42
0 42
0 42
0 42
0 42
0 42
0 42
0 42
0 42
0 42
0 42
0 42
0 42
0 42
0 42
0 42
0 42
4 48
4 48
4 48
4 48
4 48
4 48
4 48
4 48
4 48
4 48
4 48
4 48
4 48
4 48
4 48
4 48
4 48
4 48
4 48
4 48
3 55
3 55
3 55
3 55
3 55
3 55
3 55
3 55
3 55
3 55
3 55
3 55
3 55
3 55
3 55
3 55
3 55
3 55
3 55
3 55
3 55
3 55
3 55
3 55
3 55
3 55
3 55
3 55
3 55
3 55
3 55
3 55
3 55
3 55
3 55
3 55
3 55
3 55
3 55
3 55
3 55
4 63
4 63
4 63
4 63
4 63
4 63
4 63
4 63
4 63
4 63
4 63
4 63
4 63
4 63
4 63
4 63
4 63
4 63
4 63
4 63
4 63
4 63
4 63
4 63
4 63
6 75
6 75
6 75
6 75
6 75
6 75
6 75
6 75
6 75
6 75
6 75
6 75
6 75
6 75
6 75
6 75
6 75
6 75
6 75
6 75
6 75
6 75
6 75
6 75
6 75
6 75
6 75
6 75
6 75
6 75
6 75
6 75
6 75
6 75
6 75
6 75
6 75
6 75
6 75
6 75
6 75
8 78
8 78
8 78
8 78
8 78
8 78
8 78
8 78
8 78
8 78
8 78
8 78
8 78
8 78
8 78
8 78
8 78
8 78
8 78
8 78
8 78
8 78
8 78
8 78
8 78
8 78
8 78
8 78
8 78
8 78
8 78
8 78
8 78
8 78
8 78
8 78
8 78
8 78
8 78
8 78
8 78
8 78
8 78
8 78
8 78
8 78
7 72
7 72
7 72
7 72
7 72
7 72
7 72
7 72
7 72
7 72
7 72
7 72
7 72
7 72
7 72
7 72
7 72
7 72
7 72
7 72
7 72
7 72
7 72
7 72
18 80
18 80
18 80
18 80
18 80
18 80
18 80
18 80
18 80
18 80
18 80
18 80
18 80
18 80
18 80
18 80
18 80
18 80
18 80
18 80
18 80
18 80
18 80
18 80
18 80
18 80
27 75
27 75
27 75
27 75
27 75
27 75
27 75
27 75
27 75
27 75
27 75
27 75
27 75
27 75
27 75
27 75
27 75
27 75
27 75
27 75
27 75
27 75
27 75
27 75
27 75
27 75
27 75
27 75
27 75
27 75
27 75
27 75
27 75
27 75
27 75
27 75
27 75
27 75
27 75
27 75
27 75
27 75
27 75
27 75
27 75
27 75
28 81
28 81
28 81
28 81
28 81
28 81
28 81
28 81
28 81
28 81
28 81
28 81
28 81
28 81
28 81
28 81
28 81
28 81
28 81
28 81
28 81
28 81
28 81
28 81
28 81
28 81
28 81
28 81
28 81
28 81
28 81
28 81
28 81
28 81
28 81
28 81
28 81
28 81
28 81
28 81
28 81
28 81
36 77
36 77
36 77
36 77
36 77
36 77
36 77
36 77
36 77
36 77
36 77
36 77
36 77
36 77
36 77
36 77
36 77
36 77
36 77
36 77
36 77
36 77
36 77
36 77
36 77
36 77
36 77
36 77
36 77
36 77
36 77
36 77
36 77
36 77
36 77
36 77
36 77
36 77
36 77
36 77
36 77
36 77
36 77
36 77
36 77
36 77
45 74
45 74
45 74
45 74
45 74
45 74
45 74
45 74
45 74
45 74
45 74
45 74
45 74
45 74
45 74
45 74
45 74
45 74
45 74
45 74
45 74
45 74
45 74
45 74
45 74
45 74
45 74
45 74
45 74
45 74
45 74
45 74
45 74
45 74
45 74
45 74
45 74
45 74
45 74
45 74
45 74
45 74
45 74
45 74
45 74
45 74
45 74
45 74
45 74
45 74
45 74
45 74
45 74
45 74
45 74
45 74
45 74
45 74
45 74
45 74
49 69
48 62
48 62
48 62
48 62
48 62
48 62
48 62
48 62
48 62
48 62
48 62
48 62
48 62
48 62
48 62
48 62
48 62
48 62
48 62
48 62
48 62
60 62
60 62
60 62
60 62
60 62
60 62
60 62
60 62
60 62
60 62
60 62
60 62
60 62
60 62
60 62
60 62
60 62
60 62
60 62
60 62
60 62
60 62
60 62
60 62
60 62
60 62
60 62
60 62
60 62
60 62
60 62
60 62
60 62
60 62
60 62
60 62
60 62
60 62
60 62
60 62
60 62
60 62
60 62
60 62
60 62
60 62
60 62
60 62
60 62
60 62
60 62
60 62
60 62
60 62
60 62
60 62
60 62
60 62
60 62
60 62
60 62
60 62
60 62
60 62
53 49
61 52
61 52
61 52
61 52
61 52
61 52
61 52
61 52
61 52
61 52
61 52
61 52
61 52
61 52
61 52
61 52
61 52
61 52
61 52
61 52
61 52
61 52
61 52
61 52
61 52
61 52
61 52
61 52
61 52
61 52
61 52
61 52
61 52
61 52
61 52
61 52
61 52
61 52
79 51
79 51
79 51
79 51
79 51
79 51
79 51
79 51
79 51
79 51
79 51
79 51
79 51
79 51
79 51
79 51
79 51
79 51
79 51
66 44
66 44
66 44
66 44
66 44
66 44
66 44
66 44
66 44
66 44
66 44
66 44
66 44
66 44
66 44
66 44
66 44
66 44
66 44
66 44
66 44
66 44
66 44
66 44
66 44
66 44
66 44
66 44
66 44
66 44
66 44
66 44
66 44
66 44
66 44
66 44
66 44
66 44
66 44
66 44
66 44
66 44
73 41
70 39
70 39
70 39
70 39
70 39
70 39
70 39
70 39
70 39
70 39
70 39
70 39
70 39
70 39
70 39
70 39
70 39
70 39
70 39
70 39
70 39
70 39
70 39
70 39
70 39
70 39
70 39
70 39
70 39
70 39
70 39
70 39
70 39
70 39
70 39
70 39
70 39
70 39
70 39
70 39
70 39
70 39
70 39
70 39
70 39
70 39
70 39
70 39
70 39
70 39
70 39
70 39
70 39
70 39
70 39
70 39
70 39
70 39
70 39
70 39
70 39
70 39
70 39
70 39
70 39
70 39
70 39
70 39
61 24
61 24
61 24
61 24
61 24
61 24
61 24
61 24
61 24
61 24
61 24
61 24
61 24
61 24
61 24
61 24
61 24
61 24
61 24
61 24
61 24
61 24
61 24
61 24
61 24
61 24
61 24
61 24
61 24
61 24
61 24
61 24
61 24
60 14
60 14
60 14
60 14
60 14
60 14
60 14
60 14
60 14
60 14
60 14
60 14
60 14
60 14
60 14
60 14
60 14
60 14
60 14
60 14
60 14
52 9
52 9
52 9
52 9
52 9
52 9
52 9
52 9
52 9
52 9
52 9
52 9
52 9
52 9
52 9
52 9
52 9
52 9
52 9
52 9
52 9
52 9
52 9
52 9
62 1
62 1
62 1
62 1
62 1
62 1
62 1
62 1
62 1
62 1
62 1
62 1
62 1
62 1
62 1
62 1
62 1
62 1
62 1
62 1
62 1
62 1
62 1
62 1
62 1
62 1
62 1
62 1
62 1
62 1
62 1
62 1
62 1
62 1
62 1
62 1
62 1
62 1
62 1
62 1
62 1
62 1
62 1
62 1
62 1
62 1
62 1
62 1
62 1
62 1
62 1
62 1
62 1
62 1
62 1
62 1
62 1
62 1
62 1
62 1
62 1
62 1
62 1
62 1
62 1
62 1
62 1
62 1
62 1
62 1
62 1
57 -10
57 -10
57 -10
57 -10
57 -10
57 -10
57 -10
57 -10
57 -10
57 -10
57 -10
57 -10
57 -10
57 -10
57 -10
57 -10
57 -10
57 -10
57 -10
57 -10
57 -10
57 -10
57 -10
57 -10
57 -10
57 -10
57 -10
57 -10
57 -10
57 -10
57 -10
57 -10
57 -10
57 -10
57 -10
57 -10
57 -10
57 -10
57 -10
57 -10
57 -10
57 -10
57 -10
57 -10
57 -16
57 -16
57 -16
57 -16
57 -16
57 -16
57 -16
57 -16
57 -16
57 -16
57 -16
57 -16
57 -16
57 -16
57 -16
57 -16
57 -16
57 -16
57 -16
57 -16
57 -16
57 -16
57 -16
57 -16
57 -16
57 -16
57 -16
57 -16
57 -16
57 -16
57 -16
57 -16
57 -16
57 -16
57 -16
57 -16
57 -16
57 -16
57 -16
57 -16
57 -16
57 -16
57 -16
57 -16
57 -16
57 -16
57 -16
52 -17
52 -17
52 -17
52 -17
52 -17
52 -17
52 -17
52 -17
52 -17
52 -17
52 -17
52 -17
52 -17
52 -17
52 -17
52 -17
52 -17
52 -17
52 -17
52 -17
52 -17
52 -17
52 -17
59 -27
59 -27
59 -27
59 -27
59 -27
59 -27
59 -27
59 -27
59 -27
59 -27
59 -27
59 -27
59 -27
59 -27
59 -27
59 -27
59 -27
59 -27
59 -27
59 -27
59 -27
59 -27
59 -27
59 -27
44 -22
44 -22
44 -22
44 -22
44 -22
44 -22
44 -22
44 -22
44 -22
44 -22
44 -22
44 -22
44 -22
44 -22
44 -22
44 -22
44 -22
44 -22
44 -22
44 -22
44 -22
44 -22
44 -22
44 -22
44 -22
44 -22
44 -22
44 -22
44 -22
44 -22
44 -22
44 -22
44 -22
44 -22
44 -22
44 -22
44 -22
44 -22
44 -22
44 -22
44 -22
44 -22
44 -22
44 -22
44 -22
44 -22
44 -22
46 -36
46 -36
41 -48
41 -48
41 -48
41 -48
41 -48
41 -48
41 -48
41 -48
41 -48
41 -48
41 -48
41 -48
41 -48
41 -48
41 -48
41 -48
41 -48
41 -48
41 -48
41 -48
41 -48
41 -48
41 -48
41 -48
41 -48
41 -48
41 -48
41 -48
41 -48
41 -48
41 -48
41 -48
41 -48
41 -48
41 -48
41 -48
41 -48
41 -48
41 -48
41 -48
41 -48
41 -48
36 -37
36 -37
36 -37
36 -37
36 -37
36 -37
36 -37
36 -37
36 -37
36 -37
36 -37
36 -37
36 -37
36 -37
36 -37
36 -37
36 -37
36 -37
36 -37
36 -37
36 -37
36 -37
32 -45
32 -45
32 -45
32 -45
32 -45
32 -45
32 -45
32 -45
32 -45
32 -45
32 -45
32 -45
32 -45
32 -45
32 -45
32 -45
32 -45
32 -45
32 -45
32 -45
32 -45
32 -45
32 -45
32 -45
32 -45
32 -45
32 -45
32 -45
32 -45
32 -45
32 -45
32 -45
32 -45
32 -45
32 -45
32 -45
32 -45
32 -45
20 -38
20 -38
20 -38
20 -38
20 -38
20 -38
20 -38
20 -38
20 -38
20 -38
20 -38
20 -38
20 -38
20 -38
20 -38
20 -38
20 -38
20 -38
20 -38
24 -44
24 -44
24 -44
24 -44
24 -44
24 -44
24 -44
24 -44
24 -44
24 -44
24 -44
24 -44
24 -44
24 -44
24 -44
24 -44
24 -44
24 -44
24 -44
24 -44
24 -44
24 -44
24 -44
24 -44
24 -44
24 -44
24 -44
24 -44
24 -44
24 -44
24 -44
24 -44
24 -44
24 -44
24 -44
24 -44
24 -44
24 -44
24 -44
24 -44
24 -44
24 -44
24 -44
24 -44
24 -44
24 -44
24 -44
24 -44
24 -44
24 -44
24 -44
24 -44
24 -44
24 -44
24 -44
24 -44
24 -44
24 -44
24 -44
24 -44
24 -44
24 -44
24 -44
24 -44
24 -44
24 -44
24 -44
24 -44
24 -44
24 -44
24 -44
17 -59
17 -59
17 -59
17 -59
17 -59
17 -59
17 -59
17 -59
17 -59
17 -59
17 -59
17 -59
17 -59
17 -59
17 -59
17 -59
17 -59
17 -59
17 -59
17 -59
17 -59
17 -59
17 -59
17 -59
17 -59
17 -59
17 -59
17 -59
17 -59
17 -59
17 -59
17 -59
17 -59
17 -59
17 -59
17 -59
17 -59
17 -59
17 -59
17 -59
17 -59
17 -59
17 -59
17 -59
17 -59
17 -59
17 -59
17 -59
17 -59
17 -59
17 -59
17 -59
17 -59
17 -59
17 -59
17 -59
17 -59
17 -59
17 -59
17 -59
17 -59
17 -59
17 -59
17 -59
17 -59
17 -59
17 -59
17 -59
17 -59
17 -59
15 -63
14 -66
14 -66
14 -66
14 -66
14 -66
14 -66
14 -66
14 -66
14 -66
14 -66
14 -66
14 -66
14 -66
14 -66
14 -66
14 -66
14 -66
14 -66
14 -66
14 -66
14 -66
4 -65
4 -65
4 -65
4 -65
4 -65
4 -65
4 -65
4 -65
4 -65
4 -65
4 -65
4 -65
4 -65
4 -65
4 -65
4 -65
4 -65
4 -65
4 -65
4 -65
4 -65
6 -71
6 -71
6 -71
6 -71
6 -71
6 -71
6 -71
6 -71
6 -71
6 -71
6 -71
6 -71
6 -71
6 -71
6 -71
6 -71
6 -71
6 -71
6 -71
6 -71
6 -71
6 -71
6 -71
6 -71
6 -71
6 -71
6 -71
6 -71
6 -71
6 -71
6 -71
6 -71
6 -71
6 -71
6 -71
6 -71
6 -71
6 -71
6 -71
6 -71
6 -71
6 -71
6 -71
6 -71
6 -71
6 -71
6 -71
6 -71
6 -71
6 -71
6 -71
6 -71
6 -71
6 -71
6 -71
6 -71
6 -71
6 -71
6 -71
6 -71
6 -71
6 -71
6 -71
6 -71
6 -71
6 -71
6 -71
6 -71
6 -71
-2 -82
-2 -82
-2 -82
-2 -82
-2 -82
-2 -82
-2 -82
-2 -82
-2 -82
-2 -82
-2 -82
-2 -82
-2 -82
-2 -82
-2 -82
-2 -82
-2 -82
-2 -82
-2 -82
-2 -82
-2 -82
-2 -82
-2 -82
-2 -82
-2 -82
-2 -82
-2 -82
-2 -82
-2 -82
-2 -82
-2 -82
-5 -87
-5 -87
-5 -87
-5 -87
-5 -87
-5 -87
-5 -87
-5 -87
-5 -87
-5 -87
-5 -87
-5 -87
-5 -87
-5 -87
-5 -85
-5 -85
-5 -85
-5 -85
-5 -85
-5 -85
-5 -85
-5 -85
-5 -85
-5 -85
-5 -85
-5 -85
-5 -85
-5 -85
-5 -85
-2 -90
-2 -90
-2 -90
-2 -90
-2 -90
-2 -90
-2 -90
-2 -90
-2 -90
-2 -90
-2 -90
-2 -90
-2 -90
-2 -90
-2 -90
-2 -90
-2 -90
-2 -90
-2 -90
-2 -90
-2 -90
-2 -90
-2 -90
-2 -90
-2 -90
-2 -90
-2 -90
-2 -90
-2 -90
-2 -90
-2 -90
-2 -90
-2 -90
-2 -90
-2 -90
-2 -90
-2 -90
-2 -90
-2 -90
-2 -90
-2 -90
-2 -90
-2 -90
-2 -90
-2 -90
-2 -90
-2 -90
-5 -80
-6 -94
-6 -94
-6 -94
-6 -94
-6 -94
-6 -94
-6 -94
-6 -94
-6 -94
-6 -94
-6 -94
-6 -94
-6 -94
-6 -94
-6 -94
-6 -94
-6 -94
-6 -94
-6 -94
-6 -94
-6 -94
-6 -94
-6 -94
-6 -94
-6 -94
-6 -94
-6 -94
-6 -94
-6 -94
-6 -94
-6 -94
-6 -94
-6 -94
-6 -94
-6 -94
-6 -94
-6 -94
-6 -94
-6 -94
-6 -94
-6 -94
-6 -94
-6 -94
-6 -94
-6 -94
-6 -94
-6 -94
-6 -94
-6 -94
-6 -94
-6 -94
-6 -94
-6 -94
-6 -94
-6 -94
-6 -94
-6 -94
-6 -94
-6 -94
-6 -94
-6 -94
-6 -94
-6 -94
-6 -94
-6 -94
-6 -94
-6 -94
-6 -94
-6 -94
-6 -94
-6 -94
-6 -94
-6 -94
-6 -94
-6 -94
-6 -94
-6 -94
-6 -94
-6 -94
-6 -94
-6 -94
-6 -94
-6 -94
-6 -94
-6 -94
-6 -94
-6 -94
-6 -94
-6 -94
-6 -94
-6 -94
-6 -94
-6 -94
-6 -94
-7 -90
-4 -86
-11 -90
-11 -90
-11 -90
-11 -90
-11 -90
-11 -90
-11 -90
-11 -90
-11 -90
-11 -90
-11 -90
-11 -90
-11 -90
-11 -90
-11 -90
-16 -94
-16 -94
-16 -94
-16 -94
-16 -94
-16 -94
-16 -94
-16 -94
-16 -94
-16 -94
-16 -94
-16 -94
-16 -94
-16 -94
-16 -94
-16 -94
-16 -94
-16 -94
-16 -94
-16 -94
-16 -94
-16 -94
-16 -94
-16 -94
-16 -94
-16 -94
-16 -94
-16 -94
-16 -94
-16 -94
-16 -94
-16 -94
-16 -94
-16 -94
-16 -94
-28 -90
-28 -90
-28 -90
-28 -90
-28 -90
-28 -90
-28 -90
-28 -90
-28 -90
-28 -90
-28 -90
-28 -90
-28 -90
-28 -90
-28 -90
-28 -90
-28 -90
-28 -90
-28 -90
-28 -90
-28 -90
-28 -90
-28 -90
-28 -90
-28 -90
-28 -90
-28 -90
-28 -90
-28 -90
-28 -90
-28 -90
-28 -90
-28 -90
-28 -90
-28 -90
-23 -98
-23 -98
-23 -98
-23 -98
-23 -98
-23 -98
-23 -98
-23 -98
-23 -98
-23 -98
-23 -98
-23 -98
-23 -98
-23 -98
-23 -98
-23 -98
-23 -98
-23 -98
-23 -98
-23 -98
-23 -98
-23 -98
-23 -98
-23 -98
-23 -98
-23 -98
-23 -98
-23 -98
-23 -98
-23 -98
-23 -98
-23 -98
-23 -98
-23 -98
-23 -98
-27 -92
-27 -92
-27 -92
-27 -92
-27 -92
-27 -92
-27 -92
-27 -92
-27 -92
-27 -92
-27 -92
-27 -92
-27 -92
-27 -92
-27 -92
-27 -92
-36 -85
-36 -85
-36 -85
-36 -85
-36 -85
-36 -85
-36 -85
-36 -85
-36 -85
-36 -85
-36 -85
-36 -85
-36 -85
-36 -85
-36 -85
-36 -85
-36 -85
-32 -82
-32 -82
-32 -82
-32 -82
-32 -82
-32 -82
-32 -82
-32 -82
-32 -82
-32 -82
-32 -82
-32 -82
-32 -82
-32 -82
-32 -82
-32 -82
-32 -82
-34 -81
-34 -81
-34 -81
-34 -81
-34 -81
-34 -81
-34 -81
-34 -81
-34 -81
-34 -81
-34 -81
-34 -81
-34 -81
-34 -81
-34 -81
-34 -81
-34 -81
-34 -81
-34 -81
-34 -81
-34 -81
-34 -81
-34 -81
-34 -81
-34 -81
-34 -81
-34 -81
-34 -81
-34 -81
-34 -81
-34 -81
-34 -81
-34 -81
-34 -81
-34 -81
-34 -81
-34 -81
-34 -81
-34 -81
-34 -81
-34 -81
-34 -81
-34 -81
-34 -81
-34 -81
-34 -81
-34 -81
-34 -81
-37 -88
-37 -82
-37 -82
-37 -82
-37 -82
-37 -82
-37 -82
-37 -82
-37 -82
-37 -82
-37 -82
-37 -82
-37 -82
-37 -82
-37 -82
-37 -82
-37 -82
-37 -82
-37 -82
-37 -82
-37 -82
-37 -82
-37 -82
-37 -82
-37 -82
-37 -82
-37 -82
-37 -82
-37 -82
-37 -82
-37 -82
-37 -82
-37 -82
-46 -78
-46 -78
-46 -78
-46 -78
-46 -78
-46 -78
-46 -78
-46 -78
-46 -78
-46 -78
-46 -78
-46 -78
-46 -78
-46 -78
-46 -78
-46 -78
-46 -78
-46 -78
-46 -78
-46 -78
-46 -78
-46 -78
-46 -78
-46 -78
-46 -78
-46 -78
-46 -78
-46 -78
-46 -78
-46 -78
-46 -78
-46 -78
-46 -78
-46 -78
-46 -78
-46 -78
-53 -61
-53 -61
-53 -61
-53 -61
-53 -61
-53 -61
-53 -61
-53 -61
-53 -61
-53 -61
-53 -61
-53 -61
-53 -61
-53 -61
-53 -61
-53 -61
-53 -61
-53 -61
-53 -61
-53 -61
-53 -61
-53 -61
-53 -61
-53 -61
-53 -61
-53 -61
-53 -61
-53 -61
-53 -61
-53 -61
-53 -61
-53 -61
-53 -61
-53 -61
-53 -61
-53 -61
-53 -61
-53 -61
-53 -61
-53 -61
-53 -61
-53 -61
-53 -61
-53 -61
-53 -61
-53 -61
-53 -61
-53 -61
-53 -61
-53 -61
-54 -43
-54 -43
-54 -43
-54 -43
-54 -43
-54 -43
-54 -43
-54 -43
-54 -43
-54 -43
-54 -43
-54 -43
-54 -43
-54 -43
-54 -43
-54 -43
-54 -43
-54 -43
-54 -43
-54 -43
-54 -43
-54 -43
-54 -43
-54 -43
-54 -43
-54 -43
-54 -43
-54 -43
-54 -43
-54 -43
-54 -43
-54 -43
-54 -43
-54 -43
-57 -43
-57 -43
-57 -43
-57 -43
-57 -43
-57 -43
-57 -43
-57 -43
-57 -43
-57 -43
-57 -43
-57 -43
-57 -43
-57 -43
-57 -43
-57 -43
-70 -28
-70 -28
-70 -28
-70 -28
-70 -28
-70 -28
-70 -28
-70 -28
-70 -28
-70 -28
-70 -28
-70 -28
-70 -28
-70 -28
-70 -28
-70 -28
-70 -28
-61 -22
-61 -22
-61 -22
-61 -22
-61 -22
-61 -22
-61 -22
-61 -22
-61 -22
-61 -22
-61 -22
-61 -22
-61 -22
-61 -22
-61 -22
-61 -22
-61 -22
-61 -22
-61 -22
-61 -22
-61 -22
-61 -22
-61 -22
-61 -22
-61 -22
-61 -22
-61 -22
-61 -22
-61 -22
-61 -22
-61 -22
-61 -22
-61 -22
-61 -22
-61 -22
-63 -21
-63 -21
-63 -21
-63 -21
-63 -21
-63 -21
-63 -21
-63 -21
-63 -21
-63 -21
-63 -21
-63 -21
-63 -21
-63 -21
-63 -21
-63 -21
-63 -21
-63 -21
-63 -21
-63 -21
-63 -21
-63 -21
-63 -21
-63 -21
-63 -21
-63 -21
-63 -21
-63 -21
-63 -21
-63 -21
-63 -21
-63 -21
-63 -21
-63 -21
-63 -21
-64 -14
-64 -14
-64 -14
-64 -14
-64 -14
-64 -14
-64 -14
-64 -14
-64 -14
-64 -14
-64 -14
-64 -14
-64 -14
-64 -14
-64 -14
-64 -14
-64 -14
-64 -14
-64 -14
-64 -14
-64 -14
-64 -14
-64 -14
-64 -14
-64 -14
-64 -14
-64 -14
-64 -14
-64 -14
-64 -14
-64 -14
-64 -14
-64 -14
-64 -14
-64 -14
-64 -14
-60 3
-60 3
-60 3
-60 3
-60 3
-60 3
-60 3
-60 3
-60 3
-60 3
-60 3
-60 3
-60 3
-60 3
-60 3
-57 4
-57 4
-57 4
-57 4
-57 4
-57 4
-57 4
-57 4
-57 4
-57 4
-57 4
-57 4
-57 4
-57 4
-57 4
-57 4
-57 4
-57 4
-57 4
-57 4
-57 4
-57 4
-57 4
-57 4
-57 4
-57 4
-57 4
-57 4
-57 4
-57 4
-57 4
-57 4
-57 4
-57 4
-57 4
-57 4
-57 4
-57 4
-57 4
-57 4
-57 4
-57 4
-57 4
-57 4
-57 4
-57 4
-57 4
-57 4
-57 4
-57 4
-57 4
-57 4
-57 4
-57 4
-57 4
-57 4
-57 4
-57 4
-57 4
-57 4
-57 4
-57 4
-57 4
-57 4
-57 4
-57 4
-57 4
-57 4
-57 7
-50 25
-50 25
-50 25
-50 25
-50 25
-50 25
-50 25
-50 25
-50 25
-50 25
-50 25
-50 25
-50 25
-50 25
-50 25
-50 25
-50 25
-50 25
-50 25
-50 25
-50 25
-50 25
-50 25
-50 25
-50 25
-50 25
-50 25
-50 25
-50 25
-50 25
-50 25
-50 25
-50 25
-44 31
-44 31
-44 31
-44 31
-44 31
-44 31
-44 31
-44 31
-44 31
-44 31
-44 31
-44 31
-44 31
-44 31
-44 31
-44 31
-44 31
-44 31
-44 31
-44 31
-44 31
-44 31
-44 31
-44 31
-44 31
-44 31
-44 31
-44 31
-44 31
-44 31
-44 31
-44 31
-44 31
-44 31
-55 39
-55 39
-55 39
-55 39
-55 39
-55 39
-55 39
-55 39
-55 39
-55 39
-55 39
-55 39
-55 39
-55 39
-55 39
-55 39
-55 39
-55 39
-56 39
-56 39
-56 39
-56 39
-56 39
-56 39
-56 39
-56 39
-56 39
-56 39
-56 39
-56 39
-56 39
-56 39
-56 39
-56 39
-58 43
-58 43
-58 43
-58 43
-58 43
-58 43
-58 43
-58 43
-58 43
-58 43
-58 43
-58 43
-58 43
-58 43
-58 43
-58 43
-58 43
-58 43
-58 43
-58 43
-58 43
-58 43
-58 43
-58 43
-58 43
-58 43
-58 43
-58 43
-58 43
-58 43
-58 43
-58 43
-58 43
-58 43
-43 48
-43 48
-43 48
-43 48
-43 48
-43 48
-43 48
-43 48
-43 48
-43 48
-43 48
-43 48
-43 48
-43 48
-43 48
-43 48
-43 48
-43 48
-43 48
-43 48
-43 48
-43 48
-43 48
-43 48
-43 48
-43 48
-43 48
-43 48
-43 48
-43 48
-43 48
-43 48
-43 48
-43 48
-41 51
-41 51
-41 51
-41 51
-41 51
-41 51
-41 51
-41 51
-41 51
-41 51
-41 51
-41 51
-41 51
-41 51
-41 51
-41 51
-41 51
-30 49
-30 49
-30 49
-30 49
-30 49
-30 49
-30 49
-30 49
-30 49
-30 49
-30 49
-30 49
-30 49
-30 49
-30 49
-30 49
-30 49
-30 49
-30 49
-44 65
-44 65
-44 65
-44 65
-44 65
-44 65
-44 65
-44 65
-44 65
-44 65
-44 65
-44 65
-44 65
-44 65
-44 65
-46 70
-46 70
-46 70
-46 70
-46 70
-46 70
-46 70
-46 70
-46 70
-46 70
-46 70
-46 70
-46 70
-46 70
-46 70
-41 79
-41 79
-41 79
-41 79
-41 79
-41 79
-41 79
-41 79
-41 79
-41 79
-41 79
-41 79
-41 79
-41 79
-41 79
-41 79
-41 79
-41 79
-41 79
-41 79
-41 79
-41 79
-41 79
-41 79
-41 79
-41 79
-41 79
-41 79
-41 79
-41 79
-41 79
-41 79
-41 79
-41 79
-41 79
-41 79
-41 79
-41 79
-41 79
-41 79
-41 79
-41 79
-41 79
-41 79
-39 66
-33 74
-33 74
-33 74
-33 74
-33 74
-33 74
-33 74
-33 74
-33 74
-33 74
-33 74
-33 74
-33 74
-33 74
-33 74
-29 77
-29 77
-29 77
-29 77
-29 77
-29 77
-29 77
-29 77
-29 77
-29 77
-29 77
-29 77
-29 77
-29 77
-29 77
-29 77
-29 77
-29 77
-29 77
-29 77
-29 77
-29 77
-29 77
-29 77
-29 77
-29 77
-29 77
-29 77
-29 77
-29 77
-29 77
-29 77
-29 77
-29 77
-29 77
-29 77
-29 77
-25 77
-25 77
-25 77
-25 77
-25 77
-25 77
-25 77
-25 77
-25 77
-25 77
-25 77
-25 77
-25 77
-25 77
-25 77
-25 77
-25 77
-25 77
-25 77
-18 72
-18 72
-18 72
-18 72
-18 72
-18 72
-18 72
-18 72
-18 72
-18 72
-18 72
-18 72
-18 72
-18 72
-18 72
-18 72
-18 72
-18 72
-18 72
-18 72
-18 72
-18 72
-18 72
-18 72
-18 72
-18 72
-18 72
-18 72
-18 72
-18 72
-18 72
-18 72
-18 72
-18 72
-18 72
-18 72
-18 72
-18 72
-13 67
-13 67
-13 67
-13 67
-13 67
-13 67
-13 67
-13 67
-13 67
-13 67
-13 67
-13 67
-13 67
-13 67
-13 67
-13 67
-13 67
-13 67
-13 67
-13 67
-13 67
-13 67
-13 67
-13 67
-13 67
-13 67
-13 67
-13 67
-13 67
-13 67
-13 67
-13 67
-13 67
-13 67
-13 67
-13 67
-1 47
-1 47
-1 47
-1 47
-1 47
-1 47
-1 47
-1 47
-1 47
-1 47
-1 47
-1 47
-1 47
-1 47
-1 47
-1 47
-1 47
-1 47
-1 47
-1 47
-1 47
-1 47
-1 47
-1 47
-1 47
-1 47
-1 47
-1 47
-1 47
-1 47
-1 47
-1 47
-1 47
-1 47
-1 47
-1 32
-1 32
-1 32
-1 32
-1 32
-1 32
-1 32
-1 32
-1 32
-1 32
-1 32
-1 32
-1 32
-1 32
4 35
4 35
4 35
4 35
4 35
4 35
4 35
4 35
4 35
4 35
4 35
4 35
4 35
4 35
4 35
4 35
4 35
4 35
4 35
4 35
4 35
4 35
4 35
4 35
4 35
4 35
4 35
4 35
4 35
4 35
4 35
4 22
4 22
4 22
4 22
4 22
4 22
4 22
4 22
4 22
4 22
4 22
4 22
4 22
4 22
4 22
4 22
4 22
4 22
4 22
4 22
4 22
4 22
4 22
4 22
4 22
4 22
4 22
4 22
4 22
4 22
1 4
1 4
1 4
1 4
1 4
1 4
1 4
1 4
1 4
1 4
1 4
1 4
1 4
1 4
1 4
1 4
1 4
1 4
1 4
1 4
1 4
1 4
1 4
1 4
1 4
1 4
1 4
1 4
1 4
1 4
1 4
1 4
1 4
1 4
1 4
1 4
1 4
1 4
1 4
1 4
1 4
1 4
1 4
1 4
1 4
1 4
1 4
1 4
1 4
1 4
1 4
1 4
1 4
1 4
1 4
1 4
1 4
1 4
1 4
1 4
1 4
1 4
1 4
1 4
1 4
1 4
0 1
0 1
0 1
0 1
0 1
0 1
0 1
0 1
0 1
0 1
0 1
0 1
0 1
0 1
0 1
0 1
0 1
0 1
0 1
0 1
0 1
0 1
0 1
0 1
0 1
0 1
0 1
0 1
0 1
0 1
0 1
0 1
0 1
0 1
0 1
0 1
0 1
0 1
0 1
0 1
0 1
0 1
0 1
0 1
0 1
0 1
0 1
0 1
0 1
0 1
0 1
0 1
0 1
0 1
0 1
0 1
0 1
0 1
0 1
0 1
0 1
1 -1
1 -1
1 -1
1 -1
1 -1
1 -1
1 -1
1 -1
1 -1
1 -1
1 -1
1 -1
1 -1
1 -1
1 -1
1 -1
1 -1
1 -1
1 -1
1 -1
1 -1
1 -1
1 -1
1 -1
1 -1
1 -1
1 -1
1 -1
1 -1
1 -1
1 -1
1 -1
1 -1
1 -1
1 -1
1 -1
0 -1
0 -1
-1 0
-1 0
-1 0
-1 0
-1 0
-1 0
-1 0
-1 0
-1 0
-1 0
-1 0
-1 0
-1 0
-1 0
-1 0
-1 0
-1 0
-1 0
-1 0
-1 0
-1 0
-1 0
-1 0
-1 0
-1 0
-1 0
-1 0
-1 0
-1 0
-1 0
-1 0
-1 0
-1 0
-1 0
-1 0
-1 0
-1 0
-1 0
-1 0
-1 0
-1 0
-1 0
-1 0
-1 0
-1 0
-1 0
-1 0
-1 0
-1 0
-1 0
-1 0
-1 0
-1 0
0 1
0 1
0 1
0 1
0 1
0 1
0 1
0 1
0 1
0 1
0 1
0 1
0 1
0 1
0 7
0 7
0 7
0 7
0 7
0 7
0 7
0 7
0 7
0 7
0 7
0 7
0 7
0 7
0 7
0 7
0 7
0 7
0 7
0 7
0 7
0 7
0 7
0 7
0 7
0 7
0 7
0 7
0 7
0 7
0 7
0 7
3 3
3 3
3 3
3 3
3 3
3 3
3 3
3 3
3 3
3 3
3 3
3 3
3 3
3 3
3 3
3 3
3 3
3 3
3 3
3 3
3 3
3 3
3 3
3 3
3 3
3 3
3 3
3 3
3 3
3 3
3 3
-1 0
-1 0
-1 0
-1 0
-1 0
-1 0
-1 0
-1 0
-1 0
-1 0
-1 0
-1 0
-1 0
-1 0
-1 0
-1 0
-1 0
-1 0
-1 0
-1 0
-1 0
-1 0
-1 0
-1 0
-1 0
-1 0
-1 0
-1 0
-1 0
-1 0
-1 0
-1 0
-1 0
-1 0
-1 0
-1 0
-1 0
-1 0
-1 0
-1 0
-1 0
-1 0
-1 0
-1 0
-1 0
-1 0
-1 0
-1 0
-1 0
-1 0
-1 0
-1 0
-1 0
-1 0
-1 0
-1 0
-1 0
-1 0
-1 0
-1 0
-1 0
-1 0
-1 0
-1 0
-1 0
-1 0
-1 0
-1 0
-1 0
-1 0
-1 0
-1 0
-1 0
-1 0
-1 0
-1 0
-1 0
-1 0
-1 0
-1 0
-1 0
-1 0
-1 0
-1 0
-1 0
-1 0
-1 0
-1 0
-1 0
-1 0
-1 0
-1 0
-1 0
-1 0
-1 0
-1 0
-1 0
-1 0
-1 0
-1 0
-1 0
-1 0
-1 0
-1 0
-1 0
-1 0
-1 0
-1 0
-1 0
-1 0
-1 0
-1 0
-1 0
-1 0
-1 0
-1 0
-1 0
-1 0
-1 0
-1 0
-1 0
-1 0
-1 0
-1 0
-1 0
-1 0
-1 0
-1 0
-1 0
-1 0
-1 0
-1 0
-1 0
-1 0
-1 0
-1 0
-1 0
-1 0
-1 0
-1 0
-1 0
-1 0
-1 0
-1 0
-1 0
-1 0
-1 0
-1 0
-1 0
-1 0
-1 0
-1 0
-1 0
-1 0
-1 0
-1 0
-1 0
-1 0
-1 0
-1 0
-1 0
-1 0
-1 0
-1 0
-1 0
-1 0
-1 0
-1 0
-1 0
-1 0
-1 0
-1 0
-1 0
-1 0
-1 0
-1 0
-1 0
-1 0
-1 0
-1 0
-1 0
-1 0
-1 0
-1 0
-1 0
-1 0
-1 0
-1 0
-1 0
-1 0
-1 0
-1 0
-1 0
-1 0
-1 0
-1 0
-1 0
-1 0
-1 0
-1 0
-1 0
-1 0
-1 0
-1 0
-1 0
-1 0
-1 0
-1 0
-1 0
-1 0
-1 0
-1 0
-1 0
-1 0
-1 0
-1 0
-1 0
-1 0
-1 0
-1 0
-1 0
-1 0
-1 0
-1 0
-1 0
-1 0
-1 0
-1 0
-1 0
-1 0
-1 0
-1 0
-1 0
-1 0
-1 0
-1 0
-1 0
-1 0
-1 0
-1 0
-1 0
-1 0
-1 0
-1 0
-1 0
-1 0
-1 0
-1 0
-1 0
-1 0
-1 0
-1 0
-1 0
-1 0
-1 0
-1 0
-1 0
-1 0
-1 0
-1 0
-1 0
-1 0
-1 0
-1 0
-1 0
-1 0
-1 0
-1 0
-1 0
-1 0
-1 0
-1 0
-1 0
-1 0
-1 0
-1 0
-1 0
-1 0
-1 0
-1 0
-1 0
-1 0
-1 0
-1 0
-1 0
-1 0
-1 0
-1 0
-1 0
-1 0
-1 0
-1 0
-1 0
-1 0
-1 0
-1 0
-1 0
-1 0
-1 0
-1 0
-1 0
-1 0
-1 0
-1 0
-1 0
-1 0
-1 0
-1 0
-1 0
-1 0
0 1
0 1
0 1
0 1
0 1
0 1
0 1
0 1
0 1
0 1
0 1
0 1
0 1
0 1
0 1
-2 -2
-2 -2
-2 -2
-2 -2
-2 -2
-2 -2
-2 -2
-2 -2
-2 -2
-2 -2
-2 -2
-2 -2
-2 -2
-2 -2
-2 -2
-2 -2
-2 -2
-2 -2
-2 -2
-2 -2
-2 -2
-2 -2
-2 -2
-2 -2
-2 -2
-2 -2
-2 -2
-2 -2
-2 -2
-2 -2
-2 -2
-2 -2
-2 -2
-2 -2
-2 -2
-2 -2
-2 -2
-2 -2
0 -3
0 -3
0 -3
0 -3
0 -3
0 -3
0 -3
0 -3
0 -3
0 -3
0 -3
0 -3
0 -3
0 -3
0 -3
0 -3
0 -3
0 -3
0 -3
0 -3
0 -3
0 -3
0 -3
0 -3
0 -3
0 -3
0 -3
0 -3
0 -3
0 -3
0 -3
0 -3
0 -3
-2 -4
-2 -4
-2 -4
-2 -4
-2 -4
-2 -4
-2 -4
-2 -4
-2 -4
-2 -4
-2 -4
-2 -4
-2 -4
-2 -4
-2 -4
-2 -4
-2 -4
-2 -4
-2 -4
-2 -4
-2 -4
-2 -4
-2 -4
-2 -4
-2 -4
-2 -4
-2 -4
-2 -4
-2 -4
-2 -4
-2 -4
-2 -4
-2 -4
-2 -4
-1 -3
0 -2
0 -2
0 -2
0 -2
0 -2
0 -2
0 -2
0 -2
0 -2
0 -2
0 -2
0 -2
0 -2
0 -2
0 -2
0 -2
0 -2
0 -2
0 -2
0 -2
0 -2
0 -2
0 -2
0 -2
0 -2
0 -2
0 -2
0 -2
0 -2
0 -2
0 -2
0 -2
0 -2
0 -2
0 -2
0 -2
0 -2
0 -2
0 -2
0 -2
0 -2
0 -2
0 -2
0 -2
0 -2
0 -2
0 -2
0 -2
0 -2
0 -2
0 -2
0 -2
0 -2
0 -2
0 -2
0 -2
0 -2
0 -2
0 -2
0 -2
0 -2
0 -2
0 -2
0 -2
0 -2
0 -2
0 -2
0 -2
0 -2
0 -2
0 -2
0 -2
0 -2
0 -2
0 -2
0 -2
0 -2
0 -2
0 -2
0 -2
0 -2
0 -2
0 -2
0 -2
0 -2
0 -2
0 -2
0 -2
0 -2
0 -2
0 -2
0 -2
0 -2
0 -2
0 -2
0 -2
0 -2
0 -2
0 -2
0 -2
0 -2
0 -2
0 -2
0 -2
0 -2
0 -2
0 -2
0 -2
0 -2
0 -2
0 -2
0 -2
0 -2
0 -2
0 -2
0 -2
0 -2
0 -2
0 -2
0 -2
0 -2
0 -2
0 -2
0 -2
0 -2
0 -2
0 -2
0 -2
0 -2
0 -2
0 -2
0 -2
0 -2
0 -2
0 -2
0 -2
0 -2
0 -2
0 -2
0 -2
0 -2
0 -2
0 -2
0 -2
0 -2
0 -2
0 -2
0 -2
0 -2
0 -2
0 -2
0 -2
0 -2
0 -2
0 -2
0 -2
0 -2
0 -2
0 -2
0 -2
0 -2
0 -2
0 -2
0 -2
0 -2
0 -2
0 -2
0 -2
0 -2
0 -2
0 -2
0 -2
