0 1
1 1
0 -1
0 -1
0 -1
0 -1
0 -1
0 -1
0 -1
0 -1
0 -1
0 -1
0 -1
0 -1
0 -1
0 -1
0 -1
0 -1
0 -1
0 -1
0 -1
0 -1
0 -1
0 -1
1 -2
1 -2
1 -2
1 -2
1 -2
1 -2
1 -2
1 -2
1 -2
1 -2
1 -2
1 -2
1 -2
1 -2
1 -2
1 -2
1 -2
1 -2
1 -2
1 -2
1 -2
1 -2
1 -2
1 -2
1 -2
1 -2
1 -2
1 -2
1 -2
1 -2
1 -2
1 -2
1 -2
1 -2
1 -2
1 -2
1 -2
1 -2
1 -2
1 -2
1 -2
1 -2
1 -2
1 -2
1 -2
1 -2
1 -2
1 -2
1 -2
1 -2
1 -2
1 -2
1 -2
1 -2
1 -2
1 -2
1 -2
1 -2
1 -2
1 -2
1 -2
1 -2
1 -2
1 -2
1 -2
1 -2
1 -2
1 -2
1 -2
1 -2
1 -2
1 -2
1 -2
1 -2
1 -2
1 -2
1 -2
1 -2
1 -2
1 -2
1 -2
1 -2
1 -2
1 -2
1 -2
1 -2
1 -2
1 -2
1 -2
0 -1
0 -1
0 -1
0 -1
0 -1
0 -1
0 -1
0 -1
0 -1
0 -1
0 -1
0 -1
0 -1
0 -1
0 -1
0 -1
0 -1
0 -1
0 -1
0 -1
-2 -1
-2 -1
-2 -1
-2 -1
-2 -1
-2 -1
-2 -1
-2 -1
-2 -1
-2 -1
-2 -1
-2 -1
-2 -1
-2 -1
-2 -1
-2 -1
-2 -1
-2 -1
0 -2
0 -2
0 -2
0 -2
0 -2
0 -2
0 -2
0 -2
0 -2
0 -2
0 -2
0 -2
0 -2
0 -2
0 -2
0 -2
0 -2
0 -2
0 -2
0 -2
0 -2
0 -2
0 -2
0 -2
0 -2
0 -2
0 -2
0 -2
0 -2
0 -2
0 -2
0 -2
0 -2
0 -2
0 -2
0 -2
0 -2
0 -2
0 -2
0 -2
0 -2
0 -2
-1 -2
-1 -2
-1 -2
-1 -2
-1 -2
-1 -2
-1 -2
-1 -2
-1 -2
-1 -2
-1 -2
-1 -2
-1 -2
-1 -2
-1 -2
-1 -2
-1 -2
-1 -2
3 -1
3 -1
3 -1
3 -1
3 -1
3 -1
3 -1
3 -1
3 -1
3 -1
3 -1
3 -1
3 -1
3 -1
3 -1
3 -1
3 -1
3 -1
3 -1
3 -1
3 -1
3 -1
3 -1
3 -1
3 -1
3 -1
3 -1
3 -1
3 -1
3 -1
3 -1
3 -1
3 -1
3 -1
3 -1
3 -1
3 -1
3 -1
3 -1
3 -1
0 -3
0 -3
0 -3
0 -3
0 -3
0 -3
0 -3
0 -3
0 -3
0 -3
0 -3
0 -3
0 -3
0 -3
0 -3
0 -3
0 -3
0 -3
0 -3
0 -3
0 -3
0 -3
0 -3
0 -3
0 -3
0 -3
0 -3
-3 -5
-3 -5
-3 -5
-3 -5
-3 -5
-3 -5
-3 -5
-3 -5
-3 -5
-3 -5
-3 -5
-3 -5
-3 -5
-3 -5
-3 -5
-3 -5
-3 -5
-3 -5
-3 -5
-3 -5
-3 -5
-3 -5
-3 -5
-3 -5
-3 -5
-3 -5
-3 -5
-3 -5
-3 -5
-3 -5
-3 -5
-3 -5
-3 -5
-3 -5
-3 -5
-3 -5
-3 -5
-3 -5
-3 -5
-3 -5
-3 -5
-3 -5
-3 -5
-3 -5
-3 -5
-3 -5
-3 -5
-3 -5
-3 -5
-3 -5
-3 -5
-3 -5
-3 -5
-3 -5
-3 -5
-1 -4
0 -11
0 -11
0 -11
0 -11
0 -11
0 -11
0 -11
0 -11
0 -11
0 -11
0 -11
0 -11
0 -11
0 -11
0 -11
0 -11
0 -11
0 -11
0 -11
0 -11
0 -11
0 -11
0 -11
0 -11
0 -11
0 -11
0 -11
0 -11
0 -11
0 -11
0 -11
0 -11
0 -11
0 -11
0 -11
0 -11
0 -11
0 -11
0 -11
0 -11
0 -11
0 -11
0 -11
0 -11
0 -11
0 -11
-5 -11
-5 -11
-5 -11
-5 -11
-5 -11
-5 -11
-5 -11
-5 -11
-5 -11
-5 -11
-5 -11
-5 -11
-5 -11
-5 -11
-5 -11
-5 -11
-5 -11
-5 -11
-5 -11
-5 -11
-5 -11
-5 -11
-5 -11
-5 -11
-3 -14
-3 -14
-3 -14
-3 -14
-3 -14
-3 -14
-3 -14
-3 -14
-3 -14
-3 -14
-3 -14
-3 -14
-3 -14
-3 -14
-3 -14
-3 -14
-3 -14
-3 -14
-3 -14
-3 -14
-3 -14
-3 -14
-8 -17
-8 -17
-8 -17
-8 -17
-8 -17
-8 -17
-8 -17
-8 -17
-8 -17
-8 -17
-8 -17
-8 -17
-8 -17
-8 -17
-8 -17
-8 -17
-8 -17
-8 -17
-8 -17
-8 -17
-8 -17
-8 -17
-8 -17
-8 -17
-10 -13
-10 -13
-10 -13
-10 -13
-10 -13
-10 -13
-10 -13
-10 -13
-10 -13
-10 -13
-10 -13
-10 -13
-10 -13
-10 -13
-10 -13
-10 -13
-10 -13
-10 -13
-10 -13
-10 -13
-10 -13
-10 -13
-10 -13
-10 -13
-10 -13
-10 -13
-10 -13
-10 -13
-10 -13
-10 -13
-10 -13
-10 -13
-10 -13
-10 -13
-10 -13
-10 -13
-10 -13
-10 -13
-10 -13
-10 -13
-10 -13
-10 -13
-10 -13
-10 -13
-10 -13
-10 -13
-10 -13
-10 -13
-10 -13
-10 -13
-10 -13
-10 -13
-10 -13
-10 -13
-10 -13
-10 -13
-10 -13
-10 -13
-10 -13
-10 -13
-10 -13
-10 -13
-10 -13
-10 -13
-10 -13
-10 -13
-10 -13
-10 -13
-10 -13
-10 -13
-10 -13
-10 -13
-10 -13
-15 -13
-13 -18
-13 -18
-13 -18
-13 -18
-13 -18
-13 -18
-13 -18
-13 -18
-13 -18
-13 -18
-13 -18
-13 -18
-13 -18
-13 -18
-13 -18
-13 -18
-13 -18
-13 -18
-13 -18
-13 -18
-13 -18
-13 -18
-13 -18
-13 -18
-13 -18
-13 -18
-13 -18
-13 -18
-13 -18
-13 -18
-13 -18
-13 -18
-13 -18
-13 -18
-13 -18
-13 -18
-13 -18
-13 -18
-13 -18
-10 -19
-10 -19
-10 -19
-10 -19
-10 -19
-10 -19
-10 -19
-10 -19
-10 -19
-10 -19
-10 -19
-10 -19
-10 -19
-10 -19
-10 -19
-10 -19
-10 -19
-10 -19
-10 -19
-10 -19
-10 -19
-10 -19
-10 -19
-10 -19
-10 -19
-10 -19
-10 -19
-10 -19
-10 -19
-10 -19
-10 -19
-10 -19
-10 -19
-10 -19
-10 -19
-10 -19
-10 -19
-10 -19
-10 -19
-14 -23
-14 -23
-14 -23
-14 -23
-14 -23
-14 -23
-14 -23
-14 -23
-14 -23
-14 -23
-14 -23
-14 -23
-14 -23
-14 -23
-14 -23
-14 -23
-14 -23
-14 -23
-14 -23
-14 -23
-14 -23
-14 -23
-11 -24
-11 -24
-11 -24
-11 -24
-11 -24
-11 -24
-11 -24
-11 -24
-11 -24
-11 -24
-11 -24
-11 -24
-11 -24
-11 -24
-11 -24
-11 -24
-11 -24
-11 -24
-11 -24
-11 -24
-11 -24
-11 -24
-11 -24
-11 -24
-11 -24
-11 -24
-11 -24
-11 -24
-11 -24
-11 -24
-11 -24
-11 -24
-10 -25
-10 -25
-10 -25
-10 -25
-10 -25
-10 -25
-10 -25
-10 -25
-10 -25
-10 -25
-10 -25
-10 -25
-10 -25
-10 -25
-10 -25
-10 -25
-10 -25
-10 -25
-10 -25
-10 -25
-10 -25
-10 -25
-10 -25
-10 -25
-10 -25
-10 -25
-10 -25
-10 -25
-10 -25
-10 -25
-10 -25
-10 -25
-10 -25
-10 -25
-10 -25
-10 -25
-10 -25
-10 -25
-13 -26
-17 -29
-17 -29
-17 -29
-17 -29
-17 -29
-17 -29
-17 -29
-17 -29
-17 -29
-17 -29
-17 -29
-17 -29
-17 -29
-17 -29
-17 -29
-17 -29
-17 -29
-17 -29
-17 -29
-17 -29
-17 -29
-17 -29
-17 -29
-17 -29
-17 -29
-17 -29
-17 -29
-17 -29
-17 -29
-17 -29
-17 -29
-17 -29
-17 -29
-17 -29
-17 -29
-17 -29
-17 -29
-17 -29
-17 -29
-17 -29
-17 -29
-17 -27
-17 -27
-17 -27
-17 -27
-17 -27
-17 -27
-17 -27
-17 -27
-17 -27
-17 -27
-17 -27
-17 -27
-17 -27
-17 -27
-17 -27
-17 -27
-17 -27
-17 -27
-17 -27
-17 -27
-17 -27
-17 -27
-19 -28
-19 -28
-19 -28
-19 -28
-19 -28
-19 -28
-19 -28
-19 -28
-19 -28
-19 -28
-19 -28
-19 -28
-19 -28
-19 -28
-19 -28
-19 -28
-19 -28
-19 -28
-10 -19
-10 -19
-10 -19
-10 -19
-10 -19
-10 -19
-10 -19
-10 -19
-10 -19
-10 -19
-10 -19
-10 -19
-10 -19
-10 -19
-10 -19
-10 -19
-10 -19
-10 -19
-10 -19
-10 -19
-10 -19
-10 -19
-10 -19
-10 -19
-10 -19
-10 -19
-10 -19
-10 -19
-10 -19
-10 -19
-10 -19
-10 -19
-10 -19
-10 -19
-10 -19
-10 -19
-10 -19
-10 -19
-10 -19
-10 -19
-10 -19
-10 -19
-10 -19
-10 -19
-10 -19
-10 -19
-10 -19
-10 -19
-10 -19
-10 -19
-10 -19
-10 -19
-10 -19
-10 -19
-10 -19
-10 -19
-10 -19
-10 -19
-10 -19
-10 -19
-10 -19
-10 -19
-10 -19
-10 -19
-10 -19
-10 -19
-10 -19
-10 -19
-10 -19
-10 -19
-10 -19
-10 -19
-10 -19
-10 -19
-10 -19
-10 -19
-10 -19
-10 -19
-10 -19
-10 -19
-10 -19
-10 -19
-10 -19
-10 -19
-10 -19
-10 -19
-10 -19
-10 -19
-10 -19
-10 -19
-10 -19
-10 -19
-10 -19
-10 -19
-10 -19
-10 -19
-10 -19
-10 -19
-10 -19
-17 -25
-12 -30
-18 -24
-18 -24
-18 -24
-18 -24
-18 -24
-18 -24
-18 -24
-18 -24
-18 -24
-18 -24
-18 -24
-18 -24
-18 -24
-18 -24
-18 -24
-18 -24
-18 -24
-18 -24
-18 -24
-18 -24
-18 -24
-18 -24
-18 -24
-18 -24
-18 -24
-18 -24
-18 -24
-18 -24
-18 -24
-18 -24
-18 -24
-18 -24
-18 -24
-18 -24
-18 -24
-18 -24
-18 -24
-18 -24
-12 -29
-12 -29
-12 -29
-12 -29
-12 -29
-12 -29
-12 -29
-12 -29
-12 -29
-12 -29
-12 -29
-12 -29
-12 -29
-12 -29
-12 -29
-12 -29
-12 -29
-12 -29
-12 -29
-12 -29
-22 -28
-22 -28
-22 -28
-22 -28
-22 -28
-22 -28
-22 -28
-22 -28
-22 -28
-22 -28
-22 -28
-22 -28
-22 -28
-22 -28
-22 -28
-22 -28
-22 -28
-22 -28
-22 -28
-22 -28
-21 -30
-21 -30
-21 -30
-21 -30
-21 -30
-21 -30
-21 -30
-21 -30
-21 -30
-21 -30
-21 -30
-21 -30
-21 -30
-21 -30
-21 -30
-21 -30
-21 -30
-21 -30
-21 -30
-21 -30
-21 -30
-21 -30
-21 -30
-21 -30
-21 -30
-21 -30
-21 -30
-21 -30
-21 -30
-21 -30
-21 -30
-21 -30
-21 -30
-21 -30
-21 -30
-21 -30
-21 -30
-21 -30
-21 -30
-21 -30
-21 -30
-21 -30
-21 -30
-21 -30
-21 -30
-21 -30
-21 -30
-21 -30
-21 -30
-21 -30
-21 -30
-21 -30
-21 -30
-21 -30
-21 -30
-21 -30
-21 -30
-21 -30
-21 -30
-21 -30
-21 -30
-21 -30
-21 -30
-21 -30
-21 -30
-21 -30
-24 -28
-24 -28
-24 -28
-24 -28
-24 -28
-24 -28
-24 -28
-24 -28
-24 -28
-24 -28
-24 -28
-24 -28
-24 -28
-24 -28
-24 -28
-24 -28
-24 -28
-24 -28
-24 -28
-24 -28
-24 -28
-24 -28
-24 -28
-24 -28
-24 -28
-24 -28
-24 -28
-24 -28
-24 -28
-24 -28
-24 -28
-24 -28
-21 -23
-23 -26
-23 -26
-23 -26
-23 -26
-23 -26
-23 -26
-23 -26
-23 -26
-23 -26
-23 -26
-23 -26
-23 -26
-23 -26
-23 -26
-23 -26
-23 -26
-23 -26
-23 -26
-23 -26
-23 -26
-23 -26
-23 -26
-23 -26
-23 -26
-23 -26
-23 -26
-23 -26
-23 -26
-23 -26
-23 -26
-23 -26
-23 -26
-42 -23
-42 -23
-42 -23
-42 -23
-42 -23
-42 -23
-42 -23
-42 -23
-42 -23
-42 -23
-42 -23
-42 -23
-42 -23
-42 -23
-42 -23
-42 -23
-42 -23
-42 -23
-42 -23
-42 -23
-42 -23
-42 -23
-35 -29
-35 -29
-35 -29
-35 -29
-35 -29
-35 -29
-35 -29
-35 -29
-35 -29
-35 -29
-35 -29
-35 -29
-35 -29
-35 -29
-35 -29
-35 -29
-35 -29
-35 -29
-35 -29
-35 -29
-35 -29
-35 -29
-35 -29
-35 -29
-35 -29
-35 -29
-35 -29
-35 -29
-35 -29
-35 -29
-35 -29
-35 -29
-35 -29
-35 -29
-35 -29
-35 -29
-35 -29
-35 -29
-35 -29
-35 -29
-35 -29
-35 -29
-35 -29
-35 -29
-35 -29
-35 -29
-35 -29
-35 -29
-35 -29
-35 -29
-35 -29
-35 -29
-35 -29
-35 -29
-35 -29
-35 -29
-35 -29
-35 -29
-35 -29
-35 -29
-35 -29
-35 -29
-35 -29
-35 -29
-35 -29
-40 -26
-40 -26
-40 -26
-40 -26
-40 -26
-40 -26
-40 -26
-40 -26
-40 -26
-40 -26
-40 -26
-40 -26
-40 -26
-40 -26
-40 -26
-40 -26
-40 -26
-40 -26
-40 -26
-40 -26
-40 -26
-40 -26
-40 -26
-40 -26
-40 -26
-40 -26
-40 -26
-40 -26
-40 -26
-40 -26
-40 -26
-40 -26
-40 -26
-40 -26
-48 -18
-48 -18
-47 -21
-47 -21
-47 -21
-47 -21
-47 -21
-47 -21
-47 -21
-47 -21
-47 -21
-47 -21
-43 -24
-43 -24
-43 -24
-43 -24
-43 -24
-43 -24
-43 -24
-43 -24
-43 -24
-43 -24
-43 -24
-43 -24
-43 -24
-43 -24
-43 -24
-43 -24
-43 -24
-43 -24
-56 -22
-56 -22
-56 -22
-56 -22
-56 -22
-56 -22
-56 -22
-56 -22
-56 -22
-56 -22
-56 -22
-56 -22
-56 -22
-56 -22
-56 -22
-56 -22
-56 -22
-56 -22
-56 -22
-56 -22
-56 -22
-56 -22
-56 -22
-56 -22
-56 -22
-56 -22
-56 -22
-56 -22
-56 -22
-56 -22
-56 -22
-56 -22
-56 -22
-56 -22
-56 -22
-56 -22
-56 -22
-56 -22
-56 -22
-56 -22
-56 -22
-56 -22
-56 -22
-56 -22
-56 -22
-56 -22
-56 -22
-56 -22
-56 -22
-56 -22
-56 -22
-56 -22
-56 -22
-56 -22
-56 -22
-56 -22
-56 -22
-56 -22
-53 -29
-53 -29
-53 -29
-53 -29
-53 -29
-53 -29
-53 -29
-53 -29
-53 -29
-53 -29
-53 -29
-53 -29
-53 -29
-53 -29
-53 -29
-53 -29
-53 -29
-53 -29
-53 -29
-53 -29
-53 -29
-53 -29
-53 -29
-53 -29
-53 -29
-53 -29
-53 -29
-53 -29
-53 -29
-53 -29
-53 -29
-53 -29
-53 -29
-53 -29
-53 -29
-53 -29
-53 -29
-53 -29
-53 -29
-53 -29
-53 -29
-53 -29
-53 -29
-53 -29
-53 -29
-50 -24
-50 -24
-50 -24
-50 -24
-50 -24
-50 -24
-50 -24
-50 -24
-50 -24
-50 -24
-50 -24
-50 -24
-50 -24
-50 -24
-50 -24
-50 -24
-50 -24
-50 -24
-50 -24
-50 -24
-50 -24
-56 -19
-56 -19
-56 -19
-56 -19
-56 -19
-56 -19
-56 -19
-56 -19
-56 -19
-56 -19
-56 -19
-56 -19
-56 -19
-56 -19
-56 -19
-56 -19
-56 -19
-56 -19
-56 -19
-56 -19
-56 -19
-56 -19
-56 -19
-56 -19
-56 -19
-60 -22
-60 -22
-60 -22
-60 -22
-60 -22
-60 -22
-60 -22
-60 -22
-60 -22
-60 -22
-60 -22
-60 -22
-60 -22
-60 -22
-60 -22
-61 -16
-61 -16
-61 -16
-61 -16
-61 -16
-61 -16
-61 -16
-61 -16
-61 -16
-61 -16
-61 -16
-61 -16
-61 -16
-61 -16
-61 -16
-61 -16
-61 -16
-61 -16
-61 -16
-61 -16
-61 -16
-61 -16
-61 -16
-61 -16
-61 -16
-61 -16
-61 -16
-61 -16
-61 -16
-61 -16
-61 -16
-61 -16
-61 -16
-61 -16
-61 -16
-61 -16
-61 -16
-63 -18
-63 -18
-63 -18
-63 -18
-63 -18
-63 -18
-63 -18
-63 -18
-63 -18
-63 -18
-63 -18
-63 -18
-63 -18
-63 -18
-63 -18
-63 -18
-63 -18
-63 -18
-63 -18
-63 -18
-63 -18
-63 -18
-63 -18
-63 -18
-63 -18
-63 -18
-63 -18
-63 -18
-63 -18
-63 -18
-63 -18
-63 -18
-63 -18
-63 -18
-63 -18
-63 -18
-63 -18
-63 -18
-63 -4
-63 -4
-63 -4
-63 -4
-63 -4
-63 -4
-63 -4
-63 -4
-63 -4
-63 -4
-63 -4
-63 -4
-63 -4
-63 -4
-63 -4
-63 -4
-63 -4
-63 -4
-63 -4
-63 -4
-63 -4
-63 -4
-63 -4
-63 -4
-63 -4
-63 -4
-63 -4
-63 -4
-63 -4
-63 -4
-63 -4
-63 -4
-63 -4
-63 -4
-63 -4
-63 -4
-66 -7
-66 -7
-66 -7
-66 -7
-66 -7
-66 -7
-66 -7
-66 -7
-66 -7
-66 -7
-66 -7
-66 -7
-66 -7
-66 -7
-66 -7
-66 -7
-63 -7
-63 -7
-63 -7
-63 -7
-63 -7
-63 -7
-63 -7
-63 -7
-63 -7
-63 -7
-63 -7
-63 -7
-63 -7
-63 -7
-63 -7
-63 -7
-63 -7
-63 -7
-68 -10
-68 -10
-68 -10
-68 -10
-68 -10
-68 -10
-68 -10
-68 -10
-68 -10
-68 -10
-68 -10
-68 -10
-68 -10
-68 -10
-68 -10
-68 -10
-68 -10
-68 -10
-68 -10
-68 -10
-68 -10
-68 -10
-68 -10
-68 -10
-60 -10
-60 -10
-60 -10
-60 -10
-60 -10
-60 -10
-60 -10
-60 -10
-60 -10
-60 -10
-60 -10
-60 -10
-60 -10
-60 -10
-60 -10
-60 -10
-60 -10
-60 -10
-60 -10
-60 -10
-60 -10
-60 -10
-60 -10
-60 -10
-60 -10
-60 -10
-60 -10
-60 -10
-60 -10
-60 -10
-60 -10
-60 -10
-60 -10
-60 -10
-60 -10
-60 -10
-60 -10
-60 -10
-60 -10
-60 -10
-60 -10
-60 -10
-60 -10
-60 -10
-60 -10
-60 -10
-60 -10
-60 -10
-60 -10
-60 -10
-60 -10
-60 -10
-60 -10
-60 -10
-60 -10
-60 -10
-60 -10
-60 -10
-60 -10
-62 -9
-66 -3
-66 -3
-66 -3
-66 -3
-66 -3
-66 -3
-66 -3
-66 -3
-66 -3
-66 -3
-66 -3
-66 -3
-66 -3
-66 -3
-66 -3
-66 -3
-66 -3
-66 -3
-66 -3
-66 -3
-66 -3
-66 -3
-66 -3
-66 -3
-66 -3
-66 -3
-66 -3
-66 -3
-66 -3
-66 -3
-59 -3
-59 -3
-59 -3
-59 -3
-59 -3
-59 -3
-59 -3
-59 -3
-59 -3
-59 -3
-59 -3
-59 -3
-59 -3
-59 -3
-59 -3
-59 -3
-59 -3
-63 3
-63 3
-63 3
-63 3
-63 3
-63 3
-63 3
-63 3
-63 3
-63 3
-63 3
-63 3
-63 3
-63 3
-63 3
-63 3
-63 3
-63 3
-61 -2
-61 -2
-61 -2
-61 -2
-61 -2
-61 -2
-61 -2
-61 -2
-61 -2
-61 -2
-61 -2
-61 -2
-61 -2
-61 -2
-61 -2
-61 -2
-61 -2
-61 -2
-61 -2
-61 -2
-61 -2
-61 -2
-61 -2
-61 -2
-61 -2
-61 -2
-61 -2
-61 -2
-61 -2
-61 -2
-61 -2
-61 -2
-61 -2
-61 -2
-61 -2
-61 -2
-61 -2
-61 -2
-61 -2
-61 -2
-61 -2
-61 -2
-61 -2
-61 -2
-61 -2
-61 -2
-61 -2
-61 -2
-61 -2
-61 -2
-61 -2
-61 -2
-61 -2
-61 -2
-61 -2
-58 -2
-60 0
-60 0
-60 0
-60 0
-60 0
-60 0
-60 0
-60 0
-60 0
-60 0
-60 0
-60 0
-60 0
-60 0
-60 0
-60 0
-60 0
-60 0
-60 0
-60 0
-60 0
-57 4
-57 4
-57 4
-57 4
-57 4
-57 4
-57 4
-57 4
-57 4
-57 4
-57 4
-57 4
-57 4
-57 4
-57 4
-57 4
-57 4
-57 4
-57 4
-57 4
-57 4
-57 4
-57 4
-57 4
-57 4
-57 4
-57 4
-57 4
-57 4
-57 4
-57 4
-57 4
-57 4
-61 5
-61 5
-61 5
-61 5
-61 5
-61 5
-61 5
-61 5
-61 5
-61 5
-61 5
-61 5
-61 5
-61 5
-61 5
-61 5
-61 5
-61 5
-61 5
-61 5
-61 5
-61 5
-61 5
-61 5
-61 5
-61 5
-61 5
-61 5
-61 5
-61 5
-61 5
-58 2
-58 2
-58 2
-58 2
-58 2
-58 2
-58 2
-58 2
-58 2
-58 2
-58 2
-58 2
-58 2
-58 2
-58 2
-58 2
-58 2
-58 2
-58 2
-58 2
-58 2
-58 2
-58 2
-58 2
-58 2
-58 2
-58 2
-58 2
-58 2
-58 2
-58 2
-58 2
-58 2
-58 8
-59 -2
-59 -2
-59 -2
-59 -2
-59 -2
-59 -2
-59 -2
-59 -2
-59 -2
-59 -2
-59 -2
-59 -2
-59 -2
-59 -2
-59 -2
-59 -2
-59 -2
-59 -2
-59 -2
-59 -2
-59 -2
-59 -2
-59 -2
-59 -2
-59 -2
-59 -2
-63 -3
-63 -3
-63 -3
-63 -3
-63 -3
-63 -3
-63 -3
-63 -3
-63 -3
-63 -3
-63 -3
-63 -3
-63 -3
-63 -3
-63 -3
-63 -3
-63 -3
-63 -3
-59 7
-59 7
-59 7
-59 7
-59 7
-59 7
-59 7
-59 7
-59 7
-59 7
-59 7
-59 7
-59 7
-59 7
-59 7
-59 7
-59 7
-59 7
-59 7
-59 7
-59 7
-59 7
-59 7
-59 7
-59 7
-59 7
-59 7
-59 7
-59 7
-59 7
-59 7
-59 7
-64 13
-64 13
-64 13
-64 13
-64 13
-64 13
-64 13
-64 13
-64 13
-64 13
-64 13
-64 13
-64 13
-64 13
-64 13
-61 13
-61 13
-61 13
-61 13
-61 13
-61 13
-61 13
-61 13
-61 13
-61 13
-61 13
-61 13
-61 13
-61 13
-61 13
-63 6
-63 6
-63 6
-63 6
-63 6
-63 6
-63 6
-63 6
-63 6
-63 6
-63 6
-63 6
-63 6
-63 6
-63 6
-63 6
-63 6
-63 6
-63 6
-63 6
-63 6
-63 6
-63 6
-63 6
-63 6
-63 6
-63 6
-63 6
-63 6
-64 10
-64 10
-64 10
-64 10
-64 10
-64 10
-64 10
-64 10
-64 10
-64 10
-64 10
-64 10
-64 10
-64 10
-64 10
-64 10
-64 10
-64 10
-64 10
-64 10
-64 10
-64 10
-64 10
-64 10
-64 10
-64 10
-64 10
-64 10
-64 10
-65 15
-65 15
-65 15
-65 15
-65 15
-65 15
-65 15
-65 15
-65 15
-65 15
-62 15
-62 15
-62 15
-62 15
-62 15
-62 15
-62 15
-62 15
-62 15
-62 15
-62 15
-62 15
-62 15
-62 15
-62 15
-62 15
-62 15
-62 15
-62 15
-62 15
-62 15
-62 15
-62 15
-62 15
-62 15
-62 15
-62 15
-62 15
-62 15
-62 15
-62 15
-62 15
-62 15
-62 15
-62 15
-62 15
-62 15
-62 15
-62 15
-62 15
-62 15
-62 15
-62 15
-62 15
-62 15
-62 15
-62 15
-62 15
-65 15
-63 9
-63 9
-63 9
-63 9
-63 9
-63 9
-63 9
-63 9
-63 9
-63 9
-63 9
-63 9
-63 9
-63 9
-63 9
-63 9
-63 9
-63 9
-63 9
-63 9
-63 9
-63 9
-63 9
-63 9
-63 9
-63 9
-63 9
-63 9
-63 9
-63 9
-63 9
-63 9
-76 18
-76 18
-76 18
-76 18
-76 18
-76 18
-76 18
-76 18
-76 18
-76 18
-76 18
-76 18
-76 18
-76 18
-76 18
-76 18
-76 18
-76 18
-76 18
-76 18
-76 18
-76 18
-76 18
-76 18
-76 18
-76 18
-76 18
-76 18
-76 18
-76 18
-76 18
-76 18
-76 18
-76 18
-81 18
-81 18
-81 18
-81 18
-81 18
-81 18
-81 18
-81 18
-81 18
-81 18
-81 18
-81 18
-81 18
-81 18
-81 18
-81 18
-81 18
-81 18
-81 18
-81 18
-81 18
-81 18
-81 18
-81 18
-81 18
-81 18
-81 18
-81 18
-81 18
-81 18
-81 18
-81 18
-81 18
-81 18
-69 24
-77 32
-77 32
-77 32
-77 32
-77 32
-77 32
-77 32
-77 32
-77 32
-77 32
-77 32
-77 32
-77 32
-77 32
-77 32
-77 32
-77 32
-77 32
-77 32
-77 32
-77 32
-77 32
-77 32
-77 32
-77 32
-77 32
-77 32
-77 32
-77 32
-77 32
-77 32
-77 32
-77 32
-77 32
-77 32
-77 32
-77 32
-77 24
-74 32
-74 32
-74 32
-74 32
-74 32
-74 32
-74 32
-74 32
-74 32
-74 32
-74 32
-74 32
-74 32
-74 32
-74 32
-74 32
-74 32
-74 32
-74 32
-74 32
-74 32
-75 30
-75 30
-75 30
-75 30
-75 30
-75 30
-75 30
-75 30
-75 30
-75 30
-75 30
-58 28
-58 28
-58 28
-58 28
-58 28
-58 28
-58 28
-58 28
-58 28
-58 28
-58 28
-58 28
-58 28
-77 32
-77 32
-77 32
-77 32
-77 32
-77 32
-77 32
-77 32
-77 32
-77 32
-77 32
-77 32
-77 32
-77 32
-77 32
-77 32
-77 32
-77 32
-77 32
-77 32
-77 32
-77 32
-77 32
-77 32
-77 32
-77 32
-77 32
-77 32
-77 32
-77 32
-77 32
-77 32
-77 32
-77 32
-77 32
-77 32
-77 32
-77 32
-77 32
-77 32
-77 32
-77 32
-77 32
-77 32
-77 32
-77 32
-77 32
-77 32
-77 32
-77 32
-77 32
-77 32
-77 32
-77 32
-77 32
-77 32
-77 32
-77 32
-77 32
-77 32
-77 32
-77 32
-77 32
-77 32
-77 32
-77 32
-60 36
-59 34
-59 34
-59 34
-59 34
-59 34
-59 34
-59 34
-59 34
-59 34
-59 34
-59 34
-59 34
-59 34
-59 34
-59 34
-59 34
-59 34
-59 34
-59 34
-59 34
-59 34
-66 41
-66 41
-66 42
-66 42
-66 42
-66 42
-66 42
-66 42
-61 36
-61 36
-61 36
-61 36
-61 36
-61 36
-61 36
-61 36
-61 36
-61 36
-61 36
-61 36
-61 36
-61 36
-61 36
-61 36
-61 36
-61 36
-61 36
-61 36
-61 36
-61 36
-61 36
-61 36
-61 36
-61 36
-65 45
-65 45
-65 45
-65 45
-65 45
-65 45
-65 45
-65 45
-65 45
-65 45
-65 45
-65 45
-53 33
-53 33
-53 33
-53 33
-53 33
-53 33
-53 33
-53 33
-53 33
-53 33
-53 33
-53 33
-52 35
-52 35
-52 35
-52 35
-52 35
-52 35
-52 35
-52 35
-52 35
-52 35
-52 35
-52 35
-52 35
-52 35
-52 35
-52 35
-52 35
-52 35
-52 35
-52 35
-52 35
-52 35
-52 35
-52 35
-52 35
-52 35
-52 35
-52 35
-52 35
-52 35
-52 35
-52 35
-52 35
-52 35
-52 35
-52 35
-52 35
-52 35
-52 35
-52 35
-52 35
-52 35
-52 35
-52 35
-52 35
-52 35
-52 35
-48 46
-48 46
-48 46
-48 46
-48 46
-48 46
-48 46
-48 46
-48 46
-48 46
-48 46
-48 46
-48 46
-48 46
-48 46
-48 46
-48 46
-48 46
-48 46
-48 46
-48 46
-48 46
-48 46
-48 46
-48 46
-58 42
-58 42
-58 42
-58 42
-58 42
-58 42
-58 42
-58 42
-58 42
-58 42
-58 42
-58 42
-58 42
-45 47
-45 47
-45 47
-45 47
-45 47
-45 47
-45 47
-45 47
-45 47
-45 47
-45 47
-45 47
-45 47
-45 47
-45 47
-45 47
-45 47
-45 47
-45 47
-45 47
-45 47
-45 47
-45 47
-45 47
-45 47
-45 47
-45 47
-45 47
-45 47
-45 47
-45 47
-45 47
-45 47
-45 47
-45 47
-45 47
-45 47
-45 47
-45 47
-45 47
-45 47
-45 47
-45 47
-45 47
-45 47
-45 47
-45 47
-45 47
-45 47
-45 47
-45 47
-45 47
-45 47
-45 47
-45 47
-45 47
-45 47
-45 47
-45 47
-45 47
-45 47
-45 47
-45 47
-49 46
-45 40
-45 40
-45 40
-45 40
-45 40
-45 40
-45 40
-45 40
-45 40
-45 40
-34 35
-34 37
-34 37
-34 37
-34 37
-34 37
-34 37
-34 37
-34 37
-34 37
-34 37
-34 37
-34 37
-34 37
-34 37
-34 37
-34 37
-34 37
-34 37
-34 37
-34 37
-34 37
-34 37
-34 37
-34 37
-34 37
-34 37
-34 37
-34 37
-34 37
-34 37
-34 37
-34 37
-34 37
-34 37
-34 37
-34 37
-34 37
-34 37
-34 37
-34 37
-34 37
-34 37
-34 37
-34 37
-42 32
-33 54
-33 54
-33 54
-33 54
-33 54
-33 54
-33 54
-33 54
-33 54
-33 54
-33 54
-33 54
-33 54
-33 54
-33 54
-33 54
-33 54
-33 54
-33 54
-33 54
-33 54
-33 54
-33 54
-33 54
-33 54
-40 41
-40 41
-40 41
-40 41
-40 41
-40 41
-40 41
-40 41
-40 41
-40 41
-40 41
-40 41
-40 41
-40 41
-40 41
-40 41
-40 41
-40 41
-40 41
-40 41
-40 41
-40 41
-40 41
-40 41
-40 41
-40 41
-40 41
-40 41
-40 41
-40 41
-40 41
-40 41
-24 43
-24 43
-24 43
-24 43
-24 43
-24 43
-24 43
-24 43
-24 43
-24 43
-24 43
-24 43
-24 43
-24 43
-24 43
-24 43
-24 43
-24 43
-24 43
-24 43
-24 43
-24 43
-24 43
-24 43
-24 43
-24 43
-24 43
-24 43
-34 30
-34 30
-34 30
-34 30
-34 30
-34 30
-34 30
-34 30
-34 30
-34 30
-34 30
-34 30
-34 30
-34 30
-23 26
-23 26
-23 26
-23 26
-23 26
-23 26
-23 26
-23 26
-23 26
-23 26
-23 26
-23 26
-23 26
-23 26
-23 26
-23 26
-23 26
-23 26
-23 26
-23 26
-23 26
-23 26
-23 26
-23 26
-23 26
-23 26
-23 26
-23 26
-23 26
-23 26
-23 26
-23 26
-23 26
-23 26
-23 26
-23 26
-23 26
-23 26
-23 26
-23 26
-23 26
-23 26
-23 26
-23 26
-23 26
-23 26
-23 26
-23 26
-23 26
-23 26
-23 26
-23 26
-23 26
-23 26
-23 26
-23 26
-23 26
-23 26
-23 26
-23 26
-23 26
-23 26
-23 26
-23 26
-23 26
-23 26
-23 26
-23 26
-23 26
-23 26
-23 26
-23 26
-23 26
-23 26
-23 26
-23 26
-23 26
-23 26
-23 26
-23 26
-34 45
-26 46
-26 46
-26 46
-26 46
-26 46
-26 46
-26 46
-26 46
-26 46
-26 46
-26 46
-26 46
-26 46
-26 46
-26 46
-26 46
-26 46
-26 46
-26 46
-26 46
-26 46
-26 46
-26 46
-26 46
-26 46
-26 46
-26 46
-27 44
-27 44
-27 44
-27 44
-27 44
-27 44
-27 44
-27 44
-27 44
-27 44
-27 44
-27 44
-27 44
-27 44
-27 44
-27 44
-27 44
-27 44
-27 44
-27 44
-27 44
-27 44
-27 44
-27 44
-27 44
-27 44
-27 44
-27 44
-27 44
-27 44
-27 44
-27 44
-27 44
-27 44
-27 44
-27 44
-28 52
-27 53
-27 53
-27 53
-27 53
-27 53
-27 53
-27 53
-27 53
-27 53
-27 53
-27 53
-27 53
-27 53
-27 53
-27 53
-27 53
-27 53
-27 53
-27 53
-27 53
-27 53
-27 53
-27 53
-27 53
-27 53
-27 53
-27 53
-27 53
-27 53
-27 53
-27 53
-27 53
-27 53
-27 53
-27 53
-27 53
-27 53
-30 56
-30 56
-30 56
-30 56
-30 56
-30 56
-30 56
-30 56
-30 56
-30 56
-30 56
-30 56
-30 56
-30 56
-30 56
-30 56
-30 56
-30 56
-30 56
-30 56
-30 56
-30 56
-30 56
-30 56
-30 56
-30 56
-30 56
-30 56
-30 56
-30 56
-30 56
-30 56
-30 56
-30 56
-30 56
-30 56
-30 56
-29 52
-29 52
-29 52
-29 52
-29 52
-29 52
-29 52
-29 52
-29 52
-29 52
-29 52
-29 52
-29 52
-29 52
-29 52
-29 52
-29 52
-29 52
-29 52
-29 52
-29 52
-29 52
-29 52
-29 52
-29 52
-29 52
-29 52
-29 52
-29 52
-29 52
-29 52
-29 52
-29 52
-29 52
-29 52
-29 52
-29 52
-29 52
-29 52
-21 62
-13 52
-13 52
-13 52
-13 52
-13 52
-13 52
-13 52
-13 52
-13 52
-13 52
-13 52
-13 52
-13 52
-13 52
-13 52
-13 52
-13 52
-19 50
-19 50
-19 50
-19 50
-19 50
-19 50
-19 50
-19 50
-19 50
-19 50
-19 50
-19 50
-19 50
-19 50
-19 50
-19 50
-19 50
-19 50
-19 50
-19 50
-19 50
-19 50
-19 50
-19 50
-19 50
-19 50
-19 50
-19 50
-19 50
-19 50
-19 50
-19 50
-19 50
-19 50
-19 50
-19 50
-19 50
-19 50
-19 50
-19 50
-19 50
-19 50
-19 50
-19 56
-19 56
-19 56
-19 56
-19 56
-19 56
-19 56
-19 56
-19 56
-19 56
-19 56
-19 56
-19 56
-19 56
-15 56
-15 56
-15 56
-15 56
-15 56
-15 56
-15 56
-15 56
-15 56
-15 56
-15 56
-15 56
-15 56
-15 56
-15 56
-15 56
-15 56
-15 56
-15 56
-15 56
-15 56
-15 56
-15 56
-15 56
-15 56
-15 56
-15 56
-15 56
-15 56
-15 56
-15 56
-15 56
-15 56
-15 56
-15 56
-15 56
-15 56
-15 56
-15 56
-15 56
-15 56
-15 56
-15 56
-15 56
-15 56
-15 56
-15 56
-15 56
-15 56
-15 56
-15 56
-15 56
-15 56
-15 56
-15 56
-15 56
-15 56
-15 56
-15 56
-15 56
-15 56
-15 56
-15 56
-15 56
-15 56
-15 56
-15 56
-15 56
-15 56
-15 56
-15 56
-15 56
-15 56
-15 56
-15 56
-15 56
-15 56
-15 56
-15 56
-15 56
-15 56
-15 56
-15 56
-15 56
-7 67
-8 62
-8 62
-8 62
-8 62
-8 62
-8 62
-8 62
-8 62
-4 61
-4 61
-4 61
-4 61
-4 61
-4 61
-4 61
-4 61
-4 61
-4 61
-4 61
-4 61
-4 61
-4 61
-4 61
-4 61
-4 61
-4 61
-4 61
-4 61
-4 61
-4 61
-4 61
-4 61
-4 61
-4 61
-4 61
-4 61
-4 61
-4 61
-4 61
-4 61
-4 61
-4 61
-4 61
-4 61
-4 61
-4 61
-4 61
1 61
1 61
1 61
1 61
1 61
1 61
1 61
1 61
1 61
1 61
1 61
1 61
1 61
1 61
1 61
1 61
1 61
1 61
1 61
1 61
1 61
1 61
1 61
1 61
1 61
1 61
1 61
1 61
1 61
1 61
1 61
4 54
4 54
4 54
4 54
4 54
4 54
4 54
4 54
4 54
4 54
4 54
4 54
4 54
4 54
4 54
4 54
4 54
4 54
4 54
4 54
4 54
4 54
4 54
4 54
4 54
4 54
12 51
12 51
12 51
12 51
12 51
12 51
12 51
12 51
5 38
5 38
5 38
5 38
5 38
5 38
5 38
5 38
5 38
5 38
5 38
4 41
4 41
4 41
4 41
4 41
4 41
4 41
4 41
4 41
4 41
4 41
4 41
4 41
4 41
4 41
4 41
4 41
4 41
4 41
4 41
4 41
4 41
4 41
4 41
4 41
4 41
4 41
4 41
4 41
4 41
4 41
4 41
4 41
4 41
4 41
4 41
4 41
4 41
4 41
4 41
4 41
4 41
4 41
4 41
4 41
4 41
4 41
4 41
4 41
11 42
11 42
19 41
19 41
19 41
19 41
19 41
19 41
19 41
19 41
19 41
19 41
19 41
19 41
19 41
19 41
19 41
19 41
19 41
19 41
19 41
19 41
19 41
19 41
19 41
19 41
19 41
19 41
19 41
19 41
19 41
19 41
19 41
19 41
19 41
20 34
20 34
26 29
26 29
26 29
26 29
26 29
26 29
26 29
26 29
26 29
26 29
26 29
26 29
26 29
26 29
26 29
26 29
26 29
26 29
26 29
26 29
26 29
26 32
26 32
26 32
26 32
26 32
26 32
26 32
26 32
26 32
26 32
26 32
26 32
26 32
26 32
26 32
26 32
26 32
26 32
26 32
26 32
26 32
26 32
26 32
26 32
26 32
26 32
26 32
26 32
26 32
26 32
26 32
26 32
26 32
26 32
26 32
26 32
26 32
26 32
26 32
26 32
26 32
26 32
26 32
26 32
26 32
26 32
26 32
26 32
31 23
30 33
30 33
30 33
30 33
30 33
30 33
30 33
30 33
30 33
30 33
30 33
30 33
30 33
30 33
30 33
30 33
30 33
30 33
30 33
30 33
30 33
30 33
30 33
30 33
30 33
30 33
30 33
35 27
35 23
35 23
35 23
35 23
35 23
35 23
35 23
35 23
35 23
35 23
35 23
35 23
35 23
35 23
35 23
35 23
35 23
35 23
35 23
35 23
35 23
35 23
35 23
35 23
35 23
35 23
35 23
39 20
39 20
39 20
39 20
39 20
39 20
39 20
39 20
39 20
39 20
39 20
39 20
39 20
39 20
39 20
39 20
39 21
39 21
39 21
39 21
39 21
39 21
39 21
39 21
39 21
39 21
39 21
39 21
39 21
39 21
43 24
43 24
43 24
43 24
43 24
43 24
43 24
43 24
43 24
43 24
43 24
43 24
43 24
43 24
43 24
43 24
43 24
43 24
43 24
43 24
43 24
43 24
43 24
43 24
43 24
43 24
43 24
43 24
43 24
45 25
45 25
45 25
45 25
45 25
45 25
45 25
45 25
45 25
45 25
45 25
45 25
45 25
45 25
45 25
45 25
45 25
45 25
45 25
45 25
45 25
45 25
45 25
45 25
45 25
45 25
45 25
45 23
45 23
45 23
45 23
45 23
45 23
45 23
45 23
45 23
45 23
45 23
45 23
45 23
45 23
45 23
45 23
45 23
45 23
45 23
45 23
45 23
45 23
45 23
45 23
45 23
45 23
45 23
53 16
53 16
53 16
53 16
53 16
53 16
53 16
53 16
53 16
53 16
53 16
66 12
66 12
66 12
66 12
66 12
66 12
66 12
66 12
66 12
66 12
66 12
66 12
66 12
66 12
66 12
66 12
66 12
66 12
66 12
66 12
66 12
66 12
66 12
66 12
66 12
70 11
70 11
70 11
70 11
70 11
70 11
70 11
70 11
70 11
70 11
70 11
70 11
70 11
70 11
70 11
70 11
70 11
70 11
70 11
70 11
70 11
70 11
70 11
70 11
70 11
70 11
70 11
70 11
70 11
70 11
70 11
70 12
70 12
70 12
70 12
70 12
70 12
70 12
70 12
70 12
70 12
70 12
70 12
70 12
70 12
70 12
70 12
70 12
70 12
70 12
70 12
70 12
70 12
70 12
70 12
70 12
70 12
70 12
70 12
70 12
83 16
83 16
83 16
83 16
83 16
83 16
83 16
83 16
83 16
83 16
83 11
83 11
83 11
83 11
83 11
83 11
83 11
83 11
83 11
83 11
83 11
85 2
85 2
85 2
85 2
85 2
85 2
85 2
85 2
85 2
85 2
85 2
85 2
85 2
85 2
85 2
85 2
85 2
85 2
85 2
85 2
85 2
85 2
85 2
85 2
85 2
85 2
85 2
85 2
85 2
85 2
85 2
85 2
85 2
85 2
85 2
85 2
92 3
92 3
92 3
92 3
92 3
92 3
92 3
92 3
92 3
92 3
92 3
92 3
92 3
92 3
92 3
92 3
92 3
92 3
92 3
92 3
92 3
92 3
92 3
92 3
92 3
92 3
92 3
92 3
92 3
92 3
86 -4
86 -4
86 -4
86 -4
86 -4
86 -4
86 -4
86 -4
86 -4
86 -4
86 -4
86 -4
86 -4
86 -4
86 -4
86 -4
86 -4
86 -4
86 -4
86 -4
86 -4
86 -4
86 -4
86 -4
86 -4
86 -4
86 -4
86 -4
86 -4
86 -4
86 -4
86 -4
86 -4
86 -4
86 -4
87 1
87 1
99 0
99 0
99 0
94 -1
94 -1
94 -1
94 -1
94 -1
94 -1
94 -1
94 -1
94 -1
94 -1
94 -1
94 -1
94 -1
94 -1
94 -1
94 -1
94 -1
94 -1
94 -1
94 -1
94 -1
94 -1
94 -1
94 -1
94 -1
94 -1
94 -1
94 -1
94 -1
94 -1
94 -1
94 -1
94 -1
94 -1
94 -1
94 -1
94 -1
94 -1
94 -1
94 -1
94 -1
94 -1
103 -2
103 -2
103 -2
103 -2
103 -2
103 -2
103 -2
103 -2
103 -2
103 -2
103 -2
103 -2
103 -2
103 -2
103 -2
103 -2
103 -2
103 -2
103 -2
103 -2
103 -2
103 -2
103 -2
103 -2
103 -2
103 -2
103 -2
103 -2
103 -2
103 -2
103 -2
103 -2
103 -2
103 -2
103 -2
103 -2
103 -2
103 -2
103 -2
103 -2
103 -2
103 -2
103 -2
103 -2
103 -2
103 -2
102 1
100 -2
100 -2
100 -2
100 -2
100 -2
100 -2
100 -2
100 -2
100 -2
100 -2
100 -2
100 -2
100 -2
100 -2
100 -2
100 -2
100 -2
100 -2
100 -2
100 -2
100 -2
100 -2
99 -4
99 -4
99 -4
99 -4
99 -4
99 -4
99 -4
99 -4
99 -4
99 -4
99 -4
99 -4
99 -4
99 -4
99 -4
99 -4
99 -4
99 -4
99 -4
99 -4
99 -4
99 -4
99 -4
99 -4
99 -4
99 -4
99 -4
99 -4
99 -4
96 -9
96 -9
96 -9
96 -9
96 -9
96 -9
96 -9
96 -9
96 -9
96 -9
96 -9
96 -9
96 -9
96 -9
96 -9
96 -9
96 -9
96 -9
96 -9
96 -9
96 -9
96 -9
96 -9
96 -9
96 -9
96 -9
96 -9
96 -9
96 -9
96 -9
96 -9
96 -9
96 -9
96 -9
86 -5
86 -5
86 -5
86 -5
86 -5
86 -5
86 -5
86 -5
86 -5
86 -5
86 -5
86 -5
86 -5
86 -5
86 -5
86 -5
86 -5
86 -5
86 -5
86 -5
86 -5
86 -5
86 -5
86 -5
86 -5
86 -5
86 -5
86 -5
86 -5
83 -6
83 -6
83 -6
83 -6
83 -6
83 -6
83 -6
83 -6
83 -6
83 -6
83 -6
83 -6
83 -6
83 -6
83 -6
83 -6
83 -6
83 -6
83 -6
83 -6
83 -6
83 -6
83 -6
83 -6
80 -13
80 -13
80 -13
80 -13
80 -13
80 -13
80 -13
80 -13
80 -13
80 -13
80 -13
80 -13
80 -13
80 -13
80 -13
80 -13
80 -13
80 -13
80 -13
80 -13
80 -13
80 -13
80 -13
80 -13
80 -13
80 -13
80 -13
80 -13
80 -13
80 -13
80 -13
80 -13
81 -11
81 -11
81 -11
81 -11
81 -11
81 -11
81 -11
81 -11
81 -11
81 -11
81 -11
81 -11
81 -11
81 -11
81 -11
81 -11
81 -11
81 -13
81 -13
81 -13
81 -13
81 -13
81 -13
81 -13
81 -13
81 -13
81 -13
81 -13
81 -13
81 -13
81 -13
81 -13
81 -13
81 -13
81 -13
81 -13
81 -13
81 -13
81 -13
81 -13
81 -13
81 -13
81 -13
81 -13
81 -13
81 -13
81 -13
81 -13
81 -13
81 -13
81 -13
81 -13
81 -13
81 -13
81 -13
81 -13
81 -13
81 -13
81 -13
81 -13
81 -13
74 -15
74 -15
74 -15
74 -15
74 -15
74 -15
74 -15
74 -15
74 -15
74 -15
74 -15
74 -15
74 -15
74 -15
74 -15
74 -15
74 -15
74 -15
74 -15
74 -15
74 -15
74 -15
74 -15
74 -15
74 -15
74 -15
74 -15
74 -15
74 -15
74 -15
74 -15
74 -15
74 -15
74 -15
74 -15
74 -15
74 -15
69 -19
69 -19
69 -19
69 -19
69 -19
69 -19
69 -19
69 -19
69 -19
69 -19
69 -19
69 -19
69 -19
69 -19
69 -19
69 -19
69 -19
69 -19
69 -19
69 -19
69 -19
69 -19
69 -19
69 -19
69 -19
69 -19
69 -19
69 -19
69 -19
69 -19
69 -19
69 -19
69 -19
69 -19
64 -22
64 -22
64 -22
64 -22
64 -22
64 -22
64 -22
64 -22
64 -22
64 -22
64 -22
64 -22
64 -22
64 -22
64 -22
64 -22
62 -15
62 -15
62 -15
62 -15
62 -15
62 -15
62 -15
62 -15
62 -15
62 -15
62 -15
62 -15
62 -15
62 -15
62 -15
62 -15
62 -15
62 -15
62 -15
62 -15
62 -15
62 -15
62 -15
62 -15
62 -15
62 -15
62 -15
62 -15
62 -15
62 -15
62 -15
62 -15
62 -15
62 -15
62 -15
62 -15
62 -15
62 -15
62 -15
62 -15
62 -15
62 -15
62 -15
62 -15
62 -15
62 -15
62 -15
62 -15
62 -15
62 -15
62 -15
62 -15
62 -15
62 -15
71 -24
71 -24
71 -24
71 -24
71 -24
71 -24
71 -24
71 -24
71 -24
71 -24
71 -24
71 -24
71 -24
71 -24
71 -24
71 -24
71 -24
71 -24
71 -24
71 -24
71 -24
71 -24
71 -24
71 -24
71 -24
71 -24
71 -24
71 -24
71 -24
71 -24
71 -24
71 -24
71 -24
71 -24
71 -24
71 -24
71 -24
71 -24
71 -24
56 -23
56 -23
56 -23
56 -23
56 -23
56 -23
56 -23
56 -23
56 -23
56 -23
56 -23
56 -23
56 -23
56 -23
56 -23
56 -23
56 -23
56 -23
56 -23
56 -23
56 -23
56 -23
56 -23
56 -23
56 -23
56 -23
56 -23
56 -23
56 -23
56 -23
56 -23
56 -23
56 -23
56 -23
56 -23
56 -23
56 -23
56 -23
58 -28
58 -28
58 -28
58 -28
58 -28
58 -28
58 -28
58 -28
58 -28
58 -28
58 -28
58 -28
58 -28
59 -28
48 -20
48 -20
48 -20
48 -20
48 -20
48 -20
48 -20
48 -20
48 -20
48 -20
48 -20
48 -20
48 -20
48 -20
48 -20
48 -20
48 -20
48 -20
48 -20
48 -20
48 -20
48 -20
48 -20
48 -20
48 -20
48 -20
48 -20
48 -20
48 -20
48 -20
48 -20
48 -20
48 -20
48 -20
48 -20
48 -20
48 -20
48 -20
48 -20
48 -20
48 -20
48 -20
48 -20
48 -20
48 -20
48 -20
48 -20
48 -20
48 -20
48 -20
48 -20
48 -20
48 -20
48 -20
48 -20
48 -20
48 -20
48 -20
48 -20
48 -20
48 -20
48 -20
48 -20
48 -20
48 -20
48 -20
48 -20
48 -20
48 -20
48 -20
48 -20
48 -20
48 -20
48 -20
48 -20
48 -20
64 -32
51 -19
51 -19
51 -19
51 -19
51 -19
51 -19
51 -19
51 -19
51 -19
51 -19
51 -19
51 -19
51 -19
51 -19
51 -19
51 -19
51 -19
51 -19
51 -19
49 -24
49 -24
49 -24
49 -24
49 -24
49 -24
49 -24
49 -24
49 -24
49 -24
49 -24
49 -24
49 -24
51 -27
51 -27
51 -27
51 -27
51 -27
51 -27
51 -27
51 -27
51 -27
51 -27
51 -27
51 -27
51 -27
51 -27
51 -27
51 -27
51 -27
51 -27
51 -27
51 -27
51 -27
51 -27
51 -27
51 -27
51 -27
51 -27
51 -27
51 -27
51 -27
55 -36
55 -36
55 -36
55 -36
55 -36
55 -36
55 -36
55 -36
55 -36
55 -36
55 -36
55 -36
55 -36
55 -36
55 -36
55 -36
55 -36
55 -36
55 -36
55 -36
55 -36
55 -36
55 -36
55 -36
55 -36
55 -36
55 -36
55 -36
55 -36
55 -36
55 -36
55 -36
55 -36
55 -36
55 -36
55 -36
55 -36
55 -36
55 -36
55 -36
55 -36
55 -36
55 -36
55 -36
55 -36
55 -36
55 -36
55 -36
55 -34
55 -34
55 -34
55 -34
55 -34
55 -34
55 -34
55 -34
55 -34
55 -34
55 -34
55 -34
55 -34
55 -34
55 -34
55 -34
55 -34
55 -34
55 -34
55 -34
55 -34
41 -38
41 -38
41 -38
41 -38
41 -38
41 -38
41 -38
41 -38
41 -38
41 -38
42 -36
42 -36
42 -36
42 -36
42 -36
42 -36
42 -36
42 -36
42 -36
42 -36
42 -36
42 -36
42 -36
42 -36
42 -36
42 -36
34 -41
34 -41
34 -41
34 -41
34 -41
34 -41
34 -41
34 -41
34 -41
34 -41
34 -41
34 -41
50 -42
50 -42
50 -42
50 -42
50 -42
50 -42
50 -42
50 -42
50 -42
50 -42
50 -42
50 -42
50 -42
50 -42
36 -46
36 -46
36 -46
36 -46
36 -46
36 -46
36 -46
36 -46
36 -46
36 -46
36 -46
36 -46
36 -46
36 -46
36 -46
36 -46
36 -46
36 -46
36 -46
36 -46
36 -46
36 -46
36 -46
36 -46
36 -46
36 -46
36 -46
36 -46
36 -46
36 -46
36 -46
36 -46
36 -46
36 -46
33 -40
33 -40
33 -40
33 -40
33 -40
33 -40
33 -40
33 -40
33 -40
33 -40
33 -40
33 -40
33 -40
33 -40
33 -40
33 -40
33 -40
33 -40
33 -40
33 -40
33 -40
33 -40
33 -40
33 -40
33 -40
33 -40
33 -40
33 -40
33 -40
33 -40
33 -40
33 -40
33 -40
39 -47
39 -47
39 -47
39 -47
39 -47
39 -47
39 -47
39 -47
39 -47
39 -47
39 -47
39 -47
39 -47
39 -47
39 -47
39 -47
39 -47
39 -47
39 -47
39 -47
39 -47
39 -47
39 -47
39 -47
39 -47
39 -47
39 -47
39 -47
39 -47
39 -47
39 -47
43 -55
41 -50
41 -50
41 -50
41 -50
41 -50
41 -50
36 -46
36 -46
36 -46
36 -46
36 -46
36 -46
36 -46
36 -46
36 -46
36 -46
36 -46
36 -46
36 -46
36 -46
36 -46
36 -46
36 -46
36 -46
36 -46
36 -46
36 -46
36 -46
36 -46
36 -46
36 -46
36 -46
36 -46
36 -46
36 -46
36 -46
32 -54
32 -54
32 -54
32 -54
32 -54
32 -54
32 -54
32 -54
32 -54
32 -54
32 -54
32 -54
32 -54
32 -54
32 -54
32 -54
32 -54
32 -54
32 -54
32 -54
32 -54
32 -54
32 -54
32 -54
32 -54
32 -54
32 -54
32 -54
32 -54
32 -54
32 -54
32 -54
32 -54
33 -50
30 -48
30 -48
30 -48
30 -48
30 -48
30 -48
30 -48
30 -48
30 -48
30 -48
30 -48
30 -48
30 -48
30 -48
30 -48
30 -48
30 -48
30 -48
30 -48
30 -48
30 -48
30 -48
30 -48
30 -48
30 -48
30 -48
30 -48
30 -48
30 -48
30 -48
30 -48
26 -45
26 -45
26 -45
26 -45
26 -45
26 -45
26 -45
26 -45
26 -45
26 -45
26 -45
26 -45
26 -45
26 -45
26 -45
26 -50
26 -50
26 -50
26 -50
26 -50
26 -50
26 -50
26 -50
26 -50
26 -50
26 -50
26 -50
26 -50
26 -50
26 -50
26 -50
26 -50
26 -50
26 -50
26 -50
26 -50
26 -50
26 -50
26 -50
26 -50
26 -50
26 -50
26 -50
26 -50
26 -50
26 -50
26 -50
26 -50
26 -50
26 -50
26 -50
26 -50
26 -50
26 -50
26 -50
26 -50
26 -50
26 -50
26 -50
26 -50
26 -50
26 -50
26 -50
26 -50
26 -50
26 -50
26 -50
26 -50
25 -48
30 -51
30 -51
30 -51
30 -51
30 -51
30 -51
30 -51
30 -51
30 -51
30 -51
30 -51
30 -51
30 -51
30 -51
30 -51
30 -51
30 -51
30 -51
30 -51
30 -51
30 -51
30 -51
30 -51
30 -51
30 -51
30 -51
30 -51
30 -51
30 -51
21 -47
21 -47
21 -47
21 -47
21 -47
21 -47
21 -47
21 -47
21 -47
21 -47
21 -47
21 -47
21 -47
21 -47
21 -47
21 -47
21 -47
21 -47
21 -47
21 -47
21 -47
21 -47
21 -47
21 -47
21 -47
21 -47
21 -47
21 -47
21 -47
21 -47
21 -47
21 -47
21 -47
21 -47
21 -47
21 -47
16 -48
17 -50
17 -50
17 -50
17 -50
17 -50
17 -50
17 -50
17 -50
17 -50
20 -44
20 -44
20 -44
20 -44
20 -44
20 -44
20 -44
20 -44
20 -44
20 -44
20 -44
20 -44
20 -44
20 -44
20 -44
20 -44
20 -44
20 -44
20 -44
20 -44
20 -44
20 -44
20 -44
20 -44
20 -44
20 -44
20 -44
20 -44
20 -44
20 -44
14 -47
14 -47
14 -47
14 -47
14 -47
14 -47
14 -47
14 -47
14 -47
14 -47
14 -47
14 -47
14 -47
14 -47
14 -47
14 -47
14 -47
14 -47
14 -47
14 -47
14 -47
14 -47
14 -47
19 -53
19 -53
19 -53
19 -53
19 -53
19 -53
19 -53
19 -53
19 -53
19 -53
19 -53
19 -53
19 -53
19 -53
19 -53
19 -53
19 -53
19 -53
19 -53
19 -53
19 -53
19 -53
19 -53
19 -53
19 -52
19 -52
23 -56
23 -56
23 -56
23 -56
23 -56
23 -56
23 -56
23 -56
23 -56
23 -56
23 -56
23 -56
23 -56
23 -56
23 -56
23 -56
23 -56
23 -56
23 -56
23 -56
23 -56
23 -56
13 -54
13 -54
13 -54
13 -54
13 -54
13 -54
13 -54
13 -54
13 -54
13 -54
13 -54
13 -54
13 -54
5 -45
5 -45
5 -45
5 -45
5 -45
5 -45
5 -45
5 -45
5 -45
5 -45
5 -45
9 -41
9 -41
9 -41
9 -41
9 -41
9 -41
9 -41
9 -41
9 -41
9 -41
9 -41
9 -41
9 -41
9 -41
9 -41
9 -41
9 -41
9 -41
9 -41
9 -41
9 -41
9 -41
9 -41
9 -41
9 -41
9 -41
9 -41
9 -41
9 -41
9 -41
6 -42
6 -42
6 -42
6 -42
6 -42
6 -42
6 -42
6 -42
6 -42
6 -42
6 -42
6 -42
6 -42
6 -42
6 -42
6 -42
6 -42
6 -42
6 -42
6 -42
6 -42
6 -42
6 -42
6 -42
6 -42
6 -42
6 -42
6 -42
6 -42
6 -42
6 -42
6 -42
6 -42
6 -42
6 -38
6 -38
6 -38
6 -38
6 -38
6 -38
6 -38
6 -38
6 -38
6 -38
6 -38
6 -38
6 -38
6 -38
6 -38
6 -38
6 -38
6 -38
6 -38
6 -38
6 -38
6 -38
6 -38
6 -38
6 -38
6 -38
6 -38
6 -38
6 -38
6 -38
2 -38
1 -38
1 -38
1 -38
1 -38
1 -38
1 -38
1 -38
1 -38
1 -38
1 -38
1 -38
1 -38
-2 -31
-2 -31
-2 -31
-2 -31
-2 -31
-2 -31
-2 -31
-2 -31
-2 -31
-2 -31
-2 -31
-2 -31
-2 -31
-2 -31
-2 -31
-2 -31
-2 -31
-2 -31
-2 -31
-2 -31
-2 -31
-2 -31
-2 -31
-2 -31
-2 -31
-2 -31
-2 -31
-2 -31
-2 -31
-2 -31
-2 -31
-2 -31
-2 -31
-2 -31
-2 -31
-2 -31
-2 -31
-2 -31
-2 -31
0 -30
0 -30
0 -30
0 -30
0 -30
0 -30
0 -30
0 -30
0 -30
0 -30
0 -30
0 -30
0 -30
0 -30
0 -30
0 -30
0 -30
0 -30
0 -30
0 -30
0 -30
0 -30
0 -30
0 -30
0 -30
0 -30
0 -30
0 -30
0 -30
0 -30
0 -30
0 -30
0 -30
0 -30
0 -30
0 -30
0 -30
0 -30
0 -30
0 -30
0 -25
-1 -23
-1 -23
-1 -23
-1 -23
-1 -23
-1 -23
-1 -23
-1 -23
-1 -23
-1 -23
-1 -23
-1 -23
-1 -23
-1 -23
-1 -23
-1 -23
-1 -23
-1 -23
-1 -23
-1 -23
-1 -23
-1 -23
-1 -23
-1 -23
-1 -23
-1 -23
-1 -23
-1 -23
-1 -23
-1 -23
-1 -23
-1 -23
-1 -23
-1 -23
-1 -23
-1 -23
-1 -23
-1 -23
-1 -23
-1 -23
-1 -23
-1 -23
-1 -23
-1 -23
-1 -23
0 -16
0 -16
0 -14
0 -14
0 -14
0 -14
0 -14
0 -14
0 -14
0 -14
0 -14
0 -9
0 -9
0 -9
0 -9
0 -9
0 -9
0 -9
0 -9
0 -9
0 -9
0 -9
0 -9
0 -9
0 -9
0 -9
0 -9
0 -9
0 -9
0 -9
0 -9
0 -9
0 -9
0 -9
0 -9
0 -9
0 -9
0 -9
0 -9
0 -9
0 -9
0 -9
0 -9
0 -9
0 -9
0 -9
0 -9
0 -9
0 -9
0 -9
0 -9
-2 -10
-2 -10
-2 -10
-2 -10
-2 -10
-2 -10
-2 -10
-2 -10
-2 -10
-2 -10
-2 -10
-2 -10
-2 -10
-2 -10
-2 -10
-2 -10
-2 -10
-2 -10
-2 -10
-2 -10
-2 -10
-2 -10
-2 -10
-2 -10
-2 -10
-2 -10
-2 -10
-2 -10
-2 -10
-2 -10
-2 -10
-2 -10
-2 -10
-2 -10
-2 -10
-2 -10
-2 -10
-2 -10
-2 -10
-2 -10
-2 -10
-3 -4
-3 -4
-3 -4
-3 -4
-3 -4
-3 -4
-3 -4
-3 -4
-3 -4
-3 -4
-3 -4
-3 -4
-3 -4
-3 -4
-3 -4
-3 -4
-3 -4
-3 -4
-3 -4
-3 -4
-3 -4
-3 -4
-3 -4
-3 -4
-3 -4
-3 -4
-3 -4
-3 -4
-3 -4
-3 -4
-3 -4
-3 -4
-3 -4
-3 -4
-3 -4
-3 -4
-3 -4
-3 -4
-3 -4
-3 -4
-3 -4
0 -5
0 -4
0 -4
0 -4
0 -4
0 -4
0 -4
0 -4
0 -4
0 -4
0 -4
0 -4
0 -4
0 -4
0 -4
0 -4
0 -4
0 -4
0 -4
0 -4
0 -4
0 -4
0 -4
0 -4
0 -4
0 -4
0 -4
0 -4
0 -4
0 -4
0 -4
0 -4
0 -4
0 -4
0 -4
0 -4
-1 -1
-1 -1
-1 -1
-1 -1
-1 -1
-1 -1
-1 -1
-1 -1
-1 -1
-1 -1
-1 -1
-1 -1
-1 -1
-1 -1
-1 -1
-1 -1
-1 -1
-1 -1
-1 -1
-1 -1
-1 -1
-1 -1
-1 -1
-1 -1
-1 -1
-1 -1
-1 -1
-1 -1
-1 -1
-1 -1
-1 -1
-1 -1
-1 -1
-1 -1
-1 -1
-1 -1
-1 -1
-1 -1
-1 -1
-1 -1
-1 -1
-1 -1
-1 -1
-1 -1
-1 -1
-1 -1
-1 -1
-1 -1
-1 -1
-1 -1
-1 -1
-1 -1
-1 -1
-1 -1
-1 -1
-1 -1
-1 -1
-1 -1
-1 -1
-1 -1
-1 -1
-1 -1
-1 -1
-1 -1
-1 -1
-1 -1
-1 -1
-1 -1
-1 -1
-1 -1
-1 -1
-1 -1
-1 -1
-1 -1
-1 -1
-1 -1
-1 -1
-1 -1
-1 -1
-1 -1
-1 0
-1 0
-1 0
-1 0
-1 0
-1 0
-1 0
-1 0
-1 0
-1 0
-1 0
-1 0
-1 0
-1 0
-1 0
-1 0
-1 0
-1 0
-1 0
-1 0
-1 0
-1 0
-1 0
-1 0
-1 0
-1 0
-1 0
-1 0
-1 0
-1 0
-1 0
-1 0
-1 0
-1 0
-1 0
-1 0
-1 0
0 1
0 1
0 1
0 1
0 1
0 1
0 1
0 1
0 1
0 1
0 1
0 1
0 1
0 1
0 1
0 1
0 1
0 1
0 1
0 1
0 1
0 1
0 1
0 1
0 1
0 1
0 1
0 1
0 1
0 1
0 1
0 1
0 1
0 1
0 1
0 1
0 1
0 1
0 1
0 1
0 1
0 1
0 1
0 1
0 1
0 1
0 1
0 1
0 1
0 1
0 1
0 1
0 1
0 1
0 1
0 1
0 1
0 1
0 1
0 1
0 1
0 1
0 1
0 1
0 1
0 1
0 1
0 1
0 1
0 1
0 1
0 1
0 1
0 1
0 1
0 1
0 1
0 1
0 1
0 1
0 1
0 1
0 1
0 1
0 1
0 1
0 1
0 1
0 1
0 1
0 1
0 1
0 1
0 1
0 1
0 1
0 1
0 1
0 1
0 1
0 1
0 1
0 1
0 1
0 1
0 1
0 1
0 1
0 1
0 1
0 1
0 1
0 1
0 1
0 1
0 1
0 1
0 1
0 1
0 1
0 1
0 1
0 1
0 1
0 1
0 1
0 1
0 1
0 1
0 1
0 1
0 1
0 1
0 1
0 1
0 1
0 1
0 1
0 1
0 1
0 1
0 1
0 1
0 1
0 1
0 1
0 1
0 1
0 1
0 1
0 1
0 1
0 1
0 1
0 1
0 1
0 1
0 1
0 1
0 1
0 1
0 1
0 1
0 1
0 1
0 1
0 1
0 1
0 1
0 1
0 1
0 1
0 1
0 1
0 1
0 1
0 1
0 1
0 1
0 1
0 1
0 1
0 1
0 1
0 1
0 1
0 1
0 1
0 1
1 1
1 1
1 1
1 1
1 1
1 1
1 1
1 1
1 1
1 1
1 1
1 1
1 1
1 1
1 1
1 1
1 1
1 1
1 1
1 1
1 1
1 1
1 1
1 1
1 1
1 1
1 1
1 1
1 1
1 1
1 1
1 1
1 1
1 1
1 1
1 1
1 1
1 1
1 1
1 1
1 1
1 1
1 1
1 1
1 1
1 1
1 1
1 1
1 1
1 1
1 1
1 1
1 1
1 1
1 1
1 1
1 1
1 1
1 1
1 1
1 1
1 1
1 1
1 1
1 1
1 1
1 1
1 1
1 1
1 1
1 1
1 1
1 1
1 1
1 1
1 1
1 1
1 1
1 1
1 1
1 1
1 1
1 1
1 1
1 1
1 1
1 1
1 1
1 1
1 1
1 1
1 1
1 1
1 1
1 1
1 1
1 1
1 1
1 1
1 1
1 1
1 1
1 1
1 1
1 1
1 1
1 1
1 1
1 1
1 1
1 1
1 1
1 1
1 1
1 1
1 1
1 1
1 1
1 1
1 1
1 1
1 1
1 1
1 1
1 1
1 1
1 1
1 1
1 1
1 1
1 1
1 1
1 1
1 1
1 1
1 1
1 1
1 1
1 1
1 1
1 1
1 1
1 1
1 1
1 1
1 1
1 1
1 1
1 1
1 1
1 1
1 1
1 1
1 1
1 1
1 1
1 1
1 1
1 1
1 1
1 1
1 1
1 1
1 1
1 1
1 1
1 1
1 1
1 1
1 1
1 1
1 1
1 1
1 1
1 1
1 1
1 1
1 1
1 1
1 1
1 1
1 1
1 1
1 1
1 1
1 1
1 1
1 1
1 1
1 1
1 1
1 1
1 1
1 1
1 1
1 1
1 1
1 1
1 1
1 1
1 1
1 1
1 1
1 1
1 1
1 1
1 1
1 1
1 1
1 1
1 1
1 1
1 1
1 1
1 1
1 1
1 1
1 1
1 1
1 1
1 1
1 1
1 1
1 1
1 1
1 1
1 1
1 1
1 1
1 1
1 1
1 1
1 1
1 1
1 1
1 1
1 1
1 1
1 1
1 1
1 1
1 1
1 1
1 1
1 1
1 1
1 1
1 1
1 1
1 1
1 1
1 1
1 1
1 1
1 1
1 1
1 1
1 1
1 1
1 1
1 1
1 1
1 1
1 1
1 1
1 1
1 1
1 1
1 1
1 1
1 1
1 1
1 1
1 1
1 1
1 1
1 1
1 1
1 1
1 1
1 1
1 1
1 1
1 1
1 1
1 1
1 1
1 1
1 1
1 1
1 1
1 1
1 1
1 1
1 1
1 1
1 1
1 1
1 1
1 1
1 1
1 1
1 1
1 1
1 1
1 1
1 1
1 1
1 1
1 1
1 1
1 1
1 1
1 1
1 1
1 1
1 1
1 1
1 1
1 1
1 1
1 1
1 1
1 1
1 1
1 1
1 1
1 1
1 1
1 1
1 1
1 1
1 1
1 1
1 1
1 1
1 1
1 1
1 1
1 1
1 1
1 1
1 1
1 1
1 1
1 1
1 1
1 1
1 1
1 1
1 1
1 1
1 1
1 1
1 1
1 1
1 1
1 1
1 1
1 1
1 1
1 1
1 1
1 1
1 1
1 1
1 1
1 1
1 1
1 1
1 1
1 1
1 1
1 1
1 1
1 1
1 1
1 1
1 1
1 1
1 1
1 1
1 1
1 1
1 1
1 1
1 1
1 1
1 1
1 1
1 1
1 1
1 1
1 1
1 1
1 1
1 1
1 1
1 1
1 1
1 1
1 1
1 1
1 1
1 1
1 1
1 1
1 1
1 1
1 1
1 1
1 1
1 1
1 1
1 1
1 1
1 1
1 1
1 1
1 1
1 1
1 1
1 1
1 1
1 1
1 1
1 1
1 1
1 1
1 1
1 1
1 1
1 1
1 1
1 1
1 1
1 1
1 1
1 1
1 1
1 1
1 1
1 1
1 1
1 1
1 1
1 1
1 1
1 1
1 1
1 1
1 1
1 1
1 1
1 1
1 1
1 1
1 1
1 1
1 1
1 1
1 1
1 1
1 1
1 1
1 1
1 1
1 1
1 1
1 1
1 1
1 1
1 1
1 1
1 1
1 1
1 1
1 1
1 1
1 1
1 1
1 1
1 1
1 1
1 1
1 1
1 1
1 1
1 1
1 1
1 1
1 1
1 1
1 1
1 1
1 1
1 1
1 1
1 1
1 1
1 1
1 1
1 1
1 1
1 1
1 1
1 1
1 1
1 1
1 1
1 1
1 1
1 1
1 1
1 1
1 1
1 1
1 1
1 1
1 1
1 1
1 1
1 1
1 1
1 1
1 1
1 1
1 1
1 1
1 1
1 1
1 1
1 1
1 1
1 1
1 1
1 1
1 1
1 1
1 1
1 1
1 1
1 1
1 1
1 1
1 1
1 1
1 1
1 1
1 1
1 1
1 1
1 1
1 1
1 1
1 1
1 1
1 1
1 1
1 1
1 1
1 1
1 1
1 1
1 1
1 1
1 1
1 1
1 1
1 1
1 1
1 1
1 1
1 1
1 1
1 1
1 1
1 1
1 1
1 1
1 1
1 1
1 1
1 1
1 1
1 1
1 1
1 1
1 1
1 1
1 1
1 1
1 1
1 1
1 1
1 1
1 1
1 1
1 1
1 1
1 1
1 1
1 1
1 1
1 1
1 1
1 1
1 1
1 1
1 1
1 1
1 1
1 1
1 1
1 1
1 1
1 1
1 1
1 1
1 1
1 1
1 1
1 1
1 1
1 1
1 1
1 1
1 1
1 1
1 1
1 1
1 1
1 1
1 1
1 1
1 1
1 1
1 1
1 1
1 1
1 1
1 1
1 1
1 1
1 1
1 1
1 1
1 1
1 1
1 1
1 1
1 1
1 1
1 1
1 1
1 1
1 1
1 1
1 1
1 1
1 1
1 1
1 1
1 1
1 1
1 1
1 1
1 1
1 1
1 1
1 1
1 1
1 1
1 1
1 1
1 1
1 1
1 1
1 1
1 1
1 1
1 1
1 1
1 1
1 1
1 1
1 1
1 1
1 1
1 1
1 1
1 1
1 1
1 1
1 1
1 1
1 1
1 1
1 1
1 1
1 1
1 1
1 1
1 1
1 1
1 1
1 1
1 1
1 1
1 1
1 1
1 1
1 1
1 1
1 1
1 1
1 1
1 1
1 1
1 1
1 1
1 1
1 1
1 1
1 1
1 1
1 1
1 1
1 1
1 1
1 1
1 1
1 1
1 1
1 1
1 1
1 1
1 1
1 1
1 1
1 1
1 1
1 1
1 1
1 1
1 1
1 1
1 1
1 1
1 1
1 1
1 1
1 1
1 1
1 1
1 1
1 1
1 1
1 1
1 1
1 1
1 1
1 1
1 1
1 1
1 1
1 1
1 1
1 1
1 1
1 1
1 1
1 1
1 1
1 1
1 1
1 1
1 1
1 1
1 1
1 1
1 1
1 1
1 1
1 1
1 1
1 1
1 1
1 1
1 1
1 1
1 1
1 1
1 1
1 1
1 1
1 1
1 1
1 1
1 1
1 1
1 1
1 1
1 1
1 1
1 1
1 1
1 1
1 1
1 1
1 1
1 1
1 1
1 1
1 1
1 1
1 1
1 1
1 1
1 1
1 1
1 1
1 1
1 1
1 1
1 1
1 1
1 1
1 1
1 1
1 1
1 1
1 1
1 1
1 1
1 1
1 1
1 1
1 1
1 1
1 1
1 1
1 1
1 1
1 1
1 1
1 1
1 1
1 1
1 1
1 1
1 1
1 1
1 1
1 1
1 1
1 1
1 1
1 1
1 1
1 1
1 1
1 1
1 1
1 1
1 1
1 1
1 1
1 1
1 1
1 1
1 1
1 1
1 1
1 1
1 1
1 1
1 1
1 1
1 1
1 1
1 1
1 1
1 1
1 1
1 1
1 1
1 1
1 1
1 1
1 1
1 1
1 1
1 1
1 1
1 1
1 1
1 1
1 1
1 1
1 1
1 1
1 1
1 1
1 1
1 1
1 1
1 1
1 1
1 1
1 1
1 1
1 1
1 1
1 1
1 1
1 1
1 1
1 1
1 1
1 1
1 1
1 1
1 1
1 1
1 1
1 1
1 1
1 1
1 1
1 1
1 1
1 1
1 1
1 1
1 1
1 1
1 1
1 1
1 1
1 1
1 1
1 1
1 1
1 1
1 1
1 1
1 1
1 1
1 1
1 1
1 1
1 1
1 1
1 1
1 1
1 1
1 1
1 1
1 1
1 1
1 1
1 1
1 1
1 1
1 1
1 1
1 1
1 1
1 1
1 1
1 1
1 1
1 1
1 1
1 1
1 1
1 1
1 1
1 1
1 1
1 1
1 1
1 1
1 1
1 1
1 1
1 1
1 1
1 1
1 1
1 1
1 1
1 1
1 1
1 1
1 1
1 1
1 1
1 1
1 1
1 1
1 1
1 1
1 1
1 1
1 1
1 1
1 1
1 1
1 1
1 1
1 1
1 1
1 1
1 1
1 1
1 1
1 1
1 1
1 1
1 1
1 1
1 1
1 1
1 1
