0 -5
0 -5
0 -5
0 -5
0 -5
0 -5
0 -5
0 -5
0 -5
0 -5
0 -5
0 -5
0 -5
0 -5
0 -5
0 -5
0 -5
0 -5
0 -5
-1 -4
-1 -4
-1 -4
-1 -4
-1 -4
-1 -4
-1 -4
-1 -4
-1 -4
-1 -4
-1 -4
-1 -4
-1 -4
-1 -4
-1 -4
-1 -4
-1 -4
-1 -4
-1 -4
-1 -4
-1 -4
-1 -4
-1 -4
-1 -4
-1 -4
-1 -4
-1 -4
-1 -4
-1 -4
-1 -4
-1 -4
-1 -4
-1 -4
-1 -4
-1 -4
-1 -4
-1 -4
-1 -4
-1 -4
-1 -4
-1 -4
-1 -4
-1 -4
-1 -4
-2 -5
-2 -5
-2 -5
-2 -5
-2 -5
-2 -5
-2 -5
-2 -5
-2 -5
-2 -5
-2 -5
-2 -5
-2 -5
-2 -5
-2 -5
-2 -5
-2 -5
-2 -5
-2 -5
-2 -5
-2 -5
-2 -5
-2 -5
-2 -5
-2 -5
-2 -5
-2 -5
-2 -5
-2 -5
-2 -5
-2 -5
-2 -5
-2 -5
-2 -5
-2 -5
-2 -5
-2 -5
-1 -2
-1 -2
-1 -2
-1 -2
-1 -2
-1 -2
-1 -2
-1 -2
-1 -2
-1 -2
-1 -2
-1 -2
-1 -2
-1 -2
-1 -2
-1 -2
-1 -2
-1 -2
-1 -2
-1 -2
-1 -2
-1 -2
-1 -2
-1 -2
-1 -2
-1 -2
-1 -2
-1 -2
-1 -2
-1 -2
-1 -2
-1 -2
-1 -2
-1 -2
-1 -2
-1 -2
-1 -2
-1 -2
-1 -2
-1 -2
-1 -2
-1 -2
-1 -2
-1 -2
-1 -2
-4 -1
-2 -4
-2 -4
-2 -4
-2 -4
-2 -4
-2 -4
-2 -4
-2 -4
-2 -4
-2 -4
-2 -4
-2 -4
-2 -4
-2 -4
-2 -4
-2 -4
-2 -4
-2 -4
-2 -4
-2 -4
-3 -7
-3 -7
-3 -7
-3 -7
-3 -7
-3 -7
-3 -7
-3 -7
-3 -7
-3 -7
-3 -7
-3 -7
-3 -7
-3 -7
-3 -7
-3 -7
-3 -7
-3 -7
-3 -7
-3 -7
-3 -7
-3 -7
-3 -7
-3 -7
-3 -7
-3 -7
-3 -7
-3 -7
-3 -7
-3 -7
-3 -7
-3 -7
-3 -7
-3 -7
-3 -7
-3 -7
-3 -7
-3 -7
-3 -7
-3 -7
-3 -7
-3 -7
-3 -7
-3 -7
-3 -7
-3 -7
-3 -7
-2 -11
-2 -11
-2 -11
-2 -11
-2 -11
-2 -11
-2 -11
-2 -11
-2 -11
-2 -11
-2 -11
-2 -11
-2 -11
-2 -11
-2 -11
-2 -11
-2 -11
-2 -11
-2 -11
-2 -11
-2 -11
-2 -11
-2 -11
-2 -11
-2 -11
-2 -11
-2 -11
-2 -11
-2 -11
-2 -11
-2 -11
-2 -11
-2 -11
-2 -11
-2 -11
-2 -11
-2 -11
-2 -11
-2 -11
-2 -11
-2 -11
-2 -11
-2 -11
-2 -11
-2 -11
-2 -11
-2 -11
-2 -11
-2 -11
-2 -11
-2 -11
-2 -11
-2 -11
-2 -11
-2 -11
-2 -11
-2 -11
-2 -11
-2 -11
-2 -11
-2 -11
-2 -11
-2 -11
-2 -11
-2 -11
-2 -11
-2 -11
-6 -18
-5 -23
-5 -23
-5 -23
-5 -23
-5 -23
-5 -23
-5 -23
-5 -23
-5 -23
-5 -23
-5 -23
-5 -23
-5 -23
-5 -23
-5 -23
-5 -23
-5 -23
-5 -23
-5 -23
-5 -23
-5 -23
-5 -23
-5 -23
-5 -23
-5 -23
-5 -23
-5 -23
-5 -23
-5 -23
-5 -23
-5 -23
-5 -23
-5 -23
-5 -23
-5 -23
-5 -23
-5 -23
-5 -23
-5 -23
-5 -23
-4 -23
-5 -24
-5 -24
-5 -24
-5 -24
-5 -24
-5 -24
-5 -24
-5 -24
-5 -24
-5 -24
-5 -24
-5 -24
-5 -24
-5 -24
-5 -24
-5 -24
-5 -24
-5 -24
-5 -24
-5 -24
-5 -24
-5 -24
-5 -24
-5 -24
-5 -24
-5 -24
-5 -24
-5 -24
-5 -24
-5 -24
-5 -24
-5 -24
-5 -24
-5 -24
-5 -24
-5 -24
-5 -24
-5 -24
-5 -24
-9 -29
-9 -29
-9 -29
-9 -29
-9 -29
-9 -29
-9 -29
-9 -29
-9 -29
-9 -29
-9 -29
-9 -29
-9 -29
-9 -29
-9 -29
-9 -29
-9 -29
-9 -29
-9 -29
-9 -29
-5 -37
-5 -37
-5 -37
-5 -37
-5 -37
-5 -37
-5 -37
-5 -37
-5 -37
-5 -37
-5 -37
-5 -37
-5 -37
-5 -37
-5 -37
-5 -37
-5 -37
-5 -37
-5 -37
-5 -37
-5 -37
-5 -37
-5 -37
-5 -37
-5 -37
-5 -37
-5 -37
-5 -37
-5 -37
-5 -37
-5 -37
-5 -37
-5 -37
-5 -37
-5 -37
-5 -37
-5 -37
-5 -37
-5 -37
-5 -37
-6 -41
-6 -41
-6 -41
-6 -41
-6 -41
-6 -41
-6 -41
-6 -41
-6 -41
-6 -41
-6 -41
-6 -41
-6 -41
-6 -41
-6 -41
-6 -41
-6 -41
-6 -41
-6 -41
-3 -38
-3 -38
-3 -38
-3 -38
-3 -38
-3 -38
-3 -38
-3 -38
-3 -38
-3 -38
-3 -38
-3 -38
-3 -38
-3 -38
-3 -38
-3 -38
-3 -38
-3 -38
-3 -38
-3 -38
-3 -38
-3 -38
-3 -38
-3 -38
-3 -38
-3 -38
-3 -38
-3 -38
-3 -38
-3 -38
-3 -38
-3 -38
-3 -38
-3 -38
-3 -38
-3 -38
-3 -38
-3 -38
-3 -38
-9 -46
-9 -46
-9 -46
-9 -46
-9 -46
-9 -46
-9 -46
-9 -46
-9 -46
-9 -46
-9 -46
-9 -46
-9 -46
-9 -46
-9 -46
-9 -46
-9 -46
-9 -46
-9 -46
-9 -46
-9 -46
-9 -46
-9 -46
-9 -46
-9 -46
-9 -46
-9 -46
-9 -46
-9 -46
-9 -46
-9 -46
-9 -46
-9 -46
-9 -46
-9 -46
-11 -48
-11 -48
-11 -48
-11 -48
-11 -48
-11 -48
-11 -48
-11 -48
-11 -48
-11 -48
-11 -48
-11 -48
-11 -48
-11 -48
-11 -48
-11 -48
-11 -48
-11 -48
-11 -48
-11 -48
-11 -48
-11 -48
-11 -48
-11 -48
-7 -52
-7 -52
-7 -52
-7 -52
-7 -52
-7 -52
-7 -52
-7 -52
-7 -52
-7 -52
-7 -52
-7 -52
-7 -52
-7 -52
-7 -52
-7 -52
-7 -52
-7 -52
-7 -52
-7 -52
-7 -52
-7 -52
-7 -52
-7 -52
-7 -52
-7 -52
-7 -52
-7 -52
-7 -52
-7 -52
-7 -52
-7 -52
-7 -52
-7 -52
-7 -52
-7 -52
-7 -52
-7 -52
-7 -52
-7 -52
-7 -52
-7 -52
-7 -52
-7 -52
-7 -52
-7 -52
-7 -52
-7 -52
-11 -55
-11 -55
-11 -55
-11 -55
-11 -55
-11 -55
-11 -55
-11 -55
-11 -55
-11 -55
-11 -55
-11 -55
-11 -55
-11 -55
-11 -55
-11 -55
-11 -55
-11 -55
-11 -55
-11 -55
-11 -55
-11 -55
-11 -55
-11 -55
-11 -55
-11 -55
-11 -55
-11 -55
-11 -55
-11 -55
-11 -55
-11 -55
-11 -55
-11 -55
-11 -55
-11 -55
-11 -55
-11 -55
-11 -55
-11 -55
-11 -55
-11 -55
-11 -55
-11 -55
-11 -55
-11 -55
-11 -55
-11 -55
-11 -55
-11 -58
-20 -57
-20 -57
-20 -57
-20 -57
-20 -57
-20 -57
-20 -57
-20 -57
-20 -57
-20 -57
-20 -57
-20 -57
-20 -57
-20 -57
-20 -57
-20 -57
-20 -57
-20 -57
-20 -57
-20 -57
-20 -57
-20 -57
-20 -57
-20 -57
-20 -57
-20 -57
-20 -57
-20 -57
-20 -57
-20 -57
-20 -57
-20 -57
-20 -57
-20 -57
-20 -57
-20 -57
-20 -57
-20 -57
-20 -57
-20 -57
-20 -57
-20 -57
-20 -57
-20 -57
-20 -57
-20 -57
-24 -66
-24 -66
-24 -66
-24 -66
-24 -66
-24 -66
-24 -66
-24 -66
-24 -66
-24 -66
-24 -66
-24 -66
-24 -66
-24 -66
-24 -66
-24 -66
-24 -66
-24 -66
-24 -66
-24 -66
-24 -66
-19 -67
-19 -67
-19 -67
-19 -67
-19 -67
-19 -67
-19 -67
-19 -67
-19 -67
-19 -67
-19 -67
-19 -67
-19 -67
-19 -67
-19 -67
-19 -67
-19 -67
-19 -67
-19 -67
-19 -67
-19 -67
-19 -67
-19 -67
-19 -67
-19 -67
-19 -67
-19 -67
-19 -67
-19 -67
-19 -67
-19 -67
-19 -67
-19 -67
-19 -67
-19 -67
-19 -67
-19 -67
-19 -67
-19 -67
-19 -67
-19 -67
-19 -67
-19 -67
-19 -67
-19 -67
-19 -67
-22 -72
-22 -72
-22 -72
-22 -72
-22 -72
-22 -72
-22 -72
-22 -72
-22 -72
-22 -72
-22 -72
-22 -72
-22 -72
-22 -72
-22 -72
-22 -72
-22 -72
-22 -72
-22 -72
-22 -72
-22 -72
-22 -72
-22 -72
-22 -72
-17 -70
-17 -70
-17 -70
-17 -70
-17 -70
-17 -70
-17 -70
-17 -70
-17 -70
-17 -70
-17 -70
-17 -70
-17 -70
-17 -70
-17 -70
-17 -70
-17 -70
-17 -70
-17 -70
-17 -70
-17 -70
-17 -70
-17 -70
-17 -70
-17 -70
-17 -70
-17 -70
-17 -70
-17 -70
-17 -70
-17 -70
-17 -70
-17 -70
-17 -70
-17 -70
-17 -70
-17 -70
-17 -70
-17 -70
-17 -70
-17 -70
-17 -70
-22 -73
-22 -73
-22 -73
-22 -73
-22 -73
-22 -73
-22 -73
-22 -73
-22 -73
-22 -73
-22 -73
-22 -73
-22 -73
-22 -73
-22 -73
-22 -73
-22 -73
-22 -73
-22 -73
-22 -73
-22 -73
-22 -73
-22 -73
-22 -73
-22 -73
-22 -73
-22 -73
-22 -73
-22 -73
-22 -73
-22 -73
-22 -73
-22 -73
-22 -73
-22 -73
-22 -73
-22 -73
-22 -73
-22 -73
-22 -73
-22 -73
-22 -73
-22 -73
-22 -73
-22 -73
-22 -73
-21 -78
-21 -75
-21 -75
-21 -75
-21 -75
-21 -75
-21 -75
-21 -75
-21 -75
-21 -75
-21 -75
-21 -75
-21 -75
-21 -75
-21 -75
-21 -75
-21 -75
-21 -75
-21 -75
-21 -75
-21 -75
-21 -75
-21 -75
-21 -75
-21 -75
-21 -75
-21 -75
-21 -75
-21 -75
-21 -75
-21 -75
-21 -75
-21 -75
-21 -75
-21 -75
-21 -75
-21 -75
-21 -75
-21 -75
-21 -75
-21 -75
-21 -75
-21 -75
-21 -75
-21 -75
-21 -75
-21 -75
-21 -75
-21 -75
-26 -71
-26 -71
-26 -71
-26 -71
-26 -71
-26 -71
-26 -71
-26 -71
-26 -71
-26 -71
-26 -71
-26 -71
-26 -71
-26 -71
-26 -71
-26 -71
-26 -71
-26 -71
-26 -71
-26 -71
-26 -71
-26 -71
-26 -71
-26 -71
-27 -73
-27 -73
-27 -73
-27 -73
-27 -73
-27 -73
-27 -73
-27 -73
-27 -73
-27 -73
-27 -73
-27 -73
-27 -73
-27 -73
-27 -73
-27 -73
-27 -73
-27 -73
-27 -73
-27 -73
-27 -73
-27 -73
-27 -73
-27 -73
-27 -73
-27 -73
-27 -73
-27 -73
-27 -73
-27 -73
-27 -73
-27 -73
-27 -73
-27 -73
-27 -73
-27 -73
-27 -73
-27 -73
-27 -73
-27 -73
-27 -73
-27 -73
-27 -73
-27 -73
-27 -73
-27 -73
-27 -73
-27 -73
-27 -73
-23 -67
-23 -67
-23 -67
-23 -67
-23 -67
-23 -67
-23 -67
-23 -67
-23 -67
-23 -67
-23 -67
-23 -67
-23 -67
-23 -67
-23 -67
-23 -67
-23 -67
-23 -67
-23 -67
-23 -67
-23 -67
-23 -67
-23 -67
-23 -67
-23 -67
-23 -67
-23 -67
-23 -67
-23 -67
-23 -67
-23 -67
-23 -67
-23 -67
-23 -67
-23 -67
-23 -67
-23 -67
-23 -67
-23 -67
-22 -71
-22 -71
-22 -71
-22 -71
-22 -71
-22 -71
-22 -71
-22 -71
-22 -71
-22 -71
-22 -71
-22 -71
-22 -71
-22 -71
-22 -71
-22 -71
-22 -71
-22 -71
-22 -71
-22 -71
-22 -71
-22 -71
-22 -71
-22 -71
-22 -71
-22 -71
-22 -71
-22 -71
-22 -71
-22 -71
-22 -71
-22 -71
-22 -71
-22 -71
-22 -71
-22 -71
-22 -71
-22 -71
-22 -71
-22 -71
-22 -71
-22 -71
-22 -71
-22 -71
-24 -57
-24 -57
-24 -57
-24 -57
-24 -57
-24 -57
-24 -57
-24 -57
-24 -57
-24 -57
-24 -57
-24 -57
-24 -57
-24 -57
-24 -57
-24 -57
-24 -57
-24 -57
-24 -57
-24 -57
-24 -57
-24 -57
-24 -57
-24 -57
-24 -57
-19 -54
-19 -54
-19 -54
-19 -54
-19 -54
-19 -54
-19 -54
-19 -54
-19 -54
-19 -54
-19 -54
-19 -54
-19 -54
-19 -54
-19 -54
-19 -54
-19 -54
-19 -54
-19 -54
-19 -54
-19 -54
-19 -54
-19 -54
-19 -54
-24 -53
-24 -53
-24 -53
-24 -53
-24 -53
-24 -53
-24 -53
-24 -53
-24 -53
-24 -53
-24 -53
-24 -53
-24 -53
-24 -53
-24 -53
-24 -53
-24 -53
-24 -53
-24 -53
-24 -53
-24 -53
-24 -53
-24 -53
-24 -53
-24 -53
-24 -53
-24 -53
-24 -53
-24 -53
-24 -53
-24 -53
-24 -53
-24 -53
-24 -53
-24 -53
-24 -53
-24 -53
-24 -53
-24 -53
-24 -53
-24 -53
-24 -53
-24 -53
-24 -53
-24 -53
-24 -53
-24 -53
-24 -53
-24 -53
-24 -53
-24 -53
-24 -53
-24 -53
-24 -53
-24 -53
-24 -53
-24 -53
-24 -53
-24 -53
-24 -53
-24 -53
-24 -53
-24 -53
-24 -53
-24 -53
-24 -53
-24 -53
-24 -53
-24 -53
-24 -53
-24 -53
-24 -53
-24 -53
-24 -53
-24 -53
-24 -53
-24 -53
-24 -53
-24 -53
-24 -53
-29 -41
-26 -46
-26 -46
-26 -46
-26 -46
-26 -46
-26 -46
-26 -46
-26 -46
-26 -46
-26 -46
-26 -46
-26 -46
-26 -46
-26 -46
-26 -46
-26 -46
-26 -46
-26 -46
-26 -46
-26 -46
-26 -46
-26 -46
-26 -46
-29 -56
-29 -56
-29 -56
-29 -56
-29 -56
-29 -56
-29 -56
-29 -56
-29 -56
-29 -56
-29 -56
-29 -56
-29 -56
-29 -56
-29 -56
-29 -56
-29 -56
-29 -56
-29 -56
-29 -56
-29 -56
-29 -56
-27 -57
-27 -57
-27 -57
-27 -57
-27 -57
-27 -57
-27 -57
-27 -57
-27 -57
-27 -57
-27 -57
-27 -57
-27 -57
-27 -57
-27 -57
-27 -57
-27 -57
-27 -57
-27 -57
-27 -57
-27 -57
-27 -57
-27 -57
-27 -57
-39 -55
-39 -55
-39 -55
-39 -55
-39 -55
-39 -55
-39 -55
-39 -55
-39 -55
-39 -55
-39 -55
-39 -55
-39 -55
-39 -55
-39 -55
-39 -55
-39 -55
-39 -55
-39 -55
-39 -55
-39 -55
-39 -55
-39 -55
-39 -55
-39 -55
-39 -55
-39 -55
-39 -55
-39 -55
-39 -55
-39 -55
-39 -55
-39 -55
-39 -55
-39 -55
-39 -55
-39 -55
-39 -55
-39 -55
-39 -55
-39 -55
-39 -55
-39 -55
-32 -60
-32 -60
-32 -60
-32 -60
-32 -60
-32 -60
-32 -60
-32 -60
-32 -60
-32 -60
-32 -60
-32 -60
-32 -60
-32 -60
-32 -60
-32 -60
-32 -60
-32 -60
-32 -60
-32 -60
-32 -60
-32 -60
-32 -60
-32 -60
-32 -60
-32 -60
-32 -60
-32 -60
-32 -60
-32 -60
-32 -60
-32 -60
-32 -60
-32 -60
-32 -60
-32 -60
-32 -60
-32 -60
-32 -60
-32 -60
-32 -60
-32 -60
-32 -60
-32 -60
-32 -60
-32 -60
-32 -60
-32 -60
-32 -60
-32 -60
-32 -60
-32 -60
-31 -63
-30 -61
-30 -61
-30 -61
-30 -61
-30 -61
-30 -61
-30 -61
-30 -61
-30 -61
-30 -61
-30 -61
-30 -61
-30 -61
-30 -61
-30 -61
-30 -61
-30 -61
-30 -61
-30 -61
-30 -61
-30 -61
-30 -61
-30 -61
-30 -61
-30 -61
-30 -61
-30 -61
-30 -61
-30 -61
-30 -61
-30 -61
-30 -61
-30 -61
-30 -61
-30 -61
-30 -61
-30 -61
-30 -61
-30 -61
-30 -61
-30 -61
-30 -61
-30 -61
-30 -61
-30 -61
-30 -61
-30 -61
-30 -61
-30 -61
-39 -60
-39 -60
-39 -60
-39 -60
-39 -60
-39 -60
-39 -60
-39 -60
-39 -60
-39 -60
-39 -60
-39 -60
-39 -60
-39 -60
-39 -60
-39 -60
-39 -60
-39 -60
-39 -60
-39 -60
-39 -60
-39 -60
-39 -60
-39 -60
-39 -60
-39 -60
-37 -66
-37 -66
-37 -66
-37 -66
-37 -66
-37 -66
-37 -66
-37 -66
-37 -66
-37 -66
-37 -66
-37 -66
-37 -66
-37 -66
-37 -66
-37 -66
-37 -66
-37 -66
-37 -66
-37 -66
-37 -66
-37 -66
-37 -66
-37 -66
-37 -66
-37 -66
-37 -66
-37 -66
-37 -66
-37 -66
-37 -66
-37 -66
-37 -66
-37 -66
-37 -66
-37 -66
-37 -66
-37 -66
-37 -66
-37 -66
-37 -66
-37 -66
-37 -66
-37 -66
-37 -66
-37 -66
-37 -66
-37 -66
-40 -59
-40 -59
-40 -59
-40 -59
-40 -59
-40 -59
-40 -59
-40 -59
-40 -59
-40 -59
-40 -59
-40 -59
-40 -59
-40 -59
-40 -59
-40 -59
-40 -59
-40 -59
-40 -59
-40 -59
-40 -59
-40 -59
-38 -55
-38 -55
-38 -55
-38 -55
-38 -55
-38 -55
-38 -55
-38 -55
-38 -55
-38 -55
-38 -55
-38 -55
-38 -55
-38 -55
-38 -55
-38 -55
-38 -55
-38 -55
-38 -55
-38 -55
-38 -55
-38 -55
-38 -55
-38 -55
-38 -55
-38 -55
-38 -55
-38 -55
-38 -55
-38 -55
-38 -55
-38 -55
-38 -55
-38 -55
-38 -55
-38 -55
-38 -55
-38 -55
-38 -55
-38 -55
-38 -55
-38 -55
-38 -55
-38 -55
-38 -55
-38 -55
-38 -55
-38 -55
-38 -55
-38 -55
-38 -55
-38 -55
-38 -55
-38 -55
-38 -55
-38 -55
-38 -55
-38 -55
-38 -55
-38 -55
-38 -55
-38 -55
-38 -55
-38 -55
-38 -55
-38 -55
-38 -55
-38 -55
-38 -55
-38 -55
-38 -55
-38 -55
-38 -55
-38 -55
-38 -55
-38 -55
-38 -55
-38 -55
-38 -55
-38 -55
-38 -55
-38 -55
-38 -55
-38 -55
-38 -55
-38 -55
-38 -55
-38 -55
-38 -55
-38 -55
-38 -55
-38 -55
-38 -55
-38 -55
-38 -55
-38 -55
-38 -55
-38 -55
-38 -55
-41 -53
-37 -52
-37 -52
-37 -52
-37 -52
-37 -52
-37 -52
-37 -52
-37 -52
-37 -52
-37 -52
-37 -52
-37 -52
-37 -52
-37 -52
-37 -52
-37 -52
-37 -52
-37 -52
-37 -52
-37 -52
-37 -52
-37 -52
-37 -52
-37 -52
-37 -52
-39 -51
-39 -51
-39 -51
-39 -51
-39 -51
-39 -51
-39 -51
-39 -51
-39 -51
-39 -51
-39 -51
-39 -51
-39 -51
-39 -51
-39 -51
-39 -51
-39 -51
-39 -51
-39 -51
-39 -51
-39 -51
-39 -51
-39 -51
-39 -51
-45 -53
-45 -53
-45 -53
-45 -53
-45 -53
-45 -53
-45 -53
-45 -53
-45 -53
-45 -53
-45 -53
-45 -53
-45 -53
-45 -53
-45 -53
-45 -53
-45 -53
-45 -53
-45 -53
-45 -53
-45 -53
-45 -53
-45 -53
-45 -53
-47 -48
-47 -48
-47 -48
-47 -48
-47 -48
-47 -48
-47 -48
-47 -48
-47 -48
-47 -48
-47 -48
-47 -48
-47 -48
-47 -48
-47 -48
-47 -48
-47 -48
-47 -48
-47 -48
-47 -48
-47 -48
-47 -48
-47 -48
-47 -48
-47 -48
-47 -48
-47 -48
-47 -48
-47 -48
-47 -48
-47 -48
-47 -48
-47 -48
-47 -48
-47 -48
-47 -48
-47 -48
-47 -48
-47 -48
-47 -48
-47 -48
-47 -48
-47 -48
-47 -48
-47 -48
-57 -40
-57 -40
-57 -40
-57 -40
-57 -40
-57 -40
-57 -40
-57 -40
-57 -40
-57 -40
-57 -40
-57 -40
-57 -40
-57 -40
-57 -40
-57 -40
-57 -40
-57 -40
-57 -40
-57 -40
-59 -40
-59 -40
-59 -40
-59 -40
-59 -40
-59 -40
-59 -40
-59 -40
-59 -40
-59 -40
-59 -40
-59 -40
-59 -40
-59 -40
-59 -40
-59 -40
-59 -40
-59 -40
-59 -40
-59 -40
-59 -40
-59 -40
-59 -40
-59 -40
-59 -40
-59 -40
-59 -40
-59 -40
-59 -40
-59 -40
-59 -40
-59 -40
-59 -40
-59 -40
-59 -40
-59 -40
-59 -40
-59 -40
-59 -40
-59 -40
-59 -40
-59 -40
-59 -40
-59 -40
-59 -40
-59 -40
-59 -40
-66 -33
-66 -33
-66 -33
-66 -33
-66 -33
-66 -33
-66 -33
-66 -33
-66 -33
-66 -33
-66 -33
-66 -33
-66 -33
-66 -33
-66 -33
-66 -33
-66 -33
-66 -33
-66 -33
-66 -33
-66 -33
-66 -33
-66 -33
-66 -33
-66 -33
-66 -33
-66 -33
-66 -33
-66 -33
-66 -33
-66 -33
-66 -33
-66 -33
-66 -33
-66 -33
-66 -33
-66 -33
-66 -33
-66 -33
-66 -33
-66 -33
-66 -33
-66 -33
-66 -33
-66 -33
-66 -33
-66 -33
-66 -33
-66 -33
-66 -33
-66 -33
-70 -33
-70 -33
-70 -33
-70 -33
-70 -33
-70 -33
-70 -33
-70 -33
-70 -33
-70 -33
-70 -33
-70 -33
-70 -33
-70 -33
-70 -33
-70 -33
-70 -33
-70 -33
-70 -33
-70 -33
-70 -33
-70 -33
-70 -33
-70 -33
-70 -33
-80 -24
-80 -24
-80 -24
-80 -24
-80 -24
-80 -24
-80 -24
-80 -24
-80 -24
-80 -24
-80 -24
-80 -24
-80 -24
-80 -24
-80 -24
-80 -24
-80 -24
-80 -24
-80 -24
-80 -24
-80 -24
-80 -24
-80 -24
-80 -24
-80 -24
-80 -24
-80 -24
-80 -24
-80 -24
-80 -24
-80 -24
-80 -24
-80 -24
-80 -24
-80 -24
-80 -24
-80 -24
-80 -24
-80 -24
-80 -24
-80 -24
-80 -24
-80 -24
-80 -24
-80 -24
-80 -24
-80 -24
-80 -24
-80 -24
-80 -24
-80 -24
-72 -17
-72 -17
-72 -17
-72 -17
-72 -17
-72 -17
-72 -17
-72 -17
-72 -17
-72 -17
-72 -17
-72 -17
-72 -17
-72 -17
-72 -17
-72 -17
-72 -17
-72 -17
-72 -17
-72 -17
-72 -17
-72 -17
-72 -17
-72 -17
-72 -17
-72 -17
-72 -17
-72 -17
-72 -17
-72 -17
-72 -17
-72 -17
-72 -17
-72 -17
-72 -17
-72 -17
-72 -17
-72 -17
-72 -17
-72 -17
-72 -17
-72 -17
-72 -17
-72 -17
-72 -17
-72 -17
-72 -17
-72 -17
-72 -17
-72 -17
-72 -17
-72 -17
-72 -17
-72 -17
-72 -17
-84 -9
-84 -9
-84 -9
-84 -9
-84 -9
-84 -9
-84 -9
-84 -9
-84 -9
-84 -9
-84 -9
-84 -9
-84 -9
-84 -9
-84 -9
-84 -9
-84 -9
-84 -9
-84 -9
-84 -9
-84 -9
-84 -9
-84 -9
-84 -9
-84 -9
-84 -9
-84 -9
-84 -9
-84 -9
-84 -9
-84 -9
-84 -9
-84 -9
-84 -9
-84 -9
-84 -9
-84 -9
-84 -9
-84 -9
-84 -9
-84 -9
-84 -9
-91 -2
-91 -2
-91 -2
-91 -2
-91 -2
-91 -2
-91 -2
-91 -2
-91 -2
-91 -2
-91 -2
-91 -2
-91 -2
-91 -2
-91 -2
-91 -2
-83 -7
-83 -7
-83 -7
-83 -7
-83 -7
-83 -7
-83 -7
-83 -7
-83 -7
-83 -7
-83 -7
-83 -7
-83 -7
-83 -7
-83 -7
-83 -7
-83 -7
-83 -7
-83 -7
-83 -7
-83 -7
-83 -7
-83 -7
-83 -7
-83 -7
-83 -7
-83 -7
-83 -7
-83 -7
-83 -7
-83 -7
-83 -7
-79 -2
-79 -2
-79 -2
-79 -2
-79 -2
-79 -2
-79 -2
-79 -2
-79 -2
-79 -2
-79 -2
-79 -2
-79 -2
-85 -2
-85 -2
-85 -2
-85 -2
-85 -2
-85 -2
-85 -2
-85 -2
-85 -2
-85 -2
-85 -2
-85 -2
-85 -2
-85 -2
-85 -2
-85 -2
-85 -2
-85 -2
-85 -2
-85 -2
-85 -2
-85 -2
-85 -2
-85 -2
-85 -2
-85 -2
-85 -2
-85 -2
-68 1
-68 1
-68 1
-68 1
-68 1
-68 1
-68 1
-68 1
-68 1
-68 1
-68 1
-68 1
-68 1
-68 1
-68 1
-68 1
-68 1
-68 1
-68 1
-68 1
-68 1
-68 1
-68 1
-68 1
-68 1
-68 1
-68 1
-68 1
-68 1
-86 2
-88 13
-88 13
-88 13
-88 13
-88 13
-88 13
-88 13
-88 13
-88 13
-88 13
-88 13
-88 13
-88 13
-88 13
-88 13
-88 13
-88 13
-91 11
-91 11
-91 11
-91 11
-91 11
-91 11
-91 11
-91 11
-91 11
-91 11
-91 11
-91 11
-91 11
-91 11
-91 11
-91 11
-91 11
-91 11
-91 11
-91 11
-91 11
-91 11
-91 11
-91 11
-91 11
-91 11
-91 11
-91 11
-91 11
-91 11
-91 11
-91 11
-91 11
-91 11
-89 15
-89 15
-89 15
-89 15
-89 15
-89 15
-89 15
-89 15
-89 15
-89 15
-89 15
-89 15
-89 15
-89 15
-89 15
-89 15
-89 15
-89 15
-89 15
-89 15
-89 15
-89 15
-89 15
-89 15
-89 15
-89 15
-89 15
-89 15
-89 15
-89 15
-89 15
-89 15
-89 15
-89 15
-91 24
-91 24
-91 24
-91 24
-91 24
-91 24
-91 24
-91 24
-91 24
-91 24
-91 24
-91 24
-91 24
-91 24
-91 24
-91 24
-91 24
-91 24
-91 24
-91 24
-91 24
-91 24
-91 24
-91 24
-91 24
-91 24
-91 24
-91 24
-91 24
-91 24
-91 24
-91 24
-91 24
-99 18
-93 20
-93 20
-93 20
-93 20
-93 20
-93 20
-93 20
-93 20
-93 20
-93 20
-93 20
-93 20
-93 20
-93 20
-93 20
-93 20
-93 20
-93 20
-93 20
-93 20
-93 20
-93 20
-93 20
-93 20
-93 20
-93 20
-93 20
-93 20
-93 20
-93 20
-93 20
-93 20
-88 26
-88 26
-88 26
-88 26
-88 26
-88 26
-88 26
-88 26
-88 26
-88 26
-88 26
-88 26
-88 26
-88 26
-88 26
-88 26
-88 26
-100 36
-100 36
-100 36
-100 36
-100 36
-100 36
-100 36
-100 36
-100 36
-100 36
-100 36
-100 36
-100 36
-100 36
-100 36
-100 36
-90 35
-90 35
-90 35
-90 35
-90 35
-90 35
-90 35
-90 35
-90 35
-90 35
-90 35
-90 35
-90 35
-90 35
-90 35
-90 35
-90 35
-90 35
-90 35
-90 35
-90 35
-90 35
-90 35
-90 35
-90 35
-90 35
-90 35
-90 35
-90 35
-90 35
-90 35
-90 35
-90 35
-91 36
-91 36
-91 36
-91 36
-91 36
-91 36
-91 36
-91 36
-91 36
-91 36
-91 36
-91 36
-91 36
-91 36
-91 36
-91 36
-91 36
-91 36
-91 36
-91 36
-91 36
-91 36
-91 36
-91 36
-91 36
-91 36
-91 36
-91 36
-91 36
-91 36
-91 36
-91 36
-91 36
-91 36
-91 36
-77 40
-77 40
-77 40
-77 40
-77 40
-77 40
-77 40
-77 40
-77 40
-77 40
-77 40
-77 40
-77 40
-77 40
-77 40
-77 40
-77 40
-77 40
-77 40
-77 40
-77 40
-77 40
-77 40
-77 40
-77 40
-77 40
-77 40
-77 40
-77 40
-77 40
-77 40
-77 40
-77 40
-77 40
-84 35
-84 35
-84 35
-84 35
-84 35
-84 35
-84 35
-84 35
-84 35
-84 35
-84 35
-84 35
-84 35
-84 35
-84 35
-84 35
-84 35
-84 35
-84 35
-65 37
-65 37
-65 37
-65 37
-65 37
-65 37
-65 37
-65 37
-65 37
-65 37
-65 37
-65 37
-65 37
-65 37
-65 37
-65 37
-65 37
-65 37
-65 37
-65 37
-65 37
-65 37
-65 37
-65 37
-65 37
-65 37
-65 37
-65 37
-65 37
-65 37
-65 37
-65 37
-65 37
-65 37
-65 37
-65 37
-65 37
-65 37
-55 49
-55 49
-55 49
-55 49
-55 49
-55 49
-55 49
-55 49
-55 49
-55 49
-55 49
-55 49
-55 49
-55 49
-55 49
-55 49
-55 49
-55 49
-55 49
-55 49
-55 49
-55 49
-55 49
-55 49
-55 49
-55 49
-55 49
-55 49
-55 49
-55 49
-55 49
-55 49
-55 49
-55 49
-55 49
-55 49
-55 49
-63 40
-68 65
-68 65
-68 65
-68 65
-68 65
-68 65
-68 65
-68 65
-68 65
-68 65
-68 65
-68 65
-68 65
-68 65
-68 65
-68 65
-68 65
-68 65
-68 65
-68 65
-68 65
-68 65
-68 65
-68 65
-68 65
-68 65
-68 65
-68 65
-68 65
-68 65
-68 65
-68 65
-68 65
-68 65
-68 65
-68 65
-68 65
-68 65
-68 65
-68 65
-68 65
-68 65
-68 65
-68 65
-68 65
-68 65
-68 65
-68 65
-68 65
-68 65
-68 65
-68 65
-68 65
-68 65
-68 65
-68 65
-50 56
-44 63
-44 63
-44 63
-44 63
-44 63
-44 63
-44 63
-44 63
-44 63
-44 63
-44 63
-44 63
-44 63
-44 63
-44 63
-44 63
-44 63
-44 63
-44 63
-44 63
-44 63
-44 63
-44 63
-44 63
-44 63
-44 63
-44 63
-44 63
-44 63
-44 63
-44 63
-44 63
-44 63
-44 63
-44 63
-44 63
-44 63
-44 63
-44 63
-44 63
-44 63
-44 63
-44 63
-44 63
-44 63
-44 63
-44 63
-44 63
-44 63
-44 63
-44 63
-44 63
-44 63
-44 63
-44 63
-44 63
-44 63
-44 63
-44 63
-44 63
-44 63
-44 63
-44 63
-44 63
-44 63
-44 63
-44 63
-44 63
-44 63
-44 63
-44 63
-44 63
-44 63
-44 63
-44 63
-44 63
-44 63
-44 63
-44 63
-44 63
-44 63
-44 63
-44 63
-44 63
-44 63
-44 63
-44 63
-44 63
-44 63
-44 64
-45 69
-45 69
-45 69
-45 69
-45 69
-45 69
-45 69
-45 69
-45 69
-45 69
-45 69
-45 69
-45 69
-48 74
-48 74
-48 74
-48 74
-48 74
-48 74
-48 74
-48 74
-48 74
-48 74
-48 74
-48 74
-48 74
-48 74
-48 74
-48 74
-48 74
-32 60
-32 60
-32 60
-32 60
-32 60
-32 60
-32 60
-32 60
-32 60
-32 60
-32 60
-32 60
-32 60
-32 60
-32 60
-32 60
-32 60
-37 69
-37 69
-37 69
-37 69
-37 69
-37 69
-37 69
-37 69
-37 69
-37 69
-37 69
-37 69
-37 69
-37 69
-37 69
-37 69
-37 69
-37 69
-37 69
-37 69
-37 69
-37 69
-37 69
-37 69
-37 69
-37 69
-37 69
-37 69
-37 69
-37 69
-37 69
-37 69
-33 67
-33 67
-33 67
-33 67
-33 67
-33 67
-33 67
-33 67
-33 67
-33 67
-33 67
-33 67
-33 67
-33 67
-33 67
-33 67
-33 67
-33 67
-33 67
-33 67
-33 67
-33 67
-33 67
-33 67
-33 67
-33 67
-29 69
-29 69
-29 69
-29 69
-29 69
-29 69
-29 69
-29 69
-29 69
-29 69
-29 69
-29 69
-29 69
-29 69
-29 69
-29 69
-29 69
-29 69
-30 73
-30 73
-30 73
-30 73
-30 73
-30 73
-30 73
-30 73
-30 73
-30 73
-30 73
-30 73
-30 73
-30 73
-30 73
-30 73
-30 73
-30 73
-30 73
-30 73
-30 73
-30 73
-30 73
-30 73
-30 73
-30 73
-30 73
-30 73
-30 73
-30 73
-30 73
-30 73
-30 73
-30 73
-30 73
-30 73
-30 73
-30 73
-30 73
-30 73
-30 73
-30 73
-30 73
-30 73
-30 73
-30 73
-30 73
-30 73
-30 73
-24 79
-24 79
-24 79
-24 79
-24 79
-24 79
-24 79
-24 79
-24 79
-24 79
-24 79
-24 79
-24 79
-24 79
-24 79
-24 79
-24 79
-17 72
-17 72
-17 72
-17 72
-17 72
-17 72
-17 72
-17 72
-17 72
-17 72
-17 72
-17 72
-17 72
-17 72
-17 72
-17 72
-18 77
-18 77
-18 77
-18 77
-18 77
-18 77
-18 77
-18 77
-18 77
-18 77
-18 77
-18 77
-18 77
-18 77
-18 77
-18 77
-18 77
-18 77
-18 77
-18 77
-18 77
-18 77
-18 77
-18 77
-18 77
-18 77
-18 77
-23 69
-23 69
-23 69
-23 69
-23 69
-23 69
-23 69
-23 69
-23 69
-23 69
-23 69
-23 69
-23 69
-23 69
-23 69
-23 69
-23 69
-23 69
-23 69
-23 69
-23 69
-23 69
-23 69
-23 69
-23 69
-23 69
-23 69
-23 69
-23 69
-23 69
-23 69
-23 69
-18 75
-19 77
-19 77
-19 77
-19 77
-19 77
-19 77
-19 77
-19 77
-19 77
-19 77
-19 77
-19 77
-19 77
-19 77
-19 77
-19 77
-19 77
-19 77
-19 77
-19 77
-19 77
-19 77
-19 77
-19 77
-19 77
-19 77
-19 77
-19 77
-19 77
-19 77
-19 77
-19 77
-19 77
-19 77
-15 84
-15 84
-15 84
-15 84
-15 84
-15 84
-15 84
-15 84
-15 84
-15 84
-15 84
-15 84
-15 84
-15 84
-15 84
-15 84
-15 84
-15 84
-13 82
-13 82
-13 82
-13 82
-13 82
-13 82
-13 82
-13 82
-13 82
-13 82
-13 82
-13 82
-13 82
-13 82
-13 82
-13 82
-13 82
-13 82
-13 82
-13 82
-13 82
-13 82
-13 82
-13 82
-13 82
-13 82
-13 82
-13 82
-13 82
-13 82
-13 82
-13 82
-13 82
-13 82
-13 82
-12 87
-12 87
-12 87
-12 87
-12 87
-12 87
-12 87
-12 87
-12 87
-12 87
-12 87
-12 87
-12 87
-12 87
-12 87
-12 87
-12 87
-14 75
-14 75
-14 75
-14 75
-14 75
-14 75
-14 75
-14 75
-14 75
-14 75
-14 75
-14 75
-14 75
-14 75
-14 75
-14 75
-14 75
-14 75
-14 75
-14 75
-14 75
-14 75
-14 75
-14 75
-14 75
-14 75
-14 75
-14 75
-14 75
-14 75
-14 75
-14 75
-14 75
-14 75
-14 75
-14 75
-14 75
-10 82
-10 82
-10 82
-10 82
-10 82
-10 82
-10 82
-10 82
-10 82
-10 82
-10 82
-10 82
-10 82
-10 82
-10 82
-10 82
-10 82
-10 82
-10 82
-12 81
-12 81
-12 81
-12 81
-12 81
-12 81
-12 81
-12 81
-12 81
-12 81
-12 81
-12 81
-12 81
-12 81
-12 81
-12 81
-12 81
-10 89
-10 89
-10 89
-10 89
-10 89
-10 89
-10 89
-10 89
-10 89
-10 89
-10 89
-10 89
-10 89
-10 89
-10 89
-10 89
-10 89
-10 89
-10 89
-10 89
-10 89
-10 89
-10 89
-10 89
-10 89
-10 89
-10 89
-10 89
-10 89
-10 89
-10 89
-10 89
-10 89
-10 89
-10 89
-10 89
-10 89
-10 89
-10 89
-10 89
-10 89
-10 89
-10 89
-10 89
-10 89
-10 89
-10 89
-10 89
-10 89
-10 89
-10 89
-10 89
-10 89
-10 89
-10 89
-8 81
-12 82
-12 82
-12 82
-12 82
-12 82
-12 82
-12 82
-12 82
-12 82
-12 82
-12 82
-12 82
-12 82
-12 82
-12 82
-12 82
-12 82
-12 82
-12 82
-12 82
-12 82
-12 82
-12 82
-12 82
-12 82
-12 82
-12 82
-12 82
-12 82
-12 82
-12 82
-12 82
-12 82
-12 82
-5 81
-5 81
-5 81
-5 81
-5 81
-5 81
-5 81
-5 81
-5 81
-5 81
-5 81
-5 81
-5 81
-5 81
-5 81
-5 81
-5 81
-5 81
-5 81
-3 71
-3 71
-3 71
-3 71
-3 71
-3 71
-3 71
-3 71
-3 71
-3 71
-3 71
-3 71
-3 71
-3 71
-3 71
-3 71
-3 71
-2 80
-2 80
-2 80
-2 80
-2 80
-2 80
-2 80
-2 80
-2 80
-2 80
-2 80
-2 80
-2 80
-2 80
-2 80
-2 80
-2 80
-2 80
-2 80
-2 80
-2 80
-2 80
-2 80
-2 80
-2 80
-2 80
-2 80
-2 80
-2 80
-2 80
-2 80
-2 80
-2 80
-2 80
-3 83
-3 83
-3 83
-3 83
-3 83
-3 83
-3 83
-3 83
-3 83
-3 83
-3 83
-3 83
-3 83
-3 83
-3 83
-3 83
-3 83
-3 83
-3 83
-3 83
-3 83
-3 83
-3 83
-3 83
-3 83
-3 83
-3 83
-3 83
-3 83
-3 83
-3 83
-3 83
-3 83
-2 77
-2 77
-2 77
-2 77
-2 77
-2 77
-2 77
-2 77
-2 77
-2 77
-2 77
-2 77
-2 77
-2 77
-2 77
-2 77
-2 77
-2 77
-2 77
-2 77
-2 77
-2 77
-2 77
-2 77
-2 77
-2 77
-2 77
-2 77
-2 77
-2 77
-2 77
-2 77
-2 77
1 76
1 76
1 76
1 76
1 76
1 76
1 76
1 76
1 76
1 76
1 76
1 76
1 76
1 76
1 76
1 76
-4 79
-4 79
-4 79
-4 79
-4 79
-4 79
-4 79
-4 79
-4 79
-4 79
-4 79
-4 79
-4 79
-4 79
-4 79
-4 79
-4 79
-4 79
-1 82
-1 82
-1 82
-1 82
-1 82
-1 82
-1 82
-1 82
-1 82
-1 82
-1 82
-1 82
-1 82
-1 82
-1 82
-1 82
-1 82
-1 82
-1 82
-1 82
-1 82
-1 82
-1 82
-1 82
-1 82
-1 82
-1 82
-1 82
-1 82
-1 82
-1 82
-1 82
-1 82
-1 82
-1 84
-1 84
-1 84
-1 84
-1 84
-1 84
-1 84
-1 84
-1 84
-1 84
-1 84
-1 84
-1 84
-1 84
-1 84
-1 84
-1 84
-1 84
-4 77
-4 77
-4 77
-4 77
-4 77
-4 77
-4 77
-4 77
-4 77
-4 77
-4 77
-4 77
-4 77
-4 77
-4 77
-4 77
-4 77
-4 77
-4 77
-4 77
-4 77
-4 77
-4 77
-4 77
-4 77
-4 77
-4 77
-4 77
-4 77
-4 77
-4 77
-4 77
-4 74
-4 74
-4 74
-4 74
-4 74
-4 74
-4 74
-4 74
-4 74
-4 74
-4 74
-4 74
-4 74
-4 74
-4 74
-4 74
-4 74
-4 74
-4 74
-4 74
-4 74
-4 74
-4 74
-4 74
-4 74
-4 74
-4 74
-4 74
-4 74
-4 74
-4 74
-4 74
-4 74
-4 74
-4 74
3 70
3 70
3 70
3 70
3 70
3 70
3 70
3 70
3 70
3 70
3 70
3 70
3 70
3 70
3 70
3 70
3 70
3 70
3 70
3 70
3 70
3 70
3 70
3 70
3 70
3 70
3 70
3 70
3 70
3 70
3 70
3 70
-1 66
-1 66
-1 66
-1 66
-1 66
-1 66
-1 66
-1 66
-1 66
-1 66
-1 66
-1 66
-1 66
-1 66
-1 66
-1 66
1 66
1 66
1 66
1 66
1 66
1 66
1 66
1 66
1 66
1 66
1 66
1 66
1 66
1 66
1 66
1 66
1 66
11 62
11 62
11 62
11 62
11 62
11 62
11 62
11 62
11 62
11 62
11 62
11 62
11 62
11 62
11 62
11 62
11 62
11 62
11 62
11 62
11 62
11 62
11 62
11 62
11 62
11 62
11 62
11 62
11 62
11 62
11 62
11 62
10 62
10 62
10 62
10 62
10 62
10 62
10 62
10 62
10 62
10 62
10 62
10 62
10 62
10 62
10 62
10 62
10 62
10 62
10 62
10 62
10 62
10 62
10 62
10 62
10 62
10 62
10 62
10 62
10 62
10 62
10 62
10 62
13 57
13 57
13 57
13 57
13 57
13 57
13 57
13 57
13 57
13 57
13 57
13 57
13 57
13 57
11 58
11 58
11 58
11 58
11 58
11 58
11 58
11 58
11 58
11 58
11 58
11 58
11 58
11 58
10 57
10 57
10 57
10 57
10 57
10 57
10 57
10 57
10 57
10 57
10 57
10 57
10 57
10 57
10 57
10 57
10 57
10 57
10 57
10 57
10 57
10 57
10 57
10 57
10 57
10 57
10 57
10 57
10 57
10 57
10 57
10 57
10 57
10 57
10 57
10 57
10 57
10 57
10 57
10 57
10 57
10 57
10 57
10 57
10 57
10 57
10 57
10 57
10 57
10 57
10 57
10 57
10 57
10 57
12 53
10 55
10 55
10 55
10 55
10 55
10 55
10 55
10 55
10 55
10 55
10 55
10 55
10 55
10 55
10 55
10 55
10 55
10 55
10 55
10 55
10 55
10 55
10 55
10 55
10 55
10 55
10 55
10 55
10 55
10 55
10 55
10 55
10 55
10 55
10 55
9 52
9 52
9 52
9 52
9 52
9 52
9 52
9 52
9 52
9 52
9 52
9 52
9 52
9 52
9 52
9 52
9 52
9 52
9 52
11 57
11 57
11 57
11 57
11 57
11 57
11 57
11 57
11 57
11 57
11 57
11 57
11 57
11 57
11 57
11 57
11 57
11 57
11 57
14 49
14 49
14 49
14 49
14 49
14 49
14 49
14 49
14 49
14 49
14 49
14 49
14 49
14 49
14 49
14 49
14 49
12 55
12 55
12 55
12 55
12 55
12 55
12 55
12 55
12 55
12 55
12 55
12 55
12 55
12 55
12 55
12 55
12 55
12 55
12 55
12 55
12 55
12 55
12 55
12 55
12 55
12 55
12 55
12 55
12 55
12 55
12 55
12 55
12 55
12 55
12 55
12 55
12 55
12 55
12 55
12 55
12 55
12 55
12 55
12 55
12 55
12 55
12 55
12 55
12 55
12 55
12 55
12 55
12 55
12 55
12 55
12 55
12 55
12 55
9 51
13 52
13 52
13 52
13 52
13 52
13 52
13 52
13 52
13 52
13 52
13 52
13 52
13 52
13 52
13 52
13 52
13 52
13 52
13 52
13 52
13 52
13 52
13 52
13 52
13 52
13 52
13 52
13 52
13 52
13 52
13 52
13 52
13 52
13 52
13 52
13 52
13 52
13 52
13 52
13 52
13 52
13 52
13 52
13 52
13 52
13 52
13 52
13 52
13 52
13 52
13 52
13 52
13 52
13 52
13 52
13 52
13 52
13 52
13 52
13 52
13 52
13 52
13 52
13 52
13 52
13 52
13 52
13 52
13 52
13 52
13 52
13 52
13 44
14 44
16 49
16 49
16 49
16 49
16 49
16 49
16 49
16 49
16 49
16 49
16 49
16 49
16 49
16 49
16 49
16 49
16 49
16 49
16 49
16 49
16 49
16 49
16 49
16 49
16 49
16 49
16 49
16 49
16 49
16 49
16 49
16 49
16 49
16 49
16 49
16 49
16 49
22 44
22 44
22 44
22 44
22 44
22 44
22 44
22 44
22 44
22 44
22 44
22 44
22 44
22 44
22 44
22 44
22 44
22 44
22 44
22 44
22 44
22 44
22 44
22 44
22 44
22 44
22 44
22 44
22 44
22 44
22 44
22 44
22 44
22 44
22 44
22 44
22 44
22 44
22 44
22 44
22 44
22 44
22 44
22 44
22 44
22 44
22 44
22 44
22 44
22 44
22 44
23 51
23 51
23 51
23 51
23 51
23 51
23 51
23 51
23 51
23 51
23 51
23 51
23 51
23 51
23 51
23 51
28 44
28 44
28 44
28 44
28 44
28 44
28 44
28 44
28 44
28 44
28 44
28 44
28 44
28 44
28 44
28 44
28 44
28 44
28 44
28 44
28 44
28 44
28 44
28 44
28 44
28 44
28 44
28 44
28 44
28 44
28 44
28 44
28 44
28 44
28 44
28 44
23 46
23 46
23 46
23 46
23 46
23 46
23 46
23 46
23 46
23 46
23 46
23 46
23 46
23 46
23 46
23 46
23 46
31 47
31 47
31 47
31 47
31 47
31 47
31 47
31 47
31 47
31 47
31 47
31 47
31 47
31 47
31 47
31 47
31 47
30 47
30 47
30 47
30 47
30 47
30 47
30 47
30 47
30 47
30 47
30 47
30 47
30 47
30 47
30 47
30 47
28 37
28 37
28 37
28 37
28 37
28 37
28 37
28 37
28 37
28 37
28 37
28 37
28 37
28 37
28 37
28 37
28 37
28 37
28 37
28 37
28 37
28 37
28 37
28 37
28 37
28 37
28 37
28 37
28 37
28 37
28 37
28 43
28 43
28 43
28 43
28 43
28 43
28 43
28 43
28 43
28 43
28 43
28 43
28 43
28 43
28 43
28 43
28 43
28 43
28 43
28 43
28 43
28 43
28 43
28 43
28 43
28 43
28 43
28 43
28 43
28 43
28 43
28 43
38 46
38 46
38 46
38 46
38 46
38 46
38 46
38 46
38 46
38 46
38 46
38 46
38 46
38 46
41 55
41 55
41 55
41 55
41 55
41 55
41 55
41 55
41 55
41 55
41 55
41 55
41 55
41 55
41 55
41 55
41 49
41 49
41 49
41 49
41 49
41 49
41 49
41 49
41 49
41 49
41 49
41 49
41 49
41 49
41 49
45 54
45 54
45 54
45 54
45 54
45 54
45 54
45 54
45 54
45 54
45 54
45 54
45 54
45 54
45 54
45 54
45 54
45 54
45 54
45 54
45 54
45 54
45 54
45 54
45 54
45 54
45 54
45 54
45 54
45 54
45 54
45 54
45 54
45 54
45 54
45 54
45 54
45 54
45 54
45 54
45 54
45 54
45 54
45 54
45 54
45 54
45 54
45 54
45 54
45 54
45 54
47 53
47 53
47 53
47 53
47 53
47 53
47 53
47 53
47 53
47 53
47 53
47 53
47 53
47 53
47 53
47 53
47 53
47 53
47 53
47 53
47 53
47 53
47 53
47 53
47 53
47 53
47 53
47 53
47 53
47 53
44 41
44 41
44 41
44 41
44 41
44 41
44 41
44 41
44 41
44 41
44 41
44 41
44 41
44 41
44 41
44 41
57 51
57 51
57 51
57 51
57 51
57 51
57 51
57 51
57 51
57 51
57 51
57 51
57 51
57 51
57 51
57 51
57 51
57 51
57 51
57 51
57 51
57 51
57 51
57 51
57 51
57 51
57 51
57 51
57 51
57 51
57 51
61 45
61 45
61 45
61 45
61 45
61 45
61 45
61 45
61 45
61 45
61 45
61 45
61 45
61 45
61 45
61 45
61 45
61 45
61 45
61 45
61 45
61 45
61 45
61 45
61 45
61 45
61 45
61 45
61 45
61 45
61 45
61 45
61 45
67 40
67 40
67 40
67 40
67 40
67 40
67 40
67 40
67 40
67 40
67 40
67 40
67 40
67 40
67 40
67 40
67 40
67 40
67 40
67 40
67 40
67 40
67 40
67 40
67 40
67 40
67 40
67 40
67 40
67 40
67 40
69 40
69 40
69 40
69 40
69 40
69 40
69 40
69 40
69 40
69 40
69 40
69 40
69 40
69 40
69 40
72 34
72 34
72 34
72 34
72 34
72 34
72 34
72 34
72 34
72 34
72 34
72 34
72 34
72 34
72 34
72 34
72 34
72 34
79 27
79 27
79 27
79 27
79 27
79 27
79 27
79 27
79 27
79 27
79 27
79 27
79 27
79 27
79 27
79 27
79 27
79 27
79 27
79 27
79 27
79 27
79 27
79 27
79 27
79 27
79 27
79 27
79 27
78 21
78 21
78 21
78 21
78 21
78 21
78 21
78 21
78 21
78 21
78 21
78 21
78 21
78 21
78 21
78 21
78 21
78 21
78 21
78 21
78 21
78 21
78 21
78 21
78 21
78 21
78 21
78 21
78 21
78 21
78 21
78 21
78 21
78 21
78 21
77 23
81 14
81 14
81 14
81 14
81 14
81 14
81 14
81 14
81 14
81 14
81 14
81 14
81 14
81 14
81 14
81 14
81 14
81 14
81 14
81 14
81 14
81 14
81 14
81 14
81 14
81 14
81 14
81 14
81 14
81 14
81 14
81 14
81 14
81 14
81 14
81 14
81 14
81 14
81 14
81 14
81 14
81 14
81 14
81 14
81 14
81 14
81 14
81 14
81 14
81 14
81 14
81 14
81 14
84 9
84 3
84 3
84 3
84 3
84 3
84 3
84 3
84 3
84 3
84 3
84 3
84 3
84 3
84 3
84 3
84 3
84 3
84 3
84 3
84 3
84 3
84 3
84 3
84 3
84 3
84 3
84 3
84 3
84 3
84 3
84 3
84 3
84 3
86 4
86 4
86 4
86 4
86 4
86 4
86 4
86 4
86 4
86 4
86 4
86 4
86 4
86 4
86 4
86 4
86 4
86 4
86 4
86 4
86 4
86 4
86 4
86 4
86 4
86 4
86 4
86 4
86 4
86 4
86 4
86 4
86 4
86 4
86 4
86 4
86 4
86 4
86 4
86 4
84 -3
84 -3
84 -3
84 -3
84 -3
84 -3
84 -3
84 -3
84 -3
84 -3
84 -3
84 -3
84 -3
84 -3
84 -3
84 -3
84 -3
84 -3
84 -3
84 -3
84 -3
84 -3
84 -3
84 -3
84 -3
84 -3
84 -3
84 -3
84 -3
84 -3
84 -3
84 -3
84 -3
84 -3
84 -3
78 -5
78 -5
78 -5
78 -5
78 -5
78 -5
78 -5
78 -5
78 -5
78 -5
78 -5
78 -5
78 -5
78 -5
78 -5
78 -5
78 -5
78 -5
78 -5
78 -5
78 -5
78 -5
78 -5
78 -5
78 -5
78 -5
78 -5
78 -5
78 -5
78 -5
78 -5
78 -5
78 -5
78 -5
78 -5
78 -5
78 -5
70 -9
70 -9
70 -9
70 -9
70 -9
70 -9
70 -9
70 -9
70 -9
70 -9
70 -9
70 -9
70 -9
70 -9
70 -9
70 -9
70 -9
70 -9
70 -9
70 -9
70 -9
70 -9
70 -9
70 -9
70 -9
70 -9
70 -9
70 -9
70 -9
70 -9
70 -9
70 -9
70 -9
73 -19
73 -19
73 -19
73 -19
73 -19
73 -19
73 -19
73 -19
73 -19
73 -19
73 -19
73 -19
73 -19
73 -19
73 -19
73 -19
73 -19
73 -25
73 -25
73 -25
73 -25
73 -25
73 -25
73 -25
73 -25
73 -25
73 -25
73 -25
73 -25
73 -25
73 -25
73 -25
73 -25
73 -25
73 -25
73 -25
73 -25
73 -25
73 -25
73 -25
73 -25
73 -25
73 -25
73 -25
73 -25
73 -25
73 -25
73 -25
73 -25
73 -25
73 -25
73 -25
73 -25
73 -25
73 -25
73 -25
73 -25
73 -25
73 -25
73 -25
73 -25
73 -25
73 -25
73 -25
73 -25
73 -25
73 -25
73 -25
73 -25
72 -33
72 -33
72 -33
72 -33
72 -33
72 -33
72 -33
72 -33
72 -33
72 -33
72 -33
72 -33
72 -33
72 -33
72 -33
72 -33
72 -33
72 -33
72 -33
72 -33
72 -33
72 -33
72 -33
72 -33
72 -33
72 -33
72 -33
72 -33
72 -33
72 -33
72 -33
72 -33
72 -33
64 -33
64 -33
64 -33
64 -33
64 -33
64 -33
64 -33
64 -33
64 -33
64 -33
64 -33
64 -33
64 -33
64 -33
64 -33
64 -33
64 -33
64 -43
64 -43
64 -43
64 -43
64 -43
64 -43
64 -43
64 -43
64 -43
64 -43
64 -43
64 -43
64 -43
64 -43
64 -43
64 -43
64 -43
54 -43
54 -43
54 -43
54 -43
54 -43
54 -43
54 -43
54 -43
54 -43
54 -43
54 -43
54 -43
54 -43
54 -43
54 -43
54 -43
54 -43
54 -43
54 -43
54 -43
54 -43
54 -43
54 -43
54 -43
54 -43
54 -43
54 -43
54 -43
54 -43
54 -43
54 -43
54 -43
54 -43
54 -43
54 -43
54 -43
54 -43
54 -43
54 -43
54 -43
54 -43
54 -43
54 -43
54 -43
54 -43
54 -43
54 -43
54 -43
54 -43
54 -43
54 -43
54 -43
54 -43
54 -43
67 -53
67 -53
67 -53
67 -53
67 -53
67 -53
67 -53
67 -53
67 -53
67 -53
67 -53
67 -53
67 -53
67 -53
67 -53
67 -53
67 -53
67 -53
67 -53
67 -53
67 -53
67 -53
67 -53
67 -53
67 -53
67 -53
67 -53
57 -52
57 -52
57 -52
57 -52
57 -52
57 -52
57 -52
57 -52
57 -52
57 -52
57 -52
57 -52
57 -52
57 -52
71 -63
71 -63
71 -63
71 -63
71 -63
71 -63
71 -63
71 -63
71 -63
71 -63
71 -63
71 -63
71 -63
71 -63
71 -63
71 -63
71 -63
71 -63
71 -63
71 -63
63 -66
63 -66
63 -66
63 -66
63 -66
63 -66
63 -66
63 -66
63 -66
63 -66
63 -66
63 -66
63 -66
63 -66
63 -66
63 -66
63 -66
63 -66
63 -66
63 -66
63 -66
63 -66
63 -66
63 -66
63 -66
63 -66
63 -66
63 -66
63 -66
63 -66
63 -66
63 -66
63 -66
63 -66
63 -66
63 -66
63 -66
63 -66
63 -66
63 -66
63 -66
63 -66
63 -66
63 -70
63 -70
63 -70
63 -70
63 -70
63 -70
63 -70
63 -70
63 -70
63 -70
63 -70
63 -70
63 -70
63 -70
63 -70
63 -70
63 -70
63 -70
63 -70
63 -70
63 -70
63 -70
63 -70
63 -70
63 -70
63 -70
63 -70
63 -70
63 -70
63 -70
63 -70
63 -70
63 -70
63 -70
63 -66
63 -69
63 -69
63 -69
63 -69
63 -69
63 -69
63 -69
63 -69
63 -69
63 -69
63 -69
63 -69
63 -69
63 -69
63 -69
63 -69
63 -69
63 -69
63 -69
63 -69
63 -69
63 -69
63 -69
63 -69
63 -69
63 -69
63 -69
63 -69
63 -69
63 -69
63 -69
63 -69
59 -69
59 -69
59 -69
59 -69
59 -69
59 -69
59 -69
59 -69
59 -69
59 -69
59 -69
59 -69
59 -69
59 -69
59 -69
59 -69
59 -69
59 -69
59 -69
59 -69
59 -69
59 -69
59 -69
59 -69
59 -69
59 -69
59 -69
59 -69
59 -69
59 -69
59 -69
59 -69
59 -69
59 -69
59 -69
59 -69
59 -69
59 -69
59 -69
61 -79
61 -79
61 -79
61 -79
61 -79
61 -79
61 -79
61 -79
61 -79
61 -79
61 -79
61 -79
61 -79
61 -79
61 -79
61 -79
61 -79
61 -79
61 -79
61 -79
61 -79
61 -79
49 -71
49 -71
49 -71
49 -71
49 -71
49 -71
49 -71
49 -71
49 -71
49 -71
49 -71
49 -71
49 -71
49 -71
49 -71
49 -71
49 -71
49 -71
49 -71
49 -71
49 -71
49 -71
49 -71
49 -71
48 -73
48 -73
48 -73
48 -73
48 -73
48 -73
48 -73
48 -73
48 -73
48 -73
48 -73
48 -73
48 -73
48 -73
48 -73
48 -73
47 -87
47 -87
47 -87
47 -87
47 -87
47 -87
47 -87
47 -87
47 -87
47 -87
47 -87
47 -87
47 -87
47 -87
47 -87
47 -87
47 -87
47 -87
47 -87
47 -87
47 -87
47 -87
47 -87
47 -87
47 -87
47 -87
47 -87
47 -87
47 -87
47 -87
47 -87
47 -87
47 -87
47 -87
47 -87
47 -87
47 -87
47 -87
47 -87
47 -87
47 -87
47 -87
47 -87
47 -87
47 -87
47 -87
47 -87
47 -87
47 -87
54 -86
43 -84
43 -84
43 -84
43 -84
43 -84
43 -84
43 -84
43 -84
43 -84
43 -84
43 -84
43 -84
43 -84
43 -84
43 -84
43 -84
43 -84
43 -84
43 -84
37 -88
37 -88
37 -88
37 -88
37 -88
37 -88
37 -88
37 -88
37 -88
37 -88
37 -88
37 -88
37 -88
37 -88
37 -88
37 -88
37 -88
37 -88
37 -88
37 -88
37 -88
37 -88
37 -88
37 -88
37 -88
37 -88
37 -88
37 -88
37 -88
37 -88
37 -88
37 -88
37 -88
37 -88
37 -88
37 -88
37 -88
27 -85
27 -85
27 -85
27 -85
27 -85
27 -85
27 -85
27 -85
27 -85
27 -85
27 -85
27 -85
27 -85
27 -85
27 -85
27 -85
27 -85
32 -80
32 -80
32 -80
32 -80
32 -80
32 -80
32 -80
32 -80
32 -80
32 -80
32 -80
32 -80
32 -80
32 -80
32 -80
32 -80
32 -80
32 -80
32 -80
32 -80
32 -80
32 -80
32 -80
32 -80
32 -80
32 -80
32 -80
32 -80
32 -80
32 -80
32 -80
32 -80
32 -80
32 -80
32 -80
32 -80
32 -80
32 -80
32 -80
32 -80
32 -80
32 -80
32 -80
32 -80
32 -80
32 -80
32 -80
32 -80
32 -80
32 -80
32 -80
32 -80
32 -80
23 -82
21 -85
21 -85
21 -85
21 -85
21 -85
21 -85
21 -85
21 -85
21 -85
21 -85
21 -85
21 -85
21 -85
21 -85
21 -85
21 -85
21 -85
21 -85
21 -85
21 -85
21 -85
21 -85
21 -85
21 -85
21 -85
21 -85
21 -85
21 -85
21 -85
21 -85
21 -85
21 -85
21 -85
25 -94
25 -94
25 -94
25 -94
25 -94
25 -94
25 -94
25 -94
25 -94
25 -94
25 -94
25 -94
25 -94
25 -94
25 -94
25 -94
25 -94
25 -94
25 -94
20 -85
20 -85
20 -85
20 -85
20 -85
20 -85
20 -85
20 -85
20 -85
20 -85
20 -85
20 -85
20 -85
20 -85
20 -85
20 -85
20 -85
20 -85
22 -88
22 -88
22 -88
22 -88
22 -88
22 -88
22 -88
22 -88
22 -88
22 -88
22 -88
22 -88
22 -88
22 -88
22 -88
22 -88
22 -88
22 -88
22 -88
22 -88
22 -88
22 -88
22 -88
22 -88
22 -88
22 -88
22 -88
22 -88
22 -88
22 -88
22 -88
22 -88
22 -88
22 -88
22 -88
13 -80
13 -80
13 -80
13 -80
13 -80
13 -80
13 -80
13 -80
13 -80
13 -80
13 -80
13 -80
13 -80
13 -80
13 -80
13 -80
13 -80
13 -80
13 -80
13 -80
13 -80
13 -80
13 -80
13 -80
13 -80
13 -80
13 -80
13 -80
13 -80
13 -80
13 -80
13 -80
13 -80
11 -72
10 -84
10 -84
10 -84
10 -84
10 -84
10 -84
10 -84
10 -84
10 -84
10 -84
10 -84
10 -84
10 -84
10 -84
10 -84
10 -84
10 -84
10 -84
10 -84
10 -84
10 -84
10 -84
10 -84
10 -84
10 -84
10 -84
10 -84
10 -84
10 -84
8 -74
8 -74
8 -74
8 -74
8 -74
8 -74
8 -74
8 -74
8 -74
8 -74
8 -74
8 -74
8 -74
8 -74
8 -74
8 -74
8 -74
8 -74
5 -75
5 -75
5 -75
5 -75
5 -75
5 -75
5 -75
5 -75
5 -75
5 -75
5 -75
5 -75
5 -75
5 -75
5 -75
5 -75
5 -75
5 -75
1 -69
1 -69
1 -69
1 -69
1 -69
1 -69
1 -69
1 -69
1 -69
1 -69
1 -69
1 -69
1 -69
1 -69
1 -69
1 -69
1 -69
1 -69
1 -69
1 -69
1 -69
1 -69
1 -69
1 -69
1 -69
1 -69
1 -69
1 -69
1 -69
1 -69
1 -69
1 -69
1 -69
1 -69
1 -69
1 -69
1 -69
1 -69
1 -69
1 -69
1 -69
1 -69
1 -69
1 -69
1 -69
1 -69
1 -69
1 -69
1 -69
1 -69
0 -68
0 -68
0 -68
0 -68
0 -68
0 -68
0 -68
0 -68
0 -68
0 -68
0 -68
0 -68
0 -68
0 -68
0 -68
0 -68
0 -68
0 -68
0 -68
0 -68
0 -68
0 -68
0 -68
0 -68
0 -68
0 -68
0 -68
0 -68
0 -68
0 -68
0 -68
0 -68
0 -68
0 -68
0 -68
3 -64
-2 -62
-2 -62
-2 -62
-2 -62
-2 -62
-2 -62
-2 -62
-2 -62
-2 -62
-2 -62
-2 -62
-2 -62
-2 -62
-2 -62
-2 -62
-2 -62
-8 -59
-8 -59
-8 -59
-8 -59
-8 -59
-8 -59
-8 -59
-8 -59
-8 -59
-8 -59
-8 -59
-8 -59
-8 -59
-8 -59
-8 -59
-8 -59
-8 -59
-8 -59
-1 -52
-1 -52
-1 -52
-1 -52
-1 -52
-1 -52
-1 -52
-1 -52
-1 -52
-1 -52
-1 -52
-1 -52
-1 -52
-1 -52
-1 -52
-1 -52
-1 -52
-1 -52
-1 -52
-1 -52
-1 -52
-1 -52
-1 -52
-1 -52
-1 -52
-1 -52
-1 -52
-1 -52
-1 -52
-7 -45
-7 -45
-7 -45
-7 -45
-7 -45
-7 -45
-7 -45
-7 -45
-7 -45
-7 -45
-7 -45
-7 -45
-7 -45
-7 -45
-7 -45
-7 -45
-7 -45
-7 -45
-7 -45
-7 -45
-7 -45
-7 -45
-7 -45
-7 -45
-7 -45
-7 -45
-7 -45
-7 -45
-7 -45
-7 -45
-7 -45
-7 -45
-7 -45
-7 -45
-2 -44
-2 -44
-2 -44
-2 -44
-2 -44
-2 -44
-2 -44
-2 -44
-2 -44
-2 -44
-2 -44
-2 -44
-2 -44
-2 -44
-2 -44
-2 -44
-2 -44
-2 -44
-2 -44
-2 -44
-2 -44
-2 -44
-2 -44
-2 -44
-2 -44
-2 -44
-2 -44
-2 -44
-2 -44
-2 -44
-2 -44
-2 -44
-4 -39
-4 -39
-4 -39
-4 -39
-4 -39
-4 -39
-4 -39
-4 -39
-4 -39
-4 -39
-4 -39
-4 -39
-4 -39
-4 -39
-4 -39
-4 -39
-4 -39
-3 -28
-3 -28
-3 -28
-3 -28
-3 -28
-3 -28
-3 -28
-3 -28
-3 -28
-3 -28
-3 -28
-3 -28
-3 -28
-3 -28
-3 -28
-8 -22
-8 -22
-8 -22
-8 -22
-8 -22
-8 -22
-8 -22
-8 -22
-8 -22
-8 -22
-8 -22
-8 -22
-8 -22
-8 -22
-6 -18
-6 -18
-6 -18
-6 -18
-6 -18
-6 -18
-6 -18
-6 -18
-6 -18
-6 -18
-6 -18
-6 -18
-6 -18
-6 -18
-6 -18
-6 -18
-6 -18
-2 -11
-2 -11
-2 -11
-2 -11
-2 -11
-2 -11
-2 -11
-2 -11
-2 -11
-2 -11
-2 -11
-2 -11
-2 -11
-2 -11
-2 -11
-2 -11
-2 -11
-2 -11
-2 -11
-2 -11
-2 -11
-2 -11
-2 -11
-2 -11
-2 -11
-2 -11
-2 -11
-2 -11
-2 -11
-2 -11
-2 -11
-2 -11
-2 -11
-2 -11
-2 -11
-2 -11
-2 -11
-2 -11
-2 -11
-2 -11
-2 -11
-2 -11
-2 -11
-2 -11
-2 -11
-2 -11
-2 -11
-1 -3
-1 -3
-1 -3
-1 -3
-1 -3
-1 -3
-1 -3
-1 -3
-1 -3
-1 -3
-1 -3
-1 -3
-1 -3
-1 -3
-1 -3
-1 -3
-1 -3
-1 -3
-1 -3
-1 -3
-1 -3
-1 -3
-1 -3
-1 -3
-1 -3
-1 -3
-1 -3
-1 -3
-1 -3
-1 -3
-1 -3
-1 -3
-1 -3
-1 -3
-1 -3
-1 -3
-1 -3
-1 -3
-1 -3
-1 -3
-1 -3
-1 -3
-1 -3
-1 -3
-1 -3
-1 -3
-1 -3
-1 -3
-1 -3
-1 -3
-1 -3
-1 -3
-1 -3
-1 -3
-1 -3
-1 -3
-1 -3
-1 -3
-1 -3
-1 -3
-1 -3
-1 -3
-1 -3
-1 -3
-1 -3
-1 -3
-1 -3
-1 -3
-1 -3
-1 -3
-1 -3
-1 -3
-1 -3
-1 -3
-1 -3
-1 -3
-1 -3
-1 -3
-1 -3
-1 -3
-1 -3
-1 -3
-1 -3
-1 -3
-1 -3
-1 -3
-1 -3
-1 -3
-1 -3
-1 -3
-1 -3
-1 -3
-1 -3
-1 -3
-1 -3
-1 -3
-1 -3
-1 -3
-1 -3
-1 -3
-1 -3
-1 -3
-1 -3
-1 -3
-1 -3
-1 -3
-1 -3
-1 -3
-1 -3
-1 -3
-1 -3
-1 -3
-1 -3
-1 -3
-1 -3
-1 -3
-1 -3
-1 -3
-1 -3
-1 -3
-1 -3
-1 -3
-1 -3
-1 -3
-1 -3
-1 -3
-1 -3
-1 -3
-1 -3
-1 -3
-1 -3
-1 -3
-1 -3
-1 -3
-1 -3
-1 -3
-1 -3
-1 -3
-1 -3
-1 -3
-1 -3
-1 -3
-1 -3
-1 -3
-1 -3
-1 -3
-1 -3
-1 -3
-1 -3
-1 -3
-1 -3
-1 -3
-1 -3
-1 -3
-1 -3
-1 -3
-1 -3
-1 -3
-1 -3
-1 -3
-1 -3
-1 -3
-1 -3
-1 -3
-1 -3
-1 -3
-1 -3
-1 -3
-1 -3
-1 -3
-1 -3
-1 -3
-1 -3
-1 -3
-1 -3
-1 -3
-1 -3
-1 -3
-1 -3
-1 -3
-1 -3
-1 -3
-1 -3
-1 -3
-1 -3
-1 -3
-1 -3
-1 -3
-1 -3
-1 -3
-1 -3
-1 -3
-1 -3
-1 -3
-1 -3
-1 -3
-1 -3
-1 -3
-1 -3
-1 -3
-1 -3
-1 -3
-1 -3
-1 -3
-1 -3
-1 -3
-1 -3
-1 -3
-1 -3
-1 -3
-1 -3
-1 -3
-1 -3
-1 -3
-1 -3
-1 -3
-1 -3
-1 -3
-1 -3
-1 -3
-1 -3
-1 -3
-1 -3
-1 -3
-1 -3
-1 -3
-1 -3
-1 -3
-1 -3
-1 -3
-1 -3
-1 -3
-1 -3
-1 -3
-1 -3
-1 -3
-1 -3
-1 -3
-1 -3
-1 -3
-1 -3
-1 -3
-1 -3
-1 -3
-1 -3
-1 -3
-1 -3
-1 -3
-1 -3
-1 -3
-1 -3
-1 -3
-1 -3
-1 -3
-1 -3
-1 -3
-1 -3
-1 -3
-1 -3
-1 -3
-1 -3
-1 -3
-1 -3
-1 -3
-1 -3
-1 -3
-1 -3
-1 -3
-1 -3
-1 -3
-1 -3
-1 -3
-1 -3
-1 -3
-1 -3
-1 -3
-1 -3
-1 -3
-1 -3
-1 -3
-1 -3
-1 -3
-1 -3
-1 -3
-1 -3
-1 -3
-1 -3
-1 -3
-1 -3
-1 -3
-1 -3
-1 -3
-1 -3
-1 -3
-1 -3
-1 -3
-1 -3
-1 -3
-1 -3
-1 -3
-1 -3
-1 -3
-1 -3
-1 -3
-1 -3
-1 -3
-1 -3
-1 -3
-1 -3
-1 -3
-1 -3
-1 -3
-1 -3
-1 -3
-1 -3
-1 -3
-1 -3
-1 -3
-1 -3
-1 -3
-1 -3
-1 -3
-1 -3
-1 -3
-1 -3
-1 -3
-1 -3
-1 -3
-1 -3
-1 -3
-1 -3
-1 -3
-1 -3
-1 -3
-1 -3
-1 -3
-1 -3
-1 -3
-1 -3
-1 -3
-1 -3
-1 -3
-1 -3
-1 -3
-1 -3
-1 -3
-1 -3
-1 -3
-1 -3
-1 -3
-1 -3
-1 -3
-1 -3
-1 -3
-1 -3
-1 -3
-1 -3
-1 -3
-1 -3
-1 -3
-1 -3
-1 -3
-1 -3
-1 -3
-1 -3
-1 -3
-1 -3
-1 -3
-1 -3
-1 -3
-1 -3
-1 -3
-1 -3
-1 -3
-1 -3
-1 -3
-1 -3
-1 -3
-1 -3
-1 -3
-1 -3
-1 -3
-1 -3
-1 -3
-1 -3
-1 -3
-1 -3
-1 -3
-1 -3
-1 -3
-1 -3
-1 -3
-1 -3
-1 -3
-1 -3
-1 -3
-1 -3
-1 -3
-1 -3
-1 -3
-1 -3
-1 -3
-1 -3
-1 -3
-1 -3
-1 -3
-1 -3
-1 -3
-1 -3
-1 -3
-1 -3
-1 -3
-1 -3
-1 -3
-1 -3
-1 -3
-1 -3
-1 -3
-1 -3
-1 -3
-1 -3
-1 -3
-1 -3
-1 -3
-1 -3
-1 -3
-1 -3
-1 -3
-1 -3
-1 -3
-1 -3
-1 -3
-1 -3
-1 -3
-1 -3
-1 -3
-1 -3
-1 -3
-1 -3
-1 -3
-1 -3
-1 -3
-1 -3
-1 -3
-1 -3
-1 -3
-1 -3
-1 -3
-1 -3
-1 -3
-1 -3
-1 -3
-1 -3
-1 -3
-1 -3
-1 -3
-1 -3
-1 -3
-1 -3
-1 -3
-1 -3
-1 -3
-1 -3
-1 -3
-1 -3
-1 -3
-1 -3
-1 -3
-1 -3
-1 -3
-1 -3
-1 -3
-1 -3
-1 -3
-1 -3
-1 -3
-1 -3
-1 -3
-1 -3
-1 -3
-1 -3
-1 -3
-1 -3
-1 -3
-1 -3
-1 -3
-1 -3
-1 -3
-1 -3
-1 -3
-1 -3
-1 -3
-1 -3
-1 -3
-1 -3
-1 -3
-1 -3
-1 -3
-1 -3
-1 -3
-1 -3
-1 -3
-1 -3
-1 -3
-1 -3
-1 -3
-1 -3
-1 -3
-1 -3
-1 -3
-1 -3
-1 -3
-1 -3
-1 -3
-1 -3
-1 -3
-1 -3
-1 -3
-1 -3
-1 -3
-1 -3
-1 -3
-1 -3
-1 -3
-1 -3
-1 -3
-1 -3
-1 -3
-1 -3
-1 -3
-1 -3
-1 -3
-1 -3
-1 -3
-1 -3
-1 -3
-1 -3
-1 -3
-1 -3
-1 -3
-1 -3
-1 -3
-1 -3
-1 -3
-1 -3
-1 -3
-1 -3
-1 -3
-1 -3
-1 -3
-1 -3
-1 -3
-1 -3
-1 -3
-1 -3
-1 -3
-1 -3
-1 -3
-1 -3
-1 -3
-1 -3
-1 -3
-1 -3
-1 -3
-1 -3
-1 -3
-1 -3
-1 -3
-1 -3
-1 -3
-1 -3
-1 -3
-1 -3
-1 -3
-1 -3
-1 -3
-1 -3
-1 -3
-1 -3
-1 -3
-1 -3
-1 -3
-1 -3
-1 -3
-1 -3
-1 -3
-1 -3
-1 -3
-1 -3
-1 -3
-1 -3
-1 -3
-1 -3
-1 -3
-1 -3
-1 -3
-1 -3
-1 -3
-1 -3
-1 -3
-1 -3
-1 -3
-1 -3
-1 -3
-1 -3
-1 -3
-1 -3
-1 -3
-1 -3
-1 -3
-1 -3
-1 -3
-1 -3
-1 -3
-1 -3
-1 -3
-1 -3
-1 -3
-1 -3
-1 -3
-1 -3
-1 -3
-1 -3
-1 -3
-1 -3
-1 -3
-1 -3
-1 -3
-1 -3
-1 -3
-1 -3
-1 -3
-1 -3
-1 -3
-1 -3
-1 -3
-1 -3
-1 -3
-1 -3
-1 -3
-1 -3
-1 -3
-1 -3
-1 -3
-1 -3
-1 -3
-1 -3
-1 -3
-1 -3
-1 -3
-1 -3
-1 -3
-1 -3
-1 -3
-1 -3
-1 -3
-1 -3
-1 -3
-1 -3
-1 -3
-1 -3
-1 -3
-1 -3
-1 -3
-1 -3
-1 -3
-1 -3
-1 -3
-1 -3
-1 -3
-1 -3
-1 -3
-1 -3
-1 -3
-1 -3
-1 -3
-1 -3
-1 -3
-1 -3
-1 -3
-1 -3
-1 -3
-1 -3
-1 -3
-1 -3
-1 -3
-1 -3
-1 -3
-1 -3
-1 -3
-1 -3
-1 -3
-1 -3
-1 -3
-1 -3
-1 -3
-1 -3
-1 -3
-1 -3
-1 -3
-1 -3
-1 -3
-1 -3
-1 -3
-1 -3
-1 -3
-1 -3
-1 -3
-1 -3
-1 -3
-1 -3
-1 -3
-1 -3
-1 -3
-1 -3
-1 -3
-1 -3
-1 -3
-1 -3
-1 -3
-1 -3
-1 -3
-1 -3
-1 -3
-1 -3
-1 -3
-1 -3
-1 -3
-1 -3
-1 -3
-1 -3
-1 -3
-1 -3
-1 -3
-1 -3
-1 -3
-1 -3
-1 -3
-1 -3
-1 -3
-1 -3
-1 -3
-1 -3
-1 -3
-1 -3
-1 -3
-1 -3
-1 -3
-1 -3
-1 -3
-1 -3
-1 -3
-1 -3
-1 -3
-1 -3
-1 -3
-1 -3
-1 -3
-1 -3
-1 -3
-1 -3
-1 -3
-1 -3
-1 -3
-1 -3
-1 -3
-1 -3
-1 -3
-1 -3
-1 -3
-1 -3
-1 -3
-1 -3
-1 -3
-1 -3
-1 -3
-1 -3
-1 -3
-1 -3
-1 -3
-1 -3
-1 -3
-1 -3
-1 -3
-1 -3
-1 -3
-1 -3
-1 -3
-1 -3
-1 -3
-1 -3
-1 -3
-1 -3
-1 -3
-1 -3
-1 -3
-1 -3
-1 -3
-1 -3
-1 -3
-1 -3
-1 -3
-1 -3
-1 -3
-1 -3
-1 -3
-1 -3
-1 -3
-1 -3
-1 -3
-1 -3
-1 -3
-1 -3
-1 -3
-1 -3
-1 -3
-1 -3
-1 -3
-1 -3
-1 -3
-1 -3
-1 -3
-1 -3
-1 -3
-1 -3
-1 -3
-1 -3
-1 -3
-1 -3
-1 -3
-1 -3
-1 -3
-1 -3
-1 -3
-1 -3
-1 -3
-1 -3
-1 -3
-1 -3
-1 -3
-1 -3
-1 -3
-1 -3
-1 -3
-1 -3
-1 -3
-1 -3
-1 -3
-1 -3
-1 -3
-1 -3
-1 -3
-1 -3
-1 -3
-1 -3
-1 -3
-1 -3
-1 -3
-1 -3
-1 -3
-1 -3
-1 -3
-1 -3
-1 -3
-1 -3
-1 -3
-1 -3
-1 -3
-1 -3
-1 -3
-1 -3
-1 -3
-1 -3
-1 -3
-1 -3
-1 -3
-1 -3
-1 -3
-1 -3
-1 -3
-1 -3
-1 -3
-1 -3
-1 -3
-1 -3
-1 -3
-1 -3
-1 -3
-1 -3
-1 -3
-1 -3
-1 -3
-1 -3
-1 -3
-1 -3
-1 -3
-1 -3
-1 -3
-1 -3
-1 -3
-1 -3
-1 -3
-1 -3
-1 -3
-1 -3
-1 -3
-1 -3
-1 -3
-1 -3
-1 -3
-1 -3
-1 -3
-1 -3
-1 -3
-1 -3
-1 -3
-1 -3
-1 -3
-1 -3
-1 -3
-1 -3
-1 -3
-1 -3
-1 -3
-1 -3
-1 -3
-1 -3
-1 -3
-1 -3
-1 -3
-1 -3
-1 -3
-1 -3
-1 -3
-1 -3
-1 -3
-1 -3
-1 -3
-1 -3
-1 -3
-1 -3
-1 -3
-1 -3
-1 -3
-1 -3
-1 -3
-1 -3
-1 -3
-1 -3
-1 -3
-1 -3
-1 -3
-1 -3
-1 -3
-1 -3
-1 -3
-1 -3
-1 -3
-1 -3
-1 -3
-1 -3
-1 -3
-1 -3
-1 -3
-1 -3
-1 -3
-1 -3
-1 -3
-1 -3
-1 -3
-1 -3
-1 -3
-1 -3
-1 -3
-1 -3
-1 -3
-1 -3
-1 -3
-1 -3
-1 -3
-1 -3
-1 -3
-1 -3
-1 -3
-1 -3
-1 -3
-1 -3
-1 -3
-1 -3
-1 -3
-1 -3
-1 -3
-1 -3
-1 -3
-1 -3
-1 -3
-1 -3
-1 -3
-1 -3
-1 -3
-1 -3
-1 -3
-1 -3
-1 -3
-1 -3
-1 -3
-1 -3
-1 -3
-1 -3
-1 -3
-1 -3
-1 -3
-1 -3
-1 -3
-1 -3
-1 -3
-1 -3
-1 -3
-1 -3
-1 -3
-1 -3
-1 -3
-1 -3
-1 -3
-1 -3
-1 -3
-1 -3
-1 -3
-1 -3
-1 -3
-1 -3
-1 -3
-1 -3
-1 -3
-1 -3
-1 -3
-1 -3
-1 -3
-1 -3
-1 -3
-1 -3
-1 -3
-1 -3
-1 -3
-1 -3
-1 -3
-1 -3
-1 -3
-1 -3
-1 -3
-1 -3
-1 -3
-1 -3
-1 -3
-1 -3
-1 -3
-1 -3
-1 -3
-1 -3
-1 -3
-1 -3
-1 -3
-1 -3
-1 -3
-1 -3
-1 -3
-1 -3
-1 -3
-1 -3
-1 -3
-1 -3
-1 -3
-1 -3
-1 -3
-1 -3
-1 -3
-1 -3
-1 -3
-1 -3
-1 -3
-1 -3
-1 -3
-1 -3
-1 -3
-1 -3
-1 -3
-1 -3
-1 -3
-1 -3
-1 -3
-1 -3
-1 -3
-1 -3
-1 -3
-1 -3
-1 -3
-1 -3
-1 -3
-1 -3
-1 -3
-1 -3
-1 -3
-1 -3
-1 -3
-1 -3
-1 -3
-1 -3
-1 -3
-1 -3
-1 -3
-1 -3
-1 -3
-1 -3
-1 -3
-1 -3
-1 -3
-1 -3
-1 -3
-1 -3
-1 -3
-1 -3
-1 -3
-1 -3
-1 -3
-1 -3
-1 -3
-1 -3
-1 -3
-1 -3
-1 -3
-1 -3
-1 -3
-1 -3
-1 -3
-1 -3
-1 -3
-1 -3
-1 -3
-1 -3
-1 -3
-1 -3
-1 -3
-1 -3
-1 -3
-1 -3
-1 -3
-1 -3
-1 -3
-1 -3
-1 -3
-1 -3
-1 -3
-1 -3
-1 -3
-1 -3
-1 -3
-1 -3
-1 -3
-1 -3
-1 -3
-1 -3
-1 -3
-1 -3
-1 -3
-1 -3
-1 -3
-1 -3
-1 -3
-1 -3
-1 -3
-1 -3
-1 -3
-1 -3
-1 -3
-1 -3
-1 -3
-1 -3
-1 -3
-1 -3
-1 -3
-1 -3
-1 -3
-1 -3
-1 -3
-1 -3
-1 -3
-1 -3
-1 -3
-1 -3
-1 -3
-1 -3
-1 -3
-1 -3
-1 -3
-1 -3
-1 -3
-1 -3
-1 -3
-1 -3
-1 -3
-1 -3
-1 -3
-1 -3
-1 -3
-1 -3
-1 -3
-1 -3
-1 -3
-1 -3
-1 -3
-1 -3
-1 -3
-1 -3
-1 -3
-1 -3
-1 -3
-1 -3
-1 -3
-1 -3
-1 -3
-1 -3
-1 -3
-1 -3
-1 -3
-1 -3
-1 -3
-1 -3
-1 -3
-1 -3
-1 -3
-1 -3
-1 -3
-1 -3
-1 -3
-1 -3
-1 -3
-1 -3
-1 -3
-1 -3
-1 -3
-1 -3
-1 -3
-1 -3
-1 -3
-1 -3
-1 -3
-1 -3
-1 -3
-1 -3
-1 -3
-1 -3
-1 -3
-1 -3
-1 -3
-1 -3
-1 -3
-1 -3
-1 -3
-1 -3
-1 -3
-1 -3
-1 -3
-1 -3
-1 -3
-1 -3
-1 -3
-1 -3
-1 -3
-1 -3
-1 -3
-1 -3
-1 -3
-1 -3
-1 -3
-1 -3
-1 -3
-1 -3
-1 -3
-1 -3
-1 -3
-1 -3
-1 -3
-1 -3
-1 -3
-1 -3
-1 -3
-1 -3
-1 -3
-1 -3
-1 -3
-1 -3
-1 -3
-1 -3
-1 -3
-1 -3
-1 -3
-1 -3
-1 -3
-1 -3
-1 -3
-1 -3
-1 -3
-1 -3
-1 -3
-1 -3
-1 -3
-1 -3
-1 -3
-1 -3
-1 -3
-1 -3
-1 -3
-1 -3
-1 -3
-1 -3
-1 -3
-1 -3
-1 -3
-1 -3
-1 -3
-1 -3
-1 -3
-1 -3
-1 -3
-1 -3
-1 -3
-1 -3
-1 -3
-1 -3
-1 -3
-1 -3
-1 -3
-1 -3
-1 -3
-1 -3
-1 -3
-1 -3
-1 -3
-1 -3
-1 -3
-1 -3
-1 -3
-1 -3
-1 -3
-1 -3
-1 -3
-1 -3
-1 -3
-1 -3
-1 -3
-1 -3
-1 -3
-1 -3
-1 -3
-1 -3
-1 -3
-1 -3
-1 -3
-1 -3
-1 -3
-1 -3
-1 -3
-1 -3
-1 -3
-1 -3
-1 -3
-1 -3
-1 -3
-1 -3
-1 -3
-1 -3
-1 -3
-1 -3
-1 -3
-1 -3
-1 -3
-1 -3
-1 -3
-1 -3
-1 -3
-1 -3
-1 -3
-1 -3
-1 -3
-1 -3
-1 -3
-1 -3
-1 -3
-1 -3
-1 -3
-1 -3
-1 -3
-1 -3
-1 -3
-1 -3
-1 -3
-1 -3
-1 -3
-1 -3
-1 -3
-1 -3
-1 -3
-1 -3
-1 -3
-1 -3
-1 -3
-1 -3
-1 -3
-1 -3
-1 -3
-1 -3
-1 -3
-1 -3
-1 -3
-1 -3
-1 -3
-1 -3
-1 -3
-1 -3
-1 -3
-1 -3
-1 -3
-1 -3
-1 -3
-1 -3
-1 -3
