18 35
18 35
17 39
17 39
17 39
17 39
17 39
17 39
17 39
17 39
17 39
17 39
17 39
17 39
17 39
17 39
17 39
17 39
17 39
17 39
17 39
17 39
17 39
17 39
17 39
17 39
17 39
17 39
17 39
17 39
17 39
17 39
17 39
17 39
17 39
17 39
17 39
17 39
17 39
17 39
17 39
17 39
17 39
17 39
17 39
17 39
25 39
25 39
25 39
25 39
25 39
25 39
25 39
25 39
25 39
25 39
25 39
25 39
25 39
25 39
25 39
25 39
25 39
25 39
21 42
21 42
21 42
21 42
21 42
21 42
21 42
21 42
21 42
21 42
21 42
21 42
21 42
21 42
21 42
21 42
21 42
21 42
21 42
21 42
21 42
21 42
21 42
21 42
21 42
21 42
21 42
21 42
21 42
21 42
21 42
21 42
21 42
21 42
21 42
21 42
21 42
21 42
21 42
21 42
21 42
21 42
20 40
20 40
20 40
20 40
20 40
20 40
20 40
20 40
20 40
20 40
20 40
20 40
20 40
20 40
20 40
20 40
20 40
20 40
20 40
20 40
20 40
20 40
20 40
20 40
20 40
20 40
20 40
20 40
20 40
20 40
20 40
20 40
20 40
20 40
20 40
20 40
20 40
20 40
20 40
20 40
20 40
20 40
20 40
20 40
20 40
20 40
20 40
13 39
19 39
19 39
19 39
19 39
19 39
19 39
19 39
19 39
19 39
19 39
19 39
19 39
19 39
19 39
19 39
19 39
19 39
19 39
19 39
19 39
19 39
19 39
19 39
19 39
19 39
19 39
19 39
19 39
19 39
19 39
19 39
19 39
19 39
19 39
19 39
19 39
19 39
19 39
19 39
19 39
19 39
19 39
19 39
19 39
8 39
8 39
8 39
8 39
8 39
8 39
8 39
8 39
8 39
8 39
8 39
8 39
8 39
8 39
8 39
8 39
8 39
8 39
8 39
8 39
8 39
20 46
20 46
20 46
20 46
20 46
20 46
20 46
20 46
20 46
20 46
20 46
20 46
20 46
20 46
20 46
20 46
20 46
20 46
20 46
20 46
23 47
23 47
23 47
23 47
23 47
23 47
23 47
23 47
23 47
23 47
23 47
23 47
23 47
23 47
23 47
23 47
23 47
23 47
23 47
23 47
23 47
23 47
23 47
23 47
23 47
23 47
23 47
23 47
23 47
23 47
23 47
23 47
23 47
23 47
23 47
23 47
23 47
23 47
23 47
23 47
23 47
23 47
23 47
23 47
23 47
23 47
23 47
25 45
25 45
25 45
25 45
25 45
25 45
25 45
25 45
25 45
25 45
25 45
25 45
25 45
25 45
25 45
25 45
25 45
25 45
25 45
25 45
25 45
25 45
25 45
25 45
25 45
25 45
25 45
25 45
25 45
25 45
25 45
25 45
25 45
25 45
25 45
25 45
25 45
25 45
25 45
25 45
25 45
25 45
25 45
25 45
25 49
25 49
25 49
25 49
25 49
25 49
25 49
25 49
25 49
25 49
25 49
25 49
25 49
25 49
25 49
25 49
25 49
25 49
25 49
25 49
25 49
25 49
25 49
25 49
25 49
25 49
25 49
25 49
25 49
25 49
25 49
25 49
25 49
25 49
25 49
25 49
25 49
25 49
25 49
25 49
25 49
25 49
25 49
25 49
32 40
32 40
32 40
32 40
32 40
32 40
32 40
32 40
32 40
32 40
32 40
32 40
32 40
32 40
32 40
32 40
32 40
32 40
32 40
32 40
32 40
32 40
32 40
32 40
32 40
32 40
32 40
32 40
32 40
32 40
32 40
32 40
32 40
32 40
32 40
32 40
32 40
32 40
32 40
32 40
32 40
32 40
32 40
32 40
32 40
32 40
32 40
42 52
42 52
42 52
42 52
42 52
42 52
42 52
42 52
42 52
42 52
42 52
42 52
42 52
42 52
42 52
42 52
42 52
42 52
42 52
42 52
42 52
42 52
49 40
55 40
55 40
55 40
55 40
55 40
55 40
55 40
55 40
55 40
55 40
55 40
55 40
55 40
55 40
55 40
55 40
55 40
55 40
55 40
55 40
55 40
55 40
55 40
55 40
55 40
55 40
55 40
55 40
55 40
55 40
55 40
55 40
55 40
55 40
55 40
55 40
55 40
55 40
55 40
55 40
55 40
55 40
55 40
55 31
55 31
55 31
55 31
55 31
55 31
55 31
55 31
55 31
55 31
55 31
55 31
55 31
55 31
55 31
55 31
55 31
55 31
55 31
55 31
55 31
55 31
55 31
55 31
55 31
55 31
55 31
55 31
55 31
55 31
55 31
55 31
55 31
55 31
55 31
55 31
55 31
55 31
55 31
55 31
55 31
55 31
55 31
55 31
55 31
55 31
55 31
55 31
60 39
60 39
60 39
60 39
60 39
60 39
60 39
60 39
60 39
60 39
60 39
60 39
60 39
60 39
60 39
60 39
60 39
60 39
60 39
60 39
63 28
63 28
63 28
63 28
63 28
63 28
63 28
63 28
63 28
63 28
63 28
63 28
63 28
63 28
63 28
63 28
63 28
63 28
63 28
63 28
63 28
63 28
63 28
63 28
63 28
63 28
63 28
63 28
63 28
63 28
63 28
63 28
63 28
63 28
63 28
63 28
63 28
63 28
63 28
63 28
63 28
63 28
70 33
70 33
70 33
70 33
70 33
70 33
70 33
70 33
70 33
70 33
70 33
70 33
70 33
70 33
70 33
70 33
70 33
70 33
70 33
70 33
70 33
70 33
70 33
73 26
73 26
73 26
73 26
73 26
73 26
73 26
73 26
73 26
73 26
73 26
73 26
73 26
73 26
73 26
73 26
73 26
73 26
73 26
73 26
73 26
73 26
73 26
73 26
73 26
73 26
73 26
73 26
73 26
73 26
73 26
73 26
73 26
73 26
73 26
73 26
73 26
73 26
73 26
73 26
73 26
73 26
73 26
69 32
69 32
69 32
69 32
69 32
69 32
69 32
69 32
69 32
69 32
69 32
69 32
69 32
69 32
69 32
69 32
69 32
69 32
69 32
69 32
69 32
69 32
69 32
69 32
69 32
69 32
69 32
69 32
69 32
69 32
69 32
69 32
69 32
69 32
69 32
69 32
69 32
69 32
69 32
69 32
69 32
69 32
69 32
69 32
69 32
69 32
69 32
69 32
69 32
69 32
69 32
69 32
69 32
69 32
69 32
69 32
69 32
69 32
69 32
69 32
69 32
69 32
69 32
69 32
69 32
69 32
69 32
69 32
69 32
69 32
73 28
73 25
73 25
73 25
73 25
73 25
73 25
73 25
73 25
73 25
73 25
73 25
73 25
73 25
73 25
73 25
73 25
73 25
74 26
74 26
74 26
74 26
74 26
74 26
74 26
74 26
74 26
74 26
74 26
74 26
74 26
74 26
74 26
74 26
74 26
74 26
74 26
74 26
74 26
74 26
74 26
74 26
75 22
75 22
75 22
75 22
75 22
75 22
75 22
75 22
75 22
75 22
75 22
75 22
75 22
75 22
75 22
75 22
75 22
75 22
75 22
75 22
75 22
75 22
75 22
75 22
75 22
75 22
75 22
75 22
75 22
75 22
75 22
75 22
75 22
75 22
75 22
75 22
75 22
75 22
75 22
75 22
75 22
75 22
75 22
75 22
75 22
75 22
75 22
75 22
75 22
75 21
75 21
75 21
75 21
75 21
75 21
75 21
75 21
75 21
75 21
75 21
75 21
75 21
75 21
75 21
75 21
75 21
75 21
75 21
75 21
75 21
75 21
75 21
75 21
75 21
75 21
75 21
75 21
75 21
75 21
75 21
75 21
75 21
75 21
75 21
75 21
75 21
75 21
75 21
75 21
75 21
75 21
75 21
75 21
75 21
75 21
75 21
72 21
72 21
72 21
72 21
72 21
72 21
72 21
72 21
72 21
72 21
72 21
72 21
72 21
72 21
72 21
72 21
72 21
72 21
72 21
72 21
72 21
72 21
72 21
72 21
72 21
72 21
72 21
72 21
72 21
72 21
72 21
72 21
72 21
72 21
72 21
72 21
72 21
72 21
72 21
72 21
72 21
72 21
72 21
72 21
72 21
74 12
74 12
74 12
74 12
74 12
74 12
74 12
74 12
74 12
74 12
74 12
74 12
74 12
74 12
74 12
74 12
74 12
74 12
74 12
74 12
75 15
75 15
75 15
75 15
75 15
75 15
75 15
75 15
75 15
75 15
75 15
75 15
75 15
75 15
75 15
75 15
75 15
75 15
75 15
75 15
75 15
75 15
75 15
75 15
69 10
69 10
69 10
69 10
69 10
69 10
69 10
69 10
69 10
69 10
69 10
69 10
69 10
69 10
69 10
69 10
69 10
69 10
69 10
69 10
69 10
69 10
69 10
69 10
69 10
69 10
69 10
69 10
69 10
69 10
69 10
69 10
69 10
69 10
69 10
69 10
69 10
69 10
69 10
69 10
69 10
69 10
69 10
69 10
69 10
69 10
69 10
73 7
73 7
73 7
73 7
73 7
73 7
73 7
73 7
73 7
73 7
73 7
73 7
73 7
73 7
73 7
73 7
73 7
73 7
73 7
73 7
73 7
73 7
73 7
73 7
73 7
73 7
73 7
73 7
73 7
73 7
73 7
73 7
73 7
73 7
73 7
73 7
73 7
73 7
73 7
73 7
73 7
73 7
71 3
71 3
71 3
71 3
71 3
71 3
71 3
71 3
71 3
71 3
71 3
71 3
71 3
71 3
71 3
71 3
71 3
71 3
71 3
71 3
71 3
71 3
71 3
69 3
69 3
69 3
69 3
69 3
69 3
69 3
69 3
69 3
69 3
69 3
69 3
69 3
69 3
69 3
69 3
69 3
69 3
69 3
69 3
69 3
69 3
69 3
69 3
69 3
71 2
71 2
71 2
71 2
71 2
71 2
71 2
71 2
71 2
71 2
71 2
71 2
71 2
71 2
71 2
71 2
71 2
71 2
71 2
71 2
71 2
71 2
71 2
71 2
71 2
71 2
62 -2
62 -2
62 -2
62 -2
62 -2
62 -2
62 -2
62 -2
62 -2
62 -2
62 -2
62 -2
62 -2
62 -2
62 -2
62 -2
62 -2
62 -2
62 -2
62 -2
62 -2
62 -2
62 -2
62 -2
62 -2
62 -2
62 -2
62 -2
62 -2
62 -2
62 -2
62 -2
62 -2
62 -2
62 -2
62 -2
62 -2
62 -2
62 -2
62 -2
62 -2
62 -2
62 -2
62 -2
62 -2
62 -2
62 -2
62 -2
62 -2
62 -2
62 -2
62 -2
62 -2
62 -2
62 -2
62 -2
62 -2
62 -2
62 -2
62 -2
62 -2
62 -2
62 -2
62 -2
62 -2
62 -2
62 -2
62 -2
62 -2
62 -2
62 -2
62 -2
62 -2
62 -2
62 -2
62 -2
62 -2
62 -2
62 -2
62 -2
62 -2
62 -2
62 -2
62 -2
62 -2
62 -2
62 -2
62 -2
62 -2
62 -2
62 -2
62 -2
62 -2
62 -2
62 -2
62 -2
62 -2
62 -2
63 -1
61 -2
61 -2
61 -2
61 -2
61 -2
61 -2
61 -2
61 -2
61 -2
61 -2
61 -2
61 -2
61 -2
61 -2
61 -2
61 -2
61 -2
61 -2
61 -2
61 -2
61 -2
61 -2
61 -2
61 -2
61 -2
61 -2
61 -2
61 -2
61 -2
61 -2
61 -2
61 -2
61 -2
61 -2
61 -2
61 -2
61 -2
61 -2
61 -2
61 -2
61 -2
61 -2
61 -2
61 -2
61 -2
61 -2
61 -2
61 -2
48 -7
58 -8
58 -8
58 -8
58 -8
58 -8
58 -8
58 -8
58 -8
58 -8
58 -8
58 -8
58 -8
58 -8
58 -8
58 -8
58 -8
58 -8
58 -8
58 -8
55 -10
55 -10
55 -10
55 -10
55 -10
55 -10
55 -10
55 -10
55 -10
55 -10
55 -10
55 -10
55 -10
55 -10
55 -10
55 -10
55 -10
55 -10
55 -10
55 -10
55 -10
55 -10
55 -10
55 -10
55 -10
55 -10
55 -10
55 -10
55 -10
55 -10
55 -10
55 -10
55 -10
55 -10
55 -10
55 -10
55 -10
55 -10
55 -10
55 -10
55 -10
55 -10
55 -10
55 -10
55 -10
55 -10
55 -10
55 -10
46 -18
46 -18
46 -18
46 -18
46 -18
46 -18
46 -18
46 -18
46 -18
46 -18
46 -18
46 -18
46 -18
46 -18
46 -18
46 -18
46 -18
46 -18
46 -18
46 -18
46 -18
46 -18
46 -18
46 -18
46 -18
46 -18
49 -24
49 -24
49 -24
49 -24
49 -24
49 -24
49 -24
49 -24
49 -24
49 -24
49 -24
49 -24
49 -24
49 -24
49 -24
49 -24
49 -24
49 -24
49 -24
49 -24
49 -24
49 -24
49 -24
49 -24
49 -24
49 -24
49 -24
49 -24
49 -24
49 -24
49 -24
49 -24
49 -24
49 -24
49 -24
49 -24
49 -24
49 -24
49 -24
49 -24
49 -24
49 -24
49 -24
49 -24
49 -24
49 -24
49 -24
49 -24
55 -23
55 -23
55 -23
55 -23
55 -23
55 -23
55 -23
55 -23
55 -23
55 -23
55 -23
55 -23
55 -23
55 -23
55 -23
55 -23
55 -23
55 -23
55 -23
55 -23
55 -23
55 -23
55 -23
55 -23
55 -23
55 -23
55 -23
55 -23
55 -23
55 -23
55 -23
55 -23
55 -23
55 -23
55 -23
55 -23
55 -23
55 -23
55 -23
55 -23
55 -23
55 -23
55 -23
55 -23
55 -23
55 -23
55 -23
55 -23
55 -23
55 -23
55 -23
55 -23
53 -28
53 -28
53 -28
53 -28
53 -28
53 -28
53 -28
53 -28
53 -28
53 -28
53 -28
53 -28
53 -28
53 -28
53 -28
53 -28
53 -28
53 -28
53 -28
53 -28
53 -28
53 -28
53 -28
53 -28
53 -28
53 -28
53 -28
53 -28
53 -28
53 -28
53 -28
53 -28
53 -28
53 -28
53 -28
53 -28
53 -28
55 -44
55 -44
55 -44
55 -44
55 -44
55 -44
55 -44
55 -44
55 -44
55 -44
55 -44
55 -44
55 -44
55 -44
55 -44
55 -44
55 -44
55 -44
55 -44
55 -44
55 -44
55 -44
55 -44
55 -44
55 -44
52 -46
52 -46
52 -46
52 -46
52 -46
52 -46
52 -46
52 -46
52 -46
52 -46
52 -46
52 -46
52 -46
52 -46
52 -46
52 -46
52 -46
52 -46
52 -46
52 -46
52 -46
52 -46
52 -46
52 -46
52 -46
52 -46
52 -46
52 -46
52 -46
52 -46
52 -46
52 -46
52 -46
52 -46
52 -46
52 -46
52 -46
52 -46
52 -46
52 -46
52 -46
52 -46
52 -46
52 -46
52 -46
52 -46
52 -46
52 -46
52 -46
52 -46
52 -46
52 -46
52 -46
52 -46
52 -46
52 -46
52 -46
52 -46
52 -46
52 -46
52 -46
52 -46
52 -46
52 -46
52 -46
52 -46
52 -46
46 -54
46 -55
46 -55
46 -55
46 -55
46 -55
46 -55
46 -55
46 -55
46 -55
46 -55
46 -55
46 -55
46 -55
46 -55
46 -55
46 -55
46 -55
46 -55
46 -55
46 -55
46 -55
46 -55
46 -55
46 -55
46 -55
46 -55
46 -55
46 -55
46 -55
46 -55
46 -55
46 -55
46 -55
46 -55
46 -55
46 -55
46 -55
46 -55
50 -61
50 -61
50 -61
50 -61
50 -61
50 -61
50 -61
50 -61
50 -61
50 -61
50 -61
50 -61
50 -61
50 -61
50 -61
50 -61
50 -61
50 -61
50 -61
50 -61
50 -61
50 -61
50 -61
50 -61
38 -57
38 -57
38 -57
38 -57
38 -57
38 -57
38 -57
38 -57
38 -57
38 -57
38 -57
38 -57
38 -57
38 -57
38 -57
38 -57
38 -57
38 -57
38 -57
38 -57
38 -57
38 -57
38 -57
38 -57
38 -57
34 -63
34 -63
34 -63
34 -63
34 -63
34 -63
34 -63
34 -63
34 -63
34 -63
34 -63
34 -63
34 -63
34 -63
34 -63
34 -63
34 -63
34 -63
34 -63
34 -63
34 -63
34 -63
34 -63
34 -63
34 -63
34 -63
34 -63
34 -63
34 -63
34 -63
34 -63
34 -63
34 -63
34 -63
34 -63
34 -63
34 -63
34 -63
34 -63
34 -63
34 -63
34 -63
34 -63
34 -63
34 -63
34 -63
34 -63
34 -63
34 -63
34 -63
34 -63
34 -63
34 -63
34 -63
34 -63
34 -63
34 -63
34 -63
34 -63
34 -63
34 -63
34 -63
34 -63
34 -63
34 -63
34 -63
34 -63
34 -63
34 -63
34 -63
34 -63
39 -77
39 -77
39 -77
39 -77
39 -77
39 -77
39 -77
39 -77
39 -77
39 -77
39 -77
39 -77
39 -77
39 -77
39 -77
39 -77
39 -77
39 -77
39 -77
39 -77
39 -77
39 -77
39 -77
39 -77
39 -77
39 -77
39 -77
39 -77
39 -77
39 -77
39 -77
39 -77
39 -77
39 -77
39 -77
39 -77
39 -77
39 -77
39 -77
39 -77
39 -77
39 -77
39 -77
39 -77
39 -77
39 -77
39 -77
32 -78
32 -78
32 -78
32 -78
32 -78
32 -78
32 -78
32 -78
32 -78
32 -78
32 -78
32 -78
32 -78
32 -78
32 -78
32 -78
32 -78
32 -78
32 -78
32 -78
32 -78
32 -78
32 -78
32 -78
32 -78
32 -78
32 -78
32 -78
32 -78
32 -78
32 -78
32 -78
32 -78
32 -78
32 -78
32 -78
32 -78
32 -78
32 -78
32 -78
32 -78
29 -77
29 -77
29 -77
29 -77
29 -77
29 -77
29 -77
29 -77
29 -77
29 -77
29 -77
29 -77
29 -77
29 -77
29 -77
29 -77
29 -77
29 -77
29 -77
29 -77
29 -77
29 -77
29 -83
29 -83
29 -83
29 -83
29 -83
29 -83
29 -83
29 -83
29 -83
29 -83
29 -83
29 -83
29 -83
29 -83
29 -83
29 -83
29 -83
29 -83
29 -83
29 -83
29 -83
29 -83
29 -83
29 -83
29 -83
29 -83
29 -83
29 -83
29 -83
29 -83
29 -83
29 -83
29 -83
29 -83
29 -83
29 -83
29 -83
29 -83
29 -83
29 -83
29 -83
29 -83
29 -83
29 -83
29 -83
29 -83
32 -79
32 -79
32 -79
32 -79
32 -79
32 -79
32 -79
32 -79
32 -79
32 -79
32 -79
32 -79
32 -79
32 -79
32 -79
32 -79
32 -79
32 -79
32 -79
32 -79
32 -79
32 -79
32 -79
32 -79
32 -79
31 -93
31 -93
31 -93
31 -93
31 -93
31 -93
31 -93
31 -93
31 -93
31 -93
31 -93
31 -93
31 -93
31 -93
31 -93
31 -93
31 -93
31 -93
31 -93
31 -93
31 -93
31 -93
31 -93
31 -93
31 -93
31 -93
31 -93
31 -93
31 -93
31 -93
31 -93
31 -93
31 -93
31 -93
31 -93
31 -93
31 -93
31 -93
31 -93
31 -93
31 -93
31 -93
31 -93
31 -93
31 -93
31 -93
31 -93
31 -93
31 -93
31 -93
31 -93
31 -93
31 -93
31 -93
31 -93
31 -93
22 -82
22 -82
22 -82
22 -82
22 -82
22 -82
22 -82
22 -82
22 -82
22 -82
22 -82
22 -82
22 -82
22 -82
22 -82
22 -82
22 -82
22 -82
22 -82
22 -82
22 -82
22 -82
22 -82
22 -82
22 -82
22 -82
22 -82
22 -82
22 -82
22 -82
22 -82
22 -82
22 -82
22 -82
22 -82
22 -82
22 -82
22 -82
22 -82
22 -82
22 -82
22 -82
22 -82
22 -82
22 -82
22 -82
22 -82
22 -82
22 -82
22 -82
18 -87
18 -87
18 -87
18 -87
18 -87
18 -87
18 -87
18 -87
18 -87
18 -87
18 -87
18 -87
18 -87
18 -87
18 -87
18 -87
18 -87
18 -87
18 -87
18 -87
18 -87
18 -87
18 -87
18 -87
18 -87
18 -87
18 -87
18 -87
18 -87
18 -87
18 -87
18 -87
18 -87
18 -87
18 -87
18 -87
14 -81
14 -81
14 -81
14 -81
14 -81
14 -81
14 -81
14 -81
14 -81
14 -81
14 -81
14 -81
14 -81
14 -81
14 -81
14 -81
14 -81
14 -81
14 -81
17 -82
17 -82
17 -82
17 -82
17 -82
17 -82
17 -82
17 -82
17 -82
17 -82
17 -82
17 -82
17 -82
17 -82
17 -82
17 -82
17 -82
17 -82
17 -82
17 -82
17 -82
17 -82
17 -82
17 -82
17 -82
17 -82
17 -82
17 -82
17 -82
17 -82
17 -82
17 -82
6 -89
6 -89
6 -89
6 -89
6 -89
6 -89
6 -89
6 -89
6 -89
6 -89
6 -89
6 -89
6 -89
6 -89
6 -89
6 -89
6 -89
6 -89
6 -89
6 -89
6 -89
6 -89
6 -89
6 -89
6 -89
6 -89
6 -89
6 -89
6 -89
6 -89
6 -89
10 -88
10 -88
10 -88
10 -88
10 -88
10 -88
10 -88
10 -88
10 -88
10 -88
10 -88
10 -88
10 -88
10 -88
10 -88
10 -88
10 -88
10 -88
10 -88
10 -88
10 -88
10 -88
10 -88
10 -88
10 -88
10 -88
10 -88
10 -88
10 -88
10 -88
10 -88
10 -88
10 -88
10 -88
10 -88
10 -88
10 -88
7 -78
7 -78
7 -78
7 -78
7 -78
7 -78
7 -78
7 -78
7 -78
7 -78
7 -78
7 -78
7 -78
7 -78
7 -78
7 -78
8 -85
8 -85
8 -85
8 -85
8 -85
8 -85
8 -85
8 -85
8 -85
8 -85
8 -85
8 -85
8 -85
8 -85
8 -85
8 -85
8 -85
4 -87
4 -87
4 -87
4 -87
4 -87
4 -87
4 -87
4 -87
4 -87
4 -87
4 -87
4 -87
4 -87
4 -87
4 -87
4 -87
4 -87
4 -87
4 -87
4 -87
4 -87
4 -87
4 -87
4 -87
4 -87
4 -87
4 -87
4 -87
4 -87
4 -87
4 -87
4 -87
5 -86
5 -86
5 -86
5 -86
5 -86
5 -86
5 -86
5 -86
5 -86
5 -86
5 -86
5 -86
5 -86
5 -86
5 -86
5 -86
5 -86
5 -86
5 -86
5 -86
5 -86
5 -86
5 -86
5 -86
5 -86
5 -86
5 -86
5 -86
5 -86
5 -86
5 -86
5 -86
5 -86
5 -86
5 -86
5 -86
5 -86
5 -86
3 -90
3 -90
3 -90
3 -90
3 -90
3 -90
3 -90
3 -90
3 -90
3 -90
3 -90
3 -90
3 -90
3 -90
3 -90
3 -90
3 -90
3 -90
1 -86
1 -86
1 -86
1 -86
1 -86
1 -86
1 -86
1 -86
1 -86
1 -86
1 -86
1 -86
1 -86
1 -86
1 -86
1 -86
1 -86
1 -86
1 -86
5 -94
5 -94
5 -94
5 -94
5 -94
5 -94
5 -94
5 -94
5 -94
5 -94
5 -94
5 -94
5 -94
5 -94
5 -94
5 -94
5 -94
5 -94
1 -85
1 -85
1 -85
1 -85
1 -85
1 -85
1 -85
1 -85
1 -85
1 -85
1 -85
1 -85
1 -85
1 -85
1 -85
1 -85
1 -85
1 -85
1 -85
1 -85
1 -85
1 -85
1 -85
1 -85
1 -85
1 -85
1 -85
1 -85
1 -85
1 -85
1 -85
1 -85
1 -85
1 -85
1 -85
-2 -86
-2 -86
-2 -86
-2 -86
-2 -86
-2 -86
-2 -86
-2 -86
-2 -86
-2 -86
-2 -86
-2 -86
-2 -86
-2 -86
-2 -86
-2 -86
-2 -86
-2 -86
-2 -86
-2 -86
-2 -86
-2 -86
-2 -86
-2 -86
-2 -86
-2 -86
-2 -86
-2 -86
-2 -86
-2 -86
-2 -86
-2 -86
-2 -86
-10 -88
-10 -88
-10 -88
-10 -88
-10 -88
-10 -88
-10 -88
-10 -88
-10 -88
-10 -88
-10 -88
-10 -88
-10 -88
-10 -88
-10 -88
-10 -88
-10 -88
-6 -87
-6 -87
-6 -87
-6 -87
-6 -87
-6 -87
-6 -87
-6 -87
-6 -87
-6 -87
-6 -87
-6 -87
-6 -87
-6 -87
-6 -87
-6 -87
-14 -94
-14 -94
-14 -94
-14 -94
-14 -94
-14 -94
-14 -94
-14 -94
-14 -94
-14 -94
-14 -94
-14 -94
-14 -94
-14 -94
-14 -94
-14 -94
-13 -87
-13 -87
-13 -87
-13 -87
-13 -87
-13 -87
-13 -87
-13 -87
-13 -87
-13 -87
-13 -87
-13 -87
-13 -87
-13 -87
-13 -87
-13 -87
-13 -87
-13 -87
-13 -87
-13 -87
-13 -87
-13 -87
-13 -87
-13 -87
-13 -87
-13 -87
-13 -87
-13 -87
-13 -87
-13 -87
-13 -87
-13 -87
-13 -87
-13 -87
-13 -87
-13 -87
-13 -87
-13 -87
-13 -87
-13 -87
-13 -87
-13 -87
-13 -87
-13 -87
-13 -87
-13 -87
-13 -87
-13 -87
-13 -87
-13 -87
-13 -87
-13 -87
-15 -83
-15 -83
-15 -83
-15 -83
-15 -83
-15 -83
-15 -83
-15 -83
-15 -83
-15 -83
-15 -83
-15 -83
-15 -83
-15 -83
-15 -83
-15 -83
-15 -83
-15 -83
-15 -83
-15 -83
-15 -83
-15 -83
-15 -83
-15 -83
-15 -83
-15 -83
-15 -83
-15 -83
-15 -83
-15 -83
-15 -83
-15 -83
-15 -83
-23 -86
-23 -86
-23 -86
-23 -86
-23 -86
-23 -86
-23 -86
-23 -86
-23 -86
-23 -86
-23 -86
-23 -86
-23 -86
-23 -86
-23 -86
-11 -88
-11 -88
-11 -88
-11 -88
-11 -88
-11 -88
-11 -88
-11 -88
-11 -88
-11 -88
-11 -88
-11 -88
-18 -85
-18 -85
-18 -85
-18 -85
-18 -85
-18 -85
-18 -85
-18 -85
-18 -85
-18 -85
-18 -85
-18 -85
-18 -85
-18 -85
-18 -85
-18 -85
-18 -85
-18 -85
-18 -85
-18 -85
-18 -85
-18 -85
-18 -85
-18 -85
-18 -85
-18 -85
-18 -85
-18 -85
-18 -85
-18 -85
-18 -85
-18 -85
-18 -85
-18 -85
-18 -85
-18 -85
-17 -85
-17 -85
-17 -85
-17 -85
-17 -85
-17 -85
-17 -85
-17 -85
-17 -85
-17 -85
-17 -85
-17 -85
-17 -85
-17 -85
-17 -85
-17 -85
-17 -85
-17 -85
-17 -85
-17 -85
-17 -85
-17 -85
-17 -85
-17 -85
-17 -85
-17 -85
-17 -85
-17 -85
-17 -85
-17 -85
-17 -85
-17 -85
-17 -85
-17 -85
-17 -85
-17 -85
-17 -85
-17 -85
-17 -85
-17 -85
-17 -85
-17 -85
-17 -85
-17 -85
-17 -85
-17 -85
-17 -85
-17 -85
-17 -85
-17 -85
-17 -85
-17 -85
-17 -85
-17 -85
-17 -85
-17 -85
-17 -85
-17 -85
-17 -85
-17 -85
-14 -75
-14 -75
-14 -75
-14 -75
-14 -75
-14 -75
-14 -75
-14 -75
-14 -75
-14 -75
-14 -75
-14 -75
-14 -75
-14 -75
-14 -75
-14 -75
-14 -75
-14 -75
-11 -73
-11 -73
-11 -73
-11 -73
-11 -73
-11 -73
-11 -73
-11 -73
-11 -73
-11 -73
-11 -73
-11 -73
-11 -73
-11 -73
-11 -73
-11 -73
-21 -74
-21 -74
-21 -74
-21 -74
-21 -74
-21 -74
-21 -74
-21 -74
-21 -74
-21 -74
-21 -74
-21 -74
-21 -74
-21 -74
-21 -74
-21 -74
-21 -74
-22 -69
-22 -69
-22 -69
-22 -69
-22 -69
-22 -69
-22 -69
-22 -69
-22 -69
-22 -69
-22 -69
-22 -69
-22 -69
-22 -69
-22 -69
-22 -69
-22 -69
-22 -69
-22 -69
-22 -69
-22 -69
-22 -69
-22 -69
-22 -69
-22 -69
-22 -69
-22 -69
-22 -69
-22 -69
-22 -69
-22 -69
-22 -69
-22 -69
-22 -69
-22 -69
-22 -69
-25 -65
-25 -65
-25 -65
-25 -65
-25 -65
-25 -65
-25 -65
-25 -65
-25 -65
-25 -65
-25 -65
-25 -65
-25 -65
-25 -65
-25 -65
-25 -65
-25 -65
-25 -65
-25 -65
-25 -65
-25 -65
-25 -65
-23 -66
-23 -66
-23 -66
-23 -66
-23 -66
-23 -66
-23 -66
-23 -66
-23 -66
-23 -66
-23 -66
-23 -66
-23 -66
-23 -66
-23 -66
-23 -66
-23 -66
-23 -66
-23 -66
-23 -66
-23 -66
-23 -66
-23 -66
-23 -66
-23 -66
-23 -66
-23 -66
-23 -66
-23 -66
-23 -66
-23 -66
-23 -66
-23 -66
-23 -66
-23 -66
-23 -66
-23 -66
-18 -66
-18 -66
-18 -66
-18 -66
-18 -66
-18 -66
-18 -66
-18 -66
-18 -66
-18 -66
-18 -66
-18 -66
-18 -66
-18 -66
-18 -66
-18 -66
-18 -66
-18 -66
-18 -66
-18 -66
-18 -66
-18 -66
-18 -66
-18 -66
-18 -66
-18 -66
-18 -66
-18 -66
-18 -66
-18 -66
-18 -66
-18 -66
-18 -66
-18 -66
-18 -66
-18 -66
-18 -66
-18 -66
-20 -63
-27 -62
-27 -62
-27 -62
-27 -62
-27 -62
-27 -62
-27 -62
-27 -62
-27 -62
-27 -62
-27 -62
-27 -62
-27 -62
-27 -62
-27 -62
-27 -62
-27 -62
-27 -62
-27 -62
-27 -62
-27 -62
-27 -62
-27 -62
-27 -62
-27 -62
-27 -62
-27 -62
-27 -62
-27 -62
-27 -62
-27 -62
-27 -62
-27 -62
-29 -57
-29 -57
-29 -57
-29 -57
-29 -57
-29 -57
-29 -57
-29 -57
-29 -57
-29 -57
-29 -57
-29 -57
-29 -57
-29 -57
-29 -57
-29 -57
-26 -52
-26 -52
-26 -52
-26 -52
-26 -52
-26 -52
-26 -52
-26 -52
-26 -52
-26 -52
-26 -52
-26 -52
-26 -52
-26 -52
-26 -52
-26 -52
-26 -52
-26 -52
-26 -52
-26 -52
-26 -52
-26 -52
-26 -52
-26 -52
-26 -52
-29 -54
-29 -54
-29 -54
-29 -54
-29 -54
-29 -54
-29 -54
-29 -54
-29 -54
-29 -54
-29 -54
-29 -54
-29 -54
-29 -54
-29 -54
-29 -54
-29 -54
-29 -54
-29 -54
-29 -54
-29 -54
-29 -54
-29 -54
-29 -54
-29 -54
-29 -54
-29 -54
-29 -54
-29 -54
-29 -54
-29 -54
-29 -54
-29 -54
-29 -54
-29 -54
-29 -54
-29 -54
-29 -54
-29 -54
-29 -54
-29 -54
-29 -54
-29 -54
-29 -54
-29 -54
-29 -54
-29 -54
-29 -54
-29 -54
-29 -54
-29 -54
-29 -54
-29 -54
-29 -54
-29 -54
-29 -54
-29 -54
-29 -54
-30 -57
-25 -51
-25 -51
-25 -51
-25 -51
-25 -51
-25 -51
-25 -51
-25 -51
-25 -51
-25 -51
-25 -51
-25 -51
-25 -51
-25 -51
-25 -51
-25 -51
-25 -51
-25 -51
-25 -51
-25 -51
-25 -51
-25 -51
-25 -51
-25 -51
-25 -51
-25 -51
-25 -51
-25 -51
-25 -51
-25 -51
-25 -51
-25 -51
-25 -51
-25 -51
-25 -51
-25 -51
-25 -51
-25 -51
-25 -51
-32 -48
-33 -48
-33 -48
-33 -48
-33 -48
-33 -48
-33 -48
-33 -48
-33 -48
-33 -48
-33 -48
-33 -48
-33 -48
-33 -48
-33 -48
-33 -48
-33 -48
-33 -48
-33 -48
-33 -48
-33 -48
-33 -48
-33 -48
-33 -48
-33 -48
-33 -48
-33 -48
-33 -48
-33 -48
-33 -48
-33 -48
-33 -48
-33 -48
-33 -48
-33 -48
-33 -48
-33 -48
-33 -48
-33 -48
-33 -48
-33 -48
-33 -48
-33 -48
-33 -48
-33 -48
-33 -48
-33 -48
-33 -48
-33 -48
-33 -48
-33 -48
-33 -48
-33 -48
-33 -48
-33 -48
-33 -48
-33 -48
-28 -47
-28 -47
-28 -47
-28 -47
-28 -47
-28 -47
-28 -47
-28 -47
-28 -47
-28 -47
-28 -47
-28 -47
-28 -47
-28 -47
-28 -47
-28 -47
-28 -47
-28 -47
-28 -47
-28 -47
-28 -47
-28 -47
-28 -47
-28 -47
-28 -47
-28 -47
-28 -47
-28 -47
-28 -47
-28 -47
-28 -47
-28 -47
-28 -47
-28 -47
-28 -47
-28 -47
-28 -47
-28 -47
-28 -47
-28 -47
-28 -47
-28 -47
-28 -47
-28 -47
-28 -47
-28 -47
-28 -47
-28 -47
-28 -47
-28 -47
-28 -47
-28 -47
-28 -47
-28 -47
-28 -47
-28 -47
-28 -47
-28 -47
-28 -47
-28 -47
-28 -47
-28 -47
-28 -47
-28 -47
-28 -47
-28 -47
-28 -47
-28 -47
-28 -47
-28 -47
-28 -47
-37 -42
-37 -40
-33 -36
-33 -36
-33 -36
-33 -36
-33 -36
-33 -36
-33 -36
-33 -36
-33 -36
-33 -36
-33 -36
-33 -36
-33 -36
-33 -36
-33 -36
-33 -36
-33 -36
-33 -36
-33 -36
-33 -36
-33 -36
-33 -36
-33 -36
-33 -36
-33 -36
-33 -36
-33 -36
-33 -36
-33 -36
-33 -36
-33 -36
-31 -32
-31 -32
-31 -32
-31 -32
-31 -32
-31 -32
-31 -32
-31 -32
-31 -32
-31 -32
-31 -32
-31 -32
-31 -32
-31 -32
-31 -32
-31 -32
-31 -32
-31 -32
-31 -32
-31 -32
-31 -32
-31 -32
-31 -32
-31 -32
-31 -32
-31 -32
-31 -32
-31 -32
-31 -32
-31 -32
-31 -32
-31 -32
-31 -32
-31 -32
-31 -32
-35 -24
-35 -24
-35 -24
-35 -24
-35 -24
-35 -24
-35 -24
-35 -24
-35 -24
-35 -24
-35 -24
-35 -24
-35 -24
-35 -24
-35 -24
-35 -24
-35 -24
-35 -24
-35 -24
-35 -24
-35 -24
-35 -24
-35 -24
-35 -24
-35 -24
-35 -24
-35 -24
-35 -24
-35 -24
-35 -24
-35 -24
-35 -24
-35 -24
-35 -24
-35 -24
-35 -24
-35 -24
-35 -24
-35 -24
-35 -24
-35 -24
-35 -24
-35 -24
-35 -24
-35 -24
-35 -24
-35 -24
-35 -24
-35 -24
-35 -24
-35 -24
-35 -24
-35 -24
-35 -24
-35 -24
-35 -24
-35 -24
-35 -24
-35 -24
-35 -24
-35 -24
-35 -24
-35 -24
-35 -24
-35 -24
-35 -24
-35 -24
-35 -24
-35 -24
-35 -24
-35 -24
-35 -24
-35 -24
-41 -32
-41 -32
-41 -32
-41 -32
-41 -32
-41 -32
-41 -32
-41 -32
-41 -32
-41 -32
-41 -32
-41 -32
-41 -32
-41 -32
-41 -32
-41 -32
-41 -32
-41 -32
-37 -25
-37 -25
-37 -25
-37 -25
-37 -25
-37 -25
-37 -25
-37 -25
-37 -25
-37 -25
-37 -25
-37 -25
-37 -25
-37 -25
-37 -25
-37 -25
-34 -23
-34 -23
-34 -23
-34 -23
-34 -23
-34 -23
-34 -23
-34 -23
-34 -23
-34 -23
-34 -23
-34 -23
-34 -23
-34 -23
-34 -23
-34 -23
-34 -23
-42 -26
-42 -26
-42 -26
-42 -26
-42 -26
-42 -26
-42 -26
-42 -26
-42 -26
-42 -26
-42 -26
-42 -26
-42 -26
-42 -26
-42 -26
-42 -26
-42 -26
-42 -26
-42 -26
-42 -26
-42 -26
-42 -26
-42 -26
-42 -26
-42 -26
-42 -26
-42 -26
-42 -26
-42 -26
-42 -26
-42 -26
-42 -29
-42 -29
-42 -29
-42 -29
-42 -29
-42 -29
-42 -29
-42 -29
-42 -29
-42 -29
-42 -29
-42 -29
-42 -29
-42 -29
-42 -29
-42 -29
-42 -29
-42 -29
-42 -29
-42 -29
-42 -29
-42 -29
-42 -29
-42 -29
-42 -29
-42 -29
-42 -29
-42 -29
-42 -29
-42 -29
-48 -23
-48 -23
-48 -23
-48 -23
-48 -23
-48 -23
-48 -23
-48 -23
-48 -23
-48 -23
-48 -23
-48 -23
-48 -23
-48 -23
-48 -23
-48 -23
-48 -23
-48 -23
-48 -23
-48 -23
-48 -23
-48 -23
-48 -23
-48 -23
-48 -23
-48 -23
-48 -23
-48 -23
-48 -23
-53 -21
-53 -21
-53 -21
-53 -21
-53 -21
-53 -21
-53 -21
-53 -21
-53 -21
-53 -21
-53 -21
-53 -21
-53 -21
-53 -21
-53 -21
-53 -21
-53 -21
-53 -21
-54 -17
-54 -17
-54 -17
-54 -17
-54 -17
-54 -17
-54 -17
-54 -17
-54 -17
-54 -17
-54 -17
-54 -17
-54 -17
-54 -17
-54 -17
-54 -17
-54 -17
-54 -17
-54 -17
-54 -17
-54 -17
-54 -17
-54 -17
-54 -17
-54 -17
-54 -17
-54 -17
-54 -17
-54 -17
-54 -17
-54 -17
-54 -17
-54 -17
-54 -17
-54 -17
-54 -17
-54 -17
-54 -17
-54 -17
-54 -17
-54 -17
-54 -17
-54 -17
-54 -17
-54 -17
-54 -17
-54 -17
-54 -17
-59 -14
-59 -14
-59 -14
-59 -14
-59 -14
-59 -14
-59 -14
-59 -14
-59 -14
-59 -14
-59 -14
-59 -14
-59 -14
-59 -14
-59 -14
-59 -14
-59 -14
-59 -14
-59 -14
-59 -14
-59 -14
-59 -14
-59 -14
-59 -14
-59 -14
-59 -14
-59 -14
-59 -14
-59 -14
-59 -14
-59 -14
-59 -14
-59 -14
-60 -9
-60 -9
-60 -9
-60 -9
-60 -9
-60 -9
-60 -9
-60 -9
-60 -9
-60 -9
-60 -9
-60 -9
-60 -9
-60 -9
-57 -6
-57 -6
-57 -6
-57 -6
-57 -6
-57 -6
-57 -6
-57 -6
-57 -6
-57 -6
-57 -6
-57 -6
-57 -6
-57 -6
-57 -6
-57 -6
-60 -4
-60 -4
-60 -4
-60 -4
-60 -4
-60 -4
-60 -4
-60 -4
-60 -4
-60 -4
-60 -4
-60 -4
-60 -4
-60 -4
-60 -4
-60 -4
-60 -4
-60 -4
-60 -4
-60 -4
-60 -4
-60 -4
-60 -4
-60 -4
-60 -4
-60 -4
-60 -4
-60 -4
-60 -4
-60 -4
-60 -4
-60 -4
-60 -4
-60 -4
-60 -4
-60 -4
-60 -4
-60 -4
-60 -4
-60 -4
-60 -4
-60 -4
-60 -4
-60 -4
-60 -4
-60 -4
-60 -4
-60 -4
-60 -4
-64 -2
-66 2
-66 2
-66 2
-66 2
-66 2
-66 2
-66 2
-66 2
-66 2
-66 2
-66 2
-66 2
-66 2
-66 2
-66 2
-66 2
-66 2
-66 2
-66 2
-66 2
-66 2
-66 2
-66 2
-66 2
-66 2
-66 2
-66 2
-66 2
-66 2
-66 2
-66 2
-66 2
-75 3
-75 3
-75 3
-75 3
-75 3
-75 3
-75 3
-75 3
-75 3
-75 3
-75 3
-75 3
-75 3
-75 3
-75 3
-75 3
-75 3
-75 3
-75 3
-82 6
-82 6
-82 6
-82 6
-82 6
-82 6
-82 6
-82 6
-82 6
-82 6
-82 6
-82 6
-82 6
-82 6
-82 6
-82 6
-82 6
-82 6
-79 16
-79 16
-79 16
-79 16
-79 16
-79 16
-79 16
-79 16
-79 16
-79 16
-79 16
-79 16
-79 16
-79 16
-79 16
-79 16
-81 8
-81 8
-81 8
-81 8
-81 8
-81 8
-81 8
-81 8
-81 8
-81 8
-81 8
-81 8
-81 8
-81 8
-81 8
-81 8
-81 8
-81 8
-81 8
-81 8
-81 8
-81 8
-81 8
-81 8
-81 8
-81 8
-81 8
-81 8
-81 8
-81 8
-81 8
-81 8
-81 8
-81 8
-81 8
-81 8
-81 8
-81 8
-81 8
-81 8
-81 8
-81 8
-81 8
-81 8
-81 8
-81 8
-81 8
-81 8
-81 8
-81 8
-93 36
-93 36
-93 36
-93 36
-93 36
-93 36
-93 36
-93 36
-93 36
-93 36
-93 36
-93 36
-93 36
-93 36
-93 36
-93 36
-93 36
-93 36
-93 36
-93 36
-93 36
-93 36
-93 36
-93 36
-93 36
-93 36
-93 36
-93 36
-93 36
-93 36
-93 36
-93 36
-93 36
-92 39
-92 39
-92 39
-92 39
-92 39
-92 39
-92 39
-92 39
-92 39
-92 39
-92 39
-92 39
-92 39
-92 39
-92 39
-92 39
-92 39
-88 46
-88 46
-88 46
-88 46
-88 46
-88 46
-88 46
-88 46
-88 46
-88 46
-88 46
-88 46
-88 46
-88 46
-96 49
-96 49
-96 49
-96 49
-96 49
-96 49
-96 49
-96 49
-96 49
-96 49
-96 49
-96 49
-96 49
-96 49
-96 49
-96 49
-96 49
-96 49
-96 49
-96 49
-96 49
-96 49
-96 49
-96 49
-96 49
-96 49
-96 49
-96 49
-96 49
-96 49
-96 49
-96 49
-96 49
-96 49
-96 49
-96 49
-96 49
-96 49
-96 49
-96 49
-96 49
-96 49
-96 49
-96 49
-96 49
-96 49
-96 49
-96 49
-96 49
-96 49
-96 49
-96 49
-90 62
-90 62
-90 62
-90 62
-90 62
-90 62
-90 62
-90 62
-90 62
-90 62
-90 62
-90 62
-90 62
-90 62
-90 62
-90 62
-90 62
-90 62
-90 62
-90 62
-90 62
-90 62
-90 62
-90 62
-90 62
-90 62
-90 62
-90 62
-90 62
-90 62
-90 62
-90 62
-90 62
-90 62
-90 62
-90 62
-88 70
-88 70
-88 70
-88 70
-88 70
-88 70
-88 70
-88 70
-88 70
-88 70
-88 70
-88 70
-88 70
-88 70
-88 70
-85 75
-85 75
-85 75
-85 75
-85 75
-85 75
-85 75
-85 75
-85 75
-85 75
-85 75
-85 75
-85 75
-85 75
-85 75
-85 75
-85 75
-85 75
-85 75
-85 75
-85 75
-85 75
-85 75
-85 75
-85 75
-85 75
-85 75
-85 75
-85 75
-85 75
-85 75
-96 82
-96 82
-96 82
-96 82
-96 82
-96 82
-96 82
-96 82
-96 82
-96 82
-96 82
-96 82
-96 82
-96 82
-96 82
-96 82
-92 87
-92 87
-92 87
-92 87
-92 87
-92 87
-92 87
-92 87
-92 87
-92 87
-92 87
-92 87
-92 87
-92 87
-92 87
-92 87
-92 81
-92 81
-92 81
-92 81
-92 81
-92 81
-92 81
-92 81
-92 81
-92 81
-92 81
-92 81
-92 81
-92 81
-92 81
-87 84
-87 84
-87 84
-87 84
-87 84
-87 84
-87 84
-87 84
-87 84
-87 84
-87 84
-87 84
-87 84
-87 84
-87 84
-87 84
-87 84
-87 84
-87 84
-87 84
-87 84
-87 84
-87 84
-87 84
-87 84
-87 84
-87 84
-87 84
-87 84
-87 84
-87 84
-87 84
-87 84
-87 84
-85 83
-85 83
-85 83
-85 83
-85 83
-85 83
-85 83
-85 83
-85 83
-85 83
-85 83
-85 83
-85 83
-85 83
-85 83
-85 83
-85 83
-75 79
-75 79
-75 79
-75 79
-75 79
-75 79
-75 79
-75 79
-75 79
-75 79
-75 79
-75 79
-75 79
-75 79
-75 79
-75 79
-75 79
-75 79
-75 79
-75 79
-75 79
-75 79
-75 79
-75 79
-75 79
-75 79
-75 79
-75 79
-75 79
-75 79
-75 79
-75 79
-75 79
-75 79
-75 79
-82 99
-82 99
-82 99
-82 99
-82 99
-82 99
-82 99
-82 99
-82 99
-82 99
-82 99
-82 99
-82 99
-82 99
-82 99
-82 99
-82 99
-82 99
-82 99
-82 99
-78 95
-78 95
-78 95
-78 95
-78 95
-78 95
-78 95
-78 95
-78 95
-78 95
-78 95
-78 95
-78 95
-78 95
-78 95
-78 95
-78 95
-78 95
-78 95
-78 95
-78 95
-78 95
-78 95
-78 95
-78 95
-78 95
-78 95
-78 95
-78 95
-78 95
-77 102
-77 102
-77 102
-77 102
-77 102
-77 102
-77 102
-77 102
-77 102
-77 102
-77 102
-77 102
-77 102
-77 102
-77 102
-77 102
-77 102
-77 102
-77 102
-77 102
-77 102
-77 102
-77 102
-77 102
-77 102
-77 102
-77 102
-77 102
-77 102
-77 102
-77 102
-77 102
-77 102
-77 102
-72 105
-70 105
-70 105
-70 105
-70 105
-70 105
-70 105
-70 105
-70 105
-70 105
-70 105
-70 105
-70 105
-70 105
-70 105
-70 105
-70 105
-70 105
-70 105
-70 105
-70 105
-70 105
-70 105
-70 105
-70 105
-70 105
-70 105
-70 105
-70 105
-70 105
-70 105
-70 105
-70 105
-70 105
-70 105
-70 105
-70 105
-70 105
-75 123
-75 123
-75 123
-75 123
-75 123
-75 123
-75 123
-75 123
-75 123
-75 123
-75 123
-75 123
-75 123
-75 123
-75 123
-75 123
-75 123
-75 123
-57 102
-57 102
-57 102
-57 102
-57 102
-57 102
-57 102
-57 102
-57 102
-57 102
-57 102
-57 102
-57 102
-57 102
-57 102
-57 102
-57 102
-57 102
-65 119
-65 119
-65 119
-65 119
-65 119
-65 119
-65 119
-65 119
-65 119
-65 119
-65 119
-65 119
-65 119
-65 119
-65 119
-65 119
-65 119
-65 119
-65 119
-65 119
-65 119
-65 119
-65 119
-65 119
-65 119
-65 119
-65 119
-65 119
-65 119
-65 119
-65 119
-65 119
-65 119
-65 119
-65 119
-65 119
-65 119
-65 119
-65 119
-65 119
-65 119
-65 119
-65 119
-65 119
-65 119
-65 119
-65 119
-65 119
-65 119
-65 119
-65 119
-65 119
-65 119
-65 119
-65 119
-65 119
-65 119
-65 119
-65 119
-43 109
-43 109
-43 109
-43 109
-43 109
-43 109
-43 109
-43 109
-43 109
-43 109
-43 109
-43 109
-43 109
-43 109
-43 109
-43 109
-43 109
-43 109
-43 109
-43 109
-43 109
-43 109
-43 109
-43 109
-43 109
-43 109
-43 109
-43 109
-43 109
-43 109
-43 109
-43 109
-43 109
-43 109
-43 109
-43 109
-43 109
-43 109
-43 109
-28 108
-28 108
-28 108
-28 108
-28 108
-28 108
-28 108
-28 108
-28 108
-28 108
-28 108
-28 108
-28 108
-28 108
-28 108
-28 108
-28 108
-28 108
-24 105
-24 105
-24 105
-24 105
-24 105
-24 105
-24 105
-24 105
-24 105
-24 105
-24 105
-24 105
-24 105
-24 105
-24 105
-24 105
-20 97
-20 97
-20 97
-20 97
-20 97
-20 97
-20 97
-20 97
-20 97
-20 97
-20 97
-20 97
-20 97
-20 97
-20 97
-20 97
-20 97
-20 97
-20 97
-20 97
-20 97
-20 97
-20 97
-20 97
-20 97
-20 97
-20 97
-20 97
-20 97
-20 97
-20 97
-20 97
-20 97
-12 86
-12 86
-12 86
-12 86
-12 86
-12 86
-12 86
-12 86
-12 86
-12 86
-12 86
-12 86
-12 86
-12 86
-12 86
-12 86
-12 86
-12 86
-12 86
-12 86
-12 86
-12 86
-12 86
-12 86
-12 86
-12 86
-12 86
-12 86
-12 86
-12 86
-12 86
-8 99
-5 84
-5 84
-5 84
-5 84
-5 84
-5 84
-5 84
-5 84
-5 84
-5 84
-5 84
-5 84
-5 84
-5 84
-5 84
-5 84
-5 84
-5 84
-5 84
-5 84
-5 84
-5 84
-5 84
-5 84
-5 84
-5 84
-5 84
-5 84
-5 84
-5 84
-3 74
-3 74
-3 74
-3 74
-3 74
-3 74
-3 74
-3 74
-3 74
-3 74
-3 74
-3 74
-3 74
-3 74
-3 74
-3 74
-3 74
-3 74
-3 74
-3 74
-3 74
-3 74
-3 74
-3 74
-3 74
-3 74
-3 74
-3 74
-3 74
-3 74
-3 74
-3 74
-3 74
4 64
4 64
4 64
4 64
4 64
4 64
4 64
4 64
4 64
4 64
4 64
4 64
4 64
4 64
4 64
7 46
7 46
7 46
7 46
7 46
7 46
7 46
7 46
7 46
7 46
7 46
7 46
7 46
7 46
7 46
7 46
4 44
4 44
4 44
4 44
4 44
4 44
4 44
4 44
4 44
4 44
4 44
4 44
4 44
4 44
4 44
4 44
4 44
3 35
3 35
3 35
3 35
3 35
3 35
3 35
3 35
3 35
3 35
3 35
3 35
3 35
3 35
3 35
3 35
3 35
3 35
3 35
3 35
3 35
3 35
3 35
3 35
3 35
3 35
3 35
3 35
3 35
3 35
3 35
3 35
3 35
3 35
3 26
3 26
3 26
3 26
3 26
3 26
3 26
3 26
3 26
3 26
3 26
3 26
3 26
3 26
3 26
3 26
3 26
3 26
3 26
3 26
3 26
3 26
3 26
3 26
3 26
3 26
3 26
3 26
3 26
3 26
3 26
3 26
3 26
3 26
3 26
3 26
3 26
3 26
3 26
3 26
1 19
1 19
1 19
1 19
1 19
1 19
1 19
1 19
1 19
1 19
1 19
1 19
1 19
1 19
1 19
1 19
1 19
1 10
1 10
1 10
1 10
1 10
1 10
1 10
1 10
1 10
1 10
1 10
1 10
1 10
1 10
1 10
1 10
1 10
1 10
1 2
1 2
1 2
1 2
1 2
1 2
1 2
1 2
1 2
1 2
1 2
1 2
1 2
1 2
1 2
1 2
1 2
0 1
0 1
0 1
0 1
0 1
0 1
0 1
0 1
0 1
0 1
0 1
0 1
0 1
0 1
0 1
0 1
0 1
0 1
0 1
0 1
0 1
0 1
0 1
0 1
0 1
0 1
0 1
0 1
0 1
0 1
0 1
0 1
0 1
0 1
0 1
0 1
0 1
0 1
0 1
0 1
0 1
0 1
0 1
0 1
0 1
0 1
0 1
0 1
0 1
0 1
0 1
0 1
0 1
0 1
0 1
0 1
0 1
0 1
0 1
0 1
0 1
0 1
0 1
0 1
0 1
0 1
0 1
0 1
0 1
0 1
0 1
0 1
0 1
0 1
0 1
0 1
0 1
0 1
0 1
0 1
0 1
0 1
0 1
0 1
0 1
0 1
-5 2
-5 2
-5 2
-5 2
-5 2
-5 2
-5 2
-5 2
-5 2
-5 2
-5 2
-5 2
-5 2
-5 2
-5 2
-5 2
-5 2
-5 2
-5 2
-5 2
-5 2
-5 2
-5 2
-5 2
-5 2
-5 2
-5 2
-5 2
-5 2
-5 2
-5 2
-5 2
-5 2
-5 2
-5 2
-5 2
-5 2
-3 -2
3 -1
3 -1
3 -1
3 -1
3 -1
3 -1
3 -1
3 -1
3 -1
3 -1
3 -1
3 -1
3 -1
3 -1
3 -1
3 -1
3 -1
3 -1
3 -1
3 -1
3 -1
3 -1
3 -1
3 -1
3 -1
3 -1
3 -1
3 -1
3 -1
3 -1
3 -1
3 -1
3 -1
3 -1
3 -1
3 -1
3 -1
3 -1
3 -1
3 -1
3 -1
3 -1
3 -1
3 -1
3 -1
3 -1
3 -1
3 -1
3 -1
3 -1
3 -1
3 -1
3 -1
2 0
2 0
2 0
2 0
2 0
2 0
2 0
2 0
2 0
2 0
2 0
2 0
2 0
2 0
2 0
2 0
2 0
2 0
2 0
2 0
2 0
2 0
2 0
2 0
2 0
2 0
2 0
2 0
2 0
2 0
2 0
2 0
2 0
2 0
2 0
2 0
2 0
2 0
2 0
2 0
2 0
2 0
2 0
2 0
2 0
2 0
2 0
2 0
2 0
2 0
2 0
2 0
2 0
2 0
2 0
2 0
2 0
2 0
2 0
2 0
2 0
2 0
2 0
2 0
2 0
2 0
0 -1
0 -1
0 -1
0 -1
0 -1
0 -1
0 -1
0 -1
0 -1
0 -1
0 -1
0 -1
0 -1
0 -1
0 -1
0 -1
0 -1
0 -1
0 -1
0 -1
0 -1
0 -1
0 -1
0 -1
0 -1
0 -1
0 -1
0 -1
0 -1
0 -1
0 -1
0 -1
0 -1
0 -1
0 -1
0 -1
0 -1
0 -1
0 -1
0 -1
0 -1
0 -1
0 -1
0 -1
0 -1
0 -1
0 -1
0 -1
0 -1
0 -1
0 -1
0 -1
0 -1
0 -1
0 -1
0 -1
0 -1
0 -1
0 -1
0 -1
0 -1
0 -1
0 -1
0 -1
0 -1
0 -1
0 -1
0 -1
0 -1
0 -1
0 -1
0 -1
0 -1
0 -1
0 -1
0 -1
0 -1
0 -1
0 -1
0 -1
0 -1
0 -1
0 -1
0 -1
0 -1
0 -1
0 -1
0 -1
0 -1
0 -1
0 -1
0 -1
0 -1
0 -1
0 -1
0 -1
0 -1
0 -1
0 -1
0 -1
0 -1
0 -1
0 -1
0 -1
0 -1
0 -1
0 -1
0 -1
0 -1
0 -1
0 -1
0 -1
0 -1
0 -1
0 -1
0 -1
0 -1
0 -1
0 -1
0 -1
0 -1
0 -1
0 -1
0 -1
0 -1
0 -1
0 -1
0 -1
0 -1
0 -1
0 -1
0 -1
0 -1
0 -1
0 -1
0 -1
0 -1
0 -1
0 -1
0 -1
0 -1
0 -1
0 -1
0 -1
0 -1
0 -1
0 -1
0 -1
0 -1
0 -1
0 -1
0 -1
0 -1
0 -1
0 -1
0 -1
0 -1
0 -1
0 -1
0 -1
0 -1
0 -1
0 -1
0 -1
0 -1
0 -1
0 -1
0 -1
0 -1
0 -1
0 -1
0 -1
0 -1
0 -1
0 -1
0 -1
0 -1
0 -1
0 -1
0 -1
0 -1
0 -1
0 -1
0 -1
0 -1
0 -1
0 -1
0 -1
0 -1
0 -1
0 -1
0 -1
0 -1
0 -1
0 -1
0 -1
0 -1
0 -1
0 -1
0 -1
0 -1
0 -1
0 -1
0 -1
0 -1
0 -1
0 -1
0 -1
0 -1
0 -1
0 -1
0 -1
0 -1
0 -1
0 -1
0 -1
0 -1
0 -1
0 -1
0 -1
0 -1
0 -1
0 -1
0 -1
0 -1
0 -1
0 -1
0 -1
0 -1
0 -1
0 -1
0 -1
0 -1
0 -1
0 -1
0 -1
0 -1
0 -1
0 -1
0 -1
0 -1
0 -1
0 -1
0 -1
0 -1
0 -1
0 -1
0 -1
0 -1
0 -1
0 -1
0 -1
0 -1
0 -1
0 -1
0 -1
0 -1
0 -1
0 -1
0 -1
0 -1
0 -1
0 -1
0 -1
0 -1
0 -1
0 -1
0 -1
0 -1
0 -1
0 -1
0 -1
0 -1
0 -1
0 -1
0 -1
0 -1
0 -1
0 -1
0 -1
0 -1
0 -1
0 -1
0 -1
0 -1
0 -1
0 -1
0 -1
0 -1
0 -1
0 -1
0 -1
0 -1
0 -1
0 -1
0 -1
0 -1
0 -1
0 -1
0 -1
0 -1
0 -1
0 -1
0 -1
0 -1
0 -1
0 -1
0 -1
0 -1
0 -1
0 -1
0 -1
0 -1
0 -1
0 -1
0 -1
0 -1
0 -1
0 -1
0 -1
0 -1
0 -1
0 -1
0 -1
0 -1
0 -1
0 -1
0 -1
0 -1
0 -1
0 -1
0 -1
0 -1
0 -1
0 -1
0 -1
0 -1
0 -1
0 -1
0 -1
0 -1
0 -1
0 -1
0 -1
0 -1
0 -1
0 -1
0 -1
0 -1
0 -1
0 -1
0 -1
0 -1
0 -1
0 -1
0 -1
0 -1
0 -1
0 -1
0 -1
0 -1
0 -1
0 -1
0 -1
0 -1
0 -1
0 -1
0 -1
0 -1
0 -1
0 -1
0 -1
0 -1
0 -1
0 -1
0 -1
0 -1
0 -1
0 -1
0 -1
0 -1
0 -1
0 -1
0 -1
0 -1
0 -1
0 -1
0 -1
0 -1
0 -1
0 -1
0 -1
0 -1
0 -1
0 -1
0 -1
0 -1
0 -1
0 -1
0 -1
0 -1
0 -1
0 -1
0 -1
0 -1
0 -1
0 -1
0 -1
0 -1
0 -1
0 -1
0 -1
0 -1
0 -1
0 -1
0 -1
0 -1
0 -1
0 -1
0 -1
0 -1
0 -1
0 -1
0 -1
0 -1
0 -1
0 -1
0 -1
0 -1
0 -1
0 -1
0 -1
0 -1
0 -1
0 -1
0 -1
0 -1
0 -1
0 -1
0 -1
0 -1
0 -1
0 -1
0 -1
0 -1
0 -1
0 -1
0 -1
0 -1
0 -1
0 -1
0 -1
0 -1
0 -1
0 -1
0 -1
0 -1
0 -1
0 -1
0 -1
0 -1
0 -1
0 -1
0 -1
0 -1
0 -1
0 -1
0 -1
0 -1
0 -1
0 -1
0 -1
0 -1
0 -1
0 -1
0 -1
0 -1
0 -1
0 -1
0 -1
0 -1
0 -1
0 -1
0 -1
0 -1
0 -1
0 -1
0 -1
0 -1
0 -1
0 -1
0 -1
0 -1
0 -1
0 -1
0 -1
0 -1
0 -1
0 -1
0 -1
0 -1
0 -1
0 -1
0 -1
0 -1
0 -1
0 -1
0 -1
0 -1
0 -1
0 -1
0 -1
0 -1
0 -1
0 -1
0 -1
0 -1
0 -1
0 -1
0 -1
0 -1
0 -1
0 -1
0 -1
0 -1
0 -1
0 -1
0 -1
0 -1
0 -1
0 -1
0 -1
0 -1
0 -1
0 -1
0 -1
0 -1
0 -1
0 -1
0 -1
0 -1
0 -1
0 -1
0 -1
0 -1
0 -1
0 -1
0 -1
0 -1
0 -1
0 -1
0 -1
0 -1
0 -1
0 -1
0 -1
0 -1
0 -1
0 -1
0 -1
0 -1
0 -1
0 -1
0 -1
0 -1
0 -1
0 -1
0 -1
0 -1
0 -1
0 -1
0 -1
0 -1
0 -1
0 -1
0 -1
0 -1
0 -1
0 -1
0 -1
0 -1
0 -1
0 -1
0 -1
0 -1
0 -1
0 -1
0 -1
0 -1
0 -1
0 -1
0 -1
0 -1
0 -1
0 -1
0 -1
0 -1
0 -1
0 -1
0 -1
0 -1
0 -1
0 -1
0 -1
0 -1
0 -1
0 -1
0 -1
0 -1
0 -1
0 -1
0 -1
0 -1
0 -1
0 -1
0 -1
0 -1
0 -1
0 -1
0 -1
0 -1
0 -1
0 -1
0 -1
0 -1
0 -1
0 -1
0 -1
0 -1
0 -1
0 -1
0 -1
0 -1
0 -1
0 -1
0 -1
0 -1
0 -1
0 -1
0 -1
0 -1
0 -1
0 -1
0 -1
0 -1
0 -1
0 -1
0 -1
0 -1
0 -1
0 -1
0 -1
0 -1
0 -1
0 -1
0 -1
0 -1
0 -1
0 -1
0 -1
0 -1
0 -1
0 -1
0 -1
0 -1
0 -1
0 -1
0 -1
0 -1
0 -1
0 -1
0 -1
0 -1
0 -1
0 -1
0 -1
0 -1
0 -1
0 -1
0 -1
0 -1
0 -1
0 -1
0 -1
0 -1
0 -1
0 -1
0 -1
0 -1
0 -1
0 -1
0 -1
0 -1
0 -1
0 -1
0 -1
0 -1
0 -1
0 -1
0 -1
0 -1
0 -1
0 -1
0 -1
0 -1
0 -1
0 -1
0 -1
0 -1
0 -1
0 -1
0 -1
0 -1
0 -1
0 -1
0 -1
0 -1
0 -1
0 -1
0 -1
0 -1
0 -1
0 -1
0 -1
0 -1
0 -1
0 -1
0 -1
0 -1
0 -1
0 -1
0 -1
0 -1
0 -1
0 -1
0 -1
0 -1
0 -1
0 -1
0 -1
0 -1
0 -1
0 -1
0 -1
0 -1
0 -1
0 -1
0 -1
0 -1
0 -1
0 -1
0 -1
0 -1
0 -1
0 -1
0 -1
0 -1
0 -1
0 -1
0 -1
0 -1
0 -1
0 -1
0 -1
0 -1
0 -1
0 -1
0 -1
0 -1
0 -1
0 -1
0 -1
0 -1
0 -1
0 -1
0 -1
0 -1
0 -1
0 -1
0 -1
0 -1
0 -1
0 -1
0 -1
0 -1
0 -1
0 -1
0 -1
0 -1
0 -1
0 -1
0 -1
0 -1
0 -1
0 -1
0 -1
0 -1
0 -1
0 -1
0 -1
0 -1
0 -1
0 -1
0 -1
0 -1
0 -1
0 -1
0 -1
0 -1
0 -1
0 -1
0 -1
0 -1
0 -1
0 -1
0 -1
0 -1
0 -1
0 -1
0 -1
0 -1
0 -1
0 -1
0 -1
0 -1
0 -1
0 -1
0 -1
0 -1
0 -1
0 -1
0 -1
0 -1
0 -1
0 -1
0 -1
0 -1
0 -1
0 -1
0 -1
0 -1
0 -1
0 -1
0 -1
0 -1
0 -1
0 -1
0 -1
0 -1
0 -1
0 -1
0 -1
0 -1
0 -1
0 -1
0 -1
0 -1
0 -1
0 -1
0 -1
0 -1
0 -1
0 -1
0 -1
0 -1
0 -1
0 -1
0 -1
0 -1
0 -1
0 -1
0 -1
0 -1
0 -1
0 -1
0 -1
0 -1
0 -1
0 -1
0 -1
0 -1
0 -1
0 -1
0 -1
0 -1
0 -1
0 -1
0 -1
0 -1
0 -1
0 -1
0 -1
0 -1
0 -1
0 -1
0 -1
0 -1
0 -1
0 -1
0 -1
0 -1
0 -1
0 -1
0 -1
0 -1
0 -1
0 -1
0 -1
0 -1
0 -1
0 -1
0 -1
0 -1
0 -1
0 -1
0 -1
0 -1
0 -1
0 -1
0 -1
0 -1
0 -1
0 -1
0 -1
0 -1
0 -1
0 -1
0 -1
0 -1
0 -1
0 -1
0 -1
0 -1
0 -1
0 -1
0 -1
0 -1
0 -1
0 -1
0 -1
0 -1
0 -1
0 -1
0 -1
0 -1
0 -1
0 -1
0 -1
0 -1
0 -1
0 -1
0 -1
0 -1
0 -1
0 -1
0 -1
0 -1
0 -1
0 -1
0 -1
0 -1
0 -1
0 -1
0 -1
0 -1
0 -1
0 -1
0 -1
0 -1
0 -1
0 -1
0 -1
0 -1
0 -1
0 -1
0 -1
0 -1
0 -1
0 -1
0 -1
0 -1
0 -1
0 -1
0 -1
0 -1
0 -1
0 -1
0 -1
0 -1
0 -1
0 -1
0 -1
0 -1
0 -1
0 -1
0 -1
0 -1
0 -1
0 -1
0 -1
0 -1
0 -1
0 -1
0 -1
0 -1
0 -1
0 -1
0 -1
0 -1
0 -1
0 -1
0 -1
0 -1
0 -1
0 -1
0 -1
0 -1
0 -1
0 -1
0 -1
0 -1
0 -1
0 -1
0 -1
0 -1
0 -1
0 -1
0 -1
0 -1
0 -1
0 -1
0 -1
0 -1
0 -1
0 -1
0 -1
0 -1
0 -1
0 -1
