-34 17
-34 25
-32 19
-35 30
-33 25
-33 30
-19 33
-19 33
-19 33
-19 33
-19 33
-19 33
-19 33
-19 33
-19 33
-19 33
-19 33
-19 33
-19 33
-19 33
-19 33
-19 33
-19 33
-26 29
-26 29
-26 29
-26 29
-26 29
-26 29
-26 29
-26 29
-26 29
-26 29
-21 40
-21 40
-21 40
-21 40
-21 40
-21 40
-21 40
-21 40
-21 40
-21 40
-21 40
-21 40
-21 40
-21 40
-21 40
-21 40
-21 40
-21 40
-21 40
-21 40
-21 40
-21 40
-21 40
-21 40
-21 40
-21 40
-21 40
-21 40
-21 40
-22 50
-22 50
-22 50
-22 50
-22 50
-22 50
-22 50
-22 50
-22 50
-22 50
-22 50
-22 50
-22 50
-22 50
-22 50
-22 50
-22 50
-22 50
-22 50
-22 50
-22 50
-22 50
-22 50
-22 50
-22 50
-22 50
-22 50
-22 50
-22 50
-22 50
-22 50
-22 50
-22 50
-22 50
-22 50
-17 52
-18 42
-18 48
-18 48
-18 48
-18 48
-18 48
-18 48
-18 48
-18 48
-18 48
-18 48
-18 48
-18 48
-18 48
-18 48
-18 48
-18 48
-18 48
-18 48
-18 48
-18 48
-18 48
-18 48
-18 48
-18 48
-18 48
-18 48
-18 48
-18 48
-18 48
-18 48
-18 48
-18 48
-18 48
-18 48
-18 48
-18 48
-18 48
-18 48
-11 52
-11 52
-11 52
-11 52
-11 52
-11 52
-11 52
-11 52
-11 52
-11 52
-11 52
-11 52
-11 52
-11 52
-11 52
-11 52
-11 52
-11 52
-11 52
-11 52
-11 52
-11 52
-11 52
-11 52
-11 52
-11 52
-11 52
-11 52
-11 52
-11 52
-11 52
-11 52
-11 52
-11 52
-11 52
-11 52
-11 52
-11 52
-11 52
-11 52
-11 52
-11 52
-11 52
-11 52
-11 52
-11 52
-11 52
-11 52
-11 52
-11 52
-11 52
-11 52
-11 52
-11 52
-11 52
-11 52
-11 52
-11 52
-11 52
-11 52
-11 52
-11 52
-11 52
-11 52
-11 52
-3 55
-9 54
-9 54
-9 54
-9 54
-9 54
-9 54
-9 54
-9 54
-9 54
-9 54
-9 54
-9 54
-9 54
-9 54
-9 54
-9 54
-9 54
-9 54
-9 54
-9 54
-9 54
-9 54
-9 54
-9 54
-9 54
-9 54
-9 54
-9 54
-9 54
-9 54
-9 54
-9 54
-9 54
-9 54
-9 54
-9 54
-9 54
-9 54
-9 54
-9 54
-9 54
-9 54
-9 54
-9 54
-9 54
-9 54
-9 54
-9 54
-9 54
-9 54
-9 54
-9 54
-9 54
-9 54
-9 54
-9 54
-9 54
-9 54
-9 54
-9 54
-9 54
-9 54
-9 54
-9 54
-9 54
-9 54
-9 54
-9 54
-9 54
-9 54
-9 54
-9 54
-9 54
-9 54
-9 54
-9 54
-9 54
-9 54
-9 54
-9 54
-9 54
-9 54
-9 54
-9 54
-9 54
-9 54
-9 54
-9 54
-9 54
2 53
-7 61
-7 61
-7 61
-7 61
-7 61
-7 61
-7 61
-7 61
-7 61
-7 61
-7 61
-7 61
-7 61
-7 61
-7 61
-7 61
1 60
10 57
10 57
10 57
10 57
10 57
10 57
10 57
10 57
10 57
10 57
10 57
10 57
10 57
10 57
10 57
10 57
10 57
10 57
10 57
10 57
10 57
10 57
10 57
10 57
10 57
10 57
10 57
10 57
10 57
10 57
10 57
10 57
10 57
10 57
10 57
10 57
10 57
10 62
10 62
10 62
10 62
10 62
10 62
10 62
10 62
10 62
10 62
10 62
10 62
10 62
10 62
10 62
10 62
10 62
10 62
10 62
10 62
10 62
10 62
10 62
10 62
10 62
10 62
10 62
10 62
10 62
10 62
10 62
10 62
10 62
10 62
10 62
10 62
10 62
10 62
10 62
10 62
10 62
10 62
10 62
10 62
10 62
10 62
10 62
10 62
10 62
10 62
15 53
15 53
15 53
15 53
15 53
15 53
15 53
15 53
15 53
15 53
15 53
15 53
15 53
15 53
15 53
15 53
15 53
15 53
15 53
15 53
15 53
15 53
20 53
20 53
20 53
20 53
20 53
20 53
20 53
20 53
20 53
20 53
20 53
20 53
20 53
20 53
20 53
20 53
20 53
20 53
20 53
20 53
20 53
20 53
23 55
23 55
23 55
23 55
23 55
23 55
23 55
23 55
23 55
23 55
23 55
23 55
23 55
23 55
23 55
23 55
23 55
23 55
23 55
23 55
23 55
23 55
23 55
26 52
26 52
26 52
26 52
26 52
26 52
26 52
26 52
26 52
26 52
26 52
26 52
26 52
26 52
26 52
26 52
26 52
26 52
26 52
26 52
26 52
26 52
26 52
26 52
26 52
26 52
26 52
26 52
26 52
26 52
26 52
26 52
26 52
26 52
26 52
26 52
26 52
26 52
26 52
26 52
26 52
26 52
26 52
26 52
26 52
26 52
26 52
26 52
26 52
26 52
26 52
26 52
26 52
26 52
26 52
26 52
26 52
26 52
26 52
26 52
26 52
26 52
26 52
26 52
26 52
26 52
26 52
26 52
26 52
26 52
26 52
26 52
26 52
26 52
26 52
28 54
22 44
22 44
22 44
22 44
22 44
22 44
22 44
22 44
22 44
22 44
22 44
22 44
22 44
22 44
22 44
22 44
22 44
22 44
22 44
22 44
22 44
22 44
22 44
22 44
22 44
22 44
22 44
22 44
22 44
22 44
22 44
22 44
22 44
31 47
31 47
31 47
31 47
31 47
31 47
31 47
31 47
31 47
31 47
31 47
31 47
31 47
31 47
31 47
31 47
31 47
31 47
31 47
31 47
31 47
31 47
31 47
31 47
31 47
31 47
31 47
31 47
31 47
31 47
31 47
31 47
31 47
31 47
31 47
31 47
31 47
31 47
31 47
31 47
31 47
31 47
31 47
31 47
31 47
40 35
45 32
45 32
45 32
45 32
45 32
45 32
45 32
45 32
45 32
45 32
45 32
45 32
45 32
45 32
45 32
45 32
45 32
45 32
45 32
45 32
45 32
45 32
45 32
45 32
45 32
45 32
45 32
45 32
45 32
45 32
45 32
45 32
45 32
45 32
45 32
45 32
45 32
45 32
45 32
45 32
45 32
45 32
45 32
45 32
45 32
45 32
45 32
45 32
45 32
45 32
45 32
45 32
45 32
45 32
45 32
45 32
45 32
45 32
45 32
45 32
45 32
45 32
45 32
45 32
45 32
48 29
40 20
40 20
40 20
40 20
40 20
40 20
40 20
40 20
40 20
40 20
40 20
40 20
40 20
40 20
40 20
40 20
40 20
40 20
40 20
40 20
40 20
40 20
40 20
40 20
40 20
40 20
40 20
40 20
40 20
40 20
40 20
40 20
40 20
40 20
40 20
40 20
40 20
40 20
40 20
40 20
40 20
40 20
40 20
48 28
48 28
48 28
48 28
48 28
48 28
48 28
48 28
48 28
48 28
48 28
48 28
48 28
48 28
48 28
41 27
41 27
41 27
41 27
41 27
41 27
41 27
41 27
41 27
41 27
41 27
41 27
41 27
41 27
41 27
45 24
45 24
45 24
45 24
45 24
45 24
45 24
45 24
45 24
45 24
45 24
45 24
45 24
45 24
45 24
45 24
45 24
45 24
45 24
45 24
45 24
45 24
45 24
45 24
45 24
45 24
45 24
45 24
45 24
45 24
45 24
45 24
45 24
45 24
45 24
45 24
45 24
45 24
48 24
48 24
48 24
48 24
48 24
48 24
48 24
48 24
48 24
48 24
49 14
49 14
49 14
49 14
49 14
49 14
49 14
49 14
49 14
49 14
49 14
49 14
49 14
49 14
49 14
49 14
49 14
56 17
56 17
56 17
56 17
56 17
56 17
56 17
56 17
56 17
56 17
56 17
56 17
56 17
56 17
56 17
56 17
56 17
56 17
56 17
56 17
56 17
56 17
56 17
56 17
56 17
56 17
56 17
56 17
56 17
56 17
56 17
56 17
56 17
56 17
56 17
56 17
56 17
56 17
50 14
50 14
50 14
50 14
50 14
50 14
50 14
50 14
50 14
50 14
50 14
50 14
50 14
50 14
50 14
50 14
50 14
50 14
50 14
50 14
50 14
50 14
50 14
50 14
50 14
50 14
50 14
50 14
50 14
50 14
50 14
50 14
50 14
50 14
50 14
50 14
50 14
50 14
50 14
50 14
50 14
51 13
47 11
47 11
47 11
47 11
47 11
47 11
47 11
47 11
47 11
47 11
47 11
47 11
47 11
47 11
47 11
47 11
47 11
47 11
47 11
47 11
47 11
47 11
47 11
48 11
48 11
48 11
48 11
48 11
48 11
48 11
48 11
48 11
48 11
48 11
48 11
48 11
48 11
48 11
48 11
48 11
48 11
48 11
48 11
48 11
48 11
49 7
49 7
49 7
49 7
49 7
49 7
49 7
49 7
49 7
49 7
49 7
49 7
49 7
49 7
49 7
49 7
49 7
49 7
49 7
49 7
49 7
49 7
49 7
49 7
49 7
48 3
48 3
48 3
48 3
48 3
48 3
48 3
48 3
48 3
48 3
48 3
48 3
48 3
48 3
48 3
48 3
48 3
48 3
48 3
48 3
48 3
48 3
48 3
48 3
48 3
48 3
48 3
48 3
48 3
48 3
48 3
48 3
48 3
48 3
48 3
48 3
48 3
48 3
48 3
48 3
48 3
57 2
57 2
57 2
57 2
57 2
57 2
57 2
57 2
57 2
57 2
57 2
57 2
57 2
57 2
57 2
57 2
57 2
57 2
57 2
57 2
57 2
57 2
57 2
57 2
57 2
57 2
57 2
57 2
57 2
57 2
57 2
57 2
57 2
57 2
57 2
57 2
57 2
57 2
57 2
57 2
57 2
57 2
57 2
57 2
57 2
57 2
57 2
54 3
54 3
54 3
54 3
54 3
54 3
54 3
54 3
54 3
54 3
54 3
54 3
54 3
54 3
54 3
54 3
54 3
54 3
54 3
54 3
54 3
54 3
54 3
51 3
51 3
51 3
51 3
51 3
51 3
51 3
51 3
51 3
51 3
51 3
51 3
51 3
51 3
51 3
51 3
51 3
51 3
51 3
51 3
51 3
60 1
60 1
60 1
60 1
60 1
60 1
60 1
60 1
60 1
60 1
60 1
60 1
60 1
60 1
60 1
60 1
60 1
60 1
60 1
60 1
60 1
59 -1
59 -1
59 -1
59 -1
59 -1
59 -1
59 -1
59 -1
59 -1
59 -1
59 -1
59 -1
59 -1
59 -1
59 -1
59 -1
59 -1
59 -1
59 -1
59 -1
59 -1
59 -1
59 -1
59 -1
59 -1
59 -1
59 -1
59 -1
59 -1
59 -1
59 -1
59 -1
59 -1
59 -1
61 -2
61 -2
61 -2
61 -2
61 -2
61 -2
61 -2
61 -2
61 -2
61 -2
61 -2
61 -2
61 -2
61 -2
61 -2
61 -2
61 -2
61 -2
61 -2
61 -2
61 -2
61 -2
61 -2
61 -2
61 -2
61 -2
61 -2
61 -2
61 -2
61 -2
61 -2
61 -2
61 -2
61 -2
61 -2
61 -2
61 -2
61 -2
61 -2
61 -2
61 -2
61 -2
68 -2
68 -2
68 -2
68 -2
68 -2
68 -2
68 -2
68 -2
68 -2
68 -2
68 -2
68 -2
68 -2
68 -2
68 -2
68 -2
68 -2
70 1
70 1
70 1
70 1
70 1
70 1
70 1
70 1
70 1
70 1
70 1
70 1
70 1
70 1
70 1
70 1
70 1
70 1
70 1
70 1
70 1
73 -6
80 -3
80 -3
80 -3
80 -3
80 -3
80 -3
80 -3
80 -3
80 -3
80 -3
80 -3
80 -3
80 -3
80 -3
80 -3
80 -3
80 -3
80 -3
80 -3
80 -3
80 -3
80 -3
80 -3
80 -3
80 -3
80 -3
80 -3
80 -3
80 -3
80 -3
80 -3
80 -3
80 -3
80 -3
80 -3
80 -3
80 -3
80 -3
80 -3
80 -3
80 -3
80 -3
80 -3
80 -3
80 -3
80 -3
80 -3
80 -3
80 -3
80 -3
80 -3
80 -3
80 -3
80 -3
88 -2
80 -8
80 -8
80 -8
80 -8
80 -8
80 -8
80 -8
80 -8
80 -8
80 -8
80 -8
80 -8
80 -8
80 -8
80 -8
80 -8
80 -8
80 -8
80 -8
80 -8
80 -8
80 -8
80 -8
80 -8
80 -8
80 -8
80 -8
80 -8
80 -8
80 -8
80 -8
80 -8
80 -8
85 -16
85 -16
85 -16
85 -16
85 -16
85 -16
85 -16
85 -16
85 -16
85 -16
85 -16
85 -16
85 -16
85 -16
85 -16
85 -16
85 -16
85 -16
85 -16
85 -16
85 -16
85 -16
85 -16
85 -16
85 -16
85 -16
85 -16
85 -16
85 -16
85 -16
85 -16
85 -16
85 -16
85 -16
85 -16
85 -16
85 -16
85 -16
85 -16
85 -16
85 -16
85 -16
85 -17
94 -21
94 -21
94 -21
94 -21
94 -21
94 -21
94 -21
94 -21
94 -21
94 -21
94 -21
94 -21
94 -21
94 -21
94 -21
94 -21
94 -21
94 -21
94 -21
94 -21
94 -21
94 -21
94 -21
94 -21
94 -21
94 -21
94 -21
94 -21
94 -21
94 -21
94 -21
94 -21
94 -21
94 -21
94 -21
94 -21
94 -21
94 -21
94 -21
94 -21
94 -21
81 -19
81 -19
81 -19
81 -19
81 -19
81 -19
81 -19
81 -19
81 -19
81 -19
81 -19
81 -19
81 -19
81 -19
81 -19
81 -19
81 -19
81 -19
81 -19
81 -19
81 -19
81 -19
81 -19
81 -19
81 -19
81 -19
81 -19
81 -19
81 -19
81 -19
81 -19
81 -19
81 -19
81 -19
81 -19
81 -19
81 -19
81 -19
81 -19
81 -19
81 -19
81 -19
81 -19
81 -19
81 -19
81 -19
81 -19
81 -19
81 -19
81 -19
81 -19
81 -19
81 -19
81 -19
81 -19
81 -19
81 -19
81 -19
81 -19
81 -19
81 -19
81 -19
81 -19
81 -19
81 -19
81 -19
81 -19
81 -19
81 -19
82 -23
85 -32
85 -32
85 -32
85 -32
85 -32
85 -32
85 -32
85 -32
85 -32
85 -32
85 -32
85 -32
85 -32
85 -32
85 -32
85 -32
85 -32
85 -32
85 -32
85 -32
85 -32
85 -32
85 -32
85 -32
85 -32
85 -32
85 -32
85 -32
85 -32
85 -32
85 -32
85 -32
85 -32
85 -32
85 -32
85 -32
85 -32
85 -32
85 -32
85 -32
85 -32
87 -31
81 -35
81 -35
81 -35
81 -35
81 -35
81 -35
81 -35
81 -35
81 -35
81 -35
81 -35
81 -35
81 -35
81 -35
81 -35
81 -35
81 -35
81 -35
81 -35
81 -35
81 -35
81 -35
81 -35
81 -35
81 -35
81 -35
81 -35
81 -35
81 -35
81 -35
81 -35
81 -35
81 -35
81 -35
81 -35
81 -35
81 -35
77 -38
77 -38
77 -38
77 -38
77 -38
77 -38
77 -38
77 -38
77 -38
77 -38
77 -38
77 -38
77 -38
77 -38
77 -38
77 -38
77 -38
77 -38
77 -38
84 -46
84 -46
84 -46
84 -46
84 -46
84 -46
84 -46
84 -46
84 -46
84 -46
84 -46
84 -46
84 -46
84 -46
84 -46
84 -46
84 -46
84 -46
84 -46
84 -46
84 -46
84 -46
84 -46
84 -46
84 -46
84 -46
84 -46
84 -46
84 -46
84 -46
84 -46
84 -46
84 -46
84 -46
84 -46
84 -46
84 -46
84 -46
84 -46
84 -46
84 -46
84 -46
84 -46
84 -46
84 -46
84 -46
84 -46
84 -46
84 -46
84 -46
84 -46
84 -46
84 -46
84 -46
84 -46
74 -47
74 -47
74 -47
74 -47
74 -47
74 -47
74 -47
74 -47
74 -47
74 -47
74 -47
74 -47
74 -47
74 -47
74 -47
74 -47
74 -47
74 -47
74 -47
74 -47
74 -47
74 -47
63 -47
70 -50
70 -50
70 -50
70 -50
70 -50
70 -50
70 -50
70 -50
70 -50
70 -50
70 -50
70 -50
70 -50
70 -50
70 -50
70 -50
70 -50
70 -50
70 -50
70 -50
70 -50
70 -50
70 -50
70 -50
70 -50
70 -50
70 -50
70 -50
70 -50
70 -50
70 -50
70 -50
70 -50
70 -50
70 -50
70 -50
56 -53
56 -53
56 -53
56 -53
56 -53
56 -53
56 -53
56 -53
56 -53
51 -53
51 -53
51 -53
51 -53
51 -53
51 -53
51 -53
51 -53
51 -53
51 -53
51 -53
51 -53
51 -53
51 -71
51 -71
51 -71
51 -71
51 -71
51 -71
51 -71
51 -71
51 -71
51 -71
51 -71
51 -71
51 -71
51 -71
51 -71
51 -71
51 -71
51 -71
51 -71
51 -71
51 -71
51 -71
51 -71
51 -71
51 -71
51 -71
51 -71
51 -71
51 -71
51 -71
51 -71
29 -35
29 -35
29 -35
29 -35
29 -35
29 -35
29 -35
29 -35
29 -35
29 -35
29 -35
29 -35
29 -35
29 -35
29 -35
29 -35
29 -35
29 -35
29 -35
29 -35
29 -35
29 -35
29 -35
29 -35
29 -35
29 -35
29 -35
29 -35
29 -35
29 -35
29 -35
29 -35
29 -35
30 -62
30 -62
30 -62
30 -62
30 -62
30 -62
30 -62
30 -62
30 -62
30 -62
30 -62
30 -62
30 -62
35 -60
35 -60
35 -60
35 -60
35 -60
35 -60
35 -60
35 -60
35 -60
35 -60
35 -60
35 -60
35 -60
35 -60
19 -52
19 -52
19 -52
19 -52
19 -52
19 -52
19 -52
19 -52
19 -52
19 -52
19 -52
19 -52
19 -52
19 -52
19 -52
19 -52
24 -52
24 -52
24 -52
24 -52
24 -52
24 -52
24 -52
24 -52
24 -52
24 -52
24 -52
24 -52
24 -52
24 -52
24 -52
24 -52
24 -52
24 -52
24 -52
24 -52
24 -52
24 -52
24 -52
24 -52
24 -52
24 -52
24 -52
24 -52
24 -52
24 -52
24 -52
24 -52
24 -52
24 -52
24 -52
24 -52
24 -52
24 -52
24 -52
24 -52
24 -52
24 -52
24 -52
24 -52
24 -52
24 -52
24 -52
24 -52
22 -58
22 -58
14 -60
14 -60
14 -60
14 -60
14 -60
14 -60
14 -60
14 -60
14 -60
14 -60
14 -60
14 -60
14 -60
14 -60
14 -60
14 -60
14 -60
14 -60
14 -60
14 -60
14 -60
14 -60
15 -56
15 -56
15 -56
15 -56
15 -56
15 -56
15 -56
15 -56
15 -56
15 -56
15 -56
15 -56
15 -56
15 -56
15 -56
15 -56
15 -56
15 -56
15 -56
15 -56
15 -56
15 -56
15 -56
15 -56
5 -44
2 -41
2 -41
2 -41
2 -41
2 -41
2 -41
2 -41
2 -41
2 -41
2 -41
2 -41
2 -41
2 -41
2 -41
2 -41
2 -41
2 -41
2 -41
2 -41
2 -41
2 -41
2 -41
2 -41
2 -41
2 -41
2 -41
2 -41
2 -41
2 -41
2 -41
2 -41
2 -41
2 -41
1 -33
1 -33
1 -33
1 -33
1 -33
1 -33
1 -33
1 -33
1 -33
1 -33
1 -33
1 -33
1 -33
1 -33
1 -33
-2 -28
-2 -28
-2 -28
-2 -28
-2 -28
-2 -28
-2 -28
-2 -28
-2 -28
-2 -28
-2 -28
-1 -18
-1 -18
-1 -18
-1 -18
-1 -18
-1 -18
-1 -18
-1 -18
-1 -18
-1 -18
-1 -18
-1 -18
-1 -18
-1 -18
-1 -18
-1 -18
-1 -18
-1 -18
-1 -18
-1 -18
-1 -18
-1 -18
-1 -18
-1 -18
-1 -18
-1 -18
-1 -18
-1 -18
-1 -18
-1 -18
-1 -18
-1 -18
-1 -18
-1 -18
-1 -18
-1 -18
-1 -18
-1 -15
-1 -15
-1 -15
-1 -15
-1 -15
-1 -15
-1 -15
-1 -15
-1 -15
-1 -15
-1 -15
-1 -15
-1 -15
-1 -15
-1 -15
-1 -15
-1 -15
-1 -15
-1 -15
-1 -15
-1 -15
-1 -15
-1 -15
-1 -15
-1 -15
-1 -15
-1 -15
-1 -15
-1 -15
-1 -15
-1 -15
-1 -15
-1 -15
-1 -15
-1 -15
-1 -15
-1 -15
-1 -15
-1 -15
3 -12
3 -12
3 -12
3 -12
3 -12
3 -12
3 -12
3 -12
3 -12
3 -12
3 -12
1 -6
1 -6
1 -6
1 -6
1 -6
1 -6
1 -6
1 -6
1 -6
1 -6
1 -6
1 -6
1 -6
1 -6
1 -6
1 -6
1 -6
1 -6
1 -6
1 -6
1 -6
1 -6
1 -6
1 -6
1 -6
1 -6
1 -6
1 -6
1 -6
1 -6
1 -6
1 -6
1 -6
1 -6
1 -6
1 -6
1 -6
1 -6
1 -6
1 -6
1 -6
1 -6
1 -6
1 -6
1 -6
1 -6
1 -6
1 -6
1 -6
1 -6
1 -6
1 -6
1 -6
1 -6
1 -6
1 -6
1 -6
1 -6
1 -6
1 -6
1 -6
1 -6
1 -6
1 -6
1 -6
1 -6
1 -6
1 -6
1 -6
1 -6
1 -6
1 -6
1 -6
1 -6
1 -6
1 -6
1 -6
1 -6
1 -6
1 -6
1 -6
1 -6
1 -6
1 -6
1 -6
1 -6
1 -6
1 -6
1 -6
1 -6
1 -6
1 -6
1 -6
0 -1
-1 0
-1 0
-1 0
-1 0
-1 0
-1 0
-1 0
-1 0
-1 0
-1 0
-1 0
-1 0
-1 0
-1 0
-1 0
-1 0
-1 0
-1 0
-1 0
-1 0
-1 0
-1 0
-1 0
0 1
0 1
0 1
0 1
0 1
0 1
0 1
0 1
0 1
0 1
0 1
0 1
0 1
0 1
0 1
-1 1
-1 1
-1 1
-1 1
-1 1
-1 1
-1 1
-1 1
-1 1
-1 1
-1 1
-1 1
-1 1
-1 1
-1 1
-1 1
-1 1
-1 1
-1 1
-1 1
-1 1
-1 1
-1 1
-1 1
-1 1
-1 1
-1 1
-1 1
-1 1
-1 1
-1 1
-1 1
-1 1
-1 1
-1 1
-1 1
-1 1
-1 1
-1 1
-1 1
-1 1
-1 1
-1 1
-1 1
-1 1
-1 1
-1 1
-1 1
-1 1
-1 0
-1 0
-1 0
-1 0
-1 0
-1 0
-1 0
-1 0
-1 0
-1 0
-1 0
-1 0
-1 0
-1 0
-1 0
-1 0
-1 0
-1 0
-1 0
-1 0
-1 0
-1 0
-1 0
-1 0
-1 0
-1 0
-1 0
-1 0
-1 0
-1 0
-1 0
-1 0
-1 0
-1 0
-1 0
-1 0
-1 0
-1 0
-1 0
-1 0
-1 0
-1 0
-1 0
-1 0
-1 0
-1 0
-1 0
-1 0
-1 0
-1 0
-1 0
-1 0
-1 0
-1 0
-1 0
-1 0
-1 0
-1 0
-1 0
-1 0
-1 0
-1 0
-1 0
-1 0
-1 0
-1 0
-1 0
-1 0
-1 0
-1 0
-1 0
-1 0
-1 0
-1 0
-1 0
-1 0
-1 0
-1 0
-1 0
-1 0
-1 0
-1 0
-1 0
-1 0
-1 0
-1 0
-1 0
-1 0
-1 0
-1 0
-1 0
-1 0
-1 0
-1 0
-1 0
-1 0
-1 0
-1 0
-1 0
-1 0
-1 0
-1 0
-1 0
-1 0
-1 0
-1 0
-1 0
-1 0
-1 0
-1 0
-1 0
-1 0
-1 0
-1 0
-1 0
-1 0
-1 0
-1 0
-1 0
-1 0
-1 0
-1 0
-1 0
-1 0
-1 0
-1 0
-1 0
-1 0
-1 0
-1 0
-1 0
-1 0
-1 0
-1 0
-1 0
-1 0
-1 0
-1 0
-1 0
-1 0
-1 0
-1 0
-1 0
-1 0
-1 0
-1 0
-1 0
-1 0
-1 0
-1 0
-1 0
-1 0
-1 0
-1 0
-1 0
-1 0
-1 0
-1 0
-1 0
-1 0
-1 0
-1 0
-1 0
-1 0
-1 0
-1 0
-1 0
-1 0
-1 0
-1 0
-1 0
-1 0
-1 0
-1 0
-1 0
-1 0
-1 0
-1 0
-1 0
-1 0
-1 0
-1 0
-1 0
-1 0
-1 0
-1 0
-1 0
-1 0
-1 0
-1 0
-1 0
-1 0
-1 0
-1 0
-1 0
-1 0
-1 0
-1 0
-1 0
-1 0
-1 0
-1 0
-1 0
-1 0
-1 0
-1 0
-1 0
-1 0
-1 0
-1 0
-1 0
-1 0
-1 0
-1 0
-1 0
-1 0
-1 0
-1 0
-1 0
-1 0
-1 0
-1 0
-1 0
-1 0
-1 0
-1 0
-1 0
-1 0
-1 0
-1 0
-1 0
-1 0
-1 0
-1 0
-1 0
-1 0
-1 0
-1 0
-1 0
-1 0
-1 0
-1 0
-1 0
-1 0
-1 0
-1 0
-1 0
-1 0
-1 0
-1 0
-1 0
-1 0
-1 0
-1 0
-1 0
-1 0
-1 0
-1 0
-1 0
-1 0
-1 0
-1 0
-1 0
-1 0
-1 0
-1 0
-1 0
-1 0
-1 0
-1 0
-1 0
-1 0
-1 0
-1 0
-1 0
-1 0
-1 0
-1 0
-1 0
-1 0
-1 0
-1 0
-1 0
-1 0
-1 0
-1 0
-1 0
-1 0
-1 0
-1 0
-1 0
-1 0
-1 0
-1 0
-1 0
-1 0
-1 0
-1 0
-1 0
-1 0
-1 0
-1 0
-1 0
-1 0
-1 0
-1 0
-1 0
-1 0
-1 0
-1 0
-1 0
-1 0
-1 0
-1 0
-1 0
-1 0
-1 0
-1 0
-1 0
-1 0
-1 0
-1 0
-1 0
-1 0
-1 0
-1 0
-1 0
-1 0
-1 0
-1 0
-1 0
-1 0
-1 0
-1 0
-1 0
-1 0
-1 0
-1 0
-1 0
-1 0
-1 0
-1 0
-1 -1
-1 -1
-1 -1
-1 -1
-1 -1
-1 -1
-1 -1
-1 -1
-1 -1
-1 -1
-1 -1
-1 -1
-1 -1
-1 -1
-1 -1
-1 -1
-1 -1
-1 -1
-1 -1
-1 -1
-1 -1
-1 -1
-1 -1
-1 -1
-1 -1
-1 -1
-1 -1
-1 -1
-1 -1
-1 -1
-1 -1
-1 -1
-1 -1
-1 -1
-1 -1
-1 -1
-1 -1
-1 -1
-1 -1
-1 -1
-1 -1
-1 -1
-1 -1
-1 -1
-1 -1
-1 -1
-1 -1
-1 -1
-1 -1
-1 -1
-1 -1
-1 -1
-1 -1
-1 -1
-1 -1
-1 -1
-1 -1
-1 -1
-1 -1
-1 -1
-1 -1
-1 -1
-1 -1
-1 -1
-1 -1
-1 -1
-1 -1
-1 -1
-1 -1
-1 -1
-1 -1
-1 -1
-1 -1
-1 -1
-1 -1
-1 -1
-1 -1
-1 -1
-1 -1
-1 -1
-1 -1
-1 -1
-1 -1
-1 -1
-1 -1
-1 -1
-1 -1
-1 -1
-1 -1
-1 -1
-1 -1
-1 -1
-1 -1
-1 -1
-1 -1
-1 -1
-1 -1
-1 -1
-1 -1
-1 -1
-1 -1
-1 -1
-1 -1
-1 -1
-1 -1
-1 -1
-1 -1
-1 -1
-1 -1
-1 -1
-1 -1
-1 -1
-1 -1
-1 -1
-1 -1
-1 -1
-1 -1
-1 -1
-1 -1
-1 -1
-1 -1
-1 -1
-1 -1
-1 -1
-1 -1
-1 -1
-1 -1
-1 -1
-1 -1
-1 -1
-1 -1
-1 -1
-1 -1
-1 -1
-1 -1
-1 -1
-1 -1
-1 -1
-1 -1
-1 -1
-1 -1
-1 -1
-1 -1
-1 -1
-1 -1
-1 -1
-1 -1
-1 -1
-1 -1
-1 -1
-1 -1
-1 -1
-1 -1
-1 -1
-1 -1
-1 -1
-1 -1
-1 -1
-1 -1
-1 -1
-1 -1
-1 -1
-1 -1
-1 -1
-1 -1
-1 -1
-1 -1
-1 -1
-1 -1
-1 -1
-1 -1
-1 -1
-1 -1
-1 -1
-1 -1
-1 -1
-1 -1
-1 -1
-1 -1
-1 -1
-1 -1
-1 -1
-1 -1
-1 -1
-1 -1
-1 -1
-1 -1
-1 -1
-1 -1
-1 -1
-1 -1
-1 -1
-1 -1
-1 -1
-1 -1
-1 -1
-1 -1
-1 -1
-1 -1
-1 -1
-1 -1
-1 -1
-1 -1
-1 -1
-1 -1
-1 -1
-1 -1
-1 -1
-1 -1
-1 -1
-1 -1
-1 -1
-1 -1
-1 -1
-1 -1
-1 -1
-1 -1
-1 -1
-1 -1
-1 -1
-1 -1
-1 -1
-1 -1
-1 -1
-1 -1
-1 -1
-1 -1
-1 -1
-1 -1
-1 -1
-1 -1
-1 -1
-1 -1
-1 -1
-1 -1
-1 -1
-1 -1
-1 -1
-1 -1
-1 -1
-1 -1
-1 -1
-1 -1
-1 -1
-1 -1
-1 -1
-1 -1
-1 -1
-1 -1
-1 -1
-1 -1
-1 -1
-1 -1
-1 -1
-1 -1
-1 -1
-1 -1
-1 -1
-1 -1
-1 -1
-1 -1
-1 -1
-1 -1
-1 -1
-1 -1
-1 -1
-1 -1
-1 -1
-1 -1
-1 -1
-1 -1
-1 -1
-1 -1
-1 -1
-1 -1
-1 -1
-1 -1
-1 -1
-1 -1
-1 -1
-1 -1
-1 -1
-1 -1
-1 -1
-1 -1
-1 -1
-1 -1
-1 -1
-1 -1
-1 -1
-1 -1
-1 -1
-1 -1
-1 -1
-1 -1
-1 -1
-1 -1
-1 -1
-1 -1
-1 -1
-1 -1
-1 -1
-1 -1
-1 -1
-1 -1
-1 -1
-1 -1
-1 -1
-1 -1
-1 -1
-1 -1
-1 -1
-1 -1
-1 -1
-1 -1
-1 -1
-1 -1
-1 -1
-1 -1
-1 -1
-1 -1
-1 -1
-1 -1
-1 -1
-1 -1
-1 -1
-1 -1
-1 -1
-1 -1
-1 -1
-1 -1
-1 -1
-1 -1
-1 -1
-1 -1
-1 -1
-1 -1
-1 -1
-1 -1
-1 -1
-1 -1
-1 -1
-1 -1
-1 -1
-1 -1
-1 -1
-1 -1
-1 -1
-1 -1
-1 -1
-1 -1
-1 -1
-1 -1
-1 -1
-1 -1
-1 -1
-1 -1
-1 -1
-1 -1
-1 -1
-1 -1
-1 -1
-1 -1
-1 -1
-1 -1
-1 -1
-1 -1
-1 -1
-1 -1
-1 -1
-1 -1
-1 -1
-1 -1
-1 -1
-1 -1
-1 -1
-1 -1
-1 -1
-1 -1
-1 -1
-1 -1
-1 -1
-1 -1
-1 -1
-1 -1
-1 -1
-1 -1
-1 -1
-1 -1
-1 -1
-1 -1
-1 -1
-1 -1
-1 -1
-1 -1
-1 -1
-1 -1
-1 -1
-1 -1
-1 -1
-1 -1
-1 -1
-1 -1
-1 -1
-1 -1
-1 -1
-1 -1
-1 -1
-1 -1
-1 -1
-1 -1
-1 -1
-1 -1
-1 -1
-1 -1
-1 -1
-1 -1
-1 -1
-1 -1
-1 -1
-1 -1
-1 -1
-1 -1
-1 -1
-1 -1
-1 -1
-1 -1
-1 -1
-1 -1
-1 -1
-1 -1
-1 -1
-1 -1
-1 -1
-1 -1
-1 -1
-1 -1
-1 -1
-1 -1
-1 -1
-1 -1
-1 -1
-1 -1
-1 -1
-1 -1
-1 -1
-1 -1
-1 -1
-1 -1
-1 -1
-1 -1
-1 -1
-1 -1
-1 -1
-1 -1
-1 -1
-1 -1
-1 -1
-1 -1
-1 -1
-1 -1
-1 -1
-1 -1
-1 -1
-1 -1
-1 -1
-1 -1
-1 -1
-1 -1
-1 -1
-1 -1
-1 -1
-1 -1
-1 -1
-1 -1
-1 -1
-1 -1
-1 -1
-1 -1
-1 -1
-1 -1
-1 -1
-1 -1
-1 -1
-1 -1
-1 -1
-1 -1
-1 -1
-1 -1
-1 -1
-1 -1
-1 -1
-1 -1
-1 -1
-1 -1
-1 -1
-1 -1
-1 -1
-1 -1
-1 -1
-1 -1
-1 -1
-1 -1
-1 -1
-1 -1
-1 -1
-1 -1
-1 -1
-1 -1
-1 -1
-1 -1
-1 -1
-1 -1
-1 -1
-1 -1
-1 -1
-1 -1
-1 -1
-1 -1
-1 -1
-1 -1
-1 -1
-1 -1
-1 -1
-1 -1
-1 -1
-1 -1
-1 -1
-1 -1
-1 -1
-1 -1
-1 -1
-1 -1
-1 -1
-1 -1
-1 -1
-1 -1
-1 -1
-1 -1
-1 -1
-1 -1
-1 -1
-1 -1
-1 -1
-1 -1
-1 -1
-1 -1
-1 -1
-1 -1
-1 -1
-1 -1
-1 -1
-1 -1
-1 -1
-1 -1
-1 -1
-1 -1
-1 -1
-1 -1
-1 -1
-1 -1
-1 -1
-1 -1
-1 -1
-1 -1
-1 -1
-1 -1
-1 -1
-1 -1
-1 -1
-1 -1
-1 -1
-1 -1
-1 -1
-1 -1
-1 -1
-1 -1
-1 -1
-1 -1
-1 -1
-1 -1
-1 -1
-1 -1
-1 -1
-1 -1
-1 -1
-1 -1
-1 -1
-1 -1
-1 -1
-1 -1
-1 -1
-1 -1
-1 -1
-1 -1
-1 -1
-1 -1
-1 -1
-1 -1
-1 -1
-1 -1
-1 -1
-1 -1
-1 -1
-1 -1
-1 -1
-1 -1
-1 -1
-1 -1
-1 -1
-1 -1
-1 -1
-1 -1
-1 -1
-1 -1
-1 -1
-1 -1
-1 -1
-1 -1
-1 -1
-1 -1
-1 -1
-1 -1
-1 -1
-1 -1
-1 -1
-1 -1
-1 -1
-1 -1
-1 -1
-1 -1
-1 -1
-1 -1
-1 -1
-1 -1
-1 -1
-1 -1
-1 -1
-1 -1
-1 -1
-1 -1
-1 -1
-1 -1
-1 -1
-1 -1
-1 -1
-1 -1
-1 -1
-1 -1
-1 -1
-1 -1
-1 -1
-1 -1
-1 -1
-1 -1
-1 -1
-1 -1
-1 -1
-1 -1
-1 -1
-1 -1
-1 -1
-1 -1
-1 -1
-1 -1
-1 -1
-1 -1
-1 -1
-1 -1
-1 -1
-1 -1
-1 -1
-1 -1
-1 -1
-1 -1
-1 -1
-1 -1
-1 -1
-1 -1
-1 -1
-1 -1
-1 -1
-1 -1
-1 -1
-1 -1
-1 -1
-1 -1
-1 -1
-1 -1
-1 -1
-1 -1
-1 -1
-1 -1
-1 -1
-1 -1
-1 -1
-1 -1
-1 -1
-1 -1
-1 -1
-1 -1
-1 -1
-1 -1
-1 -1
-1 -1
-1 -1
-1 -1
-1 -1
-1 -1
-1 -1
-1 -1
-1 -1
-1 -1
-1 -1
