7 51
13 45
13 45
13 45
13 45
13 45
13 45
13 45
13 45
13 45
13 45
13 45
13 45
13 45
13 45
13 45
13 45
13 45
13 45
13 45
13 45
13 45
13 45
13 45
13 45
13 45
13 45
13 45
13 45
13 45
13 45
13 45
13 45
13 45
13 45
13 45
13 45
13 45
13 45
13 45
13 45
13 45
13 45
13 45
13 45
13 45
13 45
13 45
13 45
13 45
13 45
13 45
13 45
13 45
13 45
13 45
13 45
13 45
13 45
13 45
13 45
17 45
17 45
17 45
17 45
17 45
17 45
17 45
17 45
17 45
17 45
17 45
17 45
17 45
17 45
17 45
17 45
17 45
17 45
17 45
17 45
17 45
17 45
17 45
17 45
17 45
17 45
17 45
17 45
17 45
17 45
17 45
17 45
17 45
17 45
17 45
17 45
17 45
17 45
18 40
18 40
18 40
18 40
18 40
18 40
18 40
18 40
18 40
18 40
18 40
18 40
18 40
18 40
18 40
18 40
18 40
18 40
18 40
18 40
18 40
18 40
18 40
18 40
18 40
18 40
18 40
18 40
18 40
18 40
18 40
18 40
18 40
18 40
18 40
18 40
18 40
18 40
18 40
18 40
18 40
18 40
28 41
28 41
28 41
28 41
28 41
28 41
28 41
28 41
28 41
28 41
28 41
28 41
28 41
28 41
28 41
28 41
28 41
28 41
28 41
28 41
28 41
28 41
28 41
28 41
30 44
30 44
30 44
30 44
30 44
30 44
30 44
30 44
30 44
30 44
30 44
30 44
30 44
30 44
30 44
30 44
30 44
30 44
30 44
30 44
30 44
30 44
30 44
30 44
30 44
30 44
30 44
30 44
30 44
30 44
30 44
30 44
30 44
30 44
30 44
30 44
30 44
30 44
30 44
30 44
30 44
30 44
30 44
30 44
30 44
30 44
30 44
33 44
33 44
33 44
33 44
33 44
33 44
33 44
33 44
33 44
33 44
33 44
33 44
33 44
33 44
33 44
33 44
33 44
33 44
33 44
33 44
33 44
33 44
33 44
33 44
33 44
33 44
33 44
33 44
33 44
33 44
33 44
33 44
33 44
33 44
33 44
33 44
33 44
33 44
33 44
33 44
33 44
33 44
33 44
33 44
33 44
33 44
33 44
33 44
33 44
33 44
33 44
33 44
33 44
33 44
33 44
33 44
33 44
33 44
33 44
33 44
33 44
33 44
33 44
33 44
33 44
33 44
33 44
33 44
33 44
33 44
33 44
33 44
33 44
33 44
33 44
33 44
33 44
33 44
33 44
33 44
33 44
33 44
33 44
33 44
33 44
34 32
34 32
34 32
34 32
34 32
34 32
34 32
34 32
34 32
34 32
34 32
34 32
34 32
34 32
34 32
34 32
34 32
34 32
34 32
34 32
44 35
44 35
44 35
44 35
44 35
44 35
44 35
44 35
44 35
44 35
44 35
44 35
44 35
44 35
44 35
44 35
44 35
44 35
44 35
44 35
44 35
44 35
44 35
44 35
44 35
44 35
44 35
44 35
44 35
44 35
44 35
44 35
44 35
44 35
44 35
44 35
44 35
44 35
44 35
44 35
44 35
44 35
44 35
44 35
44 35
44 35
44 35
44 35
44 35
44 35
44 35
44 35
44 35
44 35
44 35
44 35
44 35
44 35
44 35
44 35
44 35
44 35
44 35
44 35
44 35
44 35
44 35
44 35
44 35
44 35
44 35
44 35
44 35
44 35
44 35
44 35
46 19
46 19
46 19
46 19
46 19
46 19
46 19
46 19
46 19
46 19
46 19
46 19
46 19
46 19
46 19
46 19
46 19
46 19
46 19
46 19
46 19
46 19
46 19
46 19
46 19
46 19
46 19
46 19
46 19
46 19
46 19
46 19
46 19
46 19
46 19
46 19
46 19
46 19
46 19
46 19
46 19
46 19
46 19
46 19
46 19
52 16
52 16
52 16
52 16
52 16
52 16
52 16
52 16
52 16
52 16
52 16
52 16
52 16
52 16
52 16
52 16
52 16
52 16
52 16
52 16
53 13
53 13
53 13
53 13
53 13
53 13
53 13
53 13
53 13
53 13
53 13
53 13
53 13
53 13
53 13
53 13
53 13
53 13
53 13
58 5
58 5
58 5
58 5
58 5
58 5
58 5
58 5
58 5
58 5
58 5
58 5
58 5
58 5
58 5
58 5
58 5
58 5
58 5
58 5
58 5
58 5
58 5
58 5
58 5
58 5
58 5
58 5
58 5
58 5
58 5
58 5
58 5
58 5
58 5
58 5
58 5
58 5
58 5
58 5
58 5
58 5
58 5
58 5
58 5
56 3
56 3
56 3
56 3
56 3
56 3
56 3
56 3
56 3
56 3
56 3
56 3
56 3
56 3
56 3
56 3
56 3
56 3
56 3
56 3
56 3
56 3
61 -1
61 -1
61 -1
61 -1
61 -1
61 -1
61 -1
61 -1
61 -1
61 -1
61 -1
61 -1
61 -1
61 -1
61 -1
61 -1
61 -1
61 -1
61 -1
61 -1
61 -1
61 -1
61 -1
61 -1
61 -1
61 -1
60 -2
60 -2
60 -2
60 -2
60 -2
60 -2
60 -2
60 -2
60 -2
60 -2
60 -2
60 -2
60 -2
60 -2
60 -2
60 -2
60 -2
60 -2
60 -2
60 -2
60 -2
60 -2
60 -2
60 -2
60 -2
60 -2
60 -2
60 -2
60 -2
60 -2
60 -2
60 -2
60 -2
60 -2
60 -2
60 -2
60 -2
60 -2
60 -2
60 -2
60 -2
60 -2
60 -2
60 -2
60 -2
60 -2
60 -2
63 -5
63 -5
63 -5
63 -5
63 -5
63 -5
63 -5
63 -5
63 -5
63 -5
63 -5
63 -5
63 -5
63 -5
63 -5
63 -5
63 -5
63 -5
63 -5
63 -5
63 -5
63 -5
63 -5
63 -5
63 -5
63 -5
63 -5
63 -5
63 -5
63 -5
63 -5
63 -5
63 -5
63 -5
63 -5
63 -5
63 -5
63 -5
63 -5
63 -5
63 -5
63 -5
63 -5
63 -5
63 -5
63 -5
54 -10
54 -10
54 -10
54 -10
54 -10
54 -10
54 -10
54 -10
54 -10
54 -10
54 -10
54 -10
54 -10
54 -10
54 -10
54 -10
54 -10
54 -10
54 -10
54 -10
54 -10
54 -10
49 -11
49 -11
49 -11
49 -11
49 -11
49 -11
49 -11
49 -11
49 -11
49 -11
49 -11
49 -11
49 -11
49 -11
49 -11
49 -11
49 -11
49 -11
49 -11
49 -18
49 -18
49 -18
49 -18
49 -18
49 -18
49 -18
49 -18
49 -18
49 -18
49 -18
49 -18
49 -18
46 -27
46 -27
46 -27
46 -27
46 -27
46 -27
46 -27
46 -27
46 -27
46 -27
46 -27
46 -27
46 -27
46 -27
46 -27
46 -27
46 -27
46 -27
46 -27
46 -27
46 -27
46 -27
46 -27
46 -27
46 -27
46 -27
46 -27
46 -27
46 -27
46 -27
46 -27
46 -27
46 -27
46 -27
46 -27
46 -27
46 -27
46 -27
46 -27
46 -27
46 -27
46 -27
46 -27
46 -27
40 -30
40 -30
40 -30
40 -30
40 -30
40 -30
40 -30
40 -30
40 -30
40 -30
40 -30
40 -30
40 -30
40 -30
40 -30
40 -30
40 -30
40 -30
40 -30
40 -30
40 -30
40 -30
40 -30
40 -30
40 -30
40 -30
40 -30
40 -30
40 -30
40 -30
40 -30
40 -30
40 -30
40 -30
40 -30
40 -30
40 -30
40 -30
40 -30
40 -30
40 -30
40 -30
40 -30
40 -30
26 -35
26 -35
26 -35
26 -35
26 -35
26 -35
26 -35
26 -35
26 -35
26 -35
26 -35
26 -35
26 -35
26 -35
26 -35
26 -35
26 -35
26 -35
26 -35
26 -35
26 -35
26 -35
26 -35
26 -35
26 -35
26 -35
26 -35
26 -35
26 -35
26 -35
26 -35
26 -35
26 -35
26 -35
26 -35
26 -35
26 -35
26 -35
31 -44
31 -44
31 -44
31 -44
31 -44
31 -44
31 -44
31 -44
31 -44
31 -44
31 -44
31 -44
31 -44
31 -44
31 -44
31 -44
31 -44
31 -44
31 -44
31 -44
31 -44
31 -44
31 -44
31 -44
31 -44
31 -44
31 -44
31 -44
31 -44
31 -44
31 -44
31 -44
31 -44
31 -44
31 -44
31 -44
31 -44
31 -44
31 -44
31 -44
28 -51
28 -51
28 -51
28 -51
28 -51
28 -51
28 -51
28 -51
28 -51
28 -51
28 -51
28 -51
28 -51
28 -51
28 -51
28 -51
28 -51
28 -51
28 -51
28 -51
28 -51
28 -51
28 -51
28 -51
28 -51
28 -51
28 -51
28 -51
28 -51
28 -51
28 -51
28 -51
28 -51
28 -51
28 -51
28 -51
28 -51
28 -51
28 -51
28 -51
28 -51
28 -51
28 -51
28 -51
22 -52
23 -60
23 -60
23 -60
23 -60
23 -60
23 -60
23 -60
23 -60
23 -60
23 -60
23 -60
23 -60
23 -60
23 -60
23 -60
23 -60
23 -60
23 -60
23 -60
23 -60
23 -60
23 -60
23 -60
23 -60
23 -60
23 -60
23 -60
23 -60
23 -60
23 -60
23 -60
23 -60
23 -60
23 -60
23 -60
23 -60
23 -60
23 -60
23 -60
23 -60
23 -60
23 -60
23 -60
23 -60
23 -60
23 -60
24 -58
24 -58
24 -58
24 -58
24 -58
24 -58
24 -58
24 -58
24 -58
24 -58
24 -58
24 -58
24 -58
24 -58
24 -58
24 -58
24 -58
24 -58
24 -58
24 -58
24 -58
24 -58
24 -58
22 -67
22 -67
22 -67
22 -67
22 -67
22 -67
22 -67
22 -67
22 -67
22 -67
22 -67
22 -67
22 -67
22 -67
22 -67
22 -67
22 -67
22 -67
22 -67
22 -67
22 -67
22 -67
21 -66
21 -66
21 -66
21 -66
21 -66
21 -66
21 -66
21 -66
21 -66
21 -66
21 -66
21 -66
21 -66
21 -66
21 -66
21 -66
21 -66
21 -66
21 -66
21 -66
21 -66
21 -66
21 -66
21 -66
21 -66
21 -66
21 -66
21 -66
21 -66
21 -66
21 -66
21 -66
21 -66
21 -66
21 -66
21 -66
21 -66
21 -66
21 -66
21 -66
21 -66
21 -66
21 -66
21 -66
21 -66
21 -66
21 -66
21 -66
21 -66
21 -66
21 -66
21 -66
21 -66
21 -66
21 -66
21 -66
21 -66
21 -66
21 -66
21 -66
21 -66
22 -72
22 -72
22 -72
22 -72
22 -72
22 -72
22 -72
22 -72
22 -72
22 -72
22 -72
22 -72
22 -72
22 -72
22 -72
22 -72
22 -72
22 -72
22 -72
22 -72
22 -72
22 -72
22 -72
22 -72
22 -72
22 -72
22 -72
22 -72
22 -72
22 -72
22 -72
22 -72
22 -72
22 -72
22 -72
22 -72
22 -72
17 -74
17 -74
17 -74
17 -74
17 -74
17 -74
17 -74
17 -74
17 -74
17 -74
17 -74
17 -74
17 -74
17 -74
17 -74
17 -74
17 -74
17 -74
17 -74
17 -74
17 -74
17 -74
17 -74
17 -74
17 -74
17 -74
17 -74
17 -74
17 -74
17 -74
17 -74
17 -74
17 -74
17 -74
17 -74
17 -74
17 -74
17 -74
17 -74
17 -74
17 -74
17 -74
17 -74
16 -89
15 -76
15 -76
15 -76
15 -76
15 -76
15 -76
15 -76
15 -76
15 -76
15 -76
15 -76
15 -76
15 -76
15 -76
15 -76
15 -76
15 -76
15 -76
15 -76
15 -76
15 -76
15 -76
15 -76
15 -76
15 -76
15 -76
15 -76
15 -76
15 -76
15 -76
15 -76
15 -76
15 -76
15 -76
15 -76
15 -76
15 -76
15 -76
15 -76
15 -76
15 -76
15 -76
15 -76
15 -76
15 -76
15 -76
8 -75
8 -75
8 -75
8 -75
8 -75
8 -75
8 -75
8 -75
8 -75
8 -75
8 -75
8 -75
8 -75
8 -75
8 -75
8 -75
8 -75
8 -75
8 -75
8 -75
8 -75
8 -75
8 -75
8 -75
8 -75
8 -75
8 -75
8 -75
8 -75
8 -75
8 -75
8 -75
8 -75
8 -75
8 -75
8 -75
8 -75
8 -75
8 -75
8 -75
8 -75
8 -75
8 -75
8 -75
8 -75
8 -75
8 -75
8 -75
8 -75
8 -75
6 -70
6 -70
6 -70
6 -70
6 -70
6 -70
6 -70
6 -70
6 -70
6 -70
6 -70
6 -70
6 -70
6 -70
6 -70
6 -70
6 -70
6 -70
6 -70
6 -70
6 -70
6 -70
6 -70
6 -70
6 -70
6 -70
6 -70
6 -70
6 -70
6 -70
6 -70
6 -70
6 -70
6 -70
6 -70
6 -70
6 -70
6 -70
6 -70
6 -70
6 -70
6 -70
6 -70
6 -70
6 -70
6 -70
2 -73
2 -73
2 -73
2 -73
2 -73
2 -73
2 -73
2 -73
2 -73
2 -73
2 -73
2 -73
2 -73
2 -73
2 -73
2 -73
2 -73
2 -73
2 -73
2 -73
2 -73
2 -73
2 -73
2 -73
2 -73
2 -73
2 -73
2 -73
2 -73
2 -73
2 -73
2 -73
2 -73
2 -73
2 -73
2 -73
2 -73
2 -73
2 -73
2 -73
2 -73
2 -73
2 -73
2 -73
2 -73
2 -73
2 -73
2 -73
2 -73
2 -73
6 -70
6 -70
6 -70
6 -70
6 -70
6 -70
6 -70
6 -70
6 -70
6 -70
6 -70
6 -70
6 -70
6 -70
6 -70
6 -70
6 -70
6 -70
6 -70
6 -70
6 -70
6 -70
6 -70
3 -76
3 -76
3 -76
3 -76
3 -76
3 -76
3 -76
3 -76
3 -76
3 -76
3 -76
3 -76
3 -76
3 -76
3 -76
3 -76
3 -76
3 -76
3 -76
3 -76
3 -76
3 -76
5 -73
5 -73
5 -73
5 -73
5 -73
5 -73
5 -73
5 -73
5 -73
5 -73
5 -73
5 -73
5 -73
5 -73
5 -73
5 -73
5 -73
5 -73
5 -73
5 -73
5 -73
1 -73
1 -73
1 -73
1 -73
1 -73
1 -73
1 -73
1 -73
1 -73
1 -73
1 -73
1 -73
1 -73
1 -73
1 -73
1 -73
1 -73
1 -73
1 -73
1 -73
1 -73
1 -73
1 -73
1 -73
1 -73
1 -73
1 -73
1 -73
1 -73
1 -73
1 -73
1 -73
1 -73
1 -73
1 -73
1 -73
1 -73
1 -73
1 -73
1 -73
1 -73
1 -73
0 -79
0 -79
0 -79
0 -79
0 -79
0 -79
0 -79
0 -79
0 -79
0 -79
0 -79
0 -79
0 -79
0 -79
0 -79
0 -79
0 -79
0 -79
-4 -70
-4 -70
-4 -70
-4 -70
-4 -70
-4 -70
-4 -70
-4 -70
-4 -70
-4 -70
-4 -70
-4 -70
-4 -70
-4 -70
-4 -70
-4 -70
-4 -70
-4 -70
-4 -70
-4 -70
1 -69
1 -69
1 -69
1 -69
1 -69
1 -69
1 -69
1 -69
1 -69
1 -69
1 -69
1 -69
1 -69
1 -69
1 -69
1 -69
1 -69
1 -69
1 -69
1 -69
1 -69
1 -69
1 -69
1 -69
1 -69
1 -69
1 -69
1 -69
1 -69
1 -69
1 -69
1 -69
1 -69
1 -69
1 -69
1 -69
1 -69
1 -69
1 -69
1 -69
1 -69
1 -72
1 -72
1 -72
1 -72
1 -72
1 -72
1 -72
1 -72
1 -72
1 -72
1 -72
1 -72
1 -72
1 -72
1 -72
1 -72
1 -72
1 -72
1 -72
-2 -71
-2 -71
-2 -71
-2 -71
-2 -71
-2 -71
-2 -71
-2 -71
-2 -71
-2 -71
-2 -71
-2 -71
-2 -71
-2 -71
-2 -71
-2 -71
-2 -71
-2 -71
-2 -71
-2 -71
-2 -71
-2 -71
-2 -71
-2 -71
-2 -71
-2 -71
-2 -71
-2 -71
-2 -71
-2 -71
-2 -71
-2 -71
-2 -71
-2 -71
-2 -71
-2 -71
-2 -71
-2 -71
-2 -71
-2 -71
-2 -71
-2 -71
-2 -71
-2 -71
-2 -71
-2 -71
-2 -71
-2 -71
-2 -71
-2 -71
-2 -71
-2 -71
-2 -71
-2 -71
-2 -71
-2 -71
-2 -71
-2 -71
-1 -62
-2 -66
-2 -66
-2 -66
-2 -66
-2 -66
-2 -66
-2 -66
-2 -66
-2 -66
-2 -66
-2 -66
-2 -66
-2 -66
-2 -66
-2 -66
-2 -66
-2 -66
-2 -66
-2 -66
-2 -66
-2 -66
-2 -66
-2 -66
-2 -66
-2 -66
-2 -66
-2 -66
-2 -66
-2 -66
-2 -66
-2 -66
-2 -66
-2 -66
-2 -66
-2 -66
-2 -66
-2 -66
-2 -66
-2 -66
-2 -66
-3 -69
-3 -69
-3 -69
-3 -69
-3 -69
-3 -69
-3 -69
-3 -69
-3 -69
-3 -69
-3 -69
-3 -69
-3 -69
-3 -69
-3 -69
-3 -69
-3 -69
-3 -69
-3 -69
-7 -69
-7 -69
-7 -69
-7 -69
-7 -69
-7 -69
-7 -69
-7 -69
-7 -69
-7 -69
-7 -69
-7 -69
-7 -69
-7 -69
-7 -69
-7 -69
-7 -69
-7 -69
-7 -69
-4 -72
-4 -72
-4 -72
-4 -72
-4 -72
-4 -72
-4 -72
-4 -72
-4 -72
-4 -72
-4 -72
-4 -72
-4 -72
-4 -72
-4 -72
-4 -72
-4 -72
-4 -72
-4 -72
-4 -72
-4 -72
-4 -72
-4 -72
-4 -72
-4 -72
-4 -72
-4 -72
-4 -72
-4 -72
-4 -72
-4 -72
-4 -72
-4 -72
-4 -72
-4 -72
-4 -72
-4 -72
-4 -72
-4 -72
-4 -72
-4 -72
-4 -72
-4 -72
-4 -72
-4 -72
-4 -72
-4 -72
-4 -72
-4 -72
-4 -72
-4 -72
-4 -72
-4 -72
-4 -72
-4 -72
-4 -72
-4 -72
-4 -72
-4 -72
-10 -74
-8 -67
-8 -67
-8 -67
-8 -67
-8 -67
-8 -67
-8 -67
-8 -67
-8 -67
-8 -67
-8 -67
-8 -67
-8 -67
-8 -67
-8 -67
-8 -67
-8 -67
-8 -67
-8 -67
-8 -67
-8 -67
-8 -67
-8 -67
-8 -67
-8 -67
-8 -67
-8 -67
-8 -67
-8 -67
-8 -67
-8 -67
-8 -67
-8 -67
-8 -67
-8 -67
-8 -67
-8 -67
-8 -67
-8 -67
-8 -67
-8 -67
-8 -67
-8 -67
-8 -67
-8 -67
-8 -67
-8 -67
-8 -67
-8 -67
-8 -67
-8 -67
-8 -67
-8 -67
-8 -67
-8 -67
-8 -67
-8 -67
-8 -67
-8 -67
-8 -67
-8 -67
-8 -67
-8 -67
-8 -67
-8 -67
-8 -67
-8 -67
-8 -67
-13 -65
-18 -70
-18 -70
-18 -70
-18 -70
-18 -70
-18 -70
-18 -70
-18 -70
-18 -70
-18 -70
-18 -70
-18 -70
-18 -70
-18 -70
-18 -70
-18 -70
-18 -70
-18 -70
-18 -70
-18 -70
-18 -70
-20 -65
-20 -65
-20 -65
-20 -65
-20 -65
-20 -65
-20 -65
-20 -65
-20 -65
-20 -65
-20 -65
-20 -65
-20 -65
-20 -65
-20 -65
-20 -65
-20 -65
-20 -65
-20 -65
-20 -65
-20 -65
-20 -65
-20 -65
-20 -65
-20 -65
-20 -65
-20 -65
-20 -65
-20 -65
-20 -65
-20 -65
-20 -65
-20 -65
-20 -65
-20 -65
-20 -65
-20 -65
-20 -65
-20 -65
-20 -65
-20 -65
-20 -65
-20 -65
-20 -65
-20 -65
-20 -65
-20 -65
-15 -70
-15 -70
-15 -70
-15 -70
-15 -70
-15 -70
-15 -70
-15 -70
-15 -70
-15 -70
-15 -70
-15 -70
-15 -70
-15 -70
-15 -70
-15 -70
-15 -70
-15 -70
-15 -70
-15 -70
-15 -70
-15 -70
-15 -70
-15 -70
-15 -70
-15 -70
-15 -70
-15 -70
-15 -70
-15 -70
-15 -70
-15 -70
-15 -70
-15 -70
-15 -70
-15 -70
-15 -70
-15 -70
-15 -70
-15 -70
-15 -70
-16 -60
-21 -60
-21 -60
-21 -60
-21 -60
-21 -60
-21 -60
-21 -60
-21 -60
-21 -60
-21 -60
-21 -60
-21 -60
-21 -60
-21 -60
-21 -60
-21 -60
-21 -60
-21 -60
-21 -60
-21 -60
-21 -60
-21 -60
-21 -60
-21 -60
-21 -60
-21 -60
-21 -60
-21 -60
-21 -60
-21 -60
-21 -60
-21 -60
-19 -59
-19 -59
-19 -59
-19 -59
-19 -59
-19 -59
-19 -59
-19 -59
-19 -59
-19 -59
-19 -59
-19 -59
-19 -59
-19 -59
-19 -59
-19 -59
-23 -59
-23 -59
-23 -59
-23 -59
-23 -59
-23 -59
-23 -59
-23 -59
-23 -59
-23 -59
-23 -59
-23 -59
-23 -59
-23 -59
-23 -59
-23 -59
-23 -59
-23 -57
-23 -57
-23 -57
-23 -57
-23 -57
-23 -57
-23 -57
-23 -57
-23 -57
-23 -57
-23 -57
-23 -57
-23 -57
-23 -57
-23 -57
-23 -57
-23 -57
-23 -57
-23 -57
-23 -57
-23 -57
-23 -57
-23 -57
-23 -57
-23 -57
-23 -57
-23 -57
-23 -57
-23 -57
-23 -57
-23 -57
-23 -57
-23 -62
-23 -62
-23 -62
-23 -62
-23 -62
-23 -62
-23 -62
-23 -62
-23 -62
-23 -62
-23 -62
-23 -62
-23 -62
-23 -62
-23 -62
-23 -62
-23 -62
-23 -62
-23 -62
-23 -62
-23 -62
-23 -62
-23 -62
-23 -62
-23 -62
-23 -62
-23 -62
-23 -62
-23 -62
-23 -62
-23 -62
-23 -62
-25 -58
-25 -58
-25 -58
-25 -58
-25 -58
-25 -58
-25 -58
-25 -58
-25 -58
-25 -58
-25 -58
-25 -58
-25 -58
-25 -58
-25 -58
-25 -58
-25 -58
-25 -58
-25 -58
-25 -58
-25 -58
-25 -58
-25 -58
-25 -58
-25 -58
-25 -58
-25 -58
-25 -58
-25 -58
-25 -58
-25 -58
-25 -58
-25 -58
-35 -52
-35 -52
-35 -52
-35 -52
-35 -52
-35 -52
-35 -52
-35 -52
-35 -52
-35 -52
-35 -52
-35 -52
-35 -52
-35 -52
-35 -52
-35 -52
-35 -52
-35 -52
-35 -52
-35 -52
-35 -52
-35 -52
-35 -52
-35 -52
-35 -52
-35 -52
-35 -52
-35 -52
-35 -52
-35 -52
-35 -52
-35 -52
-35 -52
-29 -53
-29 -53
-29 -53
-29 -53
-29 -53
-29 -53
-29 -53
-29 -53
-29 -53
-29 -53
-29 -53
-29 -53
-29 -53
-29 -53
-29 -53
-29 -53
-29 -43
-29 -43
-29 -43
-29 -43
-29 -43
-29 -43
-29 -43
-29 -43
-29 -43
-29 -43
-29 -43
-29 -43
-29 -43
-29 -43
-29 -43
-29 -43
-29 -43
-30 -44
-30 -44
-30 -44
-30 -44
-30 -44
-30 -44
-30 -44
-30 -44
-30 -44
-30 -44
-30 -44
-30 -44
-30 -44
-30 -44
-30 -44
-30 -44
-30 -44
-30 -44
-30 -44
-30 -44
-30 -44
-30 -44
-30 -44
-30 -44
-30 -44
-30 -44
-30 -44
-30 -44
-30 -44
-30 -44
-30 -44
-30 -44
-30 -44
-30 -44
-30 -44
-30 -44
-30 -44
-30 -44
-30 -44
-30 -44
-30 -44
-30 -44
-30 -44
-30 -44
-30 -44
-30 -44
-30 -44
-30 -44
-30 -44
-38 -47
-36 -32
-36 -32
-36 -32
-36 -32
-36 -32
-36 -32
-36 -32
-36 -32
-36 -32
-36 -32
-36 -32
-36 -32
-36 -32
-36 -32
-36 -32
-36 -32
-36 -32
-36 -32
-36 -32
-36 -32
-36 -32
-36 -32
-36 -32
-36 -32
-36 -32
-36 -32
-36 -32
-36 -32
-36 -32
-38 -34
-38 -34
-38 -34
-38 -34
-38 -34
-38 -34
-38 -34
-38 -34
-38 -34
-38 -34
-38 -34
-38 -34
-38 -34
-38 -34
-38 -34
-38 -34
-38 -28
-38 -28
-38 -28
-38 -28
-38 -28
-38 -28
-38 -28
-38 -28
-38 -28
-38 -28
-38 -28
-38 -28
-38 -28
-38 -28
-38 -28
-41 -25
-41 -25
-41 -25
-41 -25
-41 -25
-41 -25
-41 -25
-41 -25
-41 -25
-41 -25
-41 -25
-41 -25
-41 -25
-41 -25
-50 -23
-50 -23
-50 -23
-50 -23
-50 -23
-50 -23
-50 -23
-50 -23
-50 -23
-50 -23
-50 -23
-50 -23
-50 -23
-50 -23
-50 -23
-50 -23
-50 -23
-50 -23
-50 -23
-50 -23
-50 -23
-50 -23
-50 -23
-50 -23
-50 -23
-50 -23
-50 -23
-50 -23
-50 -23
-50 -23
-50 -23
-50 -23
-50 -23
-50 -23
-50 -23
-50 -23
-50 -23
-50 -23
-50 -23
-50 -23
-50 -23
-50 -23
-50 -23
-50 -23
-50 -23
-50 -23
-50 -23
-50 -23
-56 -13
-56 -13
-56 -13
-56 -13
-56 -13
-56 -13
-56 -13
-56 -13
-56 -13
-56 -13
-56 -13
-56 -13
-56 -13
-56 -13
-56 -13
-56 -13
-56 -13
-56 -13
-56 -13
-56 -13
-56 -13
-56 -13
-56 -13
-56 -13
-56 -13
-56 -13
-56 -13
-56 -13
-56 -13
-56 -13
-56 -13
-56 -13
-57 -12
-57 -12
-57 -12
-57 -12
-57 -12
-57 -12
-57 -12
-57 -12
-57 -12
-57 -12
-57 -12
-57 -12
-57 -12
-57 -12
-56 -6
-56 -6
-56 -6
-56 -6
-56 -6
-56 -6
-56 -6
-56 -6
-56 -6
-56 -6
-56 -6
-56 -6
-56 -6
-56 -6
-56 -6
-56 -6
-55 7
-55 7
-55 7
-55 7
-55 7
-55 7
-55 7
-55 7
-55 7
-55 7
-55 7
-55 7
-55 7
-55 7
-55 7
-55 7
-55 7
-55 7
-55 7
-55 7
-55 7
-55 7
-55 7
-55 7
-55 7
-55 7
-55 7
-55 7
-55 7
-55 7
-55 7
-55 7
-55 7
-55 7
-55 7
-55 7
-55 7
-55 7
-55 7
-55 7
-55 7
-55 7
-55 7
-55 7
-55 7
-55 7
-59 11
-59 11
-59 11
-59 11
-59 11
-59 11
-59 11
-59 11
-59 11
-59 11
-59 11
-59 11
-59 11
-59 11
-59 11
-59 11
-59 11
-59 11
-59 11
-59 11
-59 11
-59 11
-59 11
-59 11
-59 11
-59 11
-59 11
-59 11
-59 11
-59 11
-58 17
-58 17
-58 17
-58 17
-58 17
-58 17
-58 17
-58 17
-58 17
-58 17
-58 17
-58 17
-58 17
-58 17
-58 17
-56 15
-56 15
-56 15
-56 15
-56 15
-56 15
-56 15
-56 15
-56 15
-56 15
-56 15
-56 15
-56 15
-56 15
-56 15
-56 15
-51 26
-51 26
-51 26
-51 26
-51 26
-51 26
-51 26
-51 26
-51 26
-51 26
-51 26
-51 26
-51 26
-51 26
-51 26
-51 26
-51 26
-51 26
-51 26
-51 26
-51 26
-51 26
-51 26
-51 26
-51 26
-51 26
-51 26
-51 26
-51 26
-51 26
-51 26
-51 26
-51 26
-51 29
-51 29
-51 29
-51 29
-51 29
-51 29
-51 29
-51 29
-51 29
-51 29
-51 29
-51 29
-51 29
-51 29
-51 29
-51 29
-51 29
-51 29
-51 29
-51 29
-51 29
-51 29
-51 29
-51 29
-51 29
-51 29
-51 29
-51 29
-51 29
-51 29
-51 29
-51 29
-51 29
-51 29
-51 29
-51 29
-51 29
-51 29
-51 29
-51 29
-51 29
-51 29
-51 29
-51 29
-51 29
-51 29
-51 29
-51 29
-51 29
-51 29
-51 29
-51 29
-51 29
-51 29
-51 29
-51 29
-51 29
-51 29
-53 50
-53 50
-53 50
-53 50
-53 50
-53 50
-53 50
-53 50
-53 50
-53 50
-53 50
-53 50
-53 50
-53 50
-53 50
-53 50
-53 50
-53 50
-53 50
-53 50
-53 50
-53 50
-53 50
-53 50
-53 50
-44 49
-41 53
-41 53
-41 53
-41 53
-41 53
-41 53
-41 53
-41 53
-41 53
-41 53
-41 53
-41 53
-41 53
-41 53
-41 53
-41 53
-41 53
-41 53
-41 53
-41 53
-41 53
-41 53
-41 53
-41 53
-41 53
-41 53
-41 53
-41 53
-37 55
-37 55
-37 55
-37 55
-37 55
-37 55
-37 55
-37 55
-37 55
-37 55
-37 55
-37 55
-37 55
-37 55
-37 55
-37 55
-37 55
-37 55
-37 71
-37 71
-37 71
-37 71
-37 71
-37 71
-37 71
-37 71
-37 71
-37 71
-37 71
-37 71
-37 71
-37 71
-37 71
-37 71
-37 71
-37 71
-37 71
-37 71
-37 71
-37 71
-37 71
-37 71
-37 71
-37 71
-37 71
-37 71
-37 71
-37 71
-37 71
-37 71
-37 71
-37 71
-30 69
-30 69
-30 69
-30 69
-30 69
-30 69
-30 69
-30 69
-30 69
-30 69
-30 69
-30 69
-30 69
-30 69
-30 69
-30 69
-33 69
-33 69
-33 69
-33 69
-33 69
-33 69
-33 69
-33 69
-33 69
-33 69
-33 69
-33 69
-33 69
-33 69
-33 69
-33 69
-33 69
-33 69
-33 69
-33 69
-33 69
-33 69
-33 69
-33 69
-33 69
-33 69
-33 69
-33 69
-33 69
-33 69
-33 69
-33 69
-33 69
-33 69
-25 64
-25 64
-25 64
-25 64
-25 64
-25 64
-25 64
-25 64
-25 64
-25 64
-25 64
-25 64
-25 64
-25 64
-25 64
-25 64
-25 64
-25 64
-25 64
-25 64
-25 64
-25 64
-25 64
-25 64
-25 64
-25 64
-25 64
-25 64
-25 64
-25 64
-25 64
-25 64
-25 64
-25 64
-25 64
-25 64
-30 73
-30 73
-30 73
-30 73
-30 73
-30 73
-30 73
-30 73
-30 73
-30 73
-30 73
-30 73
-30 73
-30 73
-30 73
-30 73
-30 73
-30 73
-30 73
-30 73
-30 73
-30 73
-30 73
-30 73
-30 73
-30 73
-30 73
-30 73
-30 73
-30 73
-30 73
-30 73
-30 73
-30 73
-30 73
-30 73
-30 73
-30 73
-30 73
-30 73
-30 73
-30 73
-30 73
-30 73
-30 73
-30 73
-30 73
-30 73
-30 73
-30 73
-30 73
-30 73
-30 73
-30 73
-30 73
-30 73
-30 73
-30 73
-30 73
-30 73
-30 73
-30 73
-30 73
-30 73
-30 73
-30 73
-30 73
-30 73
-30 73
-30 73
-30 73
-30 73
-30 73
-30 73
-30 73
-30 73
-30 73
-30 73
-30 73
-30 73
-30 73
-30 73
-30 73
-30 73
-30 73
-30 73
-20 79
-20 79
-20 79
-20 79
-20 79
-20 79
-20 79
-20 79
-20 79
-20 79
-20 79
-20 79
-20 79
-20 79
-20 79
-20 79
-20 79
-20 79
-18 82
-18 82
-18 82
-18 82
-18 82
-18 82
-18 82
-18 82
-18 82
-18 82
-18 82
-18 82
-18 82
-18 82
-18 82
-18 82
-18 82
-23 77
-23 77
-23 77
-23 77
-23 77
-23 77
-23 77
-23 77
-23 77
-23 77
-23 77
-23 77
-23 77
-23 77
-23 77
-23 77
-23 77
-23 77
-23 77
-23 77
-23 77
-23 77
-23 77
-23 77
-23 77
-23 77
-23 77
-23 77
-23 77
-23 77
-23 77
-23 77
-16 73
-16 73
-16 73
-16 73
-16 73
-16 73
-16 73
-16 73
-16 73
-16 73
-16 73
-16 73
-16 73
-16 73
-16 73
-16 73
-16 73
-16 73
-16 73
-16 73
-16 73
-16 73
-16 73
-16 73
-16 73
-16 73
-16 73
-16 73
-12 75
-12 75
-12 75
-12 75
-12 75
-12 75
-12 75
-12 75
-12 75
-12 75
-12 75
-12 75
-12 75
-12 75
-12 75
-12 75
-12 75
-12 75
-12 75
-12 75
-12 75
-12 75
-12 75
-12 75
-12 75
-12 75
-12 75
-12 75
-12 75
-12 75
-12 75
-12 75
-12 75
-12 75
-12 75
-12 75
-3 71
-3 71
-3 71
-3 71
-3 71
-3 71
-3 71
-3 71
-3 71
-3 71
-3 71
-3 71
-3 71
-3 71
-3 71
-3 71
-3 71
-7 70
-7 70
-7 70
-7 70
-7 70
-7 70
-7 70
-7 70
-7 70
-7 70
-7 70
-7 70
-7 70
-7 70
-7 70
-7 70
-7 70
-7 70
-7 70
-7 70
-7 70
-7 70
-7 70
-7 70
-7 70
-7 70
-7 70
-7 70
-7 70
-7 70
-7 70
-7 70
-7 70
0 69
0 69
0 69
0 69
0 69
0 69
0 69
0 69
0 69
0 69
0 69
0 69
0 69
0 69
0 69
0 69
0 69
0 69
0 69
0 69
0 69
0 69
0 69
0 69
0 69
0 69
0 69
0 69
0 69
0 69
0 69
0 69
0 69
0 69
0 69
0 69
0 69
-4 59
-1 53
-1 53
-1 53
-1 53
-1 53
-1 53
-1 53
-1 53
-1 53
-1 53
-1 53
-1 53
-1 53
-1 53
-1 53
-1 53
-1 53
-1 53
-1 53
-1 53
-1 53
-1 53
-1 53
-1 53
-1 53
-1 53
-1 53
-1 53
-1 53
-1 53
-1 53
-1 53
-1 53
-1 53
-1 53
-1 53
-1 53
-1 53
-1 53
-1 53
-1 53
-1 53
-1 53
-1 53
-1 53
-1 53
-1 53
-1 53
-1 53
-1 53
-1 53
-1 53
-1 53
-1 53
-1 53
-1 53
-1 53
-1 53
-1 53
-1 53
-1 53
-1 53
-1 53
-1 53
-1 53
6 49
0 44
0 44
0 44
0 44
0 44
0 44
0 44
0 44
0 44
0 44
0 44
0 44
0 44
0 44
0 44
4 39
4 39
4 39
4 39
4 39
4 39
4 39
4 39
4 39
4 39
4 39
4 39
4 39
4 39
4 39
4 39
4 32
4 32
4 32
4 32
4 32
4 32
4 32
4 32
4 32
4 32
4 32
4 32
4 32
4 32
4 32
4 32
4 32
4 32
4 32
4 32
4 32
4 32
4 32
4 32
4 32
4 32
4 32
4 32
4 32
4 32
4 32
4 32
4 32
4 32
4 32
7 28
7 28
7 28
7 28
7 28
7 28
7 28
7 28
7 28
7 28
7 28
7 28
7 28
7 28
7 28
7 28
7 28
7 28
7 28
7 28
7 28
7 28
7 28
7 28
7 28
7 28
7 28
7 28
7 28
7 28
7 28
7 28
7 28
3 16
3 16
3 16
3 16
3 16
3 16
3 16
3 16
3 16
3 16
3 16
3 16
3 16
3 16
3 16
3 16
3 16
3 16
3 16
3 16
3 16
3 16
3 16
3 16
3 16
3 16
3 16
3 16
3 16
3 16
3 16
3 16
3 16
3 16
3 16
2 10
2 10
2 10
2 10
2 10
2 10
2 10
2 10
2 10
2 10
2 10
2 10
2 10
2 10
2 10
2 10
2 10
2 10
2 10
2 10
2 10
2 10
2 10
2 10
2 10
2 5
2 5
2 5
2 5
2 5
2 5
2 5
2 5
2 5
2 5
2 5
2 5
2 5
2 5
2 5
2 5
2 5
2 5
2 5
2 5
2 5
2 5
2 5
2 5
0 1
0 1
0 1
0 1
0 1
0 1
0 1
0 1
0 1
0 1
0 1
0 1
0 1
0 1
0 1
0 1
0 1
0 1
0 1
0 1
0 1
0 1
0 1
0 1
0 1
0 1
0 1
0 1
0 1
0 1
0 1
0 1
0 1
0 1
0 1
0 1
0 1
0 1
0 1
0 1
0 1
0 1
0 1
0 1
0 1
0 1
0 1
0 1
0 1
0 1
0 1
0 1
0 1
0 1
0 1
0 1
0 1
0 1
0 1
0 1
0 1
0 1
0 1
0 1
0 1
0 1
0 1
0 1
0 1
0 1
0 1
0 1
0 1
0 1
0 1
0 1
0 1
0 1
0 1
0 1
0 1
0 1
0 1
0 1
0 1
0 1
0 1
0 1
0 1
0 1
0 1
0 1
0 1
0 1
0 1
0 1
0 1
0 1
0 1
0 1
0 1
0 1
0 1
0 1
0 1
0 1
0 1
0 1
0 1
0 1
0 1
0 1
0 1
0 1
0 1
0 1
0 1
0 1
0 1
0 1
0 1
0 1
0 1
0 1
0 1
0 1
0 1
0 1
0 1
0 1
0 1
0 1
0 1
0 1
0 1
0 1
0 1
0 1
0 1
0 1
0 1
0 1
0 1
0 1
0 1
0 1
0 1
0 1
0 1
0 1
0 1
0 1
0 1
0 1
0 1
0 1
0 1
0 1
0 1
1 1
1 1
1 1
1 1
1 1
1 1
1 1
1 1
1 1
1 1
1 1
1 1
1 1
1 1
1 1
1 1
1 1
1 1
1 1
1 1
1 1
1 1
1 1
1 1
1 1
1 1
1 1
1 1
1 1
1 1
1 1
1 1
1 1
1 1
1 1
0 4
-2 1
-2 1
-2 1
-2 1
-2 1
-2 1
-2 1
-2 1
-2 1
-2 1
-2 1
-2 1
-2 1
-2 1
-2 1
-2 1
-2 1
-2 1
-2 1
-2 1
-2 1
-2 1
-2 1
-2 1
-2 1
-2 1
-2 1
-2 1
-2 1
-2 1
-2 1
-2 1
-2 1
-2 1
-2 1
0 1
0 1
0 1
0 1
0 1
0 1
0 1
0 1
0 1
0 1
0 1
0 1
0 1
0 1
0 1
0 1
0 1
0 1
0 1
0 1
0 1
0 1
0 1
0 1
0 1
0 1
0 1
0 1
0 1
0 1
0 1
0 1
0 1
0 1
0 1
0 1
0 1
0 1
0 1
0 1
0 1
0 1
0 1
0 1
0 1
0 1
0 1
0 1
0 1
0 1
0 1
0 1
0 1
0 1
0 1
0 1
0 1
0 1
0 1
0 1
0 1
0 1
0 1
0 1
0 1
0 1
0 1
0 1
0 1
0 1
0 1
0 1
0 1
0 1
0 1
0 1
0 1
0 1
0 1
0 1
0 1
0 1
0 1
0 1
0 1
0 1
0 1
0 1
0 1
0 1
0 1
0 1
0 1
0 1
0 1
0 1
0 1
0 1
0 1
0 1
0 1
0 1
0 1
0 1
0 1
0 1
0 1
0 1
0 1
0 1
0 1
0 1
0 1
0 1
0 1
0 1
0 1
0 1
0 1
0 1
0 1
0 1
0 1
0 1
0 1
0 1
0 1
0 1
0 1
0 1
0 1
0 1
0 1
0 1
0 1
0 1
0 1
0 1
0 1
0 1
0 1
0 1
0 1
0 1
0 1
0 1
0 1
0 1
0 1
0 1
0 1
0 1
0 1
0 1
0 1
0 1
0 1
0 1
0 1
0 1
0 1
0 1
0 1
0 1
0 1
0 1
0 1
0 1
0 1
0 1
0 1
0 1
0 1
0 1
0 1
0 1
0 1
0 1
0 1
0 1
0 1
0 1
0 1
0 1
0 1
0 1
0 1
0 1
0 1
0 1
0 1
0 1
0 1
0 1
0 1
0 1
0 1
0 1
0 1
0 1
0 1
0 1
0 1
0 1
0 1
0 1
0 1
0 1
0 1
0 1
0 1
0 1
0 1
0 1
0 1
0 1
0 1
0 1
0 1
0 1
0 1
0 1
0 1
0 1
0 1
0 1
0 1
0 1
0 1
0 1
0 1
0 1
0 1
0 1
0 1
0 1
0 1
0 1
0 1
0 1
0 1
0 1
0 1
0 1
0 1
0 1
0 1
0 1
0 1
0 1
0 1
0 1
0 1
0 1
0 1
0 1
0 1
0 1
0 1
0 1
0 1
0 1
0 1
0 1
0 1
0 1
0 1
0 1
0 1
0 1
0 1
0 1
0 1
0 1
0 1
0 1
0 1
0 1
0 1
0 1
0 1
0 1
0 1
0 1
0 1
0 1
0 1
0 1
0 1
0 1
0 1
0 1
0 1
0 1
0 1
0 1
0 1
0 1
0 1
0 1
0 1
0 1
0 1
0 1
0 1
0 1
0 1
0 1
0 1
0 1
0 1
0 1
0 1
0 1
0 1
0 1
0 1
0 1
0 1
0 1
0 1
0 1
0 1
0 1
0 1
0 1
0 1
0 1
0 1
0 1
0 1
0 1
0 1
0 1
0 1
0 1
0 1
0 1
0 1
0 1
0 1
0 1
0 1
0 1
0 1
0 1
0 1
0 1
0 1
0 1
0 1
0 1
0 1
0 1
0 1
0 1
0 1
0 1
0 1
0 1
0 1
0 1
0 1
0 1
0 1
0 1
0 1
0 1
0 1
0 1
0 1
0 1
0 1
0 1
0 1
0 1
0 1
0 1
0 1
0 1
0 1
0 1
0 1
0 1
0 1
0 1
0 1
0 1
0 1
0 1
0 1
0 1
0 1
0 1
0 1
0 1
0 1
0 1
0 1
0 1
0 1
0 1
0 1
0 1
0 1
0 1
0 1
0 1
0 1
0 1
0 1
0 1
0 1
0 1
0 1
0 1
0 1
0 1
0 1
0 1
0 1
0 1
0 1
0 1
0 1
0 1
0 1
0 1
0 1
0 1
0 1
0 1
0 1
0 1
0 1
0 1
0 1
0 1
0 1
0 1
0 1
0 1
0 1
0 1
0 1
0 1
0 1
0 1
0 1
0 1
0 1
0 1
0 1
0 1
0 1
0 1
0 1
0 1
0 1
0 1
0 1
0 1
0 1
0 1
0 1
0 1
0 1
0 1
0 1
0 1
0 1
0 1
0 1
0 1
0 1
0 1
0 1
0 1
0 1
0 1
0 1
0 1
0 1
0 1
0 1
0 1
0 1
0 1
0 1
0 1
0 1
0 1
0 1
0 1
0 1
0 1
0 1
0 1
0 1
0 1
0 1
0 1
0 1
0 1
0 1
0 1
0 1
0 1
0 1
0 1
0 1
0 1
0 1
0 1
0 1
0 1
0 1
0 1
0 1
0 1
0 1
0 1
0 1
0 1
0 1
0 1
0 1
0 1
0 1
0 1
0 1
0 1
0 1
0 1
0 1
0 1
0 1
0 1
0 1
0 1
0 1
0 1
0 1
0 1
0 1
0 1
0 1
0 1
0 1
0 1
0 1
0 1
0 1
0 1
0 1
0 1
0 1
0 1
0 1
0 1
0 1
0 1
0 1
0 1
0 1
0 1
0 1
0 1
0 1
0 1
0 1
0 1
0 1
0 1
0 1
0 1
0 1
0 1
0 1
0 1
0 1
0 1
0 1
0 1
0 1
0 1
0 1
0 1
0 1
0 1
0 1
0 1
0 1
0 1
0 1
0 1
0 1
0 1
0 1
0 1
0 1
0 1
0 1
0 1
0 1
0 1
0 1
0 1
0 1
0 1
0 1
0 1
0 1
0 1
0 1
0 1
0 1
0 1
0 1
0 1
0 1
0 1
0 1
0 1
0 1
0 1
0 1
0 1
0 1
0 1
0 1
0 1
0 1
0 1
0 1
0 1
0 1
0 1
0 1
0 1
0 1
0 1
0 1
0 1
0 1
0 1
0 1
0 1
0 1
0 1
0 1
0 1
0 1
0 1
0 1
0 1
0 1
0 1
0 1
0 1
0 1
0 1
0 1
0 1
0 1
0 1
0 1
0 1
0 1
0 1
0 1
0 1
0 1
0 1
0 1
0 1
0 1
0 1
0 1
0 1
0 1
0 1
0 1
0 1
0 1
0 1
0 1
0 1
0 1
0 1
0 1
0 1
0 1
0 1
0 1
0 1
0 1
0 1
0 1
0 1
0 1
0 1
0 1
0 1
0 1
0 1
0 1
0 1
0 1
0 1
0 1
0 1
0 1
0 1
0 1
0 1
0 1
0 1
0 1
0 1
0 1
0 1
0 1
0 1
0 1
0 1
0 1
0 1
0 1
0 1
0 1
0 1
0 1
0 1
0 1
0 1
0 1
0 1
0 1
0 1
0 1
0 1
0 1
0 1
0 1
0 1
0 1
0 1
0 1
0 1
0 1
0 1
0 1
0 1
0 1
0 1
0 1
0 1
0 1
0 1
0 1
0 1
0 1
0 1
0 1
0 1
0 1
0 1
0 1
0 1
0 1
0 1
0 1
0 1
0 1
0 1
0 1
0 1
0 1
0 1
0 1
0 1
0 1
0 1
0 1
0 1
0 1
0 1
0 1
0 1
0 1
0 1
0 1
0 1
0 1
0 1
0 1
0 1
0 1
0 1
0 1
0 1
0 1
0 1
0 1
0 1
0 1
0 1
0 1
0 1
0 1
0 1
0 1
0 1
0 1
0 1
0 1
0 1
0 1
0 1
0 1
0 1
0 1
0 1
0 1
0 1
0 1
0 1
0 1
0 1
0 1
0 1
0 1
0 1
0 1
0 1
0 1
0 1
0 1
0 1
0 1
0 1
0 1
0 1
0 1
0 1
0 1
0 1
0 1
0 1
0 1
0 1
0 1
0 1
0 1
0 1
0 1
0 1
0 1
0 1
0 1
0 1
0 1
0 1
0 1
0 1
0 1
0 1
0 1
0 1
0 1
0 1
0 1
0 1
0 1
0 1
0 1
0 1
0 1
0 1
0 1
0 1
0 1
0 1
0 1
0 1
0 1
0 1
0 1
0 1
0 1
0 1
0 1
0 1
0 1
0 1
0 1
0 1
0 1
0 1
0 1
0 1
0 1
0 1
0 1
0 1
0 1
0 1
0 1
0 1
0 1
0 1
0 1
0 1
0 1
0 1
0 1
0 1
0 1
0 1
0 1
0 1
0 1
0 1
0 1
0 1
0 1
0 1
0 1
0 1
0 1
0 1
0 1
0 1
0 1
0 1
