52 -59
45 -56
45 -56
45 -56
45 -56
45 -56
45 -56
45 -56
45 -56
45 -56
45 -56
45 -56
45 -56
45 -56
45 -56
45 -56
45 -56
45 -56
44 -65
44 -65
44 -65
44 -65
44 -65
44 -65
44 -65
44 -65
44 -65
44 -65
44 -65
44 -65
44 -65
44 -65
44 -65
44 -65
44 -65
44 -65
44 -65
40 -74
40 -74
40 -74
40 -74
40 -74
40 -74
40 -74
40 -74
40 -74
40 -74
40 -74
40 -74
40 -74
40 -74
40 -74
40 -74
40 -74
40 -74
40 -74
40 -74
40 -74
42 -78
42 -78
42 -78
42 -78
42 -78
42 -78
42 -78
42 -78
42 -78
42 -78
42 -78
42 -78
42 -78
42 -78
42 -78
42 -78
42 -78
42 -78
42 -78
42 -78
42 -78
42 -78
42 -78
42 -78
42 -78
42 -78
42 -78
42 -78
42 -78
42 -78
42 -78
42 -78
42 -78
42 -78
42 -78
42 -78
42 -78
42 -78
42 -78
42 -78
42 -78
42 -78
42 -78
42 -78
42 -78
42 -78
42 -78
42 -78
42 -78
42 -78
42 -78
42 -78
42 -78
42 -78
42 -78
42 -78
42 -78
42 -78
42 -78
42 -78
42 -78
42 -78
42 -78
42 -78
42 -78
42 -78
42 -78
42 -78
42 -78
58 -88
43 -90
43 -90
43 -90
43 -90
43 -90
43 -90
43 -90
43 -90
43 -90
43 -90
43 -90
43 -90
43 -90
43 -90
43 -90
43 -90
43 -90
43 -90
43 -90
43 -90
43 -90
43 -90
43 -90
43 -90
43 -90
43 -90
43 -90
43 -90
43 -90
43 -90
43 -90
43 -90
43 -90
43 -90
43 -90
43 -90
43 -90
43 -90
43 -90
43 -90
43 -90
43 -90
43 -90
43 -90
43 -90
43 -90
43 -90
43 -90
43 -90
43 -90
43 -90
43 -90
43 -90
43 -90
43 -90
43 -90
43 -90
43 -90
43 -90
43 -90
43 -90
43 -90
43 -90
43 -90
43 -90
43 -90
52 -82
44 -88
44 -88
44 -88
44 -88
44 -88
44 -88
44 -88
44 -88
44 -88
44 -88
44 -88
44 -88
44 -88
44 -88
44 -88
44 -88
44 -88
44 -88
42 -91
42 -91
42 -91
42 -91
42 -91
42 -91
42 -91
42 -91
42 -91
42 -91
42 -91
42 -91
42 -91
42 -91
42 -91
42 -91
42 -91
42 -91
42 -91
42 -91
42 -91
42 -91
42 -91
42 -91
42 -91
42 -91
42 -91
42 -91
42 -91
42 -91
42 -91
42 -91
42 -91
42 -91
42 -91
42 -91
42 -91
42 -91
42 -91
42 -91
42 -91
42 -91
42 -91
36 -98
36 -98
36 -98
36 -98
36 -98
36 -98
36 -98
36 -98
36 -98
36 -98
36 -98
36 -98
36 -98
36 -98
36 -98
36 -98
36 -98
36 -98
36 -98
36 -98
36 -98
36 -98
36 -98
36 -98
36 -98
36 -98
36 -98
36 -98
36 -98
36 -98
36 -98
36 -98
36 -98
36 -98
36 -98
36 -98
36 -98
36 -98
36 -98
36 -98
36 -98
36 -98
36 -98
36 -98
36 -98
36 -98
36 -98
36 -98
36 -98
36 -98
36 -98
36 -98
36 -98
37 -98
37 -98
37 -98
37 -98
37 -98
37 -98
37 -98
37 -98
37 -98
37 -98
37 -98
37 -98
37 -98
37 -98
37 -98
37 -98
37 -98
37 -98
37 -98
37 -98
37 -98
37 -98
37 -98
37 -98
37 -98
37 -98
37 -98
37 -98
37 -98
37 -98
37 -98
37 -98
37 -98
37 -98
37 -98
37 -98
37 -98
37 -98
37 -98
37 -98
37 -98
37 -98
37 -98
37 -98
37 -98
37 -98
37 -98
37 -98
37 -98
37 -98
37 -98
40 -106
43 -79
43 -79
43 -79
43 -79
43 -79
43 -79
43 -79
43 -79
43 -79
43 -79
43 -79
43 -79
43 -79
43 -79
43 -79
43 -79
43 -79
43 -79
43 -79
43 -79
43 -79
43 -79
43 -79
43 -79
43 -79
43 -79
43 -79
43 -79
43 -79
43 -79
43 -79
43 -79
43 -79
43 -79
43 -79
43 -79
43 -79
43 -79
43 -79
43 -79
43 -79
43 -79
43 -79
43 -79
43 -79
43 -79
43 -79
43 -79
43 -79
43 -79
43 -79
43 -79
43 -79
43 -79
21 -88
21 -88
21 -88
21 -88
21 -88
21 -88
21 -88
21 -88
21 -88
21 -88
21 -88
21 -88
21 -88
21 -88
21 -88
21 -88
21 -88
21 -88
21 -88
21 -88
21 -88
21 -88
21 -88
21 -88
21 -88
21 -88
21 -88
21 -88
15 -99
15 -99
15 -99
15 -99
15 -99
15 -99
15 -99
15 -99
15 -99
15 -99
15 -99
15 -99
15 -99
15 -99
15 -99
15 -99
15 -99
15 -99
15 -99
15 -99
15 -99
15 -99
15 -95
15 -95
15 -95
15 -95
15 -95
15 -95
15 -95
15 -95
15 -95
15 -95
15 -95
15 -95
15 -95
15 -95
15 -95
15 -95
15 -95
15 -95
15 -95
15 -95
15 -95
15 -95
15 -95
15 -95
15 -95
15 -95
15 -95
15 -95
15 -95
15 -95
15 -95
15 -95
15 -95
15 -95
15 -95
15 -95
15 -95
15 -95
15 -95
15 -95
15 -95
15 -95
15 -95
15 -95
15 -95
15 -95
15 -95
15 -95
15 -95
15 -95
15 -95
15 -95
15 -95
15 -95
15 -95
15 -95
15 -95
15 -95
15 -95
15 -95
15 -95
15 -95
15 -95
15 -95
15 -95
15 -95
15 -95
15 -95
15 -95
15 -95
5 -97
3 -97
3 -97
3 -97
3 -97
3 -97
3 -97
3 -97
3 -97
3 -97
3 -97
3 -97
3 -97
3 -97
3 -97
3 -97
3 -97
3 -97
3 -97
3 -97
3 -97
3 -97
3 -97
1 -93
1 -93
1 -93
1 -93
1 -93
1 -93
1 -93
1 -93
1 -93
1 -93
1 -93
1 -93
1 -93
1 -93
1 -93
1 -93
1 -93
1 -93
1 -93
1 -93
1 -93
1 -93
1 -93
1 -93
1 -93
1 -93
1 -93
1 -93
1 -93
1 -93
1 -93
1 -93
1 -93
1 -93
1 -93
1 -93
1 -93
1 -93
1 -93
1 -93
1 -93
1 -93
1 -93
1 -93
1 -93
1 -93
1 -93
-3 -96
-3 -96
-3 -96
-3 -96
-3 -96
-3 -96
-3 -96
-3 -96
-3 -96
-3 -96
-3 -96
-3 -96
-3 -96
-3 -96
-3 -96
-3 -96
-3 -96
-3 -96
-3 -96
-3 -96
-3 -96
-3 -96
-3 -96
-3 -96
-3 -96
-3 -96
-3 -96
-3 -96
-3 -96
-3 -96
-3 -96
-3 -96
-3 -96
-3 -96
-3 -96
-3 -96
-3 -96
-3 -96
-3 -96
-3 -96
-3 -96
-3 -96
-3 -96
-3 -96
-3 -96
-3 -96
-5 -103
-5 -103
-5 -103
-5 -103
-5 -103
-5 -103
-5 -103
-5 -103
-5 -103
-5 -103
-5 -103
-5 -103
-5 -103
-5 -103
-5 -103
-5 -103
-5 -103
-5 -103
-5 -103
-3 -101
-3 -101
-3 -101
-3 -101
-3 -101
-3 -101
-3 -101
-3 -101
-3 -101
-3 -101
-3 -101
-3 -101
-3 -101
-3 -101
-3 -101
-3 -101
-3 -101
-3 -101
-3 -101
-3 -101
-3 -101
-3 -101
-3 -101
-3 -101
-3 -101
-3 -101
-3 -101
-3 -101
-3 -101
-3 -101
-3 -101
-3 -101
-3 -101
-3 -101
-3 -101
-3 -101
-3 -101
-3 -101
-3 -101
-3 -101
-3 -101
-3 -101
-14 -96
-23 -92
-23 -92
-23 -92
-23 -92
-23 -92
-23 -92
-23 -92
-23 -92
-23 -92
-23 -92
-23 -92
-23 -92
-23 -92
-23 -92
-23 -92
-23 -92
-23 -92
-23 -92
-23 -92
-23 -92
-23 -92
-23 -92
-23 -92
-23 -92
-23 -92
-23 -92
-23 -92
-23 -92
-23 -92
-23 -92
-23 -92
-23 -92
-23 -92
-23 -92
-23 -92
-23 -92
-23 -92
-23 -92
-23 -92
-23 -92
-23 -92
-23 -92
-23 -92
-23 -92
-23 -92
-23 -92
-23 -92
-23 -92
-23 -92
-23 -92
-23 -93
-23 -93
-23 -93
-23 -93
-23 -93
-23 -93
-23 -93
-23 -93
-23 -93
-23 -93
-23 -93
-23 -93
-23 -93
-23 -93
-23 -93
-23 -93
-23 -93
-23 -93
-23 -93
-23 -93
-23 -93
-23 -93
-29 -91
-29 -91
-29 -91
-29 -91
-29 -91
-29 -91
-29 -91
-29 -91
-29 -91
-29 -91
-29 -91
-29 -91
-29 -91
-29 -91
-29 -91
-29 -91
-29 -91
-29 -91
-29 -91
-29 -91
-29 -91
-29 -91
-34 -84
-34 -84
-34 -84
-34 -84
-34 -84
-34 -84
-34 -84
-34 -84
-34 -84
-34 -84
-34 -84
-34 -84
-34 -84
-34 -84
-34 -84
-34 -84
-34 -84
-34 -84
-34 -84
-34 -84
-34 -84
-34 -84
-34 -84
-34 -84
-34 -84
-34 -84
-34 -84
-34 -84
-34 -84
-34 -84
-34 -84
-34 -84
-34 -84
-34 -84
-34 -84
-34 -84
-34 -84
-34 -84
-34 -84
-34 -84
-34 -84
-34 -84
-34 -84
-34 -84
-34 -84
-34 -84
-34 -84
-34 -84
-34 -84
-34 -84
-34 -84
-34 -84
-34 -84
-34 -84
-34 -84
-34 -84
-34 -84
-34 -84
-34 -84
-34 -84
-34 -84
-34 -84
-34 -84
-34 -84
-34 -84
-34 -84
-34 -84
-34 -84
-34 -84
-34 -84
-34 -84
-34 -84
-36 -82
-44 -80
-44 -80
-44 -80
-44 -80
-44 -80
-44 -80
-44 -80
-44 -80
-44 -80
-44 -80
-44 -80
-44 -80
-44 -80
-44 -80
-44 -80
-44 -80
-44 -80
-44 -80
-44 -80
-44 -80
-44 -80
-44 -80
-44 -80
-44 -80
-44 -80
-44 -80
-44 -80
-44 -80
-44 -80
-44 -80
-44 -80
-44 -80
-44 -80
-44 -80
-44 -80
-44 -80
-44 -80
-44 -80
-44 -80
-44 -80
-44 -80
-44 -80
-44 -80
-44 -80
-44 -80
-44 -80
-44 -80
-44 -80
-44 -80
-44 -80
-44 -80
-44 -80
-44 -80
-44 -80
-44 -80
-44 -80
-44 -80
-44 -80
-44 -80
-44 -80
-44 -80
-44 -80
-44 -80
-44 -80
-45 -67
-47 -59
-47 -59
-47 -59
-47 -59
-47 -59
-47 -59
-47 -59
-47 -59
-47 -59
-47 -59
-47 -59
-47 -59
-47 -59
-47 -59
-47 -59
-47 -59
-47 -59
-47 -59
-47 -59
-47 -59
-47 -59
-47 -59
-47 -59
-47 -59
-47 -59
-52 -69
-52 -69
-52 -69
-52 -69
-52 -69
-52 -69
-52 -69
-52 -69
-52 -69
-52 -69
-52 -69
-52 -69
-52 -69
-52 -69
-52 -69
-52 -69
-52 -69
-52 -69
-52 -69
-52 -69
-52 -69
-52 -69
-52 -69
-52 -69
-52 -69
-52 -69
-52 -69
-52 -69
-52 -69
-52 -69
-52 -69
-52 -69
-52 -69
-52 -69
-52 -69
-52 -69
-52 -69
-52 -69
-52 -69
-52 -69
-52 -69
-52 -69
-52 -69
-52 -69
-52 -69
-52 -69
-52 -69
-52 -69
-52 -69
-44 -52
-44 -52
-44 -52
-44 -52
-44 -52
-44 -52
-44 -52
-44 -52
-44 -52
-44 -52
-44 -52
-44 -52
-44 -52
-44 -52
-44 -52
-44 -52
-44 -52
-44 -52
-44 -52
-44 -52
-44 -52
-44 -52
-44 -52
-44 -52
-44 -52
-44 -52
-44 -52
-44 -52
-44 -52
-44 -52
-44 -52
-44 -52
-44 -52
-44 -52
-44 -52
-44 -52
-44 -52
-44 -52
-44 -52
-44 -52
-44 -52
-44 -52
-44 -52
-44 -52
-44 -52
-44 -52
-44 -52
-44 -52
-44 -52
-44 -52
-44 -52
-44 -52
-44 -52
-44 -52
-61 -63
-61 -63
-61 -63
-61 -63
-61 -63
-61 -63
-61 -63
-61 -63
-61 -63
-61 -63
-61 -63
-61 -63
-61 -63
-61 -63
-61 -63
-61 -63
-61 -63
-61 -63
-61 -63
-61 -63
-61 -63
-61 -63
-61 -63
-61 -63
-61 -63
-61 -63
-61 -63
-61 -63
-61 -63
-61 -63
-61 -63
-61 -63
-61 -63
-61 -63
-61 -63
-61 -63
-61 -63
-61 -63
-61 -63
-61 -63
-61 -63
-61 -63
-61 -63
-61 -63
-61 -63
-61 -63
-61 -63
-61 -63
-61 -63
-61 -63
-61 -63
-61 -63
-61 -63
-61 -63
-61 -63
-61 -63
-59 -69
-64 -49
-64 -49
-64 -49
-64 -49
-64 -49
-64 -49
-64 -49
-64 -49
-64 -49
-64 -49
-64 -49
-64 -49
-64 -49
-64 -49
-64 -49
-64 -49
-64 -49
-64 -49
-64 -49
-64 -49
-64 -49
-64 -49
-64 -49
-64 -49
-64 -49
-72 -45
-72 -45
-72 -45
-72 -45
-72 -45
-72 -45
-72 -45
-72 -45
-72 -45
-72 -45
-72 -45
-72 -45
-72 -45
-72 -45
-72 -45
-72 -45
-72 -45
-72 -45
-72 -45
-72 -45
-72 -45
-72 -45
-72 -45
-72 -45
-72 -45
-72 -45
-72 -45
-72 -45
-72 -45
-72 -45
-72 -45
-72 -45
-72 -45
-72 -45
-72 -45
-72 -45
-72 -45
-72 -45
-72 -45
-72 -45
-72 -45
-72 -45
-72 -45
-72 -45
-72 -45
-72 -45
-72 -45
-72 -45
-67 -41
-67 -41
-67 -41
-67 -41
-67 -41
-67 -41
-67 -41
-67 -41
-67 -41
-67 -41
-67 -41
-67 -41
-67 -41
-67 -41
-67 -41
-67 -41
-67 -41
-67 -41
-67 -41
-67 -41
-67 -41
-67 -41
-82 -38
-82 -38
-82 -38
-82 -38
-82 -38
-82 -38
-82 -38
-82 -38
-82 -38
-82 -38
-82 -38
-82 -38
-82 -38
-82 -38
-82 -38
-82 -38
-82 -38
-82 -38
-82 -38
-82 -38
-82 -38
-82 -38
-82 -38
-82 -38
-82 -38
-82 -38
-82 -38
-82 -38
-82 -38
-82 -38
-82 -38
-82 -38
-82 -38
-82 -38
-82 -38
-82 -38
-82 -38
-82 -38
-82 -38
-82 -38
-82 -38
-82 -38
-82 -38
-82 -38
-82 -38
-82 -38
-82 -38
-82 -38
-82 -38
-82 -38
-82 -38
-82 -38
-80 -37
-80 -37
-80 -37
-80 -37
-80 -37
-80 -37
-80 -37
-80 -37
-80 -37
-80 -37
-80 -37
-80 -37
-80 -37
-80 -37
-80 -37
-80 -37
-80 -37
-80 -37
-80 -37
-80 -37
-80 -37
-80 -37
-80 -37
-80 -37
-80 -37
-80 -37
-80 -37
-80 -37
-80 -37
-80 -37
-80 -37
-80 -37
-80 -37
-80 -37
-80 -37
-80 -37
-80 -37
-80 -37
-80 -37
-80 -37
-80 -37
-80 -37
-80 -37
-80 -37
-80 -37
-80 -37
-80 -37
-80 -37
-80 -37
-80 -37
-80 -37
-80 -37
-82 -31
-87 -21
-87 -21
-87 -21
-87 -21
-87 -21
-87 -21
-87 -21
-87 -21
-87 -21
-87 -21
-87 -21
-87 -21
-87 -21
-87 -21
-87 -21
-87 -21
-87 -21
-87 -21
-87 -21
-87 -21
-87 -21
-87 -21
-87 -21
-87 -21
-87 -21
-87 -21
-87 -21
-87 -21
-87 -21
-87 -21
-87 -21
-87 -21
-87 -21
-87 -21
-87 -21
-87 -21
-87 -21
-87 -21
-87 -21
-87 -21
-87 -21
-87 -21
-87 -21
-87 -21
-87 -21
-87 -21
-87 -21
-87 -21
-88 -22
-88 -22
-88 -22
-88 -22
-88 -22
-88 -22
-88 -22
-88 -22
-88 -22
-88 -22
-88 -22
-88 -22
-88 -22
-88 -22
-88 -22
-88 -22
-88 -22
-88 -22
-88 -22
-88 -22
-88 -22
-88 -22
-88 -22
-98 -12
-98 -12
-98 -12
-98 -12
-98 -12
-98 -12
-98 -12
-98 -12
-98 -12
-98 -12
-98 -12
-98 -12
-98 -12
-98 -12
-98 -12
-98 -12
-98 -12
-98 -12
-98 -12
-98 -12
-98 -12
-98 -12
-98 -12
-98 -12
-98 -12
-98 -12
-98 -12
-98 -12
-98 -12
-98 -12
-98 -12
-98 -12
-98 -12
-98 -12
-98 -12
-98 -12
-98 -12
-98 -12
-98 -12
-98 -12
-98 -12
-98 -12
-98 -12
-94 -16
-94 -16
-94 -16
-94 -16
-94 -16
-94 -16
-94 -16
-94 -16
-94 -16
-94 -16
-94 -16
-94 -16
-94 -16
-94 -16
-94 -16
-94 -16
-94 -16
-94 -16
-94 -16
-94 -16
-94 -16
-94 -16
-94 -16
-94 -16
-94 -16
-94 -16
-94 -16
-94 -16
-94 -16
-94 -16
-94 -16
-94 -16
-94 -16
-94 -16
-94 -16
-94 -16
-94 -16
-94 -16
-94 -16
-94 -16
-94 -13
-102 -11
-102 -11
-102 -11
-102 -11
-102 -11
-102 -11
-102 -11
-102 -11
-102 -11
-102 -11
-102 -11
-102 -11
-102 -11
-102 -11
-102 -11
-102 -11
-102 -11
-102 -11
-102 -11
-102 -11
-102 -11
-102 -11
-102 -11
-102 -11
-102 -11
-102 -11
-102 -11
-102 -11
-102 -11
-102 -11
-102 -11
-102 -11
-102 -11
-102 -11
-102 -11
-102 -11
-94 -6
-94 -6
-94 -6
-94 -6
-94 -6
-94 -6
-94 -6
-94 -6
-94 -6
-94 -6
-94 -6
-94 -6
-94 -6
-94 -6
-94 -6
-94 -6
-94 -6
-103 -7
-103 -7
-103 -7
-103 -7
-103 -7
-103 -7
-103 -7
-103 -7
-103 -7
-103 -7
-103 -7
-103 -7
-103 -7
-103 -7
-103 -7
-103 -7
-103 -7
-103 -7
-103 -7
-103 -7
-103 -7
-103 -7
-124 0
-124 0
-124 0
-124 0
-124 0
-124 0
-124 0
-124 0
-124 0
-124 0
-124 0
-124 0
-124 0
-124 0
-124 0
-124 0
-124 0
-124 0
-124 0
-124 0
-124 0
-124 0
-124 0
-124 0
-124 0
-124 0
-124 0
-124 0
-124 0
-124 0
-124 0
-124 0
-124 0
-124 0
-124 0
-124 0
-124 0
-124 0
-124 0
-124 0
-124 0
-124 0
-124 0
-124 0
-124 0
-118 1
-118 1
-118 1
-118 1
-118 1
-118 1
-118 1
-118 1
-118 1
-118 1
-118 1
-118 1
-118 1
-118 1
-118 1
-118 1
-118 1
-118 1
-118 1
-118 1
-118 1
-118 1
-118 1
-118 1
-118 1
-118 1
-118 1
-118 1
-118 1
-118 1
-118 1
-118 1
-118 1
-118 1
-118 1
-118 1
-118 1
-118 1
-118 1
-118 1
-118 1
-118 1
-118 1
-118 1
-141 -2
-141 -2
-141 -2
-141 -2
-141 -2
-141 -2
-141 -2
-141 -2
-141 -2
-141 -2
-141 -2
-141 -2
-141 -2
-141 -2
-141 -2
-141 -2
-141 -2
-141 -2
-141 -2
-141 -2
-141 -2
-141 -2
-141 -2
-147 15
-147 15
-147 15
-147 15
-147 15
-147 15
-147 15
-147 15
-147 15
-147 15
-147 15
-147 15
-147 15
-147 15
-147 15
-147 15
-147 15
-147 15
-147 15
-147 15
-147 15
-137 20
-137 20
-137 20
-137 20
-137 20
-137 20
-137 20
-137 20
-137 20
-137 20
-137 20
-137 20
-137 20
-137 20
-137 20
-137 20
-137 20
-137 20
-137 20
-137 20
-135 42
-135 42
-135 42
-135 42
-135 42
-135 42
-135 42
-135 42
-135 42
-135 42
-135 42
-135 42
-135 42
-135 42
-135 42
-135 42
-135 42
-135 42
-135 42
-135 42
-135 42
-135 42
-135 42
-135 42
-135 42
-135 42
-135 42
-135 42
-135 42
-135 42
-135 42
-135 42
-135 42
-135 42
-135 42
-135 42
-135 42
-135 42
-135 42
-135 42
-135 42
-135 42
-135 42
-135 42
-135 42
-135 42
-135 42
-127 41
-127 41
-127 41
-127 41
-127 41
-127 41
-127 41
-127 41
-127 41
-127 41
-127 41
-127 41
-127 41
-127 41
-127 41
-127 41
-127 41
-127 41
-127 41
-127 41
-127 41
-127 41
-127 41
-127 41
-127 41
-127 41
-127 41
-127 41
-127 41
-127 41
-127 41
-127 41
-127 41
-127 41
-127 41
-127 41
-127 41
-127 41
-127 41
-127 41
-127 41
-127 41
-127 41
-127 41
-127 41
-157 45
-157 45
-157 45
-157 45
-157 45
-157 45
-157 45
-157 45
-157 45
-157 45
-157 45
-157 45
-157 45
-157 45
-157 45
-157 45
-157 45
-157 45
-157 45
-157 45
-157 45
-157 45
-157 45
-157 45
-157 45
-157 45
-157 45
-157 45
-157 45
-157 45
-157 45
-157 45
-157 45
-157 45
-157 45
-157 45
-157 45
-157 45
-157 45
-157 45
-157 45
-157 45
-157 45
-157 45
-132 67
-145 69
-145 69
-145 69
-145 69
-145 69
-145 69
-145 69
-145 69
-145 69
-145 69
-145 69
-145 69
-145 69
-145 69
-145 69
-145 69
-145 69
-145 69
-145 69
-145 69
-145 69
-145 69
-145 69
-145 69
-145 69
-145 69
-145 69
-145 69
-145 69
-145 69
-145 69
-145 69
-145 69
-145 69
-145 69
-145 69
-145 69
-145 69
-145 69
-145 69
-147 79
-147 79
-147 79
-147 79
-147 79
-147 79
-147 79
-147 79
-147 79
-147 79
-147 79
-147 79
-147 79
-147 79
-147 79
-147 79
-147 79
-147 79
-147 79
-147 79
-150 80
-150 80
-150 80
-150 80
-150 80
-150 80
-150 80
-150 80
-150 80
-150 80
-150 80
-150 80
-150 80
-150 80
-150 80
-150 80
-150 80
-150 80
-150 80
-146 82
-146 82
-146 82
-146 82
-146 82
-146 82
-146 82
-146 82
-146 82
-146 82
-146 82
-146 82
-146 82
-146 82
-146 82
-146 82
-146 82
-146 82
-146 82
-146 82
-146 82
-146 82
-146 82
-146 82
-146 82
-146 82
-146 82
-146 82
-146 82
-146 82
-146 82
-146 82
-146 82
-146 82
-146 82
-146 82
-146 82
-146 82
-146 82
-146 82
-146 82
-146 82
-146 82
-146 82
-146 82
-146 82
-146 82
-146 82
-146 82
-146 82
-122 93
-122 93
-122 93
-122 93
-122 93
-122 93
-122 93
-122 93
-122 93
-122 93
-122 93
-122 93
-122 93
-122 93
-122 93
-122 93
-122 93
-122 93
-122 93
-122 93
-122 93
-122 93
-122 93
-122 93
-122 93
-122 93
-122 93
-122 93
-122 93
-122 93
-122 93
-122 93
-122 93
-122 93
-122 93
-122 93
-122 93
-122 93
-122 93
-122 93
-122 93
-122 93
-122 93
-122 93
-122 93
-122 93
-105 105
-93 112
-93 112
-93 112
-93 112
-93 112
-93 112
-93 112
-93 112
-93 112
-93 112
-93 112
-93 112
-93 112
-93 112
-93 112
-93 112
-93 112
-93 112
-93 112
-93 112
-93 112
-93 112
-93 112
-93 112
-93 112
-93 112
-93 112
-93 112
-93 112
-93 112
-93 112
-93 112
-93 112
-93 112
-93 112
-93 112
-93 112
-86 136
-86 136
-86 136
-86 136
-86 136
-86 136
-86 136
-86 136
-86 136
-86 136
-86 136
-86 136
-86 136
-86 136
-84 132
-84 132
-84 132
-84 132
-84 132
-84 132
-84 132
-84 132
-84 132
-84 132
-84 132
-84 132
-84 132
-84 132
-84 132
-79 137
-79 137
-79 137
-79 137
-79 137
-79 137
-79 137
-79 137
-79 137
-79 137
-79 137
-79 137
-79 137
-79 137
-79 137
-79 137
-79 137
-79 137
-79 137
-79 137
-79 137
-79 137
-79 137
-79 137
-79 137
-79 137
-79 137
-79 137
-79 137
-79 137
-79 137
-79 137
-79 137
-79 137
-79 137
-79 137
-79 137
-79 137
-79 137
-79 137
-79 137
-79 137
-79 137
-79 137
-79 137
-51 132
-51 132
-51 132
-51 132
-51 132
-51 132
-51 132
-51 132
-51 132
-51 132
-51 132
-51 132
-51 132
-51 132
-51 132
-51 132
-51 132
-51 132
-51 132
-51 132
-51 132
-51 132
-51 132
-51 132
-51 132
-51 132
-51 132
-51 132
-51 132
-51 132
-51 132
-51 132
-28 152
-28 152
-28 152
-28 152
-28 152
-28 152
-28 152
-28 152
-28 152
-28 152
-28 152
-28 152
-28 152
-28 152
-28 152
-28 152
-28 152
-28 152
-28 152
-28 152
-28 152
-28 152
-28 152
-28 152
-28 152
-28 152
-28 152
-28 152
-28 152
-28 152
-28 152
-28 152
-28 152
-28 152
-20 156
3 163
3 163
3 163
3 163
3 163
3 163
3 163
3 163
3 163
3 163
3 163
3 163
3 163
3 163
3 163
3 163
3 163
3 163
3 163
3 163
3 163
3 163
3 163
3 163
3 163
3 163
3 163
3 163
3 163
3 163
3 163
3 163
3 163
10 157
10 157
10 157
10 157
10 157
10 157
10 157
10 157
10 157
10 157
10 157
10 157
10 157
10 157
10 157
10 157
10 157
10 157
10 157
10 157
10 157
10 157
10 157
10 157
10 157
10 157
10 157
10 157
10 157
10 157
10 157
10 157
23 148
23 148
23 148
23 148
23 148
23 148
23 148
23 148
23 148
23 148
23 148
23 148
23 148
23 148
23 148
23 148
23 148
23 148
23 148
23 148
23 148
23 148
23 148
45 124
45 124
45 124
45 124
45 124
45 124
45 124
45 124
45 124
45 124
45 124
45 124
45 124
45 124
45 124
45 124
45 124
45 124
45 124
45 124
45 124
45 124
45 124
45 124
45 124
45 124
45 124
45 124
45 124
45 124
45 124
45 124
45 124
45 124
51 102
51 102
51 102
51 102
51 102
51 102
51 102
51 102
51 102
51 102
51 102
51 102
51 102
51 102
51 102
51 102
78 106
78 106
78 106
78 106
78 106
78 106
78 106
78 106
78 106
78 106
78 106
78 106
78 106
78 106
78 106
98 102
98 102
98 102
98 102
98 102
98 102
98 102
98 102
98 102
98 102
98 102
98 102
98 102
98 102
98 102
98 102
98 102
98 102
98 102
98 102
98 102
98 102
98 102
98 102
98 102
98 102
98 102
98 102
98 102
98 102
98 95
98 95
98 95
98 95
98 95
98 95
98 95
98 95
98 95
98 95
98 95
98 95
98 95
98 95
98 95
98 95
98 95
98 95
98 95
98 95
98 95
98 95
98 95
98 95
98 95
98 95
98 95
98 95
98 95
98 95
97 65
97 65
97 65
97 65
97 65
97 65
97 65
97 65
97 65
97 65
97 65
97 65
97 65
97 65
97 65
97 65
97 65
97 65
97 65
97 65
97 65
97 65
97 65
97 65
97 65
97 65
97 65
97 65
97 65
97 65
97 65
97 65
97 65
97 65
97 65
97 65
97 65
97 65
97 65
97 65
97 65
97 65
97 65
97 65
97 65
97 65
97 65
97 65
97 65
97 65
97 65
97 65
97 65
97 65
97 65
97 65
97 65
97 65
97 65
97 65
97 65
97 65
97 65
97 65
97 65
97 65
97 65
97 65
97 65
97 65
97 65
97 65
97 65
97 65
97 65
97 65
97 65
97 65
97 65
84 52
86 25
86 25
86 25
86 25
86 25
86 25
86 25
86 25
86 25
86 25
86 25
86 25
86 25
86 25
86 25
86 25
86 25
86 25
86 25
86 25
86 25
86 25
86 25
86 25
86 25
86 25
86 25
86 25
86 25
86 25
86 25
86 25
64 5
64 5
64 5
64 5
64 5
64 5
64 5
64 5
64 5
64 5
64 5
64 5
64 5
64 5
64 5
64 5
64 5
64 5
64 5
64 5
64 5
64 5
64 5
64 5
64 5
64 5
64 5
64 5
64 5
64 5
64 5
64 5
64 5
64 5
64 5
44 0
44 0
44 0
44 0
44 0
44 0
44 0
44 0
44 0
44 0
44 0
44 0
44 0
44 0
44 0
44 0
19 0
19 0
19 0
19 0
19 0
19 0
19 0
19 0
19 0
19 0
19 0
19 0
19 0
19 0
19 0
19 0
4 -2
4 -2
4 -2
4 -2
4 -2
4 -2
4 -2
4 -2
4 -2
4 -2
4 -2
4 -2
4 -2
4 -2
4 -2
4 -2
4 -2
4 -2
4 -2
4 -2
4 -2
4 -2
4 -2
4 -2
4 -2
4 -2
4 -2
4 -2
4 -2
4 -2
0 -1
0 -1
0 -1
0 -1
0 -1
0 -1
0 -1
0 -1
0 -1
0 -1
0 -1
0 -1
0 -1
0 -1
0 -1
0 -1
0 -1
0 -1
0 -1
0 -1
0 -1
0 -1
0 -1
0 -1
0 -1
0 -1
0 -1
0 -1
0 -1
0 -1
0 -1
0 -1
0 -1
0 -1
0 -1
0 -1
0 -1
0 -1
0 -1
0 -1
0 -1
0 -1
0 -1
0 -1
0 -1
0 -1
0 -1
0 -1
0 -1
0 -1
0 -1
0 -1
0 -1
0 -1
0 -1
0 -1
0 -1
0 -1
0 -1
0 -1
0 -1
0 -1
0 -1
0 -1
0 -1
0 -1
0 -1
0 -1
0 -1
0 -1
0 -1
0 -1
0 -1
0 -1
0 -1
0 -1
0 -1
0 -1
0 -1
0 -1
0 -1
0 -1
0 -1
0 -1
0 -1
0 -1
0 -1
0 -1
0 -1
0 -1
0 -1
0 -1
0 -1
0 -1
0 -1
0 -1
0 -1
0 -1
0 -1
0 -1
0 -1
0 -1
0 -1
0 -1
0 -1
0 -1
0 -1
0 -1
0 -1
0 -1
0 -1
0 -1
0 -1
0 -1
0 -1
0 -1
0 -1
0 -1
0 -1
0 -1
0 -1
0 -1
0 -1
0 -1
0 -1
0 -1
0 -1
0 -1
0 -1
0 -1
0 -1
0 -1
0 -1
0 -1
0 -1
0 -1
0 -1
0 -1
0 -1
0 -1
0 -1
0 -1
0 -1
0 -1
0 -1
0 -1
0 -1
0 -1
0 -1
0 -1
0 -1
0 -1
0 -1
0 -1
0 -1
0 -1
0 -1
0 -1
0 -1
0 -1
0 -1
0 -1
0 -1
0 -1
0 -1
0 -1
0 -1
0 -1
0 -1
0 -1
0 -1
0 -1
0 -1
0 -1
0 -1
0 -1
0 -1
0 -1
0 -1
0 -1
0 -1
0 -1
0 -1
0 -1
0 -1
0 -1
0 -1
0 -1
0 -1
0 -1
0 -1
0 -1
0 -1
0 -1
0 -1
0 -1
0 -1
0 -1
0 -1
0 -1
0 -1
0 -1
0 -1
0 -1
0 -1
0 -1
0 -1
0 -1
3 0
1 -1
1 -1
1 -1
1 -1
1 -1
1 -1
1 -1
1 -1
1 -1
1 -1
1 -1
1 -1
1 -1
1 -1
1 -1
1 -1
1 -1
1 -1
1 -1
1 -1
1 -1
1 -1
1 -1
1 -1
1 -1
1 -1
1 -1
1 -1
1 -1
1 -1
1 -1
1 -1
1 -1
1 0
1 0
1 0
1 0
1 0
1 0
1 0
1 0
1 0
1 0
1 0
1 0
1 0
1 0
1 0
1 0
1 0
1 0
1 0
1 0
1 0
1 0
1 0
1 0
1 0
1 0
1 0
1 0
1 0
1 0
1 0
1 0
1 0
1 0
1 0
1 0
1 0
1 0
1 0
1 0
1 0
1 0
1 0
1 0
1 0
1 0
1 0
1 0
1 0
1 0
1 0
1 0
1 0
1 0
1 0
1 0
1 0
1 0
1 0
1 0
1 0
1 0
1 0
1 0
1 0
1 0
1 0
1 0
1 0
1 0
1 0
1 0
1 0
1 0
1 0
1 0
1 0
1 0
1 0
1 0
1 0
1 0
1 0
1 0
1 0
1 0
1 0
1 0
1 0
1 0
1 0
1 0
1 0
1 0
1 0
1 0
1 0
1 0
1 0
1 0
1 0
1 0
1 0
1 0
1 0
1 0
1 0
1 0
1 0
1 0
1 0
1 0
1 0
1 0
1 0
1 0
1 0
1 0
1 0
1 0
1 0
1 0
1 0
1 0
1 0
1 0
1 0
1 0
1 0
1 0
1 0
1 0
1 0
1 0
-2 0
-2 0
-2 0
-2 0
-2 0
-2 0
-2 0
-2 0
-2 0
-2 0
-2 0
-2 0
-2 0
-2 0
-2 0
-2 0
-2 0
-2 0
-2 0
-2 0
-2 0
-2 0
-2 0
-2 0
-2 0
-2 0
-2 0
-2 0
-2 0
-2 0
-2 0
-2 0
-2 0
-2 0
-2 0
-2 0
-2 0
-2 0
-2 0
-2 0
-2 0
-2 0
-2 0
-2 0
-2 0
-2 0
-2 0
-2 0
-2 0
-2 0
-2 0
-2 0
-2 0
-2 0
-2 0
-2 0
-2 0
-2 0
-2 0
-2 0
-2 0
-2 0
-2 0
-2 0
-2 0
-2 0
-2 0
-2 0
-2 0
-2 0
-2 0
-2 0
-2 0
-2 0
-2 0
-2 0
-2 0
-2 0
-2 0
-2 0
-2 0
-2 0
-2 0
-2 0
-2 0
-2 0
-2 0
-2 0
-2 0
-2 0
-2 0
-2 0
-2 0
-2 0
-2 0
-2 0
-2 0
-2 0
-2 0
-2 0
-2 0
-2 0
-2 0
-2 0
-2 0
-2 0
-2 0
-2 0
-2 0
-2 0
-2 0
-2 0
-2 0
-2 0
-2 0
-2 0
-2 0
-2 0
-2 0
-2 0
-2 0
-2 0
-2 0
-2 0
-2 0
-2 0
-2 0
-2 0
-2 0
-2 0
-2 0
-2 0
-2 0
-2 0
-2 0
-2 0
-2 0
-2 0
-2 0
-2 0
-2 0
-2 0
-2 0
-2 0
-2 0
-2 0
-2 0
-2 0
-2 0
-2 0
-2 0
-2 0
-2 0
-2 0
-2 0
-2 0
-2 0
-2 0
-2 0
-2 0
-2 0
-2 0
-2 0
-2 0
-2 0
-2 0
-2 0
-2 0
-2 0
-2 0
-2 0
-2 0
-2 0
-2 0
-2 0
-2 0
-2 0
-2 0
-2 0
-2 0
-2 0
-2 0
-2 0
-2 0
-2 0
-2 0
-2 0
-2 0
-2 0
-2 0
-2 0
-2 0
-2 0
-2 0
-2 0
-2 0
-2 0
-2 0
-2 0
-2 0
-2 0
-2 0
-2 0
-2 0
-2 0
-2 0
-2 0
-2 0
-2 0
-2 0
-2 0
-2 0
-2 0
-2 0
-2 0
-2 0
-2 0
-2 0
-2 0
-2 0
-2 0
-2 0
-2 0
-2 0
-2 0
-2 0
-2 0
-2 0
-2 0
-2 0
-2 0
-2 0
-2 0
-2 0
-2 0
-2 0
-2 0
-2 0
-2 0
-2 0
-2 0
-2 0
-2 0
-2 0
-2 0
-2 0
-2 0
-2 0
-2 0
-2 0
-2 0
-2 0
-2 0
-2 0
-2 0
-2 0
-2 0
-2 0
-2 0
-2 0
-2 0
-2 0
-2 0
-2 0
-2 0
-2 0
-2 0
-2 0
-2 0
-2 0
-2 0
-2 0
-2 0
-2 0
-2 0
-2 0
-2 0
-2 0
-2 0
-2 0
-2 0
-2 0
-2 0
-2 0
-2 0
-2 0
-2 0
-2 0
-2 0
-2 0
-2 0
-2 0
-2 0
-2 0
-2 0
-2 0
-2 0
-2 0
-2 0
-2 0
-2 0
-2 0
-2 0
-2 0
-2 0
-2 0
-2 0
-2 0
-2 0
-2 0
-2 0
-2 0
-2 0
-2 0
-2 0
-2 0
-2 0
-2 0
-2 0
-2 0
-2 0
-2 0
-2 0
-2 0
-2 0
-2 0
-2 0
-2 0
-2 0
-2 0
-2 0
-2 0
-2 0
-2 0
-2 0
-2 0
-2 0
-2 0
-2 0
-2 0
-2 0
-2 0
-2 0
-2 0
-2 0
-2 0
-2 0
-2 0
-2 0
-2 0
-2 0
-2 0
-2 0
-2 0
-2 0
-2 0
-2 0
-2 0
-2 0
-2 0
-2 0
-2 0
-2 0
-2 0
-2 0
-2 0
-2 0
-2 0
-2 0
-2 0
-2 0
-2 0
-2 0
-2 0
-2 0
-2 0
-2 0
-2 0
-2 0
-2 0
-2 0
-2 0
-2 0
-2 0
-2 0
-2 0
-2 0
-2 0
-2 0
-2 0
-2 0
-2 0
-2 0
-2 0
-2 0
-2 0
-2 0
-2 0
-2 0
-2 0
-2 0
-2 0
-2 0
-2 0
-2 0
-2 0
-2 0
-2 0
-2 0
-2 0
-2 0
-2 0
-2 0
-2 0
-2 0
-2 0
-2 0
-2 0
1 0
1 0
1 0
1 0
1 0
1 0
1 0
1 0
1 0
1 0
1 0
1 0
1 0
1 0
1 0
1 0
1 0
1 0
1 0
1 0
1 0
1 0
1 0
1 0
1 0
1 0
1 0
1 0
1 0
1 0
1 0
1 0
1 0
1 0
1 0
1 0
1 0
1 0
1 0
1 0
1 0
1 0
1 0
1 0
1 0
1 0
1 0
1 0
1 0
1 0
1 0
1 0
1 0
1 0
1 0
1 0
1 0
1 0
1 0
1 0
1 0
1 0
1 0
1 0
1 0
1 0
1 0
1 0
1 0
1 0
1 0
1 0
1 0
1 0
1 0
1 0
1 0
1 0
1 0
1 0
1 0
1 0
1 0
1 0
1 0
1 0
1 0
1 0
1 0
1 0
1 0
1 0
1 0
1 0
1 0
1 0
1 0
1 0
1 0
1 0
1 0
1 0
1 0
1 0
1 0
1 0
1 0
1 0
1 0
1 0
1 0
1 0
1 0
1 0
1 0
1 0
1 0
1 0
1 0
1 0
1 0
1 0
1 0
1 0
1 0
1 0
1 0
1 0
1 0
1 0
1 0
1 0
1 0
1 0
1 0
1 0
1 0
1 0
1 0
1 0
1 0
1 0
1 0
1 0
1 0
1 0
1 0
1 0
1 0
1 0
1 0
1 0
1 0
1 0
1 0
1 0
1 0
1 0
1 0
1 0
1 0
1 0
1 0
1 0
1 0
1 0
1 0
1 0
1 0
1 0
1 0
1 0
1 0
1 0
1 0
1 0
1 0
1 0
1 0
1 0
1 0
1 0
1 0
1 0
1 0
1 0
1 0
1 0
1 0
1 0
1 0
1 0
1 0
1 0
1 0
1 0
1 0
1 0
1 0
1 0
1 0
1 0
1 0
1 0
1 0
1 0
1 0
1 0
1 0
1 0
1 0
1 0
1 0
1 0
1 0
1 0
1 0
1 0
1 0
1 0
1 0
1 0
1 0
1 0
1 0
1 0
1 0
1 0
1 0
1 0
1 0
1 0
1 0
1 0
1 0
1 0
1 0
1 0
1 0
1 0
1 0
1 0
1 0
1 0
1 0
1 0
1 0
1 0
1 0
1 0
1 0
1 0
1 0
1 0
1 0
1 0
1 0
1 0
1 0
1 0
1 0
1 0
1 0
1 0
1 0
1 0
1 0
1 0
1 0
1 0
1 0
1 0
1 0
1 0
1 0
1 0
1 0
1 0
1 0
1 0
1 0
1 0
1 0
1 0
1 0
1 0
1 0
1 0
1 0
1 0
1 0
1 0
1 0
1 0
1 0
1 0
1 0
1 0
1 0
1 0
1 0
1 0
1 0
1 0
1 0
1 0
1 0
1 0
1 0
1 0
1 0
1 0
1 0
1 0
1 0
1 0
1 0
1 0
1 0
1 0
1 0
1 0
1 0
1 0
1 0
1 0
1 0
1 0
1 0
1 0
1 0
1 0
