87 -17
78 -53
61 -74
61 -74
61 -74
61 -74
61 -74
61 -74
61 -74
61 -74
61 -74
61 -74
61 -74
61 -74
61 -74
61 -74
61 -74
61 -74
50 -89
50 -89
50 -89
50 -89
50 -89
50 -89
50 -89
50 -89
50 -89
50 -89
50 -89
50 -89
50 -89
50 -89
50 -89
43 -83
43 -83
43 -83
43 -83
43 -83
43 -83
43 -83
43 -83
43 -83
43 -83
43 -83
43 -83
43 -83
43 -83
43 -83
43 -83
43 -83
43 -83
43 -83
43 -83
43 -83
43 -83
43 -83
43 -83
43 -83
43 -83
43 -83
43 -83
43 -83
43 -83
43 -83
43 -83
43 -83
43 -83
43 -83
43 -83
43 -83
43 -83
43 -83
43 -83
43 -83
43 -83
43 -83
43 -83
43 -83
43 -83
43 -83
43 -83
43 -83
43 -83
43 -83
43 -83
43 -83
43 -83
43 -83
43 -83
43 -83
43 -83
43 -83
43 -83
43 -83
43 -83
43 -83
43 -83
43 -83
43 -83
43 -83
43 -83
43 -83
43 -83
43 -83
43 -83
43 -83
43 -83
43 -83
43 -83
43 -83
43 -83
43 -83
43 -83
33 -94
33 -94
28 -96
28 -96
28 -96
28 -96
28 -96
28 -96
28 -96
28 -96
28 -96
28 -96
28 -96
28 -96
28 -96
28 -96
28 -96
28 -96
28 -96
28 -96
28 -96
28 -96
28 -96
28 -96
28 -96
28 -96
28 -96
28 -96
28 -96
28 -96
28 -96
28 -96
28 -96
28 -96
28 -96
28 -96
28 -96
28 -96
28 -96
28 -96
28 -96
28 -96
28 -96
28 -96
28 -96
28 -96
28 -96
28 -96
28 -96
28 -96
28 -96
15 -88
15 -88
15 -88
15 -88
15 -88
15 -88
15 -88
15 -88
15 -88
15 -88
15 -88
15 -88
15 -88
15 -88
15 -88
15 -88
15 -88
15 -88
15 -88
15 -88
15 -88
15 -88
15 -88
15 -88
15 -88
15 -88
15 -88
15 -88
15 -88
15 -88
15 -88
15 -88
15 -88
15 -88
15 -88
15 -88
15 -88
15 -88
15 -88
15 -88
15 -88
15 -88
15 -88
15 -88
15 -88
15 -88
15 -88
15 -88
15 -88
15 -88
15 -97
15 -97
15 -97
15 -97
15 -97
15 -97
15 -97
15 -97
15 -97
15 -97
15 -97
15 -97
15 -97
15 -97
15 -97
15 -97
15 -97
15 -97
15 -97
15 -97
15 -97
15 -97
15 -97
15 -97
15 -97
15 -97
13 -100
13 -100
13 -100
13 -100
13 -100
13 -100
13 -100
13 -100
13 -100
13 -100
13 -100
13 -100
13 -100
13 -100
13 -100
13 -100
13 -100
13 -100
13 -100
13 -100
13 -100
13 -100
13 -100
13 -100
13 -100
13 -100
10 -100
10 -100
10 -100
10 -100
10 -100
10 -100
10 -100
10 -100
10 -100
10 -100
10 -100
10 -100
10 -100
10 -100
10 -100
10 -100
10 -100
10 -100
10 -100
10 -100
10 -100
10 -100
10 -100
10 -100
10 -100
10 -100
10 -100
10 -100
10 -100
10 -100
10 -100
10 -100
10 -100
10 -100
10 -100
10 -100
10 -100
10 -100
10 -100
10 -100
10 -100
10 -100
10 -100
10 -100
10 -100
10 -100
10 -100
10 -100
10 -100
10 -100
10 -100
10 -100
10 -100
10 -100
10 -100
10 -100
10 -100
10 -100
10 -100
10 -100
10 -100
10 -100
10 -100
10 -100
10 -100
10 -100
10 -100
10 -100
10 -100
10 -100
10 -100
10 -100
10 -100
10 -100
10 -100
10 -100
10 -100
10 -100
10 -100
10 -100
10 -100
10 -100
10 -100
10 -100
10 -100
10 -100
10 -100
10 -100
10 -100
10 -100
7 -100
1 -105
1 -105
1 -105
1 -105
1 -105
1 -105
1 -105
1 -105
1 -105
1 -105
1 -105
1 -105
1 -105
1 -105
1 -105
1 -105
1 -105
1 -105
1 -105
1 -105
1 -105
1 -105
1 -105
1 -105
1 -105
1 -105
1 -105
1 -105
1 -105
1 -105
1 -105
1 -105
1 -105
1 -105
1 -105
1 -105
1 -105
1 -105
1 -105
1 -105
1 -105
1 -105
1 -105
1 -105
1 -105
1 -105
1 -105
0 -100
0 -100
0 -100
0 -100
0 -100
0 -100
0 -100
0 -100
0 -100
0 -100
0 -100
0 -100
0 -100
0 -100
0 -100
0 -100
0 -100
0 -100
0 -100
0 -100
0 -100
0 -100
0 -100
0 -100
0 -100
-4 -107
-4 -107
-4 -107
-4 -107
-4 -107
-4 -107
-4 -107
-4 -107
-4 -107
-4 -107
-4 -107
-4 -107
-4 -107
-4 -107
-4 -107
-4 -107
-4 -107
-4 -107
-4 -107
-4 -107
-4 -107
-4 -107
-4 -107
-4 -107
-4 -107
-4 -107
-4 -107
-4 -107
-4 -107
-4 -107
-4 -107
-4 -107
-4 -107
-4 -107
-4 -107
-4 -107
-4 -107
-4 -107
-4 -107
-4 -107
-4 -107
-4 -107
-4 -107
-4 -107
-4 -107
-4 -107
-4 -107
-4 -107
-4 -107
-4 -107
-4 -107
-4 -107
-4 -107
-5 -97
-5 -97
-5 -97
-5 -97
-5 -97
-5 -97
-5 -97
-5 -97
-5 -97
-5 -97
-5 -97
-5 -97
-5 -97
-5 -97
-5 -97
-5 -97
-5 -97
-5 -97
-5 -97
-5 -97
-5 -97
-5 -97
-5 -97
-5 -97
-5 -97
-5 -97
-5 -97
-5 -97
-5 -97
-5 -97
-5 -97
-5 -97
-5 -97
-5 -97
-5 -97
-5 -97
-5 -97
-5 -97
-5 -97
-5 -97
-5 -97
-5 -97
-5 -97
-5 -97
-5 -97
-5 -97
-5 -97
-6 -95
-3 -87
-3 -87
-3 -87
-3 -87
-3 -87
-3 -87
-3 -87
-3 -87
-3 -87
-3 -87
-3 -87
-3 -87
-3 -87
-3 -87
-3 -87
-3 -87
-3 -87
-3 -87
-3 -87
-3 -87
-3 -87
-3 -87
-3 -87
-3 -87
-3 -87
-3 -87
-3 -87
-3 -87
-3 -87
-3 -87
-3 -87
-3 -87
-3 -87
-3 -87
-3 -87
-3 -87
-3 -87
-3 -87
-3 -87
-3 -87
-3 -87
-3 -87
-3 -87
-3 -87
-3 -87
-3 -87
-3 -87
-3 -87
-3 -87
-5 -87
-5 -87
-5 -87
-5 -87
-5 -87
-5 -87
-5 -87
-5 -87
-5 -87
-5 -87
-5 -87
-5 -87
-5 -87
-5 -87
-5 -87
-5 -87
-5 -87
-5 -87
-5 -87
-5 -87
-5 -87
-5 -87
-5 -87
-5 -87
-5 -87
-5 -87
-5 -87
-5 -87
-5 -87
-5 -87
-5 -87
-5 -87
-5 -87
-5 -87
-5 -87
-5 -87
-5 -87
-5 -87
-5 -87
-5 -87
-5 -87
-5 -87
-5 -87
-5 -87
-5 -87
-5 -87
-5 -87
-5 -87
-5 -87
-5 -87
-7 -91
-7 -91
-7 -91
-7 -91
-7 -91
-7 -91
-7 -91
-7 -91
-7 -91
-7 -91
-7 -91
-7 -91
-7 -91
-7 -91
-7 -91
-7 -91
-7 -91
-7 -91
-7 -91
-7 -91
-7 -91
-7 -91
-7 -91
-7 -91
-7 -91
-7 -91
-7 -91
-7 -91
-7 -91
-7 -91
-7 -91
-7 -91
-7 -91
-7 -91
-7 -91
-7 -91
-7 -91
-7 -91
-7 -91
-7 -91
-7 -91
-7 -91
-7 -91
-7 -91
-7 -91
-7 -91
-7 -91
-7 -91
-7 -91
-7 -91
-7 -91
-7 -91
-7 -91
-6 -88
-6 -88
-6 -88
-6 -88
-6 -88
-6 -88
-6 -88
-6 -88
-6 -88
-6 -88
-6 -88
-6 -88
-6 -88
-6 -88
-6 -88
-6 -88
-6 -88
-6 -88
-6 -88
-6 -88
-6 -88
-6 -88
-6 -88
-6 -88
-6 -88
-6 -88
-6 -88
-6 -88
-6 -88
-6 -88
-6 -88
-6 -88
-6 -88
-6 -88
-6 -88
-6 -88
-6 -88
-6 -88
-6 -88
-6 -88
-6 -88
-6 -88
-6 -88
-6 -88
-6 -88
-6 -88
-6 -88
-6 -88
-6 -88
-8 -88
-12 -88
-12 -88
-12 -88
-12 -88
-12 -88
-12 -88
-12 -88
-12 -88
-12 -88
-12 -88
-12 -88
-12 -88
-12 -88
-12 -88
-12 -88
-12 -88
-12 -88
-12 -88
-12 -88
-12 -88
-12 -88
-12 -88
-12 -88
-12 -88
-12 -88
-12 -88
-12 -88
-12 -88
-12 -88
-12 -88
-12 -88
-12 -88
-12 -88
-12 -88
-12 -88
-12 -88
-12 -88
-12 -88
-12 -88
-12 -88
-12 -88
-12 -88
-12 -88
-12 -88
-12 -88
-12 -88
-12 -88
-17 -84
-17 -84
-17 -84
-17 -84
-17 -84
-17 -84
-17 -84
-17 -84
-17 -84
-17 -84
-17 -84
-17 -84
-17 -84
-17 -84
-17 -84
-17 -84
-17 -84
-17 -84
-17 -84
-17 -84
-17 -84
-17 -84
-17 -84
-17 -84
-16 -78
-16 -78
-16 -78
-16 -78
-16 -78
-16 -78
-16 -78
-16 -78
-16 -78
-16 -78
-16 -78
-16 -78
-16 -78
-16 -78
-16 -78
-16 -78
-16 -78
-16 -78
-16 -78
-16 -78
-16 -78
-16 -78
-16 -78
-16 -78
-16 -78
-16 -78
-16 -78
-16 -78
-16 -78
-16 -78
-16 -78
-16 -78
-16 -78
-16 -78
-16 -78
-16 -78
-16 -78
-16 -78
-16 -78
-16 -78
-16 -78
-16 -78
-16 -78
-16 -78
-16 -78
-16 -78
-16 -78
-16 -78
-20 -75
-20 -75
-20 -75
-20 -75
-20 -75
-20 -75
-20 -75
-20 -75
-20 -75
-20 -75
-20 -75
-20 -75
-20 -75
-20 -75
-20 -75
-20 -75
-20 -75
-20 -75
-20 -75
-20 -75
-20 -75
-20 -75
-18 -68
-18 -68
-18 -68
-18 -68
-18 -68
-18 -68
-18 -68
-18 -68
-18 -68
-18 -68
-18 -68
-18 -68
-18 -68
-18 -68
-18 -68
-18 -68
-18 -68
-18 -68
-18 -68
-18 -68
-18 -68
-18 -68
-18 -68
-18 -68
-18 -68
-18 -68
-18 -68
-18 -68
-18 -68
-18 -68
-18 -68
-18 -68
-18 -68
-18 -68
-18 -68
-18 -68
-18 -68
-18 -68
-18 -68
-18 -68
-18 -68
-18 -68
-18 -68
-18 -68
-18 -68
-18 -68
-18 -68
-18 -68
-18 -68
-18 -68
-18 -68
-18 -68
-18 -68
-18 -68
-18 -68
-18 -68
-18 -68
-18 -68
-18 -68
-18 -68
-18 -68
-18 -68
-18 -68
-18 -68
-18 -68
-18 -68
-18 -68
-18 -68
-18 -68
-18 -68
-18 -68
-18 -68
-18 -68
-18 -68
-18 -68
-18 -68
-18 -68
-18 -68
-18 -68
-18 -68
-18 -68
-18 -68
-18 -68
-18 -68
-18 -68
-18 -68
-18 -68
-18 -68
-18 -68
-18 -68
-18 -68
-18 -68
-18 -68
-18 -68
-18 -68
-16 -66
-28 -65
-28 -65
-28 -65
-28 -65
-28 -65
-28 -65
-28 -65
-28 -65
-28 -65
-28 -65
-28 -65
-28 -65
-28 -65
-28 -65
-28 -65
-28 -65
-28 -65
-28 -65
-28 -65
-28 -65
-34 -66
-34 -66
-34 -66
-34 -66
-34 -66
-34 -66
-34 -66
-34 -66
-34 -66
-34 -66
-34 -66
-34 -66
-34 -66
-34 -66
-34 -66
-34 -66
-34 -66
-34 -66
-34 -66
-34 -66
-34 -66
-34 -66
-34 -66
-34 -66
-34 -66
-34 -66
-34 -66
-34 -66
-34 -66
-34 -66
-34 -66
-34 -66
-34 -66
-34 -66
-34 -66
-34 -66
-34 -66
-34 -66
-34 -66
-34 -66
-34 -66
-34 -66
-34 -66
-34 -66
-34 -66
-34 -66
-34 -66
-34 -66
-34 -66
-35 -66
-35 -66
-35 -66
-35 -66
-35 -66
-35 -66
-35 -66
-35 -66
-35 -66
-35 -66
-35 -66
-35 -66
-35 -66
-35 -66
-35 -66
-35 -66
-35 -66
-35 -66
-35 -66
-35 -66
-35 -66
-35 -66
-35 -66
-35 -66
-35 -66
-35 -66
-35 -66
-35 -66
-35 -66
-35 -66
-35 -66
-35 -66
-35 -66
-35 -66
-35 -66
-35 -66
-35 -66
-35 -66
-35 -66
-35 -66
-35 -66
-35 -66
-35 -66
-35 -66
-35 -66
-35 -66
-35 -66
-35 -66
-35 -66
-35 -66
-35 -66
-35 -66
-35 -66
-35 -66
-35 -66
-35 -66
-35 -66
-35 -66
-35 -66
-35 -66
-35 -66
-35 -66
-35 -66
-35 -66
-35 -66
-35 -66
-35 -66
-35 -66
-35 -66
-35 -66
-35 -66
-35 -66
-35 -66
-35 -66
-35 -66
-35 -66
-35 -66
-35 -66
-35 -66
-35 -66
-35 -66
-35 -66
-35 -66
-35 -66
-35 -66
-35 -66
-35 -66
-35 -66
-35 -66
-35 -54
-35 -54
-35 -54
-35 -54
-35 -54
-35 -54
-35 -54
-35 -54
-35 -54
-35 -54
-35 -54
-35 -54
-35 -54
-35 -54
-35 -54
-35 -54
-35 -54
-35 -54
-35 -54
-35 -54
-35 -54
-35 -54
-35 -54
-35 -54
-35 -54
-41 -56
-41 -56
-41 -56
-41 -56
-41 -56
-41 -56
-41 -56
-41 -56
-41 -56
-41 -56
-41 -56
-41 -56
-41 -56
-41 -56
-41 -56
-41 -56
-41 -56
-41 -56
-41 -56
-41 -56
-41 -56
-41 -56
-41 -56
-41 -56
-37 -46
-37 -46
-37 -46
-37 -46
-37 -46
-37 -46
-37 -46
-37 -46
-37 -46
-37 -46
-37 -46
-37 -46
-37 -46
-37 -46
-37 -46
-37 -46
-37 -46
-37 -46
-37 -46
-37 -46
-37 -46
-37 -46
-37 -46
-37 -46
-40 -45
-40 -45
-40 -45
-40 -45
-40 -45
-40 -45
-40 -45
-40 -45
-40 -45
-40 -45
-40 -45
-40 -45
-40 -45
-40 -45
-40 -45
-40 -45
-40 -45
-40 -45
-40 -45
-40 -45
-40 -45
-40 -45
-40 -45
-44 -38
-44 -38
-44 -38
-44 -38
-44 -38
-44 -38
-44 -38
-44 -38
-44 -38
-44 -38
-44 -38
-44 -38
-44 -38
-44 -38
-44 -38
-44 -38
-44 -38
-44 -38
-44 -38
-44 -38
-44 -38
-44 -38
-44 -38
-44 -38
-44 -38
-44 -38
-44 -38
-44 -38
-44 -38
-44 -38
-44 -38
-44 -38
-44 -38
-44 -38
-44 -38
-44 -38
-44 -38
-44 -38
-44 -38
-44 -38
-44 -38
-44 -38
-44 -38
-44 -38
-53 -32
-53 -32
-53 -32
-53 -32
-53 -32
-53 -32
-53 -32
-53 -32
-53 -32
-53 -32
-53 -32
-53 -32
-53 -32
-53 -32
-53 -32
-53 -32
-53 -32
-53 -32
-53 -32
-53 -32
-53 -32
-53 -32
-53 -32
-53 -32
-53 -32
-53 -32
-53 -32
-53 -32
-53 -32
-53 -32
-53 -32
-53 -32
-53 -32
-53 -32
-53 -32
-53 -32
-53 -32
-53 -32
-53 -32
-53 -32
-53 -32
-53 -32
-53 -32
-53 -32
-53 -32
-53 -32
-53 -32
-53 -32
-53 -32
-53 -32
-56 -33
-56 -33
-56 -33
-56 -33
-56 -33
-56 -33
-56 -33
-56 -33
-56 -33
-56 -33
-56 -33
-56 -33
-56 -33
-56 -33
-56 -33
-56 -33
-56 -33
-56 -33
-56 -33
-56 -33
-51 -20
-51 -20
-51 -20
-51 -20
-51 -20
-51 -20
-51 -20
-51 -20
-51 -20
-51 -20
-51 -20
-51 -20
-51 -20
-51 -20
-51 -20
-51 -20
-51 -20
-51 -20
-51 -20
-51 -20
-51 -20
-56 -18
-56 -18
-56 -18
-56 -18
-56 -18
-56 -18
-56 -18
-56 -18
-56 -18
-56 -18
-56 -18
-56 -18
-56 -18
-56 -18
-56 -18
-56 -18
-56 -18
-56 -18
-56 -18
-59 -20
-59 -20
-59 -20
-59 -20
-59 -20
-59 -20
-59 -20
-59 -20
-59 -20
-59 -20
-59 -20
-59 -20
-59 -20
-59 -20
-59 -20
-59 -20
-59 -20
-59 -20
-59 -20
-59 -20
-59 -20
-59 -20
-59 -20
-59 -20
-59 -20
-59 -20
-59 -20
-59 -20
-59 -20
-59 -20
-59 -20
-59 -20
-59 -20
-59 -20
-59 -20
-59 -20
-59 -20
-59 -20
-59 -20
-54 -15
-54 -15
-54 -15
-54 -15
-54 -15
-54 -15
-54 -15
-54 -15
-54 -15
-54 -15
-54 -15
-54 -15
-54 -15
-54 -15
-54 -15
-54 -15
-54 -15
-54 -15
-54 -15
-54 -15
-54 -15
-54 -15
-54 -15
-54 -15
-54 -15
-54 -15
-54 -15
-54 -15
-54 -15
-54 -15
-54 -15
-54 -15
-54 -15
-54 -15
-54 -15
-54 -15
-54 -15
-54 -15
-54 -15
-54 -15
-54 -15
-54 -15
-54 -15
-54 -15
-54 -15
-54 -15
-54 -15
-64 -3
-64 -3
-64 -3
-64 -3
-64 -3
-64 -3
-64 -3
-64 -3
-64 -3
-64 -3
-64 -3
-64 -3
-64 -3
-64 -3
-64 -3
-64 -3
-64 -3
-64 -3
-64 -3
-64 -3
-64 -3
-64 -3
-64 -3
-64 -3
-64 -3
-64 -3
-64 -3
-64 -3
-64 -3
-64 -3
-64 -3
-64 -3
-64 -3
-64 -3
-64 -3
-64 -3
-64 -3
-64 -3
-64 -3
-64 -3
-64 -3
-64 -3
-64 -3
-64 -3
-64 -3
-64 -3
-64 -3
-64 -3
-64 -3
-66 -3
-66 -3
-66 -3
-66 -3
-66 -3
-66 -3
-66 -3
-66 -3
-66 -3
-66 -3
-66 -3
-66 -3
-66 -3
-66 -3
-66 -3
-66 -3
-66 -3
-66 -3
-66 -3
-66 -3
-66 -3
-66 -3
-51 2
-51 2
-51 2
-51 2
-51 2
-51 2
-51 2
-51 2
-51 2
-51 2
-51 2
-51 2
-51 2
-51 2
-51 2
-51 2
-51 2
-51 2
-51 2
-51 2
-51 2
-51 2
-51 2
-51 2
-51 2
-51 2
-51 2
-51 2
-51 2
-51 2
-51 2
-51 2
-51 2
-51 2
-51 2
-51 2
-51 2
-51 2
-51 2
-51 2
-51 2
-51 2
-51 2
-51 2
-51 2
-51 2
-51 2
-51 2
-51 2
-51 2
-51 2
-51 2
-51 2
-51 2
-51 2
-51 2
-51 2
-51 2
-51 2
-51 2
-51 2
-51 2
-51 2
-51 2
-51 2
-51 2
-51 2
-57 5
-57 5
-57 5
-57 5
-57 5
-57 5
-57 5
-57 5
-57 5
-57 5
-57 5
-57 5
-57 5
-57 5
-57 5
-57 5
-57 5
-57 5
-57 5
-57 5
-57 5
-57 5
-57 5
-57 5
-57 5
-57 5
-57 5
-57 5
-57 5
-57 5
-57 5
-57 5
-57 5
-57 5
-57 5
-57 5
-57 5
-57 5
-57 5
-57 5
-57 5
-57 5
-57 5
-57 5
-57 5
-57 5
-57 5
-52 7
-52 7
-52 7
-52 7
-52 7
-52 7
-52 7
-52 7
-52 7
-52 7
-52 7
-52 7
-52 7
-52 7
-52 7
-52 7
-52 7
-52 7
-52 7
-52 7
-52 7
-52 7
-52 7
-52 7
-52 7
-52 7
-54 15
-54 15
-54 15
-54 15
-54 15
-54 15
-54 15
-54 15
-54 15
-54 15
-54 15
-54 15
-54 15
-54 15
-54 15
-54 15
-54 15
-54 15
-54 15
-54 15
-54 15
-54 15
-54 15
-54 15
-54 15
-54 15
-54 15
-54 15
-56 20
-56 20
-56 20
-56 20
-56 20
-56 20
-56 20
-56 20
-56 20
-56 20
-56 20
-56 20
-56 20
-56 20
-56 20
-56 20
-56 20
-56 20
-56 20
-56 20
-56 20
-56 20
-56 20
-56 20
-56 20
-56 20
-47 18
-47 18
-47 18
-47 18
-47 18
-47 18
-47 18
-47 18
-47 18
-47 18
-47 18
-47 18
-47 18
-47 18
-47 18
-47 18
-47 18
-47 18
-47 18
-47 18
-47 18
-47 18
-47 18
-47 18
-47 18
-47 18
-47 18
-47 18
-47 18
-47 18
-47 18
-47 18
-47 18
-47 18
-47 18
-47 18
-47 18
-47 18
-47 18
-47 18
-47 18
-47 18
-47 18
-47 18
-47 18
-47 18
-47 18
-47 18
-47 18
-47 18
-47 18
-47 18
-47 18
-55 26
-55 26
-55 26
-55 26
-55 26
-55 26
-55 26
-55 26
-55 26
-55 26
-55 26
-55 26
-55 26
-55 26
-55 26
-55 26
-55 26
-55 26
-55 26
-55 26
-55 26
-55 26
-55 26
-55 26
-55 26
-55 26
-55 26
-55 26
-55 26
-55 26
-55 26
-55 26
-55 26
-55 26
-55 26
-55 26
-55 26
-55 26
-55 26
-55 26
-55 26
-55 26
-55 26
-55 26
-55 26
-55 26
-55 26
-55 26
-55 26
-55 26
-55 26
-55 26
-55 26
-55 26
-55 26
-55 26
-55 26
-55 26
-55 26
-55 26
-55 26
-55 26
-55 26
-55 26
-55 26
-55 26
-55 26
-55 26
-55 26
-55 26
-55 26
-55 26
-55 26
-55 26
-55 26
-55 26
-55 26
-55 26
-55 26
-55 26
-55 26
-55 26
-55 26
-55 26
-55 26
-43 28
-45 35
-45 35
-45 35
-45 35
-45 35
-45 35
-45 35
-45 35
-45 35
-45 35
-45 35
-45 35
-45 35
-45 35
-45 35
-45 35
-45 35
-45 35
-45 35
-45 35
-45 35
-45 35
-45 35
-45 35
-47 33
-47 33
-47 33
-47 33
-47 33
-47 33
-47 33
-47 33
-47 33
-47 33
-47 33
-47 33
-47 33
-47 33
-47 33
-47 33
-47 33
-47 33
-47 33
-47 33
-47 33
-47 33
-47 33
-47 33
-47 33
-47 33
-47 33
-47 33
-47 33
-47 33
-47 33
-47 33
-47 33
-47 33
-47 33
-47 33
-47 33
-47 33
-47 33
-47 33
-47 33
-47 33
-47 33
-47 33
-47 33
-47 33
-47 33
-47 33
-47 33
-47 33
-47 33
-47 33
-50 34
-50 34
-50 34
-50 34
-50 34
-50 34
-50 34
-50 34
-50 34
-50 34
-50 34
-50 34
-50 34
-50 34
-50 34
-50 34
-50 34
-50 34
-50 34
-50 34
-50 34
-50 34
-50 34
-50 34
-50 34
-50 34
-46 37
-46 37
-46 37
-46 37
-46 37
-46 37
-46 37
-46 37
-46 37
-46 37
-46 37
-46 37
-46 37
-46 37
-46 37
-46 37
-46 37
-46 37
-46 37
-46 37
-46 37
-46 37
-46 37
-46 37
-46 37
-46 37
-46 37
-46 37
-46 37
-46 37
-46 37
-46 37
-46 37
-46 37
-46 37
-46 37
-46 37
-46 37
-46 37
-46 37
-46 37
-46 37
-46 37
-46 37
-46 37
-46 37
-46 37
-46 37
-46 37
-46 37
-46 37
-46 37
-40 36
-40 36
-40 36
-40 36
-40 36
-40 36
-40 36
-40 36
-40 36
-40 36
-40 36
-40 36
-40 36
-40 36
-40 36
-40 36
-40 36
-40 36
-40 36
-40 36
-40 36
-40 36
-40 36
-40 36
-40 36
-40 36
-40 36
-40 36
-40 36
-40 36
-40 36
-40 36
-40 36
-40 36
-40 36
-40 36
-40 36
-40 36
-40 36
-40 36
-40 36
-40 36
-40 36
-40 36
-40 36
-48 41
-48 41
-48 41
-48 41
-48 41
-48 41
-48 41
-48 41
-48 41
-48 41
-48 41
-48 41
-48 41
-48 41
-48 41
-48 41
-48 41
-48 41
-48 41
-48 41
-47 37
-47 37
-47 37
-47 37
-47 37
-47 37
-47 37
-47 37
-47 37
-47 37
-47 37
-47 37
-47 37
-47 37
-47 37
-47 37
-47 37
-46 40
-46 40
-46 40
-46 40
-46 40
-46 40
-46 40
-46 40
-46 40
-46 40
-46 40
-46 40
-46 40
-46 40
-46 40
-46 40
-46 40
-38 43
-38 43
-38 43
-38 43
-38 43
-38 43
-38 43
-38 43
-38 43
-38 43
-38 43
-38 43
-38 43
-38 43
-38 43
-38 43
-38 43
-38 43
-38 43
-38 43
-38 43
-38 43
-37 40
-37 40
-37 40
-37 40
-37 40
-37 40
-37 40
-37 40
-37 40
-37 40
-37 40
-37 40
-37 40
-37 40
-37 40
-37 40
-37 40
-37 40
-37 40
-37 40
-37 40
-37 40
-37 40
-37 40
-37 40
-37 40
-37 40
-37 40
-37 40
-37 40
-37 40
-37 40
-37 40
-37 40
-43 45
-43 45
-43 45
-43 45
-43 45
-43 45
-43 45
-43 45
-43 45
-43 45
-43 45
-43 45
-43 45
-43 45
-43 45
-43 45
-43 45
-43 45
-43 45
-43 45
-43 45
-43 45
-43 45
-43 45
-43 45
-43 45
-43 45
-43 45
-43 45
-43 45
-43 45
-43 45
-43 45
-43 45
-43 45
-43 45
-32 38
-32 38
-32 38
-32 38
-32 38
-32 38
-32 38
-32 38
-32 38
-32 38
-32 38
-32 38
-32 38
-32 38
-32 38
-32 38
-32 38
-32 38
-31 38
-31 38
-31 38
-31 38
-31 38
-31 38
-31 38
-31 38
-31 38
-31 38
-31 38
-31 38
-31 38
-31 38
-31 38
-31 38
-31 38
-31 38
-31 38
-31 38
-31 38
-31 38
-31 38
-31 38
-31 38
-31 38
-31 38
-31 38
-31 38
-31 38
-31 38
-31 38
-31 38
-31 38
-31 38
-31 38
-31 38
-31 38
-31 38
-31 38
-31 38
-31 38
-31 38
-31 38
-31 38
-31 38
-31 38
-31 38
-27 37
-23 41
-23 41
-23 41
-23 41
-23 41
-23 41
-23 41
-23 41
-23 41
-23 41
-23 41
-23 41
-23 41
-23 41
-23 41
-23 41
-23 41
-23 41
-23 41
-23 41
-23 41
-23 41
-23 41
-23 41
-23 41
-23 41
-23 41
-23 41
-23 41
-23 41
-23 41
-23 41
-23 41
-23 41
-23 41
-23 41
-23 41
-18 36
-18 36
-18 36
-18 36
-18 36
-18 36
-18 36
-18 36
-18 36
-18 36
-18 36
-18 36
-18 36
-18 36
-18 36
-18 36
-18 36
-18 36
-18 36
-18 36
-18 36
-18 36
-18 36
-18 36
-18 36
-18 36
-18 36
-18 36
-18 36
-18 36
-18 36
-18 36
-18 36
-18 36
-18 36
-18 36
-18 36
-18 36
-18 36
-18 41
-18 41
-18 41
-18 41
-18 41
-18 41
-18 41
-18 41
-18 41
-18 41
-18 41
-18 41
-18 41
-18 41
-18 41
-18 41
-19 38
-19 38
-19 38
-19 38
-19 38
-19 38
-19 38
-19 38
-19 38
-19 38
-19 38
-19 38
-19 38
-19 38
-19 38
-19 38
-19 38
-19 38
-19 38
-19 38
-19 38
-19 38
-19 38
-19 38
-19 38
-19 38
-19 38
-19 38
-19 38
-19 38
-19 38
-19 38
-19 38
-16 35
-16 35
-16 35
-16 35
-16 35
-16 35
-16 35
-16 35
-16 35
-16 35
-16 35
-16 35
-16 35
-16 35
-16 35
-16 35
-16 35
-16 35
-16 35
-16 35
-16 35
-16 44
-16 44
-16 44
-16 44
-16 44
-16 44
-16 44
-16 44
-16 44
-16 44
-16 44
-16 44
-16 44
-16 44
-16 44
-16 44
-16 44
-16 44
-16 44
-16 44
-16 44
-16 44
-16 44
-16 44
-16 44
-16 44
-16 44
-16 44
-16 44
-16 44
-16 44
-16 44
-16 44
-16 44
-16 44
-16 44
-16 44
-16 44
-16 44
-16 44
-16 44
-13 39
-13 39
-13 39
-13 39
-13 39
-13 39
-13 39
-13 39
-13 39
-13 39
-13 39
-13 39
-13 39
-13 39
-13 39
-13 39
-13 39
-13 39
-13 39
-13 39
-13 39
-13 43
-13 43
-13 43
-13 43
-13 43
-13 43
-13 43
-13 43
-13 43
-13 43
-13 43
-13 43
-13 43
-13 43
-13 43
-13 43
-13 43
-13 43
-13 43
-13 43
-11 42
-11 42
-11 42
-11 42
-11 42
-11 42
-11 42
-11 42
-11 42
-11 42
-11 42
-11 42
-11 42
-11 42
-11 42
-11 42
-11 42
-11 42
-11 42
-11 42
-11 42
-11 42
-11 42
-11 42
-11 42
-11 42
-11 42
-11 42
-11 42
-11 42
-11 42
-11 42
-11 42
-11 42
-11 42
-11 42
-11 42
-11 42
-13 41
-13 41
-13 41
-13 41
-13 41
-13 41
-13 41
-13 41
-13 41
-13 41
-13 41
-13 41
-13 41
-13 41
-13 41
-13 41
-13 41
-13 41
-13 41
-13 41
-13 41
-13 41
-13 41
-13 41
-13 41
-13 41
-13 41
-13 41
-13 41
-13 41
-13 41
-13 41
-13 41
-13 41
-13 41
-13 41
-13 41
-13 41
-13 41
-13 41
-13 41
-13 41
-13 41
-13 41
-13 41
-13 41
-13 41
-13 41
-13 41
-13 41
-13 41
-13 41
-13 41
-13 41
-13 41
-13 41
-13 41
-11 42
-13 40
-13 40
-13 40
-13 40
-13 40
-13 40
-13 40
-13 40
-13 40
-13 40
-13 40
-13 40
-13 40
-13 40
-13 40
-13 40
-13 40
-13 40
-13 40
-13 40
-13 40
-13 40
-13 40
-13 40
-13 40
-13 40
-13 40
-13 40
-13 40
-13 40
-13 40
-13 40
-13 40
-13 40
-13 40
-13 40
-13 40
-13 40
-13 40
-13 40
-13 40
-13 40
-13 40
-13 40
-13 40
-13 40
-13 40
-13 40
-13 40
-13 40
-13 40
-13 40
-6 35
-6 35
-6 35
-6 35
-6 35
-6 35
-6 35
-6 35
-6 35
-6 35
-6 35
-6 35
-6 35
-6 35
-6 35
-6 35
-6 35
-7 34
-7 34
-7 34
-7 34
-7 34
-7 34
-7 34
-7 34
-7 34
-7 34
-7 34
-7 34
-7 34
-7 34
-7 34
-7 34
-7 34
-7 34
-7 34
-4 27
-4 27
-4 27
-4 27
-4 27
-4 27
-4 27
-4 27
-4 27
-4 27
-4 27
-4 27
-4 27
-4 27
-4 27
-4 27
-4 27
-4 27
-4 27
-4 27
-4 27
-4 27
-4 27
-4 27
-4 27
-4 27
-4 27
-4 27
-4 27
-4 27
-4 27
-4 27
-4 27
-4 27
-4 27
-4 27
-4 27
-4 27
-4 27
-4 27
-4 27
-4 27
-4 27
-4 27
-4 27
-4 27
-4 27
-4 27
-4 27
-4 27
-4 27
-4 27
-4 27
-4 27
-4 27
-5 24
0 21
0 21
0 21
0 21
0 21
0 21
0 21
0 21
0 21
0 21
0 21
0 21
0 21
0 21
0 21
0 21
0 21
0 21
0 21
0 21
0 21
0 21
0 21
0 21
0 21
0 21
0 21
0 21
0 21
0 21
0 21
0 21
0 21
0 21
0 21
-1 16
-1 16
-1 16
-1 16
-1 16
-1 16
-1 16
-1 16
-1 16
-1 16
-1 16
-1 16
-1 16
-1 16
-1 16
-1 16
-1 16
-1 16
-1 16
-1 9
-1 9
-1 9
-1 9
-1 9
-1 9
-1 9
-1 9
-1 9
-1 9
-1 9
-1 9
-1 9
-1 9
-1 9
-1 9
-1 9
-1 9
-1 9
-1 9
-1 9
-1 9
-1 9
-1 9
-1 9
-1 9
-1 9
-1 9
-1 9
-1 9
-1 9
-1 9
-1 9
-1 9
-1 9
-1 9
-1 9
-1 9
-1 9
-1 9
-1 9
-1 9
-1 9
-1 9
-1 9
-1 9
-1 9
-1 9
-1 9
-1 9
-1 9
-1 9
-1 9
-1 9
-1 9
-1 9
-1 9
-1 9
-1 9
-1 9
-1 9
-1 9
-1 9
-1 9
-1 9
-1 9
-1 9
-1 9
-1 9
-1 9
-1 9
-1 9
-1 9
-1 9
-1 9
-1 9
-1 9
-1 9
-1 9
-1 9
-1 9
-1 9
-1 9
-1 9
-1 9
-1 9
-1 9
-1 9
-1 9
-1 9
-1 9
-1 9
1 0
1 0
1 0
1 0
1 0
1 0
1 0
1 0
1 0
1 0
1 0
1 0
1 0
1 0
0 -1
0 -1
0 -1
0 -1
0 -1
0 -1
0 -1
0 -1
0 -1
0 -1
0 -1
0 -1
0 -1
0 -1
0 -1
0 -1
0 -1
0 -1
0 -1
0 -1
0 -1
0 -1
0 -1
0 -1
0 -1
0 -1
0 -1
0 -1
0 -1
0 -1
0 -1
0 -1
0 -1
0 -1
0 -1
0 -1
0 -1
0 -1
0 -1
0 -1
0 -1
0 -1
0 -1
0 -1
0 -1
0 -1
0 -1
0 -1
0 -1
0 -1
0 -1
0 -1
0 -1
-3 0
-3 0
-3 0
-3 0
-3 0
-3 0
-3 0
-3 0
-3 0
-3 0
-3 0
-3 0
-3 0
-3 0
-3 0
-3 0
-3 0
-3 0
-3 0
-3 0
-3 0
-3 0
-3 0
-3 0
-3 0
-3 0
-3 0
-3 0
-3 0
-3 0
-3 0
-3 0
-3 0
-3 0
-3 0
-3 0
-1 1
0 2
0 2
0 2
0 2
0 2
0 2
0 2
0 2
0 2
0 2
0 2
0 2
0 2
0 2
0 2
0 2
0 2
0 2
0 2
0 2
0 2
0 2
0 2
0 2
0 2
0 2
0 2
0 2
0 2
0 2
0 2
0 2
0 2
0 2
0 2
0 2
0 3
0 3
0 3
0 3
0 3
0 3
0 3
0 3
0 3
0 3
0 3
0 3
0 3
0 3
0 3
0 3
0 3
0 3
0 3
0 3
0 3
0 3
0 3
0 3
0 3
0 3
0 3
0 3
0 3
0 3
0 3
0 3
0 3
0 3
0 3
0 3
0 3
0 3
0 3
0 3
0 3
0 3
0 3
0 3
0 3
0 3
0 3
0 3
0 3
0 3
0 3
0 3
0 3
0 3
0 3
0 3
0 3
0 3
0 3
0 3
0 3
0 3
0 3
0 3
0 3
0 3
0 3
0 3
0 3
0 3
0 3
0 3
0 3
0 3
0 3
0 3
0 3
0 3
0 3
0 2
0 2
0 2
0 2
0 2
0 2
0 2
0 2
0 2
0 2
0 2
0 2
0 2
0 2
0 2
0 2
0 2
0 2
0 2
0 1
0 1
0 1
0 1
0 1
0 1
0 1
0 1
0 1
0 1
0 1
0 1
0 1
0 1
0 1
0 1
0 1
0 1
0 1
0 1
0 1
0 1
0 1
0 1
0 1
0 1
0 1
0 1
0 1
0 1
0 1
0 1
0 1
0 1
0 1
0 1
0 1
0 1
0 1
0 1
0 1
0 1
0 1
0 1
0 1
0 1
0 1
0 1
0 1
0 1
0 1
0 1
0 1
0 1
0 1
0 1
0 1
0 1
0 1
0 1
0 1
0 1
0 1
0 1
0 1
0 1
0 1
0 1
0 1
0 1
0 1
0 1
0 1
0 1
0 1
0 1
0 1
0 1
0 1
0 1
0 1
0 1
0 1
0 1
0 1
0 1
0 1
0 1
0 1
0 1
0 1
0 1
0 1
0 1
0 1
0 1
0 1
0 1
0 1
0 1
0 1
0 1
0 1
0 1
0 1
0 1
0 1
0 1
0 1
0 1
0 1
0 1
0 1
0 1
0 1
0 1
0 1
0 1
0 1
0 1
0 1
0 1
0 1
0 1
0 1
0 1
0 1
0 1
0 1
0 1
0 1
0 1
0 1
0 1
0 1
0 1
0 1
0 1
0 1
0 1
0 1
0 1
0 1
0 1
0 1
0 1
0 1
0 1
0 1
0 1
0 1
0 1
0 1
0 1
0 1
0 1
0 1
0 1
0 1
0 1
0 1
0 1
0 1
0 1
0 1
0 1
0 1
0 1
0 1
0 1
0 1
0 1
0 1
0 1
0 1
0 1
0 1
0 1
0 1
0 1
0 1
0 1
0 1
0 1
0 1
0 1
0 1
0 1
0 1
0 1
0 1
0 1
0 1
0 1
0 1
0 1
0 1
0 1
0 1
0 1
0 1
0 1
0 1
0 1
0 1
0 1
0 1
0 1
0 1
0 1
0 1
0 1
0 1
0 1
0 1
0 1
0 1
0 1
0 1
0 1
0 1
0 1
0 1
0 1
0 1
0 1
0 1
0 1
0 1
0 1
0 1
0 1
0 1
0 1
0 1
0 1
0 1
0 1
0 1
0 1
0 1
0 1
0 1
0 1
0 1
0 1
0 1
0 1
0 1
0 1
0 1
0 1
0 1
0 1
0 1
0 1
0 1
0 1
0 1
0 1
0 1
0 1
0 1
0 1
0 1
0 1
0 1
0 1
0 1
0 1
0 1
0 1
0 1
0 1
0 1
0 1
0 1
0 1
0 1
0 1
0 1
0 1
0 1
0 1
0 1
0 1
0 1
0 1
0 1
0 1
0 1
0 1
0 1
0 1
0 1
0 1
0 1
0 1
0 1
0 1
0 1
0 1
0 1
0 1
0 1
0 1
0 1
0 1
0 1
0 1
0 1
0 1
0 1
0 1
0 1
0 1
0 1
0 1
0 1
0 1
0 1
0 1
0 1
0 1
0 1
0 1
0 1
0 1
0 1
0 1
0 1
0 1
0 1
0 1
0 1
0 1
0 1
0 1
0 1
0 1
0 1
0 1
0 1
0 1
0 1
0 1
0 1
0 1
0 1
0 1
0 1
0 1
0 1
0 1
0 1
0 1
0 1
0 1
0 1
0 1
0 1
0 1
0 1
0 1
0 1
0 1
0 1
0 1
0 1
0 1
0 1
0 1
0 1
0 1
0 1
0 1
0 1
0 1
0 1
0 1
0 1
0 1
0 1
0 1
0 1
0 1
0 1
0 1
0 1
0 1
0 1
0 1
0 1
0 1
0 1
0 1
0 1
0 1
0 1
0 1
0 1
0 1
0 1
0 1
0 1
0 1
0 1
0 1
0 1
0 1
0 1
0 1
0 1
0 1
0 1
0 1
0 1
0 1
0 1
0 1
0 1
0 1
0 1
0 1
0 1
0 1
0 1
0 1
0 1
0 1
0 1
0 1
0 1
0 1
0 1
0 1
0 1
0 1
0 1
0 1
0 1
0 1
0 1
0 1
0 1
0 1
0 1
0 1
0 1
0 1
0 1
0 1
0 1
0 1
0 1
0 1
0 1
0 1
0 1
0 1
0 1
0 1
0 1
0 1
0 1
0 1
0 1
0 1
0 1
0 1
0 1
0 1
0 1
0 1
0 1
0 1
0 1
0 1
0 1
0 1
0 1
0 1
0 1
0 1
0 1
0 1
0 1
0 1
0 1
0 1
0 1
0 1
0 1
0 1
0 1
0 1
0 1
0 1
0 1
0 1
0 1
0 1
0 1
0 1
0 1
0 1
0 1
0 1
0 1
0 1
0 1
0 1
0 1
0 1
0 1
0 1
0 1
0 1
0 1
0 1
0 1
0 1
0 1
0 1
0 1
0 1
0 1
0 1
0 1
0 1
0 1
0 1
0 1
0 1
0 1
0 1
0 1
0 1
0 1
0 1
0 1
0 1
0 1
0 1
0 1
0 1
0 1
0 1
0 1
0 1
0 1
0 1
0 1
0 1
0 1
0 1
0 1
0 1
0 1
0 1
0 1
0 1
0 1
0 1
0 1
0 1
0 1
0 1
0 1
