-10 75
-17 78
-15 79
-1 85
-3 80
-3 80
-3 80
-3 80
-3 80
-3 80
-3 80
-3 80
-3 80
-3 80
-3 80
-3 80
-3 80
-3 80
-3 80
-3 80
-3 80
-3 80
-3 80
-3 80
0 80
0 80
0 80
0 80
0 80
0 80
0 80
0 80
0 80
0 80
0 80
0 80
0 80
0 80
0 80
0 80
0 80
0 80
0 80
0 80
-1 74
-1 74
-1 74
-1 74
-1 74
-1 74
-1 74
-1 74
-1 74
-1 74
-1 74
-1 74
-1 74
-1 74
-1 74
-1 74
-1 74
-1 74
-1 74
-1 74
-1 74
2 74
2 74
2 74
2 74
2 74
2 74
2 74
2 74
2 74
2 74
2 74
2 74
2 74
2 74
2 74
2 74
2 74
2 74
2 74
2 74
-3 77
-3 77
-3 77
-3 77
-3 77
-3 77
-3 77
-3 77
-3 77
-3 77
-3 77
-3 77
-3 77
-3 77
-3 77
-3 77
-3 77
-3 77
-3 77
-3 77
-3 77
-3 77
-3 77
-3 77
-3 77
-3 77
-3 77
-3 77
-3 77
-3 77
-3 77
-3 77
-3 77
-3 77
-3 77
-3 77
-3 77
-3 77
-3 77
-3 77
-3 77
-3 72
-3 72
-3 72
-3 72
-3 72
-3 72
-3 72
-3 72
-3 72
-3 72
-3 72
-3 72
-3 72
-3 72
-3 72
-3 72
-3 72
-3 72
-3 72
-3 72
-3 72
-3 72
-3 72
-3 72
-3 72
-3 72
-3 72
-3 72
-3 72
-3 72
-3 72
-3 72
-3 72
-3 72
-3 72
-3 72
-3 72
-3 72
-3 72
-3 72
-3 72
-1 74
-1 74
-1 74
-1 74
-1 74
-1 74
-1 74
-1 74
-1 74
-1 74
-1 74
-1 74
-1 74
-1 74
-1 74
-1 74
-1 74
-1 74
-1 74
-1 74
-1 74
-1 74
-1 74
-1 74
-1 74
-1 74
-1 74
-1 74
-1 74
-1 74
-1 74
-1 74
-1 74
-1 74
-1 74
-1 74
-1 74
-1 74
-2 78
1 79
1 79
1 79
1 79
1 79
1 79
1 79
1 79
1 79
1 79
1 79
1 79
1 79
1 79
1 79
1 79
1 79
1 79
1 79
1 79
-1 75
-1 75
-1 75
-1 75
-1 75
-1 75
-1 75
-1 75
-1 75
-1 75
-1 75
-1 75
-1 75
-1 75
-1 75
-1 75
-1 75
-1 75
-1 75
-1 75
-1 75
-1 75
-1 75
-1 75
-1 75
-1 75
-1 75
-1 75
-1 75
-1 75
-1 75
-1 75
-1 75
-1 75
-1 75
-1 75
-3 78
-3 78
-3 78
-3 78
-3 78
-3 78
-3 78
-3 78
-3 78
-3 78
-3 78
-3 78
-3 78
-3 78
-3 78
-3 78
-3 78
-3 78
-3 78
-3 78
-3 78
-3 78
-3 78
-3 78
-3 78
-3 78
-3 78
-3 78
-3 78
-3 78
-3 78
-3 78
-3 78
-3 78
-3 78
-3 78
-3 78
-3 78
-3 78
-3 78
-3 78
-3 78
-3 78
-3 78
-3 78
-3 78
-3 78
-3 78
-3 78
-3 78
-3 78
-3 78
-3 78
-3 78
-3 78
-3 78
-3 78
-3 78
-3 78
-3 78
-3 78
-3 78
-3 78
-1 75
-5 87
-5 87
-5 87
-5 87
-5 87
-5 87
-5 87
-5 87
-5 87
-5 87
-5 87
-5 87
-5 87
-5 87
-5 87
-5 87
-5 87
-5 87
-5 87
-5 87
-5 87
-5 87
-5 87
-5 87
-5 87
-5 87
-5 87
-5 87
-5 87
-5 87
-5 87
-5 87
-5 87
-5 87
-5 87
-5 87
-5 87
-5 87
-2 82
-1 90
-1 90
-1 90
-1 90
-1 90
-1 90
-1 90
-1 90
-1 90
-1 90
-1 90
-1 90
-1 90
-1 90
-1 90
-1 90
-1 90
-1 90
-1 90
-1 90
-1 90
-1 90
-1 90
-1 90
-1 90
-1 90
-1 90
-1 90
-1 90
-1 90
-1 90
-1 90
-1 90
-1 90
-1 90
-1 90
-1 90
-1 90
-1 90
-1 90
-1 90
-1 90
-1 90
-1 90
-1 90
-1 90
-1 90
-1 90
-1 90
-1 90
-1 90
-1 90
-1 90
-1 90
-1 90
-1 90
-1 90
-1 90
-1 90
2 84
2 84
2 84
2 84
2 84
2 84
2 84
2 84
2 84
2 84
2 84
2 84
2 84
2 84
2 84
2 84
2 84
2 84
2 84
2 84
2 84
2 84
2 84
2 84
2 84
2 84
2 84
2 84
2 84
2 84
2 84
2 84
2 84
2 84
2 84
2 84
2 84
2 84
2 84
2 84
2 84
2 84
2 84
2 84
2 84
2 84
4 84
4 84
4 84
4 84
4 84
4 84
4 84
4 84
4 84
4 84
4 84
4 84
4 84
4 84
4 84
4 84
4 84
4 84
4 84
4 84
4 84
4 84
4 84
4 84
4 84
4 84
4 84
4 84
4 84
4 84
4 84
4 84
4 84
4 84
4 84
4 84
4 84
4 84
4 84
4 84
4 84
4 84
4 84
4 84
4 84
4 84
4 84
4 84
4 84
4 84
4 84
4 84
4 84
4 84
4 84
7 87
10 89
10 89
10 89
10 89
10 89
10 89
10 89
10 89
10 89
10 89
10 89
10 89
10 89
10 89
10 89
10 89
10 89
10 89
10 89
10 89
10 89
10 89
10 89
10 89
10 89
10 89
10 89
10 89
10 89
10 89
10 89
10 89
10 89
10 89
10 89
10 89
10 89
10 89
10 89
10 89
10 89
10 89
10 89
10 89
10 89
10 89
10 89
10 89
10 89
10 89
16 75
16 75
16 75
16 75
16 75
16 75
16 75
16 75
16 75
16 75
16 75
16 75
16 75
16 75
16 75
16 75
16 75
16 75
16 75
16 75
16 75
16 75
16 75
21 95
21 95
21 95
21 95
21 95
21 95
21 95
21 95
21 95
21 95
21 95
21 95
21 95
21 95
21 95
21 95
21 95
21 95
21 95
21 95
21 95
21 95
21 95
21 95
21 95
21 95
21 95
21 95
21 95
21 95
21 95
21 95
21 95
21 95
21 95
21 95
21 95
21 95
21 95
21 95
21 95
21 95
21 95
21 95
21 95
21 95
21 95
21 95
21 95
21 95
21 95
21 95
21 95
21 95
21 95
21 95
21 95
21 95
21 95
21 95
21 95
22 75
34 82
34 82
34 82
34 82
34 82
34 82
34 82
34 82
34 82
34 82
34 82
34 82
34 82
34 82
34 82
34 82
34 82
34 82
34 82
34 82
34 82
34 82
34 82
34 82
34 82
34 82
34 82
34 82
34 82
34 82
34 82
34 82
34 82
34 82
34 82
34 82
34 82
34 82
34 82
34 82
34 82
34 82
34 82
34 82
34 82
34 82
34 82
35 84
40 89
40 89
40 89
40 89
40 89
40 89
40 89
40 89
40 89
40 89
40 89
40 89
40 89
40 89
40 89
40 89
40 89
40 89
40 89
40 89
40 89
40 89
40 89
40 89
40 89
40 89
40 89
40 89
40 89
40 89
40 89
40 89
40 89
40 89
40 89
40 89
40 89
40 89
45 79
45 79
45 79
45 79
45 79
45 79
45 79
45 79
45 79
45 79
45 79
45 79
45 79
45 79
45 79
45 79
45 79
45 79
45 79
45 79
56 79
56 79
56 79
56 79
56 79
56 79
56 79
56 79
56 79
56 79
56 79
56 79
56 79
56 79
56 79
56 79
56 79
56 79
56 79
56 79
56 79
56 79
56 79
56 79
56 79
56 79
56 79
56 79
56 79
56 79
56 79
56 79
56 79
56 79
56 79
56 79
56 79
56 79
56 79
56 79
56 79
56 79
56 79
56 79
56 79
56 79
56 79
56 79
56 79
56 79
56 79
56 79
56 79
56 79
56 79
56 79
68 87
68 87
68 87
68 87
68 87
68 87
68 87
68 87
68 87
68 87
68 87
68 87
68 87
68 87
68 87
68 87
68 87
68 87
68 87
68 87
68 87
68 87
68 87
68 87
68 87
68 87
68 87
68 87
68 87
68 87
68 87
68 87
68 87
68 87
68 87
68 87
68 87
68 87
68 87
68 87
68 87
68 87
68 87
68 87
68 87
68 87
68 87
68 87
82 80
82 80
82 80
82 80
82 80
82 80
82 80
82 80
82 80
82 80
82 80
82 80
82 80
82 80
82 80
82 80
82 80
82 80
82 80
82 80
82 80
82 80
82 80
82 80
88 72
88 72
88 72
88 72
88 72
88 72
88 72
88 72
88 72
88 72
88 72
88 72
88 72
88 72
88 72
88 72
88 72
88 72
88 72
88 72
88 72
88 72
88 72
88 72
89 77
89 77
89 77
89 77
89 77
89 77
89 77
89 77
89 77
89 77
89 77
89 77
89 77
89 77
89 77
89 77
89 77
89 77
89 77
89 77
89 77
89 77
89 77
89 77
89 77
89 77
91 65
91 65
91 65
91 65
91 65
91 65
91 65
91 65
91 65
91 65
91 65
91 65
91 65
91 65
91 65
91 65
91 65
91 65
91 65
91 65
91 65
91 65
91 65
91 65
91 65
91 65
91 65
91 65
91 65
91 65
91 65
91 65
91 65
91 65
91 65
91 65
91 65
91 65
91 65
91 65
91 65
91 65
91 65
91 65
91 65
91 65
91 65
91 65
91 65
91 65
91 65
91 65
91 65
91 65
91 65
91 65
91 65
91 65
91 65
91 65
91 65
91 65
91 65
91 65
91 65
91 65
91 65
91 65
91 65
91 65
91 65
91 65
91 65
91 65
91 65
91 65
91 65
91 65
91 65
91 65
79 47
100 45
100 45
100 45
100 45
100 45
100 45
100 45
100 45
100 45
100 45
100 45
100 45
100 45
100 45
100 45
100 45
100 45
100 45
100 45
100 45
100 45
100 45
100 45
100 45
100 45
100 45
100 45
100 45
100 45
100 45
100 45
100 45
100 45
100 45
100 45
100 45
100 45
100 45
100 45
100 45
100 45
100 45
100 45
100 45
87 44
87 44
87 44
87 44
87 44
87 44
87 44
87 44
87 44
87 44
87 44
87 44
87 44
87 44
87 44
87 44
87 44
87 44
105 33
105 33
105 33
105 33
105 33
105 33
105 33
105 33
105 33
105 33
105 33
105 33
105 33
105 33
105 33
105 33
105 33
105 33
105 33
105 33
105 33
105 33
105 33
105 33
105 33
106 19
106 19
106 19
106 19
106 19
106 19
106 19
106 19
106 19
106 19
106 19
106 19
106 19
106 19
106 19
106 19
106 19
106 19
106 19
106 19
106 19
106 19
106 19
106 19
106 19
106 19
106 19
106 19
106 19
106 19
106 19
106 19
106 19
106 19
106 19
106 19
106 19
106 19
106 19
106 19
106 19
106 19
106 19
106 19
106 19
128 20
128 20
128 20
128 20
128 20
128 20
128 20
128 20
128 20
128 20
128 20
128 20
128 20
128 20
128 20
128 20
128 20
128 20
128 20
128 20
128 20
128 20
151 6
151 6
151 6
151 6
151 6
151 6
151 6
151 6
151 6
151 6
151 6
151 6
151 6
151 6
151 6
151 6
151 6
151 6
151 6
151 6
151 6
151 6
151 6
151 6
151 6
151 6
151 6
151 6
151 6
151 6
151 6
151 6
151 6
151 6
151 6
151 6
151 6
151 6
151 6
151 6
151 6
151 6
151 6
151 6
138 7
138 7
138 7
138 7
138 7
138 7
138 7
138 7
138 7
138 7
138 7
138 7
138 7
138 7
138 7
138 7
138 7
138 7
138 7
138 7
138 7
138 7
138 7
138 7
138 7
138 7
138 7
138 7
138 7
138 7
138 7
138 7
138 7
138 7
138 7
138 7
138 7
138 7
138 7
138 7
138 7
138 7
138 7
138 7
138 7
138 7
138 7
138 7
165 -3
165 -3
165 -3
165 -3
165 -3
165 -3
165 -3
165 -3
165 -3
165 -3
165 -3
165 -3
165 -3
165 -3
165 -3
165 -3
165 -3
165 -3
165 -3
165 -3
165 -3
165 -3
165 -3
165 -3
165 -3
165 -3
165 -3
165 -3
165 -3
165 -3
165 -3
165 -3
165 -3
165 -3
165 -3
165 -3
165 -3
165 -3
165 -3
165 -3
165 -3
165 -3
155 -15
155 -15
155 -15
155 -15
155 -15
155 -15
155 -15
155 -15
155 -15
155 -15
155 -15
155 -15
155 -15
155 -15
155 -15
155 -15
155 -15
155 -15
155 -15
155 -15
155 -15
169 -30
169 -30
169 -30
169 -30
169 -30
169 -30
169 -30
169 -30
169 -30
169 -30
169 -30
169 -30
169 -30
169 -30
169 -30
169 -30
169 -30
169 -30
169 -30
169 -30
158 -56
158 -56
158 -56
158 -56
158 -56
158 -56
158 -56
158 -56
158 -56
158 -56
158 -56
158 -56
158 -56
158 -56
158 -56
158 -56
158 -56
158 -56
158 -56
158 -56
158 -56
158 -56
158 -56
158 -56
158 -56
158 -56
158 -56
158 -56
158 -56
158 -56
158 -56
158 -56
158 -56
158 -56
158 -56
158 -56
158 -56
158 -56
158 -56
158 -56
158 -56
158 -56
158 -56
158 -56
155 -70
155 -70
155 -70
155 -70
155 -70
155 -70
155 -70
155 -70
155 -70
155 -70
155 -70
155 -70
155 -70
155 -70
155 -70
155 -70
155 -70
155 -70
155 -70
155 -70
155 -70
155 -70
113 -83
113 -83
113 -83
113 -83
113 -83
113 -83
113 -83
113 -83
113 -83
113 -83
113 -83
113 -83
113 -83
113 -83
113 -83
113 -83
113 -83
113 -83
113 -83
113 -83
105 -92
105 -92
105 -92
105 -92
105 -92
105 -92
105 -92
105 -92
105 -92
105 -92
105 -92
105 -92
105 -92
105 -92
105 -92
105 -92
105 -92
105 -92
105 -92
105 -92
105 -92
105 -92
105 -92
105 -92
105 -92
105 -92
105 -92
105 -92
105 -92
105 -92
105 -92
105 -92
105 -92
105 -92
105 -92
105 -92
105 -92
105 -92
103 -96
103 -96
103 -96
103 -96
103 -96
103 -96
103 -96
103 -96
103 -96
103 -96
103 -96
103 -96
103 -96
103 -96
103 -96
103 -96
103 -96
103 -96
103 -96
103 -96
103 -96
103 -96
103 -96
103 -96
103 -96
103 -96
103 -96
103 -96
103 -96
103 -96
103 -96
103 -96
103 -96
103 -96
103 -96
103 -96
103 -96
103 -96
103 -96
103 -96
103 -96
103 -96
103 -96
103 -96
103 -96
103 -96
103 -96
103 -96
103 -96
103 -96
103 -96
103 -96
103 -96
103 -96
103 -96
103 -96
103 -96
103 -96
103 -96
103 -96
103 -96
103 -96
103 -96
103 -96
103 -96
103 -96
103 -96
103 -96
103 -96
95 -106
88 -113
88 -113
88 -113
88 -113
88 -113
88 -113
88 -113
88 -113
88 -113
88 -113
88 -113
88 -113
88 -113
88 -113
88 -113
88 -113
88 -113
88 -113
88 -113
88 -113
88 -113
88 -113
88 -113
88 -113
88 -113
88 -113
88 -113
88 -113
88 -113
88 -113
88 -113
88 -113
88 -113
88 -113
88 -113
88 -113
88 -113
88 -113
88 -113
88 -113
78 -127
60 -141
60 -141
60 -141
60 -141
60 -141
60 -141
60 -141
60 -141
60 -141
60 -141
60 -141
60 -141
60 -141
60 -141
60 -141
60 -141
60 -141
60 -141
60 -141
60 -141
60 -141
60 -141
60 -141
60 -141
60 -141
60 -141
60 -141
60 -141
60 -141
60 -141
60 -141
60 -141
60 -141
60 -141
60 -141
60 -141
60 -141
60 -141
60 -141
60 -141
60 -141
60 -141
60 -141
60 -141
60 -141
60 -141
60 -141
60 -141
60 -141
60 -141
60 -141
60 -141
60 -141
60 -141
60 -141
60 -141
60 -141
60 -141
60 -141
55 -152
55 -152
55 -152
55 -152
55 -152
55 -152
55 -152
55 -152
55 -152
55 -152
55 -152
55 -152
55 -152
55 -152
55 -152
55 -152
55 -152
55 -152
55 -152
55 -152
39 -158
39 -158
39 -158
39 -158
39 -158
39 -158
39 -158
39 -158
39 -158
39 -158
39 -158
39 -158
39 -158
39 -158
39 -158
39 -158
39 -158
39 -158
39 -158
39 -158
39 -158
39 -158
39 -158
39 -158
39 -158
39 -158
39 -158
39 -158
39 -158
39 -158
39 -158
39 -158
39 -158
39 -158
39 -158
39 -158
39 -158
39 -158
39 -158
39 -158
39 -158
39 -158
39 -158
39 -158
39 -158
15 -157
1 -151
1 -151
1 -151
1 -151
1 -151
1 -151
1 -151
1 -151
1 -151
1 -151
1 -151
1 -151
1 -151
1 -151
1 -151
1 -151
1 -151
1 -151
1 -151
1 -151
1 -151
1 -151
1 -151
1 -151
1 -151
1 -151
1 -151
1 -151
1 -151
1 -151
1 -151
1 -151
1 -151
1 -151
1 -151
1 -151
1 -151
1 -151
1 -151
1 -151
1 -151
6 -155
6 -155
6 -155
6 -155
6 -155
6 -155
6 -155
6 -155
6 -155
6 -155
6 -155
6 -155
6 -155
6 -155
6 -155
6 -155
6 -155
6 -155
6 -155
6 -155
6 -155
6 -155
6 -155
-3 -156
-3 -156
-3 -156
-3 -156
-3 -156
-3 -156
-3 -156
-3 -156
-3 -156
-3 -156
-3 -156
-3 -156
-3 -156
-3 -156
-3 -156
-3 -156
-3 -156
-3 -156
-3 -156
-3 -156
-3 -156
-6 -158
-6 -158
-6 -158
-6 -158
-6 -158
-6 -158
-6 -158
-6 -158
-6 -158
-6 -158
-6 -158
-6 -158
-6 -158
-6 -158
-6 -158
-6 -158
-6 -158
-6 -158
-6 -158
-6 -158
-6 -158
-16 -159
-16 -159
-16 -159
-16 -159
-16 -159
-16 -159
-16 -159
-16 -159
-16 -159
-16 -159
-16 -159
-16 -159
-16 -159
-16 -159
-16 -159
-16 -159
-16 -159
-16 -159
-16 -159
-16 -159
-16 -159
-16 -159
-16 -159
-16 -159
-16 -159
-16 -159
-16 -159
-16 -159
-16 -159
-16 -159
-16 -159
-16 -159
-16 -159
-16 -159
-16 -159
-16 -159
-16 -159
-16 -159
-16 -159
-16 -159
-16 -159
-16 -159
-16 -159
-16 -159
-16 -159
-16 -159
-16 -159
-16 -159
-16 -159
-16 -159
-16 -159
-16 -159
-16 -159
-16 -159
-16 -159
-16 -159
-16 -159
-16 -159
-16 -159
-16 -159
-16 -159
-16 -159
-16 -159
-16 -159
-16 -159
-16 -159
-16 -159
-16 -159
-16 -159
-16 -159
-16 -159
-16 -159
-16 -159
-16 -159
-16 -159
-16 -159
-16 -159
-16 -159
-16 -159
-16 -159
-16 -159
-16 -159
-16 -159
-16 -159
-16 -159
-16 -159
-16 -159
-16 -159
-16 -159
-16 -159
-16 -159
-16 -159
-24 -153
-45 -125
-45 -125
-45 -125
-45 -125
-45 -125
-45 -125
-45 -125
-45 -125
-45 -125
-45 -125
-45 -125
-45 -125
-45 -125
-45 -125
-45 -125
-45 -125
-45 -125
-45 -125
-45 -125
-45 -125
-43 -148
-43 -148
-43 -148
-43 -148
-43 -148
-43 -148
-43 -148
-43 -148
-43 -148
-43 -148
-43 -148
-43 -148
-43 -148
-43 -148
-43 -148
-43 -148
-43 -148
-43 -148
-43 -148
-43 -148
-43 -148
-43 -148
-43 -148
-43 -148
-47 -149
-47 -149
-47 -149
-47 -149
-47 -149
-47 -149
-47 -149
-47 -149
-47 -149
-47 -149
-47 -149
-47 -149
-47 -149
-47 -149
-47 -149
-47 -149
-47 -149
-47 -149
-47 -149
-47 -149
-47 -149
-47 -149
-47 -149
-47 -149
-47 -149
-47 -149
-47 -149
-47 -149
-47 -149
-47 -149
-47 -149
-47 -149
-47 -149
-47 -149
-63 -126
-63 -126
-63 -126
-63 -126
-63 -126
-63 -126
-63 -126
-63 -126
-63 -126
-63 -126
-63 -126
-63 -126
-63 -126
-63 -126
-63 -126
-63 -126
-63 -126
-63 -126
-63 -126
-63 -126
-63 -126
-63 -126
-63 -126
-63 -126
-63 -126
-63 -126
-63 -126
-63 -126
-63 -126
-63 -126
-63 -126
-63 -126
-63 -126
-91 -129
-91 -129
-91 -129
-91 -129
-91 -129
-91 -129
-91 -129
-91 -129
-91 -129
-91 -129
-91 -129
-91 -129
-91 -129
-91 -129
-91 -129
-91 -129
-91 -129
-91 -129
-91 -129
-91 -129
-91 -129
-91 -129
-91 -129
-91 -129
-91 -129
-91 -129
-91 -129
-91 -129
-91 -129
-91 -129
-87 -99
-87 -99
-87 -99
-87 -99
-87 -99
-87 -99
-87 -99
-87 -99
-87 -99
-87 -99
-87 -99
-87 -99
-87 -99
-87 -99
-87 -99
-99 -104
-99 -104
-99 -104
-99 -104
-99 -104
-99 -104
-99 -104
-99 -104
-99 -104
-99 -104
-99 -104
-99 -104
-99 -104
-99 -104
-99 -104
-99 -104
-99 -104
-99 -104
-99 -104
-99 -104
-99 -104
-99 -104
-99 -104
-99 -104
-99 -104
-99 -104
-99 -104
-99 -104
-99 -104
-99 -104
-99 -104
-99 -104
-95 -94
-95 -94
-95 -94
-95 -94
-95 -94
-95 -94
-95 -94
-95 -94
-95 -94
-95 -94
-95 -94
-95 -94
-95 -94
-95 -94
-95 -94
-95 -94
-95 -94
-101 -75
-101 -75
-101 -75
-101 -75
-101 -75
-101 -75
-101 -75
-101 -75
-101 -75
-101 -75
-101 -75
-101 -75
-101 -75
-101 -75
-111 -81
-111 -81
-111 -81
-111 -81
-111 -81
-111 -81
-111 -81
-111 -81
-111 -81
-111 -81
-111 -81
-111 -81
-111 -81
-111 -81
-111 -81
-111 -81
-111 -81
-111 -81
-111 -81
-111 -81
-111 -81
-111 -81
-111 -81
-111 -81
-111 -81
-111 -81
-111 -81
-111 -81
-111 -81
-111 -81
-111 -81
-111 -81
-111 -81
-111 -81
-111 -81
-111 -81
-111 -81
-111 -81
-111 -81
-111 -81
-111 -81
-111 -81
-111 -81
-111 -81
-111 -81
-111 -81
-111 -81
-111 -81
-111 -81
-111 -81
-114 -67
-109 -74
-109 -74
-109 -74
-109 -74
-109 -74
-109 -74
-109 -74
-109 -74
-109 -74
-109 -74
-109 -74
-109 -74
-109 -74
-109 -74
-109 -74
-109 -74
-109 -74
-109 -74
-109 -74
-109 -74
-109 -74
-109 -74
-109 -74
-109 -74
-109 -74
-109 -74
-109 -74
-109 -74
-109 -74
-108 -53
-108 -53
-108 -53
-108 -53
-108 -53
-108 -53
-108 -53
-108 -53
-108 -53
-108 -53
-108 -53
-108 -53
-108 -53
-108 -53
-108 -53
-108 -53
-108 -53
-119 -51
-119 -51
-119 -51
-119 -51
-119 -51
-119 -51
-119 -51
-119 -51
-119 -51
-119 -51
-119 -51
-119 -51
-119 -51
-119 -51
-119 -51
-119 -51
-119 -51
-114 -35
-114 -35
-114 -35
-114 -35
-114 -35
-114 -35
-114 -35
-114 -35
-114 -35
-114 -35
-114 -35
-114 -35
-114 -35
-114 -35
-114 -35
-114 -35
-114 -35
-114 -35
-114 -35
-114 -35
-114 -35
-114 -35
-114 -35
-114 -35
-114 -35
-114 -35
-114 -35
-114 -35
-114 -35
-114 -35
-114 -35
-114 -35
-114 -35
-114 -35
-114 -35
-114 -35
-114 -35
-114 -35
-114 -35
-114 -35
-114 -35
-114 -35
-114 -35
-114 -35
-114 -35
-114 -35
-114 -35
-114 -35
-114 -35
-114 -35
-114 -35
-114 -35
-114 -35
-114 -35
-114 -35
-114 -35
-114 -35
-121 -5
-121 -5
-121 -5
-121 -5
-121 -5
-121 -5
-121 -5
-121 -5
-121 -5
-121 -5
-121 -5
-121 -5
-121 -5
-121 -5
-121 -5
-121 -5
-121 -5
-121 -5
-121 -5
-121 -5
-121 -5
-121 -5
-121 -5
-121 -5
-121 -5
-121 -5
-121 -5
-121 -5
-121 -5
-121 -5
-121 -5
-121 -5
-121 -5
-121 -5
-121 -5
-121 -5
-121 -5
-117 -2
-117 -2
-117 -2
-117 -2
-117 -2
-117 -2
-117 -2
-117 -2
-117 -2
-117 -2
-117 -2
-117 -2
-117 -2
-117 -2
-117 -2
-117 -2
-117 -2
-117 -2
-124 2
-124 2
-124 2
-124 2
-124 2
-124 2
-124 2
-124 2
-124 2
-124 2
-124 2
-124 2
-124 2
-124 2
-124 2
-124 2
-124 2
-124 2
-109 3
-109 3
-109 3
-109 3
-109 3
-109 3
-109 3
-109 3
-109 3
-109 3
-109 3
-109 3
-109 3
-109 3
-109 3
-109 3
-109 3
-109 3
-109 3
-109 3
-109 3
-109 3
-109 3
-109 3
-109 3
-109 3
-109 3
-109 3
-109 3
-109 3
-109 3
-109 3
-109 3
-109 3
-109 3
-111 24
-111 24
-111 24
-111 24
-111 24
-111 24
-111 24
-111 24
-111 24
-111 24
-111 24
-111 24
-111 24
-111 24
-111 24
-111 24
-111 24
-111 24
-111 24
-111 24
-111 24
-111 24
-111 24
-111 24
-111 24
-111 24
-111 24
-111 24
-111 24
-111 24
-111 24
-111 24
-111 24
-111 24
-111 24
-111 24
-91 40
-91 40
-91 40
-91 40
-91 40
-91 40
-91 40
-91 40
-91 40
-91 40
-91 40
-91 40
-91 40
-91 40
-91 40
-91 40
-91 40
-91 40
-91 40
-91 40
-91 40
-91 40
-91 40
-91 40
-91 40
-91 40
-91 40
-91 40
-91 40
-91 40
-91 40
-91 40
-91 40
-91 40
-91 40
-91 40
-91 40
-96 56
-96 56
-96 56
-96 56
-96 56
-96 56
-96 56
-96 56
-96 56
-96 56
-96 56
-96 56
-96 56
-96 56
-96 56
-96 56
-96 56
-96 56
-96 56
-91 66
-91 66
-91 66
-91 66
-91 66
-91 66
-91 66
-91 66
-91 66
-91 66
-91 66
-91 66
-91 66
-91 66
-91 66
-86 74
-86 74
-86 74
-86 74
-86 74
-86 74
-86 74
-86 74
-86 74
-86 74
-86 74
-86 74
-86 74
-86 74
-86 74
-86 74
-86 74
-86 74
-86 74
-86 74
-86 74
-86 74
-86 74
-86 74
-86 74
-86 74
-86 74
-86 74
-86 74
-86 74
-86 74
-86 74
-86 74
-86 74
-86 74
-86 74
-86 74
-86 74
-86 74
-86 74
-86 74
-86 74
-86 74
-86 74
-86 74
-86 74
-86 74
-86 74
-86 74
-86 74
-86 74
-86 74
-86 74
-86 74
-86 74
-86 74
-86 74
-86 74
-86 74
-86 74
-86 74
-86 74
-86 74
-86 74
-86 74
-86 74
-86 74
-86 74
-86 74
-86 74
-86 74
-86 74
-86 74
-86 74
-86 74
-86 74
-86 74
-86 74
-86 74
-86 74
-86 74
-86 74
-84 70
-88 66
-61 53
-61 53
-61 53
-61 53
-61 53
-61 53
-61 53
-61 53
-61 53
-61 53
-61 53
-61 53
-61 53
-68 46
-68 46
-68 46
-68 46
-68 46
-68 46
-68 46
-68 46
-68 46
-68 46
-68 46
-68 46
-68 46
-68 46
-68 46
-68 46
-68 46
-36 30
-36 30
-36 30
-36 30
-36 30
-36 30
-36 30
-36 30
-36 30
-36 30
-36 30
-36 30
-36 30
-36 30
-36 30
-36 30
-36 30
-36 30
-36 30
-36 30
-36 30
-36 30
-36 30
-36 30
-36 30
-36 30
-36 30
-36 30
-36 30
-36 30
-36 30
-36 30
-36 30
-36 30
-36 30
-36 30
-36 30
-36 30
-25 37
-25 37
-25 37
-25 37
-25 37
-25 37
-25 37
-25 37
-25 37
-25 37
-25 37
-25 37
-25 37
-25 37
-25 37
-25 37
-25 37
-25 37
-25 37
-25 37
-25 37
-25 37
-25 37
-25 37
-25 37
-25 37
-25 37
-25 37
-25 37
-25 37
-25 37
-25 37
-25 37
-25 37
-17 28
-9 16
-9 16
-9 16
-9 16
-9 16
-9 16
-9 16
-9 16
-9 16
-9 16
-9 16
-9 16
-9 16
-9 16
-9 16
-9 16
-9 16
-9 16
-9 16
-9 16
-9 16
-9 16
-9 16
-9 16
-9 16
-9 16
-9 16
-9 16
-9 16
-9 16
-9 16
-9 16
-9 16
-9 16
-9 16
-7 14
-7 14
-7 14
-7 14
-7 14
-7 14
-7 14
-7 14
-7 14
-7 14
-7 14
-7 14
-7 14
-7 14
-7 14
-7 14
-7 14
-7 14
-7 14
-7 14
-7 14
-7 14
-7 14
-7 14
-7 14
-7 14
-7 14
-7 14
0 7
0 7
0 7
0 7
0 7
0 7
0 7
0 7
0 7
0 7
0 7
0 7
0 7
0 7
0 7
0 7
0 7
0 1
0 1
0 1
0 1
0 1
0 1
0 1
0 1
0 1
0 1
0 1
0 1
0 1
0 1
0 1
0 1
0 1
0 1
0 1
0 1
0 1
0 1
0 1
0 1
0 1
0 1
0 1
0 1
0 1
0 1
0 1
0 1
0 -1
0 -1
0 -1
0 -1
0 -1
0 -1
0 -1
0 -1
0 -1
0 -1
0 -1
0 -1
0 -1
0 -1
0 -1
0 -1
0 -1
0 -1
0 -1
0 -1
0 -1
0 -1
0 -1
0 -1
0 -1
0 -1
0 -1
0 -1
0 -1
0 -1
0 -1
0 -1
0 -1
0 -1
0 -1
0 -1
0 -1
0 -1
0 -1
0 -1
0 -1
0 -1
0 -1
0 -1
0 -1
0 -1
0 -1
0 -1
0 -1
0 -1
0 -1
0 -1
0 -1
0 -1
0 -1
0 -1
0 -1
0 -1
0 -1
0 -1
0 -1
0 -1
0 -1
0 -1
0 -1
0 -1
0 -1
0 -1
0 -1
0 -1
0 -1
0 -1
0 -1
0 -1
0 -1
0 -1
0 -1
0 -1
0 -1
0 -1
0 -1
0 -1
0 -1
0 -1
0 -1
0 -1
0 -1
0 -1
0 -1
-1 1
-1 1
-1 1
-1 1
-1 1
-1 1
-1 1
-1 1
-1 1
-1 1
-1 1
-1 1
-1 1
-1 1
-1 1
-1 1
-1 1
-1 1
-1 1
-1 1
-1 1
-1 1
-1 1
-1 1
-1 1
-1 1
-1 1
-1 1
-1 1
-1 1
-1 1
-1 1
-1 1
-1 1
-1 1
-1 1
-1 1
-1 1
-1 1
-1 1
-1 1
-1 1
-1 1
-1 1
-1 1
-1 1
-1 1
-1 1
-1 1
-1 1
-1 1
-1 1
-1 1
-1 1
-1 1
-1 1
-1 1
-1 1
-1 1
-1 1
-1 1
-1 1
-1 1
-1 1
-1 1
-1 1
-1 1
-1 1
-1 1
-1 1
-1 1
-1 1
-1 1
-1 1
-1 1
-1 1
-1 1
-1 1
-1 1
-1 1
-1 1
-1 1
-1 1
-1 1
-1 1
-1 1
-1 1
-1 1
-1 1
-1 1
-1 1
-1 1
-1 1
-1 1
-1 1
-1 1
-1 1
-1 1
-1 1
-1 1
-1 1
-1 1
-1 1
-1 1
-1 1
-1 1
-1 1
-1 1
-1 1
-1 1
-1 1
-1 1
-1 1
-1 1
-1 1
-1 1
-1 1
-1 1
-1 1
-1 1
-1 1
-1 1
-1 1
-1 1
-1 1
-1 1
-1 1
-1 1
-1 1
-1 1
-1 1
-1 1
-1 1
-1 1
-1 1
-1 1
-1 1
-1 1
-1 1
-1 1
-1 1
-1 1
-1 1
-1 1
-1 1
-1 1
-1 1
-1 1
-1 1
-1 1
-1 1
-1 1
-1 1
-1 1
-1 1
-1 1
-1 1
-1 1
-1 1
-1 1
0 1
0 1
0 1
0 1
0 1
0 1
0 1
0 1
0 1
0 1
0 1
0 1
0 1
0 1
0 1
0 1
0 1
0 1
0 1
0 1
0 1
0 1
0 1
0 1
0 1
0 1
0 1
0 1
0 1
0 1
0 1
0 1
0 1
0 1
0 1
0 1
0 1
0 1
0 1
0 1
0 1
0 1
0 1
0 1
0 1
0 1
0 1
0 1
0 1
0 1
0 1
0 1
0 1
0 1
0 1
0 1
0 1
0 1
0 1
0 1
0 1
0 1
0 1
0 1
0 1
0 1
0 1
0 1
0 1
0 1
0 1
0 1
0 1
0 1
0 1
0 1
0 1
0 1
0 1
0 1
0 1
0 1
0 1
0 1
0 1
0 1
0 1
0 1
0 1
0 1
0 1
0 1
0 1
0 1
0 1
0 1
0 1
0 1
0 1
0 1
0 1
0 1
0 1
0 1
0 1
0 1
0 1
0 1
0 1
0 1
0 1
0 1
0 1
0 1
0 1
0 1
0 1
0 1
0 1
0 1
0 1
0 1
0 1
0 1
0 1
0 1
0 1
0 1
0 1
0 1
0 1
0 1
0 1
0 1
0 1
0 1
0 1
0 1
0 1
0 1
0 1
0 1
0 1
0 1
0 1
0 1
0 1
0 1
0 1
0 1
0 1
0 1
0 1
0 1
0 1
0 1
0 1
0 1
0 1
0 1
0 1
0 1
0 1
0 1
0 1
0 1
0 1
0 1
0 1
0 1
0 1
0 1
0 1
0 1
0 1
0 1
0 1
0 1
0 1
0 1
0 1
0 1
0 1
0 1
0 1
0 1
0 1
0 1
0 1
0 1
0 1
0 1
0 1
0 1
0 1
0 1
0 1
0 1
0 1
0 1
0 1
0 1
0 1
0 1
0 1
0 1
0 1
0 1
0 1
0 1
0 1
0 1
0 1
0 1
0 1
0 1
0 1
0 1
0 1
0 1
0 1
0 1
0 1
0 1
0 1
0 1
0 1
0 1
0 1
0 1
0 1
0 1
0 1
0 1
0 1
0 1
0 1
0 1
0 1
0 1
0 1
0 1
0 1
0 1
0 1
0 1
0 1
0 1
0 1
0 1
0 1
0 1
0 1
0 1
0 1
0 1
0 1
0 1
0 1
0 1
0 1
0 1
0 1
0 1
0 1
0 1
0 1
0 1
0 1
0 1
0 1
0 1
0 1
0 1
0 1
0 1
0 1
0 1
0 1
0 1
0 1
0 1
0 1
0 1
0 1
0 1
0 1
0 1
0 1
0 1
0 1
0 1
0 1
0 1
0 1
0 1
0 1
0 1
0 1
0 1
0 1
0 1
0 1
0 1
0 1
0 1
0 1
0 1
0 1
0 1
0 1
0 1
0 1
0 1
0 1
0 1
0 1
0 1
0 1
0 1
0 1
0 1
0 1
0 1
0 1
0 1
0 1
0 1
0 1
0 1
0 1
0 1
0 1
0 1
0 1
0 1
0 1
0 1
0 1
0 1
0 1
0 1
0 1
0 1
0 1
0 1
0 1
0 1
0 1
0 1
0 1
0 1
0 1
0 1
0 1
0 1
0 1
0 1
0 1
0 1
0 1
0 1
0 1
0 1
0 1
0 1
0 1
0 1
0 1
0 1
0 1
0 1
0 1
0 1
0 1
0 1
0 1
0 1
0 1
0 1
0 1
0 1
0 1
0 1
0 1
0 1
0 1
0 1
0 1
0 1
0 1
0 1
0 1
0 1
0 1
0 1
0 1
0 1
0 1
0 1
0 1
0 1
0 1
0 1
0 1
0 1
0 1
0 1
0 1
0 1
0 1
0 1
0 1
0 1
0 1
0 1
0 1
0 1
0 1
0 1
0 1
0 1
0 1
0 1
0 1
0 1
0 1
0 1
0 1
0 1
0 1
0 1
0 1
0 1
0 1
0 1
0 1
0 1
0 1
0 1
0 1
0 1
0 1
0 1
0 1
0 1
0 1
0 1
0 1
0 1
0 1
0 1
0 1
0 1
0 1
0 1
0 1
0 1
0 1
0 1
0 1
0 1
0 1
0 1
0 1
0 1
0 1
0 1
0 1
0 1
0 1
0 1
0 1
0 1
0 1
0 1
0 1
0 1
0 1
0 1
0 1
0 1
0 1
0 1
0 1
0 1
0 1
0 1
0 1
0 1
0 1
0 1
0 1
0 1
0 1
0 1
0 1
0 1
0 1
0 1
0 1
0 1
0 1
0 1
0 1
0 1
0 1
0 1
0 1
0 1
0 1
0 1
0 1
0 1
0 1
0 1
0 1
0 1
0 1
0 1
0 1
0 1
0 1
0 1
0 1
0 1
0 1
0 1
0 1
0 1
0 1
0 1
0 1
0 1
0 1
0 1
0 1
0 1
0 1
0 1
0 1
0 1
0 1
0 1
0 1
0 1
0 1
0 1
0 1
0 1
0 1
0 1
0 1
0 1
0 1
0 1
0 1
0 1
0 1
0 1
0 1
0 1
0 1
0 1
0 1
0 1
0 1
0 1
0 1
0 1
0 1
0 1
0 1
0 1
0 1
0 1
0 1
0 1
0 1
0 1
0 1
0 1
0 1
0 1
0 1
0 1
0 1
0 1
