0 -1
0 -1
0 -1
0 -1
0 -1
0 -1
0 -1
0 -1
0 -1
0 -1
0 -1
0 -1
0 -1
0 -1
0 -1
0 -1
0 -1
0 -1
0 -1
0 -1
0 -1
0 -1
0 -1
0 -1
0 -1
0 -1
0 -1
0 -1
0 -1
0 -1
0 -1
0 -1
0 -1
0 -1
0 -1
0 -1
0 -1
0 -1
0 -1
0 -1
0 -1
0 -1
0 -1
0 -1
0 -1
0 -1
0 -1
0 -1
0 -1
0 -1
0 -1
0 -1
0 -1
0 -1
0 -1
0 -1
0 -1
0 -1
0 -1
0 -1
0 -1
0 -1
0 -1
0 -1
0 -1
0 -1
0 -1
0 -1
0 -1
0 -1
0 -1
0 -1
0 -1
0 -1
0 -1
0 -1
0 -1
0 -1
0 -1
0 -1
0 -1
0 -1
0 -1
0 -1
0 -1
0 -1
0 -1
0 -1
0 -1
0 -1
0 -1
0 -1
0 -1
0 -1
0 -1
0 -1
0 -1
0 -1
0 -1
0 -1
0 -1
0 -1
0 -1
0 -1
0 -1
0 -1
0 -1
0 -1
0 -1
0 -1
0 -1
0 -1
0 -1
0 -1
0 -1
0 -1
0 -1
0 -1
0 -1
0 -1
-4 0
-4 0
-4 0
-4 0
-4 0
-4 0
-4 0
-4 0
-4 0
-4 0
-4 0
-4 0
-4 0
-4 0
-4 0
-4 0
-4 0
-4 0
-4 0
-4 0
0 -3
0 -3
0 -3
0 -3
0 -3
0 -3
0 -3
0 -3
0 -3
0 -3
0 -3
0 -3
0 -3
0 -3
0 -3
0 -3
0 -3
0 -3
0 -3
0 -3
0 -3
0 -3
0 -3
0 -3
0 -3
0 -3
0 -3
0 -3
0 -3
0 -3
0 -3
0 -3
0 -3
0 -3
0 -3
0 -3
0 -3
0 -3
0 -3
0 -3
0 -3
0 -3
0 -3
0 -3
0 -3
0 -3
0 -3
0 -3
0 -3
0 -3
0 -3
2 -2
0 -11
0 -11
0 -11
0 -11
0 -11
0 -11
0 -11
0 -11
0 -11
0 -11
0 -11
0 -11
0 -11
0 -11
0 -11
0 -11
0 -11
0 -11
0 -11
0 -11
0 -11
0 -11
0 -11
0 -11
0 -11
0 -11
0 -11
0 -11
0 -11
0 -11
0 -11
0 -11
0 -11
0 -11
0 -11
0 -11
0 -11
0 -11
0 -11
0 -11
0 -11
0 -11
0 -11
0 -11
0 -11
0 -11
0 -11
0 -11
0 -11
0 -11
0 -11
0 -11
0 -11
0 -11
0 -11
0 -11
0 -11
0 -11
0 -11
0 -11
0 -11
0 -11
0 -11
0 -11
0 -11
0 -11
0 -11
0 -11
0 -11
0 -11
0 -11
0 -11
0 -11
0 -11
0 -13
0 -17
0 -17
0 -17
0 -17
0 -17
0 -17
0 -17
0 -17
0 -17
0 -17
0 -17
0 -17
0 -17
0 -17
0 -17
0 -17
0 -17
0 -17
0 -17
0 -17
0 -17
0 -17
0 -17
0 -17
0 -17
0 -17
0 -17
0 -17
0 -17
0 -17
0 -17
0 -17
0 -17
0 -17
0 -17
0 -17
0 -17
0 -17
0 -17
0 -17
1 -21
1 -21
1 -21
1 -21
1 -21
1 -21
1 -21
1 -21
1 -21
1 -21
1 -21
1 -21
1 -21
1 -21
1 -21
1 -21
1 -21
1 -21
1 -21
1 -21
1 -21
1 -21
1 -21
1 -21
1 -21
1 -21
1 -21
1 -21
1 -21
1 -21
1 -21
1 -21
1 -21
1 -21
1 -21
1 -21
1 -21
1 -21
1 -21
1 -21
1 -21
1 -21
1 -21
1 -21
1 -21
2 -24
0 -30
0 -30
0 -30
0 -30
0 -30
0 -30
0 -30
0 -30
0 -30
0 -30
0 -30
0 -30
0 -30
0 -30
0 -30
0 -30
0 -30
0 -30
0 -30
0 -30
0 -30
0 -30
0 -30
0 -30
0 -30
0 -30
0 -30
0 -30
0 -30
0 -30
0 -30
0 -30
0 -30
0 -30
0 -30
0 -30
0 -30
0 -30
0 -30
0 -30
0 -30
0 -30
0 -30
0 -30
0 -30
0 -30
0 -30
0 -30
3 -46
3 -46
3 -46
3 -46
3 -46
3 -46
3 -46
3 -46
3 -46
3 -46
3 -46
3 -46
3 -46
3 -46
3 -46
3 -46
3 -46
3 -46
3 -46
3 -46
3 -46
3 -46
3 -46
3 -46
3 -46
3 -46
3 -46
3 -46
3 -46
3 -46
3 -46
3 -46
3 -46
3 -46
3 -46
3 -46
3 -46
3 -46
3 -46
3 -46
3 -46
3 -46
3 -46
3 -46
3 -46
3 -46
5 -46
8 -44
8 -44
8 -44
8 -44
8 -44
8 -44
8 -44
8 -44
8 -44
8 -44
8 -44
8 -44
8 -44
8 -44
8 -44
8 -44
8 -44
8 -44
8 -44
8 -44
8 -44
8 -44
8 -44
8 -44
4 -54
4 -54
4 -54
4 -54
4 -54
4 -54
4 -54
4 -54
4 -54
4 -54
4 -54
4 -54
4 -54
4 -54
4 -54
4 -54
4 -54
4 -54
4 -54
4 -54
4 -54
4 -54
4 -54
4 -54
4 -54
4 -54
4 -54
4 -54
4 -54
4 -54
4 -54
4 -54
4 -54
4 -54
4 -54
4 -54
4 -54
4 -54
4 -54
4 -54
4 -54
4 -54
4 -54
4 -54
4 -54
4 -54
4 -54
3 -59
3 -59
3 -59
3 -59
3 -59
3 -59
3 -59
3 -59
3 -59
3 -59
3 -59
3 -59
3 -59
3 -59
3 -59
3 -59
3 -59
3 -59
3 -59
3 -59
3 -59
3 -59
3 -59
3 -59
3 -59
-5 -68
-5 -68
-5 -68
-5 -68
-5 -68
-5 -68
-5 -68
-5 -68
-5 -68
-5 -68
-5 -68
-5 -68
-5 -68
-5 -68
-5 -68
-5 -68
-5 -68
-5 -68
-5 -68
-5 -68
-5 -68
-5 -68
-5 -68
-5 -68
-5 -68
-5 -68
-5 -68
-5 -68
-5 -68
-5 -68
-5 -68
-5 -68
-5 -68
-5 -68
-5 -68
-5 -68
-5 -68
-5 -68
-5 -68
-5 -68
-5 -68
-5 -68
-5 -68
-5 -68
-5 -68
-5 -68
-5 -68
-5 -68
-5 -68
-10 -63
-10 -63
-10 -63
-10 -63
-10 -63
-10 -63
-10 -63
-10 -63
-10 -63
-10 -63
-10 -63
-10 -63
-10 -63
-10 -63
-10 -63
-10 -63
-10 -63
-10 -63
-10 -63
-10 -63
-10 -63
-10 -63
-10 -63
-10 -63
-13 -62
-13 -62
-13 -62
-13 -62
-13 -62
-13 -62
-13 -62
-13 -62
-13 -62
-13 -62
-13 -62
-13 -62
-13 -62
-13 -62
-13 -62
-13 -62
-13 -62
-13 -62
-13 -62
-13 -62
-13 -62
-13 -62
-13 -62
-13 -62
-13 -62
-13 -62
-13 -62
-13 -62
-13 -62
-13 -62
-13 -62
-13 -62
-13 -62
-13 -62
-13 -62
-13 -62
-13 -62
-13 -62
-13 -62
-13 -62
-13 -62
-13 -62
-13 -62
-13 -62
-13 -62
-13 -62
-13 -62
-13 -62
-13 -62
-23 -62
-23 -62
-23 -62
-23 -62
-23 -62
-23 -62
-23 -62
-23 -62
-23 -62
-23 -62
-23 -62
-23 -62
-23 -62
-23 -62
-23 -62
-23 -62
-23 -62
-23 -62
-23 -62
-23 -62
-23 -62
-23 -62
-23 -62
-23 -62
-24 -57
-24 -57
-24 -57
-24 -57
-24 -57
-24 -57
-24 -57
-24 -57
-24 -57
-24 -57
-24 -57
-24 -57
-24 -57
-24 -57
-24 -57
-24 -57
-24 -57
-24 -57
-24 -57
-24 -57
-24 -57
-32 -66
-32 -66
-32 -66
-32 -66
-32 -66
-32 -66
-32 -66
-32 -66
-32 -66
-32 -66
-32 -66
-32 -66
-32 -66
-32 -66
-32 -66
-32 -66
-32 -66
-32 -66
-32 -66
-32 -66
-32 -66
-32 -66
-32 -66
-32 -66
-32 -66
-32 -66
-32 -66
-32 -66
-32 -66
-32 -66
-32 -66
-32 -66
-32 -66
-32 -66
-32 -66
-32 -66
-32 -66
-32 -66
-32 -66
-32 -66
-32 -66
-32 -66
-32 -66
-32 -66
-32 -66
-32 -66
-32 -66
-38 -63
-38 -63
-38 -63
-38 -63
-38 -63
-38 -63
-38 -63
-38 -63
-38 -63
-38 -63
-38 -63
-38 -63
-38 -63
-38 -63
-38 -63
-38 -63
-38 -63
-38 -63
-38 -63
-38 -63
-38 -63
-38 -63
-38 -63
-38 -63
-38 -63
-42 -56
-42 -56
-42 -56
-42 -56
-42 -56
-42 -56
-42 -56
-42 -56
-42 -56
-42 -56
-42 -56
-42 -56
-42 -56
-42 -56
-42 -56
-42 -56
-42 -56
-42 -56
-42 -56
-42 -56
-42 -56
-42 -56
-50 -43
-50 -43
-50 -43
-50 -43
-50 -43
-50 -43
-50 -43
-50 -43
-50 -43
-50 -43
-50 -43
-50 -43
-50 -43
-50 -43
-50 -43
-50 -43
-50 -43
-50 -43
-50 -43
-50 -43
-50 -43
-50 -43
-50 -43
-50 -43
-50 -43
-50 -43
-50 -43
-50 -43
-50 -43
-50 -43
-50 -43
-50 -43
-50 -43
-50 -43
-50 -43
-50 -43
-50 -43
-50 -43
-50 -43
-50 -43
-50 -43
-50 -43
-50 -43
-47 -53
-47 -53
-47 -53
-47 -53
-47 -53
-47 -53
-47 -53
-47 -53
-47 -53
-47 -53
-47 -53
-47 -53
-47 -53
-47 -53
-47 -53
-47 -53
-47 -53
-47 -53
-47 -53
-47 -53
-47 -53
-47 -53
-62 -52
-62 -52
-62 -52
-62 -52
-62 -52
-62 -52
-62 -52
-62 -52
-62 -52
-62 -52
-62 -52
-62 -52
-62 -52
-62 -52
-62 -52
-62 -52
-62 -52
-62 -52
-62 -52
-62 -52
-62 -52
-62 -52
-62 -52
-62 -52
-62 -52
-62 -52
-62 -52
-62 -52
-60 -54
-60 -54
-60 -54
-60 -54
-60 -54
-60 -54
-60 -54
-60 -54
-60 -54
-60 -54
-60 -54
-60 -54
-60 -54
-60 -54
-60 -54
-60 -54
-60 -54
-60 -54
-60 -54
-60 -54
-60 -54
-60 -54
-60 -54
-60 -54
-60 -54
-60 -54
-60 -54
-60 -54
-60 -54
-60 -54
-60 -54
-60 -54
-60 -54
-60 -54
-60 -54
-60 -54
-60 -54
-60 -54
-60 -54
-60 -54
-60 -54
-60 -54
-60 -54
-65 -49
-65 -49
-65 -49
-65 -49
-65 -49
-65 -49
-65 -49
-65 -49
-65 -49
-65 -49
-65 -49
-65 -49
-65 -49
-65 -49
-65 -49
-65 -49
-65 -49
-65 -49
-65 -49
-65 -49
-65 -49
-65 -49
-65 -49
-65 -49
-65 -49
-65 -49
-65 -49
-65 -49
-65 -49
-65 -49
-65 -49
-65 -49
-65 -49
-65 -49
-65 -49
-65 -49
-65 -49
-65 -49
-65 -49
-65 -49
-65 -49
-65 -49
-65 -49
-65 -49
-65 -49
-70 -40
-70 -40
-70 -40
-70 -40
-70 -40
-70 -40
-70 -40
-70 -40
-70 -40
-70 -40
-70 -40
-70 -40
-70 -40
-70 -40
-70 -40
-70 -40
-70 -40
-70 -40
-70 -40
-70 -40
-70 -40
-74 -40
-74 -40
-74 -40
-74 -40
-74 -40
-74 -40
-74 -40
-74 -40
-74 -40
-74 -40
-74 -40
-74 -40
-74 -40
-74 -40
-74 -40
-74 -40
-74 -40
-74 -40
-74 -40
-74 -40
-74 -40
-74 -40
-74 -40
-74 -40
-74 -40
-74 -40
-74 -40
-74 -40
-74 -40
-74 -40
-74 -40
-74 -40
-74 -40
-74 -40
-74 -40
-74 -40
-74 -40
-74 -40
-74 -40
-74 -40
-74 -31
-74 -31
-74 -31
-74 -31
-74 -31
-74 -31
-74 -31
-74 -31
-74 -31
-74 -31
-74 -31
-74 -31
-74 -31
-74 -31
-74 -31
-74 -31
-74 -31
-74 -31
-74 -31
-74 -31
-74 -31
-74 -31
-74 -31
-74 -31
-74 -31
-74 -31
-74 -31
-74 -31
-74 -31
-74 -31
-74 -31
-74 -31
-74 -31
-74 -31
-74 -31
-74 -31
-74 -31
-74 -31
-74 -31
-74 -31
-74 -31
-81 -24
-81 -24
-81 -24
-81 -24
-81 -24
-81 -24
-81 -24
-81 -24
-81 -24
-81 -24
-81 -24
-81 -24
-81 -24
-81 -24
-81 -24
-81 -24
-81 -24
-81 -24
-81 -24
-81 -24
-86 -18
-86 -18
-86 -18
-86 -18
-86 -18
-86 -18
-86 -18
-86 -18
-86 -18
-86 -18
-86 -18
-86 -18
-86 -18
-86 -18
-86 -18
-86 -18
-86 -18
-86 -18
-86 -18
-86 -18
-86 -18
-86 -18
-86 -18
-86 -18
-86 -18
-86 -18
-86 -18
-86 -18
-86 -18
-86 -18
-86 -18
-86 -18
-86 -18
-86 -18
-86 -18
-86 -18
-86 -18
-86 -18
-86 -18
-86 -18
-86 -18
-86 -18
-86 -18
-86 -18
-86 -18
-86 -18
-86 -18
-86 -18
-86 -18
-85 -8
-85 -8
-85 -8
-85 -8
-85 -8
-85 -8
-85 -8
-85 -8
-85 -8
-85 -8
-85 -8
-85 -8
-85 -8
-85 -8
-85 -8
-85 -8
-85 -8
-85 -8
-85 -8
-85 -8
-85 -8
-85 -8
-85 -8
-85 -8
-85 -8
-85 -8
-85 -8
-85 -8
-85 -8
-85 -8
-85 -8
-85 -8
-85 -8
-85 -8
-85 -8
-85 -8
-85 -8
-85 -8
-85 -8
-85 -8
-85 -8
-85 -8
-85 -8
-85 -8
-85 -8
-85 -8
-85 -8
-85 -8
-85 -8
-85 -8
-85 -8
-85 -8
-85 -8
-85 -8
-85 -8
-85 -8
-85 -8
-85 -8
-85 -8
-85 -8
-85 -8
-85 -8
-85 -8
-85 -8
-85 -8
-85 -8
-85 -8
-85 -8
-85 -8
-85 -8
-85 -8
-85 -8
-85 -8
-85 -8
-85 -8
-85 -8
-85 -8
-92 -2
-89 3
-89 3
-89 3
-89 3
-89 3
-89 3
-89 3
-89 3
-89 3
-89 3
-89 3
-89 3
-89 3
-89 3
-89 3
-89 3
-89 3
-89 3
-89 3
-89 3
-89 3
-89 3
-89 3
-89 3
-89 3
-89 3
-89 3
-89 3
-89 3
-89 3
-89 3
-89 3
-89 3
-89 3
-89 3
-89 3
-89 3
-89 3
-89 3
-89 3
-89 3
-89 3
-89 3
-89 3
-89 3
-89 3
-89 3
-85 3
-85 3
-85 3
-85 3
-85 3
-85 3
-85 3
-85 3
-85 3
-85 3
-85 3
-85 3
-85 3
-85 3
-85 3
-85 3
-85 3
-85 3
-85 3
-85 3
-85 3
-85 3
-85 3
-85 3
-85 3
-85 3
-85 3
-85 3
-85 3
-85 3
-85 3
-85 3
-85 3
-85 3
-85 3
-85 3
-85 3
-85 3
-85 3
-85 3
-85 3
-85 3
-85 3
-85 6
-85 6
-85 6
-85 6
-85 6
-85 6
-85 6
-85 6
-85 6
-85 6
-85 6
-85 6
-85 6
-85 6
-85 6
-85 6
-85 6
-85 6
-85 6
-85 6
-85 6
-85 6
-85 6
-85 6
-85 6
-85 6
-85 10
-85 10
-85 10
-85 10
-85 10
-85 10
-85 10
-85 10
-85 10
-85 10
-85 10
-85 10
-85 10
-85 10
-85 10
-85 10
-85 10
-85 10
-85 10
-85 10
-85 10
-85 10
-85 10
-85 10
-85 10
-85 10
-85 10
-73 12
-73 12
-73 12
-73 12
-73 12
-73 12
-73 12
-73 12
-73 12
-73 12
-73 12
-73 12
-73 12
-73 12
-73 12
-73 12
-73 12
-73 12
-73 12
-73 12
-73 12
-73 12
-73 12
-73 12
-73 12
-73 12
-73 12
-73 12
-73 12
-73 12
-73 12
-73 12
-73 12
-73 12
-73 12
-73 12
-73 12
-73 12
-73 12
-73 12
-73 12
-73 12
-73 12
-73 12
-73 12
-73 12
-73 12
-73 12
-73 12
-73 12
-73 12
-73 12
-73 12
-73 12
-73 12
-73 12
-73 12
-73 12
-73 12
-73 12
-73 12
-73 12
-73 12
-73 12
-73 12
-73 12
-73 12
-73 12
-73 12
-73 12
-73 12
-73 12
-73 12
-62 16
-62 16
-62 16
-62 16
-62 16
-62 16
-62 16
-62 16
-62 16
-62 16
-62 16
-62 16
-62 16
-62 16
-62 16
-62 16
-62 16
-62 16
-62 16
-62 16
-62 16
-62 16
-62 16
-62 16
-74 26
-74 26
-74 26
-74 26
-74 26
-74 26
-74 26
-74 26
-74 26
-74 26
-74 26
-74 26
-74 26
-74 26
-74 26
-74 26
-74 26
-74 26
-74 26
-74 26
-74 26
-74 26
-74 26
-74 26
-74 26
-74 26
-74 26
-74 26
-74 26
-74 26
-74 26
-74 26
-74 26
-74 26
-74 26
-74 26
-74 26
-74 26
-74 26
-74 26
-74 26
-74 26
-74 26
-74 26
-74 26
-74 26
-74 26
-74 26
-74 26
-74 26
-74 26
-74 26
-74 26
-74 26
-74 26
-74 26
-74 26
-74 26
-74 26
-74 26
-74 26
-74 26
-74 26
-74 26
-74 26
-74 26
-74 26
-74 26
-74 26
-74 26
-74 26
-74 26
-74 26
-74 26
-74 26
-74 26
-74 26
-74 26
-74 26
-74 26
-74 26
-74 26
-74 26
-74 26
-74 26
-74 26
-74 26
-74 26
-74 26
-74 26
-74 26
-74 26
-74 26
-62 40
-62 40
-55 50
-55 50
-55 50
-55 50
-55 50
-55 50
-55 50
-55 50
-55 50
-55 50
-55 50
-55 50
-55 50
-55 50
-55 50
-55 50
-55 50
-55 50
-54 43
-54 43
-54 43
-54 43
-54 43
-54 43
-54 43
-54 43
-54 43
-54 43
-54 43
-54 43
-54 43
-54 43
-54 43
-54 43
-54 43
-54 43
-54 43
-54 43
-54 43
-54 43
-54 43
-54 43
-54 43
-54 43
-51 54
-51 54
-51 54
-51 54
-51 54
-51 54
-51 54
-51 54
-51 54
-51 54
-51 54
-51 54
-51 54
-51 54
-51 54
-51 54
-51 54
-51 54
-51 54
-51 54
-54 45
-54 45
-54 45
-54 45
-54 45
-54 45
-54 45
-54 45
-54 45
-54 45
-54 45
-54 45
-54 45
-54 45
-54 45
-54 45
-54 45
-54 45
-54 45
-54 45
-54 45
-54 45
-54 45
-54 45
-54 45
-54 45
-54 45
-54 45
-54 45
-54 45
-54 45
-54 45
-54 45
-54 45
-54 45
-54 45
-54 45
-54 45
-54 45
-54 45
-54 45
-54 45
-54 45
-54 45
-50 61
-50 61
-50 61
-50 61
-50 61
-50 61
-50 61
-50 61
-50 61
-50 61
-50 61
-50 61
-50 61
-50 61
-50 61
-50 61
-50 61
-50 61
-50 61
-50 61
-50 61
-50 61
-50 61
-50 61
-50 61
-50 61
-50 61
-50 61
-50 61
-50 61
-50 61
-50 61
-50 61
-50 61
-50 61
-50 61
-50 61
-50 61
-50 61
-50 61
-50 61
-50 61
-50 61
-54 68
-54 68
-54 68
-54 68
-54 68
-54 68
-54 68
-54 68
-54 68
-54 68
-54 68
-54 68
-54 68
-54 68
-54 68
-54 68
-54 68
-54 68
-54 68
-54 68
-54 68
-54 68
-54 68
-54 68
-54 68
-54 68
-54 68
-54 68
-54 68
-53 68
-53 68
-53 68
-53 68
-53 68
-53 68
-53 68
-53 68
-53 68
-53 68
-53 68
-53 68
-53 68
-53 68
-53 68
-53 68
-53 68
-53 68
-53 68
-53 68
-53 68
-53 68
-50 66
-50 66
-50 66
-50 66
-50 66
-50 66
-50 66
-50 66
-50 66
-50 66
-50 66
-50 66
-50 66
-50 66
-50 66
-50 66
-50 66
-50 66
-50 66
-50 66
-50 66
-50 66
-50 66
-50 66
-44 75
-44 75
-44 75
-44 75
-44 75
-44 75
-44 75
-44 75
-44 75
-44 75
-44 75
-44 75
-44 75
-44 75
-44 75
-44 75
-44 75
-44 75
-44 75
-44 75
-44 75
-44 75
-44 75
-44 75
-44 75
-44 75
-44 75
-44 75
-44 75
-44 75
-44 75
-44 75
-44 75
-44 75
-44 75
-44 75
-44 75
-44 75
-44 75
-44 75
-44 75
-44 75
-44 75
-44 75
-44 75
-44 75
-44 75
-44 75
-44 75
-44 75
-44 75
-44 75
-44 75
-44 75
-44 75
-44 75
-44 75
-44 75
-44 75
-44 75
-44 75
-44 75
-44 75
-44 75
-44 75
-44 75
-44 75
-44 75
-44 75
-44 75
-44 75
-44 75
-44 75
-44 75
-44 75
-44 75
-36 74
-46 67
-46 67
-46 67
-46 67
-46 67
-46 67
-46 67
-46 67
-46 67
-46 67
-46 67
-46 67
-46 67
-46 67
-46 67
-46 67
-46 67
-46 67
-46 67
-46 67
-46 67
-46 67
-46 67
-46 67
-46 67
-46 67
-46 67
-46 67
-46 67
-46 67
-46 67
-46 67
-46 67
-46 67
-46 67
-46 67
-46 67
-46 67
-46 67
-46 67
-46 67
-46 67
-46 67
-46 67
-46 67
-46 67
-46 67
-46 67
-46 67
-46 67
-46 67
-46 64
-46 64
-46 64
-46 64
-46 64
-46 64
-46 64
-46 64
-46 64
-46 64
-46 64
-46 64
-46 64
-46 64
-46 64
-46 64
-46 64
-46 64
-46 64
-46 64
-32 70
-32 70
-32 70
-32 70
-32 70
-32 70
-32 70
-32 70
-32 70
-32 70
-32 70
-32 70
-32 70
-32 70
-32 70
-32 70
-32 70
-32 70
-32 70
-32 70
-32 70
-32 70
-32 70
-32 70
-32 70
-32 70
-32 70
-32 70
-32 70
-32 70
-32 70
-32 70
-32 70
-32 70
-32 70
-32 70
-32 70
-32 70
-32 70
-32 70
-32 70
-32 70
-32 70
-32 70
-32 70
-32 70
-32 70
-33 74
-33 74
-33 74
-33 74
-33 74
-33 74
-33 74
-33 74
-33 74
-33 74
-33 74
-33 74
-33 74
-33 74
-33 74
-33 74
-33 74
-33 74
-33 74
-33 74
-33 74
-33 74
-33 74
-33 74
-33 74
-33 74
-33 74
-33 74
-33 74
-33 74
-33 74
-33 74
-33 74
-33 74
-33 74
-33 74
-33 74
-33 74
-33 74
-33 74
-33 74
-33 74
-33 74
-33 74
-33 74
-33 74
-33 74
-33 74
-33 74
-33 74
-33 74
-27 62
-24 68
-24 68
-24 68
-24 68
-24 68
-24 68
-24 68
-24 68
-24 68
-24 68
-24 68
-24 68
-24 68
-24 68
-24 68
-24 68
-24 68
-24 68
-24 68
-24 68
-24 68
-24 68
-24 68
-24 68
-24 68
-24 68
-24 68
-24 68
-24 68
-24 68
-24 68
-24 68
-24 68
-24 68
-24 68
-24 68
-24 68
-24 68
-24 68
-24 68
-24 68
-24 68
-24 68
-27 72
-27 72
-27 72
-27 72
-27 72
-27 72
-27 72
-27 72
-27 72
-27 72
-27 72
-27 72
-27 72
-27 72
-27 72
-27 72
-17 72
-17 72
-17 72
-17 72
-17 72
-17 72
-17 72
-17 72
-17 72
-17 72
-17 72
-17 72
-15 77
-15 77
-15 77
-15 77
-15 77
-15 77
-15 77
-15 77
-15 77
-15 77
-15 77
-15 77
-15 77
-15 77
-15 77
-15 77
-15 77
-15 77
-15 77
-15 77
-15 77
-15 77
-15 77
-15 77
-15 77
-11 74
-11 74
-11 74
-11 74
-11 74
-11 74
-11 74
-11 74
-11 74
-11 74
-11 74
-14 83
-14 83
-14 83
-14 83
-14 83
-14 83
-14 83
-14 83
-14 83
-14 83
-14 83
-14 83
-14 83
-14 83
-14 83
-14 83
-14 83
-14 83
-14 83
-14 83
-14 83
-14 83
-14 83
-14 83
-14 83
-14 83
-14 83
-14 83
-14 83
-14 83
-14 83
-14 83
-14 83
-14 83
-14 83
-14 83
-14 83
-14 83
-14 83
-14 83
-14 83
-14 83
-14 83
-14 83
-14 83
-14 83
-14 83
-14 83
-14 83
-14 83
-14 83
-14 83
-8 79
-6 81
-6 81
-6 81
-6 81
-6 81
-6 81
-6 81
-6 81
-6 81
-6 81
-6 81
-6 81
-6 81
-6 81
-6 81
-6 81
-6 81
-6 81
-6 81
-6 81
-6 81
-6 81
-6 81
-6 81
-6 81
-6 81
-6 81
-6 81
-6 81
-6 81
-6 81
-6 81
-6 81
-6 81
-6 81
-6 81
-6 81
1 76
1 76
1 76
1 76
1 76
1 76
1 76
1 76
1 76
1 76
1 76
1 76
1 76
1 76
1 76
1 76
1 76
1 76
1 76
1 76
1 76
1 76
1 76
1 76
1 76
1 76
1 76
1 76
1 76
1 76
1 76
1 76
1 76
1 76
1 76
1 76
1 89
1 89
1 89
1 89
1 89
1 89
1 89
1 89
1 89
1 89
1 89
1 89
1 89
1 89
1 89
1 89
0 86
0 86
0 86
0 86
0 86
0 86
0 86
0 86
0 86
0 86
0 86
0 86
0 86
0 86
0 86
0 86
0 86
0 86
0 86
0 86
0 86
0 86
0 86
0 86
0 86
0 86
0 86
0 86
0 86
0 86
0 86
0 86
-1 80
-1 80
-1 80
-1 80
-1 80
-1 80
-1 80
-1 80
-1 80
-1 80
-1 80
-1 80
-1 80
-1 80
-1 80
-1 80
-1 80
-1 80
4 81
4 81
4 81
4 81
4 81
4 81
4 81
4 81
4 81
4 81
4 81
4 81
4 81
4 81
4 81
4 81
4 81
4 81
4 81
4 81
4 81
4 81
4 81
4 81
4 81
4 81
4 81
4 81
4 81
4 81
4 81
4 81
4 81
4 81
4 81
4 81
4 81
4 81
4 81
10 82
10 82
10 82
10 82
10 82
10 82
10 82
10 82
10 82
10 82
10 82
10 82
10 82
10 82
10 82
10 82
10 82
10 86
10 86
10 86
10 86
10 86
10 86
10 86
10 86
10 86
10 86
10 86
10 86
10 86
10 86
10 86
10 86
8 93
8 93
8 93
8 93
8 93
8 93
8 93
8 93
8 93
8 93
8 93
8 93
8 93
8 93
8 93
8 93
8 93
8 93
8 93
8 93
8 93
8 93
8 93
8 93
8 93
8 93
8 93
8 93
8 93
8 93
8 93
8 93
8 93
8 93
8 93
8 93
8 93
8 93
8 93
8 93
8 93
8 93
8 93
8 93
8 93
8 93
8 93
8 93
8 93
8 93
8 93
8 93
8 93
8 93
22 80
22 80
22 80
22 80
22 80
22 80
22 80
22 80
22 80
22 80
22 80
22 80
22 80
22 80
22 80
22 80
22 80
22 80
22 80
22 80
22 80
22 80
22 80
22 80
22 80
22 80
22 80
22 80
22 80
22 80
22 80
22 80
22 80
22 80
22 80
36 86
36 86
36 86
36 86
36 86
36 86
36 86
36 86
36 86
36 86
36 86
36 86
36 86
36 86
36 86
36 86
41 86
41 86
41 86
41 86
41 86
41 86
41 86
41 86
41 86
41 86
41 86
41 86
41 86
41 86
41 86
41 86
53 79
53 79
53 79
53 79
53 79
53 79
53 79
53 79
53 79
53 79
53 79
53 79
53 79
53 79
53 79
53 79
53 79
53 79
53 79
53 79
53 79
53 79
53 79
53 79
53 79
53 79
53 79
53 79
53 79
53 79
53 79
53 79
53 79
53 79
61 71
61 71
61 71
61 71
61 71
61 71
61 71
61 71
61 71
61 71
61 71
61 71
61 71
61 71
61 71
61 71
61 71
61 71
61 71
61 71
61 71
61 71
61 71
61 71
61 71
61 71
61 71
61 71
61 71
61 71
61 71
61 71
61 71
70 71
70 71
70 71
70 71
70 71
70 71
70 71
70 71
70 71
70 71
70 71
70 71
70 71
70 71
70 71
70 71
70 71
70 71
70 71
70 71
70 71
70 71
70 71
70 71
70 71
70 71
70 71
70 71
70 71
70 71
70 71
70 71
70 71
71 63
70 54
70 54
70 54
70 54
70 54
70 54
70 54
70 54
70 54
70 54
70 54
70 54
70 54
70 54
70 54
86 55
86 55
86 55
86 55
86 55
86 55
86 55
86 55
86 55
86 55
86 55
86 55
86 55
86 55
86 55
86 55
86 55
86 55
86 55
86 55
86 55
86 55
86 55
86 55
86 55
86 55
86 55
86 55
86 55
86 55
86 55
86 55
86 55
86 55
86 55
86 55
86 55
87 36
87 36
87 36
87 36
87 36
87 36
87 36
87 36
87 36
87 36
87 36
87 36
87 36
87 36
90 29
90 29
90 29
90 29
90 29
90 29
90 29
90 29
90 29
90 29
90 29
90 29
90 29
90 29
90 29
90 29
90 29
109 29
109 29
109 29
109 29
109 29
109 29
109 29
109 29
109 29
109 29
109 29
109 29
109 29
109 29
109 29
109 29
109 29
109 29
109 29
109 29
109 29
109 29
109 29
109 29
109 29
109 29
109 29
109 29
109 29
109 29
109 29
107 17
107 17
107 17
107 17
107 17
107 17
107 17
107 17
107 17
107 17
107 17
107 17
107 17
107 17
107 17
107 17
107 17
113 5
113 5
113 5
113 5
113 5
113 5
113 5
113 5
113 5
113 5
113 5
113 5
113 5
113 5
113 5
113 5
113 5
113 5
113 5
113 5
113 5
113 5
113 5
113 5
113 5
113 5
113 5
113 5
113 5
113 5
113 5
113 5
103 0
103 0
103 0
103 0
103 0
103 0
103 0
103 0
103 0
103 0
103 0
103 0
103 0
103 0
99 1
99 1
99 1
99 1
99 1
99 1
99 1
99 1
99 1
99 1
99 1
99 1
99 1
99 1
99 1
99 1
99 1
99 1
99 1
99 1
99 1
99 1
99 1
99 1
99 1
99 1
99 1
99 1
99 1
99 1
99 1
99 1
99 1
99 1
114 -7
114 -7
114 -7
114 -7
114 -7
114 -7
114 -7
114 -7
114 -7
114 -7
114 -7
114 -7
114 -7
114 -7
114 -7
114 -7
114 -7
114 -7
114 -7
114 -7
114 -7
114 -7
114 -7
114 -7
114 -7
114 -7
114 -7
114 -7
114 -7
114 -7
114 -7
114 -7
114 -7
95 -10
105 -29
105 -29
105 -29
105 -29
105 -29
105 -29
105 -29
105 -29
105 -29
105 -29
105 -29
105 -29
105 -29
105 -29
105 -29
105 -29
105 -29
105 -29
105 -29
105 -29
105 -29
105 -29
105 -29
105 -29
105 -29
105 -29
105 -29
105 -29
105 -29
105 -29
105 -29
105 -29
86 -25
86 -25
86 -25
86 -25
86 -25
86 -25
86 -25
86 -25
86 -25
86 -25
86 -25
86 -25
86 -25
86 -25
86 -25
90 -45
90 -45
90 -45
90 -45
90 -45
90 -45
90 -45
90 -45
90 -45
90 -45
90 -45
90 -45
90 -45
90 -45
90 -45
90 -45
90 -45
97 -52
97 -52
97 -52
97 -52
97 -52
97 -52
97 -52
97 -52
97 -52
97 -52
97 -52
97 -52
97 -52
97 -52
97 -52
97 -52
97 -52
97 -52
97 -52
97 -52
97 -52
97 -52
97 -52
97 -52
97 -52
97 -52
97 -52
97 -52
97 -52
97 -52
97 -52
97 -52
97 -52
97 -52
97 -52
97 -52
97 -52
97 -52
97 -52
97 -52
97 -52
97 -52
97 -52
97 -52
97 -52
97 -52
97 -52
97 -52
97 -52
97 -52
97 -52
97 -52
91 -62
91 -62
91 -62
91 -62
91 -62
91 -62
91 -62
91 -62
91 -62
91 -62
91 -62
91 -62
91 -62
91 -62
91 -62
91 -62
91 -62
91 -62
91 -62
91 -62
91 -62
91 -62
91 -62
91 -62
91 -62
91 -62
91 -62
91 -62
91 -62
91 -62
91 -62
91 -62
91 -62
91 -62
91 -62
91 -62
91 -62
91 -62
91 -62
91 -62
91 -62
91 -62
91 -62
91 -62
91 -62
91 -62
91 -62
91 -62
91 -62
91 -62
91 -62
91 -62
91 -62
91 -62
91 -62
91 -62
73 -70
73 -70
73 -70
73 -70
73 -70
73 -70
73 -70
73 -70
73 -70
73 -70
73 -70
73 -70
73 -70
73 -70
73 -70
73 -70
82 -77
82 -77
82 -77
82 -77
82 -77
82 -77
82 -77
82 -77
82 -77
82 -77
82 -77
82 -77
82 -77
82 -77
82 -77
82 -77
82 -77
82 -77
82 -77
82 -77
82 -77
82 -77
82 -77
82 -77
82 -77
82 -77
82 -77
82 -77
82 -77
82 -77
82 -77
82 -77
82 -77
82 -77
82 -77
82 -77
70 -79
70 -79
70 -79
70 -79
70 -79
70 -79
70 -79
70 -79
70 -79
70 -79
70 -79
70 -79
70 -79
70 -79
70 -79
70 -79
70 -79
70 -79
70 -79
70 -79
70 -79
70 -79
70 -79
70 -79
70 -79
70 -79
70 -79
70 -79
70 -79
70 -79
70 -79
70 -79
70 -79
59 -82
59 -82
59 -82
59 -82
59 -82
59 -82
59 -82
59 -82
59 -82
59 -82
59 -82
59 -82
59 -82
59 -82
59 -82
59 -82
59 -82
59 -82
59 -82
59 -82
59 -82
59 -82
59 -82
59 -82
59 -82
59 -82
59 -82
59 -82
59 -82
59 -82
59 -82
59 -82
59 -82
59 -82
59 -82
59 -82
59 -82
59 -82
45 -88
45 -88
45 -88
45 -88
45 -88
45 -88
45 -88
45 -88
45 -88
45 -88
45 -88
45 -88
45 -88
45 -88
45 -88
45 -88
37 -84
37 -84
37 -84
37 -84
37 -84
37 -84
37 -84
37 -84
37 -84
37 -84
37 -84
37 -84
37 -84
37 -84
37 -84
37 -84
37 -84
37 -84
37 -84
37 -84
37 -84
37 -84
37 -84
37 -84
37 -84
37 -84
37 -84
37 -84
37 -84
37 -84
37 -84
37 -84
37 -84
26 -88
26 -88
26 -88
26 -88
26 -88
26 -88
26 -88
26 -88
26 -88
26 -88
26 -88
26 -88
26 -88
26 -88
26 -88
26 -88
26 -88
26 -88
26 -88
26 -88
26 -88
26 -88
26 -88
26 -88
26 -88
26 -88
26 -88
26 -88
26 -88
26 -88
26 -88
26 -88
30 -80
22 -74
22 -74
22 -74
22 -74
22 -74
22 -74
22 -74
22 -74
22 -74
22 -74
22 -74
22 -74
22 -74
22 -74
22 -74
22 -74
22 -74
22 -74
22 -74
22 -74
22 -74
22 -74
22 -74
22 -74
22 -74
22 -74
22 -74
22 -74
22 -74
22 -74
22 -74
22 -74
22 -74
19 -71
19 -71
19 -71
19 -71
19 -71
19 -71
19 -71
19 -71
19 -71
19 -71
19 -71
19 -71
19 -71
19 -71
19 -71
19 -71
19 -71
19 -71
9 -77
9 -77
9 -77
9 -77
9 -77
9 -77
9 -77
9 -77
9 -77
9 -77
9 -77
9 -77
9 -77
9 -77
9 -77
9 -77
9 -77
9 -77
9 -77
9 -77
9 -77
9 -77
9 -77
9 -77
9 -77
9 -77
9 -77
9 -77
9 -77
9 -77
9 -77
9 -77
9 -77
9 -77
9 -66
9 -66
9 -66
9 -66
9 -66
9 -66
9 -66
9 -66
9 -66
9 -66
9 -66
9 -66
9 -66
9 -66
9 -66
9 -66
9 -66
9 -66
9 -66
9 -66
9 -66
9 -66
9 -66
9 -66
9 -66
9 -66
9 -66
9 -66
9 -66
9 -66
9 -66
9 -66
9 -66
9 -66
9 -66
9 -66
9 -66
9 -66
9 -66
9 -66
9 -66
9 -66
9 -66
9 -66
9 -66
9 -66
9 -66
9 -66
9 -66
9 -66
9 -66
-2 -56
-2 -56
-2 -56
-2 -56
-2 -56
-2 -56
-2 -56
-2 -56
-2 -56
-2 -56
-2 -56
-2 -56
-2 -56
-2 -56
-2 -56
-2 -56
-2 -56
-2 -56
-2 -56
-2 -56
-2 -56
-2 -56
-2 -56
-2 -56
-2 -56
-2 -56
-2 -56
-2 -56
-2 -56
-2 -56
-2 -56
-2 -56
-2 -56
-2 -56
-2 -56
-2 -56
1 -48
1 -46
1 -46
1 -46
1 -46
1 -46
1 -46
1 -46
1 -46
1 -46
1 -46
1 -46
1 -46
1 -46
1 -46
1 -46
1 -46
1 -46
1 -46
1 -46
1 -46
1 -46
1 -46
1 -46
1 -46
1 -46
1 -46
1 -46
1 -46
1 -46
1 -46
1 -46
1 -46
1 -46
2 -37
2 -37
2 -37
2 -37
2 -37
2 -37
2 -37
2 -37
2 -37
2 -37
2 -37
2 -37
2 -37
2 -37
2 -37
2 -37
2 -37
2 -37
2 -37
0 -34
0 -34
0 -34
0 -34
0 -34
0 -34
0 -34
0 -34
0 -34
0 -34
0 -34
0 -34
0 -34
0 -34
0 -34
0 -34
-2 -27
-2 -27
-2 -27
-2 -27
-2 -27
-2 -27
-2 -27
-2 -27
-2 -27
-2 -27
-2 -27
-2 -27
-2 -27
-2 -27
-2 -27
-2 -27
-2 -27
-2 -27
-2 -27
-2 -27
-2 -27
-2 -27
-2 -27
-2 -27
-2 -27
-2 -27
-2 -27
-2 -27
-2 -27
-2 -27
-2 -27
-2 -27
-4 -17
-4 -17
-4 -17
-4 -17
-4 -17
-4 -17
-4 -17
-4 -17
-4 -17
-4 -17
-4 -17
-4 -17
-4 -17
-4 -17
-4 -17
-4 -17
-4 -17
-4 -17
-4 -17
-4 -17
-4 -17
-4 -17
-4 -17
-4 -17
-4 -17
-4 -17
-4 -17
-4 -17
-4 -17
-4 -17
-4 -17
0 -5
0 -5
0 -5
0 -5
0 -5
0 -5
0 -5
0 -5
0 -5
0 -5
0 -5
0 -5
0 -5
0 -5
0 -5
0 -5
0 -5
0 -5
0 -5
0 -5
0 -5
0 -5
0 -5
0 -5
0 -5
0 -5
0 -5
0 -5
0 -5
0 -5
0 -5
0 -5
0 -5
0 -5
0 -5
0 -2
0 -2
0 -2
0 -2
0 -2
0 -2
0 -2
0 -2
0 -2
0 -2
0 -2
0 -2
0 -2
0 -2
0 -2
0 -2
0 -2
0 -2
0 -2
0 -2
0 -2
0 -2
0 -2
0 -2
0 -2
0 -2
0 -2
0 -2
0 -2
0 -2
0 -2
0 -2
0 -2
0 -2
0 -2
0 -2
0 -2
0 -2
0 -2
0 -2
0 -2
0 -2
0 -2
0 -2
0 -2
0 -2
0 1
0 1
0 1
0 1
0 1
0 1
0 1
0 1
0 1
0 1
0 1
0 1
0 1
0 1
0 1
0 1
0 1
0 1
0 1
0 1
0 1
0 1
0 1
0 1
0 1
0 1
0 1
0 1
0 1
0 1
0 1
0 1
0 1
0 1
0 1
0 1
0 1
0 1
0 1
0 1
0 1
0 1
0 1
0 1
0 1
0 1
0 1
0 1
0 1
0 1
0 1
0 1
0 1
0 1
0 1
0 1
0 1
0 1
0 1
0 1
0 1
0 1
0 1
0 1
0 1
0 1
0 1
0 1
0 1
0 1
0 1
0 1
0 1
0 1
0 1
0 1
0 1
0 1
0 1
0 1
0 1
0 1
0 1
0 1
0 1
0 1
0 1
0 1
0 1
0 1
-1 0
-1 0
-1 0
-1 0
-1 0
-1 0
-1 0
-1 0
-1 0
-1 0
-1 0
-1 0
-1 0
-1 0
-1 0
-1 0
-1 0
-1 0
-1 0
-1 0
-1 0
-1 0
-1 0
-1 0
-1 0
-1 0
-1 0
-1 0
-1 0
-1 0
-1 0
-1 0
-1 0
-1 0
-1 0
-1 0
-1 0
-1 0
-1 0
-1 0
-1 0
-1 0
-1 0
-1 0
-1 0
-1 0
-1 0
-1 0
-1 0
-1 0
-1 0
-1 0
-1 0
-1 0
-1 0
-1 0
-1 0
-1 0
-1 0
-1 0
-1 0
-1 0
-1 0
-1 0
-1 0
-1 0
-1 0
-1 0
-1 0
-1 0
-1 0
-1 0
-1 0
-1 0
-1 0
-1 0
-1 0
-1 0
-1 0
-1 0
-1 0
-1 0
-1 0
-1 0
-1 0
-1 0
-1 0
-1 0
-1 0
-1 0
-1 0
-1 0
-1 0
-1 0
-1 0
-1 0
-1 0
-1 0
-1 0
-1 0
-1 0
-1 0
-1 0
-1 0
-1 0
-1 0
-1 0
-1 0
-1 0
-1 0
-1 0
-1 0
-1 0
-1 0
-1 0
-1 0
-1 0
-1 0
-1 0
0 -1
0 -1
0 -1
0 -1
0 -1
0 -1
0 -1
0 -1
0 -1
0 -1
0 -1
0 -1
0 -1
0 -1
0 -1
0 -1
0 -1
0 -1
0 -1
0 -1
0 -1
0 -1
0 -1
0 -1
0 -1
0 -1
0 -1
0 -1
0 -1
0 -1
0 -1
0 -1
0 -1
0 -1
0 -1
0 -1
0 -1
0 -1
0 -1
0 -1
0 -1
0 -1
0 -1
0 -1
0 -1
0 -1
0 -1
0 -1
0 -1
0 -1
0 -1
0 -1
0 -1
0 -1
0 -1
0 -1
0 -1
0 -1
0 -1
0 -1
0 -1
0 -1
0 -1
0 -1
0 -1
0 -1
0 -1
0 -1
0 -1
0 -1
0 -1
0 -1
0 -1
0 -1
0 -1
0 -1
0 -1
0 -1
0 -1
0 -1
0 -1
0 -1
0 -1
0 -1
0 -1
0 -1
0 -1
0 -1
0 -1
0 -1
0 -1
0 -1
0 -1
0 -1
0 -1
0 -1
0 -1
0 -1
0 -1
0 -1
0 -1
0 -1
0 -1
0 -1
0 -1
0 -1
0 -1
0 -1
0 -1
0 -1
0 -1
0 -1
0 -1
0 -1
0 -1
0 -1
0 -1
0 -1
0 -1
0 -1
0 -1
0 -1
0 -1
0 -1
0 -1
0 -1
0 -1
0 -1
0 -1
0 -1
0 -1
0 -1
0 -1
0 -1
0 -1
0 -1
0 -1
0 -1
0 -1
0 -1
0 -1
0 -1
0 -1
0 -1
0 -1
0 -1
0 -1
0 -1
0 -1
0 -1
0 -1
0 -1
0 -1
0 -1
0 -1
0 -1
0 -1
0 -1
0 -1
0 -1
0 -1
0 -1
0 -1
0 -1
0 -1
0 -1
0 -1
0 -1
0 -1
0 -1
0 -1
0 -1
0 -1
0 -1
0 -1
0 -1
0 -1
0 -1
0 -1
0 -1
0 -1
0 -1
0 -1
0 -1
0 -1
0 -1
0 -1
0 -1
0 -1
0 -1
0 -1
0 -1
0 -1
0 -1
0 -1
0 -1
0 -1
0 -1
0 -1
0 -1
0 -1
0 -1
0 -1
0 -1
0 -1
0 -1
0 -1
0 -1
0 -1
0 -1
0 -1
0 -1
0 -1
0 -1
0 -1
0 -1
0 -1
0 -1
0 -1
0 -1
0 -1
0 -1
0 -1
0 -1
0 -1
0 -1
0 -1
0 -1
0 -1
0 -1
0 -1
0 -1
0 -1
0 -1
0 -1
0 -1
0 -1
0 -1
0 -1
0 -1
0 -1
0 -1
0 -1
0 -1
0 -1
0 -1
0 -1
0 -1
0 -1
0 -1
0 -1
0 -1
0 -1
0 -1
0 -1
0 -1
0 -1
0 -1
0 -1
0 -1
0 -1
0 -1
0 -1
0 -1
0 -1
0 -1
0 -1
0 -1
0 -1
0 -1
0 -1
0 -1
0 -1
0 -1
0 -1
0 -1
0 -1
0 -1
0 -1
0 -1
0 -1
0 -1
0 -1
0 -1
0 -1
0 -1
0 -1
0 -1
0 -1
0 -1
0 -1
0 -1
0 -1
0 -1
0 -1
0 -1
0 -1
0 -1
0 -1
0 -1
0 -1
0 -1
0 -1
0 -1
0 -1
0 -1
0 -1
0 -1
0 -1
0 -1
0 -1
0 -1
0 -1
0 -1
0 -1
0 -1
0 -1
0 -1
0 -1
0 -1
0 -1
0 -1
0 -1
0 -1
0 -1
0 -1
0 -1
0 -1
0 -1
0 -1
0 -1
0 -1
0 -1
0 -1
0 -1
0 -1
0 -1
0 -1
0 -1
0 -1
0 -1
0 -1
0 -1
0 -1
0 -1
0 -1
0 -1
0 -1
0 -1
0 -1
0 -1
0 -1
0 -1
0 -1
0 -1
0 -1
0 -1
0 -1
0 -1
0 -1
0 -1
0 -1
0 -1
0 -1
0 -1
0 -1
0 -1
0 -1
0 -1
0 -1
0 -1
0 -1
0 -1
0 -1
0 -1
0 -1
0 -1
0 -1
0 -1
0 -1
0 -1
0 -1
0 -1
0 -1
0 -1
0 -1
0 -1
0 -1
0 -1
0 -1
0 -1
0 -1
0 -1
0 -1
0 -1
0 -1
0 -1
0 -1
0 -1
0 -1
0 -1
0 -1
0 -1
0 -1
0 -1
0 -1
0 -1
0 -1
0 -1
0 -1
0 -1
0 -1
0 -1
0 -1
0 -1
0 -1
0 -1
0 -1
0 -1
0 -1
0 -1
0 -1
0 -1
0 -1
0 -1
0 -1
0 -1
0 -1
0 -1
0 -1
0 -1
0 -1
0 -1
0 -1
0 -1
0 -1
0 -1
0 -1
0 -1
0 -1
0 -1
0 -1
0 -1
0 -1
0 -1
0 -1
0 -1
0 -1
0 -1
0 -1
0 -1
0 -1
0 -1
0 -1
0 -1
0 -1
0 -1
0 -1
0 -1
0 -1
0 -1
0 -1
0 -1
0 -1
0 -1
0 -1
0 -1
0 -1
0 -1
0 -1
0 -1
0 -1
0 -1
0 -1
0 -1
0 -1
0 -1
0 -1
0 -1
0 -1
0 -1
0 -1
0 -1
0 -1
0 -1
0 -1
0 -1
0 -1
0 -1
0 -1
0 -1
0 -1
0 -1
0 -1
0 -1
0 -1
0 -1
0 -1
0 -1
0 -1
0 -1
0 -1
0 -1
0 -1
0 -1
0 -1
0 -1
0 -1
0 -1
0 -1
0 -1
0 -1
0 -1
0 -1
0 -1
0 -1
0 -1
0 -1
0 -1
0 -1
0 -1
0 -1
0 -1
0 -1
0 -1
0 -1
0 -1
0 -1
0 -1
0 -1
0 -1
0 -1
0 -1
0 -1
0 -1
0 -1
0 -1
0 -1
0 -1
0 -1
0 -1
0 -1
0 -1
0 -1
0 -1
0 -1
0 -1
0 -1
0 -1
0 -1
0 -1
0 -1
0 -1
0 -1
0 -1
0 -1
0 -1
0 -1
0 -1
0 -1
0 -1
0 -1
0 -1
0 -1
0 -1
0 -1
0 -1
0 -1
0 -1
0 -1
0 -1
0 -1
0 -1
0 -1
0 -1
0 -1
0 -1
0 -1
0 -1
0 -1
0 -1
0 -1
0 -1
0 -1
0 -1
0 -1
0 -1
0 -1
0 -1
0 -1
0 -1
0 -1
0 -1
0 -1
0 -1
0 -1
0 -1
0 -1
0 -1
0 -1
0 -1
0 -1
0 -1
0 -1
0 -1
0 -1
0 -1
0 -1
0 -1
0 -1
0 -1
0 -1
0 -1
0 -1
0 -1
0 -1
0 -1
0 -1
0 -1
0 -1
0 -1
0 -1
0 -1
0 -1
0 -1
0 -1
0 -1
0 -1
0 -1
0 -1
0 -1
0 -1
0 -1
0 -1
0 -1
0 -1
0 -1
0 -1
0 -1
0 -1
0 -1
0 -1
0 -1
0 -1
0 -1
0 -1
0 -1
0 -1
0 -1
0 -1
0 -1
0 -1
0 -1
0 -1
0 -1
0 -1
0 -1
0 -1
0 -1
0 -1
0 -1
0 -1
0 -1
0 -1
0 -1
0 -1
0 -1
0 -1
0 -1
0 -1
0 -1
0 -1
0 -1
0 -1
0 -1
0 -1
0 -1
0 -1
0 -1
0 -1
0 -1
0 -1
0 -1
0 -1
0 -1
0 -1
0 -1
0 -1
0 -1
0 -1
0 -1
0 -1
0 -1
0 -1
0 -1
0 -1
0 -1
0 -1
0 -1
0 -1
0 -1
0 -1
0 -1
0 -1
0 -1
0 -1
0 -1
0 -1
0 -1
0 -1
0 -1
0 -1
0 -1
0 -1
0 -1
0 -1
0 -1
0 -1
0 -1
0 -1
0 -1
0 -1
0 -1
0 -1
0 -1
0 -1
0 -1
0 -1
0 -1
0 -1
0 -1
0 -1
0 -1
0 -1
0 -1
0 -1
0 -1
0 -1
0 -1
0 -1
0 -1
0 -1
0 -1
0 -1
0 -1
0 -1
0 -1
0 -1
0 -1
0 -1
0 -1
0 -1
0 -1
0 -1
0 -1
0 -1
0 -1
0 -1
0 -1
0 -1
0 -1
0 -1
0 -1
0 -1
0 -1
0 -1
0 -1
0 -1
0 -1
0 -1
0 -1
0 -1
0 -1
0 -1
0 -1
0 -1
0 -1
0 -1
0 -1
0 -1
0 -1
0 -1
0 -1
0 -1
0 -1
0 -1
0 -1
0 -1
0 -1
0 -1
0 -1
0 -1
0 -1
0 -1
0 -1
0 -1
0 -1
0 -1
0 -1
0 -1
0 -1
0 -1
0 -1
0 -1
0 -1
0 -1
0 -1
0 -1
0 -1
0 -1
0 -1
0 -1
0 -1
0 -1
0 -1
0 -1
0 -1
0 -1
0 -1
0 -1
0 -1
0 -1
0 -1
0 -1
0 -1
0 -1
0 -1
0 -1
0 -1
0 -1
0 -1
0 -1
0 -1
0 -1
0 -1
0 -1
0 -1
0 -1
0 -1
0 -1
0 -1
0 -1
0 -1
0 -1
0 -1
0 -1
0 -1
0 -1
0 -1
0 -1
0 -1
0 -1
0 -1
0 -1
0 -1
0 -1
0 -1
0 -1
0 -1
0 -1
0 -1
0 -1
0 -1
0 -1
0 -1
0 -1
0 -1
0 -1
0 -1
0 -1
0 -1
0 -1
0 -1
0 -1
0 -1
0 -1
0 -1
0 -1
0 -1
0 -1
0 -1
0 -1
0 -1
0 -1
0 -1
0 -1
0 -1
0 -1
0 -1
0 -1
0 -1
0 -1
0 -1
0 -1
0 -1
0 -1
0 -1
0 -1
0 -1
0 -1
0 -1
0 -1
0 -1
0 -1
0 -1
0 -1
0 -1
0 -1
0 -1
0 -1
0 -1
0 -1
0 -1
0 -1
0 -1
0 -1
0 -1
0 -1
0 -1
0 -1
0 -1
0 -1
0 -1
0 -1
0 -1
0 -1
0 -1
0 -1
0 -1
0 -1
0 -1
0 -1
0 -1
0 -1
0 -1
0 -1
0 -1
0 -1
0 -1
0 -1
0 -1
0 -1
0 -1
0 -1
0 -1
0 -1
0 -1
0 -1
0 -1
0 -1
0 -1
0 -1
0 -1
0 -1
0 -1
0 -1
0 -1
0 -1
0 -1
0 -1
0 -1
0 -1
0 -1
0 -1
0 -1
0 -1
0 -1
0 -1
0 -1
0 -1
0 -1
0 -1
0 -1
0 -1
0 -1
0 -1
0 -1
0 -1
0 -1
0 -1
0 -1
0 -1
0 -1
0 -1
0 -1
0 -1
0 -1
0 -1
0 -1
0 -1
0 -1
0 -1
0 -1
0 -1
0 -1
0 -1
0 -1
0 -1
0 -1
0 -1
0 -1
0 -1
0 -1
0 -1
0 -1
0 -1
0 -1
0 -1
0 -1
0 -1
0 -1
0 -1
0 -1
0 -1
0 -1
0 -1
0 -1
0 -1
0 -1
0 -1
0 -1
0 -1
0 -1
0 -1
