65 -14
65 -14
65 -14
65 -14
71 -14
71 -14
71 -14
71 -14
71 -14
71 -14
71 -14
71 -14
71 -14
71 -14
71 -14
71 -14
71 -14
71 -14
71 -14
71 -14
71 -14
71 -14
71 -14
71 -14
71 -14
71 -14
71 -14
71 -14
71 -14
71 -14
71 -14
71 -14
71 -14
71 -14
71 -14
71 -14
71 -14
71 -14
71 -14
71 -14
71 -14
71 -14
71 -14
71 -14
71 -14
71 -14
71 -14
71 -14
71 -14
71 -14
71 -14
71 -14
71 -14
71 -14
71 -14
71 -14
71 -14
71 -14
71 -14
71 -14
71 -14
71 -14
71 -14
71 -14
71 -14
71 -14
71 -14
71 -14
71 -14
71 -14
71 -14
71 -14
71 -14
71 -14
71 -14
71 -14
62 -16
70 -13
70 -13
70 -13
70 -13
70 -13
70 -13
70 -13
70 -13
70 -13
70 -13
70 -13
70 -13
70 -13
70 -13
70 -13
70 -13
70 -13
70 -13
70 -13
70 -13
70 -13
64 -16
64 -16
64 -16
64 -16
64 -16
64 -16
64 -16
64 -16
64 -16
64 -16
64 -16
64 -16
64 -16
64 -16
64 -16
64 -16
64 -16
64 -16
64 -16
64 -16
64 -16
64 -16
64 -16
64 -16
64 -16
60 -25
60 -25
60 -25
60 -25
60 -25
60 -25
60 -25
60 -25
60 -25
60 -25
60 -25
60 -25
60 -25
60 -25
60 -25
60 -25
60 -25
60 -25
60 -25
60 -25
60 -25
60 -25
60 -25
60 -25
60 -25
60 -25
60 -25
60 -25
60 -25
60 -25
60 -25
60 -25
60 -25
60 -25
60 -25
60 -25
60 -25
60 -25
60 -25
60 -25
60 -25
60 -25
60 -25
60 -25
60 -25
60 -25
60 -25
60 -25
60 -25
60 -25
60 -25
60 -25
60 -25
60 -25
60 -25
60 -25
60 -25
60 -25
60 -25
60 -25
60 -25
60 -25
60 -25
60 -25
60 -25
60 -25
60 -25
60 -25
60 -25
60 -25
60 -25
60 -25
60 -25
60 -25
60 -25
60 -25
60 -25
60 -25
60 -25
60 -25
60 -25
60 -25
60 -25
60 -25
60 -25
60 -25
60 -25
60 -25
60 -25
60 -25
60 -25
60 -25
60 -25
60 -25
60 -25
60 -25
60 -25
60 -25
60 -25
60 -25
60 -25
60 -25
60 -25
60 -25
60 -25
60 -25
60 -25
60 -25
60 -25
60 -25
60 -25
60 -25
60 -25
60 -25
60 -25
60 -25
60 -25
60 -25
60 -25
60 -25
60 -25
60 -25
60 -25
60 -25
60 -25
60 -25
60 -25
60 -25
60 -25
60 -25
60 -25
60 -25
60 -25
60 -25
60 -25
60 -25
60 -25
60 -25
60 -25
60 -25
60 -25
60 -25
60 -25
60 -25
60 -25
60 -25
60 -25
60 -25
60 -25
60 -25
60 -25
60 -25
60 -25
60 -25
54 -24
54 -24
52 -33
52 -33
52 -33
52 -33
52 -33
52 -33
52 -33
52 -33
52 -33
52 -33
52 -33
52 -33
52 -33
52 -33
52 -33
52 -33
52 -33
52 -33
52 -33
52 -33
52 -33
52 -33
52 -33
52 -33
52 -33
52 -33
52 -33
52 -33
52 -33
52 -33
52 -33
52 -33
52 -33
52 -33
52 -33
52 -33
52 -33
52 -33
54 -32
54 -32
54 -32
54 -32
54 -32
54 -32
54 -32
54 -32
54 -32
54 -32
54 -32
54 -32
54 -32
54 -32
54 -32
54 -32
54 -32
54 -32
54 -32
54 -32
54 -32
54 -32
54 -32
46 -33
46 -33
46 -33
46 -33
46 -33
46 -33
46 -33
46 -33
46 -33
46 -33
46 -33
46 -33
46 -33
46 -33
46 -33
46 -33
46 -33
46 -33
46 -33
46 -33
46 -33
46 -33
46 -33
46 -33
46 -33
46 -33
40 -30
40 -30
40 -30
40 -30
40 -30
40 -30
40 -30
40 -30
40 -30
40 -30
40 -30
40 -30
40 -30
40 -30
40 -30
40 -30
40 -30
40 -30
40 -30
40 -30
40 -30
40 -30
40 -30
40 -30
40 -30
40 -30
40 -30
40 -30
40 -30
40 -30
40 -30
40 -30
40 -30
40 -30
40 -30
40 -30
40 -30
40 -30
40 -30
40 -30
40 -30
40 -30
40 -30
40 -30
40 -30
40 -30
40 -30
40 -30
40 -30
40 -30
40 -30
40 -30
40 -30
40 -30
40 -30
40 -30
40 -30
40 -30
40 -30
40 -30
40 -30
40 -30
40 -30
40 -30
40 -30
40 -30
40 -30
40 -30
40 -30
40 -30
40 -30
48 -32
47 -41
47 -41
47 -41
47 -41
47 -41
47 -41
47 -41
47 -41
47 -41
47 -41
47 -41
47 -41
47 -41
47 -41
47 -41
47 -41
47 -41
47 -41
47 -41
47 -41
47 -41
47 -41
47 -41
47 -41
47 -41
47 -41
47 -41
47 -41
47 -41
47 -41
47 -41
47 -41
47 -41
47 -41
47 -41
47 -41
47 -41
47 -41
47 -41
47 -41
47 -41
47 -41
47 -41
47 -41
47 -36
47 -36
47 -36
47 -36
47 -36
47 -36
47 -36
47 -36
47 -36
47 -36
47 -36
47 -36
47 -36
47 -36
47 -36
47 -36
47 -36
47 -36
47 -36
47 -36
47 -36
47 -36
47 -36
51 -35
51 -35
51 -35
51 -35
51 -35
51 -35
51 -35
51 -35
51 -35
51 -35
51 -35
51 -35
51 -35
51 -35
51 -35
51 -35
51 -35
51 -35
51 -35
51 -35
51 -35
51 -35
51 -35
43 -39
43 -39
43 -39
43 -39
43 -39
43 -39
43 -39
43 -39
43 -39
43 -39
43 -39
43 -39
43 -39
43 -39
43 -39
43 -39
43 -39
43 -39
43 -39
43 -39
43 -39
43 -39
43 -39
43 -39
45 -38
45 -38
45 -38
45 -38
45 -38
45 -38
45 -38
45 -38
45 -38
45 -38
45 -38
45 -38
45 -38
45 -38
45 -38
45 -38
45 -38
45 -38
45 -38
45 -38
45 -38
45 -38
45 -38
45 -38
45 -38
45 -38
45 -38
45 -38
45 -38
45 -38
45 -38
45 -38
45 -38
45 -38
45 -38
45 -38
45 -38
45 -38
45 -38
45 -38
45 -38
45 -38
45 -38
45 -38
45 -38
45 -38
45 -38
45 -38
45 -38
45 -38
45 -38
45 -38
45 -38
45 -38
45 -38
45 -38
45 -38
45 -38
45 -38
45 -38
45 -38
45 -38
45 -38
45 -38
45 -38
45 -38
45 -38
45 -38
45 -38
45 -38
36 -37
36 -37
37 -47
37 -47
37 -47
37 -47
37 -47
37 -47
37 -47
37 -47
37 -47
37 -47
37 -47
37 -47
37 -47
37 -47
37 -47
37 -47
37 -47
37 -47
37 -47
37 -47
37 -47
37 -47
37 -47
37 -47
37 -47
37 -47
37 -47
37 -47
37 -47
37 -47
37 -47
37 -47
37 -47
37 -47
37 -47
37 -47
37 -47
37 -47
37 -47
37 -42
37 -42
37 -42
37 -42
37 -42
37 -42
37 -42
37 -42
37 -42
37 -42
37 -42
37 -42
37 -42
37 -42
37 -42
37 -42
37 -42
37 -42
37 -42
37 -42
37 -42
37 -47
37 -47
37 -47
37 -47
37 -47
37 -47
37 -47
37 -47
37 -47
37 -47
37 -47
37 -47
37 -47
37 -47
37 -47
37 -47
37 -47
36 -45
36 -45
36 -45
36 -45
36 -45
36 -45
36 -45
36 -45
36 -45
36 -45
36 -45
36 -45
36 -45
36 -45
36 -45
36 -45
36 -45
36 -45
36 -45
36 -45
36 -45
36 -45
36 -45
36 -45
36 -45
36 -45
36 -45
36 -45
36 -45
36 -45
36 -45
36 -45
36 -45
36 -45
36 -45
36 -45
36 -45
36 -45
36 -45
36 -45
36 -45
36 -45
36 -45
36 -45
36 -45
36 -45
36 -45
36 -45
31 -49
31 -49
31 -49
31 -49
31 -49
31 -49
31 -49
31 -49
31 -49
31 -49
31 -49
31 -49
31 -49
31 -49
31 -49
31 -49
31 -49
31 -49
31 -49
31 -49
31 -49
31 -49
31 -49
31 -49
31 -49
31 -49
31 -49
31 -49
31 -49
31 -49
31 -49
31 -49
31 -49
31 -49
31 -49
31 -49
31 -49
31 -49
31 -49
31 -49
31 -49
31 -49
31 -49
31 -49
31 -49
31 -49
31 -49
31 -49
31 -49
31 -49
31 -49
31 -49
31 -49
31 -49
31 -49
31 -49
31 -49
31 -49
31 -49
31 -49
31 -49
31 -49
31 -49
31 -49
31 -49
31 -49
31 -49
31 -49
31 -49
31 -49
31 -49
35 -44
26 -46
26 -46
26 -46
26 -46
26 -46
26 -46
26 -46
26 -46
26 -46
26 -46
26 -46
26 -46
26 -46
26 -46
26 -46
26 -46
26 -46
26 -46
26 -46
26 -46
26 -46
26 -46
26 -46
26 -50
26 -50
26 -50
26 -50
26 -50
26 -50
26 -50
26 -50
26 -50
26 -50
26 -50
26 -50
26 -50
26 -50
26 -50
26 -50
26 -50
26 -50
26 -50
26 -50
26 -50
26 -50
26 -50
26 -50
26 -50
24 -49
24 -49
24 -49
24 -49
24 -49
24 -49
24 -49
24 -49
24 -49
24 -49
24 -49
24 -49
24 -49
24 -49
24 -49
24 -49
24 -49
24 -49
24 -49
24 -49
24 -49
24 -49
24 -49
24 -49
24 -49
24 -49
24 -49
24 -49
24 -49
24 -49
24 -49
24 -49
24 -49
24 -49
24 -49
24 -49
24 -49
24 -49
24 -49
24 -49
24 -49
24 -49
24 -49
24 -49
24 -49
24 -49
24 -49
24 -49
24 -49
24 -49
24 -49
24 -49
12 -41
12 -41
12 -41
12 -41
12 -41
12 -41
12 -41
12 -41
12 -41
12 -41
12 -41
12 -41
12 -41
12 -41
12 -41
12 -41
12 -41
12 -41
12 -41
12 -41
12 -41
12 -41
12 -41
12 -41
12 -41
12 -41
12 -41
12 -41
12 -41
12 -41
12 -41
12 -41
12 -41
12 -41
12 -41
12 -41
12 -41
12 -41
12 -41
12 -41
12 -41
12 -41
12 -41
12 -41
12 -41
26 -52
26 -52
19 -48
19 -48
19 -48
19 -48
19 -48
19 -48
19 -48
19 -48
19 -48
19 -48
19 -48
19 -48
19 -48
19 -48
19 -48
19 -48
19 -48
19 -48
19 -48
19 -48
19 -48
19 -48
19 -48
19 -48
19 -48
19 -48
19 -48
19 -48
19 -48
19 -48
19 -48
19 -48
19 -48
19 -48
19 -48
19 -48
19 -48
19 -48
19 -48
19 -48
19 -48
19 -48
19 -48
19 -48
19 -48
17 -49
17 -49
17 -49
17 -49
17 -49
17 -49
17 -49
17 -49
17 -49
17 -49
17 -49
17 -49
17 -49
17 -49
17 -49
17 -49
17 -49
17 -49
17 -49
17 -49
17 -49
17 -49
17 -49
17 -49
17 -49
17 -49
17 -49
17 -49
17 -49
17 -49
17 -49
17 -49
17 -49
17 -49
17 -49
17 -49
17 -49
17 -49
18 -49
18 -49
18 -49
18 -49
18 -49
18 -49
18 -49
18 -49
18 -49
18 -49
18 -49
18 -49
18 -49
12 -43
12 -43
12 -43
12 -43
12 -43
12 -43
12 -43
12 -43
12 -43
12 -43
12 -43
12 -43
12 -43
12 -43
12 -43
12 -43
12 -43
12 -45
12 -45
12 -45
12 -45
12 -45
12 -45
12 -45
12 -45
12 -45
12 -45
12 -45
12 -45
12 -45
12 -45
12 -45
7 -43
7 -43
7 -43
7 -43
7 -43
7 -43
7 -43
7 -43
7 -43
7 -43
7 -43
7 -43
7 -43
7 -43
7 -43
7 -43
7 -43
7 -43
7 -43
7 -43
7 -43
7 -43
7 -43
7 -43
7 -43
7 -43
7 -43
7 -43
7 -43
7 -43
7 -43
7 -43
7 -43
7 -43
7 -43
7 -43
7 -43
7 -43
7 -43
7 -43
7 -43
7 -43
7 -43
7 -43
7 -43
7 -43
7 -43
7 -43
7 -43
7 -43
7 -43
7 -43
7 -43
7 -43
7 -43
7 -43
7 -43
7 -43
7 -43
7 -43
7 -43
7 -43
4 -48
4 -48
4 -48
4 -48
4 -48
4 -48
4 -48
4 -48
4 -48
4 -48
4 -48
4 -48
4 -48
4 -48
4 -48
4 -48
4 -48
4 -48
4 -48
4 -48
4 -48
4 -48
4 -48
4 -48
4 -48
4 -48
4 -48
4 -48
4 -48
4 -48
4 -48
4 -48
4 -48
4 -48
4 -48
4 -48
4 -48
4 -48
4 -48
4 -48
4 -48
4 -48
4 -48
2 -49
2 -49
2 -49
2 -49
2 -49
2 -49
2 -49
2 -49
2 -49
2 -49
2 -49
2 -49
2 -49
2 -49
2 -49
2 -49
2 -49
2 -49
2 -49
5 -48
5 -48
5 -48
5 -48
5 -48
5 -48
5 -48
5 -48
5 -48
5 -48
5 -48
5 -48
5 -48
5 -48
5 -48
5 -48
5 -48
5 -48
4 -46
4 -46
4 -46
4 -46
4 -46
4 -46
4 -46
4 -46
4 -46
4 -46
4 -46
4 -46
4 -46
4 -46
4 -46
4 -46
4 -46
4 -46
4 -46
4 -46
4 -46
4 -46
4 -46
4 -46
4 -46
4 -46
4 -46
4 -46
4 -46
4 -46
4 -46
4 -46
4 -46
4 -46
4 -46
4 -46
4 -46
4 -46
4 -46
4 -46
4 -46
4 -46
4 -46
4 -46
4 -46
4 -46
4 -46
4 -46
4 -46
4 -46
4 -46
4 -46
4 -46
4 -46
4 -46
4 -46
4 -46
4 -46
4 -46
4 -46
4 -46
4 -46
4 -46
4 -46
4 -46
4 -46
4 -46
4 -46
-4 -44
-2 -43
-2 -43
-2 -43
-2 -43
-2 -43
-2 -43
-2 -43
-2 -43
-2 -43
-2 -43
-2 -43
-2 -43
-2 -43
-2 -43
-2 -43
-2 -43
-2 -43
-2 -43
-2 -43
-2 -43
-2 -43
-2 -43
-2 -43
-2 -43
-2 -43
-2 -43
-2 -43
-2 -43
-2 -43
-2 -43
-2 -43
-2 -43
-2 -43
-2 -43
-2 -43
-2 -43
-2 -43
-2 -43
-2 -43
-2 -43
-2 -43
-4 -44
-4 -44
-4 -44
-4 -44
-4 -44
-4 -44
-4 -44
-4 -44
-4 -44
-4 -44
-4 -44
-4 -44
-4 -44
-4 -44
-4 -44
-4 -44
-4 -44
-4 -44
-4 -44
-4 -44
-4 -44
-4 -44
-4 -44
-3 -44
-3 -44
-3 -44
-3 -44
-3 -44
-3 -44
-3 -44
-3 -44
-3 -44
-3 -44
-3 -44
-3 -44
-3 -44
-3 -44
-3 -44
-3 -44
-3 -44
-3 -44
-3 -44
-3 -44
-3 -44
-3 -44
-3 -44
-3 -44
-3 -44
-9 -42
-9 -42
-9 -42
-9 -42
-9 -42
-9 -42
-9 -42
-9 -42
-9 -42
-9 -42
-9 -42
-9 -42
-9 -42
-9 -42
-9 -42
-9 -42
-9 -42
-9 -42
-9 -42
-9 -42
-9 -42
-9 -42
-9 -42
-9 -42
-9 -42
-9 -42
-9 -42
-9 -42
-9 -42
-9 -42
-9 -42
-9 -42
-9 -42
-9 -42
-9 -42
-9 -42
-9 -42
-9 -42
-9 -42
-9 -42
-9 -42
-9 -42
-9 -42
-9 -42
-9 -42
-9 -42
-9 -42
-17 -40
-17 -40
-17 -40
-17 -40
-17 -40
-17 -40
-17 -40
-17 -40
-17 -40
-17 -40
-17 -40
-17 -40
-17 -40
-17 -40
-17 -40
-17 -40
-17 -40
-17 -40
-17 -40
-17 -40
-17 -40
-17 -40
-17 -40
-17 -40
-17 -40
-17 -40
-17 -40
-17 -40
-17 -40
-17 -40
-17 -40
-17 -40
-17 -40
-17 -40
-17 -40
-17 -40
-17 -40
-17 -40
-17 -40
-17 -40
-17 -40
-17 -40
-17 -40
-17 -40
-17 -40
-17 -40
-17 -40
-17 -40
-14 -31
-12 -26
-12 -26
-12 -26
-12 -26
-12 -26
-12 -26
-12 -26
-12 -26
-12 -26
-12 -26
-12 -26
-12 -26
-12 -26
-12 -26
-12 -26
-12 -26
-12 -26
-12 -26
-12 -26
-12 -26
-12 -26
-12 -26
-12 -26
-12 -26
-12 -26
-12 -26
-12 -26
-12 -26
-12 -26
-12 -26
-12 -26
-12 -26
-12 -26
-12 -26
-12 -26
-12 -26
-12 -26
-12 -26
-12 -26
-12 -26
-12 -26
-12 -26
-16 -25
-16 -25
-16 -25
-16 -25
-16 -25
-16 -25
-16 -25
-16 -25
-16 -25
-16 -25
-16 -25
-16 -25
-16 -25
-16 -25
-16 -25
-16 -25
-16 -25
-16 -25
-16 -25
-16 -25
-16 -25
-16 -25
-16 -25
-16 -25
-16 -25
-16 -25
-16 -25
-16 -25
-16 -25
-16 -25
-16 -25
-16 -25
-16 -25
-16 -25
-16 -25
-16 -25
-16 -25
-16 -25
-16 -25
-16 -25
-16 -25
-16 -25
-16 -25
-16 -25
-16 -25
-16 -25
-16 -25
-16 -25
-23 -28
-23 -28
-23 -28
-23 -28
-23 -28
-23 -28
-23 -28
-23 -28
-23 -28
-23 -28
-23 -28
-23 -28
-23 -28
-23 -28
-23 -28
-23 -28
-23 -28
-23 -28
-23 -28
-23 -28
-23 -28
-23 -28
-23 -28
-23 -28
-22 -21
-22 -21
-22 -21
-22 -21
-22 -21
-22 -21
-22 -21
-22 -21
-22 -21
-22 -21
-22 -21
-22 -21
-22 -21
-22 -21
-22 -21
-22 -21
-22 -21
-22 -21
-22 -21
-22 -21
-22 -21
-22 -21
-22 -21
-22 -21
-22 -21
-22 -21
-22 -21
-22 -21
-22 -21
-22 -21
-22 -21
-22 -21
-22 -21
-22 -21
-22 -21
-22 -21
-22 -21
-22 -21
-22 -21
-22 -21
-22 -21
-22 -21
-22 -21
-22 -21
-22 -21
-22 -21
-22 -21
-22 -21
-22 -21
-31 -17
-34 -13
-34 -13
-34 -13
-34 -13
-34 -13
-34 -13
-34 -13
-34 -13
-34 -13
-34 -13
-34 -13
-34 -13
-34 -13
-34 -13
-34 -13
-34 -13
-34 -13
-34 -13
-34 -13
-34 -13
-34 -13
-34 -13
-34 -13
-34 -13
-34 -13
-34 -13
-34 -13
-34 -13
-34 -13
-34 -13
-34 -13
-34 -13
-34 -13
-34 -13
-34 -13
-34 -13
-34 -13
-34 -13
-34 -13
-34 -13
-34 -13
-34 -13
-34 -13
-34 -13
-34 -13
-34 -13
-34 -13
-31 -11
-31 -11
-31 -11
-31 -11
-31 -11
-31 -11
-31 -11
-31 -11
-31 -11
-31 -11
-31 -11
-31 -11
-31 -11
-31 -11
-31 -11
-31 -11
-31 -11
-31 -11
-31 -11
-31 -11
-31 -11
-31 -11
-31 -11
-31 -11
-31 -11
-31 -11
-31 -11
-31 -11
-31 -11
-31 -11
-31 -11
-31 -11
-34 -12
-34 -12
-34 -12
-34 -12
-34 -12
-34 -12
-34 -12
-34 -12
-34 -12
-34 -12
-34 -12
-34 -12
-34 -12
-34 -12
-34 -12
-34 -12
-39 -9
-39 -9
-39 -9
-39 -9
-39 -9
-39 -9
-39 -9
-39 -9
-39 -9
-39 -9
-39 -9
-39 -9
-39 -9
-39 -9
-39 -9
-39 -9
-39 -8
-39 -8
-39 -8
-39 -8
-39 -8
-39 -8
-39 -8
-39 -8
-39 -8
-39 -8
-39 -8
-39 -8
-39 -8
-39 -8
-39 -8
-39 -8
-39 -8
-39 -8
-39 -8
-39 -8
-39 -8
-39 -8
-39 -8
-39 -8
-39 -8
-39 -8
-39 -8
-39 -8
-39 -8
-39 -8
-39 -8
-39 -8
-39 -8
-39 -8
-39 -8
-39 -8
-39 -8
-39 -8
-39 -8
-39 -8
-39 -8
-39 -8
-39 -8
-39 -8
-39 -8
-47 -5
-47 -5
-47 -5
-47 -5
-47 -5
-47 -5
-47 -5
-47 -5
-47 -5
-47 -5
-47 -5
-47 -5
-47 -5
-47 -5
-47 -5
-47 -5
-47 -5
-47 -5
-47 -5
-47 -5
-47 -5
-47 -5
-47 -5
-47 -5
-47 -5
-47 -5
-47 -5
-47 -5
-47 -5
-47 -5
-47 -5
-47 -5
-47 -5
-47 -5
-47 -5
-47 -5
-47 -5
-47 -5
-47 -5
-47 -5
-47 -5
-47 -5
-47 -5
-47 -5
-47 -5
-47 -5
-47 -5
-47 -5
-52 -8
-52 -8
-52 -8
-52 -8
-52 -8
-52 -8
-52 -8
-52 -8
-52 -8
-52 -8
-52 -8
-52 -8
-52 -8
-52 -8
-52 -8
-52 -8
-52 -8
-52 -8
-52 -8
-52 -8
-52 -8
-52 -8
-52 -8
-52 -8
-52 -8
-52 -8
-52 -8
-52 -8
-52 -8
-52 -8
-52 -8
-52 -8
-52 -8
-52 -8
-52 -8
-52 -8
-52 -8
-52 -8
-52 -8
-52 -8
-52 -8
-52 -8
-52 -8
-52 -8
-52 -8
-56 -6
-57 -5
-57 -5
-57 -5
-57 -5
-57 -5
-57 -5
-57 -5
-57 -5
-57 -5
-57 -5
-57 -5
-57 -5
-57 -5
-57 -5
-57 -5
-57 -5
-57 -5
-57 -5
-57 -5
-57 -5
-57 -5
-57 -5
-62 -2
-62 -2
-62 -2
-62 -2
-62 -2
-62 -2
-62 -2
-62 -2
-62 -2
-62 -2
-62 -2
-62 -2
-62 -2
-62 -2
-62 -2
-62 -2
-62 -2
-62 -2
-62 -2
-62 -2
-62 -2
-62 -2
-62 -2
-62 -2
-62 -2
-62 -2
-59 -1
-59 -1
-59 -1
-59 -1
-59 -1
-59 -1
-59 -1
-59 -1
-59 -1
-59 -1
-59 -1
-59 -1
-59 -1
-59 -1
-59 -1
-59 -1
-59 -1
-59 -1
-59 -1
-59 -1
-59 -1
-59 -1
-59 -1
-59 -1
-59 -1
-59 -1
-59 -1
-59 -1
-59 -1
-59 -1
-59 -1
-59 -1
-59 -1
-59 -1
-59 -1
-59 -1
-59 -1
-59 -1
-59 -1
-59 -1
-59 -1
-59 -1
-59 -1
-59 -1
-59 -1
-59 -1
-59 -1
-59 -1
-59 -1
-59 -1
-59 -1
-59 -1
-59 -1
-59 -1
-59 -1
-59 -1
-59 -1
-59 -1
-59 -1
-58 -1
-58 -1
-58 -1
-58 -1
-58 -1
-58 -1
-58 -1
-58 -1
-58 -1
-58 -1
-58 -1
-58 -1
-58 -1
-58 -1
-58 -1
-58 -1
-58 -1
-58 -1
-58 -1
-58 -1
-58 -1
-58 -1
-58 -1
-58 -1
-58 -1
-58 -1
-58 -1
-61 -2
-61 -2
-61 -2
-61 -2
-61 -2
-61 -2
-61 -2
-61 -2
-61 -2
-61 -2
-61 -2
-61 -2
-61 -2
-61 -2
-61 -2
-61 -2
-61 -2
-69 1
-69 1
-69 1
-69 1
-69 1
-69 1
-69 1
-69 1
-69 1
-69 1
-69 1
-69 1
-69 1
-69 1
-69 1
-69 1
-75 -1
-75 -1
-75 -1
-75 -1
-75 -1
-75 -1
-75 -1
-75 -1
-75 -1
-75 -1
-75 -1
-75 -1
-75 -1
-75 -1
-75 -1
-75 -1
-75 -1
-75 -1
-75 -1
-75 -1
-75 -1
-75 -1
-75 -1
-75 -1
-75 -1
-75 -1
-75 -1
-75 -1
-75 -1
-75 -1
-75 -1
-75 -1
-75 -1
-75 -1
-75 -1
-85 1
-85 1
-85 1
-85 1
-85 1
-85 1
-85 1
-85 1
-85 1
-85 1
-85 1
-85 1
-85 1
-85 1
-85 1
-85 1
-85 1
-85 1
-85 1
-85 1
-85 1
-85 1
-85 1
-85 1
-85 1
-85 1
-85 1
-85 1
-85 1
-85 1
-85 1
-85 1
-85 1
-85 1
-85 1
-88 0
-88 0
-88 0
-88 0
-88 0
-88 0
-88 0
-88 0
-88 0
-88 0
-88 0
-88 0
-88 0
-88 0
-88 0
-88 0
-88 0
-88 0
-88 0
-88 0
-88 0
-88 0
-88 0
-88 0
-88 0
-88 0
-88 0
-88 0
-88 0
-88 0
-88 0
-88 0
-88 0
-88 0
-79 1
-79 1
-79 1
-79 1
-79 1
-79 1
-79 1
-79 1
-79 1
-79 1
-79 1
-79 1
-79 1
-79 1
-79 1
-79 1
-79 1
-87 1
-87 1
-87 1
-87 1
-87 1
-87 1
-87 1
-87 1
-87 1
-87 1
-87 1
-87 1
-87 1
-87 1
-87 1
-87 1
-87 1
-87 1
-87 1
-87 1
-87 1
-87 1
-87 1
-87 1
-87 1
-87 1
-87 1
-87 1
-87 1
-87 1
-87 1
-87 1
-91 6
-91 6
-91 6
-91 6
-91 6
-91 6
-91 6
-91 6
-91 6
-91 6
-91 6
-91 6
-91 6
-91 6
-91 6
-91 6
-91 6
-91 6
-91 6
-91 6
-91 6
-91 6
-91 6
-91 6
-91 6
-91 6
-91 6
-91 6
-91 6
-91 6
-91 6
-91 6
-91 6
-83 6
-95 7
-95 7
-95 7
-95 7
-95 7
-95 7
-95 7
-95 7
-95 7
-95 7
-95 7
-95 7
-95 7
-95 7
-95 7
-95 7
-95 7
-95 7
-95 7
-95 7
-95 7
-95 7
-95 7
-95 7
-95 7
-95 7
-95 7
-95 7
-95 7
-95 7
-95 7
-95 7
-95 7
-95 7
-95 7
-95 7
-95 7
-95 7
-95 7
-95 7
-95 7
-95 7
-95 7
-95 7
-95 7
-85 6
-107 7
-107 7
-107 7
-107 7
-107 7
-107 7
-107 7
-107 7
-107 7
-107 7
-107 7
-107 7
-107 7
-107 7
-107 7
-82 12
-82 12
-82 12
-82 12
-82 12
-82 12
-82 12
-82 12
-82 12
-82 12
-82 12
-82 12
-82 12
-82 12
-82 12
-82 12
-82 12
-82 12
-82 12
-82 12
-82 12
-82 12
-82 12
-82 12
-82 12
-82 12
-82 12
-82 12
-82 12
-82 12
-82 12
-82 12
-82 12
-82 12
-82 12
-88 9
-88 9
-88 9
-88 9
-88 9
-88 9
-88 9
-88 9
-88 9
-88 9
-88 9
-88 9
-88 9
-88 9
-88 9
-88 9
-95 16
-95 16
-95 16
-95 16
-95 16
-95 16
-95 16
-95 16
-95 16
-95 16
-95 16
-95 16
-95 16
-95 16
-95 16
-95 16
-95 16
-95 16
-95 16
-95 16
-95 16
-95 16
-95 16
-95 16
-95 16
-95 16
-95 16
-95 16
-95 16
-95 16
-95 16
-95 16
-95 16
-95 16
-95 16
-95 16
-95 16
-95 16
-95 16
-95 16
-95 16
-95 16
-95 16
-95 16
-95 16
-95 16
-95 16
-95 16
-95 16
-95 16
-95 16
-95 16
-95 16
-95 16
-91 17
-91 17
-91 17
-91 17
-91 17
-91 17
-91 17
-91 17
-91 17
-91 17
-91 17
-91 17
-91 17
-91 17
-91 17
-91 17
-91 17
-91 17
-90 12
-90 12
-90 12
-90 12
-90 12
-90 12
-90 12
-90 12
-90 12
-90 12
-90 12
-90 12
-90 12
-90 12
-90 12
-90 12
-90 12
-90 12
-90 12
-90 12
-90 12
-90 12
-90 12
-90 12
-90 12
-90 12
-90 12
-90 12
-90 12
-90 12
-90 12
-90 12
-85 17
-85 17
-85 17
-85 17
-85 17
-85 17
-85 17
-85 17
-85 17
-85 17
-85 17
-85 17
-85 17
-85 17
-85 17
-85 17
-85 17
-85 17
-85 17
-85 17
-85 17
-85 17
-85 17
-85 17
-85 17
-85 17
-85 17
-85 17
-85 17
-85 17
-85 17
-85 17
-85 17
-85 17
-85 17
-85 17
-85 17
-85 17
-85 17
-85 17
-85 17
-85 17
-85 17
-85 17
-85 17
-85 17
-85 17
-85 17
-85 17
-85 17
-85 17
-77 21
-78 20
-78 20
-78 20
-78 20
-78 20
-78 20
-78 20
-78 20
-78 20
-78 20
-78 20
-78 20
-78 20
-78 20
-78 20
-78 20
-78 20
-78 20
-78 20
-78 20
-78 20
-78 20
-78 20
-78 20
-78 20
-78 20
-78 20
-78 20
-78 20
-78 20
-78 20
-78 20
-78 20
-78 20
-70 22
-70 22
-70 22
-70 22
-70 22
-70 22
-70 22
-70 22
-70 22
-70 22
-70 22
-70 22
-70 22
-70 22
-70 22
-70 22
-70 22
-70 22
-70 22
-70 22
-70 22
-70 22
-70 22
-70 22
-70 22
-70 22
-70 22
-70 22
-70 22
-63 16
-63 16
-63 16
-63 16
-63 16
-63 16
-63 16
-63 16
-63 16
-63 16
-63 16
-63 16
-63 16
-63 16
-63 16
-63 16
-63 16
-63 16
-63 16
-56 22
-56 22
-56 22
-56 22
-56 22
-56 22
-56 22
-56 22
-56 22
-56 22
-56 22
-56 22
-56 22
-56 22
-56 22
-56 22
-56 22
-56 22
-56 22
-56 22
-56 22
-56 22
-56 22
-56 22
-56 22
-56 22
-56 22
-56 22
-56 22
-56 22
-56 22
-56 22
-56 22
-56 22
-51 16
-51 16
-51 16
-51 16
-51 16
-51 16
-51 16
-51 16
-51 16
-51 16
-51 16
-51 16
-51 16
-51 16
-51 16
-51 16
-51 16
-51 16
-51 16
-51 16
-51 16
-51 16
-51 16
-51 16
-51 16
-51 16
-51 16
-51 16
-51 16
-51 16
-51 16
-51 16
-51 16
-51 16
-51 16
-42 16
-42 16
-42 16
-42 16
-42 16
-42 16
-42 16
-42 16
-42 16
-42 16
-42 16
-42 16
-42 16
-42 16
-42 16
-42 16
-42 16
-42 16
-42 16
-42 16
-42 16
-42 16
-42 16
-42 16
-42 16
-42 16
-42 16
-42 16
-42 16
-42 16
-42 16
-42 16
-42 16
-42 16
-42 16
-42 16
-34 17
-34 17
-34 17
-34 17
-34 17
-34 17
-34 17
-34 17
-34 17
-34 17
-34 17
-34 17
-34 17
-34 17
-34 17
-34 17
-34 17
-34 17
-34 17
-34 17
-34 17
-34 17
-34 17
-34 17
-34 17
-34 17
-34 17
-34 17
-34 17
-34 17
-34 17
-34 17
-34 17
-34 17
-34 17
-34 17
-37 17
-34 18
-34 18
-34 18
-34 18
-34 18
-34 18
-34 18
-34 18
-34 18
-34 18
-34 18
-34 18
-34 18
-34 18
-34 18
-34 18
-34 18
-34 18
-34 18
-34 18
-34 18
-34 18
-34 18
-34 18
-34 18
-34 18
-34 18
-34 18
-34 18
-34 18
-22 16
-22 16
-22 16
-22 16
-22 16
-22 16
-22 16
-22 16
-22 16
-22 16
-22 16
-22 16
-22 16
-22 16
-22 16
-22 16
-22 16
-22 16
-22 16
-22 16
-22 16
-22 16
-22 16
-22 16
-22 16
-22 16
-22 16
-22 16
-22 16
-22 16
-22 16
-22 16
-25 17
-25 17
-25 17
-25 17
-25 17
-25 17
-25 17
-25 17
-25 17
-25 17
-25 17
-25 17
-25 17
-25 17
-25 17
-25 17
-25 17
-25 17
-25 17
-25 17
-25 17
-25 17
-25 17
-25 17
-25 17
-25 17
-25 17
-25 17
-25 17
-25 17
-22 24
-18 26
-18 26
-18 26
-18 26
-18 26
-18 26
-18 26
-18 26
-18 26
-18 26
-18 26
-18 26
-18 26
-18 26
-18 26
-18 26
-18 27
-18 27
-18 27
-18 27
-18 27
-18 27
-18 27
-18 27
-18 27
-18 27
-18 27
-18 27
-18 27
-18 27
-18 27
-18 27
-18 27
-18 27
-18 27
-18 27
-18 27
-18 27
-18 27
-18 27
-18 27
-18 27
-18 27
-18 27
-18 27
-18 27
-18 27
-18 27
-18 27
-18 27
-14 26
-14 26
-14 26
-14 26
-14 26
-14 26
-14 26
-14 26
-14 26
-14 26
-14 26
-14 26
-14 26
-14 26
-14 26
-14 26
-14 26
-14 26
-14 26
-14 26
-14 26
-14 26
-14 26
-14 26
-14 26
-14 26
-14 26
-14 26
-14 26
-14 26
-14 26
-14 26
-14 26
-14 26
-14 26
-14 26
-15 27
-15 27
-15 27
-15 27
-15 27
-15 27
-15 27
-15 27
-15 27
-15 27
-15 27
-15 27
-15 27
-15 27
-15 27
-15 27
-15 27
-15 27
-15 27
-15 27
-15 27
-15 27
-15 27
-15 27
-15 27
-15 27
-15 27
-15 27
-15 27
-15 27
-15 27
-15 27
-15 27
-15 27
-15 27
-15 27
-4 28
-4 28
-4 28
-4 28
-4 28
-4 28
-4 28
-4 28
-4 28
-4 28
-4 28
-4 28
-4 28
-4 28
-4 28
-4 28
-4 28
-4 28
-4 28
-4 28
-4 28
-4 28
-4 28
-4 28
-4 28
-4 28
-4 28
-4 28
-4 28
-4 28
-4 28
-4 28
-7 27
-7 27
-7 27
-7 27
-7 27
-7 27
-7 27
-7 27
-7 27
-7 27
-7 27
-7 27
-7 27
-7 27
-7 27
-7 27
-7 27
-7 25
-7 25
-7 25
-7 25
-7 25
-7 25
-7 25
-7 25
-7 25
-7 25
-7 25
-7 25
-7 25
-7 25
-7 25
-7 25
-7 25
-7 29
-7 29
-7 29
-7 29
-7 29
-7 29
-7 29
-7 29
-7 29
-7 29
-7 29
-7 29
-7 29
-7 29
-7 29
-7 29
-7 29
-6 23
-6 23
-6 23
-6 23
-6 23
-6 23
-6 23
-6 23
-6 23
-6 23
-6 23
-6 23
-6 23
-6 23
-6 23
-6 23
-6 23
-6 23
-6 23
-6 23
-6 23
-6 23
-6 23
-6 23
-6 23
-6 23
-6 23
-6 23
-6 23
-6 23
-6 23
-6 23
-6 23
-6 23
-6 23
-6 23
-6 23
-6 23
-6 23
-6 23
-6 23
-6 23
-6 23
-6 23
-6 23
-6 23
-6 23
-6 23
-6 23
-6 23
-6 23
-6 23
-6 23
-3 16
-3 16
-3 16
-3 16
-3 16
-3 16
-3 16
-3 16
-3 16
-3 16
-3 16
-3 16
-3 16
-3 16
-3 16
-3 16
-3 16
-3 16
-3 16
-3 16
-3 16
-3 16
-3 16
-3 16
-3 16
-3 16
-3 16
-3 16
-3 16
-3 16
-3 16
-5 13
-5 13
-5 13
-5 13
-5 13
-5 13
-5 13
-5 13
-5 13
-5 13
-5 13
-5 13
-5 13
-5 13
-5 13
-5 13
-7 9
-7 9
-7 9
-7 9
-7 9
-7 9
-7 9
-7 9
-7 9
-7 9
-7 9
-7 9
-7 9
-7 9
-7 9
-7 9
-5 5
-5 5
-5 5
-5 5
-5 5
-5 5
-5 5
-5 5
-5 5
-5 5
-5 5
-5 5
-5 5
-5 5
-5 5
-5 5
-5 5
-5 5
-5 5
-5 5
-5 5
-5 5
-5 5
-5 5
-5 5
-5 5
-5 5
-5 5
-5 5
-5 5
-5 5
-5 5
-5 5
-5 5
-5 5
-5 5
-5 5
-5 5
-5 5
-5 5
-5 5
-5 5
-5 5
-5 5
-5 5
-5 5
-5 5
-5 5
-5 5
-5 5
-5 5
-5 5
-5 5
-6 9
-3 11
-3 11
-3 11
-3 11
-3 11
-3 11
-3 11
-3 11
-3 11
-3 11
-3 11
-3 11
-3 11
-3 11
-3 11
-3 11
-3 11
-3 11
-3 11
-3 11
-3 11
-3 11
-3 11
-3 11
-3 11
-3 11
-3 11
-3 11
-3 11
-3 11
-3 11
-3 11
-3 11
-3 11
-3 11
-3 11
-3 11
-3 11
-3 11
-3 11
-3 11
-3 11
-3 11
-3 11
-3 11
-3 11
-3 11
-10 12
-10 12
-10 12
-10 12
-10 12
-10 12
-10 12
-10 12
-10 12
-10 12
-10 12
-10 12
-10 12
-10 12
-10 12
-10 12
-10 12
-10 12
-10 12
-10 12
-10 12
-10 12
-10 12
-10 12
-10 12
-10 12
-10 12
-10 12
-10 12
-10 12
-10 12
-10 12
-10 12
-8 12
-8 12
-8 12
-8 12
-8 12
-8 12
-8 12
-8 12
-8 12
-8 12
-8 12
-8 12
-8 12
-8 12
-8 12
-9 18
-9 18
-9 18
-9 18
-9 18
-9 18
-9 18
-9 18
-9 18
-9 18
-9 18
-9 18
-9 18
-9 18
-9 18
-9 18
-9 18
-9 18
-9 18
-9 18
-9 18
-9 18
-9 18
-9 18
-9 18
-9 18
-9 18
-9 18
-9 18
-9 18
-9 18
-9 18
-9 18
-9 18
-9 18
-9 18
-9 18
-9 18
-9 18
-9 18
-9 18
-9 18
-9 18
-9 18
-9 18
-9 18
-9 18
-9 18
-9 18
-9 18
-9 18
-9 18
-9 18
-9 18
-9 18
-9 18
-9 18
-9 18
-9 18
-9 18
-9 18
-9 18
-3 17
-3 17
-3 17
-3 17
-3 17
-3 17
-3 17
-3 17
-3 17
-3 17
-3 17
-3 17
-3 17
-3 17
-3 17
-3 17
-7 15
1 18
1 18
1 18
1 18
1 18
1 18
1 18
1 18
1 18
1 18
1 18
1 18
1 18
1 18
1 18
1 18
1 18
1 18
1 18
1 18
1 18
1 18
1 18
1 18
1 18
1 18
1 18
1 18
1 18
1 18
1 18
1 18
1 18
1 18
1 18
1 18
1 18
1 18
1 18
1 18
1 18
1 18
1 18
1 18
1 18
1 18
1 18
1 18
1 18
1 18
1 18
0 18
0 18
0 18
0 18
0 18
0 18
0 18
0 18
0 18
0 18
0 18
0 18
0 18
0 18
0 18
0 18
0 18
0 18
0 18
-4 15
-4 15
-4 15
-4 15
-4 15
-4 15
-4 15
-4 15
-4 15
-4 15
-4 15
-4 15
-4 15
-4 15
-4 15
-4 15
-4 15
-4 15
-4 15
-2 16
-2 16
-2 16
-2 16
-2 16
-2 16
-2 16
-2 16
-2 16
-2 16
-2 16
-2 16
-2 16
-2 16
-2 16
-2 16
-2 16
-2 16
-2 16
-2 16
-2 16
-2 16
-2 16
-2 16
-2 16
-2 16
-2 16
-2 16
-2 16
-2 16
-2 16
-2 16
-2 16
-2 16
-2 16
-2 16
-2 16
-2 16
-2 13
-2 12
-2 12
-2 12
-2 12
-2 12
-2 12
-2 12
-2 12
-2 12
-2 12
-2 12
-2 12
-2 12
-2 12
-2 12
-2 12
-2 12
-2 12
-2 12
-2 12
-2 12
-2 12
-2 12
-2 12
-2 12
-2 12
-2 12
-2 12
-2 12
-2 12
-2 12
-2 12
-2 12
-2 12
-2 12
-2 12
-2 12
-1 12
-1 12
-1 12
-1 12
-1 12
-1 12
-1 12
-1 12
-1 12
-1 12
-1 12
-1 12
-1 12
-1 12
-1 12
-1 12
-4 6
-4 6
-4 6
-4 6
-4 6
-4 6
-4 6
-4 6
-4 6
-4 6
-4 6
-4 6
-4 6
-4 6
-4 6
-4 6
-4 6
-4 6
-4 6
-4 6
-4 6
-4 6
-4 6
-4 6
-4 6
-4 6
-4 6
-4 6
-4 6
-4 6
-4 6
-4 6
-4 6
-4 6
-4 6
-4 6
0 9
0 9
0 9
0 9
0 9
0 9
0 9
0 9
0 9
0 9
0 9
0 9
0 9
0 9
0 9
0 9
0 9
0 9
0 9
0 9
0 9
0 9
0 9
0 9
0 9
0 9
0 9
0 9
0 9
0 9
0 9
0 9
0 9
0 9
0 9
1 9
1 9
1 9
1 9
1 9
1 9
1 9
1 9
1 9
1 9
1 9
1 9
1 9
1 9
1 9
1 9
1 9
1 9
1 9
1 9
1 9
1 9
1 9
1 9
1 9
1 9
1 9
1 9
1 9
1 9
1 9
1 9
1 9
1 9
1 9
1 9
1 9
1 9
0 8
0 8
0 8
0 8
0 8
0 8
0 8
0 8
0 8
0 8
0 8
0 8
0 8
0 8
0 8
0 8
0 8
0 8
0 8
0 8
-2 5
-2 5
-2 5
-2 5
-2 5
-2 5
-2 5
-2 5
-2 5
-2 5
-2 5
-2 5
-2 5
-2 5
-2 5
-1 6
-1 6
-1 6
-1 6
-1 6
-1 6
-1 6
-1 6
-1 6
-1 6
-1 6
-1 6
-1 6
-1 6
-1 6
-1 6
-1 6
-1 6
-1 6
-1 6
-1 6
-1 6
-1 6
-1 6
-1 6
-1 6
-1 6
-1 6
-1 6
-1 6
-1 6
-1 6
-1 6
-1 6
-1 6
-1 6
-1 6
-1 6
-1 6
-1 6
-1 6
-1 6
-1 6
-1 6
-1 6
-1 6
-1 6
-1 6
-1 6
-1 6
-1 6
-1 6
-1 6
-1 6
-1 6
-1 6
-1 6
-1 6
-1 6
-1 6
-1 6
-1 6
-1 6
-1 6
-1 6
-1 6
-1 6
-1 6
-1 6
-1 6
-1 6
-1 6
-1 6
-1 6
-1 6
-1 6
-1 6
-1 6
-1 6
-1 6
-1 6
-1 6
-1 6
-1 6
-1 6
-1 6
-1 6
-1 6
-1 6
-1 6
-1 6
-1 6
-1 6
-1 6
-1 6
-1 6
-1 6
-1 6
-1 6
-1 6
-1 6
-1 6
0 7
0 7
0 7
0 7
0 7
0 7
0 7
0 7
0 7
0 7
0 7
0 7
0 7
0 7
0 7
0 7
0 7
0 10
0 10
0 10
0 10
0 10
0 10
0 10
0 10
0 10
0 10
0 10
0 10
0 10
0 10
0 10
0 10
0 10
0 10
0 10
0 10
0 10
0 10
0 10
0 10
0 10
0 10
0 10
0 10
0 10
0 10
0 10
0 10
0 10
0 10
-4 8
-4 8
-4 8
-4 8
-4 8
-4 8
-4 8
-4 8
-4 8
-4 8
-4 8
-4 8
-4 8
-4 8
-4 8
-4 8
-4 8
-4 8
-4 8
-4 8
-4 8
-4 8
-4 8
-4 8
-4 8
-4 8
-4 8
-4 8
-4 8
-4 8
-4 8
-4 8
-4 8
-3 10
0 9
0 9
0 9
0 9
0 9
0 9
0 9
0 9
0 9
0 9
0 9
0 9
0 9
0 9
0 9
0 9
0 9
0 9
0 9
0 9
0 9
0 9
0 9
0 9
0 9
0 9
0 9
0 9
0 9
0 9
0 9
-1 10
-1 10
-1 10
-1 10
-1 10
-1 10
-1 10
-1 10
-1 10
-1 10
-1 10
-1 10
-1 10
-1 10
-1 10
-1 10
-1 10
0 7
0 7
0 7
0 7
0 7
0 7
0 7
0 7
0 7
0 7
0 7
0 7
0 7
0 7
0 7
0 7
0 7
0 7
0 7
0 7
0 7
0 7
0 7
0 7
0 7
0 7
0 7
0 7
0 7
0 7
0 7
0 7
0 7
0 7
0 7
0 7
0 7
0 7
-1 8
-1 8
-1 8
-1 8
-1 8
-1 8
-1 8
-1 8
-1 8
-1 8
-1 8
-1 8
-1 8
-1 8
-1 8
-1 8
-1 8
-1 8
-1 8
-1 9
-1 9
-1 9
-1 9
-1 9
-1 9
-1 9
-1 9
-1 9
-1 9
-1 9
-1 9
-1 9
-1 9
-1 9
-1 9
-1 9
-1 9
-1 9
-1 9
-1 9
-1 9
-1 9
-1 9
-1 9
-1 9
-1 9
-1 9
-1 9
-1 9
-1 9
-1 9
-1 9
-1 9
-1 9
-1 9
-1 9
-1 9
-1 9
-1 9
-3 6
-3 6
-3 6
-3 6
-3 6
-3 6
-3 6
-3 6
-3 6
-3 6
-3 6
-3 6
-3 6
-3 6
-3 6
-3 6
-3 6
-3 6
-3 6
-3 6
-3 6
-3 6
-3 6
-3 6
-3 6
-3 6
-3 6
-3 6
-3 6
-3 6
-3 6
-3 6
-3 6
1 5
1 5
1 5
1 5
1 5
1 5
1 5
1 5
1 5
1 5
1 5
1 5
1 5
1 5
1 5
1 5
1 5
1 5
1 5
1 5
1 5
1 5
1 5
1 5
1 5
1 5
1 5
1 5
1 5
1 5
1 5
1 5
-1 11
-1 11
-1 11
-1 11
-1 11
-1 11
-1 11
-1 11
-1 11
-1 11
-1 11
-1 11
-1 11
-1 11
-1 11
-1 11
-1 11
-1 11
-1 11
-1 9
-1 9
-1 9
-1 9
-1 9
-1 9
-1 9
-1 9
-1 9
-1 9
-1 9
-1 9
-1 9
-1 9
-1 9
-1 9
-1 9
-1 9
-1 9
-1 9
-1 9
-1 9
-1 9
-1 9
-1 9
-1 9
-1 9
-1 9
-1 9
-1 9
-1 9
-1 9
-1 9
-1 9
-1 9
-1 9
-1 9
-1 9
-1 9
-1 9
-1 9
-1 9
-1 9
-1 9
-1 9
-1 9
-1 9
-1 9
-1 9
-1 9
-1 9
-1 9
-1 9
-1 9
-1 9
-1 9
-1 9
-1 9
-1 9
-1 9
-1 9
-1 9
-1 9
-1 9
-1 9
-1 9
-1 9
-1 9
-1 9
-1 9
-1 9
-1 9
-1 9
0 9
-1 12
-1 12
-1 12
-1 12
-1 12
-1 12
-1 12
-1 12
-1 12
-1 12
-1 12
-1 12
-1 12
-1 12
-1 12
-1 12
-1 12
-1 12
-1 12
-1 12
-1 11
-1 11
-1 11
-1 11
-1 11
-1 11
-1 11
-1 11
-1 11
-1 11
-1 11
-1 11
-1 11
-1 11
-1 11
-1 11
-1 11
-1 11
-1 11
-1 11
-1 11
-1 11
-1 11
-1 11
-1 11
-1 11
-1 11
-1 11
-1 11
-1 11
-1 11
-1 11
-1 11
-1 11
-1 11
0 9
0 9
0 9
0 9
0 9
0 9
0 9
0 9
0 9
0 9
0 9
0 9
0 9
0 9
-2 6
-2 6
-2 6
-2 6
-2 6
-2 6
-2 6
-2 6
-2 6
-2 6
-2 6
-2 6
-2 6
-2 6
-2 6
-2 6
-2 6
-2 6
-2 6
-2 6
-2 6
-2 6
-2 6
-2 6
-2 6
-2 6
-2 6
-2 6
-2 6
-2 6
-2 6
-2 6
-2 6
-2 6
0 3
0 3
0 3
0 3
0 3
0 3
0 3
0 3
0 3
0 3
0 3
0 3
0 3
0 3
0 3
0 3
0 3
0 3
0 3
0 3
0 3
0 3
0 3
0 3
0 3
0 3
0 3
0 3
0 3
0 3
0 3
0 3
0 3
0 3
0 3
0 3
0 3
0 3
0 3
0 3
0 3
0 3
0 3
0 3
0 3
0 3
0 3
0 3
0 3
0 3
0 3
0 3
0 3
0 3
0 3
0 3
0 3
0 3
0 3
0 3
0 3
0 3
0 3
0 3
0 3
0 3
0 3
0 3
0 3
0 3
0 3
0 1
0 1
0 1
0 1
0 1
0 1
0 1
0 1
0 1
0 1
0 1
0 1
0 1
0 1
0 1
0 1
0 1
0 1
0 1
0 1
0 1
0 1
0 1
0 1
0 1
0 1
0 1
0 1
0 1
0 1
0 1
0 1
0 1
0 1
0 1
0 1
0 1
0 1
0 1
0 1
0 1
0 1
0 1
0 1
0 1
0 1
0 1
0 1
0 1
0 1
0 1
0 1
1 1
1 1
1 1
1 1
1 1
1 1
1 1
1 1
1 1
1 1
1 1
1 1
1 1
1 1
1 1
1 1
1 1
1 1
1 1
1 1
1 1
1 1
1 1
1 1
1 1
1 1
1 1
1 1
1 1
1 1
1 1
1 1
1 1
1 1
1 1
1 1
1 1
1 1
1 1
1 1
1 1
2 1
2 1
2 1
2 1
2 1
2 1
2 1
2 1
2 1
2 1
2 1
2 1
2 1
2 1
2 1
2 1
2 1
2 1
2 1
2 1
2 1
2 1
2 1
2 1
2 1
2 1
2 1
2 1
2 1
2 1
2 1
2 1
2 1
2 1
2 1
2 1
2 1
2 1
2 1
2 1
2 1
2 1
2 1
2 1
2 1
2 1
2 1
2 1
2 1
2 1
2 1
2 1
2 1
2 1
2 1
2 1
2 1
2 1
2 1
1 1
1 1
1 1
1 1
1 1
1 1
1 1
1 1
1 1
1 1
1 1
1 1
1 1
1 1
1 1
1 1
1 1
1 1
1 1
1 1
1 1
1 1
1 1
1 1
1 1
1 1
1 1
1 1
1 1
1 1
1 1
1 1
1 1
1 1
2 1
2 1
2 1
2 1
2 1
2 1
2 1
2 1
2 1
2 1
2 1
2 1
2 1
2 1
2 1
2 1
1 1
1 1
1 1
1 1
1 1
1 1
1 1
1 1
1 1
1 1
1 1
1 1
1 1
1 1
1 1
1 1
1 1
1 1
1 1
1 1
1 1
1 1
1 1
1 1
1 1
1 1
1 1
1 1
1 1
1 1
1 1
1 1
1 1
1 1
1 1
1 2
1 2
1 2
1 2
1 2
1 2
1 2
1 2
1 2
1 2
1 2
1 2
1 2
1 2
1 2
1 2
1 2
1 2
1 2
1 2
1 2
1 2
1 2
1 2
1 2
1 1
1 1
1 1
1 1
1 1
1 1
1 1
1 1
1 1
1 1
1 1
1 1
1 1
1 1
1 1
1 1
1 1
1 1
1 1
1 1
1 1
1 1
1 1
1 1
1 1
1 1
1 1
1 1
1 1
1 1
1 1
1 1
-1 1
-1 1
-1 1
-1 1
-1 1
-1 1
-1 1
-1 1
-1 1
-1 1
-1 1
-1 1
-1 1
-1 1
-1 1
-1 1
-1 1
-1 1
-1 1
-1 1
8 -2
8 -2
8 -2
8 -2
8 -2
8 -2
8 -2
8 -2
8 -2
8 -2
8 -2
8 -2
8 -2
8 -2
8 -2
8 -2
8 -2
14 -6
14 -6
14 -6
14 -6
14 -6
14 -6
14 -6
14 -6
14 -6
14 -6
14 -6
14 -6
14 -6
14 -6
14 -6
14 -6
14 -6
14 -6
14 -6
14 -6
14 -6
14 -6
14 -6
14 -6
14 -6
14 -6
14 -6
14 -6
14 -6
14 -6
14 -6
14 -6
14 -6
52 -15
52 -15
52 -15
52 -15
52 -15
52 -15
52 -15
52 -15
52 -15
52 -15
52 -15
52 -15
52 -15
52 -15
52 -15
52 -15
52 -15
52 -15
52 -15
52 -15
52 -15
52 -15
52 -15
52 -15
52 -15
52 -15
52 -15
52 -15
52 -15
52 -15
52 -15
52 -15
52 -15
52 -15
52 -15
52 -15
52 -15
39 -1
39 -1
39 -1
39 -1
39 -1
39 -1
39 -1
39 -1
39 -1
39 -1
39 -1
39 -1
39 -1
39 -1
39 -1
39 -1
39 -1
7 2
7 2
7 2
7 2
7 2
7 2
7 2
7 2
7 2
7 2
7 2
7 2
7 2
7 2
7 2
7 2
7 2
1 2
1 2
1 2
1 2
1 2
1 2
1 2
1 2
1 2
1 2
1 2
1 2
1 2
1 2
1 2
1 2
1 2
1 2
1 2
1 2
1 2
1 2
1 2
1 2
1 2
1 2
1 2
1 2
1 2
1 2
1 2
1 2
1 2
1 2
1 2
1 2
1 2
1 2
1 2
1 2
1 2
1 2
1 2
1 2
1 2
1 2
1 2
1 2
1 2
1 2
1 2
1 2
1 2
1 2
1 0
0 1
0 1
0 1
0 1
0 1
0 1
0 1
0 1
0 1
0 1
0 1
0 1
0 1
0 1
0 1
0 1
0 1
0 1
0 1
0 1
0 1
0 1
0 1
0 1
0 1
0 1
0 1
0 1
0 1
0 1
0 1
0 1
0 1
1 0
1 0
1 0
1 0
1 0
1 0
1 0
1 0
1 0
1 0
1 0
1 0
1 0
1 0
1 0
1 0
1 0
1 0
1 0
1 0
1 0
1 0
1 0
1 0
1 0
1 0
1 0
1 0
1 0
1 0
1 0
1 0
1 0
1 0
2 0
2 0
2 0
2 0
2 0
2 0
2 0
2 0
2 0
2 0
2 0
2 0
2 0
2 0
2 0
2 0
2 0
0 2
0 2
0 2
0 2
0 2
0 2
0 2
0 2
0 2
0 2
0 2
0 2
0 2
0 2
0 2
0 2
0 2
0 2
0 2
0 2
0 2
0 2
0 2
0 2
0 2
0 2
0 2
0 2
0 2
0 2
0 2
0 2
0 1
0 1
0 1
0 1
0 1
0 1
0 1
0 1
0 1
0 1
0 1
0 1
0 1
0 1
0 1
0 1
0 1
0 1
0 1
0 1
0 1
0 1
0 1
0 1
0 1
0 1
0 1
0 1
0 1
0 1
0 1
0 1
0 1
0 1
0 1
0 1
0 1
0 1
0 1
0 1
0 1
0 1
0 1
0 1
0 1
0 1
0 1
0 1
0 1
0 1
0 1
0 1
0 1
0 1
0 1
0 1
0 1
0 1
0 1
0 1
0 1
0 1
0 1
0 1
0 1
0 1
0 1
0 1
0 1
0 1
0 1
0 1
0 1
0 1
0 1
0 1
0 1
0 1
0 1
0 1
0 1
0 1
0 1
0 1
0 1
0 1
0 1
0 1
0 1
0 1
0 1
0 1
0 1
0 1
0 1
0 1
0 1
0 1
0 1
0 1
0 1
0 1
0 1
0 1
0 1
0 1
0 1
0 1
0 1
0 1
0 1
0 1
0 1
0 1
0 1
0 1
0 1
0 1
0 1
0 1
0 1
0 1
0 1
0 1
0 1
0 1
0 1
0 1
0 1
0 1
0 1
0 1
0 1
0 1
0 1
0 1
0 1
0 1
0 1
0 1
0 1
0 1
0 1
0 1
0 1
0 1
0 1
0 1
0 1
0 1
0 1
0 1
0 1
0 1
0 1
0 1
0 1
0 1
0 1
0 1
0 1
0 1
0 1
0 1
0 1
0 1
0 1
0 1
0 1
0 1
0 1
0 1
0 1
0 1
0 1
0 1
0 1
0 1
0 1
0 1
0 1
0 1
0 1
0 1
0 1
0 1
0 1
0 1
0 1
0 1
0 1
0 1
0 1
0 1
0 1
0 1
0 1
0 1
0 1
0 1
0 1
0 1
0 1
0 1
0 1
0 1
0 1
0 1
0 1
0 1
0 1
0 1
0 1
0 1
0 1
0 1
0 1
0 1
0 1
0 1
0 1
0 1
0 1
0 1
0 1
0 1
0 1
0 1
0 1
0 1
0 1
0 1
0 1
0 1
0 1
0 1
0 1
0 1
0 1
0 1
0 1
0 1
0 1
0 1
0 1
0 1
0 1
0 1
0 1
0 1
0 1
0 1
0 1
0 1
0 1
0 1
0 1
0 1
0 1
0 1
0 1
0 1
0 1
0 1
0 1
0 1
0 1
0 1
0 1
0 1
0 1
0 1
0 1
0 1
0 1
0 1
0 1
0 1
0 1
0 1
0 1
0 1
0 1
0 1
0 1
0 1
0 1
0 1
0 1
0 1
0 1
0 1
0 1
0 1
0 1
0 1
0 1
0 1
0 1
0 1
0 1
0 1
0 1
0 1
0 1
0 1
0 1
0 1
0 1
0 1
0 1
0 1
0 1
0 1
0 1
0 1
0 1
0 1
0 1
0 1
0 1
0 1
0 1
0 1
0 1
0 1
0 1
0 1
0 1
0 1
0 1
0 1
0 1
0 1
0 1
0 1
0 1
0 1
0 1
0 1
0 1
0 1
0 1
0 1
0 1
0 1
0 1
0 1
0 1
0 1
0 1
0 1
0 1
0 1
0 1
0 1
0 1
0 1
0 1
0 1
0 1
0 1
0 1
0 1
0 1
0 1
0 1
0 1
0 1
0 1
0 1
0 1
0 1
0 1
0 1
0 1
0 1
0 1
0 1
0 1
0 1
0 1
0 1
0 1
0 1
0 1
0 1
0 1
0 1
0 1
0 1
0 1
0 1
0 1
0 1
0 1
0 1
0 1
0 1
0 1
0 1
0 1
0 1
0 1
0 1
0 1
0 1
0 1
0 1
0 1
0 1
0 1
0 1
0 1
0 1
0 1
0 1
0 1
0 1
0 1
0 1
0 1
0 1
0 1
0 1
0 1
0 1
0 1
0 1
0 1
0 1
0 1
0 1
0 1
0 1
0 1
0 1
0 1
0 1
0 1
0 1
0 1
0 1
0 1
0 1
0 1
0 1
0 1
0 1
0 1
0 1
0 1
0 1
0 1
0 1
0 1
0 1
0 1
0 1
0 1
0 1
0 1
0 1
0 1
0 1
0 1
0 1
0 1
0 1
0 1
0 1
0 1
0 1
0 1
0 1
0 1
0 1
0 1
0 1
0 1
0 1
0 1
0 1
0 1
0 1
0 1
0 1
0 1
0 1
0 1
0 1
0 1
0 1
0 1
0 1
0 1
0 1
0 1
0 1
0 1
0 1
0 1
0 1
0 1
0 1
0 1
0 1
0 1
0 1
0 1
0 1
0 1
0 1
0 1
0 1
0 1
0 1
0 1
0 1
0 1
0 1
0 1
0 1
0 1
0 1
0 1
0 1
0 1
0 1
0 1
0 1
0 1
0 1
0 1
0 1
0 1
0 1
0 1
0 1
0 1
0 1
0 1
0 1
0 1
0 1
0 1
0 1
0 1
0 1
0 1
0 1
0 1
0 1
0 1
0 1
0 1
0 1
0 1
0 1
0 1
0 1
0 1
0 1
0 1
0 1
0 1
0 1
0 1
0 1
0 1
0 1
0 1
0 1
0 1
0 1
0 1
0 1
0 1
0 1
0 1
0 1
0 1
0 1
0 1
0 1
0 1
0 1
0 1
0 1
0 1
0 1
0 1
0 1
0 1
0 1
0 1
0 1
0 1
0 1
0 1
0 1
0 1
0 1
0 1
0 1
0 1
0 1
0 1
0 1
0 1
0 1
0 1
0 1
0 1
0 1
0 1
0 1
0 1
0 1
0 1
0 1
0 1
0 1
0 1
0 1
0 1
0 1
0 1
0 1
