125 6
144 -14
144 -28
109 -58
100 -59
100 -59
100 -59
100 -59
100 -59
100 -59
100 -59
100 -59
100 -59
100 -59
100 -59
100 -59
100 -59
100 -59
100 -59
100 -59
91 -60
91 -60
91 -60
91 -60
91 -60
91 -60
91 -60
91 -60
91 -60
91 -60
91 -60
91 -60
91 -60
91 -60
91 -60
91 -60
91 -60
91 -60
91 -60
91 -60
91 -60
91 -60
91 -60
91 -60
91 -60
91 -60
91 -60
91 -60
91 -60
91 -60
91 -60
91 -60
91 -60
91 -60
91 -60
91 -60
91 -60
91 -60
91 -60
91 -60
91 -60
91 -60
91 -60
91 -60
91 -60
91 -60
91 -60
91 -60
91 -60
91 -60
91 -60
91 -60
91 -60
91 -60
91 -60
91 -60
91 -60
91 -60
58 -74
58 -74
58 -74
58 -74
58 -74
58 -74
58 -74
58 -74
58 -74
58 -74
58 -74
58 -74
58 -74
58 -74
58 -74
58 -74
58 -74
58 -74
58 -74
58 -74
58 -74
58 -74
58 -74
58 -74
58 -74
58 -74
58 -74
58 -74
58 -74
58 -74
58 -74
58 -74
58 -74
58 -74
58 -74
58 -74
58 -74
58 -88
58 -88
58 -88
58 -88
58 -88
58 -88
58 -88
58 -88
58 -88
58 -88
58 -88
58 -88
58 -88
58 -88
58 -88
58 -88
58 -88
58 -88
58 -88
58 -88
58 -88
58 -88
58 -88
58 -88
58 -88
58 -88
58 -88
58 -88
58 -88
58 -88
58 -88
58 -88
58 -88
58 -88
58 -88
58 -88
58 -88
58 -88
58 -88
58 -88
58 -88
58 -88
58 -88
45 -88
45 -88
45 -88
45 -88
45 -88
45 -88
45 -88
45 -88
45 -88
45 -88
45 -88
45 -88
45 -88
45 -88
45 -88
45 -88
45 -88
45 -88
45 -88
45 -88
45 -88
45 -88
45 -88
45 -88
45 -88
45 -88
45 -88
45 -88
45 -88
45 -88
45 -88
45 -88
45 -88
45 -88
45 -88
45 -88
45 -88
45 -88
45 -88
45 -88
45 -88
45 -88
45 -88
45 -88
45 -88
35 -84
35 -84
35 -84
35 -84
35 -84
35 -84
35 -84
35 -84
35 -84
35 -84
35 -84
35 -84
35 -84
35 -84
35 -84
35 -84
35 -84
35 -84
35 -84
35 -84
35 -84
35 -84
35 -84
29 -95
29 -95
29 -95
29 -95
29 -95
29 -95
29 -95
29 -95
29 -95
29 -95
29 -95
29 -95
29 -95
29 -95
29 -95
29 -95
29 -95
29 -95
29 -95
29 -95
29 -95
29 -95
29 -95
29 -95
29 -95
29 -95
29 -95
29 -95
29 -95
29 -95
29 -95
29 -95
29 -95
29 -95
29 -95
29 -95
29 -95
29 -95
29 -95
29 -95
29 -95
29 -95
29 -95
29 -95
29 -95
29 -95
29 -95
29 -95
29 -95
29 -95
29 -95
29 -95
29 -95
29 -95
29 -95
29 -95
29 -95
29 -95
29 -95
29 -95
29 -95
29 -95
29 -95
29 -95
29 -95
29 -95
29 -95
29 -95
29 -95
29 -95
29 -95
29 -95
29 -95
29 -95
29 -95
29 -95
29 -95
29 -95
29 -95
29 -95
29 -95
29 -95
29 -95
29 -95
29 -95
29 -95
29 -95
29 -95
29 -95
29 -95
26 -91
24 -103
24 -103
24 -103
24 -103
24 -103
24 -103
24 -103
24 -103
24 -103
24 -103
24 -103
24 -103
24 -103
24 -103
24 -103
24 -103
24 -103
24 -103
24 -103
15 -106
15 -106
15 -106
15 -106
15 -106
15 -106
15 -106
15 -106
15 -106
15 -106
15 -106
15 -106
15 -106
15 -106
15 -106
15 -106
15 -106
15 -106
15 -106
15 -106
12 -124
12 -124
12 -124
12 -124
12 -124
12 -124
12 -124
12 -124
12 -124
12 -124
12 -124
12 -124
12 -124
12 -124
12 -124
12 -124
12 -124
12 -124
12 -124
6 -109
6 -109
6 -109
6 -109
6 -109
6 -109
6 -109
6 -109
6 -109
6 -109
6 -109
6 -109
6 -109
6 -109
6 -109
6 -109
6 -109
6 -109
6 -109
6 -109
6 -109
-6 -96
-6 -96
-6 -96
-6 -96
-6 -96
-6 -96
-6 -96
-6 -96
-6 -96
-6 -96
-6 -96
-6 -96
-6 -96
-6 -96
-6 -96
-6 -96
-6 -96
-6 -96
-6 -96
-6 -96
-6 -96
-6 -96
-6 -96
-6 -96
-6 -96
-6 -96
-6 -96
-6 -96
-6 -96
-6 -96
-6 -96
-6 -96
-6 -96
-6 -96
-6 -96
-6 -96
-6 -96
-6 -96
-6 -96
-6 -96
-6 -96
-6 -96
-6 -96
-6 -96
-6 -96
-6 -96
-6 -96
-6 -96
-6 -96
-6 -96
-6 -96
-14 -112
-14 -112
-14 -112
-14 -112
-14 -112
-14 -112
-14 -112
-14 -112
-14 -112
-14 -112
-14 -112
-14 -112
-14 -112
-14 -112
-14 -112
-14 -112
-14 -112
-14 -112
-14 -112
-14 -112
-14 -112
-14 -112
-14 -112
-14 -112
-14 -112
-14 -112
-14 -112
-14 -112
-14 -112
-14 -112
-14 -112
-14 -112
-14 -112
-14 -112
-14 -112
-14 -112
-14 -112
-14 -112
-14 -112
-14 -112
-14 -112
-14 -112
-14 -112
-14 -112
-14 -112
-14 -112
-14 -112
-14 -112
-13 -104
-24 -116
-24 -116
-24 -116
-24 -116
-24 -116
-24 -116
-24 -116
-24 -116
-24 -116
-24 -116
-24 -116
-24 -116
-24 -116
-24 -116
-24 -116
-24 -116
-24 -116
-24 -116
-24 -116
-24 -116
-24 -116
-24 -116
-24 -116
-24 -116
-24 -116
-24 -116
-24 -116
-24 -116
-24 -116
-24 -116
-24 -116
-24 -116
-24 -116
-24 -116
-24 -116
-24 -116
-24 -116
-24 -116
-24 -116
-24 -116
-24 -116
-24 -116
-24 -116
-29 -106
-29 -106
-29 -106
-29 -106
-29 -106
-29 -106
-29 -106
-29 -106
-29 -106
-29 -106
-29 -106
-29 -106
-29 -106
-29 -106
-29 -106
-29 -106
-29 -106
-29 -106
-29 -106
-29 -106
-29 -106
-29 -106
-29 -106
-29 -106
-29 -106
-29 -106
-27 -99
-27 -99
-27 -99
-27 -99
-27 -99
-27 -99
-27 -99
-27 -99
-27 -99
-27 -99
-27 -99
-27 -99
-27 -99
-27 -99
-27 -99
-27 -99
-27 -99
-27 -99
-27 -99
-27 -99
-27 -99
-27 -99
-27 -99
-27 -99
-27 -99
-27 -99
-27 -99
-27 -99
-27 -99
-27 -99
-27 -99
-27 -99
-27 -99
-27 -99
-27 -99
-27 -99
-27 -99
-27 -99
-27 -99
-27 -99
-27 -99
-27 -99
-27 -99
-27 -99
-27 -99
-27 -99
-27 -99
-27 -99
-27 -99
-27 -99
-27 -99
-27 -99
-27 -99
-27 -99
-37 -110
-37 -110
-37 -110
-37 -110
-37 -110
-37 -110
-37 -110
-37 -110
-37 -110
-37 -110
-37 -110
-37 -110
-37 -110
-37 -110
-37 -110
-37 -110
-37 -110
-37 -110
-37 -110
-37 -110
-37 -110
-37 -110
-37 -110
-37 -110
-37 -110
-37 -110
-37 -110
-37 -110
-34 -96
-34 -96
-34 -96
-34 -96
-34 -96
-34 -96
-34 -96
-34 -96
-34 -96
-34 -96
-34 -96
-34 -96
-34 -96
-34 -96
-34 -96
-34 -96
-34 -96
-34 -96
-34 -96
-34 -96
-34 -96
-34 -96
-34 -96
-34 -96
-34 -96
-34 -96
-34 -96
-34 -96
-34 -96
-34 -96
-34 -96
-34 -96
-34 -96
-34 -96
-34 -96
-34 -96
-34 -96
-34 -96
-34 -96
-34 -96
-34 -96
-34 -96
-34 -96
-34 -96
-34 -96
-34 -96
-34 -96
-34 -96
-34 -96
-34 -96
-34 -96
-34 -96
-56 -91
-56 -91
-56 -91
-56 -91
-56 -91
-56 -91
-56 -91
-56 -91
-56 -91
-56 -91
-56 -91
-56 -91
-56 -91
-56 -91
-56 -91
-56 -91
-56 -91
-56 -91
-56 -91
-56 -91
-56 -91
-56 -91
-56 -91
-56 -91
-56 -91
-56 -91
-56 -91
-60 -101
-60 -101
-60 -101
-60 -101
-60 -101
-60 -101
-60 -101
-60 -101
-60 -101
-60 -101
-60 -101
-60 -101
-60 -101
-60 -101
-60 -101
-60 -101
-60 -101
-60 -101
-60 -101
-60 -101
-60 -101
-60 -101
-60 -101
-60 -101
-60 -101
-60 -101
-60 -101
-60 -101
-64 -92
-64 -92
-64 -92
-64 -92
-64 -92
-64 -92
-64 -92
-64 -92
-64 -92
-64 -92
-64 -92
-64 -92
-64 -92
-64 -92
-64 -92
-64 -92
-64 -92
-64 -92
-64 -92
-64 -92
-64 -92
-64 -92
-64 -92
-64 -92
-64 -92
-64 -92
-64 -92
-64 -92
-64 -92
-64 -92
-64 -92
-64 -92
-64 -92
-64 -92
-64 -92
-64 -92
-64 -92
-64 -92
-64 -92
-64 -92
-64 -92
-64 -92
-64 -92
-64 -92
-64 -92
-64 -92
-64 -92
-68 -82
-68 -82
-68 -82
-68 -82
-68 -82
-68 -82
-68 -82
-68 -82
-68 -82
-68 -82
-68 -82
-68 -82
-68 -82
-68 -82
-68 -82
-68 -82
-68 -82
-68 -82
-68 -82
-68 -82
-68 -82
-68 -82
-74 -97
-74 -97
-74 -97
-74 -97
-74 -97
-74 -97
-74 -97
-74 -97
-74 -97
-74 -97
-74 -97
-74 -97
-74 -97
-74 -97
-74 -97
-74 -97
-74 -97
-74 -97
-74 -97
-74 -97
-74 -97
-74 -97
-74 -97
-74 -97
-74 -97
-74 -97
-74 -97
-74 -97
-74 -97
-74 -97
-74 -97
-74 -97
-74 -97
-74 -97
-74 -97
-74 -97
-74 -97
-74 -97
-74 -97
-74 -97
-74 -97
-74 -97
-74 -97
-74 -97
-74 -97
-74 -97
-74 -97
-74 -97
-74 -97
-69 -88
-69 -88
-69 -88
-69 -88
-69 -88
-69 -88
-69 -88
-69 -88
-69 -88
-69 -88
-69 -88
-69 -88
-69 -88
-69 -88
-69 -88
-69 -88
-69 -88
-69 -88
-69 -88
-69 -88
-69 -88
-69 -88
-73 -74
-73 -74
-73 -74
-73 -74
-73 -74
-73 -74
-73 -74
-73 -74
-73 -74
-73 -74
-73 -74
-73 -74
-73 -74
-73 -74
-73 -74
-73 -74
-73 -74
-73 -74
-73 -74
-73 -74
-73 -74
-73 -74
-73 -74
-73 -74
-73 -74
-73 -74
-73 -74
-91 -73
-91 -73
-91 -73
-91 -73
-91 -73
-91 -73
-91 -73
-91 -73
-91 -73
-91 -73
-91 -73
-91 -73
-91 -73
-91 -73
-91 -73
-91 -73
-91 -73
-91 -73
-91 -73
-91 -73
-91 -73
-91 -73
-91 -73
-91 -73
-91 -73
-91 -73
-91 -73
-91 -73
-95 -73
-95 -73
-95 -73
-95 -73
-95 -73
-95 -73
-95 -73
-95 -73
-95 -73
-95 -73
-95 -73
-95 -73
-95 -73
-95 -73
-95 -73
-95 -73
-95 -73
-95 -73
-95 -73
-95 -73
-95 -73
-95 -73
-95 -73
-95 -73
-95 -73
-95 -73
-95 -73
-95 -73
-95 -73
-95 -73
-95 -73
-95 -73
-95 -73
-95 -73
-95 -73
-95 -73
-95 -73
-95 -73
-95 -73
-95 -73
-95 -73
-95 -73
-95 -73
-95 -73
-95 -73
-95 -73
-95 -73
-95 -73
-95 -73
-95 -73
-95 -73
-95 -73
-95 -73
-95 -73
-95 -73
-93 -63
-93 -63
-93 -63
-93 -63
-93 -63
-93 -63
-93 -63
-93 -63
-93 -63
-93 -63
-93 -63
-93 -63
-93 -63
-93 -63
-93 -63
-93 -63
-93 -63
-93 -63
-93 -63
-93 -63
-93 -63
-93 -63
-93 -63
-93 -63
-93 -63
-104 -51
-104 -51
-104 -51
-104 -51
-104 -51
-104 -51
-104 -51
-104 -51
-104 -51
-104 -51
-104 -51
-104 -51
-104 -51
-104 -51
-104 -51
-104 -51
-104 -51
-104 -51
-104 -51
-104 -51
-104 -51
-104 -51
-104 -51
-104 -51
-104 -51
-104 -51
-104 -51
-104 -51
-104 -51
-104 -51
-104 -51
-104 -51
-104 -51
-104 -51
-104 -51
-104 -51
-104 -51
-104 -51
-104 -30
-104 -30
-104 -30
-104 -30
-104 -30
-104 -30
-104 -30
-104 -30
-104 -30
-104 -30
-104 -30
-104 -30
-104 -30
-104 -30
-104 -30
-104 -30
-104 -30
-104 -30
-104 -30
-104 -30
-104 -30
-104 -30
-104 -30
-104 -30
-104 -30
-104 -30
-104 -30
-104 -30
-104 -30
-104 -30
-104 -30
-104 -30
-104 -30
-104 -30
-104 -30
-104 -30
-104 -30
-104 -30
-104 -30
-104 -30
-104 -30
-104 -30
-104 -30
-104 -30
-104 -30
-104 -30
-104 -30
-104 -30
-104 -30
-104 -30
-104 -30
-104 -30
-104 -30
-112 -19
-125 -19
-125 -19
-125 -19
-125 -19
-125 -19
-125 -19
-125 -19
-125 -19
-125 -19
-125 -19
-125 -19
-125 -19
-125 -19
-125 -19
-125 -19
-125 -19
-125 -19
-125 -19
-125 -19
-125 -19
-125 -19
-125 -19
-125 -19
-125 -19
-125 -19
-125 -19
-125 -19
-125 -19
-125 -19
-125 -19
-125 -19
-125 -19
-125 -19
-125 -19
-125 -19
-125 -19
-125 -19
-125 -19
-125 -19
-125 -19
-125 -19
-125 -19
-125 -19
-125 -19
-125 -19
-125 -19
-125 -19
-125 -19
-125 -19
-125 -19
-125 -19
-125 -19
-125 -19
-121 -6
-121 -6
-121 -6
-121 -6
-121 -6
-121 -6
-121 -6
-121 -6
-121 -6
-121 -6
-121 -6
-121 -6
-121 -6
-121 -6
-121 -6
-121 -6
-121 -6
-121 -6
-121 -6
-121 -6
-121 -6
-121 -6
-121 -6
-121 -6
-121 -6
-132 -3
-132 -3
-132 -3
-132 -3
-132 -3
-132 -3
-132 -3
-132 -3
-132 -3
-132 -3
-132 -3
-132 -3
-132 -3
-132 -3
-132 -3
-132 -3
-132 -3
-132 -3
-132 -3
-132 -3
-132 -3
-132 -3
-132 -3
-132 -3
-132 -3
-132 -3
-132 -3
-132 -3
-132 -3
-132 -3
-132 -3
-132 -3
-132 -3
-132 -3
-132 -3
-132 -3
-132 -3
-132 -3
-132 -3
-132 -3
-132 -3
-132 -3
-132 -3
-132 -3
-132 -3
-132 -3
-132 -3
-132 -3
-132 -3
-132 -3
-132 -3
-132 -3
-134 3
-134 3
-134 3
-134 3
-134 3
-134 3
-134 3
-134 3
-134 3
-134 3
-134 3
-134 3
-134 3
-134 3
-134 3
-134 3
-134 3
-134 3
-134 3
-134 3
-134 3
-134 3
-134 3
-134 3
-134 3
-134 3
-134 3
-134 3
-134 3
-134 3
-134 3
-134 3
-134 3
-134 3
-134 3
-134 3
-134 3
-134 3
-134 3
-134 3
-134 3
-133 20
-133 20
-133 20
-133 20
-133 20
-133 20
-133 20
-133 20
-133 20
-133 20
-133 20
-133 20
-133 20
-133 20
-133 20
-133 20
-133 20
-133 20
-133 20
-133 20
-133 20
-133 20
-133 20
-133 20
-133 20
-133 20
-133 20
-133 20
-133 20
-133 20
-133 20
-133 20
-133 20
-133 20
-133 20
-133 20
-133 20
-133 20
-140 30
-140 30
-140 30
-140 30
-140 30
-140 30
-140 30
-140 30
-140 30
-140 30
-140 30
-140 30
-140 30
-140 30
-140 30
-140 30
-140 30
-140 30
-140 30
-140 30
-140 30
-140 30
-152 42
-152 42
-152 42
-152 42
-152 42
-152 42
-152 42
-152 42
-152 42
-152 42
-152 42
-152 42
-152 42
-152 42
-152 42
-152 42
-152 42
-152 42
-152 42
-152 42
-152 42
-152 42
-152 42
-122 48
-122 48
-122 48
-122 48
-122 48
-122 48
-122 48
-122 48
-122 48
-122 48
-122 48
-122 48
-122 48
-122 48
-122 48
-122 48
-122 48
-122 48
-122 48
-122 48
-122 48
-122 48
-122 48
-122 48
-122 48
-122 48
-122 48
-122 48
-122 48
-122 48
-122 48
-122 48
-122 48
-122 48
-122 48
-122 48
-122 48
-122 48
-122 48
-101 37
-101 37
-101 37
-101 37
-101 37
-101 37
-101 37
-101 37
-101 37
-101 37
-101 37
-101 37
-101 37
-101 37
-101 37
-101 37
-101 37
-101 37
-101 37
-101 37
-101 37
-101 37
-101 37
-101 37
-101 37
-101 37
-101 37
-101 37
-101 37
-101 37
-101 37
-101 37
-101 37
-101 37
-101 37
-101 37
-101 37
-101 37
-101 37
-101 37
-101 37
-101 37
-101 37
-101 37
-101 37
-101 37
-101 37
-101 37
-106 61
-106 61
-106 61
-106 61
-106 61
-106 61
-106 61
-106 61
-106 61
-106 61
-106 61
-106 61
-106 61
-106 61
-106 61
-106 61
-106 61
-106 61
-106 61
-106 61
-106 61
-106 61
-106 61
-106 61
-112 66
-112 66
-112 66
-112 66
-112 66
-112 66
-112 66
-112 66
-112 66
-112 66
-112 66
-112 66
-112 66
-112 66
-112 66
-112 66
-112 66
-112 66
-112 66
-112 66
-112 66
-112 66
-112 66
-105 80
-105 80
-105 80
-105 80
-105 80
-105 80
-105 80
-105 80
-105 80
-105 80
-105 80
-105 80
-105 80
-105 80
-105 80
-105 80
-105 80
-105 80
-105 80
-105 80
-105 80
-105 80
-105 80
-105 80
-95 89
-95 89
-95 89
-95 89
-95 89
-95 89
-95 89
-95 89
-95 89
-95 89
-95 89
-95 89
-95 89
-95 89
-95 89
-95 89
-95 89
-95 89
-95 89
-95 89
-95 89
-95 89
-95 89
-95 89
-95 89
-95 89
-95 89
-95 89
-95 89
-95 89
-95 89
-95 89
-95 89
-95 89
-95 89
-95 89
-95 89
-95 89
-95 89
-95 89
-95 89
-95 89
-95 89
-95 89
-95 89
-95 89
-95 89
-95 89
-95 89
-95 89
-95 89
-96 88
-96 88
-96 88
-96 88
-96 88
-96 88
-96 88
-96 88
-96 88
-96 88
-96 88
-96 88
-96 88
-96 88
-96 88
-96 88
-96 88
-96 88
-96 88
-96 88
-96 88
-96 88
-96 88
-96 88
-96 88
-96 88
-96 88
-96 88
-96 88
-96 88
-96 88
-96 88
-96 88
-96 88
-96 88
-96 88
-96 88
-96 88
-96 88
-96 88
-96 88
-96 88
-96 88
-96 88
-96 88
-96 88
-96 88
-96 88
-96 88
-96 88
-89 93
-89 93
-89 93
-89 93
-89 93
-89 93
-89 93
-89 93
-89 93
-89 93
-89 93
-89 93
-89 93
-89 93
-89 93
-89 93
-89 93
-89 93
-89 93
-89 93
-89 93
-89 93
-89 93
-89 93
-93 90
-93 90
-93 90
-93 90
-93 90
-93 90
-93 90
-93 90
-93 90
-93 90
-93 90
-93 90
-93 90
-93 90
-93 90
-93 90
-93 90
-93 90
-93 90
-93 90
-93 90
-93 90
-93 90
-82 98
-82 98
-82 98
-82 98
-82 98
-82 98
-82 98
-82 98
-82 98
-82 98
-82 98
-82 98
-82 98
-82 98
-82 98
-82 98
-82 98
-82 98
-82 98
-82 98
-82 98
-82 98
-79 100
-79 100
-79 100
-79 100
-79 100
-79 100
-79 100
-79 100
-79 100
-79 100
-79 100
-79 100
-79 100
-79 100
-79 100
-79 100
-79 100
-79 100
-79 100
-79 100
-79 100
-79 100
-79 100
-79 100
-79 100
-79 100
-79 100
-79 100
-79 100
-79 100
-79 100
-79 100
-79 100
-79 100
-79 100
-79 100
-79 100
-79 100
-79 100
-79 100
-79 100
-79 100
-79 100
-79 100
-79 100
-79 100
-79 100
-79 100
-79 100
-79 100
-79 100
-79 100
-79 100
-79 100
-79 100
-79 100
-79 100
-79 100
-79 100
-79 100
-79 100
-79 100
-79 100
-79 100
-79 100
-79 100
-79 100
-79 100
-79 100
-79 100
-77 107
-77 107
-77 107
-77 107
-77 107
-77 107
-77 107
-77 107
-77 107
-77 107
-77 107
-77 107
-77 107
-77 107
-77 107
-77 107
-77 107
-77 107
-77 107
-77 107
-77 107
-77 107
-77 107
-77 107
-77 107
-77 107
-77 107
-77 107
-77 107
-77 107
-77 107
-77 107
-77 107
-77 107
-77 107
-77 107
-77 107
-77 107
-77 107
-77 107
-77 107
-77 107
-77 107
-77 107
-77 107
-77 107
-77 107
-46 104
-46 104
-46 104
-46 104
-46 104
-46 104
-46 104
-46 104
-46 104
-46 104
-46 104
-46 104
-46 104
-46 104
-46 104
-46 104
-46 104
-46 104
-46 104
-46 104
-46 104
-46 104
-46 104
-46 104
-46 104
-46 104
-46 104
-46 104
-46 104
-46 104
-46 104
-46 104
-46 104
-46 104
-46 104
-46 104
-46 104
-46 104
-46 104
-46 104
-46 104
-46 104
-46 104
-46 104
-46 104
-46 104
-46 104
-39 114
-40 114
-40 114
-40 114
-40 114
-40 114
-40 114
-40 114
-40 114
-40 114
-40 114
-40 114
-40 114
-40 114
-40 114
-40 114
-40 114
-40 114
-40 114
-40 114
-40 114
-40 114
-40 114
-40 114
-40 114
-40 114
-40 114
-40 114
-40 114
-40 114
-40 114
-40 114
-40 114
-40 114
-40 114
-40 114
-40 114
-40 114
-40 114
-40 114
-40 114
-40 114
-40 114
-40 114
-40 114
-40 114
-40 114
-40 114
-40 114
-40 114
-21 109
-21 109
-21 109
-21 109
-21 109
-21 109
-21 109
-21 109
-21 109
-21 109
-21 109
-21 109
-21 109
-21 109
-21 109
-21 109
-21 109
-21 109
-21 109
-21 109
-21 109
-21 109
-21 109
-21 109
-7 102
-7 102
-7 102
-7 102
-7 102
-7 102
-7 102
-7 102
-7 102
-7 102
-7 102
-7 102
-7 102
-7 102
-7 102
-7 102
-7 102
-7 102
-7 102
-7 102
-7 102
-7 102
-7 102
-7 102
-7 102
-7 102
-7 102
-7 102
-7 102
-7 102
-7 102
-7 102
-7 102
-7 102
-7 102
-7 102
-7 102
-7 102
-7 102
-7 102
-7 102
-7 102
-7 102
-7 102
-7 102
-7 102
-7 102
-1 92
-1 92
-1 92
-1 92
-1 92
-1 92
-1 92
-1 92
-1 92
-1 92
-1 92
-1 92
-1 92
-1 92
-1 92
-1 92
-1 92
-1 92
-1 92
-1 92
-1 92
-1 92
-1 92
-1 92
-1 92
-1 92
-1 92
-1 92
-1 92
-1 92
-1 92
-1 92
-1 92
-1 92
-1 92
-1 92
-1 92
-1 92
-1 92
-1 92
-1 92
-1 92
-1 92
-1 92
-1 92
-1 92
-1 92
-1 92
-1 92
-1 92
-1 92
-1 92
-1 92
-1 92
-1 92
-1 92
-1 92
-1 92
-1 92
-1 92
-1 92
-1 92
-1 92
-1 92
-1 92
-1 92
-1 92
-1 92
-1 92
-1 92
-1 92
-1 92
-1 92
-1 92
2 99
2 99
2 99
2 99
2 99
2 99
2 99
2 99
2 99
2 99
2 99
2 99
2 99
2 99
2 99
2 99
2 99
2 99
2 99
2 99
9 103
9 103
9 103
9 103
9 103
9 103
9 103
9 103
9 103
9 103
9 103
9 103
9 103
9 103
9 103
9 103
9 103
1 92
1 92
1 92
1 92
1 92
1 92
1 92
1 92
1 92
1 92
1 92
1 92
1 92
1 92
1 92
14 94
14 94
14 94
14 94
14 94
14 94
14 94
14 94
14 94
14 94
14 94
14 94
14 94
14 94
14 94
14 94
14 94
14 94
14 94
14 94
14 94
14 94
14 94
14 94
14 94
14 94
14 94
14 94
14 94
14 94
14 94
14 94
14 94
14 94
14 94
23 91
23 91
23 91
23 91
23 91
23 91
23 91
23 91
23 91
23 91
23 91
23 91
23 91
23 91
23 91
23 91
23 91
23 91
23 91
23 91
23 91
23 91
23 91
23 91
23 91
23 91
23 91
23 91
23 91
23 91
23 91
23 91
23 91
23 91
34 88
34 88
34 88
34 88
34 88
34 88
34 88
34 88
34 88
34 88
34 88
34 88
34 88
34 88
34 88
34 88
34 88
46 84
46 84
46 84
46 84
46 84
46 84
46 84
46 84
46 84
46 84
46 84
46 84
46 84
46 84
43 64
43 64
43 64
43 64
43 64
43 64
43 64
43 64
43 64
43 64
43 64
43 64
43 64
43 64
43 64
43 64
43 64
56 80
56 80
56 80
56 80
56 80
56 80
56 80
56 80
56 80
56 80
56 80
56 80
56 80
56 80
56 80
56 80
56 80
56 80
56 80
56 80
56 80
56 80
56 80
56 80
56 80
56 80
56 80
56 80
56 80
56 80
56 80
56 80
56 80
56 80
56 80
56 80
58 55
58 55
58 55
58 55
58 55
58 55
58 55
58 55
58 55
58 55
58 55
58 55
58 55
58 55
58 55
58 55
58 55
58 55
56 47
56 47
56 47
56 47
56 47
56 47
56 47
56 47
56 47
56 47
56 47
56 47
56 47
56 47
56 47
56 47
56 47
56 47
56 47
56 47
56 47
56 47
56 47
56 47
56 47
56 47
56 47
56 47
56 47
56 47
56 47
56 47
56 47
56 47
59 39
59 39
59 39
59 39
59 39
59 39
59 39
59 39
59 39
59 39
59 39
59 39
59 39
59 39
59 39
52 27
52 27
52 27
52 27
52 27
52 27
52 27
52 27
52 27
52 27
52 27
52 27
52 27
52 27
52 27
52 27
52 27
52 27
44 14
44 14
44 14
44 14
44 14
44 14
44 14
44 14
44 14
44 14
44 14
44 14
44 14
44 14
44 14
44 14
44 14
44 14
44 14
44 14
44 14
44 14
44 14
44 14
44 14
44 14
44 14
44 14
44 14
44 14
44 14
44 14
44 14
44 14
44 14
33 18
33 18
33 18
33 18
33 18
33 18
33 18
33 18
33 18
33 18
33 18
33 18
33 18
33 18
33 18
33 18
33 18
25 5
25 5
25 5
25 5
25 5
25 5
25 5
25 5
25 5
25 5
25 5
25 5
25 5
25 5
25 5
25 5
25 5
25 5
25 5
25 5
25 5
25 5
25 5
25 5
25 5
25 5
25 5
25 5
25 5
25 5
25 5
25 5
25 5
5 3
5 3
5 3
5 3
5 3
5 3
5 3
5 3
5 3
5 3
5 3
5 3
5 3
5 3
5 3
5 3
5 3
5 3
5 3
5 3
5 3
5 3
5 3
5 3
5 3
5 3
5 3
5 3
5 3
5 3
5 3
5 3
5 3
5 3
5 3
5 3
5 3
2 1
2 1
2 1
2 1
2 1
2 1
2 1
2 1
2 1
2 1
2 1
2 1
2 1
2 1
2 1
2 1
2 1
2 1
2 1
2 1
2 1
2 1
2 1
2 1
2 1
2 1
2 1
2 1
2 1
2 1
2 1
2 1
2 1
2 1
2 1
2 1
2 1
2 1
2 1
2 1
2 1
2 1
2 1
2 1
2 1
2 1
2 1
2 1
2 1
2 1
2 1
2 1
2 1
2 1
2 1
2 1
2 1
2 1
2 1
2 1
2 1
2 1
2 1
2 1
2 1
2 1
2 1
2 1
2 1
2 1
2 1
2 1
2 1
2 1
2 1
2 1
2 1
2 1
2 1
2 1
2 1
2 1
2 1
2 1
2 1
2 1
2 1
2 1
2 1
2 1
2 1
2 1
2 1
2 1
2 1
2 1
2 1
2 1
2 1
2 1
2 1
2 1
2 1
2 1
2 1
2 1
2 1
2 1
2 1
2 1
2 1
2 1
-1 -1
-1 -1
-1 -1
-1 -1
-1 -1
-1 -1
-1 -1
-1 -1
-1 -1
-1 -1
-1 -1
-1 -1
-1 -1
-1 -1
-1 -1
-1 -1
-1 -1
-1 -1
-1 -1
-1 -1
-1 -1
-1 -1
-1 -1
-1 -1
-1 -1
-1 -1
-1 -1
-1 -1
-1 -1
-1 -1
-1 -1
-1 -1
-1 -1
-1 -1
-1 -1
-1 -1
-1 -1
-1 -1
-1 -1
-1 -1
-1 -1
-1 -1
-1 -1
-1 -1
-1 -1
-1 -1
-1 -1
-1 -1
-1 -1
-1 -1
-1 -1
-1 -1
-1 -1
-1 -1
-1 0
-1 0
-1 0
-1 0
-1 0
-1 0
-1 0
-1 0
-1 0
-1 0
-1 0
-1 0
-1 0
-1 0
-1 0
-1 0
-1 0
-1 0
-1 0
-1 0
-1 0
-1 0
-1 0
-1 0
-1 0
-1 0
-1 0
-1 0
-1 0
-1 0
-1 0
-1 0
-1 0
-1 0
-1 0
-1 0
0 2
0 2
0 2
0 2
0 2
0 2
0 2
0 2
0 2
0 2
0 2
0 2
0 2
0 2
0 2
0 2
0 2
0 2
0 2
0 2
0 2
0 2
0 2
0 2
0 2
0 2
0 2
0 2
0 2
0 2
0 2
0 2
0 2
0 2
0 2
0 1
0 1
0 1
0 1
0 1
0 1
0 1
0 1
0 1
0 1
0 1
0 1
0 1
0 1
0 1
0 1
0 1
0 1
0 1
0 1
0 1
0 1
0 1
0 1
0 1
0 1
0 1
0 1
0 1
0 1
0 1
0 1
0 1
0 1
0 1
0 1
0 1
0 1
0 1
0 1
0 1
0 1
0 1
0 1
0 1
0 1
0 1
0 1
0 1
0 1
0 1
0 1
0 1
0 1
0 1
0 1
0 1
0 1
0 1
0 1
0 1
0 1
0 1
0 1
0 1
0 1
0 1
0 1
0 1
0 1
0 1
0 1
0 1
0 1
0 1
0 1
0 1
0 1
0 1
0 1
0 1
0 1
0 1
0 1
0 1
0 1
0 1
0 1
-1 1
-1 1
-1 1
-1 1
-1 1
-1 1
-1 1
-1 1
-1 1
-1 1
-1 1
-1 1
-1 1
-1 1
-1 1
-1 1
-1 1
-1 1
-1 1
-1 1
-1 1
-1 1
-1 1
-1 1
-1 1
-1 1
-1 1
-1 1
-1 1
-1 1
-1 1
-1 1
-1 1
-1 1
-1 1
-1 1
-1 1
-1 1
-1 1
-1 1
-1 1
-1 1
-1 1
-1 1
-1 1
-1 1
-1 1
-1 1
-1 1
-1 1
-1 1
-1 1
-1 1
-1 1
-1 1
-1 1
-1 1
-1 1
-1 1
-1 1
-1 1
-1 1
-1 1
-1 1
-1 1
-1 1
-1 1
-1 1
-1 1
-1 1
-1 1
-1 1
-1 1
-1 1
-1 1
-1 1
-1 1
-1 1
-1 1
-1 1
-1 1
-1 1
-1 1
-1 1
-1 1
-1 1
-1 1
-1 1
-1 1
-1 1
-1 1
-1 1
-1 1
-1 1
-1 1
-1 1
-1 1
-1 1
-1 1
-1 1
-1 1
-1 1
-1 1
-1 1
-1 1
-1 1
-1 1
-1 1
-1 1
-1 1
-1 1
-1 1
-1 1
-1 1
-1 1
-1 1
-1 1
-1 1
-1 1
-1 1
-1 1
-1 1
-1 1
-1 1
-1 1
-1 1
-1 1
-1 1
-1 1
-1 1
-1 1
-1 1
-1 1
-1 1
-1 1
-1 1
-1 1
-1 1
-1 1
-1 1
-1 1
-1 1
-1 1
-1 1
-1 1
-1 1
-1 1
-1 1
-1 1
-1 1
-1 1
-1 1
-1 1
-1 1
-1 1
-1 1
-1 1
-1 1
-1 1
-1 1
-1 1
-1 1
-1 1
-1 1
-1 1
-1 1
-1 1
-1 1
-1 1
-1 1
-1 1
-1 1
-1 1
-1 1
-1 1
-1 1
-1 1
-1 1
-1 1
-1 1
-1 1
-1 1
-1 1
-1 1
-1 1
-1 1
-1 1
-1 1
-1 1
-1 1
-1 1
-1 1
-1 1
-1 1
-1 1
-1 1
-1 1
-1 1
-1 1
-1 1
-1 1
-1 1
-1 1
-1 1
-1 1
-1 1
-1 1
-1 1
-1 1
-1 1
-1 1
-1 1
-1 1
-1 1
-1 1
-1 1
-1 1
-1 1
-1 1
-1 1
-1 1
-1 1
-1 1
-1 1
-1 1
-1 1
-1 1
-1 1
-1 1
-1 1
-1 1
-1 1
-1 1
-1 1
-1 1
-1 1
-1 1
-1 1
-1 1
-1 1
-1 1
-1 1
-1 1
-1 1
-1 1
-1 1
-1 1
-1 1
-1 1
-1 1
-1 1
-1 1
-1 1
-1 1
-1 1
-1 1
-1 1
-1 1
-1 1
-1 1
-1 1
-1 1
-1 1
-1 1
-1 1
-1 1
-1 1
-1 1
-1 1
-1 1
-1 1
-1 1
-1 1
-1 1
-1 1
-1 1
-1 1
-1 1
-1 1
-1 1
-1 1
-1 1
-1 1
-1 1
-1 1
-1 1
-1 1
-1 1
-1 1
-1 1
-1 1
-1 1
-1 1
-1 1
-1 1
-1 1
-1 1
-1 1
-1 1
-1 1
-1 1
-1 1
-1 1
-1 1
-1 1
-1 1
-1 1
-1 1
-1 1
-1 1
-1 1
-1 1
-1 1
-1 1
-1 1
-1 1
-1 1
-1 1
-1 1
-1 1
-1 1
-1 1
-1 1
-1 1
-1 1
-1 1
-1 1
-1 1
-1 1
-1 1
-1 1
-1 1
-1 1
-1 1
-1 1
-1 1
-1 1
-1 1
-1 1
-1 1
-1 1
-1 1
-1 1
-1 1
-1 1
-1 1
-1 1
-1 1
-1 1
-1 1
-1 1
-1 1
-1 1
-1 1
-1 1
-1 1
-1 1
-1 1
-1 1
-1 1
-1 1
-1 1
-1 1
-1 1
-1 1
-1 1
-1 1
-1 1
-1 1
-1 1
-1 1
-1 1
-1 1
-1 1
-1 1
-1 1
-1 1
-1 1
-1 1
-1 1
-1 1
-1 1
-1 1
-1 1
-1 1
-1 1
-1 1
-1 1
-1 1
-1 1
-1 1
-1 1
-1 1
-1 1
-1 1
-1 1
-1 1
-1 1
-1 1
-1 1
-1 1
-1 1
-1 1
-1 1
-1 1
-1 1
-1 1
-1 1
-1 1
-1 1
-1 1
-1 1
-1 1
-1 1
-1 1
-1 1
-1 1
-1 1
-1 1
-1 1
-1 1
-1 1
-1 1
-1 1
-1 1
-1 1
-1 1
-1 1
-1 1
-1 1
-1 1
-1 1
-1 1
-1 1
-1 1
-1 1
-1 1
-1 1
-1 1
-1 1
-1 1
-1 1
-1 1
-1 1
-1 1
-1 1
-1 1
-1 1
-1 1
-1 1
-1 1
-1 1
-1 1
-1 1
-1 1
-1 1
-1 1
-1 1
-1 1
-1 1
-1 1
-1 1
-1 1
-1 1
-1 1
-1 1
-1 1
-1 1
-1 1
-1 1
-1 1
-1 1
-1 1
-1 1
-1 1
-1 1
-1 1
-1 1
-1 1
-1 1
-1 1
-1 1
-1 1
-1 1
-1 1
-1 1
-1 1
-1 1
-1 1
-1 1
-1 1
-1 1
-1 1
-1 1
-1 1
-1 1
-1 1
-1 1
-1 1
-1 1
-1 1
-1 1
-1 1
-1 1
-1 1
-1 1
-1 1
-1 1
-1 1
-1 1
-1 1
-1 1
-1 1
-1 1
-1 1
-1 1
-1 1
-1 1
-1 1
-1 1
-1 1
-1 1
-1 1
-1 1
-1 1
-1 1
-1 1
-1 1
-1 1
-1 1
-1 1
-1 1
-1 1
-1 1
-1 1
-1 1
-1 1
-1 1
-1 1
-1 1
-1 1
-1 1
-1 1
-1 1
-1 1
-1 1
-1 1
-1 1
-1 1
-1 1
-1 1
-1 1
-1 1
-1 1
-1 1
-1 1
-1 1
-1 1
-1 1
-1 1
-1 1
-1 1
-1 1
-1 1
-1 1
-1 1
-1 1
-1 1
-1 1
-1 1
-1 1
-1 1
-1 1
-1 1
-1 1
-1 1
-1 1
-1 1
-1 1
-1 1
-1 1
-1 1
-1 1
-1 1
-1 1
-1 1
-1 1
-1 1
-1 1
-1 1
-1 1
-1 1
-1 1
-1 1
-1 1
-1 1
-1 1
-1 1
-1 1
-1 1
-1 1
-1 1
-1 1
-1 1
-1 1
-1 1
-1 1
-1 1
-1 1
-1 1
-1 1
-1 1
-1 1
-1 1
-1 1
-1 1
-1 1
-1 1
-1 1
-1 1
-1 1
-1 1
-1 1
-1 1
-1 1
-1 1
-1 1
-1 1
-1 1
-1 1
-1 1
-1 1
-1 1
-1 1
-1 1
-1 1
