17 29
17 29
17 29
17 29
17 29
17 29
17 29
17 29
17 29
17 29
17 29
17 29
17 29
17 29
17 29
17 29
17 29
17 29
17 29
17 29
17 29
17 29
17 29
17 29
17 29
17 29
17 29
17 29
17 29
17 29
17 29
17 29
17 29
20 34
27 40
27 40
27 40
27 40
27 40
27 40
27 40
27 40
27 40
27 40
27 40
27 40
27 40
27 40
27 40
27 40
27 40
27 40
27 40
27 40
19 26
19 26
19 26
19 26
19 26
19 26
19 26
19 26
19 26
19 26
19 26
19 26
19 26
19 26
19 26
19 26
19 26
19 26
19 26
19 26
19 26
20 29
20 29
20 29
20 29
20 29
20 29
20 29
20 29
20 29
20 29
20 29
20 29
20 29
20 29
20 29
20 29
20 29
20 29
20 29
20 29
20 29
20 29
20 29
20 29
20 29
20 29
20 29
20 29
20 29
20 29
20 29
20 29
20 29
20 29
20 29
20 29
20 29
20 29
20 29
21 35
21 35
21 35
21 35
21 35
21 35
21 35
21 35
21 35
21 35
21 35
21 35
21 35
21 35
21 35
21 35
21 35
21 35
21 35
21 35
21 20
21 20
21 20
21 20
21 20
21 20
21 20
21 20
21 20
21 20
21 20
21 20
21 20
21 20
21 20
21 20
21 20
21 20
21 20
21 20
21 20
21 20
21 20
21 20
21 20
21 20
21 20
21 20
21 20
21 20
21 20
21 20
21 20
21 20
21 20
21 20
21 20
21 20
21 20
21 20
21 20
21 20
25 30
25 30
25 30
25 30
25 30
25 30
25 30
25 30
25 30
25 30
25 30
25 30
25 30
25 30
25 30
25 30
25 30
25 30
25 30
25 30
25 30
25 30
25 30
25 30
25 30
25 30
25 30
25 30
25 30
25 30
25 30
25 30
25 30
25 30
25 30
25 30
25 30
25 30
25 30
25 30
25 30
25 30
18 18
18 18
18 18
18 18
18 18
18 18
18 18
18 18
18 18
18 18
18 18
18 18
18 18
18 18
18 18
18 18
18 18
18 18
18 18
18 18
18 18
18 18
18 18
18 18
18 18
18 18
18 18
18 18
18 18
18 18
18 18
18 18
18 18
18 18
18 18
18 18
18 18
18 18
18 18
18 18
18 18
18 18
18 18
18 18
31 20
31 20
31 20
31 20
31 20
31 20
31 20
31 20
31 20
31 20
31 20
31 20
31 20
31 20
31 20
31 20
31 20
31 20
31 20
31 20
31 20
31 20
31 20
32 23
32 23
32 23
32 23
32 23
32 23
32 23
32 23
32 23
32 23
32 23
32 23
32 23
32 23
32 23
32 23
32 23
32 23
32 23
32 23
27 16
27 16
27 16
27 16
27 16
27 16
27 16
27 16
27 16
27 16
27 16
27 16
27 16
27 16
27 16
27 16
27 16
27 16
27 16
27 16
27 16
27 16
27 16
27 16
27 16
27 16
27 16
27 16
27 16
27 16
27 16
27 16
27 16
27 16
27 16
27 16
27 16
27 16
27 16
27 16
30 14
30 14
30 14
30 14
30 14
30 14
30 14
30 14
30 14
30 14
30 14
30 14
30 14
30 14
30 14
30 14
30 14
30 14
30 14
30 14
30 14
30 14
30 14
30 14
30 14
30 14
30 14
30 14
30 14
30 14
30 14
30 14
30 14
30 14
30 14
30 14
30 14
30 14
30 14
30 14
30 14
30 14
30 14
30 14
30 14
30 14
30 14
30 14
33 16
36 15
36 15
36 15
36 15
36 15
36 15
36 15
36 15
36 15
36 15
36 15
36 15
36 15
36 15
36 15
36 15
36 15
36 15
36 15
36 15
36 15
36 15
36 15
36 15
36 15
36 15
36 15
36 15
36 15
36 15
36 15
36 15
36 15
36 15
36 15
36 15
36 15
36 15
36 15
36 15
36 15
36 15
36 15
36 15
27 16
27 16
27 16
27 16
27 16
27 16
27 16
27 16
27 16
27 16
27 16
27 16
27 16
27 16
27 16
27 16
27 16
27 16
27 16
27 16
29 19
29 19
29 19
29 19
29 19
29 19
29 19
29 19
29 19
29 19
29 19
29 19
29 19
29 19
29 19
29 19
29 19
29 19
29 19
29 19
29 19
29 19
29 19
29 19
29 19
29 19
29 19
29 19
29 19
29 19
29 19
29 19
29 19
29 19
29 19
29 19
29 19
29 19
29 19
29 19
29 19
29 19
29 19
29 19
29 19
29 19
29 19
29 19
29 19
29 19
29 19
31 14
31 14
31 14
31 14
31 14
31 14
31 14
31 14
31 14
31 14
31 14
31 14
31 14
31 14
31 14
31 14
31 14
31 14
31 14
31 14
31 14
31 14
31 14
31 14
31 14
31 14
31 14
31 14
31 14
31 14
31 14
31 14
31 14
31 14
31 14
31 14
31 14
31 14
31 14
31 14
31 14
31 14
31 14
31 14
31 14
31 14
31 14
31 14
31 14
31 14
39 12
39 12
39 12
39 12
39 12
39 12
39 12
39 12
39 12
39 12
39 12
39 12
39 12
39 12
39 12
39 12
39 12
39 12
39 12
39 12
39 12
39 12
39 12
39 12
39 12
39 12
39 12
39 12
39 12
39 12
39 12
39 12
39 12
39 12
39 12
39 12
39 12
39 12
39 12
39 12
39 12
39 12
39 12
31 6
31 6
31 6
31 6
31 6
31 6
31 6
31 6
31 6
31 6
31 6
31 6
31 6
31 6
31 6
31 6
31 6
31 6
31 6
31 6
31 6
31 6
31 6
31 6
43 7
43 7
43 7
43 7
43 7
43 7
43 7
43 7
43 7
43 7
43 7
43 7
43 7
43 7
43 7
43 7
43 7
43 7
43 7
43 7
43 7
43 7
43 7
43 7
43 7
43 7
43 7
43 7
43 7
43 7
43 7
43 7
43 7
43 7
43 7
43 7
43 7
43 7
43 7
43 7
43 7
43 7
43 7
43 7
43 7
43 7
43 7
43 7
43 7
43 7
43 7
43 7
43 7
43 7
43 7
43 7
43 7
43 7
43 7
43 7
43 7
43 7
43 7
43 7
43 7
43 7
43 7
43 7
43 7
43 7
43 7
43 7
43 7
43 7
39 11
40 8
40 8
40 8
40 8
40 8
40 8
40 8
40 8
40 8
40 8
40 8
40 8
40 8
40 8
40 8
40 8
40 8
40 8
40 8
40 8
40 8
40 8
40 8
40 8
40 8
40 8
40 8
40 8
40 8
40 8
40 8
40 8
40 8
40 8
40 8
40 8
40 8
40 8
40 8
40 8
40 8
40 8
40 8
40 8
40 8
40 8
40 8
40 8
40 8
40 8
40 8
40 8
42 16
42 16
42 16
42 16
42 16
42 16
42 16
42 16
42 16
42 16
42 16
42 16
42 16
42 16
42 16
42 16
42 16
42 16
42 16
42 16
42 16
42 16
42 16
45 14
45 14
45 14
45 14
45 14
45 14
45 14
45 14
45 14
45 14
45 14
45 14
45 14
45 14
45 14
45 14
45 14
45 14
45 14
45 14
45 14
45 14
45 14
45 14
45 14
42 6
42 6
42 6
42 6
42 6
42 6
42 6
42 6
42 6
42 6
42 6
42 6
42 6
42 6
42 6
42 6
42 6
42 6
42 6
42 6
42 6
41 5
41 5
41 5
41 5
41 5
41 5
41 5
41 5
41 5
41 5
41 5
41 5
41 5
41 5
41 5
41 5
41 5
41 5
41 5
41 5
41 5
41 5
41 5
41 5
41 5
41 5
41 5
41 5
41 5
41 5
41 5
41 5
41 5
41 5
41 5
41 5
41 5
41 5
41 5
41 5
41 5
41 5
41 5
50 10
50 10
50 10
50 10
50 10
50 10
50 10
50 10
50 10
50 10
50 10
50 10
50 10
50 10
50 10
50 10
50 10
50 10
50 10
50 10
50 10
50 10
50 10
50 10
53 7
53 7
53 7
53 7
53 7
53 7
53 7
53 7
53 7
53 7
53 7
53 7
53 7
53 7
53 7
53 7
53 7
53 7
53 7
53 7
53 7
53 7
53 7
53 7
53 7
53 7
53 7
53 7
53 7
53 7
53 7
53 7
53 7
53 7
53 7
53 7
53 7
53 7
53 7
53 7
53 7
53 7
53 7
53 7
53 7
53 7
53 7
53 7
53 7
53 7
53 7
50 0
50 0
50 0
50 0
50 0
50 0
50 0
50 0
50 0
50 0
50 0
50 0
50 0
50 0
50 0
50 0
50 0
50 0
50 0
50 0
50 0
50 0
47 6
47 6
47 6
47 6
47 6
47 6
47 6
47 6
47 6
47 6
47 6
47 6
47 6
47 6
47 6
47 6
47 6
47 6
47 6
47 6
47 6
47 6
47 6
47 6
47 6
47 6
54 5
54 5
54 5
54 5
54 5
54 5
54 5
54 5
54 5
54 5
54 5
54 5
54 5
54 5
54 5
54 5
54 5
54 5
54 5
54 5
54 5
54 5
54 5
54 5
54 5
54 5
54 5
54 5
54 5
54 5
54 5
54 5
54 5
54 5
54 5
54 5
54 5
54 5
54 5
54 5
54 5
54 5
54 5
54 5
54 5
54 5
53 1
53 1
53 1
53 1
53 1
53 1
53 1
53 1
53 1
53 1
53 1
53 1
53 1
53 1
53 1
53 1
53 1
53 1
56 -1
56 -1
56 -1
56 -1
56 -1
56 -1
56 -1
56 -1
56 -1
56 -1
56 -1
56 -1
56 -1
56 -1
56 -1
56 -1
56 -1
56 -1
56 -1
56 -1
56 -1
56 -1
56 -1
56 -1
56 -1
56 -1
56 -1
56 -1
56 -1
56 -1
56 -1
56 -1
56 -1
56 -1
56 -1
56 -1
56 -1
56 -1
56 -1
56 -1
56 -1
56 -1
56 -1
56 -1
56 -1
56 -1
56 -1
61 1
61 1
61 1
61 1
61 1
61 1
61 1
61 1
61 1
61 1
61 1
61 1
61 1
61 1
61 1
61 1
61 1
61 1
61 1
61 1
61 1
61 1
61 1
61 1
61 1
61 1
61 1
61 1
61 1
61 1
61 1
61 1
61 1
61 1
61 1
61 1
61 1
61 1
61 1
61 1
61 1
61 1
61 1
61 1
61 1
61 1
61 1
58 -1
56 -4
56 -4
56 -4
56 -4
56 -4
56 -4
56 -4
56 -4
56 -4
56 -4
56 -4
56 -4
56 -4
56 -4
56 -4
56 -4
56 -4
56 -4
56 -4
56 -4
56 -4
56 -4
56 -4
56 -4
56 -4
56 -4
56 -4
56 -4
56 -4
56 -4
56 -4
56 -4
56 -4
56 -4
56 -4
56 -4
56 -4
56 -4
56 -4
56 -4
56 -4
56 -4
56 -4
56 -4
56 -4
56 -4
56 -4
53 -8
53 -8
53 -8
53 -8
53 -8
53 -8
53 -8
53 -8
53 -8
53 -8
53 -8
53 -8
53 -8
53 -8
53 -8
53 -8
53 -8
53 -8
53 -8
53 -8
53 -8
53 -8
53 -8
53 -8
53 -8
53 -8
53 -5
53 -5
53 -5
53 -5
53 -5
53 -5
53 -5
53 -5
53 -5
53 -5
53 -5
53 -5
53 -5
53 -5
53 -5
53 -5
53 -5
53 -5
53 -5
53 -5
53 -5
53 -5
53 -5
52 -10
52 -10
52 -10
52 -10
52 -10
52 -10
52 -10
52 -10
52 -10
52 -10
52 -10
52 -10
52 -10
52 -10
52 -10
52 -10
52 -10
52 -10
52 -10
52 -10
52 -10
52 -10
52 -10
52 -10
52 -10
52 -10
52 -10
52 -10
52 -10
52 -10
52 -10
52 -10
52 -10
52 -10
52 -10
52 -10
52 -10
52 -10
52 -10
52 -10
52 -10
52 -10
52 -10
52 -10
52 -10
52 -10
58 -9
58 -9
58 -9
58 -9
58 -9
58 -9
58 -9
58 -9
58 -9
58 -9
58 -9
58 -9
58 -9
58 -9
58 -9
58 -9
58 -9
58 -9
58 -9
58 -9
58 -9
58 -9
58 -9
58 -9
58 -9
58 -9
58 -9
58 -9
58 -9
58 -9
58 -9
58 -9
58 -9
58 -9
58 -9
58 -9
58 -9
58 -9
58 -9
58 -9
58 -9
58 -9
59 -16
59 -16
59 -16
59 -16
59 -16
59 -16
59 -16
59 -16
59 -16
59 -16
59 -16
59 -16
59 -16
59 -16
59 -16
59 -16
59 -16
59 -16
59 -16
59 -16
59 -16
59 -16
59 -16
59 -16
59 -16
59 -16
59 -16
59 -16
59 -16
59 -16
59 -16
59 -16
59 -16
59 -16
59 -16
59 -16
59 -16
59 -16
59 -16
59 -16
59 -16
59 -16
59 -16
59 -16
59 -16
59 -16
59 -16
59 -16
59 -16
59 -16
59 -16
59 -16
59 -16
70 -24
70 -24
70 -24
70 -24
70 -24
70 -24
70 -24
70 -24
70 -24
70 -24
70 -24
70 -24
70 -24
70 -24
70 -24
70 -24
70 -24
70 -24
70 -24
70 -24
70 -24
70 -24
70 -24
70 -24
70 -24
70 -24
70 -24
70 -24
70 -24
70 -24
70 -24
70 -24
70 -24
70 -24
70 -24
70 -24
70 -24
70 -24
70 -24
70 -24
70 -24
70 -24
70 -24
70 -24
70 -24
70 -24
70 -24
70 -24
70 -24
70 -24
70 -24
70 -24
70 -24
70 -24
70 -24
70 -24
70 -24
70 -24
70 -24
70 -24
70 -24
70 -24
70 -24
70 -24
70 -24
70 -24
70 -24
70 -24
70 -24
70 -24
70 -24
70 -24
70 -24
70 -24
70 -24
70 -24
67 -26
67 -26
67 -26
67 -26
67 -26
67 -26
67 -26
67 -26
67 -26
67 -26
67 -26
67 -26
67 -26
67 -26
67 -26
67 -26
67 -26
67 -26
67 -26
67 -26
67 -26
67 -26
67 -26
67 -26
67 -26
67 -26
67 -26
67 -26
67 -26
67 -26
67 -26
67 -26
67 -26
67 -26
67 -26
67 -26
67 -26
67 -26
67 -26
67 -26
67 -26
67 -26
67 -26
67 -26
67 -26
67 -26
62 -32
62 -32
62 -32
62 -32
62 -32
62 -32
62 -32
62 -32
62 -32
62 -32
62 -32
62 -32
62 -32
62 -32
62 -32
62 -32
62 -32
62 -32
62 -32
62 -32
62 -32
62 -32
62 -36
62 -36
62 -36
62 -36
62 -36
62 -36
62 -36
62 -36
62 -36
62 -36
62 -36
62 -36
62 -36
62 -36
62 -36
62 -36
62 -36
62 -36
62 -36
62 -36
62 -36
62 -36
62 -36
62 -36
55 -29
55 -29
55 -29
55 -29
55 -29
55 -29
55 -29
55 -29
55 -29
55 -29
55 -29
55 -29
55 -29
55 -29
55 -29
55 -29
55 -29
55 -29
55 -29
55 -29
55 -29
55 -29
55 -29
55 -29
55 -29
55 -29
55 -29
55 -29
55 -29
55 -29
55 -29
55 -29
55 -29
55 -29
55 -29
55 -29
55 -29
55 -29
55 -29
55 -29
55 -29
55 -29
55 -29
55 -29
55 -29
55 -29
55 -29
55 -29
55 -29
55 -29
55 -29
55 -29
55 -29
55 -29
55 -29
55 -29
55 -29
55 -29
55 -29
55 -29
55 -29
55 -29
55 -29
55 -29
55 -29
55 -29
55 -29
55 -29
55 -29
55 -29
55 -29
55 -29
55 -29
55 -29
55 -29
55 -29
55 -29
55 -29
55 -29
55 -29
55 -29
55 -29
55 -29
55 -29
55 -29
55 -29
55 -29
55 -29
55 -29
55 -29
55 -29
55 -29
55 -29
55 -29
55 -29
55 -29
55 -29
43 -43
43 -43
43 -43
43 -43
43 -43
43 -43
43 -43
43 -43
43 -43
43 -43
43 -43
43 -43
43 -43
43 -43
43 -43
43 -43
43 -43
43 -43
43 -43
43 -43
43 -43
43 -43
43 -43
43 -43
43 -43
43 -43
43 -43
43 -43
43 -43
43 -43
43 -43
43 -43
43 -43
43 -43
43 -43
36 -50
36 -50
36 -50
36 -50
36 -50
36 -50
36 -50
36 -50
36 -50
36 -50
36 -50
36 -50
36 -50
36 -50
36 -50
36 -50
36 -50
36 -50
36 -50
36 -50
36 -50
36 -50
32 -55
32 -55
32 -55
32 -55
32 -55
32 -55
32 -55
32 -55
32 -55
32 -55
32 -55
32 -55
32 -55
32 -55
32 -55
32 -55
32 -55
32 -55
32 -55
32 -55
32 -55
32 -55
32 -55
32 -55
31 -64
31 -64
31 -64
31 -64
31 -64
31 -64
31 -64
31 -64
31 -64
31 -64
31 -64
31 -64
31 -64
31 -64
31 -64
31 -64
31 -64
31 -64
31 -64
31 -64
31 -64
31 -64
31 -64
31 -64
31 -64
31 -64
31 -64
31 -64
31 -64
31 -64
31 -64
31 -64
31 -64
31 -64
31 -64
31 -64
31 -64
31 -64
31 -64
31 -64
31 -64
31 -64
31 -64
31 -64
31 -64
31 -64
31 -64
31 -64
28 -59
28 -59
28 -59
28 -59
28 -59
28 -59
28 -59
28 -59
28 -59
28 -59
28 -59
28 -59
28 -59
28 -59
28 -59
28 -59
28 -59
28 -59
28 -59
28 -59
25 -63
25 -63
25 -63
25 -63
25 -63
25 -63
25 -63
25 -63
25 -63
25 -63
25 -63
25 -63
25 -63
25 -63
25 -63
25 -63
25 -63
25 -63
25 -63
25 -63
25 -63
25 -63
25 -63
25 -63
25 -63
25 -63
25 -63
25 -63
25 -63
25 -63
25 -63
25 -63
25 -63
25 -63
25 -63
25 -63
25 -63
25 -63
25 -63
25 -67
25 -67
25 -67
25 -67
25 -67
25 -67
25 -67
25 -67
25 -67
25 -67
25 -67
25 -67
25 -67
25 -67
25 -67
25 -67
25 -67
25 -67
25 -67
25 -67
25 -67
25 -67
25 -67
25 -67
25 -67
25 -67
25 -67
25 -67
25 -67
25 -67
25 -67
25 -67
25 -67
25 -67
25 -67
25 -67
25 -67
25 -67
25 -67
25 -67
25 -67
25 -67
25 -67
25 -67
25 -67
25 -67
25 -67
25 -67
25 -67
22 -62
21 -77
21 -77
21 -77
21 -77
21 -77
21 -77
21 -77
21 -77
21 -77
21 -77
21 -77
21 -77
21 -77
21 -77
21 -77
21 -77
21 -77
21 -77
21 -77
21 -77
21 -77
21 -77
21 -77
21 -77
21 -77
21 -77
21 -77
21 -77
21 -77
21 -77
21 -77
21 -77
21 -77
21 -77
21 -77
21 -77
21 -77
21 -77
21 -77
21 -77
21 -77
21 -77
21 -77
21 -77
21 -77
21 -77
21 -77
15 -63
15 -63
15 -63
15 -63
15 -63
15 -63
15 -63
15 -63
15 -63
15 -63
15 -63
15 -63
15 -63
15 -63
15 -63
15 -63
15 -63
15 -63
15 -63
15 -63
15 -63
15 -63
15 -63
15 -63
15 -64
15 -64
15 -64
15 -64
15 -64
15 -64
15 -64
15 -64
15 -64
15 -64
15 -64
15 -64
15 -64
15 -64
15 -64
15 -64
15 -64
15 -64
15 -64
15 -64
15 -64
12 -65
12 -65
12 -65
12 -65
12 -65
12 -65
12 -65
12 -65
12 -65
12 -65
12 -65
12 -65
12 -65
12 -65
12 -65
12 -65
12 -65
12 -65
12 -65
12 -65
12 -65
12 -65
12 -65
12 -65
12 -65
12 -65
12 -65
12 -65
12 -65
12 -65
12 -65
12 -65
12 -65
12 -65
12 -65
12 -65
12 -65
12 -65
12 -65
12 -65
12 -65
12 -65
12 -65
12 -65
12 -65
12 -65
12 -65
12 -65
12 -65
12 -65
16 -69
16 -69
16 -69
16 -69
16 -69
16 -69
16 -69
16 -69
16 -69
16 -69
16 -69
16 -69
16 -69
16 -69
16 -69
16 -69
16 -69
16 -69
16 -69
16 -69
16 -69
16 -69
16 -69
16 -69
16 -69
16 -69
16 -69
16 -69
16 -69
16 -69
16 -69
16 -69
16 -69
16 -69
16 -69
16 -69
16 -69
16 -69
16 -69
16 -69
16 -69
16 -69
16 -69
16 -69
16 -69
16 -69
7 -71
7 -71
7 -71
7 -71
7 -71
7 -71
7 -71
7 -71
7 -71
7 -71
7 -71
7 -71
7 -71
7 -71
8 -67
8 -67
8 -67
8 -67
8 -67
8 -67
8 -67
8 -67
8 -67
8 -67
8 -67
8 -67
8 -67
8 -67
8 -67
8 -67
8 -70
8 -70
8 -70
8 -70
8 -70
8 -70
8 -70
8 -70
8 -70
8 -70
8 -70
8 -70
8 -70
8 -70
8 -70
8 -70
8 -70
8 -70
8 -70
8 -70
8 -70
8 -70
8 -70
8 -70
8 -70
8 -70
8 -70
8 -70
8 -70
8 -70
8 -70
8 -70
4 -67
4 -67
4 -67
4 -67
4 -67
4 -67
4 -67
4 -67
4 -67
4 -67
4 -67
4 -67
4 -67
4 -67
4 -67
4 -67
4 -67
4 -67
4 -67
3 -66
3 -66
3 -66
3 -66
3 -66
3 -66
3 -66
3 -66
3 -66
3 -66
3 -66
3 -66
3 -66
3 -66
3 -66
3 -66
3 -66
3 -66
3 -66
3 -66
3 -66
3 -66
3 -66
3 -66
3 -66
3 -66
3 -66
3 -66
3 -66
3 -66
3 -66
3 -66
3 -66
3 -66
3 -66
3 -66
0 -65
0 -65
0 -65
0 -65
0 -65
0 -65
0 -65
0 -65
0 -65
0 -65
0 -65
0 -65
0 -65
0 -65
0 -65
0 -65
-6 -65
-6 -65
-6 -65
-6 -65
-6 -65
-6 -65
-6 -65
-6 -65
-6 -65
-6 -65
-6 -65
-6 -65
-6 -65
-6 -65
-6 -65
-6 -63
-6 -63
-6 -63
-6 -63
-6 -63
-6 -63
-6 -63
-6 -63
-6 -63
-6 -63
-6 -63
-6 -63
-6 -63
-6 -63
-6 -63
-6 -63
-6 -63
-6 -63
-6 -63
-6 -63
-6 -63
-6 -63
-6 -63
-6 -63
-6 -63
-6 -63
-6 -63
-6 -63
-6 -63
-6 -63
-6 -63
-6 -63
-6 -63
-6 -63
-6 -63
-6 -63
-6 -63
-6 -63
-6 -63
-6 -63
-6 -63
-6 -63
-6 -63
-6 -63
-6 -63
-6 -63
-6 -63
-6 -63
-6 -63
-6 -63
-6 -63
-6 -63
-5 -60
-4 -58
-4 -58
-4 -58
-4 -58
-4 -58
-4 -58
-4 -58
-4 -58
-4 -58
-4 -58
-4 -58
-4 -58
-4 -58
-4 -58
-4 -58
-4 -58
-4 -58
-4 -58
-4 -58
-4 -58
-4 -58
-4 -58
-4 -58
-4 -58
-4 -58
-4 -58
-4 -58
-4 -58
-4 -58
-4 -58
-4 -58
-12 -57
-12 -57
-12 -57
-12 -57
-12 -57
-12 -57
-12 -57
-12 -57
-12 -57
-12 -57
-12 -57
-12 -57
-12 -57
-12 -57
-12 -57
-12 -57
-12 -57
-12 -57
-14 -56
-14 -56
-14 -56
-14 -56
-14 -56
-14 -56
-14 -56
-14 -56
-14 -56
-14 -56
-14 -56
-14 -56
-14 -56
-14 -56
-14 -56
-14 -56
-14 -56
-14 -56
-17 -55
-17 -55
-17 -55
-17 -55
-17 -55
-17 -55
-17 -55
-17 -55
-17 -55
-17 -55
-17 -55
-17 -55
-17 -55
-17 -55
-17 -55
-17 -55
-17 -55
-17 -55
-17 -55
-17 -55
-17 -55
-17 -55
-17 -55
-17 -55
-17 -55
-17 -55
-17 -55
-17 -55
-17 -55
-17 -55
-17 -55
-17 -55
-17 -55
-15 -56
-15 -56
-15 -56
-15 -56
-15 -56
-15 -56
-15 -56
-15 -56
-15 -56
-15 -56
-15 -56
-15 -56
-15 -56
-15 -56
-15 -56
-15 -56
-22 -57
-22 -57
-22 -57
-22 -57
-22 -57
-22 -57
-22 -57
-22 -57
-22 -57
-22 -57
-22 -57
-22 -57
-22 -57
-22 -57
-22 -57
-22 -57
-22 -57
-22 -57
-22 -57
-22 -57
-22 -57
-22 -57
-22 -57
-22 -57
-22 -57
-22 -57
-22 -57
-22 -57
-22 -57
-22 -57
-22 -57
-22 -57
-22 -57
-22 -57
-22 -57
-22 -57
-22 -57
-22 -57
-22 -57
-22 -57
-22 -57
-22 -57
-22 -57
-22 -57
-22 -57
-22 -57
-22 -57
-22 -57
-22 -57
-22 -57
-22 -57
-22 -57
-22 -57
-22 -57
-23 -60
-23 -60
-23 -60
-23 -60
-23 -60
-23 -60
-23 -60
-23 -60
-23 -60
-23 -60
-23 -60
-23 -60
-23 -60
-23 -60
-23 -60
-23 -60
-23 -60
-23 -60
-23 -60
-23 -60
-23 -60
-23 -60
-23 -60
-23 -60
-23 -60
-23 -60
-23 -60
-23 -60
-23 -60
-23 -60
-23 -60
-23 -60
-23 -60
-23 -60
-23 -60
-23 -60
-23 -60
-20 -58
-20 -58
-20 -58
-20 -58
-20 -58
-20 -58
-20 -58
-20 -58
-20 -58
-20 -58
-20 -58
-20 -58
-20 -58
-20 -58
-20 -58
-20 -58
-20 -58
-20 -58
-20 -58
-20 -58
-20 -58
-20 -58
-20 -58
-20 -58
-20 -58
-20 -58
-20 -58
-20 -58
-20 -58
-20 -58
-20 -58
-20 -58
-20 -58
-20 -58
-24 -54
-24 -54
-24 -54
-24 -54
-24 -54
-24 -54
-24 -54
-24 -54
-24 -54
-24 -54
-24 -54
-24 -54
-24 -54
-24 -54
-24 -54
-24 -54
-24 -54
-24 -54
-23 -47
-23 -47
-23 -47
-23 -47
-23 -47
-23 -47
-23 -47
-23 -47
-23 -47
-23 -47
-23 -47
-23 -47
-23 -47
-23 -47
-23 -47
-23 -47
-23 -47
-23 -47
-23 -47
-23 -47
-23 -47
-23 -47
-23 -47
-23 -47
-23 -47
-23 -47
-23 -47
-23 -47
-23 -47
-23 -47
-23 -47
-23 -47
-23 -47
-23 -47
-23 -47
-31 -47
-31 -47
-31 -47
-31 -47
-31 -47
-31 -47
-31 -47
-31 -47
-31 -47
-31 -47
-31 -47
-31 -47
-31 -47
-31 -47
-31 -47
-31 -47
-31 -47
-31 -47
-31 -47
-31 -47
-31 -47
-31 -47
-31 -47
-31 -47
-31 -47
-30 -48
-30 -48
-30 -48
-30 -48
-30 -48
-30 -48
-30 -48
-30 -48
-30 -48
-30 -48
-30 -48
-30 -48
-30 -48
-30 -48
-26 -47
-26 -47
-26 -47
-26 -47
-26 -47
-26 -47
-26 -47
-26 -47
-26 -47
-26 -47
-26 -47
-26 -47
-26 -47
-26 -47
-26 -47
-26 -47
-26 -47
-26 -47
-33 -50
-33 -50
-33 -50
-33 -50
-33 -50
-33 -50
-33 -50
-33 -50
-33 -50
-33 -50
-33 -50
-33 -50
-33 -50
-33 -50
-33 -50
-39 -44
-39 -44
-39 -44
-39 -44
-39 -44
-39 -44
-39 -44
-39 -44
-39 -44
-39 -44
-39 -44
-39 -44
-39 -44
-39 -44
-39 -44
-39 -44
-39 -44
-39 -44
-39 -44
-39 -44
-39 -44
-39 -44
-39 -44
-39 -44
-39 -44
-39 -44
-39 -44
-39 -44
-39 -44
-39 -44
-39 -44
-39 -44
-39 -44
-39 -44
-39 -44
-39 -44
-39 -44
-39 -44
-39 -44
-39 -44
-39 -44
-39 -44
-39 -44
-39 -44
-39 -44
-39 -44
-39 -44
-39 -44
-39 -44
-39 -44
-39 -44
-39 -44
-39 -44
-39 -44
-33 -51
-38 -48
-38 -48
-38 -48
-38 -48
-38 -48
-38 -48
-38 -48
-38 -48
-38 -48
-38 -48
-38 -48
-38 -48
-38 -48
-38 -48
-38 -48
-38 -48
-38 -48
-38 -48
-38 -48
-38 -48
-38 -48
-38 -48
-38 -48
-38 -48
-38 -48
-38 -48
-38 -48
-38 -48
-38 -48
-38 -48
-38 -48
-38 -48
-56 -50
-56 -50
-56 -50
-56 -50
-56 -50
-56 -50
-56 -50
-56 -50
-56 -50
-56 -50
-56 -50
-56 -50
-56 -50
-56 -50
-56 -50
-56 -50
-53 -36
-53 -36
-53 -36
-53 -36
-53 -36
-53 -36
-53 -36
-53 -36
-53 -36
-53 -36
-53 -36
-53 -36
-53 -36
-53 -36
-53 -36
-53 -36
-53 -36
-66 -38
-66 -38
-66 -38
-66 -38
-66 -38
-66 -38
-66 -38
-66 -38
-66 -38
-66 -38
-66 -38
-66 -38
-66 -38
-66 -38
-66 -38
-66 -38
-66 -38
-66 -38
-66 -38
-66 -38
-66 -38
-66 -38
-66 -38
-66 -38
-66 -38
-66 -38
-66 -38
-66 -38
-66 -38
-66 -38
-66 -38
-66 -38
-66 -38
-66 -38
-66 -38
-66 -38
-66 -38
-66 -38
-66 -38
-66 -38
-66 -38
-66 -38
-66 -38
-66 -38
-66 -38
-66 -38
-66 -38
-66 -38
-66 -38
-66 -38
-66 -38
-66 -38
-66 -38
-66 -38
-70 -34
-69 -34
-69 -34
-69 -34
-69 -34
-69 -34
-69 -34
-69 -34
-69 -34
-69 -34
-69 -34
-69 -34
-69 -34
-69 -34
-69 -34
-69 -34
-69 -34
-69 -34
-69 -34
-69 -34
-69 -34
-69 -34
-69 -34
-69 -34
-69 -34
-69 -34
-69 -34
-69 -34
-69 -34
-74 -33
-74 -33
-74 -33
-74 -33
-74 -33
-74 -33
-74 -33
-74 -33
-74 -33
-74 -33
-74 -33
-74 -33
-74 -33
-75 -28
-75 -28
-75 -28
-75 -28
-75 -28
-75 -28
-75 -28
-75 -28
-75 -28
-75 -28
-75 -28
-75 -28
-75 -28
-75 -28
-75 -28
-75 -28
-75 -28
-75 -28
-76 -21
-76 -21
-76 -21
-76 -21
-76 -21
-76 -21
-76 -21
-76 -21
-76 -21
-76 -21
-76 -21
-76 -21
-76 -21
-76 -21
-76 -21
-76 -21
-76 -21
-76 -21
-76 -21
-76 -21
-76 -21
-76 -21
-76 -21
-76 -21
-76 -21
-76 -21
-76 -21
-76 -21
-76 -21
-76 -21
-76 -21
-76 -21
-76 -21
-76 -21
-76 -21
-76 -21
-76 -21
-76 -21
-76 -21
-76 -21
-76 -21
-76 -21
-76 -21
-76 -21
-76 -21
-76 -21
-76 -21
-76 -21
-76 -21
-76 -21
-76 -21
-76 -21
-76 -21
-76 -21
-76 -21
-76 -21
-76 -21
-76 -21
-76 -21
-76 -21
-76 -21
-76 -21
-76 -21
-76 -21
-76 -21
-76 -21
-76 -21
-76 -21
-76 -21
-76 -21
-76 -21
-76 -21
-76 -21
-76 -21
-76 -21
-76 -21
-76 -21
-76 -21
-76 -21
-76 -21
-76 -21
-76 -21
-76 -21
-76 -21
-76 -21
-76 -21
-76 -21
-76 -21
-76 -21
-76 -21
-76 -21
-76 -21
-76 -21
-76 -21
-76 -21
-76 -21
-76 -21
-76 -21
-76 -21
-76 -21
-76 -21
-76 -21
-76 -21
-76 -21
-76 -21
-76 -21
-76 -21
-76 -21
-76 -21
-76 -21
-76 -21
-76 -21
-76 -21
-76 -21
-76 -21
-76 -21
-76 -21
-76 -21
-76 -21
-76 -21
-76 -21
-76 -21
-76 -21
-76 -21
-76 -21
-76 -21
-76 -21
-76 -21
-76 -21
-76 -21
-76 -21
-76 -21
-76 -21
-70 -14
-74 -13
-74 -13
-74 -13
-74 -13
-74 -13
-74 -13
-74 -13
-74 -13
-74 -13
-74 -13
-74 -13
-74 -13
-74 -13
-74 -13
-74 -13
-68 -7
-68 -7
-68 -7
-68 -7
-68 -7
-68 -7
-68 -7
-68 -7
-68 -7
-68 -7
-68 -7
-68 -7
-68 -7
-68 -7
-68 -7
-68 -7
-68 -7
-78 -5
-78 -5
-78 -5
-78 -5
-78 -5
-78 -5
-78 -5
-78 -5
-78 -5
-78 -5
-78 -5
-78 -5
-78 -5
-78 -5
-78 -5
-78 -5
-78 -5
-78 -5
-77 1
-85 -1
-85 -1
-85 -1
-85 -1
-85 -1
-85 -1
-85 -1
-85 -1
-85 -1
-85 -1
-85 -1
-85 -1
-85 -1
-85 -1
-85 -1
-85 -1
-85 -1
-85 -1
-85 -1
-85 -1
-85 -1
-85 -1
-85 -1
-85 -1
-85 -1
-85 -1
-85 -1
-85 -1
-85 -1
-85 -1
-85 -1
-85 -1
-85 -1
-90 1
-90 1
-90 1
-90 1
-90 1
-90 1
-90 1
-90 1
-90 1
-90 1
-90 1
-90 1
-90 1
-90 1
-90 1
-90 1
-90 1
-90 1
-81 2
-81 2
-81 2
-81 2
-81 2
-81 2
-81 2
-81 2
-81 2
-81 2
-81 2
-81 2
-81 2
-81 2
-81 2
-96 2
-96 2
-96 2
-96 2
-96 2
-96 2
-96 2
-96 2
-96 2
-96 2
-96 2
-96 2
-96 2
-96 2
-96 2
-96 2
-96 2
-96 2
-96 2
-96 2
-96 2
-96 2
-96 2
-96 2
-96 2
-96 2
-96 2
-96 2
-96 2
-96 2
-96 2
-96 2
-96 2
-96 2
-96 2
-92 5
-92 5
-92 5
-92 5
-92 5
-92 5
-92 5
-92 5
-92 5
-92 5
-92 5
-92 5
-92 5
-92 5
-92 5
-92 5
-92 5
-92 5
-85 9
-85 9
-85 9
-85 9
-85 9
-85 9
-85 9
-85 9
-85 9
-85 9
-85 9
-85 9
-85 9
-85 9
-85 9
-85 9
-85 9
-85 9
-85 9
-85 9
-85 9
-85 9
-85 9
-85 9
-85 9
-85 9
-85 9
-85 9
-85 9
-85 9
-85 9
-85 9
-85 9
-85 9
-85 9
-85 9
-85 9
-85 9
-85 9
-85 9
-85 9
-85 9
-85 9
-85 9
-85 9
-85 9
-85 9
-85 9
-85 9
-85 9
-85 9
-85 9
-89 16
-89 16
-89 16
-89 16
-89 16
-89 16
-89 16
-89 16
-89 16
-89 16
-89 16
-89 16
-89 16
-89 16
-89 16
-89 16
-89 16
-89 16
-89 16
-89 16
-89 16
-89 16
-89 16
-89 16
-89 16
-89 16
-89 16
-89 16
-89 16
-89 16
-89 16
-89 16
-89 16
-89 16
-89 16
-89 16
-89 16
-89 16
-89 16
-89 16
-89 16
-89 16
-89 16
-89 16
-89 16
-89 16
-89 16
-89 16
-89 16
-89 16
-79 31
-79 31
-79 31
-79 31
-79 31
-79 31
-79 31
-79 31
-79 31
-79 31
-79 31
-79 31
-79 31
-79 31
-73 33
-73 33
-73 33
-73 33
-73 33
-73 33
-73 33
-73 33
-73 33
-73 33
-73 33
-73 33
-73 33
-73 33
-73 33
-73 33
-73 33
-73 33
-73 33
-73 33
-73 33
-73 33
-73 33
-73 33
-73 33
-73 33
-73 33
-73 33
-73 33
-73 33
-73 33
-73 33
-73 33
-73 33
-73 33
-73 33
-73 33
-73 33
-73 33
-73 33
-73 33
-73 33
-73 33
-73 33
-73 33
-73 33
-73 33
-73 33
-73 33
-73 33
-73 33
-74 29
-77 43
-77 43
-77 43
-77 43
-77 43
-77 43
-77 43
-77 43
-77 43
-77 43
-77 43
-77 43
-77 43
-77 43
-77 43
-77 43
-77 43
-77 43
-77 43
-77 43
-77 43
-77 43
-77 43
-77 43
-77 43
-77 43
-77 43
-77 43
-77 43
-77 43
-77 43
-77 43
-77 43
-77 43
-77 43
-77 43
-77 43
-77 43
-77 43
-77 43
-77 43
-77 43
-77 43
-77 43
-77 43
-77 43
-74 44
-69 50
-69 50
-69 50
-69 50
-69 50
-69 50
-69 50
-69 50
-69 50
-69 50
-69 50
-69 50
-69 50
-69 50
-69 50
-69 50
-69 50
-69 50
-61 53
-61 53
-61 53
-61 53
-61 53
-61 53
-61 53
-61 53
-61 53
-61 53
-61 53
-61 53
-61 53
-61 53
-61 53
-61 53
-61 53
-61 53
-61 53
-61 53
-61 53
-61 53
-61 53
-61 53
-61 53
-61 53
-61 53
-61 53
-61 53
-61 53
-61 53
-61 53
-64 52
-64 52
-64 52
-64 52
-64 52
-64 52
-64 52
-64 52
-64 52
-64 52
-64 52
-64 52
-64 52
-64 52
-64 52
-64 52
-64 52
-64 52
-64 52
-64 52
-64 52
-64 52
-64 52
-64 52
-64 52
-64 52
-64 52
-64 52
-64 52
-64 52
-64 52
-64 52
-64 52
-64 52
-64 52
-64 52
-64 52
-64 52
-64 52
-56 67
-56 67
-56 67
-56 67
-56 67
-56 67
-56 67
-56 67
-56 67
-56 67
-56 67
-56 67
-56 67
-56 67
-56 67
-56 67
-56 67
-56 67
-56 67
-56 67
-56 67
-56 67
-56 67
-56 67
-56 67
-56 67
-56 67
-56 67
-56 67
-56 67
-56 67
-56 67
-56 67
-56 67
-56 67
-56 67
-57 60
-57 60
-57 60
-57 60
-57 60
-57 60
-57 60
-57 60
-57 60
-57 60
-57 60
-57 60
-57 60
-57 60
-57 60
-57 60
-57 60
-57 60
-57 60
-57 60
-57 60
-57 60
-57 60
-57 60
-57 60
-57 60
-57 60
-57 60
-57 60
-57 60
-57 60
-57 60
-57 60
-57 60
-57 60
-57 60
-57 60
-57 60
-57 60
-57 60
-57 60
-57 60
-57 60
-57 60
-57 60
-57 60
-57 60
-57 60
-57 60
-57 60
-57 60
-57 60
-57 60
-57 60
-57 60
-53 77
-49 77
-49 77
-49 77
-49 77
-49 77
-49 77
-49 77
-49 77
-49 77
-49 77
-49 77
-49 77
-49 77
-49 77
-49 77
-49 77
-49 77
-49 77
-49 77
-49 77
-41 77
-41 77
-41 77
-41 77
-41 77
-41 77
-41 77
-41 77
-41 77
-41 77
-41 77
-41 77
-41 77
-41 77
-41 77
-41 77
-41 77
-41 77
-41 77
-41 77
-41 77
-41 77
-41 77
-41 77
-41 77
-41 77
-41 77
-41 77
-41 77
-41 77
-41 77
-41 77
-41 77
-41 77
-43 69
-43 69
-43 69
-43 69
-43 69
-43 69
-43 69
-43 69
-43 69
-43 69
-43 69
-43 69
-43 69
-43 69
-43 69
-43 69
-43 69
-43 69
-43 69
-43 69
-43 69
-43 69
-43 69
-43 69
-43 69
-43 69
-43 69
-43 69
-43 69
-43 69
-43 69
-43 69
-43 69
-43 69
-43 69
-43 69
-43 69
-43 69
-43 69
-43 69
-43 69
-43 69
-43 69
-43 69
-43 69
-43 69
-43 69
-43 69
-43 69
-43 69
-43 69
-43 69
-36 69
-33 78
-33 78
-33 78
-33 78
-33 78
-33 78
-33 78
-33 78
-33 78
-33 78
-33 78
-33 78
-33 78
-33 78
-33 78
-33 78
-32 79
-32 79
-32 79
-32 79
-32 79
-32 79
-32 79
-32 79
-32 79
-32 79
-32 79
-32 79
-32 79
-32 79
-32 79
-32 79
-32 79
-32 79
-26 71
-26 71
-26 71
-26 71
-26 71
-26 71
-26 71
-26 71
-26 71
-26 71
-26 71
-26 71
-26 71
-26 71
-26 71
-26 71
-26 71
-26 71
-26 71
-24 73
-24 73
-24 73
-24 73
-24 73
-24 73
-24 73
-24 73
-24 73
-24 73
-24 73
-24 73
-24 73
-24 73
-24 73
-24 73
-24 73
-24 73
-24 73
-24 73
-24 73
-24 73
-24 73
-24 73
-24 73
-24 73
-24 73
-24 73
-24 73
-24 73
-24 73
-24 73
-24 73
-24 73
-24 73
-24 73
-24 73
-24 73
-24 73
-24 73
-24 73
-24 73
-24 73
-24 73
-24 73
-24 73
-24 73
-24 73
-24 73
-24 73
-24 73
-24 73
-24 73
-11 77
-9 67
-9 67
-9 67
-9 67
-9 67
-9 67
-9 67
-9 67
-9 67
-9 67
-9 67
-9 67
-9 67
-9 67
-9 67
-9 67
-9 67
-9 67
-9 67
-9 67
-9 67
-9 67
-9 67
-9 67
-9 67
-9 67
-9 67
-9 67
-9 67
-7 74
-7 74
-7 74
-7 74
-7 74
-7 74
-7 74
-7 74
-7 74
-7 74
-7 74
-7 74
-7 74
-7 74
-6 64
-6 64
-6 64
-6 64
-6 64
-6 64
-6 64
-6 64
-6 64
-6 64
-6 64
-6 64
-6 64
-6 64
-6 64
-6 64
-6 64
-6 64
-6 64
-6 64
-6 64
-6 64
-6 64
-6 64
-6 64
-6 64
-6 64
-6 64
-6 64
-6 64
-6 64
-6 64
-6 64
-6 64
-6 64
-6 64
-6 64
-6 64
-6 64
-6 64
-6 64
-6 64
-6 64
-6 64
-6 64
-6 64
-6 64
-6 64
-6 64
-6 64
-6 64
-6 64
-6 64
-6 64
-6 64
-6 64
-6 64
-6 64
-6 64
-6 64
-6 64
-6 64
-4 66
-5 55
-5 55
-5 55
-5 55
-5 55
-5 55
-5 55
-5 55
-5 55
-5 55
-5 55
-5 55
-5 55
-5 55
-5 55
-5 55
-5 55
-5 55
-5 55
-5 55
-5 55
-5 55
-5 55
-5 55
-5 55
-5 55
-5 55
-5 55
-5 55
-5 55
-5 55
-5 55
-5 55
-5 55
-5 55
-5 55
-5 55
-1 52
1 53
1 53
1 53
1 53
1 53
1 53
1 53
1 53
1 53
1 53
1 53
1 53
1 53
1 53
1 53
1 53
1 53
1 53
1 53
1 53
1 53
1 53
1 53
1 53
1 53
1 53
1 53
1 53
1 53
1 53
1 53
2 44
2 44
2 44
2 44
2 44
2 44
2 44
2 44
2 44
2 44
2 44
2 44
2 44
2 44
2 44
2 44
4 39
4 39
4 39
4 39
4 39
4 39
4 39
4 39
4 39
4 39
4 39
4 39
4 39
4 39
4 39
4 39
4 39
4 39
4 39
4 39
4 39
4 39
4 39
4 39
4 39
4 39
4 39
4 39
4 39
4 39
6 34
6 34
6 34
6 34
6 34
6 34
6 34
6 34
6 34
6 34
6 34
6 34
6 34
6 34
6 34
6 34
6 34
6 34
6 34
6 34
6 34
6 34
6 34
6 34
6 34
6 34
6 34
6 34
6 34
6 34
6 34
6 34
6 34
6 34
6 34
6 34
6 29
6 23
6 23
6 23
6 23
6 23
6 23
6 23
6 23
6 23
6 23
6 23
6 23
6 23
6 23
6 23
6 23
6 23
6 23
6 23
6 23
6 23
6 23
6 23
6 23
6 23
6 23
6 23
6 23
6 23
6 23
6 23
6 23
6 23
6 23
6 23
5 16
5 16
5 16
5 16
5 16
5 16
5 16
5 16
5 16
5 16
5 16
5 16
5 16
5 16
5 16
5 16
5 16
5 16
5 16
5 16
5 16
4 11
4 11
4 11
4 11
4 11
4 11
4 11
4 11
4 11
4 11
4 11
4 11
4 11
4 11
4 11
4 11
4 11
4 11
4 11
4 11
4 11
2 5
2 5
2 5
2 5
2 5
2 5
2 5
2 5
2 5
2 5
2 5
2 5
2 5
2 5
2 5
2 5
2 5
2 5
2 5
2 5
2 5
2 5
2 5
2 5
2 5
2 5
2 5
2 5
2 5
2 5
2 5
2 5
2 5
2 5
2 5
2 5
2 5
2 5
2 5
2 5
2 5
2 5
2 5
2 5
2 5
2 5
2 5
2 5
2 5
2 5
2 5
2 5
2 5
2 5
2 5
2 5
2 5
2 5
2 5
2 5
2 5
2 5
2 5
2 5
2 5
2 5
2 5
2 5
2 5
2 5
0 1
0 1
0 1
0 1
0 1
0 1
0 1
0 1
0 1
0 1
0 1
0 1
0 1
0 1
0 1
0 1
0 1
0 1
0 1
0 1
0 1
0 1
0 1
0 1
0 1
0 1
0 1
0 1
0 1
0 1
0 1
0 1
0 1
0 1
0 1
0 1
0 1
0 1
0 1
0 1
0 1
0 1
0 1
0 1
0 1
0 1
0 1
0 1
0 1
0 1
0 1
0 1
1 0
1 0
1 0
1 0
1 0
1 0
1 0
1 0
1 0
1 0
1 0
1 0
1 0
1 0
1 0
-1 0
-1 0
-1 0
-1 0
-1 0
-1 0
-1 0
-1 0
-1 0
-1 0
-1 0
-1 0
-1 0
-1 0
-1 0
-1 0
-1 0
3 1
3 1
3 1
3 1
3 1
3 1
3 1
3 1
3 1
3 1
3 1
3 1
3 1
3 1
3 1
3 1
3 1
3 1
3 1
3 1
3 1
3 1
3 1
3 1
3 1
3 1
3 1
3 1
3 1
3 1
3 1
3 1
3 1
3 1
3 1
3 1
3 1
3 1
3 1
3 1
3 1
3 1
3 1
3 1
3 1
3 1
3 1
1 0
1 0
1 0
1 0
1 0
1 0
1 0
1 0
1 0
1 0
1 0
1 0
1 0
1 0
1 0
1 0
1 0
1 0
1 0
1 0
1 0
1 0
1 0
1 0
1 0
1 0
1 0
1 0
1 0
1 0
1 0
1 0
1 0
1 0
1 0
1 0
1 0
1 0
1 0
1 0
1 0
1 0
1 0
1 0
1 0
1 0
1 0
1 0
1 0
1 0
1 0
1 0
1 0
1 0
1 0
1 0
1 0
1 0
1 0
1 0
1 0
1 0
1 0
1 0
1 0
1 0
1 0
1 0
1 0
1 0
1 0
1 0
1 0
1 0
1 0
1 0
1 0
1 0
1 0
1 0
1 0
1 0
1 0
1 0
1 0
1 0
1 0
1 0
1 0
1 0
1 0
1 0
1 0
1 0
1 0
1 0
1 0
1 0
1 0
1 0
1 0
1 0
1 0
1 0
1 0
1 0
1 0
1 0
1 0
1 0
1 0
1 0
1 0
1 0
1 0
1 0
1 0
1 0
1 0
1 0
1 0
1 0
1 0
1 0
1 0
1 0
1 0
1 0
1 0
1 0
1 0
1 0
1 0
1 0
1 0
1 0
1 0
1 0
1 0
1 0
1 0
1 0
1 0
1 0
1 0
1 0
1 0
1 0
1 0
1 0
1 0
1 0
1 0
1 0
1 0
1 0
1 0
1 0
1 0
1 0
1 0
1 0
1 0
1 0
1 0
1 0
1 0
1 0
1 0
1 0
1 0
1 0
1 0
1 0
1 0
1 0
1 0
1 0
1 0
1 0
1 0
1 0
1 0
1 0
1 0
1 0
1 0
1 0
1 0
1 0
1 0
1 0
1 0
1 0
1 0
1 0
1 0
1 0
1 0
1 0
1 0
1 0
1 0
1 0
1 0
1 0
1 0
1 0
1 0
1 0
1 0
1 0
1 0
1 0
1 0
1 0
1 0
1 0
1 0
1 0
1 0
1 0
1 0
1 0
1 0
1 0
1 0
1 0
1 0
1 0
1 0
1 0
1 0
1 0
1 0
1 0
1 0
1 0
1 0
1 0
1 0
1 0
1 0
1 0
1 0
1 0
1 0
1 0
1 0
1 0
1 0
1 0
1 0
1 0
1 0
1 0
1 0
1 0
1 0
1 0
1 0
1 0
1 0
1 0
1 0
1 0
1 0
1 0
1 0
1 0
1 0
1 0
1 0
1 0
1 0
1 0
1 0
1 0
1 0
1 0
1 0
1 0
1 0
1 0
1 0
1 0
1 0
1 0
1 0
1 0
1 0
1 0
1 0
1 0
1 0
1 0
1 0
1 0
1 0
1 0
1 0
1 0
1 0
1 0
1 0
1 0
1 0
1 0
1 0
1 0
1 0
1 0
1 0
1 0
1 0
1 0
1 0
1 0
1 0
1 0
1 0
1 0
1 0
1 0
1 0
1 0
1 0
1 0
1 0
1 0
1 0
1 0
1 0
1 0
1 0
1 0
1 0
1 0
1 0
1 0
1 0
1 0
1 0
1 0
1 0
1 0
1 0
1 0
1 0
1 0
1 0
1 0
1 0
1 0
1 0
1 0
1 0
1 0
1 0
1 0
1 0
1 0
1 0
1 0
1 0
1 0
1 0
1 0
1 0
1 0
1 0
1 0
1 0
1 0
1 0
1 0
1 0
1 0
1 0
1 0
1 0
1 0
1 0
1 0
1 0
1 0
1 0
1 0
1 0
1 0
1 0
1 0
1 0
1 0
1 0
1 0
1 0
1 0
1 0
1 0
1 0
1 0
1 0
1 0
1 0
1 0
1 0
1 0
1 0
1 0
1 0
1 0
1 0
1 0
1 0
1 0
1 0
1 0
1 0
1 0
1 0
1 0
1 0
1 0
1 0
1 0
1 0
1 0
1 0
1 0
1 0
1 0
1 0
1 0
1 0
1 0
1 0
1 0
1 0
1 0
1 0
1 0
1 0
1 0
1 0
1 0
1 0
1 0
1 0
1 0
1 0
1 0
1 0
1 0
1 0
1 0
1 0
1 0
1 0
1 0
1 0
1 0
1 0
1 0
1 0
1 0
1 0
1 0
1 0
1 0
1 0
1 0
1 0
1 0
1 0
1 0
1 0
1 0
1 0
1 0
1 0
1 0
1 0
1 0
1 0
1 0
1 0
1 0
1 0
1 0
1 0
1 0
1 0
1 0
1 0
1 0
1 0
1 0
1 0
1 0
1 0
1 0
1 0
1 0
1 0
1 0
1 0
1 0
1 0
1 0
1 0
1 0
1 0
1 0
1 0
1 0
1 0
1 0
1 0
1 0
1 0
1 0
1 0
1 0
1 0
1 0
1 0
1 0
1 0
1 0
1 0
1 0
1 0
1 0
1 0
1 0
1 0
1 0
1 0
1 0
1 0
1 0
1 0
1 0
1 0
1 0
1 0
1 0
1 0
1 0
1 0
1 0
1 0
1 0
1 0
1 0
1 0
1 0
1 0
1 0
1 0
1 0
1 0
1 0
1 0
1 0
1 0
1 0
1 0
1 0
1 0
1 0
1 0
1 0
1 0
1 0
1 0
1 0
1 0
1 0
1 0
1 0
1 0
1 0
1 0
1 0
1 0
1 0
1 0
1 0
1 0
1 0
1 0
1 0
1 0
1 0
1 0
1 0
1 0
1 0
1 0
1 0
1 0
1 0
1 0
1 0
1 0
1 0
1 0
1 0
1 0
1 0
1 0
1 0
1 0
1 0
1 0
1 0
1 0
1 0
1 0
1 0
1 0
1 0
1 0
1 0
1 0
1 0
1 0
1 0
1 0
1 0
1 0
1 0
1 0
1 0
1 0
1 0
1 0
1 0
1 0
1 0
1 0
1 0
1 0
1 0
1 0
1 0
1 0
1 0
1 0
1 0
1 0
1 0
1 0
1 0
1 0
1 0
1 0
1 0
1 0
1 0
1 0
1 0
1 0
1 0
1 0
1 0
1 0
1 0
1 0
1 0
1 0
1 0
1 0
1 0
1 0
1 0
1 0
1 0
1 0
1 0
1 0
1 0
1 0
1 0
1 0
1 0
1 0
1 0
1 0
1 0
1 0
1 0
1 0
1 0
1 0
1 0
1 0
1 0
1 0
1 0
1 0
1 0
1 0
1 0
1 0
1 0
1 0
1 0
1 0
1 0
1 0
1 0
1 0
1 0
1 0
1 0
1 0
1 0
1 0
1 0
1 0
1 0
1 0
1 0
1 0
1 0
1 0
1 0
1 0
1 0
1 0
1 0
1 0
1 0
1 0
1 0
1 0
1 0
1 0
1 0
1 0
1 0
1 0
1 0
1 0
1 0
1 0
1 0
1 0
1 0
1 0
1 0
1 0
1 0
1 0
1 0
1 0
1 0
1 0
1 0
1 0
1 0
1 0
1 0
1 0
1 0
1 0
1 0
1 0
1 0
1 0
1 0
1 0
1 0
1 0
1 0
1 0
1 0
1 0
1 0
1 0
1 0
1 0
1 0
1 0
1 0
1 0
1 0
1 0
1 0
1 0
1 0
1 0
1 0
1 0
1 0
1 0
1 0
1 0
1 0
1 0
1 0
1 0
1 0
1 0
1 0
1 0
1 0
1 0
1 0
1 0
1 0
1 0
1 0
1 0
1 0
1 0
1 0
1 0
1 0
1 0
1 0
1 0
1 0
1 0
1 0
1 0
1 0
1 0
1 0
1 0
1 0
1 0
1 0
1 0
1 0
1 0
1 0
1 0
1 0
1 0
1 0
1 0
1 0
1 0
1 0
1 0
1 0
1 0
1 0
1 0
1 0
1 0
1 0
1 0
1 0
1 0
1 0
1 0
1 0
1 0
1 0
1 0
1 0
1 0
1 0
1 0
1 0
1 0
1 0
1 0
1 0
1 0
1 0
1 0
1 0
1 0
1 0
1 0
1 0
1 0
1 0
1 0
1 0
1 0
1 0
1 0
1 0
1 0
1 0
1 0
1 0
1 0
1 0
1 0
1 0
1 0
1 0
1 0
1 0
1 0
1 0
1 0
1 0
1 0
1 0
1 0
1 0
1 0
1 0
1 0
1 0
1 0
1 0
1 0
1 0
1 0
1 0
1 0
1 0
1 0
1 0
1 0
1 0
1 0
1 0
1 0
1 0
1 0
1 0
1 0
