-13 -47
-19 -53
-18 -48
-18 -48
-21 -47
-21 -47
-22 -45
-22 -45
-22 -45
-28 -32
-28 -32
-27 -48
-27 -48
-26 -39
-28 -39
-28 -39
-28 -39
-27 -38
-23 -39
-23 -39
-23 -39
-23 -39
-23 -39
-23 -39
-23 -39
-23 -39
-23 -39
-23 -39
-23 -39
-23 -39
-23 -39
-23 -39
-23 -39
-23 -39
-23 -39
-23 -39
-23 -39
-23 -39
-23 -39
-23 -39
-23 -39
-23 -39
-23 -39
-23 -39
-23 -39
-23 -39
-23 -39
-23 -39
-23 -39
-23 -39
-23 -39
-23 -39
-23 -39
-21 -38
-22 -34
-22 -34
-22 -34
-22 -34
-22 -34
-22 -34
-22 -34
-22 -34
-22 -34
-22 -34
-22 -34
-22 -34
-22 -34
-22 -34
-22 -34
-22 -34
-22 -34
-22 -34
-22 -34
-22 -34
-22 -34
-22 -34
-22 -34
-22 -34
-22 -34
-22 -34
-22 -34
-22 -34
-22 -34
-22 -34
-22 -34
-22 -34
-22 -34
-22 -34
-26 -42
-26 -42
-26 -42
-26 -42
-26 -42
-26 -42
-26 -42
-26 -42
-26 -42
-26 -42
-26 -42
-26 -42
-26 -42
-26 -42
-26 -42
-26 -42
-26 -42
-32 -23
-32 -23
-32 -23
-32 -23
-32 -23
-32 -23
-32 -23
-32 -23
-32 -23
-32 -23
-32 -23
-32 -23
-32 -23
-32 -23
-32 -23
-32 -23
-32 -23
-32 -23
-32 -23
-32 -23
-32 -23
-32 -23
-32 -23
-32 -23
-32 -23
-32 -23
-32 -23
-32 -23
-32 -23
-32 -23
-32 -23
-32 -23
-32 -23
-32 -23
-32 -23
-32 -23
-32 -23
-32 -23
-32 -23
-32 -23
-26 -31
-26 -31
-26 -31
-26 -31
-26 -31
-26 -31
-26 -31
-26 -31
-26 -31
-26 -31
-26 -31
-26 -31
-26 -31
-26 -31
-30 -36
-30 -36
-30 -36
-30 -36
-30 -36
-30 -36
-30 -36
-30 -36
-30 -36
-30 -36
-30 -36
-30 -36
-30 -36
-30 -36
-30 -36
-30 -36
-30 -36
-30 -36
-30 -36
-30 -36
-30 -36
-30 -36
-30 -36
-30 -36
-30 -36
-30 -36
-30 -36
-30 -36
-30 -36
-30 -36
-30 -36
-30 -36
-30 -36
-30 -36
-30 -36
-30 -36
-30 -36
-30 -36
-30 -36
-30 -36
-30 -36
-30 -36
-30 -36
-30 -36
-30 -36
-30 -36
-34 -36
-34 -36
-34 -36
-34 -36
-34 -36
-34 -36
-34 -36
-34 -36
-34 -36
-34 -36
-34 -36
-34 -36
-34 -36
-34 -36
-34 -36
-34 -36
-34 -36
-34 -36
-34 -36
-34 -36
-34 -36
-34 -36
-34 -36
-34 -36
-34 -36
-34 -36
-34 -36
-34 -36
-34 -36
-34 -36
-34 -36
-34 -36
-34 -36
-34 -36
-34 -36
-34 -36
-34 -36
-34 -36
-34 -36
-34 -36
-34 -36
-34 -36
-34 -36
-34 -36
-35 -37
-43 -20
-43 -20
-43 -20
-43 -20
-43 -20
-43 -20
-43 -20
-43 -20
-43 -20
-43 -20
-43 -20
-43 -20
-43 -20
-43 -20
-43 -20
-43 -20
-43 -20
-43 -20
-43 -20
-43 -20
-43 -20
-43 -20
-43 -20
-43 -20
-43 -20
-43 -20
-43 -20
-43 -20
-43 -20
-27 -19
-27 -19
-27 -19
-27 -19
-27 -19
-27 -19
-27 -19
-27 -19
-27 -19
-27 -19
-27 -19
-27 -19
-27 -19
-27 -19
-27 -19
-27 -19
-27 -19
-27 -19
-27 -19
-27 -19
-27 -19
-40 -17
-40 -17
-40 -17
-40 -17
-40 -17
-40 -17
-40 -17
-40 -17
-40 -17
-40 -17
-40 -17
-40 -17
-40 -17
-40 -17
-40 -17
-40 -17
-40 -17
-40 -17
-40 -17
-40 -17
-40 -17
-40 -17
-40 -17
-40 -17
-40 -17
-40 -17
-40 -17
-40 -17
-40 -17
-40 -17
-40 -17
-40 -17
-40 -17
-40 -17
-40 -17
-40 -17
-40 -17
-40 -17
-40 -17
-40 -17
-40 -17
-40 -17
-35 -30
-35 -30
-35 -30
-35 -30
-35 -30
-35 -30
-35 -30
-35 -30
-35 -30
-35 -30
-35 -30
-35 -30
-35 -30
-35 -30
-35 -30
-35 -30
-35 -30
-35 -30
-35 -30
-35 -30
-35 -30
-35 -30
-35 -30
-35 -30
-35 -30
-35 -30
-35 -30
-35 -30
-35 -30
-35 -30
-35 -30
-35 -30
-35 -30
-35 -30
-35 -30
-35 -30
-35 -30
-35 -30
-35 -30
-35 -30
-35 -30
-35 -30
-37 -25
-51 -24
-51 -24
-51 -24
-51 -24
-51 -24
-51 -24
-51 -24
-51 -24
-51 -24
-51 -24
-51 -24
-51 -24
-51 -24
-51 -24
-51 -24
-51 -24
-62 -24
-62 -24
-62 -24
-62 -24
-62 -24
-62 -24
-62 -24
-62 -24
-62 -24
-62 -24
-62 -24
-62 -24
-62 -24
-62 -24
-62 -24
-62 -24
-62 -24
-62 -24
-62 -24
-62 -24
-62 -24
-62 -24
-62 -24
-62 -24
-62 -24
-62 -24
-62 -24
-62 -24
-62 -24
-62 -24
-62 -24
-62 -24
-62 -24
-62 -24
-62 -24
-62 -24
-62 -24
-62 -24
-62 -24
-62 -24
-62 -24
-62 -24
-62 -24
-66 -21
-66 -21
-66 -21
-66 -21
-66 -21
-66 -21
-66 -21
-66 -21
-66 -21
-66 -21
-66 -21
-66 -21
-66 -21
-66 -21
-66 -21
-66 -21
-66 -21
-66 -21
-69 -17
-69 -17
-69 -17
-69 -17
-69 -17
-69 -17
-69 -17
-69 -17
-69 -17
-69 -17
-69 -17
-69 -17
-69 -17
-69 -17
-69 -17
-69 -17
-69 -17
-69 -17
-69 -17
-69 -17
-69 -17
-69 -17
-69 -17
-69 -17
-69 -17
-69 -17
-69 -17
-69 -17
-69 -17
-69 -17
-69 -17
-69 -17
-69 -17
-69 -17
-69 -17
-69 -17
-69 -17
-64 -12
-64 -12
-64 -12
-64 -12
-64 -12
-64 -12
-64 -12
-64 -12
-64 -12
-64 -12
-64 -12
-64 -12
-64 -12
-64 -12
-64 -12
-64 -12
-64 -12
-64 -12
-64 -12
-64 -12
-64 -12
-64 -12
-64 -12
-64 -12
-64 -12
-64 -12
-64 -12
-64 -12
-64 -12
-64 -12
-64 -12
-64 -12
-64 -12
-64 -12
-64 -12
-64 -12
-80 -9
-76 -7
-76 -7
-76 -7
-76 -7
-76 -7
-76 -7
-76 -7
-76 -7
-76 -7
-76 -7
-76 -7
-76 -7
-76 -7
-76 -7
-76 -7
-76 -7
-76 -7
-76 -7
-76 -7
-76 -7
-76 -7
-76 -7
-76 -7
-76 -7
-76 -7
-76 -7
-76 -7
-76 -7
-76 -7
-76 -7
-76 -7
-76 -7
-76 -7
-76 -7
-76 -7
-76 -7
-76 -7
-76 -7
-76 -7
-76 -7
-76 -7
-76 -7
-76 -7
-76 -7
-76 -7
-76 -7
-76 -7
-76 -7
-76 -7
-76 -7
-76 -7
-76 -7
-75 -3
-71 -3
-71 -3
-71 -3
-71 -3
-71 -3
-71 -3
-71 -3
-71 -3
-71 -3
-72 1
-72 1
-72 1
-72 1
-72 1
-72 1
-72 1
-72 1
-72 1
-72 1
-72 1
-72 1
-72 1
-72 1
-72 1
-72 1
-72 1
-72 1
-72 1
-72 1
-72 1
-72 1
-72 1
-72 1
-72 1
-72 1
-72 1
-72 1
-72 1
-72 1
-72 1
-72 1
-72 1
-72 1
-72 1
-74 -4
-74 -4
-74 -4
-74 -4
-74 -4
-74 -4
-74 -4
-74 -4
-74 -4
-74 -4
-74 -4
-74 -4
-74 -4
-74 -4
-74 -4
-74 -4
-74 -4
-74 -4
-74 -4
-74 -4
-74 -4
-74 -4
-74 -4
-74 -4
-74 -4
-74 -4
-74 -4
-74 -4
-74 -4
-74 -4
-74 -4
-74 -4
-74 -4
-74 -4
-74 -4
-74 -4
-74 -4
-74 -4
-74 -4
-74 -4
-74 -4
-74 -4
-74 -4
-74 -4
-74 -4
-71 5
-71 5
-71 5
-71 5
-71 5
-71 5
-71 5
-71 5
-71 5
-71 5
-71 5
-71 5
-71 5
-71 5
-71 5
-71 5
-71 5
-71 5
-70 5
-70 5
-70 5
-70 5
-70 5
-70 5
-70 5
-70 5
-70 5
-70 5
-70 5
-70 5
-70 5
-70 5
-70 5
-70 5
-70 5
-70 5
-70 5
-70 5
-74 3
-74 3
-74 3
-74 3
-74 3
-74 3
-74 3
-74 3
-74 3
-74 3
-74 3
-74 3
-74 3
-74 3
-74 3
-74 3
-74 3
-74 3
-74 3
-73 12
-73 12
-73 12
-73 12
-73 12
-73 12
-73 12
-73 12
-73 12
-73 12
-73 12
-73 12
-73 12
-73 12
-73 12
-73 12
-73 12
-73 12
-73 12
-73 12
-73 12
-73 12
-73 12
-73 12
-73 12
-73 12
-73 12
-73 12
-73 12
-73 12
-73 12
-73 12
-73 12
-73 12
-73 12
-73 12
-73 12
-73 12
-73 12
-73 12
-73 12
-69 18
-69 18
-69 18
-69 18
-69 18
-69 18
-69 18
-69 18
-69 18
-69 18
-69 18
-69 18
-69 18
-69 18
-69 18
-69 18
-69 18
-69 18
-69 18
-69 18
-69 18
-69 18
-69 18
-69 18
-69 18
-69 18
-69 18
-69 18
-69 18
-69 18
-69 18
-69 18
-69 18
-69 18
-69 18
-69 18
-69 18
-69 18
-69 18
-69 18
-69 18
-69 18
-61 13
-61 13
-61 13
-61 13
-61 13
-61 13
-61 13
-61 13
-61 13
-61 13
-61 13
-61 13
-61 13
-61 13
-61 13
-61 13
-61 13
-61 13
-61 13
-61 13
-61 13
-61 13
-61 13
-61 13
-61 13
-61 13
-61 13
-61 13
-61 13
-61 13
-61 13
-61 13
-61 13
-60 21
-60 21
-59 14
-59 14
-59 14
-59 14
-59 14
-59 14
-59 14
-59 14
-59 14
-59 14
-59 14
-59 14
-59 14
-59 14
-59 14
-59 14
-59 14
-59 14
-59 14
-59 14
-59 14
-59 14
-59 14
-59 14
-59 14
-59 14
-59 14
-59 14
-59 14
-59 14
-59 14
-53 20
-53 20
-53 20
-53 20
-53 20
-58 24
-58 24
-58 24
-58 24
-58 24
-58 24
-58 24
-58 24
-58 24
-58 24
-58 24
-58 24
-58 24
-58 24
-58 24
-58 24
-58 24
-58 24
-58 24
-49 20
-49 20
-49 20
-49 20
-49 20
-49 20
-49 20
-49 20
-49 20
-49 20
-49 20
-49 20
-49 20
-49 20
-49 20
-49 20
-49 20
-49 20
-49 20
-49 20
-49 20
-49 20
-49 20
-49 20
-49 20
-49 20
-49 20
-49 20
-49 20
-49 20
-49 20
-49 20
-49 20
-49 20
-49 20
-49 20
-49 20
-49 20
-41 31
-41 31
-41 31
-41 31
-41 31
-41 31
-41 31
-41 31
-41 31
-41 31
-41 31
-41 31
-41 31
-41 31
-41 31
-41 31
-41 31
-41 31
-41 31
-41 31
-41 31
-41 31
-41 31
-41 31
-41 31
-41 31
-41 31
-41 31
-41 31
-41 31
-41 31
-41 31
-41 31
-41 31
-41 31
-41 31
-41 31
-41 31
-41 31
-41 31
-41 31
-47 23
-52 31
-52 31
-52 31
-52 31
-52 31
-52 31
-52 31
-52 31
-52 31
-52 31
-52 31
-52 31
-52 31
-52 31
-52 31
-52 31
-52 31
-52 31
-52 31
-52 31
-52 31
-52 31
-52 31
-52 31
-52 31
-52 31
-52 31
-52 31
-52 31
-52 31
-52 31
-52 31
-52 31
-52 31
-52 31
-52 31
-52 31
-52 31
-52 31
-52 31
-50 30
-50 30
-50 30
-50 30
-50 30
-50 30
-50 30
-50 30
-50 30
-50 30
-50 30
-50 30
-50 30
-50 30
-50 30
-50 30
-50 30
-52 38
-52 38
-52 38
-52 38
-52 38
-52 38
-52 38
-52 38
-52 38
-52 38
-52 38
-52 38
-52 38
-52 38
-52 38
-52 38
-52 38
-52 38
-52 38
-52 38
-52 38
-52 38
-52 38
-52 38
-52 38
-52 38
-52 38
-52 38
-52 38
-52 38
-52 38
-52 38
-52 38
-52 38
-52 38
-52 38
-52 38
-52 38
-52 38
-52 38
-52 38
-52 38
-55 36
-55 36
-55 36
-55 36
-55 36
-55 36
-55 36
-55 36
-55 36
-55 36
-55 36
-55 36
-55 36
-55 36
-55 36
-55 36
-55 36
-55 36
-55 36
-55 36
-55 36
-55 36
-55 36
-55 36
-55 36
-55 36
-55 36
-55 36
-55 36
-55 36
-55 36
-55 36
-55 36
-55 36
-55 36
-55 36
-55 36
-55 36
-55 36
-55 36
-55 36
-52 30
-48 31
-48 31
-48 31
-48 31
-48 31
-48 31
-48 31
-48 31
-48 31
-48 31
-48 31
-48 31
-48 31
-48 31
-48 31
-48 31
-48 31
-48 31
-48 31
-48 31
-48 31
-48 31
-48 31
-48 31
-48 31
-48 31
-48 31
-48 31
-48 31
-48 31
-48 31
-48 31
-48 31
-48 31
-48 31
-48 31
-48 31
-48 31
-48 31
-48 31
-50 39
-50 39
-50 39
-50 39
-50 39
-50 39
-50 39
-50 39
-50 39
-50 39
-50 39
-50 39
-50 39
-50 39
-50 39
-50 39
-50 39
-50 39
-50 39
-50 39
-52 32
-52 32
-52 32
-52 32
-52 32
-52 32
-52 32
-52 32
-52 32
-52 32
-52 32
-52 32
-52 32
-52 32
-52 32
-52 32
-52 32
-52 32
-52 32
-44 33
-44 33
-44 33
-44 33
-44 33
-44 33
-44 33
-44 33
-44 33
-44 33
-44 33
-44 33
-44 33
-44 33
-44 33
-44 33
-44 33
-44 33
-44 33
-44 33
-44 33
-44 33
-44 33
-44 33
-44 33
-44 33
-44 33
-44 33
-44 33
-44 33
-44 33
-44 33
-44 33
-44 33
-44 33
-44 33
-44 33
-44 33
-44 33
-44 33
-45 47
-45 47
-45 47
-45 47
-45 47
-45 47
-45 47
-45 47
-45 47
-45 47
-45 47
-45 47
-45 47
-45 47
-45 47
-45 47
-45 47
-45 47
-45 47
-45 47
-45 47
-45 47
-45 47
-45 47
-45 47
-45 47
-45 47
-45 47
-45 47
-45 47
-45 47
-45 47
-45 47
-45 47
-45 47
-45 47
-45 47
-45 47
-45 47
-45 47
-45 47
-45 47
-45 47
-45 47
-45 47
-45 47
-45 47
-45 47
-45 47
-45 47
-45 47
-45 47
-45 47
-45 47
-45 47
-45 47
-45 47
-49 61
-49 61
-49 61
-49 61
-49 61
-49 61
-49 61
-49 61
-49 61
-49 61
-49 61
-49 61
-49 61
-49 61
-49 61
-49 61
-49 61
-49 61
-43 58
-43 58
-43 58
-43 58
-43 58
-43 58
-43 58
-43 58
-43 58
-43 58
-43 58
-43 58
-43 58
-43 58
-43 58
-43 58
-43 58
-43 58
-43 58
-43 58
-43 58
-29 52
-29 52
-29 52
-29 52
-29 52
-29 52
-29 52
-29 52
-29 52
-29 52
-29 52
-29 52
-29 52
-29 52
-29 52
-29 52
-29 52
-29 52
-29 52
-29 52
-29 52
-29 52
-29 52
-29 52
-29 52
-29 52
-29 52
-29 52
-29 52
-29 52
-29 52
-29 52
-29 52
-29 52
-29 52
-29 52
-29 52
-29 52
-29 52
-29 52
-37 58
-37 58
-37 58
-37 58
-37 58
-37 58
-37 58
-37 58
-37 58
-37 58
-37 58
-37 58
-37 58
-37 58
-37 58
-37 58
-37 58
-37 58
-37 58
-37 58
-37 58
-37 58
-37 58
-37 58
-37 58
-37 58
-37 58
-37 58
-37 58
-37 58
-37 58
-37 58
-37 58
-37 58
-37 58
-37 58
-37 58
-37 58
-37 58
-37 58
-37 58
-35 55
-35 55
-35 55
-35 55
-35 55
-35 55
-35 55
-35 55
-35 55
-35 55
-35 55
-35 55
-35 55
-35 55
-35 55
-35 55
-35 55
-35 55
-35 55
-35 55
-35 55
-35 55
-35 55
-35 55
-35 55
-35 55
-35 55
-35 55
-35 55
-35 55
-35 55
-35 55
-35 55
-35 55
-35 55
-35 55
-35 55
-35 55
-35 55
-22 54
-22 54
-22 54
-22 54
-22 54
-22 54
-22 54
-22 54
-22 54
-22 54
-22 54
-22 54
-22 54
-22 54
-18 52
-18 52
-18 52
-18 52
-18 52
-18 52
-18 52
-18 52
-18 52
-18 52
-18 52
-18 52
-18 52
-18 52
-18 52
-18 52
-18 52
-18 52
-18 52
-18 52
-18 52
-18 52
-18 52
-18 52
-18 52
-18 52
-18 52
-18 52
-18 52
-18 52
-18 52
-18 52
-18 52
-18 52
-18 52
-18 52
-18 52
-18 52
-18 52
-18 52
-18 52
-13 57
-13 57
-13 57
-13 57
-13 57
-13 57
-13 57
-13 57
-13 57
-13 57
-13 57
-13 57
-13 57
-13 57
-13 57
-13 57
-13 57
-13 57
-13 57
-12 51
-12 51
-12 51
-12 51
-12 51
-12 51
-12 51
-12 51
-12 51
-12 51
-12 51
-12 51
-12 51
-12 51
-12 51
-12 51
-12 51
-12 51
-12 51
-12 51
-12 51
-12 51
-12 51
-12 51
-12 51
-12 51
-12 51
-12 51
-12 51
-12 51
-12 51
-12 51
-12 51
-12 51
-12 51
-12 51
-12 51
-12 51
-12 51
-12 51
-12 51
-5 48
-5 48
-5 48
-5 48
-5 48
-5 48
-5 48
-5 48
-5 48
-5 48
-5 48
-5 48
-5 48
-4 48
-4 48
-4 48
-4 48
-4 48
-4 48
-4 48
-4 48
-4 48
-4 48
-4 48
-4 48
5 43
5 43
5 43
5 43
5 43
5 43
5 43
5 43
5 43
5 43
5 43
5 43
5 43
5 43
5 43
5 43
5 43
5 43
5 43
5 43
5 43
5 43
5 43
5 43
5 43
5 43
1 41
1 41
1 41
1 41
1 41
1 41
1 41
1 41
1 41
1 41
1 41
1 41
1 41
1 43
1 43
1 43
1 43
1 43
1 43
1 43
1 43
1 43
1 43
1 43
1 43
1 43
1 43
1 43
1 43
1 43
1 43
1 43
0 46
0 46
0 46
0 46
0 46
0 46
0 46
0 46
0 46
0 46
0 46
0 46
0 46
0 46
0 46
0 46
0 46
0 46
0 46
0 46
0 46
0 46
0 46
0 46
0 46
0 46
0 46
0 46
0 46
0 46
0 46
0 46
0 46
0 46
0 46
0 46
0 46
0 46
0 46
0 46
0 46
0 46
4 42
4 42
7 38
7 38
7 38
7 38
7 38
7 38
7 38
7 38
1 40
1 40
1 40
1 40
1 40
1 40
1 40
1 40
1 40
1 40
1 40
1 40
1 40
1 40
1 42
1 42
1 42
1 42
1 42
1 42
1 42
1 42
1 42
1 42
1 42
1 42
1 42
1 42
1 42
1 42
1 42
1 42
1 42
1 42
1 42
1 42
1 42
1 42
1 42
1 42
1 42
1 42
1 42
1 42
1 42
1 42
1 42
1 42
1 42
1 42
1 42
1 42
1 42
1 42
1 42
1 42
-2 40
-1 37
-1 37
-1 37
-1 37
-1 37
-1 37
-1 37
-1 37
-1 37
-1 37
-1 37
-1 37
-1 37
-1 37
-1 37
-1 37
-1 37
-1 37
-1 37
-1 37
-1 37
-1 37
-1 37
-1 37
0 35
0 35
0 35
0 35
0 35
0 35
0 35
0 35
0 35
0 35
0 35
0 35
0 35
0 35
0 35
0 35
0 35
0 35
0 35
0 35
0 35
0 35
0 35
0 35
0 35
0 35
0 39
0 39
0 39
0 39
0 39
0 39
0 39
0 39
0 39
0 39
0 39
0 39
0 39
-1 37
-1 37
-1 37
-1 37
-1 37
-1 37
-1 37
-1 37
-1 37
-1 37
-1 37
-1 37
-1 37
-1 37
-1 37
-1 37
-1 37
-1 37
-1 37
-1 37
-1 37
-1 37
-1 37
-1 37
-1 37
-1 37
-1 37
-1 37
-1 37
0 35
0 35
0 35
0 35
0 35
0 35
0 35
0 35
0 35
-4 34
-4 34
-4 34
-4 34
-4 34
-4 34
-4 34
-4 34
-4 34
-4 34
-4 34
-4 34
-4 34
-4 34
-4 34
-4 34
-4 34
-4 34
-4 34
-4 34
-4 34
-4 34
-4 34
-4 34
-4 34
-4 34
-4 34
-4 34
-4 34
-4 34
-4 34
-4 34
-4 34
-4 34
-4 34
-4 34
-4 34
-4 34
-4 34
-4 34
-4 34
-4 34
-4 34
-4 34
-4 34
-4 34
-4 34
-4 34
-4 34
-4 34
-4 34
-4 34
-4 34
-4 34
-4 34
-4 34
-4 34
-4 34
-4 34
-1 40
-1 40
-6 34
-6 34
-6 34
-6 34
-6 34
-6 34
-6 34
-4 30
-4 30
-4 30
-4 30
-4 30
-4 30
-4 30
-4 30
-4 30
-4 30
-4 30
-4 30
-4 30
-4 30
-4 30
-4 30
-4 30
-4 30
-4 30
-4 30
-4 30
-4 30
-4 30
-4 30
-4 30
-4 30
-4 30
-4 30
-5 34
-5 34
-5 34
-5 34
-5 34
-5 34
-5 34
-5 34
-5 34
-5 34
-5 34
-5 34
-5 34
-5 34
-5 34
-5 34
-5 34
-5 34
-5 34
-5 34
-5 34
-5 34
-5 34
-5 34
-5 34
-5 34
-5 34
-5 34
1 32
-2 36
-2 36
-2 36
-2 36
-2 36
-2 36
-2 36
-2 36
-2 36
-2 36
-2 36
-2 36
-2 36
-2 36
-2 36
-2 36
-2 36
-2 36
-2 36
-2 36
-2 36
-2 36
-2 36
-2 36
-2 36
-2 36
-2 36
-2 36
-3 35
-2 32
-2 32
-2 32
-2 32
-2 32
-2 32
-2 32
-2 32
-2 32
-2 32
-2 32
-2 32
-2 32
-2 32
-2 32
-2 32
-2 32
-2 32
-2 32
-2 32
-2 32
-2 32
-2 32
-2 32
-2 32
-2 32
-2 32
-2 32
-2 32
-2 29
-2 29
-2 29
-2 29
-2 29
-2 29
-2 29
-2 29
-2 29
-2 29
-2 29
-2 29
0 29
0 29
0 29
0 29
0 29
0 29
0 29
0 29
0 29
0 29
0 29
0 29
0 29
0 29
0 29
0 29
-2 25
-2 25
-2 25
-2 25
-2 25
-2 25
-2 25
-2 25
-2 25
-2 25
-2 25
-2 25
-2 25
-2 25
-2 25
-2 25
-2 25
-2 25
-2 25
-2 25
-2 25
-2 25
-2 25
-2 25
-2 25
-2 25
-2 25
-2 25
-2 25
-2 25
-1 32
-1 32
-1 32
-1 32
-1 32
-1 32
-1 32
-1 32
-1 32
-1 32
-1 32
-1 32
-1 32
-1 32
-1 32
-1 32
-1 32
-1 32
-1 32
-1 32
-1 32
-1 32
-1 32
-1 32
-1 32
-1 32
-1 32
-1 32
-1 32
-1 32
-1 32
-1 32
-1 32
-1 32
-1 32
-1 32
-1 32
-1 32
0 28
0 28
3 34
3 34
3 34
3 34
3 34
3 34
3 34
3 34
3 34
3 34
4 31
4 31
4 31
4 31
4 31
4 31
4 31
4 31
4 31
4 31
4 31
4 31
3 32
3 32
3 32
3 32
3 32
3 32
3 32
3 32
3 32
3 32
3 32
3 32
3 32
3 32
3 32
3 32
3 32
3 32
3 32
3 32
3 32
3 32
3 32
3 32
3 32
3 32
3 32
3 32
3 32
3 32
3 32
3 32
3 32
3 32
3 32
3 32
2 34
2 34
2 34
2 34
2 34
2 34
2 34
2 34
2 34
2 34
2 34
2 34
2 34
2 34
2 34
2 34
2 34
2 34
2 34
2 34
2 34
2 34
2 34
2 34
2 34
2 34
2 34
2 34
2 34
2 34
2 34
2 40
3 39
3 39
3 39
3 39
3 39
3 39
3 39
3 39
3 39
3 39
3 39
3 39
3 39
3 39
3 39
3 39
3 39
3 39
3 39
3 39
3 39
3 39
3 39
3 39
3 39
3 39
3 39
3 39
4 34
4 34
4 34
4 34
4 34
4 34
4 34
4 34
4 34
4 34
4 34
4 34
4 34
4 34
1 43
1 43
1 43
1 43
1 43
1 43
1 43
1 43
1 43
1 43
1 43
1 43
1 43
1 43
1 43
1 43
1 43
1 43
1 43
1 43
1 43
1 43
1 43
1 43
1 43
1 43
1 43
1 43
1 43
1 43
1 43
1 43
1 43
1 43
1 43
1 43
1 43
1 43
1 43
1 43
1 43
1 43
1 43
1 43
1 43
1 43
1 43
1 43
1 43
1 43
1 43
4 42
4 42
4 42
4 42
4 42
4 42
4 42
4 42
4 42
4 42
4 42
4 42
4 42
4 42
4 42
4 42
4 42
4 42
4 42
4 42
4 42
4 42
4 42
4 42
4 42
4 42
4 42
4 42
4 42
4 42
4 42
4 42
4 42
4 42
4 42
4 42
4 42
4 42
4 42
4 42
4 42
4 42
4 42
4 42
4 42
4 42
4 42
4 42
4 42
4 42
4 42
4 42
4 42
4 42
4 42
4 42
4 42
4 42
4 42
3 45
3 45
3 45
3 45
3 45
3 45
6 40
6 40
6 40
6 40
6 40
6 40
6 40
6 40
12 44
12 44
12 44
12 44
12 44
12 44
12 44
12 44
12 44
12 44
12 44
12 44
12 44
12 44
12 44
12 44
12 44
12 44
12 44
12 44
12 44
12 44
12 44
12 44
12 44
12 44
12 44
12 44
12 44
12 44
12 44
12 44
12 44
12 44
12 44
12 44
12 44
12 44
12 44
12 44
12 44
12 44
12 44
12 44
12 44
12 44
12 44
12 44
12 44
12 44
12 44
12 44
9 39
9 39
9 39
9 39
9 39
9 39
9 39
9 39
9 39
9 39
9 39
9 39
11 48
20 45
20 45
20 45
20 45
20 45
20 45
20 45
20 45
20 45
20 45
20 45
20 45
13 45
13 45
13 45
13 45
13 45
13 45
13 45
13 45
13 45
13 45
13 45
13 45
24 46
24 46
24 46
24 46
24 46
24 46
24 46
24 46
24 46
24 46
24 46
24 46
24 46
24 46
24 46
24 46
24 46
24 46
24 46
24 46
24 46
24 46
24 46
24 46
24 46
24 46
24 46
24 46
24 46
24 46
24 46
24 46
24 46
24 46
24 46
24 46
31 46
31 46
31 46
31 46
31 46
31 46
31 46
31 46
31 46
31 46
31 46
31 46
31 46
31 46
31 46
31 46
31 46
31 46
31 46
31 46
31 46
31 46
31 46
31 46
31 46
31 46
31 46
31 46
31 46
31 46
31 46
31 46
31 46
31 46
31 46
31 46
31 46
26 33
26 33
26 33
26 33
26 33
26 33
26 33
26 33
26 33
26 33
26 33
26 33
26 33
26 33
26 33
26 33
26 33
26 33
26 33
26 33
26 33
26 33
26 33
26 33
26 33
26 33
26 33
26 33
26 33
26 33
26 33
26 33
26 33
26 33
26 33
26 33
26 33
26 33
26 33
26 33
26 33
26 33
26 33
26 33
26 33
24 35
24 35
24 35
24 35
24 35
24 35
24 35
24 35
24 35
24 35
24 35
24 35
24 35
24 35
24 35
24 35
24 35
24 35
24 35
24 35
24 35
24 35
24 35
24 35
24 35
24 35
24 35
24 35
24 35
24 35
24 35
24 35
24 35
24 35
24 35
24 35
24 35
24 35
38 35
38 35
38 35
38 35
38 35
38 35
38 35
38 35
38 35
38 35
38 35
38 35
38 35
38 35
38 35
38 35
35 40
35 40
43 36
43 36
43 36
43 36
43 36
43 36
43 36
43 36
43 36
43 36
43 36
43 36
43 36
43 36
43 36
43 36
43 36
43 36
43 36
43 36
43 36
43 36
43 36
43 36
43 36
43 36
43 36
43 36
43 36
43 36
43 36
43 36
43 36
43 36
43 36
47 43
47 43
47 43
47 43
47 43
47 43
47 43
47 43
47 43
47 43
47 43
47 43
47 43
43 31
43 31
43 31
43 31
43 31
43 31
43 31
43 31
43 31
43 31
43 31
43 31
43 31
43 31
43 31
43 31
43 31
43 31
43 31
43 31
43 31
43 31
43 31
43 31
43 31
43 31
43 31
43 31
43 31
43 31
43 31
43 31
43 31
43 31
43 31
43 31
43 31
43 31
51 42
51 42
51 42
51 42
51 42
51 42
51 42
51 42
51 42
51 42
51 42
51 42
51 42
51 42
51 42
51 42
51 42
51 42
51 42
51 42
51 42
51 42
51 42
51 42
51 42
51 42
51 42
51 42
51 42
51 42
51 42
51 42
51 42
51 42
51 42
53 35
53 35
41 27
41 27
41 27
41 27
41 27
41 27
41 27
41 27
41 27
41 27
41 27
41 27
41 27
41 27
41 27
41 27
41 27
41 27
41 27
41 27
41 27
41 27
41 27
41 27
41 27
41 27
41 27
41 27
41 27
41 27
41 27
41 27
41 27
41 27
41 27
41 27
41 27
41 27
41 27
41 27
41 27
41 27
41 27
41 27
41 27
41 27
41 27
41 27
41 27
41 27
41 27
54 30
53 18
53 18
53 18
53 18
53 18
53 18
53 18
53 18
53 18
53 18
53 18
53 18
53 18
53 18
53 18
53 18
53 18
53 18
53 18
53 18
53 18
53 18
53 18
53 18
53 18
53 18
53 18
53 18
53 18
53 18
53 18
53 18
53 18
53 18
53 18
53 18
53 18
53 18
53 18
53 18
53 18
53 18
53 18
54 21
54 21
54 21
54 21
54 21
54 21
54 21
54 21
54 21
54 21
54 21
54 21
54 21
54 21
54 21
54 21
54 21
54 21
54 21
54 21
54 21
54 21
54 21
54 21
54 21
54 21
54 21
54 21
54 21
54 21
54 21
54 21
54 21
54 21
54 21
54 21
54 21
54 21
54 21
54 21
54 21
54 21
54 21
62 25
68 12
68 12
68 12
68 12
68 12
68 12
68 12
68 12
68 12
68 12
68 12
68 12
68 12
68 12
68 12
70 17
70 17
70 17
70 17
70 17
70 17
70 17
70 17
70 17
70 17
70 17
70 17
70 17
70 17
70 17
70 17
70 17
70 17
70 17
70 17
70 17
70 17
70 17
70 17
70 17
70 17
70 17
70 17
70 17
70 17
70 17
70 17
70 17
70 17
70 17
70 17
70 17
70 17
70 17
70 17
70 17
70 17
70 17
70 17
70 17
70 17
70 17
70 17
70 17
70 17
70 17
70 17
70 17
70 17
70 17
70 9
69 15
69 15
69 15
69 15
69 15
69 15
69 15
69 15
69 15
69 15
69 15
69 15
69 15
69 15
69 15
69 15
69 15
69 15
69 15
69 15
69 15
69 15
69 15
69 15
79 10
79 10
79 10
79 10
79 10
79 10
79 10
79 10
79 10
79 10
79 10
79 10
79 10
79 10
79 10
79 10
79 10
79 10
79 10
79 10
79 10
79 10
79 10
79 10
79 10
79 10
79 10
79 10
79 10
77 11
77 11
77 11
77 11
77 11
77 11
77 11
77 11
80 7
80 7
80 7
80 7
80 7
80 7
80 7
80 7
80 7
80 7
80 7
80 7
80 7
80 7
77 2
77 2
77 2
77 2
77 2
77 2
77 2
77 2
77 2
77 2
78 -3
78 -3
78 -3
78 -3
78 -3
78 -3
78 -3
78 -3
78 -3
78 -3
78 -3
78 -3
78 -3
78 -3
78 -3
78 -3
78 -3
78 -3
78 -3
78 -3
78 -3
78 -3
78 -3
78 -3
78 -3
78 -3
78 -3
78 -3
78 -3
78 -3
78 -3
78 -3
81 -3
81 -3
81 -3
81 -3
81 -3
81 -3
81 -3
81 -3
81 -3
81 -3
81 -3
81 -3
81 -3
81 -3
81 -3
81 -3
81 -3
81 -3
81 -3
81 -3
81 -3
81 -3
81 -3
81 -3
81 -3
81 -3
81 -3
81 -3
81 -3
81 -3
81 -3
81 -3
81 -3
81 -3
81 -3
81 -3
81 -3
81 -3
82 -7
81 -8
81 -8
81 -8
81 -8
81 -8
81 -8
81 -8
81 -8
81 -8
81 -8
81 -8
81 -8
81 -8
81 -8
81 -8
81 -8
81 -8
81 -8
81 -8
81 -8
81 -8
81 -8
81 -8
81 -8
81 -8
81 -8
81 -8
81 -8
77 -9
77 -9
77 -9
77 -9
77 -9
77 -9
77 -9
77 -9
77 -9
77 -9
77 -9
77 -9
77 -9
74 -13
74 -13
74 -13
74 -13
74 -13
74 -13
74 -13
74 -13
74 -13
74 -13
74 -13
74 -13
74 -13
74 -13
74 -13
74 -13
74 -13
74 -13
74 -13
74 -13
74 -13
74 -13
74 -13
74 -13
74 -13
74 -13
74 -13
74 -13
74 -13
74 -13
74 -13
74 -13
74 -13
74 -13
74 -13
74 -13
74 -13
74 -13
74 -13
74 -13
74 -13
74 -13
74 -13
74 -13
74 -13
74 -13
74 -13
74 -13
74 -13
74 -13
74 -19
66 -21
66 -21
66 -21
66 -21
66 -21
66 -21
66 -21
66 -21
66 -21
66 -21
66 -21
66 -21
66 -21
66 -21
66 -21
66 -21
66 -21
66 -21
66 -21
66 -21
66 -21
66 -21
66 -21
66 -21
66 -21
66 -21
53 -21
53 -21
53 -21
53 -21
53 -21
53 -21
53 -21
53 -21
53 -21
53 -21
53 -21
53 -21
53 -21
53 -21
49 -22
49 -22
49 -22
49 -22
49 -22
49 -22
49 -22
49 -22
49 -22
49 -22
49 -22
49 -22
49 -22
49 -22
49 -22
50 -25
50 -25
50 -25
50 -25
50 -25
50 -25
50 -25
50 -25
50 -25
50 -25
50 -25
50 -25
50 -25
50 -25
50 -25
50 -25
50 -25
50 -25
50 -25
50 -25
50 -25
50 -25
50 -25
50 -25
50 -25
50 -25
50 -25
50 -25
50 -25
50 -25
50 -25
50 -25
50 -25
50 -25
50 -25
50 -25
50 -25
50 -25
50 -25
50 -25
50 -25
50 -25
47 -26
39 -29
39 -29
39 -29
39 -29
39 -29
39 -29
39 -29
39 -29
56 -36
56 -36
56 -36
56 -36
56 -36
56 -36
56 -36
56 -36
56 -36
56 -36
56 -36
38 -34
38 -34
38 -34
38 -34
38 -34
38 -34
38 -34
38 -34
38 -34
38 -34
35 -39
43 -42
43 -42
43 -42
43 -42
43 -42
43 -42
43 -42
43 -42
43 -42
43 -42
43 -42
43 -42
43 -42
43 -42
43 -42
43 -42
43 -42
43 -42
43 -42
43 -42
43 -42
43 -42
43 -42
43 -42
43 -42
43 -42
43 -42
43 -42
43 -42
43 -42
43 -42
43 -42
43 -42
43 -42
43 -42
43 -42
43 -42
43 -42
43 -42
43 -42
43 -42
43 -42
43 -42
43 -42
43 -42
43 -42
43 -42
32 -54
32 -54
32 -54
32 -54
32 -54
32 -54
32 -54
32 -54
32 -54
32 -54
32 -54
32 -54
32 -54
32 -54
32 -54
32 -54
32 -54
32 -54
32 -54
32 -54
32 -54
32 -54
32 -54
32 -54
32 -54
32 -54
32 -54
32 -54
32 -54
32 -54
36 -55
36 -55
36 -55
36 -55
36 -55
36 -55
36 -55
36 -55
36 -55
36 -55
36 -55
36 -55
36 -55
36 -55
22 -56
22 -56
22 -56
22 -56
22 -56
22 -56
22 -56
22 -56
22 -56
22 -56
22 -56
22 -56
22 -56
22 -56
33 -57
33 -57
33 -57
33 -57
33 -57
33 -57
33 -57
33 -57
33 -57
33 -57
33 -57
33 -57
33 -57
33 -57
33 -57
33 -57
33 -57
33 -57
33 -57
33 -57
33 -57
33 -57
33 -57
33 -57
33 -57
33 -57
33 -57
33 -57
33 -57
27 -59
27 -59
27 -59
27 -59
27 -59
27 -59
27 -59
27 -59
27 -59
27 -59
27 -59
27 -59
27 -59
27 -59
30 -65
30 -65
30 -65
30 -65
30 -65
30 -65
30 -65
30 -65
30 -65
30 -65
30 -65
30 -65
30 -65
30 -65
30 -65
30 -65
30 -65
30 -65
30 -65
30 -65
30 -65
30 -65
30 -65
30 -65
30 -65
30 -65
30 -65
30 -65
30 -65
30 -65
30 -65
30 -65
30 -65
30 -65
30 -65
25 -61
25 -61
25 -61
25 -61
25 -61
25 -61
25 -61
25 -61
25 -61
25 -61
25 -61
25 -61
25 -61
18 -65
18 -65
18 -65
18 -65
18 -65
18 -65
18 -65
18 -65
18 -65
18 -65
18 -65
18 -65
18 -65
18 -65
18 -65
18 -65
18 -65
18 -65
18 -65
18 -65
18 -65
18 -65
18 -65
16 -54
16 -54
16 -54
16 -54
16 -54
16 -54
16 -54
16 -54
16 -54
16 -54
16 -54
16 -54
16 -54
16 -54
16 -54
19 -55
19 -55
19 -55
19 -55
19 -55
19 -55
19 -55
19 -55
19 -55
19 -55
19 -55
19 -55
19 -55
12 -59
12 -59
12 -59
12 -59
12 -59
12 -59
12 -59
12 -59
12 -59
12 -59
12 -59
12 -59
12 -59
12 -59
12 -59
12 -59
12 -55
12 -55
12 -55
12 -55
12 -55
12 -55
12 -55
12 -55
12 -55
12 -55
12 -55
12 -55
12 -55
12 -55
12 -55
12 -55
12 -55
12 -55
12 -55
12 -55
12 -55
12 -55
12 -55
12 -55
12 -55
12 -55
12 -55
12 -55
12 -55
12 -55
12 -55
12 -55
8 -66
8 -66
8 -66
8 -66
8 -66
8 -66
8 -66
8 -66
8 -66
8 -66
8 -66
8 -66
8 -66
8 -66
8 -66
8 -66
8 -66
8 -66
8 -66
8 -66
8 -66
8 -66
8 -66
8 -66
8 -66
8 -66
8 -66
8 -66
8 -66
12 -57
12 -57
12 -57
12 -57
12 -57
12 -57
12 -57
12 -57
12 -57
12 -57
12 -57
12 -57
12 -57
12 -57
12 -57
8 -59
8 -59
8 -59
8 -59
8 -59
8 -59
8 -59
8 -59
8 -59
8 -59
8 -59
8 -59
8 -59
8 -59
8 -59
6 -63
6 -63
6 -63
6 -63
6 -63
6 -63
6 -63
6 -63
6 -63
6 -63
6 -63
6 -63
6 -63
6 -63
6 -63
6 -63
6 -63
6 -63
6 -63
6 -63
6 -63
6 -63
6 -63
6 -63
6 -63
6 -63
6 -63
6 -63
4 -56
4 -56
4 -56
4 -56
4 -56
4 -56
4 -56
4 -56
4 -56
4 -56
4 -56
4 -56
4 -56
4 -56
4 -56
4 -56
4 -56
4 -56
4 -56
4 -56
4 -56
4 -56
4 -56
4 -56
4 -56
4 -56
4 -56
4 -56
4 -56
4 -56
4 -56
4 -56
4 -56
4 -56
4 -56
4 -56
2 -56
1 -50
1 -50
1 -50
1 -50
1 -50
1 -50
1 -50
1 -50
1 -50
1 -50
1 -50
1 -50
1 -50
1 -50
1 -50
1 -50
1 -50
1 -50
1 -50
1 -50
1 -50
1 -50
1 -50
1 -50
1 -50
1 -50
1 -50
1 -50
1 -53
1 -53
1 -53
1 -53
1 -53
1 -53
1 -53
1 -53
1 -53
1 -53
1 -53
1 -53
1 -53
1 -53
1 -53
1 -53
1 -53
1 -53
1 -53
1 -53
1 -53
1 -53
1 -53
1 -53
1 -53
1 -53
1 -53
1 -53
1 -53
1 -53
1 -53
1 -53
1 -53
1 -53
1 -53
1 -53
1 -53
1 -53
1 -53
1 -53
1 -53
1 -53
1 -53
-5 -49
-5 -49
-5 -49
-5 -49
-5 -49
-5 -49
-5 -49
-5 -49
-5 -49
-5 -49
-5 -49
-5 -49
-5 -49
-5 -49
-5 -49
-5 -49
-5 -49
-5 -49
-2 -45
-2 -45
-2 -45
-2 -45
-2 -45
-2 -45
-2 -45
-2 -45
-2 -45
-2 -45
-2 -45
-2 -45
-2 -45
-2 -45
-2 -45
-2 -45
-2 -45
-2 -45
-2 -45
-2 -45
-2 -45
-2 -45
-2 -45
-2 -45
-2 -45
-2 -45
-2 -45
-2 -45
-2 -45
-2 -45
-2 -45
-2 -45
-2 -45
-2 -45
-2 -45
-2 -45
-2 -45
-2 -45
-6 -45
-2 -45
-2 -45
-2 -45
-2 -45
-2 -45
-2 -45
-2 -45
-2 -45
-2 -45
-2 -45
-2 -45
-2 -45
-2 -45
-2 -45
-2 -45
-2 -45
-2 -45
-2 -45
-2 -45
-2 -45
-2 -45
-2 -45
-2 -45
-2 -45
-2 -45
-2 -45
-2 -45
-2 -45
-2 -45
-2 -45
-2 -45
-2 -45
-2 -45
-2 -45
-4 -47
-4 -47
-4 -47
-4 -47
-4 -47
-4 -47
-4 -47
-4 -47
-4 -47
-4 -47
-4 -47
-4 -47
-4 -47
-4 -47
-4 -47
-4 -47
-4 -47
-4 -47
-4 -47
-4 -47
-5 -42
-5 -42
-5 -42
-5 -42
-5 -42
-5 -42
-5 -42
-5 -42
-5 -42
-5 -42
-5 -42
-5 -42
-5 -42
-5 -42
-5 -42
-5 -42
-5 -42
-5 -42
-5 -42
-5 -42
-9 -40
-9 -40
-9 -40
-9 -40
-9 -40
-9 -40
-9 -40
-9 -40
-9 -40
-9 -40
-9 -40
-9 -40
-9 -40
-9 -40
-9 -40
-9 -40
-9 -40
-9 -40
-9 -40
-9 -40
-9 -40
-9 -40
-9 -40
-9 -40
-9 -40
-9 -40
-9 -40
-9 -40
-9 -40
-9 -40
-9 -40
-9 -40
-9 -40
-9 -40
-9 -40
-9 -40
-9 -40
-9 -40
-9 -46
-9 -46
-9 -46
-9 -46
-9 -46
-9 -46
-9 -46
-9 -46
-9 -46
-9 -46
-9 -46
-9 -46
-9 -46
-9 -46
-9 -46
-9 -46
-9 -46
-9 -46
-9 -46
-9 -46
-9 -46
-9 -46
-9 -46
-9 -46
-9 -46
-9 -46
-9 -46
-9 -46
-9 -46
-9 -46
-9 -46
-9 -46
-9 -46
-9 -46
-9 -46
-9 -46
-9 -46
-13 -37
-13 -37
-13 -37
-13 -37
-13 -37
-13 -37
-13 -37
-13 -37
-13 -37
-13 -37
-13 -37
-13 -37
-13 -37
-13 -37
-13 -37
-13 -37
-13 -37
-13 -37
-13 -37
-13 -37
-13 -37
-13 -37
-13 -37
-13 -37
-13 -37
-13 -37
-13 -37
-13 -37
-13 -37
-13 -37
-13 -37
-13 -37
-13 -37
-13 -37
-13 -37
-13 -37
-13 -37
-13 -37
-13 -37
-13 -37
-13 -37
-9 -35
-11 -31
-11 -31
-11 -31
-11 -31
-11 -31
-11 -31
-11 -31
-11 -31
-11 -31
-11 -31
-11 -31
-11 -31
-11 -31
-11 -31
-11 -31
-11 -31
-11 -31
-11 -31
-11 -31
-11 -31
-11 -31
-11 -31
-11 -31
-11 -31
-11 -31
-11 -31
-11 -31
-11 -31
-11 -31
-11 -31
-11 -31
-11 -31
-9 -33
-9 -33
-9 -33
-9 -33
-9 -33
-9 -33
-9 -33
-9 -33
-9 -33
-9 -33
-9 -33
-9 -33
-9 -33
-9 -33
-9 -33
-9 -33
-9 -33
-9 -33
-9 -33
-11 -27
-11 -27
-11 -27
-11 -27
-11 -27
-11 -27
-11 -27
-11 -27
-11 -27
-11 -27
-11 -27
-11 -27
-11 -27
-11 -27
-11 -27
-11 -27
-11 -27
-11 -27
-11 -27
-11 -27
-11 -27
-11 -27
-11 -27
-11 -27
-11 -27
-11 -27
-11 -27
-11 -27
-11 -27
-11 -27
-11 -27
-11 -27
-11 -27
-11 -27
-11 -27
-11 -27
-11 -27
-11 -27
-11 -27
-11 -27
-11 -27
-11 -27
-11 -27
-11 -27
-8 -20
-10 -20
-10 -20
-10 -20
-10 -20
-10 -20
-10 -20
-10 -20
-10 -20
-10 -20
-10 -20
-10 -20
-10 -20
-10 -20
-10 -20
-10 -20
-10 -20
-10 -20
-10 -20
-10 -20
-10 -20
-10 -20
-10 -20
-10 -20
-10 -20
-10 -20
-10 -20
-10 -20
-10 -20
-10 -20
-10 -20
-10 -20
-10 -20
-10 -20
-10 -20
-10 -20
-10 -20
-10 -20
-10 -20
-10 -20
-10 -20
-10 -20
-10 -20
-10 -20
-10 -20
-10 -20
-10 -20
-10 -20
-10 -20
-10 -20
-10 -20
-10 -20
-10 -20
-10 -20
-10 -20
-10 -20
-10 -20
-10 -20
-10 -20
-10 -20
-10 -20
-10 -20
-10 -20
-10 -20
-10 -20
-10 -20
-10 -20
-10 -20
-10 -20
-10 -20
-10 -20
-10 -20
-10 -20
-10 -20
-10 -20
-10 -20
-10 -20
-10 -20
-10 -20
-10 -20
-11 -24
-7 -22
-7 -22
-8 -17
-8 -17
-8 -17
-8 -17
-8 -17
-8 -17
-8 -17
-8 -17
-8 -17
-8 -17
-8 -17
-8 -17
-8 -17
-8 -17
-4 -12
-4 -12
-4 -12
-4 -12
-4 -12
-4 -12
-4 -12
-4 -12
-4 -12
-4 -12
-4 -12
-4 -12
-4 -9
-4 -9
-4 -9
-4 -9
-4 -9
-4 -9
-4 -9
-4 -9
-4 -9
-4 -9
-4 -9
-4 -9
-4 -9
-4 -9
-4 -9
-4 -9
-4 -9
-4 -9
-4 -9
-4 -9
-4 -9
-4 -9
-4 -9
-4 -9
-4 -9
-4 -9
-4 -9
-4 -9
-4 -9
-4 -9
-4 -9
-4 -9
-4 -9
-4 -9
-4 -9
-4 -9
-4 -9
-4 -9
-4 -9
-4 -9
-4 -9
-4 -9
-4 -9
-4 -9
-4 -9
-4 -9
-4 -9
-4 -9
-4 -9
-4 -9
-4 -9
-4 -9
-4 -9
-3 -3
-3 -3
-3 -3
-3 -3
-3 -3
-3 -3
-3 -3
-3 -3
-3 -3
-3 -3
-3 -3
-3 -3
-3 -3
-3 -3
-3 -3
-3 -3
-3 -3
-3 -3
-3 -3
-3 -3
-3 -3
-3 -3
-3 -3
-3 -3
-3 -3
-3 -3
-3 -3
0 -5
0 -1
0 -1
0 -1
0 -1
0 -1
0 -1
0 -1
0 -1
0 -1
0 -1
0 -1
0 -1
0 -1
0 -1
0 -1
0 -1
0 -1
0 -1
0 -1
0 -1
0 -1
0 -1
0 -1
0 -1
0 -1
0 -1
0 -1
0 -1
0 -1
0 -1
0 -1
0 -1
0 -1
0 -1
0 -1
0 -1
0 -1
0 -1
0 -1
0 -1
0 -1
0 -1
0 -1
0 -1
0 -1
0 -1
0 -1
0 -1
0 -1
0 -1
0 -1
0 -1
0 -1
0 -1
0 -1
0 -1
0 -1
0 -1
0 -1
0 -1
0 -1
0 -1
0 -1
0 -1
0 -1
0 -1
0 -1
0 -1
0 -1
0 -1
0 -1
0 -1
0 -1
0 -1
0 -1
0 -1
0 -1
0 -1
0 -1
0 -1
0 -1
0 -1
0 -1
0 -1
0 -1
0 -1
0 -1
0 -1
0 -1
0 -1
0 -1
0 -1
0 -1
0 -1
0 -1
0 -1
0 -1
0 -1
0 -1
0 -1
0 -1
0 -1
0 -1
0 -1
0 -1
0 -1
0 -1
0 -1
0 -1
0 -1
0 -1
0 -1
0 -1
0 -1
0 -1
0 -1
0 -1
0 -1
0 -1
0 -1
0 -1
0 -1
0 -1
0 -1
0 -1
0 -1
0 -1
0 -1
0 -1
0 -1
0 -1
0 -1
0 -1
0 -1
0 -1
0 -1
0 -1
0 -1
0 -1
0 -1
0 -1
0 -1
0 -1
0 -1
0 -1
0 -1
0 -1
0 -1
0 -1
0 -1
0 -1
0 -1
0 -1
0 -1
0 -1
0 -1
0 -1
0 -1
0 -1
0 -1
0 -1
0 -1
0 -1
0 -1
0 -1
0 -1
0 -1
0 -1
0 -1
0 -1
0 -1
0 -1
0 -1
0 -1
0 -1
0 -1
0 -1
0 -1
0 -1
0 -1
0 -1
0 -1
0 -1
0 -1
0 -1
0 -1
0 -1
0 -1
0 -1
0 -1
0 -1
0 -1
0 -1
0 -1
0 -1
0 -1
0 -1
0 -1
0 -1
0 -1
0 -1
0 -1
0 -1
0 -1
0 -1
0 -1
0 -1
0 -1
0 -1
0 -1
0 -1
0 -1
0 -1
0 -1
0 -1
0 -1
0 -1
0 -1
0 -1
0 -1
0 -1
0 -1
0 -1
0 -1
0 -1
0 -1
0 -1
0 -1
0 -1
0 -1
0 -1
0 -1
0 -1
0 -1
0 -1
0 -1
0 -1
0 -1
0 -1
0 -1
0 -1
0 -1
0 -1
0 -1
0 -1
0 -1
0 -1
0 -1
0 -1
0 -1
0 -1
0 -1
0 -1
0 -1
0 -1
0 -1
0 -1
0 -1
0 -1
0 -1
0 -1
0 -1
0 -1
0 -1
0 1
0 1
0 1
0 1
0 1
0 1
0 1
0 1
2 0
2 0
2 0
2 0
2 0
2 0
2 0
2 0
2 0
2 0
2 0
2 0
2 0
0 1
0 1
0 1
0 1
0 1
0 1
0 1
0 1
0 1
0 1
0 1
0 1
0 1
0 1
0 1
0 1
0 1
0 1
0 1
0 1
0 1
0 1
0 1
0 1
0 1
0 1
0 1
0 1
0 1
0 1
0 1
0 1
0 1
0 1
0 1
0 1
0 1
0 1
0 1
0 1
0 1
0 1
0 1
0 1
0 1
0 1
0 1
0 1
0 1
0 1
0 1
0 1
0 1
0 1
0 1
0 1
0 1
0 1
0 1
0 1
0 1
0 1
0 1
0 1
0 1
0 1
0 1
0 1
0 1
0 1
0 1
0 1
0 1
0 1
0 1
0 1
0 1
0 1
0 1
0 1
0 1
0 1
0 1
0 1
0 1
0 1
0 1
0 1
0 1
0 1
0 1
0 1
0 1
0 1
0 1
0 1
0 1
0 1
0 1
0 1
0 1
0 1
0 1
0 1
0 1
0 1
0 1
0 1
0 1
0 1
0 1
0 1
0 1
0 1
0 1
0 1
0 1
0 1
0 1
1 0
1 0
1 0
1 0
1 0
1 0
1 0
1 0
1 0
1 0
1 0
1 0
1 0
1 0
1 0
1 0
1 0
1 0
1 0
1 0
1 0
1 0
1 0
1 0
1 0
1 0
1 0
1 0
1 0
1 0
1 0
1 0
1 0
1 0
1 0
1 0
1 0
1 0
1 0
1 0
1 0
1 0
1 0
1 0
1 0
1 0
1 0
1 0
1 0
1 0
1 0
1 0
1 0
1 0
1 0
1 0
1 0
1 0
1 0
1 0
1 0
1 0
1 0
1 0
1 0
1 0
1 0
1 0
1 0
0 1
0 1
0 1
0 1
0 1
0 1
0 1
0 1
0 1
0 1
0 1
0 1
0 1
0 1
0 1
0 1
0 1
0 1
0 1
0 1
0 1
0 1
0 1
0 1
0 1
0 1
0 1
0 1
0 1
0 1
0 1
0 1
0 1
0 1
0 1
0 1
0 1
0 1
0 1
0 1
0 1
0 1
0 1
0 1
0 1
0 1
0 1
0 1
0 1
0 1
0 1
0 1
0 1
0 1
0 1
0 1
0 1
0 1
0 1
0 1
0 1
0 1
0 1
0 1
0 1
0 1
0 1
0 1
0 1
0 1
0 1
0 1
0 1
0 1
0 1
0 1
0 1
0 1
0 1
0 1
0 1
0 1
0 1
0 1
0 1
0 1
0 1
0 1
0 1
0 1
0 1
0 1
0 1
0 1
0 1
0 1
0 1
0 1
0 1
0 1
0 1
0 1
0 1
0 1
0 1
0 1
0 1
0 1
0 1
0 1
0 1
0 1
0 1
0 1
0 1
0 1
0 1
0 1
0 1
0 1
0 1
0 1
0 1
0 1
0 1
0 1
0 1
0 1
0 1
0 1
0 1
0 1
0 1
0 1
0 1
0 1
0 1
0 1
0 1
0 1
0 1
0 1
0 1
0 1
0 1
0 1
0 1
0 1
0 1
0 1
0 1
0 1
0 1
0 1
0 1
0 1
0 1
0 1
0 1
0 1
0 1
0 1
0 1
0 1
0 1
0 1
0 1
0 1
0 1
0 1
0 1
0 1
0 1
0 1
0 1
0 1
0 1
0 1
0 1
0 1
0 1
0 1
0 1
0 1
0 1
0 1
0 1
0 1
0 1
0 1
0 1
0 1
0 1
0 1
0 1
0 1
0 1
0 1
0 1
0 1
0 1
0 1
0 1
0 1
0 1
0 1
0 1
0 1
0 1
0 1
0 1
0 1
0 1
0 1
0 1
0 1
0 1
0 1
0 1
0 1
0 1
0 1
0 1
0 1
0 1
0 1
0 1
0 1
0 1
0 1
0 1
0 1
0 1
0 1
0 1
0 1
0 1
0 1
0 1
0 1
0 1
0 1
0 1
0 1
0 1
0 1
0 1
0 1
0 1
0 1
0 1
0 1
0 1
0 1
0 1
0 1
0 1
0 1
0 1
0 1
0 1
0 1
0 1
0 1
0 1
0 1
0 1
0 1
0 1
0 1
0 1
0 1
0 1
0 1
0 1
0 1
0 1
0 1
0 1
0 1
0 1
0 1
0 1
0 1
0 1
0 1
0 1
0 1
0 1
0 1
0 1
0 1
0 1
0 1
0 1
0 1
0 1
0 1
0 1
0 1
0 1
0 1
0 1
0 1
0 1
0 1
0 1
0 1
0 1
0 1
0 1
0 1
0 1
0 1
0 1
0 1
0 1
0 1
0 1
0 1
0 1
0 1
0 1
0 1
0 1
0 1
0 1
0 1
0 1
0 1
0 1
0 1
0 1
0 1
0 1
0 1
0 1
0 1
0 1
0 1
0 1
0 1
0 1
0 1
0 1
0 1
0 1
0 1
0 1
0 1
0 1
0 1
0 1
0 1
0 1
0 1
0 1
0 1
0 1
0 1
0 1
0 1
0 1
0 1
0 1
0 1
0 1
0 1
0 1
0 1
0 3
0 3
0 3
0 3
0 3
0 3
0 3
0 3
0 3
0 3
0 3
0 3
0 3
0 3
0 3
0 3
0 3
0 3
0 3
1 2
1 2
1 2
0 2
0 2
0 2
0 2
0 2
0 2
0 2
0 2
0 2
0 2
0 2
0 2
0 2
0 2
0 2
0 2
0 2
0 2
0 2
0 2
0 2
0 2
0 2
0 2
0 2
0 2
0 2
0 2
0 2
0 2
0 2
0 2
0 2
0 2
0 2
0 2
0 2
0 2
0 2
0 2
0 2
0 2
0 2
0 2
0 2
0 2
0 2
0 2
0 2
0 2
0 2
0 2
0 2
0 2
0 2
0 1
0 1
0 1
0 1
0 1
0 1
0 1
0 1
0 1
0 1
0 1
0 1
0 1
0 1
0 1
0 1
0 1
0 1
0 1
0 1
0 1
0 1
0 1
0 1
0 1
0 1
0 1
0 1
0 1
0 1
0 1
0 1
0 1
0 1
0 1
0 1
0 1
0 1
0 1
0 1
0 1
0 1
0 1
0 1
0 1
0 1
0 1
0 1
0 1
0 1
0 1
0 1
0 1
0 1
0 1
0 1
0 1
0 1
0 1
0 1
0 1
0 1
0 1
0 1
0 1
0 1
0 1
0 1
0 1
0 1
0 1
0 1
0 1
0 1
0 1
0 1
0 1
0 1
0 1
0 1
0 1
0 1
0 1
0 1
0 1
0 1
0 1
0 1
0 1
0 1
0 1
0 1
0 1
0 1
0 1
0 1
0 1
0 1
0 1
0 1
0 1
0 1
0 1
0 1
0 1
0 1
0 1
0 1
0 1
0 1
0 1
0 1
0 1
0 1
0 1
0 1
0 1
0 1
0 1
0 1
0 1
0 1
0 1
0 1
0 1
0 1
0 1
0 1
0 1
0 1
0 1
0 1
0 1
0 1
0 1
0 1
0 1
0 1
0 1
0 1
0 1
0 1
0 1
0 1
0 1
0 1
0 1
0 1
0 1
0 1
0 1
0 1
0 1
0 1
0 1
0 1
0 1
0 1
0 1
0 1
0 1
0 1
0 1
0 1
0 1
0 1
0 1
0 1
0 1
0 1
0 1
0 1
0 1
0 1
0 1
0 1
0 1
0 1
0 1
0 1
0 1
0 1
0 1
0 1
0 1
0 1
0 1
0 1
0 1
0 1
0 1
0 1
0 1
0 1
0 1
0 1
0 1
0 1
0 1
0 1
0 1
0 1
0 1
0 1
0 1
0 1
0 1
0 1
0 1
0 1
0 1
0 1
0 1
0 1
0 1
0 1
0 1
0 1
0 1
0 1
0 1
0 1
0 1
0 1
0 1
0 1
0 1
0 1
0 1
0 1
0 1
0 1
0 1
0 1
0 1
0 1
0 1
0 1
0 1
0 1
0 1
0 1
0 1
0 1
0 1
0 1
0 1
0 1
0 1
0 1
0 1
0 1
0 1
0 1
0 1
0 1
0 1
0 1
0 1
0 1
0 1
0 1
0 1
0 1
0 1
0 1
0 1
0 1
0 1
0 1
0 1
0 1
0 1
0 1
0 1
0 1
0 1
0 1
0 1
0 1
0 1
0 1
0 1
0 1
0 1
0 1
0 1
0 1
0 1
0 1
0 1
0 1
0 1
0 1
0 1
0 1
0 1
0 1
0 1
0 1
0 1
0 1
0 1
0 1
0 1
0 1
0 1
0 1
0 1
0 1
0 1
0 1
0 1
0 1
0 1
0 1
0 1
0 1
0 1
0 1
0 1
0 1
0 1
0 1
0 1
0 1
0 1
0 1
0 1
0 1
0 1
0 1
0 1
0 1
0 1
0 1
0 1
0 1
0 1
0 1
0 1
0 1
0 1
0 1
0 1
0 1
0 1
0 1
0 1
0 1
0 1
0 1
0 1
0 1
0 1
0 1
0 1
0 1
0 1
0 1
0 1
0 1
0 1
0 1
0 1
0 1
0 1
0 1
0 1
0 1
0 1
0 1
0 1
0 1
0 1
0 1
0 1
0 1
0 1
0 1
0 1
0 1
0 1
0 1
0 1
0 1
0 1
0 1
0 1
0 1
0 1
0 1
0 1
0 1
0 1
0 1
0 1
0 1
0 1
0 1
0 1
0 1
0 1
0 1
0 1
0 1
0 1
0 1
0 1
0 1
0 1
