1 0
1 0
1 0
1 0
1 0
1 0
1 0
1 0
1 0
1 0
1 0
1 0
1 0
1 0
1 0
1 0
1 0
1 0
1 0
1 0
1 0
1 0
1 0
1 0
1 0
1 0
1 0
1 0
1 0
1 0
1 0
1 0
1 0
1 0
1 0
1 0
1 0
1 0
1 0
1 0
1 0
1 0
1 0
1 0
1 0
1 0
1 0
1 0
1 0
1 0
1 0
1 0
1 0
1 0
1 0
1 0
1 0
1 0
1 0
1 0
1 0
1 0
1 0
1 0
1 0
1 0
1 0
1 0
1 0
0 5
0 5
0 5
0 5
0 5
0 5
0 5
0 5
0 5
0 5
0 5
0 5
0 5
0 5
0 5
0 5
0 5
0 5
0 5
0 5
0 5
0 5
0 5
0 5
0 5
0 5
0 5
0 5
0 5
0 5
0 5
0 5
0 5
0 5
0 5
0 5
0 5
0 5
-1 13
-5 21
-5 21
-5 21
-5 21
-5 21
-5 21
-5 21
-5 21
-5 21
-5 21
-5 21
-5 21
-5 21
-5 21
-5 21
-7 27
-7 27
-7 27
-7 27
-7 27
-7 27
-7 27
-7 27
-7 27
-7 27
-7 27
-7 27
-7 27
-7 27
-7 27
-7 27
-7 27
-7 27
-7 27
-7 27
-7 27
-7 27
-7 27
-7 27
-7 27
-7 27
-7 27
-7 27
-7 27
-7 27
-7 27
-7 27
-7 27
-7 27
-7 27
-7 27
-7 27
-7 27
-7 27
-7 27
-7 27
-7 27
-6 27
-6 27
-6 27
-6 27
-6 27
-6 27
-6 27
-6 27
-6 27
-6 27
-6 27
-6 27
-6 27
-6 27
-6 27
-6 27
-6 27
-6 27
-6 27
-6 27
-6 27
-6 27
-15 43
-15 43
-15 43
-15 43
-15 43
-15 43
-15 43
-15 43
-15 43
-15 43
-15 43
-15 43
-15 43
-15 43
-15 43
-15 43
-15 43
-15 43
-15 43
-15 43
-15 43
-15 43
-15 43
-15 43
-15 43
-15 43
-15 43
-15 43
-15 43
-15 43
-15 43
-15 43
-15 43
-15 43
-15 43
-15 43
-15 43
-15 43
-15 43
-15 43
-15 43
-15 43
-15 43
-15 43
-15 43
-15 43
-15 43
-15 43
-15 43
-20 52
-20 52
-20 52
-20 52
-20 52
-20 52
-20 52
-20 52
-20 52
-20 52
-20 52
-20 52
-20 52
-20 52
-20 52
-20 52
-20 52
-20 52
-20 52
-20 52
-20 52
-20 52
-20 52
-20 52
-20 52
-20 52
-20 52
-20 52
-20 52
-20 52
-20 52
-20 52
-20 52
-20 52
-20 52
-20 52
-20 52
-20 52
-20 52
-20 52
-20 52
-20 52
-20 52
-20 52
-20 52
-20 52
-20 52
-20 52
-20 52
-20 52
-20 52
-20 52
-20 52
-20 52
-20 52
-20 52
-20 52
-20 52
-20 52
-20 52
-20 52
-20 52
-20 52
-20 52
-20 52
-20 52
-18 72
-27 81
-27 81
-27 81
-27 81
-27 81
-27 81
-27 81
-27 81
-27 81
-27 81
-27 81
-27 81
-27 81
-27 81
-27 81
-27 81
-27 81
-27 81
-27 81
-27 81
-27 81
-27 81
-27 73
-27 73
-27 73
-27 73
-27 73
-27 73
-27 73
-27 73
-27 73
-27 73
-27 73
-27 73
-27 73
-27 73
-27 73
-27 73
-27 73
-27 73
-27 73
-27 73
-27 73
-27 73
-27 73
-27 73
-24 92
-24 92
-24 92
-24 92
-24 92
-24 92
-24 92
-24 92
-24 92
-24 92
-24 92
-24 92
-24 92
-24 92
-24 92
-24 92
-24 92
-24 92
-24 92
-24 92
-24 92
-24 92
-24 92
-24 92
-24 92
-24 92
-24 92
-24 92
-24 92
-24 92
-24 92
-24 92
-24 92
-24 92
-24 92
-24 92
-24 92
-24 92
-24 92
-24 92
-24 92
-24 92
-24 92
-24 92
-24 92
-24 92
-24 92
-24 92
-24 92
-24 92
-24 92
-24 92
-24 92
-24 92
-24 92
-24 92
-24 92
-24 92
-24 92
-24 92
-24 92
-24 92
-24 92
-24 92
-24 92
-24 92
-24 92
-24 92
-24 92
-24 92
-24 92
-24 92
-24 92
-24 92
-24 92
-24 92
-24 92
-24 92
-24 92
-24 92
-24 92
-24 92
-24 92
-24 92
-24 92
-24 92
-24 92
-24 92
-24 92
-24 92
-24 92
-24 92
-24 92
-24 92
-26 97
-41 99
-41 99
-41 99
-41 99
-41 99
-41 99
-41 99
-41 99
-41 99
-41 99
-41 99
-41 99
-41 99
-41 99
-41 99
-41 99
-41 99
-41 99
-41 99
-41 99
-41 99
-41 99
-21 97
-21 97
-21 97
-21 97
-21 97
-21 97
-21 97
-21 97
-21 97
-21 97
-21 97
-21 97
-21 97
-21 97
-21 97
-21 97
-21 97
-21 97
-21 97
-21 97
-21 97
-21 97
-21 97
-21 97
-21 97
-21 97
-21 97
-21 97
-21 97
-21 97
-21 97
-21 97
-21 97
-21 97
-21 97
-21 97
-21 97
-21 97
-21 97
-21 97
-21 97
-21 97
-21 97
-21 97
-21 97
-21 97
-21 97
-21 97
-21 97
-21 97
-14 93
-14 93
-14 93
-14 93
-14 93
-14 93
-14 93
-14 93
-14 93
-14 93
-14 93
-14 93
-14 93
-14 93
-14 93
-14 93
-14 93
-14 93
-14 93
-14 93
-14 93
-6 89
-6 89
-6 89
-6 89
-6 89
-6 89
-6 89
-6 89
-6 89
-6 89
-6 89
-6 89
-6 89
-6 89
-6 89
-6 89
-6 89
-6 89
-6 89
-6 89
-6 89
-6 89
-6 89
-6 89
-6 89
-6 89
-6 89
-6 89
-6 89
-6 89
-6 89
-6 89
-6 89
-6 89
-6 89
-6 89
-6 89
-6 89
-6 89
-6 89
-6 89
-6 89
-6 89
-6 89
-6 89
-6 89
-6 89
-6 89
-6 89
-6 89
-6 89
-6 89
-6 89
-6 89
-6 89
-5 92
-5 92
-5 92
-5 92
-5 92
-5 92
-5 92
-5 92
-5 92
-5 92
-5 92
-5 92
-5 92
-5 92
-5 92
-5 92
-5 92
-5 92
-5 92
-5 92
-5 92
-5 92
-5 92
-5 92
-5 92
-5 92
-5 92
-5 92
-5 92
-5 92
-5 92
-5 92
-5 92
-5 92
-5 92
-5 92
-5 92
-5 92
-5 92
-5 92
9 96
9 96
9 96
9 96
9 96
9 96
9 96
9 96
9 96
9 96
9 96
9 96
9 96
9 96
9 96
9 96
9 96
9 96
9 96
9 96
9 96
9 96
9 96
9 96
9 96
9 96
9 96
9 96
9 96
9 96
9 96
9 96
9 96
9 96
9 96
9 96
9 96
9 96
9 96
9 96
20 92
20 92
20 92
20 92
20 92
20 92
20 92
20 92
20 92
20 92
20 92
20 92
20 92
20 92
20 92
20 92
20 92
20 92
20 92
20 92
20 92
20 92
20 92
20 92
20 92
20 92
20 92
20 92
20 92
20 92
20 92
20 92
20 92
20 92
20 92
20 92
20 92
20 92
35 90
35 90
35 90
35 90
35 90
35 90
35 90
35 90
35 90
35 90
35 90
35 90
35 90
35 90
35 90
35 90
35 90
35 90
35 90
35 90
35 90
35 90
46 89
46 89
46 89
46 89
46 89
46 89
46 89
46 89
46 89
46 89
46 89
46 89
46 89
46 89
46 89
46 89
46 89
46 89
46 89
46 89
46 89
46 89
46 89
46 89
46 89
46 89
66 74
66 74
66 74
66 74
66 74
66 74
66 74
66 74
66 74
66 74
66 74
66 74
66 74
66 74
66 74
66 74
66 74
66 74
66 74
66 74
66 74
66 74
66 74
66 74
66 74
66 74
66 74
66 74
66 74
66 74
66 74
66 74
66 74
66 74
66 74
66 74
66 74
66 74
66 74
66 74
66 74
66 74
66 74
66 74
66 74
66 74
66 74
66 74
81 80
81 80
81 80
81 80
81 80
81 80
81 80
81 80
81 80
81 80
81 80
81 80
81 80
81 80
81 80
81 80
81 80
81 80
81 80
81 80
81 80
81 80
81 80
81 80
81 80
81 80
81 80
81 80
81 80
81 80
81 80
81 80
81 80
81 80
81 80
81 80
81 80
81 80
81 80
81 80
81 80
81 80
81 80
81 80
81 80
81 80
81 80
81 80
75 82
79 78
79 78
79 78
79 78
79 78
79 78
79 78
79 78
79 78
79 78
79 78
79 78
79 78
79 78
79 78
79 78
79 78
79 78
79 78
79 78
79 78
79 78
79 78
79 78
79 78
79 78
79 78
79 78
79 78
79 78
79 78
79 78
79 78
79 78
79 78
79 78
79 78
79 78
79 78
79 78
79 78
79 78
79 78
82 87
82 87
82 87
82 87
82 87
82 87
82 87
82 87
82 87
82 87
82 87
82 87
82 87
82 87
82 87
82 87
82 87
82 87
82 87
82 87
83 72
83 72
83 72
83 72
83 72
83 72
83 72
83 72
83 72
83 72
83 72
83 72
83 72
83 72
83 72
83 72
83 72
83 72
83 72
83 72
83 72
83 72
83 72
83 72
83 72
83 72
83 72
83 72
83 72
83 72
83 72
83 72
83 72
83 72
83 72
83 72
83 72
83 72
83 72
83 72
83 72
83 72
83 72
83 72
85 69
85 69
85 69
85 69
85 69
85 69
85 69
85 69
85 69
85 69
85 69
85 69
85 69
85 69
85 69
85 69
85 69
85 69
85 69
85 69
85 69
85 69
85 69
85 69
85 69
85 69
85 69
85 69
85 69
85 69
85 69
85 69
85 69
85 69
85 69
85 69
85 69
85 69
85 69
85 69
85 69
85 69
85 69
85 69
85 69
85 69
85 69
85 69
85 69
79 55
74 61
74 61
74 61
74 61
74 61
74 61
74 61
74 61
74 61
74 61
74 61
74 61
74 61
74 61
74 61
74 61
74 61
74 61
74 61
74 61
74 61
74 61
74 61
74 61
74 61
74 61
74 61
74 61
74 61
74 61
74 61
74 61
74 61
74 61
74 61
74 61
74 61
74 61
74 61
74 61
74 61
74 61
74 61
74 61
74 61
74 61
74 61
65 41
65 41
65 41
65 41
65 41
65 41
65 41
65 41
65 41
65 41
65 41
65 41
65 41
65 41
65 41
65 41
65 41
65 41
65 41
98 46
98 46
98 46
98 46
98 46
98 46
98 46
98 46
98 46
98 46
98 46
98 46
98 46
98 46
98 46
98 46
98 46
98 46
91 34
91 34
91 34
91 34
91 34
91 34
91 34
91 34
91 34
91 34
91 34
91 34
91 34
91 34
91 34
91 34
91 34
91 34
91 34
91 34
91 34
91 34
91 34
91 34
91 34
91 34
91 34
91 34
91 34
91 34
91 34
91 34
91 34
91 34
91 34
91 34
91 34
91 34
91 34
91 34
91 34
91 34
91 34
96 23
96 23
96 23
96 23
96 23
96 23
96 23
96 23
96 23
96 23
96 23
96 23
96 23
96 23
96 23
96 23
96 23
96 23
96 23
96 23
96 23
96 23
96 23
96 23
96 23
96 23
96 23
96 23
96 23
96 23
96 23
96 23
96 23
96 23
96 23
96 23
96 23
96 23
96 23
96 23
96 23
96 23
96 23
96 23
96 23
96 23
96 23
96 23
96 23
96 23
96 23
96 23
96 23
110 19
110 19
110 19
110 19
110 19
110 19
110 19
110 19
110 19
110 19
110 19
110 19
110 19
110 19
110 19
110 19
110 19
110 19
110 19
110 19
110 19
110 19
110 19
110 19
110 19
112 5
112 5
112 5
112 5
112 5
112 5
112 5
112 5
112 5
112 5
112 5
112 5
112 5
112 5
112 5
112 5
112 5
112 5
112 5
112 5
112 5
112 5
112 5
112 5
120 12
120 12
120 12
120 12
120 12
120 12
120 12
120 12
120 12
120 12
120 12
120 12
120 12
120 12
120 12
120 12
120 12
120 12
120 12
120 12
120 12
120 12
120 12
120 12
110 -1
110 -1
110 -1
110 -1
110 -1
110 -1
110 -1
110 -1
110 -1
110 -1
110 -1
110 -1
110 -1
110 -1
110 -1
110 -1
110 -1
110 -1
110 -1
110 -1
110 -1
110 -1
110 -1
110 -1
110 -1
110 -1
110 -1
110 -1
110 -1
110 -1
110 -1
110 -1
110 -1
110 -1
110 -1
110 -1
110 -1
110 -1
110 -1
110 -1
110 -1
110 -1
110 -1
110 -1
110 -1
110 -1
110 -1
110 -1
110 -1
110 -1
109 1
109 1
109 1
109 1
109 1
109 1
109 1
109 1
109 1
109 1
109 1
109 1
109 1
109 1
109 1
109 1
109 1
109 1
109 1
109 1
109 1
109 1
109 1
109 1
109 1
109 1
109 1
109 1
109 1
109 1
109 1
109 1
109 1
109 1
109 1
109 1
109 1
109 1
109 1
109 1
109 1
108 -10
108 -10
108 -10
108 -10
108 -10
108 -10
108 -10
108 -10
108 -10
108 -10
108 -10
108 -10
108 -10
108 -10
108 -10
108 -10
108 -10
108 -10
108 -10
108 -10
108 -10
108 -10
108 -10
108 -10
108 -10
108 -10
108 -10
108 -10
108 -10
108 -10
108 -10
108 -10
108 -10
108 -10
108 -10
108 -10
108 -10
97 -16
97 -16
97 -16
97 -16
97 -16
97 -16
97 -16
97 -16
97 -16
97 -16
97 -16
97 -16
97 -16
97 -16
97 -16
97 -16
97 -16
97 -16
97 -16
97 -16
97 -16
97 -16
97 -16
97 -16
97 -16
97 -16
97 -16
97 -16
97 -16
97 -16
97 -16
97 -16
97 -16
97 -16
97 -16
97 -16
97 -16
97 -16
97 -16
97 -16
97 -16
97 -16
108 -22
108 -22
108 -22
108 -22
108 -22
108 -22
108 -22
108 -22
108 -22
108 -22
108 -22
108 -22
108 -22
108 -22
108 -22
108 -22
108 -22
108 -22
108 -22
108 -22
108 -22
108 -22
108 -22
108 -22
108 -22
108 -22
108 -22
108 -22
108 -22
108 -22
108 -22
108 -22
108 -22
108 -22
108 -22
108 -22
108 -22
108 -22
108 -22
108 -22
108 -22
108 -22
108 -22
108 -22
108 -22
108 -22
108 -22
108 -22
108 -22
85 -43
85 -43
85 -43
85 -43
85 -43
85 -43
85 -43
85 -43
85 -43
85 -43
85 -43
85 -43
85 -43
85 -43
85 -43
85 -43
85 -43
85 -43
85 -43
85 -43
85 -43
85 -43
85 -43
85 -43
85 -43
85 -43
85 -43
85 -43
85 -43
85 -43
85 -43
85 -43
85 -43
85 -43
85 -43
85 -43
85 -43
85 -43
85 -43
85 -43
85 -43
85 -43
85 -43
85 -43
85 -43
85 -43
85 -43
85 -43
73 -55
73 -55
73 -55
73 -55
73 -55
73 -55
73 -55
73 -55
73 -55
73 -55
73 -55
73 -55
73 -55
73 -55
73 -55
73 -55
73 -55
73 -55
73 -55
73 -55
73 -55
73 -55
73 -55
73 -55
73 -55
73 -55
73 -55
73 -55
73 -55
73 -55
73 -55
73 -55
73 -55
73 -55
73 -55
73 -55
73 -55
73 -55
73 -55
73 -55
73 -55
73 -55
73 -55
73 -55
73 -55
60 -80
60 -80
60 -80
60 -80
60 -80
60 -80
60 -80
60 -80
60 -80
60 -80
60 -80
60 -80
60 -80
60 -80
60 -80
60 -80
60 -80
60 -80
60 -80
60 -80
60 -80
60 -80
60 -80
60 -80
60 -80
60 -80
60 -80
60 -80
60 -80
60 -80
60 -80
60 -80
60 -80
60 -80
60 -80
60 -80
60 -80
60 -80
60 -80
60 -80
60 -80
60 -80
60 -80
60 -80
60 -80
47 -74
47 -74
47 -74
47 -74
47 -74
47 -74
47 -74
47 -74
47 -74
47 -74
47 -74
47 -74
47 -74
47 -74
47 -74
47 -74
47 -74
47 -74
47 -74
47 -74
47 -74
47 -74
47 -74
47 -87
47 -87
47 -87
47 -87
47 -87
47 -87
47 -87
47 -87
47 -87
47 -87
47 -87
47 -87
47 -87
47 -87
47 -87
47 -87
47 -87
47 -87
47 -87
47 -87
47 -87
47 -87
47 -87
47 -87
47 -87
47 -87
47 -87
47 -87
47 -87
47 -87
47 -87
47 -87
47 -87
47 -87
47 -87
47 -87
47 -87
47 -87
47 -87
47 -87
47 -87
47 -87
47 -87
47 -87
47 -87
47 -87
47 -87
47 -87
47 -87
47 -87
47 -87
44 -98
44 -98
44 -98
44 -98
44 -98
44 -98
44 -98
44 -98
44 -98
44 -98
44 -98
44 -98
44 -98
44 -98
44 -98
44 -98
44 -98
44 -98
44 -98
44 -98
44 -98
44 -98
44 -98
44 -98
44 -98
44 -98
44 -98
44 -98
44 -98
44 -98
44 -98
44 -98
44 -98
44 -98
44 -98
44 -98
44 -98
44 -98
44 -98
44 -98
44 -98
44 -98
44 -98
44 -98
44 -98
44 -98
44 -98
44 -98
44 -98
44 -98
44 -98
44 -98
44 -98
28 -99
20 -96
20 -96
20 -96
20 -96
20 -96
20 -96
20 -96
20 -96
20 -96
20 -96
20 -96
20 -96
20 -96
20 -96
20 -96
20 -96
20 -96
20 -96
20 -96
20 -96
20 -96
20 -96
20 -96
20 -96
20 -96
20 -96
20 -96
20 -96
20 -96
20 -96
20 -96
20 -96
20 -96
20 -96
20 -96
20 -96
20 -96
20 -96
20 -96
20 -96
20 -96
20 -96
20 -96
20 -96
20 -96
20 -96
20 -96
20 -96
20 -96
20 -96
20 -96
20 -96
20 -96
20 -96
20 -96
20 -96
20 -96
20 -96
20 -96
20 -96
20 -96
20 -96
20 -96
20 -96
20 -96
20 -96
20 -96
20 -96
20 -96
20 -96
20 -96
20 -96
20 -96
20 -96
20 -96
20 -96
12 -110
12 -110
12 -110
12 -110
12 -110
12 -110
12 -110
12 -110
12 -110
12 -110
12 -110
12 -110
12 -110
12 -110
12 -110
12 -110
12 -110
12 -110
12 -110
12 -110
12 -110
4 -113
4 -113
4 -113
4 -113
4 -113
4 -113
4 -113
4 -113
4 -113
4 -113
4 -113
4 -113
4 -113
4 -113
4 -113
4 -113
4 -113
4 -113
4 -113
4 -113
4 -113
4 -113
4 -113
4 -113
4 -113
4 -113
4 -113
4 -113
4 -113
4 -113
4 -113
4 -113
4 -113
4 -113
4 -113
4 -113
4 -113
4 -113
4 -113
4 -113
4 -113
4 -113
4 -113
4 -113
4 -113
-4 -109
-4 -109
-4 -109
-4 -109
-4 -109
-4 -109
-4 -109
-4 -109
-4 -109
-4 -109
-4 -109
-4 -109
-4 -109
-4 -109
-4 -109
-4 -109
-4 -109
-4 -109
-4 -109
-4 -109
-4 -109
-4 -109
-4 -109
-4 -109
-4 -109
-4 -109
-4 -109
-4 -109
-4 -109
-4 -109
-4 -109
-4 -109
-4 -109
-4 -109
-4 -109
-4 -109
-4 -109
-4 -109
-4 -109
-4 -109
-4 -109
-4 -109
-4 -109
-4 -109
-4 -109
-4 -109
-4 -109
2 -112
2 -112
2 -112
2 -112
2 -112
2 -112
2 -112
2 -112
2 -112
2 -112
2 -112
2 -112
2 -112
2 -112
2 -112
2 -112
2 -112
2 -112
2 -112
2 -112
2 -112
2 -112
2 -112
2 -112
2 -112
2 -112
2 -112
2 -112
2 -112
2 -112
2 -112
2 -112
2 -112
2 -112
2 -112
2 -112
2 -112
2 -112
2 -112
2 -112
2 -112
-9 -109
-9 -109
-9 -109
-9 -109
-9 -109
-9 -109
-9 -109
-9 -109
-9 -109
-9 -109
-9 -109
-9 -109
-9 -109
-9 -109
-9 -109
-9 -109
-9 -109
-9 -109
-9 -109
-9 -109
-9 -109
-9 -109
-21 -118
-21 -118
-21 -118
-21 -118
-21 -118
-21 -118
-21 -118
-21 -118
-21 -118
-21 -118
-21 -118
-21 -118
-21 -118
-21 -118
-21 -118
-21 -118
-21 -118
-21 -118
-21 -118
-21 -118
-21 -118
-21 -118
-21 -118
-21 -118
-21 -118
-21 -118
-21 -118
-21 -118
-21 -118
-21 -118
-21 -118
-21 -118
-21 -118
-21 -118
-21 -118
-19 -112
-19 -112
-19 -112
-19 -112
-19 -112
-19 -112
-19 -112
-19 -112
-19 -112
-19 -112
-19 -112
-19 -112
-19 -112
-19 -112
-19 -112
-19 -112
-19 -112
-19 -112
-19 -112
-19 -112
-19 -112
-19 -112
-19 -112
-19 -112
-19 -112
-19 -112
-19 -112
-19 -112
-19 -112
-19 -112
-19 -112
-19 -112
-19 -112
-19 -112
-19 -112
-19 -112
-19 -112
-19 -112
-19 -112
-19 -112
-19 -112
-19 -112
-19 -112
-19 -112
-19 -112
-19 -112
-25 -108
-25 -108
-25 -108
-25 -108
-25 -108
-25 -108
-25 -108
-25 -108
-25 -108
-25 -108
-25 -108
-25 -108
-25 -108
-25 -108
-36 -110
-36 -110
-36 -110
-36 -110
-36 -110
-36 -110
-36 -110
-36 -110
-36 -110
-36 -110
-36 -110
-36 -110
-36 -110
-36 -110
-36 -110
-36 -110
-36 -110
-33 -101
-33 -101
-33 -101
-33 -101
-33 -101
-33 -101
-33 -101
-33 -101
-33 -101
-33 -101
-33 -101
-33 -101
-33 -101
-33 -101
-33 -101
-33 -101
-33 -101
-33 -101
-33 -101
-33 -101
-33 -101
-33 -101
-33 -101
-33 -101
-33 -101
-33 -101
-33 -101
-33 -101
-33 -101
-33 -101
-33 -101
-33 -101
-33 -101
-33 -101
-33 -101
-33 -101
-33 -101
-33 -101
-33 -101
-33 -101
-33 -101
-33 -101
-33 -101
-33 -101
-33 -101
-33 -101
-33 -101
-33 -101
-33 -101
-33 -101
-33 -101
-33 -101
-33 -101
-41 -96
-41 -96
-41 -96
-41 -96
-41 -96
-41 -96
-41 -96
-41 -96
-41 -96
-41 -96
-41 -96
-41 -96
-41 -96
-41 -96
-41 -96
-41 -96
-41 -96
-41 -96
-41 -96
-41 -96
-41 -96
-41 -96
-41 -96
-41 -96
-41 -96
-41 -96
-41 -96
-41 -96
-41 -96
-41 -96
-41 -96
-56 -79
-56 -79
-56 -79
-56 -79
-56 -79
-56 -79
-56 -79
-56 -79
-56 -79
-56 -79
-56 -79
-56 -79
-56 -79
-56 -79
-56 -79
-56 -79
-61 -86
-61 -86
-61 -86
-61 -86
-61 -86
-61 -86
-61 -86
-61 -86
-61 -86
-61 -86
-61 -86
-61 -86
-61 -86
-61 -86
-61 -86
-61 -86
-61 -86
-74 -91
-74 -91
-74 -91
-74 -91
-74 -91
-74 -91
-74 -91
-74 -91
-74 -91
-74 -91
-74 -91
-74 -91
-74 -91
-74 -91
-74 -91
-74 -91
-74 -91
-74 -91
-74 -91
-74 -91
-74 -91
-74 -91
-74 -91
-74 -91
-74 -91
-74 -91
-74 -91
-74 -91
-74 -91
-74 -91
-74 -91
-75 -75
-75 -75
-75 -75
-75 -75
-75 -75
-75 -75
-75 -75
-75 -75
-75 -75
-75 -75
-75 -75
-75 -75
-75 -75
-75 -75
-75 -75
-75 -75
-85 -64
-85 -64
-85 -64
-85 -64
-85 -64
-85 -64
-85 -64
-85 -64
-85 -64
-85 -64
-85 -64
-85 -64
-85 -64
-85 -64
-85 -64
-77 -59
-77 -59
-77 -59
-77 -59
-77 -59
-77 -59
-77 -59
-77 -59
-77 -59
-77 -59
-77 -59
-77 -59
-77 -59
-77 -59
-77 -59
-77 -59
-77 -59
-77 -59
-77 -59
-77 -59
-77 -59
-77 -59
-77 -59
-77 -59
-77 -59
-77 -59
-77 -59
-77 -59
-77 -59
-77 -59
-77 -59
-77 -59
-77 -59
-77 -59
-77 -59
-77 -59
-77 -59
-77 -59
-77 -59
-77 -59
-77 -59
-77 -59
-77 -59
-77 -59
-77 -59
-77 -59
-77 -59
-77 -59
-77 -59
-77 -59
-77 -59
-77 -59
-77 -59
-77 -59
-77 -59
-77 -59
-77 -59
-77 -59
-77 -59
-77 -59
-77 -59
-77 -59
-77 -59
-77 -59
-77 -59
-77 -59
-77 -59
-77 -59
-77 -59
-77 -59
-77 -59
-86 -43
-96 -26
-96 -26
-96 -26
-96 -26
-96 -26
-96 -26
-96 -26
-96 -26
-96 -26
-96 -26
-96 -26
-96 -26
-96 -26
-96 -26
-96 -26
-96 -26
-96 -26
-96 -26
-111 -5
-111 -5
-111 -5
-111 -5
-111 -5
-111 -5
-111 -5
-111 -5
-111 -5
-111 -5
-111 -5
-111 -5
-111 -5
-111 -5
-111 -5
-111 -5
-111 -5
-111 -5
-120 -7
-120 -7
-120 -7
-120 -7
-120 -7
-120 -7
-120 -7
-120 -7
-120 -7
-120 -7
-120 -7
-120 -7
-120 -7
-120 -7
-120 -7
-120 -7
-120 -7
-120 -7
-120 -7
-118 -3
-118 -3
-118 -3
-118 -3
-118 -3
-118 -3
-118 -3
-118 -3
-118 -3
-118 -3
-118 -3
-118 -3
-118 -3
-118 -3
-118 -3
-118 -3
-118 -3
-118 -3
-118 -3
-118 -3
-118 -3
-118 -3
-118 -3
-118 -3
-118 -3
-118 -3
-118 -3
-118 -3
-118 -3
-118 -3
-118 -3
-118 -3
-118 -3
-118 -3
-118 -3
-143 2
-143 2
-143 2
-143 2
-143 2
-143 2
-143 2
-143 2
-143 2
-143 2
-143 2
-143 2
-143 2
-143 2
-143 2
-143 2
-143 2
-143 2
-143 2
-143 2
-143 2
-143 2
-143 2
-143 2
-143 2
-143 2
-143 2
-143 2
-143 2
-143 2
-143 2
-143 2
-143 2
-143 2
-143 2
-143 2
-143 2
-143 2
-143 2
-143 2
-143 2
-143 2
-143 2
-141 13
-141 13
-141 13
-141 13
-141 13
-141 13
-141 13
-141 13
-141 13
-141 13
-131 10
-131 10
-131 10
-131 10
-131 10
-131 10
-131 10
-131 10
-131 10
-131 10
-131 10
-131 10
-131 10
-131 10
-131 10
-131 10
-122 18
-122 18
-122 18
-122 18
-122 18
-122 18
-122 18
-122 18
-122 18
-122 18
-122 18
-122 18
-122 18
-122 18
-122 18
-122 18
-122 18
-122 18
-122 18
-122 18
-122 18
-122 18
-122 18
-122 18
-122 18
-122 18
-122 18
-122 18
-122 18
-122 18
-117 32
-117 32
-117 32
-117 32
-117 32
-117 32
-117 32
-117 32
-117 32
-117 32
-117 32
-117 32
-117 32
-117 32
-117 32
-117 32
-117 32
-117 32
-117 32
-117 32
-117 32
-117 32
-117 32
-117 32
-117 32
-117 32
-117 32
-117 32
-117 32
-117 32
-117 32
-117 32
-117 32
-117 32
-117 32
-117 32
-117 32
-117 32
-117 32
-117 32
-117 32
-117 32
-117 32
-117 32
-117 32
-117 32
-117 32
-117 32
-117 32
-117 32
-117 32
-117 32
-117 32
-117 32
-117 32
-117 32
-117 32
-117 32
-117 32
-117 32
-117 32
-117 32
-117 32
-117 32
-117 32
-117 32
-117 32
-117 32
-117 32
-117 32
-117 32
-117 32
-117 32
-117 32
-117 32
-117 32
-117 32
-117 32
-109 60
-95 78
-95 78
-95 78
-95 78
-95 78
-95 78
-95 78
-95 78
-95 78
-95 78
-95 78
-95 78
-95 78
-95 78
-95 78
-95 78
-95 78
-95 78
-95 78
-90 84
-90 84
-90 84
-90 84
-90 84
-90 84
-90 84
-90 84
-90 84
-90 84
-90 84
-90 84
-90 84
-90 84
-90 84
-90 84
-90 84
-90 84
-90 84
-90 84
-90 84
-90 84
-90 84
-90 84
-90 84
-90 84
-90 84
-90 84
-90 84
-90 84
-90 84
-90 84
-90 84
-90 84
-90 84
-90 84
-90 84
-90 84
-90 84
-90 84
-90 84
-90 84
-90 84
-90 84
-90 84
-90 84
-90 84
-90 84
-90 84
-90 84
-90 84
-90 84
-90 84
-90 84
-90 84
-90 84
-90 84
-100 83
-89 87
-89 87
-89 87
-89 87
-89 87
-89 87
-89 87
-89 87
-89 87
-89 87
-89 87
-89 87
-89 87
-89 87
-89 87
-89 87
-89 87
-89 87
-89 87
-89 87
-89 87
-89 87
-89 87
-89 87
-89 87
-89 87
-89 87
-89 87
-89 87
-89 87
-89 87
-89 87
-89 87
-89 87
-89 87
-89 87
-89 87
-89 87
-89 87
-74 78
-74 78
-74 78
-74 78
-74 78
-74 78
-74 78
-74 78
-74 78
-74 78
-74 78
-74 78
-74 78
-74 78
-74 78
-74 78
-74 78
-74 78
-74 78
-74 78
-74 78
-74 78
-74 78
-74 78
-74 78
-74 78
-74 78
-74 78
-74 78
-74 78
-74 78
-74 78
-74 78
-74 78
-74 78
-40 55
-40 55
-40 55
-40 55
-40 55
-40 55
-40 55
-40 55
-40 55
-40 55
-40 55
-40 55
-40 55
-40 55
-40 55
-40 55
-40 55
-40 55
-40 55
-40 55
-40 55
-40 55
-40 55
-40 55
-40 55
-40 55
-40 55
-40 55
-40 55
-40 55
-40 55
-40 55
-40 55
-16 52
-16 52
-16 52
-16 52
-16 52
-16 52
-16 52
-16 52
-16 52
-16 52
-16 52
-16 52
-16 52
-16 52
-16 52
-16 52
-16 52
-16 52
-16 52
-16 52
-16 52
-16 52
-16 52
-16 52
-16 52
-16 52
-16 52
-16 52
-16 52
-16 52
-16 52
-16 52
-16 52
-16 52
-2 39
-2 39
-2 39
-2 39
-2 39
-2 39
-2 39
-2 39
-2 39
-2 39
-2 39
-2 39
-2 39
-2 39
-2 39
-2 39
-2 39
-2 39
-2 39
-2 39
-2 39
-2 39
-2 39
-2 39
-2 39
-2 39
-2 39
-2 39
-2 39
3 16
3 16
3 16
3 16
3 16
3 16
3 16
3 16
3 16
3 16
3 16
3 16
3 16
3 16
3 16
3 16
3 16
3 16
3 16
3 16
3 16
3 16
3 16
3 16
3 16
3 16
3 16
3 16
3 16
3 16
3 16
3 16
3 16
3 16
3 16
8 12
2 2
2 2
2 2
2 2
2 2
2 2
2 2
2 2
2 2
2 2
2 2
2 2
2 2
2 2
2 2
2 2
2 2
2 2
2 2
2 2
2 2
2 2
2 2
2 2
2 2
2 2
2 2
2 2
2 2
2 2
2 2
2 2
2 2
2 2
2 2
0 1
0 1
0 1
0 1
0 1
0 1
0 1
0 1
0 1
0 1
0 1
0 1
0 1
0 1
0 1
0 1
0 1
0 1
0 1
0 1
0 1
0 1
0 1
0 1
0 1
0 1
0 1
0 1
0 1
0 1
0 1
0 1
0 1
0 1
0 1
0 1
0 1
0 1
0 1
0 1
0 1
0 1
0 1
0 1
0 1
0 1
0 1
0 1
0 1
0 1
0 1
0 1
0 1
0 1
0 1
0 1
0 1
0 1
0 1
0 1
0 1
0 1
0 1
0 1
0 1
0 1
0 1
0 1
0 1
0 1
0 1
0 1
0 1
0 1
0 1
0 1
-2 0
-2 0
-2 0
-2 0
-2 0
-2 0
-2 0
-2 0
-2 0
-2 0
-2 0
-2 0
-2 0
-2 0
-2 0
-2 0
-2 0
-2 0
-2 0
-2 0
-2 0
-2 0
-2 0
-2 0
-2 0
-2 0
-2 0
-2 0
-2 0
-2 0
-2 0
-2 0
-2 0
-2 0
-2 0
-3 0
-3 0
-3 0
-3 0
-3 0
-3 0
-3 0
-3 0
-3 0
-3 0
-3 0
-3 0
-3 0
-3 0
-3 0
1 0
1 0
1 0
1 0
1 0
1 0
1 0
1 0
1 0
1 0
1 0
1 0
1 0
1 0
1 0
1 0
2 -1
2 -1
2 -1
2 -1
2 -1
2 -1
2 -1
2 -1
2 -1
2 -1
2 -1
2 -1
2 -1
2 -1
2 -1
2 -1
2 -1
2 -1
2 -1
2 -1
2 -1
2 -1
2 -1
2 -1
2 -1
2 -1
2 -1
2 -1
2 -1
2 -1
2 -1
2 -1
2 -1
2 -1
2 -1
2 -1
2 -1
2 -1
2 -1
2 -1
2 -1
2 -1
2 -1
2 -1
2 -1
2 -1
2 -1
2 -1
2 -1
2 -1
2 -1
2 -1
2 -1
2 -1
2 -1
2 -1
2 -1
2 -1
2 -1
2 -1
2 -1
2 -1
2 -1
2 -1
2 -1
2 -1
2 -1
2 -1
2 -1
2 -1
2 -1
2 -1
2 -1
2 -1
2 -1
2 -1
2 -1
1 0
1 0
1 0
1 0
1 0
1 0
1 0
1 0
1 0
1 0
1 0
1 0
1 0
1 0
1 0
1 0
1 0
1 0
1 0
1 0
1 0
1 0
1 0
1 0
1 0
1 0
1 0
1 0
1 0
1 0
1 0
1 0
1 0
1 0
1 0
1 0
1 0
1 0
1 0
1 0
1 0
1 0
1 0
1 0
1 0
1 0
1 0
1 0
1 0
1 0
1 0
1 0
1 0
1 0
1 0
1 0
1 0
1 0
1 0
1 0
1 0
1 0
1 0
1 0
1 0
1 0
1 0
1 0
1 0
1 0
1 0
1 0
1 0
1 0
1 0
1 0
1 0
1 0
1 0
1 0
1 0
1 0
1 0
1 0
1 0
1 0
1 0
1 0
1 0
1 0
1 0
1 0
1 0
1 0
1 0
1 0
1 0
1 0
1 0
1 0
1 0
1 0
1 0
1 0
1 0
1 0
1 0
1 0
1 0
1 0
1 0
1 0
1 0
1 0
1 0
1 0
1 0
1 0
1 0
1 0
1 0
1 0
1 0
1 0
1 0
1 0
1 0
1 0
1 0
1 0
1 0
1 0
1 0
1 0
1 0
1 0
1 0
1 0
1 0
1 0
1 0
1 0
1 0
1 0
1 0
1 0
1 0
1 0
1 0
1 0
1 0
1 0
1 0
1 0
1 0
1 0
1 0
1 0
1 0
1 0
1 0
1 0
1 0
1 0
1 0
1 0
1 0
1 0
1 0
1 0
1 0
1 0
1 0
1 0
1 0
1 0
1 0
1 0
1 0
1 0
1 0
1 0
1 0
1 0
1 0
1 0
1 0
1 0
1 0
1 0
1 0
1 0
1 0
1 0
1 0
1 0
1 0
1 0
1 0
1 0
1 0
1 0
1 0
1 0
1 0
1 0
1 0
1 0
1 0
1 0
1 0
1 0
1 0
1 0
1 0
1 0
1 0
1 0
1 0
1 0
1 0
1 0
1 0
1 0
1 0
1 0
1 0
1 0
1 0
1 0
1 0
1 0
1 0
1 0
1 0
1 0
1 0
1 0
1 0
1 0
1 0
1 0
1 0
1 0
1 0
1 0
1 0
1 0
1 0
1 0
1 0
1 0
1 0
1 0
1 0
1 0
1 0
1 0
1 0
1 0
1 0
1 0
1 0
1 0
1 0
1 0
1 0
1 0
1 0
1 0
1 0
1 0
1 0
1 0
1 0
1 0
1 0
1 0
1 0
1 0
1 0
1 0
1 0
1 0
1 0
1 0
1 0
1 0
1 0
1 0
1 0
1 0
1 0
1 0
1 0
1 0
1 0
1 0
1 0
1 0
1 0
1 0
1 0
1 0
1 0
1 0
1 0
1 0
1 0
1 0
1 0
1 0
1 0
1 0
1 0
1 0
1 0
1 0
1 0
1 0
1 0
1 0
1 0
1 0
1 0
1 0
1 0
1 0
1 0
1 0
1 0
1 0
1 0
1 0
1 0
1 0
1 0
1 0
1 0
1 0
1 0
1 0
1 0
1 0
1 0
1 0
1 0
1 0
1 0
1 0
1 0
1 0
1 0
1 0
1 0
1 0
1 0
1 0
1 0
1 0
1 0
1 0
1 0
1 0
1 0
1 0
1 0
1 0
1 0
1 0
1 0
1 0
1 0
1 0
1 0
1 0
1 0
1 0
1 0
1 0
1 0
1 0
1 0
1 0
1 0
1 0
1 0
1 0
1 0
1 0
1 0
1 0
1 0
1 0
1 0
1 0
1 0
1 0
1 0
1 0
1 0
1 0
1 0
1 0
1 0
1 0
1 0
1 0
1 0
1 0
1 0
1 0
1 0
1 0
1 0
1 0
1 0
1 0
1 0
1 0
1 0
1 0
1 0
1 0
1 0
1 0
1 0
1 0
1 0
1 0
1 0
1 0
1 0
1 0
1 0
1 0
1 0
1 0
1 0
1 0
1 0
1 0
1 0
1 0
1 0
1 0
1 0
1 0
1 0
1 0
1 0
1 0
1 0
1 0
1 0
1 0
1 0
1 0
1 0
1 0
1 0
1 0
1 0
1 0
1 0
1 0
1 0
1 0
1 0
1 0
1 0
1 0
1 0
1 0
1 0
1 0
1 0
1 0
1 0
1 0
1 0
1 0
1 0
1 0
1 0
1 0
1 0
1 0
1 0
1 0
1 0
1 0
1 0
1 0
1 0
1 0
1 0
1 0
1 0
1 0
1 0
1 0
1 0
1 0
1 0
1 0
1 0
1 0
1 0
1 0
1 0
1 0
1 0
1 0
1 0
1 0
1 0
1 0
1 0
1 0
1 0
1 0
1 0
1 0
1 0
1 0
1 0
1 0
1 0
1 0
1 0
1 0
1 0
1 0
1 0
1 0
1 0
1 0
1 0
1 0
1 0
1 0
1 0
1 0
1 0
1 0
1 0
1 0
1 0
1 0
1 0
1 0
1 0
1 0
1 0
1 0
1 0
1 0
1 0
1 0
1 0
1 0
1 0
1 0
1 0
1 0
1 0
1 0
1 0
1 0
1 0
1 0
1 0
1 0
1 0
1 0
1 0
1 0
1 0
1 0
1 0
1 0
1 0
1 0
1 0
1 0
1 0
1 0
1 0
1 0
1 0
1 0
1 0
1 0
1 0
1 0
1 0
1 0
1 0
1 0
1 0
1 0
1 0
1 0
1 0
1 0
1 0
1 0
1 0
1 0
1 0
1 0
1 0
1 0
1 0
1 0
1 0
1 0
1 0
1 0
1 0
1 0
1 0
1 0
1 0
1 0
