-5 -51
-13 -41
-13 -41
-13 -41
-13 -41
-13 -41
-13 -41
-13 -41
-13 -41
-13 -41
-13 -41
-13 -41
-13 -41
-13 -41
-13 -41
-13 -41
-13 -41
-13 -41
-13 -41
-16 -54
-16 -54
-16 -54
-16 -54
-16 -54
-16 -54
-16 -54
-16 -54
-16 -54
-16 -54
-16 -54
-16 -54
-16 -54
-16 -54
-16 -54
-16 -54
-16 -54
-16 -54
-16 -54
-16 -54
-16 -54
-16 -54
-16 -54
-16 -54
-16 -54
-16 -54
-16 -54
-16 -54
-16 -54
-16 -54
-16 -54
-16 -54
-16 -54
-16 -54
-16 -54
-16 -54
-16 -54
-16 -54
-16 -54
-15 -43
-15 -43
-15 -43
-15 -43
-15 -43
-15 -43
-15 -43
-15 -43
-15 -43
-15 -43
-15 -43
-15 -43
-15 -43
-15 -43
-15 -43
-15 -43
-15 -43
-15 -43
-15 -43
-15 -43
-15 -43
-19 -52
-19 -52
-19 -52
-19 -52
-19 -52
-19 -52
-19 -52
-19 -52
-19 -52
-19 -52
-19 -52
-19 -52
-19 -52
-19 -52
-19 -52
-19 -52
-19 -52
-19 -52
-19 -52
-19 -52
-19 -52
-19 -52
-19 -52
-19 -52
-19 -52
-19 -52
-19 -52
-19 -52
-19 -52
-19 -52
-19 -52
-19 -52
-19 -52
-19 -52
-19 -52
-19 -52
-19 -52
-19 -52
-19 -52
-19 -52
-19 -52
-19 -52
-19 -52
-19 -52
-19 -52
-19 -52
-19 -52
-19 -52
-19 -52
-19 -52
-19 -52
-19 -52
-19 -52
-19 -52
-19 -52
-19 -52
-19 -52
-19 -52
-19 -52
-19 -52
-19 -52
-19 -52
-19 -52
-19 -52
-19 -52
-19 -52
-19 -52
-19 -52
-19 -52
-19 -52
-19 -52
-19 -52
-19 -52
-19 -52
-19 -52
-19 -52
-19 -52
-19 -52
-19 -52
-19 -52
-19 -52
-19 -52
-19 -52
-19 -52
-19 -52
-19 -52
-19 -52
-19 -52
-19 -52
-19 -52
-19 -52
-19 -52
-19 -52
-19 -52
-19 -52
-19 -52
-19 -52
-19 -52
-19 -52
-19 -52
-19 -52
-19 -52
-19 -52
-19 -52
-19 -52
-19 -52
-19 -52
-19 -52
-19 -52
-19 -52
-19 -52
-19 -52
-24 -47
-31 -50
-39 -45
-39 -45
-39 -45
-39 -45
-39 -45
-39 -45
-39 -45
-39 -45
-39 -45
-39 -45
-39 -45
-39 -45
-39 -45
-39 -45
-39 -45
-39 -45
-39 -45
-39 -45
-39 -45
-39 -45
-39 -45
-39 -45
-39 -45
-39 -45
-39 -45
-39 -45
-39 -45
-39 -45
-39 -45
-39 -45
-39 -45
-39 -45
-39 -45
-39 -45
-39 -45
-39 -45
-39 -45
-39 -45
-39 -45
-39 -45
-41 -38
-41 -38
-41 -38
-41 -38
-41 -38
-41 -38
-41 -38
-41 -38
-41 -38
-41 -38
-41 -38
-41 -38
-41 -38
-41 -38
-41 -38
-41 -38
-41 -38
-41 -38
-41 -38
-41 -38
-41 -38
-41 -38
-41 -38
-41 -38
-41 -38
-41 -38
-41 -38
-41 -38
-41 -38
-41 -38
-41 -38
-41 -38
-41 -38
-41 -38
-41 -38
-41 -38
-41 -38
-41 -38
-41 -38
-41 -38
-41 -38
-41 -38
-41 -38
-41 -38
-41 -38
-41 -38
-41 -38
-45 -32
-45 -32
-45 -32
-45 -32
-45 -32
-45 -32
-45 -32
-45 -32
-45 -32
-45 -32
-45 -32
-45 -32
-45 -32
-45 -32
-45 -32
-45 -32
-45 -32
-45 -32
-45 -32
-45 -32
-45 -32
-45 -32
-45 -32
-45 -32
-45 -32
-45 -32
-45 -32
-45 -32
-45 -32
-45 -32
-45 -32
-45 -32
-45 -32
-45 -32
-45 -32
-45 -32
-45 -32
-45 -32
-45 -32
-45 -32
-45 -32
-45 -32
-45 -32
-45 -32
-45 -32
-45 -32
-45 -32
-45 -32
-45 -32
-45 -32
-45 -32
-45 -32
-45 -32
-45 -32
-45 -32
-45 -32
-45 -32
-45 -32
-45 -32
-45 -32
-45 -32
-45 -32
-45 -32
-45 -32
-45 -32
-45 -32
-45 -32
-45 -32
-45 -32
-45 -32
-45 -32
-48 -27
-56 -21
-56 -21
-56 -21
-56 -21
-56 -21
-56 -21
-56 -21
-56 -21
-56 -21
-56 -21
-56 -21
-56 -21
-56 -21
-56 -21
-56 -21
-56 -21
-56 -21
-56 -21
-56 -21
-56 -21
-56 -21
-56 -21
-56 -21
-56 -21
-56 -21
-56 -21
-56 -21
-56 -21
-56 -21
-56 -21
-56 -21
-56 -21
-56 -21
-56 -21
-56 -21
-56 -21
-56 -21
-56 -21
-56 -21
-56 -21
-56 -21
-56 -21
-58 -17
-58 -17
-58 -17
-58 -17
-58 -17
-58 -17
-58 -17
-58 -17
-58 -17
-58 -17
-58 -17
-58 -17
-58 -17
-58 -17
-58 -17
-58 -17
-58 -17
-58 -17
-58 -17
-69 -13
-69 -13
-69 -13
-69 -13
-69 -13
-69 -13
-69 -13
-69 -13
-69 -13
-69 -13
-69 -13
-69 -13
-69 -13
-69 -13
-69 -13
-69 -13
-69 -13
-69 -13
-69 -13
-69 -13
-69 -13
-69 -13
-69 -13
-70 -10
-70 -10
-70 -10
-70 -10
-70 -10
-70 -10
-70 -10
-70 -10
-70 -10
-70 -10
-70 -10
-70 -10
-70 -10
-70 -10
-70 -10
-70 -10
-70 -10
-70 -10
-70 -10
-70 -10
-70 -10
-70 -10
-70 -10
-70 -10
-70 -10
-70 -10
-70 -10
-70 -10
-70 -10
-70 -10
-70 -10
-70 -10
-70 -10
-70 -10
-70 -10
-70 -10
-70 -10
-70 -10
-70 -10
-70 -10
-70 -10
-70 -10
-70 -10
-70 -10
-70 -10
-70 -10
-70 -10
-70 -10
-70 -10
-70 -10
-70 -10
-70 -10
-70 -10
-70 -10
-70 -10
-70 -10
-70 -10
-70 -10
-70 -10
-70 -10
-70 -10
-70 -10
-70 -10
-70 -10
-70 -10
-70 -10
-70 -10
-70 -10
-70 -10
-70 -10
-70 -10
-70 -10
-70 -10
-70 -10
-70 -10
-70 -10
-70 -10
-70 -10
-70 -10
-70 -10
-70 -10
-70 -10
-70 -10
-70 -10
-70 -10
-70 -10
-70 -10
-70 -10
-70 -10
-70 -10
-70 -10
-70 -10
-70 -10
-70 -10
-70 -10
-70 -10
-70 -10
-70 -10
-77 -6
-77 -6
-77 -6
-77 -6
-77 -6
-77 -6
-77 -6
-77 -6
-77 -6
-77 -6
-77 -6
-77 -6
-77 -6
-77 -6
-77 -6
-77 -6
-77 -6
-77 -6
-77 -6
-77 -6
-77 -6
-77 -6
-77 -6
-77 -6
-77 -6
-84 -8
-84 -8
-84 -8
-84 -8
-84 -8
-84 -8
-84 -8
-84 -8
-84 -8
-84 -8
-84 -8
-84 -8
-84 -8
-84 -8
-84 -8
-84 -8
-84 -8
-84 -8
-84 -8
-84 -8
-84 -8
-84 -8
-84 -8
-84 -8
-84 -8
-79 -4
-79 -4
-79 -4
-79 -4
-79 -4
-79 -4
-79 -4
-79 -4
-79 -4
-79 -4
-79 -4
-79 -4
-79 -4
-79 -4
-79 -4
-79 -4
-79 -4
-79 -4
-79 -4
-79 -4
-79 -4
-79 -4
-79 -4
-79 -4
-79 -4
-89 -1
-89 -1
-89 -1
-89 -1
-89 -1
-89 -1
-89 -1
-89 -1
-89 -1
-89 -1
-89 -1
-89 -1
-89 -1
-89 -1
-89 -1
-89 -1
-89 -1
-89 -1
-89 -1
-89 -1
-89 -1
-89 -1
-89 -1
-89 -1
-89 -1
-89 -1
-89 -1
-89 -1
-89 -1
-89 -1
-89 -1
-89 -1
-89 -1
-89 -1
-89 -1
-89 -1
-89 -1
-89 -1
-89 -1
-89 -1
-89 -1
-89 -1
-89 -1
-89 -1
-89 -1
-89 -1
-89 -1
-89 -1
-89 -1
-89 -1
-89 -1
-75 -3
-75 -3
-75 -3
-75 -3
-75 -3
-75 -3
-75 -3
-75 -3
-75 -3
-75 -3
-75 -3
-75 -3
-75 -3
-75 -3
-75 -3
-75 -3
-75 -3
-75 -3
-75 -3
-75 -3
-75 -3
-75 -3
-90 -2
-90 -2
-90 -2
-90 -2
-90 -2
-90 -2
-90 -2
-90 -2
-90 -2
-90 -2
-90 -2
-90 -2
-90 -2
-90 -2
-90 -2
-90 -2
-90 -2
-90 -2
-90 -2
-90 -2
-90 -2
-90 -2
-90 -2
-90 -2
-86 -6
-86 -6
-86 -6
-86 -6
-86 -6
-86 -6
-86 -6
-86 -6
-86 -6
-86 -6
-86 -6
-86 -6
-86 -6
-86 -6
-86 -6
-86 -6
-86 -6
-86 -6
-86 -6
-86 -6
-86 -6
-86 -6
-86 -6
-86 -6
-86 -6
-86 -6
-86 -6
-86 -6
-86 -6
-86 -6
-86 -6
-86 -6
-86 -6
-86 -6
-86 -6
-86 -6
-86 -6
-86 -6
-86 -6
-86 -6
-86 -6
-86 -6
-86 -6
-86 -6
-86 -6
-86 -6
-85 -1
-85 -1
-85 -1
-85 -1
-85 -1
-85 -1
-85 -1
-85 -1
-85 -1
-85 -1
-85 -1
-85 -1
-85 -1
-85 -1
-85 -1
-85 -1
-85 -1
-85 -1
-85 -1
-85 -1
-85 -1
-85 -1
-85 -1
-85 -1
-85 -1
-85 -1
-87 1
-87 1
-87 1
-87 1
-87 1
-87 1
-87 1
-87 1
-87 1
-87 1
-87 1
-87 1
-87 1
-87 1
-87 1
-87 1
-87 1
-87 1
-87 1
-87 1
-87 1
-87 1
-87 1
-87 1
-87 1
-87 1
-87 1
-87 1
-87 1
-87 1
-87 1
-87 1
-87 1
-87 1
-87 1
-87 1
-87 1
-87 1
-87 1
-87 1
-87 1
-87 1
-87 1
-87 1
-87 1
-87 1
-79 2
-79 2
-79 2
-79 2
-79 2
-79 2
-79 2
-79 2
-79 2
-79 2
-79 2
-79 2
-79 2
-79 2
-79 2
-79 2
-79 2
-88 0
-88 0
-88 0
-88 0
-88 0
-88 0
-88 0
-88 0
-88 0
-88 0
-88 0
-88 0
-88 0
-88 0
-88 0
-88 0
-88 0
-88 0
-88 0
-88 0
-88 0
-88 0
-88 0
-88 0
-88 0
-88 0
-88 0
-88 0
-88 0
-88 0
-88 0
-88 0
-88 0
-88 0
-88 0
-88 0
-88 0
-88 0
-88 0
-88 0
-88 0
-88 0
-88 0
-88 0
-88 0
-88 0
-88 0
-88 0
-88 0
-88 0
-88 0
-88 0
-88 0
-88 0
-88 0
-88 0
-88 0
-88 0
-88 0
-88 0
-88 0
-88 0
-88 0
-88 0
-88 0
-88 0
-88 0
-88 0
-88 0
-88 0
-88 0
-88 0
-88 0
-88 0
-88 0
-88 0
-88 0
-88 0
-88 0
-88 0
-88 0
-88 0
-88 0
-88 0
-88 0
-88 0
-88 0
-88 0
-88 0
-88 0
-88 0
-88 0
-88 0
-88 0
-88 0
-88 0
-88 0
-88 0
-88 5
-88 5
-91 6
-91 6
-91 6
-91 6
-91 6
-91 6
-91 6
-91 6
-91 6
-91 6
-91 6
-91 6
-91 6
-91 6
-91 6
-91 6
-91 6
-91 6
-91 6
-91 6
-91 6
-91 6
-91 6
-91 6
-91 6
-91 6
-91 6
-91 6
-91 6
-91 6
-91 6
-91 6
-91 6
-91 6
-91 6
-91 6
-91 6
-91 6
-91 6
-91 6
-91 6
-91 6
-91 6
-91 6
-91 6
-91 6
-91 6
-94 15
-92 11
-92 11
-92 11
-92 11
-92 11
-92 11
-92 11
-92 11
-92 11
-92 11
-92 11
-92 11
-92 11
-92 11
-92 11
-92 11
-92 11
-92 11
-92 11
-92 11
-92 11
-92 11
-92 11
-92 11
-92 11
-95 16
-95 16
-95 16
-95 16
-95 16
-95 16
-95 16
-95 16
-95 16
-95 16
-95 16
-95 16
-95 16
-95 16
-95 16
-95 16
-95 16
-95 16
-95 16
-95 16
-95 16
-95 16
-95 16
-95 16
-95 16
-95 16
-95 16
-95 16
-95 16
-95 16
-95 16
-95 16
-95 16
-95 16
-95 16
-95 16
-95 16
-95 16
-95 16
-95 16
-95 16
-95 16
-95 16
-95 16
-95 16
-95 16
-95 16
-95 16
-95 16
-95 16
-95 16
-95 16
-95 16
-95 16
-95 16
-95 16
-95 16
-95 16
-95 16
-95 16
-95 16
-95 16
-95 16
-95 16
-95 16
-95 16
-95 16
-95 16
-95 16
-95 16
-95 16
-95 16
-95 16
-95 16
-95 16
-95 16
-95 16
-95 16
-95 16
-95 16
-95 16
-95 16
-95 16
-95 16
-95 16
-95 16
-95 16
-95 16
-95 16
-95 16
-95 16
-84 17
-92 15
-92 15
-92 15
-92 15
-92 15
-92 15
-92 15
-92 15
-92 15
-92 15
-92 15
-92 15
-92 15
-92 15
-92 15
-92 15
-92 15
-92 15
-92 15
-92 15
-92 15
-92 15
-92 15
-92 15
-92 15
-92 15
-92 15
-92 15
-92 15
-92 15
-92 15
-92 15
-92 15
-92 15
-92 15
-92 15
-92 15
-92 15
-92 15
-92 15
-92 15
-92 15
-92 15
-92 15
-92 15
-95 20
-95 20
-95 20
-95 20
-95 20
-95 20
-95 20
-95 20
-95 20
-95 20
-95 20
-95 20
-95 20
-95 20
-95 20
-95 20
-95 20
-95 20
-95 20
-95 20
-95 20
-95 20
-95 20
-95 20
-95 20
-95 20
-95 23
-95 23
-95 23
-95 23
-95 23
-95 23
-95 23
-95 23
-95 23
-95 23
-95 23
-95 23
-95 23
-95 23
-95 23
-95 23
-95 23
-95 23
-95 23
-95 23
-95 23
-95 23
-86 17
-86 17
-86 17
-86 17
-86 17
-86 17
-86 17
-86 17
-86 17
-86 17
-86 17
-86 17
-86 17
-86 17
-86 17
-86 17
-86 17
-86 17
-86 17
-86 17
-86 17
-86 17
-86 17
-86 17
-86 17
-86 17
-86 17
-86 17
-86 17
-86 17
-86 17
-86 17
-86 17
-86 17
-86 17
-86 17
-86 17
-86 17
-86 17
-86 17
-86 17
-86 17
-86 17
-86 17
-86 17
-86 17
-86 17
-86 17
-86 17
-86 17
-86 17
-86 17
-86 17
-86 17
-86 17
-86 17
-86 17
-86 17
-86 17
-86 17
-86 17
-86 17
-86 17
-86 17
-86 17
-86 17
-86 17
-86 17
-86 17
-86 17
-86 17
-86 17
-86 17
-86 17
-86 17
-86 17
-86 17
-86 17
-86 17
-86 17
-86 17
-86 17
-86 17
-86 17
-86 17
-86 17
-86 17
-86 17
-86 17
-88 19
-97 21
-97 21
-97 21
-97 21
-97 21
-97 21
-97 21
-97 21
-97 21
-97 21
-97 21
-97 21
-97 21
-97 21
-97 21
-97 21
-97 21
-97 21
-97 21
-97 21
-97 21
-97 21
-97 21
-97 21
-97 21
-97 21
-97 21
-97 21
-97 21
-97 21
-97 21
-97 21
-97 21
-97 21
-97 21
-97 21
-97 21
-97 21
-97 21
-77 22
-77 22
-77 22
-77 22
-77 22
-77 22
-77 22
-77 22
-77 22
-77 22
-77 22
-77 22
-77 22
-77 22
-77 22
-77 22
-77 22
-77 22
-77 22
-77 22
-77 22
-77 22
-77 22
-77 22
-77 22
-77 22
-77 22
-77 22
-77 22
-77 22
-77 22
-77 22
-77 22
-77 22
-77 22
-77 22
-77 22
-77 22
-77 22
-77 22
-77 22
-77 22
-77 22
-77 22
-77 22
-77 22
-77 22
-91 27
-91 27
-91 27
-91 27
-91 27
-91 27
-91 27
-91 27
-91 27
-91 27
-91 27
-91 27
-91 27
-91 27
-91 27
-91 27
-91 27
-91 27
-91 27
-91 27
-91 27
-91 27
-91 27
-91 27
-91 27
-83 30
-83 30
-83 30
-83 30
-83 30
-83 30
-83 30
-83 30
-83 30
-83 30
-83 30
-83 30
-83 30
-83 30
-83 30
-83 30
-83 30
-83 30
-83 30
-83 30
-83 30
-83 30
-83 30
-83 30
-83 30
-80 33
-80 33
-80 33
-80 33
-80 33
-80 33
-80 33
-80 33
-80 33
-80 33
-80 33
-80 33
-80 33
-80 33
-80 33
-80 33
-80 33
-80 33
-80 33
-80 33
-80 33
-80 33
-80 33
-80 33
-78 30
-78 30
-78 30
-78 30
-78 30
-78 30
-78 30
-78 30
-78 30
-78 30
-78 30
-78 30
-78 30
-78 30
-78 30
-78 30
-78 30
-78 30
-78 30
-78 30
-78 30
-78 30
-78 30
-78 30
-78 30
-78 30
-78 30
-78 30
-78 30
-78 30
-78 30
-78 30
-78 30
-78 30
-78 30
-78 30
-78 30
-78 30
-78 30
-78 30
-78 30
-78 30
-78 30
-78 30
-78 30
-78 30
-78 30
-78 30
-78 30
-78 30
-78 30
-78 30
-78 30
-78 30
-78 30
-78 30
-78 30
-78 30
-78 30
-78 30
-78 30
-78 30
-78 30
-78 30
-78 30
-78 30
-78 30
-78 30
-78 30
-78 30
-78 30
-78 30
-78 30
-78 30
-78 30
-78 30
-78 30
-72 28
-69 36
-69 36
-69 36
-69 36
-69 36
-69 36
-69 36
-69 36
-69 36
-69 36
-69 36
-69 36
-69 36
-69 36
-69 36
-69 36
-69 36
-69 36
-69 36
-69 36
-69 36
-69 36
-69 36
-69 36
-69 36
-69 36
-69 36
-69 36
-69 36
-69 36
-69 36
-69 36
-69 36
-69 36
-69 36
-69 36
-69 36
-69 36
-69 36
-69 36
-69 36
-69 36
-69 36
-69 36
-69 36
-69 36
-69 36
-69 36
-69 36
-69 36
-66 35
-66 35
-66 35
-66 35
-66 35
-66 35
-66 35
-66 35
-66 35
-66 35
-66 35
-66 35
-66 35
-66 35
-66 35
-66 35
-66 35
-66 35
-66 35
-66 35
-66 35
-66 35
-66 35
-66 35
-66 35
-66 35
-56 33
-56 33
-56 33
-56 33
-56 33
-56 33
-56 33
-56 33
-56 33
-56 33
-56 33
-56 33
-56 33
-56 33
-56 33
-56 33
-56 33
-56 33
-56 33
-56 33
-56 33
-56 33
-56 33
-56 33
-56 33
-56 33
-56 33
-56 33
-56 33
-56 33
-56 33
-56 33
-56 33
-56 33
-56 33
-56 33
-56 33
-56 33
-56 33
-56 33
-56 33
-56 33
-56 33
-56 33
-56 33
-56 33
-56 33
-50 35
-50 35
-50 35
-50 35
-50 35
-50 35
-50 35
-50 35
-50 35
-50 35
-50 35
-50 35
-50 35
-50 35
-50 35
-50 35
-50 35
-50 35
-50 35
-50 35
-50 35
-50 35
-50 35
-50 35
-50 35
-50 35
-50 35
-50 35
-50 35
-50 35
-50 35
-50 35
-50 35
-50 35
-50 35
-50 35
-50 35
-50 35
-50 35
-50 35
-50 35
-50 35
-50 35
-50 35
-50 35
-50 35
-50 35
-50 35
-50 35
-50 35
-50 35
-50 35
-50 35
-50 35
-50 35
-50 35
-50 35
-50 35
-50 35
-50 35
-50 35
-50 35
-50 35
-50 35
-50 35
-50 35
-50 35
-50 35
-50 35
-50 35
-45 33
-37 32
-37 32
-37 32
-37 32
-37 32
-37 32
-37 32
-37 32
-37 32
-37 32
-37 32
-37 32
-37 32
-37 32
-37 32
-37 32
-37 32
-37 32
-37 32
-37 32
-37 32
-32 35
-32 35
-32 35
-32 35
-32 35
-32 35
-32 35
-32 35
-32 35
-32 35
-32 35
-32 35
-32 35
-32 35
-32 35
-32 35
-32 35
-32 35
-32 35
-32 35
-32 35
-32 35
-32 35
-32 35
-32 35
-31 44
-31 44
-31 44
-31 44
-31 44
-31 44
-31 44
-31 44
-31 44
-31 44
-31 44
-31 44
-31 44
-31 44
-31 44
-31 44
-31 44
-31 44
-31 44
-31 44
-31 44
-31 44
-31 44
-22 36
-22 36
-22 36
-22 36
-22 36
-22 36
-22 36
-22 36
-22 36
-22 36
-22 36
-22 36
-22 36
-22 36
-22 36
-22 36
-22 36
-22 36
-22 36
-22 36
-22 36
-22 36
-22 36
-22 36
-22 36
-22 36
-22 36
-22 36
-22 36
-22 36
-22 36
-22 36
-22 36
-22 36
-22 36
-22 36
-22 36
-22 36
-22 36
-22 36
-22 36
-22 36
-22 36
-22 36
-22 36
-22 36
-22 36
-22 36
-22 36
-22 36
-22 36
-22 36
-22 36
-22 36
-22 41
-22 41
-22 41
-22 41
-22 41
-22 41
-22 41
-22 41
-22 41
-22 41
-22 41
-22 41
-22 41
-22 41
-22 41
-22 41
-22 41
-22 41
-22 41
-22 41
-22 41
-22 41
-22 41
-22 41
-22 41
-22 41
-22 41
-22 41
-22 41
-22 41
-22 41
-22 41
-22 41
-22 41
-22 41
-22 41
-22 41
-22 41
-22 41
-22 41
-22 41
-22 41
-17 44
-17 44
-17 44
-17 44
-17 44
-17 44
-17 44
-17 44
-17 44
-17 44
-17 44
-17 44
-17 44
-17 44
-17 44
-17 44
-17 44
-17 44
-17 44
-17 44
-17 44
-17 44
-17 44
-9 40
-9 40
-9 40
-9 40
-9 40
-9 40
-9 40
-9 40
-9 40
-9 40
-9 40
-9 40
-9 40
-9 40
-9 40
-9 40
-9 40
-9 40
-9 40
-9 40
-9 40
-9 40
-9 40
-9 40
-9 40
-9 40
-11 41
-11 41
-11 41
-11 41
-11 41
-11 41
-11 41
-11 41
-11 41
-11 41
-11 41
-11 41
-11 41
-11 41
-11 41
-11 41
-11 41
-11 41
-11 41
-11 41
-11 41
-11 41
-6 36
-6 36
-6 36
-6 36
-6 36
-6 36
-6 36
-6 36
-6 36
-6 36
-6 36
-6 36
-6 36
-6 36
-6 36
-6 36
-6 36
-6 36
-6 36
-6 36
-6 36
-6 36
-6 36
-6 36
-6 36
-6 36
-6 36
-6 36
-6 36
-6 36
-6 36
-6 36
-6 36
-6 36
-6 36
-6 36
-6 36
-6 36
-6 36
-6 36
-6 36
-6 36
-6 36
-6 36
-7 39
-7 39
-7 39
-7 39
-7 39
-7 39
-7 39
-7 39
-7 39
-7 39
-7 39
-7 39
-7 39
-7 39
-7 39
-7 39
-7 39
-7 39
-7 39
-7 39
-7 39
-7 39
-7 39
-7 39
-7 39
-7 39
-7 39
-7 39
-7 39
-7 39
-7 39
-7 39
-7 39
-7 39
-7 39
-7 39
-7 39
-7 39
-7 39
-7 39
-7 39
-7 39
-7 39
-7 39
-7 39
2 28
2 28
2 28
2 28
2 28
2 28
2 28
2 28
2 28
2 28
2 28
2 28
2 28
2 28
2 28
2 28
2 28
2 28
2 28
2 28
2 28
2 28
2 28
2 28
2 28
2 28
2 28
2 28
2 28
2 28
2 28
2 28
2 28
2 28
2 28
2 28
2 28
2 28
2 28
2 28
2 28
3 28
3 28
3 28
3 28
3 28
3 28
3 28
3 28
3 28
3 28
3 28
3 28
3 28
3 28
3 21
3 21
3 21
3 21
3 21
3 21
3 21
3 21
3 21
3 21
3 21
3 21
3 21
3 21
3 21
3 21
3 21
3 21
3 21
3 21
3 21
3 21
3 21
3 21
3 21
3 21
3 21
3 21
3 21
3 21
3 19
3 19
3 19
3 19
3 19
3 19
3 19
3 19
3 19
3 19
3 19
3 19
3 19
3 19
3 19
3 19
3 12
3 12
3 12
3 12
3 12
3 12
3 12
3 12
3 12
3 12
3 12
3 12
3 12
3 12
3 12
3 12
3 12
3 12
3 12
3 12
3 12
3 12
3 12
3 12
3 12
3 12
3 12
3 12
3 12
3 12
3 12
3 12
3 12
3 12
3 12
3 12
3 12
3 12
3 12
3 12
3 12
3 12
3 12
8 7
8 7
8 7
8 7
8 7
8 7
8 7
8 7
8 7
8 7
8 7
8 7
8 7
8 7
8 7
8 7
8 7
8 7
8 7
8 7
8 7
7 2
7 2
7 2
7 2
7 2
7 2
7 2
7 2
7 2
7 2
7 2
7 2
7 2
7 2
7 2
7 2
7 2
7 2
7 2
7 2
7 2
6 3
6 3
6 3
6 3
6 3
6 3
6 3
6 3
6 3
6 3
6 3
6 3
6 3
6 3
6 3
6 3
6 3
6 3
6 3
6 3
6 3
6 3
6 3
6 3
6 3
6 3
6 3
6 3
6 3
6 3
6 3
6 3
6 3
6 3
6 3
6 3
6 3
6 3
6 3
6 3
9 1
9 1
9 1
9 1
9 1
9 1
9 1
9 1
9 1
9 1
9 1
9 1
9 1
9 1
9 1
9 1
9 1
9 1
7 0
7 0
7 0
7 0
7 0
7 0
7 0
7 0
7 0
7 0
7 0
7 0
7 0
7 0
7 0
7 0
7 0
7 0
7 0
7 0
7 0
7 0
7 0
7 0
7 0
7 0
7 0
7 0
7 0
7 0
7 0
7 0
7 0
7 0
7 0
7 0
7 0
4 1
4 1
4 1
4 1
4 1
4 1
4 1
4 1
4 1
4 1
4 1
4 1
4 1
4 1
4 1
4 1
4 1
4 1
4 1
4 1
4 1
4 1
4 1
4 1
4 1
4 1
4 1
4 1
4 1
4 1
4 1
4 1
4 1
4 1
4 1
1 1
1 1
1 1
1 1
1 1
1 1
1 1
1 1
1 1
1 1
1 1
1 1
1 1
1 1
1 1
1 1
1 1
1 1
1 1
1 1
1 1
1 1
1 1
1 1
1 1
1 1
1 1
1 1
1 1
1 1
1 1
1 1
1 1
1 1
1 1
1 1
1 1
1 1
1 1
1 1
1 1
1 1
1 1
1 1
1 1
1 1
1 1
1 1
1 1
1 1
1 1
1 1
1 1
0 1
0 1
0 1
0 1
0 1
0 1
0 1
0 1
0 1
0 1
0 1
0 1
0 1
0 1
0 1
0 1
0 1
0 1
0 1
0 1
0 1
0 1
0 1
0 1
0 1
0 1
0 1
0 1
0 1
0 1
0 1
0 1
0 1
0 1
0 1
0 1
0 1
0 1
0 1
0 1
0 1
0 1
0 1
0 1
0 1
0 1
0 1
0 1
0 1
0 1
0 1
0 1
0 1
0 1
0 1
0 1
0 1
0 1
0 1
0 1
0 1
0 1
0 1
0 1
0 1
0 1
0 1
0 1
0 1
0 1
0 1
0 1
0 1
0 1
0 1
0 1
0 1
0 1
0 1
0 1
0 1
0 1
0 1
0 1
0 1
0 1
2 0
13 -2
13 -2
13 -2
13 -2
13 -2
13 -2
13 -2
13 -2
13 -2
13 -2
13 -2
13 -2
13 -2
13 -2
13 -2
5 -1
5 -1
5 -1
5 -1
5 -1
5 -1
5 -1
5 -1
5 -1
5 -1
5 -1
5 -1
5 -1
5 -1
5 -1
5 -1
5 -1
5 -1
5 -1
2 0
2 0
2 0
2 0
2 0
2 0
2 0
2 0
2 0
2 0
2 0
2 0
2 0
2 0
2 0
2 0
1 0
1 0
1 0
1 0
1 0
1 0
1 0
1 0
1 0
1 0
1 0
1 0
1 0
1 0
1 0
1 0
1 0
1 0
1 0
1 0
1 0
1 0
1 0
1 0
1 0
1 0
1 0
1 0
1 0
1 0
1 0
1 0
1 0
1 0
1 0
1 0
0 -1
0 -1
0 -1
0 -1
0 -1
0 -1
0 -1
0 -1
0 -1
0 -1
0 -1
0 -1
0 -1
0 -1
0 -1
0 -1
0 -1
0 -1
0 -1
0 -1
0 -1
0 -1
0 -1
0 -1
0 -1
0 -1
0 -1
0 -1
0 -1
0 -1
0 -1
0 -1
0 -1
0 -1
0 -1
0 -1
0 -1
0 -1
0 -1
0 -1
0 -1
0 -1
0 -1
0 -1
0 -1
0 -1
0 -1
0 -1
0 -1
0 -1
0 -1
0 -1
0 -1
0 -1
0 -1
0 -1
0 -1
0 -1
0 -1
0 -1
0 -1
0 -1
0 -1
0 -1
0 -1
0 -1
0 -1
0 -1
0 -1
0 -1
0 -1
0 -1
0 -1
0 -1
0 -1
0 -1
0 -1
0 -1
0 -1
0 -1
0 -1
0 -1
0 -1
0 -1
0 -1
0 -1
0 -1
0 -1
0 -1
0 -1
0 -1
0 -1
0 -1
0 -1
0 -1
0 -1
0 -1
0 -1
0 -1
0 -1
0 -1
0 -1
0 -1
0 -1
0 -1
0 -1
0 -1
0 -1
0 -1
0 -1
0 -1
0 -1
0 -1
0 -1
0 -1
0 -1
0 -1
0 -1
0 -1
0 -1
0 -1
0 -1
0 -1
0 -1
0 -1
0 -1
0 -1
0 -1
0 -1
0 -1
0 -1
0 -1
0 -1
0 -1
0 -1
0 -1
0 -1
0 -1
0 -1
0 -1
0 -1
0 -1
0 -1
0 -1
0 -1
0 -1
0 -1
0 -1
0 -1
0 -1
0 -1
0 -1
0 -1
0 -1
0 -1
0 -1
0 -1
0 -1
0 -1
0 -1
0 -1
0 -1
0 -1
0 -1
0 -1
0 -1
0 -1
0 -1
0 -1
0 -1
0 -1
0 -1
0 -1
0 -1
0 -1
0 -1
0 -1
0 -1
0 -1
0 -1
0 -1
0 -1
0 -1
0 -1
0 -1
0 -1
0 -1
0 -1
0 -1
0 -1
0 -1
0 -1
0 -1
0 -1
0 -1
0 -1
0 -1
0 -1
0 -1
0 -1
0 -1
0 -1
0 -1
0 -1
0 -1
0 -1
0 -1
0 -1
0 -1
0 -1
0 -1
0 -1
0 -1
0 -1
0 -1
0 -1
0 -1
0 -1
0 -1
0 -1
0 -1
0 -1
0 -1
0 -1
0 -1
0 -1
0 -1
0 -1
0 -1
0 -1
0 -1
0 -1
0 -1
0 -1
0 -1
0 -1
0 -1
0 -1
0 -1
0 -1
0 -1
0 -1
0 -1
0 -1
0 -1
0 -1
0 -1
0 -1
0 -1
0 -1
0 -1
0 -1
0 -1
0 -1
0 -1
0 -1
0 -1
0 -1
0 -1
0 -1
0 -1
0 -1
0 -1
0 -1
0 -1
0 -1
0 -1
0 -1
0 -1
0 -1
0 -1
0 -1
0 -1
0 -1
0 -1
0 -1
0 -1
0 -1
0 -1
0 -1
0 -1
0 -1
0 -1
0 -1
0 -1
0 -1
0 -1
0 -1
0 -1
0 -1
0 -1
0 -1
0 -1
0 -1
0 -1
0 -1
0 -1
0 -1
0 -1
0 -1
0 -1
0 -1
0 -1
0 -1
0 -1
0 -1
0 -1
0 -1
0 -1
0 -1
0 -1
0 -1
0 -1
0 -1
0 -1
0 -1
0 -1
0 -1
0 -1
0 -1
0 -1
0 -1
0 -1
0 -1
0 -1
0 -1
0 -1
0 -1
0 -1
0 -1
0 -1
0 -1
0 -1
0 -1
0 -1
0 -1
0 -1
0 -1
0 -1
0 -1
0 -1
0 -1
0 -1
0 -1
0 -1
0 -1
0 -1
0 -1
0 -1
0 -1
0 -1
0 -1
0 -1
0 -1
0 -1
0 -1
0 -1
0 -1
0 -1
0 -1
0 -1
0 -1
0 -1
0 -1
0 -1
0 -1
0 -1
0 -1
0 -1
0 -1
0 -1
0 -1
0 -1
0 -1
0 -1
0 -1
0 -1
0 -1
0 -1
0 -1
0 -1
0 -1
0 -1
0 -1
0 -1
0 -1
0 -1
0 -1
0 -1
0 -1
0 -1
0 -1
0 -1
0 -1
0 -1
0 -1
0 -1
0 -1
0 -1
0 -1
0 -1
0 -1
0 -1
0 -1
0 -1
0 -1
0 -1
0 -1
0 -1
0 -1
0 -1
0 -1
0 -1
0 -1
0 -1
0 -1
0 -1
0 -1
0 -1
0 -1
0 -1
0 -1
0 -1
0 -1
0 -1
0 -1
0 -1
0 -1
0 -1
0 -1
0 -1
0 -1
0 -1
0 -1
0 -1
0 -1
0 -1
0 -1
0 -1
0 -1
0 -1
0 -1
0 -1
0 -1
0 -1
0 -1
0 -1
0 -1
0 -1
0 -1
0 -1
0 -1
0 -1
0 -1
0 -1
0 -1
0 -1
0 -1
0 -1
0 -1
0 -1
0 -1
0 -1
0 -1
0 -1
0 -1
0 -1
0 -1
0 -1
0 -1
0 -1
0 -1
0 -1
0 -1
0 -1
0 -1
0 -1
0 -1
0 -1
0 -1
0 -1
0 -1
0 -1
0 -1
0 -1
0 -1
0 -1
0 -1
0 -1
0 -1
0 -1
0 -1
0 -1
0 -1
0 -1
0 -1
0 -1
0 -1
0 -1
0 -1
0 -1
0 -1
0 -1
0 -1
0 -1
0 -1
0 -1
0 -1
0 -1
0 -1
0 -1
0 -1
0 -1
0 -1
0 -1
0 -1
0 -1
0 -1
0 -1
0 -1
0 -1
0 -1
0 -1
0 -1
0 -1
0 -1
0 -1
0 -1
0 -1
0 -1
0 -1
0 -1
0 -1
0 -1
0 -1
0 -1
0 -1
0 -1
0 -1
0 -1
0 -1
0 -1
0 -1
0 -1
0 -1
0 -1
0 -1
0 -1
0 -1
0 -1
0 -1
0 -1
0 -1
0 -1
0 -1
0 1
0 1
0 1
0 1
0 1
0 1
0 1
0 1
0 1
0 1
0 1
0 1
0 1
0 1
0 1
0 1
0 1
0 1
0 1
0 1
0 1
0 1
0 1
0 1
0 1
0 1
0 1
0 1
0 1
0 1
0 1
0 1
0 1
0 1
1 0
1 0
1 0
1 0
1 0
1 0
1 0
1 0
1 0
1 0
1 0
1 0
1 0
1 0
1 0
1 0
1 0
1 0
1 0
1 0
1 0
1 0
1 0
1 0
1 0
1 0
1 0
1 0
1 0
1 0
1 0
1 0
1 0
1 0
1 0
1 0
1 0
1 0
1 0
1 0
1 0
1 0
1 0
1 0
1 0
1 0
1 0
1 0
1 0
1 0
1 0
1 0
1 0
1 0
1 0
1 0
1 0
1 0
1 0
1 0
1 0
1 0
1 0
1 0
1 0
1 0
1 0
1 0
1 0
1 0
1 0
1 0
1 0
1 0
1 0
1 0
1 0
1 0
1 0
1 0
1 0
1 0
1 0
1 0
1 0
1 0
1 0
1 0
1 0
1 0
1 0
1 0
1 0
1 0
1 0
1 0
1 0
1 0
1 0
1 0
1 0
1 0
1 0
1 0
1 0
1 0
1 0
1 0
1 0
1 0
1 0
1 0
1 0
1 0
1 0
1 0
1 0
1 0
1 0
1 0
1 0
1 0
1 0
1 0
1 0
1 0
1 0
1 0
1 0
1 0
1 0
1 0
1 0
1 0
1 0
1 0
1 0
1 0
1 0
1 0
1 0
1 0
1 0
1 0
1 0
1 0
1 0
1 0
1 0
1 0
1 0
1 0
1 0
1 0
1 0
1 0
1 0
1 0
1 0
1 0
1 0
1 0
1 0
1 0
1 0
1 0
1 0
1 0
1 0
1 0
1 0
1 0
1 0
1 0
1 0
1 0
1 0
1 0
1 0
1 0
1 0
1 0
1 0
1 0
1 0
1 0
1 0
1 0
1 0
1 0
1 0
1 0
1 0
1 0
1 0
1 0
1 0
1 0
1 0
1 0
1 0
1 0
1 0
1 0
1 0
1 0
1 0
1 0
1 0
1 0
1 0
1 0
1 0
1 0
1 0
1 0
1 0
1 0
1 0
1 0
1 0
1 0
1 0
1 0
1 0
1 0
1 0
1 0
1 0
1 0
1 0
1 0
1 0
1 0
1 0
1 0
1 0
1 0
1 0
1 0
1 0
1 0
1 0
1 0
1 0
1 0
1 0
1 0
1 0
1 0
1 0
1 0
1 0
1 0
1 0
1 0
1 0
1 0
1 0
1 0
1 0
1 0
1 0
1 0
1 0
1 0
1 0
1 0
1 0
1 0
1 0
1 0
1 0
1 0
1 0
1 0
1 0
1 0
1 0
1 0
1 0
1 0
1 0
1 0
1 0
1 0
1 0
1 0
1 0
1 0
1 0
1 0
1 0
1 0
1 2
1 2
1 2
1 2
1 2
1 2
1 2
1 2
1 2
1 2
1 2
1 2
1 2
1 2
1 2
1 2
1 2
1 2
1 2
1 2
1 2
1 2
1 2
1 2
1 2
1 2
1 2
1 2
1 2
1 2
1 2
1 2
1 2
1 2
1 2
1 2
1 2
1 2
1 2
1 2
1 2
1 2
1 2
1 2
1 2
1 2
1 2
1 2
1 2
1 2
1 2
1 2
1 2
1 2
1 2
1 2
1 2
1 2
1 2
1 2
1 2
1 2
1 2
1 2
1 2
1 2
1 2
1 2
1 2
1 2
1 2
1 2
1 2
1 2
1 2
1 2
1 2
1 2
1 2
1 2
1 2
1 2
1 2
1 2
1 2
1 2
1 2
1 2
1 2
1 2
1 2
1 2
1 2
1 2
1 2
1 2
1 2
1 2
1 2
1 2
1 2
1 2
1 2
1 2
1 2
1 2
1 2
1 2
1 2
1 2
1 2
1 2
1 2
1 2
1 2
1 2
1 2
1 2
1 2
1 2
1 2
1 2
1 2
1 2
1 2
1 2
1 2
1 2
1 2
1 2
1 2
1 2
1 2
1 2
1 2
1 2
1 2
1 2
1 2
1 2
1 2
1 2
1 2
1 2
1 2
1 2
1 2
1 2
1 2
1 2
1 2
1 2
1 2
1 2
1 2
1 2
1 2
1 2
1 2
1 2
1 2
1 2
1 2
1 2
1 2
1 2
1 2
1 2
1 2
1 2
1 2
1 2
1 2
1 2
1 2
1 2
1 2
1 2
1 2
1 2
1 2
1 2
1 2
1 2
1 2
1 2
1 2
1 2
1 2
1 2
1 2
1 2
