105 49
105 49
105 49
105 49
105 49
105 49
105 49
105 49
105 49
105 49
105 49
105 49
105 49
105 49
105 49
105 49
105 49
105 49
105 49
105 49
105 49
105 49
105 49
105 49
105 49
105 49
105 49
105 49
105 49
105 49
105 49
105 49
105 49
105 49
105 49
105 49
105 49
105 49
105 49
105 49
108 36
108 36
108 36
108 36
108 36
108 36
108 36
108 36
108 36
108 36
108 36
108 36
108 36
108 36
108 36
108 36
108 36
108 36
117 33
117 33
117 33
117 33
117 33
117 33
117 33
117 33
117 33
117 33
117 33
117 33
117 33
117 33
117 33
117 33
117 33
117 33
123 16
123 16
123 16
123 16
123 16
123 16
123 16
123 16
123 16
123 16
123 16
123 16
123 16
123 16
123 16
123 16
123 16
123 16
123 16
123 16
123 16
123 16
123 16
123 16
123 16
123 16
123 16
123 16
123 16
123 16
123 16
123 16
123 16
123 16
123 16
123 16
123 16
123 16
123 16
123 16
123 16
123 16
123 16
123 16
123 16
123 16
123 16
123 16
123 16
123 16
123 16
123 16
123 16
123 16
123 16
123 16
123 16
123 16
123 16
123 16
123 16
123 16
123 16
123 16
129 8
119 6
119 6
119 6
119 6
119 6
119 6
119 6
119 6
119 6
119 6
119 6
119 6
119 6
119 6
119 6
119 6
119 6
119 6
119 6
119 6
119 6
119 6
119 6
119 6
119 6
119 6
119 6
119 6
119 6
119 6
119 6
119 6
119 6
119 6
119 6
119 6
119 6
119 6
119 6
119 6
119 6
119 6
119 6
119 6
119 6
119 6
119 6
119 6
119 6
119 6
114 2
114 2
114 2
114 2
114 2
114 2
114 2
114 2
114 2
114 2
114 2
114 2
114 2
114 2
114 2
114 2
114 2
114 2
114 2
114 2
114 2
114 2
114 2
128 4
128 4
128 4
128 4
128 4
128 4
128 4
128 4
128 4
128 4
128 4
128 4
128 4
128 4
128 4
128 4
128 4
128 4
128 4
128 4
128 4
128 4
128 4
128 4
128 4
128 4
115 -5
115 -5
115 -5
115 -5
115 -5
115 -5
115 -5
115 -5
115 -5
115 -5
115 -5
115 -5
115 -5
115 -5
115 -5
115 -5
115 -5
115 -5
115 -5
115 -5
115 -5
115 -5
115 -5
107 -17
107 -17
107 -17
107 -17
107 -17
107 -17
107 -17
107 -17
107 -17
107 -17
107 -17
107 -17
107 -17
107 -17
107 -17
107 -17
107 -17
107 -17
107 -17
107 -17
107 -17
107 -17
107 -17
107 -17
107 -17
107 -17
107 -17
107 -17
107 -17
107 -17
107 -17
107 -17
107 -17
107 -17
107 -17
107 -17
107 -17
107 -17
107 -17
107 -17
107 -17
107 -17
107 -17
107 -17
107 -17
107 -17
107 -17
107 -17
107 -17
107 -17
107 -17
107 -17
107 -17
107 -17
107 -17
107 -17
107 -17
107 -17
107 -17
107 -17
107 -17
107 -17
107 -17
107 -17
107 -17
107 -17
107 -17
107 -17
107 -17
107 -17
107 -17
96 -19
96 -19
96 -19
96 -19
96 -19
96 -19
96 -19
96 -19
96 -19
96 -19
96 -19
96 -19
96 -19
96 -19
96 -19
96 -19
96 -19
96 -19
96 -19
96 -19
96 -19
96 -19
96 -19
96 -19
96 -19
96 -19
96 -19
96 -19
96 -19
96 -19
96 -19
96 -19
96 -19
96 -19
96 -19
96 -19
96 -19
96 -19
96 -19
96 -19
96 -19
96 -19
96 -19
96 -19
96 -19
96 -19
88 -34
88 -34
88 -34
88 -34
88 -34
88 -34
88 -34
88 -34
88 -34
88 -34
88 -34
88 -34
88 -34
88 -34
88 -34
88 -34
88 -34
88 -34
88 -34
88 -34
88 -34
88 -34
88 -34
94 -47
94 -47
94 -47
94 -47
94 -47
94 -47
94 -47
94 -47
94 -47
94 -47
94 -47
94 -47
94 -47
94 -47
94 -47
94 -47
94 -47
94 -47
94 -47
94 -47
94 -47
94 -47
94 -47
94 -47
94 -47
94 -47
94 -47
94 -47
94 -47
94 -47
94 -47
94 -47
94 -47
94 -47
94 -47
94 -47
94 -47
94 -47
94 -47
97 -60
97 -60
97 -60
97 -60
97 -60
97 -60
97 -60
97 -60
97 -60
97 -60
97 -60
97 -60
97 -60
97 -60
97 -60
97 -60
97 -60
97 -60
97 -60
97 -60
97 -60
97 -60
97 -60
97 -60
97 -60
97 -60
97 -60
97 -60
97 -60
97 -60
97 -60
97 -60
97 -60
97 -60
97 -60
97 -60
90 -74
79 -72
79 -72
79 -72
79 -72
79 -72
79 -72
79 -72
79 -72
79 -72
79 -72
79 -72
79 -72
79 -72
79 -72
79 -72
79 -72
79 -72
79 -72
79 -72
79 -72
79 -72
79 -72
79 -72
79 -72
79 -72
79 -72
79 -72
79 -72
79 -72
79 -72
79 -72
79 -72
79 -72
79 -72
79 -72
79 -72
79 -72
79 -72
79 -72
79 -72
79 -72
79 -72
79 -72
79 -72
79 -72
79 -72
79 -72
79 -72
79 -72
79 -72
79 -72
79 -72
79 -72
79 -72
79 -72
79 -72
79 -72
79 -72
79 -72
79 -72
79 -72
79 -72
79 -72
79 -72
79 -72
79 -72
79 -72
79 -72
79 -72
79 -72
79 -72
79 -72
79 -72
79 -72
87 -88
87 -88
87 -88
87 -88
87 -88
87 -88
87 -88
87 -88
87 -88
87 -88
87 -88
87 -88
87 -88
87 -88
87 -88
87 -88
87 -88
87 -88
87 -88
87 -88
87 -88
87 -88
87 -88
74 -87
74 -87
74 -87
74 -87
74 -87
74 -87
74 -87
74 -87
74 -87
74 -87
74 -87
74 -87
74 -87
74 -87
74 -87
74 -87
74 -87
74 -87
74 -87
74 -87
74 -87
74 -87
74 -87
74 -87
74 -87
74 -87
74 -87
74 -87
74 -87
74 -87
74 -87
74 -87
74 -87
74 -87
74 -87
74 -87
74 -87
74 -87
74 -87
74 -87
74 -87
74 -87
74 -87
74 -87
74 -87
74 -87
74 -87
72 -95
72 -95
72 -95
72 -95
72 -95
72 -95
72 -95
72 -95
72 -95
72 -95
72 -95
72 -95
72 -95
72 -95
72 -95
72 -95
72 -95
72 -95
72 -95
72 -95
72 -95
72 -95
72 -95
72 -95
72 -95
72 -95
72 -95
72 -95
72 -95
72 -95
72 -95
72 -95
72 -95
72 -95
72 -95
72 -95
72 -95
72 -95
72 -95
72 -95
72 -95
72 -95
72 -95
72 -95
72 -95
72 -95
72 -95
72 -95
72 -95
72 -95
42 -96
42 -96
42 -96
42 -96
42 -96
42 -96
42 -96
42 -96
42 -96
42 -96
42 -96
42 -96
42 -96
42 -96
42 -96
42 -96
42 -96
42 -96
42 -96
42 -96
42 -96
42 -96
42 -96
42 -96
42 -96
42 -96
42 -96
42 -96
42 -96
42 -96
42 -96
42 -96
42 -96
42 -96
42 -96
42 -96
42 -96
42 -96
42 -96
42 -96
42 -96
42 -96
42 -96
42 -96
42 -96
42 -96
42 -96
41 -96
41 -96
41 -96
41 -96
41 -96
41 -96
41 -96
41 -96
41 -96
41 -96
41 -96
41 -96
41 -96
41 -96
41 -96
41 -96
41 -96
41 -96
41 -96
41 -96
41 -96
41 -96
41 -96
41 -96
41 -96
41 -96
41 -96
41 -96
41 -96
41 -96
41 -96
41 -96
41 -96
41 -96
41 -96
41 -96
41 -96
41 -96
41 -96
41 -96
41 -96
41 -96
41 -96
41 -96
41 -96
41 -96
41 -96
41 -96
41 -96
41 -96
41 -96
41 -96
41 -96
26 -97
25 -100
25 -100
25 -100
25 -100
25 -100
25 -100
25 -100
25 -100
25 -100
25 -100
25 -100
25 -100
25 -100
25 -100
25 -100
25 -100
25 -100
25 -100
25 -100
25 -100
25 -100
25 -100
25 -100
25 -100
25 -100
25 -100
25 -100
25 -100
25 -100
25 -100
25 -100
25 -100
25 -100
25 -100
25 -100
25 -100
25 -100
25 -100
25 -100
25 -100
25 -100
25 -100
25 -100
25 -100
25 -100
25 -100
25 -100
25 -100
25 -100
25 -100
25 -100
25 -100
25 -100
25 -100
25 -100
25 -100
25 -100
25 -100
25 -100
25 -100
25 -100
25 -100
25 -100
25 -100
25 -100
25 -100
25 -100
25 -100
25 -100
25 -100
25 -100
25 -100
25 -100
25 -100
25 -100
25 -100
25 -100
25 -100
25 -100
25 -100
25 -100
6 -107
6 -107
6 -107
6 -107
6 -107
6 -107
6 -107
6 -107
6 -107
6 -107
6 -107
6 -107
6 -107
6 -107
6 -107
6 -107
6 -107
6 -107
6 -107
6 -107
6 -107
6 -107
6 -107
6 -107
6 -107
6 -107
6 -107
6 -107
6 -107
6 -107
6 -107
6 -107
6 -107
6 -107
6 -107
6 -107
6 -107
6 -107
6 -107
6 -107
6 -107
6 -107
6 -107
6 -107
10 -106
10 -106
10 -106
10 -106
10 -106
10 -106
10 -106
10 -106
10 -106
10 -106
10 -106
10 -106
10 -106
10 -106
10 -106
10 -106
10 -106
10 -106
10 -106
10 -106
10 -106
10 -106
10 -106
10 -106
10 -106
10 -106
10 -106
10 -106
10 -106
10 -106
10 -106
10 -106
10 -106
10 -106
10 -106
10 -106
10 -106
10 -106
10 -106
10 -106
10 -106
10 -106
10 -106
10 -106
10 -106
10 -106
10 -106
10 -106
10 -106
10 -106
10 -106
10 -106
10 -106
10 -106
10 -106
10 -106
10 -106
10 -106
10 -106
10 -106
10 -106
10 -106
10 -106
5 -114
4 -114
4 -114
4 -114
4 -114
4 -114
4 -114
4 -114
4 -114
4 -114
4 -114
4 -114
4 -114
4 -114
4 -114
4 -114
4 -114
4 -114
4 -114
4 -114
4 -114
4 -114
4 -114
4 -114
-1 -113
-1 -113
-1 -113
-1 -113
-1 -113
-1 -113
-1 -113
-1 -113
-1 -113
-1 -113
-1 -113
-1 -113
-1 -113
-1 -113
-1 -113
-1 -113
-1 -113
-1 -113
-1 -113
-1 -113
-1 -113
-1 -113
-1 -113
-1 -113
-1 -113
-7 -109
-7 -109
-7 -109
-7 -109
-7 -109
-7 -109
-7 -109
-7 -109
-7 -109
-7 -109
-7 -109
-7 -109
-7 -109
-7 -109
-7 -109
-7 -109
-7 -109
-7 -109
-7 -109
-7 -109
-7 -109
-7 -109
-7 -109
-7 -109
-7 -109
-7 -109
-7 -109
-7 -109
-7 -109
-7 -109
-7 -109
-7 -109
-7 -109
-7 -109
-7 -109
-7 -109
-7 -109
-7 -109
-7 -109
-7 -109
-7 -109
-7 -109
-7 -109
-7 -109
-7 -109
-7 -109
-7 -109
-7 -109
-7 -109
-7 -109
-7 -109
-7 -109
-7 -109
-7 -109
-7 -109
-7 -109
-7 -109
-7 -109
-7 -109
-7 -109
-7 -109
-7 -109
-7 -109
-7 -109
-7 -109
-7 -109
-7 -109
-7 -109
-7 -109
-7 -109
-7 -109
-7 -109
-7 -109
-7 -109
-7 -109
-7 -109
-7 -109
-7 -109
-7 -109
-7 -109
-7 -109
-7 -109
-7 -109
-8 -100
-8 -100
-16 -114
-16 -114
-16 -114
-16 -114
-16 -114
-16 -114
-16 -114
-16 -114
-16 -114
-16 -114
-16 -114
-16 -114
-16 -114
-16 -114
-16 -114
-16 -114
-16 -114
-16 -114
-16 -114
-16 -114
-16 -114
-16 -114
-16 -114
-16 -114
-16 -114
-16 -114
-16 -114
-16 -114
-16 -114
-16 -114
-16 -114
-16 -114
-16 -114
-16 -114
-16 -114
-16 -114
-16 -114
-16 -114
-16 -114
-16 -114
-16 -114
-16 -114
-16 -114
-16 -114
-16 -114
-16 -114
-16 -114
-16 -114
-16 -114
-16 -102
-16 -102
-16 -102
-16 -102
-16 -102
-16 -102
-16 -102
-16 -102
-16 -102
-16 -102
-16 -102
-16 -102
-16 -102
-16 -102
-16 -102
-16 -102
-16 -102
-16 -102
-16 -102
-16 -102
-16 -102
-16 -102
-16 -102
-20 -98
-20 -98
-20 -98
-20 -98
-20 -98
-20 -98
-20 -98
-20 -98
-20 -98
-20 -98
-20 -98
-20 -98
-20 -98
-20 -98
-20 -98
-20 -98
-20 -98
-20 -98
-20 -98
-20 -98
-20 -98
-20 -98
-20 -98
-18 -95
-18 -95
-18 -95
-18 -95
-18 -95
-18 -95
-18 -95
-18 -95
-18 -95
-18 -95
-18 -95
-18 -95
-18 -95
-18 -95
-18 -95
-18 -95
-18 -95
-18 -95
-18 -95
-18 -95
-18 -95
-18 -95
-18 -95
-18 -95
-18 -95
-18 -95
-18 -95
-18 -95
-18 -95
-18 -95
-18 -95
-18 -95
-18 -95
-18 -95
-18 -95
-18 -95
-18 -95
-18 -95
-18 -95
-18 -95
-18 -95
-18 -95
-18 -95
-18 -95
-18 -95
-18 -95
-18 -95
-18 -95
-18 -95
-18 -95
-18 -95
-18 -95
-18 -95
-18 -95
-18 -95
-18 -95
-18 -95
-18 -95
-18 -95
-18 -95
-18 -95
-18 -95
-18 -95
-18 -95
-18 -95
-18 -95
-18 -95
-18 -95
-18 -95
-18 -95
-18 -95
-18 -95
-18 -95
-18 -95
-18 -95
-18 -95
-20 -101
-23 -98
-23 -98
-23 -98
-23 -98
-23 -98
-23 -98
-23 -98
-23 -98
-23 -98
-23 -98
-23 -98
-23 -98
-23 -98
-23 -98
-23 -98
-23 -98
-23 -98
-23 -98
-23 -98
-23 -92
-23 -92
-23 -92
-23 -92
-23 -92
-23 -92
-23 -92
-23 -92
-23 -92
-23 -92
-23 -92
-23 -92
-23 -92
-23 -92
-23 -92
-23 -92
-23 -92
-23 -92
-23 -92
-23 -92
-23 -92
-23 -92
-23 -92
-23 -92
-23 -92
-23 -92
-23 -92
-23 -92
-23 -92
-23 -92
-23 -92
-23 -92
-23 -92
-23 -92
-23 -92
-23 -92
-23 -92
-23 -92
-23 -92
-23 -92
-23 -92
-23 -92
-23 -92
-23 -92
-34 -81
-34 -81
-34 -81
-34 -81
-34 -81
-34 -81
-34 -81
-34 -81
-34 -81
-34 -81
-34 -81
-34 -81
-34 -81
-34 -81
-34 -81
-34 -81
-34 -81
-34 -81
-34 -81
-34 -81
-34 -81
-34 -81
-34 -81
-34 -81
-34 -81
-34 -81
-34 -81
-34 -81
-34 -81
-34 -81
-34 -81
-34 -81
-34 -81
-34 -81
-34 -81
-34 -81
-34 -81
-34 -81
-34 -81
-34 -81
-39 -82
-39 -82
-39 -82
-39 -82
-39 -82
-39 -82
-39 -82
-39 -82
-39 -82
-39 -82
-39 -82
-39 -82
-39 -82
-39 -82
-39 -82
-39 -82
-39 -82
-39 -82
-39 -82
-39 -82
-39 -82
-39 -82
-39 -82
-39 -82
-44 -83
-44 -83
-44 -83
-44 -83
-44 -83
-44 -83
-44 -83
-44 -83
-44 -83
-44 -83
-44 -83
-44 -83
-44 -83
-44 -83
-44 -83
-44 -83
-44 -83
-44 -83
-44 -83
-44 -83
-44 -83
-44 -83
-44 -83
-44 -83
-44 -83
-44 -83
-44 -83
-44 -83
-44 -83
-44 -83
-44 -83
-44 -83
-44 -83
-44 -83
-44 -83
-44 -83
-44 -83
-44 -83
-44 -83
-44 -83
-44 -83
-44 -83
-44 -83
-44 -83
-44 -83
-44 -83
-44 -83
-44 -83
-44 -83
-44 -83
-47 -86
-48 -88
-48 -88
-48 -88
-48 -88
-48 -88
-48 -88
-48 -88
-48 -88
-48 -88
-48 -88
-48 -88
-48 -88
-48 -88
-48 -88
-48 -88
-48 -88
-48 -88
-48 -88
-48 -88
-48 -88
-48 -88
-48 -88
-48 -88
-48 -88
-48 -88
-48 -88
-48 -88
-48 -88
-48 -88
-48 -88
-48 -88
-48 -88
-48 -88
-48 -88
-48 -88
-48 -88
-48 -88
-48 -88
-48 -88
-48 -88
-48 -88
-48 -88
-48 -88
-48 -88
-48 -88
-48 -88
-48 -88
-48 -88
-48 -88
-50 -79
-50 -79
-50 -79
-50 -79
-50 -79
-50 -79
-50 -79
-50 -79
-50 -79
-50 -79
-50 -79
-50 -79
-50 -79
-50 -79
-50 -79
-50 -79
-50 -79
-50 -79
-50 -79
-50 -79
-50 -79
-50 -79
-50 -79
-50 -79
-53 -78
-53 -78
-53 -78
-53 -78
-53 -78
-53 -78
-53 -78
-53 -78
-53 -78
-53 -78
-53 -78
-53 -78
-53 -78
-53 -78
-53 -78
-53 -78
-53 -78
-53 -78
-53 -78
-53 -78
-53 -78
-53 -78
-53 -78
-53 -78
-53 -78
-53 -78
-53 -78
-53 -78
-53 -78
-53 -78
-53 -78
-53 -78
-53 -78
-53 -78
-53 -78
-53 -78
-53 -78
-53 -78
-53 -78
-53 -78
-53 -78
-53 -78
-53 -78
-53 -78
-53 -78
-53 -78
-53 -78
-53 -78
-53 -78
-53 -78
-53 -78
-53 -78
-53 -78
-55 -73
-55 -73
-55 -73
-55 -73
-55 -73
-55 -73
-55 -73
-55 -73
-55 -73
-55 -73
-55 -73
-55 -73
-55 -73
-55 -73
-55 -73
-55 -73
-55 -73
-55 -73
-55 -73
-55 -73
-55 -73
-57 -71
-57 -71
-57 -71
-57 -71
-57 -71
-57 -71
-57 -71
-57 -71
-57 -71
-57 -71
-57 -71
-57 -71
-57 -71
-57 -71
-57 -71
-57 -71
-57 -71
-57 -71
-57 -71
-57 -71
-57 -71
-78 -70
-78 -70
-78 -70
-78 -70
-78 -70
-78 -70
-78 -70
-78 -70
-78 -70
-78 -70
-78 -70
-78 -70
-78 -70
-78 -70
-78 -70
-78 -70
-78 -70
-78 -70
-78 -70
-78 -70
-78 -70
-78 -70
-78 -70
-78 -70
-78 -70
-78 -70
-78 -70
-78 -70
-78 -70
-78 -70
-78 -70
-78 -70
-78 -70
-78 -70
-78 -70
-78 -70
-78 -70
-78 -70
-78 -70
-78 -70
-78 -70
-78 -70
-78 -70
-78 -70
-78 -70
-78 -70
-78 -70
-78 -70
-78 -70
-78 -70
-78 -70
-78 -70
-78 -70
-78 -70
-78 -70
-78 -70
-78 -70
-78 -70
-78 -70
-78 -70
-78 -70
-78 -70
-76 -54
-76 -54
-76 -54
-76 -54
-76 -54
-76 -54
-76 -54
-76 -54
-76 -54
-76 -54
-76 -54
-76 -54
-76 -54
-76 -54
-76 -54
-76 -54
-76 -54
-76 -54
-76 -54
-76 -54
-76 -54
-76 -54
-76 -54
-76 -54
-76 -54
-76 -54
-76 -54
-76 -54
-76 -54
-76 -54
-76 -54
-76 -54
-76 -54
-76 -54
-76 -54
-76 -54
-76 -54
-76 -54
-76 -54
-93 -43
-93 -43
-93 -43
-93 -43
-93 -43
-93 -43
-93 -43
-93 -43
-93 -43
-93 -43
-93 -43
-93 -43
-93 -43
-93 -43
-93 -43
-93 -43
-93 -43
-93 -43
-93 -43
-93 -43
-93 -43
-93 -43
-93 -43
-93 -43
-93 -43
-93 -43
-93 -43
-93 -43
-93 -43
-93 -43
-93 -43
-93 -43
-93 -43
-93 -43
-93 -43
-93 -43
-93 -43
-93 -43
-93 -43
-94 -32
-94 -32
-94 -32
-94 -32
-94 -32
-94 -32
-94 -32
-94 -32
-94 -32
-94 -32
-94 -32
-94 -32
-94 -32
-94 -32
-94 -32
-94 -32
-94 -32
-94 -32
-94 -32
-94 -32
-94 -32
-94 -32
-94 -32
-94 -32
-94 -32
-94 -32
-94 -32
-94 -32
-94 -32
-94 -32
-94 -32
-94 -32
-94 -32
-94 -32
-94 -32
-94 -32
-94 -32
-94 -32
-94 -32
-94 -32
-94 -32
-94 -32
-94 -32
-94 -32
-94 -32
-94 -32
-94 -32
-94 -32
-94 -32
-94 -32
-94 -32
-94 -32
-94 -32
-94 -32
-94 -32
-94 -32
-94 -32
-94 -32
-94 -32
-94 -32
-94 -32
-94 -32
-96 -32
-99 -22
-99 -22
-99 -22
-99 -22
-99 -22
-99 -22
-99 -22
-99 -22
-99 -22
-99 -22
-99 -22
-99 -22
-99 -22
-99 -22
-99 -22
-99 -22
-99 -22
-99 -22
-99 -22
-99 -22
-99 -22
-99 -22
-99 -22
-99 -22
-99 -22
-99 -22
-99 -22
-99 -22
-99 -22
-99 -22
-99 -22
-99 -22
-99 -22
-99 -22
-99 -22
-99 -22
-99 -22
-99 -22
-99 -22
-99 -22
-99 -22
-99 -22
-108 -20
-108 -20
-108 -20
-108 -20
-108 -20
-108 -20
-108 -20
-108 -20
-108 -20
-108 -20
-108 -20
-108 -20
-108 -20
-108 -20
-108 -20
-108 -20
-108 -20
-108 -20
-108 -20
-108 -20
-108 -20
-108 -20
-108 -20
-108 -20
-108 -20
-110 -1
-110 -1
-110 -1
-110 -1
-110 -1
-110 -1
-110 -1
-110 -1
-110 -1
-110 -1
-110 -1
-110 -1
-110 -1
-110 -1
-110 -1
-110 -1
-110 -1
-110 -1
-110 -1
-110 -1
-110 -1
-119 -12
-119 -12
-119 -12
-119 -12
-119 -12
-119 -12
-119 -12
-119 -12
-119 -12
-119 -12
-119 -12
-119 -12
-119 -12
-119 -12
-119 -12
-119 -12
-119 -12
-119 -12
-119 -12
-119 -12
-119 -12
-119 -12
-119 -12
-119 -12
-119 -12
-119 -12
-119 -12
-119 -12
-119 -12
-119 -12
-119 -12
-119 -12
-119 -12
-119 -12
-119 -12
-119 -12
-119 -12
-119 -12
-119 -12
-119 -12
-119 -12
-119 -12
-119 -12
-119 -12
-119 -12
-119 -12
-119 -12
-119 -12
-119 -12
-119 -12
-119 -12
-119 -12
-119 -12
-119 -12
-119 -12
-121 0
-121 0
-121 0
-121 0
-121 0
-121 0
-121 0
-121 0
-121 0
-121 0
-121 0
-121 0
-121 0
-121 0
-121 0
-121 0
-121 0
-121 0
-121 0
-121 0
-121 0
-121 0
-121 0
-121 0
-121 0
-121 0
-121 0
-121 0
-121 0
-121 0
-121 0
-121 0
-121 0
-121 0
-121 0
-121 0
-121 0
-121 0
-121 0
-121 0
-121 0
-121 0
-121 0
-121 0
-121 0
-121 0
-121 0
-121 0
-121 0
-121 0
-121 0
-121 0
-121 0
-126 -1
-126 -1
-126 -1
-126 -1
-126 -1
-126 -1
-126 -1
-126 -1
-126 -1
-126 -1
-126 -1
-126 -1
-126 -1
-126 -1
-126 -1
-126 -1
-126 -1
-126 -1
-126 -1
-126 -1
-126 -1
-126 -1
-126 -1
-126 -1
-126 -1
-126 -1
-126 -1
-126 -1
-126 -1
-126 -1
-126 -1
-126 -1
-126 -1
-126 -1
-126 -1
-126 -1
-126 -1
-126 -1
-126 -1
-126 -1
-126 -1
-126 -1
-126 -1
-126 -1
-126 -1
-126 -1
-126 -1
-126 -1
-126 -1
-119 7
-119 7
-119 7
-119 7
-119 7
-119 7
-119 7
-119 7
-119 7
-119 7
-119 7
-119 7
-119 7
-119 7
-119 7
-119 7
-119 7
-119 7
-119 7
-119 7
-119 7
-119 7
-119 7
-119 7
-119 7
-119 7
-119 7
-119 7
-119 7
-119 7
-119 7
-119 7
-119 7
-119 7
-119 7
-119 7
-115 9
-105 32
-105 32
-105 32
-105 32
-105 32
-105 32
-105 32
-105 32
-105 32
-105 32
-105 32
-105 32
-105 32
-105 32
-105 32
-105 32
-105 32
-105 32
-105 32
-105 32
-105 32
-105 32
-105 32
-105 32
-105 32
-105 32
-105 32
-105 32
-105 32
-105 32
-105 32
-105 32
-105 32
-105 32
-105 32
-105 32
-105 32
-105 32
-105 32
-105 32
-105 32
-105 32
-105 32
-105 32
-105 32
-105 32
-105 32
-105 32
-105 32
-105 32
-105 32
-105 32
-105 32
-105 31
-94 42
-94 42
-94 42
-94 42
-94 42
-94 42
-94 42
-94 42
-94 42
-94 42
-94 42
-94 42
-94 42
-94 42
-94 42
-94 42
-94 42
-94 42
-94 42
-94 42
-94 42
-94 42
-94 42
-94 42
-94 42
-94 42
-94 42
-94 42
-94 42
-94 42
-94 42
-94 42
-93 51
-93 51
-93 51
-93 51
-93 51
-93 51
-93 51
-93 51
-93 51
-93 51
-93 51
-93 51
-93 51
-93 51
-93 51
-93 51
-93 51
-93 51
-93 51
-93 51
-93 51
-93 51
-93 51
-93 51
-93 51
-93 51
-93 51
-93 51
-93 51
-93 51
-93 51
-93 51
-93 51
-93 51
-93 51
-93 51
-93 51
-93 51
-93 51
-93 51
-93 51
-100 63
-100 63
-100 63
-100 63
-100 63
-100 63
-100 63
-100 63
-100 63
-100 63
-95 67
-95 67
-95 67
-95 67
-95 67
-95 67
-95 67
-95 67
-95 67
-95 67
-95 67
-95 67
-95 67
-95 67
-95 67
-87 80
-87 80
-87 80
-87 80
-87 80
-87 80
-87 80
-87 80
-87 80
-87 80
-87 80
-87 80
-87 80
-87 80
-87 80
-87 80
-87 80
-87 80
-87 80
-87 80
-87 80
-87 80
-87 80
-87 80
-87 80
-87 80
-87 80
-87 80
-87 80
-87 80
-87 80
-87 80
-87 80
-87 80
-87 80
-87 80
-87 80
-87 80
-87 80
-87 80
-87 80
-87 80
-87 80
-87 80
-87 80
-87 80
-87 80
-87 80
-87 80
-87 80
-87 80
-87 80
-87 80
-87 80
-87 80
-87 80
-87 80
-87 80
-87 80
-87 80
-87 80
-87 80
-87 80
-87 80
-87 80
-87 80
-87 80
-87 80
-87 80
-87 80
-87 80
-87 80
-87 80
-87 80
-87 80
-87 80
-87 80
-87 80
-82 75
-91 80
-91 80
-91 80
-91 80
-91 80
-91 80
-91 80
-91 80
-91 80
-91 80
-91 80
-91 80
-91 80
-91 80
-91 80
-91 80
-87 87
-87 87
-87 87
-87 87
-87 87
-87 87
-87 87
-87 87
-87 87
-87 87
-87 87
-87 87
-87 87
-87 87
-87 87
-87 87
-84 91
-83 84
-83 84
-83 84
-83 84
-83 84
-83 84
-83 84
-83 84
-83 84
-83 84
-83 84
-83 84
-83 84
-83 84
-83 84
-83 84
-83 84
-83 100
-83 100
-83 100
-83 100
-83 100
-83 100
-83 100
-83 100
-83 100
-83 100
-83 100
-83 100
-83 100
-83 100
-83 100
-83 100
-83 100
-83 100
-83 100
-83 100
-83 100
-83 100
-83 100
-83 100
-83 100
-83 100
-83 100
-83 100
-83 100
-83 100
-83 100
-83 100
-83 100
-83 100
-83 100
-83 100
-83 100
-83 100
-83 100
-83 100
-83 100
-83 100
-83 100
-83 100
-83 100
-83 100
-83 100
-83 100
-83 100
-83 100
-83 100
-64 79
-60 84
-60 84
-60 84
-60 84
-60 84
-60 84
-60 84
-60 84
-60 84
-60 84
-60 84
-60 84
-60 84
-60 84
-60 84
-60 84
-73 106
-73 106
-73 106
-73 106
-73 106
-73 106
-73 106
-73 106
-73 106
-73 106
-73 106
-73 106
-73 106
-73 106
-73 106
-73 106
-73 106
-73 106
-73 106
-73 106
-73 106
-73 106
-73 106
-73 106
-73 106
-73 106
-73 106
-73 106
-73 106
-73 106
-73 106
-48 73
-48 73
-48 73
-48 73
-48 73
-48 73
-48 73
-48 73
-48 73
-48 73
-48 73
-48 73
-48 73
-48 73
-48 73
-48 73
-48 73
-48 73
-61 101
-61 101
-61 101
-61 101
-61 101
-61 101
-61 101
-61 101
-61 101
-61 101
-61 101
-61 101
-61 101
-61 101
-61 101
-61 101
-61 101
-61 101
-52 84
-52 84
-52 84
-52 84
-52 84
-52 84
-52 84
-52 84
-52 84
-52 84
-52 84
-52 84
-52 84
-52 84
-52 84
-52 84
-52 84
-52 84
-52 84
-52 84
-52 84
-52 84
-52 84
-52 84
-52 84
-52 84
-52 84
-52 84
-52 84
-52 84
-52 84
-52 84
-52 84
-52 84
-52 84
-52 84
-52 84
-52 84
-52 84
-52 84
-52 84
-52 84
-52 84
-52 84
-52 84
-52 84
-52 84
-52 84
-52 84
-52 84
-52 84
-52 84
-37 83
-37 83
-37 83
-37 83
-37 83
-37 83
-37 83
-37 83
-37 83
-37 83
-37 83
-37 83
-37 83
-37 83
-37 83
-37 83
-37 83
-37 83
-37 83
-37 83
-37 83
-37 83
-37 83
-37 83
-37 83
-37 83
-37 83
-37 83
-37 83
-37 83
-37 83
-37 83
-37 83
-37 83
-37 83
-30 86
-30 86
-30 86
-30 86
-30 86
-30 86
-30 86
-30 86
-30 86
-30 86
-30 86
-30 86
-30 86
-30 86
-30 86
-30 86
-30 86
-30 86
-30 86
-30 86
-23 80
-23 80
-23 80
-23 80
-23 80
-23 80
-23 80
-23 80
-23 80
-23 80
-23 80
-23 80
-23 80
-23 80
-23 80
-23 80
-23 80
-23 80
-19 82
-19 82
-19 82
-19 82
-19 82
-19 82
-19 82
-19 82
-19 82
-19 82
-19 82
-19 82
-19 82
-19 82
-19 82
-19 82
-19 82
-19 82
-19 82
-19 82
-19 82
-19 82
-19 82
-19 82
-19 82
-19 82
-19 82
-19 82
-19 82
-19 82
-19 82
-19 82
-19 82
-19 82
-19 82
-19 82
-19 82
-19 82
-19 82
-19 82
-19 82
-19 82
-19 82
-19 82
-19 82
-19 82
-19 82
-19 82
-19 82
-19 82
-19 82
-19 82
-19 82
-19 82
-19 82
-19 82
-19 82
-21 74
-15 69
-15 69
-15 69
-15 69
-15 69
-15 69
-15 69
-15 69
-15 69
-15 69
-15 69
-15 69
-15 69
-15 69
-15 69
-15 69
-15 69
-15 69
-15 69
-15 69
-15 69
-15 69
-15 69
-15 69
-15 69
-15 69
-15 69
-15 69
-15 69
-15 69
-15 69
-15 69
-15 69
-15 69
-15 69
-15 69
-15 69
-15 69
-15 69
-15 69
-15 69
-15 69
-15 69
-15 69
-15 69
-15 69
-15 69
-15 69
-15 69
-15 69
-15 69
-15 69
-15 69
-15 69
-15 69
-15 69
-15 69
-12 63
-7 55
-7 55
-7 55
-7 55
-7 55
-7 55
-7 55
-7 55
-7 55
-7 55
-7 55
-7 55
-7 55
-7 55
-7 55
-7 55
-7 55
-7 55
-7 55
-10 48
-10 48
-10 48
-10 48
-10 48
-10 48
-10 48
-10 48
-10 48
-10 48
-10 48
-10 48
-10 48
-10 48
-10 48
-10 48
-10 48
-10 48
-10 48
-10 48
-10 48
-10 48
-10 48
-10 48
-10 48
-10 48
-10 48
-10 48
-10 48
-10 48
-10 48
-5 40
-5 40
-5 40
-5 40
-5 40
-5 40
-5 40
-5 40
-5 40
-5 40
-5 40
-5 40
-5 40
-5 40
-5 40
-5 40
-5 40
-5 40
-5 40
-5 40
-5 40
-5 40
-5 40
-5 40
-5 40
-5 40
-5 40
-5 40
-5 40
-5 40
-5 40
-5 40
-5 40
-2 32
-2 32
-2 32
-2 32
-2 32
-2 32
-2 32
-2 32
-2 32
-2 32
-2 32
-2 32
-2 32
-2 32
-2 32
-2 32
-2 32
-2 32
-2 32
-2 32
-2 32
-2 32
-2 32
-2 32
-2 32
-2 32
-2 32
-2 32
-2 32
-2 32
-2 32
-2 32
-2 32
-2 32
-2 32
0 7
0 7
0 7
0 7
0 7
0 7
0 7
0 7
0 7
0 7
0 7
0 7
0 7
0 7
0 7
0 7
0 7
0 7
-1 0
-1 0
-1 0
-1 0
-1 0
-1 0
-1 0
-1 0
-1 0
-1 0
-1 0
-1 0
-1 0
-1 0
-1 0
-1 0
-1 0
-1 0
-1 0
-1 0
-1 0
-1 0
-1 0
-1 0
-1 0
-1 0
-1 0
-1 0
-1 0
-1 0
-1 0
-1 0
-1 0
-1 0
-1 0
-1 0
-1 0
-1 0
-1 0
-1 0
-1 0
-1 0
-1 0
-1 0
-1 0
-1 0
-1 0
-1 0
-1 0
-1 0
-1 0
-1 0
-1 0
-1 0
-1 0
-1 0
-1 0
-1 0
-1 0
-1 0
-1 0
-1 0
-1 0
-1 0
-1 0
-1 0
-1 0
-1 0
-1 0
-1 0
-1 0
-1 0
-1 0
-1 0
-1 0
-1 0
-1 0
-1 0
-1 0
-1 0
-1 0
-1 0
-1 0
-1 0
-1 0
-1 0
-1 0
-1 0
-1 0
-1 0
-1 0
-1 0
-1 0
-1 0
-1 0
-1 0
-1 0
-1 0
-1 0
-1 0
-1 0
-1 0
-1 0
-1 0
-1 0
-1 0
-1 0
-1 0
-1 0
-1 0
0 1
0 1
0 1
0 1
0 1
0 1
0 1
0 1
0 1
0 1
0 1
0 1
0 1
0 1
0 1
0 1
0 1
0 1
0 1
0 1
0 1
0 1
0 1
0 1
0 1
0 1
0 1
0 1
0 1
0 1
0 1
0 1
0 1
0 1
0 1
0 1
0 1
0 1
0 1
0 1
0 1
0 1
0 1
0 1
0 1
0 1
0 1
0 1
0 1
0 1
0 1
0 1
0 1
0 1
0 1
0 1
0 1
0 1
0 1
0 1
0 1
0 1
0 1
0 1
0 1
0 1
0 1
0 1
0 1
0 1
0 1
0 1
0 1
0 1
0 1
0 1
0 1
0 1
0 1
0 1
0 1
0 1
0 1
0 1
0 1
0 1
0 1
0 1
0 1
0 1
0 1
0 1
0 1
0 1
0 1
0 1
0 1
0 1
0 1
0 1
0 1
0 1
0 1
0 1
0 1
0 1
0 1
0 1
0 1
0 1
0 1
0 1
0 1
0 1
0 1
0 1
0 1
0 1
0 1
0 1
0 1
0 1
0 1
0 1
0 1
0 1
0 1
0 1
0 1
0 1
0 1
0 1
0 1
0 1
0 1
0 1
0 1
0 1
0 1
0 1
0 1
0 1
0 1
0 1
0 1
0 1
0 1
0 1
0 1
0 1
0 1
0 1
0 1
0 1
0 1
0 1
0 1
0 1
0 1
0 1
0 1
0 1
0 1
0 1
0 1
0 1
0 1
0 1
0 1
0 1
0 1
0 1
0 1
0 1
0 1
0 1
0 1
0 1
0 1
0 1
0 1
0 1
0 1
0 1
0 1
0 1
0 1
0 1
0 1
0 1
0 1
0 1
0 1
0 1
0 1
0 1
0 1
0 1
0 1
0 1
0 1
0 1
0 1
0 1
0 1
0 1
0 1
0 1
0 1
0 1
0 1
0 1
0 1
0 1
0 1
0 1
0 1
0 1
0 1
0 1
0 1
0 1
0 1
0 1
0 1
0 1
0 1
0 1
0 1
0 1
0 1
0 1
0 1
0 1
0 1
0 1
0 1
0 1
0 1
0 1
0 1
0 1
0 1
0 1
0 1
0 1
0 1
0 1
0 1
0 1
0 1
0 1
0 1
0 1
0 1
0 1
0 1
0 1
0 1
0 1
0 1
0 1
0 1
0 1
0 1
0 1
0 1
0 1
0 1
0 1
0 1
0 1
0 1
0 1
0 1
0 1
0 1
0 1
0 1
0 1
0 1
0 1
0 1
0 1
0 1
0 1
0 1
0 1
0 1
0 1
0 1
0 1
0 1
0 1
0 1
0 1
0 1
0 1
0 1
0 1
0 1
0 1
0 1
0 1
0 1
0 1
0 1
0 1
0 1
0 1
0 1
0 1
0 1
0 1
0 1
0 1
0 1
0 1
0 1
0 1
0 1
0 1
0 1
0 1
0 1
0 1
0 1
0 1
0 1
0 1
0 1
0 1
0 1
0 1
0 1
0 1
0 1
0 1
0 1
0 1
0 1
0 1
0 1
0 1
0 1
0 1
0 1
0 1
0 1
0 1
0 1
0 1
0 1
0 1
0 1
0 1
0 1
0 1
0 1
0 1
0 1
0 1
0 1
0 1
0 1
0 1
0 1
0 1
0 1
0 1
0 1
0 1
0 1
0 1
0 1
0 1
0 1
0 1
0 1
0 1
0 1
0 1
0 1
0 1
0 1
0 1
0 1
0 1
0 1
0 1
0 1
0 1
0 1
0 1
0 1
0 1
0 1
0 1
0 1
0 1
0 1
0 1
0 1
0 1
0 1
0 1
0 1
0 1
0 1
0 1
0 1
0 1
0 1
0 1
0 1
0 1
0 1
0 1
0 1
0 1
0 1
0 1
0 1
0 1
0 1
0 1
0 1
0 1
0 1
0 1
0 1
0 1
0 1
0 1
0 1
0 1
0 1
0 1
0 1
0 1
0 1
0 1
0 1
0 1
0 1
0 1
0 1
0 1
0 1
0 1
0 1
0 1
0 1
0 1
0 1
0 1
0 1
0 1
0 1
0 1
0 1
0 1
0 1
0 1
0 1
0 1
0 1
0 1
0 1
0 1
0 1
0 1
0 1
0 1
0 1
0 1
0 1
0 1
0 1
0 1
0 1
0 1
0 1
0 1
0 1
0 1
0 1
0 1
0 1
0 1
0 1
0 1
0 1
0 1
0 1
0 1
0 1
0 1
0 1
0 1
0 1
0 1
0 1
0 1
0 1
0 1
0 1
0 1
0 1
0 1
0 1
0 1
0 1
0 1
0 1
0 1
0 1
0 1
0 1
0 1
0 1
0 1
0 1
0 1
0 1
0 1
0 1
0 1
0 1
0 1
0 1
0 1
0 1
0 1
0 1
0 1
0 1
0 1
0 1
0 1
0 1
0 1
0 1
0 1
0 1
0 1
0 1
0 1
0 1
0 1
0 1
0 1
0 1
0 1
0 1
0 1
0 1
0 1
0 1
0 1
0 1
0 1
0 1
0 1
0 1
0 1
0 1
0 1
0 1
0 1
0 1
0 1
0 1
0 1
0 1
0 1
0 1
0 1
0 1
0 1
0 1
0 1
0 1
0 1
0 1
0 1
0 1
0 1
0 1
0 1
0 1
0 1
0 1
0 1
0 1
0 1
0 1
0 1
0 1
0 1
0 1
0 1
0 1
0 1
0 1
0 1
0 1
0 1
0 1
0 1
0 1
0 1
0 1
0 1
0 1
0 1
0 1
0 1
0 1
0 1
0 1
0 1
0 1
0 1
0 1
0 1
0 1
0 1
0 1
0 1
0 1
0 1
0 1
0 1
0 1
0 1
0 1
0 1
0 1
0 1
0 1
0 1
0 1
0 1
0 1
0 1
0 1
0 1
0 1
0 1
0 1
0 1
0 1
0 1
0 1
0 1
0 1
0 1
0 1
0 1
0 1
0 1
0 1
0 1
0 1
0 1
0 1
0 1
0 1
0 1
0 1
0 1
0 1
0 1
0 1
0 1
0 1
0 1
0 1
0 1
0 1
0 1
0 1
0 1
0 1
0 1
0 1
0 1
0 1
0 1
0 1
0 1
0 1
0 1
0 1
0 1
0 1
0 1
0 1
0 1
0 1
0 1
0 1
0 1
0 1
0 1
0 1
0 1
0 1
0 1
0 1
0 1
0 1
0 1
0 1
0 1
0 1
0 1
0 1
0 1
0 1
0 1
0 1
0 1
0 1
0 1
0 1
0 1
0 1
0 1
0 1
0 1
0 1
0 1
0 1
0 1
0 1
0 1
0 1
0 1
0 1
0 1
0 1
0 1
0 1
0 1
0 1
0 1
0 1
0 1
0 1
0 1
0 1
0 1
0 1
0 1
0 1
0 1
0 1
0 1
0 1
0 1
0 1
0 1
0 1
0 1
0 1
0 1
0 1
0 1
0 1
0 1
0 1
0 1
0 1
0 1
0 1
0 1
0 1
0 1
0 1
0 1
0 1
0 1
0 1
0 1
0 1
0 1
0 1
0 1
0 1
0 1
0 1
0 1
0 1
0 1
0 1
0 1
0 1
0 1
0 1
0 1
0 1
0 1
0 1
0 1
0 1
0 1
0 1
0 1
0 1
0 1
0 1
0 1
0 1
0 1
0 1
0 1
0 1
0 1
0 1
0 1
0 1
0 1
0 1
0 1
0 1
0 1
0 1
0 1
0 1
0 1
0 1
0 1
0 1
0 1
0 1
0 1
0 1
0 1
0 1
0 1
0 1
0 1
0 1
0 1
0 1
0 1
0 1
0 1
0 1
0 1
0 1
0 1
0 1
0 1
0 1
0 1
0 1
0 1
0 1
0 1
0 1
0 1
0 1
0 1
0 1
0 1
0 1
0 1
0 1
0 1
0 1
0 1
0 1
0 1
0 1
0 1
0 1
0 1
0 1
0 1
0 1
0 1
0 1
0 1
0 1
0 1
0 1
0 1
0 1
0 1
0 1
0 1
0 1
0 1
0 1
0 1
0 1
0 1
0 1
0 1
0 1
0 1
0 1
0 1
0 1
0 1
0 1
0 1
0 1
0 1
0 1
0 1
0 1
0 1
0 1
0 1
0 1
0 1
0 1
0 1
0 1
0 1
0 1
0 1
0 1
0 1
0 1
0 1
0 1
0 1
0 1
0 1
0 1
0 1
0 1
0 1
0 1
0 1
0 1
0 1
0 1
0 1
0 1
0 1
0 1
0 1
0 1
0 1
0 1
0 1
0 1
0 1
0 1
0 1
0 1
0 1
0 1
0 1
0 1
0 1
0 1
0 1
0 1
0 1
0 1
0 1
0 1
0 1
0 1
0 1
0 1
0 1
0 1
0 1
0 1
0 1
0 1
0 1
0 1
0 1
0 1
0 1
0 1
0 1
0 1
0 1
0 1
0 1
0 1
0 1
0 1
0 1
0 1
0 1
0 1
0 1
0 1
0 1
0 1
0 1
0 1
0 1
0 1
0 1
0 1
0 1
0 1
0 1
0 1
0 1
0 1
0 1
0 1
0 1
0 1
0 1
0 1
0 1
0 1
0 1
0 1
0 1
0 1
0 1
0 1
0 1
0 1
0 1
0 1
0 1
0 1
0 1
0 1
0 1
0 1
0 1
0 1
0 1
0 1
0 1
0 1
0 1
0 1
0 1
0 1
0 1
0 1
0 1
0 1
0 1
0 1
0 1
0 1
0 1
0 1
0 1
0 1
0 1
0 1
0 1
0 1
0 1
0 1
0 1
0 1
0 1
0 1
0 1
0 1
0 1
0 1
0 1
0 1
0 1
0 1
0 1
0 1
0 1
0 1
0 1
0 1
0 1
0 1
0 1
0 1
0 1
0 1
0 1
0 1
0 1
0 1
0 1
0 1
0 1
0 1
0 1
0 1
0 1
0 1
0 1
0 1
0 1
0 1
0 1
0 1
0 1
0 1
0 1
0 1
0 1
0 1
0 1
0 1
0 1
0 1
0 1
0 1
0 1
0 1
0 1
0 1
0 1
0 1
0 1
0 1
0 1
0 1
0 1
0 1
0 1
0 1
0 1
0 1
0 1
0 1
0 1
0 1
0 1
0 1
0 1
0 1
0 1
0 1
0 1
0 1
0 1
0 1
0 1
0 1
0 1
0 1
0 1
0 1
0 1
0 1
0 1
0 1
0 1
0 1
0 1
0 1
0 1
0 1
0 1
0 1
0 1
0 1
0 1
0 1
0 1
0 1
0 1
0 1
0 1
0 1
0 1
0 1
0 1
0 1
0 1
0 1
0 1
0 1
0 1
0 1
0 1
0 1
0 1
0 1
0 1
0 1
0 1
0 1
0 1
0 1
0 1
0 1
0 1
0 1
0 1
0 1
0 1
0 1
0 1
0 1
0 1
0 1
0 1
0 1
0 1
0 1
0 1
0 1
0 1
0 1
0 1
0 1
0 1
0 1
0 1
0 1
0 1
0 1
0 1
0 1
0 1
0 1
0 1
0 1
0 1
0 1
0 1
0 1
0 1
0 1
0 1
0 1
0 1
0 1
0 1
0 1
0 1
0 1
0 1
0 1
0 1
0 1
0 1
0 1
0 1
0 1
0 1
0 1
0 1
0 1
0 1
0 1
0 1
0 1
0 1
0 1
0 1
0 1
0 1
0 1
0 1
0 1
0 1
0 1
0 1
0 1
0 1
0 1
0 1
0 1
0 1
0 1
0 1
0 1
0 1
0 1
0 1
0 1
0 1
0 1
0 1
0 1
