-7 19
-9 29
-26 69
-31 94
-30 94
-30 94
-30 94
-30 94
-30 94
-18 102
-18 102
-18 102
-18 102
-18 102
-18 102
-18 102
-18 102
-18 102
-18 102
-18 102
-18 102
-18 102
-18 102
-18 102
-18 102
-18 102
-18 102
-18 102
-18 102
-18 102
-18 102
-18 102
-18 102
-18 102
-18 102
-18 102
-18 102
-18 102
-18 102
-18 102
-18 102
-18 102
-18 102
-18 102
-18 102
-18 102
-18 102
-18 102
-18 102
-18 102
-18 102
-18 102
-18 102
-18 102
-19 107
-19 107
-19 107
-19 107
-19 107
-19 107
-19 107
-19 107
-19 107
-19 107
-19 107
-19 107
-19 107
-19 107
-19 107
-19 107
-19 107
-19 107
-19 107
-19 107
-19 107
-19 107
-19 107
-19 107
-19 107
-19 107
-19 107
-19 107
-19 107
-19 107
-19 107
-19 107
-19 107
-19 107
-19 107
-19 107
-19 107
-19 107
-19 107
-19 107
-19 107
-19 107
-19 107
-19 107
-19 107
-19 107
-7 97
-7 97
-7 97
-7 97
-7 97
-7 97
-7 97
-7 97
-7 97
-7 97
-7 97
-7 97
-7 97
-7 97
-7 97
-7 97
-7 97
-7 97
-7 97
-7 97
-7 97
-7 97
-7 97
-11 111
-11 111
-11 111
-11 111
-11 111
-11 111
-11 111
-11 111
-11 111
-11 111
-11 111
-11 111
-11 111
-11 111
-11 111
-11 111
-11 111
-11 111
-11 111
-11 111
-11 111
-11 111
-11 111
-11 111
-11 111
-11 111
-11 111
-11 111
-11 111
-11 111
-11 111
-11 111
-11 111
-11 111
-11 111
-11 111
-11 111
-11 111
-11 111
-11 111
-11 111
-11 111
-11 111
-11 111
-11 111
-11 111
-11 111
-11 111
-11 111
-11 111
-11 111
-2 110
0 109
0 109
0 109
0 109
0 109
0 109
0 109
0 109
0 109
0 109
0 109
0 109
0 109
0 109
0 109
0 109
0 109
0 109
0 109
0 109
0 109
0 109
0 109
0 109
0 109
0 109
0 109
0 109
0 109
0 109
0 109
0 109
0 109
0 109
0 109
0 109
0 109
0 109
0 109
0 109
0 109
0 109
0 109
0 117
0 117
0 117
0 117
0 117
0 117
0 117
0 117
0 117
0 117
0 117
0 117
0 117
0 117
0 117
0 117
0 117
0 117
0 117
0 117
0 117
0 117
0 117
0 117
0 117
0 117
0 117
0 117
0 117
0 117
0 117
0 117
0 117
0 117
0 117
0 117
0 117
0 117
0 117
0 117
0 117
0 117
0 117
0 117
0 117
0 117
0 117
5 120
-9 114
-9 114
-9 114
-9 114
-9 114
-9 114
-9 114
-9 114
-9 114
-9 114
-9 114
-9 114
-9 114
-9 114
-9 114
-9 114
-9 114
-9 114
-9 114
-9 114
-9 114
-9 114
-9 114
-9 114
-9 114
-9 114
-9 114
-9 114
-9 114
-9 114
-9 114
-9 114
-9 114
-9 114
-9 114
-9 114
-9 114
-9 114
-9 114
-9 114
-9 114
-9 114
-9 114
0 118
0 118
0 118
0 118
0 118
0 118
0 118
0 118
0 118
0 118
0 118
0 118
0 118
0 118
0 118
0 118
0 118
0 118
0 118
0 118
0 118
0 118
6 126
6 126
6 126
6 126
6 126
6 126
6 126
6 126
6 126
6 126
6 126
6 126
6 126
6 126
6 126
6 126
6 126
6 126
6 126
6 126
6 126
6 126
6 126
6 126
6 126
6 126
6 126
6 126
6 126
6 126
6 126
6 126
6 126
6 126
6 126
6 126
6 126
6 126
6 126
6 126
6 126
6 126
6 126
6 126
6 126
6 126
6 126
6 126
6 126
6 126
6 126
6 126
6 126
6 126
6 126
6 126
6 126
6 126
6 126
6 126
6 126
6 126
6 126
6 126
6 126
6 126
6 126
6 126
6 126
6 126
6 126
6 126
6 126
6 126
6 126
3 133
0 137
0 137
0 137
0 137
0 137
0 137
0 137
0 137
0 137
0 137
0 137
0 137
0 137
0 137
0 137
0 137
0 137
0 137
0 137
0 137
0 137
0 137
0 137
0 137
0 137
0 137
0 137
0 137
0 137
0 137
0 137
0 137
0 137
0 137
0 137
0 137
0 137
0 137
0 137
0 137
0 137
9 148
9 148
9 148
9 148
9 148
9 148
9 148
9 148
9 148
9 148
9 148
9 148
9 148
9 148
9 148
9 148
9 148
9 148
9 148
9 148
9 146
9 146
9 146
9 146
9 146
9 146
9 146
9 146
9 146
9 146
9 146
9 146
9 146
9 146
9 146
9 146
9 146
9 146
9 146
9 146
9 146
9 146
19 143
19 143
19 143
19 143
19 143
19 143
19 143
19 143
19 143
19 143
19 143
19 143
19 143
19 143
19 143
19 143
19 143
19 143
19 143
19 143
19 143
20 149
20 149
20 149
20 149
20 149
20 149
20 149
20 149
20 149
20 149
20 149
20 149
20 149
20 149
20 149
20 149
20 149
20 149
20 149
20 149
20 149
20 149
20 149
20 149
20 149
20 149
20 149
20 149
20 149
20 149
20 149
20 149
20 149
20 149
20 149
20 149
20 149
20 149
20 149
27 126
27 126
27 126
27 126
27 126
27 126
27 126
27 126
27 126
27 126
27 126
27 126
27 126
27 126
27 126
27 126
27 126
27 126
27 126
27 126
27 126
27 126
27 126
27 126
27 126
27 126
27 126
27 126
27 126
27 126
27 126
27 126
27 126
27 126
27 126
27 126
27 126
27 126
27 126
27 126
27 126
27 126
27 126
27 126
27 126
27 126
27 126
27 126
27 126
27 126
27 126
27 126
27 126
27 126
27 126
27 126
27 126
27 126
27 126
27 126
27 126
27 126
27 126
27 126
27 126
27 126
27 126
27 126
27 126
27 126
27 126
27 126
27 126
27 126
27 126
27 126
27 126
27 126
27 126
27 126
27 126
27 126
27 126
27 126
27 126
27 126
27 126
27 126
27 126
27 126
27 126
27 126
27 126
62 119
62 119
62 119
62 119
62 119
62 119
62 119
62 119
62 119
62 119
62 119
62 119
62 119
62 119
62 119
62 119
62 119
62 119
62 119
62 119
69 108
88 103
88 103
88 103
88 103
88 103
88 103
88 103
88 103
88 103
88 103
88 103
88 103
88 103
88 103
88 103
88 103
88 103
88 103
88 103
88 103
88 103
88 103
88 103
88 103
88 103
88 103
88 103
88 103
88 103
88 103
88 103
88 103
88 103
88 103
88 103
88 103
88 103
88 103
88 103
88 103
88 103
88 103
88 103
88 103
88 103
82 85
82 85
82 85
82 85
82 85
82 85
82 85
82 85
82 85
82 85
82 85
82 85
82 85
82 85
82 85
82 85
82 85
82 85
82 85
82 85
82 85
82 85
109 100
109 100
109 100
109 100
109 100
109 100
109 100
109 100
109 100
109 100
109 100
109 100
109 100
109 100
109 100
109 100
109 100
109 100
109 100
109 100
109 100
109 100
109 100
109 100
109 100
109 100
109 100
109 100
109 100
109 100
109 100
109 100
109 100
109 100
109 100
109 100
109 100
109 100
109 100
109 100
109 100
109 100
109 100
109 100
109 100
109 100
109 100
109 100
109 100
109 100
109 100
109 100
109 100
109 100
109 100
109 100
109 100
109 100
109 100
109 100
109 100
109 100
109 100
109 100
109 100
109 100
109 100
109 100
109 100
109 100
109 100
109 100
109 100
109 100
109 100
109 100
109 100
109 100
109 100
109 100
109 100
109 100
109 100
109 100
109 100
109 100
109 100
109 100
109 100
109 100
124 91
147 72
147 72
147 72
147 72
147 72
147 72
147 72
147 72
147 72
147 72
147 72
147 72
147 72
147 72
147 72
147 72
147 72
147 72
147 72
147 72
147 72
147 72
147 72
147 72
147 72
147 72
147 72
147 72
147 72
147 72
147 72
147 72
147 72
147 72
147 72
147 72
147 72
147 72
147 72
147 72
147 72
147 72
147 72
147 72
147 72
147 72
114 43
114 43
114 43
114 43
114 43
114 43
114 43
114 43
114 43
114 43
114 43
114 43
114 43
114 43
114 43
114 43
114 43
114 43
114 43
114 43
114 43
114 43
114 43
114 43
144 35
144 35
144 35
144 35
144 35
144 35
144 35
144 35
144 35
144 35
144 35
144 35
144 35
144 35
144 35
144 35
144 35
144 35
144 35
141 19
141 19
141 19
141 19
141 19
141 19
141 19
141 19
141 19
141 19
141 19
141 19
141 19
141 19
141 19
141 19
141 19
141 19
141 19
141 19
141 19
141 19
141 19
141 19
141 19
141 19
141 19
141 19
141 19
141 19
141 19
141 19
141 19
141 19
141 19
141 19
141 19
141 19
141 19
141 19
141 19
141 19
141 19
141 19
141 19
141 19
141 19
141 19
141 19
141 19
141 19
141 19
141 19
141 19
141 19
141 19
141 19
141 19
141 19
141 19
141 19
141 19
141 19
141 19
141 19
141 19
141 19
150 18
139 7
139 7
139 7
139 7
139 7
139 7
139 7
139 7
139 7
139 7
139 7
139 7
139 7
139 7
139 7
139 7
139 7
139 7
139 7
139 7
139 7
139 7
139 7
139 7
139 7
139 7
139 7
139 7
139 7
139 7
139 7
139 7
139 7
139 7
139 7
139 7
139 7
139 7
139 7
133 -3
133 -3
133 -3
133 -3
133 -3
133 -3
133 -3
133 -3
133 -3
133 -3
133 -3
133 -3
133 -3
133 -3
133 -3
133 -3
133 -3
133 -3
133 -3
133 -3
133 -3
133 -3
133 -3
133 -3
136 -4
136 -4
136 -4
136 -4
136 -4
136 -4
136 -4
136 -4
136 -4
136 -4
136 -4
136 -4
136 -4
136 -4
136 -4
136 -4
136 -4
136 -4
136 -4
136 -4
136 -4
124 -28
124 -28
124 -28
124 -28
124 -28
124 -28
124 -28
124 -28
124 -28
124 -28
124 -28
124 -28
124 -28
124 -28
124 -28
124 -28
124 -28
124 -28
124 -28
124 -28
124 -28
124 -28
124 -28
124 -28
124 -28
124 -28
124 -28
124 -28
124 -28
124 -28
124 -28
124 -28
124 -28
124 -28
124 -28
124 -28
124 -28
124 -28
124 -28
124 -28
124 -28
124 -28
124 -28
102 -44
102 -44
102 -44
102 -44
102 -44
102 -44
102 -44
102 -44
102 -44
102 -44
102 -44
102 -44
102 -44
102 -44
102 -44
102 -44
102 -44
102 -44
102 -44
102 -44
102 -44
102 -44
102 -44
102 -44
102 -44
102 -44
102 -44
102 -44
102 -44
102 -44
102 -44
102 -44
102 -44
102 -44
102 -44
102 -44
102 -44
102 -44
102 -44
102 -44
102 -44
102 -44
102 -44
102 -44
98 -68
98 -68
98 -68
98 -68
98 -68
98 -68
98 -68
98 -68
98 -68
98 -68
98 -68
98 -68
98 -68
98 -68
98 -68
98 -68
98 -68
98 -68
98 -68
98 -68
98 -68
98 -68
99 -74
99 -74
99 -74
99 -74
99 -74
99 -74
99 -74
99 -74
99 -74
99 -74
99 -74
99 -74
99 -74
99 -74
99 -74
99 -74
99 -74
99 -74
99 -74
99 -74
99 -74
99 -74
87 -82
87 -82
87 -82
87 -82
87 -82
87 -82
87 -82
87 -82
87 -82
87 -82
87 -82
87 -82
87 -82
87 -82
87 -82
87 -82
87 -82
87 -82
87 -82
87 -82
87 -82
89 -88
89 -88
89 -88
89 -88
89 -88
89 -88
89 -88
89 -88
89 -88
89 -88
89 -88
89 -88
89 -88
89 -88
89 -88
89 -88
89 -88
89 -88
89 -88
89 -88
89 -88
89 -88
89 -88
89 -88
89 -88
89 -88
89 -88
89 -88
89 -88
89 -88
89 -88
89 -88
89 -88
89 -88
89 -88
89 -88
89 -88
89 -88
89 -88
89 -88
89 -88
89 -88
89 -88
89 -88
88 -92
88 -92
88 -92
88 -92
88 -92
88 -92
88 -92
88 -92
88 -92
88 -92
88 -92
88 -92
88 -92
88 -92
88 -92
88 -92
88 -92
88 -92
88 -92
88 -92
88 -92
88 -92
88 -92
88 -92
88 -92
88 -92
88 -92
88 -92
88 -92
88 -92
88 -92
88 -92
88 -92
88 -92
88 -92
88 -92
88 -92
88 -92
88 -92
88 -92
88 -92
88 -92
64 -100
64 -100
64 -100
64 -100
64 -100
64 -100
64 -100
64 -100
64 -100
64 -100
64 -100
64 -100
64 -100
64 -100
64 -100
64 -100
64 -100
64 -100
64 -100
64 -100
64 -100
64 -100
64 -100
64 -100
64 -100
64 -100
64 -100
64 -100
64 -100
64 -100
64 -100
64 -100
64 -100
64 -100
64 -100
64 -100
64 -100
64 -100
64 -100
64 -100
64 -100
64 -100
64 -100
64 -100
64 -100
64 -100
64 -100
64 -100
64 -100
64 -100
64 -100
64 -100
64 -100
64 -100
64 -100
64 -100
64 -100
64 -100
64 -100
64 -100
64 -100
64 -100
64 -100
64 -100
48 -84
48 -84
48 -84
48 -84
48 -84
48 -84
48 -84
48 -84
48 -84
48 -84
48 -84
48 -84
48 -84
48 -84
48 -84
48 -84
48 -84
48 -84
48 -84
48 -84
48 -84
48 -84
48 -84
48 -84
48 -84
48 -84
48 -84
48 -84
48 -84
48 -84
48 -84
48 -84
48 -84
48 -84
48 -84
48 -84
48 -84
48 -84
48 -84
48 -84
48 -84
48 -84
48 -84
49 -99
49 -99
49 -99
49 -99
49 -99
49 -99
49 -99
49 -99
49 -99
49 -99
49 -99
49 -99
49 -99
49 -99
49 -99
49 -99
49 -99
49 -99
49 -99
49 -99
49 -99
49 -99
35 -112
35 -112
35 -112
35 -112
35 -112
35 -112
35 -112
35 -112
35 -112
35 -112
35 -112
35 -112
35 -112
35 -112
35 -112
35 -112
35 -112
35 -112
35 -112
35 -112
35 -112
35 -112
35 -112
35 -112
35 -112
35 -112
35 -112
35 -112
35 -112
35 -112
35 -112
35 -112
35 -112
35 -112
35 -112
35 -112
35 -112
35 -112
35 -112
35 -112
29 -93
29 -93
29 -93
29 -93
29 -93
29 -93
29 -93
29 -93
29 -93
29 -93
29 -93
29 -93
29 -93
29 -93
29 -93
29 -93
29 -93
29 -93
29 -93
29 -93
29 -93
29 -93
29 -93
29 -93
29 -93
29 -93
29 -93
29 -93
29 -93
29 -93
29 -93
29 -93
29 -93
29 -93
29 -93
29 -93
29 -93
29 -93
29 -93
29 -93
29 -93
29 -93
29 -93
29 -93
29 -93
20 -108
17 -103
17 -103
17 -103
17 -103
17 -103
17 -103
17 -103
17 -103
17 -103
17 -103
17 -103
17 -103
17 -103
17 -103
17 -103
17 -103
17 -103
17 -103
17 -103
17 -103
17 -103
17 -103
17 -103
17 -103
17 -103
17 -103
17 -103
17 -103
17 -103
17 -103
17 -103
17 -103
17 -103
17 -103
17 -103
17 -103
17 -103
17 -103
17 -103
17 -103
17 -103
17 -103
17 -103
17 -103
17 -103
17 -103
17 -103
17 -103
17 -103
21 -114
21 -114
21 -114
21 -114
21 -114
21 -114
21 -114
21 -114
21 -114
21 -114
21 -114
21 -114
21 -114
21 -114
21 -114
21 -114
21 -114
21 -114
21 -114
21 -114
21 -114
21 -114
21 -114
21 -114
15 -104
15 -104
15 -104
15 -104
15 -104
15 -104
15 -104
15 -104
15 -104
15 -104
15 -104
15 -104
15 -104
15 -104
15 -104
15 -104
15 -104
15 -104
15 -104
15 -104
15 -104
6 -115
6 -115
6 -115
6 -115
6 -115
6 -115
6 -115
6 -115
6 -115
6 -115
6 -115
6 -115
6 -115
6 -115
6 -115
6 -115
6 -115
6 -115
6 -115
6 -115
6 -115
6 -115
6 -115
6 -115
6 -115
6 -115
6 -115
6 -115
6 -115
6 -115
6 -115
6 -115
6 -115
6 -115
6 -115
6 -115
6 -115
6 -115
6 -115
6 -115
6 -115
6 -115
6 -115
6 -115
4 -114
4 -114
4 -114
4 -114
4 -114
4 -114
4 -114
4 -114
4 -114
4 -114
4 -114
4 -114
4 -114
4 -114
4 -114
4 -114
4 -114
4 -114
4 -114
4 -114
4 -114
4 -114
4 -114
4 -114
4 -114
4 -114
4 -114
4 -114
4 -114
4 -114
4 -114
4 -114
4 -114
4 -114
4 -114
4 -114
4 -114
4 -114
4 -114
4 -114
4 -114
13 -113
5 -114
5 -114
5 -114
5 -114
5 -114
5 -114
5 -114
5 -114
5 -114
5 -114
5 -114
5 -114
5 -114
5 -114
5 -114
5 -114
5 -114
5 -114
5 -114
5 -114
5 -114
5 -114
5 -114
5 -114
5 -114
5 -114
5 -114
5 -114
5 -114
5 -114
5 -114
5 -114
5 -114
5 -114
5 -114
5 -114
5 -114
5 -114
5 -114
5 -114
5 -114
5 -114
5 -114
5 -114
-3 -118
-3 -118
-3 -118
-3 -118
-3 -118
-3 -118
-3 -118
-3 -118
-3 -118
-3 -118
-3 -118
-3 -118
-3 -118
-3 -118
-3 -118
-3 -118
-3 -118
-3 -118
-3 -118
-3 -118
-3 -118
-3 -118
-3 -118
-3 -118
-3 -118
-3 -118
-3 -118
-3 -118
-3 -118
-3 -118
-3 -118
-3 -118
-3 -118
-3 -118
-3 -118
-3 -118
-3 -118
-3 -118
-3 -118
-3 -118
-3 -118
-3 -118
-3 -118
-7 -109
-7 -109
-7 -109
-7 -109
-7 -109
-7 -109
-7 -109
-7 -109
-7 -109
-7 -109
-7 -109
-7 -109
-7 -109
-7 -109
-7 -109
-7 -109
-7 -109
-7 -109
-7 -109
-7 -109
-10 -105
-10 -105
-10 -105
-10 -105
-10 -105
-10 -105
-10 -105
-10 -105
-10 -105
-10 -105
-10 -105
-10 -105
-10 -105
-10 -105
-10 -105
-10 -105
-10 -105
-10 -105
-10 -105
-10 -105
-10 -105
-10 -105
-10 -105
-10 -105
-10 -105
-10 -105
-10 -105
-10 -105
-10 -105
-10 -105
-10 -105
-10 -105
-10 -105
-10 -105
-10 -105
-10 -105
-10 -105
-10 -105
-10 -105
-10 -105
-10 -105
-10 -105
-10 -105
-10 -105
-10 -105
-10 -105
-10 -108
-10 -108
-10 -108
-10 -108
-10 -108
-10 -108
-10 -108
-10 -108
-10 -108
-10 -108
-10 -108
-10 -108
-10 -108
-10 -108
-10 -108
-10 -108
-10 -108
-10 -108
-10 -108
-10 -108
-10 -108
-10 -108
-10 -108
-10 -108
-10 -108
-10 -108
-10 -108
-10 -108
-10 -108
-10 -108
-10 -108
-10 -108
-10 -108
-10 -108
-10 -108
-10 -108
-10 -108
-10 -108
-10 -108
-10 -108
-10 -108
-10 -108
-10 -108
-10 -108
-10 -108
-10 -108
-10 -108
-13 -102
-16 -99
-16 -99
-16 -99
-16 -99
-16 -99
-16 -99
-16 -99
-16 -99
-16 -99
-16 -99
-16 -99
-16 -99
-16 -99
-16 -99
-16 -99
-16 -99
-16 -99
-16 -99
-16 -99
-16 -99
-16 -99
-16 -99
-16 -99
-16 -99
-16 -99
-16 -99
-16 -99
-16 -99
-16 -99
-16 -99
-16 -99
-16 -99
-16 -99
-16 -99
-16 -99
-16 -99
-16 -99
-16 -99
-16 -99
-16 -99
-16 -99
-16 -99
-22 -86
-22 -86
-22 -86
-22 -86
-22 -86
-22 -86
-22 -86
-22 -86
-22 -86
-22 -86
-22 -86
-22 -86
-22 -86
-22 -86
-22 -86
-22 -86
-22 -86
-22 -86
-22 -86
-22 -86
-22 -86
-22 -86
-22 -86
-22 -86
-22 -86
-39 -87
-39 -87
-39 -87
-39 -87
-39 -87
-39 -87
-39 -87
-39 -87
-39 -87
-39 -87
-39 -87
-39 -87
-39 -87
-39 -87
-39 -87
-39 -87
-39 -87
-39 -87
-47 -89
-47 -89
-47 -89
-47 -89
-47 -89
-47 -89
-47 -89
-47 -89
-47 -89
-47 -89
-47 -89
-47 -89
-47 -89
-47 -89
-47 -89
-47 -89
-47 -89
-47 -89
-47 -89
-47 -89
-47 -89
-47 -89
-47 -89
-47 -89
-47 -89
-47 -89
-47 -89
-47 -89
-47 -89
-47 -89
-47 -89
-47 -89
-46 -82
-46 -82
-46 -82
-46 -82
-46 -82
-46 -82
-46 -82
-46 -82
-46 -82
-46 -82
-46 -82
-46 -82
-46 -82
-46 -82
-46 -82
-46 -82
-46 -82
-46 -82
-46 -82
-46 -82
-46 -82
-46 -82
-46 -82
-46 -82
-46 -82
-46 -82
-46 -82
-46 -82
-55 -76
-55 -76
-55 -76
-55 -76
-55 -76
-55 -76
-55 -76
-55 -76
-55 -76
-55 -76
-55 -76
-55 -76
-55 -76
-55 -76
-55 -76
-55 -76
-55 -76
-55 -76
-55 -76
-55 -76
-55 -76
-55 -76
-55 -76
-55 -76
-55 -76
-55 -76
-55 -76
-55 -76
-55 -76
-55 -76
-55 -76
-55 -76
-63 -74
-63 -74
-63 -74
-63 -74
-63 -74
-63 -74
-63 -74
-63 -74
-63 -74
-63 -74
-63 -74
-63 -74
-63 -74
-63 -74
-63 -74
-63 -74
-63 -74
-63 -74
-63 -74
-67 -70
-67 -70
-67 -70
-67 -70
-67 -70
-67 -70
-67 -70
-67 -70
-67 -70
-67 -70
-67 -70
-67 -70
-67 -70
-67 -70
-67 -70
-67 -70
-67 -70
-67 -70
-67 -70
-67 -70
-67 -70
-67 -70
-67 -70
-67 -70
-67 -70
-67 -70
-67 -70
-67 -70
-67 -70
-67 -70
-67 -70
-67 -70
-76 -55
-76 -55
-76 -55
-76 -55
-76 -55
-76 -55
-76 -55
-76 -55
-76 -55
-76 -55
-76 -55
-76 -55
-76 -55
-76 -55
-76 -55
-76 -55
-76 -55
-76 -55
-76 -55
-76 -55
-76 -55
-76 -55
-76 -55
-76 -55
-76 -55
-76 -55
-76 -55
-76 -55
-76 -55
-76 -55
-82 -48
-82 -48
-82 -48
-82 -48
-82 -48
-82 -48
-82 -48
-82 -48
-82 -48
-82 -48
-82 -48
-82 -48
-82 -48
-82 -48
-82 -48
-82 -48
-82 -48
-82 -48
-82 -48
-82 -48
-82 -48
-82 -48
-82 -48
-82 -48
-82 -48
-82 -48
-82 -48
-82 -48
-82 -48
-82 -48
-82 -48
-82 -48
-82 -48
-82 -48
-82 -48
-82 -48
-82 -48
-82 -48
-86 -48
-86 -48
-86 -48
-86 -48
-86 -48
-86 -48
-86 -48
-86 -48
-86 -48
-86 -48
-86 -48
-86 -48
-86 -48
-86 -48
-86 -48
-86 -48
-86 -48
-86 -48
-100 -37
-100 -37
-100 -37
-100 -37
-100 -37
-100 -37
-100 -37
-100 -37
-100 -37
-100 -37
-100 -37
-100 -37
-100 -37
-100 -37
-100 -37
-100 -37
-100 -37
-100 -37
-100 -37
-100 -37
-100 -37
-93 -39
-93 -39
-93 -39
-93 -39
-93 -39
-93 -39
-93 -39
-93 -39
-93 -39
-93 -39
-93 -39
-93 -39
-93 -39
-93 -39
-93 -39
-93 -39
-93 -39
-93 -39
-93 -39
-93 -39
-93 -39
-93 -39
-93 -39
-93 -39
-93 -39
-93 -39
-93 -39
-93 -39
-93 -39
-93 -39
-93 -39
-93 -39
-93 -39
-93 -39
-93 -39
-93 -39
-93 -39
-93 -39
-93 -39
-77 -30
-77 -30
-77 -30
-77 -30
-77 -30
-77 -30
-77 -30
-77 -30
-77 -30
-77 -30
-77 -30
-77 -30
-77 -30
-77 -30
-77 -30
-77 -30
-77 -30
-77 -30
-77 -30
-77 -30
-77 -30
-77 -30
-77 -30
-77 -30
-77 -30
-77 -30
-77 -30
-77 -30
-77 -30
-77 -30
-77 -30
-77 -30
-77 -30
-77 -30
-77 -30
-77 -30
-77 -30
-77 -30
-77 -30
-77 -30
-98 -32
-98 -32
-98 -32
-98 -32
-98 -32
-98 -32
-98 -32
-98 -32
-98 -32
-98 -32
-98 -32
-98 -32
-98 -32
-98 -32
-98 -32
-98 -32
-98 -32
-98 -32
-98 -32
-98 -32
-98 -32
-98 -32
-98 -32
-98 -32
-98 -32
-98 -32
-98 -32
-98 -32
-98 -32
-98 -32
-98 -32
-98 -32
-98 -32
-98 -32
-98 -32
-102 -23
-102 -23
-102 -23
-102 -23
-102 -23
-102 -23
-102 -23
-102 -23
-102 -23
-102 -23
-102 -23
-102 -23
-102 -23
-102 -23
-102 -23
-107 -19
-107 -19
-107 -19
-107 -19
-107 -19
-107 -19
-107 -19
-107 -19
-107 -19
-107 -19
-107 -19
-107 -19
-107 -19
-107 -19
-107 -19
-107 -19
-107 -19
-107 -19
-107 -19
-107 -19
-107 -19
-107 -19
-107 -19
-107 -19
-107 -19
-107 -19
-107 -19
-107 -19
-107 -19
-107 -19
-107 -19
-107 -19
-107 -19
-107 -19
-107 -19
-111 -21
-111 -21
-111 -21
-111 -21
-111 -21
-111 -21
-111 -21
-111 -21
-111 -21
-111 -21
-111 -21
-111 -21
-111 -21
-111 -21
-111 -21
-111 -21
-111 -21
-111 -21
-111 -21
-111 -21
-111 -21
-111 -21
-111 -21
-111 -21
-111 -21
-111 -21
-111 -21
-111 -21
-111 -21
-111 -21
-111 -21
-111 -21
-111 -21
-111 -21
-123 -6
-123 -6
-123 -6
-123 -6
-123 -6
-123 -6
-123 -6
-123 -6
-123 -6
-123 -6
-123 -6
-123 -6
-123 -6
-123 -6
-123 -6
-123 -6
-123 -6
-123 -6
-123 -6
-123 -6
-123 -6
-123 -6
-123 -6
-123 -6
-123 -6
-123 -6
-123 -6
-125 3
-125 3
-125 3
-125 3
-125 3
-125 3
-125 3
-125 3
-125 3
-125 3
-125 3
-125 3
-125 3
-125 3
-125 3
-125 3
-125 3
-125 3
-125 3
-125 3
-125 3
-125 3
-125 3
-125 3
-125 3
-125 3
-125 3
-125 3
-125 3
-114 0
-114 0
-114 0
-114 0
-114 0
-114 0
-114 0
-114 0
-114 0
-114 0
-114 0
-114 0
-114 0
-114 0
-114 0
-114 0
-114 0
-114 0
-114 0
-114 0
-114 0
-114 0
-114 0
-114 0
-114 0
-114 0
-114 0
-114 0
-114 0
-114 0
-114 0
-114 0
-114 0
-118 2
-118 2
-118 2
-118 2
-118 2
-118 2
-118 2
-118 2
-118 2
-118 2
-118 2
-118 2
-118 2
-118 2
-118 2
-118 2
-118 2
-118 2
-118 2
-118 2
-118 2
-118 2
-118 2
-118 2
-118 2
-118 2
-118 2
-118 2
-118 2
-118 2
-118 2
-118 2
-118 2
-118 2
-116 14
-116 14
-116 14
-116 14
-116 14
-116 14
-116 14
-116 14
-116 14
-116 14
-116 14
-116 14
-116 14
-116 14
-116 14
-116 14
-115 22
-115 22
-115 22
-115 22
-115 22
-115 22
-115 22
-115 22
-115 22
-115 22
-115 22
-115 22
-115 22
-115 22
-115 22
-115 22
-115 22
-120 25
-120 25
-120 25
-120 25
-120 25
-120 25
-120 25
-120 25
-120 25
-120 25
-120 25
-120 25
-120 25
-120 25
-120 25
-120 25
-120 25
-120 25
-120 25
-120 25
-120 25
-120 25
-120 25
-120 25
-120 25
-120 25
-120 25
-120 25
-120 25
-120 25
-120 25
-120 25
-120 25
-120 25
-120 25
-120 25
-120 25
-102 22
-102 22
-102 22
-102 22
-102 22
-102 22
-102 22
-102 22
-102 22
-102 22
-102 22
-102 22
-102 22
-102 22
-102 22
-102 22
-83 30
-83 30
-83 30
-83 30
-83 30
-83 30
-83 30
-83 30
-83 30
-83 30
-83 30
-83 30
-83 30
-83 30
-83 30
-83 30
-83 30
-75 34
-75 34
-75 34
-75 34
-75 34
-75 34
-75 34
-75 34
-75 34
-75 34
-75 34
-75 34
-75 34
-75 34
-75 34
-75 34
-75 34
-75 34
-75 34
-75 34
-75 34
-75 34
-75 34
-75 34
-75 34
-75 34
-75 34
-75 34
-75 34
-75 34
-75 34
-75 34
-70 41
-70 41
-70 41
-70 41
-70 41
-70 41
-70 41
-70 41
-70 41
-70 41
-70 41
-70 41
-70 41
-70 41
-70 41
-70 41
-70 41
-70 41
-70 41
-70 41
-70 41
-70 41
-70 41
-70 41
-70 41
-70 41
-70 41
-70 41
-70 41
-70 41
-70 41
-70 41
-70 41
-70 41
-70 41
-70 41
-70 41
-70 41
-70 41
-70 41
-70 41
-70 41
-70 41
-70 41
-70 41
-70 41
-70 41
-70 41
-70 41
-70 41
-70 41
-70 41
-70 41
-60 37
-45 36
-45 36
-45 36
-45 36
-45 36
-45 36
-45 36
-45 36
-45 36
-45 36
-45 36
-45 36
-45 36
-33 26
-33 26
-33 26
-33 26
-33 26
-33 26
-33 26
-33 26
-33 26
-33 26
-33 26
-33 26
-33 26
-33 26
-20 23
-20 23
-20 23
-20 23
-20 23
-20 23
-20 23
-20 23
-20 23
-20 23
-20 23
-20 23
-20 23
-20 23
-20 23
-20 23
-20 23
-20 23
-20 23
-20 23
-20 23
-20 23
-20 23
-20 23
-20 23
-20 23
-20 23
-20 23
-20 23
-20 23
-10 12
-10 12
-10 12
-10 12
-10 12
-10 12
-10 12
-10 12
-10 12
-10 12
-10 12
-10 12
-10 12
-10 12
-10 12
-10 12
-10 12
-10 12
-10 12
-10 12
-10 12
-10 12
-10 12
-10 12
-10 12
-10 12
-10 12
-10 12
-10 12
-10 12
-10 12
-10 12
-1 4
-1 4
-1 4
-1 4
-1 4
-1 4
-1 4
-1 4
-1 4
-1 4
-1 4
-1 4
-1 4
-1 4
-1 4
-1 4
-1 4
-1 4
-1 4
-1 4
-1 4
-1 4
-1 4
-1 4
-1 4
-1 4
-1 4
-1 4
-1 4
-1 4
-1 4
-1 4
-1 4
-1 4
-1 4
0 1
0 1
0 1
0 1
0 1
0 1
0 1
0 1
0 1
0 1
0 1
0 1
0 1
0 1
0 1
0 1
0 1
0 1
0 1
0 1
0 1
0 1
0 1
0 1
0 1
0 1
0 1
0 1
0 1
0 1
0 1
0 1
0 1
0 1
0 1
0 1
0 1
0 1
0 1
0 1
0 1
0 1
0 1
0 1
0 1
0 1
0 1
0 1
0 1
0 1
0 1
0 1
0 1
0 1
0 1
0 1
0 1
0 1
0 1
0 1
0 1
0 1
0 1
0 1
0 1
0 1
0 1
0 1
0 1
0 1
0 1
0 1
0 1
0 1
0 1
0 1
0 1
0 1
0 1
0 1
0 1
0 1
0 1
0 1
0 1
0 1
0 1
0 1
0 1
0 1
0 1
0 1
0 1
0 1
0 1
0 1
0 1
0 1
0 1
0 1
0 1
0 1
0 1
0 1
0 1
0 1
0 1
0 1
0 1
0 1
0 1
0 1
0 1
0 1
0 1
0 1
0 1
0 1
0 1
0 1
0 1
0 1
0 1
0 1
0 1
0 1
0 1
0 1
0 1
0 1
0 1
0 1
0 1
0 1
0 1
0 1
0 1
0 1
0 1
0 1
0 1
0 1
0 1
0 1
0 1
0 1
0 1
0 1
0 1
0 1
0 1
0 1
0 1
0 1
0 1
0 1
0 1
0 1
0 1
0 1
0 1
0 1
0 1
0 1
0 1
0 1
0 1
0 1
0 1
0 1
0 1
0 1
0 1
0 1
0 1
0 1
0 1
0 1
0 1
0 1
0 1
0 1
0 1
0 1
0 1
0 1
0 1
0 1
0 1
0 1
0 1
0 1
0 1
0 1
0 1
0 1
0 1
0 1
0 1
0 1
0 1
0 1
0 1
0 1
0 1
0 1
0 1
0 1
0 1
0 1
0 1
0 1
0 1
0 1
0 1
0 1
0 1
0 1
0 1
0 1
0 1
0 1
0 1
0 1
0 1
0 1
0 1
0 1
0 1
0 1
0 1
0 1
0 1
0 1
0 1
0 1
0 1
0 1
0 1
0 1
0 1
0 1
0 1
0 1
0 1
0 1
0 1
0 1
0 1
0 1
0 1
0 1
0 1
0 1
0 1
0 1
0 1
0 1
0 1
0 1
0 1
0 1
0 1
0 1
0 1
0 1
0 1
0 1
0 1
0 1
0 1
0 1
0 1
0 1
0 1
0 1
0 1
0 1
0 1
0 1
0 1
0 1
0 1
0 1
0 1
0 1
0 1
0 1
0 1
0 1
0 1
0 1
0 1
0 1
0 1
0 1
0 1
0 1
0 1
0 1
0 1
0 1
0 1
0 1
0 1
0 1
0 1
0 1
0 1
0 1
0 1
0 1
0 1
0 1
0 1
0 1
0 1
0 1
0 1
0 1
0 1
0 1
0 1
0 1
0 1
0 1
0 1
0 1
0 1
0 1
0 1
0 1
0 1
0 1
0 1
0 1
0 1
0 1
0 1
0 1
0 1
0 1
0 1
0 1
0 1
0 1
0 1
0 1
0 1
0 1
0 1
0 1
0 1
0 1
0 1
0 1
0 1
0 1
0 1
0 1
0 1
0 1
0 1
0 1
0 1
0 1
0 1
0 1
0 1
0 1
0 1
0 1
0 1
0 1
0 1
0 1
0 1
0 1
0 1
0 1
0 1
0 1
0 1
0 1
0 1
0 1
0 1
0 1
0 1
0 1
0 1
0 1
0 1
0 1
0 1
0 1
0 1
0 1
0 1
0 1
0 1
0 1
0 1
0 1
0 1
0 1
0 1
0 1
0 1
0 1
0 1
0 1
0 1
0 1
0 1
0 1
0 1
0 1
0 1
0 1
0 1
0 1
0 1
0 1
0 1
0 1
0 1
0 1
0 1
0 1
0 1
0 1
0 1
0 1
0 1
0 1
0 1
0 1
0 1
0 1
0 1
0 1
0 1
0 1
0 1
0 1
0 1
0 1
0 1
0 1
0 1
0 1
0 1
0 1
0 1
0 1
0 1
0 1
0 1
0 1
0 1
0 1
0 1
0 1
0 1
0 1
0 1
0 1
0 1
0 1
0 1
0 1
0 1
0 1
0 1
0 1
0 1
0 1
0 1
0 1
0 1
0 1
0 1
0 1
0 1
0 1
0 1
0 1
0 1
0 1
0 1
0 1
0 1
0 1
0 1
0 1
0 1
0 1
0 1
0 1
0 1
0 1
0 1
0 1
0 1
0 1
0 1
0 1
0 1
0 1
0 1
0 1
0 1
0 1
0 1
0 1
0 1
0 1
0 1
0 1
0 1
0 1
0 1
0 1
0 1
0 1
0 1
0 1
0 1
0 1
0 1
0 1
0 1
0 1
0 1
0 1
0 1
0 1
0 1
0 1
0 1
0 1
0 1
0 1
0 1
0 1
0 1
0 1
0 1
0 1
0 1
0 1
0 1
0 1
0 1
0 1
0 1
0 1
0 1
0 1
0 1
0 1
0 1
0 1
0 1
0 1
0 1
0 1
0 1
0 1
0 1
0 1
0 1
0 1
0 1
0 1
0 1
0 1
0 1
0 1
0 1
0 1
0 1
0 1
0 1
0 1
0 1
0 1
0 1
0 1
0 1
0 1
0 1
0 1
0 1
0 1
0 1
0 1
0 1
0 1
0 1
0 1
0 1
0 1
0 1
0 1
0 1
0 1
0 1
0 1
0 1
0 1
0 1
0 1
0 1
0 1
0 1
0 1
0 1
0 1
0 1
0 1
0 1
0 1
0 1
0 1
0 1
0 1
0 1
0 1
0 1
0 1
0 1
0 1
0 1
0 1
0 1
0 1
0 1
0 1
0 1
0 1
0 1
0 1
0 1
0 1
0 1
0 1
0 1
0 1
0 1
0 1
0 1
0 1
0 1
0 1
0 1
0 1
0 1
0 1
0 1
0 1
0 1
0 1
0 1
0 1
0 1
0 1
0 1
0 1
0 1
0 1
0 1
0 1
0 1
0 1
0 1
0 1
0 1
0 1
0 1
0 1
0 1
0 1
0 1
0 1
0 1
0 1
0 1
0 1
0 1
0 1
0 1
0 1
0 1
0 1
0 1
0 1
0 1
0 1
0 1
0 1
0 1
0 1
0 1
0 1
0 1
0 1
0 1
0 1
0 1
0 1
0 1
0 1
0 1
0 1
0 1
0 1
0 1
0 1
0 1
0 1
0 1
0 1
0 1
0 1
0 1
0 1
0 1
0 1
0 1
0 1
0 1
0 1
0 1
0 1
0 1
0 1
0 1
0 1
0 1
0 1
0 1
0 1
0 1
0 1
0 1
0 1
0 1
0 1
0 1
0 1
0 1
0 1
0 1
0 1
0 1
0 1
0 1
0 1
0 1
0 1
0 1
0 1
0 1
0 1
0 1
0 1
0 1
0 1
0 1
0 1
0 1
0 1
0 1
0 1
0 1
0 1
0 1
0 1
0 1
0 1
0 1
0 1
0 1
0 1
0 1
0 1
0 1
0 1
0 1
0 1
0 1
0 1
0 1
0 1
0 1
0 1
0 1
0 1
0 1
0 1
0 1
0 1
0 1
