1 59
19 58
24 59
24 59
24 59
24 59
24 59
24 59
24 59
24 59
24 59
24 59
24 59
24 59
24 59
24 59
27 53
27 53
27 53
27 53
27 53
27 53
27 53
27 53
27 53
27 53
27 53
27 53
27 53
27 53
27 53
27 53
27 53
27 53
27 53
27 53
27 53
27 53
27 53
27 53
27 53
27 53
27 53
27 53
27 53
27 53
27 53
27 53
27 53
27 53
27 53
27 53
27 53
17 61
17 61
17 61
17 61
17 61
17 61
17 61
17 61
17 61
17 61
17 61
17 61
17 61
17 61
17 61
17 61
17 61
17 61
17 61
17 61
28 58
28 58
28 58
28 58
28 58
28 58
28 58
28 58
28 58
28 58
28 58
28 58
28 58
28 58
28 58
28 58
28 58
28 58
28 58
28 58
28 58
28 58
28 58
28 58
28 58
28 58
28 58
28 58
28 58
28 58
28 58
28 58
28 58
28 58
28 58
28 58
28 58
28 58
28 58
28 58
28 58
25 56
25 56
25 56
25 56
25 56
25 56
25 56
25 56
25 56
25 56
25 56
25 56
25 56
25 56
25 56
25 56
25 56
25 56
25 56
25 56
25 56
25 56
29 51
29 51
29 51
29 51
29 51
29 51
29 51
29 51
29 51
29 51
29 51
29 51
29 51
29 51
29 51
29 51
29 51
29 51
29 51
24 48
24 48
24 48
24 48
24 48
24 48
24 48
24 48
24 48
24 48
24 48
24 48
24 48
24 48
24 48
24 48
24 48
24 48
24 48
24 48
24 48
24 48
24 48
24 48
24 48
24 48
24 48
24 48
24 48
24 48
24 48
24 48
24 48
24 48
24 48
24 48
24 48
24 48
24 48
24 48
24 48
24 48
25 53
25 53
25 53
25 53
25 53
25 53
25 53
25 53
25 53
25 53
25 53
25 53
25 53
25 53
25 53
25 53
25 53
25 53
25 53
25 53
25 53
25 53
25 53
25 53
25 53
25 53
25 53
25 53
25 53
25 53
25 53
25 53
25 53
25 53
25 53
25 53
25 53
25 53
25 53
25 53
25 53
25 53
25 53
25 53
25 53
25 53
25 53
25 53
32 46
32 46
32 46
32 46
32 46
32 46
32 46
32 46
32 46
32 46
32 46
32 46
32 46
32 46
32 46
32 46
32 46
32 46
32 46
32 46
32 46
32 46
32 46
42 56
42 56
42 56
42 56
42 56
42 56
42 56
42 56
42 56
42 56
42 56
42 56
42 56
42 56
42 56
42 56
42 56
42 56
42 56
42 56
42 56
52 49
52 49
52 49
52 49
52 49
52 49
52 49
52 49
52 49
52 49
52 49
52 49
52 49
52 49
52 49
52 49
52 49
52 49
53 48
53 48
53 48
53 48
53 48
53 48
53 48
53 48
53 48
53 48
53 48
53 48
53 48
53 48
53 48
53 48
53 48
53 48
53 48
53 48
53 48
53 48
53 48
53 48
53 48
53 48
53 48
53 48
53 48
53 48
53 48
53 48
53 48
53 48
53 48
53 48
53 48
53 48
53 48
53 48
53 48
53 48
53 48
53 48
53 48
53 48
53 48
53 48
53 48
53 48
53 48
53 48
53 48
53 48
53 48
53 48
53 48
53 48
53 48
53 48
53 48
53 48
53 48
50 33
46 28
46 28
46 28
46 28
46 28
46 28
46 28
46 28
46 28
46 28
46 28
46 28
46 28
46 28
46 28
46 28
46 28
46 28
46 28
47 32
47 32
47 32
47 32
47 32
47 32
47 32
47 32
47 32
47 32
47 32
47 32
47 32
47 32
47 32
47 32
47 32
47 32
47 32
47 32
47 32
47 32
47 32
47 32
47 32
47 32
47 32
47 32
47 32
47 32
47 32
47 32
47 32
47 32
47 32
47 32
47 32
47 32
55 34
55 34
55 34
55 34
55 34
55 34
55 34
55 34
55 34
55 34
55 34
55 34
55 34
55 34
55 34
55 34
55 34
55 34
55 34
55 34
55 34
55 34
55 34
55 34
55 34
55 34
55 34
55 34
55 34
55 34
55 34
55 34
55 34
55 34
55 34
55 34
55 34
55 34
55 34
55 34
55 34
55 34
55 34
55 34
55 34
55 34
55 34
66 33
66 33
66 33
66 33
66 33
66 33
66 33
66 33
66 33
66 33
66 33
66 33
66 33
66 33
66 33
66 33
66 33
66 33
66 33
66 33
66 33
66 33
66 33
68 21
68 21
68 21
68 21
68 21
68 21
68 21
68 21
68 21
68 21
68 21
68 21
68 21
68 21
68 21
68 21
68 21
68 21
68 21
68 21
68 21
68 21
78 22
78 22
78 22
78 22
78 22
78 22
78 22
78 22
78 22
78 22
78 22
78 22
78 22
78 22
78 22
78 22
78 22
78 22
78 22
78 22
78 22
85 13
85 13
85 13
85 13
85 13
85 13
85 13
85 13
85 13
85 13
85 13
85 13
85 13
85 13
85 13
85 13
85 13
85 13
85 13
85 13
85 13
85 13
85 13
85 13
85 13
85 13
85 13
85 13
85 13
85 13
85 13
85 13
85 13
85 13
85 13
85 13
85 13
85 13
85 13
85 13
85 13
85 13
85 13
85 13
85 13
85 13
85 13
85 13
83 3
83 3
83 3
83 3
83 3
83 3
83 3
83 3
83 3
83 3
83 3
83 3
83 3
83 3
83 3
83 3
83 3
83 3
83 3
83 3
83 3
83 3
83 3
83 3
83 3
83 3
86 8
86 8
86 8
86 8
86 8
86 8
86 8
86 8
86 8
86 8
86 8
86 8
86 8
86 8
86 8
86 8
86 8
86 8
86 8
86 8
86 8
86 8
86 8
86 8
86 8
86 8
86 8
86 8
86 8
86 8
86 8
86 8
86 8
86 8
86 8
86 8
86 8
86 8
86 8
86 8
86 8
86 8
86 8
88 4
88 4
88 4
88 4
88 4
88 4
88 4
88 4
88 4
88 4
88 4
88 4
88 4
88 4
88 4
88 4
88 4
88 4
88 4
88 4
88 4
88 4
95 3
95 3
95 3
95 3
95 3
95 3
95 3
95 3
95 3
95 3
95 3
95 3
95 3
95 3
95 3
95 3
95 3
95 3
95 3
95 3
95 3
95 3
95 3
95 3
95 3
95 3
95 3
95 3
95 3
95 3
95 3
95 3
95 3
95 3
95 3
95 3
95 3
95 3
95 3
95 3
95 3
95 3
95 3
95 3
95 3
95 3
95 3
97 2
97 2
97 2
97 2
97 2
97 2
97 2
97 2
97 2
97 2
97 2
97 2
97 2
97 2
97 2
97 2
97 2
97 2
97 2
97 2
97 2
97 2
97 2
97 2
97 2
90 0
90 0
90 0
90 0
90 0
90 0
90 0
90 0
90 0
90 0
90 0
90 0
90 0
90 0
90 0
90 0
90 0
90 0
90 0
90 0
90 0
90 0
90 0
90 0
90 0
90 0
95 -5
95 -5
95 -5
95 -5
95 -5
95 -5
95 -5
95 -5
95 -5
95 -5
95 -5
95 -5
95 -5
95 -5
95 -5
95 -5
95 -5
95 -5
95 -5
95 -5
95 -5
95 -5
95 -5
95 -5
100 -5
100 -5
100 -5
100 -5
100 -5
100 -5
100 -5
100 -5
100 -5
100 -5
100 -5
100 -5
100 -5
100 -5
100 -5
100 -5
100 -5
100 -5
100 -5
100 -5
100 -5
100 -5
100 -5
100 -5
100 -5
100 -5
100 -5
100 -5
100 -5
100 -5
100 -5
100 -5
100 -5
100 -5
100 -5
100 -5
100 -5
100 -5
100 -5
100 -5
100 -5
100 -5
100 -5
100 -5
100 -5
100 -5
100 -5
100 -5
100 -5
100 -5
100 -5
100 -5
100 -5
100 -5
100 -5
100 -5
100 -5
100 -5
100 -5
100 -5
100 -5
100 -5
92 -8
92 -8
92 -8
92 -8
92 -8
92 -8
92 -8
92 -8
92 -8
92 -8
92 -8
92 -8
92 -8
92 -8
92 -8
92 -8
92 -8
92 -8
92 -8
92 -8
92 -8
92 -8
92 -8
92 -8
92 -8
92 -8
87 -11
87 -11
87 -11
87 -11
87 -11
87 -11
87 -11
87 -11
87 -11
87 -11
87 -11
87 -11
87 -11
87 -11
87 -11
87 -11
87 -11
87 -11
87 -11
87 -11
87 -11
87 -11
87 -11
87 -11
87 -16
87 -16
87 -16
87 -16
87 -16
87 -16
87 -16
87 -16
87 -16
87 -16
87 -16
87 -16
87 -16
87 -16
87 -16
87 -16
87 -16
87 -16
87 -16
87 -16
87 -16
75 -25
75 -25
75 -25
75 -25
75 -25
75 -25
75 -25
75 -25
75 -25
75 -25
75 -25
75 -25
75 -25
75 -25
75 -25
75 -25
75 -25
75 -25
75 -25
75 -25
75 -25
75 -25
75 -25
75 -25
75 -25
75 -25
75 -25
75 -25
75 -25
75 -25
75 -25
75 -25
75 -25
75 -25
75 -25
75 -25
75 -25
75 -25
75 -25
75 -25
75 -25
75 -25
75 -25
75 -25
75 -25
75 -25
75 -25
75 -25
75 -25
75 -25
66 -39
66 -39
66 -39
66 -39
66 -39
66 -39
66 -39
66 -39
66 -39
66 -39
66 -39
66 -39
66 -39
66 -39
66 -39
66 -39
66 -39
66 -39
66 -39
66 -39
66 -39
66 -39
66 -39
66 -39
68 -39
68 -39
68 -39
68 -39
68 -39
68 -39
68 -39
68 -39
68 -39
68 -39
68 -39
68 -39
68 -39
68 -39
68 -39
68 -39
68 -39
68 -39
68 -39
68 -39
68 -39
68 -39
68 -39
68 -39
68 -39
53 -49
53 -49
53 -49
53 -49
53 -49
53 -49
53 -49
53 -49
53 -49
53 -49
53 -49
53 -49
53 -49
53 -49
53 -49
53 -49
53 -49
53 -49
53 -49
53 -49
53 -49
53 -49
53 -49
53 -49
53 -49
53 -49
53 -49
53 -49
53 -49
53 -49
53 -49
53 -49
53 -49
53 -49
53 -49
53 -49
53 -49
53 -49
53 -49
53 -49
53 -49
53 -49
58 -49
58 -49
58 -49
58 -49
58 -49
58 -49
58 -49
58 -49
58 -49
58 -49
58 -49
58 -49
58 -49
58 -49
58 -49
58 -49
58 -49
58 -49
58 -49
58 -49
48 -46
48 -46
48 -46
48 -46
48 -46
48 -46
48 -46
48 -46
48 -46
48 -46
48 -46
48 -46
48 -46
48 -46
48 -46
48 -46
48 -46
48 -46
48 -46
48 -46
48 -46
45 -59
45 -59
45 -59
45 -59
45 -59
45 -59
45 -59
45 -59
45 -59
45 -59
45 -59
45 -59
45 -59
45 -59
45 -59
45 -59
45 -59
45 -59
45 -59
45 -59
45 -59
45 -59
45 -59
45 -59
45 -59
45 -59
45 -59
45 -59
45 -59
45 -59
45 -59
45 -59
45 -59
45 -59
45 -59
45 -59
45 -59
45 -59
45 -59
45 -59
45 -59
45 -59
42 -66
42 -66
42 -66
42 -66
42 -66
42 -66
42 -66
42 -66
42 -66
42 -66
42 -66
42 -66
42 -66
42 -66
42 -66
42 -66
42 -66
42 -66
42 -66
42 -66
45 -67
45 -67
45 -67
45 -67
45 -67
45 -67
45 -67
45 -67
45 -67
45 -67
45 -67
45 -67
45 -67
45 -67
45 -67
45 -67
45 -67
45 -67
45 -67
45 -67
45 -67
45 -67
45 -67
45 -67
45 -67
45 -67
45 -67
45 -67
45 -67
45 -67
45 -67
45 -67
45 -67
45 -67
45 -67
45 -67
45 -67
45 -67
45 -67
45 -67
45 -67
45 -67
45 -67
45 -67
45 -67
45 -67
45 -67
45 -67
45 -67
45 -67
45 -67
45 -67
45 -67
45 -67
45 -67
45 -67
45 -67
45 -67
45 -79
36 -71
36 -71
36 -71
36 -71
36 -71
36 -71
36 -71
36 -71
36 -71
36 -71
36 -71
36 -71
36 -71
36 -71
36 -71
36 -71
36 -71
36 -71
36 -71
36 -71
36 -71
36 -71
34 -73
34 -73
34 -73
34 -73
34 -73
34 -73
34 -73
34 -73
34 -73
34 -73
34 -73
34 -73
34 -73
34 -73
34 -73
34 -73
34 -73
34 -73
34 -73
34 -73
34 -73
34 -73
34 -73
34 -73
34 -73
34 -73
34 -73
34 -73
34 -73
34 -73
34 -73
34 -73
34 -73
34 -73
34 -73
34 -73
34 -73
34 -73
34 -73
34 -73
34 -73
34 -73
34 -73
34 -73
34 -73
34 -73
34 -73
30 -79
30 -79
30 -79
30 -79
30 -79
30 -79
30 -79
30 -79
30 -79
30 -79
30 -79
30 -79
30 -79
30 -79
30 -79
30 -79
30 -79
30 -79
30 -79
30 -79
30 -79
30 -79
30 -79
32 -81
32 -81
32 -81
32 -81
32 -81
32 -81
32 -81
32 -81
32 -81
32 -81
32 -81
32 -81
32 -81
32 -81
32 -81
32 -81
32 -81
32 -81
32 -81
32 -81
32 -81
32 -81
32 -81
32 -81
17 -82
17 -82
17 -82
17 -82
17 -82
17 -82
17 -82
17 -82
17 -82
17 -82
17 -82
17 -82
17 -82
17 -82
17 -82
17 -82
17 -82
17 -82
17 -82
17 -82
17 -82
17 -82
17 -82
17 -82
17 -82
17 -82
17 -82
17 -82
17 -82
17 -82
17 -82
17 -82
17 -82
17 -82
17 -82
17 -82
17 -82
17 -82
17 -82
17 -82
17 -82
17 -82
17 -82
17 -82
17 -82
17 -82
17 -82
18 -80
18 -80
18 -80
18 -80
18 -80
18 -80
18 -80
18 -80
18 -80
18 -80
18 -80
18 -80
18 -80
18 -80
18 -80
18 -80
18 -80
18 -80
18 -80
18 -80
18 -80
20 -81
20 -81
20 -81
20 -81
20 -81
20 -81
20 -81
20 -81
20 -81
20 -81
20 -81
20 -81
20 -81
20 -81
20 -81
20 -81
20 -81
20 -81
20 -81
20 -81
20 -81
20 -81
20 -81
20 -81
20 -81
20 -81
20 -81
20 -81
20 -81
20 -81
20 -81
20 -81
20 -81
20 -81
20 -81
20 -81
20 -81
20 -81
20 -81
20 -81
15 -69
15 -69
15 -69
15 -69
15 -69
15 -69
15 -69
15 -69
15 -69
15 -69
15 -69
15 -69
15 -69
15 -69
15 -69
15 -69
15 -69
15 -69
10 -82
10 -82
10 -82
10 -82
10 -82
10 -82
10 -82
10 -82
10 -82
10 -82
10 -82
10 -82
10 -82
10 -82
10 -82
10 -82
10 -82
10 -82
10 -82
10 -82
10 -82
10 -82
10 -82
10 -82
10 -82
8 -82
8 -82
8 -82
8 -82
8 -82
8 -82
8 -82
8 -82
8 -82
8 -82
8 -82
8 -82
8 -82
8 -82
8 -82
8 -82
8 -82
8 -82
8 -82
8 -82
8 -82
8 -82
8 -82
8 -82
8 -82
8 -82
8 -82
8 -82
8 -82
8 -82
8 -82
8 -82
8 -82
8 -82
8 -82
8 -82
8 -82
8 -82
8 -82
8 -82
8 -82
8 -82
8 -82
8 -82
8 -82
8 -82
8 -82
8 -82
8 -82
8 -82
8 -82
8 -82
2 -81
2 -81
2 -81
2 -81
2 -81
2 -81
2 -81
2 -81
2 -81
2 -81
2 -81
2 -81
2 -81
2 -81
2 -81
2 -81
2 -81
2 -81
2 -81
2 -81
2 -81
2 -81
2 -81
2 -81
2 -81
2 -81
1 -81
1 -81
1 -81
1 -81
1 -81
1 -81
1 -81
1 -81
1 -81
1 -81
1 -81
1 -81
1 -81
1 -81
1 -81
1 -81
1 -81
1 -81
1 -81
1 -81
1 -81
1 -81
1 -81
1 -81
1 -81
1 -81
1 -81
1 -81
1 -81
1 -81
1 -81
1 -81
1 -81
1 -81
1 -81
1 -81
1 -81
1 -81
1 -81
1 -81
1 -81
1 -81
1 -81
1 -81
1 -81
1 -81
1 -81
1 -81
1 -81
1 -81
1 -81
1 -81
2 -83
2 -83
2 -83
2 -83
2 -83
2 -83
2 -83
2 -83
2 -83
2 -83
2 -83
2 -83
2 -83
2 -83
2 -83
2 -83
2 -83
2 -83
2 -83
2 -83
2 -83
2 -83
2 -83
-3 -80
-3 -80
-3 -80
-3 -80
-3 -80
-3 -80
-3 -80
-3 -80
-3 -80
-3 -80
-3 -80
-3 -80
-3 -80
-3 -80
-3 -80
-3 -80
-3 -80
-3 -80
-3 -80
-3 -80
-3 -80
-3 -80
-3 -80
-3 -80
-3 -80
-3 -80
-1 -84
-1 -84
-1 -84
-1 -84
-1 -84
-1 -84
-1 -84
-1 -84
-1 -84
-1 -84
-1 -84
-1 -84
-1 -84
-1 -84
-1 -84
-1 -84
-1 -84
-1 -84
-1 -84
-1 -84
-1 -84
-1 -84
-1 -84
-1 -84
-1 -84
-1 -84
-1 -84
-1 -84
-1 -84
-1 -84
-1 -84
-1 -84
-1 -84
-1 -84
-1 -84
-1 -84
-1 -84
-1 -84
-1 -84
-1 -84
-1 -84
-1 -84
-1 -84
-1 -84
-1 -84
-1 -84
-1 -84
-1 -84
0 -81
0 -81
0 -81
0 -81
0 -81
0 -81
0 -81
0 -81
0 -81
0 -81
0 -81
0 -81
0 -81
0 -81
0 -81
0 -81
0 -81
0 -81
0 -81
0 -81
0 -81
-4 -83
-4 -83
-4 -83
-4 -83
-4 -83
-4 -83
-4 -83
-4 -83
-4 -83
-4 -83
-4 -83
-4 -83
-4 -83
-4 -83
-4 -83
-4 -83
-4 -83
-4 -83
-4 -83
-4 -83
-4 -83
-4 -83
-4 -83
-4 -83
-4 -83
-4 -83
-4 -83
-4 -83
-4 -83
-4 -83
-4 -83
-4 -83
-4 -83
-4 -83
-4 -83
-4 -83
-4 -83
-4 -83
-4 -83
-4 -83
-4 -83
-4 -83
-4 -83
-4 -83
-4 -83
-2 -79
-2 -79
-2 -79
-2 -79
-2 -79
-2 -79
-2 -79
-2 -79
-2 -79
-2 -79
-2 -79
-2 -79
-2 -79
-2 -79
-2 -79
-2 -79
-2 -79
-10 -75
-10 -75
-10 -75
-10 -75
-10 -75
-10 -75
-10 -75
-10 -75
-10 -75
-10 -75
-10 -75
-10 -75
-10 -75
-10 -75
-10 -75
-10 -75
-10 -75
-10 -75
-15 -77
-15 -77
-15 -77
-15 -77
-15 -77
-15 -77
-15 -77
-15 -77
-15 -77
-15 -77
-15 -77
-15 -77
-15 -77
-15 -77
-15 -77
-15 -77
-15 -77
-15 -77
-15 -77
-15 -77
-15 -77
-15 -77
-15 -77
-15 -77
-15 -77
-15 -77
-15 -77
-15 -77
-15 -77
-15 -77
-15 -77
-15 -77
-15 -77
-15 -77
-15 -77
-15 -77
-15 -77
-15 -77
-15 -77
-15 -77
-15 -77
-15 -77
-15 -77
-15 -73
-15 -73
-15 -73
-15 -73
-15 -73
-15 -73
-15 -73
-15 -73
-15 -73
-15 -73
-15 -73
-15 -73
-15 -73
-15 -73
-15 -73
-15 -73
-15 -73
-15 -73
-15 -73
-15 -73
-15 -73
-15 -73
-15 -73
-15 -73
-19 -73
-19 -73
-19 -73
-19 -73
-19 -73
-19 -73
-19 -73
-19 -73
-19 -73
-19 -73
-19 -73
-19 -73
-19 -73
-19 -73
-19 -73
-19 -73
-19 -73
-19 -67
-19 -67
-19 -67
-19 -67
-19 -67
-19 -67
-19 -67
-19 -67
-19 -67
-19 -67
-19 -67
-19 -67
-19 -67
-19 -67
-19 -67
-19 -67
-19 -67
-19 -67
-19 -67
-19 -67
-19 -67
-19 -67
-19 -67
-19 -67
-19 -67
-19 -67
-19 -67
-19 -67
-19 -67
-19 -67
-19 -67
-19 -67
-19 -67
-19 -67
-19 -67
-19 -67
-19 -67
-19 -67
-19 -67
-19 -67
-19 -67
-19 -67
-19 -67
-19 -67
-19 -67
-19 -67
-19 -67
-19 -67
-19 -67
-19 -67
-19 -67
-19 -67
-19 -67
-19 -67
-19 -67
-19 -67
-19 -67
-19 -67
-19 -55
-19 -55
-19 -55
-19 -55
-19 -55
-19 -55
-19 -55
-19 -55
-19 -55
-19 -55
-19 -55
-19 -55
-19 -55
-19 -55
-19 -55
-19 -55
-18 -68
-18 -68
-18 -68
-18 -68
-18 -68
-18 -68
-18 -68
-18 -68
-18 -68
-18 -68
-18 -68
-18 -68
-18 -68
-18 -68
-18 -68
-18 -68
-31 -57
-31 -57
-31 -57
-31 -57
-31 -57
-31 -57
-31 -57
-31 -57
-31 -57
-31 -57
-31 -57
-31 -57
-31 -57
-31 -57
-31 -57
-31 -57
-31 -57
-31 -57
-31 -57
-31 -50
-31 -50
-31 -50
-31 -50
-31 -50
-31 -50
-31 -50
-31 -50
-31 -50
-31 -50
-31 -50
-31 -50
-31 -50
-31 -50
-31 -50
-31 -50
-31 -50
-28 -46
-28 -46
-28 -46
-28 -46
-28 -46
-28 -46
-28 -46
-28 -46
-28 -46
-28 -46
-28 -46
-28 -46
-28 -46
-28 -46
-28 -46
-28 -46
-28 -46
-28 -46
-28 -46
-28 -46
-28 -46
-28 -46
-28 -46
-28 -46
-28 -46
-28 -46
-28 -46
-28 -46
-28 -46
-28 -46
-28 -46
-28 -46
-28 -46
-33 -50
-33 -50
-33 -50
-33 -50
-33 -50
-33 -50
-33 -50
-33 -50
-33 -50
-33 -50
-33 -50
-33 -50
-33 -50
-33 -50
-33 -50
-33 -50
-47 -51
-47 -51
-47 -51
-47 -51
-47 -51
-47 -51
-47 -51
-47 -51
-47 -51
-47 -51
-47 -51
-47 -51
-47 -51
-47 -51
-47 -51
-47 -51
-47 -51
-47 -51
-47 -51
-47 -51
-47 -51
-47 -51
-47 -51
-47 -51
-47 -51
-47 -51
-47 -51
-47 -51
-47 -51
-47 -51
-47 -51
-47 -51
-47 -51
-56 -39
-56 -39
-56 -39
-56 -39
-56 -39
-56 -39
-56 -39
-56 -39
-56 -39
-56 -39
-56 -39
-56 -39
-56 -39
-56 -39
-56 -39
-56 -39
-56 -39
-56 -39
-52 -41
-52 -41
-52 -41
-52 -41
-52 -41
-52 -41
-52 -41
-52 -41
-52 -41
-52 -41
-52 -41
-52 -41
-52 -41
-52 -41
-52 -41
-52 -41
-52 -41
-52 -41
-52 -41
-52 -41
-52 -41
-52 -41
-52 -41
-52 -41
-52 -41
-52 -41
-52 -41
-52 -41
-52 -41
-52 -41
-52 -41
-52 -41
-52 -41
-52 -41
-52 -41
-52 -41
-52 -34
-52 -34
-52 -34
-52 -34
-52 -34
-52 -34
-52 -34
-52 -34
-52 -34
-52 -34
-52 -34
-52 -34
-52 -34
-52 -34
-52 -34
-52 -34
-52 -34
-52 -34
-52 -34
-52 -34
-52 -34
-52 -34
-52 -34
-52 -34
-52 -34
-52 -34
-52 -34
-52 -34
-52 -34
-52 -34
-52 -34
-52 -34
-52 -34
-52 -34
-52 -34
-52 -34
-50 -31
-66 -35
-66 -35
-66 -35
-66 -35
-66 -35
-66 -35
-66 -35
-66 -35
-66 -35
-66 -35
-66 -35
-66 -35
-66 -35
-66 -35
-66 -35
-66 -35
-66 -35
-56 -37
-56 -37
-56 -37
-56 -37
-56 -37
-56 -37
-56 -37
-56 -37
-56 -37
-56 -37
-56 -37
-56 -37
-56 -37
-56 -37
-56 -37
-56 -37
-56 -37
-56 -37
-56 -37
-56 -37
-56 -37
-56 -37
-56 -37
-56 -37
-56 -37
-56 -37
-56 -37
-56 -37
-56 -37
-56 -37
-56 -37
-56 -37
-56 -37
-56 -37
-74 -31
-74 -31
-74 -31
-74 -31
-74 -31
-74 -31
-74 -31
-74 -31
-74 -31
-74 -31
-74 -31
-74 -31
-74 -31
-74 -31
-74 -31
-74 -31
-74 -31
-74 -27
-74 -27
-74 -27
-74 -27
-74 -27
-74 -27
-74 -27
-74 -27
-74 -27
-74 -27
-74 -27
-74 -27
-74 -27
-74 -27
-74 -27
-74 -27
-74 -27
-74 -27
-74 -27
-74 -27
-74 -27
-74 -27
-74 -27
-74 -27
-74 -27
-74 -27
-74 -27
-74 -27
-74 -27
-74 -27
-90 -23
-90 -23
-90 -23
-90 -23
-90 -23
-90 -23
-90 -23
-90 -23
-90 -23
-90 -23
-90 -23
-90 -23
-90 -23
-90 -23
-90 -23
-83 -20
-83 -20
-83 -20
-83 -20
-83 -20
-83 -20
-83 -20
-83 -20
-83 -20
-83 -20
-83 -20
-83 -20
-83 -20
-83 -20
-83 -20
-83 -20
-83 -20
-83 -20
-83 -20
-83 -20
-92 -21
-92 -21
-92 -21
-92 -21
-92 -21
-92 -21
-92 -21
-92 -21
-92 -21
-92 -21
-92 -21
-92 -21
-92 -21
-92 -21
-92 -21
-92 -21
-92 -21
-92 -21
-92 -21
-92 -21
-92 -21
-92 -21
-92 -21
-92 -21
-92 -21
-92 -21
-92 -21
-92 -21
-92 -21
-92 -21
-92 -21
-92 -21
-92 -21
-92 -21
-92 -21
-92 -21
-92 -21
-92 -21
-92 -21
-93 -18
-93 -18
-93 -18
-93 -18
-93 -18
-93 -18
-93 -18
-93 -18
-93 -18
-93 -18
-93 -18
-93 -18
-93 -18
-93 -18
-93 -18
-93 -18
-93 -18
-93 -18
-93 -18
-93 -18
-87 -12
-87 -12
-87 -12
-87 -12
-87 -12
-87 -12
-87 -12
-87 -12
-87 -12
-87 -12
-87 -12
-87 -12
-87 -12
-87 -12
-87 -12
-87 -12
-87 -12
-87 -12
-87 -12
-87 -12
-87 -12
-87 -12
-87 -12
-87 -12
-87 -12
-87 -12
-87 -12
-87 -12
-87 -12
-87 -12
-87 -12
-87 -12
-87 -12
-87 -12
-87 -12
-87 -12
-87 -12
-87 -12
-87 -12
-95 -5
-95 -5
-95 -5
-95 -5
-95 -5
-95 -5
-95 -5
-95 -5
-95 -5
-95 -5
-95 -5
-95 -5
-95 -5
-95 -5
-95 -5
-95 -5
-95 -5
-95 -5
-95 -5
-95 -5
-95 -5
-95 -5
-95 -5
-95 -5
-95 -5
-95 -5
-95 -5
-95 -5
-95 -5
-95 -5
-95 -5
-95 -5
-95 -5
-95 -5
-95 -5
-95 -5
-95 -5
-95 -5
-95 -5
-95 -5
-95 -5
-95 -5
-95 -5
-95 -5
-95 -5
-95 -5
-95 -5
-95 -5
-95 -5
-95 -5
-95 -5
-95 -5
-95 -5
-95 -5
-95 -5
-95 -5
-95 -5
-95 -3
-95 -3
-95 -3
-95 -3
-95 -3
-95 -3
-95 -3
-95 -3
-95 -3
-95 -3
-95 -3
-95 -3
-95 -3
-95 -3
-95 -3
-95 -3
-99 0
-99 0
-99 0
-99 0
-99 0
-99 0
-99 0
-99 0
-99 0
-99 0
-99 0
-99 0
-99 0
-99 0
-99 0
-99 0
-97 1
-97 1
-97 1
-97 1
-97 1
-97 1
-97 1
-97 1
-97 1
-97 1
-97 1
-97 1
-97 1
-97 1
-97 1
-97 1
-97 1
-97 1
-97 1
-97 1
-97 1
-97 1
-97 1
-97 1
-97 1
-97 1
-97 1
-102 5
-102 5
-102 5
-102 5
-102 5
-102 5
-102 5
-102 5
-102 5
-102 5
-102 5
-102 5
-102 5
-102 5
-101 16
-101 16
-101 16
-101 16
-101 16
-101 16
-101 16
-101 16
-101 16
-101 16
-101 16
-101 16
-101 16
-101 16
-101 16
-101 16
-94 20
-94 20
-94 20
-94 20
-94 20
-94 20
-94 20
-94 20
-94 20
-94 20
-94 20
-94 20
-94 20
-94 20
-94 20
-94 20
-94 20
-94 20
-94 20
-94 20
-94 20
-94 20
-94 20
-94 20
-94 20
-94 20
-94 20
-94 20
-94 20
-94 20
-94 20
-94 20
-94 20
-94 21
-94 21
-94 21
-94 21
-94 21
-94 21
-94 21
-94 21
-94 21
-94 21
-94 21
-94 21
-94 21
-94 21
-94 21
-97 21
-97 21
-97 21
-97 21
-97 21
-97 21
-97 21
-97 21
-97 21
-97 21
-97 21
-97 21
-97 21
-97 21
-97 21
-97 21
-97 21
-97 21
-97 21
-97 21
-97 21
-97 21
-97 21
-97 21
-97 21
-97 21
-97 21
-93 31
-93 31
-93 31
-93 31
-93 31
-93 31
-93 31
-93 31
-93 31
-93 31
-93 31
-93 31
-93 31
-93 31
-93 31
-93 31
-80 37
-80 37
-80 37
-80 37
-80 37
-80 37
-80 37
-80 37
-80 37
-80 37
-80 37
-80 37
-80 37
-80 37
-80 37
-80 37
-79 54
-79 54
-79 54
-79 54
-79 54
-79 54
-79 54
-79 54
-79 54
-79 54
-79 54
-79 54
-79 54
-79 54
-79 54
-79 54
-79 54
-79 54
-79 54
-79 54
-79 54
-79 54
-79 54
-79 54
-79 54
-79 54
-79 54
-79 54
-79 54
-79 54
-79 54
-79 54
-79 54
-79 54
-79 54
-79 54
-79 54
-79 54
-79 54
-79 54
-79 54
-79 54
-79 54
-79 54
-79 54
-79 54
-79 54
-79 54
-75 53
-75 53
-75 53
-75 53
-75 53
-75 53
-75 53
-75 53
-75 53
-75 53
-75 53
-75 53
-75 53
-75 53
-75 53
-88 67
-88 67
-88 67
-88 67
-88 67
-88 67
-88 67
-88 67
-88 67
-88 67
-88 67
-88 67
-88 67
-88 67
-88 67
-88 67
-88 67
-88 67
-88 67
-88 67
-88 67
-88 67
-88 67
-88 67
-88 67
-88 67
-88 67
-88 67
-88 67
-88 67
-88 67
-82 69
-82 69
-82 69
-82 69
-82 69
-82 69
-82 69
-82 69
-82 69
-82 69
-82 69
-82 69
-82 69
-82 69
-82 69
-82 69
-82 69
-82 69
-82 69
-82 69
-82 69
-82 69
-82 69
-82 69
-82 69
-82 69
-82 69
-82 69
-82 69
-82 69
-65 67
-65 67
-65 67
-65 67
-65 67
-65 67
-65 67
-65 67
-65 67
-65 67
-65 67
-65 67
-65 67
-65 67
-65 67
-65 67
-51 74
-51 74
-51 74
-51 74
-51 74
-51 74
-51 74
-51 74
-51 74
-51 74
-51 74
-51 74
-51 74
-51 74
-40 70
-40 70
-40 70
-40 70
-40 70
-40 70
-40 70
-40 70
-40 70
-40 70
-40 70
-40 70
-40 70
-40 70
-40 70
-40 70
-36 81
-36 81
-36 81
-36 81
-36 81
-36 81
-36 81
-36 81
-36 81
-36 81
-36 81
-36 81
-36 81
-36 81
-36 81
-36 81
-36 81
-36 81
-36 81
-36 81
-36 81
-36 81
-36 81
-36 81
-36 81
-36 81
-36 81
-36 81
-36 81
-36 81
-36 81
-28 67
-28 67
-28 67
-28 67
-28 67
-28 67
-28 67
-28 67
-28 67
-28 67
-28 67
-28 67
-28 67
-28 67
-28 67
-19 64
-19 64
-19 64
-19 64
-19 64
-19 64
-19 64
-19 64
-19 64
-19 64
-19 64
-19 64
-19 64
-19 64
-19 64
-19 64
-19 64
-19 64
-19 64
-19 64
-19 64
-19 64
-19 64
-19 64
-19 64
-19 64
-19 64
-19 64
-19 64
-19 64
-19 64
-19 64
-19 64
-19 64
-14 72
-14 72
-14 72
-14 72
-14 72
-14 72
-14 72
-14 72
-14 72
-14 72
-14 72
-14 72
-14 72
-14 72
-14 72
-14 72
-7 58
-7 58
-7 58
-7 58
-7 58
-7 58
-7 58
-7 58
-7 58
-7 58
-7 58
-7 58
-7 58
-7 58
-7 58
-7 58
-7 58
1 56
1 56
1 56
1 56
1 56
1 56
1 56
1 56
1 56
1 56
1 56
1 56
1 56
1 56
1 56
1 56
1 56
1 56
1 56
1 56
1 56
1 56
1 56
1 56
1 56
1 56
1 56
1 56
1 51
1 51
1 51
1 51
1 51
1 51
1 51
1 51
1 51
1 51
1 51
1 51
1 51
1 51
1 51
1 51
1 51
1 51
4 46
4 46
4 46
4 46
4 46
4 46
4 46
4 46
4 46
4 46
4 46
4 46
4 46
4 46
4 46
4 46
4 46
4 46
0 41
0 41
0 41
0 41
0 41
0 41
0 41
0 41
0 41
0 41
0 41
0 41
0 41
0 41
0 41
0 41
0 41
0 41
0 41
0 41
0 41
0 41
0 41
0 41
0 41
0 41
0 41
0 41
0 41
0 41
0 41
0 41
0 41
0 41
0 41
0 41
0 41
0 41
0 41
0 41
0 41
0 41
0 41
0 41
0 41
0 41
0 41
0 41
0 41
0 41
0 41
0 41
0 41
0 41
0 41
3 30
8 20
8 20
8 20
8 20
8 20
8 20
8 20
8 20
8 20
8 20
8 20
8 20
8 20
8 20
8 20
8 20
8 20
8 20
8 20
8 20
8 20
8 20
8 20
8 20
8 20
8 20
8 20
8 20
8 20
8 20
8 20
8 20
8 20
8 20
8 20
8 20
4 21
4 21
4 21
4 21
4 21
4 21
4 21
4 21
4 21
4 21
4 21
4 21
4 21
4 21
4 21
4 21
4 21
4 21
2 13
2 13
2 13
2 13
2 13
2 13
2 13
2 13
2 13
2 13
2 13
2 13
2 13
2 13
2 13
2 13
2 13
2 13
2 13
2 13
2 13
2 13
2 13
2 13
2 13
2 13
2 13
2 13
2 13
2 13
2 13
1 4
1 4
1 4
1 4
1 4
1 4
1 4
1 4
1 4
1 4
1 4
1 4
1 4
1 4
1 4
1 4
1 4
1 4
1 4
1 4
1 4
1 4
1 4
1 4
1 4
1 4
1 4
1 4
1 4
1 4
1 4
1 4
1 4
1 4
1 4
1 4
1 4
1 4
1 4
1 4
1 4
1 4
1 4
1 4
1 4
1 4
1 4
1 4
1 4
1 4
1 4
1 4
1 4
1 4
1 4
1 4
1 4
1 4
1 4
1 4
1 4
1 4
0 -1
0 -1
0 -1
0 -1
0 -1
0 -1
0 -1
0 -1
0 -1
0 -1
0 -1
0 -1
0 -1
0 -1
0 -1
1 0
1 0
1 0
1 0
1 0
1 0
1 0
1 0
1 0
1 0
1 0
1 0
1 0
1 0
1 0
1 0
1 0
1 0
1 0
1 0
1 0
1 0
1 0
1 0
1 0
1 0
1 0
1 0
1 0
1 0
1 0
1 0
1 0
1 0
1 0
1 0
1 0
1 0
1 0
1 0
1 0
1 0
1 0
1 0
1 0
1 0
1 0
1 0
1 0
0 -1
0 -1
0 -1
0 -1
0 -1
0 -1
0 -1
0 -1
0 -1
0 -1
0 -1
0 -1
0 -1
0 -1
0 -1
0 -1
0 -1
2 0
2 0
2 0
2 0
2 0
2 0
2 0
2 0
2 0
2 0
2 0
2 0
2 0
2 0
2 0
2 0
2 0
2 0
2 0
2 0
2 0
2 0
2 0
2 0
2 0
2 0
2 0
1 0
1 0
1 0
1 0
1 0
1 0
1 0
1 0
1 0
1 0
1 0
1 0
1 0
1 0
1 0
1 0
1 0
1 -1
1 -1
1 -1
1 -1
1 -1
1 -1
1 -1
1 -1
1 -1
1 -1
1 -1
1 -1
1 -1
1 -1
1 -1
1 -1
1 -1
1 -1
1 -1
1 -1
1 -1
1 -1
1 -1
1 -1
1 -1
1 -1
1 -1
1 -1
1 -1
1 -1
1 -1
1 -1
1 -1
1 -1
1 -1
1 -1
1 -1
1 -1
1 -1
1 -1
1 -1
1 -1
1 -1
1 -1
1 -1
1 -1
1 -1
1 -1
1 -1
1 -1
1 -1
1 -1
1 -1
1 -1
1 -1
1 -1
1 -1
1 -1
1 -1
1 -1
1 -1
1 -1
1 -1
1 -1
1 -1
1 -1
1 -1
1 -1
1 -1
1 -1
1 -1
1 -1
1 -1
1 -1
1 -1
1 -1
1 -1
1 -1
1 -1
1 -1
1 -1
1 -1
1 -1
1 -1
1 -1
1 -1
1 -1
1 -1
1 -1
1 -1
1 -1
1 -1
1 -1
1 -1
1 -1
1 -1
1 -1
1 -1
1 -1
1 -1
1 -1
1 -1
1 -1
1 -1
1 -1
1 -1
1 -1
1 -1
1 -1
1 -1
1 -1
1 -1
1 -1
1 -1
1 -1
1 -1
1 -1
1 -1
1 -1
1 -1
1 -1
1 -1
1 -1
1 -1
1 -1
1 -1
1 -1
1 -1
1 -1
1 -1
1 -1
1 -1
1 -1
1 -1
1 -1
1 -1
1 -1
1 -1
1 -1
0 3
0 3
0 3
0 3
0 3
0 3
0 3
0 3
0 3
0 3
0 3
0 3
0 3
0 3
0 3
0 3
0 3
0 3
0 3
0 3
0 3
0 3
0 3
0 3
0 3
0 3
0 3
0 3
0 3
0 3
0 3
0 3
0 2
0 2
0 2
0 2
0 2
0 2
0 2
0 2
0 2
0 2
0 2
0 2
0 2
0 2
0 2
0 2
0 1
0 1
0 1
0 1
0 1
0 1
0 1
0 1
0 1
0 1
0 1
0 1
0 1
0 1
0 1
0 1
0 1
0 1
0 1
0 1
0 1
0 1
0 1
0 1
0 1
0 1
0 1
0 1
0 1
0 1
0 1
-1 0
-1 0
-1 0
-1 0
-1 0
-1 0
-1 0
-1 0
-1 0
-1 0
-1 0
-1 0
-1 0
-1 0
-1 0
-1 0
-1 0
-1 0
-1 0
-1 0
-1 0
-1 0
-1 0
-1 0
-1 0
-1 0
-1 0
-1 0
-1 0
-1 0
-1 0
-1 0
-1 0
-1 0
-1 0
-1 0
-1 0
-1 0
-1 0
-1 0
-1 0
-1 0
-1 0
-1 0
-1 0
-1 0
-1 0
-1 0
-1 0
-1 0
-1 0
-1 0
-1 0
-1 0
-1 0
-1 0
-1 0
-1 0
-1 0
-1 0
-1 0
-1 0
-1 0
-1 0
-1 0
-1 0
-1 0
-1 0
-1 0
-1 0
-1 0
-1 0
-1 0
-1 0
-1 0
-1 0
-1 0
-1 0
-1 0
-1 0
-1 0
-1 0
-1 0
-1 0
-1 0
-1 0
-1 0
-1 0
-1 0
-1 0
-1 0
-1 0
-1 0
-1 0
-1 0
-1 0
-1 0
-1 0
-1 0
-1 0
-1 0
-1 0
-1 0
-1 0
-1 0
-1 0
-1 0
-1 0
-1 0
-1 0
-1 0
-1 0
-1 0
-1 0
-1 0
-1 0
-1 0
-1 0
-1 0
-1 0
-1 0
-1 0
-1 0
-1 0
-1 0
-1 0
-1 0
-1 0
-1 0
-1 0
-1 0
-1 0
-1 0
-1 0
-1 0
-1 0
-1 0
-1 0
-1 0
-1 0
-1 0
-1 0
-1 0
-1 0
-1 0
-1 0
-1 0
-1 0
-1 0
-1 0
-1 0
-1 0
-1 0
-1 0
-1 0
-1 0
-1 0
-1 0
-1 0
-1 0
-1 0
-1 0
-1 0
-1 0
-1 0
-1 0
-1 0
-1 0
-1 0
-1 0
-1 0
-1 0
-1 0
-1 0
-1 0
-1 0
-1 0
-1 0
-1 0
-1 0
-1 0
-1 0
-1 0
-1 0
-1 0
-1 0
-1 0
-1 0
-1 0
-1 0
-1 0
-1 0
-1 0
-1 0
-1 0
-1 0
-1 0
-1 0
-1 0
-1 0
-1 0
-1 0
-1 0
-1 0
-1 0
-1 0
-1 0
-1 0
-1 0
-1 0
-1 0
-1 0
-1 0
-1 0
-1 0
-1 0
-1 0
-1 0
-1 0
-1 0
-1 0
-1 0
-1 0
-1 0
-1 0
-1 0
-1 0
-1 0
-1 0
-1 0
-1 0
-1 0
-1 0
-1 0
-1 0
-1 0
-1 0
-1 0
-1 0
-1 0
-1 0
-1 0
-1 0
-1 0
-1 0
-1 0
-1 0
-1 0
-1 0
-1 0
-1 0
-1 0
-1 0
-1 0
-1 0
-1 0
-1 0
-1 0
-1 0
-1 0
-1 0
-1 0
-1 0
-1 0
-1 0
-1 0
-1 0
-1 0
-1 0
-1 0
-1 0
-1 0
-1 0
-1 0
-1 0
-1 0
-1 0
-1 0
-1 0
-1 0
-1 0
-1 0
-1 0
-1 0
-1 0
-1 0
-1 0
-1 0
-1 0
-1 0
-1 0
-1 0
-1 0
-1 0
-1 0
-1 0
-1 0
-1 0
-1 0
-1 0
-1 0
-1 0
-1 0
-1 0
-1 0
-1 0
-1 0
-1 0
-1 0
-1 0
-1 0
-1 0
-1 0
-1 0
-1 0
-1 0
-1 0
-1 0
-1 0
-1 0
-1 0
-1 0
-1 0
-1 0
-1 0
-1 0
-1 0
-1 0
-1 0
-1 0
-1 0
-1 0
-1 0
-1 0
-1 0
-1 0
-1 0
-1 0
-1 0
-1 0
-1 0
-1 0
-1 0
-1 0
-1 0
-1 0
-1 0
-1 0
-1 0
-1 0
-1 0
-1 0
-1 0
-1 0
-1 0
-1 0
-1 0
-1 0
-1 0
-1 0
-1 0
-1 0
-1 0
-1 0
-1 0
-1 0
-1 0
-1 0
-1 0
-1 0
-1 0
-1 0
-1 0
-1 0
-1 0
-1 0
-1 0
-1 0
-1 0
-1 0
-1 0
-1 0
-1 0
-1 0
-1 0
-1 0
-1 0
-1 0
-1 0
-1 0
-1 0
-1 0
-1 0
-1 0
-1 0
-1 0
-1 0
-1 0
-1 0
-1 0
-1 0
-1 0
-1 0
-1 0
-1 0
-1 0
-1 0
-1 0
-1 0
-1 0
-1 0
-1 0
-1 0
-1 0
-1 0
-1 0
-1 0
-1 0
-1 0
-1 0
-1 0
-1 0
-1 0
-1 0
-1 0
-1 0
-1 0
-1 0
-1 0
-1 0
-1 0
-1 0
-1 0
-1 0
-1 0
-1 0
-1 0
-1 0
-1 0
-1 0
-1 0
-1 0
-1 0
-1 0
-1 0
-1 0
-1 0
-1 0
-1 0
-1 0
-1 0
-1 0
-1 0
-1 0
-1 0
-1 0
-1 0
-1 0
-1 0
-1 0
-1 0
-1 0
-1 0
-1 0
-1 0
-1 0
-1 0
-1 0
-1 0
-1 0
-1 0
-1 0
-1 0
-1 0
-1 0
-1 0
-1 0
-1 0
-1 0
-1 0
-1 0
-1 0
-1 0
-1 0
-1 0
-1 0
-1 0
-1 0
-1 0
-1 0
-1 0
-1 0
-1 0
-1 0
-1 0
-1 0
-1 0
-1 0
-1 0
-1 0
-1 0
-1 0
-1 0
-1 0
-1 0
-1 0
-1 0
-1 0
-1 0
-1 0
-1 0
-1 0
-1 0
-1 0
-1 0
-1 0
-1 0
-1 0
-1 0
-1 0
-1 0
-1 0
-1 0
-1 0
-1 0
-1 0
-1 0
-1 0
-1 0
-1 0
-1 0
-1 0
-1 0
-1 0
-1 0
-1 0
-1 0
-1 0
-1 0
-1 0
-1 0
-1 0
-1 0
-1 0
-1 0
-1 0
-1 0
-1 0
-1 0
-1 0
-1 0
-1 0
-1 0
-1 0
-1 0
-1 0
-1 0
-1 0
-1 0
-1 0
-1 0
-1 0
-1 0
-1 0
-1 0
-1 0
-1 0
-1 0
-1 0
-1 0
-1 0
-1 0
-1 0
-1 0
-1 0
-1 0
-1 0
-1 0
-1 0
-1 0
-1 0
-1 0
-1 0
-1 0
-1 0
-1 0
-1 0
-1 0
-1 0
-1 0
-1 0
-1 0
-1 0
-1 0
-1 0
-1 0
-1 0
-1 0
-1 0
-1 0
-1 0
-1 0
-1 0
-1 0
-1 0
-1 0
-1 0
-1 0
-1 0
-1 0
-1 0
-1 0
-1 0
-1 0
-1 0
-1 0
-1 0
-1 0
-1 0
-1 0
-1 0
-1 0
-1 0
-1 0
-1 0
-1 0
-1 0
-1 0
-1 0
-1 0
-1 0
-1 0
-1 0
-1 0
-1 0
-1 0
-1 0
-1 0
-1 0
-1 0
-1 0
-1 0
-1 0
-1 0
-1 0
-1 0
-1 0
-1 0
-1 0
-1 0
-1 0
-1 0
-1 0
-1 0
-1 0
-1 0
-1 0
-1 0
-1 0
-1 0
-1 0
-1 0
-1 0
-1 0
-1 0
-1 0
-1 0
-1 0
-1 0
-1 0
-1 0
-1 0
-1 0
-1 0
-1 0
-1 0
-1 0
-1 0
-1 0
-1 0
-1 0
-1 0
-1 0
-1 0
-1 0
-1 0
-1 0
-1 0
-1 0
-1 0
-1 0
-1 0
-1 0
-1 0
-1 0
-1 0
-1 0
-1 0
-1 0
-1 0
-1 0
-1 0
-1 0
-1 0
-1 0
-1 0
-1 0
-1 0
-1 0
-1 0
-1 0
-1 0
-1 0
-1 0
-1 0
-1 0
-1 0
-1 0
-1 0
-1 0
-1 0
-1 0
-1 0
-1 0
-1 0
-1 0
-1 0
-1 0
-1 0
-1 0
-1 0
-1 0
-1 0
-1 0
-1 0
-1 0
-1 0
-1 0
-1 0
-1 0
-1 0
-1 0
-1 0
-1 0
-1 0
-1 0
-1 0
-1 0
-1 0
-1 0
-1 0
-1 0
-1 0
-1 0
-1 0
-1 0
-1 0
-1 0
-1 0
-1 0
-1 0
-1 0
-1 0
-1 0
-1 0
-1 0
-1 0
-1 0
-1 0
-1 0
-1 0
-1 0
-1 0
-1 0
-1 0
-1 0
-1 0
-1 0
-1 0
-1 0
-1 0
-1 0
-1 0
-1 0
-1 0
-1 0
-1 0
-1 0
-1 0
-1 0
-1 0
-1 0
-1 0
-1 0
-1 0
-1 0
-1 0
-1 0
-1 0
-1 0
-1 0
-1 0
-1 0
-1 0
-1 0
-1 0
-1 0
-1 0
-1 0
-1 0
-1 0
-1 0
-1 0
-1 0
-1 0
-1 0
-1 0
-1 0
-1 0
-1 0
-1 0
-1 0
-1 0
-1 0
-1 0
-1 0
-1 0
-1 0
-1 0
-1 0
-1 0
-1 0
-1 0
-1 0
-1 0
-1 0
-1 0
-1 0
-1 0
-1 0
-1 0
-1 0
-1 0
-1 0
-1 0
-1 0
-1 0
-1 0
-1 0
-1 0
-1 0
-1 0
-1 0
-1 0
-1 0
-1 0
-1 0
-1 0
-1 0
-1 0
-1 0
-1 0
-1 0
-1 0
-1 0
-1 0
-1 0
-1 0
-1 0
-1 0
-1 0
-1 0
-1 0
-1 0
-1 0
-1 0
-1 0
-1 0
-1 0
-1 0
-1 0
-1 0
-1 0
-1 0
-1 0
-1 0
-1 0
