-31 -68
-31 -68
-31 -68
-31 -68
-31 -68
-31 -68
-31 -68
-42 -79
-42 -79
-42 -79
-42 -79
-42 -79
-42 -79
-42 -79
-42 -79
-42 -79
-42 -79
-42 -79
-42 -79
-42 -79
-42 -79
-42 -79
-42 -79
-42 -79
-42 -79
-42 -79
-42 -79
-42 -79
-42 -79
-42 -79
-42 -79
-42 -79
-42 -79
-42 -79
-42 -79
-42 -79
-42 -79
-42 -79
-42 -79
-42 -79
-42 -79
-33 -68
-33 -68
-33 -68
-33 -68
-33 -68
-33 -68
-33 -68
-33 -68
-33 -68
-33 -68
-33 -68
-33 -68
-33 -68
-33 -68
-33 -68
-33 -68
-33 -68
-33 -68
-33 -68
-33 -68
-49 -80
-49 -80
-49 -80
-49 -80
-49 -80
-49 -80
-49 -80
-49 -80
-49 -80
-49 -80
-49 -80
-49 -80
-49 -80
-49 -80
-49 -80
-49 -80
-49 -80
-49 -80
-49 -80
-49 -80
-49 -80
-49 -80
-49 -80
-49 -80
-49 -80
-49 -80
-49 -80
-49 -80
-49 -80
-49 -80
-49 -80
-49 -80
-49 -80
-49 -80
-49 -80
-49 -80
-49 -80
-49 -80
-49 -80
-49 -80
-49 -80
-49 -80
-49 -80
-49 -80
-53 -73
-53 -73
-53 -73
-53 -73
-53 -73
-53 -73
-53 -73
-53 -73
-53 -73
-53 -73
-53 -73
-53 -73
-53 -73
-53 -73
-53 -73
-53 -73
-53 -73
-53 -73
-53 -73
-53 -73
-53 -73
-53 -73
-53 -73
-53 -73
-53 -73
-53 -73
-64 -67
-64 -67
-64 -67
-64 -67
-64 -67
-64 -67
-64 -67
-64 -67
-64 -67
-64 -67
-64 -67
-64 -67
-64 -67
-64 -67
-64 -67
-64 -67
-64 -67
-64 -67
-64 -67
-64 -67
-64 -67
-64 -67
-64 -67
-64 -67
-64 -67
-64 -67
-64 -67
-64 -67
-64 -67
-64 -67
-64 -67
-64 -67
-64 -67
-64 -67
-64 -67
-64 -67
-64 -67
-64 -67
-64 -67
-64 -67
-64 -67
-64 -67
-64 -67
-64 -67
-64 -67
-64 -67
-64 -67
-64 -67
-64 -67
-64 -67
-64 -67
-71 -79
-71 -79
-71 -79
-71 -79
-71 -79
-71 -79
-71 -79
-71 -79
-71 -79
-71 -79
-71 -79
-71 -79
-71 -79
-71 -79
-71 -79
-71 -79
-71 -79
-71 -79
-71 -79
-71 -79
-71 -79
-71 -79
-71 -79
-71 -79
-71 -79
-71 -79
-74 -66
-74 -66
-74 -66
-74 -66
-74 -66
-74 -66
-74 -66
-74 -66
-74 -66
-74 -66
-74 -66
-74 -66
-74 -66
-74 -66
-74 -66
-74 -66
-74 -66
-74 -66
-74 -66
-74 -66
-74 -66
-74 -66
-74 -66
-74 -66
-74 -66
-79 -67
-79 -67
-79 -67
-79 -67
-79 -67
-79 -67
-79 -67
-79 -67
-79 -67
-79 -67
-79 -67
-79 -67
-79 -67
-79 -67
-79 -67
-79 -67
-79 -67
-79 -67
-79 -67
-79 -67
-79 -67
-79 -67
-79 -67
-79 -67
-79 -67
-79 -67
-79 -67
-79 -67
-79 -67
-79 -67
-79 -67
-79 -67
-79 -67
-79 -67
-79 -67
-79 -67
-79 -67
-79 -67
-79 -67
-79 -67
-79 -67
-79 -67
-79 -67
-79 -67
-79 -67
-79 -67
-79 -67
-79 -67
-79 -67
-79 -67
-79 -67
-79 -67
-79 -67
-79 -67
-79 -67
-79 -67
-79 -67
-79 -67
-79 -67
-79 -67
-79 -67
-79 -67
-79 -67
-79 -67
-79 -67
-79 -67
-86 -63
-86 -63
-85 -53
-85 -53
-85 -53
-85 -53
-85 -53
-85 -53
-85 -53
-85 -53
-85 -53
-85 -53
-85 -53
-85 -53
-85 -53
-85 -53
-85 -53
-85 -53
-85 -53
-85 -53
-85 -53
-85 -53
-85 -53
-85 -53
-85 -53
-85 -53
-85 -53
-85 -53
-85 -53
-85 -53
-85 -53
-85 -53
-85 -53
-85 -53
-85 -53
-85 -53
-85 -53
-85 -53
-85 -53
-85 -53
-85 -53
-85 -53
-85 -53
-85 -53
-85 -53
-85 -53
-85 -53
-85 -53
-85 -53
-85 -53
-66 -50
-66 -50
-66 -50
-66 -50
-66 -50
-66 -50
-66 -50
-66 -50
-66 -50
-66 -50
-66 -50
-66 -50
-66 -50
-66 -50
-66 -50
-66 -50
-66 -50
-66 -50
-66 -50
-66 -50
-66 -50
-66 -50
-66 -50
-66 -50
-66 -50
-66 -50
-66 -50
-66 -50
-66 -50
-66 -50
-66 -50
-66 -50
-66 -50
-66 -50
-66 -50
-66 -50
-66 -50
-66 -50
-66 -50
-66 -50
-66 -50
-66 -50
-66 -50
-66 -50
-66 -50
-66 -50
-66 -50
-66 -50
-66 -50
-66 -50
-66 -50
-66 -50
-84 -46
-84 -46
-84 -46
-84 -46
-84 -46
-84 -46
-84 -46
-84 -46
-84 -46
-84 -46
-84 -46
-84 -46
-84 -46
-84 -46
-84 -46
-84 -46
-84 -46
-84 -46
-84 -46
-84 -46
-84 -46
-84 -46
-84 -46
-86 -34
-86 -34
-86 -34
-86 -34
-86 -34
-86 -34
-86 -34
-86 -34
-86 -34
-86 -34
-86 -34
-86 -34
-86 -34
-86 -34
-86 -34
-86 -34
-86 -34
-86 -34
-86 -34
-86 -34
-86 -34
-86 -34
-86 -34
-86 -34
-86 -34
-86 -34
-86 -34
-86 -34
-86 -34
-86 -34
-86 -34
-86 -34
-86 -34
-86 -34
-86 -34
-86 -34
-86 -34
-86 -34
-86 -34
-86 -34
-86 -34
-86 -34
-86 -34
-86 -34
-86 -34
-86 -34
-86 -34
-86 -34
-86 -34
-86 -34
-84 -25
-84 -25
-84 -25
-84 -25
-84 -25
-84 -25
-84 -25
-84 -25
-84 -25
-84 -25
-84 -25
-84 -25
-84 -25
-84 -25
-84 -25
-84 -25
-84 -25
-84 -25
-84 -25
-84 -25
-84 -25
-84 -25
-84 -25
-84 -25
-84 -25
-84 -25
-84 -25
-84 -25
-84 -25
-84 -25
-84 -25
-84 -25
-84 -25
-84 -25
-84 -25
-84 -25
-84 -25
-84 -25
-84 -25
-84 -25
-84 -25
-84 -25
-84 -25
-84 -25
-84 -25
-84 -25
-84 -25
-84 -25
-84 -25
-84 -25
-84 -25
-84 -25
-84 -25
-84 -25
-84 -25
-84 -25
-96 -20
-96 -20
-96 -20
-96 -20
-96 -20
-96 -20
-96 -20
-96 -20
-96 -20
-96 -20
-96 -20
-96 -20
-96 -20
-96 -20
-96 -20
-96 -20
-96 -20
-96 -20
-96 -20
-96 -20
-96 -20
-96 -20
-96 -20
-96 -20
-96 -20
-96 -20
-96 -20
-96 -20
-96 -20
-96 -20
-96 -20
-96 -20
-96 -20
-96 -20
-96 -20
-96 -20
-96 -20
-96 -20
-96 -20
-96 -20
-96 -20
-96 -20
-96 -20
-96 -20
-96 -20
-96 -20
-96 -20
-96 -20
-96 -20
-96 -20
-96 -20
-96 -20
-96 -20
-96 -20
-96 -20
-96 -20
-96 -20
-96 -20
-96 -20
-96 -20
-96 -20
-96 -20
-96 -20
-91 -18
-88 -7
-88 -7
-88 -7
-88 -7
-88 -7
-88 -7
-88 -7
-88 -7
-88 -7
-88 -7
-88 -7
-88 -7
-88 -7
-88 -7
-88 -7
-88 -7
-88 -7
-88 -7
-88 -7
-88 -7
-88 -7
-88 -7
-88 -7
-88 -7
-88 -7
-88 -7
-88 -7
-88 -7
-88 -7
-88 -7
-88 -7
-88 -7
-88 -7
-88 -7
-88 -7
-88 -7
-88 -7
-88 -7
-88 -7
-88 -7
-88 -7
-85 2
-85 2
-85 2
-85 2
-85 2
-85 2
-85 2
-85 2
-85 2
-85 2
-85 2
-85 2
-85 2
-85 2
-85 2
-85 2
-85 2
-85 2
-85 2
-85 2
-85 2
-85 2
-85 2
-85 2
-85 2
-85 2
-85 2
-85 2
-85 2
-85 2
-85 2
-85 2
-85 2
-85 2
-85 2
-85 2
-85 2
-92 -3
-92 -3
-92 -3
-92 -3
-92 -3
-92 -3
-92 -3
-92 -3
-92 -3
-92 -3
-92 -3
-92 -3
-92 -3
-92 -3
-92 -3
-92 -3
-92 -3
-92 -3
-92 -3
-92 -3
-92 -3
-92 -3
-92 -3
-92 -3
-92 -3
-92 -3
-92 -3
-92 -3
-92 -3
-92 -3
-92 -3
-92 -3
-92 -3
-92 -3
-84 -5
-84 -2
-84 -2
-84 -2
-84 -2
-84 -2
-84 -2
-84 -2
-84 -2
-84 -2
-84 -2
-84 -2
-84 -2
-84 -2
-84 -2
-84 -2
-84 -2
-84 -2
-84 -2
-84 -2
-84 -2
-84 -2
-84 -2
-84 -2
-84 -2
-84 -2
-84 -2
-84 -2
-84 -2
-84 -2
-84 -2
-84 -2
-84 -2
-84 -2
-84 -2
-84 -2
-84 -2
-84 -2
-84 -2
-84 -2
-84 -2
-84 -2
-84 -2
-84 3
-84 3
-84 3
-84 3
-84 3
-84 3
-84 3
-84 3
-84 3
-84 3
-84 3
-84 3
-84 3
-84 3
-84 3
-84 3
-84 3
-84 3
-84 3
-84 3
-84 3
-84 3
-84 3
-84 3
-82 4
-82 4
-82 4
-82 4
-82 4
-82 4
-82 4
-82 4
-82 4
-82 4
-82 4
-82 4
-82 4
-82 4
-82 4
-82 4
-82 4
-82 4
-82 4
-82 4
-82 4
-82 4
-82 4
-82 4
-82 4
-82 4
-89 2
-89 2
-89 2
-89 2
-89 2
-89 2
-89 2
-89 2
-89 2
-89 2
-89 2
-89 2
-89 2
-89 2
-89 2
-89 2
-89 2
-89 2
-89 2
-89 2
-89 2
-89 2
-89 2
-89 2
-89 2
-89 2
-89 2
-89 2
-89 2
-89 2
-89 2
-89 2
-89 2
-89 2
-89 2
-89 2
-89 2
-89 2
-89 2
-89 2
-89 2
-89 2
-89 2
-89 2
-89 2
-89 2
-89 2
-89 2
-89 2
-89 2
-89 2
-89 2
-89 2
-89 2
-89 2
-89 2
-89 2
-89 2
-89 2
-89 2
-89 2
-89 2
-89 2
-89 2
-89 2
-89 2
-89 2
-89 2
-89 2
-89 2
-89 2
-89 2
-89 2
-89 2
-89 2
-89 2
-89 2
-89 2
-89 2
-89 2
-89 2
-89 2
-89 2
-89 2
-89 2
-89 2
-89 2
-89 2
-90 0
-90 0
-95 6
-95 6
-95 6
-95 6
-95 6
-95 6
-95 6
-95 6
-95 6
-95 6
-95 6
-95 6
-95 6
-95 6
-95 6
-95 6
-95 6
-97 10
-97 10
-97 10
-97 10
-97 10
-97 10
-97 10
-97 10
-97 10
-97 10
-97 10
-97 10
-97 10
-97 10
-97 10
-97 10
-97 10
-97 10
-97 10
-97 10
-97 10
-97 10
-97 10
-96 6
-96 6
-96 6
-96 6
-96 6
-96 6
-96 6
-96 6
-96 6
-96 6
-96 6
-96 6
-96 6
-96 6
-96 6
-96 6
-96 6
-96 6
-96 6
-96 6
-96 6
-96 6
-96 6
-94 12
-94 12
-94 12
-94 12
-94 12
-94 12
-94 12
-94 12
-94 12
-94 12
-94 12
-94 12
-94 12
-94 12
-94 12
-94 12
-94 12
-94 12
-94 12
-94 12
-94 12
-94 12
-94 12
-94 12
-94 12
-94 12
-94 12
-94 12
-94 12
-94 12
-94 12
-94 12
-94 12
-94 12
-94 12
-94 12
-94 12
-94 12
-94 12
-94 12
-94 12
-94 12
-94 12
-94 12
-106 20
-106 20
-106 20
-106 20
-106 20
-106 20
-106 20
-106 20
-106 20
-106 20
-106 20
-106 20
-106 20
-106 20
-106 20
-106 20
-106 20
-106 20
-106 20
-106 20
-106 20
-106 20
-106 20
-106 20
-106 20
-106 20
-106 20
-106 20
-106 20
-106 20
-106 20
-106 20
-106 20
-106 20
-106 20
-106 20
-106 20
-106 20
-106 20
-106 20
-106 20
-106 20
-106 20
-106 20
-99 15
-99 15
-99 15
-99 15
-99 15
-99 15
-99 15
-99 15
-99 15
-99 15
-99 15
-99 15
-99 15
-99 15
-99 15
-99 15
-99 15
-99 15
-99 15
-99 15
-99 15
-99 15
-99 24
-99 24
-99 24
-99 24
-99 24
-99 24
-99 24
-99 24
-99 24
-99 24
-99 24
-99 24
-99 24
-99 24
-99 24
-99 24
-99 24
-99 24
-99 24
-99 24
-99 24
-99 24
-99 24
-99 24
-93 18
-93 18
-93 18
-93 18
-93 18
-93 18
-93 18
-93 18
-93 18
-93 18
-93 18
-93 18
-93 18
-93 18
-93 18
-93 18
-93 18
-93 18
-93 18
-93 18
-93 18
-93 18
-93 18
-93 18
-93 18
-93 18
-93 18
-93 18
-93 18
-93 18
-93 18
-93 18
-93 18
-93 18
-93 18
-93 18
-93 18
-93 18
-93 18
-93 18
-93 18
-93 18
-93 18
-93 18
-93 18
-93 18
-93 18
-93 18
-100 39
-100 39
-100 39
-100 39
-100 39
-100 39
-100 39
-100 39
-100 39
-100 39
-100 39
-100 39
-100 39
-100 39
-100 39
-100 39
-100 39
-100 39
-100 39
-100 39
-100 39
-100 39
-100 39
-100 39
-100 39
-100 39
-100 39
-100 39
-100 39
-100 39
-100 39
-100 39
-100 39
-100 39
-100 39
-100 39
-100 39
-100 39
-100 39
-100 39
-100 39
-100 39
-100 39
-100 39
-100 39
-100 39
-106 38
-91 45
-91 45
-91 45
-91 45
-91 45
-91 45
-91 45
-91 45
-91 45
-91 45
-91 45
-91 45
-91 45
-91 45
-91 45
-91 45
-91 45
-91 45
-91 45
-91 45
-91 45
-91 45
-91 45
-91 45
-91 45
-91 45
-91 45
-91 45
-91 45
-91 45
-91 45
-91 45
-91 45
-91 45
-91 45
-91 45
-91 45
-91 45
-91 45
-91 45
-91 45
-91 45
-91 45
-91 45
-91 45
-91 45
-91 45
-91 45
-91 45
-91 45
-91 45
-91 45
-91 45
-91 45
-91 45
-91 45
-91 45
-91 45
-91 45
-91 45
-91 45
-91 45
-91 45
-91 45
-91 45
-91 45
-91 45
-101 58
-93 60
-93 60
-93 60
-93 60
-93 60
-93 60
-93 60
-93 60
-93 60
-93 60
-93 60
-93 60
-93 60
-93 60
-93 60
-93 60
-93 60
-93 60
-93 60
-93 60
-93 60
-87 61
-87 61
-87 61
-87 61
-87 61
-87 61
-87 61
-87 61
-87 61
-87 61
-87 61
-87 61
-87 61
-87 61
-87 61
-87 61
-87 61
-87 61
-87 61
-87 61
-87 61
-87 61
-87 61
-87 61
-87 61
-87 61
-87 61
-87 61
-87 61
-87 61
-87 61
-87 61
-87 61
-87 61
-87 61
-87 61
-87 61
-87 61
-87 61
-87 61
-87 61
-87 61
-87 61
-87 61
-85 71
-85 71
-85 71
-85 71
-85 71
-85 71
-85 71
-85 71
-85 71
-85 71
-85 71
-85 71
-85 71
-85 71
-85 71
-85 71
-85 71
-85 71
-85 71
-85 71
-85 71
-85 71
-85 71
-79 69
-79 69
-79 69
-79 69
-79 69
-79 69
-79 69
-79 69
-79 69
-79 69
-79 69
-79 69
-79 69
-79 69
-79 69
-79 69
-79 69
-79 69
-79 69
-79 69
-79 69
-79 69
-79 69
-79 69
-79 69
-79 69
-79 69
-79 69
-79 69
-79 69
-79 69
-79 69
-79 69
-79 69
-79 69
-79 69
-79 69
-79 69
-79 69
-79 69
-79 69
-79 69
-79 69
-79 69
-79 69
-79 69
-79 69
-79 69
-79 69
-79 69
-79 69
-76 70
-76 70
-76 70
-76 70
-76 70
-76 70
-76 70
-76 70
-76 70
-76 70
-76 70
-76 70
-76 70
-76 70
-76 70
-76 70
-76 70
-76 70
-76 70
-76 70
-76 70
-69 72
-69 72
-69 72
-69 72
-69 72
-69 72
-69 72
-69 72
-69 72
-69 72
-69 72
-69 72
-69 72
-69 72
-69 72
-69 72
-69 72
-69 72
-69 72
-69 72
-69 72
-69 72
-66 72
-66 72
-66 72
-66 72
-66 72
-66 72
-66 72
-66 72
-66 72
-66 72
-66 72
-66 72
-66 72
-66 72
-66 72
-66 72
-66 72
-66 72
-66 72
-66 72
-66 72
-66 72
-66 72
-66 72
-66 72
-66 72
-66 72
-66 72
-66 72
-66 72
-66 72
-66 72
-66 72
-66 72
-66 72
-66 72
-66 72
-66 72
-66 72
-66 72
-66 72
-66 72
-66 72
-66 72
-66 72
-66 72
-66 72
-70 77
-70 77
-70 77
-70 77
-70 77
-70 77
-70 77
-70 77
-70 77
-70 77
-70 77
-70 77
-70 77
-70 77
-70 77
-70 77
-70 77
-70 77
-70 77
-70 77
-70 77
-70 77
-70 77
-70 77
-70 77
-70 77
-70 77
-70 77
-70 77
-70 77
-70 77
-70 77
-70 77
-70 77
-70 77
-70 77
-70 77
-70 77
-70 77
-70 77
-70 77
-70 77
-70 77
-70 77
-70 77
-70 77
-70 77
-70 77
-70 77
-65 88
-62 70
-62 70
-62 70
-62 70
-62 70
-62 70
-62 70
-62 70
-62 70
-62 70
-62 70
-62 70
-62 70
-62 70
-62 70
-62 70
-62 70
-62 70
-62 70
-62 70
-62 70
-62 70
-62 70
-62 70
-62 70
-62 70
-62 70
-62 70
-62 70
-62 70
-62 70
-62 70
-62 70
-62 70
-62 70
-62 70
-62 70
-62 70
-62 70
-62 70
-62 70
-62 70
-62 70
-62 70
-59 84
-59 84
-59 84
-59 84
-59 84
-59 84
-59 84
-59 84
-59 84
-59 84
-59 84
-59 84
-59 84
-59 84
-59 84
-59 84
-59 84
-59 84
-59 84
-59 84
-59 84
-59 84
-59 84
-59 84
-59 84
-59 84
-59 84
-59 84
-59 84
-59 84
-59 84
-59 84
-59 84
-59 84
-59 84
-59 84
-59 84
-59 84
-59 84
-59 84
-59 84
-47 90
-47 90
-47 90
-47 90
-47 90
-47 90
-47 90
-47 90
-47 90
-47 90
-47 90
-47 90
-47 90
-47 90
-47 90
-47 90
-47 90
-47 90
-47 90
-47 90
-47 90
-47 90
-47 90
-47 90
-37 77
-37 77
-37 77
-37 77
-37 77
-37 77
-37 77
-37 77
-37 77
-37 77
-37 77
-37 77
-37 77
-37 77
-37 77
-37 77
-37 77
-37 77
-37 77
-37 77
-37 77
-37 77
-37 77
-42 89
-42 89
-42 89
-42 89
-42 89
-42 89
-42 89
-42 89
-42 89
-42 89
-42 89
-42 89
-42 89
-42 89
-42 89
-42 89
-42 89
-42 89
-42 89
-42 89
-42 89
-33 81
-33 81
-33 81
-33 81
-33 81
-33 81
-33 81
-33 81
-33 81
-33 81
-33 81
-33 81
-33 81
-33 81
-33 81
-33 81
-33 81
-33 81
-33 81
-33 81
-33 81
-33 81
-33 81
-33 81
-33 81
-33 81
-33 81
-33 81
-33 81
-33 81
-33 81
-33 81
-33 81
-33 81
-33 81
-33 81
-33 81
-33 81
-33 81
-33 81
-33 81
-33 81
-33 81
-33 81
-33 81
-33 81
-33 81
-33 81
-33 81
-22 78
-22 78
-22 78
-22 78
-22 78
-22 78
-22 78
-22 78
-22 78
-22 78
-22 78
-22 78
-22 78
-22 78
-22 78
-22 78
-22 78
-22 78
-22 78
-22 78
-22 78
-22 78
-22 78
-22 78
-22 78
-22 78
-20 86
-20 86
-20 86
-20 86
-20 86
-20 86
-20 86
-20 86
-20 86
-20 86
-20 86
-20 86
-20 86
-20 86
-20 86
-20 86
-20 86
-20 86
-20 86
-20 86
-20 86
-20 86
-20 86
-20 86
-20 86
-20 86
-20 86
-20 86
-20 86
-20 86
-20 86
-20 86
-20 86
-20 86
-20 86
-20 86
-20 86
-20 86
-20 86
-20 86
-20 86
-20 86
-20 86
-20 86
-20 86
-20 86
-20 86
-20 86
-20 86
-20 86
-20 86
-20 86
-25 91
-25 91
-25 91
-25 91
-25 91
-25 91
-25 91
-25 91
-25 91
-25 91
-25 91
-25 91
-25 91
-25 91
-25 91
-25 91
-25 91
-25 91
-25 91
-25 91
-25 91
-25 91
-25 91
-25 91
-25 91
-25 91
-13 85
-13 85
-13 85
-13 85
-13 85
-13 85
-13 85
-13 85
-13 85
-13 85
-13 85
-13 85
-13 85
-13 85
-13 85
-13 85
-13 85
-13 85
-13 85
-13 85
-13 85
-13 85
-13 85
-13 85
-13 85
-12 90
-12 90
-12 90
-12 90
-12 90
-12 90
-12 90
-12 90
-12 90
-12 90
-12 90
-12 90
-12 90
-12 90
-12 90
-12 90
-12 90
-12 90
-12 90
-12 90
-12 90
-12 90
-12 90
-12 90
-12 90
-12 90
-12 90
-12 90
-12 90
-12 90
-12 90
-12 90
-12 90
-12 90
-12 90
-12 90
-12 90
-12 90
-12 90
-12 90
-12 90
-12 90
-12 90
-12 90
-12 90
-12 90
-12 90
-12 90
-12 90
-12 90
-12 90
-12 90
-12 90
-12 90
-12 90
-12 90
-12 90
-12 90
-12 90
-12 90
-12 90
-12 90
-12 90
-12 90
-12 90
-12 90
-12 90
-12 90
-12 90
-12 90
-12 90
-12 90
-12 90
-12 90
-12 90
-7 89
-7 89
-7 89
-7 89
-7 89
-7 89
-7 89
-7 89
-7 89
-7 89
-7 89
-7 89
-7 89
-7 89
-7 89
-7 89
-7 89
-7 89
-7 89
-7 89
-7 89
-7 89
-7 89
-7 89
-7 89
-7 89
-7 89
-7 89
-7 89
-7 89
-7 89
-7 89
-7 89
-7 89
-7 89
-7 89
-7 89
-7 89
-7 89
-7 89
-7 89
-7 89
-7 89
-7 88
-7 88
-7 88
-7 88
-7 88
-7 88
-7 88
-7 88
-7 88
-7 88
-7 88
-7 88
-7 88
-7 88
-7 88
-7 88
-7 88
-7 88
-7 88
-7 88
-7 88
-7 88
-7 88
-9 84
-9 84
-9 84
-9 84
-9 84
-9 84
-9 84
-9 84
-9 84
-9 84
-9 84
-9 84
-9 84
-9 84
-9 84
-9 84
-9 84
-9 84
-9 84
-9 84
-9 84
-9 84
-9 84
-9 84
-9 84
-9 84
-9 84
-9 84
-9 84
-9 84
-9 84
-9 84
-9 84
-9 84
-5 91
-5 91
-5 91
-5 91
-5 91
-5 91
-5 91
-5 91
-5 91
-5 91
-5 91
-5 91
-5 91
-5 91
-5 91
-5 91
-2 88
-2 88
-2 88
-2 88
-2 88
-2 88
-2 88
-2 88
-2 88
-2 88
-2 88
-2 88
-2 88
-2 88
-2 88
-2 88
-2 88
4 88
4 88
4 88
4 88
4 88
4 88
4 88
4 88
4 88
4 88
4 88
4 88
4 88
4 88
3 89
3 89
3 89
3 89
3 89
3 89
3 89
3 89
3 89
3 89
3 89
3 89
3 89
3 89
3 89
3 89
3 89
3 89
3 89
3 89
3 89
3 89
3 89
3 89
3 89
3 89
3 89
3 89
10 86
10 86
10 86
10 86
10 86
10 86
10 86
10 86
10 86
10 86
10 86
10 86
10 86
10 86
10 86
10 86
10 86
10 86
10 86
17 83
17 83
17 83
17 83
17 83
17 83
17 83
17 83
17 83
17 83
17 83
17 83
17 83
17 83
17 83
17 83
17 83
17 83
17 83
17 83
17 83
17 83
17 83
17 83
17 83
17 83
17 83
17 83
17 83
17 83
17 83
17 83
17 83
17 83
17 83
17 83
17 83
17 83
17 83
17 83
17 83
17 83
26 82
26 82
26 82
26 82
26 82
26 82
26 82
26 82
26 82
26 82
26 82
26 82
26 82
26 82
26 82
26 82
26 82
26 82
26 82
26 82
26 82
28 90
28 90
28 90
28 90
28 90
28 90
28 90
28 90
28 90
28 90
28 90
28 90
28 90
28 90
28 90
28 90
28 90
28 90
28 90
32 87
32 87
32 87
32 87
32 87
32 87
32 87
32 87
32 87
32 87
32 87
32 87
32 87
32 87
32 87
32 87
32 87
32 87
32 87
32 87
32 87
32 87
32 87
32 87
32 87
32 87
32 87
32 87
32 87
32 87
32 87
32 87
32 87
32 87
32 87
32 87
32 87
33 80
33 80
33 80
33 80
33 80
33 80
33 80
33 80
33 80
33 80
33 80
33 80
33 80
33 80
33 80
33 80
33 80
33 80
33 80
33 80
33 80
33 80
33 80
33 80
33 80
33 80
33 80
33 80
33 80
33 80
33 80
33 80
40 71
40 71
40 71
40 71
40 71
40 71
40 71
40 71
40 71
40 71
40 71
40 71
40 71
40 71
40 71
40 71
40 71
40 71
40 71
40 71
40 71
40 71
40 71
40 71
40 71
40 71
40 71
40 71
40 71
40 71
40 71
40 71
40 71
40 71
40 71
40 71
40 71
53 74
53 74
53 74
53 74
53 74
53 74
53 74
53 74
53 74
53 74
53 74
53 74
53 74
53 74
53 74
53 74
53 74
53 74
53 74
49 82
49 82
49 82
49 82
49 82
49 82
49 82
49 82
49 82
49 82
49 82
49 82
49 82
49 82
49 82
49 82
49 82
49 82
49 82
49 82
49 82
49 82
49 82
49 82
49 82
49 82
49 82
49 82
49 82
49 82
49 82
49 82
49 82
49 82
49 82
49 82
49 82
49 82
49 82
49 82
49 82
49 82
49 82
49 82
49 82
49 82
49 82
49 82
49 82
49 82
49 82
49 82
49 82
49 82
72 67
72 67
72 67
72 67
72 67
72 67
72 67
72 67
72 67
72 67
72 67
72 67
72 67
72 67
72 67
72 67
72 67
72 67
72 67
72 67
72 67
72 67
72 67
72 67
72 67
72 67
72 67
72 67
72 67
72 67
72 67
72 67
67 71
67 71
67 71
67 71
67 71
67 71
67 71
67 71
67 71
67 71
67 71
67 71
67 71
67 71
68 69
68 69
68 69
68 69
68 69
68 69
68 69
68 69
68 69
68 69
68 69
68 69
68 69
68 69
68 69
68 69
62 55
62 55
62 55
62 55
62 55
62 55
62 55
62 55
62 55
62 55
62 55
62 55
62 55
62 55
62 55
62 55
62 55
62 55
62 55
62 55
62 55
62 55
62 55
62 55
62 55
62 55
62 55
62 55
62 55
62 55
62 55
62 55
62 55
62 55
62 55
62 55
62 55
62 55
62 55
62 55
62 55
62 55
62 55
62 55
62 55
62 55
62 55
81 58
81 58
81 58
81 58
81 58
81 58
81 58
81 58
81 58
81 58
81 58
81 58
81 58
81 58
81 58
81 58
81 58
81 58
81 58
81 58
81 58
81 58
81 58
81 58
81 58
81 58
75 55
75 55
75 55
75 55
75 55
75 55
75 55
75 55
75 55
75 55
75 55
75 55
75 55
75 55
75 55
75 55
75 55
75 55
79 56
79 56
79 56
79 56
79 56
79 56
79 56
79 56
79 56
79 56
79 56
79 56
79 56
79 56
79 56
79 56
79 56
79 56
79 56
75 41
75 41
75 41
75 41
75 41
75 41
75 41
75 41
75 41
75 41
75 41
75 41
75 41
75 41
75 41
75 41
75 41
75 41
75 41
80 44
80 44
80 44
80 44
80 44
80 44
80 44
80 44
80 44
80 44
80 44
80 44
80 44
80 44
80 44
80 44
80 44
80 44
80 44
80 44
80 44
80 44
80 44
80 44
80 44
80 44
80 44
80 44
80 44
80 44
80 44
80 44
80 44
80 44
80 44
80 44
80 44
80 44
80 44
80 44
80 44
80 44
80 44
80 44
80 44
80 44
80 44
80 44
80 44
80 44
80 44
80 44
80 44
80 44
80 44
80 44
80 44
80 44
83 24
83 24
83 24
83 24
83 24
83 24
83 24
83 24
83 24
83 24
83 24
83 24
83 24
83 24
83 24
83 24
83 24
83 24
83 24
83 24
83 24
83 24
83 24
83 24
83 24
83 24
83 24
83 24
83 24
83 24
83 24
83 24
83 24
83 24
83 24
83 24
83 24
88 26
88 26
88 26
88 26
88 26
88 26
88 26
88 26
88 26
88 26
88 26
88 26
88 26
88 26
88 26
88 26
88 26
88 26
88 26
84 17
84 17
84 17
84 17
84 17
84 17
84 17
84 17
84 17
84 17
84 17
84 17
84 17
84 17
84 17
84 17
84 17
84 17
84 17
84 17
84 17
84 17
84 17
84 17
84 17
84 17
84 17
84 17
84 17
84 17
84 17
84 17
95 12
95 12
95 12
95 12
95 12
95 12
95 12
95 12
95 12
95 12
95 12
95 12
104 14
104 14
104 14
104 14
104 14
104 14
104 14
104 14
104 14
104 14
104 14
104 14
104 14
104 14
104 14
104 14
104 14
108 8
108 8
108 8
108 8
108 8
108 8
108 8
108 8
108 8
108 8
108 8
108 8
108 8
108 8
108 8
108 8
108 8
108 8
108 8
108 8
108 8
108 8
108 8
108 8
108 8
108 8
108 8
108 8
108 8
108 8
108 8
108 8
98 7
98 7
98 7
98 7
98 7
98 7
98 7
98 7
98 7
98 7
98 7
98 7
98 7
98 7
98 7
98 7
108 4
108 4
108 4
108 4
108 4
108 4
108 4
108 4
108 4
108 4
108 4
108 4
108 4
108 4
108 4
108 4
108 4
108 4
108 4
108 4
108 4
108 4
108 4
108 4
108 4
108 4
108 4
108 4
108 4
108 4
108 4
108 4
105 3
105 3
105 3
105 3
105 3
105 3
105 3
105 3
105 3
105 3
105 3
105 3
105 3
105 3
105 3
105 3
105 3
105 3
105 3
105 3
105 3
105 3
105 3
105 3
105 3
105 3
105 3
105 3
105 3
105 3
105 3
105 3
105 3
105 3
105 3
105 3
105 3
105 3
105 3
105 3
105 3
105 3
105 3
105 3
105 3
105 3
113 -1
113 -1
113 -1
113 -1
113 -1
113 -1
113 -1
113 -1
113 -1
113 -1
113 -1
113 -1
113 -1
113 -1
113 -1
113 -1
113 -1
113 -1
113 -1
113 -1
113 -1
113 -1
113 -1
113 -1
113 -1
113 -1
113 -1
113 -1
113 -1
113 -1
113 -1
113 -1
105 -3
118 -10
115 -14
115 -14
115 -14
115 -14
115 -14
115 -14
115 -14
115 -14
115 -14
115 -14
115 -14
115 -14
115 -14
115 -14
115 -14
115 -14
115 -14
115 -14
115 -14
115 -14
115 -14
115 -14
115 -14
115 -14
115 -14
115 -14
115 -14
115 -14
115 -14
115 -14
115 -14
115 -14
115 -14
107 -11
107 -11
107 -11
107 -11
107 -11
107 -11
107 -11
107 -11
107 -11
107 -11
107 -11
107 -11
107 -11
107 -11
107 -11
107 -11
103 -21
103 -21
103 -21
103 -21
103 -21
103 -21
103 -21
103 -21
103 -21
103 -21
103 -21
103 -21
103 -21
103 -21
103 -21
93 -25
93 -25
93 -25
93 -25
93 -25
93 -25
93 -25
93 -25
93 -25
93 -25
93 -25
93 -25
93 -25
93 -25
93 -25
93 -25
93 -25
93 -25
93 -25
93 -25
93 -25
93 -25
93 -25
93 -25
93 -25
93 -25
93 -25
93 -25
93 -25
93 -25
93 -25
93 -25
93 -25
92 -27
92 -27
92 -27
92 -27
92 -27
92 -27
92 -27
92 -27
92 -27
92 -27
92 -27
92 -27
92 -27
92 -27
92 -27
92 -27
92 -27
92 -27
92 -27
92 -27
92 -27
92 -27
92 -27
92 -27
92 -27
92 -27
92 -27
92 -27
92 -27
92 -27
81 -42
81 -42
81 -42
81 -42
81 -42
81 -42
81 -42
81 -42
81 -42
81 -42
81 -42
81 -42
81 -42
81 -42
81 -42
81 -42
81 -42
81 -42
81 -42
81 -42
81 -42
81 -42
81 -42
81 -42
81 -42
81 -42
81 -42
81 -42
81 -42
81 -42
81 -42
81 -42
81 -42
81 -42
77 -43
77 -43
77 -43
77 -43
77 -43
77 -43
77 -43
77 -43
77 -43
77 -43
77 -43
77 -43
77 -43
77 -43
77 -57
77 -57
77 -57
77 -57
77 -57
77 -57
77 -57
77 -57
77 -57
77 -57
77 -57
77 -57
65 -57
65 -57
65 -57
65 -57
65 -57
65 -57
65 -57
65 -57
65 -57
65 -57
65 -57
65 -57
65 -57
65 -57
65 -57
65 -57
65 -57
65 -57
65 -57
65 -57
65 -57
65 -57
65 -57
65 -57
65 -57
65 -57
65 -57
65 -57
65 -57
65 -57
65 -57
65 -57
65 -57
65 -57
65 -57
65 -57
65 -57
65 -57
65 -57
65 -57
65 -57
65 -57
65 -57
65 -57
65 -57
65 -57
65 -57
65 -57
65 -57
65 -57
65 -57
65 -57
65 -57
63 -72
63 -72
63 -72
63 -72
63 -72
63 -72
63 -72
63 -72
63 -72
63 -72
63 -72
63 -72
63 -72
63 -72
63 -72
63 -72
63 -72
63 -72
63 -72
63 -72
63 -72
63 -72
63 -72
63 -72
63 -72
63 -72
63 -72
63 -72
63 -72
67 -78
67 -78
67 -78
67 -78
67 -78
67 -78
67 -78
67 -78
67 -78
67 -78
67 -78
67 -78
67 -78
67 -78
67 -78
67 -78
67 -78
55 -79
55 -79
55 -79
55 -79
55 -79
55 -79
55 -79
55 -79
55 -79
55 -79
55 -79
55 -79
55 -79
55 -79
55 -79
55 -79
65 -87
65 -87
65 -87
65 -87
65 -87
65 -87
65 -87
65 -87
65 -87
65 -87
65 -87
65 -87
65 -87
65 -87
65 -87
65 -87
65 -87
65 -87
65 -87
65 -87
65 -87
65 -87
65 -87
65 -87
65 -87
65 -87
65 -87
65 -87
65 -87
65 -87
65 -87
65 -87
65 -87
60 -89
60 -89
60 -89
60 -89
60 -89
60 -89
60 -89
60 -89
60 -89
60 -89
60 -89
60 -89
60 -89
60 -89
60 -89
60 -89
60 -89
60 -89
60 -89
60 -89
60 -89
60 -89
60 -89
60 -89
60 -89
60 -89
60 -89
60 -89
60 -89
60 -89
60 -89
60 -89
60 -89
54 -79
54 -79
54 -79
54 -79
54 -79
54 -79
54 -79
54 -79
54 -79
54 -79
54 -79
54 -79
54 -79
54 -79
54 -79
54 -79
54 -79
54 -79
54 -79
54 -79
54 -79
54 -79
54 -79
54 -79
54 -79
54 -79
54 -79
54 -79
54 -79
54 -79
54 -79
50 -93
43 -84
43 -84
43 -84
43 -84
43 -84
43 -84
43 -84
43 -84
43 -84
43 -84
43 -84
43 -84
43 -84
31 -91
31 -91
31 -91
31 -91
31 -91
31 -91
31 -91
31 -91
31 -91
31 -91
31 -91
31 -91
31 -91
31 -91
31 -91
31 -91
31 -91
31 -91
31 -91
31 -91
31 -91
31 -91
31 -91
31 -91
31 -91
31 -91
31 -91
31 -91
31 -91
31 -91
31 -91
31 -91
31 -91
31 -91
26 -94
26 -94
26 -94
26 -94
26 -94
26 -94
26 -94
26 -94
26 -94
26 -94
26 -94
26 -94
26 -94
26 -94
26 -94
26 -94
23 -93
23 -93
23 -93
23 -93
23 -93
23 -93
23 -93
23 -93
23 -93
23 -93
23 -93
23 -93
23 -93
23 -93
23 -93
23 -93
23 -86
23 -86
23 -86
23 -86
23 -86
23 -86
23 -86
23 -86
23 -86
23 -86
23 -86
23 -86
23 -86
23 -86
23 -86
23 -86
23 -86
23 -86
23 -86
23 -86
23 -86
23 -86
23 -86
23 -86
23 -86
23 -86
23 -86
23 -86
23 -86
23 -86
23 -86
18 -87
18 -87
18 -87
18 -87
18 -87
18 -87
18 -87
18 -87
18 -87
18 -87
18 -87
18 -87
18 -87
18 -87
18 -87
18 -87
18 -87
18 -87
18 -87
18 -87
18 -87
18 -87
18 -87
18 -87
18 -87
18 -87
18 -87
18 -87
18 -87
18 -87
18 -87
18 -87
12 -89
12 -89
12 -89
12 -89
12 -89
12 -89
12 -89
12 -89
12 -89
12 -89
12 -89
12 -89
12 -89
12 -89
12 -89
12 -89
14 -87
14 -87
14 -87
14 -87
14 -87
14 -87
14 -87
14 -87
14 -87
14 -87
14 -87
14 -87
14 -87
14 -87
15 -85
15 -85
15 -85
15 -85
15 -85
15 -85
15 -85
15 -85
15 -85
15 -85
15 -85
15 -85
15 -85
15 -85
15 -85
15 -85
15 -85
15 -85
15 -85
15 -85
15 -85
15 -85
15 -85
15 -85
15 -85
15 -85
15 -85
15 -85
15 -85
15 -85
15 -85
15 -85
15 -85
15 -85
15 -85
15 -85
15 -85
15 -85
15 -85
15 -85
15 -85
15 -85
15 -85
15 -85
15 -85
15 -85
15 -85
15 -85
15 -85
15 -85
15 -85
15 -85
15 -85
15 -85
15 -85
15 -85
15 -85
15 -85
15 -85
3 -70
3 -70
3 -70
3 -70
3 -70
3 -70
3 -70
3 -70
3 -70
3 -70
3 -70
3 -70
3 -70
3 -70
3 -70
3 -70
3 -70
3 -70
3 -70
3 -70
3 -70
3 -70
3 -70
3 -70
3 -70
3 -70
3 -70
3 -70
2 -67
2 -67
2 -67
2 -67
2 -67
2 -67
2 -67
2 -67
2 -67
2 -67
2 -67
2 -67
2 -67
2 -67
2 -67
-6 -59
-6 -59
-6 -59
-6 -59
-6 -59
-6 -59
-6 -59
-6 -59
-6 -59
-6 -59
-6 -59
-6 -59
-6 -59
-6 -59
-6 -59
0 -55
0 -55
0 -55
0 -55
0 -55
0 -55
0 -55
0 -55
0 -55
0 -55
0 -55
0 -55
0 -55
0 -55
0 -55
0 -55
0 -55
0 -55
0 -55
0 -55
0 -55
0 -55
0 -55
0 -55
0 -55
0 -55
0 -55
0 -55
0 -55
0 -55
0 -55
0 -55
0 -55
0 -55
0 -55
0 -55
0 -55
0 -55
0 -55
0 -55
0 -55
0 -55
0 -55
0 -55
0 -55
0 -55
0 -55
0 -55
0 -55
0 -55
0 -55
-8 -49
-8 -49
-8 -49
-8 -49
-8 -49
-8 -49
-8 -49
-8 -49
-8 -49
-8 -49
-8 -49
-8 -49
-8 -49
-8 -49
-8 -49
-8 -49
-8 -49
-8 -49
-8 -49
-8 -49
-8 -49
-8 -49
-8 -49
-8 -49
-8 -49
-8 -49
-8 -49
-8 -49
-8 -49
-8 -49
-8 -49
-8 -49
-8 -49
-8 -49
-8 -49
-8 -49
-1 -47
-1 -47
-1 -47
-1 -47
-1 -47
-1 -47
-1 -47
-1 -47
-1 -47
-1 -47
-1 -47
-1 -47
-1 -47
-1 -47
-1 -47
-1 -47
-1 -47
-5 -45
-5 -45
-5 -45
-5 -45
-5 -45
-5 -45
-5 -45
-5 -45
-5 -45
-5 -45
-5 -45
-5 -45
-5 -45
-5 -45
-5 -45
-5 -45
-5 -45
-2 -42
-2 -42
-2 -42
-2 -42
-2 -42
-2 -42
-2 -42
-2 -42
-2 -42
-2 -42
-2 -42
-2 -42
-2 -42
-2 -42
-2 -42
-2 -42
-2 -42
-2 -42
-2 -42
-2 -42
-2 -42
-2 -42
-2 -42
-2 -42
-2 -42
-2 -42
-2 -42
-2 -42
-2 -42
-2 -42
-2 -42
-2 -42
-2 -42
-2 -42
-2 -42
-2 -42
-2 -42
3 -38
3 -38
3 -38
3 -38
3 -38
3 -38
3 -38
3 -38
3 -38
3 -38
3 -38
3 -38
3 -38
3 -38
3 -38
3 -38
3 -38
3 -38
3 -38
3 -38
3 -38
3 -38
3 -38
3 -38
3 -38
3 -38
3 -38
3 -38
3 -38
3 -38
3 -38
3 -38
3 -38
3 -38
3 -38
3 -38
1 -36
1 -36
1 -36
1 -36
1 -36
1 -36
1 -36
1 -36
1 -36
1 -36
1 -36
1 -36
1 -36
1 -36
1 -36
1 -36
1 -36
1 -36
1 -36
1 -36
1 -36
1 -36
1 -36
1 -36
1 -36
1 -36
1 -36
1 -36
1 -36
1 -36
1 -36
1 -36
1 -36
2 -28
2 -28
2 -28
2 -28
2 -28
2 -28
2 -28
2 -28
2 -28
2 -28
2 -28
2 -28
2 -28
2 -28
2 -28
2 -28
-1 -26
-1 -26
-1 -26
-1 -26
-1 -26
-1 -26
-1 -26
-1 -26
-1 -26
-1 -26
-1 -26
-1 -26
-1 -26
-1 -26
-1 -26
-1 -26
-1 -26
-1 -26
-1 -26
-1 -26
-1 -26
-1 -26
-1 -26
-1 -26
-1 -26
-1 -26
-1 -26
-1 -26
-1 -26
-1 -26
-1 -26
-1 -26
-1 -26
-1 -26
-1 -26
-1 -26
-1 -26
-1 -26
-1 -26
-1 -26
-1 -26
-1 -26
-1 -26
-1 -26
-1 -26
-1 -26
-1 -26
-1 -26
-1 -26
-1 -26
-1 -26
-1 -26
-1 -26
-1 -26
-1 -26
1 -11
1 -11
1 -11
1 -11
1 -11
1 -11
1 -11
1 -11
1 -11
1 -11
1 -11
1 -11
1 -11
1 -11
1 -11
1 -11
1 -11
1 -11
1 -11
1 -11
1 -11
1 -11
1 -11
1 -11
1 -11
1 -11
1 -11
1 -11
1 -11
1 -11
1 -11
1 -11
1 -11
1 -11
1 -6
1 -6
1 -6
1 -6
1 -6
1 -6
1 -6
1 -6
1 -6
1 -6
1 -6
1 -6
1 -6
1 -6
1 -6
1 -6
1 -6
1 -6
1 -6
1 -6
1 -6
1 -6
1 -6
1 -6
1 -6
1 -6
1 -6
1 -6
1 -6
1 -6
1 -6
1 -6
1 -6
1 -6
1 -6
1 -6
1 -6
0 -5
0 -1
0 -1
0 -1
0 -1
0 -1
0 -1
0 -1
0 -1
0 -1
0 -1
0 -1
0 -1
0 -1
0 -1
0 -1
0 -1
0 -1
0 -1
0 -1
0 -1
0 -1
0 -1
0 -1
0 -1
0 -1
0 -1
0 -1
0 -1
1 0
1 0
1 0
1 0
1 0
1 0
1 0
1 0
1 0
1 0
1 0
1 0
1 0
1 0
1 0
1 0
1 0
1 0
1 0
1 0
1 0
1 0
1 0
1 0
1 0
1 0
1 0
1 0
1 0
1 0
1 0
1 0
1 0
1 0
1 1
1 1
1 1
1 1
1 1
1 1
1 1
1 1
1 1
1 1
1 1
1 1
1 1
1 1
1 1
1 1
1 1
1 1
1 1
1 1
1 1
1 1
1 1
1 1
1 1
1 1
1 1
1 1
1 1
1 1
1 1
1 1
1 1
1 1
1 1
1 1
1 1
1 1
1 1
1 1
1 1
1 1
1 1
1 1
1 1
1 1
1 1
1 1
1 1
1 1
1 1
1 1
1 1
1 1
1 1
1 1
1 1
1 1
1 1
1 1
1 1
1 1
1 1
1 1
1 1
1 1
1 1
1 1
1 1
1 1
1 1
1 1
1 1
1 1
1 1
1 1
1 1
1 1
1 1
1 1
-1 0
-1 0
-1 0
-1 0
-1 0
-1 0
-1 0
-1 0
-1 0
-1 0
-1 0
-1 0
-1 0
-1 0
-1 0
-1 0
-1 0
-3 0
-3 0
-3 0
-3 0
-3 0
-3 0
-3 0
-3 0
-3 0
-3 0
-3 0
-3 0
-3 0
-3 0
-3 0
-3 0
-3 0
-3 0
-3 0
-3 0
-3 0
-3 0
-3 0
-3 0
-3 0
-3 0
-3 0
-3 0
-3 0
-3 0
-3 0
-3 0
-3 0
-3 0
-2 1
-2 1
-2 1
-2 1
-2 1
-2 1
-2 1
-2 1
-2 1
-2 1
-2 1
-2 1
-2 1
-2 1
-2 1
-2 1
-2 1
-2 1
12 3
12 3
12 3
12 3
12 3
12 3
12 3
12 3
12 3
12 3
12 3
12 3
12 3
12 3
12 3
12 3
12 3
12 3
12 3
12 3
12 3
12 3
12 3
12 3
12 3
12 3
12 3
12 3
12 3
12 3
12 3
12 3
12 3
12 3
8 1
8 1
8 1
8 1
8 1
8 1
8 1
8 1
8 1
8 1
8 1
8 1
8 1
8 1
8 1
8 1
8 1
8 1
8 1
8 1
8 1
8 1
8 1
8 1
8 1
8 1
8 1
8 1
8 1
8 1
8 1
8 1
8 1
8 1
8 1
8 1
8 1
8 1
8 1
8 1
8 1
8 1
8 1
8 1
8 1
8 1
8 1
8 1
8 1
8 1
8 1
8 1
8 1
8 1
8 1
8 1
8 1
8 1
8 1
8 1
8 1
8 1
8 1
8 1
8 1
8 1
8 1
8 1
8 1
8 1
8 1
8 1
8 1
8 1
8 1
8 1
8 1
8 1
8 1
8 1
8 1
8 1
8 1
8 1
8 1
8 1
8 1
0 -1
0 -1
0 -1
0 -1
0 -1
0 -1
0 -1
0 -1
0 -1
0 -1
0 -1
0 -1
0 -1
0 -1
0 -1
0 -1
0 -1
0 -1
0 -1
0 -1
0 -1
0 -1
0 -1
0 -1
0 -1
0 -1
0 -1
0 -1
0 -1
0 -1
0 -1
0 -1
0 -1
0 -1
-1 -1
-1 -1
-1 -1
-1 -1
-1 -1
-1 -1
-1 -1
-1 -1
-1 -1
-1 -1
-1 -1
-1 -1
-1 -1
-1 -1
-1 -1
-1 -1
-1 -1
-1 -1
-1 -1
-1 -1
-1 -1
-1 -1
-1 -1
-1 -1
-1 -1
-1 -1
-1 -1
-1 -1
-1 -1
-1 -1
-1 -1
-1 -1
-1 -1
-1 -1
-1 -1
-1 -1
-1 -1
-1 -1
-1 -1
-1 -1
-1 -1
-1 -1
-1 -1
-1 -1
-1 -1
-1 -1
-1 -1
-1 -1
-1 -1
-1 -1
-1 -1
-1 -1
-1 -1
-1 -1
-1 -1
-1 -1
-1 -1
-1 -1
-1 -1
-1 -1
-1 -1
-1 -1
-1 -1
-1 -1
-1 -1
-1 -1
-1 -1
-1 -1
-1 -1
-1 -1
-1 -1
-1 -1
-1 -1
-1 -1
-1 -1
-1 -1
-1 -1
-1 -1
-1 -1
-1 -1
-1 -1
-1 -1
-1 -1
-1 -1
-1 -1
-1 -1
-1 -1
-1 -1
-1 -1
-1 -1
-1 -1
-1 -1
-1 -1
-1 -1
-1 -1
-1 -1
-1 -1
-1 -1
-1 -1
-1 -1
-1 -1
-1 -1
0 -1
0 -1
0 -1
0 -1
0 -1
0 -1
0 -1
0 -1
0 -1
0 -1
0 -1
0 -1
0 -1
0 -1
0 -1
0 -1
0 -1
0 -1
0 -1
0 -1
0 -1
0 -1
0 -1
0 -1
0 -1
0 -1
0 -1
0 -1
0 -1
0 -1
0 -1
0 -1
0 -1
0 -1
0 -1
0 -1
0 -1
0 -1
-1 0
-1 0
-1 0
-1 0
-1 0
-1 0
-1 0
-1 0
-1 0
-1 0
-1 0
-1 0
-1 0
-1 0
-1 0
-1 0
-1 0
-1 0
-1 0
-1 0
-1 0
-1 0
-1 0
-1 0
-1 0
-1 0
-1 0
-1 0
-1 0
-1 0
-1 0
-1 0
-1 0
-1 0
-1 0
-1 0
-1 0
-1 0
-1 0
-1 0
-1 0
-1 0
-1 0
-1 0
-1 0
-1 0
-1 0
-1 0
-1 0
-1 0
-1 0
-1 0
-1 0
-1 0
-1 0
-1 0
-1 0
-1 0
-1 0
-1 0
-1 0
-1 0
-1 0
-1 0
-1 0
-1 0
-1 0
-1 0
-1 0
-1 0
-1 0
-1 0
-1 0
-1 0
-1 0
-1 0
-1 0
-1 0
-1 0
-1 0
-1 0
-1 0
-1 0
-1 0
-1 0
-1 0
-1 0
-1 0
-1 0
-1 0
-1 0
-1 0
-1 0
-1 0
-1 0
-1 0
-1 0
-1 0
-1 0
-1 0
-1 0
-1 0
-1 0
-1 0
-1 0
-1 0
-1 0
-1 0
-1 0
-1 0
-1 0
-1 0
-1 0
-1 0
-1 0
-1 0
-1 0
-1 0
-1 0
-1 0
-1 0
-1 0
-1 0
-1 0
-1 0
-1 0
-1 0
-1 0
-1 0
-1 0
-1 0
-1 0
-1 0
-1 0
-1 0
-1 0
-1 0
-1 0
-1 0
-1 0
-1 0
-1 0
-1 0
-1 0
-1 0
-1 0
-1 0
-1 0
-1 0
-1 0
-1 0
-1 0
-1 0
-1 0
-1 0
-1 0
-1 0
-1 0
-1 0
-1 0
-1 0
-1 0
-1 0
-1 0
-1 0
-1 0
-1 0
-1 0
-1 0
-1 0
-1 0
-1 0
-1 0
-1 0
-1 0
-1 0
-1 0
-1 0
-1 0
-1 0
-1 0
-1 0
-1 0
-1 0
-1 0
-1 0
-1 0
-1 0
-1 0
-1 0
-1 0
-1 0
-1 0
-1 0
-1 0
-1 0
-1 0
-1 0
-1 0
-1 0
-1 0
-1 0
-1 0
-1 0
-1 0
-1 0
-1 0
-1 0
-1 0
-1 0
-1 0
-1 0
-1 0
-1 0
-1 0
-1 0
-1 0
-1 0
-1 0
-1 0
-1 0
-1 0
-1 0
-1 0
-1 0
-1 0
-1 0
-1 0
-1 0
-1 0
-1 0
-1 0
-1 0
-1 0
-1 0
-1 0
-1 0
-1 0
-1 0
-1 0
-1 0
-1 0
-1 0
-1 0
-1 0
-1 0
-1 0
-1 0
-1 0
-1 0
-1 0
-1 0
-1 0
-1 0
-1 0
-1 0
-1 0
-1 0
-1 0
-1 0
-1 0
-1 0
-1 0
-1 0
-1 0
-1 0
-1 0
-1 0
-1 0
-1 0
-1 0
-1 0
-1 0
-1 0
-1 0
-1 0
-1 0
-1 0
-1 0
-1 0
-1 0
-1 0
-1 0
-1 0
-1 0
-1 0
-1 0
-1 0
-1 0
-1 0
-1 0
-1 0
-1 0
-1 0
-1 0
-1 0
-1 0
-1 0
-1 0
-1 0
-1 0
-1 0
-1 0
-1 0
-1 0
-1 0
-1 0
-1 0
-1 0
-1 0
-1 0
-1 0
-1 0
-1 0
-1 0
-1 0
-1 0
-1 0
-1 0
-1 0
-1 0
-1 0
-1 0
-1 0
-1 0
-1 0
-1 0
-1 0
-1 0
-1 0
-1 0
-1 0
-1 0
-1 0
-1 0
-1 0
-1 0
-1 0
-1 0
-1 0
-1 0
-1 0
-1 0
-1 0
-1 0
-1 0
-1 0
-1 0
-1 0
-1 0
-1 0
-1 0
-1 0
-1 0
-1 0
-1 0
-1 0
-1 0
-1 0
-1 0
-1 0
-1 0
-1 0
-1 0
-1 0
-1 0
-1 0
-1 0
-1 0
-1 0
-1 0
-1 0
-1 0
-1 0
-1 0
-1 0
-1 0
-1 0
-1 0
-1 0
-1 0
-1 0
-1 0
-1 0
-1 0
-1 0
-1 0
-1 0
-1 0
-1 0
-1 0
-1 0
-1 0
-1 0
-1 0
-1 0
-1 0
-1 0
-1 0
-1 0
-1 0
-1 0
-1 0
-1 0
-1 0
-1 0
-1 0
-1 0
-1 0
-1 0
-1 0
-1 0
-1 0
-1 0
-1 0
-1 0
-1 0
-1 0
-1 0
-1 0
-1 0
-1 0
-1 0
-1 0
-1 0
-1 0
-1 0
-1 0
-1 0
-1 0
-1 0
-1 0
-1 0
-1 0
-1 0
-1 0
-1 0
-1 0
-1 0
-1 0
-1 0
-1 0
-1 0
-1 0
-1 0
-1 0
-1 0
-1 0
-1 0
-1 0
-1 0
-1 0
-1 0
-1 0
-1 0
-1 0
-1 0
-1 0
-1 0
-1 0
-1 0
-1 0
-1 0
-1 0
-1 0
-1 0
-1 0
-1 0
-1 0
-1 0
-1 0
-1 0
-1 0
-1 0
-1 0
-1 0
-1 0
-1 0
-1 0
-1 0
-1 0
-1 0
-1 0
-1 0
-1 0
-1 0
-1 0
-1 0
-1 0
-1 0
-1 0
-1 0
-1 0
-1 0
-1 0
-1 0
-1 0
-1 0
-1 0
-1 0
-1 0
-1 0
-1 0
-1 0
-1 0
-1 0
-1 0
-1 0
-1 0
-1 0
-1 0
-1 0
-1 0
-1 0
-1 0
-1 0
-1 0
-1 0
-1 0
-1 0
-1 0
-1 0
-1 0
-1 0
-1 0
-1 0
-1 0
-1 0
-1 0
-1 0
-1 0
-1 0
-1 0
-1 0
-1 0
-1 0
-1 0
-1 0
-1 0
-1 0
-1 0
-1 0
-1 0
-1 0
-1 0
-1 0
-1 0
-1 0
-1 0
-1 0
-1 0
-1 0
-1 0
-1 0
-1 0
-1 0
-1 0
-1 0
-1 0
-1 0
-1 0
-1 0
-1 0
-1 0
-1 0
-1 0
-1 0
-1 0
-1 0
-1 0
-1 0
-1 0
-1 0
-1 0
-1 0
-1 0
-1 0
-1 0
-1 0
-1 0
-1 0
-1 0
-1 0
-1 0
-1 0
-1 0
-1 0
-1 0
-1 0
-1 0
-1 0
-1 0
-1 0
-1 0
-1 0
-1 0
-1 0
-1 0
-1 0
-1 0
-1 0
-1 0
-1 0
-1 0
-1 0
-1 0
-1 0
-1 0
-1 0
-1 0
-1 0
-1 0
-1 0
-1 0
-1 0
-1 0
-1 0
-1 0
-1 0
-1 0
-1 0
-1 0
-1 0
-1 0
-1 0
-1 0
-1 0
-1 0
-1 0
-1 0
-1 0
-1 0
-1 0
-1 0
-1 0
-1 0
-1 0
-1 0
-1 0
-1 0
-1 0
-1 0
-1 0
-1 0
-1 0
-1 0
-1 0
-1 0
-1 0
-1 0
-1 0
-1 0
-1 0
-1 0
-1 0
-1 0
-1 0
-1 0
-1 0
-1 0
-1 0
-1 0
-1 0
-1 0
-1 0
-1 0
-1 0
-1 0
-1 0
-1 0
-1 0
-1 0
-1 0
-1 0
-1 0
-1 0
-1 0
-1 0
-1 0
-1 0
-1 0
-1 0
-1 0
-1 0
-1 0
-1 0
-1 0
-1 0
-1 0
-1 0
-1 0
-1 0
-1 0
-1 0
-1 0
-1 0
-1 0
-1 0
-1 0
-1 0
-1 0
-1 0
-1 0
-1 0
-1 0
-1 0
-1 0
-1 0
-1 0
-1 0
-1 0
-1 0
-1 0
-1 0
-1 0
-1 0
-1 0
-1 0
-1 0
-1 0
-1 0
-1 0
-1 0
-1 0
-1 0
-1 0
-1 0
-1 0
-1 0
-1 0
-1 0
-1 0
-1 0
-1 0
-1 0
-1 0
-1 0
-1 0
-1 0
-1 0
-1 0
-1 0
-1 0
-1 0
-1 0
-1 0
-1 0
-1 0
-1 0
-1 0
-1 0
-1 0
-1 0
-1 0
-1 0
-1 0
-1 0
-1 0
-1 0
-1 0
-1 0
-1 0
-1 0
-1 0
-1 0
-1 0
-1 0
-1 0
-1 0
-1 0
-1 0
-1 0
-1 0
-1 0
-1 0
-1 0
-1 0
-1 0
-1 0
-1 0
-1 0
-1 0
-1 0
-1 0
-1 0
-1 0
-1 0
-1 0
-1 0
-1 0
-1 0
-1 0
-1 0
-1 0
-1 0
-1 0
-1 0
-1 0
-1 0
-1 0
-1 0
-1 0
-1 0
-1 0
-1 0
-1 0
-1 0
-1 0
-1 0
-1 0
-1 0
-1 0
-1 0
-1 0
-1 0
-1 0
-1 0
-1 0
-1 0
-1 0
-1 0
-1 0
-1 0
-1 0
-1 0
-1 0
-1 0
-1 0
-1 0
-1 0
-1 0
-1 0
-1 0
-1 0
