1 3
1 3
1 3
1 3
1 3
1 3
1 3
1 3
1 3
1 3
1 3
1 3
1 3
1 3
1 3
1 3
1 3
1 3
1 3
1 3
1 3
1 3
1 3
1 3
1 3
1 3
1 3
1 3
1 3
1 3
1 3
1 3
0 5
0 6
0 6
0 6
0 6
0 6
0 6
0 6
0 6
0 6
0 6
0 6
0 6
0 6
0 6
0 6
0 6
0 6
0 6
0 6
0 6
0 6
0 6
0 6
0 6
0 6
0 6
0 6
0 6
0 6
0 6
0 6
0 6
0 6
0 6
0 6
0 6
0 6
0 6
0 6
0 6
0 6
0 6
0 6
0 6
0 6
0 6
0 6
0 6
0 6
0 6
0 6
0 6
0 6
0 6
0 6
0 6
0 6
0 6
0 6
0 6
0 6
0 6
0 6
0 6
0 6
0 6
0 6
0 6
1 13
1 13
1 13
1 13
1 13
1 13
1 13
1 13
1 13
1 13
1 13
1 13
1 13
1 13
1 13
1 13
1 13
1 13
1 13
1 13
0 16
0 16
0 16
0 16
0 16
0 16
0 16
0 16
0 16
0 16
0 16
0 16
0 16
0 16
0 16
0 16
0 16
0 16
0 16
0 16
0 16
0 16
0 16
0 16
0 16
0 16
0 16
0 16
0 16
0 16
0 16
0 16
0 16
0 16
0 16
0 16
0 16
0 16
0 16
0 16
0 16
0 16
0 16
0 16
0 16
0 16
0 16
0 16
0 16
0 16
0 16
0 16
0 16
0 16
0 16
0 16
0 16
0 16
0 16
0 16
0 16
0 16
0 16
0 16
0 16
0 16
-2 18
-1 29
-1 29
-1 29
-1 29
-1 29
-1 29
-1 29
-1 29
-1 29
-1 29
-1 29
-1 29
-1 29
-1 29
-1 29
-1 29
-1 29
-1 29
-1 29
-1 29
-1 29
-1 29
-1 29
-1 29
-1 29
-1 29
-1 29
-1 29
-1 29
-1 29
-1 29
-1 29
-1 29
-1 29
-1 29
-1 29
-1 29
-1 29
-1 29
-1 29
-1 29
-1 29
-1 29
-1 29
-1 29
-1 29
-1 29
-1 29
-1 29
-1 29
-1 29
-1 29
-1 29
-1 29
-1 29
-1 29
-1 29
-1 29
-1 29
-1 29
-1 29
-1 29
-1 29
-1 29
-1 29
-4 29
4 26
4 26
4 26
4 26
4 26
4 26
4 26
4 26
4 26
4 26
4 26
4 26
4 26
4 26
4 26
4 26
4 26
4 26
4 26
4 26
4 26
3 32
3 32
3 32
3 32
3 32
3 32
3 32
3 32
3 32
3 32
3 32
3 32
3 32
3 32
3 32
3 32
3 32
3 32
3 32
3 32
3 32
3 32
3 32
6 36
6 36
6 36
6 36
6 36
6 36
6 36
6 36
6 36
6 36
6 36
6 36
6 36
6 36
6 36
6 36
6 36
6 36
6 36
6 36
6 36
6 36
6 36
6 36
6 36
6 36
6 36
6 36
6 36
6 36
6 36
6 36
6 36
6 36
6 36
6 36
6 36
6 36
6 36
6 36
6 36
6 36
6 36
6 36
6 36
6 36
6 36
6 36
6 36
6 36
6 36
6 36
6 36
6 36
6 36
6 36
6 36
6 36
6 36
6 36
6 36
6 36
6 36
6 36
6 36
6 36
6 36
6 36
6 36
6 36
6 36
6 36
9 35
9 35
9 35
9 35
9 35
9 35
9 35
9 35
9 35
9 35
9 35
9 35
9 35
9 35
9 35
9 35
9 35
9 35
9 35
9 35
9 35
9 35
9 35
9 35
9 35
9 35
9 35
9 35
9 35
9 35
9 35
9 35
9 35
9 35
9 35
9 35
9 35
9 35
9 35
9 35
9 35
9 35
9 35
9 35
9 35
9 35
9 35
9 35
11 34
11 34
11 34
11 34
11 34
11 34
11 34
11 34
11 34
11 34
11 34
11 34
11 34
11 34
11 34
11 34
11 34
11 34
11 34
11 34
11 34
11 34
11 34
11 34
11 34
11 34
11 34
11 34
11 34
11 34
11 34
11 34
11 34
11 34
11 34
11 34
11 34
11 34
11 34
11 34
11 34
11 34
11 34
11 34
11 34
11 34
11 34
9 35
9 35
9 35
9 35
9 35
9 35
9 35
9 35
9 35
9 35
9 35
9 35
9 35
9 35
9 35
9 35
9 35
9 35
9 35
9 35
9 35
9 35
9 35
6 42
6 42
6 42
6 42
6 42
6 42
6 42
6 42
6 42
6 42
6 42
6 42
6 42
6 42
6 42
6 42
6 42
6 42
6 42
6 42
6 42
6 42
6 42
6 40
6 40
6 40
6 40
6 40
6 40
6 40
6 40
6 40
6 40
6 40
6 40
6 40
6 40
6 40
6 40
6 40
6 40
6 40
6 40
6 40
6 40
6 40
6 40
12 47
12 47
12 47
12 47
12 47
12 47
12 47
12 47
12 47
12 47
12 47
12 47
12 47
12 47
12 47
12 47
12 47
12 47
12 47
12 47
12 47
12 47
12 47
12 47
12 47
12 47
12 47
12 47
12 47
12 47
12 47
12 47
12 47
12 47
12 47
12 47
12 47
12 47
12 47
12 47
12 47
12 47
12 47
12 47
12 47
12 47
12 47
12 47
12 47
12 47
12 47
12 47
12 47
12 47
12 47
12 47
12 47
12 47
12 47
12 47
12 47
12 47
12 47
12 47
16 40
16 40
16 40
16 40
16 40
16 40
16 40
16 40
16 40
16 40
16 40
16 40
16 40
16 40
16 40
16 40
16 40
16 40
16 40
16 40
16 40
16 40
16 40
16 40
16 40
16 40
16 40
16 40
16 40
16 40
16 40
16 40
16 40
16 40
16 40
16 40
16 40
16 40
16 40
16 40
16 40
16 40
16 40
16 40
16 40
16 40
16 40
16 40
16 40
16 40
18 43
18 43
18 43
18 43
18 43
18 43
18 43
18 43
18 43
18 43
18 43
18 43
18 43
18 43
18 43
18 43
18 43
18 43
18 43
18 43
18 43
18 43
18 43
18 43
18 43
18 43
14 40
14 40
14 40
14 40
14 40
14 40
14 40
14 40
14 40
14 40
14 40
14 40
14 40
14 40
14 40
14 40
14 40
14 40
14 40
14 40
14 40
14 40
14 40
14 40
14 40
14 40
14 40
14 40
14 40
14 40
14 40
14 40
14 40
14 40
14 40
14 40
14 40
14 40
14 40
14 40
14 40
14 40
14 40
14 40
14 40
14 40
14 40
14 40
15 41
15 41
15 41
15 41
15 41
15 41
15 41
15 41
15 41
15 41
15 41
15 41
15 41
15 41
15 41
15 41
15 41
15 41
15 41
15 41
15 41
15 41
15 41
15 41
15 41
15 41
15 41
15 41
15 41
15 41
15 41
15 41
15 41
15 41
15 41
15 41
15 41
15 41
15 41
15 41
15 41
15 41
15 41
15 41
15 41
19 39
19 39
19 39
19 39
19 39
19 39
19 39
19 39
19 39
19 39
19 39
19 39
19 39
19 39
19 39
19 39
19 39
19 39
19 39
19 39
19 39
19 39
19 39
19 39
19 39
19 39
19 39
19 39
19 39
19 39
19 39
19 39
19 39
19 39
19 39
19 39
19 39
19 39
19 39
19 39
19 39
19 39
19 39
19 39
19 39
19 39
19 39
19 39
15 39
15 39
15 39
15 39
15 39
15 39
15 39
15 39
15 39
15 39
15 39
15 39
15 39
15 39
15 39
15 39
15 39
15 39
15 39
15 39
15 39
15 39
15 39
13 39
13 39
13 39
13 39
13 39
13 39
13 39
13 39
13 39
13 39
13 39
13 39
13 39
13 39
13 39
13 39
13 39
13 39
13 39
13 39
13 39
13 39
16 38
16 38
16 38
16 38
16 38
16 38
16 38
16 38
16 38
16 38
16 38
16 38
16 38
16 38
16 38
16 38
16 38
16 38
16 38
16 38
16 38
16 38
16 38
16 38
16 38
16 38
16 38
16 38
16 38
16 38
16 38
16 38
16 38
16 38
16 38
16 38
16 38
16 38
12 34
12 34
12 34
12 34
12 34
12 34
12 34
12 34
12 34
12 34
12 34
12 34
12 34
12 34
12 34
12 34
12 34
12 34
12 34
12 34
12 34
12 34
12 34
12 34
12 34
12 34
12 34
12 34
12 34
12 34
12 34
12 34
12 34
12 34
12 34
12 34
12 34
15 42
15 42
15 42
15 42
15 42
15 42
15 42
15 42
15 42
15 42
15 42
15 42
15 42
15 42
15 42
15 42
15 42
15 42
15 42
15 42
15 42
15 42
15 42
15 42
15 42
15 42
15 42
15 42
15 42
15 42
15 42
15 42
15 42
15 42
15 42
15 42
15 42
15 42
15 42
15 42
15 42
15 42
20 35
20 35
20 35
20 35
20 35
20 35
20 35
20 35
20 35
20 35
20 35
20 35
20 35
20 35
20 35
20 35
20 35
20 35
14 41
14 41
14 41
14 41
14 41
14 41
14 41
14 41
14 41
14 41
14 41
14 41
14 41
14 41
14 41
14 41
14 41
14 41
14 41
14 41
12 32
12 32
12 32
12 32
12 32
12 32
12 32
12 32
12 32
12 32
12 32
12 32
12 32
12 32
12 32
12 32
12 32
12 32
12 32
12 32
12 32
12 32
12 32
12 32
12 32
12 32
12 32
12 32
12 32
12 32
12 32
12 32
12 32
12 32
12 32
12 32
12 32
12 32
12 32
12 32
12 32
12 32
12 32
12 32
12 32
12 32
12 32
12 32
12 32
12 32
12 32
12 32
12 32
12 32
12 32
12 32
12 32
12 32
12 32
12 32
12 32
12 32
12 32
12 32
12 32
12 32
12 32
12 32
19 45
14 38
14 38
14 38
14 38
14 38
14 38
14 38
14 38
14 38
14 38
14 38
14 38
14 38
14 38
14 38
14 38
14 38
14 38
14 38
14 38
14 38
14 38
14 38
14 38
14 38
14 38
14 38
14 38
14 38
14 38
14 38
14 38
14 38
14 38
14 38
14 38
14 38
14 38
14 38
14 38
14 38
14 38
14 38
14 38
14 38
14 38
14 38
15 45
15 45
15 45
15 45
15 45
15 45
15 45
15 45
15 45
15 45
15 45
15 45
15 45
15 45
15 45
15 45
15 45
15 45
15 45
15 45
15 45
15 45
15 45
15 45
15 45
15 45
21 47
21 47
21 47
21 47
21 47
21 47
21 47
21 47
21 47
21 47
21 47
21 47
21 47
21 47
21 47
21 47
21 47
21 47
21 47
21 47
21 47
21 47
21 47
21 47
21 47
21 47
27 45
27 45
27 45
27 45
27 45
27 45
27 45
27 45
27 45
27 45
27 45
27 45
27 45
27 45
27 45
27 45
27 45
27 45
27 45
27 45
27 45
27 45
27 45
27 45
27 45
27 45
27 45
27 45
27 45
27 45
27 45
27 45
27 45
27 45
27 45
27 45
27 45
27 45
27 45
27 45
27 45
27 45
27 45
27 45
27 45
27 45
27 45
27 45
27 45
27 45
24 38
24 38
24 38
24 38
24 38
24 38
24 38
24 38
24 38
24 38
24 38
24 38
24 38
24 38
24 38
24 38
24 38
24 38
24 38
24 38
24 38
24 38
24 38
24 38
24 38
24 38
24 38
24 38
24 38
24 38
24 38
24 38
24 38
24 38
24 38
24 38
24 38
24 38
24 38
24 38
24 38
24 38
24 38
24 38
24 38
24 38
34 42
34 42
34 42
34 42
34 42
34 42
34 42
34 42
34 42
34 42
34 42
34 42
34 42
34 42
34 42
34 42
34 42
34 42
34 42
34 42
34 42
34 42
34 42
34 42
34 42
34 42
34 42
34 42
34 42
34 42
34 42
34 42
34 42
34 42
34 42
34 42
34 42
34 42
34 42
34 42
34 42
34 42
34 42
34 42
44 41
44 41
44 41
44 41
44 41
44 41
44 41
44 41
44 41
44 41
44 41
44 41
44 41
44 41
44 41
44 41
44 41
44 41
44 41
44 41
44 41
44 41
44 41
44 41
44 41
44 41
44 41
44 41
44 41
44 41
44 41
44 41
44 41
44 41
44 41
44 41
44 41
44 41
44 41
44 41
44 41
44 41
44 41
44 41
44 41
44 41
44 41
44 41
44 41
41 41
41 41
41 41
41 41
41 41
41 41
41 41
41 41
41 41
41 41
41 41
41 41
41 41
41 41
41 41
41 41
41 41
41 41
41 41
41 41
41 41
41 41
41 41
46 45
46 45
46 45
46 45
46 45
46 45
46 45
46 45
46 45
46 45
46 45
46 45
46 45
46 45
46 45
46 45
46 45
46 45
46 45
46 45
46 45
46 45
52 44
52 44
52 44
52 44
52 44
52 44
52 44
52 44
52 44
52 44
52 44
52 44
52 44
52 44
52 44
52 44
52 44
52 44
42 40
42 40
42 40
42 40
42 40
42 40
42 40
42 40
42 40
42 40
42 40
42 40
42 40
42 40
42 40
42 40
42 40
42 40
42 40
42 40
42 40
42 40
42 40
42 40
42 40
42 40
42 40
42 40
42 40
42 40
42 40
42 40
42 40
42 40
42 40
42 40
42 40
42 40
42 40
42 40
42 40
42 40
42 40
42 40
42 40
42 40
42 40
42 40
42 40
42 40
42 40
42 40
42 40
42 40
60 39
60 39
60 39
60 39
60 39
60 39
60 39
60 39
60 39
60 39
60 39
60 39
60 39
60 39
60 39
60 39
60 39
60 39
60 39
60 39
60 39
60 39
60 39
60 39
60 39
60 39
60 39
60 39
60 39
60 39
60 39
60 39
60 39
60 39
60 39
60 39
60 39
60 39
60 39
60 39
60 39
60 39
60 39
60 39
60 39
60 30
60 30
60 30
60 30
60 30
60 30
60 30
60 30
60 30
60 30
60 30
60 30
60 30
60 30
60 30
60 30
60 30
60 30
60 30
60 30
60 30
60 30
60 30
60 30
60 30
62 30
62 30
62 30
62 30
62 30
62 30
62 30
62 30
62 30
62 30
62 30
62 30
62 30
62 30
62 30
62 30
62 30
62 30
62 30
62 30
62 30
62 30
62 30
62 30
62 30
62 30
62 30
62 30
62 30
62 30
62 30
62 30
62 30
62 30
62 30
62 30
62 30
62 30
62 30
62 30
62 30
62 30
62 30
62 30
62 30
62 30
62 30
62 30
62 30
68 26
68 26
68 26
68 26
68 26
68 26
68 26
68 26
68 26
68 26
68 26
68 26
68 26
68 26
68 26
68 26
68 26
68 26
68 26
68 26
68 26
68 26
68 26
68 26
68 26
68 26
68 26
68 26
68 26
68 26
68 26
68 26
68 26
68 26
68 26
68 26
68 26
68 26
68 26
68 26
68 26
68 26
68 26
68 26
68 26
63 20
63 20
63 20
63 20
63 20
63 20
63 20
63 20
63 20
63 20
63 20
63 20
63 20
63 20
63 20
63 20
63 20
63 20
63 20
63 20
63 20
63 20
63 20
63 20
63 20
63 20
63 20
63 20
63 20
63 20
63 20
63 20
63 20
63 20
63 20
63 20
63 20
63 20
63 20
63 20
63 20
63 20
63 20
63 20
63 20
63 20
63 20
63 20
68 17
68 17
68 17
68 17
68 17
68 17
68 17
68 17
68 17
68 17
68 17
68 17
68 17
68 17
68 17
68 17
68 17
68 17
68 17
68 17
68 17
68 17
68 17
68 17
73 10
73 10
73 10
73 10
73 10
73 10
73 10
73 10
73 10
73 10
73 10
73 10
73 10
73 10
73 10
73 10
73 10
73 10
73 10
73 10
73 10
73 10
73 10
73 10
73 10
73 10
73 10
73 10
73 10
73 10
73 10
73 10
73 10
73 10
73 10
73 10
73 10
73 10
73 10
73 10
73 10
73 10
73 10
73 10
73 10
73 10
73 10
73 10
65 5
65 5
65 5
65 5
65 5
65 5
65 5
65 5
65 5
65 5
65 5
65 5
65 5
65 5
65 5
65 5
65 5
65 5
65 5
65 5
65 5
65 5
65 5
65 5
65 5
65 5
65 5
65 5
65 5
65 5
65 5
65 5
65 5
65 5
65 5
65 5
65 5
65 5
65 5
65 5
65 5
65 5
65 5
65 5
65 5
67 4
69 -6
69 -6
69 -6
69 -6
69 -6
69 -6
69 -6
69 -6
69 -6
69 -6
69 -6
69 -6
69 -6
69 -6
69 -6
69 -6
69 -6
69 -6
69 -6
69 -6
69 -6
69 -6
69 -6
69 -6
69 -6
69 -6
69 -6
69 -6
69 -6
69 -6
69 -6
69 -6
69 -6
69 -6
69 -6
69 -6
69 -6
69 -6
69 -6
69 -6
69 -6
69 -6
69 -6
69 -6
69 -6
69 -6
69 -6
69 -6
69 -6
69 -6
69 -6
69 -6
69 -6
69 -6
69 -6
69 -6
69 -6
69 -6
69 -6
69 -6
69 -6
69 -6
69 -6
69 -6
69 -6
69 -6
69 -6
69 -6
69 -6
64 -15
60 -23
60 -23
60 -23
60 -23
60 -23
60 -23
60 -23
60 -23
60 -23
60 -23
60 -23
60 -23
60 -23
60 -23
60 -23
60 -23
60 -23
60 -23
60 -23
60 -23
60 -23
60 -23
61 -28
61 -28
61 -28
61 -28
61 -28
61 -28
61 -28
61 -28
61 -28
61 -28
61 -28
61 -28
61 -28
61 -28
61 -28
61 -28
61 -28
61 -28
61 -28
61 -28
61 -28
61 -28
61 -28
61 -28
61 -28
61 -28
61 -28
61 -28
61 -28
61 -28
61 -28
61 -28
61 -28
61 -28
61 -28
61 -28
61 -28
61 -28
61 -28
61 -28
61 -28
61 -28
61 -28
61 -28
61 -28
61 -28
61 -28
61 -28
61 -28
61 -28
61 -28
61 -28
61 -28
61 -28
61 -28
61 -28
61 -28
61 -28
61 -28
61 -28
61 -28
61 -28
61 -28
61 -28
61 -28
61 -28
61 -28
61 -28
61 -28
61 -28
61 -28
61 -28
61 -28
61 -28
61 -28
61 -28
61 -28
61 -28
61 -28
61 -28
61 -28
61 -28
61 -28
61 -28
61 -28
61 -28
61 -28
61 -28
61 -28
61 -28
61 -28
61 -28
61 -28
61 -28
61 -28
61 -28
61 -28
56 -42
56 -42
56 -42
56 -42
56 -42
56 -42
56 -42
56 -42
56 -42
56 -42
56 -42
56 -42
56 -42
56 -42
56 -42
56 -42
56 -42
56 -42
56 -42
56 -42
56 -42
56 -42
56 -42
56 -42
56 -42
56 -42
56 -42
56 -42
56 -42
56 -42
56 -42
56 -42
56 -42
56 -42
56 -42
56 -42
54 -57
54 -57
54 -57
54 -57
54 -57
54 -57
54 -57
54 -57
54 -57
54 -57
54 -57
54 -57
54 -57
54 -57
54 -57
58 -54
44 -58
44 -58
44 -58
44 -58
44 -58
44 -58
44 -58
44 -58
44 -58
44 -58
44 -58
44 -58
44 -58
44 -58
44 -58
44 -58
44 -58
44 -58
44 -58
44 -58
44 -58
44 -58
44 -58
44 -58
44 -58
44 -58
44 -58
44 -58
44 -58
44 -58
44 -58
44 -58
44 -58
44 -58
44 -58
44 -58
44 -58
44 -58
44 -58
44 -58
44 -58
44 -58
44 -58
44 -58
44 -58
44 -58
36 -61
38 -69
38 -69
38 -69
38 -69
38 -69
38 -69
38 -69
38 -69
38 -69
38 -69
38 -69
38 -69
38 -69
38 -69
38 -69
38 -69
38 -69
38 -69
38 -69
38 -69
38 -69
38 -69
38 -69
38 -69
38 -69
38 -69
38 -69
38 -69
38 -69
38 -69
38 -69
36 -79
36 -79
36 -79
36 -79
36 -79
36 -79
36 -79
36 -79
36 -79
36 -79
36 -79
36 -79
36 -79
36 -79
36 -79
36 -79
36 -79
36 -79
36 -79
36 -79
36 -79
36 -79
36 -79
36 -79
36 -79
36 -79
36 -79
36 -79
36 -79
36 -79
36 -79
36 -79
36 -79
36 -79
36 -79
36 -79
36 -79
36 -79
36 -79
36 -79
36 -79
36 -79
36 -79
36 -79
36 -79
36 -79
36 -79
36 -79
36 -79
36 -79
36 -79
36 -79
36 -79
36 -79
36 -79
36 -79
36 -79
36 -79
36 -79
36 -79
36 -79
36 -79
36 -79
36 -79
36 -79
36 -79
31 -84
31 -84
21 -87
21 -87
21 -87
21 -87
21 -87
21 -87
21 -87
21 -87
21 -87
21 -87
21 -87
21 -87
21 -87
21 -87
21 -87
20 -84
20 -84
20 -84
20 -84
20 -84
20 -84
20 -84
20 -84
20 -84
20 -84
20 -84
20 -84
20 -84
20 -84
20 -84
20 -84
20 -84
8 -91
8 -91
8 -91
8 -91
8 -91
8 -91
8 -91
8 -91
8 -91
8 -91
8 -91
8 -91
8 -91
8 -91
8 -91
8 -91
8 -91
8 -91
8 -91
8 -91
8 -91
8 -91
8 -91
8 -91
8 -91
8 -91
8 -91
8 -91
8 -91
8 -91
8 -91
8 -91
8 -91
8 -91
8 -91
8 -91
8 -91
8 -91
8 -91
8 -91
8 -91
8 -91
8 -91
8 -91
8 -91
8 -91
8 -91
8 -91
8 -91
8 -91
8 -91
8 -91
8 -91
8 -91
8 -91
8 -91
8 -91
8 -91
8 -91
8 -91
8 -91
8 -91
8 -91
8 -91
8 -91
8 -91
8 -91
8 -91
8 -91
8 -91
8 -91
8 -91
8 -91
8 -91
8 -91
8 -91
8 -91
8 -91
8 -91
8 -91
8 -91
8 -91
8 -91
8 -91
8 -91
8 -91
8 -91
8 -91
8 -91
8 -91
8 -91
8 -91
8 -91
8 -91
8 -91
8 -91
8 -91
8 -91
8 -91
8 -91
8 -91
8 -91
8 -91
8 -91
8 -91
8 -91
8 -91
8 -91
4 -93
4 -93
4 -93
4 -93
4 -93
4 -93
4 -93
4 -93
4 -93
4 -93
4 -93
4 -93
4 -93
4 -93
4 -93
4 -93
4 -93
6 -87
6 -87
6 -87
6 -87
6 -87
6 -87
6 -87
6 -87
6 -87
6 -87
6 -87
6 -87
6 -87
6 -87
6 -87
6 -87
6 -87
6 -87
6 -87
6 -87
6 -87
6 -87
6 -87
6 -87
6 -87
6 -87
6 -87
6 -87
6 -87
6 -87
6 -87
6 -87
6 -87
6 -87
6 -87
6 -87
6 -87
4 -94
-1 -88
-5 -93
-5 -93
-5 -93
-5 -93
-5 -93
-5 -93
-5 -93
-5 -93
-5 -93
-5 -93
-5 -93
-5 -93
-5 -93
-5 -93
-5 -93
-5 -93
-5 -93
-5 -93
-5 -93
-5 -93
-5 -93
-5 -93
-5 -93
-5 -93
-5 -93
-5 -93
-5 -93
-5 -93
-5 -93
-5 -93
-5 -93
-5 -93
-5 -93
-5 -94
-5 -94
-5 -94
-5 -94
-5 -94
-5 -94
-5 -94
-5 -94
-5 -94
-5 -94
-5 -94
-5 -94
-5 -94
-5 -94
-5 -94
-5 -94
-5 -94
-5 -94
-5 -94
-5 -94
-5 -94
-5 -94
-5 -94
-5 -94
-5 -94
-5 -94
-5 -94
-5 -94
-5 -94
-5 -94
-5 -94
-5 -94
-5 -94
-5 -94
-5 -94
-5 -94
-5 -94
-5 -94
-5 -94
-5 -94
-5 -94
-5 -94
-5 -94
-5 -94
-5 -94
-5 -94
-5 -94
-8 -98
-16 -91
-16 -91
-16 -91
-16 -91
-16 -91
-16 -91
-16 -91
-16 -91
-16 -91
-16 -91
-16 -91
-16 -91
-16 -91
-16 -91
-16 -91
-16 -91
-16 -91
-16 -91
-16 -91
-16 -91
-16 -91
-16 -91
-16 -91
-16 -91
-16 -91
-16 -91
-16 -91
-16 -91
-16 -91
-16 -91
-19 -83
-19 -83
-19 -83
-19 -83
-19 -83
-19 -83
-19 -83
-19 -83
-19 -83
-19 -83
-19 -83
-19 -83
-19 -83
-19 -83
-19 -83
-19 -83
-19 -83
-19 -83
-19 -83
-19 -83
-19 -83
-19 -83
-19 -83
-19 -83
-19 -83
-19 -83
-19 -83
-19 -83
-19 -83
-19 -83
-19 -83
-19 -83
-19 -83
-19 -83
-19 -83
-19 -83
-19 -83
-19 -83
-19 -83
-19 -83
-19 -83
-19 -83
-19 -83
-19 -83
-19 -83
-19 -83
-19 -83
-19 -83
-19 -83
-19 -83
-19 -83
-19 -83
-19 -83
-19 -83
-19 -83
-19 -83
-19 -83
-19 -83
-19 -83
-19 -83
-19 -83
-19 -83
-24 -89
-24 -89
-24 -89
-24 -89
-24 -89
-24 -89
-24 -89
-24 -89
-24 -89
-24 -89
-24 -89
-24 -89
-24 -89
-24 -89
-24 -89
-24 -89
-17 -93
-20 -88
-20 -88
-20 -88
-20 -88
-20 -88
-20 -88
-20 -88
-20 -88
-20 -88
-20 -88
-20 -88
-20 -88
-20 -88
-20 -88
-20 -88
-20 -88
-20 -88
-20 -88
-20 -88
-20 -88
-20 -88
-20 -88
-20 -88
-20 -88
-20 -88
-20 -88
-20 -88
-20 -88
-20 -88
-21 -78
-21 -78
-21 -78
-21 -78
-21 -78
-21 -78
-21 -78
-21 -78
-21 -78
-21 -78
-21 -78
-21 -78
-21 -78
-21 -78
-21 -78
-21 -78
-26 -85
-26 -85
-26 -85
-26 -85
-26 -85
-26 -85
-26 -85
-26 -85
-26 -85
-26 -85
-26 -85
-26 -85
-26 -85
-26 -85
-26 -85
-26 -85
-26 -85
-26 -85
-26 -85
-26 -85
-26 -85
-26 -85
-26 -85
-26 -85
-26 -85
-26 -85
-26 -85
-26 -85
-26 -85
-26 -85
-26 -85
-26 -85
-26 -85
-26 -85
-26 -85
-25 -73
-25 -73
-25 -73
-25 -73
-25 -73
-25 -73
-25 -73
-25 -73
-25 -73
-25 -73
-25 -73
-25 -73
-25 -73
-25 -73
-25 -73
-25 -73
-25 -73
-25 -73
-25 -73
-25 -73
-25 -73
-25 -73
-25 -73
-25 -73
-25 -73
-25 -73
-25 -73
-25 -73
-25 -73
-25 -73
-25 -73
-25 -73
-25 -73
-25 -73
-25 -73
-18 -60
-23 -61
-23 -61
-23 -61
-23 -61
-23 -61
-23 -61
-23 -61
-23 -61
-23 -61
-23 -61
-23 -61
-23 -61
-23 -61
-23 -61
-23 -61
-23 -61
-23 -61
-23 -61
-23 -61
-23 -61
-23 -61
-23 -61
-23 -61
-23 -61
-23 -61
-23 -61
-23 -61
-23 -61
-23 -61
-23 -61
-23 -61
-23 -61
-23 -61
-23 -61
-23 -61
-23 -61
-23 -61
-23 -61
-23 -61
-23 -61
-23 -61
-23 -61
-23 -61
-23 -61
-23 -61
-23 -61
-23 -61
-23 -61
-23 -61
-23 -61
-23 -61
-23 -61
-23 -61
-23 -61
-23 -61
-23 -61
-23 -61
-23 -61
-23 -61
-23 -61
-23 -61
-23 -61
-23 -61
-23 -61
-23 -61
-23 -61
-23 -61
-23 -61
-23 -61
-23 -61
-23 -61
-23 -61
-23 -65
-23 -65
-23 -65
-23 -65
-23 -65
-23 -65
-23 -65
-23 -65
-23 -65
-23 -65
-23 -65
-23 -65
-23 -65
-23 -65
-23 -65
-23 -65
-23 -65
-16 -62
-16 -62
-16 -62
-16 -62
-16 -62
-16 -62
-16 -62
-16 -62
-16 -62
-16 -62
-16 -62
-16 -62
-16 -62
-16 -62
-16 -62
-16 -62
-16 -62
-16 -62
-16 -62
-16 -62
-16 -62
-16 -62
-16 -62
-16 -62
-16 -62
-16 -62
-16 -62
-16 -62
-16 -62
-16 -62
-16 -62
-16 -62
-24 -52
-24 -52
-24 -52
-24 -52
-24 -52
-24 -52
-24 -52
-24 -52
-24 -52
-24 -52
-24 -52
-24 -52
-24 -52
-24 -52
-24 -52
-24 -52
-24 -52
-24 -52
-24 -52
-24 -52
-24 -52
-24 -52
-24 -52
-24 -52
-24 -52
-24 -52
-24 -52
-24 -52
-24 -52
-24 -52
-24 -52
-24 -52
-24 -52
-24 -52
-24 -52
-24 -52
-25 -54
-25 -54
-25 -54
-25 -54
-25 -54
-25 -54
-25 -54
-25 -54
-25 -54
-25 -54
-25 -54
-25 -54
-25 -54
-25 -54
-25 -54
-25 -54
-25 -54
-25 -54
-25 -54
-25 -54
-21 -43
-21 -43
-21 -43
-21 -43
-21 -43
-21 -43
-21 -43
-21 -43
-21 -43
-21 -43
-21 -43
-21 -43
-21 -43
-21 -43
-21 -43
-21 -43
-21 -43
-21 -43
-21 -43
-21 -43
-21 -43
-21 -43
-21 -43
-21 -43
-21 -43
-21 -43
-21 -43
-21 -43
-21 -43
-21 -43
-21 -43
-21 -43
-21 -43
-21 -43
-21 -43
-21 -43
-31 -55
-31 -55
-31 -55
-31 -55
-31 -55
-31 -55
-31 -55
-31 -55
-31 -55
-31 -55
-31 -55
-31 -55
-31 -55
-31 -55
-31 -55
-31 -55
-31 -55
-31 -55
-31 -55
-38 -53
-38 -53
-38 -53
-38 -53
-38 -53
-38 -53
-38 -53
-38 -53
-38 -53
-38 -53
-38 -53
-38 -53
-38 -53
-38 -53
-38 -53
-38 -53
-38 -53
-38 -53
-38 -53
-38 -53
-38 -53
-38 -53
-38 -53
-38 -53
-38 -53
-38 -53
-38 -53
-38 -53
-38 -53
-38 -53
-38 -53
-38 -53
-38 -53
-38 -53
-38 -53
-38 -53
-38 -53
-38 -53
-45 -53
-45 -53
-45 -53
-45 -53
-45 -53
-45 -53
-45 -53
-45 -53
-45 -53
-45 -53
-45 -53
-45 -53
-45 -53
-45 -53
-45 -53
-45 -53
-45 -53
-45 -53
-45 -53
-45 -53
-45 -53
-45 -53
-45 -53
-45 -53
-45 -53
-45 -53
-45 -53
-45 -53
-45 -53
-45 -53
-45 -53
-45 -53
-45 -53
-45 -53
-45 -53
-45 -53
-45 -53
-45 -53
-45 -53
-45 -53
-45 -53
-45 -53
-45 -53
-45 -53
-45 -53
-45 -53
-45 -53
-45 -53
-45 -53
-45 -53
-45 -53
-45 -53
-45 -53
-45 -53
-42 -35
-62 -35
-62 -35
-62 -35
-62 -35
-62 -35
-62 -35
-62 -35
-62 -35
-62 -35
-62 -35
-62 -35
-62 -35
-62 -35
-62 -35
-62 -35
-62 -35
-62 -35
-62 -35
-62 -35
-62 -35
-62 -35
-62 -35
-62 -35
-62 -35
-62 -35
-62 -35
-62 -35
-62 -35
-62 -35
-62 -35
-62 -35
-62 -35
-62 -35
-61 -26
-61 -26
-61 -26
-61 -26
-61 -26
-61 -26
-61 -26
-61 -26
-61 -26
-61 -26
-61 -26
-61 -26
-61 -26
-61 -26
-61 -26
-61 -26
-61 -26
-61 -26
-60 -17
-60 -17
-60 -17
-60 -17
-60 -17
-60 -17
-60 -17
-60 -17
-60 -17
-60 -17
-60 -17
-60 -17
-60 -17
-60 -17
-60 -17
-60 -17
-60 -17
-60 -17
-60 -17
-60 -17
-60 -17
-60 -17
-60 -17
-60 -17
-60 -17
-60 -17
-60 -17
-60 -17
-60 -17
-60 -17
-60 -17
-60 -17
-60 -12
-60 -12
-60 -12
-60 -12
-60 -12
-60 -12
-60 -12
-60 -12
-60 -12
-60 -12
-60 -12
-60 -12
-60 -12
-60 -12
-60 -12
-60 -12
-60 -12
-60 -12
-60 -12
-60 -12
-60 -12
-60 -12
-60 -12
-60 -12
-60 -12
-60 -12
-60 -12
-60 -12
-60 -12
-62 -5
-62 -5
-62 -5
-62 -5
-62 -5
-62 -5
-62 -5
-62 -5
-62 -5
-62 -5
-62 -5
-62 -5
-62 -5
-62 -5
-62 -5
-62 -5
-62 -5
-62 -5
-62 -5
-62 -5
-62 -5
-62 -5
-62 -5
-62 -5
-62 -5
-62 -5
-62 -5
-62 -5
-62 -5
-62 -5
-62 -5
-62 -5
-62 -5
-62 -5
-67 -6
-67 -6
-67 -6
-67 -6
-67 -6
-67 -6
-67 -6
-67 -6
-67 -6
-67 -6
-67 -6
-67 -6
-67 -6
-67 -6
-67 -6
-67 -6
-67 -6
-65 -4
-65 -4
-65 -4
-65 -4
-65 -4
-65 -4
-65 -4
-65 -4
-65 -4
-65 -4
-65 -4
-65 -4
-65 -4
-65 -4
-65 -4
-65 -4
-65 -4
-65 -4
-65 -4
-65 -4
-65 -4
-65 -4
-65 -4
-65 -4
-65 -4
-65 -4
-65 -4
-65 -4
-65 -4
-65 -4
-65 -4
-65 -4
-61 -5
-61 -5
-61 -5
-61 -5
-61 -5
-61 -5
-61 -5
-61 -5
-61 -5
-61 -5
-61 -5
-61 -5
-61 -5
-61 -5
-61 -5
-61 -5
-61 -5
-61 -5
-61 -5
-61 -5
-61 -5
-61 -5
-61 -5
-61 -5
-61 -5
-61 -5
-61 -5
-61 -5
-61 -5
-61 -5
-61 -5
-61 -5
-61 -5
-61 -5
-71 5
-71 5
-71 5
-71 5
-71 5
-71 5
-71 5
-71 5
-71 5
-71 5
-71 5
-71 5
-71 5
-71 5
-71 5
-71 5
-71 5
-71 5
-71 5
-71 5
-71 5
-71 5
-71 5
-71 5
-71 5
-71 5
-71 5
-71 5
-71 5
-71 5
-68 5
-68 5
-68 5
-68 5
-68 5
-68 5
-68 5
-68 5
-68 5
-68 5
-68 5
-68 5
-68 5
-68 5
-68 5
-68 5
-63 12
-63 12
-63 12
-63 12
-63 12
-63 12
-63 12
-63 12
-63 12
-63 12
-63 12
-63 12
-63 12
-63 12
-63 12
-63 12
-63 12
-63 12
-68 21
-68 21
-68 21
-68 21
-68 21
-68 21
-68 21
-68 21
-68 21
-68 21
-68 21
-68 21
-68 21
-68 21
-68 21
-68 21
-68 21
-68 21
-68 21
-68 21
-68 21
-68 21
-68 21
-68 21
-68 21
-68 21
-68 21
-68 21
-68 21
-68 21
-68 21
-68 21
-68 21
-68 21
-60 24
-60 24
-60 24
-60 24
-60 24
-60 24
-60 24
-60 24
-60 24
-60 24
-60 24
-60 24
-60 24
-60 24
-60 24
-60 24
-60 24
-60 24
-60 24
-60 24
-60 24
-60 24
-60 24
-60 24
-60 24
-60 24
-60 24
-60 24
-60 24
-60 24
-60 24
-59 33
-59 33
-59 33
-59 33
-59 33
-59 33
-59 33
-59 33
-59 33
-59 33
-59 33
-59 33
-59 33
-59 33
-59 33
-59 33
-59 33
-59 33
-59 33
-59 33
-59 33
-59 33
-59 33
-59 33
-59 33
-59 33
-59 33
-46 36
-46 36
-46 36
-46 36
-46 36
-46 36
-46 36
-46 36
-46 36
-46 36
-46 36
-46 36
-46 36
-46 36
-46 36
-46 36
-46 36
-46 36
-51 35
-51 35
-51 35
-51 35
-51 35
-51 35
-51 35
-51 35
-51 35
-51 35
-51 35
-51 35
-51 35
-51 35
-51 35
-51 35
-51 35
-51 35
-51 35
-51 35
-51 35
-51 35
-51 35
-51 35
-51 35
-51 35
-51 35
-51 35
-51 35
-51 35
-51 35
-51 35
-51 35
-51 35
-51 35
-51 35
-51 35
-50 43
-50 43
-50 43
-50 43
-50 43
-50 43
-50 43
-50 43
-50 43
-50 43
-50 43
-50 43
-50 43
-50 43
-50 43
-50 43
-50 43
-50 43
-50 43
-50 43
-50 43
-50 43
-50 43
-50 43
-50 43
-50 43
-50 43
-50 43
-50 43
-50 43
-50 43
-50 43
-50 43
-50 43
-50 43
-50 43
-50 43
-50 43
-49 46
-49 46
-49 46
-49 46
-49 46
-49 46
-49 46
-49 46
-49 46
-49 46
-49 46
-49 46
-49 46
-49 46
-49 46
-49 46
-49 46
-49 46
-49 46
-49 46
-49 46
-49 46
-49 46
-49 46
-49 46
-49 46
-49 46
-49 46
-49 46
-49 46
-49 46
-49 46
-49 46
-49 46
-49 46
-49 46
-49 47
-39 54
-39 54
-39 54
-39 54
-39 54
-39 54
-39 54
-39 54
-39 54
-39 54
-39 54
-39 54
-39 54
-39 54
-39 54
-39 54
-39 54
-47 54
-47 54
-47 54
-47 54
-47 54
-47 54
-47 54
-47 54
-47 54
-47 54
-47 54
-47 54
-47 54
-47 54
-47 54
-47 54
-47 54
-47 54
-47 54
-47 54
-47 54
-47 54
-47 54
-47 54
-47 54
-47 54
-47 54
-47 54
-47 54
-47 54
-47 54
-49 65
-49 65
-49 65
-49 65
-49 65
-49 65
-49 65
-49 65
-49 65
-49 65
-49 65
-49 65
-49 65
-49 65
-49 65
-49 65
-49 65
-40 61
-40 61
-40 61
-40 61
-40 61
-40 61
-40 61
-40 61
-40 61
-40 61
-40 61
-40 61
-40 61
-40 61
-40 61
-40 61
-40 61
-40 61
-40 61
-40 61
-40 61
-40 61
-40 61
-40 61
-40 61
-40 61
-40 61
-40 61
-40 61
-40 61
-40 61
-40 61
-35 56
-35 56
-35 56
-35 56
-35 56
-35 56
-35 56
-35 56
-35 56
-35 56
-35 56
-35 56
-35 56
-35 56
-35 56
-35 56
-35 56
-35 56
-35 56
-35 56
-35 56
-35 56
-35 56
-35 56
-35 56
-35 56
-35 56
-35 56
-35 56
-35 56
-35 56
-35 56
-35 56
-35 56
-35 56
-38 59
-43 75
-43 75
-43 75
-43 75
-43 75
-43 75
-43 75
-43 75
-43 75
-43 75
-43 75
-43 75
-43 75
-43 75
-43 75
-43 75
-43 75
-43 75
-43 75
-43 75
-43 75
-43 75
-43 75
-43 75
-43 75
-43 75
-43 75
-43 75
-43 75
-43 75
-43 75
-43 75
-43 75
-43 75
-43 75
-43 75
-43 75
-43 75
-43 75
-43 75
-43 75
-43 75
-43 75
-43 75
-43 75
-43 75
-43 75
-43 75
-43 75
-43 75
-43 75
-17 53
-17 53
-17 53
-17 53
-17 53
-17 53
-17 53
-17 53
-17 53
-17 53
-17 53
-17 53
-17 53
-17 53
-17 53
-17 53
-17 53
-17 53
-17 53
-17 53
-17 53
-17 53
-17 53
-17 53
-17 53
-17 53
-17 53
-17 53
-17 53
-17 53
-17 53
-17 53
-17 53
-17 53
-16 53
-16 53
-16 53
-16 53
-16 53
-16 53
-16 53
-16 53
-16 53
-16 53
-16 53
-16 53
-16 53
-16 53
-16 53
-16 53
-16 53
-16 53
-16 53
-16 53
-16 53
-16 53
-16 53
-16 53
-16 53
-16 53
-16 53
-16 53
-16 53
-16 53
-16 53
-16 53
-16 53
-16 53
-16 53
-16 53
-16 53
-16 53
-16 53
-16 53
-16 53
-16 53
-16 53
-17 51
-17 51
-17 51
-17 51
-17 51
-17 51
-17 51
-17 51
-17 51
-17 51
-17 51
-17 51
-17 51
-17 51
-17 51
-17 51
-17 51
-17 51
-17 51
-17 51
-17 51
-8 46
-8 46
-8 46
-8 46
-8 46
-8 46
-8 46
-8 46
-8 46
-8 46
-8 46
-8 46
-8 46
-8 46
-8 46
-8 46
-8 46
-8 46
-8 46
-8 46
-8 46
-8 46
-8 46
-8 46
-8 46
-8 46
-8 46
-8 46
-8 46
-8 46
-8 46
-8 46
-8 46
-8 46
-8 46
-8 46
-8 46
-8 46
-8 46
-8 46
-8 46
-8 46
-3 39
-3 39
-3 39
-3 39
-3 39
-3 39
-3 39
-3 39
-3 39
-3 39
-3 39
-3 39
-3 39
-3 39
-3 39
-3 39
-3 39
-3 39
-3 39
-3 39
-6 47
-6 47
-6 47
-6 47
-6 47
-6 47
-6 47
-6 47
-6 47
-6 47
-6 47
-6 47
-6 47
-6 47
-6 47
-6 47
-6 47
-6 47
-6 47
-6 47
-6 47
-6 47
-6 47
-6 47
-6 47
-6 47
-6 47
-6 47
-6 47
-6 47
-6 47
-6 47
-6 47
-6 47
-9 41
-9 41
-9 41
-9 41
-9 41
-9 41
-9 41
-9 41
-9 41
-9 41
-9 41
-9 41
-9 41
-9 41
-9 41
-9 41
-9 41
-9 41
-9 41
-5 40
-5 40
-5 40
-5 40
-5 40
-5 40
-5 40
-5 40
-5 40
-5 40
-5 40
-5 40
-5 40
-5 40
-5 40
-5 40
-5 40
-6 32
-6 32
-6 32
-6 32
-6 32
-6 32
-6 32
-6 32
-6 32
-6 32
-6 32
-6 32
-6 32
-6 32
-6 32
-6 32
-6 32
-6 32
-6 32
-6 32
-6 32
-6 32
-6 32
-6 32
-6 32
-6 32
-6 32
-6 32
-6 32
-6 32
-6 32
-6 32
-6 32
-6 32
-6 32
-6 32
-6 32
-6 32
-6 32
-6 32
-6 32
-6 32
-6 32
-6 32
-6 32
-6 32
-6 32
-6 32
-6 32
-6 32
-6 32
-6 32
-6 32
-6 32
-6 32
-6 32
-6 32
-6 32
-6 32
-6 32
-6 32
-6 32
-6 32
-6 32
-6 32
-6 32
-6 32
-6 32
-6 32
-6 32
-6 32
-6 32
-6 32
-6 32
-6 32
-6 32
-1 30
-1 30
-1 30
-1 30
-1 30
-1 30
-1 30
-1 30
-1 30
-1 30
-1 30
-1 30
-1 30
-1 30
-1 30
-1 30
-1 30
-1 30
-1 30
-1 30
2 20
1 18
1 18
1 18
1 18
1 18
1 18
1 18
1 18
1 18
1 18
1 18
1 18
1 18
1 18
1 18
-1 10
-1 10
-1 10
-1 10
-1 10
-1 10
-1 10
-1 10
-1 10
-1 10
-1 10
-1 10
-1 10
-1 10
-1 10
-1 10
-1 10
-1 10
-1 10
-1 10
-1 10
-1 10
-1 10
-1 10
-1 10
-1 10
-1 10
-1 10
-1 10
-1 10
-1 10
-1 10
-1 10
0 10
0 10
0 10
0 10
0 10
0 10
0 10
0 10
0 10
0 10
0 10
0 10
0 10
0 10
0 10
0 10
0 10
0 10
0 10
0 10
0 10
0 10
0 10
0 10
0 10
0 10
0 10
0 10
0 10
0 10
0 10
0 10
0 10
0 10
0 10
0 10
-1 3
-1 3
-1 3
-1 3
-1 3
-1 3
-1 3
-1 3
-1 3
-1 3
-1 3
-1 3
-1 3
-1 3
-1 3
-1 3
-1 3
-1 3
-1 3
-1 3
-1 3
-1 3
-1 3
-1 3
-1 3
-1 3
-1 3
-1 3
-1 3
-1 1
-1 1
-1 1
-1 1
-1 1
-1 1
-1 1
-1 1
-1 1
-1 1
-1 1
-1 1
-1 1
0 1
0 1
0 1
0 1
0 1
0 1
0 1
0 1
0 1
0 1
0 1
0 1
0 1
0 1
0 1
0 1
0 1
0 1
0 1
0 1
0 1
0 1
0 1
0 1
0 1
0 1
0 1
0 1
0 1
0 1
0 1
0 1
0 1
0 1
0 1
0 2
0 2
0 2
0 2
0 2
0 2
0 2
0 2
0 2
0 2
0 2
0 2
0 2
0 2
0 2
0 2
0 2
0 2
0 2
0 2
0 2
0 2
0 2
0 2
0 2
0 2
0 2
0 2
0 2
0 2
0 5
0 5
0 5
0 5
0 5
0 5
0 5
0 5
0 5
0 5
0 5
0 5
0 5
0 5
0 5
0 5
0 5
0 5
0 5
0 5
0 5
0 5
0 5
0 5
0 5
0 5
0 5
0 5
0 5
0 5
0 5
0 5
0 5
0 5
0 5
0 5
0 5
0 5
0 5
0 5
0 5
0 5
0 5
0 5
0 5
0 5
0 5
0 5
0 5
0 5
0 5
0 5
0 5
0 5
0 5
0 5
0 5
0 5
0 5
0 5
0 5
2 0
-1 1
-1 1
-1 1
-1 1
-1 1
-1 1
-1 1
-1 1
-1 1
-1 1
-1 1
-1 1
-1 1
-1 1
-1 1
-1 1
-1 1
-1 1
-1 1
-1 1
-1 1
-1 1
-1 1
-1 1
-1 1
-1 1
-1 1
-1 1
-1 1
-1 1
-1 1
-1 1
-1 1
0 2
0 2
0 2
0 2
0 2
0 2
0 2
0 2
0 2
0 2
0 2
0 2
0 2
0 2
0 2
0 2
0 2
0 2
0 2
0 2
0 2
0 2
0 2
0 2
0 2
0 2
0 2
0 2
0 2
0 2
0 2
-1 -1
-1 -1
-1 -1
-1 -1
-1 -1
-1 -1
-1 -1
-1 -1
-1 -1
-1 -1
-1 -1
-1 -1
-1 -1
-1 -1
-1 -1
-1 -1
-1 -1
-1 -1
-1 -1
-1 -1
-1 -1
-1 -1
-1 -1
-1 -1
-1 -1
-1 -1
-1 -1
-1 -1
-1 -1
-1 -1
-1 -1
-1 -1
-1 -1
-1 -1
-1 -1
-1 -1
0 -2
0 -2
0 -2
0 -2
0 -2
0 -2
0 -2
0 -2
0 -2
0 -2
0 -2
0 -2
0 -2
0 -2
0 -2
0 -2
0 -2
0 -2
-1 0
-1 0
-1 0
-1 0
-1 0
-1 0
-1 0
-1 0
-1 0
-1 0
-1 0
-1 0
-1 0
-1 0
-1 0
-1 0
-1 0
-1 0
-1 0
-1 0
-1 0
-1 0
-1 0
-1 0
-1 0
-1 0
-1 0
-1 0
-1 0
-1 0
-1 0
-1 0
-1 0
-1 0
-1 0
-1 0
-1 0
-1 0
-1 0
-1 0
-1 0
-1 0
-1 0
-1 0
-1 0
-1 0
-1 0
-1 0
-1 0
-1 0
-1 0
-1 0
-1 0
-1 0
-1 0
-1 0
-1 0
-1 0
-1 0
-1 0
-1 0
-1 0
-1 0
-1 0
-1 0
-1 0
-1 0
-1 0
-1 0
-1 0
-1 0
-1 0
-1 0
-1 0
-1 0
-1 0
-1 0
-1 0
-1 0
-1 0
-1 0
-1 0
-1 0
-1 0
-1 0
-1 0
-1 0
-1 0
-1 0
-1 0
-1 0
-1 0
-1 0
-1 0
-1 0
-1 0
-1 0
-1 0
-1 0
-1 0
-1 0
-1 0
-1 0
-1 0
-1 0
-1 0
-1 0
-1 0
-1 0
-1 0
-1 0
-1 0
-1 0
-1 0
-1 0
-1 0
-1 0
-1 0
-1 0
-1 0
-1 0
-1 0
-1 0
-1 0
-1 0
-1 0
-1 0
-1 0
-1 0
-1 0
-1 0
-1 0
-1 0
-1 0
-1 0
-1 0
-1 0
-1 0
-1 0
-1 0
-1 0
-1 0
-1 0
-1 0
-1 0
-1 0
-1 0
-1 0
-1 0
-1 0
-1 0
-1 0
-1 0
-1 0
-1 0
-1 0
-1 0
-1 0
-1 0
-1 0
-1 0
-1 0
-1 0
-1 0
-1 0
-1 0
-1 0
-1 0
-1 0
-1 0
-1 0
-1 0
-1 0
-1 0
-1 0
-1 0
-1 0
-1 0
-1 0
-1 0
-1 0
-1 0
-1 0
-1 0
-1 0
-1 0
-1 0
-1 0
-1 0
-1 0
-1 0
-1 0
-1 0
-1 0
-1 0
-1 0
-1 0
-1 0
-1 0
-1 0
-1 0
-1 0
-1 0
-1 0
-1 0
-1 0
-1 0
-1 0
-1 0
-1 0
-1 0
-1 0
-1 0
-1 0
-1 0
-1 0
-1 0
-1 0
-1 0
-1 0
-1 0
-1 0
-1 0
-1 0
-1 0
-1 0
-1 0
-1 0
-1 0
-1 0
-1 0
-1 0
-1 0
-1 0
-1 0
-1 0
-1 0
-1 0
-1 0
-1 0
-1 0
-1 0
-1 0
-1 0
-1 0
-1 0
-1 0
-1 0
-1 0
-1 0
-1 0
-1 0
-1 0
-1 0
-1 0
-1 0
-1 0
-1 0
-1 0
-1 0
-1 0
-1 0
-1 0
-1 0
-1 0
-1 0
-1 0
-1 0
-1 0
-1 0
-1 0
-1 0
-1 0
-1 0
-1 0
-1 0
-1 0
-1 0
-1 0
-1 0
-1 0
-1 0
-1 0
-1 0
-1 0
-1 0
-1 0
-1 0
-1 0
-1 0
-1 0
-1 0
-1 0
-1 0
-1 0
-1 0
-1 0
-1 0
-1 0
-1 0
-1 0
-1 0
-1 0
-1 0
-1 0
-1 0
-1 0
-1 0
-1 0
-1 0
-1 0
-1 0
-1 0
-1 0
-1 0
-1 0
-1 0
-1 0
-1 0
-1 0
-1 0
-1 0
-1 0
-1 0
-1 0
-1 0
-1 0
-1 0
-1 0
-1 0
-1 0
-1 0
-1 0
-1 0
-1 0
-1 0
-1 0
-1 0
-1 0
-1 0
-1 0
-1 0
-1 0
-1 0
-1 0
-1 0
-1 0
-1 0
-1 0
-1 0
-1 0
-1 0
-1 0
-1 0
-1 0
-1 0
-1 0
-1 0
-1 0
-1 0
-1 0
-1 0
-1 0
-1 0
-1 0
-1 0
-1 0
-1 0
-1 0
-1 0
-1 0
-1 0
-1 0
-1 0
-1 0
-1 0
-1 0
-1 0
-1 0
-1 0
-1 0
-1 0
-1 0
-1 0
-1 0
-1 0
-1 0
-1 0
-1 0
-1 0
-1 0
-1 0
-1 0
-1 0
-1 0
-1 0
-1 0
-1 0
-1 0
-1 0
-1 0
-1 0
-1 0
-1 0
-1 0
-1 0
-1 0
-1 0
-1 0
-1 0
-1 0
-1 0
-1 0
-1 0
-1 0
-1 0
-1 0
-1 0
-1 0
-1 0
-1 0
-1 0
-1 0
-1 0
-1 0
-1 0
-1 0
-1 0
-1 0
-1 0
-1 0
-1 0
-1 0
-1 0
-1 0
-1 0
-1 0
-1 0
-1 0
-1 0
-1 0
0 2
0 2
0 2
0 2
0 2
0 2
0 2
0 2
0 2
0 2
0 2
0 2
0 2
0 2
0 2
0 2
0 2
0 2
0 2
0 2
0 2
0 2
0 2
0 2
0 2
0 2
0 2
0 2
0 2
0 2
0 2
0 2
0 2
0 2
0 2
0 2
0 2
0 2
0 2
0 2
0 2
0 2
0 2
0 2
0 2
0 2
0 2
0 2
0 2
0 2
0 2
0 2
0 2
0 2
0 2
0 2
0 2
0 2
0 2
0 2
0 2
0 2
0 2
0 2
0 2
0 2
0 2
0 2
0 2
0 2
0 2
0 2
0 2
0 2
0 2
0 2
0 2
0 2
0 2
0 2
0 2
0 2
0 2
0 2
0 2
0 2
0 2
0 2
0 2
0 2
0 2
0 2
0 2
0 2
0 2
0 2
0 2
0 2
0 2
0 2
0 2
0 2
0 2
0 2
0 2
0 2
0 2
0 2
0 2
0 2
0 2
0 2
0 2
0 2
0 2
0 2
0 2
0 2
0 2
0 2
0 2
0 2
0 2
0 2
0 2
0 2
0 2
0 2
0 2
0 2
0 2
0 2
0 2
0 2
0 2
0 2
0 2
0 2
0 2
0 2
0 2
0 2
0 2
0 2
0 2
0 2
0 2
0 2
0 2
0 2
0 2
0 2
0 2
0 2
0 2
0 2
0 2
0 2
0 2
0 2
0 2
0 2
0 2
0 2
0 2
0 2
0 2
0 2
0 2
0 2
0 2
0 2
0 2
0 2
0 2
0 2
0 2
0 2
0 2
0 2
0 2
0 2
0 2
0 2
0 2
0 2
0 2
0 2
0 2
0 2
0 2
0 2
0 2
0 2
0 2
0 2
0 2
0 2
0 2
0 2
0 2
0 2
0 2
0 2
0 2
0 2
0 2
0 2
0 2
0 2
0 2
0 2
0 2
0 2
0 2
0 2
0 2
0 2
0 2
0 2
0 2
0 2
0 2
0 2
0 2
0 2
0 2
0 2
0 2
0 2
0 2
0 2
0 2
0 2
0 2
0 2
0 1
0 1
0 1
0 1
0 1
0 1
0 1
0 1
0 1
0 1
0 1
0 1
0 1
0 1
0 1
0 1
0 1
0 1
0 1
0 1
0 1
0 1
0 1
0 1
0 1
0 1
0 1
0 1
0 1
0 1
0 1
0 1
0 1
0 1
0 1
0 1
0 1
0 1
0 1
0 1
0 1
0 1
0 1
0 1
0 1
0 1
0 1
0 1
0 1
0 1
0 1
0 1
0 1
0 1
0 1
0 1
0 1
0 1
0 1
0 1
0 1
0 1
0 1
0 1
0 1
0 1
0 1
0 1
0 1
0 1
0 1
0 1
0 1
0 1
0 1
0 1
0 1
0 1
0 1
0 1
0 1
0 1
0 1
0 1
0 1
0 1
0 1
0 1
0 1
0 1
0 1
0 1
0 1
0 1
0 1
0 1
0 1
0 1
0 1
0 1
0 1
0 1
0 1
0 1
0 1
0 1
0 1
0 1
0 1
0 1
0 1
0 1
0 1
0 1
0 1
0 1
0 1
0 1
0 1
0 1
0 1
0 1
0 1
0 1
0 1
0 1
0 1
0 1
0 1
0 1
0 1
0 1
0 1
0 1
0 1
0 1
0 1
0 1
0 1
0 1
0 1
0 1
0 1
0 1
0 1
0 1
0 1
0 1
0 1
0 1
0 1
0 1
0 1
0 1
0 1
0 1
0 1
0 1
0 1
0 1
0 1
0 1
0 1
0 1
0 1
0 1
0 1
0 1
0 1
0 1
0 1
0 1
0 1
0 1
0 1
0 1
0 1
0 1
0 1
0 1
0 1
0 1
0 1
0 1
0 1
0 1
0 1
0 1
0 1
0 1
0 1
0 1
0 1
0 1
0 1
0 1
0 1
0 1
0 1
0 1
0 1
0 1
0 1
0 1
0 1
0 1
0 1
0 1
0 1
0 1
0 1
0 1
0 1
0 1
0 1
0 1
0 1
0 1
0 1
0 1
0 1
0 1
0 1
0 1
0 1
0 1
0 1
0 1
0 1
0 1
0 1
0 1
0 1
0 1
0 1
0 1
0 1
0 1
0 1
0 1
0 1
0 1
0 1
0 1
0 1
0 1
0 1
0 1
0 1
0 1
0 1
0 1
0 1
0 1
0 1
0 1
0 1
0 1
0 1
0 1
0 1
0 1
0 1
0 1
0 1
0 1
0 1
0 1
0 1
0 1
0 1
0 1
0 1
0 1
0 1
0 1
0 1
0 1
0 1
0 1
0 1
0 1
0 1
0 1
0 1
0 1
0 1
0 1
0 1
0 1
0 1
0 1
0 1
0 1
0 1
0 1
0 1
0 1
0 1
0 1
0 1
0 1
0 1
0 1
0 1
0 1
0 1
0 1
0 1
0 1
0 1
0 1
0 1
0 1
0 1
0 1
0 1
0 1
0 1
0 1
0 1
0 1
0 1
0 1
0 1
0 1
0 1
0 1
0 1
0 1
0 1
0 1
0 1
0 1
0 1
0 1
0 1
0 1
0 1
0 1
0 1
0 1
0 1
0 1
0 1
0 1
0 1
0 1
0 1
0 1
0 1
0 1
0 1
0 1
0 1
0 1
0 1
0 1
0 1
0 1
0 1
0 1
0 1
0 1
0 1
0 1
0 1
0 1
0 1
0 1
0 1
0 1
0 1
0 1
0 1
0 1
0 1
0 1
0 1
0 1
0 1
0 1
0 1
0 1
0 1
0 1
