53 39
53 39
53 39
53 39
53 39
53 39
53 39
56 27
56 27
56 27
56 27
56 27
56 27
56 27
56 27
56 27
56 27
56 27
56 27
56 27
56 27
56 27
56 27
56 27
56 27
56 27
56 27
43 31
43 31
43 31
43 31
43 31
43 31
43 31
43 31
43 31
43 31
43 31
43 31
43 31
43 31
43 31
43 31
43 31
43 31
43 31
48 30
48 30
48 30
48 30
48 30
48 30
48 30
48 30
48 30
48 30
48 30
48 30
48 30
48 30
48 30
48 30
48 30
48 30
48 30
48 30
48 30
48 30
48 30
48 30
48 30
48 30
48 30
48 30
48 30
48 30
48 30
48 30
48 30
48 30
48 30
48 30
48 30
48 30
48 30
48 30
48 30
48 30
48 30
48 30
48 30
48 30
48 30
49 29
49 29
49 29
49 29
49 29
49 29
49 29
49 29
49 29
49 29
49 29
49 29
49 29
49 29
49 29
49 29
49 29
49 29
49 29
49 29
49 29
49 29
49 29
49 29
49 29
49 29
49 29
49 29
49 29
49 29
49 29
49 29
49 29
49 29
49 29
49 29
49 29
49 29
49 29
49 29
49 29
49 29
49 29
49 29
49 29
49 29
48 22
48 22
48 22
48 22
48 22
48 22
48 22
48 22
48 22
48 22
48 22
48 22
48 22
48 22
48 22
48 22
48 22
48 22
48 22
48 22
48 22
48 22
48 22
48 22
48 22
48 22
48 22
48 22
48 22
48 22
48 22
48 22
48 22
48 22
48 22
48 22
48 22
48 22
48 22
48 22
48 22
48 22
48 22
48 22
48 22
48 22
48 22
48 22
48 22
48 22
48 22
48 22
48 22
48 22
48 22
48 22
48 22
48 22
48 22
48 22
48 22
48 22
48 22
48 22
48 22
48 22
48 22
48 22
48 22
48 22
48 22
48 22
48 22
47 13
47 13
47 13
47 13
47 13
47 13
47 13
47 13
47 13
47 13
47 13
47 13
47 13
47 13
47 13
47 13
47 13
47 13
46 13
46 13
46 13
46 13
46 13
46 13
46 13
46 13
46 13
46 13
46 13
46 13
46 13
46 13
46 13
46 13
46 13
46 13
46 13
46 13
46 13
46 13
46 13
46 13
51 10
51 10
51 10
51 10
51 10
51 10
51 10
51 10
51 10
51 10
51 10
51 10
51 10
51 10
51 10
51 10
51 10
51 10
51 10
51 10
51 10
51 10
51 10
51 10
51 10
51 10
47 12
47 12
47 12
47 12
47 12
47 12
47 12
47 12
47 12
47 12
47 12
47 12
47 12
47 12
47 12
47 12
47 12
47 12
47 12
47 12
47 12
47 12
47 12
47 12
47 12
47 12
47 12
47 12
47 12
47 12
47 12
47 12
47 12
47 12
47 12
47 12
47 12
47 12
47 12
47 12
47 12
47 12
47 12
47 12
47 12
47 12
47 12
47 12
47 12
47 12
47 12
47 12
47 12
47 12
47 12
47 12
47 12
47 12
47 12
47 12
47 12
47 12
47 12
47 12
47 12
47 12
47 12
47 4
47 4
47 4
47 4
47 4
47 4
47 4
47 4
47 4
47 4
47 4
47 4
47 4
47 4
47 4
47 4
44 3
44 3
44 3
44 3
44 3
44 3
44 3
44 3
44 3
44 3
44 3
44 3
44 3
44 3
44 3
44 3
44 3
44 3
44 3
44 3
44 3
44 3
44 3
44 3
44 3
44 3
44 3
44 3
44 3
44 3
44 3
44 3
44 3
44 3
44 3
44 3
44 3
44 3
44 3
44 3
47 6
47 6
47 6
47 6
47 6
47 6
47 6
47 6
47 6
47 6
47 6
47 6
47 6
47 6
47 6
47 6
47 6
47 6
48 2
48 2
48 2
48 2
48 2
48 2
48 2
48 2
48 2
48 2
48 2
48 2
48 2
48 2
48 2
48 2
48 2
48 2
48 2
48 2
48 2
48 2
48 2
48 2
48 2
48 2
48 2
48 2
48 2
48 2
48 2
48 2
48 2
48 2
48 2
48 2
48 2
48 2
48 2
48 2
48 2
48 2
49 -3
49 -3
49 -3
49 -3
49 -3
49 -3
49 -3
49 -3
49 -3
49 -3
49 -3
49 -3
49 -3
49 -3
49 -3
49 -3
49 -3
49 -3
49 -3
49 -3
49 -3
49 -3
49 -3
49 -3
49 -3
49 -3
49 -3
49 -3
49 -3
49 -3
49 -3
49 -3
49 -3
49 -3
49 -3
49 -3
49 -3
49 -3
49 -3
49 -3
49 -3
50 -8
46 -1
46 -1
46 -1
46 -1
46 -1
46 -1
46 -1
46 -1
46 -1
46 -1
46 -1
46 -1
46 -1
46 -1
46 -1
46 -1
46 -1
46 -1
46 -1
46 -1
46 -1
46 -1
46 -1
46 -1
46 -1
46 -1
46 -1
46 -1
46 -1
46 -1
46 -1
46 -1
46 -1
46 -1
46 -1
46 -1
46 -1
46 -1
46 -1
46 -1
46 -1
46 -1
46 -1
46 -1
46 -1
46 -1
46 -1
46 -1
46 -1
46 -1
46 -1
46 -1
46 -1
46 -1
46 -1
46 -1
46 -1
46 -1
46 -1
46 -1
46 -1
46 -1
46 -1
46 -1
46 -1
46 -1
46 -1
46 -1
46 -1
46 -1
46 -1
46 -1
46 -1
46 -1
46 -1
46 -1
46 -1
46 -1
46 -1
46 -1
46 -1
46 -1
46 -1
46 -1
46 -1
46 -1
46 -1
46 -1
46 -1
46 -1
46 -1
46 -1
46 -1
46 -1
46 -1
46 -1
46 -1
46 -1
48 -8
48 -8
43 -8
43 -8
43 -8
43 -8
43 -8
43 -8
43 -8
43 -8
43 -8
43 -8
43 -8
43 -8
43 -8
43 -8
43 -8
43 -8
43 -8
43 -8
43 -8
43 -8
43 -8
43 -8
43 -8
43 -8
43 -8
43 -8
43 -8
43 -8
43 -8
43 -8
43 -8
43 -8
43 -8
43 -8
43 -8
43 -8
43 -8
43 -8
43 -8
43 -8
43 -8
43 -8
43 -8
43 -8
43 -8
43 -8
43 -8
43 -8
43 -8
43 -8
43 -8
43 -8
43 -8
43 -8
43 -8
43 -8
43 -8
43 -8
43 -8
43 -8
43 -8
43 -8
43 -8
43 -8
43 -8
43 -8
43 -8
43 -8
48 -23
48 -23
48 -23
48 -23
48 -23
48 -23
48 -23
48 -23
48 -23
48 -23
48 -23
48 -23
48 -23
48 -23
48 -23
48 -23
48 -23
48 -23
48 -23
48 -23
48 -23
48 -23
48 -23
48 -23
48 -23
48 -23
48 -23
48 -23
48 -23
48 -23
48 -23
48 -23
48 -23
48 -23
48 -23
48 -23
48 -23
48 -23
48 -23
48 -23
48 -23
48 -23
48 -23
48 -23
48 -23
48 -23
48 -23
48 -23
48 -23
48 -23
48 -23
48 -23
48 -23
44 -30
44 -30
44 -30
44 -30
44 -30
44 -30
44 -30
44 -30
44 -30
44 -30
44 -30
44 -30
44 -30
44 -30
44 -30
46 -30
46 -30
46 -30
46 -30
46 -30
46 -30
46 -30
46 -30
46 -30
46 -30
46 -30
46 -30
46 -30
46 -30
46 -30
46 -30
46 -30
46 -30
46 -30
46 -30
46 -30
46 -30
46 -30
46 -30
46 -30
46 -30
46 -30
46 -30
46 -30
46 -30
46 -30
46 -30
45 -32
45 -32
45 -32
45 -32
45 -32
45 -32
45 -32
45 -32
45 -32
45 -32
45 -32
45 -32
45 -32
45 -32
45 -32
50 -34
50 -34
50 -34
50 -34
50 -34
50 -34
50 -34
50 -34
50 -34
50 -34
50 -34
50 -34
50 -34
50 -34
50 -34
50 -34
50 -34
50 -34
50 -34
50 -34
50 -34
50 -34
50 -34
50 -34
50 -34
50 -34
50 -34
50 -34
50 -34
50 -34
50 -34
50 -34
50 -34
50 -34
50 -34
50 -34
50 -34
50 -34
50 -34
50 -34
50 -34
50 -34
50 -34
50 -34
50 -34
50 -34
50 -34
50 -34
50 -34
50 -34
50 -34
50 -34
50 -34
50 -34
50 -34
50 -34
50 -34
50 -34
50 -34
50 -34
54 -38
54 -38
58 -47
58 -47
58 -47
58 -47
58 -47
58 -47
58 -47
58 -47
58 -47
58 -47
58 -47
58 -47
58 -47
58 -47
58 -47
58 -47
58 -47
58 -47
58 -47
58 -47
58 -47
58 -47
58 -47
58 -47
58 -47
58 -47
58 -47
58 -47
58 -47
58 -47
58 -47
58 -47
58 -47
58 -47
58 -47
58 -47
58 -47
58 -47
58 -47
58 -47
58 -47
58 -47
58 -47
58 -47
58 -47
58 -47
58 -47
58 -47
57 -52
55 -59
55 -59
55 -59
55 -59
55 -59
55 -59
55 -59
55 -59
55 -59
55 -59
55 -59
55 -59
55 -59
55 -59
55 -59
55 -59
55 -59
55 -59
55 -59
57 -60
57 -60
57 -60
57 -60
57 -60
57 -60
57 -60
57 -60
57 -60
57 -60
57 -60
57 -60
57 -60
57 -60
57 -60
57 -60
57 -60
57 -60
57 -60
57 -60
57 -60
57 -60
57 -60
57 -60
57 -60
57 -60
57 -60
57 -60
57 -60
57 -60
57 -60
57 -60
57 -60
57 -60
57 -60
57 -60
57 -60
57 -60
57 -60
57 -60
57 -60
57 -60
57 -60
57 -60
57 -60
57 -60
57 -60
57 -60
56 -69
56 -69
56 -69
56 -69
56 -69
56 -69
56 -69
56 -69
56 -69
56 -69
56 -69
56 -69
56 -69
56 -69
56 -69
56 -69
56 -69
56 -69
56 -69
56 -69
56 -69
56 -69
56 -69
56 -69
56 -69
56 -69
56 -69
56 -69
56 -69
56 -69
56 -69
56 -69
56 -69
56 -69
56 -69
56 -69
56 -69
56 -69
56 -69
56 -69
56 -69
56 -69
56 -69
56 -69
56 -69
56 -69
56 -69
56 -69
56 -69
56 -69
56 -69
56 -69
52 -68
52 -68
53 -85
53 -85
53 -85
53 -85
53 -85
53 -85
53 -85
53 -85
53 -85
53 -85
53 -85
53 -85
53 -85
53 -85
53 -85
53 -85
53 -85
53 -85
53 -85
53 -85
53 -85
53 -85
53 -85
53 -85
53 -85
53 -85
53 -85
53 -85
53 -85
53 -85
53 -85
53 -85
53 -85
53 -85
53 -85
53 -85
53 -85
53 -85
53 -85
53 -85
53 -85
53 -85
53 -85
53 -85
55 -79
55 -79
55 -79
55 -79
55 -79
55 -79
55 -79
55 -79
55 -79
55 -79
55 -79
55 -79
55 -79
55 -79
55 -79
55 -79
55 -79
55 -79
55 -79
55 -79
55 -79
55 -79
55 -79
55 -79
55 -79
48 -78
48 -78
48 -78
48 -78
48 -78
48 -78
48 -78
48 -78
48 -78
48 -78
48 -78
48 -78
48 -78
48 -78
48 -78
48 -78
48 -78
48 -78
48 -78
48 -78
48 -78
48 -78
48 -78
48 -78
48 -78
48 -78
48 -78
48 -78
48 -78
48 -78
48 -78
48 -78
48 -78
48 -78
48 -78
48 -78
48 -78
48 -78
48 -78
48 -78
48 -78
48 -78
48 -78
48 -78
48 -78
48 -78
48 -78
48 -78
43 -93
43 -93
43 -93
43 -93
43 -93
43 -93
43 -93
43 -93
43 -93
43 -93
43 -93
43 -93
43 -93
43 -93
43 -93
43 -93
43 -93
43 -93
43 -93
43 -93
43 -93
43 -93
43 -93
43 -93
43 -93
43 -93
43 -93
43 -93
43 -93
43 -93
43 -93
43 -93
43 -93
43 -93
43 -93
43 -93
43 -93
43 -93
43 -93
43 -93
43 -93
43 -93
43 -93
43 -93
43 -93
43 -93
26 -89
26 -89
26 -89
26 -89
26 -89
26 -89
26 -89
26 -89
26 -89
26 -89
26 -89
26 -89
26 -89
26 -89
26 -89
26 -89
26 -89
26 -89
26 -89
26 -89
26 -89
26 -89
26 -89
26 -89
26 -89
26 -89
26 -89
26 -89
26 -89
26 -89
26 -89
26 -89
26 -89
26 -89
26 -89
26 -89
26 -89
26 -89
26 -89
26 -89
26 -89
26 -89
26 -89
26 -89
26 -89
26 -89
26 -89
16 -87
16 -87
16 -87
16 -87
16 -87
16 -87
16 -87
16 -87
16 -87
16 -87
16 -87
16 -87
16 -87
16 -87
16 -87
16 -87
16 -87
16 -87
16 -87
16 -87
16 -87
16 -87
16 -87
16 -87
16 -87
17 -76
17 -76
17 -76
17 -76
17 -76
17 -76
17 -76
17 -76
17 -76
17 -76
17 -76
17 -76
17 -76
17 -76
17 -76
17 -76
17 -76
17 -76
17 -76
17 -76
17 -76
17 -76
17 -76
17 -76
17 -76
17 -76
17 -76
17 -76
17 -76
17 -76
17 -76
17 -76
17 -76
17 -76
17 -76
17 -76
17 -76
17 -76
17 -76
17 -76
17 -76
17 -76
17 -76
17 -76
17 -76
17 -76
17 -76
17 -76
14 -85
14 -85
14 -85
14 -85
14 -85
14 -85
14 -85
14 -85
14 -85
14 -85
14 -85
14 -85
14 -85
14 -85
14 -85
14 -85
14 -85
14 -85
14 -85
14 -85
14 -85
9 -87
9 -87
9 -87
9 -87
9 -87
9 -87
9 -87
9 -87
9 -87
9 -87
9 -87
9 -87
9 -87
9 -87
9 -87
9 -87
9 -87
9 -87
9 -87
9 -87
9 -87
9 -87
9 -87
9 -87
9 -87
9 -87
9 -87
9 -87
9 -87
9 -87
9 -87
9 -87
9 -87
9 -87
9 -87
9 -87
9 -87
9 -87
9 -87
9 -87
9 -87
9 -87
9 -87
9 -87
9 -87
9 -87
9 -87
9 -87
9 -87
9 -87
9 -87
9 -87
9 -87
9 -87
9 -87
9 -87
9 -87
9 -87
9 -87
9 -87
9 -87
9 -87
9 -87
9 -87
9 -87
9 -87
9 -87
9 -87
9 -87
9 -87
9 -87
9 -87
9 -87
9 -87
9 -87
9 -87
9 -87
9 -87
9 -87
9 -87
9 -87
9 -87
9 -87
9 -87
9 -87
9 -87
9 -87
9 -87
9 -87
9 -87
9 -87
9 -87
9 -87
9 -87
9 -87
9 -87
9 -87
9 -87
9 -87
9 -87
9 -87
0 -81
0 -81
-3 -87
-3 -87
-3 -87
-3 -87
-3 -87
-3 -87
-3 -87
-3 -87
-3 -87
-3 -87
-3 -87
-3 -87
-3 -87
-3 -87
-3 -87
-3 -87
-3 -87
-3 -87
-3 -87
-3 -87
-3 -87
-4 -84
-4 -84
-4 -84
-4 -84
-4 -84
-4 -84
-4 -84
-4 -84
-4 -84
-4 -84
-4 -84
-4 -84
-4 -84
-4 -84
-4 -84
-4 -84
-4 -84
-4 -84
-4 -84
-4 -84
-4 -84
-4 -84
-4 -84
-4 -84
-4 -84
-4 -84
-4 -84
-4 -84
-4 -84
-4 -84
-4 -84
-4 -84
-4 -84
-4 -84
-4 -84
-4 -84
-4 -84
-4 -84
-4 -84
-4 -84
-4 -84
-4 -84
-4 -84
-4 -84
-4 -84
-4 -86
-4 -86
-4 -86
-4 -86
-4 -86
-4 -86
-4 -86
-4 -86
-4 -86
-4 -86
-4 -86
-4 -86
-4 -86
-4 -86
-4 -86
-4 -86
-4 -86
-4 -86
-4 -86
-4 -86
-4 -86
-4 -86
-4 -86
-4 -86
-4 -86
-4 -86
-4 -86
-4 -86
-4 -86
-4 -86
-4 -86
-4 -86
-4 -86
-4 -86
-4 -86
-4 -86
-4 -86
-4 -86
-4 -86
-4 -86
-4 -86
-4 -86
-4 -86
-4 -86
-4 -86
-4 -86
-4 -86
-5 -88
1 -87
1 -87
1 -87
1 -87
1 -87
1 -87
1 -87
1 -87
1 -87
1 -87
1 -87
1 -87
1 -87
1 -87
1 -87
1 -87
1 -87
1 -87
1 -87
1 -87
1 -87
1 -87
1 -87
1 -87
1 -87
1 -87
1 -87
1 -87
1 -87
1 -87
1 -87
1 -87
1 -87
1 -87
1 -87
1 -87
1 -87
1 -87
1 -87
1 -87
1 -87
1 -87
1 -87
1 -87
1 -87
-2 -92
-2 -92
-2 -92
-2 -92
-2 -92
-2 -92
-2 -92
-2 -92
-2 -92
-2 -92
-2 -92
-2 -92
-2 -92
-2 -92
-2 -92
-2 -92
-2 -92
-2 -92
-2 -92
-2 -92
-2 -92
-2 -92
-2 -92
-1 -89
-1 -89
-1 -89
-1 -89
-1 -89
-1 -89
-1 -89
-1 -89
-1 -89
-1 -89
-1 -89
-1 -89
-1 -89
-1 -89
-1 -89
-1 -89
-1 -89
-1 -89
-1 -89
-1 -89
-1 -89
-1 -89
-1 -89
-1 -89
-1 -89
-1 -89
-1 -89
-1 -89
-1 -89
-1 -89
-1 -89
-1 -89
-1 -89
-1 -89
-1 -89
-1 -89
-1 -89
-1 -89
-1 -89
-1 -89
-1 -89
-1 -89
-1 -89
-1 -89
-1 -89
-1 -89
-1 -89
-7 -90
-7 -90
-7 -90
-7 -90
-7 -90
-7 -90
-7 -90
-7 -90
-7 -90
-7 -90
-7 -90
-7 -90
-7 -90
-7 -90
-7 -90
-7 -90
-7 -90
-7 -90
-7 -90
-7 -90
-7 -90
-7 -90
-7 -90
-7 -90
-7 -90
-7 -90
-7 -90
-7 -90
-7 -90
-7 -90
-7 -90
-7 -90
-7 -90
-7 -90
-7 -90
-7 -90
-7 -90
-7 -90
-7 -90
-7 -90
-7 -90
-7 -90
-7 -90
-7 -90
-7 -90
-7 -90
-7 -90
-7 -90
-13 -91
-13 -91
-13 -91
-13 -91
-13 -91
-13 -91
-13 -91
-13 -91
-13 -91
-13 -91
-13 -91
-13 -91
-13 -91
-13 -91
-13 -91
-13 -91
-13 -91
-13 -91
-13 -91
-13 -91
-13 -91
-17 -88
-17 -88
-17 -88
-17 -88
-17 -88
-17 -88
-17 -88
-17 -88
-17 -88
-17 -88
-17 -88
-17 -88
-17 -88
-17 -88
-17 -88
-17 -88
-17 -88
-17 -88
-17 -88
-17 -88
-17 -88
-17 -88
-17 -88
-17 -88
-17 -88
-17 -88
-17 -88
-17 -88
-17 -88
-17 -88
-17 -88
-17 -88
-17 -88
-17 -88
-17 -88
-17 -88
-17 -88
-17 -88
-17 -88
-17 -88
-17 -88
-7 -90
-13 -87
-13 -87
-13 -87
-13 -87
-13 -87
-13 -87
-13 -87
-13 -87
-13 -87
-13 -87
-13 -87
-13 -87
-13 -87
-13 -87
-13 -87
-13 -87
-13 -87
-13 -87
-13 -87
-13 -87
-13 -87
-13 -87
-13 -87
-13 -87
-13 -87
-13 -87
-13 -87
-13 -87
-13 -87
-13 -87
-13 -87
-13 -87
-13 -87
-13 -87
-13 -87
-13 -87
-13 -87
-13 -87
-13 -87
-13 -87
-13 -87
-13 -87
-13 -87
-13 -87
-13 -87
-13 -87
-13 -87
-13 -87
-13 -87
-13 -87
-13 -87
-13 -87
-13 -87
-19 -85
-19 -85
-19 -85
-19 -85
-19 -85
-19 -85
-19 -85
-19 -85
-19 -85
-19 -85
-19 -85
-19 -85
-19 -85
-19 -85
-19 -85
-19 -85
-19 -85
-19 -85
-19 -85
-19 -85
-19 -85
-23 -81
-23 -81
-23 -81
-23 -81
-23 -81
-23 -81
-23 -81
-23 -81
-23 -81
-23 -81
-23 -81
-23 -81
-23 -81
-23 -81
-23 -81
-23 -81
-23 -81
-23 -81
-23 -81
-23 -81
-23 -81
-23 -81
-23 -81
-24 -81
-24 -81
-24 -81
-24 -81
-24 -81
-24 -81
-24 -81
-24 -81
-24 -81
-24 -81
-24 -81
-24 -81
-24 -81
-24 -81
-24 -81
-24 -81
-24 -81
-24 -81
-24 -81
-24 -81
-24 -81
-24 -81
-24 -81
-24 -81
-24 -81
-24 -81
-24 -81
-24 -81
-24 -81
-24 -81
-24 -81
-24 -81
-24 -81
-24 -81
-24 -81
-24 -81
-24 -81
-24 -81
-24 -81
-24 -81
-24 -81
-24 -81
-24 -81
-24 -81
-24 -81
-24 -81
-24 -81
-24 -81
-24 -81
-24 -81
-24 -81
-24 -81
-24 -81
-24 -81
-24 -81
-24 -81
-24 -81
-24 -81
-24 -81
-24 -81
-24 -81
-24 -81
-24 -81
-24 -81
-24 -81
-24 -81
-24 -81
-24 -81
-24 -81
-25 -76
-22 -73
-22 -73
-22 -73
-22 -73
-22 -73
-22 -73
-22 -73
-22 -73
-22 -73
-22 -73
-22 -73
-22 -73
-22 -73
-22 -73
-22 -73
-22 -73
-22 -73
-22 -73
-22 -73
-22 -73
-22 -73
-22 -73
-22 -73
-22 -73
-22 -73
-22 -73
-22 -73
-22 -73
-22 -73
-22 -73
-22 -73
-22 -73
-22 -73
-22 -73
-22 -73
-22 -73
-22 -73
-22 -73
-22 -73
-22 -73
-22 -73
-22 -73
-23 -64
-23 -64
-23 -64
-23 -64
-23 -64
-23 -64
-23 -64
-23 -64
-23 -64
-23 -64
-23 -64
-23 -64
-23 -64
-23 -64
-23 -64
-23 -64
-23 -64
-23 -64
-23 -64
-23 -64
-29 -65
-29 -65
-29 -65
-29 -65
-29 -65
-29 -65
-29 -65
-29 -65
-29 -65
-29 -65
-29 -65
-29 -65
-29 -65
-29 -65
-29 -65
-29 -65
-29 -65
-20 -61
-20 -61
-20 -61
-20 -61
-20 -61
-20 -61
-20 -61
-20 -61
-20 -61
-20 -61
-20 -61
-20 -61
-20 -61
-20 -61
-20 -61
-20 -61
-20 -61
-20 -61
-20 -61
-20 -61
-20 -61
-20 -61
-20 -61
-20 -61
-20 -61
-20 -61
-20 -61
-20 -61
-20 -61
-20 -61
-20 -61
-20 -61
-20 -61
-20 -58
-20 -58
-20 -58
-20 -58
-20 -58
-20 -58
-20 -58
-20 -58
-20 -58
-20 -58
-20 -58
-20 -58
-20 -58
-20 -58
-20 -58
-20 -58
-20 -58
-20 -58
-20 -58
-20 -58
-20 -58
-20 -58
-20 -58
-20 -58
-20 -58
-20 -58
-20 -58
-20 -58
-26 -53
-19 -44
-19 -44
-19 -44
-19 -44
-19 -44
-19 -44
-19 -44
-19 -44
-19 -44
-19 -44
-19 -44
-19 -44
-19 -44
-19 -44
-19 -44
-19 -44
-19 -44
-19 -44
-19 -44
-19 -44
-19 -44
-19 -44
-19 -44
-19 -44
-19 -44
-19 -44
-19 -44
-19 -44
-19 -44
-19 -44
-19 -44
-19 -44
-21 -43
-21 -43
-21 -43
-21 -43
-21 -43
-21 -43
-21 -43
-21 -43
-21 -43
-21 -43
-21 -43
-21 -43
-21 -43
-21 -43
-21 -43
-21 -43
-21 -43
-21 -43
-21 -43
-21 -43
-21 -43
-21 -43
-21 -43
-21 -43
-21 -43
-21 -43
-21 -43
-21 -43
-21 -43
-21 -43
-21 -43
-21 -43
-21 -43
-21 -43
-21 -40
-21 -40
-21 -40
-21 -40
-21 -40
-21 -40
-21 -40
-21 -40
-21 -40
-21 -40
-21 -40
-21 -40
-21 -40
-21 -40
-21 -40
-21 -40
-21 -40
-20 -39
-20 -39
-20 -39
-20 -39
-20 -39
-20 -39
-20 -39
-20 -39
-20 -39
-20 -39
-20 -39
-20 -39
-20 -39
-20 -39
-20 -39
-20 -39
-20 -39
-17 -31
-17 -31
-17 -31
-17 -31
-17 -31
-17 -31
-17 -31
-17 -31
-17 -31
-17 -31
-17 -31
-17 -31
-17 -31
-17 -31
-17 -31
-17 -31
-17 -31
-17 -31
-17 -31
-17 -31
-17 -31
-17 -31
-17 -31
-17 -31
-17 -31
-17 -31
-17 -31
-17 -31
-17 -31
-17 -31
-17 -31
-17 -31
-17 -31
-17 -31
-17 -31
-17 -31
-17 -31
-17 -31
-17 -31
-17 -31
-17 -31
-17 -31
-17 -31
-17 -31
-17 -31
-17 -31
-17 -31
-17 -31
-17 -31
-17 -31
-17 -31
-17 -31
-17 -31
-17 -31
-17 -31
-17 -31
-17 -31
-17 -31
-17 -31
-17 -31
-17 -31
-17 -31
-17 -31
-17 -31
-17 -31
-17 -31
-17 -31
-23 -39
-23 -39
-23 -32
-23 -32
-23 -32
-23 -32
-23 -32
-23 -32
-23 -32
-23 -32
-23 -32
-23 -32
-23 -32
-23 -32
-23 -32
-23 -32
-23 -32
-23 -32
-23 -32
-23 -32
-23 -32
-23 -32
-23 -32
-23 -32
-23 -32
-23 -32
-23 -32
-23 -32
-23 -32
-23 -32
-23 -32
-23 -32
-23 -32
-23 -32
-23 -32
-22 -30
-22 -30
-22 -30
-22 -30
-22 -30
-22 -30
-22 -30
-22 -30
-22 -30
-22 -30
-22 -30
-22 -30
-22 -30
-22 -30
-22 -30
-22 -30
-22 -30
-27 -30
-27 -30
-27 -30
-27 -30
-27 -30
-27 -30
-27 -30
-27 -30
-27 -30
-27 -30
-27 -30
-27 -30
-27 -30
-27 -30
-27 -30
-27 -30
-27 -30
-27 -30
-27 -30
-27 -30
-27 -30
-27 -30
-27 -30
-27 -30
-27 -30
-27 -30
-27 -30
-27 -30
-27 -30
-27 -30
-27 -30
-27 -30
-27 -30
-27 -30
-27 -30
-27 -30
-25 -28
-25 -28
-25 -28
-25 -28
-25 -28
-25 -28
-25 -28
-25 -28
-25 -28
-25 -28
-25 -28
-25 -28
-25 -28
-25 -28
-25 -28
-25 -28
-25 -28
-25 -28
-25 -28
-25 -28
-25 -28
-25 -28
-25 -28
-25 -28
-25 -28
-25 -28
-25 -28
-25 -28
-25 -28
-25 -28
-25 -28
-25 -28
-27 -29
-37 -23
-37 -23
-37 -23
-37 -23
-37 -23
-37 -23
-37 -23
-37 -23
-37 -23
-37 -23
-37 -23
-37 -23
-37 -23
-37 -23
-37 -23
-37 -23
-37 -23
-37 -23
-37 -23
-37 -23
-37 -23
-37 -23
-37 -23
-37 -23
-37 -23
-37 -23
-37 -23
-37 -23
-37 -23
-37 -23
-37 -23
-37 -23
-38 -23
-38 -23
-38 -23
-38 -23
-38 -23
-38 -23
-38 -23
-38 -23
-38 -23
-38 -23
-38 -23
-38 -23
-38 -23
-38 -23
-38 -23
-38 -23
-38 -23
-38 -23
-38 -23
-38 -23
-38 -23
-38 -23
-38 -23
-38 -23
-38 -23
-38 -23
-38 -23
-38 -23
-38 -23
-38 -23
-42 -19
-44 -13
-44 -13
-44 -13
-44 -13
-44 -13
-44 -13
-44 -13
-44 -13
-44 -13
-44 -13
-44 -13
-44 -13
-44 -13
-44 -13
-44 -13
-44 -13
-44 -13
-44 -13
-44 -13
-44 -13
-44 -13
-44 -13
-44 -13
-44 -13
-44 -13
-44 -13
-44 -13
-44 -13
-44 -13
-44 -13
-44 -13
-44 -13
-41 -14
-41 -14
-41 -14
-41 -14
-41 -14
-41 -14
-41 -14
-41 -14
-41 -14
-41 -14
-41 -14
-41 -14
-41 -14
-41 -14
-41 -14
-41 -14
-41 -14
-41 -14
-41 -14
-41 -14
-41 -14
-41 -14
-41 -14
-41 -14
-41 -14
-41 -14
-41 -14
-41 -14
-41 -14
-41 -14
-41 -14
-41 -14
-41 -14
-41 -14
-41 -14
-41 -14
-41 -14
-45 -14
-45 -14
-45 -14
-45 -14
-45 -14
-45 -14
-45 -14
-45 -14
-45 -14
-45 -14
-45 -14
-45 -14
-45 -14
-45 -14
-45 -14
-45 -14
-45 -14
-51 -11
-51 -11
-51 -11
-51 -11
-51 -11
-51 -11
-51 -11
-51 -11
-51 -11
-51 -11
-51 -11
-51 -11
-51 -11
-51 -11
-51 -11
-51 -11
-51 -11
-46 -13
-46 -13
-46 -13
-46 -13
-46 -13
-46 -13
-46 -13
-46 -13
-46 -13
-46 -13
-46 -13
-46 -13
-46 -13
-46 -13
-46 -13
-46 -13
-49 -9
-49 -9
-49 -9
-49 -9
-49 -9
-49 -9
-49 -9
-49 -9
-49 -9
-49 -9
-49 -9
-49 -9
-49 -9
-49 -9
-49 -9
-49 -9
-49 -9
-49 -9
-49 -9
-49 -9
-49 -9
-49 -9
-49 -9
-49 -9
-49 -9
-49 -9
-49 -9
-49 -9
-49 -9
-49 -9
-49 -9
-49 -9
-49 -9
-49 -9
-56 -10
-56 -10
-56 -10
-56 -10
-56 -10
-56 -10
-56 -10
-56 -10
-56 -10
-56 -10
-56 -10
-56 -10
-56 -10
-56 -10
-56 -10
-56 -10
-56 -10
-56 -10
-56 -10
-56 -10
-56 -10
-56 -10
-56 -10
-56 -10
-56 -10
-56 -10
-56 -10
-56 -10
-56 -10
-56 -10
-56 -10
-56 -10
-64 -11
-64 -11
-64 -11
-64 -11
-64 -11
-64 -11
-64 -11
-64 -11
-64 -11
-64 -11
-64 -11
-64 -11
-64 -11
-64 -11
-64 -11
-64 -11
-64 -11
-64 -11
-64 -11
-64 -11
-64 -11
-64 -11
-64 -11
-64 -11
-64 -11
-64 -11
-64 -11
-64 -11
-64 -11
-64 -11
-64 -11
-64 -11
-64 -11
-64 -11
-69 -9
-68 -5
-68 -5
-68 -5
-68 -5
-68 -5
-68 -5
-68 -5
-68 -5
-68 -5
-68 -5
-68 -5
-68 -5
-68 -5
-68 -5
-68 -5
-68 -5
-68 -5
-68 -7
-68 -7
-68 -7
-68 -7
-68 -7
-68 -7
-68 -7
-68 -7
-68 -7
-68 -7
-68 -7
-68 -7
-68 -7
-68 -7
-68 -7
-68 -7
-68 -7
-68 -7
-68 -7
-68 -7
-68 -7
-68 -7
-68 -7
-68 -7
-68 -7
-68 -7
-68 -7
-68 -7
-68 -7
-68 -7
-68 -7
-68 -7
-68 -7
-68 -7
-68 -7
-68 -7
-68 -7
-68 -7
-68 -7
-68 -7
-68 -7
-68 -7
-68 -7
-68 -7
-68 -7
-68 -7
-68 -7
-69 -2
-64 -3
-64 -3
-64 -3
-64 -3
-64 -3
-64 -3
-64 -3
-64 -3
-64 -3
-64 -3
-64 -3
-64 -3
-64 -3
-64 -3
-64 -3
-64 -3
-64 -3
-64 -3
-64 -3
-64 -3
-64 -3
-64 -3
-64 -3
-64 -3
-64 -3
-64 -3
-64 -3
-64 -3
-64 -3
-64 -3
-64 -3
-64 -3
-64 -3
-64 -3
-78 0
-78 0
-78 0
-78 0
-78 0
-78 0
-78 0
-78 0
-78 0
-78 0
-78 0
-78 0
-78 0
-78 0
-78 0
-78 0
-78 0
-78 0
-78 0
-78 0
-78 0
-78 0
-78 0
-78 0
-78 0
-78 0
-78 0
-78 0
-78 0
-78 0
-78 0
-78 0
-78 0
-78 0
-78 0
-78 0
-78 0
-78 0
-78 0
-78 0
-78 0
-78 0
-78 0
-78 0
-78 0
-78 0
-78 0
-78 0
-78 0
-78 0
-78 0
-78 0
-76 9
-80 2
-85 8
-85 8
-85 8
-85 8
-85 8
-85 8
-85 8
-85 8
-85 8
-85 8
-85 8
-85 8
-85 8
-85 8
-85 8
-85 8
-85 8
-85 8
-85 8
-85 8
-85 8
-85 8
-85 8
-85 8
-85 8
-85 8
-85 8
-85 8
-85 8
-85 8
-85 8
-85 8
-82 12
-82 12
-82 12
-82 12
-82 12
-82 12
-82 12
-82 12
-82 12
-82 12
-82 12
-82 12
-82 12
-82 12
-82 12
-82 12
-82 12
-82 12
-83 15
-83 15
-83 15
-83 15
-83 15
-83 15
-83 15
-83 15
-83 15
-83 15
-83 15
-83 15
-83 15
-83 15
-83 15
-83 15
-83 15
-83 15
-83 15
-83 15
-83 15
-83 15
-83 15
-83 15
-83 15
-83 15
-83 15
-83 15
-83 15
-83 15
-83 15
-83 15
-83 15
-83 15
-83 15
-83 15
-83 15
-83 15
-83 15
-83 15
-83 15
-83 15
-83 15
-83 15
-83 15
-83 15
-83 15
-83 15
-83 15
-83 15
-86 24
-86 24
-86 24
-86 24
-86 24
-86 24
-86 24
-86 24
-86 24
-86 24
-86 24
-86 24
-86 24
-86 24
-86 24
-86 24
-86 24
-86 24
-76 26
-76 26
-76 26
-76 26
-76 26
-76 26
-76 26
-76 26
-76 26
-76 26
-76 26
-76 26
-76 26
-76 26
-76 26
-76 26
-76 26
-76 26
-78 30
-78 30
-78 30
-78 30
-78 30
-78 30
-78 30
-78 30
-78 30
-78 30
-78 30
-78 30
-78 30
-78 30
-78 30
-78 30
-78 30
-78 30
-78 30
-77 29
-77 29
-77 29
-77 29
-77 29
-77 29
-77 29
-77 29
-77 29
-77 29
-77 29
-77 29
-77 29
-77 29
-77 29
-77 29
-77 29
-66 36
-66 36
-66 36
-66 36
-66 36
-66 36
-66 36
-66 36
-66 36
-66 36
-66 36
-66 36
-66 36
-66 36
-66 36
-66 36
-66 36
-66 36
-66 36
-66 36
-66 36
-66 36
-66 36
-66 36
-66 36
-66 36
-66 36
-66 36
-66 36
-66 36
-66 36
-66 36
-66 36
-66 36
-62 42
-62 42
-62 42
-62 42
-62 42
-62 42
-62 42
-62 42
-62 42
-62 42
-62 42
-62 42
-62 42
-62 42
-62 42
-62 42
-62 42
-62 42
-62 42
-62 42
-62 42
-62 42
-62 42
-62 42
-62 42
-62 42
-62 42
-62 42
-62 42
-62 42
-62 42
-56 50
-56 50
-56 50
-56 50
-56 50
-56 50
-56 50
-56 50
-56 50
-56 50
-56 50
-56 50
-56 50
-56 50
-56 50
-56 50
-56 50
-56 50
-56 50
-56 50
-56 50
-56 50
-56 50
-56 50
-56 50
-56 50
-56 50
-56 50
-56 50
-56 50
-56 50
-56 50
-56 50
-56 50
-56 50
-60 59
-60 59
-60 59
-60 59
-60 59
-60 59
-60 59
-60 59
-60 59
-60 59
-60 59
-60 59
-60 59
-60 59
-60 59
-60 59
-60 59
-55 63
-55 63
-55 63
-55 63
-55 63
-55 63
-55 63
-55 63
-55 63
-55 63
-55 63
-55 63
-55 63
-55 63
-55 63
-55 63
-55 63
-55 63
-55 63
-55 63
-55 63
-55 63
-55 63
-55 63
-55 63
-55 63
-55 63
-55 63
-55 63
-55 63
-55 63
-55 63
-55 63
-55 63
-55 63
-55 63
-55 63
-55 63
-50 64
-50 64
-50 64
-50 64
-50 64
-50 64
-50 64
-50 64
-50 64
-50 64
-50 64
-50 64
-50 64
-50 64
-50 64
-50 64
-50 64
-50 64
-50 64
-49 70
-49 70
-49 70
-49 70
-49 70
-49 70
-49 70
-49 70
-49 70
-49 70
-49 70
-49 70
-49 70
-49 70
-49 70
-49 70
-49 70
-49 70
-49 70
-49 70
-49 70
-49 70
-49 70
-49 70
-49 70
-49 70
-49 70
-49 70
-49 70
-49 70
-49 70
-49 70
-49 70
-49 70
-49 70
-49 71
-49 71
-49 71
-49 71
-49 71
-49 71
-49 71
-49 71
-49 71
-49 71
-49 71
-49 71
-49 71
-49 71
-49 71
-49 71
-49 71
-36 65
-36 65
-36 65
-36 65
-36 65
-36 65
-36 65
-36 65
-36 65
-36 65
-36 65
-36 65
-36 65
-36 65
-36 65
-36 65
-36 65
-31 79
-31 79
-31 79
-31 79
-31 79
-31 79
-31 79
-31 79
-31 79
-31 79
-31 79
-31 79
-31 79
-31 79
-31 79
-31 79
-31 79
-31 79
-31 79
-31 79
-31 79
-31 79
-31 79
-31 79
-31 79
-31 79
-31 79
-31 79
-31 79
-31 79
-31 79
-31 79
-31 79
-31 79
-32 80
-32 80
-32 80
-32 80
-32 80
-32 80
-32 80
-32 80
-32 80
-32 80
-32 80
-32 80
-32 80
-32 80
-32 80
-32 80
-32 80
-32 80
-32 80
-23 76
-23 76
-23 76
-23 76
-23 76
-23 76
-23 76
-23 76
-23 76
-23 76
-23 76
-23 76
-23 76
-23 76
-23 76
-23 76
-23 76
-23 76
-23 76
-23 76
-23 76
-23 76
-23 76
-23 76
-23 76
-23 76
-23 76
-23 76
-23 76
-23 76
-23 76
-23 76
-23 76
-23 76
-23 76
-23 76
-23 76
-29 85
-29 85
-29 85
-29 85
-29 85
-29 85
-29 85
-29 85
-29 85
-29 85
-29 85
-29 85
-29 85
-29 85
-29 85
-29 85
-29 85
-29 85
-29 85
-29 85
-29 85
-29 85
-29 85
-29 85
-29 85
-29 85
-29 85
-29 85
-29 85
-29 85
-29 85
-29 85
-29 85
-29 85
-22 80
-22 80
-22 80
-22 80
-22 80
-22 80
-22 80
-22 80
-22 80
-22 80
-22 80
-22 80
-22 80
-22 80
-22 80
-13 85
-13 85
-13 85
-13 85
-13 85
-13 85
-13 85
-13 85
-13 85
-13 85
-13 85
-13 85
-13 85
-13 85
-13 85
-13 85
-13 85
-13 85
-13 85
-13 85
-13 85
-13 85
-13 85
-13 85
-13 85
-13 85
-13 85
-13 85
-13 85
-13 85
-13 85
-13 85
-13 85
-13 85
-13 85
-17 82
-17 82
-17 82
-17 82
-17 82
-17 82
-17 82
-17 82
-17 82
-17 82
-17 82
-17 82
-17 82
-17 82
-17 82
-17 82
-16 82
-16 82
-16 82
-16 82
-16 82
-16 82
-16 82
-16 82
-16 82
-16 82
-16 82
-16 82
-16 82
-16 82
-16 82
-16 82
-16 82
-16 82
-16 82
-16 82
-16 82
-16 82
-16 82
-16 82
-16 82
-16 82
-16 82
-16 82
-16 82
-16 82
-16 82
-16 82
-16 82
-16 82
-16 82
-16 82
-11 82
-11 82
-11 82
-11 82
-11 82
-11 82
-11 82
-11 82
-11 82
-11 82
-11 82
-11 82
-11 82
-11 82
-11 82
-11 82
-11 82
-11 82
-11 82
-11 82
-11 82
-11 82
-11 82
-11 82
-11 82
-11 82
-11 82
-11 82
-11 82
-11 82
-11 82
-11 82
-11 82
-11 82
-11 82
-11 82
-11 82
-11 82
-11 82
-11 82
-11 82
-11 82
-11 82
-11 82
-11 82
-11 82
-11 82
-11 82
-11 82
-11 82
-7 75
-7 75
-7 75
-7 75
-7 75
-7 75
-7 75
-7 75
-7 75
-7 75
-7 75
-7 75
-7 75
-7 75
-7 75
-7 75
-11 74
-8 63
-8 63
-8 63
-8 63
-8 63
-8 63
-8 63
-8 63
-8 63
-8 63
-8 63
-8 63
-8 63
-8 63
-8 63
-11 64
-11 64
-11 64
-11 64
-11 64
-11 64
-11 64
-11 64
-11 64
-11 64
-11 64
-11 64
-11 64
-11 64
-11 64
-11 64
-11 64
-11 64
-11 64
-11 64
-11 64
-11 64
-11 64
-11 64
-11 64
-11 64
-11 64
-11 64
-11 64
-11 64
-11 64
-11 64
-10 56
-10 56
-10 56
-10 56
-10 56
-10 56
-10 56
-10 56
-10 56
-10 56
-10 56
-10 56
-10 56
-10 56
-10 56
-10 56
-10 56
-10 56
-10 56
-10 56
-10 56
-10 56
-10 56
-10 56
-10 56
-10 56
-10 56
-10 56
-10 56
-10 56
-10 56
-10 56
-8 55
-8 55
-8 55
-8 55
-8 55
-8 55
-8 55
-8 55
-8 55
-8 55
-8 55
-8 55
-8 55
-8 55
-8 55
-4 50
-4 50
-4 50
-4 50
-4 50
-4 50
-4 50
-4 50
-4 50
-4 50
-4 50
-4 50
-4 50
-4 50
-4 50
-4 38
-4 38
-4 38
-4 38
-4 38
-4 38
-4 38
-4 38
-4 38
-4 38
-4 38
-4 38
-4 38
-4 38
-4 38
-4 38
-6 35
-6 35
-6 35
-6 35
-6 35
-6 35
-6 35
-6 35
-6 35
-6 35
-6 35
-6 35
-6 35
-6 35
-6 35
-6 35
-6 35
-6 35
-6 35
-6 35
-6 35
-6 35
-6 35
-6 35
-6 35
-6 35
-6 35
-6 35
-6 35
-6 35
-6 35
-6 35
-6 35
-6 35
-6 35
-6 35
-6 35
-6 35
-6 35
-6 35
-6 35
-6 35
-6 35
-6 35
-6 35
-3 26
-3 26
-3 26
-3 26
-3 26
-3 26
-3 26
-3 26
-3 26
-3 26
-3 26
-3 26
-3 26
-3 26
-3 26
-3 26
-3 26
-3 26
-3 26
-3 26
-3 26
-3 26
-3 26
-3 26
-3 26
-3 26
-3 26
-3 26
-3 26
-3 26
-3 26
-2 21
1 8
1 8
1 8
1 8
1 8
1 8
1 8
1 8
1 8
1 8
1 8
1 8
1 8
1 8
1 8
0 7
0 7
0 7
0 7
0 7
0 7
0 7
0 7
0 7
0 7
0 7
0 7
0 7
0 7
0 7
0 7
0 7
0 3
0 3
0 3
0 3
0 3
0 3
0 3
0 3
0 3
0 3
0 3
0 3
0 3
0 3
0 3
0 3
0 3
0 3
0 3
0 3
0 3
0 3
0 3
0 3
0 3
0 3
0 3
0 3
0 3
0 3
0 3
0 1
0 1
0 1
0 1
0 1
0 1
0 1
0 1
0 1
0 1
0 1
0 1
0 1
0 1
0 1
0 1
0 1
0 1
0 1
0 1
0 1
0 1
0 1
0 1
0 1
0 1
0 1
0 1
0 1
0 1
0 1
0 1
0 1
0 1
0 1
0 1
0 1
0 1
0 1
0 1
0 1
0 1
0 1
0 1
0 1
0 1
0 1
0 1
0 1
1 0
1 0
1 0
1 0
1 0
1 0
1 0
1 0
1 0
1 0
1 0
1 0
1 0
1 0
1 0
1 0
1 0
1 0
1 0
1 0
1 0
1 0
1 0
1 0
1 0
1 0
1 0
1 0
1 0
1 0
1 0
1 0
1 0
1 0
1 0
0 1
0 1
0 1
0 1
0 1
0 1
0 1
0 1
0 1
0 1
0 1
3 0
3 0
3 0
3 0
3 0
3 0
3 0
3 0
3 0
3 0
3 0
3 0
3 0
3 0
3 0
3 0
3 0
3 0
3 0
3 0
3 0
3 0
3 0
3 0
3 0
3 0
3 0
3 0
3 0
3 0
3 0
3 0
3 0
3 0
3 0
3 0
3 0
3 0
3 0
3 0
3 0
3 0
3 0
3 0
3 0
3 0
3 0
3 0
3 0
3 0
3 0
3 0
3 0
3 0
3 0
3 0
3 0
3 0
3 0
3 0
3 0
3 0
3 0
3 0
3 0
3 0
3 0
3 0
3 0
3 0
3 0
3 0
3 0
3 0
3 0
3 0
3 0
3 0
3 0
3 0
3 0
3 0
3 0
3 0
3 0
3 0
3 0
3 0
3 0
3 0
3 0
3 0
3 0
3 0
3 0
3 0
3 0
3 0
3 0
3 0
3 0
3 0
-2 4
-2 4
-2 4
-2 4
-2 4
-2 4
-2 4
-2 4
-2 4
-2 4
-2 4
-2 4
-2 4
-2 4
-2 4
-2 4
-2 4
0 4
0 4
0 4
0 4
0 4
0 4
0 4
0 4
0 4
0 4
0 4
0 4
0 4
0 4
0 4
0 4
0 4
0 4
0 4
0 4
0 4
0 4
0 4
0 4
0 4
0 4
0 4
0 4
0 4
0 4
0 4
0 4
0 4
0 2
0 2
0 2
0 2
0 2
0 2
0 2
0 2
0 2
0 2
0 2
0 2
0 2
0 2
0 2
0 2
0 2
0 2
0 2
0 2
0 2
0 2
0 2
0 2
0 2
0 2
0 2
0 2
0 2
0 2
0 2
0 2
0 2
0 2
0 2
0 2
0 2
0 2
0 2
0 2
0 2
0 2
0 2
0 2
0 2
0 2
0 2
0 2
0 2
0 2
0 2
0 2
0 2
0 2
0 2
0 2
0 2
0 2
0 2
0 2
0 2
0 2
0 2
0 2
0 2
0 2
0 2
0 2
0 2
0 2
0 2
0 2
0 2
0 2
0 2
0 2
0 2
0 2
0 2
0 2
0 2
0 2
0 2
0 2
0 2
0 2
0 2
0 2
0 2
0 2
0 2
0 2
0 2
0 2
0 2
0 2
0 2
0 2
0 2
0 2
0 2
0 2
0 2
0 2
0 2
0 2
0 2
0 2
0 2
0 2
0 2
0 2
0 2
0 2
0 2
0 2
0 2
0 2
0 2
0 2
0 2
0 2
0 2
0 2
0 2
0 2
0 2
0 2
0 2
0 2
0 2
0 2
0 2
0 2
0 2
0 2
0 2
0 2
0 2
0 2
0 2
0 2
0 2
0 2
0 2
0 2
0 2
0 2
0 2
0 2
0 2
0 2
0 2
0 2
0 2
0 2
0 2
0 2
0 2
0 2
0 2
0 2
0 2
0 2
0 2
0 2
0 2
0 2
0 2
0 2
0 2
0 2
0 2
0 2
0 2
0 2
0 2
0 2
0 2
0 2
0 2
0 2
0 2
0 2
0 2
0 2
0 2
0 2
0 2
0 2
0 2
0 2
0 2
0 2
0 2
0 2
0 2
0 2
0 2
0 2
0 2
0 2
0 2
0 2
0 2
0 2
0 2
0 2
0 2
0 2
0 2
0 2
0 2
0 2
0 2
0 2
0 2
0 2
0 2
0 2
0 2
0 2
0 2
0 2
0 2
0 2
0 2
0 2
0 2
0 2
0 2
0 2
0 2
0 2
0 2
0 2
0 2
0 2
0 2
0 2
0 2
0 2
0 2
0 2
0 2
0 2
0 2
0 2
0 2
0 2
0 2
0 2
0 2
0 2
0 2
0 2
0 2
0 2
0 2
0 2
0 2
0 2
0 2
0 2
0 2
0 2
0 2
0 2
0 2
0 2
0 2
0 2
0 2
0 2
0 2
0 2
0 2
0 2
0 2
0 2
0 2
0 2
0 2
0 2
0 2
0 2
0 2
0 2
0 2
0 2
0 2
0 2
0 2
0 2
0 2
0 2
0 2
0 2
0 2
0 2
0 2
0 2
0 2
0 2
0 2
0 2
0 2
0 2
0 2
0 2
0 2
0 2
0 2
0 2
0 2
0 2
0 2
0 2
0 2
0 2
0 2
0 2
0 2
0 2
0 2
0 2
0 2
0 2
0 2
0 2
0 2
0 2
0 2
0 2
0 2
0 2
0 2
0 2
0 2
0 2
0 2
0 2
0 2
0 2
0 2
0 2
0 2
0 2
0 2
0 2
0 2
0 2
0 2
0 2
0 2
0 2
0 2
0 2
0 2
0 2
0 2
0 2
0 2
0 2
0 2
0 2
0 2
0 2
0 2
0 2
0 2
0 2
0 2
0 2
0 2
0 2
0 2
0 2
0 2
0 2
0 2
0 2
0 2
0 2
0 2
0 2
0 2
0 2
0 2
0 2
0 2
0 2
0 2
0 2
0 2
0 2
0 2
0 2
0 2
0 2
0 2
0 2
0 2
0 2
0 2
0 2
0 2
0 2
0 2
0 2
0 2
0 2
0 2
0 2
0 2
0 2
0 2
0 2
0 2
0 2
0 2
0 2
0 2
0 2
0 2
0 2
0 2
0 2
0 2
0 2
0 2
0 2
0 2
0 2
0 2
0 2
0 2
0 2
0 2
0 2
0 2
0 2
0 2
0 2
0 2
0 2
0 2
0 2
0 2
0 2
0 2
0 2
0 2
0 2
0 2
0 2
0 2
0 2
0 2
0 2
0 2
0 2
0 2
0 2
0 2
0 2
0 2
0 2
0 2
0 2
0 2
0 2
0 2
0 2
0 2
0 2
0 2
0 2
0 2
0 2
0 2
0 2
0 2
0 2
0 2
0 2
0 2
0 2
0 2
0 2
0 2
0 2
0 2
0 2
0 2
0 2
0 2
0 2
0 2
0 2
0 2
0 2
0 2
0 2
0 2
0 2
0 2
0 2
0 2
0 2
0 2
0 2
0 2
0 2
0 2
0 2
0 2
0 2
0 2
0 2
0 2
0 2
0 2
0 2
0 2
0 2
0 2
0 2
0 2
0 2
0 2
0 2
0 2
0 2
0 2
0 2
0 2
0 2
0 2
0 2
0 2
0 2
0 2
0 2
0 2
0 2
0 2
0 2
0 2
0 2
0 2
0 2
0 2
0 2
0 2
0 2
0 2
0 2
0 2
0 2
0 2
0 2
0 2
0 2
0 2
0 2
0 2
0 2
0 2
0 2
0 2
0 2
0 2
0 2
0 2
0 2
0 2
0 2
0 2
0 2
0 2
0 2
0 2
0 2
0 2
0 2
0 2
0 2
0 2
0 2
0 2
0 2
0 2
0 2
0 2
0 2
0 2
0 2
0 2
0 2
0 2
0 2
0 2
0 2
0 2
0 2
0 2
0 2
0 2
0 2
0 2
0 2
0 2
0 2
0 2
0 2
0 2
0 2
0 2
0 2
0 2
0 2
0 2
0 2
0 2
0 2
0 2
0 2
0 2
0 2
0 2
0 2
0 2
0 2
0 2
0 2
0 2
0 2
0 2
0 2
0 2
0 2
0 2
0 2
0 2
0 2
0 2
0 2
0 2
0 2
0 2
0 2
0 2
0 2
0 2
0 2
0 2
0 2
0 2
0 2
0 2
0 2
0 2
0 2
0 2
0 2
0 2
0 2
0 2
0 2
0 2
0 2
0 2
0 2
0 2
0 2
0 2
0 2
0 2
0 2
0 2
0 2
0 2
0 2
0 2
0 2
0 2
0 2
0 2
0 2
0 2
0 2
0 2
0 2
0 2
0 2
0 2
0 2
0 2
0 2
0 2
0 2
0 2
0 2
0 2
0 2
0 2
0 2
0 2
0 2
0 2
0 2
0 2
0 2
0 2
0 2
0 2
0 2
0 2
0 2
0 2
0 2
0 2
0 2
0 2
0 2
0 2
0 2
0 2
0 2
0 2
0 2
0 2
0 2
0 2
0 2
0 2
0 2
0 2
0 2
0 2
0 2
0 2
0 2
0 2
0 2
0 2
0 2
0 2
0 2
0 2
0 2
0 2
0 2
0 2
0 2
0 2
0 2
0 2
0 2
0 2
0 2
0 2
0 2
0 2
0 2
0 2
0 2
0 2
0 2
0 2
0 2
0 2
0 2
0 2
0 2
0 2
0 2
0 2
0 2
0 2
0 2
0 2
0 2
0 2
0 2
0 2
0 2
0 2
0 2
0 2
0 2
0 2
0 2
0 2
0 2
0 2
0 2
0 2
0 2
0 2
0 2
0 2
0 2
0 2
0 2
0 2
0 2
0 2
0 2
0 2
0 2
0 2
0 2
0 2
0 2
0 2
0 2
0 2
0 2
0 2
0 2
0 2
0 2
0 2
0 2
0 2
0 2
0 2
0 2
0 2
0 2
0 2
0 2
0 2
0 2
0 2
0 2
0 2
0 2
0 2
0 2
0 2
0 2
0 2
0 2
0 2
0 2
0 2
0 2
0 2
0 2
0 2
0 2
0 2
0 2
0 2
0 2
0 2
0 2
0 2
0 2
0 2
0 2
0 2
0 2
0 2
0 2
0 2
0 2
0 2
0 2
0 2
0 2
0 2
0 2
0 2
0 2
0 2
0 2
0 2
0 2
0 2
0 2
0 2
0 2
0 2
0 2
0 2
0 2
0 2
0 2
0 2
0 2
0 2
0 2
0 2
0 2
0 2
0 2
0 2
0 2
0 2
0 2
0 2
0 2
0 2
0 2
0 2
0 2
0 2
0 2
0 2
0 2
0 2
0 2
0 2
0 2
0 2
0 2
0 2
0 2
0 2
0 2
0 2
0 2
0 2
0 2
0 2
0 2
0 2
0 2
0 2
0 2
0 2
0 2
0 2
0 2
0 2
0 2
0 2
0 2
0 2
0 2
0 2
0 2
0 2
0 2
0 2
0 2
0 2
0 2
0 2
0 2
0 2
0 2
0 2
0 2
0 2
0 2
0 2
0 2
0 2
0 2
0 2
0 2
0 2
0 2
0 2
0 2
0 2
0 2
0 2
0 2
0 2
0 2
0 2
0 2
0 2
0 2
0 2
0 2
0 2
0 2
0 2
0 2
0 2
0 2
0 2
0 2
0 2
0 2
0 2
0 2
0 2
0 2
0 2
0 2
0 2
0 2
0 2
0 2
0 2
0 2
0 2
0 2
0 2
0 2
0 2
0 2
0 2
0 2
0 2
0 2
0 2
0 2
0 2
0 2
0 2
0 2
0 2
0 2
0 2
0 2
0 2
0 2
0 2
0 2
0 2
0 2
0 2
0 2
0 2
0 2
0 2
0 2
0 2
0 2
0 2
0 2
0 2
0 2
0 2
0 2
0 2
0 2
0 2
0 2
0 2
0 2
0 2
0 2
0 2
0 2
0 2
0 2
0 2
0 2
0 2
0 2
0 2
0 2
0 2
0 2
0 2
0 2
0 2
0 2
0 2
0 2
0 2
0 2
0 2
0 2
0 2
0 2
0 2
0 2
0 2
0 2
0 2
0 2
0 2
0 2
0 2
0 2
0 2
0 2
0 2
0 2
0 2
0 2
0 2
0 2
0 2
0 2
0 2
0 2
0 2
0 2
0 2
0 2
0 2
0 2
0 2
0 2
0 2
0 2
0 2
0 2
0 2
0 2
0 2
0 2
0 2
0 2
0 2
0 2
0 2
0 2
0 2
0 2
0 2
0 2
0 2
0 2
0 2
0 2
0 2
0 2
0 2
0 2
0 2
0 2
0 2
0 2
0 2
0 2
0 2
0 2
0 2
0 2
0 2
0 2
0 2
0 2
0 2
0 2
0 2
0 2
0 2
0 2
0 2
0 2
0 2
0 2
0 2
0 2
0 2
0 2
0 2
0 2
0 2
0 2
0 2
0 2
0 2
0 2
0 2
0 2
0 2
0 2
0 2
0 2
0 2
0 2
0 2
0 2
0 2
0 2
0 2
0 2
0 2
0 2
0 2
0 2
0 2
0 2
0 2
0 2
0 2
0 2
0 2
0 2
0 2
0 2
0 2
0 2
0 2
0 2
0 2
0 2
0 2
0 2
0 2
0 2
0 2
0 2
0 2
0 2
0 2
0 2
0 2
0 2
0 2
0 2
0 2
0 2
0 2
0 2
0 2
0 2
0 2
0 2
0 2
0 2
0 2
0 2
0 2
0 2
0 2
0 2
0 2
0 2
0 2
0 2
0 2
0 2
0 2
0 2
0 2
0 2
0 2
0 2
0 2
0 2
0 2
0 2
0 2
0 2
0 2
0 2
0 2
0 2
0 2
0 2
0 2
0 2
0 2
0 2
0 2
0 2
0 2
0 2
0 2
0 2
0 2
0 2
0 2
0 2
0 2
0 2
0 2
0 2
0 2
0 2
0 2
0 2
0 2
0 2
0 2
0 2
0 2
0 2
0 2
0 2
0 2
0 2
0 2
0 2
0 2
0 2
0 2
0 2
0 2
0 2
0 2
0 2
0 2
0 2
0 2
0 2
0 2
0 2
0 2
0 2
0 2
0 2
0 2
0 2
0 2
0 2
0 2
0 2
0 2
0 2
0 2
0 2
0 2
0 2
0 2
0 2
0 2
0 2
0 2
0 2
0 2
0 2
0 2
0 2
0 2
0 2
0 2
0 2
0 2
0 2
0 2
0 2
0 2
0 2
0 2
0 2
0 2
0 2
0 2
0 2
0 2
0 2
0 2
0 2
0 2
0 2
0 2
0 2
0 2
0 2
0 2
0 2
0 2
0 2
0 2
0 2
0 2
0 2
0 2
0 2
0 2
0 2
0 2
0 2
0 2
0 2
0 2
0 2
0 2
0 2
0 2
0 2
0 2
0 2
0 2
0 2
0 2
0 2
0 2
0 2
0 2
0 2
0 2
0 2
0 2
0 2
0 2
0 2
0 2
0 2
0 2
0 2
0 2
0 2
0 2
0 2
0 2
0 2
0 2
0 2
0 2
0 2
0 2
0 2
0 2
0 2
0 2
0 2
0 2
0 2
0 2
0 2
0 2
0 2
0 2
0 2
0 2
0 2
0 2
0 2
0 2
0 2
0 2
0 2
0 2
0 2
0 2
0 2
0 2
0 2
0 2
0 2
0 2
0 2
0 2
0 2
0 2
0 2
0 2
0 2
0 2
0 2
0 2
0 2
0 2
0 2
0 2
0 2
0 2
0 2
0 2
0 2
0 2
0 2
0 2
0 2
0 2
0 2
0 2
0 2
0 2
0 2
0 2
0 2
0 2
0 2
0 2
0 2
0 2
0 2
0 2
0 2
0 2
0 2
0 2
0 2
0 2
0 2
0 2
0 2
0 2
0 2
0 2
0 2
0 2
0 2
0 2
0 2
0 2
0 2
0 2
0 2
0 2
0 2
0 2
0 2
0 2
0 2
0 2
0 2
0 2
0 2
0 2
0 2
0 2
0 2
0 2
0 2
0 2
0 2
0 2
0 2
0 2
0 2
0 2
0 2
0 2
0 2
0 2
0 2
0 2
0 2
0 2
0 2
0 2
0 2
0 2
0 2
0 2
0 2
0 2
0 2
0 2
0 2
0 2
0 2
0 2
0 2
0 2
0 2
0 2
0 2
0 2
0 2
0 2
0 2
0 2
0 2
0 2
0 2
0 2
0 2
0 2
0 2
0 2
0 2
0 2
0 2
0 2
0 2
0 2
0 2
0 2
0 2
0 2
0 2
0 2
0 2
0 2
0 2
0 2
0 2
0 2
0 2
0 2
0 2
0 2
0 2
0 2
0 2
0 2
0 2
0 2
0 2
0 2
0 2
0 2
0 2
0 2
0 2
0 2
0 2
0 2
0 2
0 2
0 2
0 2
0 2
0 2
0 2
0 2
0 2
0 2
