51 16
51 16
51 16
51 16
51 16
51 16
51 16
51 16
53 15
53 15
53 15
53 15
53 15
53 15
53 15
53 15
53 15
53 15
53 15
53 15
53 15
53 15
53 15
53 15
53 15
53 15
53 15
53 15
53 15
53 15
53 15
53 15
53 15
53 15
53 15
53 15
53 15
53 15
53 15
53 15
53 15
53 15
53 15
53 15
53 15
53 15
53 15
58 14
58 14
58 14
58 14
58 14
58 14
58 14
58 14
58 14
58 14
58 14
58 14
58 14
58 14
58 14
58 14
58 14
58 14
58 14
58 14
58 14
54 13
54 13
54 13
54 13
54 13
54 13
54 13
54 13
54 13
54 13
54 13
54 13
54 13
54 13
54 13
54 13
54 13
54 13
54 13
54 13
54 13
54 13
54 13
54 13
54 13
54 13
54 13
54 13
54 13
54 13
54 13
54 13
54 13
54 13
54 13
54 13
54 13
54 13
54 13
54 13
61 6
61 6
61 6
61 6
61 6
61 6
61 6
61 6
61 6
61 6
61 6
61 6
61 6
61 6
61 6
61 6
61 6
61 6
61 6
61 6
64 4
64 4
64 4
64 4
64 4
64 4
64 4
64 4
64 4
64 4
64 4
64 4
64 4
64 4
64 4
64 4
64 4
64 4
64 4
64 4
64 4
68 3
68 3
68 3
68 3
68 3
68 3
68 3
68 3
68 3
68 3
68 3
68 3
68 3
68 3
68 3
68 3
68 3
68 3
68 3
68 3
68 3
68 3
65 0
65 0
65 0
65 0
65 0
65 0
65 0
65 0
65 0
65 0
65 0
65 0
65 0
65 0
65 0
65 0
65 0
65 0
65 0
65 0
65 0
65 0
65 0
65 0
65 0
65 0
65 0
65 0
65 0
65 0
65 0
65 0
65 0
65 0
65 0
65 0
65 0
65 0
65 0
65 0
65 0
65 0
65 0
65 0
65 0
65 0
65 0
65 0
65 0
65 0
65 0
65 0
65 0
65 0
65 0
65 0
65 0
65 0
65 0
65 0
65 0
65 0
65 0
65 0
65 0
65 0
66 2
66 2
66 2
66 2
66 2
66 2
66 2
66 2
66 2
66 2
66 2
66 2
66 2
66 2
66 2
66 2
66 2
66 2
66 2
66 2
66 2
66 2
66 2
66 2
66 2
66 2
66 2
66 2
66 2
66 2
66 2
66 2
66 2
66 2
66 2
66 2
66 2
66 2
66 2
66 2
66 2
66 2
66 2
66 2
66 2
66 2
66 2
66 2
66 2
66 2
66 2
66 2
66 2
66 2
64 0
64 0
64 0
64 0
64 0
64 0
64 0
64 0
64 0
64 0
64 0
64 0
64 0
64 0
64 0
64 0
64 0
64 0
64 0
64 0
64 0
64 0
64 0
64 0
64 0
64 0
64 0
64 0
64 0
64 0
64 0
64 0
64 0
64 0
64 0
64 0
64 0
64 0
64 0
64 0
64 0
64 0
64 0
64 0
64 0
64 -4
64 -4
64 -4
64 -4
64 -4
64 -4
64 -4
64 -4
64 -4
64 -4
64 -4
64 -4
64 -4
64 -4
64 -4
64 -4
64 -4
64 -4
64 -4
64 -4
64 -4
64 -4
64 -4
64 -4
64 -4
61 -9
61 -9
61 -9
61 -9
61 -9
61 -9
61 -9
61 -9
61 -9
61 -9
61 -9
61 -9
61 -9
61 -9
61 -9
61 -9
61 -9
61 -9
61 -9
61 -9
61 -9
61 -9
61 -9
61 -9
61 -9
61 -9
61 -9
61 -9
64 -14
64 -14
64 -14
64 -14
64 -14
64 -14
64 -14
64 -14
64 -14
64 -14
64 -14
64 -14
64 -14
64 -14
64 -14
64 -14
64 -14
64 -14
64 -14
64 -14
64 -14
64 -14
64 -14
64 -14
64 -14
68 -12
68 -12
68 -12
68 -12
68 -12
68 -12
68 -12
68 -12
68 -12
68 -12
68 -12
68 -12
68 -12
68 -12
68 -12
68 -12
68 -12
68 -12
68 -12
68 -12
68 -12
68 -12
68 -12
68 -12
68 -12
68 -12
68 -12
68 -12
68 -12
68 -12
68 -12
68 -12
68 -12
68 -12
68 -12
68 -12
68 -12
68 -12
68 -12
68 -12
68 -12
68 -12
68 -12
68 -12
68 -12
68 -12
68 -12
68 -12
64 -13
64 -13
64 -13
64 -13
64 -13
64 -13
64 -13
64 -13
64 -13
64 -13
64 -13
64 -13
64 -13
64 -13
64 -13
64 -13
64 -13
64 -13
64 -13
64 -13
64 -13
64 -13
64 -13
64 -13
64 -13
64 -13
64 -13
63 -23
63 -23
63 -23
63 -23
63 -23
63 -23
63 -23
63 -23
63 -23
63 -23
63 -23
63 -23
63 -23
63 -23
63 -23
63 -23
63 -23
63 -23
63 -23
63 -23
63 -23
63 -23
63 -23
63 -23
73 -25
73 -25
73 -25
73 -25
73 -25
73 -25
73 -25
73 -25
73 -25
73 -25
73 -25
73 -25
73 -25
73 -25
73 -25
73 -25
73 -25
73 -25
73 -25
73 -25
73 -25
73 -25
73 -25
73 -25
73 -25
73 -25
73 -25
73 -25
73 -25
73 -25
73 -25
73 -25
73 -25
73 -25
73 -25
73 -25
73 -25
73 -25
73 -25
73 -25
73 -25
73 -25
73 -25
73 -25
65 -22
65 -22
65 -22
65 -22
65 -22
65 -22
65 -22
65 -22
65 -22
65 -22
65 -22
65 -22
65 -22
65 -22
65 -22
65 -22
65 -22
65 -22
65 -22
65 -22
65 -22
65 -22
65 -22
65 -22
65 -22
65 -22
65 -22
66 -37
66 -37
66 -37
66 -37
66 -37
66 -37
66 -37
66 -37
66 -37
66 -37
66 -37
66 -37
66 -37
66 -37
66 -37
66 -37
66 -37
66 -37
66 -37
66 -37
66 -37
66 -37
66 -37
66 -37
66 -37
66 -37
66 -37
66 -37
66 -37
66 -37
66 -37
66 -37
66 -37
66 -37
66 -37
66 -37
66 -37
66 -37
66 -37
66 -37
66 -37
66 -37
66 -37
66 -37
66 -37
66 -37
66 -37
66 -37
66 -37
66 -37
66 -37
66 -37
66 -37
69 -40
69 -40
69 -40
69 -40
69 -40
69 -40
69 -40
69 -40
69 -40
69 -40
69 -40
69 -40
69 -40
69 -40
69 -40
69 -40
69 -40
69 -40
69 -40
69 -40
69 -40
69 -40
69 -40
69 -40
69 -40
69 -40
64 -42
64 -42
64 -42
64 -42
64 -42
64 -42
64 -42
64 -42
64 -42
64 -42
64 -42
64 -42
64 -42
64 -42
64 -42
64 -42
64 -42
64 -42
64 -42
64 -42
64 -42
64 -42
64 -42
64 -42
64 -42
64 -42
52 -57
52 -57
52 -57
52 -57
52 -57
52 -57
52 -57
52 -57
52 -57
52 -57
52 -57
52 -57
52 -57
52 -57
52 -57
52 -57
52 -57
52 -57
52 -57
52 -57
52 -57
52 -57
52 -57
52 -57
52 -57
52 -57
52 -57
52 -57
52 -57
52 -57
52 -57
52 -57
52 -57
52 -57
52 -57
52 -57
52 -57
52 -57
52 -57
52 -57
52 -57
52 -57
52 -57
52 -57
52 -57
52 -57
52 -57
60 -50
60 -50
60 -50
60 -50
60 -50
60 -50
60 -50
60 -50
60 -50
60 -50
60 -50
60 -50
60 -50
60 -50
60 -50
60 -50
60 -50
60 -50
60 -50
60 -50
60 -50
60 -50
60 -50
60 -50
55 -61
55 -61
55 -61
55 -61
55 -61
55 -61
55 -61
55 -61
55 -61
55 -61
55 -61
55 -61
55 -61
55 -61
55 -61
55 -61
55 -61
55 -61
55 -61
55 -61
55 -61
55 -61
55 -61
55 -61
55 -61
55 -61
36 -58
36 -58
36 -58
36 -58
36 -58
36 -58
36 -58
36 -58
36 -58
36 -58
36 -58
36 -58
36 -58
36 -58
36 -58
36 -58
36 -58
36 -58
36 -58
36 -58
36 -58
36 -58
36 -58
36 -58
36 -58
36 -58
36 -58
36 -58
36 -58
36 -58
36 -58
36 -58
36 -58
36 -58
36 -58
36 -58
36 -58
36 -58
36 -58
36 -58
36 -58
36 -58
36 -58
36 -58
36 -58
36 -58
36 -58
36 -58
36 -58
43 -66
43 -66
43 -66
43 -66
43 -66
43 -66
43 -66
43 -66
43 -66
43 -66
43 -66
43 -66
43 -66
43 -66
43 -66
43 -66
43 -66
43 -66
43 -66
43 -66
43 -66
43 -66
43 -66
43 -66
43 -66
43 -66
43 -66
37 -73
37 -73
37 -73
37 -73
37 -73
37 -73
37 -73
37 -73
37 -73
37 -73
37 -73
37 -73
37 -73
37 -73
37 -73
37 -73
37 -73
37 -73
37 -73
37 -73
37 -73
37 -73
37 -73
37 -73
37 -73
37 -73
37 -73
37 -73
37 -73
37 -73
37 -73
37 -73
37 -73
37 -73
37 -73
37 -73
37 -73
37 -73
37 -73
37 -73
37 -73
37 -73
37 -73
37 -73
37 -73
37 -73
37 -73
37 -73
37 -73
37 -73
37 -73
37 -73
37 -73
35 -72
35 -72
35 -72
35 -72
35 -72
35 -72
35 -72
35 -72
35 -72
35 -72
35 -72
35 -72
35 -72
35 -72
35 -72
35 -72
35 -72
35 -72
35 -72
35 -72
42 -77
42 -77
42 -77
42 -77
42 -77
42 -77
42 -77
42 -77
42 -77
42 -77
42 -77
42 -77
42 -77
42 -77
42 -77
42 -77
42 -77
42 -77
42 -77
42 -77
42 -77
42 -77
39 -82
39 -82
39 -82
39 -82
39 -82
39 -82
39 -82
39 -82
39 -82
39 -82
39 -82
39 -82
39 -82
39 -82
39 -82
39 -82
39 -82
39 -82
39 -82
39 -82
39 -82
39 -82
39 -82
39 -82
39 -82
39 -82
39 -82
39 -82
39 -82
39 -82
39 -82
39 -82
39 -82
39 -82
39 -82
39 -82
39 -82
39 -82
39 -82
39 -82
39 -82
39 -82
39 -82
39 -82
39 -82
39 -82
32 -81
32 -81
32 -81
32 -81
32 -81
32 -81
32 -81
32 -81
32 -81
32 -81
32 -81
32 -81
32 -81
32 -81
32 -81
32 -81
32 -81
32 -81
32 -81
32 -81
32 -81
32 -81
32 -81
32 -81
32 -81
32 -81
32 -81
32 -81
32 -81
32 -81
32 -81
32 -81
32 -81
32 -81
32 -81
32 -81
32 -81
32 -81
32 -81
32 -81
32 -81
32 -81
32 -81
32 -81
32 -81
32 -81
32 -81
32 -81
32 -81
32 -81
32 -81
32 -81
32 -81
32 -81
32 -81
32 -81
32 -81
30 -78
30 -78
30 -78
30 -78
30 -78
30 -78
30 -78
30 -78
30 -78
30 -78
30 -78
30 -78
30 -78
30 -78
30 -78
30 -78
30 -78
30 -78
30 -78
30 -78
30 -78
30 -78
30 -78
30 -78
30 -78
30 -78
30 -78
30 -78
28 -85
28 -85
28 -85
28 -85
28 -85
28 -85
28 -85
28 -85
28 -85
28 -85
28 -85
28 -85
28 -85
28 -85
28 -85
28 -85
28 -85
28 -85
28 -85
28 -85
28 -85
28 -85
28 -85
28 -85
28 -85
28 -85
28 -85
27 -85
27 -85
27 -85
27 -85
27 -85
27 -85
27 -85
27 -85
27 -85
27 -85
27 -85
27 -85
27 -85
27 -85
27 -85
27 -85
27 -85
27 -85
27 -85
27 -85
27 -85
27 -85
27 -85
27 -85
27 -85
27 -85
27 -85
27 -85
27 -85
21 -88
21 -88
21 -88
21 -88
21 -88
21 -88
21 -88
21 -88
21 -88
21 -88
21 -88
21 -88
21 -88
21 -88
21 -88
21 -88
21 -88
21 -88
21 -88
21 -88
21 -88
21 -88
21 -88
21 -88
21 -88
21 -88
21 -88
21 -88
21 -88
21 -88
21 -88
21 -88
21 -88
21 -88
21 -88
21 -88
21 -88
21 -88
21 -88
21 -88
21 -88
21 -88
21 -88
21 -88
21 -88
21 -88
21 -88
21 -88
21 -88
21 -88
21 -88
21 -88
21 -88
21 -88
21 -88
9 -93
9 -93
9 -93
9 -93
9 -93
9 -93
9 -93
9 -93
9 -93
9 -93
9 -93
9 -93
9 -93
9 -93
9 -93
9 -93
9 -93
9 -93
9 -93
9 -93
9 -93
9 -93
10 -91
10 -91
10 -91
10 -91
10 -91
10 -91
10 -91
10 -91
10 -91
10 -91
10 -91
10 -91
10 -91
10 -91
10 -91
10 -91
10 -91
10 -91
10 -91
10 -91
10 -91
10 -91
10 -91
10 -91
10 -91
10 -91
10 -91
10 -91
10 -91
10 -91
10 -91
10 -91
4 -87
4 -87
4 -87
4 -87
4 -87
4 -87
4 -87
4 -87
4 -87
4 -87
4 -87
4 -87
4 -87
4 -87
4 -87
4 -87
4 -87
4 -87
8 -94
8 -94
8 -94
8 -94
8 -94
8 -94
8 -94
8 -94
8 -94
8 -94
8 -94
8 -94
8 -94
8 -94
8 -94
8 -94
7 -95
7 -95
7 -95
7 -95
7 -95
7 -95
7 -95
7 -95
7 -95
7 -95
7 -95
7 -95
7 -95
7 -95
7 -95
7 -95
7 -95
7 -95
7 -95
7 -95
7 -95
7 -95
7 -95
7 -95
7 -95
7 -95
7 -95
7 -95
7 -95
7 -95
7 -95
7 -95
7 -95
7 -95
7 -95
7 -95
7 -95
7 -95
7 -95
7 -95
7 -95
7 -95
7 -95
7 -95
0 -88
0 -88
0 -88
0 -88
0 -88
0 -88
0 -88
0 -88
0 -88
0 -88
0 -88
0 -88
0 -88
0 -88
0 -88
0 -88
0 -88
0 -88
0 -88
0 -88
0 -88
0 -88
0 -88
0 -88
0 -88
0 -88
-1 -90
-1 -90
-1 -90
-1 -90
-1 -90
-1 -90
-1 -90
-1 -90
-1 -90
-1 -90
-1 -90
-1 -90
-1 -90
-1 -90
-1 -90
-1 -90
-1 -90
-1 -90
-1 -90
-1 -90
-1 -90
-1 -90
-1 -90
-1 -90
-1 -90
-1 -90
-6 -84
-6 -84
-6 -84
-6 -84
-6 -84
-6 -84
-6 -84
-6 -84
-6 -84
-6 -84
-6 -84
-6 -84
-6 -84
-6 -84
-6 -84
-6 -84
-6 -84
-6 -84
-6 -84
-6 -84
-6 -84
-6 -84
-6 -84
-6 -84
-6 -84
-6 -84
-6 -84
-6 -84
-6 -84
-6 -84
-6 -84
-6 -84
-6 -84
-6 -84
-6 -84
-6 -84
-6 -84
-6 -84
-6 -84
-6 -84
-6 -84
-6 -84
-6 -84
-6 -84
-6 -84
-7 -94
-7 -94
-7 -94
-7 -94
-7 -94
-7 -94
-7 -94
-7 -94
-7 -94
-7 -94
-7 -94
-7 -94
-7 -94
-7 -94
-7 -94
-7 -94
-7 -94
-7 -94
-7 -94
-7 -94
-7 -94
-7 -94
-7 -88
-7 -88
-7 -88
-7 -88
-7 -88
-7 -88
-7 -88
-7 -88
-7 -88
-7 -88
-7 -88
-7 -88
-7 -88
-7 -88
-7 -88
-7 -88
-7 -88
-7 -88
-7 -88
-7 -88
-7 -88
-7 -88
-7 -88
-7 -88
-7 -88
-7 -88
-7 -88
-7 -88
-7 -88
-7 -88
-7 -88
-7 -88
-7 -88
-7 -88
-7 -88
-7 -88
-7 -88
-7 -88
-7 -88
-7 -88
-7 -88
-7 -88
-7 -88
-7 -88
-7 -88
-7 -88
-7 -88
-5 -84
-5 -84
-5 -84
-5 -84
-5 -84
-5 -84
-5 -84
-5 -84
-5 -84
-5 -84
-5 -84
-5 -84
-5 -84
-5 -84
-5 -84
-5 -84
-5 -84
-5 -84
-5 -84
-5 -84
-5 -84
-5 -84
-5 -84
-5 -84
-5 -84
-5 -84
-8 -87
-8 -87
-8 -87
-8 -87
-8 -87
-8 -87
-8 -87
-8 -87
-8 -87
-8 -87
-8 -87
-8 -87
-8 -87
-8 -87
-8 -87
-8 -87
-8 -87
-8 -87
-8 -87
-8 -87
-8 -87
-8 -87
-8 -87
-8 -87
-8 -87
-8 -87
-8 -87
-8 -87
-8 -87
-8 -87
-8 -87
-8 -87
-8 -87
-8 -87
-8 -87
-8 -87
-8 -87
-8 -87
-8 -87
-8 -87
-8 -87
-8 -87
-8 -87
-8 -87
-8 -87
-8 -87
-8 -87
-8 -87
-8 -87
-8 -87
-8 -87
-8 -87
-8 -87
-8 -87
-8 -87
-8 -87
-8 -87
-4 -79
-4 -79
-4 -79
-4 -79
-4 -79
-4 -79
-4 -79
-4 -79
-4 -79
-4 -79
-4 -79
-4 -79
-4 -79
-4 -79
-4 -79
-4 -79
-4 -79
-4 -79
-4 -79
-4 -79
-4 -79
-4 -79
-4 -79
-4 -79
-4 -79
-4 -79
-4 -79
-11 -85
-11 -85
-11 -85
-11 -85
-11 -85
-11 -85
-11 -85
-11 -85
-11 -85
-11 -85
-11 -85
-11 -85
-11 -85
-11 -85
-11 -85
-11 -85
-11 -85
-11 -85
-11 -85
-11 -85
-11 -85
-11 -85
-11 -85
-11 -85
-11 -85
-11 -85
-11 -88
-11 -88
-11 -88
-11 -88
-11 -88
-11 -88
-11 -88
-11 -88
-11 -88
-11 -88
-11 -88
-11 -88
-11 -88
-11 -88
-11 -88
-11 -88
-11 -88
-11 -88
-11 -88
-11 -88
-11 -88
-11 -88
-11 -88
-11 -88
-11 -88
-11 -88
-11 -88
-11 -88
-11 -88
-11 -88
-11 -88
-11 -88
-11 -88
-11 -88
-11 -88
-11 -88
-11 -88
-11 -88
-11 -88
-11 -88
-11 -88
-11 -88
-11 -88
-11 -88
-11 -88
-11 -88
-11 -88
-11 -88
-11 -88
-11 -88
-11 -88
-11 -88
-11 -88
-11 -88
-11 -88
-11 -88
-11 -88
-11 -88
-11 -81
-11 -81
-11 -81
-11 -81
-11 -81
-11 -81
-11 -81
-11 -81
-11 -81
-11 -81
-11 -81
-11 -81
-11 -81
-11 -81
-11 -81
-11 -81
-11 -81
-11 -81
-11 -81
-11 -81
-11 -81
-17 -84
-17 -84
-17 -84
-17 -84
-17 -84
-17 -84
-17 -84
-17 -84
-17 -84
-17 -84
-17 -84
-17 -84
-17 -84
-17 -84
-17 -84
-17 -84
-17 -84
-22 -82
-22 -82
-22 -82
-22 -82
-22 -82
-22 -82
-22 -82
-22 -82
-22 -82
-22 -82
-22 -82
-22 -82
-22 -82
-22 -82
-22 -82
-22 -82
-22 -82
-22 -82
-22 -82
-22 -82
-22 -82
-22 -82
-22 -82
-22 -82
-22 -82
-22 -82
-22 -82
-22 -82
-22 -82
-22 -82
-22 -82
-22 -82
-22 -82
-22 -82
-22 -82
-16 -71
-16 -71
-16 -71
-16 -71
-16 -71
-16 -71
-16 -71
-16 -71
-16 -71
-16 -71
-16 -71
-16 -71
-16 -71
-16 -71
-16 -71
-16 -71
-26 -77
-26 -77
-26 -77
-26 -77
-26 -77
-26 -77
-26 -77
-26 -77
-26 -77
-26 -77
-26 -77
-26 -77
-26 -77
-26 -77
-26 -77
-26 -77
-26 -77
-26 -77
-26 -77
-19 -72
-19 -72
-19 -72
-19 -72
-19 -72
-19 -72
-19 -72
-19 -72
-19 -72
-19 -72
-19 -72
-19 -72
-19 -72
-19 -72
-19 -72
-19 -72
-19 -72
-19 -72
-19 -72
-19 -72
-19 -72
-19 -72
-19 -72
-19 -72
-19 -72
-19 -72
-19 -72
-19 -72
-19 -72
-19 -72
-19 -72
-19 -72
-19 -72
-19 -72
-19 -72
-19 -72
-32 -61
-32 -61
-32 -61
-32 -61
-32 -61
-32 -61
-32 -61
-32 -61
-32 -61
-32 -61
-32 -61
-32 -61
-32 -61
-32 -61
-32 -61
-32 -61
-32 -61
-32 -66
-32 -66
-32 -66
-32 -66
-32 -66
-32 -66
-32 -66
-32 -66
-32 -66
-32 -66
-32 -66
-32 -66
-32 -66
-32 -66
-32 -66
-32 -66
-32 -66
-32 -66
-32 -66
-32 -66
-32 -66
-32 -66
-32 -66
-32 -66
-32 -66
-32 -66
-32 -66
-32 -66
-32 -66
-32 -66
-32 -66
-32 -66
-32 -66
-32 -66
-32 -66
-32 -66
-32 -66
-32 -66
-32 -66
-32 -66
-36 -65
-36 -65
-36 -65
-36 -65
-36 -65
-36 -65
-36 -65
-36 -65
-36 -65
-36 -65
-36 -65
-36 -65
-36 -65
-36 -65
-36 -65
-36 -65
-36 -65
-36 -65
-36 -65
-36 -65
-36 -65
-36 -65
-36 -65
-36 -65
-36 -65
-36 -65
-36 -65
-36 -65
-36 -65
-36 -65
-36 -65
-36 -65
-36 -65
-36 -65
-36 -65
-40 -62
-40 -62
-40 -62
-40 -62
-40 -62
-40 -62
-40 -62
-40 -62
-40 -62
-40 -62
-40 -62
-40 -62
-40 -62
-40 -62
-40 -62
-40 -62
-40 -62
-47 -56
-47 -56
-47 -56
-47 -56
-47 -56
-47 -56
-47 -56
-47 -56
-47 -56
-47 -56
-47 -56
-47 -56
-47 -56
-47 -56
-47 -56
-47 -56
-47 -56
-47 -56
-47 -56
-47 -56
-47 -56
-47 -56
-47 -56
-47 -56
-47 -56
-47 -56
-47 -56
-47 -56
-47 -56
-47 -56
-47 -56
-47 -56
-47 -56
-47 -56
-47 -56
-47 -56
-47 -56
-47 -56
-47 -56
-47 -56
-47 -56
-47 -56
-47 -56
-47 -56
-47 -56
-47 -56
-47 -56
-47 -56
-47 -56
-47 -56
-47 -56
-61 -47
-61 -47
-61 -47
-61 -47
-61 -47
-61 -47
-61 -47
-61 -47
-61 -47
-61 -47
-61 -47
-61 -47
-61 -47
-61 -47
-61 -47
-61 -47
-61 -47
-61 -47
-61 -47
-61 -47
-61 -47
-61 -47
-61 -47
-61 -47
-61 -47
-61 -47
-61 -47
-61 -47
-61 -47
-61 -47
-61 -47
-61 -47
-61 -47
-61 -47
-61 -47
-61 -47
-61 -47
-61 -47
-61 -47
-61 -47
-61 -47
-61 -47
-61 -47
-61 -47
-61 -47
-61 -47
-61 -47
-61 -47
-61 -47
-59 -42
-59 -42
-59 -42
-59 -42
-59 -42
-59 -42
-59 -42
-59 -42
-59 -42
-59 -42
-59 -42
-59 -42
-59 -42
-59 -42
-59 -42
-59 -42
-59 -42
-59 -42
-59 -42
-59 -42
-59 -42
-66 -43
-66 -43
-66 -43
-66 -43
-66 -43
-66 -43
-66 -43
-66 -43
-66 -43
-66 -43
-66 -43
-66 -43
-66 -43
-66 -43
-66 -43
-66 -43
-66 -43
-60 -39
-60 -39
-60 -39
-60 -39
-60 -39
-60 -39
-60 -39
-60 -39
-60 -39
-60 -39
-60 -39
-60 -39
-60 -39
-60 -39
-60 -39
-60 -39
-60 -39
-60 -39
-60 -39
-60 -39
-60 -39
-60 -39
-60 -39
-60 -39
-60 -39
-60 -39
-60 -39
-60 -39
-60 -39
-60 -39
-60 -38
-60 -38
-60 -38
-60 -38
-60 -38
-60 -38
-60 -38
-60 -38
-60 -38
-60 -38
-60 -38
-60 -38
-60 -38
-60 -38
-60 -38
-60 -38
-60 -38
-74 -44
-74 -44
-74 -44
-74 -44
-74 -44
-74 -44
-74 -44
-74 -44
-74 -44
-74 -44
-74 -44
-74 -44
-74 -44
-74 -44
-74 -44
-74 -44
-74 -44
-74 -44
-74 -44
-74 -44
-74 -44
-74 -44
-74 -44
-74 -44
-74 -44
-74 -44
-74 -44
-74 -44
-79 -37
-79 -37
-79 -37
-79 -37
-79 -37
-79 -37
-79 -37
-79 -37
-79 -37
-79 -37
-79 -37
-79 -37
-79 -37
-79 -37
-79 -37
-79 -37
-79 -37
-79 -37
-85 -29
-85 -29
-85 -29
-85 -29
-85 -29
-85 -29
-85 -29
-85 -29
-85 -29
-85 -29
-85 -29
-85 -29
-85 -29
-85 -29
-85 -29
-85 -29
-85 -29
-85 -29
-85 -29
-78 -17
-78 -17
-78 -17
-78 -17
-78 -17
-78 -17
-78 -17
-78 -17
-78 -17
-78 -17
-78 -17
-78 -17
-78 -17
-78 -17
-78 -17
-78 -17
-78 -17
-78 -17
-78 -17
-78 -17
-78 -17
-78 -17
-78 -17
-78 -17
-78 -17
-78 -17
-78 -17
-78 -17
-78 -17
-78 -17
-78 -17
-78 -17
-78 -17
-78 -17
-78 -17
-78 -17
-78 -17
-78 -17
-78 -17
-78 -17
-78 -17
-78 -17
-78 -17
-78 -17
-78 -17
-78 -17
-78 -17
-78 -17
-78 -17
-78 -17
-78 -17
-78 -17
-78 -17
-78 -17
-78 -17
-78 -17
-78 -17
-78 -17
-78 -17
-78 -17
-78 -17
-78 -17
-87 -21
-104 -23
-104 -23
-104 -23
-104 -23
-104 -23
-104 -23
-104 -23
-104 -23
-104 -23
-104 -23
-104 -23
-104 -23
-104 -23
-104 -23
-104 -23
-104 -23
-104 -23
-104 -23
-104 -23
-104 -23
-104 -23
-104 -23
-104 -23
-104 -23
-104 -23
-104 -23
-104 -23
-104 -23
-104 -23
-104 -23
-104 -23
-104 -23
-104 -23
-104 -23
-104 -23
-104 -23
-104 -23
-104 -23
-104 -23
-104 -23
-104 -23
-104 -23
-104 -23
-104 -23
-93 -22
-93 -22
-93 -22
-93 -22
-93 -22
-93 -22
-93 -22
-93 -22
-93 -22
-93 -22
-93 -22
-93 -22
-93 -22
-93 -22
-89 -10
-89 -10
-89 -10
-89 -10
-89 -10
-89 -10
-89 -10
-89 -10
-89 -10
-89 -10
-89 -10
-89 -10
-89 -10
-105 -1
-105 -1
-105 -1
-105 -1
-105 -1
-105 -1
-105 -1
-105 -1
-105 -1
-105 -1
-105 -1
-105 -1
-105 -1
-105 -1
-105 -1
-105 -1
-105 -1
-105 -1
-105 -1
-105 -1
-105 -1
-105 -1
-105 -1
-105 -1
-105 -1
-105 -1
-105 -1
-105 -1
-105 -1
-105 -1
-105 -1
-105 -1
-105 -1
-105 -1
-105 -1
-105 -1
-95 1
-95 1
-95 1
-95 1
-95 1
-95 1
-95 1
-95 1
-95 1
-95 1
-95 1
-95 1
-95 1
-95 1
-95 1
-95 1
-95 1
-95 1
-95 1
-99 0
-99 0
-99 0
-99 0
-99 0
-99 0
-99 0
-99 0
-99 0
-99 0
-99 0
-99 0
-99 0
-99 0
-99 0
-99 0
-99 0
-99 0
-99 0
-99 4
-99 4
-99 4
-99 4
-99 4
-99 4
-99 4
-99 4
-99 4
-99 4
-99 4
-99 4
-99 4
-99 4
-99 4
-99 4
-99 4
-99 4
-99 4
-99 4
-99 4
-99 4
-99 4
-99 4
-99 4
-99 4
-99 4
-99 4
-99 4
-99 4
-99 4
-99 4
-99 4
-99 4
-99 4
-99 4
-99 7
-99 7
-99 7
-99 7
-99 7
-99 7
-99 7
-99 7
-99 7
-99 7
-99 7
-99 7
-99 7
-99 7
-99 7
-99 7
-99 7
-99 7
-97 15
-97 15
-97 15
-97 15
-97 15
-97 15
-97 15
-97 15
-97 15
-97 15
-97 15
-97 15
-97 15
-97 15
-97 15
-97 15
-97 15
-97 15
-97 15
-97 15
-97 15
-97 15
-97 15
-97 15
-97 15
-97 15
-97 15
-97 15
-97 15
-97 15
-97 15
-96 10
-96 10
-96 10
-96 10
-96 10
-96 10
-96 10
-96 10
-96 10
-96 10
-96 10
-96 10
-96 10
-96 10
-96 10
-96 10
-96 10
-96 10
-96 10
-96 10
-96 10
-96 10
-96 10
-96 10
-96 10
-96 10
-96 10
-96 10
-96 10
-96 10
-96 10
-103 27
-109 32
-109 32
-109 32
-109 32
-109 32
-109 32
-109 32
-109 32
-109 32
-109 32
-109 32
-109 32
-109 32
-109 32
-109 32
-109 32
-109 32
-109 32
-109 32
-109 32
-109 32
-109 32
-109 32
-109 32
-109 32
-109 32
-109 32
-109 32
-109 32
-109 32
-109 32
-109 32
-109 32
-106 35
-106 35
-106 35
-106 35
-106 35
-106 35
-106 35
-106 35
-106 35
-106 35
-106 35
-106 35
-106 35
-106 35
-106 35
-106 35
-99 38
-99 38
-99 38
-99 38
-99 38
-99 38
-99 38
-99 38
-99 38
-99 38
-99 38
-99 38
-99 38
-99 38
-99 38
-99 38
-99 38
-99 38
-99 38
-99 38
-99 38
-99 38
-99 38
-99 38
-99 38
-99 38
-99 38
-99 38
-99 38
-99 38
-99 38
-104 46
-104 46
-104 46
-104 46
-104 46
-104 46
-104 46
-104 46
-104 46
-104 46
-104 46
-104 46
-104 46
-104 46
-104 46
-104 46
-91 52
-91 52
-91 52
-91 52
-91 52
-91 52
-91 52
-91 52
-91 52
-91 52
-91 52
-91 52
-91 52
-91 52
-91 52
-91 52
-107 58
-107 58
-107 58
-107 58
-107 58
-107 58
-107 58
-107 58
-107 58
-107 58
-107 58
-107 58
-107 58
-107 58
-107 58
-107 58
-107 58
-107 58
-107 58
-107 58
-107 58
-107 58
-107 58
-107 58
-107 58
-107 58
-107 58
-107 58
-107 58
-107 58
-107 58
-107 58
-107 58
-107 58
-88 58
-88 58
-88 58
-88 58
-88 58
-88 58
-88 58
-88 58
-88 58
-88 58
-88 58
-88 58
-88 58
-88 58
-100 53
-100 53
-100 53
-100 53
-100 53
-100 53
-100 53
-100 53
-100 53
-100 53
-100 53
-100 53
-100 53
-100 53
-100 53
-100 53
-100 53
-100 53
-100 53
-100 53
-100 53
-100 53
-100 53
-100 53
-100 53
-100 53
-100 53
-100 53
-100 53
-100 53
-100 53
-100 53
-100 53
-100 53
-100 53
-100 53
-100 53
-96 65
-96 65
-96 65
-96 65
-96 65
-96 65
-96 65
-96 65
-96 65
-96 65
-96 65
-96 65
-96 65
-96 65
-96 65
-96 65
-96 65
-96 65
-79 61
-79 61
-79 61
-79 61
-79 61
-79 61
-79 61
-79 61
-79 61
-79 61
-79 61
-79 61
-79 61
-79 61
-79 61
-79 61
-79 61
-77 67
-77 67
-77 67
-77 67
-77 67
-77 67
-77 67
-77 67
-77 67
-77 67
-77 67
-77 67
-77 67
-77 67
-77 67
-77 67
-77 67
-77 67
-77 67
-77 67
-77 67
-77 67
-77 67
-77 67
-77 67
-77 67
-77 67
-77 67
-77 67
-77 67
-77 67
-66 65
-66 65
-66 65
-66 65
-66 65
-66 65
-66 65
-66 65
-66 65
-66 65
-66 65
-66 65
-66 65
-66 65
-66 65
-66 65
-66 65
-65 79
-65 79
-65 79
-65 79
-65 79
-65 79
-65 79
-65 79
-65 79
-65 79
-65 79
-65 79
-65 79
-65 79
-65 79
-65 79
-65 79
-61 76
-61 76
-61 76
-61 76
-61 76
-61 76
-61 76
-61 76
-61 76
-61 76
-61 76
-61 76
-61 76
-61 76
-61 76
-61 76
-61 76
-61 76
-61 76
-61 76
-61 76
-61 76
-61 76
-61 76
-61 76
-61 76
-61 76
-61 76
-61 76
-61 76
-61 76
-61 76
-61 76
-61 76
-47 86
-47 86
-47 86
-47 86
-47 86
-47 86
-47 86
-47 86
-47 86
-47 86
-47 86
-47 86
-47 86
-47 86
-47 86
-47 86
-47 86
-46 83
-46 83
-46 83
-46 83
-46 83
-46 83
-46 83
-46 83
-46 83
-46 83
-46 83
-46 83
-46 83
-46 83
-46 83
-46 83
-46 83
-46 83
-46 83
-46 83
-46 83
-46 83
-46 83
-46 83
-46 83
-46 83
-46 83
-46 83
-46 83
-46 83
-46 83
-46 83
-46 83
-46 83
-46 83
-46 83
-46 83
-46 83
-46 83
-46 83
-46 83
-46 83
-46 83
-46 83
-46 83
-46 83
-46 83
-46 83
-46 83
-46 83
-46 83
-46 83
-46 83
-29 79
-29 79
-29 79
-29 79
-29 79
-29 79
-29 79
-29 79
-29 79
-29 79
-29 79
-29 79
-29 79
-29 79
-29 79
-29 79
-29 83
-29 83
-29 83
-29 83
-29 83
-29 83
-29 83
-29 83
-29 83
-29 83
-29 83
-29 83
-29 83
-29 83
-29 83
-29 83
-29 83
-29 83
-29 83
-29 83
-29 83
-29 83
-29 83
-29 83
-29 83
-29 83
-29 83
-29 83
-29 83
-29 83
-29 83
-29 83
-29 83
-29 83
-18 84
-18 84
-18 84
-18 84
-18 84
-18 84
-18 84
-18 84
-18 84
-18 84
-18 84
-18 84
-18 84
-18 84
-18 84
-18 84
-18 84
-18 84
-18 84
-18 84
-18 84
-18 84
-18 84
-18 84
-18 84
-18 84
-18 84
-18 84
-18 84
-18 84
-18 84
-15 87
-15 87
-15 87
-15 87
-15 87
-15 87
-15 87
-15 87
-15 87
-15 87
-15 87
-15 87
-15 87
-15 87
-15 87
-15 87
-15 87
-15 87
-15 87
-15 87
-15 87
-15 87
-15 87
-15 87
-15 87
-15 87
-15 87
-15 87
-15 87
-15 87
-15 87
-6 80
-2 75
-2 75
-2 75
-2 75
-2 75
-2 75
-2 75
-2 75
-2 75
-2 75
-2 75
-2 75
-2 75
-2 75
-2 75
-2 75
2 73
2 73
2 73
2 73
2 73
2 73
2 73
2 73
2 73
2 73
2 73
2 73
2 73
2 73
2 73
2 73
2 73
2 73
2 73
2 73
2 73
2 73
2 73
2 73
2 73
2 73
2 73
2 73
2 73
2 73
2 73
2 73
2 73
2 73
2 73
2 73
1 70
1 70
1 70
1 70
1 70
1 70
1 70
1 70
1 70
1 70
1 70
1 70
1 70
1 70
1 70
1 70
3 64
3 64
3 64
3 64
3 64
3 64
3 64
3 64
3 64
3 64
3 64
3 64
3 64
3 64
3 64
3 64
3 64
3 64
3 64
3 64
3 64
3 64
3 64
3 64
3 64
3 64
3 64
3 64
3 64
3 64
3 64
3 64
3 64
3 64
3 64
6 64
6 64
6 64
6 64
6 64
6 64
6 64
6 64
6 64
6 64
6 64
6 64
6 64
6 64
6 64
6 64
6 64
6 64
6 64
6 64
2 52
2 52
2 52
2 52
2 52
2 52
2 52
2 52
2 52
2 52
2 52
2 52
2 52
2 52
2 52
2 52
2 52
2 52
8 53
8 53
8 53
8 53
8 53
8 53
8 53
8 53
8 53
8 53
8 53
8 53
8 53
8 53
8 53
8 53
8 53
8 53
8 53
8 53
8 53
8 53
8 53
8 53
8 53
8 53
8 53
8 53
8 53
8 53
8 53
8 53
8 53
8 53
8 53
8 53
8 53
8 53
6 38
6 38
6 38
6 38
6 38
6 38
6 38
6 38
6 38
6 38
6 38
6 38
6 38
6 38
6 38
6 38
6 38
6 38
6 38
6 38
8 39
8 39
8 39
8 39
8 39
8 39
8 39
8 39
8 39
8 39
8 39
8 39
8 39
8 39
8 39
8 39
8 39
8 39
13 24
13 24
13 24
13 24
13 24
13 24
13 24
13 24
13 24
13 24
13 24
13 24
13 24
13 24
13 24
13 24
13 24
13 24
13 24
13 24
13 24
13 24
13 24
13 24
13 24
13 24
13 24
13 24
13 24
13 24
13 24
13 24
13 24
13 24
6 20
6 20
6 20
6 20
6 20
6 20
6 20
6 20
6 20
6 20
6 20
6 20
6 20
6 20
6 20
6 20
6 20
6 20
5 17
5 17
5 17
5 17
5 17
5 17
5 17
5 17
5 17
5 17
5 17
5 17
5 17
5 17
5 17
5 17
5 17
5 17
5 17
5 17
5 17
5 17
5 17
5 17
5 17
5 17
5 17
5 17
5 17
5 17
5 17
5 17
5 17
0 9
0 9
0 9
0 9
0 9
0 9
0 9
0 9
0 9
0 9
0 9
0 9
0 9
0 9
0 9
0 9
0 4
0 4
0 4
0 4
0 4
0 4
0 4
0 4
0 4
0 4
0 4
0 4
0 4
0 4
0 4
0 4
0 4
0 4
0 4
-2 2
-2 2
-2 2
-2 2
-2 2
-2 2
-2 2
-2 2
-2 2
-2 2
-2 2
-2 2
-2 2
-2 2
-2 2
-2 2
-2 2
-2 2
-2 2
-2 2
-2 2
-2 2
-2 2
-2 2
-2 2
-2 2
-2 2
-2 2
-2 2
-2 2
-2 2
-2 2
-2 2
-2 2
-2 2
-2 2
-2 2
-2 2
-2 2
-2 2
-2 2
-2 2
-2 2
-2 2
-2 2
-2 2
-2 2
-2 2
-2 2
-2 2
-2 2
-2 2
-2 2
-2 2
-2 2
-2 2
-2 2
-2 2
-2 2
-2 2
-2 2
-2 2
-2 2
-2 2
-2 2
-2 2
-2 2
-2 2
-2 2
-2 2
-2 2
-2 2
-2 2
-2 2
-2 2
-2 2
-2 2
2 0
2 0
2 0
2 0
2 0
2 0
2 0
2 0
2 0
2 0
2 0
2 0
2 0
2 0
2 0
2 0
2 0
2 0
1 0
1 0
1 0
1 0
1 0
1 0
1 0
1 0
1 0
1 0
1 0
1 0
1 0
1 0
1 0
1 0
1 0
1 0
1 0
1 0
1 0
1 0
1 0
1 0
1 0
1 0
1 0
1 0
1 0
1 0
1 0
1 0
1 0
1 0
1 0
1 0
1 0
1 0
1 0
1 0
1 0
1 0
1 0
1 0
1 0
1 0
1 0
1 0
1 0
1 0
1 0
1 0
1 0
1 0
1 0
1 0
1 0
1 0
1 0
1 0
1 0
1 0
1 0
1 0
1 0
1 0
1 0
1 0
1 0
1 0
1 0
1 0
1 0
1 0
1 0
1 0
1 0
1 0
1 0
1 0
1 0
1 0
1 0
1 0
1 0
1 0
1 0
1 0
1 0
1 0
1 0
1 0
1 0
1 0
1 0
1 0
1 0
1 0
1 0
1 0
1 0
1 0
1 0
1 0
1 0
1 0
1 0
1 0
1 0
1 0
1 0
1 0
1 0
1 0
1 0
1 0
1 0
1 0
1 0
1 0
1 0
1 0
1 0
1 0
1 0
1 0
1 0
1 0
1 0
1 0
1 0
1 0
1 0
1 0
1 0
1 0
1 0
1 0
1 0
1 0
1 0
1 0
1 0
1 0
1 0
1 0
1 0
1 0
1 0
1 0
1 0
1 0
1 0
1 0
1 0
1 0
1 0
1 0
1 0
1 0
1 0
1 0
1 0
1 0
1 0
1 0
1 0
1 0
1 0
1 0
1 0
1 0
1 0
1 0
1 0
1 0
1 0
1 0
1 0
1 0
1 0
1 0
1 0
1 0
1 0
1 0
1 0
1 0
1 0
1 0
1 0
1 0
1 0
1 0
1 0
1 0
1 0
1 0
1 0
1 0
1 0
1 0
1 0
1 0
1 0
1 0
1 0
1 0
1 0
1 0
1 0
1 0
1 0
1 0
1 0
1 0
1 0
1 0
1 0
1 0
1 0
1 0
1 0
1 0
1 0
1 0
1 0
1 0
1 0
1 0
1 0
1 0
1 0
1 0
1 0
1 0
1 0
1 0
1 0
1 0
1 0
1 0
1 0
1 0
1 0
1 0
1 0
1 0
1 0
1 0
1 0
1 0
1 0
1 0
1 0
1 0
1 0
1 0
1 0
1 0
1 0
1 0
1 0
1 0
1 0
1 0
1 0
1 0
1 0
1 0
1 0
1 0
1 0
1 0
1 0
1 0
1 0
1 0
1 0
1 0
1 0
1 0
1 0
1 0
1 0
1 0
1 0
1 0
1 0
1 0
1 0
1 0
1 0
1 0
1 0
1 0
1 0
1 0
1 0
1 0
1 0
1 0
1 0
1 0
1 0
1 0
1 0
1 0
1 0
1 0
1 0
1 0
1 0
1 0
1 0
1 0
1 0
1 0
1 0
1 0
1 0
1 0
1 0
1 0
1 0
1 0
1 0
1 0
1 0
1 0
1 0
1 0
1 0
1 0
1 0
1 0
1 0
1 0
1 0
1 0
1 0
1 0
1 0
1 0
1 0
1 0
1 0
1 0
1 0
1 0
1 0
1 0
1 0
1 0
1 0
1 0
1 0
1 0
1 0
1 0
1 0
1 0
1 0
1 0
1 0
1 0
1 0
1 0
1 0
1 0
1 0
1 0
1 0
1 0
1 0
1 0
1 0
1 0
1 0
1 0
1 0
1 0
1 0
1 0
1 0
1 0
1 0
1 0
1 0
1 0
1 0
1 0
1 0
1 0
1 0
1 0
1 0
1 0
1 0
1 0
1 0
1 0
1 0
1 0
1 0
1 0
1 0
1 0
1 0
1 0
1 0
1 0
1 0
1 0
1 0
1 0
1 0
1 0
1 0
1 0
1 0
1 0
1 0
1 0
1 0
1 0
1 0
1 0
1 0
1 0
1 0
1 0
1 0
1 0
1 0
1 0
1 0
1 0
1 0
1 0
1 0
1 0
1 0
1 0
1 0
1 0
1 0
1 0
1 0
1 0
1 0
1 0
1 0
1 0
1 0
1 0
1 0
1 0
1 0
1 0
1 0
1 0
1 0
1 0
1 0
1 0
1 0
1 0
1 0
1 0
1 0
1 0
1 0
1 0
1 0
1 0
1 0
1 0
1 0
1 0
1 0
1 0
1 0
1 0
1 0
1 0
1 0
1 0
1 0
1 0
1 0
1 0
1 0
1 0
1 0
1 0
1 0
1 0
1 0
1 0
1 0
1 0
1 0
1 0
1 0
1 0
1 0
1 0
1 0
1 0
1 0
1 0
1 0
1 0
1 0
1 0
1 0
1 0
1 0
1 0
1 0
1 0
1 0
1 0
1 0
1 0
1 0
1 0
1 0
1 0
1 0
1 0
1 0
1 0
1 0
1 0
1 0
1 0
1 0
1 0
1 0
1 0
1 0
1 0
1 0
1 0
1 0
1 0
1 0
1 0
1 0
1 0
1 0
1 0
1 0
1 0
1 0
1 0
1 0
1 0
1 0
1 0
1 0
1 0
1 0
1 0
1 0
1 0
1 0
1 0
1 0
1 0
1 0
1 0
1 0
1 0
1 0
1 0
1 0
1 0
1 0
1 0
1 0
1 0
1 0
1 0
1 0
1 0
1 0
1 0
1 0
1 0
1 0
1 0
1 0
1 0
1 0
1 0
1 0
1 0
1 0
1 0
1 0
1 0
1 0
1 0
1 0
1 0
1 0
1 0
1 0
1 0
1 0
1 0
1 0
1 0
1 0
1 0
1 0
1 0
1 0
1 0
1 0
1 0
1 0
1 0
1 0
1 0
1 0
1 0
1 0
1 0
1 0
1 0
1 0
1 0
1 0
1 0
1 0
1 0
1 0
1 0
1 0
1 0
1 0
1 0
1 0
1 0
1 0
1 0
1 0
1 0
1 0
1 0
1 0
1 0
1 0
1 0
1 0
1 0
1 0
1 0
1 0
1 0
1 0
1 0
1 0
1 0
1 0
1 0
1 0
1 0
1 0
1 0
1 0
1 0
1 0
1 0
1 0
1 0
1 0
1 0
1 0
1 0
1 0
1 0
1 0
1 0
1 0
1 0
1 0
1 0
1 0
1 0
1 0
1 0
1 0
1 0
1 0
1 0
1 0
1 0
1 0
1 0
1 0
1 0
1 0
1 0
1 0
1 0
1 0
1 0
1 0
1 0
1 0
1 0
1 0
1 0
1 0
1 0
1 0
1 0
1 0
1 0
1 0
1 0
1 0
1 0
1 0
1 0
1 0
1 0
1 0
1 0
1 0
1 0
1 0
1 0
1 0
1 0
1 0
1 0
1 0
1 0
1 0
1 0
1 0
1 0
1 0
1 0
1 0
1 0
1 0
1 0
1 0
1 0
1 0
1 0
1 0
1 0
1 0
1 0
1 0
1 0
1 0
1 0
1 0
1 0
1 0
1 0
1 0
1 0
1 0
1 0
1 0
1 0
1 0
1 0
1 0
1 0
1 0
1 0
1 0
1 0
1 0
1 0
1 0
1 0
1 0
1 0
1 0
1 0
1 0
1 0
1 0
1 0
1 0
1 0
1 0
1 0
1 0
1 0
1 0
1 0
1 0
1 0
1 0
1 0
1 0
1 0
1 0
1 0
1 0
1 0
1 0
1 0
1 0
1 0
1 0
1 0
1 0
1 0
1 0
1 0
1 0
1 0
1 0
1 0
1 0
1 0
1 0
1 0
1 0
1 0
1 0
1 0
1 0
1 0
1 0
1 0
1 0
1 0
1 0
1 0
1 0
1 0
1 0
1 0
1 0
1 0
1 0
1 0
1 0
1 0
1 0
1 0
1 0
1 0
1 0
1 0
1 0
1 0
1 0
1 0
1 0
1 0
1 0
1 0
1 0
1 0
1 0
1 0
1 0
1 0
1 0
1 0
1 0
1 0
1 0
1 0
1 0
1 0
1 0
1 0
1 0
1 0
1 0
1 0
1 0
1 0
1 0
1 0
1 0
1 0
1 0
1 0
1 0
1 0
1 0
1 0
1 0
1 0
1 0
1 0
1 0
1 0
1 0
1 0
1 0
1 0
1 0
1 0
1 0
1 0
1 0
1 0
1 0
1 0
1 0
1 0
1 0
1 0
1 0
1 0
1 0
1 0
1 0
1 0
1 0
1 0
1 0
1 0
1 0
1 0
1 0
1 0
1 0
1 0
1 0
1 0
1 0
1 0
1 0
1 0
1 0
1 0
1 0
1 0
1 0
1 0
1 0
1 0
1 0
1 0
1 0
1 0
1 0
1 0
1 0
1 0
1 0
1 0
1 0
1 0
1 0
1 0
1 0
1 0
1 0
1 0
1 0
1 0
1 0
1 0
1 0
1 0
1 0
1 0
1 0
1 0
1 0
1 0
1 0
1 0
1 0
1 0
1 0
1 0
1 0
1 0
1 0
1 0
1 0
1 0
1 0
1 0
1 0
1 0
1 0
1 0
1 0
1 0
1 0
1 0
1 0
1 0
1 0
1 0
1 0
1 0
1 0
1 0
1 0
1 0
1 0
1 0
1 0
1 0
1 0
1 0
1 0
1 0
1 0
1 0
1 0
1 0
1 0
1 0
1 0
1 0
1 0
1 0
1 0
1 0
1 0
1 0
1 0
1 0
1 0
1 0
1 0
1 0
1 0
1 0
1 0
1 0
1 0
1 0
1 0
1 0
1 0
1 0
1 0
1 0
1 0
1 0
1 0
1 0
1 0
1 0
1 0
1 0
1 0
1 0
1 0
1 0
1 0
1 0
1 0
1 0
