0 14
0 14
0 14
0 14
0 14
0 14
0 14
0 14
0 14
0 14
0 14
0 14
0 14
0 14
0 14
0 14
0 14
2 15
2 15
2 15
2 15
2 15
2 15
2 15
2 15
2 15
2 15
2 15
2 15
2 15
2 15
2 15
2 15
2 15
2 15
2 15
2 15
2 15
2 15
2 15
2 15
2 15
2 15
2 15
2 15
2 15
2 15
2 15
2 15
2 15
2 15
2 15
2 15
2 15
2 15
2 15
2 15
2 15
0 20
0 20
0 20
0 20
0 20
0 20
0 20
0 20
0 20
0 20
0 20
0 20
0 20
0 20
0 20
0 20
0 20
0 20
0 20
0 20
0 20
0 20
0 20
0 20
0 20
0 20
0 20
0 20
0 20
0 20
0 20
0 20
0 20
0 20
0 20
0 20
0 20
0 20
0 20
0 20
2 25
2 25
2 25
2 25
2 25
2 25
2 25
2 25
2 25
2 25
2 25
2 25
2 25
2 25
2 25
2 25
2 25
2 25
2 25
2 25
2 25
2 25
2 25
2 25
2 25
2 25
2 25
2 25
2 25
2 25
2 25
2 25
2 25
2 25
2 25
2 33
2 33
2 33
2 33
2 33
2 33
2 33
2 33
2 33
2 33
2 33
2 33
2 33
2 33
2 33
2 33
2 33
2 33
2 33
2 33
2 33
2 33
2 33
2 33
2 33
2 33
2 33
5 32
5 32
5 32
5 32
5 32
5 32
5 32
5 32
5 32
5 32
5 32
5 32
5 32
5 32
9 35
9 35
9 35
9 35
9 35
9 35
9 35
9 35
9 35
9 35
9 35
9 35
9 35
9 35
9 35
9 35
9 35
9 35
9 35
5 31
5 31
5 31
5 31
5 31
5 31
5 31
5 31
5 31
5 31
5 31
5 31
5 31
5 31
5 31
5 31
5 31
5 31
5 31
5 31
5 31
5 31
5 31
5 31
5 31
5 31
5 31
5 31
5 31
5 31
5 31
5 31
5 31
5 31
5 31
5 31
5 31
5 31
5 31
5 31
5 31
5 31
5 31
5 31
5 31
5 31
5 31
5 31
5 31
5 31
11 34
11 34
11 34
11 34
11 34
11 34
11 34
11 34
11 34
11 34
11 34
11 34
11 34
11 34
11 34
11 34
11 34
11 34
11 34
11 34
11 34
11 34
11 34
11 34
14 46
14 46
14 46
14 46
14 46
14 46
14 46
14 46
14 46
14 46
14 46
14 46
14 46
14 46
14 46
14 46
14 46
14 46
14 46
14 46
16 42
16 42
16 42
16 42
16 42
16 42
16 42
16 42
16 42
16 42
16 42
16 42
16 42
16 42
16 42
16 42
16 42
16 42
16 42
16 42
16 42
16 42
16 42
16 42
16 42
16 42
16 42
16 42
16 42
16 42
16 42
16 42
16 42
16 42
16 42
16 42
16 42
16 42
16 42
16 42
16 42
16 42
16 42
16 42
16 42
16 42
16 42
16 42
16 42
16 42
16 42
16 42
16 42
16 42
16 42
17 41
17 41
17 41
17 41
17 41
17 41
17 41
17 41
17 41
17 41
17 41
17 41
17 41
17 41
17 41
17 41
17 41
17 41
17 41
17 41
17 41
17 41
17 41
17 41
17 41
15 47
15 47
15 47
15 47
15 47
15 47
15 47
15 47
15 47
15 47
15 47
15 47
15 47
15 47
15 47
15 47
15 47
15 47
15 47
15 47
15 47
15 47
15 47
15 47
15 47
15 47
15 47
15 47
15 47
15 47
15 47
15 47
15 47
15 47
15 47
15 47
15 47
15 47
15 47
15 47
15 47
15 47
15 47
15 47
15 47
20 48
20 48
20 48
20 48
20 48
20 48
20 48
20 48
20 48
20 48
20 48
20 48
20 48
20 48
20 48
20 48
20 48
20 48
20 48
20 48
20 48
20 48
20 48
19 47
19 47
19 47
19 47
19 47
19 47
19 47
19 47
19 47
19 47
19 47
19 47
19 47
19 47
19 47
19 47
19 47
19 47
19 47
19 47
19 47
19 47
19 47
15 49
15 49
15 49
15 49
15 49
15 49
15 49
15 49
15 49
15 49
15 49
15 49
15 49
15 49
15 49
15 49
15 49
15 49
15 49
15 49
15 49
15 49
15 49
15 49
15 49
15 49
15 49
15 49
15 49
15 49
15 49
15 49
15 49
15 49
15 49
15 49
15 49
15 49
15 49
15 49
15 49
15 49
15 49
15 49
15 49
15 49
20 49
20 49
20 49
20 49
20 49
20 49
20 49
20 49
20 49
20 49
20 49
20 49
20 49
20 49
20 49
20 49
20 49
20 49
20 49
20 49
20 49
20 49
20 49
20 49
20 49
20 49
20 49
20 49
20 49
20 49
20 49
20 49
20 49
20 49
20 49
20 49
20 49
20 49
20 49
20 49
20 49
20 49
20 49
20 49
20 49
20 49
20 49
20 49
22 50
22 50
22 50
22 50
22 50
22 50
22 50
22 50
22 50
22 50
22 50
22 50
22 50
22 50
22 50
22 50
22 50
22 50
22 50
22 50
22 50
22 47
22 47
22 47
22 47
22 47
22 47
22 47
22 47
22 47
22 47
22 47
22 47
22 47
22 47
22 47
22 47
22 47
22 47
22 47
22 47
22 47
22 47
22 47
22 47
22 47
22 47
22 47
22 50
22 50
22 50
22 50
22 50
22 50
22 50
22 50
22 50
22 50
22 50
22 50
22 50
22 50
22 50
22 50
22 50
22 50
22 50
22 50
22 50
23 47
23 47
23 47
23 47
23 47
23 47
23 47
23 47
23 47
23 47
23 47
23 47
23 47
23 47
23 47
23 47
23 47
23 47
23 47
23 47
23 47
23 47
23 47
23 47
23 47
23 47
23 47
23 47
23 47
23 47
23 47
23 47
23 47
23 47
23 47
23 47
23 47
23 47
23 47
23 47
23 47
24 48
24 48
24 48
24 48
24 48
24 48
24 48
24 48
24 48
24 48
24 48
24 48
24 48
24 48
24 48
24 48
24 48
24 48
24 48
31 51
31 51
31 51
31 51
31 51
31 51
31 51
31 51
31 51
31 51
31 51
31 51
31 51
31 51
31 51
31 51
31 51
31 51
31 51
31 51
31 51
31 51
31 51
31 51
31 51
31 51
31 51
31 51
31 51
31 51
31 51
31 51
31 51
31 51
31 51
31 51
31 51
31 51
31 51
31 51
31 51
31 51
31 51
31 51
31 51
31 51
27 48
27 48
27 48
27 48
27 48
27 48
27 48
27 48
27 48
27 48
27 48
27 48
27 48
27 48
27 48
27 48
27 48
27 48
27 48
27 48
27 48
27 48
27 47
27 47
27 47
27 47
27 47
27 47
27 47
27 47
27 47
27 47
27 47
27 47
27 47
27 47
27 47
27 47
27 47
27 47
27 47
27 47
27 47
27 47
27 47
27 47
27 47
33 49
33 49
33 49
33 49
33 49
33 49
33 49
33 49
33 49
33 49
33 49
33 49
33 49
33 49
33 49
33 49
33 49
33 49
33 49
33 49
33 49
33 49
33 49
33 49
33 49
33 49
33 49
33 49
33 49
33 49
33 49
33 49
33 49
33 49
33 49
33 49
33 49
33 49
33 49
33 49
33 49
33 49
33 49
33 49
33 49
29 46
29 46
29 46
29 46
29 46
29 46
29 46
29 46
29 46
29 46
29 46
29 46
29 46
29 46
29 46
29 46
29 46
29 46
29 46
29 46
29 46
29 46
29 46
29 46
34 45
34 45
34 45
34 45
34 45
34 45
34 45
34 45
34 45
34 45
34 45
34 45
34 45
34 45
34 45
34 45
34 45
34 45
34 45
34 45
34 45
34 45
34 45
34 45
30 43
30 43
30 43
30 43
30 43
30 43
30 43
30 43
30 43
30 43
30 43
30 43
30 43
30 43
30 43
30 43
30 43
30 43
30 43
30 43
30 43
30 43
30 43
30 43
30 43
30 43
30 43
30 43
30 43
30 43
30 43
30 43
30 43
30 43
30 43
30 43
30 43
30 43
30 43
30 43
30 43
30 43
30 43
30 43
30 43
30 43
30 43
30 43
30 43
30 43
30 43
30 43
30 43
30 43
30 43
30 43
30 43
30 43
30 43
30 43
30 43
30 43
30 43
30 43
30 43
30 43
30 43
30 43
30 43
33 46
33 46
33 46
33 46
33 46
33 46
33 46
33 46
33 46
33 46
33 46
33 46
33 46
33 46
33 46
33 46
33 46
33 46
33 46
33 46
33 46
33 46
33 46
33 46
33 46
33 46
33 46
33 46
33 46
33 46
33 46
33 46
33 46
33 46
33 46
33 46
33 46
33 46
33 46
33 46
33 46
33 46
33 46
33 46
33 46
33 46
33 46
33 46
33 46
33 46
33 46
33 46
33 46
33 42
33 42
33 42
33 42
33 42
33 42
33 42
33 42
33 42
33 42
33 42
33 42
33 42
33 42
33 42
33 42
33 42
33 42
33 42
33 42
33 42
33 42
33 42
37 44
37 44
37 44
37 44
37 44
37 44
37 44
37 44
37 44
37 44
37 44
37 44
37 44
37 44
37 44
37 44
37 44
37 44
37 44
37 44
37 44
37 44
37 44
37 44
37 44
37 44
37 44
37 44
37 44
37 44
37 44
37 44
37 44
37 44
37 44
37 44
37 44
37 44
37 44
37 44
37 44
37 44
37 44
37 44
37 44
37 44
37 44
37 44
37 44
35 32
35 32
35 32
35 32
35 32
35 32
35 32
35 32
35 32
35 32
35 32
35 32
35 32
35 32
35 32
35 32
35 32
35 32
35 32
35 32
35 32
35 32
35 32
35 32
36 39
36 39
36 39
36 39
36 39
36 39
36 39
36 39
36 39
36 39
36 39
36 39
36 39
36 39
36 39
36 39
36 39
36 39
36 39
36 39
36 39
36 39
36 39
36 39
36 39
36 39
42 36
42 36
42 36
42 36
42 36
42 36
42 36
42 36
42 36
42 36
42 36
42 36
42 36
42 36
42 36
42 36
42 36
42 36
42 36
42 36
42 36
42 36
42 36
42 36
42 36
42 36
42 36
42 36
42 36
42 36
42 36
42 36
42 36
42 36
42 36
42 36
42 36
42 36
42 36
42 36
42 36
42 36
42 36
42 36
42 36
42 36
42 36
42 36
42 36
42 36
42 35
42 35
42 35
42 35
42 35
42 35
42 35
42 35
42 35
42 35
42 35
42 35
42 35
42 35
42 35
42 35
42 35
42 35
42 35
38 31
38 31
38 31
38 31
38 31
38 31
38 31
38 31
38 31
38 31
38 31
38 31
38 31
38 31
38 31
38 31
38 31
38 31
38 31
38 31
38 31
38 31
38 31
38 31
38 31
38 31
38 31
38 31
38 31
42 31
42 31
42 31
42 31
42 31
42 31
42 31
42 31
42 31
42 31
42 31
42 31
42 31
42 31
42 31
42 31
42 31
42 31
42 31
42 31
42 31
42 31
42 31
42 31
42 31
42 31
42 31
42 31
42 31
42 31
42 31
42 31
42 31
42 31
42 31
42 31
42 31
42 31
42 31
42 31
42 31
42 31
42 31
42 31
42 31
42 31
41 30
41 30
41 30
41 30
41 30
41 30
41 30
41 30
41 30
41 30
41 30
41 30
41 30
41 30
41 30
41 30
41 30
41 30
41 30
41 30
41 30
41 30
41 30
41 30
41 30
38 32
38 32
38 32
38 32
38 32
38 32
38 32
38 32
38 32
38 32
38 32
38 32
38 32
38 32
38 32
38 32
38 32
38 32
38 32
38 32
38 32
38 32
38 32
38 32
39 28
39 28
39 28
39 28
39 28
39 28
39 28
39 28
39 28
39 28
39 28
39 28
39 28
39 28
39 28
39 28
39 28
39 28
39 28
39 28
39 28
39 28
39 28
39 28
39 28
39 28
39 28
39 28
39 28
39 28
39 28
39 28
39 28
39 28
39 28
39 28
39 28
39 28
38 23
38 23
38 23
38 23
38 23
38 23
38 23
38 23
38 23
38 23
38 23
38 23
38 23
38 23
38 23
38 23
38 23
38 23
38 23
38 23
38 23
38 23
38 23
38 23
41 25
41 25
41 25
41 25
41 25
41 25
41 25
41 25
41 25
41 25
41 25
41 25
41 25
41 25
41 25
41 25
41 25
41 25
41 25
41 25
41 25
41 25
41 25
41 25
41 25
41 25
41 25
41 25
41 25
41 25
41 25
41 25
41 25
41 25
41 25
41 25
41 25
41 25
41 25
41 25
41 25
41 25
41 25
41 25
44 26
44 26
44 26
44 26
44 26
44 26
44 26
44 26
44 26
44 26
44 26
44 26
44 26
44 26
44 26
44 26
44 26
44 26
44 26
44 26
44 26
44 26
47 21
47 21
47 21
47 21
47 21
47 21
47 21
47 21
47 21
47 21
47 21
47 21
47 21
47 21
47 21
47 21
47 21
47 21
47 21
47 21
47 21
47 21
47 21
47 21
47 21
47 21
47 21
47 21
47 21
47 21
47 21
47 21
47 21
47 21
47 21
47 21
47 21
47 21
47 21
47 21
47 21
47 21
47 21
47 21
47 21
47 21
47 21
47 21
47 21
47 21
47 21
47 21
43 21
43 21
43 21
43 21
43 21
43 21
43 21
43 21
43 21
43 21
43 21
43 21
43 21
43 21
43 21
43 21
43 21
43 21
43 21
43 21
43 21
43 21
41 14
41 14
41 14
41 14
41 14
41 14
41 14
41 14
41 14
41 14
41 14
41 14
41 14
41 14
41 14
41 14
41 14
41 14
41 14
41 14
41 14
41 14
41 14
41 14
41 14
44 18
44 18
44 18
44 18
44 18
44 18
44 18
44 18
44 18
44 18
44 18
44 18
44 18
44 18
44 18
44 18
44 18
44 18
44 18
44 18
44 18
44 18
44 18
44 18
44 18
44 18
44 18
44 18
44 18
44 18
44 18
44 18
44 18
44 18
44 18
44 18
44 18
44 18
44 18
44 18
44 18
44 18
40 7
40 7
40 7
40 7
40 7
40 7
40 7
40 7
40 7
40 7
40 7
40 7
40 7
40 7
40 7
40 7
40 7
40 7
40 7
40 7
40 7
40 7
42 15
42 15
42 15
42 15
42 15
42 15
42 15
42 15
42 15
42 15
42 15
42 15
42 15
42 15
42 15
42 15
42 15
42 15
42 15
42 15
42 15
42 15
42 15
42 15
35 18
35 18
35 18
35 18
35 18
35 18
35 18
35 18
35 18
35 18
35 18
35 18
35 18
35 18
35 18
35 18
35 18
35 18
35 18
35 18
35 18
35 18
35 18
35 18
35 18
35 18
35 18
35 18
35 18
35 18
35 18
35 18
35 18
35 18
35 18
35 18
35 18
35 18
35 18
35 18
35 18
35 18
35 18
35 18
35 18
35 18
35 18
35 18
43 18
43 18
43 18
43 18
43 18
43 18
43 18
43 18
43 18
43 18
43 18
43 18
43 18
43 18
43 18
43 18
43 18
43 18
43 18
43 18
43 18
43 18
43 18
43 18
41 16
41 16
41 16
41 16
41 16
41 16
41 16
41 16
41 16
41 16
41 16
41 16
41 16
41 16
41 16
41 16
41 16
41 16
41 16
41 16
41 16
41 16
41 16
41 16
41 16
41 16
37 10
37 10
37 10
37 10
37 10
37 10
37 10
37 10
37 10
37 10
37 10
37 10
37 10
37 10
37 10
37 10
37 10
37 10
37 10
37 10
37 10
37 10
37 10
37 10
37 10
37 10
37 10
37 10
37 10
37 10
37 10
37 10
37 10
37 10
37 10
37 10
37 10
37 10
37 10
37 10
37 10
37 10
37 10
37 10
37 10
37 10
37 10
37 10
37 10
42 12
42 12
42 12
42 12
42 12
42 12
42 12
42 12
42 12
42 12
42 12
42 12
42 12
42 12
42 12
42 12
42 12
42 12
42 12
39 13
39 13
39 13
39 13
39 13
39 13
39 13
39 13
39 13
39 13
39 13
39 13
39 13
39 13
39 13
39 13
39 13
39 13
39 13
39 13
39 13
39 13
39 13
39 13
39 13
39 13
39 13
39 13
39 13
39 13
39 13
39 13
39 13
39 13
39 13
39 13
39 13
39 13
39 13
39 13
39 13
39 13
39 13
39 13
39 13
39 13
39 13
39 13
40 9
40 9
40 9
40 9
40 9
40 9
40 9
40 9
40 9
40 9
40 9
40 9
40 9
40 9
40 9
40 9
40 9
40 9
40 9
40 9
40 9
40 9
40 9
40 9
40 9
46 7
46 7
46 7
46 7
46 7
46 7
46 7
46 7
46 7
46 7
46 7
46 7
46 7
46 7
46 7
46 7
46 7
46 7
46 7
46 7
46 7
46 7
42 8
42 8
42 8
42 8
42 8
42 8
42 8
42 8
42 8
42 8
42 8
42 8
42 8
42 8
42 8
42 8
42 8
42 8
42 8
42 8
42 8
42 8
42 8
42 8
42 8
42 8
42 8
42 8
42 8
42 8
42 8
42 8
42 8
42 8
42 8
42 8
42 8
42 8
42 8
42 8
51 4
51 4
51 4
51 4
51 4
51 4
51 4
51 4
51 4
51 4
51 4
51 4
51 4
51 4
51 4
51 4
51 4
51 4
51 4
51 4
51 4
51 4
51 4
51 4
48 3
48 3
48 3
48 3
48 3
48 3
48 3
48 3
48 3
48 3
48 3
48 3
48 3
48 3
48 3
48 3
48 3
48 3
48 3
48 3
48 3
48 3
48 3
48 3
48 3
48 3
48 3
48 3
48 3
48 3
48 3
48 3
48 3
48 3
48 3
48 3
48 3
48 3
48 3
48 3
48 3
48 3
48 3
48 3
48 3
48 3
48 3
48 3
48 3
44 -1
44 -1
44 -1
44 -1
44 -1
44 -1
44 -1
44 -1
44 -1
44 -1
44 -1
44 -1
44 -1
44 -1
44 -1
44 -1
44 -1
44 -1
44 -1
44 -1
44 -1
44 -1
45 0
45 0
45 0
45 0
45 0
45 0
45 0
45 0
45 0
45 0
45 0
45 0
45 0
45 0
45 0
45 0
45 0
45 0
45 0
45 0
45 0
45 0
45 0
47 4
47 4
47 4
47 4
47 4
47 4
47 4
47 4
47 4
47 4
47 4
47 4
47 4
47 4
47 4
47 4
47 4
47 4
47 4
47 4
47 4
47 4
47 4
47 4
47 4
47 4
47 4
47 4
47 4
47 4
47 4
47 4
47 4
47 4
47 4
47 4
47 4
47 4
47 4
47 4
47 4
47 4
46 -1
46 -1
46 -1
46 -1
46 -1
46 -1
46 -1
46 -1
46 -1
46 -1
46 -1
46 -1
46 -1
46 -1
46 -1
46 -1
46 -1
46 -1
46 -1
46 -1
46 -1
48 -2
48 -2
48 -2
48 -2
48 -2
48 -2
48 -2
48 -2
48 -2
48 -2
48 -2
48 -2
48 -2
48 -2
48 -2
48 -2
48 -2
48 -2
48 -2
48 -2
48 -2
48 -2
48 -2
48 -2
48 -2
48 -2
48 -2
48 -2
48 -2
48 -2
48 -2
48 -2
48 -2
48 -2
48 -2
48 -2
48 -2
48 -2
48 -2
48 -2
48 -2
48 -2
48 -2
48 -2
47 -1
47 -1
47 -1
47 -1
47 -1
47 -1
47 -1
47 -1
47 -1
47 -1
47 -1
47 -1
47 -1
47 -1
47 -1
43 -2
43 -2
43 -2
43 -2
43 -2
43 -2
43 -2
43 -2
43 -2
43 -2
43 -2
43 -2
43 -2
43 -2
45 -3
45 -3
45 -3
45 -3
45 -3
45 -3
45 -3
45 -3
45 -3
45 -3
45 -3
45 -3
45 -3
45 -3
45 -3
45 -3
45 -3
45 -3
45 -3
45 -3
45 -3
45 -3
45 -3
45 -3
45 -3
45 -3
45 -3
45 -3
45 -3
45 -3
45 -3
45 -3
45 -3
45 -3
45 -3
48 -6
48 -6
48 -6
48 -6
48 -6
48 -6
48 -6
48 -6
48 -6
48 -6
48 -6
48 -6
48 -6
48 -6
48 -6
48 -6
46 -9
46 -9
46 -9
46 -9
46 -9
46 -9
46 -9
46 -9
46 -9
46 -9
46 -9
46 -9
46 -9
46 -9
46 -9
46 -9
46 -9
46 -9
46 -9
46 -9
46 -9
46 -9
46 -9
46 -9
46 -9
46 -9
46 -9
46 -9
46 -9
46 -9
46 -9
46 -18
46 -18
46 -18
46 -18
46 -18
46 -18
46 -18
46 -18
46 -18
46 -18
46 -18
46 -18
46 -18
46 -18
46 -18
46 -18
48 -20
48 -20
48 -20
48 -20
48 -20
48 -20
48 -20
48 -20
48 -20
48 -20
48 -20
48 -20
48 -20
48 -20
48 -20
52 -24
52 -24
52 -24
52 -24
52 -24
52 -24
52 -24
52 -24
52 -24
52 -24
52 -24
52 -24
52 -24
52 -24
52 -24
52 -24
52 -24
52 -24
52 -24
52 -24
52 -24
52 -24
52 -24
52 -24
52 -24
52 -24
52 -24
52 -24
52 -24
52 -24
52 -24
52 -24
52 -24
52 -24
52 -24
52 -24
52 -24
52 -24
52 -24
52 -24
52 -24
52 -24
52 -24
52 -24
52 -24
52 -24
52 -24
52 -24
52 -24
52 -24
52 -24
59 -24
49 -23
49 -23
49 -23
49 -23
49 -23
49 -23
49 -23
49 -23
49 -23
49 -23
49 -23
49 -23
49 -23
49 -23
49 -23
53 -27
53 -27
53 -27
53 -27
53 -27
53 -27
53 -27
53 -27
53 -27
53 -27
53 -27
53 -27
53 -27
53 -27
53 -27
53 -27
53 -27
53 -27
53 -27
53 -27
53 -27
53 -27
53 -27
53 -27
53 -27
53 -27
53 -27
53 -27
53 -27
53 -27
53 -27
53 -27
53 -27
53 -27
53 -27
53 -27
53 -27
55 -25
55 -25
55 -25
55 -25
55 -25
55 -25
55 -25
55 -25
55 -25
55 -25
55 -25
55 -25
55 -25
55 -25
55 -25
55 -25
55 -25
55 -25
56 -24
56 -24
56 -24
56 -24
56 -24
56 -24
56 -24
56 -24
56 -24
56 -24
56 -24
56 -24
56 -24
56 -24
56 -24
56 -24
56 -24
56 -24
56 -24
56 -24
56 -24
56 -24
56 -24
56 -24
56 -24
56 -24
56 -24
56 -24
56 -24
56 -24
56 -24
56 -24
56 -24
56 -24
56 -24
56 -24
50 -32
50 -32
50 -32
50 -32
50 -32
50 -32
50 -32
50 -32
50 -32
50 -32
50 -32
50 -32
50 -32
50 -32
63 -33
63 -33
63 -33
63 -33
63 -33
63 -33
63 -33
63 -33
63 -33
63 -33
63 -33
63 -33
63 -33
63 -33
63 -33
63 -33
63 -33
63 -33
63 -33
63 -33
63 -33
63 -33
63 -33
63 -33
63 -33
63 -33
63 -33
63 -33
63 -33
63 -33
63 -33
63 -33
63 -33
63 -33
63 -33
63 -33
63 -33
56 -38
56 -38
56 -38
56 -38
56 -38
56 -38
56 -38
56 -38
56 -38
56 -38
56 -38
56 -38
56 -38
56 -38
56 -38
56 -38
56 -38
56 -38
56 -38
56 -38
54 -33
54 -33
54 -33
54 -33
54 -33
54 -33
54 -33
54 -33
54 -33
54 -33
54 -33
54 -33
54 -33
54 -33
54 -33
54 -33
54 -33
54 -33
51 -32
51 -32
51 -32
51 -32
51 -32
51 -32
51 -32
51 -32
51 -32
51 -32
51 -32
51 -32
51 -32
51 -32
51 -32
51 -32
51 -32
51 -32
51 -32
51 -32
51 -32
51 -32
51 -32
51 -32
51 -32
51 -32
51 -32
51 -32
51 -32
51 -32
51 -32
51 -32
51 -32
54 -38
54 -38
54 -38
54 -38
54 -38
54 -38
54 -38
54 -38
54 -38
54 -38
54 -38
54 -38
54 -38
54 -38
54 -38
51 -37
51 -37
51 -37
51 -37
51 -37
51 -37
51 -37
51 -37
51 -37
51 -37
51 -37
51 -37
51 -37
51 -37
51 -37
51 -37
51 -37
51 -37
46 -34
46 -34
46 -34
46 -34
46 -34
46 -34
46 -34
46 -34
46 -34
46 -34
46 -34
46 -34
46 -34
46 -34
46 -34
46 -34
46 -34
46 -34
46 -34
46 -34
46 -34
46 -34
46 -34
46 -34
46 -34
46 -34
46 -34
46 -34
46 -34
46 -34
46 -34
56 -39
56 -39
56 -39
56 -39
56 -39
56 -39
56 -39
56 -39
56 -39
56 -39
56 -39
56 -39
56 -39
56 -39
56 -39
56 -39
56 -39
56 -39
51 -39
51 -39
51 -39
51 -39
51 -39
51 -39
51 -39
51 -39
51 -39
51 -39
51 -39
51 -39
51 -39
51 -39
51 -39
51 -39
47 -35
47 -35
47 -35
47 -35
47 -35
47 -35
47 -35
47 -35
47 -35
47 -35
47 -35
47 -35
47 -35
47 -35
47 -35
47 -35
47 -35
47 -35
47 -35
47 -35
47 -35
47 -35
47 -35
47 -35
47 -35
47 -35
47 -35
47 -35
47 -35
47 -35
44 -44
44 -44
44 -44
44 -44
44 -44
44 -44
44 -44
44 -44
44 -44
44 -44
44 -44
44 -44
44 -44
44 -44
44 -44
44 -44
44 -44
47 -40
47 -40
47 -40
47 -40
47 -40
47 -40
47 -40
47 -40
47 -40
47 -40
47 -40
47 -40
47 -40
47 -40
47 -40
47 -40
47 -40
47 -40
47 -40
47 -40
47 -40
47 -40
47 -40
47 -40
47 -40
47 -40
47 -40
47 -40
47 -40
47 -40
47 -40
47 -43
47 -43
47 -43
47 -43
47 -43
47 -43
47 -43
47 -43
47 -43
47 -43
47 -43
47 -43
47 -43
47 -43
46 -47
46 -47
46 -47
46 -47
46 -47
46 -47
46 -47
46 -47
46 -47
46 -47
46 -47
46 -47
46 -47
46 -47
46 -47
46 -47
46 -47
46 -47
46 -47
46 -47
46 -47
46 -47
46 -47
46 -47
46 -47
46 -47
46 -47
46 -47
46 -47
46 -47
46 -47
46 -47
37 -50
37 -50
37 -50
37 -50
37 -50
37 -50
37 -50
37 -50
37 -50
37 -50
37 -50
37 -50
37 -50
37 -50
37 -50
37 -50
37 -50
36 -50
36 -50
36 -50
36 -50
36 -50
36 -50
36 -50
36 -50
36 -50
36 -50
36 -50
36 -50
36 -50
36 -50
36 -50
34 -52
34 -52
34 -52
34 -52
34 -52
34 -52
34 -52
34 -52
34 -52
34 -52
34 -52
34 -52
34 -52
34 -52
34 -52
34 -52
34 -52
34 -52
34 -52
34 -52
34 -52
34 -52
34 -52
34 -52
34 -52
34 -52
34 -52
34 -52
34 -52
34 -52
34 -52
34 -52
34 -52
34 -52
34 -52
36 -52
36 -52
36 -52
36 -52
36 -52
36 -52
36 -52
36 -52
36 -52
36 -52
36 -52
36 -52
36 -52
36 -52
36 -52
36 -52
36 -52
36 -52
36 -52
28 -61
28 -61
28 -61
28 -61
28 -61
28 -61
28 -61
28 -61
28 -61
28 -61
28 -61
28 -61
28 -61
28 -61
28 -61
28 -61
28 -61
28 -53
28 -53
28 -53
28 -53
28 -53
28 -53
28 -53
28 -53
28 -53
28 -53
28 -53
28 -53
28 -53
28 -53
28 -53
28 -53
28 -53
28 -53
28 -53
28 -53
28 -53
28 -53
28 -53
28 -53
28 -53
28 -53
28 -53
28 -53
28 -53
28 -53
28 -53
28 -53
28 -53
28 -53
26 -61
26 -61
26 -61
26 -61
26 -61
26 -61
26 -61
26 -61
26 -61
26 -61
26 -61
26 -61
26 -61
26 -61
26 -61
21 -55
21 -55
21 -55
21 -55
21 -55
21 -55
21 -55
21 -55
21 -55
21 -55
21 -55
21 -55
21 -55
21 -55
21 -55
21 -55
21 -55
21 -55
21 -55
21 -55
21 -55
21 -55
21 -55
21 -55
21 -55
21 -55
21 -55
21 -55
21 -55
21 -55
25 -59
25 -59
25 -59
25 -59
25 -59
25 -59
25 -59
25 -59
25 -59
25 -59
25 -59
25 -59
25 -59
25 -59
25 -59
25 -59
25 -59
22 -66
22 -66
22 -66
22 -66
22 -66
22 -66
22 -66
22 -66
22 -66
22 -66
22 -66
22 -66
22 -66
22 -66
22 -66
17 -63
17 -63
17 -63
17 -63
17 -63
17 -63
17 -63
17 -63
17 -63
17 -63
17 -63
17 -63
17 -63
17 -63
17 -63
17 -63
17 -63
17 -63
17 -63
17 -63
17 -63
17 -63
17 -63
17 -63
17 -63
17 -63
17 -63
17 -63
17 -63
17 -63
17 -63
17 -63
17 -63
17 -63
20 -63
20 -63
20 -63
20 -63
20 -63
20 -63
20 -63
20 -63
20 -63
20 -63
20 -63
20 -63
20 -63
20 -63
20 -63
20 -63
21 -71
21 -71
21 -71
21 -71
21 -71
21 -71
21 -71
21 -71
21 -71
21 -71
21 -71
21 -71
21 -71
21 -71
21 -71
21 -71
21 -71
21 -71
21 -71
21 -71
21 -71
21 -71
21 -71
21 -71
21 -71
21 -71
21 -71
21 -71
21 -71
21 -71
21 -71
21 -71
21 -71
18 -72
18 -72
18 -72
18 -72
18 -72
18 -72
18 -72
18 -72
18 -72
18 -72
18 -72
18 -72
18 -72
18 -72
18 -72
18 -72
18 -72
18 -72
11 -71
11 -71
11 -71
11 -71
11 -71
11 -71
11 -71
11 -71
11 -71
11 -71
11 -71
11 -71
11 -71
11 -71
11 -71
11 -71
11 -71
11 -71
11 -71
9 -75
9 -75
9 -75
9 -75
9 -75
9 -75
9 -75
9 -75
9 -75
9 -75
9 -75
9 -75
9 -75
9 -75
9 -75
9 -75
9 -75
9 -75
9 -75
9 -75
9 -75
9 -75
9 -75
9 -75
9 -75
9 -75
9 -75
9 -75
9 -75
9 -75
9 -75
9 -75
9 -75
9 -75
9 -75
9 -75
8 -63
8 -63
8 -63
8 -63
8 -63
8 -63
8 -63
8 -63
8 -63
8 -63
8 -63
8 -63
8 -63
8 -63
8 -63
8 -63
8 -63
7 -70
7 -70
7 -70
7 -70
7 -70
7 -70
7 -70
7 -70
7 -70
7 -70
7 -70
7 -70
7 -70
7 -70
7 -70
7 -70
7 -70
7 -70
7 -70
5 -68
5 -68
5 -68
5 -68
5 -68
5 -68
5 -68
5 -68
5 -68
5 -68
5 -68
5 -68
5 -68
5 -68
5 -68
5 -68
5 -68
5 -68
5 -68
5 -68
5 -68
5 -68
5 -68
5 -68
5 -68
5 -68
5 -68
5 -68
5 -68
2 -65
2 -65
2 -65
2 -65
2 -65
2 -65
2 -65
2 -65
2 -65
2 -65
2 -65
2 -65
2 -65
2 -65
2 -65
2 -65
2 -65
6 -70
6 -70
6 -70
6 -70
6 -70
6 -70
6 -70
6 -70
6 -70
6 -70
6 -70
6 -70
6 -70
6 -70
6 -70
6 -70
6 -70
6 -70
6 -70
6 -70
6 -70
6 -70
6 -70
6 -70
6 -70
6 -70
6 -70
6 -70
6 -70
6 -70
-4 -70
-4 -70
-4 -70
-4 -70
-4 -70
-4 -70
-4 -70
-4 -70
-4 -70
-4 -70
-4 -70
-4 -70
-4 -70
-4 -70
-4 -70
-4 -70
-4 -70
-4 -70
0 -69
0 -69
0 -69
0 -69
0 -69
0 -69
0 -69
0 -69
0 -69
0 -69
0 -69
0 -69
0 -69
0 -69
0 -69
0 -69
0 -69
0 -69
0 -69
0 -69
0 -69
-5 -66
-5 -66
-5 -66
-5 -66
-5 -66
-5 -66
-5 -66
-5 -66
-5 -66
-5 -66
-5 -66
-5 -66
-5 -66
-5 -66
-5 -66
-5 -66
-5 -66
-5 -66
-5 -66
-5 -66
-5 -66
-5 -66
-5 -66
-5 -66
-5 -66
-5 -66
-5 -66
-5 -66
-5 -66
-5 -66
-5 -66
-5 -66
-5 -66
-5 -66
-5 -66
-1 -75
-1 -75
-1 -75
-1 -75
-1 -75
-1 -75
-1 -75
-1 -75
-1 -75
-1 -75
-1 -75
-1 -75
-1 -75
-1 -75
-1 -75
-1 -75
-1 -75
-1 -75
-6 -72
-6 -72
-6 -72
-6 -72
-6 -72
-6 -72
-6 -72
-6 -72
-6 -72
-6 -72
-6 -72
-6 -72
-6 -72
-6 -72
-6 -72
-6 -72
-6 -72
-6 -72
-6 -72
-6 -72
-6 -72
-6 -72
-6 -72
-6 -72
-6 -72
-6 -72
-6 -72
-6 -72
-6 -72
-6 -72
-6 -72
-6 -72
-6 -72
-6 -72
-6 -72
-6 -72
-6 -72
-6 -72
-6 -72
-6 -72
-6 -72
-6 -72
-6 -72
-6 -72
-6 -72
-6 -72
-6 -72
-6 -72
-6 -72
-6 -72
-6 -72
-6 -72
-6 -72
-6 -72
-7 -74
-7 -74
-7 -74
-7 -74
-7 -74
-7 -74
-7 -74
-7 -74
-7 -74
-7 -74
-7 -74
-7 -74
-7 -74
-7 -74
-7 -74
-7 -74
-7 -74
-7 -74
-7 -74
-7 -74
-7 -74
-7 -74
-7 -74
-7 -74
-7 -74
-7 -74
-7 -74
-7 -74
-7 -74
-7 -74
-7 -74
-7 -74
-7 -74
-7 -74
-7 -74
-7 -74
-7 -74
-7 -74
-11 -74
-11 -74
-11 -74
-11 -74
-11 -74
-11 -74
-11 -74
-11 -74
-11 -74
-11 -74
-11 -74
-11 -74
-11 -74
-11 -74
-11 -74
-11 -74
-11 -74
-11 -74
-11 -77
-11 -77
-11 -77
-11 -77
-11 -77
-11 -77
-11 -77
-11 -77
-11 -77
-11 -77
-11 -77
-11 -77
-11 -77
-11 -77
-11 -77
-11 -77
-11 -77
-11 -77
-11 -77
-16 -77
-16 -77
-16 -77
-16 -77
-16 -77
-16 -77
-16 -77
-16 -77
-16 -77
-16 -77
-16 -77
-16 -77
-16 -77
-16 -77
-16 -77
-16 -77
-16 -77
-16 -77
-16 -77
-16 -77
-16 -77
-16 -77
-16 -77
-16 -77
-16 -77
-16 -77
-16 -77
-16 -77
-16 -77
-16 -77
-16 -77
-16 -77
-16 -77
-19 -81
-19 -81
-19 -81
-19 -81
-19 -81
-19 -81
-19 -81
-19 -81
-19 -81
-19 -81
-19 -81
-19 -81
-19 -81
-19 -81
-19 -81
-19 -81
-19 -81
-19 -81
-19 -81
-19 -81
-19 -81
-19 -81
-19 -81
-19 -81
-19 -81
-19 -81
-19 -81
-19 -81
-19 -81
-19 -81
-19 -81
-19 -81
-19 -81
-19 -81
-19 -81
-19 -81
-19 -81
-18 -78
-18 -78
-18 -78
-18 -78
-18 -78
-18 -78
-18 -78
-18 -78
-18 -78
-18 -78
-18 -78
-18 -78
-18 -78
-18 -78
-18 -78
-18 -78
-18 -78
-18 -78
-18 -78
-18 -78
-18 -78
-18 -78
-18 -78
-18 -78
-18 -78
-18 -78
-18 -78
-18 -78
-18 -78
-18 -78
-18 -78
-18 -78
-18 -78
-18 -78
-18 -78
-18 -78
-18 -78
-18 -78
-18 -78
-30 -75
-30 -75
-30 -75
-30 -75
-30 -75
-30 -75
-30 -75
-30 -75
-30 -75
-30 -75
-30 -75
-30 -75
-30 -75
-30 -75
-30 -75
-30 -75
-30 -75
-30 -75
-30 -75
-29 -75
-29 -75
-29 -75
-29 -75
-29 -75
-29 -75
-29 -75
-29 -75
-29 -75
-29 -75
-29 -75
-29 -75
-29 -75
-29 -75
-29 -75
-29 -75
-29 -75
-29 -75
-29 -75
-29 -75
-29 -75
-29 -75
-29 -75
-29 -75
-29 -75
-29 -75
-29 -75
-29 -75
-29 -75
-29 -75
-29 -75
-29 -75
-29 -75
-29 -75
-29 -75
-29 -75
-29 -75
-29 -75
-35 -76
-35 -76
-35 -76
-35 -76
-35 -76
-35 -76
-35 -76
-35 -76
-35 -76
-35 -76
-35 -76
-35 -76
-35 -76
-35 -76
-35 -76
-35 -76
-35 -76
-35 -76
-35 -76
-35 -76
-36 -75
-36 -75
-36 -75
-36 -75
-36 -75
-36 -75
-36 -75
-36 -75
-36 -75
-36 -75
-36 -75
-36 -75
-36 -75
-36 -75
-37 -80
-37 -80
-37 -80
-37 -80
-37 -80
-37 -80
-37 -80
-37 -80
-37 -80
-37 -80
-37 -80
-37 -80
-37 -80
-37 -80
-37 -80
-37 -80
-37 -80
-37 -80
-37 -80
-37 -80
-37 -80
-37 -80
-37 -80
-37 -80
-37 -80
-37 -80
-37 -80
-37 -80
-37 -80
-37 -80
-38 -53
-38 -53
-38 -53
-38 -53
-38 -53
-38 -53
-38 -53
-38 -53
-38 -53
-38 -53
-38 -53
-38 -53
-38 -53
-38 -53
-38 -53
-48 -69
-48 -69
-48 -69
-48 -69
-48 -69
-48 -69
-48 -69
-48 -69
-48 -69
-48 -69
-48 -69
-48 -69
-48 -69
-48 -69
-48 -69
-48 -69
-48 -69
-48 -69
-48 -69
-48 -69
-48 -69
-48 -69
-39 -60
-39 -60
-39 -60
-39 -60
-39 -60
-39 -60
-39 -60
-39 -60
-39 -60
-39 -60
-39 -60
-39 -60
-39 -60
-39 -60
-39 -60
-39 -60
-39 -60
-39 -60
-39 -60
-39 -60
-39 -60
-39 -60
-39 -60
-39 -60
-39 -60
-39 -60
-39 -60
-39 -60
-39 -60
-39 -60
-39 -60
-39 -60
-39 -60
-39 -60
-39 -60
-39 -60
-39 -60
-39 -60
-39 -60
-39 -60
-39 -60
-38 -65
-38 -65
-38 -65
-38 -65
-38 -65
-38 -65
-38 -65
-38 -65
-38 -65
-38 -65
-38 -65
-38 -65
-38 -65
-38 -65
-38 -65
-38 -65
-38 -65
-38 -65
-38 -65
-35 -64
-35 -64
-35 -64
-35 -64
-35 -64
-35 -64
-35 -64
-35 -64
-35 -64
-35 -64
-35 -64
-35 -64
-35 -64
-35 -64
-35 -64
-35 -64
-35 -64
-35 -64
-35 -64
-35 -64
-35 -64
-35 -64
-35 -64
-35 -64
-35 -64
-35 -64
-35 -64
-35 -64
-35 -64
-35 -64
-35 -64
-35 -64
-35 -64
-35 -64
-35 -64
-35 -64
-35 -64
-35 -64
-35 -64
-35 -64
-35 -64
-35 -64
-35 -64
-35 -64
-35 -64
-35 -64
-35 -64
-35 -64
-35 -64
-35 -64
-35 -64
-35 -64
-35 -64
-35 -64
-35 -64
-35 -64
-35 -64
-35 -64
-35 -68
-35 -68
-35 -68
-35 -68
-35 -68
-35 -68
-35 -68
-35 -68
-35 -68
-35 -68
-35 -68
-35 -68
-35 -68
-35 -68
-35 -68
-35 -68
-35 -68
-28 -64
-28 -64
-28 -64
-28 -64
-28 -64
-28 -64
-28 -64
-28 -64
-28 -64
-28 -64
-28 -64
-28 -64
-28 -64
-28 -64
-28 -64
-28 -64
-28 -64
-28 -64
-28 -64
-28 -64
-28 -64
-28 -64
-28 -64
-28 -64
-28 -64
-28 -64
-28 -64
-28 -64
-28 -64
-28 -64
-28 -64
-28 -64
-28 -64
-28 -64
-28 -64
-28 -64
-28 -64
-28 -64
-28 -64
-28 -64
-28 -64
-28 -64
-28 -64
-28 -64
-28 -64
-28 -64
-28 -64
-28 -64
-28 -64
-28 -64
-28 -64
-28 -64
-28 -64
-28 -64
-29 -59
-27 -53
-27 -53
-27 -53
-27 -53
-27 -53
-27 -53
-27 -53
-27 -53
-27 -53
-27 -53
-27 -53
-27 -53
-27 -53
-27 -53
-27 -53
-27 -53
-27 -53
-27 -53
-27 -53
-27 -53
-27 -53
-27 -53
-27 -53
-27 -53
-27 -53
-27 -53
-27 -53
-27 -53
-27 -53
-27 -53
-27 -53
-27 -53
-27 -53
-27 -53
-30 -58
-30 -58
-30 -58
-30 -58
-30 -58
-30 -58
-30 -58
-30 -58
-30 -58
-30 -58
-30 -58
-30 -58
-30 -58
-30 -58
-30 -58
-30 -58
-30 -58
-30 -58
-31 -47
-31 -47
-31 -47
-31 -47
-31 -47
-31 -47
-31 -47
-31 -47
-31 -47
-31 -47
-31 -47
-31 -47
-31 -47
-31 -47
-31 -47
-31 -47
-31 -47
-26 -47
-26 -47
-26 -47
-26 -47
-26 -47
-26 -47
-26 -47
-26 -47
-26 -47
-26 -47
-26 -47
-26 -47
-26 -47
-26 -47
-26 -47
-26 -47
-26 -47
-26 -47
-26 -47
-26 -47
-26 -47
-26 -47
-26 -47
-26 -47
-26 -47
-26 -47
-26 -47
-26 -47
-26 -47
-26 -47
-26 -47
-31 -51
-31 -51
-31 -51
-31 -51
-31 -51
-31 -51
-31 -51
-31 -51
-31 -51
-31 -51
-31 -51
-31 -51
-31 -51
-31 -51
-31 -51
-31 -51
-31 -51
-25 -54
-25 -54
-25 -54
-25 -54
-25 -54
-25 -54
-25 -54
-25 -54
-25 -54
-25 -54
-25 -54
-25 -54
-25 -54
-25 -54
-25 -54
-25 -54
-25 -54
-25 -54
-25 -54
-25 -54
-25 -54
-25 -54
-25 -54
-25 -54
-25 -54
-25 -54
-25 -54
-25 -54
-25 -54
-25 -54
-25 -54
-32 -45
-32 -45
-32 -45
-32 -45
-32 -45
-32 -45
-32 -45
-32 -45
-32 -45
-32 -45
-32 -45
-32 -45
-32 -45
-32 -45
-32 -45
-32 -45
-32 -48
-32 -48
-32 -48
-32 -48
-32 -48
-32 -48
-32 -48
-32 -48
-32 -48
-32 -48
-32 -48
-32 -48
-32 -48
-32 -48
-32 -48
-32 -48
-32 -48
-32 -48
-32 -48
-32 -48
-34 -48
-34 -48
-34 -48
-34 -48
-34 -48
-34 -48
-34 -48
-34 -48
-34 -48
-34 -48
-34 -48
-34 -48
-34 -48
-34 -48
-34 -48
-34 -48
-34 -48
-34 -48
-34 -48
-34 -48
-34 -48
-34 -48
-34 -48
-34 -48
-34 -48
-34 -48
-34 -48
-34 -48
-34 -48
-34 -48
-34 -48
-34 -48
-34 -48
-34 -48
-34 -48
-34 -48
-34 -48
-34 -48
-34 -48
-34 -48
-41 -48
-41 -48
-41 -48
-41 -48
-41 -48
-41 -48
-41 -48
-41 -48
-41 -48
-41 -48
-41 -48
-41 -48
-41 -48
-41 -48
-41 -48
-41 -48
-41 -48
-41 -48
-41 -48
-41 -48
-42 -46
-42 -46
-42 -46
-42 -46
-42 -46
-42 -46
-42 -46
-42 -46
-42 -46
-42 -46
-42 -46
-42 -46
-42 -46
-42 -46
-42 -46
-42 -46
-42 -46
-44 -51
-44 -51
-44 -51
-44 -51
-44 -51
-44 -51
-44 -51
-44 -51
-44 -51
-44 -51
-44 -51
-44 -51
-44 -51
-44 -51
-44 -51
-44 -51
-44 -51
-44 -51
-44 -51
-44 -51
-44 -51
-44 -51
-44 -51
-44 -51
-44 -51
-44 -51
-44 -51
-44 -51
-44 -51
-44 -51
-44 -51
-44 -51
-44 -51
-44 -51
-44 -51
-44 -51
-44 -51
-44 -51
-44 -51
-44 -51
-44 -51
-44 -51
-44 -51
-44 -51
-44 -51
-44 -51
-44 -51
-44 -51
-44 -49
-42 -47
-42 -47
-42 -47
-42 -47
-42 -47
-42 -47
-42 -47
-42 -47
-42 -47
-42 -47
-42 -47
-42 -47
-42 -47
-42 -47
-42 -47
-42 -47
-42 -47
-42 -47
-42 -47
-42 -47
-42 -47
-42 -47
-42 -47
-42 -47
-42 -47
-42 -47
-42 -47
-42 -47
-42 -47
-42 -47
-42 -47
-42 -47
-42 -47
-42 -47
-42 -47
-48 -44
-48 -44
-48 -44
-48 -44
-48 -44
-48 -44
-48 -44
-48 -44
-48 -44
-48 -44
-48 -44
-48 -44
-48 -44
-48 -44
-48 -44
-48 -44
-48 -44
-48 -44
-52 -50
-52 -50
-52 -50
-52 -50
-52 -50
-52 -50
-52 -50
-52 -50
-52 -50
-52 -50
-52 -50
-52 -50
-52 -50
-52 -50
-52 -50
-52 -50
-52 -50
-52 -50
-55 -42
-55 -42
-55 -42
-55 -42
-55 -42
-55 -42
-55 -42
-55 -42
-55 -42
-55 -42
-55 -42
-55 -42
-55 -42
-55 -42
-55 -42
-55 -42
-55 -42
-55 -42
-55 -42
-55 -42
-55 -42
-55 -42
-55 -42
-55 -42
-55 -42
-55 -42
-55 -42
-55 -42
-55 -42
-55 -42
-55 -42
-47 -33
-47 -33
-47 -33
-47 -33
-47 -33
-47 -33
-47 -33
-47 -33
-47 -33
-47 -33
-47 -33
-47 -33
-47 -33
-47 -33
-47 -33
-47 -33
-47 -33
-47 -33
-61 -36
-61 -36
-61 -36
-61 -36
-61 -36
-61 -36
-61 -36
-61 -36
-61 -36
-61 -36
-61 -36
-61 -36
-61 -36
-61 -36
-61 -36
-61 -36
-61 -36
-61 -36
-53 -31
-53 -31
-53 -31
-53 -31
-53 -31
-53 -31
-53 -31
-53 -31
-53 -31
-53 -31
-53 -31
-53 -31
-53 -31
-53 -31
-53 -31
-53 -31
-53 -31
-53 -31
-53 -31
-53 -31
-53 -31
-53 -31
-53 -31
-53 -31
-53 -31
-53 -31
-53 -31
-53 -31
-53 -31
-53 -31
-53 -31
-53 -31
-53 -31
-61 -27
-61 -27
-61 -27
-61 -27
-61 -27
-61 -27
-61 -27
-61 -27
-61 -27
-61 -27
-61 -27
-61 -27
-61 -27
-61 -27
-61 -27
-61 -27
-61 -27
-58 -27
-58 -27
-58 -27
-58 -27
-58 -27
-58 -27
-58 -27
-58 -27
-58 -27
-58 -27
-58 -27
-58 -27
-58 -27
-58 -27
-58 -27
-58 -27
-58 -27
-58 -27
-58 -27
-58 -27
-58 -27
-58 -27
-58 -27
-58 -27
-58 -27
-58 -27
-58 -27
-58 -27
-58 -27
-58 -27
-58 -27
-58 -27
-58 -27
-58 -27
-58 -27
-58 -27
-60 -22
-60 -22
-60 -22
-60 -22
-60 -22
-60 -22
-60 -22
-60 -22
-60 -22
-60 -22
-60 -22
-60 -22
-60 -22
-60 -22
-60 -22
-60 -22
-60 -22
-60 -22
-64 -23
-64 -23
-64 -23
-64 -23
-64 -23
-64 -23
-64 -23
-64 -23
-64 -23
-64 -23
-64 -23
-64 -23
-64 -23
-64 -23
-64 -23
-64 -23
-64 -23
-64 -23
-64 -23
-62 -19
-62 -19
-62 -19
-62 -19
-62 -19
-62 -19
-62 -19
-62 -19
-62 -19
-62 -19
-62 -19
-62 -19
-62 -19
-62 -19
-62 -19
-62 -19
-62 -19
-62 -19
-62 -19
-62 -19
-62 -19
-62 -19
-62 -19
-62 -19
-62 -19
-62 -19
-62 -19
-62 -19
-62 -19
-62 -19
-62 -19
-62 -19
-62 -19
-62 -19
-62 -19
-62 -19
-57 -17
-57 -17
-57 -17
-57 -17
-57 -17
-57 -17
-57 -17
-57 -17
-57 -17
-57 -17
-57 -17
-57 -17
-57 -17
-57 -17
-57 -17
-57 -17
-57 -17
-53 -12
-53 -12
-53 -12
-53 -12
-53 -12
-53 -12
-53 -12
-53 -12
-53 -12
-53 -12
-53 -12
-53 -12
-53 -12
-53 -12
-53 -12
-53 -12
-53 -12
-53 -12
-53 -12
-53 -12
-53 -12
-53 -12
-53 -12
-53 -12
-53 -12
-53 -12
-53 -12
-53 -12
-53 -12
-53 -12
-53 -12
-53 -12
-53 -12
-53 -12
-53 -12
-53 -12
-53 -12
-53 -12
-54 -7
-54 -7
-54 -7
-54 -7
-54 -7
-54 -7
-54 -7
-54 -7
-54 -7
-54 -7
-54 -7
-54 -7
-54 -7
-54 -7
-54 -7
-54 -7
-54 -7
-54 -7
-54 -7
-54 -7
-54 -7
-54 -7
-54 -7
-54 -7
-54 -7
-54 -7
-54 -7
-54 -7
-54 -7
-54 -7
-54 -7
-54 -7
-54 -7
-54 -7
-58 -4
-58 -4
-58 -4
-58 -4
-58 -4
-58 -4
-58 -4
-58 -4
-58 -4
-58 -4
-58 -4
-58 -4
-58 -4
-58 -4
-58 -4
-55 -3
-55 -3
-55 -3
-55 -3
-55 -3
-55 -3
-55 -3
-55 -3
-55 -3
-55 -3
-55 -3
-55 -3
-55 -3
-55 -3
-55 -3
-55 -3
-55 -3
-55 -3
-55 -3
-56 0
-56 0
-56 0
-56 0
-56 0
-56 0
-56 0
-56 0
-56 0
-56 0
-56 0
-56 0
-56 0
-56 0
-56 0
-56 0
-56 0
-56 0
-56 0
-56 0
-59 -1
-59 -1
-59 -1
-59 -1
-59 -1
-59 -1
-59 -1
-59 -1
-59 -1
-59 -1
-59 -1
-59 -1
-59 -1
-59 -1
-59 -1
-59 -1
-59 -1
-59 -1
-59 -1
-59 -1
-59 -1
-59 -1
-59 -1
-59 -1
-59 -1
-59 -1
-59 -1
-59 -1
-59 -1
-59 -1
-59 -1
-59 -1
-59 -1
-59 -1
-59 -1
-59 -1
-59 -1
-59 -1
-66 -1
-66 -1
-66 -1
-66 -1
-66 -1
-66 -1
-66 -1
-66 -1
-66 -1
-66 -1
-66 -1
-66 -1
-66 -1
-66 -1
-66 -1
-66 -1
-66 -1
-66 -1
-66 -1
-64 1
-64 1
-64 1
-64 1
-64 1
-64 1
-64 1
-64 1
-64 1
-64 1
-64 1
-64 1
-64 1
-64 1
-64 1
-64 1
-64 1
-64 1
-67 5
-67 5
-67 5
-67 5
-67 5
-67 5
-67 5
-67 5
-67 5
-67 5
-67 5
-67 5
-67 5
-67 5
-67 5
-67 5
-67 5
-67 5
-67 5
-67 5
-67 5
-67 5
-67 5
-67 5
-67 5
-67 5
-67 5
-67 5
-67 5
-67 5
-67 5
-67 5
-67 5
-67 5
-67 5
-67 5
-67 5
-67 5
-73 7
-73 7
-73 7
-73 7
-73 7
-73 7
-73 7
-73 7
-73 7
-73 7
-73 7
-73 7
-73 7
-73 7
-73 7
-85 10
-85 10
-85 10
-85 10
-85 10
-85 10
-85 10
-85 10
-85 10
-85 10
-85 10
-85 10
-85 10
-85 10
-85 10
-85 10
-85 10
-85 10
-80 12
-80 12
-80 12
-80 12
-80 12
-80 12
-80 12
-80 12
-80 12
-80 12
-80 12
-80 12
-80 12
-80 12
-80 12
-80 12
-80 12
-80 12
-80 12
-80 12
-80 12
-80 12
-80 12
-80 12
-80 12
-80 12
-80 12
-80 12
-80 12
-80 12
-80 12
-80 12
-80 12
-80 12
-80 12
-92 14
-92 14
-92 14
-92 14
-92 14
-92 14
-92 14
-92 14
-92 14
-92 14
-92 14
-92 14
-92 14
-92 14
-92 14
-92 14
-92 14
-92 14
-90 19
-90 19
-90 19
-90 19
-90 19
-90 19
-90 19
-90 19
-90 19
-90 19
-90 19
-90 19
-90 19
-90 19
-90 19
-90 19
-90 19
-90 19
-90 19
-90 19
-90 19
-90 19
-90 19
-90 19
-90 19
-90 19
-90 19
-90 19
-90 19
-90 19
-90 19
-90 19
-90 19
-90 19
-90 19
-90 19
-90 19
-90 24
-90 24
-90 24
-90 24
-90 24
-90 24
-90 24
-90 24
-90 24
-90 24
-90 24
-90 24
-90 24
-90 24
-90 24
-90 24
-90 24
-90 24
-100 33
-100 33
-100 33
-100 33
-100 33
-100 33
-100 33
-100 33
-100 33
-100 33
-100 33
-100 33
-100 33
-100 33
-100 33
-100 33
-100 33
-100 33
-100 33
-77 33
-77 33
-77 33
-77 33
-77 33
-77 33
-77 33
-77 33
-77 33
-77 33
-77 33
-77 33
-77 33
-77 33
-77 33
-77 33
-77 33
-77 33
-77 33
-77 33
-77 33
-77 33
-77 33
-77 33
-77 33
-77 33
-77 33
-77 33
-77 33
-77 33
-77 33
-77 33
-97 34
-97 34
-97 34
-97 34
-97 34
-97 34
-97 34
-97 34
-97 34
-97 34
-97 34
-97 34
-97 34
-97 34
-97 34
-97 34
-97 34
-97 34
-95 42
-95 42
-95 42
-95 42
-95 42
-95 42
-95 42
-95 42
-95 42
-95 42
-95 42
-95 42
-95 42
-95 42
-95 42
-95 42
-95 42
-95 42
-95 42
-95 42
-95 42
-95 42
-95 42
-95 42
-95 42
-95 42
-95 42
-95 42
-95 42
-95 42
-95 42
-95 42
-95 42
-95 42
-95 42
-95 42
-95 42
-95 42
-95 42
-95 42
-87 47
-87 47
-87 47
-87 47
-87 47
-87 47
-87 47
-87 47
-87 47
-87 47
-87 47
-87 47
-87 47
-87 47
-93 53
-93 53
-93 53
-93 53
-93 53
-93 53
-93 53
-93 53
-93 53
-93 53
-93 53
-93 53
-93 53
-93 53
-93 53
-93 59
-93 59
-93 59
-93 59
-93 59
-93 59
-93 59
-93 59
-93 59
-93 59
-93 59
-93 59
-93 59
-93 59
-93 59
-93 59
-93 59
-93 59
-93 59
-93 59
-93 59
-93 59
-93 59
-93 59
-93 59
-93 59
-93 59
-93 59
-93 59
-93 59
-93 59
-93 59
-93 59
-93 59
-93 59
-93 59
-93 59
-93 59
-93 59
-93 59
-93 59
-93 59
-97 60
-97 60
-97 60
-97 60
-97 60
-97 60
-97 60
-97 60
-97 60
-97 60
-97 60
-97 60
-97 60
-97 60
-97 60
-97 60
-97 60
-97 60
-97 60
-97 60
-97 60
-97 60
-97 60
-97 60
-97 60
-97 60
-97 60
-97 60
-97 60
-97 60
-97 60
-97 60
-97 60
-97 60
-97 60
-97 60
-97 60
-97 60
-97 60
-97 60
-97 60
-97 60
-97 60
-97 60
-97 60
-97 60
-97 60
-90 61
-90 61
-90 61
-90 61
-90 61
-90 61
-90 61
-90 61
-90 61
-90 61
-90 61
-90 61
-90 61
-90 61
-90 61
-90 61
-90 61
-90 61
-90 61
-90 61
-90 61
-90 61
-90 61
-90 61
-90 61
-90 61
-83 73
-83 73
-83 73
-83 73
-83 73
-83 73
-83 73
-83 73
-83 73
-83 73
-83 73
-83 73
-83 73
-83 73
-83 73
-83 73
-83 73
-83 73
-83 73
-83 73
-83 73
-83 73
-83 73
-83 73
-69 63
-69 63
-69 63
-69 63
-69 63
-69 63
-69 63
-69 63
-69 63
-69 63
-69 63
-69 63
-69 63
-69 63
-69 63
-69 63
-69 63
-69 63
-69 63
-69 63
-69 63
-69 63
-69 63
-75 68
-75 68
-75 68
-75 68
-75 68
-75 68
-75 68
-75 68
-75 68
-75 68
-75 68
-75 68
-75 68
-75 68
-75 68
-75 68
-75 68
-75 68
-75 68
-75 68
-75 68
-75 68
-75 68
-75 68
-75 68
-75 68
-75 68
-75 68
-75 68
-75 68
-75 68
-75 68
-75 68
-75 68
-75 68
-75 68
-75 68
-75 68
-75 68
-75 68
-75 68
-65 71
-65 71
-65 71
-65 71
-65 71
-65 71
-65 71
-65 71
-65 71
-65 71
-65 71
-65 71
-65 71
-65 71
-65 71
-65 71
-65 71
-65 71
-65 71
-65 71
-65 71
-65 71
-65 71
-65 71
-65 71
-65 71
-65 71
-65 71
-65 71
-53 76
-53 76
-53 76
-53 76
-53 76
-53 76
-53 76
-53 76
-53 76
-53 76
-53 76
-53 76
-53 76
-53 76
-53 76
-53 76
-53 76
-53 76
-53 76
-53 76
-53 76
-53 76
-53 76
-53 76
-53 76
-53 76
-53 76
-53 76
-53 76
-53 76
-53 76
-53 76
-53 76
-53 76
-53 76
-53 76
-53 76
-53 76
-53 76
-53 76
-53 76
-53 76
-53 76
-53 76
-53 76
-53 76
-53 76
-62 90
-62 90
-62 90
-62 90
-62 90
-62 90
-62 90
-62 90
-62 90
-62 90
-62 90
-62 90
-62 90
-62 90
-62 90
-62 90
-62 90
-62 90
-62 90
-62 90
-62 90
-62 90
-62 90
-47 75
-47 75
-47 75
-47 75
-47 75
-47 75
-47 75
-47 75
-47 75
-47 75
-47 75
-47 75
-47 75
-47 75
-47 75
-47 75
-47 75
-47 75
-47 75
-47 75
-47 75
-47 75
-47 75
-47 75
-47 75
-47 75
-47 75
-47 75
-47 75
-47 75
-47 75
-47 75
-47 75
-47 75
-47 75
-47 75
-47 75
-47 75
-47 75
-47 75
-47 75
-52 85
-52 85
-52 85
-52 85
-52 85
-52 85
-52 85
-52 85
-52 85
-52 85
-52 85
-52 85
-52 85
-52 85
-52 85
-52 85
-52 85
-49 89
-49 89
-49 89
-49 89
-49 89
-49 89
-49 89
-49 89
-49 89
-49 89
-49 89
-49 89
-49 89
-49 89
-49 89
-49 89
-49 89
-49 89
-37 90
-37 90
-37 90
-37 90
-37 90
-37 90
-37 90
-37 90
-37 90
-37 90
-37 90
-37 90
-37 90
-37 90
-37 90
-37 90
-37 90
-37 90
-35 87
-35 87
-35 87
-35 87
-35 87
-35 87
-35 87
-35 87
-35 87
-35 87
-35 87
-35 87
-35 87
-35 87
-35 87
-35 87
-35 87
-35 87
-35 87
-35 87
-35 87
-35 87
-35 87
-35 87
-35 87
-35 87
-35 87
-35 87
-35 87
-35 87
-35 87
-35 87
-35 87
-35 87
-35 87
-35 87
-35 87
-35 87
-35 87
-35 87
-35 87
-35 87
-35 87
-35 87
-35 87
-35 87
-35 87
-35 87
-35 87
-35 87
-35 87
-35 87
-35 87
-35 87
-35 87
-35 87
-35 87
-36 98
-31 93
-31 93
-31 93
-31 93
-31 93
-31 93
-31 93
-31 93
-31 93
-31 93
-31 93
-31 93
-31 93
-31 93
-31 93
-31 93
-31 93
-31 93
-31 93
-31 93
-31 93
-31 93
-31 93
-31 93
-31 93
-31 93
-31 93
-31 93
-31 93
-31 93
-31 93
-31 93
-31 93
-31 93
-31 93
-31 93
-31 93
-31 93
-31 93
-23 90
-23 90
-23 90
-23 90
-23 90
-23 90
-23 90
-23 90
-23 90
-23 90
-23 90
-23 90
-23 90
-23 90
-23 90
-23 90
-23 90
-21 86
-21 86
-21 86
-21 86
-21 86
-21 86
-21 86
-21 86
-21 86
-21 86
-21 86
-21 86
-21 86
-21 86
-21 86
-21 86
-21 86
-24 96
-24 96
-24 96
-24 96
-24 96
-24 96
-24 96
-24 96
-24 96
-24 96
-24 96
-24 96
-24 96
-24 96
-24 96
-24 96
-24 96
-24 96
-24 96
-24 96
-24 96
-24 96
-24 96
-24 96
-24 96
-24 96
-24 96
-24 96
-24 96
-24 96
-24 96
-24 96
-24 96
-11 96
-11 96
-11 96
-11 96
-11 96
-11 96
-11 96
-11 96
-11 96
-11 96
-11 96
-11 96
-11 96
-11 96
-11 96
-11 96
-11 96
-11 96
-11 96
-12 88
-12 88
-12 88
-12 88
-12 88
-12 88
-12 88
-12 88
-12 88
-12 88
-12 88
-12 88
-12 88
-12 88
-12 88
-12 88
-12 88
-12 88
-12 88
-12 88
-12 88
-12 88
-12 88
-12 88
-12 88
-12 88
-12 88
-12 88
-12 88
-12 88
-12 88
-12 88
-12 88
-10 93
-10 93
-10 93
-10 93
-10 93
-10 93
-10 93
-10 93
-10 93
-10 93
-10 93
-10 93
-10 93
-10 93
-10 93
-7 90
-7 90
-7 90
-7 90
-7 90
-7 90
-7 90
-7 90
-7 90
-7 90
-7 90
-7 90
-7 90
-7 90
-7 90
-7 90
-7 90
-4 94
-4 94
-4 94
-4 94
-4 94
-4 94
-4 94
-4 94
-4 94
-4 94
-4 94
-4 94
-4 94
-4 94
-4 94
-4 94
-4 94
-4 94
-4 94
-4 94
-4 94
-4 94
-4 94
-4 94
-4 94
-4 94
-4 94
-4 94
-4 94
-4 94
-4 94
-4 94
-4 94
-4 94
-4 94
-4 94
-4 94
-4 94
-4 94
-4 94
-4 94
-4 94
-4 94
-4 94
-4 94
-4 94
-4 94
-4 94
-4 94
-4 94
-4 94
-4 94
-4 94
-4 94
1 86
1 86
1 86
1 86
1 86
1 86
1 86
1 86
1 86
1 86
1 86
1 86
1 86
1 86
1 86
1 86
1 86
1 83
1 83
1 83
1 83
1 83
1 83
1 83
1 83
1 83
1 83
1 83
1 83
1 83
1 83
1 83
1 83
1 83
1 83
1 83
1 83
1 83
1 83
1 83
1 83
1 83
1 83
1 83
1 83
1 83
1 83
-3 70
-3 70
-3 70
-3 70
-3 70
-3 70
-3 70
-3 70
-3 70
-3 70
-3 70
-3 70
-3 70
-3 70
-3 70
-3 70
-3 70
2 62
2 62
2 62
2 62
2 62
2 62
2 62
2 62
2 62
2 62
2 62
2 62
2 62
2 62
2 62
2 62
2 62
2 62
2 62
2 62
2 62
2 62
2 62
2 62
2 62
2 62
2 62
2 62
2 62
2 62
2 62
2 62
2 62
2 62
2 62
2 62
-2 52
-2 52
-2 52
-2 52
-2 52
-2 52
-2 52
-2 52
-2 52
-2 52
-2 52
-2 52
-2 52
-2 52
-2 52
-2 52
-2 52
-2 52
-2 52
-2 52
-2 41
-2 41
-2 41
-2 41
-2 41
-2 41
-2 41
-2 41
-2 41
-2 41
-2 41
-2 41
-2 41
-2 41
-2 41
-2 41
-2 41
-2 41
-2 41
-2 41
-2 41
-2 41
-2 41
-2 41
-2 41
-2 41
-2 41
-2 41
-2 41
-2 41
-2 41
-2 41
-2 41
-2 33
-2 33
-2 33
-2 33
-2 33
-2 33
-2 33
-2 33
-2 33
-2 33
-2 33
-2 33
-2 33
-2 33
-2 33
-2 33
1 23
1 23
1 23
1 23
1 23
1 23
1 23
1 23
1 23
1 23
1 23
1 23
1 23
1 23
1 23
1 17
1 17
1 17
1 17
1 17
1 17
1 17
1 17
1 17
1 17
1 17
1 17
1 17
1 17
1 17
1 17
1 17
1 17
1 17
1 17
1 17
1 17
1 17
1 17
1 17
1 17
1 17
1 17
1 17
1 17
1 17
1 11
1 11
1 11
1 11
1 11
1 11
1 11
1 11
1 11
1 11
1 11
1 11
1 11
1 11
1 5
1 5
1 5
1 5
1 5
1 5
1 5
1 5
1 5
1 5
1 5
1 5
1 5
1 5
1 5
1 5
1 5
0 3
0 3
0 3
0 3
0 3
0 3
0 3
0 3
0 3
0 3
0 3
0 3
0 3
0 3
0 3
0 3
0 3
0 3
0 3
0 3
0 3
0 3
0 3
0 3
0 3
0 3
0 3
0 3
0 3
0 3
0 3
0 3
0 3
0 3
0 3
0 3
0 3
0 3
0 3
0 1
0 1
0 1
0 1
0 1
0 1
0 1
0 1
0 1
0 1
0 1
0 1
0 1
0 1
0 1
0 1
0 1
0 1
0 1
0 1
0 1
0 1
0 1
0 1
0 1
0 1
0 1
0 1
0 1
0 1
0 1
0 1
0 1
0 1
0 1
0 1
0 1
0 1
0 1
0 1
0 1
0 1
0 1
0 1
0 1
0 1
0 1
0 1
0 1
0 1
0 1
1 3
1 3
1 3
1 3
1 3
1 3
1 3
1 3
1 3
1 3
1 3
1 3
1 3
1 3
1 3
0 5
0 5
0 5
0 5
0 5
0 5
0 5
0 5
0 5
0 5
0 5
0 5
0 5
0 5
0 5
0 5
1 5
1 5
1 5
1 5
1 5
1 5
1 5
1 5
1 5
1 5
1 5
1 5
1 5
1 5
1 5
1 5
1 5
1 5
1 5
1 5
1 5
1 5
1 5
1 5
1 5
1 5
1 5
1 5
1 5
1 5
-1 4
-1 4
-1 4
-1 4
-1 4
-1 4
-1 4
-1 4
-1 4
-1 4
-1 4
-1 4
-1 4
-1 4
-1 4
-1 4
-1 4
-1 5
-1 5
-1 5
-1 5
-1 5
-1 5
-1 5
-1 5
-1 5
-1 5
-1 5
-1 5
-1 5
-1 5
-1 5
-1 5
-1 5
-1 5
-1 5
-1 5
-1 5
-1 5
-1 5
-1 5
-1 5
-1 5
-1 5
-1 5
-1 5
-1 5
-1 5
-1 5
-1 3
-1 3
-1 3
-1 3
-1 3
-1 3
-1 3
-1 3
-1 3
-1 3
-1 3
-1 3
-1 3
-1 3
-1 3
-1 3
-1 3
-1 3
0 3
0 3
0 3
0 3
0 3
0 3
0 3
0 3
0 3
0 3
0 3
0 3
0 3
0 3
0 3
0 3
0 3
0 3
0 3
0 3
0 3
0 3
0 3
0 3
0 3
0 3
0 3
0 3
0 3
0 3
0 3
0 3
0 3
0 3
0 2
0 2
0 2
0 2
0 2
0 2
0 2
0 2
0 2
0 2
0 2
0 2
0 2
0 2
0 2
0 2
0 2
0 2
0 2
0 2
0 2
0 2
0 2
0 2
0 2
0 2
0 2
0 2
0 2
0 2
0 2
0 2
0 2
1 3
1 3
1 3
1 3
1 3
1 3
1 3
1 3
1 3
1 3
1 3
1 3
1 3
1 3
1 3
1 3
1 3
1 3
1 3
1 3
1 3
1 3
1 3
1 3
1 3
1 3
1 3
1 3
1 3
1 3
1 3
1 3
1 3
1 3
1 3
1 3
1 3
1 3
1 3
1 3
1 3
1 3
1 3
1 3
1 3
1 3
1 3
1 3
1 3
1 3
1 3
1 3
1 3
1 3
1 3
1 3
1 3
1 3
1 3
1 3
1 3
1 3
1 3
1 3
1 3
1 3
1 3
1 3
1 3
1 3
1 3
1 3
1 3
1 3
1 3
1 3
1 3
1 3
1 3
1 3
1 3
1 3
1 3
1 3
1 3
1 3
1 3
1 3
1 3
1 3
1 3
1 3
1 3
1 3
1 3
1 3
1 3
1 3
1 3
1 3
1 3
1 3
1 3
1 3
1 3
0 -1
0 -1
0 -1
0 -1
0 -1
0 -1
0 -1
0 -1
0 -1
0 -1
0 -1
0 -1
0 -1
0 -1
0 -1
0 -1
0 -1
0 -1
0 -1
0 -1
0 -1
0 -1
0 -1
0 -1
0 -1
0 -1
0 -1
0 -1
0 -1
0 -1
0 -1
0 -1
0 -1
0 -1
0 -1
0 -1
0 -1
0 -1
0 -1
0 -1
0 -1
0 -1
0 -1
0 -1
0 -1
0 -1
0 -1
0 -1
0 -1
0 -1
0 -1
0 -1
0 -1
0 -1
0 -1
0 -1
0 -1
0 -1
0 -1
0 -1
0 -1
0 -1
0 -1
0 -1
0 -1
0 -1
0 -1
0 -1
0 -1
0 -1
0 -1
0 -1
0 -1
0 -1
0 -1
0 -1
0 -1
0 -1
0 -1
0 -1
0 -1
0 -1
0 -1
0 -1
0 -1
0 -1
0 -1
0 -1
0 -1
0 -1
0 -1
0 -1
0 -1
0 -1
0 -1
0 -1
0 -1
0 -1
0 -1
0 -1
0 -1
0 -1
0 -1
0 -1
0 -1
0 -1
0 -1
0 -1
0 -1
0 -1
0 -1
0 -1
0 -1
0 -1
0 -1
0 -1
0 -1
0 -1
0 -1
0 -1
0 -1
0 -1
0 -1
0 -1
0 -1
0 -1
0 -1
0 -1
0 -1
0 -1
0 -1
0 -1
0 -1
0 -1
0 -1
0 -1
0 -1
0 -1
0 -1
0 -1
0 -1
0 -1
0 -1
0 -1
0 -1
0 -1
0 -1
0 -1
0 -1
0 -1
0 -1
0 -1
0 -1
0 -1
0 -1
0 -1
0 -1
0 -1
0 -1
0 -1
0 -1
0 -1
0 -1
0 -1
0 -1
0 -1
0 -1
0 -1
0 -1
0 -1
0 -1
0 -1
0 -1
0 -1
0 -1
0 -1
0 -1
0 -1
0 -1
0 -1
0 -1
0 -1
0 -1
0 -1
0 -1
0 -1
0 -1
0 -1
0 -1
0 -1
0 -1
0 -1
0 -1
0 -1
0 -1
0 -1
0 -1
0 -1
0 -1
0 -1
0 -1
0 -1
0 -1
0 -1
0 -1
0 -1
0 -1
0 -1
0 -1
0 -1
0 -1
0 -1
0 -1
0 -1
0 -1
0 -1
0 -1
0 -1
0 -1
0 -1
0 -1
0 -1
0 -1
0 -1
0 -1
0 -1
0 -1
0 -1
0 -1
0 -1
0 -1
0 -1
0 -1
0 -1
0 -1
0 -1
0 -1
0 -1
0 -1
0 -1
0 -1
0 -1
0 -1
0 -1
0 -1
0 -1
0 -1
0 -1
0 -1
0 -1
0 -1
0 -1
0 -1
0 -1
0 -1
0 -1
0 -1
0 -1
0 -1
0 -1
0 -1
0 -1
0 -1
0 -1
0 -1
0 -1
0 -1
0 -1
0 -1
0 -1
0 -1
0 -1
0 -1
0 -1
0 -1
0 -1
0 -1
0 -1
0 -1
0 -1
0 -1
0 -1
0 -1
0 -1
0 -1
0 -1
0 -1
0 -1
0 -1
0 -1
0 -1
0 -1
0 -1
0 -1
0 -1
0 -1
0 -1
0 -1
0 -1
0 -1
0 -1
0 -1
0 -1
0 -1
0 -1
0 -1
0 -1
0 -1
0 -1
0 -1
0 -1
0 -1
0 -1
0 -1
0 -1
0 -1
0 -1
0 -1
0 -1
0 -1
0 -1
0 -1
0 -1
0 -1
0 -1
0 -1
0 -1
0 -1
0 -1
0 -1
0 -1
0 -1
0 -1
0 -1
0 -1
0 -1
0 -1
0 -1
0 -1
0 -1
0 -1
0 -1
0 -1
0 -1
0 -1
0 -1
0 -1
0 -1
0 -1
0 -1
0 -1
0 -1
0 -1
0 -1
0 -1
0 -1
0 -1
0 -1
0 -1
0 -1
0 -1
0 -1
0 -1
0 -1
0 -1
0 -1
0 -1
0 -1
0 -1
0 -1
0 -1
0 -1
0 -1
0 -1
0 -1
0 -1
0 -1
0 -1
0 -1
0 -1
0 -1
0 -1
0 -1
0 -1
0 -1
0 -1
0 -1
0 -1
0 -1
0 -1
0 -1
0 -1
0 -1
0 -1
0 -1
0 -1
0 -1
0 -1
0 -1
0 -1
0 -1
0 -1
0 -1
0 -1
0 -1
0 -1
0 -1
0 -1
0 -1
0 -1
0 -1
0 -1
0 -1
0 -1
0 -1
0 -1
0 -1
0 -1
0 -1
0 -1
0 -1
0 -1
0 -1
0 -1
0 -1
0 -1
0 -1
0 -1
0 -1
0 -1
0 -1
0 -1
0 -1
0 -1
0 -1
0 -1
0 -1
0 -1
0 -1
0 -1
0 -1
0 -1
0 -1
0 -1
0 -1
0 -1
0 -1
0 -1
0 -1
0 -1
0 -1
0 -1
0 -1
0 -1
0 -1
0 -1
0 -1
0 -1
0 -1
0 -1
0 -1
0 -1
0 -1
0 -1
0 -1
0 -1
0 -1
0 -1
0 -1
0 -1
0 -1
0 -1
0 -1
0 -1
0 -1
0 -1
0 -1
0 -1
0 -1
0 -1
0 -1
0 -1
0 -1
0 -1
0 -1
0 -1
0 -1
0 -1
0 -1
0 -1
0 -1
0 -1
0 -1
0 -1
0 -1
0 -1
0 -1
0 -1
0 -1
0 -1
0 -1
0 -1
0 -1
0 -1
0 -1
0 -1
0 -1
0 -1
0 -1
0 -1
0 -1
0 -1
0 -1
0 -1
0 -1
0 -1
0 -1
0 -1
0 -1
0 -1
0 -1
0 -1
0 -1
0 -1
0 -1
0 -1
0 -1
0 -1
0 -1
0 -1
0 -1
0 -1
0 -1
0 -1
0 -1
0 -1
0 -1
0 -1
0 -1
0 -1
0 -1
0 -1
0 -1
0 -1
0 -1
0 -1
0 -1
0 -1
0 -1
0 -1
0 -1
0 -1
0 -1
0 -1
0 -1
0 -1
0 -1
0 -1
0 -1
0 -1
0 -1
0 -1
0 -1
0 -1
0 -1
0 -1
0 -1
0 -1
0 -1
0 -1
0 -1
0 -1
0 -1
0 -1
0 -1
0 -1
0 -1
0 -1
0 -1
0 -1
0 -1
0 -1
0 -1
0 -1
0 -1
0 -1
0 -1
0 -1
0 -1
0 -1
0 -1
0 -1
0 -1
0 -1
0 -1
0 -1
0 -1
0 -1
0 -1
0 -1
0 -1
0 -1
0 -1
0 -1
0 -1
0 -1
0 -1
0 -1
0 -1
0 -1
0 -1
0 -1
0 -1
0 -1
0 -1
0 -1
0 -1
0 -1
0 -1
0 -1
0 -1
0 -1
0 -1
0 -1
0 -1
0 -1
0 -1
0 -1
0 -1
0 -1
0 -1
0 -1
0 -1
0 -1
0 -1
0 -1
0 -1
0 -1
0 -1
0 -1
0 -1
0 -1
0 -1
0 -1
0 -1
0 -1
0 -1
0 -1
0 -1
0 -1
0 -1
0 -1
0 -1
0 -1
0 -1
0 -1
0 -1
0 -1
0 -1
0 -1
0 -1
0 -1
0 -1
0 -1
0 -1
0 -1
0 -1
0 -1
0 -1
0 -1
0 -1
0 -1
0 -1
0 -1
0 -1
0 -1
0 -1
0 -1
0 -1
0 -1
0 -1
0 -1
0 -1
0 -1
0 -1
0 -1
0 -1
0 -1
0 -1
0 -1
0 -1
0 -1
0 -1
0 -1
0 -1
0 -1
0 -1
0 -1
0 -1
0 -1
0 -1
0 -1
0 -1
0 -1
0 -1
0 -1
0 -1
0 -1
0 -1
0 -1
0 -1
0 -1
0 -1
0 -1
0 -1
0 -1
0 -1
0 -1
0 -1
0 -1
0 -1
0 -1
0 -1
0 -1
0 -1
0 -1
0 -1
0 -1
0 -1
0 -1
0 -1
0 -1
0 -1
0 -1
0 -1
0 -1
0 -1
0 -1
0 -1
0 -1
0 -1
0 -1
0 -1
0 -1
0 -1
0 -1
0 -1
0 -1
0 -1
0 -1
0 -1
0 -1
0 -1
0 -1
0 -1
0 -1
0 -1
0 -1
0 -1
0 -1
0 -1
0 -1
0 -1
0 -1
0 -1
0 -1
0 -1
0 -1
0 -1
0 -1
0 -1
0 -1
0 -1
0 -1
0 -1
0 -1
0 -1
0 -1
0 -1
0 -1
0 -1
0 -1
0 -1
0 -1
0 -1
0 -1
0 -1
0 -1
0 -1
0 -1
0 -1
0 -1
0 -1
0 -1
0 -1
0 -1
0 -1
0 -1
0 -1
0 -1
0 -1
0 -1
0 -1
0 -1
0 -1
0 -1
0 -1
0 -1
0 -1
0 -1
0 -1
0 -1
0 -1
0 -1
0 -1
0 -1
0 -1
0 -1
0 -1
0 -1
0 -1
0 -1
0 -1
0 -1
0 -1
0 -1
0 -1
0 -1
0 -1
0 -1
0 -1
0 -1
0 -1
0 -1
0 -1
0 -1
0 -1
0 -1
0 -1
0 -1
0 -1
0 -1
0 -1
0 -1
0 -1
0 -1
0 -1
0 -1
0 -1
0 -1
0 -1
0 -1
0 -1
0 -1
0 -1
0 -1
0 -1
0 -1
0 -1
0 -1
0 -1
0 -1
0 -1
0 -1
0 -1
0 -1
0 -1
0 -1
0 -1
0 -1
0 -1
0 -1
0 -1
0 -1
0 -1
0 -1
0 -1
0 -1
0 -1
0 -1
0 -1
0 -1
0 -1
0 -1
0 -1
0 -1
0 -1
0 -1
0 -1
0 -1
0 -1
