-28 40
-28 40
-28 40
-28 40
-28 40
-28 40
-28 40
-28 40
-28 40
-28 40
-28 40
-28 40
-28 40
-28 40
-28 40
-28 40
-28 40
-28 40
-28 40
-28 40
-28 40
-28 40
-28 40
-28 40
-28 40
-28 40
-28 40
-28 40
-28 40
-28 40
-28 40
-28 40
-28 40
-28 40
-28 40
-28 40
-28 40
-28 40
-28 40
-28 40
-28 40
-28 40
-28 40
-28 40
-28 40
-28 40
-28 40
-28 40
-28 40
-28 40
-28 40
-28 40
-28 40
-28 40
-28 40
-28 40
-28 40
-37 46
-29 51
-29 51
-29 51
-29 51
-29 51
-29 51
-29 51
-29 51
-29 51
-29 51
-29 51
-29 51
-29 51
-29 51
-29 51
-29 51
-29 51
-29 51
-22 52
-22 52
-22 52
-22 52
-22 52
-22 52
-22 52
-22 52
-22 52
-22 52
-22 52
-22 52
-22 52
-22 52
-22 52
-22 52
-22 52
-22 52
-22 52
-22 52
-22 52
-22 52
-22 52
-22 52
-22 52
-22 52
-22 52
-22 52
-22 52
-22 52
-22 52
-22 52
-22 52
-22 52
-22 52
-24 51
-24 51
-24 51
-24 51
-24 51
-24 51
-24 51
-24 51
-24 51
-24 51
-24 51
-24 51
-24 51
-24 51
-24 51
-24 51
-24 51
-24 51
-24 51
-24 51
-24 51
-24 51
-24 51
-24 51
-24 51
-24 51
-24 51
-24 51
-24 51
-24 51
-24 51
-24 51
-24 51
-24 51
-24 51
-24 51
-24 51
-24 51
-24 51
-24 51
-24 51
-24 51
-24 51
-24 51
-24 51
-24 51
-24 51
-24 51
-24 51
-24 51
-24 57
-24 57
-24 57
-24 57
-24 57
-24 57
-24 57
-24 57
-24 57
-24 57
-24 57
-24 57
-24 57
-24 57
-24 57
-24 57
-24 57
-24 57
-24 57
-24 57
-24 57
-24 57
-24 57
-24 57
-24 57
-24 57
-24 57
-24 57
-24 57
-24 57
-24 57
-24 57
-24 57
-24 57
-24 57
-24 57
-24 57
-24 57
-24 57
-24 57
-24 57
-24 57
-24 57
-24 57
-24 57
-24 57
-24 57
-24 57
-26 54
-26 54
-26 54
-26 54
-26 54
-26 54
-26 54
-26 54
-26 54
-26 54
-26 54
-26 54
-26 54
-26 54
-26 54
-26 54
-26 54
-26 54
-26 54
-26 54
-26 54
-26 54
-26 54
-26 54
-26 54
-26 54
-26 54
-26 54
-26 54
-26 54
-26 54
-26 54
-26 54
-26 54
-26 54
-26 54
-26 54
-26 54
-26 54
-26 54
-26 54
-26 54
-26 54
-26 54
-21 57
-21 57
-21 57
-21 57
-21 57
-21 57
-21 57
-21 57
-21 57
-21 57
-21 57
-21 57
-21 57
-21 57
-21 57
-21 57
-21 57
-21 57
-21 57
-21 57
-21 57
-27 52
-27 52
-27 52
-27 52
-27 52
-27 52
-27 52
-27 52
-27 52
-27 52
-27 52
-27 52
-27 52
-27 52
-27 52
-27 52
-27 52
-27 52
-27 52
-27 52
-19 66
-19 66
-19 66
-19 66
-19 66
-19 66
-19 66
-19 66
-19 66
-19 66
-19 66
-19 66
-19 66
-19 66
-19 66
-19 66
-19 66
-19 66
-19 66
-19 66
-19 66
-19 66
-19 66
-12 57
-12 57
-12 57
-12 57
-12 57
-12 57
-12 57
-12 57
-12 57
-12 57
-12 57
-12 57
-12 57
-12 57
-12 57
-12 57
-12 57
-12 57
-12 57
-12 57
-12 57
-12 57
-12 57
-12 57
-12 57
-12 57
-12 57
-12 57
-12 57
-12 57
-12 57
-12 57
-12 57
-12 57
-12 57
-12 57
-12 57
-12 57
-12 57
-12 57
-12 57
-12 57
-14 60
-14 60
-14 60
-14 60
-14 60
-14 60
-14 60
-14 60
-14 60
-14 60
-14 60
-14 60
-14 60
-14 60
-14 60
-14 60
-14 60
-14 60
-14 60
-14 60
-14 60
-9 58
-9 58
-9 58
-9 58
-9 58
-9 58
-9 58
-9 58
-9 58
-9 58
-9 58
-9 58
-9 58
-9 58
-9 58
-9 58
-9 58
-9 58
-9 58
-9 58
-9 58
-9 58
-9 58
-9 58
-9 58
-9 58
-9 58
-9 58
-9 58
-9 58
-9 58
-9 58
-9 58
-9 58
-9 58
-9 58
-9 58
-9 58
-9 58
-9 58
-9 58
-9 58
-9 58
-9 58
-9 58
-9 58
-9 58
-11 65
-11 65
-11 65
-11 65
-11 65
-11 65
-11 65
-11 65
-11 65
-11 65
-11 65
-11 65
-11 65
-11 65
-11 65
-11 65
-11 65
-11 65
-11 65
-11 65
-11 65
-11 65
-11 65
-5 69
-5 69
-5 69
-5 69
-5 69
-5 69
-5 69
-5 69
-5 69
-5 69
-5 69
-5 69
-5 69
-5 69
-5 69
-5 69
-5 69
-5 69
-5 69
-5 69
-5 69
-5 69
-5 69
-5 69
-5 69
-5 69
-5 69
-5 69
-5 69
-5 69
-5 69
-5 69
-5 69
-5 69
-5 69
-5 69
-5 69
-5 69
-5 69
-5 69
-5 69
-5 69
-5 69
-9 70
-9 70
-9 70
-9 70
-9 70
-9 70
-9 70
-9 70
-9 70
-9 70
-9 70
-9 70
-9 70
-9 70
-9 70
-9 70
-9 70
-9 70
-9 70
-9 70
-9 70
-9 70
-9 70
-9 70
-9 70
-9 70
-9 70
-9 70
-9 70
-9 70
-9 70
-9 70
-9 70
-9 70
-9 70
-9 70
-9 70
-9 70
-9 70
-9 70
-9 70
-9 70
-9 70
-9 70
-9 70
-9 70
-9 72
-9 81
-9 81
-9 81
-9 81
-9 81
-9 81
-9 81
-9 81
-9 81
-9 81
-9 81
-9 81
-9 81
-9 81
-9 81
-9 81
-9 81
-9 81
-9 81
-9 81
-9 81
-9 81
-9 81
-9 81
-9 81
-9 81
-9 81
-9 81
-9 81
-9 81
-9 81
-9 81
-9 81
-9 81
-9 81
-9 81
-9 81
-9 81
-9 81
-9 81
-9 81
-9 81
-9 81
-9 81
-9 81
-9 81
-8 75
-8 75
-8 75
-8 75
-8 75
-8 75
-8 75
-8 75
-8 75
-8 75
-8 75
-8 75
-8 75
-8 75
-8 75
-8 75
-8 75
-8 75
-8 75
-8 75
-8 75
-8 75
-8 75
-11 64
-11 64
-11 64
-11 64
-11 64
-11 64
-11 64
-11 64
-11 64
-11 64
-11 64
-11 64
-11 64
-11 64
-11 64
-11 64
-11 64
-11 64
-11 64
-11 64
-11 64
-11 64
-11 64
-11 64
-11 64
-5 75
-5 75
-5 75
-5 75
-5 75
-5 75
-5 75
-5 75
-5 75
-5 75
-5 75
-5 75
-5 75
-5 75
-5 75
-5 75
-5 75
-5 75
-5 75
-5 75
-5 75
-5 75
-5 75
-5 75
-5 75
-5 75
-5 75
-5 75
-5 75
-5 75
-5 75
-5 75
-5 75
-5 75
-5 75
-5 75
-5 75
-5 74
-5 74
-5 74
-5 74
-5 74
-5 74
-5 74
-5 74
-5 74
-5 74
-5 74
-5 74
-5 74
-5 74
-5 74
-5 74
-5 74
-5 74
-5 74
-5 74
-5 74
-5 74
-5 74
-5 74
-5 74
-5 74
-5 74
-5 74
-5 74
-5 74
-5 74
-5 74
-5 74
-5 74
-5 74
-5 74
-5 74
-5 74
-5 74
-5 74
-5 74
-5 74
-5 74
-5 74
-5 74
-5 74
0 74
0 74
0 74
0 74
0 74
0 74
0 74
0 74
0 74
0 74
0 74
0 74
0 74
0 74
0 74
0 74
0 74
0 74
0 74
0 74
0 74
0 74
0 74
0 74
0 74
0 74
0 74
0 74
0 74
0 74
0 74
0 74
0 74
0 74
0 74
0 74
0 74
0 74
0 74
0 74
0 74
0 74
-1 77
-1 77
-1 77
-1 77
-1 77
-1 77
-1 77
-1 77
-1 77
-1 77
-1 77
-1 77
-1 77
-1 77
-1 77
-1 77
-1 77
-1 77
-1 77
-1 77
-1 77
-2 78
-2 78
-2 78
-2 78
-2 78
-2 78
-2 78
-2 78
-2 78
-2 78
-2 78
-2 78
-2 78
-2 78
-2 78
-2 78
-2 78
-2 78
-2 78
-2 78
-2 78
-2 78
-2 78
-2 78
-2 78
-2 78
-2 78
-2 78
-2 78
-2 78
-2 78
-2 78
-2 78
-2 78
-2 78
-2 78
-2 78
-2 78
-2 78
-2 78
-2 78
-2 78
8 75
8 75
8 75
8 75
8 75
8 75
8 75
8 75
8 75
8 75
8 75
8 75
8 75
8 75
8 75
8 75
8 75
8 75
8 75
8 75
8 75
8 75
8 75
8 75
8 75
8 75
8 75
8 75
8 75
8 75
8 75
8 75
8 75
8 75
8 75
8 75
8 75
8 75
8 75
8 75
8 75
8 75
8 75
8 75
2 76
2 76
2 76
2 76
2 76
2 76
2 76
2 76
2 76
2 76
2 76
2 76
2 76
2 76
2 76
2 76
2 76
2 76
2 76
2 76
2 76
2 76
2 76
2 76
2 76
2 76
2 76
2 76
2 76
2 76
2 76
2 76
2 76
2 76
2 76
2 76
2 76
2 76
2 76
2 76
2 76
2 76
2 76
2 76
2 76
17 77
17 77
17 77
17 77
17 77
17 77
17 77
17 77
17 77
17 77
17 77
17 77
17 77
17 77
17 77
17 77
17 77
17 77
17 77
17 77
17 77
17 77
17 77
17 77
17 77
17 77
17 77
17 77
17 77
17 77
17 77
17 77
17 77
17 77
17 77
17 77
17 77
17 77
17 77
17 77
17 77
17 77
17 77
17 77
17 77
17 77
17 77
17 77
17 77
17 77
17 77
17 77
17 77
17 77
17 77
17 77
17 77
17 77
17 77
17 77
17 77
17 77
17 77
17 77
17 77
17 77
17 77
17 77
20 69
16 67
16 67
16 67
16 67
16 67
16 67
16 67
16 67
16 67
16 67
16 67
16 67
16 67
16 67
16 67
16 67
16 67
16 67
16 67
16 67
16 67
16 67
16 67
28 75
28 75
28 75
28 75
28 75
28 75
28 75
28 75
28 75
28 75
28 75
28 75
28 75
28 75
28 75
28 75
28 75
28 75
28 75
28 75
28 75
28 75
28 75
28 75
28 75
28 75
28 75
28 75
28 75
28 75
28 75
28 75
28 75
28 75
28 75
28 75
28 75
28 75
28 75
28 75
28 75
28 75
28 75
28 75
28 75
28 75
28 75
28 75
32 74
32 74
32 74
32 74
32 74
32 74
32 74
32 74
32 74
32 74
32 74
32 74
32 74
32 74
32 74
32 74
32 74
32 74
32 74
32 74
32 74
32 74
32 74
32 74
32 74
32 74
32 74
32 74
32 74
32 74
32 74
32 74
32 74
32 74
32 74
32 74
32 74
40 67
38 65
38 65
38 65
38 65
38 65
38 65
38 65
38 65
38 65
38 65
38 65
38 65
38 65
38 65
38 65
38 65
38 65
38 65
38 65
38 65
38 65
38 65
38 65
38 65
38 65
38 65
38 65
38 65
38 65
38 65
38 65
38 65
38 65
38 65
38 65
38 65
38 65
38 65
38 65
38 65
38 65
38 65
38 65
38 65
38 65
50 62
50 62
50 62
50 62
50 62
50 62
50 62
50 62
50 62
50 62
50 62
50 62
50 62
50 62
50 62
50 62
50 62
50 62
50 62
50 62
50 62
50 62
56 61
56 61
56 61
56 61
56 61
56 61
56 61
56 61
56 61
56 61
56 61
56 61
56 61
56 61
56 61
56 61
56 61
56 61
56 61
56 61
56 61
56 61
56 61
56 61
56 61
56 61
56 61
56 61
56 61
56 61
56 61
56 61
56 61
56 61
56 61
56 61
56 61
56 61
56 61
56 61
56 61
56 61
56 61
56 61
56 61
55 58
55 58
55 58
55 58
55 58
55 58
55 58
55 58
55 58
55 58
55 58
55 58
55 58
55 58
55 58
55 58
55 58
55 58
55 58
55 58
55 58
55 58
55 58
55 58
55 58
55 58
55 58
55 58
55 58
55 58
55 58
55 58
55 58
55 58
55 58
55 58
55 58
55 58
55 58
55 58
55 58
55 58
55 58
55 58
55 58
55 58
55 58
64 52
67 46
67 46
67 46
67 46
67 46
67 46
67 46
67 46
67 46
67 46
67 46
67 46
67 46
67 46
67 46
67 46
67 46
67 46
67 46
67 46
67 46
67 46
67 46
67 46
67 46
67 46
67 46
67 46
67 46
67 46
67 46
67 46
67 46
67 46
67 46
67 46
67 46
67 46
67 46
67 46
67 46
67 46
67 46
67 46
67 46
67 46
67 46
67 46
67 46
67 46
67 39
67 39
67 39
67 39
67 39
67 39
67 39
67 39
67 39
67 39
67 39
67 39
67 39
67 39
67 39
67 39
67 39
67 39
67 39
67 39
67 39
76 39
76 39
76 39
76 39
76 39
76 39
76 39
76 39
76 39
76 39
76 39
76 39
76 39
76 39
76 39
76 39
76 39
76 39
76 39
76 39
82 36
82 36
82 36
82 36
82 36
82 36
82 36
82 36
82 36
82 36
82 36
82 36
82 36
82 36
82 36
82 36
82 36
82 36
82 36
82 36
82 36
82 36
82 36
82 36
82 36
82 36
82 36
82 36
82 36
82 36
82 36
82 36
82 36
82 36
82 36
82 36
82 36
82 36
82 36
74 32
74 32
74 32
74 32
74 32
74 32
74 32
74 32
74 32
74 32
74 32
74 32
74 32
74 32
74 32
74 32
74 32
74 32
74 32
74 32
74 32
74 32
74 32
74 32
74 32
74 32
74 32
74 32
74 32
74 32
74 32
74 32
74 32
74 32
90 29
95 25
95 25
95 25
95 25
95 25
95 25
95 25
95 25
95 25
95 25
95 25
95 25
95 25
95 25
95 25
95 25
95 25
95 25
95 25
95 25
95 25
95 25
95 25
95 25
95 25
95 25
95 25
95 25
95 25
89 17
89 17
89 17
89 17
89 17
89 17
89 17
89 17
89 17
89 17
89 17
89 17
89 17
89 17
89 17
89 17
89 17
89 17
95 21
95 21
95 21
95 21
95 21
95 21
95 21
95 21
95 21
95 21
95 21
95 21
95 21
95 21
95 21
95 21
95 21
95 21
95 21
95 21
95 21
95 21
95 21
95 21
95 21
95 21
95 21
95 21
95 21
95 21
95 21
95 21
95 21
95 21
95 21
95 21
95 21
95 21
95 21
95 21
95 21
95 21
95 21
95 20
95 20
95 20
95 20
95 20
95 20
95 20
95 20
95 20
95 20
95 20
95 20
95 20
95 20
95 20
95 20
95 20
95 20
95 20
95 20
95 20
95 20
95 20
95 20
95 20
95 20
95 20
95 20
95 20
95 20
95 20
95 20
95 20
95 20
95 20
95 20
95 20
95 20
95 20
95 20
95 20
95 20
95 20
95 20
98 7
98 7
98 7
98 7
98 7
98 7
98 7
98 7
98 7
98 7
98 7
98 7
98 7
98 7
98 7
98 7
98 7
98 7
98 7
98 7
98 7
98 7
98 7
98 7
98 7
98 7
98 7
98 7
98 7
98 7
98 7
98 7
98 7
98 7
98 7
98 7
98 7
98 7
98 7
98 7
98 7
98 7
98 7
98 7
103 -1
103 -1
97 3
97 3
97 3
97 3
97 3
97 3
97 3
97 3
97 3
97 3
97 3
97 3
97 3
97 3
97 3
97 3
97 3
97 3
97 3
101 5
101 5
101 5
101 5
101 5
101 5
101 5
101 5
101 5
101 5
101 5
101 5
101 5
101 5
101 5
101 5
101 5
101 5
101 5
101 5
101 5
101 5
101 5
101 5
101 5
101 5
101 5
101 5
101 5
101 5
101 5
101 5
101 5
101 5
101 5
101 5
101 5
101 5
101 5
101 5
101 5
101 5
98 -4
98 -4
98 -4
98 -4
98 -4
98 -4
98 -4
98 -4
98 -4
98 -4
98 -4
98 -4
98 -4
98 -4
98 -4
98 -4
98 -4
98 -4
98 -4
98 -4
98 -4
98 -4
98 -4
98 -4
98 -4
98 -4
98 -4
98 -4
98 -4
98 -4
98 -4
98 -4
98 -4
98 -4
98 -4
98 -4
98 -4
98 -4
98 -4
98 -4
98 -4
98 -4
98 -4
98 -4
98 -4
98 -4
98 -4
98 -4
98 -4
98 -4
98 -4
98 -4
98 -4
98 -4
98 -4
98 -4
98 -4
98 -4
98 -4
98 -4
98 -4
98 -4
98 -4
90 -4
93 -7
93 -7
93 -7
93 -7
93 -7
93 -7
93 -7
93 -7
93 -7
93 -7
93 -7
93 -7
93 -7
93 -7
93 -7
93 -7
93 -7
93 -7
93 -7
93 -7
93 -7
93 -7
93 -7
93 -7
93 -7
93 -7
93 -7
93 -7
93 -7
93 -7
93 -7
93 -7
93 -7
93 -7
93 -7
93 -7
93 -7
93 -7
93 -7
93 -7
93 -7
93 -7
87 -10
87 -10
85 -14
85 -14
85 -14
85 -14
85 -14
85 -14
85 -14
85 -14
85 -14
85 -14
85 -14
85 -14
85 -14
85 -14
85 -14
85 -14
85 -14
85 -14
85 -14
85 -14
85 -14
85 -14
85 -14
85 -14
85 -14
85 -14
85 -14
85 -14
85 -14
85 -14
85 -14
85 -14
85 -14
85 -14
85 -14
85 -14
85 -14
85 -14
85 -14
85 -14
85 -14
85 -14
85 -14
85 -14
89 -29
89 -29
89 -29
89 -29
89 -29
89 -29
89 -29
89 -29
89 -29
89 -29
89 -29
89 -29
89 -29
89 -29
89 -29
89 -29
89 -29
89 -29
89 -29
82 -32
82 -32
82 -32
82 -32
82 -32
82 -32
82 -32
82 -32
82 -32
82 -32
82 -32
82 -32
82 -32
82 -32
82 -32
82 -32
82 -32
82 -32
82 -32
82 -32
82 -32
82 -32
82 -32
82 -32
82 -32
82 -32
82 -32
82 -32
82 -32
82 -32
82 -32
82 -32
82 -32
82 -32
82 -32
82 -32
82 -32
82 -32
82 -32
82 -32
82 -32
80 -35
80 -35
80 -35
80 -35
80 -35
80 -35
80 -35
80 -35
80 -35
80 -35
80 -35
80 -35
80 -35
80 -35
80 -35
80 -35
80 -35
80 -35
80 -35
80 -35
72 -38
72 -38
72 -38
72 -38
72 -38
72 -38
72 -38
72 -38
72 -38
72 -38
72 -38
72 -38
72 -38
72 -38
72 -38
72 -38
72 -38
72 -38
72 -38
72 -38
72 -38
72 -38
72 -38
72 -38
72 -38
72 -38
72 -38
72 -38
72 -38
72 -38
72 -38
72 -38
72 -38
72 -38
58 -46
58 -46
58 -46
58 -46
58 -46
58 -46
58 -46
58 -46
58 -46
58 -46
58 -46
58 -46
58 -46
58 -46
58 -46
58 -46
58 -46
58 -46
58 -46
58 -46
58 -46
58 -46
58 -46
58 -46
58 -46
58 -46
75 -51
66 -47
66 -47
66 -47
66 -47
66 -47
66 -47
66 -47
66 -47
66 -47
66 -47
66 -47
66 -47
66 -47
66 -47
66 -47
66 -47
65 -60
65 -60
65 -60
65 -60
65 -60
65 -60
65 -60
65 -60
65 -60
65 -60
65 -60
65 -60
65 -60
65 -60
65 -60
65 -60
65 -60
65 -60
65 -60
65 -60
65 -60
65 -60
65 -60
65 -60
65 -60
65 -60
65 -60
65 -60
65 -60
65 -60
65 -60
65 -60
65 -60
65 -60
65 -60
65 -60
65 -60
65 -60
65 -60
65 -60
65 -60
65 -60
65 -60
65 -60
65 -60
65 -60
65 -60
65 -60
65 -60
65 -60
65 -60
65 -60
65 -60
65 -60
65 -60
65 -60
65 -60
65 -60
65 -60
65 -60
65 -60
65 -60
65 -60
65 -60
65 -60
65 -60
65 -60
65 -60
62 -56
61 -76
61 -76
61 -76
61 -76
61 -76
61 -76
61 -76
61 -76
61 -76
61 -76
61 -76
61 -76
61 -76
61 -76
61 -76
61 -76
61 -76
61 -76
61 -76
61 -76
61 -76
61 -76
61 -76
61 -76
61 -76
61 -76
61 -76
61 -76
61 -76
61 -76
61 -76
61 -76
61 -76
52 -66
52 -66
52 -66
52 -66
52 -66
52 -66
52 -66
52 -66
52 -66
52 -66
52 -66
52 -66
52 -66
52 -66
52 -66
57 -66
57 -66
57 -66
57 -66
57 -66
57 -66
57 -66
57 -66
57 -66
57 -66
57 -66
57 -66
57 -66
57 -66
57 -66
57 -66
57 -66
57 -66
57 -66
57 -66
57 -66
57 -66
57 -66
57 -66
57 -66
57 -66
57 -66
57 -66
57 -66
57 -66
57 -66
57 -66
41 -74
41 -74
41 -74
41 -74
41 -74
41 -74
41 -74
41 -74
41 -74
41 -74
41 -74
41 -74
41 -74
41 -74
41 -74
37 -71
37 -71
37 -71
37 -71
37 -71
37 -71
37 -71
37 -71
37 -71
37 -71
37 -71
37 -71
37 -71
37 -71
37 -71
37 -71
37 -71
37 -71
37 -71
37 -71
37 -71
37 -71
37 -71
37 -71
37 -71
37 -71
37 -71
37 -71
37 -71
37 -71
37 -71
37 -71
37 -71
34 -65
34 -65
34 -65
34 -65
34 -65
34 -65
34 -65
34 -65
34 -65
34 -65
34 -65
34 -65
34 -65
34 -65
34 -65
34 -65
34 -65
34 -65
34 -65
34 -65
34 -65
34 -65
34 -65
34 -65
34 -65
34 -65
34 -65
34 -65
34 -65
34 -65
34 -65
34 -65
34 -65
34 -65
34 -65
34 -65
34 -65
34 -65
34 -65
34 -65
34 -65
34 -65
34 -65
34 -65
34 -65
34 -65
34 -65
34 -65
34 -65
34 -65
34 -65
34 -65
34 -65
34 -65
34 -65
34 -65
25 -64
23 -72
23 -72
23 -72
23 -72
23 -72
23 -72
23 -72
23 -72
23 -72
23 -72
23 -72
23 -72
23 -72
23 -72
23 -72
23 -72
23 -72
23 -72
23 -72
18 -64
18 -64
18 -64
18 -64
18 -64
18 -64
18 -64
18 -64
18 -64
18 -64
18 -64
18 -64
18 -64
18 -64
18 -64
18 -64
18 -64
18 -64
18 -64
17 -54
17 -54
17 -54
17 -54
17 -54
17 -54
17 -54
17 -54
17 -54
17 -54
17 -54
17 -54
17 -54
17 -54
17 -54
17 -54
17 -54
17 -54
17 -54
17 -54
17 -54
17 -54
17 -54
17 -54
17 -54
17 -54
17 -54
17 -54
17 -54
17 -54
17 -54
17 -54
17 -54
17 -54
17 -54
17 -54
17 -54
17 -54
17 -54
17 -54
17 -54
17 -54
17 -54
17 -54
17 -54
17 -54
17 -54
17 -54
17 -54
17 -54
17 -54
17 -54
17 -54
17 -54
17 -54
17 -54
17 -54
17 -54
17 -54
6 -54
4 -52
4 -52
4 -52
4 -52
4 -52
4 -52
4 -52
4 -52
4 -52
4 -52
4 -52
4 -52
4 -52
4 -52
4 -52
4 -52
-2 -53
-2 -53
-2 -53
-2 -53
-2 -53
-2 -53
-2 -53
-2 -53
-2 -53
-2 -53
-2 -53
-2 -53
-2 -53
-2 -53
-2 -53
-2 -53
-2 -53
-2 -53
-2 -53
-2 -53
-2 -53
-2 -53
-2 -53
-2 -53
-2 -53
-2 -53
-2 -53
-2 -53
-2 -53
-2 -53
-2 -53
-2 -53
-2 -53
-2 -53
-2 -53
-2 -53
-1 -48
-1 -48
-1 -48
-1 -48
-1 -48
-1 -48
-1 -48
-1 -48
-1 -48
-1 -48
-1 -48
-1 -48
-1 -48
-1 -48
-1 -48
-1 -48
-1 -48
-1 -48
-1 -48
-1 -48
-1 -48
-1 -48
-1 -48
-1 -48
-1 -48
-1 -48
-1 -48
-1 -48
-1 -48
-1 -48
-1 -48
-1 -48
-1 -48
-1 -48
-1 -48
5 -46
4 -41
4 -41
4 -41
4 -41
4 -41
4 -41
4 -41
4 -41
4 -41
4 -41
4 -41
4 -41
4 -41
4 -41
4 -41
4 -41
4 -41
4 -41
4 -41
4 -41
4 -41
4 -41
4 -41
4 -41
4 -41
4 -41
4 -41
4 -41
4 -41
4 -41
4 -41
4 -41
4 -41
4 -41
4 -41
3 -36
3 -36
3 -36
3 -36
3 -36
3 -36
3 -36
3 -36
3 -36
3 -36
3 -36
3 -36
3 -36
3 -36
3 -36
3 -36
3 -36
3 -36
3 -36
3 -36
3 -36
3 -36
3 -36
3 -36
3 -36
3 -36
3 -36
3 -36
3 -36
3 -36
0 -30
0 -30
0 -30
0 -30
0 -30
0 -30
0 -30
0 -30
0 -30
0 -30
0 -30
0 -30
0 -30
0 -30
0 -30
0 -30
0 -30
0 -30
0 -30
0 -30
0 -30
0 -30
0 -30
0 -30
0 -30
0 -30
0 -30
0 -30
0 -30
0 -30
0 -30
0 -30
0 -30
0 -30
2 -23
2 -23
2 -23
2 -23
2 -23
2 -23
2 -23
2 -23
2 -23
2 -23
2 -23
2 -23
2 -23
2 -23
2 -23
2 -23
2 -23
2 -23
2 -23
2 -23
2 -23
2 -23
2 -23
2 -23
2 -23
2 -23
2 -23
2 -23
2 -23
2 -23
2 -23
2 -23
2 -23
2 -23
2 -23
2 -23
2 -23
2 -23
2 -23
2 -23
2 -23
2 -23
2 -23
2 -23
2 -23
2 -23
2 -23
2 -23
2 -23
2 -23
2 -23
2 -23
2 -23
2 -23
2 -23
4 -20
4 -20
4 -20
4 -20
4 -20
4 -20
4 -20
4 -20
4 -20
4 -20
4 -20
4 -20
4 -20
4 -20
4 -20
4 -20
4 -20
4 -20
4 -20
4 -20
4 -20
4 -20
4 -20
4 -20
4 -20
4 -20
4 -20
4 -20
4 -20
4 -20
4 -20
4 -20
4 -20
4 -20
4 -20
4 -20
0 -14
0 -14
0 -14
0 -14
0 -14
0 -14
0 -14
0 -14
0 -14
0 -14
0 -14
0 -14
0 -14
0 -14
0 -14
0 -14
0 -14
0 -14
0 -14
0 -14
0 -14
0 -14
0 -14
0 -14
0 -14
0 -14
0 -14
0 -14
0 -14
0 -14
0 -14
0 -14
0 -14
0 -14
0 -14
0 -14
0 -14
0 -14
0 -14
0 -14
0 -14
0 -14
0 -14
0 -14
0 -14
0 -14
0 -14
0 -14
0 -14
0 -14
0 -14
0 -14
0 -14
0 -14
0 -14
0 -14
0 -14
0 -14
0 -14
-2 -11
-2 -11
-2 -11
-2 -11
-2 -11
-2 -11
-2 -11
-2 -11
-2 -11
-2 -11
-2 -11
-2 -11
-2 -11
-2 -11
-2 -11
-2 -11
-2 -11
-2 -11
-2 -11
-2 -11
-2 -11
-2 -11
-2 -11
-2 -11
-2 -11
-2 -11
-2 -11
-2 -11
-2 -11
-2 -11
-2 -11
-2 -11
-2 -11
-2 -11
-2 -11
-1 -7
-1 -7
-1 -7
-1 -7
-1 -7
-1 -7
-1 -7
-1 -7
-1 -7
-1 -7
-1 -7
-1 -7
-1 -7
-1 -7
-1 -7
-1 -7
-1 -7
-1 -7
-1 -5
-1 -5
-1 -5
-1 -5
-1 -5
-1 -5
-1 -5
-1 -5
-1 -5
-1 -5
-1 -5
-1 -5
-1 -5
-1 -5
-1 -5
-1 -5
-1 -5
-1 -5
-1 -5
-1 -5
-1 -5
-1 -5
-1 -5
-1 -5
-1 -5
-1 -5
-1 -5
-1 -5
-1 -5
-1 -5
-1 -5
-1 -5
-1 -5
-1 -5
0 -1
0 -1
0 -1
0 -1
0 -1
0 -1
0 -1
0 -1
0 -1
0 -1
0 -1
0 -1
0 -1
0 -1
0 -1
0 -1
0 -1
0 -1
0 -1
0 -1
0 -1
0 -1
0 -1
0 -1
0 -1
0 -1
0 -1
0 -1
0 -1
0 -1
0 -1
0 -1
0 -1
0 -1
0 -1
-1 0
-1 0
-1 0
-1 0
-1 0
-1 0
-1 0
-1 0
-1 0
-1 0
-1 0
-1 0
-1 0
-1 0
-1 0
-1 0
-1 0
-1 0
-1 0
-1 0
-1 0
-1 0
-1 0
-1 0
-1 0
-1 0
-1 0
-1 0
-1 0
-1 0
-1 0
-1 0
-1 0
-1 0
-1 0
-1 0
-1 0
-1 0
-1 0
-1 0
-1 0
-1 0
-1 0
-1 0
-1 0
-1 0
-1 0
-1 0
-1 0
-1 0
-1 0
-1 0
-1 0
-1 0
-1 0
-1 0
-1 0
-1 0
-1 0
-1 0
-1 0
-1 0
-1 0
-1 0
-1 0
-1 0
-1 0
-1 0
-1 0
-1 0
-1 0
-1 0
-1 0
-1 0
-1 0
-1 0
-1 0
-1 0
-1 0
-1 0
-1 0
-1 0
-1 0
-1 0
-1 0
-1 0
-1 0
-1 0
-1 0
-1 0
-1 0
-1 0
-1 0
-1 0
-1 0
-1 0
-1 0
-1 0
-1 0
-1 0
-1 0
-1 0
-1 0
-1 0
-1 0
-1 0
-1 0
-1 0
-1 0
-1 0
-1 0
-1 0
-1 0
-1 0
-1 0
-1 0
-1 0
-1 0
-1 0
-1 0
-1 0
-1 0
-1 0
-1 0
-1 0
-1 0
-1 0
-1 0
-1 0
-1 0
-1 0
-1 0
-1 0
-1 0
-1 0
-1 0
-1 0
-1 0
-1 0
-1 0
-1 0
-1 0
-1 0
-1 0
-1 0
-1 0
-1 0
-1 0
-1 0
-1 0
-1 0
-1 0
-1 0
-1 0
-1 0
-1 0
-1 0
-1 0
-1 0
-1 0
-1 0
-1 0
-1 0
-1 0
-1 0
-1 0
-1 0
-1 0
-1 0
-1 0
-1 0
-1 0
-1 0
-1 0
-1 0
-1 0
-1 0
-1 0
-1 0
-1 0
-1 0
-1 0
-1 0
-1 0
-1 0
-1 0
-1 0
-1 0
-1 0
-1 0
-1 0
-1 0
-1 0
-1 0
-1 0
-1 0
-1 0
-1 0
-1 0
-1 0
-1 0
-1 0
-1 0
-1 0
-1 0
-1 0
-1 0
-1 0
-1 0
-1 0
-1 0
-1 0
-1 0
-1 0
-1 0
-1 0
-1 0
-1 0
-1 0
-1 0
-1 0
-1 0
-1 0
-1 0
-1 0
-1 0
-1 0
-1 0
-1 0
-1 0
-1 0
-1 0
-1 0
-1 0
-1 0
-1 0
-1 0
-1 0
-1 0
-1 0
-1 0
-1 0
-1 0
-1 0
-1 0
-1 0
-1 0
-1 0
-1 0
-1 0
-1 0
-1 0
-1 0
-1 0
-1 0
-1 0
-1 0
-1 0
-1 0
-1 0
-1 0
-1 1
-1 1
-1 1
-1 1
-1 1
-1 1
-1 1
-1 1
-1 1
-1 1
-1 1
-1 1
-1 1
-1 1
-1 1
-1 1
-1 1
-1 1
-1 1
-1 1
-1 1
-1 1
-1 1
-1 1
-1 1
-1 1
-1 1
-1 1
-1 1
-1 1
-1 1
-1 1
-1 1
-1 1
-1 1
-1 1
-1 1
-1 1
-1 1
-1 1
-1 1
-1 1
-1 1
-1 1
-1 1
-1 1
-1 1
0 2
0 1
0 1
0 1
0 1
0 1
0 1
0 1
0 1
0 1
0 1
0 1
0 1
0 1
0 1
0 1
0 1
0 1
0 1
0 1
0 1
0 1
0 1
0 1
0 1
0 1
0 1
0 1
0 1
0 1
0 1
0 1
0 1
0 1
0 1
0 1
0 1
0 1
0 1
0 1
0 1
0 1
0 1
0 1
0 1
0 1
0 1
0 1
0 1
0 1
0 1
0 1
0 1
0 1
0 1
0 1
0 1
0 1
0 1
0 1
0 1
0 1
0 1
0 1
0 1
0 1
0 1
0 1
0 1
0 1
0 1
0 1
0 1
0 1
0 1
0 1
0 1
0 1
0 1
0 1
0 1
0 1
0 1
0 1
0 1
0 1
0 1
0 1
0 1
0 1
0 1
0 1
0 1
0 1
0 1
0 1
0 1
0 1
0 1
0 1
0 1
0 1
0 1
0 1
0 1
0 1
0 1
0 1
0 1
0 1
0 1
0 1
0 1
0 1
0 1
0 1
0 1
0 1
0 1
0 1
0 1
0 1
0 1
0 1
0 1
0 1
0 1
0 1
0 1
0 1
0 1
0 1
0 1
0 1
0 1
0 1
0 1
0 1
0 1
0 1
0 1
0 1
0 1
0 1
0 1
0 1
0 1
0 1
0 1
0 1
0 1
0 1
0 1
0 1
0 1
0 1
0 1
0 1
0 1
0 1
0 1
0 1
0 1
0 1
0 1
0 1
0 1
0 1
0 1
0 1
0 1
0 1
0 1
0 1
0 1
0 1
0 1
0 1
0 1
0 1
0 1
0 1
0 1
0 1
0 1
0 1
0 1
0 1
0 1
0 1
0 1
0 1
0 1
0 1
0 1
0 1
0 1
0 1
0 1
0 1
0 1
0 1
0 1
0 1
0 1
0 1
0 1
0 1
0 1
0 1
0 1
0 1
0 1
0 1
0 1
0 1
0 1
0 1
0 1
0 1
0 1
0 1
0 1
0 1
0 1
0 1
0 1
0 1
0 1
0 1
0 1
0 1
0 1
0 1
0 1
0 1
0 1
0 1
0 1
0 1
0 1
0 1
0 1
0 1
0 1
0 1
0 1
0 1
0 1
0 1
0 1
0 1
0 1
0 1
0 1
0 1
0 1
0 1
0 1
0 1
0 1
0 1
0 1
0 1
0 1
0 1
0 1
0 1
0 1
0 1
0 1
0 1
0 1
0 1
0 1
0 1
0 1
0 1
0 1
0 1
0 1
0 1
0 1
0 1
0 1
0 1
0 1
0 1
0 1
0 1
0 1
0 1
0 1
0 1
0 1
0 1
0 1
0 1
0 1
0 1
0 1
0 1
0 1
0 1
0 1
0 1
0 1
0 1
0 1
0 1
0 1
0 1
0 1
0 1
0 1
0 1
0 1
0 1
0 1
0 1
0 1
0 1
0 1
0 1
0 1
0 1
0 1
0 1
0 1
0 1
0 1
0 1
0 1
0 1
0 1
0 1
0 1
0 1
0 1
0 1
0 1
0 1
0 1
0 1
0 1
0 1
0 1
0 1
0 1
0 1
0 1
0 1
0 1
0 1
0 1
0 1
0 1
0 1
0 1
0 1
0 1
0 1
0 1
0 1
0 1
0 1
0 1
0 1
0 1
0 1
0 1
0 1
0 1
0 1
0 1
0 1
0 1
0 1
0 1
0 1
0 1
0 1
0 1
0 1
0 1
0 1
0 1
0 1
0 1
0 1
0 1
0 1
0 1
0 1
0 1
0 1
0 1
0 1
0 1
0 1
0 1
0 1
0 1
0 1
0 1
0 1
0 1
0 1
0 1
0 1
0 1
0 1
0 1
0 1
0 1
0 1
0 1
0 1
0 1
0 1
0 1
0 1
0 1
0 1
0 1
0 1
0 1
0 1
0 1
0 1
0 1
0 1
0 1
0 1
0 1
0 1
0 1
0 1
0 1
0 1
0 1
0 1
0 1
0 1
0 1
0 1
0 1
0 1
0 1
0 1
0 1
0 1
0 1
0 1
0 1
0 1
0 1
0 1
0 1
0 1
0 1
0 1
0 1
0 1
0 1
0 1
0 1
0 1
0 1
0 1
0 1
0 1
0 1
0 1
0 1
0 1
0 1
0 1
0 1
0 1
0 1
0 1
0 1
0 1
0 1
0 1
0 1
0 1
0 1
0 1
0 1
0 1
0 1
0 1
0 1
0 1
0 1
0 1
0 1
0 1
0 1
0 1
0 1
0 1
0 1
0 1
0 1
0 1
0 1
0 1
0 1
0 1
0 1
0 1
0 1
0 1
0 1
0 1
0 1
0 1
0 1
0 1
0 1
0 1
0 1
0 1
0 1
0 1
0 1
0 1
0 1
0 1
0 1
0 1
0 1
0 1
0 1
0 1
0 1
0 1
0 1
0 1
0 1
0 1
0 1
0 1
0 1
0 1
0 1
0 1
0 1
0 1
0 1
0 1
0 1
0 1
0 1
0 1
0 1
0 1
0 1
0 1
0 1
0 1
0 1
0 1
0 1
0 1
0 1
0 1
0 1
0 1
0 1
0 1
0 1
0 1
0 1
0 1
0 1
0 1
0 1
0 1
0 1
0 1
0 1
0 1
0 1
0 1
0 1
0 1
0 1
0 1
0 1
0 1
0 1
0 1
0 1
0 1
0 1
0 1
0 1
0 1
0 1
0 1
0 1
0 1
0 1
0 1
0 1
0 1
0 1
0 1
0 1
0 1
0 1
0 1
0 1
0 1
0 1
0 1
0 1
0 1
0 1
0 1
0 1
0 1
0 1
0 1
0 1
0 1
0 1
0 1
0 1
0 1
0 1
0 1
0 1
0 1
0 1
0 1
0 1
0 1
0 1
0 1
0 1
0 1
0 1
0 1
0 1
0 1
0 1
0 1
0 1
0 1
0 1
0 1
0 1
0 1
0 1
0 1
0 1
0 1
0 1
0 1
0 1
0 1
0 1
0 1
0 1
0 1
0 1
0 1
0 1
0 1
0 1
0 1
0 1
0 1
0 1
0 1
0 1
0 1
0 1
0 1
0 1
0 1
0 1
0 1
0 1
0 1
0 1
0 1
0 1
0 1
0 1
0 1
0 1
0 1
0 1
0 1
0 1
0 1
0 1
0 1
0 1
0 1
0 1
0 1
0 1
0 1
0 1
0 1
0 1
0 1
0 1
0 1
0 1
0 1
0 1
0 1
0 1
0 1
0 1
0 1
0 1
0 1
0 1
0 1
0 1
0 1
0 1
0 1
0 1
0 1
0 1
0 1
0 1
0 1
0 1
0 1
0 1
0 1
0 1
0 1
0 1
0 1
0 1
0 1
0 1
0 1
0 1
0 1
0 1
0 1
0 1
0 1
0 1
0 1
0 1
0 1
0 1
0 1
0 1
0 1
0 1
0 1
0 1
0 1
0 1
0 1
0 1
0 1
0 1
0 1
0 1
0 1
0 1
0 1
0 1
0 1
0 1
0 1
0 1
0 1
0 1
0 1
0 1
0 1
0 1
0 1
0 1
0 1
0 1
0 1
0 1
0 1
0 1
0 1
0 1
0 1
0 1
0 1
0 1
0 1
0 1
0 1
0 1
0 1
0 1
0 1
0 1
0 1
0 1
0 1
0 1
0 1
0 1
0 1
0 1
0 1
0 1
0 1
0 1
0 1
0 1
0 1
0 1
0 1
0 1
0 1
0 1
0 1
0 1
0 1
0 1
0 1
0 1
0 1
0 1
0 1
0 1
0 1
0 1
0 1
0 1
0 1
0 1
0 1
0 1
0 1
0 1
0 1
0 1
0 1
0 1
0 1
0 1
0 1
0 1
0 1
0 1
0 1
0 1
0 1
0 1
0 1
0 1
0 1
0 1
0 1
0 1
0 1
0 1
0 1
0 1
0 1
0 1
0 1
0 1
0 1
0 1
0 1
0 1
0 1
0 1
0 1
0 1
0 1
0 1
0 1
0 1
0 1
0 1
0 1
0 1
0 1
0 1
0 1
0 1
0 1
0 1
0 1
0 1
0 1
0 1
0 1
0 1
0 1
0 1
0 1
0 1
0 1
0 1
0 1
0 1
0 1
0 1
0 1
0 1
0 1
0 1
0 1
0 1
0 1
0 1
0 1
0 1
0 1
0 1
0 1
0 1
0 1
0 1
0 1
0 1
0 1
0 1
0 1
0 1
0 1
0 1
0 1
0 1
0 1
0 1
0 1
0 1
0 1
0 1
0 1
0 1
0 1
0 1
0 1
0 1
0 1
0 1
0 1
0 1
0 1
0 1
0 1
0 1
0 1
0 1
0 1
0 1
0 1
0 1
0 1
0 1
0 1
0 1
0 1
0 1
0 1
0 1
0 1
0 1
0 1
0 1
0 1
0 1
0 1
0 1
0 1
0 1
0 1
0 1
0 1
0 1
0 1
0 1
0 1
0 1
0 1
0 1
0 1
0 1
0 1
