0 -4
-1 -6
-1 -6
0 -8
-2 -12
-5 -21
-7 -34
-20 -36
-20 -36
-20 -36
-20 -36
-20 -36
-20 -36
-20 -36
-20 -36
-20 -36
-20 -36
-20 -36
-20 -36
-20 -36
-20 -36
-20 -36
-20 -36
-20 -36
-20 -36
-20 -36
-20 -36
-20 -36
-20 -36
-20 -36
-20 -36
-20 -36
-20 -36
-21 -36
-21 -36
-21 -37
-19 -32
-19 -32
-19 -32
-19 -32
-19 -32
-19 -32
-19 -32
-19 -32
-19 -32
-19 -32
-19 -32
-19 -32
-19 -32
-19 -32
-19 -32
-19 -32
-19 -32
-19 -32
-19 -32
-19 -32
-19 -32
-19 -32
-19 -32
-19 -32
-19 -36
-19 -36
-19 -36
-19 -36
-19 -36
-19 -36
-19 -36
-19 -36
-19 -36
-19 -36
-19 -36
-19 -36
-19 -36
-19 -36
-19 -36
-19 -36
-22 -29
-22 -29
-22 -29
-22 -29
-22 -29
-22 -29
-22 -29
-22 -29
-22 -29
-22 -29
-22 -29
-22 -29
-22 -29
-22 -29
-22 -29
-22 -29
-22 -29
-22 -29
-22 -29
-22 -29
-22 -29
-22 -29
-22 -29
-22 -29
-22 -29
-22 -29
-22 -29
-22 -29
-22 -29
-22 -29
-22 -29
-22 -29
-22 -29
-22 -29
-22 -29
-22 -29
-22 -29
-22 -29
-22 -29
-22 -29
-22 -29
-22 -29
-22 -29
-22 -29
-22 -29
-22 -29
-22 -29
-22 -29
-22 -29
-22 -29
-22 -29
-22 -29
-22 -29
-22 -29
-22 -29
-22 -29
-22 -29
-22 -29
-22 -29
-22 -29
-17 -24
-23 -27
-24 -31
-24 -31
-24 -31
-24 -31
-24 -31
-24 -31
-24 -31
-24 -31
-24 -31
-24 -31
-24 -31
-24 -31
-24 -31
-24 -31
-24 -31
-24 -31
-24 -31
-24 -31
-33 -27
-33 -27
-33 -27
-33 -27
-33 -27
-33 -27
-33 -27
-33 -27
-33 -27
-33 -27
-33 -27
-33 -27
-33 -27
-33 -27
-33 -27
-33 -27
-33 -27
-33 -27
-33 -27
-33 -27
-33 -27
-33 -27
-33 -27
-33 -27
-33 -27
-33 -27
-33 -27
-33 -27
-33 -27
-33 -27
-33 -27
-33 -27
-33 -27
-33 -27
-33 -27
-33 -27
-33 -27
-33 -27
-33 -27
-33 -27
-33 -27
-33 -27
-33 -27
-33 -27
-33 -27
-33 -27
-33 -27
-38 -25
-38 -25
-38 -25
-38 -25
-38 -25
-38 -25
-38 -25
-38 -25
-38 -25
-38 -25
-38 -25
-38 -25
-38 -25
-38 -25
-38 -25
-38 -25
-47 -21
-47 -21
-47 -21
-47 -21
-47 -21
-47 -21
-47 -21
-47 -21
-47 -21
-47 -21
-47 -21
-47 -21
-47 -21
-47 -21
-47 -21
-47 -21
-47 -21
-47 -21
-47 -21
-47 -21
-47 -21
-47 -21
-47 -21
-47 -21
-47 -21
-47 -21
-47 -21
-47 -21
-47 -21
-47 -21
-47 -21
-47 -21
-47 -21
-47 -21
-47 -21
-47 -21
-47 -21
-47 -21
-47 -21
-44 -16
-44 -16
-44 -16
-44 -16
-44 -16
-44 -16
-44 -16
-44 -16
-44 -16
-44 -16
-44 -16
-44 -16
-44 -16
-44 -16
-44 -16
-44 -16
-44 -16
-44 -16
-44 -16
-44 -16
-44 -16
-44 -16
-44 -16
-44 -16
-44 -16
-44 -16
-44 -16
-44 -16
-44 -16
-44 -16
-44 -16
-44 -16
-44 -16
-44 -16
-44 -16
-44 -16
-44 -16
-44 -16
-44 -16
-44 -16
-44 -16
-44 -16
-47 -19
-47 -19
-47 -19
-47 -19
-47 -19
-47 -19
-47 -19
-47 -19
-47 -19
-47 -19
-47 -19
-47 -19
-47 -19
-47 -19
-47 -19
-47 -19
-47 -19
-47 -19
-47 -19
-47 -19
-55 -29
-55 -29
-55 -29
-55 -29
-55 -29
-55 -29
-55 -29
-55 -29
-55 -29
-55 -29
-55 -29
-55 -29
-55 -29
-55 -29
-55 -29
-55 -29
-55 -29
-55 -29
-55 -29
-55 -29
-55 -29
-58 -16
-58 -16
-58 -16
-58 -16
-58 -16
-58 -16
-58 -16
-58 -16
-58 -16
-58 -16
-58 -16
-58 -16
-58 -16
-58 -16
-58 -16
-58 -16
-58 -16
-58 -16
-58 -16
-58 -16
-58 -16
-58 -16
-59 -17
-59 -17
-59 -17
-59 -17
-59 -17
-59 -17
-59 -17
-59 -17
-59 -17
-59 -17
-59 -17
-59 -17
-59 -17
-59 -17
-59 -17
-59 -17
-59 -17
-59 -17
-59 -17
-59 -17
-59 -17
-59 -17
-59 -17
-59 -17
-59 -17
-59 -17
-59 -17
-59 -17
-59 -17
-59 -17
-59 -17
-59 -17
-59 -17
-59 -17
-59 -17
-59 -17
-59 -17
-59 -17
-59 -17
-59 -17
-59 -17
-59 -17
-59 -17
-59 -17
-59 -17
-59 -17
-59 -17
-59 -17
-59 -17
-59 -17
-59 -17
-59 -17
-59 -17
-59 -17
-59 -17
-59 -17
-59 -17
-59 -17
-59 -17
-59 -17
-59 -17
-59 -17
-59 -17
-59 -17
-59 -17
-59 -17
-59 -17
-59 -17
-59 -17
-59 -17
-59 -17
-55 -9
-55 -9
-69 -6
-69 -6
-69 -6
-69 -6
-69 -6
-69 -6
-69 -6
-69 -6
-69 -6
-69 -6
-69 -6
-69 -6
-69 -6
-69 -6
-69 -6
-69 -6
-69 -6
-69 -6
-69 -6
-69 -6
-69 -6
-69 -6
-69 -6
-69 -6
-69 -6
-69 -6
-69 -6
-69 -6
-69 -6
-69 -6
-69 -6
-69 -6
-69 -6
-57 -3
-57 -3
-57 -3
-57 -3
-57 -3
-57 -3
-57 -3
-57 -3
-57 -3
-57 -3
-57 -3
-57 -3
-57 -3
-57 -3
-57 -3
-57 -3
-57 -3
-57 -3
-57 -3
-57 -3
-57 -3
-57 -3
-57 -3
-57 -3
-57 -3
-57 -3
-57 -3
-57 -3
-57 -3
-57 -3
-57 -3
-57 -3
-57 -3
-57 -3
-57 -3
-57 -3
-57 -3
-57 -3
-57 -3
-57 -3
-57 -3
-57 -3
-57 -3
-57 -3
-58 -3
-61 0
-61 0
-61 0
-61 0
-61 0
-61 0
-61 0
-61 0
-61 0
-61 0
-61 0
-61 0
-61 0
-61 0
-61 0
-61 0
-61 0
-61 0
-61 0
-61 0
-61 0
-61 0
-61 0
-61 0
-61 0
-61 0
-61 0
-61 0
-61 0
-61 0
-61 0
-61 0
-61 0
-61 0
-61 0
-61 0
-61 0
-61 0
-61 0
-61 0
-61 0
-61 0
-61 0
-61 0
-61 0
-61 0
-61 0
-61 0
-61 0
-61 0
-61 0
-61 0
-61 0
-61 0
-61 0
-61 0
-61 0
-61 0
-61 0
-61 0
-61 0
-61 0
-61 0
-61 0
-61 0
-61 0
-61 0
-58 1
-58 1
-58 1
-58 1
-58 1
-58 1
-58 1
-58 1
-58 1
-58 1
-58 1
-58 1
-58 1
-58 1
-58 1
-58 1
-58 1
-58 1
-58 1
-58 1
-58 1
-58 1
-58 1
-58 1
-58 1
-58 1
-58 1
-58 1
-58 1
-58 1
-58 1
-58 1
-59 1
-59 1
-59 1
-59 1
-59 1
-59 1
-59 1
-59 1
-59 1
-59 1
-59 1
-59 1
-59 1
-59 1
-59 1
-59 1
-59 1
-59 1
-59 1
-59 1
-59 1
-60 2
-60 2
-60 2
-60 2
-60 2
-60 2
-60 2
-60 2
-60 2
-60 2
-60 2
-60 2
-60 2
-60 2
-60 2
-60 2
-60 2
-60 2
-60 2
-60 2
-60 2
-60 2
-60 2
-60 2
-60 2
-60 2
-60 2
-60 2
-60 2
-60 2
-60 2
-60 2
-60 2
-60 2
-60 2
-60 2
-60 2
-63 1
-63 1
-63 1
-63 1
-63 1
-63 1
-63 1
-63 1
-63 1
-63 1
-63 1
-63 1
-63 1
-63 1
-63 1
-63 1
-63 1
-63 1
-60 2
-60 2
-60 2
-60 2
-60 2
-60 2
-60 2
-60 2
-60 2
-60 2
-60 2
-60 2
-60 2
-60 2
-60 2
-60 2
-60 2
-60 2
-60 2
-60 2
-60 2
-60 2
-60 2
-60 2
-60 2
-60 2
-60 2
-60 2
-60 2
-60 2
-60 2
-60 2
-60 2
-60 2
-60 2
-60 2
-60 2
-60 2
-60 2
-60 2
-60 2
-60 2
-60 2
-60 2
-58 3
-58 3
-58 3
-58 3
-58 3
-58 3
-58 3
-58 3
-58 3
-58 3
-58 3
-58 3
-58 3
-58 3
-58 3
-58 3
-58 3
-58 3
-58 3
-58 3
-58 3
-58 3
-58 3
-58 3
-58 3
-58 3
-58 3
-58 3
-58 3
-58 3
-58 3
-58 3
-58 3
-58 3
-58 3
-58 3
-58 3
-58 3
-58 3
-58 3
-58 3
-58 3
-58 3
-58 3
-58 3
-58 3
-58 3
-58 3
-58 3
-65 2
-63 5
-63 5
-63 5
-63 5
-63 5
-63 5
-63 5
-63 5
-63 5
-63 5
-63 5
-63 5
-63 5
-63 5
-63 5
-63 5
-69 2
-69 2
-69 2
-69 2
-69 2
-69 2
-69 2
-69 2
-69 2
-69 2
-69 2
-69 2
-69 2
-69 2
-69 2
-69 2
-69 2
-69 2
-69 2
-69 2
-69 2
-69 2
-69 2
-69 2
-69 2
-69 2
-69 2
-69 2
-69 2
-69 2
-69 2
-69 2
-69 2
-69 2
-69 2
-69 2
-69 2
-69 2
-69 2
-65 7
-65 7
-65 7
-65 7
-65 7
-65 7
-65 7
-65 7
-65 7
-65 7
-65 7
-65 7
-65 7
-65 7
-65 7
-65 7
-65 7
-65 7
-65 7
-65 10
-65 10
-65 10
-65 10
-65 10
-65 10
-65 10
-65 10
-65 10
-65 10
-65 10
-65 10
-65 10
-65 10
-65 10
-65 10
-65 10
-64 4
-64 4
-64 4
-64 4
-64 4
-64 4
-64 4
-64 4
-64 4
-64 4
-64 4
-64 4
-64 4
-64 4
-64 4
-64 4
-64 4
-64 4
-64 4
-64 4
-64 4
-64 4
-64 4
-64 4
-64 4
-64 4
-64 4
-64 4
-64 4
-64 4
-64 4
-64 4
-64 4
-64 4
-64 4
-64 4
-64 4
-64 4
-64 4
-64 4
-64 4
-64 4
-68 3
-68 3
-68 3
-68 3
-68 3
-68 3
-68 3
-68 3
-68 3
-68 3
-68 3
-68 3
-68 3
-68 3
-68 3
-68 3
-68 3
-68 3
-68 3
-68 3
-68 3
-68 3
-68 3
-68 3
-68 3
-68 3
-68 3
-68 3
-68 3
-68 3
-68 3
-68 3
-68 3
-68 3
-68 3
-68 3
-68 3
-68 3
-68 3
-68 3
-64 0
-63 1
-63 1
-63 1
-63 1
-63 1
-63 1
-63 1
-63 1
-63 1
-63 1
-63 1
-63 1
-63 1
-63 1
-63 1
-63 1
-63 1
-63 1
-63 1
-63 1
-63 1
-63 1
-63 1
-63 1
-63 1
-63 1
-63 1
-63 1
-63 1
-63 1
-63 1
-63 2
-63 2
-63 2
-63 2
-63 2
-63 2
-63 2
-63 2
-63 2
-63 2
-63 2
-63 2
-63 2
-63 2
-63 2
-63 2
-63 2
-61 4
-61 4
-61 4
-61 4
-61 4
-61 4
-61 4
-61 4
-61 4
-61 4
-61 4
-61 4
-61 4
-61 4
-61 4
-61 4
-61 4
-61 4
-61 4
-61 4
-61 4
-61 4
-61 4
-61 4
-61 4
-61 4
-61 4
-61 4
-61 4
-61 4
-61 4
-61 4
-61 4
-61 4
-61 4
-61 4
-61 4
-61 4
-61 4
-61 4
-61 4
-61 4
-61 4
-61 4
-61 4
-61 4
-61 4
-61 4
-61 4
-61 4
-61 4
-61 4
-61 4
-61 4
-61 4
-61 4
-61 4
-61 4
-61 4
-61 4
-61 4
-61 4
-61 4
-61 4
-61 4
-61 4
-61 4
-64 1
-72 4
-72 4
-72 4
-72 4
-72 4
-72 4
-72 4
-72 4
-72 4
-72 4
-72 4
-72 4
-72 4
-72 4
-72 4
-72 4
-72 4
-72 4
-72 4
-72 4
-72 4
-72 4
-72 4
-72 4
-72 4
-72 4
-72 4
-72 4
-72 4
-72 4
-72 4
-72 4
-72 4
-72 4
-72 4
-72 4
-60 1
-60 1
-60 1
-60 1
-60 1
-60 1
-60 1
-60 1
-60 1
-60 1
-60 1
-60 1
-60 1
-60 1
-60 1
-60 1
-60 1
-60 1
-60 1
-60 1
-81 5
-81 5
-81 5
-81 5
-81 5
-81 5
-81 5
-81 5
-81 5
-81 5
-81 5
-81 5
-81 5
-81 5
-81 5
-81 5
-81 5
-81 5
-81 5
-65 9
-65 9
-65 9
-65 9
-65 9
-65 9
-65 9
-65 9
-65 9
-65 9
-65 9
-65 9
-65 9
-65 9
-76 3
-76 3
-76 3
-76 3
-76 3
-76 3
-76 3
-76 3
-76 3
-76 3
-76 3
-76 3
-76 3
-76 3
-76 3
-76 3
-76 3
-76 3
-76 3
-76 3
-76 3
-76 3
-76 3
-76 3
-76 3
-76 3
-76 3
-76 3
-76 3
-76 3
-76 3
-76 3
-76 3
-76 3
-76 3
-76 3
-76 2
-76 2
-76 2
-76 2
-76 2
-76 2
-76 2
-76 2
-76 2
-76 2
-76 2
-76 2
-76 2
-76 2
-76 2
-76 2
-76 2
-70 7
-70 7
-70 7
-70 7
-70 7
-70 7
-70 7
-70 7
-70 7
-70 7
-70 7
-70 7
-70 7
-70 7
-70 7
-70 7
-70 7
-70 7
-70 7
-70 7
-70 7
-70 7
-70 7
-70 7
-70 7
-70 7
-70 7
-70 7
-70 7
-70 7
-70 7
-70 7
-70 7
-70 7
-70 7
-70 7
-70 7
-70 7
-73 11
-73 11
-73 11
-73 11
-73 11
-73 11
-73 11
-73 11
-73 11
-73 11
-73 11
-73 11
-73 11
-73 11
-73 11
-73 11
-73 11
-77 8
-77 8
-77 8
-77 8
-77 8
-77 8
-77 8
-77 8
-77 8
-77 8
-77 8
-77 8
-77 8
-77 8
-77 8
-77 8
-74 7
-74 7
-74 7
-74 7
-74 7
-74 7
-74 7
-74 7
-74 7
-74 7
-74 7
-74 7
-74 7
-74 7
-74 7
-74 7
-74 7
-74 7
-74 7
-74 7
-74 7
-74 7
-74 7
-74 7
-74 7
-74 7
-74 7
-74 7
-74 7
-74 7
-74 7
-74 7
-74 7
-74 7
-74 7
-74 7
-74 7
-74 7
-73 10
-74 11
-74 11
-74 11
-74 11
-74 11
-74 11
-74 11
-74 11
-74 11
-74 11
-74 11
-74 11
-74 11
-74 11
-74 11
-74 11
-74 11
-74 11
-74 11
-74 11
-74 11
-74 11
-74 11
-74 11
-74 11
-74 11
-74 11
-74 11
-74 11
-74 11
-74 11
-74 11
-74 11
-75 23
-75 23
-75 23
-75 23
-75 23
-75 23
-75 23
-75 23
-75 23
-75 23
-75 23
-75 23
-75 23
-75 23
-75 23
-75 23
-75 23
-75 23
-75 23
-75 23
-75 23
-75 23
-75 23
-75 23
-75 23
-75 23
-75 23
-75 23
-75 23
-75 23
-75 23
-75 23
-75 23
-75 23
-75 23
-75 23
-75 23
-75 23
-75 23
-70 14
-70 14
-70 14
-70 14
-70 14
-70 14
-70 14
-70 14
-70 14
-70 14
-70 14
-70 14
-70 14
-70 14
-70 14
-70 14
-70 14
-70 14
-70 14
-75 25
-75 25
-75 25
-75 25
-75 25
-75 25
-75 25
-75 25
-75 25
-75 25
-75 25
-75 25
-75 25
-75 25
-75 25
-75 25
-75 25
-75 25
-80 22
-80 22
-80 22
-80 22
-80 22
-80 22
-80 22
-80 22
-80 22
-80 22
-80 22
-80 22
-80 22
-80 22
-80 22
-80 22
-80 22
-80 22
-80 22
-80 22
-80 22
-80 22
-80 22
-80 22
-80 22
-80 22
-80 22
-80 22
-80 22
-80 22
-80 22
-80 22
-80 22
-80 22
-80 22
-80 22
-80 22
-80 22
-80 22
-80 22
-68 25
-68 25
-68 25
-68 25
-68 25
-68 25
-68 25
-68 25
-68 25
-68 25
-68 25
-68 25
-68 25
-68 25
-68 25
-68 25
-68 25
-68 25
-68 25
-68 25
-68 25
-68 25
-68 25
-68 25
-68 25
-68 25
-68 25
-68 25
-68 25
-68 25
-68 25
-68 25
-68 25
-68 25
-68 25
-68 25
-68 25
-68 25
-68 25
-68 25
-68 25
-85 20
-85 20
-85 20
-85 20
-85 20
-85 20
-85 20
-85 20
-85 20
-85 20
-85 20
-85 20
-85 20
-85 20
-85 20
-85 20
-85 20
-85 20
-85 20
-85 20
-85 20
-85 20
-85 20
-85 20
-85 20
-85 20
-85 20
-85 20
-85 20
-85 20
-85 20
-85 20
-85 20
-85 20
-85 20
-85 20
-65 28
-65 28
-65 28
-65 28
-65 28
-65 28
-65 28
-65 28
-65 28
-62 18
-62 18
-62 18
-62 18
-62 18
-62 18
-62 18
-62 18
-62 18
-62 18
-62 18
-62 18
-62 18
-62 18
-62 18
-62 24
-62 24
-62 24
-62 24
-62 24
-62 24
-62 24
-62 24
-62 24
-62 24
-62 24
-62 24
-62 24
-62 24
-62 24
-62 24
-62 24
-62 24
-62 24
-62 24
-62 24
-62 24
-62 24
-62 24
-62 24
-62 24
-62 24
-62 24
-62 24
-62 24
-62 24
-62 24
-62 24
-62 24
-62 24
-62 24
-62 24
-62 24
-62 24
-62 24
-62 24
-62 24
-62 24
-62 24
-62 24
-62 24
-62 24
-62 24
-62 24
-62 24
-62 24
-62 24
-64 26
-64 26
-64 26
-64 26
-64 26
-64 26
-64 26
-64 26
-64 26
-64 26
-64 26
-64 26
-64 26
-64 26
-64 26
-64 26
-64 26
-64 26
-64 26
-64 26
-64 26
-64 26
-64 26
-64 26
-64 26
-64 26
-64 26
-51 33
-51 33
-51 33
-51 33
-51 33
-51 33
-51 33
-51 33
-51 33
-51 33
-51 33
-51 33
-51 33
-51 33
-51 33
-51 33
-51 33
-51 33
-51 33
-51 33
-51 33
-51 33
-51 33
-51 33
-51 33
-47 25
-53 37
-53 37
-53 37
-53 37
-53 37
-53 37
-53 37
-53 37
-53 37
-51 35
-51 35
-51 35
-51 35
-51 35
-51 35
-51 35
-51 35
-51 35
-51 35
-51 35
-51 35
-51 35
-51 35
-51 35
-51 35
-51 35
-51 35
-51 35
-51 35
-51 35
-51 35
-51 35
-51 35
-51 35
-51 35
-51 35
-51 35
-51 35
-51 35
-51 35
-51 35
-51 35
-51 35
-51 35
-51 35
-51 35
-51 35
-51 35
-51 35
-51 35
-51 35
-51 35
-51 35
-51 35
-51 35
-51 35
-51 35
-51 35
-47 35
-47 35
-47 35
-47 35
-47 35
-47 35
-47 35
-47 35
-47 35
-47 35
-47 35
-47 35
-47 35
-47 35
-47 35
-47 35
-47 35
-47 35
-47 35
-47 35
-47 35
-47 35
-47 35
-47 35
-47 35
-47 35
-47 35
-47 35
-47 35
-47 35
-47 35
-41 42
-41 42
-41 42
-41 42
-41 42
-41 42
-41 42
-41 42
-41 42
-41 42
-41 42
-41 42
-41 42
-41 42
-41 42
-41 42
-41 42
-41 42
-41 42
-41 42
-41 42
-41 42
-41 42
-41 42
-41 42
-41 42
-41 42
-41 42
-41 42
-41 42
-41 42
-41 42
-41 42
-41 42
-41 42
-34 44
-29 44
-29 44
-29 44
-29 44
-29 44
-29 44
-29 44
-29 44
-29 44
-29 44
-29 44
-29 44
-29 44
-29 44
-29 44
-29 44
-29 44
-29 44
-29 44
-29 44
-29 44
-29 44
-29 44
-29 44
-29 44
-29 44
-29 44
-29 44
-29 44
-29 44
-29 44
-29 44
-29 44
-29 44
-29 44
-29 44
-29 44
-29 44
-29 44
-29 44
-29 44
-29 44
-29 44
-29 44
-29 44
-29 44
-25 47
-25 47
-25 47
-25 47
-25 47
-25 47
-25 47
-25 47
-25 47
-25 47
-25 47
-25 47
-25 47
-25 47
-25 47
-25 47
-25 47
-25 47
-25 47
-25 47
-25 47
-25 47
-25 47
-25 47
-25 47
-25 47
-25 47
-25 47
-25 47
-25 47
-25 47
-25 47
-15 39
-15 39
-15 39
-15 39
-15 39
-15 39
-15 39
-15 39
-15 39
-15 39
-15 39
-15 39
-15 39
-15 39
-15 39
-15 39
-15 39
-15 39
-15 39
-15 39
-15 39
-15 39
-15 39
-15 39
-16 43
-13 45
-13 45
-13 45
-13 45
-13 45
-13 45
-13 45
-13 45
-13 45
-13 45
-13 45
-13 45
-13 45
-13 45
-13 45
-13 45
-13 45
-13 45
-5 48
-5 48
-5 48
-5 48
-5 48
-5 48
-5 48
-5 48
-5 48
-5 48
-5 48
-5 48
-5 48
-5 48
-5 48
-5 48
-5 48
-5 48
-5 48
-5 48
-5 48
-5 48
-5 48
-5 48
-5 48
-5 48
-5 48
-5 48
-5 48
-5 48
-5 48
-5 48
-5 48
-5 48
-3 42
-3 42
-3 42
-3 42
-3 42
-3 42
-3 42
-3 42
-3 42
-3 42
-3 42
-3 42
-3 42
-3 42
-3 42
-3 42
-3 42
-3 42
-3 42
-3 42
-3 42
-3 42
-3 42
-3 42
-3 42
-3 42
-3 42
-3 42
-3 42
-3 42
-3 42
-3 45
-5 48
-5 48
-5 48
-5 48
-5 48
-5 48
-5 48
-5 48
-5 48
-5 48
-5 48
-3 41
-3 41
-3 41
-3 41
-3 41
-3 41
-3 41
-3 41
-3 41
-3 41
-3 41
-3 41
-3 41
-3 41
-3 41
-3 41
-3 41
-3 41
-3 41
-3 41
-3 41
-3 41
-3 41
-3 41
-3 41
-3 41
-3 41
4 43
4 43
4 43
4 43
4 43
4 43
4 43
4 43
4 43
4 43
4 43
4 43
4 43
4 43
3 39
3 39
3 39
3 39
3 39
3 39
3 39
3 39
3 39
3 39
3 39
3 39
3 39
3 39
3 39
3 39
3 39
3 39
3 39
3 39
3 39
3 39
3 39
3 39
3 39
3 39
3 39
3 39
3 39
3 39
3 39
3 39
3 39
3 39
3 39
3 39
3 39
3 39
3 39
3 39
3 39
3 39
3 39
3 39
3 39
3 39
3 39
2 48
2 48
2 48
2 48
2 48
2 48
2 48
2 48
2 48
2 48
2 48
2 48
2 48
2 48
2 48
2 48
8 48
8 40
8 40
8 40
8 40
8 40
8 40
8 40
8 40
8 40
8 40
8 40
8 40
8 40
8 40
8 40
8 40
8 40
8 40
8 40
8 40
8 40
8 40
8 40
8 40
8 40
8 40
8 40
8 44
8 44
8 44
8 44
8 44
8 44
8 44
8 44
8 44
8 44
8 44
8 44
8 44
8 44
16 48
16 48
16 48
16 48
16 48
16 48
16 48
16 48
16 48
16 48
16 48
16 48
16 48
16 48
16 48
16 48
16 48
16 48
16 48
16 48
16 48
16 48
16 48
16 48
16 48
16 48
16 48
16 48
16 48
16 48
16 48
16 48
14 45
14 45
14 45
14 45
14 45
14 45
14 45
14 45
14 45
14 45
14 45
14 45
14 45
14 45
14 45
14 45
14 45
14 45
14 45
14 45
14 45
14 45
14 45
14 45
11 39
20 38
20 38
20 38
20 38
20 38
20 38
20 38
20 38
20 38
20 38
20 38
20 38
20 38
20 38
20 38
20 38
20 38
20 38
20 38
20 38
20 38
20 38
20 38
20 38
20 38
20 38
20 38
22 44
22 44
22 44
22 44
22 44
22 44
22 44
22 44
22 44
22 44
22 44
22 44
22 44
32 41
32 41
32 41
32 41
32 41
32 41
32 41
32 41
32 41
32 41
32 41
32 41
32 41
34 33
34 33
34 33
34 33
34 33
34 33
34 33
34 33
34 33
34 33
34 33
34 33
34 33
34 33
34 33
34 33
34 33
34 33
34 33
34 33
34 33
34 33
34 33
34 33
34 33
34 33
34 33
34 33
34 33
34 33
34 33
34 33
34 33
34 33
34 33
34 33
34 33
34 33
34 33
34 33
34 33
34 33
34 33
34 33
34 33
34 33
34 33
34 33
34 33
34 33
31 28
44 35
44 35
44 35
44 35
44 35
44 35
44 35
44 35
44 35
44 35
44 35
44 35
44 35
44 35
44 35
44 35
44 35
44 35
44 35
44 35
44 35
44 35
44 35
44 35
44 35
44 35
44 35
44 35
44 35
44 35
44 35
44 35
44 35
44 35
44 35
44 35
44 35
44 35
44 35
44 35
37 38
43 30
43 30
43 30
43 30
43 30
43 30
43 30
43 30
43 24
43 24
43 24
43 24
43 24
43 24
43 24
43 24
43 24
43 24
43 24
43 24
43 24
43 24
43 24
43 24
43 24
43 24
43 24
43 24
43 24
43 24
43 24
43 24
43 24
43 24
43 24
43 24
43 24
43 24
43 24
43 24
43 24
43 24
43 24
43 24
43 24
43 24
43 24
43 24
43 24
43 24
43 24
43 24
43 24
43 24
43 24
54 29
55 23
55 23
55 23
55 23
55 23
55 23
55 23
55 23
55 23
55 23
55 23
55 23
55 23
55 23
55 23
55 23
63 21
63 21
63 21
63 21
63 21
63 21
63 21
63 21
63 21
63 21
63 21
63 21
63 21
63 21
63 21
63 21
63 21
62 22
62 22
62 22
62 22
62 22
62 22
62 22
62 22
62 22
62 22
62 22
62 22
62 22
62 22
62 22
62 22
62 22
62 22
62 22
62 22
62 22
62 22
62 22
62 22
62 22
62 22
62 22
62 22
62 22
62 22
74 22
69 19
69 19
69 19
69 19
69 19
69 19
69 19
69 19
69 19
69 19
69 19
69 19
69 19
69 19
69 19
69 19
69 19
69 19
69 19
69 19
69 19
69 19
69 19
69 19
69 19
69 19
69 19
69 19
72 22
72 22
72 22
72 22
72 22
72 22
72 22
72 22
72 22
72 22
72 22
72 22
72 22
72 22
72 22
72 22
72 22
72 22
72 22
72 22
72 22
72 22
72 22
72 22
72 22
72 22
72 22
72 22
72 22
72 22
72 22
72 22
72 22
72 22
72 22
72 22
72 22
72 22
77 16
92 20
92 20
92 20
92 20
92 20
92 20
92 20
92 20
92 20
92 20
92 20
92 20
92 20
92 20
92 20
92 20
92 20
92 20
92 20
92 20
92 20
92 20
92 20
92 20
92 20
92 20
92 20
92 20
92 20
92 20
92 20
92 20
92 20
79 18
79 18
79 18
79 18
79 18
79 18
79 18
79 18
79 18
79 18
79 18
79 18
79 18
79 18
79 18
79 18
79 18
79 18
79 18
79 18
79 18
79 18
79 18
79 18
79 18
79 18
79 18
79 18
79 18
79 18
79 18
79 18
79 18
79 18
79 18
79 18
79 18
79 18
79 18
79 18
79 18
79 18
79 18
79 18
79 18
79 18
79 18
79 18
79 18
79 18
79 18
79 18
79 18
79 18
79 18
79 18
79 18
79 18
79 18
79 18
79 18
79 18
79 18
79 18
93 17
93 17
93 17
93 17
93 17
93 17
93 17
93 17
93 17
93 17
93 17
93 17
93 17
93 17
93 17
93 17
93 17
93 17
93 17
93 17
93 17
93 17
93 17
93 17
93 17
93 17
93 17
93 17
93 17
93 17
93 17
93 17
93 17
93 17
93 17
93 17
93 17
93 17
93 17
93 17
93 17
93 17
93 17
93 17
82 13
82 13
98 11
99 6
99 6
99 6
99 6
99 6
99 6
99 6
99 6
99 6
99 6
99 6
99 6
99 6
99 6
99 6
99 6
99 6
99 6
99 6
99 6
99 6
99 6
99 6
99 6
99 6
99 6
99 6
99 6
99 6
99 6
99 6
99 6
99 6
99 6
99 6
99 6
99 6
99 6
99 6
94 14
94 14
94 14
94 14
94 14
94 14
94 14
94 14
94 14
94 14
94 14
94 14
94 14
94 14
94 14
94 14
94 14
94 14
94 13
94 13
94 13
94 13
94 13
94 13
94 13
94 13
94 13
94 13
94 13
94 13
94 13
94 13
94 13
94 13
94 13
94 13
95 11
95 11
95 11
95 11
95 11
95 11
95 11
95 11
95 11
95 11
95 11
95 11
95 11
95 11
95 11
95 11
95 11
95 11
95 11
95 11
95 11
95 11
95 11
95 11
95 11
95 11
95 11
95 11
95 11
95 11
95 6
95 6
95 6
95 6
95 6
95 6
95 6
95 6
95 6
95 6
95 6
95 6
95 6
95 6
95 6
95 6
95 6
95 6
95 6
95 6
95 6
95 6
95 6
95 6
95 6
95 6
95 6
95 6
95 6
95 6
95 6
95 6
95 6
95 6
95 6
95 6
95 6
95 6
95 6
95 6
95 6
95 6
95 6
95 6
95 6
95 6
95 6
95 6
95 6
95 6
95 6
95 6
95 6
95 6
95 6
95 6
95 6
95 6
95 6
95 6
95 6
95 6
95 6
95 6
95 6
99 -4
99 -4
99 -4
99 -4
99 -4
99 -4
99 -4
99 -4
99 -4
99 -4
99 -4
99 -4
99 -4
99 -4
99 -4
103 -1
103 -1
103 -1
103 -1
103 -1
103 -1
103 -1
103 -1
103 -1
103 -1
103 -1
103 -1
103 -1
103 -1
103 -1
103 -1
103 -1
103 -1
103 -1
103 -1
103 -1
103 -1
103 -1
103 -1
103 -1
103 -1
103 -1
103 -1
103 -1
103 -1
103 -1
103 -1
103 -1
103 -1
103 -1
103 -1
103 -1
103 -1
113 5
113 5
113 5
113 5
113 5
113 5
113 5
113 5
113 5
113 5
113 5
113 5
113 5
113 5
113 5
113 5
113 5
113 5
113 5
113 5
113 5
113 5
113 5
113 5
113 5
113 5
113 5
113 5
113 5
113 5
113 5
113 5
113 5
113 5
113 5
113 5
113 5
113 5
106 0
106 0
106 0
106 0
106 0
106 0
106 0
106 0
106 0
106 0
106 0
106 0
106 0
106 0
106 0
106 0
106 0
106 0
106 0
106 0
106 0
106 0
106 0
106 0
106 0
106 0
106 0
106 0
106 0
106 0
106 0
106 0
106 0
106 0
106 0
106 0
106 0
106 0
106 0
107 -3
107 -3
107 -3
107 -3
107 -3
107 -3
107 -3
107 -3
107 -3
107 -3
107 -3
107 -3
107 -3
107 -3
107 -3
107 -3
101 -5
101 -5
101 -5
101 -5
101 -5
101 -5
101 -5
101 -5
101 -5
101 -5
101 -5
101 -5
101 -5
101 -5
101 -5
101 -5
101 -5
101 -5
101 -5
101 -5
101 -5
101 -5
101 -5
101 -5
101 -5
101 -5
101 -5
101 -5
101 -5
101 -5
105 -6
105 -6
105 -6
105 -6
105 -6
105 -6
105 -6
105 -6
105 -6
105 -6
105 -6
105 -6
105 -6
105 -6
100 -11
100 -11
100 -11
100 -11
100 -11
100 -11
100 -11
100 -11
100 -11
100 -11
100 -11
100 -11
100 -11
100 -11
100 -11
100 -11
100 -11
100 -11
100 -11
100 -11
100 -11
100 -11
101 -22
101 -22
101 -22
101 -22
101 -22
101 -22
101 -22
101 -22
101 -22
101 -22
101 -22
101 -22
101 -22
101 -22
101 -22
101 -22
101 -22
101 -22
101 -22
101 -22
101 -22
101 -22
101 -22
101 -22
101 -22
101 -22
95 -27
93 -33
93 -33
93 -33
93 -33
93 -33
93 -33
93 -33
93 -33
93 -33
93 -33
93 -33
93 -33
93 -33
93 -33
93 -33
93 -33
93 -33
93 -33
93 -33
78 -33
78 -33
78 -33
78 -33
78 -33
78 -33
78 -33
78 -33
78 -33
78 -33
78 -33
79 -39
79 -39
79 -39
79 -39
79 -39
79 -39
79 -39
79 -39
79 -39
79 -39
79 -39
79 -39
79 -39
79 -39
79 -39
79 -39
77 -46
77 -46
77 -46
77 -46
77 -46
77 -46
77 -46
77 -46
77 -46
77 -46
77 -46
77 -46
77 -46
77 -46
77 -46
77 -46
77 -46
77 -46
77 -46
77 -46
77 -46
77 -46
77 -46
77 -46
77 -46
77 -46
77 -46
77 -46
77 -46
77 -46
77 -46
77 -46
77 -46
77 -46
77 -46
77 -46
77 -46
77 -46
77 -46
77 -46
77 -46
77 -46
77 -46
77 -46
77 -46
64 -52
53 -53
53 -53
53 -53
53 -53
53 -53
53 -53
53 -53
53 -53
53 -53
53 -53
53 -53
42 -59
42 -59
42 -59
42 -59
42 -59
42 -59
42 -59
42 -59
42 -59
42 -59
42 -59
42 -59
42 -59
42 -59
42 -59
42 -59
42 -59
42 -59
42 -59
42 -59
42 -59
42 -59
42 -59
42 -59
42 -59
42 -59
42 -59
42 -59
42 -59
42 -59
42 -59
45 -55
45 -55
45 -55
45 -55
45 -55
45 -55
45 -55
45 -55
45 -55
45 -55
45 -55
45 -55
43 -66
43 -66
43 -66
43 -66
43 -66
43 -66
43 -66
43 -66
43 -66
43 -66
43 -66
43 -66
43 -66
43 -66
43 -66
43 -66
43 -66
43 -66
43 -66
43 -66
43 -66
43 -66
43 -66
43 -66
43 -66
43 -66
43 -66
43 -66
43 -66
43 -66
43 -66
43 -66
43 -66
43 -66
43 -66
43 -66
43 -66
43 -66
43 -66
43 -66
43 -66
43 -66
43 -66
43 -66
43 -66
43 -66
43 -66
43 -66
43 -66
40 -61
40 -61
40 -61
40 -61
40 -61
40 -61
40 -61
40 -61
40 -61
40 -61
40 -61
40 -61
40 -61
40 -61
40 -61
40 -61
40 -61
40 -61
40 -61
40 -61
27 -66
24 -66
24 -66
30 -70
30 -70
30 -70
16 -72
16 -72
16 -72
16 -72
16 -72
16 -72
16 -72
16 -72
16 -72
16 -72
16 -72
16 -72
16 -72
16 -72
16 -72
16 -72
16 -72
16 -72
16 -72
16 -72
16 -72
16 -72
16 -72
16 -72
16 -72
16 -72
16 -72
16 -66
16 -66
16 -66
16 -66
16 -66
16 -66
20 -62
20 -62
20 -62
20 -62
20 -62
20 -62
20 -62
20 -62
20 -62
20 -62
20 -62
20 -62
20 -62
20 -62
20 -62
20 -62
20 -62
20 -62
20 -62
20 -62
20 -62
20 -62
20 -62
20 -62
20 -62
20 -62
20 -62
20 -62
20 -62
20 -62
20 -62
20 -62
20 -62
20 -62
20 -62
20 -62
20 -62
20 -62
20 -62
20 -62
20 -62
20 -62
20 -62
20 -62
17 -68
8 -61
8 -61
8 -61
8 -61
8 -61
8 -61
8 -61
8 -61
8 -61
10 -57
10 -57
10 -57
10 -57
10 -57
10 -57
10 -57
10 -57
10 -57
10 -57
10 -57
10 -57
10 -57
10 -57
10 -57
10 -57
10 -57
10 -57
10 -57
10 -57
10 -57
10 -57
10 -57
10 -57
10 -57
10 -57
10 -57
10 -57
6 -57
6 -57
6 -57
6 -57
6 -57
6 -57
6 -57
6 -57
6 -57
6 -57
6 -57
8 -53
8 -53
8 -53
8 -53
8 -53
8 -53
8 -53
8 -53
8 -53
8 -53
8 -53
8 -53
8 -53
8 -53
8 -53
8 -53
8 -53
8 -53
8 -53
8 -53
8 -53
8 -53
8 -53
8 -53
8 -53
8 -53
8 -53
8 -53
8 -53
8 -53
8 -53
8 -53
8 -53
8 -53
8 -53
8 -53
8 -53
8 -53
8 -53
8 -53
8 -53
8 -53
8 -53
8 -53
8 -53
8 -53
8 -53
8 -53
8 -53
8 -53
8 -53
8 -53
8 -53
8 -53
8 -53
8 -53
8 -53
8 -53
8 -53
8 -53
8 -53
8 -53
8 -53
8 -53
8 -53
8 -53
1 -48
4 -45
2 -43
2 -43
2 -43
2 -43
2 -43
2 -43
2 -43
2 -43
2 -43
2 -43
2 -43
2 -43
2 -43
2 -43
2 -43
2 -43
2 -43
2 -43
2 -43
2 -43
2 -43
2 -43
2 -43
0 -26
0 -26
0 -26
0 -26
0 -26
0 -26
0 -26
0 -26
0 -26
0 -26
0 -26
0 -26
0 -26
0 -26
0 -24
0 -24
0 -24
0 -24
0 -24
0 -24
0 -24
0 -24
0 -24
0 -24
0 -24
0 -24
-2 -18
-2 -18
-2 -18
-2 -18
-2 -18
-2 -18
-2 -18
-2 -18
-2 -18
-2 -18
-2 -18
-2 -18
-2 -18
-2 -18
-2 -18
-2 -18
-2 -18
-2 -18
-2 -18
-2 -18
-2 -18
-2 -18
-2 -18
-2 -18
-2 -18
-2 -18
-2 -18
-2 -18
-2 -18
-3 -10
-3 -10
-3 -10
-3 -10
-3 -10
-3 -10
-3 -10
-3 -10
-3 -10
-3 -10
-3 -10
-3 -10
-3 -10
-3 -10
-3 -10
-3 -10
-3 -10
-3 -10
-3 -10
-3 -10
-3 -10
-3 -10
-3 -10
-3 -10
-3 -10
-3 -10
-3 -10
-3 -10
-3 -10
-1 -13
-1 -13
-4 -7
-4 -7
-4 -7
-4 -7
-4 -7
-4 -7
-4 -7
-4 -7
-4 -7
-4 -7
-4 -7
-4 -7
-4 -7
-4 -7
-4 -7
-4 -7
-4 -7
-4 -7
-4 -7
-4 -7
-4 -7
-4 -7
-4 -7
-2 -5
-2 -5
-2 -5
-2 -5
-2 -5
-2 -5
-2 -5
-2 -5
-2 -5
-2 -5
-2 -5
-2 -5
-2 -5
-2 -5
-2 -5
0 -3
0 -3
0 -3
0 -3
0 -3
0 -3
0 -3
0 -3
0 -3
0 -3
0 -3
0 -3
0 -3
0 -3
0 -3
0 -3
0 -3
0 -3
0 -3
0 -3
0 -3
0 -3
0 -3
0 -3
0 -3
0 -3
0 -3
0 -3
0 -3
0 -3
0 -3
0 -3
0 -3
0 -3
0 -3
0 -3
0 -3
0 -3
0 -3
0 -3
0 -3
0 -3
0 -3
0 -3
0 -3
0 -3
0 -3
0 -3
0 -3
0 -3
0 -3
0 -3
0 -3
0 -3
0 -3
0 -3
0 -3
0 -3
0 -3
0 -3
0 -3
0 -3
0 -3
0 -3
0 -3
0 -3
0 -3
0 -3
0 -3
0 -3
0 -3
0 -3
0 -3
0 -3
0 -3
0 -3
0 -3
0 -3
0 -3
0 -3
0 -3
0 -3
0 -3
0 -3
0 -3
0 -3
0 -3
0 -3
0 -3
0 -3
0 -3
0 -3
0 -3
0 -3
0 -3
0 -3
0 -3
0 -3
0 -3
0 -3
0 -3
0 -3
0 -3
0 -3
0 -3
0 -3
0 -3
0 -3
0 -3
0 -3
0 -3
0 -3
0 -3
0 -3
0 -3
0 -3
0 -3
1 -2
1 -2
1 -2
1 -2
1 -2
1 -2
1 -2
1 -2
1 -2
1 -2
1 -2
1 -2
1 -2
1 -2
1 -2
1 -2
1 -2
1 -2
1 -2
1 -2
1 -2
1 -2
1 -2
1 -2
1 -2
1 -2
1 -2
1 -2
1 -2
1 -2
1 -2
1 -2
1 -2
1 -2
1 -2
1 -2
1 -2
1 -2
1 -2
1 -2
1 -2
1 -2
1 -2
1 -2
1 -2
1 -2
1 -2
1 -2
1 -2
1 -2
1 -2
1 -2
1 -2
1 -2
1 -2
1 -2
1 -2
1 -2
1 -2
1 -2
1 -2
1 -2
1 -2
1 -2
1 -2
1 -2
1 -2
1 -2
1 -2
1 -2
1 -2
0 1
0 1
0 1
0 1
0 1
0 1
0 1
0 1
0 1
0 1
0 1
0 1
0 1
0 1
0 1
0 1
0 1
0 1
0 1
0 1
0 1
0 1
0 1
0 1
0 1
0 1
0 1
0 1
0 1
0 1
0 1
0 1
0 1
0 1
0 1
0 1
0 1
0 1
0 1
0 1
0 1
0 1
0 1
0 1
0 1
0 1
0 1
0 1
0 1
0 1
0 1
0 1
0 1
0 1
0 1
0 1
0 1
0 1
0 1
0 1
0 1
0 1
0 1
0 1
0 1
0 1
0 1
0 1
0 1
0 1
0 1
0 1
0 1
0 1
0 1
0 1
0 1
0 1
0 1
0 1
0 1
0 1
0 1
0 1
0 1
0 1
0 1
0 1
0 1
0 1
0 1
0 1
0 1
0 1
0 1
0 1
0 1
0 1
0 1
0 1
0 1
0 1
0 1
0 1
0 1
0 1
0 1
0 1
0 1
0 1
0 1
0 1
0 1
0 1
0 1
0 1
0 1
0 1
0 1
0 1
0 1
0 1
0 1
0 1
0 1
0 1
0 1
0 1
0 1
0 1
0 1
0 1
0 1
0 1
0 1
0 1
0 1
0 1
0 1
0 1
0 1
0 1
0 1
0 1
0 1
0 1
0 1
0 1
0 1
0 1
0 1
0 1
0 1
0 1
0 1
0 1
0 1
0 1
0 1
0 1
0 1
0 1
0 1
0 1
0 1
0 1
0 1
0 1
0 1
0 1
0 1
0 1
0 1
0 1
0 1
0 1
0 1
0 1
0 1
0 1
0 1
0 1
0 1
0 1
0 1
0 1
0 1
-2 0
-2 0
-2 0
-2 0
-2 0
-2 0
-2 0
-2 0
-2 0
-2 0
-2 0
-2 0
-2 0
-2 0
-2 0
-2 0
-2 0
-2 0
-1 0
-1 0
-1 0
-1 0
-1 0
-1 0
-1 0
-1 0
-1 0
-1 0
-1 0
-1 0
-1 0
-1 0
-1 0
-1 0
-1 0
-1 0
-1 0
-1 0
-1 0
-1 0
-1 0
-1 0
-1 0
-1 0
-1 0
-1 0
-1 0
-1 0
-1 0
-1 0
-1 0
-1 0
-1 0
-1 0
0 -1
0 -1
0 -1
0 -1
0 -1
0 -1
0 -1
0 -1
0 -1
0 -1
0 -1
0 -1
0 -1
0 -1
0 -1
0 -1
0 -1
0 -1
0 -1
0 -1
0 -1
0 -1
0 -1
0 -1
0 -1
0 -1
0 -1
0 -1
0 -1
0 -1
0 -1
0 -1
0 -1
0 -1
0 -1
0 -1
0 -1
0 -1
0 -1
0 -1
0 -1
0 -1
0 -1
0 -1
0 -1
0 -1
0 -1
0 -1
0 -1
0 -1
0 -1
0 -1
0 -1
0 -1
0 -1
0 -1
0 -1
0 -1
0 -1
0 -1
0 -1
0 -1
0 -1
0 -1
0 -1
0 -1
0 -1
0 -1
0 -1
0 -1
0 -1
0 -1
0 -1
0 -1
0 -1
0 -1
0 -1
0 -1
0 -1
0 -1
0 -1
0 -1
0 -1
0 -1
0 -1
0 -1
0 -1
0 -1
0 -1
0 -1
0 -1
0 -1
0 -1
0 -1
0 -1
0 -1
0 -1
0 -1
0 -1
0 -1
0 -1
0 -1
0 -1
0 -1
0 -1
0 -1
0 -1
0 -1
0 -1
0 -1
0 -1
0 -1
0 -1
0 -1
0 -1
0 -1
0 -1
0 -1
0 -1
0 -1
0 -1
0 -1
0 -1
0 -1
0 -1
0 -1
0 -1
0 -1
0 -1
0 -1
0 -1
0 -1
0 -1
0 -1
0 -1
0 -1
0 -1
0 -1
0 -1
0 -1
0 -1
0 -1
0 -1
0 -1
0 -1
0 -1
0 -1
0 -1
0 -1
0 -1
0 -1
0 -1
0 -1
0 -1
0 -1
0 -1
0 -1
0 -1
0 -1
0 -1
0 -1
0 -1
0 -1
0 -1
0 -1
0 -1
0 -1
0 -1
0 -1
0 -1
0 -1
0 -1
0 -1
0 -1
0 -1
0 -1
0 -1
0 -1
0 -1
0 -1
0 -1
0 -1
0 -1
0 -1
0 -1
0 -1
0 -1
0 -1
0 -1
0 -1
0 -1
0 -1
0 -1
0 -1
0 -1
0 -1
0 -1
0 -1
0 -1
0 -1
0 -1
0 -1
0 -1
0 -1
0 -1
0 -1
0 -1
0 -1
0 -1
0 -1
0 -1
0 -1
0 -1
0 -1
0 -1
0 -1
0 -1
0 -1
0 -1
0 -1
0 -1
0 -1
0 -1
0 -1
0 -1
0 -1
0 -1
0 -1
0 -1
0 -1
0 -1
0 -1
0 -1
0 -1
0 -1
0 -1
0 -1
0 -1
0 -1
0 -1
0 -1
0 -1
0 -1
0 -1
0 -1
0 -1
0 -1
0 -1
0 -1
0 -1
0 -1
0 -1
0 -1
0 -1
0 -1
0 -1
0 -1
0 -1
0 -1
0 -1
0 -1
0 -1
0 -1
0 -1
0 -1
0 -1
0 -1
0 -1
0 -1
0 -1
0 -1
0 -1
0 -1
0 -1
0 -1
0 -1
0 -1
0 -1
0 -1
0 -1
0 -1
0 -1
0 -1
0 -1
0 -1
0 -1
0 -1
0 -1
0 -1
0 -1
0 -1
0 -1
0 -1
0 -1
0 -1
0 -1
0 -1
0 -1
0 -1
0 -1
0 -1
0 -1
0 -1
0 -1
0 -1
0 -1
0 -1
0 -1
0 -1
0 -1
0 -1
0 -1
0 -1
0 -1
0 -1
0 -1
0 -1
0 -1
0 -1
0 -1
0 -1
0 -1
0 -1
0 -1
0 -1
0 -1
0 -1
0 -1
0 -1
0 -1
0 -1
0 -1
0 -1
0 -1
0 -1
0 -1
0 -1
0 -1
0 -1
0 -1
0 -1
0 -1
0 -1
0 -1
0 -1
0 -1
0 -1
0 -1
0 -1
0 -1
0 -1
0 -1
0 -1
0 -1
0 -1
0 -1
0 -1
0 -1
0 -1
0 -1
0 -1
0 -1
0 -1
0 -1
0 -1
0 -1
0 -1
0 -1
0 -1
0 -1
0 -1
0 -1
0 -1
0 -1
0 -1
0 -1
0 -1
0 -1
0 -1
0 -1
0 -1
0 -1
0 -1
0 -1
0 -1
0 -1
0 -1
0 -1
0 -1
0 -1
0 -1
0 -1
0 -1
0 -1
0 -1
0 -1
0 -1
0 -1
0 -1
0 -1
0 -1
0 -1
0 -1
0 -1
0 -1
0 -1
0 -1
0 -1
0 -1
0 -1
0 -1
0 -1
0 -1
0 -1
0 -1
0 -1
0 -1
0 -1
0 -1
0 -1
0 -1
0 -1
0 -1
0 -1
0 -1
0 -1
0 -1
0 -1
0 -1
0 -1
0 -1
0 -1
0 -1
0 -1
0 -1
0 -1
0 -1
0 -1
0 -1
0 -1
0 -1
0 -1
0 -1
0 -1
0 -1
0 -1
0 -1
-1 0
-1 0
-1 0
-1 0
-1 0
-1 0
-1 0
-1 0
-1 0
-1 0
-1 0
-1 0
-1 0
-1 0
-1 0
-1 0
-1 0
-1 0
-1 0
-1 0
-1 0
-1 0
-1 0
-1 0
-1 0
-1 0
-1 0
-1 0
-1 0
-1 0
-1 0
-1 0
-1 0
-1 0
-1 0
-1 0
-1 0
-1 0
-1 0
-1 0
-1 0
-1 0
-1 0
-1 0
-1 0
-1 0
-1 0
-1 0
-1 0
-1 0
-1 0
-1 0
-1 0
-1 0
-1 0
-1 0
-1 0
-1 0
-1 0
-1 0
-1 0
-1 0
-1 0
-1 0
-1 0
-1 0
-1 0
-1 0
-1 0
-1 0
-1 0
-1 0
-1 0
-1 0
-1 0
-1 0
-1 0
-1 0
-1 0
-1 0
-1 0
-1 0
-1 0
-1 0
-1 0
-1 0
-1 0
-1 0
-1 0
-1 0
-1 0
-1 0
-1 0
-1 0
-1 0
-1 0
-1 0
-1 0
-1 0
-1 0
-1 0
-1 0
-1 0
-1 0
-1 0
-1 0
-1 0
-1 0
-1 0
-1 0
-1 0
-1 0
-1 0
-1 0
-1 0
-1 0
-1 0
-1 0
-1 0
-1 0
-1 0
-1 0
-1 0
-1 0
-1 0
-1 0
-1 0
-1 0
-1 0
-1 0
-1 0
-1 0
-1 0
-1 0
-1 0
-1 0
-1 0
-1 0
-1 0
-1 0
-1 0
-1 0
-1 0
-1 0
-1 0
-1 0
-1 0
-1 0
-1 0
-1 0
-1 0
-1 0
-1 0
-1 0
-1 0
-1 0
-1 0
-1 0
-1 0
-1 0
-1 0
-1 0
-1 0
-1 0
-1 0
-1 0
-1 0
-1 0
-1 0
-1 0
-1 0
-1 0
-1 0
-1 0
-1 0
-1 0
-1 0
-1 0
-1 0
-1 0
-1 0
-1 0
-1 0
-1 0
-1 0
-1 0
-1 0
-1 0
-1 0
-1 0
-1 0
-1 0
-1 0
-1 0
-1 0
-1 0
-1 0
-1 0
-1 0
-1 0
-1 0
-1 0
-1 0
-1 0
-1 0
-1 0
-1 0
-1 0
-1 0
-1 0
-1 0
-1 0
-1 0
-1 0
-1 0
-1 0
-1 0
-1 0
-1 0
-1 0
-1 0
-1 0
-1 0
-1 0
-1 0
-1 0
-1 0
-1 0
-1 0
-1 0
-1 0
-1 0
-1 0
-1 0
-1 0
-1 0
-1 0
-1 0
-1 0
-1 0
-1 0
-1 0
-1 0
-1 0
-1 0
-1 0
-1 0
-1 0
-1 0
-1 0
-1 0
-1 0
-1 0
-1 0
-1 0
-1 0
-1 0
-1 0
-1 0
-1 0
-1 0
-1 0
-1 0
-1 0
-1 0
-1 0
-1 0
-1 0
-1 0
-1 0
-1 0
-1 0
-1 0
-1 0
-1 0
-1 0
-1 0
-1 0
-1 0
-1 0
-1 0
-1 0
-1 0
-1 0
-1 0
-1 0
-1 0
-1 0
-1 0
-1 0
-1 0
-1 0
-1 0
-1 0
-1 0
-1 0
-1 0
-1 0
-1 0
-1 0
-1 0
-1 0
-1 0
-1 0
-1 0
-1 0
-1 0
-1 0
-1 0
-1 0
-1 0
-1 0
-1 0
-1 0
-1 0
-1 0
-1 0
-1 0
-1 0
-1 0
-1 0
-1 0
-1 0
-1 0
-1 0
-1 0
-1 0
-1 0
-1 0
-1 0
-1 0
-1 0
-1 0
-1 0
-1 0
-1 0
-1 0
-1 0
-1 0
-1 0
-1 0
-1 0
-1 0
-1 0
-1 0
-1 0
-1 0
-1 0
-1 0
-1 0
-1 0
-1 0
-1 0
-1 0
-1 0
-1 0
-1 0
-1 0
-1 0
-1 0
-1 0
-1 0
-1 0
-1 0
-1 0
-1 0
-1 0
-1 0
-1 0
-1 0
-1 0
-1 0
-1 0
-1 0
-1 0
-1 0
-1 0
-1 0
-1 0
-1 0
-1 0
-1 0
-1 0
-1 0
-1 0
-1 0
-1 0
-1 0
-1 0
-1 0
-1 0
-1 0
-1 0
-1 0
-1 0
-1 0
-1 0
-1 0
-1 0
-1 0
-1 0
-1 0
-1 0
-1 0
-1 0
-1 0
-1 0
-1 0
-1 0
-1 0
-1 0
-1 0
-1 0
-1 0
-1 0
-1 0
-1 0
-1 0
-1 0
-1 0
-1 0
-1 0
-1 0
-1 0
-1 0
-1 0
-1 0
-1 0
-1 0
-1 0
-1 0
-1 0
-1 0
-1 0
-1 0
-1 0
-1 0
-1 0
-1 0
-1 0
-1 0
-1 0
-1 0
-1 0
-1 0
-1 0
-1 0
-1 0
-1 0
-1 0
-1 0
-1 0
-1 0
-1 0
-1 0
-1 0
-1 0
-1 0
-1 0
-1 0
-1 0
-1 0
-1 0
-1 0
-1 0
-1 0
-1 0
-1 0
-1 0
-1 0
-1 0
-1 0
-1 0
-1 0
-1 0
-1 0
-1 0
-1 0
-1 0
-1 0
-1 0
-1 0
-1 0
-1 0
-1 0
-1 0
-1 0
-1 0
-1 0
-1 0
-1 0
-1 0
-1 0
-1 0
-1 0
-1 0
-1 0
-1 0
-1 0
-1 0
-1 0
-1 0
