-1 3
0 2
-2 4
0 3
0 6
-2 6
0 7
1 6
-1 6
-3 2
-2 1
1 5
0 5
-1 9
1 8
0 10
0 8
0 4
2 2
-2 9
-1 7
-5 8
-6 10
-7 10
-4 8
-4 9
-4 5
-1 5
-4 6
-3 6
-4 7
-3 8
-4 4
-6 7
-6 8
-8 11
-6 9
-3 7
-6 12
-10 11
-13 10
-10 12
-13 9
-7 4
-3 4
-5 0
-5 2
-8 4
-11 1
-8 1
-8 2
-7 1
-6 0
-4 0
-3 0
-6 1
-8 -1
-9 1
-10 1
-12 3
-9 3
-10 3
-13 1
-14 3
-15 4
-10 0
-7 -1
-6 -1
-7 0
-8 0
-6 -2
-5 -2
-7 -2
-8 -2
-5 -3
-9 0
-10 -2
-8 -3
-6 -3
-9 -1
-7 -5
-10 -1
-5 -4
-4 -5
-8 -4
-5 -5
-9 -3
-7 -3
-7 -4
-6 -6
-2 -6
-7 -6
-3 -6
-4 -7
-6 -5
-5 -8
-4 -10
-3 -5
-4 -9
-7 -7
-5 -11
-5 -9
-4 -11
-3 -10
-2 -8
-4 -8
-1 -9
-2 -7
-3 -8
-1 -5
-4 -6
0 -5
-1 -3
-1 -8
0 -7
-1 -7
-2 -5
-1 -6
-1 -4
0 -4
0 -8
0 -6
-2 -10
-2 -9
0 -11
0 -10
-1 -11
0 -12
2 -10
1 -10
1 -12
0 -9
1 -11
1 -8
2 -8
3 -10
2 -12
4 -13
3 -9
4 -4
2 -5
2 -7
6 -11
3 -6
4 -6
2 -6
4 -5
3 -5
3 -3
3 -4
8 -7
8 -13
13 -8
9 -7
10 -5
6 -3
3 -2
2 -3
8 -1
7 -2
6 -1
6 -2
5 -1
5 0
9 -2
10 -3
10 -2
11 -2
12 -2
6 1
10 -1
10 -4
9 -3
9 -4
3 -1
7 -1
8 -2
4 -1
8 -3
7 -4
2 0
1 -1
4 0
9 -1
11 0
10 0
9 1
7 1
6 2
8 1
8 2
9 2
11 2
7 0
3 2
5 4
5 2
7 4
7 2
8 4
7 6
8 5
5 3
7 3
6 5
4 4
4 5
8 6
5 1
4 3
6 4
7 9
8 7
6 6
7 5
6 7
4 7
2 6
5 8
5 6
3 8
4 8
3 7
5 9
6 10
8 10
4 11
5 7
3 5
4 6
3 6
3 4
1 4
0 1
1 3
2 4
3 3
2 3
1 7
3 9
4 10
4 1
2 5
1 0
