0 4
-1 4
1 6
0 7
-2 8
-1 8
-2 5
-1 1
-3 5
-6 5
-8 10
-10 9
-4 3
-7 5
-8 5
-8 7
-9 5
-10 6
-12 12
-14 11
-12 8
-11 9
-7 8
-9 10
-7 6
-9 6
-8 4
-6 4
-12 5
-12 4
-7 2
-10 3
-9 8
-9 4
-12 6
-9 7
-14 8
-11 3
-11 5
-13 6
-15 8
-13 5
-16 5
-15 4
-12 1
-8 0
-11 6
-9 1
-6 2
-4 1
-5 1
-8 1
-10 0
-7 0
-6 -1
-7 -1
-10 1
-9 0
-5 -1
-4 -2
-7 -2
-6 0
-10 -2
-14 -4
-11 -1
-16 -1
-15 -1
-13 -3
-8 -7
-3 -9
-5 -9
-9 -1
-8 -1
-3 0
-5 -2
-7 -3
-6 -2
-3 -2
-5 -3
-4 0
-2 0
-2 1
-6 -3
-9 -2
-8 -2
-4 -1
-10 -4
-11 -3
-7 -4
-9 -6
-6 -5
-7 -5
-7 -7
-8 -8
-6 -8
-8 -13
-2 -11
-4 -9
-3 -8
-7 -8
-1 -9
-1 -7
-2 -5
-1 -6
-2 -6
-1 -5
-2 -7
-4 -4
1 -9
1 -8
0 -9
1 -11
1 -10
0 -10
1 -12
3 -13
4 -16
5 -10
5 -12
4 -9
5 -8
7 -14
9 -17
10 -11
7 -13
8 -10
8 -8
10 -12
17 -10
17 -6
10 -7
10 -5
11 -4
8 -3
12 -7
14 -5
16 -5
11 -3
13 -4
12 -5
15 -6
18 -2
17 -2
15 -2
12 -2
11 -1
8 0
7 0
6 0
6 -1
10 0
9 1
13 2
11 1
12 0
9 0
14 0
14 -1
10 -1
11 2
8 1
8 2
11 0
12 3
9 4
9 5
11 4
14 6
14 7
10 4
4 5
8 3
10 5
10 3
9 2
7 1
6 4
7 3
4 -1
7 2
4 1
6 2
8 5
6 3
12 1
13 1
1 5
3 2
8 4
10 2
7 7
9 9
5 7
8 6
8 7
5 9
5 10
3 9
7 6
4 3
6 5
5 5
3 8
4 6
6 8
7 8
6 7
3 4
5 4
2 2
0 2
0 1
1 3
-1 0
2 4
3 -2
0 5
1 2
2 7
2 3
0 3
