-7 8
-3 3
0 4
-1 3
0 3
0 2
-1 2
0 5
-1 5
-1 4
-2 5
-1 6
-2 4
-7 10
-4 11
-5 9
-3 11
-7 11
-10 12
-7 7
-6 5
-3 5
-5 6
-4 7
-4 4
-4 6
-7 6
-9 5
-6 4
-7 3
-9 4
-7 2
-4 5
-6 3
-5 2
-5 4
-9 2
-7 4
-8 1
-5 3
-6 0
-3 1
-5 1
-7 0
-7 1
-6 1
-5 0
-3 -1
-3 0
-2 0
-4 -2
-4 -1
-5 -1
-6 -2
-6 -1
-3 -2
-5 -2
-3 -3
-2 -3
-4 -3
-2 -1
-1 -2
-4 0
-1 0
-3 -5
-3 -7
-3 -8
-2 -8
-2 -7
-1 -4
-2 -4
-3 -6
-2 -5
-1 -5
-2 -6
-1 -6
-6 -5
-4 -5
-5 -4
0 -4
0 -5
1 -5
0 -8
1 -8
3 -7
2 -2
1 -7
2 -6
2 -5
1 -3
1 -6
3 -5
2 -8
0 -7
0 -6
3 -9
1 -9
0 -3
4 -6
6 -4
3 -6
4 -9
2 -9
2 -10
3 -8
3 -4
2 -7
5 -8
5 -5
5 -3
3 -3
7 -5
4 -2
4 -3
3 -1
4 0
5 -1
6 -3
1 -2
5 1
7 -2
7 -4
6 -2
9 -1
9 2
10 -1
8 -1
10 0
13 -3
12 -3
14 -2
9 0
8 0
7 0
6 0
9 1
7 2
8 2
6 1
5 0
6 2
4 2
3 2
4 3
4 5
6 4
2 4
3 6
3 5
6 6
2 2
3 3
3 4
5 4
5 8
8 5
4 4
2 7
2 6
0 6
2 5
1 5
2 11
3 7
1 7
1 4
0 1
3 0
1 3
1 2
1 6
-1 7
1 0
-2 1
1 1
