0 -5
0 -7
1 -8
3 -7
4 -3
1 -4
1 -5
1 -6
2 -6
3 -5
2 -4
2 -5
4 -6
4 -5
5 -8
5 -6
8 -9
7 -8
5 -3
4 -2
7 -6
8 -7
7 -4
6 -5
6 -4
3 -2
9 -5
10 -4
11 -6
9 -4
5 -2
4 1
5 0
6 -1
7 -2
10 -3
8 -1
7 0
9 0
9 1
7 1
6 1
7 2
11 0
12 -3
4 0
0 -1
3 1
5 1
8 0
7 -1
8 1
10 -1
10 1
13 -1
11 -1
6 0
5 -1
8 4
10 3
12 4
12 1
9 5
13 2
12 2
8 2
6 2
10 2
8 3
9 3
12 3
8 5
10 4
5 3
5 6
6 3
4 3
3 6
-1 8
2 5
3 8
1 4
4 6
1 7
0 4
2 8
2 6
0 7
2 9
1 11
2 7
2 11
0 6
1 8
3 7
3 4
1 9
-1 10
-4 10
-6 13
-4 11
-5 13
-4 15
-2 14
-3 12
-7 9
-4 8
-7 7
-6 5
-4 4
-5 4
-9 5
-9 3
-5 5
-3 3
-4 -1
-11 3
-6 2
-4 2
-4 1
-8 0
-5 -1
-8 2
-9 1
-11 4
-9 2
-12 1
-12 2
-16 7
-13 4
-10 2
-10 4
-14 4
-15 6
-12 5
-8 4
-15 3
-14 2
-6 -2
-5 -2
-3 -1
-5 1
-9 0
-8 -1
-8 -3
-9 -1
-13 -2
-16 -1
-16 1
-15 -2
-13 -4
-11 0
-14 -2
-10 -5
-9 -3
-10 -3
-5 -3
-7 -5
-4 -4
-9 -5
-6 -3
-9 -8
-8 -6
-9 -6
-8 -5
-8 -7
-7 -6
-6 -4
-3 -3
-2 -4
-4 -5
-6 -6
-4 -6
-2 -5
-2 -7
-3 -7
-3 -6
-5 -6
-2 -6
-1 -5
-1 -4
-1 -3
0 -3
-2 -3
0 -2
-1 -1
-2 -8
-6 -9
-5 -8
-6 -8
-5 -4
-1 -2
