3 0
2 0
4 0
5 0
0 2
3 -1
4 -1
3 -2
5 -2
6 -1
7 1
5 -1
7 -1
4 1
9 -1
13 -2
14 -2
15 0
10 -1
10 0
8 1
8 -1
7 0
8 -5
8 2
8 0
13 0
15 1
16 2
13 5
12 8
12 4
9 2
8 8
4 4
3 3
1 10
2 2
-1 0
2 1
4 2
0 3
-1 3
5 5
5 3
7 3
4 8
1 8
1 11
0 4
3 7
8 5
4 3
1 2
4 9
1 3
1 5
2 5
3 4
2 4
3 2
1 -1
4 5
0 9
0 8
3 8
0 7
3 6
0 6
-1 2
-2 7
1 7
1 9
0 5
-1 4
0 1
-1 5
-1 6
1 4
0 11
-2 4
1 1
-5 6
-5 9
-9 4
-3 6
-2 3
-3 1
-1 -1
-5 2
-2 5
-3 4
-2 -1
-2 2
-5 1
-6 2
-9 8
-8 4
-4 7
-3 5
-5 8
-6 1
-5 5
-8 5
-4 3
-6 5
-9 6
-8 6
-7 3
-7 2
-6 4
-4 4
-7 1
-8 2
-6 7
-7 5
-10 5
-7 6
-5 3
-6 0
-10 4
-6 3
-2 0
-4 1
-5 0
-10 0
-9 1
-7 -1
-4 -1
-3 0
-3 -1
-7 -2
-9 0
-7 0
-5 -1
-4 0
-6 -1
-8 -2
-5 -4
-8 -1
-8 0
-9 -1
-13 0
-11 0
-2 1
-6 -3
-8 -3
-5 -3
-6 -4
-12 -3
-6 -2
-7 -4
-3 -4
-4 -2
-4 -6
-3 -6
-6 -5
-2 -4
-1 -3
-3 -2
-4 -3
-3 -3
-2 -5
-5 -2
-6 -7
-1 -6
-5 -9
-5 -8
1 -3
0 -2
-2 -3
-4 -5
-3 -7
-2 -6
-5 -6
-2 -7
0 -8
-1 -7
0 -5
0 -6
2 -3
2 -8
1 -6
0 -7
1 -9
2 -5
1 -5
1 -7
2 -4
3 -10
4 -9
6 -2
0 -3
3 -4
5 -6
4 -7
5 -7
8 -2
4 -2
5 -5
4 -3
8 -3
11 -4
10 -4
1 -4
6 -5
10 -3
7 -3
3 -3
6 -3
5 -3
7 -2
6 0
9 -4
9 -2
1 0
2 -1
3 -5
