8 -10
7 -11
8 -8
6 -8
3 -9
4 -5
5 -5
5 -9
9 -6
6 -6
6 -4
2 -3
4 -4
3 -6
5 -7
4 -6
3 -2
1 -1
5 -4
4 -3
8 -3
10 -4
12 -5
15 -6
11 -5
11 -6
10 -3
2 1
5 -2
7 -2
7 -3
10 -5
10 -6
9 -4
9 -3
6 -3
6 -5
11 -3
4 -2
1 0
6 -1
12 -2
12 -3
16 -3
13 -3
14 0
13 -1
9 -1
10 0
8 0
6 0
7 1
9 1
10 1
9 0
11 0
10 -1
6 1
7 0
11 -1
12 0
8 1
5 1
6 2
6 3
14 1
12 3
13 2
15 2
12 4
11 3
9 3
4 0
8 2
2 5
8 6
8 4
7 4
6 4
5 5
9 4
12 6
10 3
10 5
9 6
9 5
4 4
5 3
5 2
7 3
6 5
3 8
3 9
2 10
2 9
2 8
4 8
4 5
3 6
3 7
0 3
0 7
1 8
2 7
0 9
0 6
0 8
1 10
1 9
0 11
-1 9
0 10
-1 8
-3 7
-3 9
-5 6
-3 2
-2 4
-8 5
-8 7
-5 1
-9 4
-7 4
-12 9
-10 7
-8 4
-6 -3
-3 -1
-5 0
-5 3
-6 3
-6 2
-2 1
-4 2
-3 4
-5 4
-7 6
-13 4
-11 5
-10 5
-12 5
-13 12
-9 10
-13 8
-9 7
-11 9
-10 6
-10 3
-10 4
-11 6
-12 6
-13 3
-11 2
-14 3
-11 3
-9 2
-10 1
-8 2
-13 5
-9 1
-6 0
-6 -1
-7 0
-11 0
-10 0
-12 2
-13 1
-10 2
-8 -1
-7 -1
-6 -2
-5 -2
-13 0
-15 1
-14 0
-14 -1
-13 -2
-9 -3
-5 -3
-6 -4
-7 -2
-8 -2
-8 0
-9 -1
-7 1
-10 -1
-7 -3
-10 -3
-7 -4
-3 -4
-5 -5
-4 -8
-4 -6
-6 -8
-8 -6
-5 -7
-7 -8
-6 -6
-3 -5
-1 -8
-2 -6
-6 -5
-3 -6
-5 -6
-7 -6
-1 -5
-3 -7
-1 -3
0 -3
-2 -4
-2 -3
-2 -2
-1 -1
-1 -2
0 -2
-1 -4
0 -1
