-4 4
-8 1
-4 1
-4 0
-7 0
-8 0
-6 0
-1 1
-2 1
-2 0
-6 -5
-2 -4
-5 -7
-10 -4
-4 -1
-5 0
-4 -2
-5 -3
-5 -2
-2 -3
-4 -3
-3 -4
-1 -5
0 -3
-3 -7
-1 -6
-3 -10
-1 -7
-5 -8
-5 -12
-3 -9
-7 -13
-7 -12
-9 -12
-5 -13
-9 -6
-4 -10
-4 -6
-5 -9
-4 -8
-4 -9
-3 -5
-2 -6
-4 -7
-2 -7
-3 -6
-3 -8
0 -4
-1 -3
1 -3
0 -8
0 -7
0 -6
3 -4
1 -6
1 -10
1 -13
3 -13
3 -17
0 -16
1 -17
-1 -15
-1 -13
0 -11
1 -11
1 -12
4 -12
1 -9
3 -10
3 -7
4 -10
6 -10
9 -9
13 -9
8 -11
10 -8
7 -5
9 0
8 -5
9 -5
8 -1
3 1
5 -1
6 0
7 0
7 1
8 0
9 1
8 2
7 3
12 3
8 1
1 3
2 0
3 0
4 3
6 3
6 2
6 1
5 6
7 7
8 7
7 4
9 8
7 5
9 7
11 9
6 7
5 3
4 5
5 5
3 7
2 8
4 9
4 2
3 3
3 5
2 2
2 3
3 6
1 4
0 7
2 6
1 7
4 7
0 10
0 6
2 5
1 6
3 4
0 4
1 5
3 8
1 8
2 7
-1 9
1 9
0 11
1 10
-1 10
0 9
-1 8
-1 7
-2 8
-3 8
-3 12
-1 11
-4 8
-2 6
-2 10
-3 10
0 8
-1 6
-2 11
0 2
-4 9
-5 6
-2 5
-5 7
-6 10
-3 7
-3 4
-1 3
0 1
-4 3
-2 2
-3 3
-4 2
-2 3
-1 5
-3 6
-6 6
-6 3
-1 0
-5 8
-10 7
-7 6
-5 2
-7 9
-10 4
-7 1
-5 4
-3 2
-6 2
-7 2
-6 1
-5 5
-3 0
-5 3
1 0
-1 -1
0 -1
