-3 1
-2 0
-2 1
-5 0
-3 0
-4 0
-8 -1
-7 -1
-7 0
-8 0
-6 1
-6 0
-12 -3
-13 1
-13 0
-15 -4
-13 -6
-19 -6
-19 -4
-17 -5
-15 -5
-14 -5
-10 -4
-9 -4
-7 -4
-4 -2
-2 -3
-3 -2
-2 -2
-5 -4
-5 -3
-6 -2
-8 -3
-2 -1
-8 -4
-6 -7
-4 -5
-6 -4
-5 -5
-4 -4
-5 -2
-4 -3
-3 -3
-6 -5
-5 -8
-7 -8
-7 -6
-8 -6
-5 -7
-5 -6
-6 -11
-6 -3
-3 -8
-3 -5
-2 -5
-1 -5
-1 -6
0 -6
-1 -4
-2 -6
0 -4
-2 -4
0 -5
-1 -3
1 -4
0 -7
0 -3
0 -1
1 0
1 -2
2 -4
3 -5
2 -6
9 -8
5 -6
0 -2
1 -1
2 -5
3 -4
1 -3
2 -3
3 -3
5 -7
3 -6
7 -7
7 -8
5 -10
7 -12
4 -11
2 -8
1 -6
4 -7
6 -6
12 -3
13 -6
10 -3
8 -1
5 -2
4 -1
5 -3
3 -2
6 -1
9 -1
6 0
10 -1
8 -4
12 -4
17 -5
15 -5
14 -5
5 -1
9 -2
13 -4
10 -2
16 -6
16 -5
18 -6
8 0
8 -2
11 0
4 0
5 1
5 0
9 1
10 0
9 2
7 2
10 2
13 1
11 4
11 3
8 1
8 2
7 0
5 2
4 2
2 0
3 1
7 1
10 1
6 2
4 3
7 5
1 4
7 4
9 3
7 3
5 4
6 5
5 5
5 3
3 4
4 4
6 1
3 5
4 5
3 2
6 3
2 4
7 7
9 6
10 6
0 2
5 7
6 7
4 8
3 11
4 9
6 11
6 8
5 9
3 6
1 6
3 7
2 7
1 7
0 5
1 5
-1 6
0 7
-4 7
-2 6
-3 11
-2 9
-5 10
-6 10
-6 9
-7 8
-3 6
-4 5
-2 4
-4 4
-3 5
-5 8
-5 6
-7 7
-8 7
-10 10
-15 9
-12 11
-15 7
-8 4
-11 7
-8 5
-11 5
-15 6
-10 6
-12 5
-10 4
-13 3
-6 4
-11 6
-7 5
-12 6
-14 5
-9 3
-7 1
-7 2
-8 3
-9 4
-6 -1
-4 -1
-5 1
-7 -2
-5 -1
-1 -2
-1 0
-3 -1
-4 1
-5 2
-1 1
