2 -2
3 -1
2 0
1 -1
5 -1
3 0
4 0
4 -1
5 0
4 1
5 1
4 2
7 1
6 1
7 2
8 2
6 2
9 0
9 4
7 4
6 5
11 1
11 4
11 6
8 1
8 4
5 2
4 5
1 4
-1 5
1 5
0 3
3 3
2 3
2 5
2 4
-1 4
3 5
0 6
0 4
4 7
4 4
4 6
0 2
1 3
1 2
2 6
3 6
1 1
2 7
2 1
0 1
1 0
3 4
1 7
2 9
-1 0
1 6
-1 8
3 7
1 9
2 8
1 8
-1 7
2 10
0 7
0 8
0 9
2 11
1 10
-1 9
0 11
-2 5
-4 10
-3 9
-2 7
-3 4
-1 10
-5 6
-4 5
-1 1
-4 8
-3 6
0 5
-3 5
-5 4
-6 5
-8 9
-2 4
-5 5
-5 3
-7 7
-10 8
-8 4
-3 2
-2 3
-6 4
-7 5
-11 5
-11 3
-6 3
-5 0
-2 -2
-4 1
-2 0
-5 1
-3 3
-1 -3
-6 0
-7 4
-7 3
-11 0
-12 7
-12 3
-15 3
-9 1
-3 0
0 -2
1 -2
-4 2
-4 0
-7 2
-13 4
-15 2
-20 0
-15 -1
-16 0
-12 1
-7 0
-1 -1
-3 -1
-2 -1
-6 -1
-7 -3
-5 -3
-9 -2
-5 -1
-5 -2
-7 -2
-4 -1
-2 -3
-2 -6
-4 -7
-7 -4
-3 -4
-6 -4
-4 -6
-3 -5
-1 -5
-7 -1
-3 -7
-5 -6
-5 -4
1 -3
-1 -8
-3 -2
-3 -3
-5 -5
-4 -3
-2 -9
-3 -8
-3 -9
-3 -6
-3 1
-1 -7
-2 -5
-2 -7
0 -6
-2 -4
-1 -4
-6 -2
-4 -2
-8 -6
-6 -5
-4 -8
-4 -9
-1 -6
0 -3
-1 -9
0 -4
-2 -8
0 -7
3 -5
1 -7
0 -5
1 -6
1 -4
1 -8
0 -8
0 -9
2 -9
3 -10
3 -6
2 -4
3 -7
3 -3
1 -5
3 -11
3 -4
2 -5
2 -8
4 -6
1 -10
2 -11
3 -13
6 -9
2 -7
2 -1
3 -2
4 -2
5 -5
7 -4
6 -8
7 -5
6 -5
6 -3
5 -2
0 -1
-4 -5
6 -2
6 -4
5 -3
2 -3
4 -4
7 -2
4 -5
7 -3
9 -4
8 -3
4 -3
7 -1
8 -2
7 -7
8 0
2 2
