-1 -4
0 -3
-2 -4
-1 -7
-2 -6
-1 -6
-1 -3
0 -2
0 -6
0 -7
0 -8
1 -9
0 -9
1 -8
0 -5
3 -7
2 -7
2 -5
1 -4
-1 -2
2 -8
5 -8
4 -10
4 -12
3 -9
2 -11
3 -11
4 -15
5 -13
7 -18
4 -14
4 -9
6 -6
4 -6
3 -1
2 -3
3 -3
4 -4
6 -5
5 -4
1 -1
6 -1
8 -2
6 0
5 0
5 -1
7 -1
5 -2
4 0
8 -3
7 -2
8 -1
10 -3
9 -3
10 1
7 0
7 -3
7 -4
10 -1
8 0
7 2
3 0
7 1
11 1
9 0
5 3
5 2
6 3
2 2
4 4
1 2
2 4
3 1
3 2
3 5
3 3
1 4
2 1
2 3
6 2
4 5
3 7
5 7
6 5
7 3
4 3
1 1
2 0
3 4
7 9
7 12
12 9
11 10
6 10
9 8
7 7
6 8
4 7
-2 7
3 6
2 5
2 8
2 7
1 9
-1 9
0 7
1 5
0 8
1 8
-2 4
0 5
0 6
-1 5
0 4
1 7
0 9
-2 9
-1 7
0 3
-1 8
-2 8
-2 10
-1 6
-1 4
-2 6
-3 4
-3 8
-4 8
-3 10
-5 11
-6 10
-5 10
-3 9
-4 7
-3 7
-4 9
-4 10
-5 9
-6 4
-9 8
-8 6
-6 9
-9 5
-9 4
-9 6
-5 2
-8 5
-10 2
-11 3
-7 0
-6 3
-6 0
-3 -2
-8 0
-8 3
-5 1
-9 0
-6 1
-5 0
-3 0
-3 -1
-6 -1
-9 -1
-9 2
-4 -1
-3 -3
-5 -2
-4 -3
-6 -2
-9 -2
-4 -6
-8 -2
-5 -3
-3 -4
-2 -3
-4 -5
-6 -3
-7 -2
-5 -4
-5 -5
-3 -7
-4 -7
-3 -8
-5 -9
-3 -6
-2 -5
-6 -7
-3 -5
-2 -7
-4 -4
0 -4
-2 -1
-1 -8
1 -6
-1 -5
0 -1
1 0
-1 -1
