2 1
1 1
1 2
0 5
0 1
-1 4
-1 6
-2 5
-2 6
0 4
-1 3
-5 6
-2 8
-4 6
-3 8
-5 7
-8 6
-5 10
-2 2
-6 4
-1 1
-1 0
-3 9
-3 5
-7 6
-10 7
-3 4
-4 3
2 3
-2 9
-8 8
-13 9
-7 5
-7 7
-3 3
-1 2
-2 3
-3 1
-11 6
-9 3
-10 4
-5 2
-2 1
-9 7
-8 3
-14 2
-12 3
-11 4
-9 5
-6 1
-8 5
-7 4
-7 2
-4 2
-8 1
-9 0
-7 1
-9 1
-10 0
-5 -2
-10 2
-6 2
-8 0
-8 -1
-9 -2
-8 -3
-4 -1
-5 0
-5 -1
-6 -1
-6 -2
-7 -2
-7 0
-3 2
-6 -3
-4 -3
-4 -2
-3 -2
-3 -1
-2 0
-1 -1
-2 -2
0 -4
-8 -2
-10 -3
-9 -4
-13 -5
-6 -4
-6 -5
-3 -3
-3 0
-1 -2
-5 -3
-4 -7
-2 -4
-3 -5
-2 -5
-3 -4
-2 -3
-7 -1
-6 0
-7 -3
-3 -6
-2 -6
-1 -4
-1 -5
-1 -7
0 -7
-1 -6
0 -5
1 -6
2 -5
0 -2
4 -7
3 -5
1 -5
0 -8
3 -7
1 -4
2 -7
3 -6
2 -4
5 -6
7 -6
8 -6
9 -7
8 -5
9 -6
11 -8
10 -5
15 -3
7 -3
6 -3
9 -4
5 -1
5 -3
6 -2
8 -4
7 -2
8 -3
8 -2
10 -3
10 -4
11 -3
13 -4
9 -3
9 -2
6 -1
5 -2
3 0
4 0
7 0
9 -1
7 -4
11 -2
10 -1
8 0
9 0
3 -1
6 0
5 2
8 2
10 0
8 1
7 4
9 3
10 1
11 1
8 3
10 4
7 3
4 3
11 5
13 5
10 3
11 3
10 5
5 3
8 5
9 5
6 2
6 5
4 4
3 3
1 5
2 4
3 4
3 6
4 6
1 4
2 5
3 5
2 6
2 7
0 2
0 3
1 3
2 2
-2 4
1 0
1 -1
