0 5
1 2
2 3
1 1
2 2
1 3
1 4
0 4
0 1
1 5
0 2
-1 6
-2 7
-1 7
-3 6
-2 6
-2 5
-1 4
-3 3
-1 8
-1 5
0 6
-3 8
0 3
-2 8
-4 11
-4 9
-3 10
-4 8
-3 9
-3 7
-4 5
-2 3
-4 7
-7 9
-6 5
-4 6
-3 5
-3 2
-5 4
-5 6
-8 7
-4 4
-3 4
-7 6
-6 7
-9 8
-8 6
-1 1
-1 0
-1 -1
0 -1
-2 4
-4 2
-2 1
-4 1
-5 1
-6 0
-9 2
-9 3
-13 4
-12 6
-12 5
-9 4
-7 3
-8 4
-10 4
-5 0
-8 2
-12 2
-13 3
-18 5
-16 4
-17 6
-9 1
-3 -4
-2 -3
-2 -5
-2 -2
-3 -3
-4 -2
-6 -3
-6 -2
-9 -1
-12 -1
-10 -1
-12 -3
-13 -3
-8 -1
-5 -2
-2 -1
-3 -1
-4 0
-3 -2
-4 -1
-7 -3
-9 -2
-5 -4
-10 -2
-9 -6
-6 -5
-5 -8
-8 -4
-7 -4
-8 -2
-5 -1
-4 -3
-3 0
-3 -6
-8 -3
-9 -4
-5 -6
-4 -5
-4 -4
-3 -5
-2 -6
-5 -3
-5 -9
-7 -6
-5 -7
-4 -9
-4 -10
-6 -10
-6 -8
-4 -8
-3 -9
-5 -10
-3 -8
-2 -8
-2 -7
-4 -6
-1 -7
-1 -5
0 -6
-1 -6
0 -5
0 -4
-1 -4
0 -3
-1 -2
-1 -3
2 -6
-1 -8
0 -7
2 -7
1 -7
1 -6
2 -4
1 -5
1 -3
1 -4
3 -5
3 -6
2 -5
3 -9
4 -5
2 -8
1 -9
3 -8
2 -3
4 -6
5 -5
5 -7
6 -5
1 -2
3 -1
3 -4
5 -3
9 -5
6 -4
8 -4
8 -2
13 -6
10 -9
7 -5
4 -3
3 -2
6 -3
8 -5
11 -5
12 -6
13 -7
6 -2
3 0
2 -2
4 -2
9 -6
15 -3
4 -1
5 0
4 0
8 -1
7 0
7 -2
9 0
11 -1
10 0
14 -3
12 -1
10 -1
7 2
12 1
11 2
11 1
13 0
12 0
9 3
8 1
5 4
4 4
3 1
7 1
6 2
6 3
8 4
8 2
5 3
7 6
6 6
2 5
6 1
3 5
4 6
2 4
2 7
3 6
3 4
4 1
4 3
4 2
4 5
4 8
2 9
4 7
2 6
3 7
3 8
1 6
1 7
5 7
5 2
2 10
3 10
3 9
0 10
1 13
0 12
0 11
1 9
1 0
0 8
-1 2
-1 3
