1 1
0 1
1 0
3 -3
4 0
6 -1
3 0
2 0
5 0
5 1
6 0
2 1
4 -1
10 2
14 -1
20 0
20 -1
21 -1
21 0
19 0
15 -1
13 0
8 0
7 0
5 2
6 2
3 1
6 3
7 2
9 1
8 2
8 3
8 5
9 2
9 4
9 3
6 1
8 4
7 5
7 4
5 4
7 3
4 2
3 3
4 4
2 4
3 2
-1 4
1 8
2 6
5 5
4 6
4 7
5 8
6 6
4 9
2 8
6 7
1 9
3 10
0 11
2 11
0 10
0 13
-1 12
0 9
-2 10
-3 10
-2 7
-1 10
-1 7
-3 7
-2 8
0 6
-3 9
-4 10
-6 11
-3 5
-9 9
-4 9
-2 5
-5 8
-4 6
-4 7
-10 3
-6 3
-5 4
-6 5
-2 1
-12 8
-10 8
-11 8
-12 4
-7 7
-6 9
-16 8
-6 4
-11 0
-7 0
-5 2
-8 2
-3 -1
-2 2
-7 5
-8 4
-7 1
-6 2
-1 0
-5 0
-7 2
-9 5
-14 6
-16 6
-13 1
-11 1
-8 -2
-11 4
-16 5
-13 7
-14 7
-21 3
-21 8
-19 6
-15 4
-9 0
-6 -1
-6 0
-7 -1
-9 1
-8 1
-9 -1
-10 -1
-12 0
-12 -2
-7 -2
-8 0
-10 0
-6 1
-2 -5
-5 -3
-8 -5
-8 -4
-10 -3
-10 -4
-12 -4
-3 -3
-6 -2
-4 -4
-4 -5
-4 -7
-1 -4
-3 -5
-2 -2
-4 0
-5 -2
-6 -3
-5 -1
-3 -2
-9 -3
-8 -3
-6 -5
-12 -5
-9 -6
-6 -4
-4 -6
-2 -8
-3 -8
0 -8
1 -5
-1 -5
-5 -5
-3 -7
-2 -7
-2 -6
-2 -4
-1 -6
0 -7
-1 -7
0 -5
0 -6
0 -9
-2 -9
-3 -10
-1 -8
0 -3
1 -4
1 -6
0 -4
1 -7
3 -9
3 -10
4 -12
5 -13
5 -12
6 -13
3 -13
1 -10
8 -12
6 -15
7 -12
4 -11
8 -13
10 -14
7 -14
9 -12
10 -10
9 -8
7 -8
5 -5
5 -7
8 -2
9 -1
9 -2
8 -3
9 0
10 -2
11 -4
11 -2
8 -1
10 -1
10 0
7 1
5 -1
4 1
