0 1
5 -3
2 -1
2 0
1 0
2 1
3 0
5 0
1 -1
3 2
1 1
3 1
5 1
6 2
7 1
7 0
10 0
10 2
9 2
9 0
8 2
6 1
4 4
6 3
5 2
4 2
2 3
4 3
2 4
3 3
10 5
12 3
8 5
11 4
11 6
8 6
9 5
7 6
6 4
8 4
3 4
3 5
1 2
2 8
1 9
1 6
0 8
3 8
4 11
4 8
2 5
4 5
4 7
3 6
3 9
-1 4
1 5
5 4
2 6
0 6
1 4
2 7
3 7
1 8
2 9
4 6
0 11
1 7
0 7
-1 5
-1 7
0 4
0 5
-1 6
-2 3
-1 8
-1 10
-2 8
-1 14
-1 11
-3 9
-2 10
2 11
-2 14
-3 10
-4 8
-3 7
-3 6
0 9
-4 9
-10 5
-8 8
-10 10
-7 7
-6 6
-7 8
-8 10
-9 7
-4 3
-6 3
-2 1
-1 1
-8 5
-11 6
-12 6
-6 2
-2 0
-5 2
-5 4
-11 4
-8 2
-9 1
-12 3
-8 3
-13 3
-8 1
-4 0
-5 0
-4 1
-10 2
-11 3
-17 1
-16 1
-12 2
-9 0
-12 0
-10 1
-7 -1
-4 -2
-5 -2
-4 -1
-4 -3
-5 -3
-5 -1
-3 -4
-6 -3
-5 -6
-5 -7
-8 -5
-4 -4
-7 -4
-7 -3
-5 -4
-2 -2
-3 -3
-6 -2
0 -5
-1 -8
-1 -4
-2 -4
-4 -6
-6 -5
-5 -5
-7 -5
-6 -1
-6 -6
-2 -5
-3 -6
-4 -5
-2 -6
-2 -7
-1 -7
-4 -9
0 -4
-3 -5
-1 -6
-1 -5
0 -6
0 -8
1 -2
1 -6
1 -5
0 -3
2 -8
2 -6
1 -7
1 -4
0 -7
2 -2
1 -3
2 -5
0 -2
3 -6
4 -7
2 -7
1 -8
2 -3
3 -5
3 -7
6 -4
5 -8
2 -4
3 -4
0 -1
4 -9
6 -7
5 -2
4 -2
7 -5
8 -6
3 -2
4 -3
6 -5
8 -2
8 -3
3 -1
4 -1
5 -4
6 -6
7 -2
5 -1
10 -10
6 -3
4 0
2 2
