0 -4
0 -3
-1 -1
0 -1
0 -5
-1 -12
0 -16
1 -17
-1 -13
-2 -13
-1 -10
0 -8
2 -9
3 -9
3 -5
1 -3
1 -1
5 -3
2 -1
6 -8
5 -8
4 -9
2 -5
3 -6
1 -7
4 -7
4 -6
4 -5
7 -6
4 -4
4 -2
3 -3
6 -5
7 -5
7 -4
4 -1
2 -2
5 -2
8 -5
6 -3
5 -1
3 -1
4 0
7 -1
7 -3
7 -2
3 0
6 -6
9 -3
9 -4
8 -2
5 -4
6 -1
9 -1
8 0
5 2
6 2
6 1
5 1
3 1
7 2
6 3
9 5
10 2
10 1
8 1
7 3
5 4
6 4
7 0
7 4
5 3
3 3
4 3
4 2
8 4
2 3
5 5
1 4
4 5
2 0
4 4
3 2
2 5
2 6
1 3
4 6
3 6
6 7
6 6
7 7
3 8
4 8
8 5
3 5
3 7
1 6
1 7
5 8
2 11
1 12
1 8
0 11
3 9
2 9
2 10
0 5
-1 2
0 6
0 7
-1 7
-5 10
-3 9
0 10
-2 8
-2 9
-3 12
-1 10
2 13
-1 11
-3 11
-2 12
-4 10
-7 12
-8 9
-9 9
-5 11
-10 12
-2 10
-6 8
-5 9
-4 3
-6 5
-6 0
-7 2
-8 3
-8 4
-5 5
-6 1
-4 0
-7 3
-7 4
-9 2
-8 1
-5 1
-9 1
-8 -1
-10 0
-8 0
-9 0
-7 1
-7 0
-6 -1
-7 -1
-7 -2
-5 -2
-3 1
-4 -2
-6 -3
-4 -3
-5 -1
-3 -2
-2 -4
-5 0
-4 -1
-1 -2
-5 -4
-8 -4
-9 -2
-9 -4
-7 -5
-7 -6
-6 -5
-6 -4
-5 -5
-4 -4
-3 -4
-3 -5
-3 -3
-5 -6
-2 -3
-2 -5
-2 -7
-3 -6
-4 -8
-4 -7
-3 -7
0 -2
-1 -6
-1 -5
-5 -3
-4 -5
1 -2
-1 -4
-1 -3
0 -7
