3 1
3 2
4 2
2 1
5 2
6 1
3 3
6 -1
6 3
6 2
4 3
6 4
8 4
7 2
5 5
3 6
4 -1
7 4
7 3
8 1
7 7
5 7
9 9
8 8
5 9
7 10
5 8
1 7
5 6
2 7
0 7
1 8
1 9
0 10
0 6
2 6
0 5
0 3
1 4
-1 4
0 4
-1 7
-2 9
0 9
-1 9
0 8
-2 5
-2 10
-1 10
-2 8
0 11
-2 6
-2 7
-4 9
-5 11
-3 6
-4 6
-3 7
-5 7
-3 10
-1 5
-2 4
-2 2
-2 3
-1 2
-2 1
-4 2
-5 4
-3 4
-3 5
-3 11
-4 5
-1 3
-3 3
0 2
-4 4
-6 3
-6 4
-11 4
-10 9
-9 9
-11 8
-8 3
-6 7
-8 4
-8 5
-7 2
-7 4
-4 3
-7 3
-10 6
-11 6
-11 1
-13 3
-7 7
-12 2
-10 2
-5 1
-5 2
-4 1
-3 0
-4 -1
-2 0
-3 1
-2 -3
-4 0
-9 -2
-4 -2
-3 -2
-2 -1
-4 -4
-3 -3
-7 -2
-5 -3
-6 -3
-7 -3
-1 0
-9 -4
-5 -1
-3 -1
-7 -5
-9 -3
-7 -4
-1 -5
-4 -3
-5 -4
-4 -8
-3 -5
-2 -6
-5 -8
-3 -9
-2 -9
0 -8
-3 -7
-1 -7
-2 -8
-1 -6
-1 -8
-2 -5
0 -7
-3 -4
2 -6
1 -7
1 -9
-1 -9
0 -3
0 -6
0 -10
1 -15
1 -10
2 -8
3 -5
3 -7
2 -5
1 -4
-1 -4
1 -5
6 -6
3 -8
-1 -3
0 -4
3 -3
2 -3
2 0
0 -2
1 -6
2 -9
1 -8
2 -4
3 -6
4 -7
5 -7
4 -8
4 -9
2 -7
4 -5
8 -6
5 -4
5 -5
10 -5
10 -4
9 -4
5 -2
4 -2
6 -3
11 -2
6 -2
5 -1
7 -2
2 -1
4 0
5 0
8 -2
8 -5
1 0
3 0
6 0
