-7 -15
-8 -14
-8 -16
-9 -12
-12 -7
-11 -5
-15 -4
-15 -2
-13 -2
-14 0
-16 3
-18 5
-21 6
-19 6
-17 8
-15 8
-17 14
-18 16
-14 16
-10 19
-7 14
0 10
2 10
4 11
9 4
8 2
5 1
5 0
7 -3
10 -5
11 -4
10 -3
9 -1
9 0
10 -2
10 0
7 -1
1 0
6 -2
4 -2
8 -4
4 -1
3 -1
6 -1
8 -1
7 0
6 0
4 0
3 2
4 1
7 1
9 2
8 0
10 2
9 1
7 2
8 1
5 -1
2 0
0 -1
3 -6
2 -3
2 -2
1 -2
1 -5
1 -3
1 -4
0 -3
0 -4
3 -5
3 -4
4 -4
0 1
3 1
4 3
6 2
2 2
2 1
0 2
2 3
1 3
3 4
2 5
4 6
4 7
5 7
6 10
7 7
9 7
8 6
7 6
6 6
6 7
5 9
5 5
6 3
4 2
3 3
4 4
8 5
7 4
6 4
8 4
7 5
8 3
5 2
3 0
11 -3
8 -3
11 -2
12 -4
1 1
