-4 -1
-20 8
-20 8
-20 8
-20 8
-20 8
-20 8
-20 8
-20 8
-20 8
-20 8
-20 8
-20 8
-20 8
-20 8
-20 8
-20 8
-22 10
-24 10
-24 9
-24 9
-24 9
-24 9
-24 9
-24 9
-24 9
-24 9
-24 9
-24 9
-24 9
-24 9
-24 9
-24 9
-24 9
-24 9
-24 9
-24 9
-24 9
-24 9
-24 9
-24 9
-24 9
-24 9
-24 9
-24 9
-24 9
-24 9
-24 9
-24 9
-24 9
-24 9
-24 9
-24 9
-24 9
-24 9
-24 9
-23 10
-23 10
-23 10
-23 10
-23 10
-23 10
-23 10
-23 10
-23 10
-23 10
-23 10
-23 10
-23 10
-23 10
-23 10
-23 10
-23 10
-23 10
-26 9
-26 9
-26 9
-26 9
-26 9
-26 9
-26 9
-26 9
-26 9
-26 9
-26 9
-26 9
-26 9
-26 9
-26 9
-26 9
-26 9
-26 9
-30 12
-30 12
-30 12
-30 12
-30 12
-30 12
-30 12
-30 12
-30 12
-30 12
-30 12
-30 12
-30 12
-30 12
-30 12
-30 12
-30 12
-30 12
-30 12
-30 12
-30 12
-30 12
-30 12
-30 12
-30 12
-30 12
-30 12
-30 12
-30 12
-30 12
-30 12
-30 12
-30 12
-30 12
-30 12
-30 12
-30 12
-30 12
-30 12
-30 12
-30 12
-30 12
-33 18
-33 18
-33 18
-33 18
-33 18
-33 18
-33 18
-33 18
-33 18
-33 18
-33 18
-33 18
-33 18
-33 18
-33 18
-33 18
-33 18
-33 18
-33 18
-33 18
-33 18
-33 18
-33 18
-33 18
-33 18
-33 18
-33 18
-33 18
-33 18
-33 18
-33 18
-33 18
-33 18
-33 18
-33 18
-33 18
-33 18
-33 18
-33 18
-33 18
-33 18
-33 18
-33 18
-32 21
-32 21
-32 21
-32 21
-32 21
-32 21
-32 21
-32 21
-32 21
-32 21
-32 21
-32 21
-32 21
-32 21
-32 21
-32 21
-32 21
-32 21
-32 21
-32 21
-32 21
-32 21
-32 21
-32 21
-32 21
-32 21
-32 21
-32 21
-32 21
-32 21
-32 21
-32 21
-32 21
-32 21
-32 21
-32 21
-32 21
-32 21
-32 21
-32 21
-32 21
-32 21
-29 20
-29 20
-27 18
-27 18
-27 18
-27 18
-27 18
-27 18
-27 18
-27 18
-27 18
-27 18
-27 18
-27 18
-27 18
-27 18
-27 18
-27 18
-27 18
-27 18
-27 18
-27 18
-27 18
-27 18
-27 18
-27 18
-27 18
-27 18
-27 18
-27 18
-27 18
-27 18
-27 18
-27 18
-27 18
-27 18
-27 18
-27 18
-27 18
-27 18
-27 18
-27 18
-27 18
-27 18
-27 18
-26 19
-26 19
-26 19
-26 19
-26 19
-26 19
-26 19
-26 19
-26 19
-26 19
-26 19
-26 19
-26 19
-26 19
-26 19
-26 19
-26 19
-26 19
-26 19
-26 19
-26 19
-26 19
-26 19
-26 19
-26 19
-26 19
-26 19
-26 19
-26 19
-26 19
-26 19
-26 19
-26 19
-26 19
-26 19
-26 19
-26 19
-26 19
-26 19
-26 19
-26 19
-26 19
-26 19
-26 19
-22 21
-22 21
-21 20
-21 20
-21 20
-21 20
-21 20
-21 20
-21 20
-21 20
-21 20
-21 20
-21 20
-21 20
-21 20
-21 20
-21 20
-21 20
-21 20
-21 20
-21 20
-21 20
-21 20
-21 20
-21 20
-21 20
-21 20
-21 20
-21 20
-21 20
-21 20
-21 20
-21 20
-21 20
-21 20
-21 20
-21 20
-21 20
-21 20
-21 20
-21 20
-21 20
-21 20
-21 20
-21 20
-21 20
-21 20
-21 20
-21 20
-21 20
-21 20
-21 20
-21 20
-21 20
-21 20
-21 20
-21 20
-21 20
-21 20
-21 20
-19 22
-15 20
-15 20
-15 20
-15 20
-15 20
-15 20
-15 20
-15 20
-15 20
-15 20
-15 20
-15 20
-15 20
-15 20
-15 20
-15 20
-15 20
-15 20
-15 20
-11 22
-11 22
-11 22
-11 22
-11 22
-11 22
-11 22
-11 22
-11 22
-11 22
-11 22
-11 22
-11 22
-11 22
-11 22
-11 22
-11 22
-11 22
-11 22
-11 22
-11 22
-11 22
-11 22
-11 22
-11 22
-11 22
-11 22
-11 22
-11 22
-11 22
-11 22
-11 22
-11 22
-11 22
-11 22
-11 22
-11 22
-11 22
-11 22
-11 22
-11 22
-5 20
-5 20
-5 20
-5 20
-5 20
-5 20
-5 20
-5 20
-5 20
-5 20
-5 20
-5 20
-5 20
-5 20
-5 20
-5 20
-5 20
-5 20
-5 20
-5 20
-5 20
-5 20
-5 20
-5 20
-5 20
-5 20
-5 20
-5 20
-5 20
-5 20
-5 20
-5 20
-5 20
-5 20
-5 20
-5 20
-5 20
-5 20
-5 20
-5 20
-5 20
-2 17
-2 17
-1 17
-1 17
-1 17
-1 17
-1 17
-1 17
-1 17
-1 17
-1 17
-1 17
-1 17
-1 17
-1 17
-1 17
-1 17
-1 17
-1 17
-1 17
-1 17
-1 17
-1 17
-1 17
-1 17
-1 17
-1 17
-1 17
-1 17
-1 17
-1 17
-1 17
-1 17
-1 17
-1 17
-1 17
-1 17
-1 17
-1 17
-1 17
-1 17
-1 17
-1 17
-1 17
-1 17
-1 17
-1 17
-1 17
-1 17
-1 17
-1 17
-1 17
-1 17
-1 17
-1 17
-1 17
-1 17
-1 17
-1 17
-1 17
-1 17
-1 17
-1 17
-1 17
-1 17
-1 17
-1 17
3 15
5 15
5 15
5 15
5 15
5 15
5 15
5 15
5 15
5 15
5 15
5 15
5 15
5 15
5 15
5 15
5 15
5 15
5 15
5 15
5 15
5 15
5 15
5 15
5 15
5 15
5 15
5 15
5 15
5 15
5 15
5 15
5 15
5 15
5 15
5 15
5 15
5 15
5 15
5 15
5 15
6 17
6 17
6 17
6 17
6 17
6 17
6 17
6 17
6 17
6 17
6 17
6 17
6 17
6 17
6 17
6 17
6 17
6 17
6 17
6 17
6 17
6 17
6 17
6 17
6 17
6 17
6 17
6 17
6 17
6 17
6 17
6 17
6 17
6 17
6 17
6 17
6 17
6 17
6 17
6 17
6 17
6 17
6 17
6 17
6 17
6 17
6 17
6 17
6 17
6 17
6 17
6 17
6 17
6 17
6 17
6 17
6 17
6 17
6 17
6 17
6 17
6 17
6 17
6 17
6 17
6 17
6 17
6 17
6 17
6 17
6 17
6 17
6 17
6 17
6 17
6 17
6 17
6 17
6 17
6 17
6 17
6 17
6 17
6 17
6 17
6 17
6 17
6 17
6 17
7 18
6 16
6 16
6 16
11 18
11 18
11 18
11 18
11 18
11 18
11 18
11 18
11 18
11 18
11 18
11 18
11 18
11 18
11 18
11 18
11 18
11 18
11 18
11 18
11 18
11 18
11 18
11 18
11 18
11 18
11 18
11 18
11 18
11 18
11 18
11 18
11 18
11 18
11 18
11 18
11 18
11 18
11 18
11 18
11 18
11 18
11 18
13 15
13 15
13 15
13 15
13 15
13 15
13 15
13 15
13 15
13 15
13 15
13 15
13 15
13 15
13 15
13 15
13 15
13 15
13 15
13 15
13 15
13 15
13 15
13 15
13 15
13 15
13 15
15 13
15 13
15 13
15 13
15 13
15 13
15 13
15 13
15 13
15 13
15 13
15 13
15 13
15 13
15 13
15 13
15 13
15 13
16 10
16 10
16 10
16 10
16 10
16 10
16 10
16 10
16 10
16 10
16 10
16 10
16 10
16 10
16 10
16 10
16 10
16 10
17 6
17 6
17 6
17 6
17 6
17 6
17 6
17 6
17 6
17 6
17 6
17 6
17 6
17 6
17 6
17 6
17 6
17 6
17 6
17 6
17 6
17 6
17 6
17 6
17 6
17 6
17 6
17 6
17 6
17 6
17 6
17 6
17 6
17 6
17 6
17 6
17 6
17 6
17 6
17 6
17 6
17 6
17 6
17 6
17 6
17 6
17 6
17 6
17 6
17 6
17 6
17 6
17 6
17 6
17 6
17 6
17 6
17 6
17 6
15 1
15 1
18 -2
18 -2
18 -2
18 -2
18 -2
18 -2
18 -2
18 -2
18 -2
18 -2
18 -2
18 -2
18 -2
18 -2
18 -2
18 -2
18 -2
18 -2
18 -2
18 -2
18 -2
18 -2
18 -2
18 -2
18 -2
18 -2
18 -2
18 -2
18 -2
18 -2
18 -2
18 -2
18 -2
18 -2
18 -2
18 -2
18 -2
18 -2
18 -2
18 -2
18 -2
18 -2
18 -2
19 -4
19 -4
19 -4
19 -4
19 -4
19 -4
19 -4
19 -4
19 -4
19 -4
19 -4
19 -4
19 -4
19 -4
19 -4
19 -4
19 -4
19 -4
19 -4
19 -4
19 -4
19 -4
19 -4
17 -5
17 -5
17 -5
17 -5
17 -5
17 -5
17 -5
17 -5
17 -5
17 -5
17 -5
17 -5
17 -5
17 -5
17 -5
17 -5
17 -5
17 -5
17 -5
17 -5
17 -5
19 -5
19 -5
19 -5
19 -5
19 -5
19 -5
19 -5
19 -5
19 -5
19 -5
19 -5
19 -5
19 -5
19 -5
19 -5
19 -5
19 -5
19 -5
19 -5
19 -5
19 -5
19 -5
19 -5
19 -5
19 -5
19 -5
19 -5
19 -5
19 -5
19 -5
19 -5
19 -5
19 -5
19 -5
19 -5
19 -5
19 -5
19 -5
19 -5
19 -5
19 -5
19 -5
19 -5
19 -5
19 -5
19 -5
19 -5
23 -4
23 -4
23 -4
23 -4
23 -4
23 -4
23 -4
23 -4
23 -4
23 -4
23 -4
23 -4
23 -4
23 -4
23 -4
23 -4
23 -4
23 -4
23 -4
23 -4
23 -4
23 -4
23 -4
23 -4
23 -4
23 -4
23 -4
23 -4
23 -4
23 -4
23 -4
23 -4
23 -4
23 -4
23 -4
23 -4
23 -4
23 -4
23 -4
23 -4
23 -4
23 -4
23 -4
23 -4
23 -4
23 -4
23 -4
23 -4
23 -4
23 -4
23 -4
23 -4
23 -4
23 -4
23 -4
23 -4
23 -4
23 -4
23 -4
23 -4
23 -4
23 -4
23 -4
23 -4
23 -4
23 -4
23 -4
23 -4
23 -4
23 -4
23 -4
23 -4
23 -4
23 -4
23 -4
23 -4
23 -4
23 -4
23 -4
23 -4
23 -4
23 -4
23 -4
23 -4
23 -4
23 -4
23 -4
23 -4
23 -4
23 -4
23 -4
23 -4
23 -4
23 -4
23 -4
25 -5
28 -4
28 -4
28 -4
28 -4
28 -4
28 -4
28 -4
28 -4
28 -4
28 -4
28 -4
28 -4
28 -4
28 -4
28 -4
28 -4
28 -4
28 -4
28 -4
28 -4
28 -6
28 -6
28 -6
28 -6
28 -6
28 -6
28 -6
28 -6
28 -6
28 -6
28 -6
28 -6
28 -6
28 -6
28 -6
28 -6
28 -6
28 -6
28 -6
28 -6
28 -6
28 -6
28 -6
28 -6
28 -6
28 -6
28 -6
28 -6
28 -6
28 -6
28 -6
28 -6
28 -6
28 -6
28 -6
28 -6
28 -6
28 -6
28 -6
28 -6
28 -6
28 -6
28 -6
28 -6
28 -6
28 -6
28 -6
28 -6
28 -6
28 -6
28 -6
28 -6
28 -6
28 -6
28 -6
28 -6
28 -6
28 -6
28 -6
28 -6
29 -4
29 -4
25 -4
25 -4
25 -4
25 -4
25 -4
25 -4
25 -4
25 -4
25 -4
25 -4
25 -4
25 -4
25 -4
25 -4
25 -4
25 -4
25 -4
25 -4
25 -4
25 -4
25 -4
25 -4
25 -4
25 -4
25 -4
25 -4
25 -4
25 -4
25 -4
25 -4
25 -4
25 -4
25 -4
25 -4
25 -4
25 -4
25 -4
25 -4
24 -6
24 -6
24 -6
24 -6
24 -6
24 -6
24 -6
24 -6
24 -6
24 -6
24 -6
24 -6
24 -6
24 -6
24 -6
24 -6
24 -6
24 -6
24 -6
19 -8
19 -8
19 -8
19 -8
19 -8
19 -8
19 -8
19 -8
19 -8
19 -8
19 -8
19 -8
19 -8
19 -8
19 -8
19 -8
19 -8
19 -8
19 -8
19 -8
19 -8
19 -8
19 -8
19 -8
19 -8
19 -8
19 -8
19 -8
19 -8
19 -8
19 -8
19 -8
19 -8
19 -8
19 -8
19 -8
19 -8
19 -8
19 -8
19 -8
14 -7
14 -7
14 -7
14 -7
14 -7
14 -7
14 -7
14 -7
14 -7
14 -7
14 -7
14 -7
14 -7
14 -7
14 -7
14 -7
14 -7
9 -7
9 -7
9 -7
9 -7
9 -7
9 -7
9 -7
9 -7
9 -7
9 -7
9 -7
9 -7
9 -7
9 -7
9 -7
9 -7
9 -7
9 -7
9 -7
9 -7
9 -7
9 -7
9 -7
9 -7
9 -7
9 -7
9 -7
9 -7
9 -7
9 -7
9 -7
9 -7
9 -7
9 -7
9 -7
9 -7
9 -7
9 -7
9 -7
9 -7
9 -7
9 -7
9 -7
9 -7
9 -7
9 -7
9 -7
9 -7
6 -7
6 -7
6 -7
6 -7
6 -7
6 -7
6 -7
6 -7
6 -7
6 -7
6 -7
6 -7
6 -7
6 -7
6 -7
6 -7
6 -7
6 -7
6 -7
6 -7
6 -7
6 -7
6 -7
6 -7
6 -7
6 -7
6 -7
6 -7
6 -7
6 -7
6 -7
6 -7
6 -7
6 -7
6 -7
6 -7
6 -7
6 -7
6 -7
6 -7
6 -7
6 -7
6 -7
6 -7
6 -7
6 -7
6 -7
6 -7
6 -7
6 -7
6 -7
6 -7
6 -7
6 -7
6 -7
6 -7
6 -7
6 -7
6 -7
6 -7
6 -7
6 -7
6 -7
6 -7
6 -7
6 -7
6 -7
6 -7
6 -7
6 -7
6 -7
6 -7
6 -7
4 -5
4 -5
4 -5
4 -5
4 -5
4 -5
4 -5
4 -5
4 -5
4 -5
4 -5
4 -5
4 -5
4 -5
4 -5
4 -5
4 -5
4 -5
4 -5
4 -5
4 -5
4 -5
4 -5
4 -5
4 -5
4 -5
4 -3
4 -3
4 -3
4 -3
4 -3
4 -3
4 -3
4 -3
4 -3
4 -3
4 -3
4 -3
4 -3
4 -3
4 -3
4 -3
4 -3
4 -3
7 -6
7 -6
7 -6
7 -6
7 -6
7 -6
7 -6
7 -6
7 -6
7 -6
7 -6
7 -6
7 -6
7 -6
7 -6
7 -6
7 -6
7 -6
7 -6
7 -6
7 -6
7 -6
7 -6
7 -6
7 -6
7 -6
7 -6
7 -6
7 -6
7 -6
7 -6
7 -6
7 -6
7 -6
7 -6
7 -6
7 -6
7 -6
10 -7
10 -7
10 -7
10 -7
10 -7
10 -7
10 -7
10 -7
10 -7
10 -7
10 -7
10 -7
10 -7
10 -7
10 -7
10 -7
10 -7
10 -7
10 -7
10 -7
10 -7
10 -7
10 -7
10 -7
10 -7
10 -7
10 -7
10 -7
10 -7
10 -7
10 -7
10 -7
10 -7
10 -7
10 -7
10 -7
10 -7
10 -7
10 -7
10 -7
10 -7
10 -7
10 -7
10 -7
10 -7
10 -7
10 -7
10 -7
10 -7
10 -7
10 -7
10 -7
10 -7
10 -7
10 -7
10 -7
10 -7
10 -7
10 -7
10 -7
10 -7
10 -7
10 -7
10 -7
10 -7
10 -7
10 -7
10 -7
10 -7
10 -7
10 -7
10 -7
10 -7
10 -7
10 -7
10 -7
10 -7
10 -7
10 -7
10 -7
10 -7
10 -7
10 -7
10 -7
10 -7
10 -7
5 -4
5 -4
5 -4
5 -4
5 -4
5 -4
5 -4
5 -4
5 -4
5 -4
5 -4
5 -4
5 -4
5 -4
5 -4
5 -4
5 -4
5 -4
5 -4
5 -4
5 -4
5 -4
5 -4
5 -4
5 -4
5 -4
5 -4
5 -4
5 -4
5 -4
5 -4
5 -4
5 -4
5 -4
5 -4
5 -4
5 -4
5 -4
5 -4
5 -4
5 -4
5 -4
5 -4
5 -4
5 -4
5 -4
5 -4
5 -4
5 -4
5 -4
5 -4
5 -4
5 -4
5 -4
5 -4
5 -4
5 -4
5 -4
5 -4
5 -4
5 -4
5 -4
5 -4
5 -4
5 -4
2 -2
2 -2
2 -2
2 -2
2 -2
2 -2
2 -2
2 -2
2 -2
2 -2
2 -2
2 -2
2 -2
2 -2
2 -2
2 -2
2 -2
2 -2
2 -2
2 -2
2 -2
1 -1
1 -1
1 -1
1 -1
1 -1
1 -1
1 -1
1 -1
1 -1
1 -1
1 -1
1 -1
1 -1
1 -1
1 -1
1 -1
1 -1
1 -1
1 -1
1 -1
1 -1
1 -1
1 -1
1 -1
1 -1
1 -1
1 -1
1 -1
1 -1
1 -1
1 -1
1 -1
1 -1
1 -1
1 -1
1 -1
1 -1
1 -1
1 -1
1 -1
1 -1
1 -1
1 -1
1 -1
1 -1
1 -1
1 -1
1 -1
1 -1
1 -1
1 -1
1 -1
1 -1
1 -1
1 -1
1 -1
1 -1
1 -1
1 -1
1 -1
1 -1
1 -1
1 -1
1 -1
1 -1
1 -1
1 -1
1 -1
1 -1
1 -1
1 -1
1 -1
1 -1
1 -1
1 -1
1 -1
1 -1
1 -1
1 -1
1 -1
1 -1
1 -1
1 -1
1 -1
1 -1
1 -1
1 -1
1 -1
1 -1
1 -1
1 -1
1 -1
1 -1
1 -1
1 -1
1 -1
1 -1
1 -1
1 -1
1 -1
1 -1
1 -1
1 -1
1 -1
1 -1
1 -1
1 -1
1 -1
1 -1
1 -1
1 -1
1 -1
1 -1
1 -1
1 -1
1 -1
1 -1
1 -1
1 -1
1 -1
1 -1
1 -1
1 -1
1 -1
1 -1
1 -1
1 -1
1 -1
1 -1
1 -1
1 -1
1 -1
1 -1
1 -1
1 -1
1 -1
1 -1
1 -1
1 -1
1 -1
1 -1
1 -1
1 -1
1 -1
1 -1
1 -1
1 -1
1 -1
1 -1
1 -1
1 -1
1 -1
1 -1
1 -1
1 -1
1 -1
1 -1
1 -1
1 -1
1 -1
1 -1
1 -1
1 -1
1 -1
1 -1
1 -1
1 -1
1 -1
1 -1
1 -1
1 -1
1 -1
1 -1
1 -1
1 -1
1 -1
1 -1
1 -1
1 -1
1 -1
1 -1
1 -1
1 -1
1 -1
1 -1
1 -1
1 -1
1 -1
1 -1
1 -1
1 -1
1 -1
1 -1
1 -1
1 -1
1 -1
1 -1
1 -1
1 -1
1 -1
1 -1
1 -1
1 -1
1 -1
1 -1
1 -1
1 -1
1 -1
1 -1
1 -1
1 -1
1 -1
1 -1
1 -1
1 -1
1 -1
1 -1
1 -1
1 -1
1 -1
1 -1
1 -1
1 -1
1 -1
1 -1
1 -1
1 -1
1 -1
1 -1
1 -1
1 -1
1 -1
1 -1
1 -1
1 -1
1 -1
1 -1
1 -1
1 -1
1 -1
1 -1
1 -1
1 -1
1 -1
1 -1
1 -1
1 -1
1 -1
1 -1
1 -1
1 -1
1 -1
1 -1
1 -1
1 -1
1 -1
1 -1
1 -1
1 -1
1 -1
1 -1
1 -1
1 -1
1 -1
1 -1
1 -1
1 -1
1 -1
1 -1
1 -1
1 -1
1 -1
1 -1
1 -1
1 -1
1 -1
1 -1
1 -1
1 -1
1 -1
1 -1
1 -1
1 -1
1 -1
1 -1
1 -1
1 -1
1 -1
1 -1
1 -1
1 -1
1 -1
1 -1
1 -1
1 -1
1 -1
1 -1
1 -1
1 -1
1 -1
1 -1
1 -1
1 -1
1 -1
1 -1
1 -1
1 -1
1 -1
1 -1
1 -1
1 -1
1 -1
1 -1
1 -1
1 -1
1 -1
1 -1
1 -1
1 -1
1 -1
1 -1
1 -1
1 -1
1 -1
1 -1
1 -1
1 -1
1 -1
1 -1
1 -1
1 -1
1 -1
1 -1
1 -1
1 -1
1 -1
1 -1
1 -1
1 -1
1 -1
1 -1
1 -1
1 -1
1 -1
1 -1
1 -1
1 -1
1 -1
1 -1
1 -1
1 -1
1 -1
1 -1
1 -1
1 -1
1 -1
1 -1
1 -1
1 -1
1 -1
1 -1
1 -1
1 -1
1 -1
1 -1
1 -1
1 -1
1 -1
1 -1
1 -1
1 -1
1 -1
1 -1
1 -1
1 -1
1 -1
1 -1
1 -1
1 -1
1 -1
1 -1
1 -1
1 -1
1 -1
1 -1
1 -1
1 -1
1 -1
1 -1
1 -1
1 -1
1 -1
1 -1
1 -1
1 -1
1 -1
1 -1
1 -1
1 -1
1 -1
1 -1
1 -1
1 -1
1 -1
1 -1
1 -1
1 -1
1 -1
1 -1
1 -1
1 -1
1 -1
1 -1
1 -1
1 -1
1 -1
1 -1
1 -1
1 -1
1 -1
1 -1
1 -1
1 -1
1 -1
1 -1
1 -1
1 -1
1 -1
1 -1
1 -1
1 -1
1 -1
1 -1
1 -1
1 -1
1 -1
1 -1
1 -1
1 -1
1 -1
1 -1
1 -1
1 -1
1 -1
1 -1
1 -1
1 -1
1 -1
1 -1
1 -1
1 -1
1 -1
1 -1
1 -1
1 -1
1 -1
1 -1
1 -1
1 -1
1 -1
1 -1
1 -1
1 -1
1 -1
1 -1
1 -1
1 -1
1 -1
1 -1
1 -1
1 -1
1 -1
1 -1
1 -1
1 -1
1 -1
1 -1
1 -1
1 -1
1 -1
1 -1
1 -1
1 -1
1 -1
1 -1
1 -1
1 -1
1 -1
1 -1
1 -1
1 -1
1 -1
1 -1
1 -1
1 -1
1 -1
1 -1
1 -1
1 -1
1 -1
1 -1
1 -1
1 -1
1 -1
1 -1
1 -1
1 -1
1 -1
1 -1
1 -1
1 -1
1 -1
1 -1
1 -1
1 -1
1 -1
1 -1
1 -1
1 -1
1 -1
1 -1
1 -1
1 -1
1 -1
1 -1
1 -1
1 -1
1 -1
1 -1
1 -1
1 -1
1 -1
1 -1
1 -1
1 -1
1 -1
1 -1
1 -1
1 -1
1 -1
1 -1
1 -1
