0 3
0 7
0 10
-1 10
-4 14
-4 13
-4 13
-5 13
-8 16
-8 16
-8 16
-8 16
-8 16
-8 16
-8 16
-8 16
-8 16
-8 16
-8 16
-8 16
-8 16
-8 16
-8 16
-8 16
-8 16
-8 16
-8 16
-8 16
-8 16
-8 16
-8 16
-8 16
-8 16
-8 16
-8 16
-8 16
-8 16
-8 16
-8 16
-8 16
-8 16
-8 16
-8 16
-8 16
-8 16
-8 16
-8 16
-8 16
-8 16
-8 16
-8 16
-8 16
-10 19
-10 19
-10 18
-10 18
-9 19
-9 19
-9 19
-9 19
-9 19
-9 19
-9 19
-9 19
-9 19
-9 19
-9 19
-9 19
-9 19
-9 19
-9 19
-9 19
-9 19
-9 19
-9 19
-9 19
-9 19
-9 19
-9 19
-9 19
-9 19
-9 19
-9 19
-9 19
-9 19
-9 19
-9 19
-9 19
-9 19
-9 19
-9 19
-9 19
-9 19
-9 19
-9 19
-9 19
-9 19
-9 19
-9 19
-9 19
-9 19
-9 19
-9 19
-9 19
-9 19
-9 19
-9 19
-9 19
-9 19
-9 19
-9 19
-9 19
-9 19
-9 19
-9 19
-9 19
-9 19
-9 19
-9 19
-9 19
-9 19
-9 19
-9 19
-10 19
-9 17
-9 17
-9 17
-9 17
-9 17
-9 17
-9 17
-9 17
-9 17
-9 17
-9 17
-9 17
-9 17
-9 17
-9 17
-9 17
-9 17
-9 17
-9 17
-9 17
-9 17
-9 17
-9 17
-9 17
-9 17
-9 17
-9 17
-9 17
-9 17
-9 17
-9 17
-9 17
-9 17
-9 17
-9 17
-9 17
-9 17
-9 17
-9 17
-9 17
-9 17
-9 17
-9 17
-9 17
-9 17
-9 17
-9 17
-9 17
-11 18
-11 18
-11 18
-11 18
-11 18
-11 18
-11 18
-11 18
-11 18
-11 18
-11 18
-11 18
-11 18
-11 18
-11 18
-11 18
-11 18
-11 18
-11 18
-11 18
-11 18
-11 18
-11 18
-11 18
-11 18
-11 18
-11 18
-11 18
-11 18
-11 18
-11 18
-11 18
-11 18
-11 18
-11 18
-11 18
-11 18
-11 18
-11 18
-11 18
-11 18
-11 18
-11 18
-11 18
-11 18
-11 18
-13 20
-13 17
-13 17
-13 17
-13 17
-13 17
-13 17
-13 17
-13 17
-13 17
-13 17
-13 17
-13 17
-13 17
-13 17
-13 17
-13 17
-13 17
-13 17
-13 17
-13 17
-13 17
-13 17
-13 17
-13 17
-13 17
-13 17
-13 17
-13 17
-13 17
-13 17
-13 17
-13 17
-13 17
-13 17
-13 17
-13 17
-13 17
-13 17
-13 17
-13 17
-15 17
-15 17
-15 17
-15 17
-15 17
-15 17
-15 17
-15 17
-15 17
-15 17
-15 17
-15 17
-15 17
-15 17
-15 17
-15 17
-15 17
-15 17
-15 17
-15 17
-15 17
-15 17
-15 17
-15 17
-15 17
-15 17
-15 17
-15 17
-15 17
-15 17
-15 17
-15 17
-15 17
-15 17
-15 17
-15 17
-15 17
-15 17
-15 17
-15 17
-15 17
-15 17
-15 17
-15 17
-15 17
-15 17
-15 17
-14 13
-14 13
-14 13
-14 13
-14 13
-14 13
-14 13
-14 13
-14 13
-14 13
-14 13
-14 13
-14 13
-14 13
-14 13
-14 13
-14 13
-14 13
-14 13
-14 13
-14 13
-14 13
-14 13
-14 13
-14 13
-14 13
-14 13
-14 13
-14 13
-14 13
-14 13
-14 13
-14 13
-14 13
-14 13
-14 13
-14 13
-14 13
-14 13
-14 13
-15 14
-15 14
-15 14
-15 14
-15 14
-15 14
-15 14
-15 14
-15 14
-15 14
-15 14
-15 14
-15 14
-15 14
-15 14
-17 14
-17 14
-17 14
-17 14
-17 14
-17 14
-17 14
-17 14
-17 14
-17 14
-17 14
-17 14
-17 14
-17 14
-17 14
-17 14
-17 14
-17 14
-17 14
-17 14
-17 14
-17 14
-17 14
-17 14
-17 14
-17 14
-17 14
-17 14
-17 14
-17 14
-17 14
-17 14
-17 14
-17 14
-17 14
-17 14
-17 14
-17 14
-17 14
-17 14
-17 14
-17 14
-17 14
-17 14
-17 14
-17 14
-17 14
-17 14
-17 14
-17 14
-17 14
-17 14
-17 14
-17 14
-17 14
-17 14
-17 14
-17 14
-17 14
-17 14
-17 14
-17 14
-17 14
-17 14
-17 14
-17 14
-17 14
-17 14
-19 12
-21 12
-21 12
-21 12
-21 12
-21 12
-21 12
-21 12
-21 12
-21 12
-21 12
-21 12
-21 12
-21 12
-21 12
-21 12
-21 12
-21 12
-21 12
-21 12
-21 12
-21 12
-21 12
-21 12
-21 12
-21 12
-21 12
-21 12
-21 12
-21 12
-21 12
-21 12
-21 12
-21 12
-21 12
-21 12
-21 12
-21 12
-21 12
-21 12
-21 12
-23 12
-23 12
-23 12
-23 12
-23 12
-23 12
-23 12
-23 12
-23 12
-23 12
-23 12
-23 12
-23 12
-23 12
-23 12
-23 12
-23 12
-23 12
-23 12
-23 12
-23 12
-20 10
-20 10
-20 10
-20 10
-20 10
-20 10
-20 10
-20 10
-20 10
-20 10
-20 10
-20 10
-20 10
-20 10
-20 10
-20 10
-20 10
-20 10
-20 10
-20 10
-23 10
-23 10
-23 10
-23 10
-23 10
-23 10
-23 10
-23 10
-23 10
-23 10
-23 10
-23 10
-23 10
-23 10
-23 10
-23 10
-23 10
-23 10
-23 10
-23 10
-23 10
-23 10
-23 10
-23 10
-23 10
-23 10
-23 10
-23 10
-23 10
-23 10
-23 10
-23 10
-23 10
-23 10
-23 10
-23 10
-23 10
-18 7
-18 7
-18 7
-18 7
-18 7
-18 7
-18 7
-18 7
-18 7
-18 7
-18 7
-18 7
-18 7
-18 7
-18 7
-18 7
-18 7
-18 7
-18 7
-18 7
-18 7
-18 7
-18 7
-18 7
-18 7
-18 7
-18 7
-18 7
-18 7
-18 7
-18 7
-18 7
-18 7
-18 7
-18 7
-18 7
-18 7
-18 7
-18 7
-18 7
-18 7
-14 5
-10 2
-10 2
-10 2
-10 2
-10 2
-10 2
-10 2
-10 2
-10 2
-10 2
-10 2
-10 2
-10 2
-10 2
-10 2
-10 2
-10 2
-10 2
-10 2
-10 2
-10 2
-10 2
-10 2
-10 2
-10 2
-10 2
-10 2
-10 2
-10 2
-10 2
-10 2
-10 2
-10 2
-10 2
-10 2
-10 2
-10 2
-10 2
-10 2
-10 2
-10 2
-10 2
-10 2
-10 2
-10 2
-10 2
-10 2
-10 2
-10 2
-10 2
-10 2
-10 2
-10 2
-10 2
-10 2
-10 2
-3 1
-2 0
-2 0
-2 0
-2 0
-2 0
-2 0
-2 0
-2 0
-2 0
-2 0
-2 0
-2 0
-2 0
-2 0
-2 0
-2 0
-2 0
-2 0
-2 0
-2 0
-2 0
-2 0
-2 0
-2 0
-2 0
-2 0
-2 0
-2 0
-2 0
-2 0
-2 0
-2 0
-2 0
-2 0
-2 0
-2 0
-2 0
-2 0
-2 0
-2 0
-2 0
-2 0
-2 0
-2 0
-2 0
-2 0
-2 0
-2 0
-2 0
-2 0
-2 0
-2 0
-2 0
-2 0
-2 0
-2 0
-2 0
-2 0
-2 0
-2 0
-2 0
-2 -1
-2 -1
-2 -1
-2 -1
-2 -1
-2 -1
-2 -1
-2 -1
-2 -1
-2 -1
-2 -1
-2 -1
-2 -1
-2 -1
-2 -1
-2 -1
-2 -1
-2 -1
-2 -1
-2 -1
-2 -1
-2 -1
-2 -1
-2 -1
-2 -1
-2 -1
-2 -3
-2 -3
-2 -3
-2 -3
-2 -3
-2 -3
-2 -3
-2 -3
-2 -3
-2 -3
-2 -3
-2 -3
-2 -3
-2 -3
-2 -3
-2 -3
-2 -3
-2 -3
-2 -3
-2 -3
-2 -3
-2 -3
-2 -3
-2 -3
-2 -3
-2 -3
-2 -3
-2 -3
-2 -3
-2 -3
-2 -3
-2 -3
-2 -3
-2 -3
-2 -3
-2 -3
-2 -3
-2 -3
-2 -3
-2 -3
-2 -3
-2 -3
-2 -3
-2 -3
-2 -3
-3 -3
-3 -3
-3 -3
-3 -3
-3 -3
-3 -3
-3 -3
-3 -3
-3 -3
-3 -3
-3 -3
-3 -3
-3 -3
-3 -3
-3 -3
-3 -3
-3 -3
-3 -3
-3 -3
-3 -3
-3 -3
-3 -3
-3 -3
-3 -3
-3 -3
-3 -3
-3 -3
-3 -3
-3 -3
-3 -3
-3 -3
-3 -3
-3 -3
-3 -3
-3 -3
-3 -3
-3 -3
-3 -3
-3 -3
-3 -3
-3 -3
-3 -3
-3 -3
-3 -3
-3 -3
-1 0
-1 0
-2 -2
-2 -2
-2 -2
-2 -2
-2 -2
-2 -2
-2 -2
-2 -2
-2 -2
-2 -2
-2 -2
-2 -2
-2 -2
-2 -2
-2 -2
-2 -2
-2 -2
-2 -2
-2 -2
-2 -2
-2 -2
-2 -2
-2 -2
-2 -2
-2 -2
-2 -2
-2 -2
-2 -2
-2 -2
-2 -2
-2 -2
-2 -2
-2 -2
-2 -2
-2 -2
-2 -2
-2 -2
-2 -2
-2 -2
-2 -2
-2 -2
-2 -2
-2 -1
-2 -1
-2 -1
-2 -1
-2 -1
-2 -1
-2 -1
-2 -1
-2 -1
-2 -1
-2 -1
-2 -1
-2 -1
-2 -1
-2 -1
-2 -1
-2 -1
-2 -1
-2 -1
-2 -1
-2 -1
-2 -1
-2 -1
-2 -1
-2 -1
-2 -1
-2 -1
-2 -1
-2 -1
-2 -1
-2 -1
-2 -1
-2 -1
-2 -1
-2 -1
-2 -1
-2 -1
-2 -1
-2 -1
-2 -1
-2 -1
-2 -1
-2 -1
-2 -1
-2 -1
-2 -1
-1 -1
-1 -1
-1 -1
-1 -1
-1 -1
-1 -1
-1 -1
-1 -1
-1 -1
-1 -1
-1 -1
-1 -1
-1 -1
-1 -1
-1 -1
-1 -1
-1 -1
-1 -1
-1 -1
-1 -1
-1 -1
-1 -1
-1 -1
-1 -1
-1 -1
-1 -1
-1 -1
-1 -1
-1 -1
-1 -1
-1 -1
-1 -1
-1 -1
-1 -1
-1 -1
-1 -1
-1 -1
-1 -1
-1 -1
-1 -1
-1 -1
-1 -1
-1 -1
-1 0
-1 0
-1 0
-1 0
-1 0
-1 0
-1 0
-1 0
-1 0
-1 0
-1 0
-1 0
-1 0
-1 0
-1 0
-1 0
-1 0
-1 0
-1 0
-1 0
-1 0
-1 0
-1 0
-1 0
-1 0
-1 0
-1 0
-1 0
-1 0
-1 0
-1 0
-1 0
-1 0
-1 0
-1 0
-1 0
-1 0
-1 0
-1 0
-1 0
-1 0
-1 0
-1 0
-1 0
-1 0
-1 0
-1 0
-1 0
-1 0
-1 0
-1 0
-1 0
-1 0
-1 0
-1 0
-1 0
-1 0
-1 0
-1 0
-1 0
-1 0
-1 0
-1 0
-1 0
-1 0
-1 0
-1 0
-1 0
-1 0
-1 0
-1 0
-1 0
-1 0
-1 0
-1 0
-1 0
-1 0
-1 0
-1 0
-1 0
-1 0
-1 0
-1 0
-1 0
-1 0
-1 0
-1 0
-1 0
-1 0
-1 0
-1 0
-1 0
-1 0
-1 0
-1 0
-1 0
-1 0
-1 0
-1 0
-1 0
-1 0
-1 0
-1 0
-1 0
-1 0
-1 0
-1 0
-1 0
-1 0
-1 0
-1 0
-1 0
-1 0
-1 0
-1 0
-1 0
-1 0
-1 0
-1 0
-1 0
-1 0
-1 0
-1 0
-1 0
-1 0
-1 0
-1 0
-1 0
-1 0
-1 0
-1 0
-1 0
-1 0
-1 0
-1 0
-1 0
-1 0
-1 0
-1 0
-1 0
-1 0
-1 0
-1 0
-1 0
-1 0
-1 0
-1 0
-1 0
-1 0
-1 0
-1 0
-1 0
-1 0
-1 0
-1 0
-1 0
-1 0
-1 0
-1 0
-1 0
-1 0
-1 0
-1 0
-1 0
-1 0
-1 0
-1 0
-1 0
-1 0
-1 0
-1 0
-1 0
-1 0
-1 0
-1 0
-1 0
-1 0
-1 0
-1 0
-1 0
-1 0
-1 0
-1 0
-1 0
-1 0
-1 0
-1 0
-1 0
-1 0
-1 0
-1 0
-1 0
-1 0
-1 0
-1 0
-1 0
-1 0
-1 0
-1 0
-1 0
-1 0
-1 0
-1 0
-1 0
-1 0
-1 0
-1 0
-1 0
-1 0
-1 0
-1 0
-1 0
-1 0
-1 0
-1 0
-1 0
-1 0
-1 0
-1 0
-1 0
-1 0
-1 0
-1 0
-1 0
-1 0
-1 0
-1 0
-1 0
-1 0
-1 0
-1 0
-1 0
-1 0
-1 0
-1 0
-1 0
-1 0
-1 0
-1 0
-1 0
-1 0
-1 0
-1 0
-1 0
-1 0
-1 0
-1 0
-1 0
-1 0
-1 0
-1 0
-1 0
-1 0
-1 0
-1 0
-1 0
-1 0
-1 0
-1 0
-1 0
-1 0
-1 0
-1 0
-1 0
-1 0
0 1
0 1
0 1
0 1
0 1
0 1
0 1
0 1
0 1
0 1
0 1
0 1
0 1
0 1
0 1
0 1
0 1
0 1
0 1
0 1
0 1
0 1
0 1
0 1
0 1
0 1
0 1
0 1
0 1
0 1
0 1
0 1
0 1
0 1
0 1
0 1
0 1
0 1
0 1
0 1
0 1
0 1
0 1
0 1
0 1
0 1
0 1
0 1
0 1
0 1
0 1
0 1
0 1
0 1
0 1
0 1
0 1
0 1
0 1
0 1
0 1
0 1
0 1
0 1
0 1
0 1
0 1
0 1
0 1
0 1
0 1
0 1
0 1
0 1
0 1
0 1
0 1
0 1
0 1
0 1
0 1
0 1
0 1
0 1
0 1
0 1
0 1
0 1
0 1
0 1
0 1
0 1
0 1
0 1
0 1
0 1
0 1
0 1
0 1
0 1
0 1
0 1
0 1
0 1
0 1
0 1
0 1
0 1
0 1
0 1
0 1
0 1
0 1
0 1
0 1
0 1
0 1
0 1
0 1
0 1
0 1
0 1
0 1
0 1
0 1
0 1
0 1
0 1
0 1
0 1
0 1
0 1
0 1
0 1
0 1
0 1
0 1
0 1
0 1
0 1
0 1
0 1
0 1
0 1
0 1
0 1
0 1
0 1
0 1
0 1
0 1
0 1
0 1
0 1
0 1
0 1
0 1
0 1
0 1
0 1
0 1
0 1
0 1
0 1
0 1
0 1
0 1
0 1
0 1
0 1
0 1
0 1
0 1
0 1
0 1
0 1
0 1
0 1
0 1
0 1
0 1
0 1
0 1
0 1
0 1
0 1
0 1
0 1
0 1
0 1
0 1
0 1
0 1
0 1
0 1
0 1
0 1
0 1
0 1
0 1
0 1
0 1
0 1
0 1
0 1
0 1
0 1
0 1
0 1
0 1
0 1
0 1
0 1
0 1
0 1
0 1
0 1
0 1
0 1
0 1
0 1
0 1
0 1
0 1
0 1
0 1
0 1
0 1
0 1
0 1
0 1
0 1
0 1
0 1
0 1
0 1
0 1
0 1
0 1
0 1
0 1
0 1
0 1
0 1
0 1
0 1
0 1
0 1
0 1
0 1
0 1
0 1
0 1
0 1
0 1
0 1
0 1
0 1
0 1
0 1
0 1
0 1
0 1
0 1
0 1
0 1
0 1
0 1
0 1
0 1
0 1
0 1
0 1
0 1
0 1
0 1
0 1
0 1
0 1
0 1
0 1
0 1
0 1
0 1
0 1
0 1
0 1
0 1
0 1
0 1
0 1
0 1
0 1
0 1
0 1
0 1
0 1
0 1
0 1
0 1
0 1
0 1
0 1
0 1
0 1
0 1
0 1
0 1
0 1
0 1
0 1
0 1
0 1
0 1
0 1
0 1
0 1
0 1
0 1
0 1
0 1
0 1
0 1
0 1
0 1
0 1
0 1
0 1
0 1
0 1
0 1
0 1
0 1
0 1
0 1
0 1
0 1
0 1
0 1
0 1
0 1
0 1
0 1
0 1
0 1
0 1
0 1
0 1
0 1
0 1
0 1
0 1
0 1
0 1
0 1
0 1
0 1
0 1
0 1
0 1
0 1
0 1
0 1
0 1
0 1
0 1
0 1
0 1
0 1
0 1
0 1
0 1
0 1
0 1
0 1
0 1
0 1
0 1
0 1
0 1
0 1
0 1
0 1
0 1
0 1
0 1
0 1
0 1
0 1
0 1
0 1
0 1
0 1
0 1
0 1
0 1
0 1
0 1
0 1
0 1
0 1
0 1
0 1
0 1
0 1
0 1
0 1
0 1
0 1
0 1
0 1
0 1
0 1
0 1
0 1
0 1
0 1
0 1
0 1
0 1
0 1
0 1
0 1
0 1
0 1
0 1
0 1
0 1
0 1
0 1
0 1
0 1
0 1
0 1
0 1
0 1
0 1
0 1
0 1
0 1
0 1
0 1
0 1
0 1
0 1
0 1
0 1
0 1
0 1
0 1
0 1
0 1
0 1
0 1
0 1
0 1
0 1
0 1
0 1
0 1
0 1
0 1
0 1
0 1
0 1
0 1
0 1
0 1
0 1
0 1
0 1
0 1
0 1
0 1
0 1
0 1
0 1
0 1
0 1
0 1
0 1
0 1
0 1
0 1
0 1
0 1
0 1
0 1
0 1
0 1
0 1
0 1
0 1
0 1
0 1
0 1
0 1
0 1
0 1
0 1
0 1
0 1
0 1
0 1
0 1
0 1
0 1
0 1
0 1
0 1
0 1
0 1
0 1
0 1
0 1
0 1
0 1
0 1
0 1
0 1
0 1
0 1
0 1
0 1
0 1
0 1
0 1
0 1
0 1
0 1
0 1
0 1
0 1
0 1
0 1
0 1
0 1
0 1
0 1
0 1
0 1
0 1
0 1
0 1
0 1
0 1
0 1
0 1
0 1
0 1
0 1
0 1
0 1
0 1
0 1
0 1
0 1
0 1
0 1
0 1
0 1
0 1
0 1
0 1
0 1
0 1
0 1
0 1
0 1
0 1
0 1
0 1
0 1
0 1
0 1
0 1
