21 -8
20 -4
12 -2
8 0
12 -1
10 2
10 4
12 6
15 9
11 11
11 12
8 18
8 20
9 18
9 18
11 21
11 21
11 21
11 21
11 21
11 21
11 21
11 21
11 21
11 21
11 21
11 22
11 22
11 22
11 22
11 22
11 22
11 22
11 22
11 22
11 22
11 22
11 22
11 22
11 22
11 22
11 22
11 22
11 22
11 22
11 22
11 22
11 22
11 22
11 22
11 22
11 22
11 22
11 22
11 22
11 22
11 22
11 22
11 22
11 22
11 22
11 22
11 22
11 22
11 22
11 22
11 22
11 22
11 22
11 22
11 22
11 22
11 22
11 22
11 22
11 22
11 22
11 22
11 22
11 22
11 22
11 22
11 22
11 22
11 22
11 22
8 21
8 20
5 22
5 22
5 22
5 22
5 22
5 22
5 22
5 22
5 22
5 22
5 22
5 22
5 22
5 22
5 22
5 22
5 22
5 22
5 22
5 22
5 22
5 22
5 22
5 22
5 22
5 22
5 22
5 22
5 22
5 22
5 22
5 22
5 22
5 22
5 22
5 22
5 22
5 22
5 22
5 22
5 22
5 22
5 21
5 21
5 21
5 21
5 21
5 21
5 21
5 21
5 21
5 21
5 21
5 21
5 21
5 21
5 21
5 21
6 18
6 18
6 18
6 18
6 18
6 18
6 18
6 18
6 18
6 18
6 18
6 18
6 18
6 18
6 18
6 18
6 18
6 18
6 18
6 18
6 18
6 18
6 18
6 18
6 18
6 18
6 18
6 18
6 18
6 18
6 18
6 18
6 18
6 18
6 18
6 18
6 18
6 18
6 18
6 18
6 18
6 18
6 18
6 18
6 18
6 18
6 18
6 18
6 18
4 15
4 15
4 15
4 15
4 15
4 15
4 15
4 15
4 15
4 15
4 15
4 15
4 15
4 15
4 15
4 15
4 15
4 15
4 15
4 15
4 15
3 13
3 13
3 13
3 13
3 13
3 13
3 13
3 13
3 13
3 13
3 13
3 13
3 13
3 13
3 13
3 13
3 13
3 13
3 13
3 13
3 13
3 13
3 13
3 13
3 13
3 13
3 13
3 13
3 13
3 13
3 13
3 13
3 13
3 13
3 13
3 13
3 13
3 13
3 13
3 13
3 13
3 13
3 13
3 13
2 10
2 10
2 10
2 10
2 10
2 10
2 10
2 10
2 10
2 10
2 10
2 10
2 10
2 10
2 10
2 10
2 10
2 10
2 10
2 10
2 10
2 10
2 10
2 10
2 10
2 10
2 10
2 10
2 10
2 10
2 10
2 10
2 10
2 10
2 10
2 10
2 10
2 10
2 10
2 10
2 10
2 10
2 10
2 10
2 10
2 10
2 10
2 10
2 9
2 9
2 9
2 9
2 9
2 9
2 9
2 9
2 9
2 9
2 9
2 9
2 9
2 9
2 9
2 9
2 9
2 9
2 9
2 9
2 9
0 6
0 6
0 6
0 6
0 6
0 6
0 6
0 6
0 6
0 6
0 6
0 6
0 6
0 6
0 6
0 6
0 6
0 6
0 6
0 6
0 2
0 2
0 2
0 2
0 2
0 2
0 2
0 2
0 2
0 2
0 2
0 2
0 2
0 2
0 2
0 2
0 2
0 2
0 2
0 2
0 2
0 2
0 2
0 2
0 2
0 2
0 2
0 2
0 2
0 2
0 2
0 2
0 2
0 2
0 2
0 2
0 2
0 2
0 2
0 2
0 2
0 2
0 2
0 2
0 2
0 2
0 2
0 2
0 2
0 2
0 2
0 2
0 2
0 2
0 2
0 2
0 2
0 2
0 2
0 2
0 2
0 2
0 2
0 2
0 2
0 2
0 2
0 2
0 2
0 2
0 2
0 2
0 2
0 2
0 2
0 2
0 2
0 2
0 2
0 2
0 2
0 2
0 2
0 2
0 2
0 2
0 2
0 2
0 2
0 2
0 2
0 2
0 2
0 2
0 2
0 2
0 2
0 2
0 2
0 2
0 2
0 2
0 2
0 2
0 2
0 2
0 2
0 2
0 2
0 2
0 2
0 2
0 2
0 2
0 2
0 2
0 2
0 2
0 2
0 2
0 2
0 2
0 2
0 2
0 2
0 2
0 2
0 2
0 2
0 2
0 2
0 2
0 2
0 2
0 2
0 2
0 2
0 2
0 2
0 2
0 2
0 2
0 2
0 2
0 2
0 2
0 2
0 2
0 2
0 2
0 2
0 2
0 2
0 2
0 2
0 2
0 2
0 2
0 2
0 2
0 2
0 2
0 2
0 2
0 2
0 2
0 2
0 2
0 2
0 2
0 2
0 2
0 2
0 2
0 2
0 2
0 2
0 2
0 2
0 2
0 2
0 2
0 2
0 2
0 2
0 2
0 2
0 2
0 2
0 2
0 2
0 2
0 2
0 2
0 2
0 2
0 2
0 2
0 2
0 2
0 2
0 2
0 2
0 2
0 2
0 2
0 2
0 2
0 2
0 2
0 2
0 2
0 2
0 2
0 2
0 2
0 2
0 2
0 2
0 2
0 2
0 2
0 2
0 2
0 2
0 2
0 2
0 2
0 2
0 2
0 2
0 2
0 2
0 2
0 2
0 2
0 2
0 2
0 2
0 2
0 2
0 2
0 2
0 2
0 2
0 2
0 2
0 2
0 2
0 2
0 2
0 2
0 2
0 2
0 2
0 2
0 2
0 2
0 2
0 2
0 2
0 2
0 2
0 2
0 2
0 2
0 2
0 2
0 2
0 2
0 2
0 2
0 2
0 2
0 2
0 2
0 2
0 2
0 2
0 2
0 2
0 2
0 2
0 2
0 2
0 2
0 2
0 2
0 2
0 2
0 2
0 2
0 2
0 2
0 2
0 2
0 2
0 2
0 2
0 2
0 2
0 2
0 2
0 2
0 2
0 2
0 2
0 2
0 2
0 2
0 2
0 2
0 2
0 2
0 2
0 2
0 2
0 2
0 2
0 2
0 2
0 2
0 2
0 2
0 2
0 2
0 2
0 2
0 2
0 2
0 2
0 2
0 2
0 2
0 2
0 2
0 2
0 2
0 2
0 2
0 2
0 2
0 2
0 2
0 2
0 2
0 2
0 2
0 2
0 2
0 2
0 2
0 2
0 2
0 2
0 2
0 2
0 2
0 2
0 2
0 2
0 2
0 2
0 2
0 2
0 2
0 2
0 2
0 2
0 2
0 2
0 2
0 2
0 2
0 2
0 2
0 2
0 2
0 2
0 2
0 2
0 2
0 2
0 2
0 2
0 2
0 2
0 2
0 2
0 2
0 2
0 2
0 2
0 2
0 2
0 2
0 2
0 2
0 2
0 2
0 2
0 2
0 2
0 2
0 2
0 2
0 2
0 2
0 2
0 2
0 2
0 2
0 2
0 2
0 2
0 2
0 2
0 2
0 2
0 2
0 2
0 2
0 2
0 2
0 2
0 2
0 2
0 2
0 2
0 2
0 2
0 2
0 2
0 2
0 2
0 2
0 2
0 2
0 2
0 2
0 2
0 2
0 2
0 2
0 2
0 2
0 2
0 2
0 2
0 2
0 2
0 2
0 2
0 2
0 2
0 2
0 2
0 2
0 2
0 2
0 2
0 2
0 2
0 2
0 2
0 2
0 2
0 2
0 2
0 2
0 2
0 2
0 2
0 2
0 2
0 2
0 2
0 2
0 2
0 2
0 2
0 2
0 2
0 2
0 2
0 2
0 2
0 2
0 2
0 2
0 2
0 2
0 2
0 2
0 2
0 2
0 2
0 2
0 2
0 2
0 2
0 2
0 2
0 2
0 2
0 2
0 2
0 2
0 2
0 2
0 2
0 2
0 2
0 2
0 2
0 2
0 2
0 2
0 2
0 2
0 2
0 2
0 2
0 2
0 2
0 2
0 2
0 2
0 2
0 2
0 2
0 2
0 2
0 2
0 2
0 2
0 2
0 2
0 2
0 2
0 2
0 2
0 2
0 2
0 2
0 2
0 2
0 2
0 2
0 2
0 2
0 2
0 2
0 2
0 2
0 2
0 2
0 2
0 2
0 2
0 2
0 2
0 2
0 2
0 2
0 2
0 2
0 2
0 2
0 2
0 2
0 2
0 2
0 2
0 2
0 2
0 2
0 2
0 2
0 2
0 2
0 2
0 2
0 2
0 2
0 2
0 2
0 2
0 2
0 2
0 2
0 2
0 2
0 2
0 2
0 2
0 2
0 2
0 2
0 2
0 2
0 2
0 2
0 2
0 2
0 2
0 2
0 2
0 2
0 2
0 2
0 2
0 2
0 2
0 2
0 2
0 2
0 2
0 2
0 2
0 2
0 2
0 2
0 2
0 2
0 2
0 2
0 2
0 2
0 2
0 2
0 2
0 2
0 2
0 2
0 2
0 2
0 2
0 2
0 2
0 2
0 2
0 2
0 2
0 2
0 2
0 2
0 2
0 2
0 2
0 2
0 2
0 2
0 2
0 2
0 2
0 2
0 2
0 2
0 2
0 2
0 2
0 2
0 2
0 2
0 2
0 2
0 2
0 2
0 2
0 2
0 2
0 2
0 2
0 2
0 2
0 2
0 2
0 2
0 2
0 2
0 2
0 2
0 2
0 2
0 2
0 2
0 2
0 2
0 2
0 2
0 2
0 2
0 2
0 2
0 2
0 2
0 2
0 2
0 2
0 2
0 2
0 2
0 2
0 2
0 2
0 2
0 2
0 2
0 2
0 2
0 2
0 2
0 2
0 2
0 2
0 2
0 2
0 2
0 2
0 2
0 2
0 2
0 2
0 2
0 2
0 2
0 2
0 2
0 2
0 2
0 2
0 2
0 2
0 2
0 2
0 2
0 2
0 2
0 2
0 2
0 2
0 2
0 2
0 2
0 2
0 2
0 2
0 2
0 2
0 2
0 2
0 2
0 2
0 2
0 2
0 2
0 2
0 2
0 2
0 2
0 2
0 2
0 2
0 2
0 2
0 2
0 2
0 2
0 2
0 2
0 2
0 2
0 2
0 2
0 2
0 2
0 2
0 2
0 2
0 2
0 2
0 2
0 2
0 2
0 2
0 2
0 2
0 2
0 2
0 2
0 2
