4 2
5 3
8 2
11 2
12 2
15 0
13 0
12 0
10 1
12 1
10 1
5 1
6 1
4 1
4 1
2 1
0 1
1 2
0 3
2 6
2 13
1 14
3 18
3 18
3 18
3 18
3 18
3 18
3 18
3 18
3 18
3 18
3 20
3 20
3 20
3 20
3 20
3 20
3 20
3 20
3 20
3 20
3 20
3 20
3 20
3 20
3 20
3 20
3 20
3 20
3 20
3 20
3 20
3 20
3 20
3 20
3 20
3 20
3 20
3 20
3 20
3 20
3 20
3 20
3 20
3 20
3 20
3 20
3 20
3 20
3 20
3 20
3 20
3 20
1 21
1 22
1 22
1 22
1 22
1 22
1 22
1 22
1 22
1 22
1 22
1 22
1 22
1 22
1 22
1 22
1 22
1 20
1 20
1 20
1 20
1 20
1 20
1 20
1 20
1 20
1 20
1 20
1 20
1 20
1 20
1 20
1 20
1 20
1 20
1 20
1 20
1 20
1 20
1 20
1 20
1 20
1 20
1 20
1 20
1 20
1 20
1 20
1 20
1 20
1 20
1 20
1 20
1 20
1 20
1 20
1 20
1 20
1 20
1 20
1 20
1 20
1 20
1 20
1 20
1 20
1 20
1 20
1 20
1 20
1 20
1 20
1 20
1 20
1 20
1 20
1 20
1 20
1 20
1 20
1 20
1 20
1 20
1 20
1 20
1 20
1 20
1 20
1 20
1 20
1 20
1 20
1 20
1 20
1 20
1 20
1 20
1 20
1 20
1 20
1 20
1 20
1 20
1 20
1 20
1 20
1 20
1 20
1 20
1 20
1 20
1 20
1 20
1 20
1 20
1 20
1 20
1 20
1 20
1 20
1 20
0 19
0 19
0 16
0 15
0 15
0 15
0 15
0 15
0 15
0 15
0 15
0 15
0 15
0 15
0 15
0 15
0 15
0 15
0 15
0 15
0 15
0 15
0 15
0 15
0 15
0 15
0 15
0 15
0 15
0 15
0 15
0 15
0 15
0 15
0 15
0 15
0 15
0 15
0 15
0 15
0 15
0 15
0 15
0 15
0 15
0 15
0 15
0 15
0 15
0 15
0 15
0 15
0 15
0 15
0 15
0 15
0 15
-4 16
-4 16
-4 16
-4 16
-4 16
-4 16
-4 16
-4 16
-4 16
-4 16
-4 16
-4 16
-4 16
-4 16
-4 16
-4 16
-4 16
-4 16
-4 16
-4 16
-4 16
-4 16
-4 16
-4 16
-4 16
-4 16
-4 16
-4 16
-4 16
-4 16
-4 16
-4 16
-4 16
-4 16
-4 16
-4 16
-4 16
-4 16
-4 16
-4 16
-4 16
-4 16
-4 16
-4 16
-4 16
-4 16
-4 16
-4 16
-4 16
-4 16
-4 16
-4 16
-4 16
-4 16
-4 16
-4 16
-4 16
-4 16
-4 16
-4 16
-4 16
-8 22
-8 21
-8 21
-8 21
-8 21
-8 21
-8 21
-8 21
-8 21
-8 21
-8 21
-8 21
-8 21
-8 21
-8 21
-8 21
-8 21
-8 21
-8 21
-8 21
-8 21
-8 21
-8 21
-8 21
-8 21
-8 21
-8 21
-8 21
-8 21
-8 21
-8 21
-8 21
-8 21
-8 21
-8 21
-8 21
-8 21
-8 21
-8 21
-8 21
-8 21
-8 21
-8 21
-8 21
-8 21
-8 21
-8 21
-10 20
-10 20
-10 20
-10 20
-10 20
-10 20
-10 20
-10 20
-10 20
-10 20
-10 20
-10 20
-10 20
-10 20
-10 20
-10 20
-10 20
-10 20
-10 20
-10 20
-10 20
-10 20
-10 20
-10 20
-10 20
-10 20
-10 20
-10 20
-10 20
-10 20
-10 20
-10 20
-10 20
-10 20
-10 20
-10 20
-10 20
-10 20
-10 20
-10 20
-10 20
-10 20
-10 20
-10 20
-10 20
-10 20
-10 20
-10 20
-8 18
-9 16
-9 16
-9 16
-9 16
-9 16
-9 16
-9 16
-9 16
-9 16
-9 16
-9 16
-9 16
-9 16
-9 16
-9 16
-9 16
-9 16
-9 16
-9 16
-9 16
-9 16
-9 16
-9 16
-9 16
-9 16
-9 16
-9 16
-9 16
-9 16
-9 16
-9 16
-9 16
-9 16
-9 16
-9 16
-9 16
-9 16
-9 16
-9 16
-9 16
-8 17
-8 17
-8 17
-8 17
-8 17
-8 17
-8 17
-8 17
-8 17
-8 17
-8 17
-8 17
-8 17
-8 17
-8 17
-8 17
-8 17
-8 17
-8 17
-8 17
-8 17
-8 17
-8 17
-8 17
-8 17
-8 17
-8 17
-8 17
-8 17
-8 17
-8 17
-8 17
-8 17
-8 17
-8 17
-4 11
-4 11
-4 11
-4 11
-4 11
-4 11
-4 11
-4 11
-4 11
-4 11
-4 11
-4 11
-4 11
-4 11
-4 11
-4 11
-4 11
-4 11
-4 11
-4 11
-4 11
-4 11
-4 11
-4 11
-4 11
-4 11
-4 11
-4 11
-4 11
-4 11
-4 11
-4 11
-4 11
-4 11
-4 11
-4 11
-4 11
-4 11
-4 11
-4 11
-4 11
-4 11
-4 11
-4 11
-4 11
-1 3
-1 3
-1 3
1 3
1 3
1 3
1 3
1 3
1 3
1 3
1 3
1 3
1 3
1 3
1 3
1 3
1 3
1 3
1 3
1 3
1 3
1 3
1 3
1 3
1 3
1 3
1 3
1 3
1 3
1 3
1 3
1 3
1 3
1 3
1 3
1 3
1 3
1 3
1 3
1 3
1 3
1 3
1 3
1 3
1 3
1 3
1 3
1 3
1 3
1 3
1 3
1 3
1 3
1 3
1 3
1 3
1 3
1 3
1 3
1 3
1 3
1 3
1 3
1 3
1 3
1 3
1 3
1 3
1 3
1 3
1 3
1 3
1 3
1 3
1 3
1 3
1 3
1 3
1 3
1 3
1 3
1 3
1 3
1 3
1 3
1 3
1 3
1 3
1 3
1 -1
1 -1
1 -1
1 -1
1 -1
1 -1
1 -1
1 -1
1 -1
1 -1
1 -1
1 -1
1 -1
1 -1
1 -1
1 -1
2 -1
2 -1
2 -1
2 -1
2 -1
2 -1
2 -1
2 -1
2 -1
2 -1
2 -1
2 -1
2 -1
2 -1
2 -1
2 -1
2 -1
2 -1
2 -1
2 -1
2 -1
2 -1
2 -1
2 -1
2 -1
2 -1
2 -1
2 -1
2 -1
2 -1
2 -1
2 -1
2 -1
2 -1
2 -1
2 -1
2 -1
2 -1
2 -1
2 -1
2 -1
2 -1
5 -3
5 -3
5 -3
5 -3
5 -3
5 -3
5 -3
5 -3
5 -3
5 -3
5 -3
5 -3
5 -3
5 -3
5 -3
5 -3
5 -3
5 -3
5 -3
5 -3
5 -3
5 -3
5 -3
5 -3
5 -3
5 -3
5 -3
5 -3
5 -3
5 -3
5 -3
5 -3
8 -4
9 -3
9 -3
9 -3
9 -3
9 -3
9 -3
9 -3
9 -3
9 -3
9 -3
9 -3
9 -3
9 -3
9 -3
9 -3
12 -4
12 -4
12 -4
12 -4
12 -4
12 -4
12 -4
12 -4
12 -4
12 -4
12 -4
12 -4
12 -4
12 -4
12 -4
12 -4
12 -4
12 -4
12 -4
12 -4
12 -4
12 -4
12 -4
12 -4
12 -4
12 -4
12 -4
12 -4
12 -4
12 -4
12 -4
12 -4
12 -4
12 -4
12 -4
12 -4
12 -4
12 -4
12 -4
12 -4
12 -4
12 -4
12 -4
12 -4
12 -4
12 -4
12 -4
12 -4
12 -4
12 -4
12 -4
12 -4
12 -4
12 -4
12 -4
12 -4
12 -4
12 -4
12 -4
12 -4
12 -4
12 -4
12 -4
15 -5
18 -7
18 -7
18 -7
18 -7
18 -7
18 -7
18 -7
18 -7
18 -7
18 -7
18 -7
18 -7
18 -7
18 -7
18 -7
18 -7
18 -7
18 -7
18 -7
18 -7
18 -7
18 -7
18 -7
18 -7
18 -7
18 -7
18 -7
18 -7
18 -7
18 -7
27 -8
27 -8
27 -8
27 -8
27 -8
27 -8
27 -8
27 -8
27 -8
27 -8
27 -8
27 -8
27 -8
27 -8
27 -8
27 -8
27 -8
27 -8
27 -8
27 -8
27 -8
27 -8
27 -8
27 -8
27 -8
27 -8
27 -8
27 -8
27 -8
27 -8
27 -8
27 -8
27 -8
27 -8
25 -8
25 -8
26 -8
26 -8
26 -8
26 -8
26 -8
26 -8
26 -8
26 -8
26 -8
26 -8
26 -8
26 -8
26 -8
26 -8
26 -8
26 -8
26 -8
26 -8
26 -8
26 -8
26 -8
26 -8
26 -8
26 -8
26 -8
26 -8
26 -8
26 -8
26 -8
26 -8
26 -8
26 -8
26 -8
26 -8
26 -8
26 -8
26 -8
25 -9
25 -9
25 -9
25 -9
25 -9
25 -9
25 -9
25 -9
25 -9
25 -9
25 -9
25 -9
25 -9
25 -9
25 -9
25 -9
25 -9
25 -9
25 -9
25 -9
25 -9
25 -9
25 -9
25 -9
25 -9
25 -9
25 -9
25 -9
25 -9
25 -9
25 -9
25 -9
25 -9
25 -9
25 -9
25 -9
25 -9
25 -9
25 -9
25 -9
25 -9
25 -9
25 -9
25 -9
25 -9
22 -8
18 -7
18 -7
18 -7
18 -7
18 -7
18 -7
18 -7
18 -7
18 -7
18 -7
18 -7
18 -7
18 -7
18 -7
18 -7
18 -7
18 -7
18 -7
18 -7
18 -7
18 -7
18 -7
18 -7
18 -7
18 -7
18 -7
18 -7
18 -7
18 -7
18 -7
18 -7
18 -7
18 -7
18 -7
18 -7
18 -7
18 -7
18 -7
18 -7
15 -6
15 -6
15 -6
15 -6
15 -6
15 -6
15 -6
15 -6
15 -6
15 -6
15 -6
15 -6
15 -6
13 -6
13 -6
13 -6
13 -6
13 -6
13 -6
13 -6
13 -6
13 -6
13 -6
13 -6
13 -6
13 -6
13 -6
13 -6
13 -6
13 -6
13 -6
13 -6
13 -6
13 -6
13 -6
13 -6
13 -6
13 -6
13 -6
13 -6
13 -6
13 -6
13 -6
13 -6
13 -6
13 -6
13 -6
13 -6
13 -6
15 -7
15 -7
15 -7
15 -7
15 -7
15 -7
15 -7
15 -7
15 -7
15 -7
15 -7
15 -7
15 -7
15 -7
15 -7
15 -7
15 -7
15 -7
15 -7
15 -7
15 -7
15 -7
15 -7
15 -7
15 -7
11 -4
11 -4
11 -4
11 -4
11 -4
11 -4
11 -4
11 -4
11 -4
11 -4
11 -4
11 -4
11 -4
11 -4
11 -4
11 -4
11 -4
11 -4
11 -4
11 -4
11 -4
11 -4
11 -4
11 -4
11 -4
11 -4
11 -4
11 -4
11 -4
11 -4
11 -4
11 -4
11 -4
11 -4
11 -4
11 -4
11 -4
6 -3
6 -3
6 -3
6 -3
6 -3
6 -3
6 -3
6 -3
6 -3
6 -3
6 -3
6 -3
6 -3
6 -3
6 -3
6 -3
6 -3
6 -3
6 -3
6 -3
6 -3
6 -3
6 -3
6 -3
6 -3
6 -3
6 -3
6 -3
6 -3
6 -3
6 -3
6 -3
6 -3
6 -3
6 -3
6 -3
6 -3
6 -3
6 -3
6 -3
6 -3
6 -3
6 -3
6 -3
6 -3
1 0
1 0
1 0
1 0
1 0
1 0
1 0
1 0
1 0
1 0
1 0
1 0
1 0
1 0
1 0
1 0
1 0
1 0
1 0
1 0
1 0
1 0
1 0
1 0
1 0
1 0
1 0
1 0
1 0
1 0
1 0
1 0
1 0
1 0
1 0
1 0
1 0
1 0
1 0
1 0
1 0
1 0
1 0
1 0
1 0
1 0
1 0
1 0
1 0
1 0
1 0
1 0
1 0
1 0
1 0
1 0
1 0
1 0
1 0
1 0
1 0
1 0
1 0
1 0
1 0
1 0
1 0
1 0
1 0
1 0
1 0
1 0
1 0
1 0
1 0
1 0
1 0
1 0
1 0
1 0
1 0
1 0
1 0
1 0
1 0
1 0
1 0
1 0
1 0
1 0
1 0
1 0
1 0
1 0
1 0
1 0
1 0
1 0
1 0
1 0
1 0
1 0
1 0
1 0
1 0
1 0
1 0
1 0
1 0
1 0
1 0
1 0
1 0
1 0
1 0
1 0
1 0
1 0
1 0
1 0
1 0
1 0
1 0
1 0
1 0
1 0
1 0
1 0
1 0
1 0
1 0
1 0
1 0
1 0
1 0
1 0
1 0
1 0
1 0
1 0
1 0
1 0
1 0
1 0
1 0
1 0
1 0
1 0
1 0
1 0
1 0
1 0
1 0
1 0
1 0
1 0
1 0
1 0
1 0
1 0
1 0
1 0
1 0
1 0
1 0
1 0
1 0
1 0
1 0
1 0
1 0
1 0
1 0
1 0
1 0
1 0
1 0
1 0
1 0
1 0
1 0
1 0
1 0
1 0
1 0
1 0
1 0
1 0
1 0
1 0
1 0
1 0
1 0
1 0
1 0
1 0
1 0
1 0
1 0
1 0
1 0
1 0
1 0
1 0
1 0
1 0
1 0
1 0
1 0
1 0
1 0
1 0
1 0
1 0
1 0
1 0
1 0
1 0
1 0
1 0
1 0
1 0
1 0
1 0
1 0
1 0
1 0
1 0
1 0
1 0
1 0
1 0
1 0
1 0
1 0
1 0
1 0
1 0
1 0
1 0
1 0
1 0
1 0
1 0
1 0
1 0
1 0
1 0
1 0
1 0
1 0
1 0
1 0
1 0
1 0
1 0
1 0
1 0
1 0
1 0
1 0
1 0
1 0
1 0
1 0
1 0
1 0
1 0
1 0
1 0
1 0
1 0
1 0
1 0
1 0
1 0
1 0
1 0
1 0
1 0
1 0
1 0
1 0
1 0
1 0
1 0
1 0
1 0
1 0
1 0
1 0
1 0
1 0
1 0
1 0
1 0
1 0
1 0
1 0
1 0
1 0
1 0
1 0
1 0
1 0
1 0
1 0
1 0
1 0
1 0
1 0
1 0
1 0
1 0
1 0
1 0
1 0
1 0
1 0
1 0
1 0
1 0
1 0
1 0
1 0
1 0
1 0
1 0
1 0
1 0
1 0
1 0
1 0
1 0
1 0
1 0
1 0
1 0
1 0
1 0
1 0
1 0
1 0
1 0
1 0
1 0
1 0
1 0
1 0
1 0
1 0
1 0
1 0
1 0
1 0
1 0
1 0
1 0
1 0
1 0
1 0
1 0
1 0
1 0
1 0
1 0
1 0
1 0
1 0
1 0
1 0
1 0
1 0
1 0
1 0
1 0
1 0
1 0
1 0
1 0
1 0
1 0
1 0
1 0
1 0
1 0
1 0
1 0
1 0
1 0
1 0
1 0
1 0
1 0
1 0
1 0
1 0
1 0
1 0
1 0
1 0
1 0
1 0
1 0
1 0
1 0
1 0
1 0
1 0
1 0
1 0
1 0
1 0
1 0
1 0
1 0
1 0
1 0
1 0
1 0
1 0
1 0
1 0
1 0
1 0
1 0
1 0
1 0
1 0
1 0
1 0
1 0
1 0
1 0
1 0
1 0
1 0
1 0
1 0
1 0
1 0
1 0
1 0
1 0
1 0
1 0
1 0
1 0
1 0
1 0
1 0
1 0
1 0
1 0
1 0
1 0
1 0
1 0
1 0
1 0
1 0
1 0
1 0
1 0
1 0
1 0
1 0
1 0
1 0
1 0
1 0
1 0
1 0
1 0
1 0
1 0
1 0
1 0
1 0
1 0
1 0
1 0
1 0
1 0
1 0
1 0
1 0
1 0
1 0
1 0
1 0
1 0
1 0
1 0
1 0
1 0
1 0
1 0
1 0
1 0
1 0
1 0
1 0
1 0
1 0
1 0
1 0
1 0
1 0
1 0
1 0
1 0
-2 0
-2 0
-2 0
-2 0
-2 0
-2 0
-2 0
-2 0
-2 0
-2 0
-2 0
-2 0
-2 0
-2 0
-2 0
-1 0
-1 0
-1 0
-1 0
-1 0
-1 0
-1 0
-1 0
-1 0
-1 0
-1 0
-1 0
-1 0
-1 0
-1 0
-1 0
-1 0
-1 0
-1 0
-1 0
-1 0
-1 0
-1 0
-1 0
-1 0
-1 0
-1 0
-1 0
-1 0
-1 0
-1 0
-1 0
-1 0
-1 0
-1 0
-1 0
-1 0
-1 0
-1 0
-1 0
-1 0
-1 0
-1 0
-1 0
-1 0
-1 0
-1 0
-1 0
-1 0
-1 0
-1 0
-1 0
-1 0
-1 0
-1 0
-1 0
-1 0
-1 0
-1 0
-1 0
-1 0
-1 0
-1 0
-1 0
-1 0
-1 0
-1 0
-1 0
-1 0
-1 0
-1 0
-1 0
-1 0
-1 0
-1 0
-1 0
-1 0
-1 0
-1 0
-1 0
-1 0
-1 0
-1 0
-1 0
-1 0
-1 0
-1 0
-1 0
-1 0
-1 0
-1 0
-1 0
-1 0
-1 0
-1 0
-1 0
-1 0
-1 0
-1 0
-1 0
-1 0
-1 0
-1 0
-1 0
-1 0
-1 0
-1 0
-1 0
-1 0
-1 0
-1 0
-1 0
-1 0
-1 0
-1 0
-1 0
-1 0
-1 0
-1 0
-1 0
-1 0
-1 0
-1 0
-1 0
-1 0
-1 0
-1 0
-1 0
-1 0
-1 0
-1 0
-1 0
-1 0
-1 0
-1 0
-1 0
-1 0
-1 0
-1 0
-1 0
-1 0
-1 0
-1 0
-1 0
-1 0
-1 0
-1 0
-1 0
-1 0
-1 0
-1 0
-1 0
-1 0
-1 0
-1 0
-1 0
-1 0
-1 0
-1 0
-1 0
-1 0
-1 0
-1 0
-1 0
-1 0
-1 0
-1 0
-1 0
-1 0
-1 0
-1 0
-1 0
-1 0
-1 0
-1 0
-1 0
-1 0
-1 0
-1 0
-1 0
-1 0
-1 0
-1 0
-1 0
-1 0
-1 0
-1 0
-1 0
-1 0
-1 0
-1 0
-1 0
-1 0
-1 0
-1 0
-1 0
-1 0
-1 0
-1 0
-1 0
-1 0
-1 0
-1 0
-1 0
-1 0
-1 0
-1 0
-1 0
-1 0
-1 0
-1 0
-1 0
-1 0
-1 0
-1 0
-1 0
-1 0
-1 0
-1 0
-1 0
-1 0
-1 0
-1 0
-1 0
-1 0
-1 0
-1 0
-1 0
-1 0
-1 0
-1 0
-1 0
-1 0
-1 0
-1 0
-1 0
-1 0
-1 0
-1 0
-1 0
-1 0
-1 0
-1 0
-1 0
-1 0
-1 0
-1 0
-1 0
-1 0
-1 0
-1 0
-1 0
-1 0
-1 0
-1 0
-1 0
-1 0
-1 0
-1 0
-1 0
-1 0
-1 0
-1 0
-1 0
-1 0
-1 0
-1 0
-1 0
-1 0
-1 0
-1 0
-1 0
-1 0
-1 0
-1 0
-1 0
-1 0
-1 0
-1 0
-1 0
-1 0
-1 0
-1 0
-1 0
-1 0
-1 0
-1 0
-1 0
-1 0
