-11 7
-9 5
-10 7
-8 7
-8 3
-6 4
-7 5
-9 4
-12 5
-9 2
-9 2
-9 2
-9 2
-9 2
-9 2
-9 2
-9 2
-9 2
-9 2
-9 2
-9 2
-9 2
-9 2
-9 2
-9 2
-9 2
-9 2
-9 2
-9 2
-9 2
-9 2
-9 2
-9 2
-9 2
-6 2
-6 2
-6 2
-6 2
-6 2
-6 2
-6 2
-6 2
-6 2
-6 2
-6 2
-6 2
-6 2
-6 2
-6 2
-6 2
-6 2
-6 2
-3 1
-3 1
-3 1
-3 1
-3 1
-3 1
-3 1
-3 1
-3 1
-3 1
-3 1
-3 1
-3 1
-3 1
-3 1
-3 1
-3 1
-3 1
-3 1
-3 1
-3 1
-3 1
-3 1
-3 1
-3 1
-3 1
-3 1
-3 1
-3 1
-3 1
-3 1
-3 1
-3 1
-3 1
-3 1
-3 1
-3 1
-3 1
-3 1
-3 1
-3 1
-3 1
-3 1
-3 0
-3 0
-3 0
-3 0
-3 0
-3 0
-3 0
-3 0
-3 0
-3 0
-3 0
-3 0
-3 0
-3 0
-1 0
-1 0
-1 0
-1 0
-1 0
-1 0
-1 0
-1 0
-1 0
-1 0
-1 0
-1 0
-1 0
-1 0
-1 0
-1 0
-1 0
-2 0
-2 0
-2 0
-2 0
-2 0
-2 0
-2 0
-2 0
-2 0
-2 0
-2 0
-2 0
-2 0
-2 0
-2 0
-2 0
-2 0
-2 0
-2 0
-2 0
-2 0
-2 0
-2 0
-2 0
-2 0
-2 0
-2 0
-2 0
-2 0
-2 0
-2 0
-2 0
-2 0
-2 0
-2 0
-2 0
-2 0
-2 0
-2 0
-2 0
-2 0
-2 0
-2 0
-2 -2
-2 -2
-2 -2
-2 -2
-2 -2
-2 -2
-2 -2
-2 -2
-2 -2
-2 -2
-2 -2
-2 -2
-2 -2
-2 -2
-2 -2
-2 -2
-2 -2
-2 -2
-2 -2
-2 -2
-2 -2
-2 -2
-2 -2
-2 -2
-2 -2
-2 -2
-2 -2
-2 -2
-2 -2
-2 -2
-2 -2
-2 -2
-2 -2
-2 -2
-2 -2
-2 -2
-2 -2
-2 -5
-2 -5
-2 -5
-2 -5
-2 -5
-2 -5
-2 -5
-2 -5
-2 -5
-2 -5
-2 -5
-2 -5
-2 -5
-2 -5
-2 -5
-2 -5
-2 -5
-2 -5
-2 -5
-2 -5
-2 -5
-2 -5
-2 -5
-2 -5
-2 -5
-2 -5
-2 -5
-2 -5
-2 -5
-2 -5
-2 -5
-2 -5
-2 -5
-2 -5
-2 -5
-2 -5
-2 -5
-2 -5
-2 -5
-2 -5
-2 -5
-2 -5
-3 -6
-3 -6
-2 -8
-2 -8
-2 -8
-2 -8
-2 -8
-2 -8
-2 -8
-2 -8
-2 -8
-2 -8
-2 -8
-2 -8
-2 -8
-2 -8
-2 -8
-2 -8
-2 -8
-2 -8
-4 -11
-4 -11
-4 -11
-4 -11
-4 -11
-4 -11
-4 -11
-4 -11
-4 -11
-4 -11
-4 -11
-4 -11
-4 -11
-4 -11
-4 -11
-4 -11
-4 -11
-4 -11
-4 -11
-4 -11
-4 -11
-4 -11
-4 -11
-4 -11
-4 -11
-4 -11
-4 -11
-4 -11
-4 -11
-4 -11
-4 -11
-4 -11
-4 -11
-4 -11
-4 -11
-4 -11
-4 -11
-4 -11
-4 -11
-4 -11
-4 -11
-4 -11
-4 -11
-4 -11
-4 -11
-4 -11
-4 -11
-4 -11
-4 -11
-4 -11
-4 -11
-4 -11
-4 -11
-4 -11
-4 -11
-4 -11
-4 -11
-4 -11
-4 -11
-4 -11
-4 -11
-4 -11
-4 -11
-4 -11
-4 -11
-4 -11
-4 -11
-4 -11
-4 -11
-6 -14
-6 -14
-8 -16
-8 -16
-8 -16
-8 -16
-8 -16
-8 -16
-8 -16
-8 -16
-8 -16
-8 -16
-8 -16
-8 -16
-8 -16
-8 -16
-8 -16
-8 -16
-8 -16
-8 -16
-8 -16
-8 -16
-8 -16
-8 -16
-8 -16
-8 -16
-8 -16
-8 -16
-8 -16
-8 -16
-8 -16
-8 -16
-8 -16
-8 -16
-8 -16
-8 -16
-8 -16
-8 -16
-8 -16
-8 -16
-8 -16
-8 -16
-8 -16
-8 -16
-8 -16
-9 -14
-9 -14
-9 -14
-9 -14
-9 -14
-9 -14
-9 -14
-9 -14
-9 -14
-9 -14
-9 -14
-9 -14
-9 -14
-9 -14
-9 -14
-9 -14
-9 -14
-9 -14
-9 -14
-9 -14
-9 -14
-9 -14
-9 -14
-9 -14
-9 -14
-9 -14
-9 -14
-9 -14
-9 -14
-9 -14
-9 -14
-9 -14
-9 -14
-9 -14
-9 -14
-9 -14
-9 -14
-9 -14
-9 -14
-9 -14
-9 -14
-12 -15
-9 -10
-9 -10
-9 -10
-9 -10
-9 -10
-9 -10
-9 -10
-9 -10
-9 -10
-9 -10
-9 -10
-9 -10
-9 -10
-9 -10
-9 -10
-9 -10
-9 -10
-9 -10
-9 -10
-9 -10
-9 -10
-9 -10
-9 -10
-9 -10
-9 -10
-9 -10
-9 -10
-9 -10
-9 -10
-9 -10
-9 -10
-9 -10
-9 -10
-9 -10
-9 -10
-9 -10
-9 -10
-10 -12
-10 -12
-10 -12
-10 -12
-10 -12
-10 -12
-10 -12
-10 -12
-10 -12
-10 -12
-10 -12
-10 -12
-10 -12
-10 -12
-10 -12
-10 -12
-10 -12
-10 -12
-10 -12
-10 -12
-10 -12
-10 -12
-10 -12
-10 -12
-10 -12
-10 -12
-10 -12
-10 -12
-10 -12
-10 -12
-10 -12
-10 -12
-10 -12
-10 -12
-10 -12
-10 -12
-10 -12
-10 -12
-7 -11
-7 -11
-7 -11
-7 -11
-7 -11
-7 -11
-7 -11
-7 -11
-7 -11
-7 -11
-7 -11
-7 -11
-7 -11
-7 -11
-7 -11
-7 -11
-7 -11
-7 -11
-7 -11
-7 -11
-7 -11
-7 -11
-7 -11
-7 -11
-7 -11
-7 -11
-7 -11
-7 -11
-7 -11
-7 -11
-7 -11
-7 -11
-7 -11
-7 -11
-7 -11
-7 -13
-7 -13
-7 -13
-7 -13
-7 -13
-7 -13
-7 -13
-7 -13
-7 -13
-7 -13
-7 -13
-6 -11
-6 -11
-6 -11
-6 -11
-6 -11
-6 -11
-6 -11
-6 -11
-6 -11
-6 -11
-6 -11
-6 -11
-6 -11
-6 -11
-6 -11
-6 -11
-6 -11
-6 -11
-6 -11
-6 -11
-6 -11
-6 -11
-6 -11
-6 -11
-6 -11
-6 -11
-6 -11
-6 -11
-6 -11
-6 -11
-6 -11
-6 -11
-6 -11
-6 -11
-6 -11
-6 -11
-6 -11
-6 -11
-6 -11
-6 -11
-6 -11
-6 -11
-6 -11
-6 -11
-6 -11
-6 -11
-6 -11
-6 -11
-6 -11
-6 -12
-6 -12
-6 -12
-6 -12
-6 -12
-6 -12
-6 -12
-6 -12
-6 -12
-6 -12
-6 -12
-6 -12
-6 -12
-6 -12
-6 -12
-6 -12
-6 -12
-6 -12
-6 -12
-6 -12
-6 -12
-6 -12
-6 -12
-6 -12
-6 -12
-6 -12
-6 -12
-6 -12
-6 -12
-6 -12
-6 -12
-5 -10
-5 -10
-5 -10
-5 -10
-5 -10
-5 -10
-5 -10
-5 -10
-5 -10
-5 -10
-5 -10
-5 -10
-5 -10
-5 -10
-5 -10
-5 -10
-5 -10
-5 -10
-5 -10
-5 -10
-5 -10
-5 -10
-5 -10
-5 -10
-5 -10
-5 -10
-5 -10
-5 -10
-5 -10
-5 -10
-5 -10
-5 -10
-5 -10
-5 -10
-5 -10
-5 -10
-5 -10
-5 -10
-5 -10
-5 -10
-5 -10
-5 -10
-5 -10
-5 -10
-5 -10
-5 -10
-5 -10
-5 -10
-5 -10
-5 -10
-5 -10
-5 -10
-6 -11
-5 -11
-5 -11
-5 -11
-5 -11
-5 -11
-5 -11
-5 -11
-5 -11
-5 -11
-5 -11
-5 -11
-5 -11
-5 -11
-5 -11
-5 -11
-5 -11
-5 -11
-5 -11
-5 -11
-5 -11
-5 -11
-5 -11
-5 -11
-5 -11
-5 -11
-5 -11
-5 -11
-5 -11
-5 -11
-5 -11
-5 -11
-5 -9
-5 -9
-5 -9
-5 -9
-5 -9
-5 -9
-5 -9
-5 -9
-5 -9
-5 -9
-5 -9
-5 -9
-3 -7
-3 -7
-3 -7
-3 -7
-3 -7
-3 -7
-3 -7
-3 -7
-3 -7
-3 -7
-3 -7
-3 -7
-3 -7
-3 -7
-3 -7
-3 -7
-3 -7
-3 -7
-3 -7
-3 -7
-3 -7
-3 -7
-3 -7
-3 -7
-3 -7
-3 -7
-3 -7
-3 -7
-3 -7
-3 -7
-3 -7
-3 -7
-3 -7
-3 -7
-3 -7
-3 -7
-3 -7
-3 -7
-3 -7
-3 -7
-3 -7
-3 -7
-3 -7
-3 -7
-3 -7
-3 -7
-3 -7
-3 -7
-3 -8
-3 -8
-3 -8
-3 -8
-3 -8
-3 -8
-3 -8
-3 -8
-3 -8
-3 -8
-3 -8
-3 -8
-3 -8
-3 -8
-3 -8
-3 -8
-3 -8
-3 -8
-3 -8
-3 -8
-3 -8
-3 -8
-3 -8
-3 -8
-3 -8
-3 -8
-3 -8
-3 -8
-3 -8
-3 -8
-3 -8
-3 -8
-3 -8
-2 -6
-2 -6
-2 -6
-2 -6
-2 -6
-2 -6
-2 -6
-2 -6
-2 -6
-2 -6
-2 -6
-2 -6
-2 -6
-2 -6
-2 -6
-2 -6
-2 -6
-2 -6
-2 -6
-2 -6
-2 -6
-2 -6
-2 -6
-2 -6
-2 -6
-2 -6
-2 -6
-2 -6
-2 -6
-2 -6
-2 -6
-2 -6
-2 -6
-1 -6
-1 -6
-1 -6
-1 -6
-1 -6
-1 -6
-1 -6
-1 -6
-1 -6
-1 -6
-1 -6
-1 -6
-1 -6
-1 -6
-1 -6
-1 -6
-1 -6
-1 -6
-1 -6
-1 -6
-1 -6
-1 -6
-1 -6
-1 -6
-1 -6
-1 -6
-1 -6
-1 -6
-1 -6
-1 -6
-1 -6
-1 -6
-1 -5
-1 -4
-1 -4
-1 -4
-1 -4
-1 -4
-1 -4
-1 -4
-1 -4
-1 -4
-1 -4
-1 -4
-1 -4
-1 -4
-1 -4
-1 -4
-1 -4
-1 -4
-1 -4
-1 -4
-1 -4
-1 -4
-1 -4
-1 -4
-1 -4
-1 -4
-1 -4
-1 -4
-1 -4
-1 -4
-1 -4
-1 -4
-1 -4
-1 -4
-1 -4
-1 -4
0 -3
0 -5
0 -5
0 -5
0 -5
0 -5
0 -5
0 -5
0 -5
0 -5
0 -5
0 -5
0 -5
0 -5
0 -5
0 -5
0 -5
0 -5
0 -5
0 -5
0 -5
0 -5
0 -5
0 -5
0 -5
0 -5
0 -5
0 -5
0 -5
0 -5
0 -5
0 -5
0 -5
0 -5
0 -5
0 -5
0 -5
0 -5
0 -5
0 -5
0 -5
0 -5
0 -5
0 -5
0 -5
0 -5
0 -5
0 -3
0 -3
0 -3
0 -3
0 -3
0 -3
0 -3
0 -3
0 -3
0 -3
0 -3
0 -3
0 -3
0 -3
0 -3
0 -3
0 -3
0 -3
0 -3
0 -3
0 -3
0 -3
0 -3
0 -3
0 -3
0 -3
0 -3
0 -3
0 -3
0 -3
0 -3
0 -3
0 -3
0 -3
0 -3
0 -3
0 -3
0 -3
0 -3
0 -3
0 -3
0 -3
0 -3
0 -3
0 -3
0 -3
0 -3
0 -3
0 -3
0 -3
0 -3
0 -3
0 -3
0 -3
0 -3
0 -3
0 -3
0 -3
0 -3
0 -3
0 -3
0 -3
0 -3
0 -3
0 -3
0 -3
0 -3
0 -3
0 -3
0 -3
0 -3
0 -3
0 -3
0 -3
0 -3
0 -3
0 -3
0 -2
0 -2
0 -2
0 -2
0 -2
0 -2
0 -2
0 -2
0 -2
0 -2
0 -2
0 -2
0 -2
0 -2
0 -2
0 -2
0 -2
0 -2
0 -2
0 -2
0 -2
0 -2
0 -2
0 -2
0 -2
0 -2
0 -2
-1 -2
-1 -2
-1 -2
-1 -2
-1 -2
-1 -2
-1 -2
-1 -2
-1 -2
-1 -2
-1 -2
-1 -2
-1 -2
-1 -2
-1 -2
-1 -2
-1 -2
-1 -2
-1 -2
-1 -2
-1 -2
-1 -2
-1 -2
-1 -2
-1 -2
-1 -2
-1 -2
-1 -2
-1 -2
-1 -2
-1 -2
-1 -2
-1 -2
-1 -2
-1 -2
-1 -2
-1 -2
-1 -2
-1 -2
0 -2
0 -2
0 -2
0 -2
0 -2
0 -2
0 -2
0 -2
0 -2
0 -2
0 -2
0 -2
0 -2
0 -2
0 -2
0 -2
0 -2
0 -2
0 -2
0 -2
0 -2
0 -2
0 -2
0 -2
0 -2
0 -2
0 -2
0 -2
0 -2
0 -2
0 -2
0 -2
0 -2
0 -2
0 -2
0 -2
0 -2
0 -2
0 -2
0 -2
0 -2
0 -2
0 -2
0 -2
0 -2
0 -2
0 -2
0 -2
0 -2
0 -2
-1 -2
-1 -2
-1 -2
0 -1
0 -1
0 -1
0 -1
0 -1
0 -1
0 -1
0 -1
0 -1
0 -1
0 -1
0 -1
0 -1
0 -1
0 -1
0 -1
0 -1
0 -1
0 -1
0 -1
0 -1
0 -1
0 -1
0 -1
0 -1
0 -1
0 -1
0 -1
0 -1
0 -1
0 -1
0 -1
0 -1
0 -1
0 -1
0 -1
0 -1
0 -1
0 -1
0 -1
0 -1
0 -1
0 -1
0 -1
0 -1
0 -1
0 -1
0 -1
0 -1
0 -1
0 -1
0 -1
0 -1
0 -1
0 -1
0 -1
0 -1
0 -1
0 -1
0 -1
0 -1
0 -1
0 -1
0 -1
0 -1
0 -1
0 -1
0 -1
0 -1
0 -1
0 -1
0 -1
0 -1
0 -1
0 -1
0 -1
0 -1
0 -1
0 -1
0 -1
0 -1
0 -1
0 -1
0 -1
0 -1
0 -1
0 -1
0 -1
0 -1
0 -1
0 -1
0 -1
0 -1
0 -1
0 -1
0 -1
0 -1
0 -1
0 -1
0 -1
0 -1
0 -1
0 -1
0 -1
0 -1
0 -1
0 -1
0 -1
0 -1
0 -1
0 -1
0 -1
0 -1
0 -1
0 -1
0 -1
0 -1
0 -1
0 -1
0 -1
0 -1
0 -1
0 -1
0 -1
0 -1
0 -1
0 -1
0 -1
0 -1
0 -1
0 -1
0 -1
0 -1
0 -1
0 -1
0 -1
0 -1
0 -1
0 -1
0 -1
0 -1
0 -1
0 -1
0 -1
0 -1
0 -1
0 -1
0 -1
0 -1
0 -1
0 -1
0 -1
0 -1
0 -1
0 -1
0 -1
0 -1
0 -1
0 -1
0 -1
0 -1
0 -1
0 -1
0 -1
0 -1
0 -1
0 -1
0 -1
0 -1
0 -1
0 -1
0 -1
0 -1
0 -1
0 -1
0 -1
0 -1
0 -1
0 -1
0 -1
0 -1
0 -1
0 -1
0 -1
0 -1
0 -1
0 -1
0 -1
0 -1
0 -1
0 -1
0 -1
0 -1
0 -1
0 -1
0 -1
0 -1
0 -1
0 -1
0 -1
0 -1
0 -1
0 -1
0 -1
0 -1
0 -1
0 -1
0 -1
0 -1
0 -1
0 -1
0 -1
0 -1
0 -1
0 -1
0 -1
0 -1
0 -1
0 -1
0 -1
0 -1
0 -1
0 -1
0 -1
0 -1
0 -1
0 -1
0 -1
0 -1
0 -1
0 -1
0 -1
0 -1
0 -1
0 -1
0 -1
0 -1
0 -1
0 -1
0 -1
0 -1
0 -1
0 -1
0 -1
0 -1
0 -1
0 -1
0 -1
0 -1
0 -1
0 -1
0 -1
0 -1
0 -1
0 -1
0 -1
0 -1
0 -1
0 -1
0 -1
0 -1
0 -1
0 -1
0 -1
0 -1
0 -1
0 -1
0 -1
0 -1
0 -1
0 -1
0 -1
0 -1
0 -1
0 -1
0 -1
0 -1
0 -1
0 -1
0 -1
0 -1
0 -1
0 -1
0 -1
0 -1
0 -1
0 -1
0 -1
0 -1
0 -1
0 -1
0 -1
0 -1
0 -1
0 -1
0 -1
0 -1
0 -1
0 -1
0 -1
0 -1
0 -1
0 -1
0 -1
0 -1
0 -1
0 -1
0 -1
0 -1
0 -1
0 -1
0 -1
0 -1
0 -1
0 -1
0 -1
0 -1
0 -1
0 -1
0 -1
0 -1
0 -1
0 -1
0 -1
0 -1
0 -1
0 -1
0 -1
0 -1
0 -1
0 -1
0 -1
0 -1
0 -1
0 -1
0 -1
0 -1
0 -1
0 -1
0 -1
0 -1
0 -1
0 -1
0 -1
0 -1
0 -1
0 -1
0 -1
0 -1
0 -1
0 -1
0 -1
0 -1
0 -1
0 -1
0 -1
0 -1
0 -1
0 -1
0 -1
0 -1
0 -1
0 -1
0 -1
0 -1
0 -1
0 -1
0 -1
0 -1
0 -1
0 -1
0 -1
0 -1
0 -1
0 -1
0 -1
0 -1
0 -1
0 -1
0 -1
0 -1
0 -1
0 -1
0 -1
0 -1
0 -1
0 -1
0 -1
0 -1
0 -1
0 -1
0 -1
0 -1
0 -1
0 -1
0 -1
0 -1
0 -1
0 -1
0 -1
0 -1
0 -1
0 -1
0 -1
0 -1
0 -1
0 -1
0 -1
0 -1
0 -1
0 -1
0 -1
0 -1
0 -1
0 -1
0 -1
0 -1
0 -1
0 -1
0 -1
0 -1
0 -1
0 -1
0 -1
0 -1
0 -1
0 -1
0 -1
0 -1
0 -1
0 -1
0 -1
0 -1
0 -1
0 -1
0 -1
0 -1
0 -1
0 -1
0 -1
0 -1
0 -1
0 -1
0 -1
0 -1
0 -1
0 -1
0 -1
0 -1
0 -1
0 -1
0 -1
0 -1
0 -1
0 -1
0 -1
0 -1
0 -1
0 -1
0 -1
0 -1
0 -1
0 -1
0 -1
0 -1
0 -1
0 -1
0 -1
0 -1
0 -1
0 -1
0 -1
0 -1
0 -1
0 -1
0 -1
0 -1
0 -1
0 -1
0 -1
0 -1
0 -1
0 -1
0 -1
0 -1
0 -1
0 -1
0 -1
0 -1
0 -1
0 -1
0 -1
0 -1
0 -1
0 -1
0 -1
0 -1
0 -1
0 -1
0 -1
0 -1
0 -1
0 -1
0 -1
0 -1
0 -1
0 -1
0 -1
0 -1
0 -1
0 -1
0 -1
0 -1
0 -1
0 -1
0 -1
0 -1
0 -1
0 -1
0 -1
0 -1
0 -1
0 -1
0 -1
0 -1
0 -1
0 -1
0 -1
0 -1
0 -1
0 -1
0 -1
0 -1
0 -1
0 -1
0 -1
0 -1
0 -1
0 -1
0 -1
0 -1
0 -1
0 -1
0 -1
0 -1
0 -1
0 -1
0 -1
0 -1
0 -1
0 -1
0 -1
0 -1
0 -1
0 -1
0 -1
0 -1
0 -1
0 -1
0 -1
0 -1
0 -1
0 -1
0 -1
0 -1
0 -1
0 -1
0 -1
0 -1
0 -1
0 -1
0 -1
0 -1
0 -1
0 -1
0 -1
0 -1
0 -1
0 -1
0 -1
0 -1
0 -1
0 -1
0 -1
0 -1
0 -1
0 -1
0 -1
0 -1
0 -1
0 -1
0 -1
0 -1
0 -1
0 -1
0 -1
0 -1
0 -1
0 -1
0 -1
0 -1
0 -1
0 -1
0 -1
0 -1
0 -1
0 -1
0 -1
0 -1
0 -1
0 -1
0 -1
0 -1
0 -1
0 -1
0 -1
0 -1
0 -1
0 -1
0 -1
0 -1
0 -1
0 -1
0 -1
0 -1
0 -1
0 -1
0 -1
0 -1
0 -1
0 -1
0 -1
0 -1
0 -1
0 -1
0 -1
0 -1
0 -1
0 -1
0 -1
0 -1
0 -1
0 -1
0 -1
0 -1
0 -1
0 -1
0 -1
0 -1
0 -1
0 -1
0 -1
0 -1
0 -1
0 -1
0 -1
0 -1
0 -1
0 -1
0 -1
0 -1
0 -1
0 -1
0 -1
0 -1
0 -1
0 -1
0 -1
0 -1
0 -1
0 -1
0 -1
0 -1
0 -1
0 -1
0 -1
0 -1
0 -1
0 -1
0 -1
0 -1
0 -1
0 -1
0 -1
0 -1
0 -1
0 -1
0 -1
0 -1
0 -1
0 -1
0 -1
0 -1
0 -1
0 -1
0 -1
0 -1
0 -1
0 -1
0 -1
0 -1
0 -1
0 -1
0 -1
0 -1
0 -1
0 -1
0 -1
0 -1
0 -1
0 -1
0 -1
0 -1
0 -1
0 -1
0 -1
0 -1
