0 7
0 7
0 7
0 7
0 7
0 7
0 7
0 7
0 7
0 7
0 7
0 7
0 7
0 7
0 7
0 7
0 7
0 7
0 7
0 7
0 7
0 7
0 7
0 7
0 7
0 7
0 7
0 7
0 7
0 7
0 7
0 7
0 7
0 7
0 7
0 7
0 7
-4 19
-4 19
-4 19
-4 19
-4 19
-4 19
-4 19
-4 19
-4 19
-4 19
-4 19
-4 19
-4 19
-4 19
-4 19
-4 19
-4 19
-4 19
-4 19
-4 19
-4 19
-4 19
-4 19
-4 19
-4 19
-4 19
-4 19
-4 19
-4 19
-4 19
-4 19
-4 19
-4 19
-4 19
-4 19
-4 19
-4 19
-4 19
-4 19
-2 23
0 26
0 26
0 26
0 26
0 26
0 26
0 26
0 26
0 26
0 26
0 26
0 26
0 26
0 26
0 26
0 26
0 26
0 26
0 26
0 26
0 26
0 26
0 26
0 26
0 26
0 26
0 26
0 26
0 26
0 26
0 26
0 26
0 26
0 26
0 26
0 26
-1 38
-1 38
-1 38
-1 38
-1 38
-1 38
-1 38
-1 38
-1 38
-1 38
-1 38
-1 38
-1 38
-1 38
-1 38
-1 38
-1 38
-1 38
-1 38
-1 38
-1 38
-1 43
-1 43
-1 43
-1 43
-1 43
-1 43
-1 43
-1 43
-1 43
-1 43
-1 43
-1 43
-1 43
-1 43
-1 43
-1 43
-1 43
-1 43
-1 43
-1 43
-1 43
-1 43
-1 43
-1 43
-1 43
-1 43
5 49
5 49
5 49
5 49
5 49
5 49
5 49
5 49
5 49
5 49
5 49
5 49
5 49
5 49
5 49
5 49
5 49
5 49
5 49
5 49
5 49
5 49
5 49
5 49
5 49
5 49
5 49
5 49
5 49
5 49
5 49
5 49
5 49
5 49
5 49
5 49
5 49
5 49
5 49
5 49
5 49
5 49
5 49
5 49
5 49
5 49
8 49
8 49
8 49
8 49
8 49
8 49
8 49
8 49
8 49
8 49
8 49
8 49
8 49
8 49
8 49
8 49
8 49
8 49
8 49
8 49
8 49
8 49
8 49
8 49
8 49
8 49
8 49
8 49
8 49
8 49
8 49
8 49
8 49
8 49
8 49
8 49
8 49
8 49
8 49
8 49
8 49
8 49
8 49
8 49
8 49
8 49
16 48
16 48
16 48
16 48
16 48
16 48
16 48
16 48
16 48
16 48
16 48
16 48
16 48
16 48
16 48
16 48
16 48
16 48
16 48
16 48
16 48
16 48
16 48
16 48
16 48
16 48
16 48
16 48
16 48
16 48
16 48
16 48
16 48
16 48
16 48
16 48
16 48
16 48
16 48
16 48
16 48
16 48
16 48
16 48
16 48
16 48
32 41
44 47
44 47
44 47
44 47
44 47
44 47
44 47
44 47
44 47
44 47
44 47
44 47
44 47
44 47
44 47
44 47
44 47
44 47
44 47
44 47
44 47
44 47
44 47
63 45
63 45
63 45
63 45
63 45
63 45
63 45
63 45
63 45
63 45
63 45
63 45
63 45
63 45
63 45
63 45
63 45
63 45
63 45
63 45
63 45
63 45
63 45
63 45
63 45
63 45
63 45
63 45
63 45
63 45
63 45
63 45
63 45
63 45
63 45
63 45
63 45
63 45
63 45
63 45
63 45
63 45
63 45
63 45
63 45
63 45
63 45
63 45
63 45
63 45
63 45
69 30
69 30
69 30
69 30
69 30
69 30
69 30
69 30
69 30
69 30
69 30
69 30
69 30
69 30
69 30
69 30
69 30
69 30
69 30
69 30
69 30
69 30
69 30
69 30
69 30
69 30
69 30
69 30
69 30
69 30
69 30
69 30
69 30
69 30
69 30
69 30
69 30
69 30
69 30
69 30
69 30
69 30
69 30
69 30
69 30
82 34
82 34
82 34
82 34
82 34
82 34
82 34
82 34
82 34
82 34
82 34
82 34
82 34
82 34
82 34
82 34
82 34
82 34
82 34
82 34
82 34
82 34
99 31
99 31
99 31
99 31
99 31
99 31
99 31
99 31
99 31
99 31
99 31
99 31
99 31
99 31
99 31
99 31
99 31
99 31
99 31
99 31
99 31
99 31
99 31
99 31
99 31
117 22
117 22
117 22
117 22
117 22
117 22
117 22
117 22
117 22
117 22
117 22
117 22
117 22
117 22
117 22
117 22
117 22
117 22
117 22
117 22
117 22
117 22
117 22
117 22
117 22
117 22
119 10
119 10
119 10
119 10
119 10
119 10
119 10
119 10
119 10
119 10
119 10
119 10
119 10
119 10
119 10
119 10
119 10
119 10
119 10
119 10
119 10
119 10
119 10
119 10
119 10
119 10
119 10
119 10
119 10
119 10
119 10
119 10
119 10
119 10
119 10
119 10
119 10
119 10
119 10
119 10
119 10
119 10
119 10
119 10
119 10
119 10
119 10
119 10
119 10
119 10
119 10
119 10
119 10
119 10
119 10
119 10
119 10
119 10
119 10
119 10
119 10
119 10
119 10
119 10
130 21
130 21
130 13
130 13
130 13
130 13
130 13
130 13
130 13
130 13
130 13
130 13
130 13
130 13
130 13
130 13
130 13
130 13
130 13
130 13
130 13
130 13
130 13
130 13
130 13
130 13
130 13
130 13
130 13
130 13
130 13
130 13
130 13
130 13
130 13
130 13
130 13
130 13
130 13
130 13
130 13
130 13
130 13
130 13
130 13
130 13
130 13
130 13
130 13
130 13
130 13
130 13
130 13
130 13
130 13
130 13
130 13
130 13
130 13
130 13
130 13
130 13
130 13
130 13
130 13
130 13
130 13
130 13
130 13
130 13
130 13
130 13
130 13
130 13
153 13
152 -6
152 -6
152 -6
152 -6
152 -6
152 -6
152 -6
152 -6
152 -6
152 -6
152 -6
152 -6
152 -6
152 -6
152 -6
152 -6
152 -6
152 -6
152 -6
152 -6
152 -6
152 -6
136 2
136 2
136 2
136 2
136 2
136 2
136 2
136 2
136 2
136 2
136 2
136 2
136 2
136 2
136 2
136 2
136 2
136 2
136 2
136 2
136 2
136 2
136 2
136 2
136 2
136 2
136 2
136 2
136 2
136 2
136 2
136 2
136 2
136 2
136 2
136 2
136 2
136 2
136 2
136 2
136 2
136 2
136 2
136 2
136 2
136 2
136 2
136 2
136 2
136 2
136 2
136 2
136 2
136 2
136 2
136 2
136 2
136 2
136 2
136 2
136 2
136 2
136 2
136 2
136 2
136 2
136 2
136 2
136 2
136 2
136 2
137 -11
123 -14
123 -14
123 -14
123 -14
123 -14
123 -14
123 -14
123 -14
123 -14
123 -14
123 -14
123 -14
123 -14
123 -14
123 -14
123 -14
123 -14
123 -14
123 -14
123 -14
123 -14
123 -14
116 -38
116 -38
116 -38
116 -38
116 -38
116 -38
116 -38
116 -38
116 -38
116 -38
116 -38
116 -38
116 -38
116 -38
116 -38
116 -38
116 -38
116 -38
116 -38
116 -38
116 -38
116 -38
116 -38
116 -38
116 -38
116 -38
116 -38
116 -38
116 -38
116 -38
116 -38
116 -38
116 -38
116 -38
116 -38
116 -38
116 -38
116 -38
116 -38
116 -38
116 -38
104 -40
104 -40
104 -40
104 -40
104 -40
104 -40
104 -40
104 -40
104 -40
104 -40
104 -40
104 -40
104 -40
104 -40
104 -40
104 -40
104 -40
104 -40
104 -40
104 -40
104 -40
104 -40
104 -40
104 -40
104 -40
104 -40
104 -40
104 -40
104 -40
104 -40
104 -40
104 -40
104 -40
104 -40
104 -40
104 -40
104 -40
104 -40
98 -56
98 -56
98 -56
98 -56
98 -56
98 -56
98 -56
98 -56
98 -56
98 -56
98 -56
98 -56
98 -56
98 -56
98 -56
98 -56
98 -56
98 -56
98 -56
98 -56
98 -56
98 -56
95 -70
95 -70
95 -70
95 -70
95 -70
95 -70
95 -70
95 -70
95 -70
95 -70
95 -70
95 -70
95 -70
95 -70
95 -70
95 -70
95 -70
95 -70
95 -70
95 -70
95 -70
95 -70
95 -70
95 -70
95 -70
95 -70
95 -70
95 -70
95 -70
95 -70
95 -70
95 -70
95 -70
95 -70
95 -70
95 -70
95 -70
95 -70
95 -70
95 -70
95 -70
95 -70
95 -70
95 -70
95 -70
95 -70
89 -82
74 -85
74 -85
74 -85
74 -85
74 -85
74 -85
74 -85
74 -85
74 -85
74 -85
74 -85
74 -85
74 -85
74 -85
74 -85
74 -85
74 -85
74 -85
74 -85
74 -85
74 -85
74 -85
74 -85
74 -85
74 -85
74 -85
74 -85
74 -85
74 -85
74 -85
74 -85
74 -85
74 -85
74 -85
74 -85
74 -85
74 -85
74 -85
74 -85
74 -85
74 -85
74 -85
74 -85
74 -85
74 -85
66 -79
66 -79
66 -79
66 -79
66 -79
66 -79
66 -79
66 -79
66 -79
66 -79
66 -79
66 -79
66 -79
66 -79
66 -79
66 -79
66 -79
66 -79
66 -79
66 -79
66 -79
66 -79
66 -79
66 -79
66 -79
66 -79
66 -79
66 -79
66 -79
66 -79
66 -79
66 -79
66 -79
66 -79
66 -79
66 -79
66 -79
66 -79
66 -79
66 -79
66 -79
66 -79
66 -79
66 -79
66 -79
65 -85
65 -85
65 -85
65 -85
65 -85
65 -85
65 -85
65 -85
65 -85
65 -85
65 -85
65 -85
65 -85
65 -85
65 -85
65 -85
65 -85
65 -85
65 -85
65 -85
65 -85
65 -85
65 -85
65 -85
65 -108
65 -108
65 -108
65 -108
65 -108
65 -108
65 -108
65 -108
65 -108
65 -108
65 -108
65 -108
65 -108
65 -108
65 -108
65 -108
65 -108
65 -108
65 -108
65 -108
65 -108
65 -108
65 -108
65 -108
51 -103
51 -103
51 -103
51 -103
51 -103
51 -103
51 -103
51 -103
51 -103
51 -103
51 -103
51 -103
51 -103
51 -103
51 -103
51 -103
51 -103
51 -103
51 -103
51 -103
51 -103
51 -103
51 -103
51 -103
51 -103
51 -103
51 -103
51 -103
51 -103
51 -103
51 -103
51 -103
51 -103
51 -103
51 -103
51 -103
51 -103
51 -103
51 -103
51 -103
51 -103
51 -103
51 -103
51 -103
51 -103
51 -103
51 -103
51 -103
51 -103
51 -103
51 -103
51 -103
51 -103
51 -103
51 -103
51 -103
51 -103
51 -103
51 -103
51 -103
51 -103
51 -103
51 -103
51 -103
51 -103
51 -103
51 -103
51 -103
51 -103
51 -103
51 -103
51 -103
51 -103
51 -103
51 -103
51 -103
51 -103
51 -103
51 -103
51 -103
51 -103
51 -103
51 -103
51 -103
51 -103
51 -103
51 -103
51 -103
51 -103
51 -103
51 -103
51 -103
51 -103
51 -103
51 -103
51 -103
51 -103
51 -103
51 -103
51 -103
51 -103
39 -111
44 -95
44 -95
44 -95
44 -95
44 -95
44 -95
44 -95
44 -95
44 -95
44 -95
44 -95
44 -95
44 -95
44 -95
44 -95
44 -95
44 -95
44 -95
44 -95
44 -95
44 -95
44 -95
44 -95
44 -95
44 -95
44 -95
44 -95
44 -95
44 -95
44 -95
44 -95
44 -95
44 -95
44 -95
44 -95
44 -95
44 -95
44 -95
44 -95
44 -95
44 -95
44 -95
34 -107
34 -107
34 -107
34 -107
34 -107
34 -107
34 -107
34 -107
34 -107
34 -107
34 -107
34 -107
34 -107
34 -107
34 -107
34 -107
34 -107
34 -107
34 -107
34 -107
34 -107
34 -107
34 -107
34 -107
34 -107
29 -107
29 -107
29 -107
29 -107
29 -107
29 -107
29 -107
29 -107
29 -107
29 -107
29 -107
29 -107
29 -107
29 -107
29 -107
29 -107
29 -107
29 -107
29 -107
29 -107
29 -107
21 -103
21 -103
21 -103
21 -103
21 -103
21 -103
21 -103
21 -103
21 -103
21 -103
21 -103
21 -103
21 -103
21 -103
21 -103
21 -103
21 -103
21 -103
21 -103
21 -103
21 -103
21 -103
21 -103
21 -103
21 -103
21 -103
21 -103
21 -103
21 -103
21 -103
21 -103
21 -103
21 -103
21 -103
21 -103
21 -103
21 -103
21 -103
21 -103
21 -103
21 -103
21 -103
21 -103
21 -103
21 -103
21 -103
21 -103
21 -103
21 -103
21 -103
21 -103
21 -103
21 -103
21 -103
21 -103
21 -103
21 -103
21 -103
9 -115
9 -115
9 -115
9 -115
9 -115
9 -115
9 -115
9 -115
9 -115
9 -115
9 -115
9 -115
9 -115
9 -115
9 -115
9 -115
9 -115
9 -115
9 -115
9 -115
9 -115
9 -115
9 -115
9 -115
9 -115
9 -115
9 -115
9 -115
9 -115
9 -115
9 -115
9 -115
9 -115
9 -115
9 -115
9 -115
9 -115
9 -115
9 -115
9 -115
9 -115
9 -115
9 -115
9 -115
9 -115
9 -115
9 -115
9 -115
9 -115
9 -115
9 -115
9 -115
9 -115
3 -115
5 -112
5 -112
5 -112
5 -112
5 -112
5 -112
5 -112
5 -112
5 -112
5 -112
5 -112
5 -112
5 -112
5 -112
5 -112
-5 -116
-5 -116
-5 -116
-5 -116
-5 -116
-5 -116
-5 -116
-5 -116
-5 -116
-5 -116
-5 -116
-5 -116
-5 -116
-5 -116
-5 -116
-5 -116
-5 -116
-5 -116
-5 -116
-5 -116
-5 -116
-5 -116
-5 -116
-5 -116
-5 -116
-5 -116
-5 -116
-5 -116
-5 -116
-5 -116
-5 -116
-5 -116
-5 -116
-5 -116
-5 -116
-5 -116
-5 -116
-5 -116
-5 -116
-5 -116
-5 -116
-14 -98
-14 -98
-14 -98
-14 -98
-14 -98
-14 -98
-14 -98
-14 -98
-14 -98
-14 -98
-14 -98
-14 -98
-14 -98
-14 -98
-14 -98
-14 -98
-14 -98
-14 -98
-14 -98
-14 -98
-14 -98
-14 -98
-14 -98
-14 -98
-14 -98
-14 -98
-14 -98
-14 -98
-14 -98
-14 -98
-14 -98
-14 -98
-14 -98
-14 -98
-14 -98
-14 -98
-12 -96
-22 -105
-22 -105
-22 -105
-22 -105
-22 -105
-22 -105
-22 -105
-22 -105
-22 -105
-22 -105
-22 -105
-22 -105
-22 -105
-22 -105
-22 -105
-22 -105
-22 -105
-22 -105
-22 -105
-22 -105
-22 -105
-22 -105
-22 -105
-22 -105
-22 -105
-22 -105
-22 -105
-22 -105
-22 -105
-22 -105
-32 -101
-32 -101
-32 -101
-32 -101
-32 -101
-32 -101
-32 -101
-32 -101
-32 -101
-32 -101
-32 -101
-32 -101
-32 -101
-32 -101
-32 -101
-32 -101
-32 -101
-32 -101
-32 -101
-32 -101
-32 -101
-35 -96
-35 -96
-35 -96
-35 -96
-35 -96
-35 -96
-35 -96
-35 -96
-35 -96
-35 -96
-35 -96
-35 -96
-35 -96
-35 -96
-35 -96
-35 -96
-35 -96
-35 -96
-35 -96
-35 -96
-35 -96
-35 -96
-35 -96
-35 -96
-35 -96
-35 -96
-35 -96
-35 -96
-35 -96
-35 -96
-35 -96
-35 -96
-35 -96
-35 -96
-35 -96
-35 -96
-35 -96
-35 -96
-35 -96
-35 -96
-48 -89
-48 -89
-48 -89
-48 -89
-48 -89
-48 -89
-48 -89
-48 -89
-48 -89
-48 -89
-48 -89
-48 -89
-48 -89
-48 -89
-48 -89
-48 -89
-48 -89
-48 -89
-48 -89
-43 -83
-43 -83
-43 -83
-43 -83
-43 -83
-43 -83
-43 -83
-43 -83
-43 -83
-43 -83
-43 -83
-43 -83
-43 -83
-43 -83
-43 -83
-43 -83
-43 -83
-43 -83
-53 -89
-53 -89
-53 -89
-53 -89
-53 -89
-53 -89
-53 -89
-53 -89
-53 -89
-53 -89
-53 -89
-53 -89
-53 -89
-53 -89
-53 -89
-53 -89
-53 -89
-53 -89
-53 -89
-53 -89
-53 -89
-53 -89
-53 -89
-53 -89
-53 -89
-53 -89
-53 -89
-53 -89
-53 -89
-53 -89
-53 -89
-53 -89
-53 -89
-53 -89
-53 -89
-53 -89
-53 -89
-53 -89
-53 -89
-64 -88
-64 -88
-64 -88
-64 -88
-64 -88
-64 -88
-64 -88
-64 -88
-64 -88
-64 -88
-64 -88
-64 -88
-64 -88
-64 -88
-64 -88
-64 -88
-64 -88
-64 -88
-64 -88
-64 -88
-64 -88
-64 -88
-64 -88
-64 -88
-64 -88
-64 -88
-64 -88
-64 -88
-64 -88
-64 -88
-64 -88
-64 -88
-64 -88
-64 -88
-64 -88
-64 -88
-64 -88
-64 -88
-64 -88
-64 -88
-64 -88
-64 -88
-64 -88
-64 -88
-64 -88
-64 -88
-68 -72
-68 -72
-68 -72
-68 -72
-68 -72
-68 -72
-68 -72
-68 -72
-68 -72
-68 -72
-68 -72
-68 -72
-68 -72
-68 -72
-68 -72
-68 -72
-68 -72
-68 -72
-68 -72
-68 -72
-68 -72
-68 -72
-68 -72
-68 -72
-68 -72
-68 -72
-68 -72
-68 -72
-68 -72
-68 -72
-68 -72
-68 -72
-68 -72
-68 -72
-68 -72
-68 -72
-68 -72
-68 -72
-68 -72
-68 -72
-68 -72
-68 -72
-68 -72
-68 -72
-75 -67
-75 -67
-75 -67
-75 -67
-75 -67
-75 -67
-75 -67
-75 -67
-75 -67
-75 -67
-75 -67
-75 -67
-75 -67
-75 -67
-75 -67
-75 -67
-75 -67
-75 -67
-75 -67
-75 -67
-75 -67
-75 -67
-75 -67
-75 -67
-75 -67
-75 -67
-75 -67
-75 -67
-75 -67
-75 -67
-75 -67
-75 -67
-75 -67
-75 -67
-75 -67
-75 -67
-75 -67
-75 -67
-75 -67
-75 -67
-75 -67
-75 -67
-75 -67
-75 -67
-75 -67
-75 -67
-75 -60
-75 -60
-75 -60
-75 -60
-75 -60
-75 -60
-75 -60
-75 -60
-75 -60
-75 -60
-75 -60
-75 -60
-75 -60
-75 -60
-75 -60
-75 -60
-75 -60
-75 -60
-75 -60
-75 -60
-75 -60
-75 -60
-75 -60
-75 -60
-75 -60
-75 -60
-75 -60
-75 -60
-75 -60
-75 -60
-75 -60
-75 -60
-75 -60
-75 -60
-75 -60
-75 -60
-75 -60
-75 -60
-75 -60
-75 -60
-75 -60
-75 -60
-75 -60
-75 -60
-75 -60
-75 -60
-75 -60
-75 -60
-75 -60
-75 -60
-81 -51
-82 -44
-82 -44
-82 -44
-82 -44
-82 -44
-82 -44
-82 -44
-82 -44
-82 -44
-82 -44
-82 -44
-82 -44
-82 -44
-82 -44
-82 -44
-82 -44
-82 -44
-82 -44
-82 -44
-82 -44
-82 -44
-82 -44
-82 -44
-82 -44
-82 -44
-82 -44
-82 -44
-82 -44
-82 -44
-82 -44
-82 -44
-82 -44
-82 -44
-82 -44
-82 -44
-82 -44
-82 -44
-82 -44
-82 -44
-82 -44
-82 -44
-82 -44
-82 -44
-82 -44
-82 -44
-82 -44
-82 -44
-82 -44
-82 -44
-82 -44
-82 -44
-82 -44
-82 -44
-89 -38
-89 -38
-89 -38
-89 -38
-89 -38
-89 -38
-89 -38
-89 -38
-89 -38
-89 -38
-89 -38
-89 -38
-89 -38
-89 -38
-89 -38
-89 -38
-89 -38
-89 -38
-89 -38
-89 -38
-102 -33
-102 -33
-102 -33
-102 -33
-102 -33
-102 -33
-102 -33
-102 -33
-102 -33
-102 -33
-102 -33
-102 -33
-102 -33
-102 -33
-102 -33
-102 -33
-102 -33
-102 -33
-102 -33
-102 -33
-102 -33
-102 -33
-100 -23
-100 -23
-100 -23
-100 -23
-100 -23
-100 -23
-100 -23
-100 -23
-100 -23
-100 -23
-100 -23
-100 -23
-100 -23
-100 -23
-100 -23
-100 -23
-100 -23
-100 -23
-100 -23
-100 -23
-100 -23
-100 -23
-100 -23
-100 -23
-100 -23
-100 -23
-100 -23
-100 -23
-100 -23
-100 -23
-100 -23
-100 -23
-100 -23
-100 -23
-100 -23
-100 -23
-100 -23
-100 -23
-100 -23
-100 -23
-100 -23
-100 -23
-100 -23
-100 -23
-100 -23
-100 -23
-100 -23
-100 -23
-100 -23
-100 -23
-100 -23
-100 -23
-100 -23
-100 -23
-100 -23
-100 -23
-100 -23
-100 -23
-100 -23
-100 -23
-100 -23
-100 -23
-100 -23
-100 -23
-100 -23
-100 -23
-100 -23
-100 -23
-100 -23
-106 -20
-107 -18
-107 -18
-107 -18
-107 -18
-107 -18
-107 -18
-107 -18
-107 -18
-107 -18
-107 -18
-107 -18
-107 -18
-107 -18
-107 -18
-107 -18
-107 -18
-117 -6
-117 -6
-117 -6
-117 -6
-117 -6
-117 -6
-117 -6
-117 -6
-117 -6
-117 -6
-117 -6
-117 -6
-117 -6
-117 -6
-117 -6
-117 -6
-117 -6
-117 -6
-117 -6
-117 -6
-117 -6
-117 -6
-117 -6
-117 -6
-117 -6
-117 -6
-117 -6
-117 -6
-117 -6
-117 -6
-117 -6
-117 -6
-117 -6
-115 -1
-115 -1
-115 -1
-115 -1
-115 -1
-115 -1
-115 -1
-115 -1
-115 -1
-115 -1
-115 -1
-115 -1
-115 -1
-115 -1
-115 -1
-117 -3
-117 -3
-117 -3
-117 -3
-117 -3
-117 -3
-117 -3
-117 -3
-117 -3
-117 -3
-117 -3
-117 -3
-117 -3
-117 -3
-117 -3
-117 13
-117 13
-117 13
-117 13
-117 13
-117 13
-117 13
-117 13
-117 13
-117 13
-117 13
-117 13
-117 13
-117 13
-117 13
-117 13
-117 13
-117 13
-117 13
-117 13
-117 13
-117 13
-117 13
-117 13
-117 13
-117 13
-117 13
-117 13
-117 13
-117 13
-117 13
-117 13
-117 13
-117 13
-117 13
-117 13
-117 13
-117 13
-117 13
-117 13
-117 13
-117 13
-117 13
-117 13
-117 13
-117 13
-117 13
-117 13
-117 13
-117 13
-142 5
-142 5
-142 5
-142 5
-142 5
-142 5
-142 5
-142 5
-142 5
-142 5
-142 5
-142 5
-142 5
-142 5
-142 5
-142 5
-142 5
-142 5
-142 5
-142 5
-142 5
-142 5
-142 5
-142 5
-142 5
-142 5
-142 5
-142 5
-142 5
-142 5
-142 5
-142 5
-142 5
-133 27
-133 27
-133 27
-133 27
-133 27
-133 27
-133 27
-133 27
-133 27
-133 27
-133 27
-133 27
-133 27
-133 27
-133 27
-133 27
-133 27
-133 27
-133 27
-133 27
-133 27
-133 27
-133 27
-133 27
-133 27
-133 27
-133 27
-133 27
-133 27
-133 27
-133 27
-133 27
-133 27
-133 27
-143 32
-143 32
-143 32
-143 32
-143 32
-143 32
-143 32
-143 32
-143 32
-143 32
-143 32
-143 32
-143 32
-143 32
-143 32
-143 32
-143 32
-143 32
-143 32
-143 32
-143 32
-143 32
-143 32
-143 32
-143 32
-143 32
-143 32
-143 32
-143 32
-143 32
-143 32
-143 32
-143 32
-139 52
-139 52
-139 52
-139 52
-139 52
-139 52
-139 52
-139 52
-139 52
-139 52
-139 52
-139 52
-139 52
-139 52
-139 52
-139 52
-139 52
-119 57
-119 57
-119 57
-119 57
-119 57
-119 57
-119 57
-119 57
-119 57
-119 57
-119 57
-119 57
-119 57
-119 57
-119 57
-119 57
-119 57
-119 57
-119 57
-119 57
-119 57
-119 57
-119 57
-119 57
-119 57
-119 57
-119 57
-119 57
-119 57
-119 57
-119 57
-119 57
-119 57
-119 57
-119 57
-119 57
-119 57
-119 57
-119 57
-119 57
-119 57
-119 57
-119 57
-119 57
-119 57
-119 57
-119 57
-119 57
-119 57
-119 57
-119 57
-119 57
-114 80
-114 80
-114 80
-114 80
-114 80
-114 80
-114 80
-114 80
-114 80
-114 80
-114 80
-114 80
-114 80
-114 80
-114 80
-114 80
-114 80
-114 80
-114 80
-114 80
-114 80
-114 80
-114 80
-114 80
-114 80
-114 80
-114 80
-114 80
-114 80
-109 75
-109 75
-109 75
-109 75
-109 75
-109 75
-109 75
-109 75
-109 75
-109 75
-109 75
-109 75
-109 75
-109 75
-110 92
-110 92
-110 92
-110 92
-110 92
-110 92
-110 92
-110 92
-110 92
-110 92
-110 92
-110 92
-110 92
-110 92
-110 92
-110 92
-93 88
-93 88
-93 88
-93 88
-93 88
-93 88
-93 88
-93 88
-93 88
-93 88
-93 88
-93 88
-93 88
-93 88
-93 95
-93 95
-93 95
-93 95
-93 95
-93 95
-93 95
-93 95
-93 95
-93 95
-93 95
-93 95
-93 95
-93 95
-93 95
-93 95
-93 95
-93 95
-93 95
-93 95
-93 95
-93 95
-93 95
-93 95
-93 95
-93 95
-93 95
-93 95
-93 95
-93 95
-71 87
-71 87
-71 87
-71 87
-71 87
-71 87
-71 87
-71 87
-71 87
-71 87
-71 87
-71 87
-71 87
-71 87
-71 87
-71 87
-71 87
-71 87
-71 87
-71 87
-71 87
-71 87
-71 87
-71 87
-71 87
-71 87
-71 87
-71 87
-71 87
-71 87
-71 87
-69 109
-69 109
-69 109
-69 109
-69 109
-69 109
-69 109
-69 109
-69 109
-69 109
-69 109
-69 109
-69 109
-69 109
-69 109
-74 107
-74 107
-74 107
-74 107
-74 107
-74 107
-74 107
-74 107
-74 107
-74 107
-74 107
-74 107
-74 107
-74 107
-74 107
-63 104
-63 104
-63 104
-63 104
-63 104
-63 104
-63 104
-63 104
-63 104
-63 104
-63 104
-63 104
-63 104
-63 104
-63 104
-72 107
-72 107
-72 107
-72 107
-72 107
-72 107
-72 107
-72 107
-72 107
-72 107
-72 107
-72 107
-72 107
-72 107
-72 107
-72 107
-72 107
-72 107
-72 107
-72 107
-72 107
-72 107
-72 107
-72 107
-72 107
-72 107
-72 107
-72 107
-72 107
-72 107
-72 107
-72 107
-72 107
-72 107
-72 107
-72 107
-72 107
-72 107
-72 107
-72 107
-72 107
-72 107
-72 107
-72 107
-72 107
-72 107
-72 107
-72 107
-45 117
-45 117
-16 106
-16 106
-16 106
-16 106
-16 106
-16 106
-16 106
-16 106
-16 106
-16 106
-16 106
-16 106
-16 106
-16 106
-16 106
-16 106
-16 106
-16 106
-16 106
-16 106
-16 106
-16 106
-16 106
-16 106
-16 106
-16 106
-16 106
-16 106
-16 106
-16 106
-24 120
-24 120
-24 120
-24 120
-24 120
-24 120
-24 120
-24 120
-24 120
-24 120
-24 120
-24 120
-24 120
-24 120
-24 120
-24 120
-24 120
-24 120
-24 120
-24 120
-24 120
-24 120
-24 120
-24 120
-24 120
-24 120
-24 120
-24 120
-24 120
-24 120
-24 120
-24 120
-24 120
-24 120
-11 123
-11 123
-11 123
-11 123
-11 123
-11 123
-11 123
-11 123
-11 123
-11 123
-11 123
-11 123
-11 123
-11 123
-9 121
-9 121
-9 121
-9 121
-9 121
-9 121
-9 121
-9 121
-9 121
-9 121
-9 121
-9 121
-9 121
-9 121
-9 121
-9 121
-9 121
-9 121
-9 121
-9 121
-9 121
-9 121
-9 121
-9 121
-9 121
-9 121
-9 121
-9 121
-9 121
-9 121
-9 121
-9 121
-9 121
-9 121
-9 121
3 121
3 121
3 121
3 121
3 121
3 121
3 121
3 121
3 121
3 121
3 121
3 121
3 121
3 121
3 121
3 121
3 121
3 121
3 121
3 121
3 121
3 121
3 121
3 121
3 121
3 121
3 121
3 121
3 121
3 121
3 121
3 121
3 121
3 121
10 95
10 95
10 95
10 95
10 95
10 95
10 95
10 95
10 95
10 95
10 95
10 95
10 95
10 95
10 95
10 95
10 95
10 95
10 95
21 111
21 111
21 111
21 111
21 111
21 111
21 111
21 111
21 111
21 111
21 111
21 111
21 111
21 111
21 111
21 111
21 111
21 111
28 94
28 94
28 94
28 94
28 94
28 94
28 94
28 94
28 94
28 94
28 94
28 94
28 94
28 94
28 94
28 94
28 94
28 94
28 94
28 94
28 94
28 94
28 94
28 94
28 94
28 94
28 94
28 94
28 94
28 94
28 94
28 94
28 94
28 94
28 94
28 94
38 94
38 94
38 94
38 94
38 94
38 94
38 94
38 94
38 94
38 94
38 94
38 94
38 94
38 94
38 94
38 94
38 94
38 94
38 94
38 94
38 94
38 94
38 94
38 94
38 94
38 94
38 94
38 94
38 94
38 94
38 94
38 94
52 95
52 95
52 95
52 95
52 95
52 95
52 95
52 95
52 95
52 95
52 95
52 95
52 95
52 95
52 95
52 95
52 95
52 95
52 95
52 95
52 95
52 95
52 95
52 95
52 95
52 95
52 95
52 95
52 95
52 95
52 95
52 95
52 95
65 68
65 68
65 68
65 68
65 68
65 68
65 68
65 68
65 68
65 68
65 68
65 68
65 68
65 68
65 68
65 68
65 68
64 59
64 59
64 59
64 59
64 59
64 59
64 59
64 59
64 59
64 59
64 59
64 59
64 59
64 59
64 59
64 59
64 59
64 59
64 59
64 59
64 59
64 59
64 59
64 59
64 59
64 59
64 59
64 59
64 59
64 59
64 59
64 59
64 59
64 59
64 59
64 59
64 59
64 59
64 59
64 59
64 59
64 59
64 59
64 59
64 59
64 59
64 59
64 59
53 46
53 46
53 46
53 46
53 46
53 46
53 46
53 46
53 46
53 46
53 46
53 46
53 46
53 46
53 46
53 46
53 46
53 46
53 46
55 28
55 28
55 28
55 28
55 28
55 28
55 28
55 28
55 28
55 28
55 28
55 28
55 28
55 28
55 28
55 28
55 28
55 28
55 28
55 28
55 28
55 28
55 28
55 28
55 28
55 28
55 28
32 15
32 15
32 15
32 15
32 15
32 15
32 15
32 15
32 15
32 15
32 15
32 15
32 15
32 15
32 15
32 15
23 13
23 13
23 13
23 13
23 13
23 13
23 13
23 13
23 13
23 13
23 13
23 13
23 13
23 13
23 13
23 13
23 13
23 13
23 13
23 13
23 13
23 13
23 13
23 13
23 13
23 13
23 13
23 13
23 13
23 13
23 13
23 13
23 13
23 13
23 13
23 13
23 13
11 5
11 5
11 5
11 5
11 5
11 5
11 5
11 5
11 5
11 5
11 5
11 5
11 5
11 5
11 5
11 5
11 5
11 5
11 5
11 5
11 5
11 5
11 5
11 5
11 5
11 5
11 5
11 5
11 5
11 5
11 5
11 5
11 5
11 5
11 5
11 5
11 5
4 4
4 4
4 4
4 4
4 4
4 4
4 4
4 4
4 4
4 4
4 4
4 4
4 4
4 4
4 4
4 4
4 4
4 4
4 4
4 4
4 4
4 4
4 4
4 4
4 4
4 4
4 4
4 4
4 4
4 4
4 4
4 4
4 4
4 4
4 4
4 4
4 4
4 4
4 4
4 4
4 4
4 4
4 4
4 4
4 4
4 4
4 4
4 4
4 4
4 4
4 4
4 4
4 4
4 4
4 4
4 4
4 4
4 4
4 4
4 4
4 4
4 4
4 4
4 4
4 4
4 4
4 4
4 4
4 4
4 4
4 4
4 4
4 4
4 4
4 4
4 4
4 4
4 4
4 4
4 4
4 4
4 4
4 4
4 4
4 4
4 4
4 4
4 4
4 4
4 4
4 4
4 4
4 4
4 4
4 4
4 4
4 4
4 4
4 4
4 4
4 4
4 4
4 4
4 4
4 4
4 4
4 4
4 4
4 4
4 4
4 4
4 4
4 4
4 4
4 4
4 4
4 4
4 4
4 4
4 4
4 4
4 4
4 4
4 4
4 4
4 4
4 4
4 4
4 4
4 4
4 4
4 4
4 4
4 4
4 4
4 4
4 4
4 4
4 4
4 4
4 4
4 4
4 4
4 4
4 4
4 4
4 4
4 4
4 4
4 4
4 4
4 4
4 4
4 4
4 4
4 4
4 4
4 4
4 4
4 4
4 4
4 4
4 4
4 4
4 4
4 4
4 4
4 4
4 4
4 4
4 4
4 4
4 4
4 4
4 4
4 4
4 4
4 4
4 4
4 4
4 4
4 4
4 4
4 4
4 4
4 4
4 4
4 4
4 4
4 4
4 4
4 4
4 4
4 4
4 4
4 4
4 4
4 4
4 4
4 4
4 4
4 4
4 4
4 4
4 4
4 4
4 4
4 4
4 4
4 4
4 4
4 4
4 4
4 4
4 4
4 4
4 4
4 4
4 4
4 4
4 4
4 4
4 4
4 4
4 4
4 4
4 4
4 4
4 4
4 4
4 4
4 4
4 4
4 4
4 4
4 4
4 4
4 4
4 4
4 4
4 4
4 4
4 4
4 4
4 4
4 4
4 4
4 4
4 4
4 4
4 4
4 4
4 4
4 4
4 4
4 4
4 4
4 4
4 4
4 4
4 4
4 4
4 4
4 4
4 4
4 4
4 4
4 4
4 4
4 4
4 4
4 4
4 4
4 4
4 4
4 4
4 4
4 4
4 4
4 4
4 4
4 4
4 4
4 4
4 4
4 4
4 4
4 4
4 4
4 4
4 4
4 4
4 4
4 4
4 4
4 4
4 4
4 4
4 4
4 4
4 4
4 4
4 4
4 4
4 4
4 4
4 4
4 4
4 4
4 4
4 4
4 4
4 4
4 4
4 4
4 4
4 4
4 4
4 4
4 4
4 4
4 4
4 4
4 4
4 4
4 4
4 4
4 4
4 4
4 4
4 4
4 4
4 4
4 4
4 4
4 4
4 4
4 4
4 4
4 4
4 4
4 4
4 4
4 4
4 4
4 4
4 4
4 4
4 4
4 4
4 4
4 4
4 4
4 4
4 4
4 4
4 4
4 4
4 4
4 4
4 4
-2 0
-2 0
-2 0
-2 0
-2 0
-2 0
-2 0
-2 0
-2 0
-2 0
-2 0
-2 0
-2 0
-2 0
-2 0
-2 0
-2 0
-1 0
-1 0
-1 0
-1 0
-1 0
-1 0
-1 0
-1 0
-1 0
-1 0
-1 0
-1 0
-1 0
-1 0
-1 0
-1 0
-1 0
-1 0
-1 0
-1 0
-1 0
-1 0
-1 0
-1 0
-1 0
-1 0
-1 0
-1 0
-1 0
-1 0
-1 0
-1 0
-1 0
-1 0
-1 0
-1 0
-1 0
-1 0
-1 0
-1 0
-1 0
-1 0
-1 0
-1 0
-1 0
-1 0
-1 0
-1 0
-1 0
-1 0
-1 0
-1 0
-1 0
-1 0
-1 0
-1 0
-1 0
-1 0
-1 0
-1 0
-1 0
-1 0
-1 0
-1 0
-1 0
-1 0
-1 0
-1 0
-1 0
-1 0
-1 0
-1 0
-1 0
-1 0
-1 0
-1 0
-1 0
-1 0
-1 0
-1 0
-1 0
-1 0
-1 0
-1 0
-1 0
-1 0
-1 0
-1 0
-1 0
-1 0
-1 0
-1 0
-1 0
-1 0
-1 0
-1 0
-1 0
-1 0
-1 0
-1 0
-1 0
-1 0
-1 0
-1 0
-1 0
-1 0
-1 0
-1 0
-1 0
-1 0
-1 0
-1 0
-1 0
-1 0
-1 0
-1 0
-1 0
-1 0
-1 0
-1 0
-1 0
-1 0
-1 0
-1 0
-1 0
-1 0
-1 0
-1 0
-1 0
-1 0
-1 0
-1 0
-1 0
-1 0
-1 0
-1 0
-1 0
-1 0
-1 0
-1 0
-1 0
-1 0
-1 0
-1 0
-1 0
-1 0
-1 0
-1 0
-1 0
-2 0
-2 0
-2 0
-2 0
-2 0
-2 0
-2 0
-2 0
-2 0
-2 0
-2 0
-2 0
-2 0
-2 0
-2 0
-2 0
-2 0
-2 0
-2 0
-2 0
-2 0
-2 0
-2 0
-2 0
-2 0
-2 0
-2 0
-2 0
-2 0
-2 0
-2 0
-2 0
-2 0
-2 0
-2 0
-2 0
-2 0
-2 0
-2 0
-2 0
-2 0
-2 0
-2 0
-2 0
-2 0
-2 0
-2 0
-2 0
-2 0
-2 0
-2 0
-2 0
-2 0
-2 0
-2 0
-2 0
-2 0
-2 0
-2 0
-2 0
-2 0
-2 0
-2 0
-2 0
-2 0
-2 0
-2 0
-2 0
-2 0
-2 0
-2 0
-2 0
-2 0
-2 0
-2 0
-2 0
-2 0
-2 0
-2 0
-2 0
-2 0
-2 0
-2 0
-2 0
-2 0
-2 0
-2 0
-2 0
-2 0
-2 0
-2 0
-2 0
-2 0
-2 0
-2 0
-2 0
-2 0
-2 0
-2 0
-2 0
-2 0
-2 0
-2 0
-2 0
-2 0
-2 0
-2 0
-2 0
-2 0
-2 0
-2 0
-2 0
-2 0
-2 0
-2 0
-2 0
-2 0
-2 0
-2 0
-2 0
-2 0
-2 0
-2 0
-2 0
-2 0
-2 0
-2 0
-2 0
-2 0
-2 0
-2 0
-2 0
-2 0
-2 0
-2 0
-2 0
-2 0
-2 0
-2 0
-2 0
-2 0
-2 0
-2 0
-2 0
-2 0
-2 0
-2 0
-2 0
-2 0
-2 0
-2 0
-2 0
-2 0
-2 0
-2 0
-2 0
-2 0
-2 0
-2 0
-2 0
-2 0
-2 0
-2 0
-2 0
-2 0
-2 0
-2 0
-2 0
-2 0
-2 0
-2 0
-2 0
-2 0
-2 0
-2 0
-2 0
-2 0
-2 0
-2 0
-2 0
-2 0
-2 0
-2 0
-2 0
-2 0
-2 0
-2 0
-2 0
-2 0
-2 0
-2 0
-2 0
-2 0
-2 0
-2 0
-2 0
-2 0
-2 0
-2 0
-2 0
-2 0
-2 0
-2 0
-2 0
-2 0
-2 0
-2 0
-2 0
-2 0
-2 0
-2 0
-2 0
-2 0
-2 0
-2 0
-2 0
-2 0
-2 0
-2 0
-2 0
-2 0
-2 0
-2 0
-2 0
-2 0
-2 0
-2 0
-2 0
-2 0
-2 0
-2 0
-2 0
-2 0
-2 0
-2 0
-2 0
-2 0
-2 0
-2 0
-2 0
-2 0
-2 0
-2 0
-2 0
-2 0
-2 0
-2 0
-2 0
-2 0
-2 0
-2 0
-2 0
-2 0
-2 0
-2 0
-2 0
-2 0
-2 0
-2 0
-2 0
-2 0
-2 0
-2 0
-2 0
-2 0
-2 0
-2 0
-2 0
-2 0
-2 0
-2 0
-2 0
-2 0
-2 0
-2 0
-2 0
-2 0
-2 0
-2 0
-2 0
-2 0
-2 0
-2 0
-2 0
-2 0
-2 0
-2 0
-2 0
-2 0
-2 0
-2 0
-2 0
-2 0
-2 0
-2 0
-2 0
-2 0
-2 0
-2 0
-2 0
-2 0
-2 0
-2 0
-2 0
-2 0
-2 0
-2 0
-2 0
-2 0
-2 0
-2 0
-2 0
-2 0
-2 0
-2 0
-2 0
-2 0
-2 0
-2 0
-2 0
-2 0
-2 0
-2 0
-2 0
-2 0
-2 0
-2 0
-2 0
-2 0
-2 0
-2 0
-2 0
-2 0
-2 0
-2 0
-2 0
-2 0
-2 0
-2 0
-2 0
-2 0
-2 0
-2 0
-2 0
-2 0
-2 0
-2 0
-2 0
-2 0
-2 0
-2 0
-2 0
-2 0
-2 0
-2 0
-2 0
-2 0
-2 0
-2 0
-2 0
-2 0
-2 0
-2 0
-2 0
-2 0
-2 0
-2 0
-2 0
-2 0
-2 0
-2 0
-2 0
-2 0
-2 0
-2 0
-2 0
-2 0
-2 0
-2 0
-2 0
-2 0
-2 0
-2 0
-2 0
-2 0
-2 0
-2 0
-2 0
-2 0
-2 0
-2 0
-2 0
-2 0
-2 0
-2 0
-2 0
-2 0
-2 0
-2 0
-2 0
-2 0
-2 0
-2 0
-2 0
-2 0
-2 0
-2 0
-2 0
-2 0
-2 0
-2 0
-2 0
-2 0
-2 0
-2 0
-2 0
-2 0
-2 0
-2 0
-2 0
-2 0
-2 0
-2 0
-2 0
-2 0
-2 0
-2 0
-2 0
-2 0
-2 0
-2 0
-2 0
-2 0
-2 0
-2 0
-2 0
-2 0
-2 0
-2 0
-2 0
-2 0
-2 0
-2 0
-2 0
-2 0
-2 0
-2 0
-2 0
-2 0
-2 0
-2 0
-2 0
-2 0
-2 0
-2 0
-2 0
-2 0
-2 0
-2 0
-2 0
-2 0
-2 0
-2 0
-2 0
-2 0
-2 0
-2 0
-2 0
-2 0
-2 0
-2 0
-2 0
-2 0
-2 0
-2 0
-2 0
-2 0
-2 0
-2 0
-2 0
-2 0
-2 0
-2 0
-2 0
-2 0
-2 0
-2 0
-2 0
-2 0
-2 0
-2 0
-2 0
-2 0
-2 0
-2 0
-2 0
-2 0
-2 0
-2 0
-2 0
-2 0
-2 0
-2 0
-2 0
-2 0
-2 0
-2 0
-2 0
-2 0
-2 0
-2 0
-2 0
-2 0
-2 0
-2 0
-2 0
-2 0
-2 0
-2 0
-2 0
-2 0
-2 0
-2 0
-2 0
-2 0
-2 0
-2 0
-2 0
-2 0
-2 0
-2 0
-2 0
-2 0
-2 0
-2 0
-2 0
-2 0
-2 0
-2 0
-2 0
-2 0
-2 0
-2 0
-2 0
-2 0
-2 0
-2 0
-2 0
-2 0
-2 0
-2 0
-2 0
-2 0
-2 0
-2 0
-2 0
-2 0
-2 0
-2 0
-2 0
-2 0
-2 0
-2 0
-2 0
-2 0
-2 0
-2 0
-2 0
-2 0
-2 0
-2 0
-2 0
-2 0
-2 0
-2 0
-2 0
-2 0
-2 0
-2 0
-2 0
-2 0
-2 0
-2 0
-2 0
-2 0
-2 0
-2 0
-2 0
-2 0
-2 0
-2 0
-2 0
-2 0
-2 0
-2 0
-2 0
-2 0
-2 0
-2 0
-2 0
-2 0
-2 0
-2 0
-2 0
-2 0
-2 0
-2 0
-2 0
-2 0
-2 0
-2 0
-2 0
-2 0
-2 0
-2 0
-2 0
-2 0
-2 0
-2 0
-2 0
-2 0
-2 0
-2 0
-2 0
-2 0
-2 0
-2 0
-2 0
-2 0
-2 0
-2 0
-2 0
-2 0
-2 0
-2 0
-2 0
-2 0
-2 0
-2 0
-2 0
-2 0
-2 0
-2 0
-2 0
-2 0
-2 0
-2 0
-2 0
-2 0
-2 0
-2 0
-2 0
-2 0
-2 0
-2 0
-2 0
-2 0
-2 0
-2 0
-2 0
-2 0
-2 0
-2 0
-2 0
-2 0
-2 0
-2 0
-2 0
-2 0
-2 0
-2 0
-2 0
-2 0
-2 0
-2 0
-2 0
-2 0
-2 0
-2 0
