-3 -4
-3 -4
-3 -4
-3 -4
-3 -4
-3 -4
-3 -4
-3 -4
-3 -4
-2 -10
-2 -10
-2 -10
-2 -10
-2 -10
-2 -10
-2 -10
-2 -10
-2 -10
-2 -10
-2 -10
-2 -10
-2 -10
-2 -10
-2 -10
-2 -10
-2 -10
-2 -10
-2 -10
-2 -10
-2 -10
-2 -10
-2 -10
-2 -10
-2 -10
-2 -10
-2 -10
-2 -10
-2 -10
-2 -10
-2 -10
-2 -10
-2 -10
-2 -10
-2 -10
-2 -10
-2 -10
-2 -10
-3 -10
0 -10
0 -10
0 -10
0 -10
0 -10
0 -10
0 -10
0 -10
0 -10
0 -10
0 -10
0 -10
0 -10
0 -10
0 -10
0 -10
0 -10
0 -10
0 -10
0 -10
0 -10
0 -10
0 -10
0 -10
0 -10
0 -10
0 -10
0 -10
0 -10
0 -10
0 -10
0 -10
0 -10
-2 -15
-2 -15
-2 -15
-2 -15
-2 -15
-2 -15
-2 -15
-2 -15
-2 -15
-2 -15
-2 -15
-2 -15
-2 -15
-2 -15
-2 -15
-2 -15
-2 -15
-2 -15
-2 -15
-2 -15
-2 -15
-2 -15
-2 -15
-2 -15
-2 -15
-2 -15
-2 -15
-2 -15
-2 -15
-2 -15
-2 -15
-2 -15
-2 -15
-2 -15
-2 -15
-2 -15
-2 -15
-2 -15
-2 -15
-2 -15
-2 -15
-2 -15
-2 -15
-2 -15
-2 -15
-2 -15
-2 -15
-2 -15
-2 -15
-2 -15
-2 -15
-2 -15
-2 -15
-2 -15
-2 -15
-3 -16
-3 -16
-4 -17
-4 -17
-4 -17
-4 -17
-4 -17
-4 -17
-4 -17
-4 -17
-4 -17
-4 -17
-4 -17
-4 -17
-4 -17
-4 -17
-4 -17
-4 -17
-4 -17
-4 -17
-4 -17
-4 -17
-4 -17
-4 -17
-4 -17
-4 -17
-4 -17
-4 -17
-4 -17
-4 -17
-4 -17
-3 -23
-3 -23
-3 -26
-3 -26
-3 -26
-3 -26
-3 -26
-3 -26
-3 -26
-3 -26
-3 -26
-3 -26
-3 -26
-3 -26
-3 -26
-3 -26
-3 -26
-3 -26
-3 -26
-3 -26
-3 -26
-3 -26
-3 -26
-3 -26
-3 -26
-3 -26
-3 -26
-3 -26
-3 -26
-3 -26
-3 -26
-3 -26
-3 -26
-3 -26
-3 -26
-3 -26
-3 -26
-5 -26
-5 -26
-5 -26
-5 -26
-5 -26
-5 -26
-5 -26
-5 -26
-5 -26
-5 -26
-5 -26
-5 -26
-5 -26
-5 -26
-5 -26
-5 -26
-5 -26
-9 -31
-9 -31
-9 -31
-9 -31
-9 -31
-9 -31
-9 -31
-9 -31
-9 -31
-9 -31
-9 -31
-9 -31
-9 -31
-9 -31
-9 -31
-9 -31
-9 -31
-9 -31
-9 -31
-9 -31
-9 -31
-9 -31
-9 -31
-9 -31
-9 -31
-9 -31
-9 -31
-9 -31
-9 -31
-9 -31
-9 -31
-9 -31
-9 -31
-9 -31
-9 -31
-9 -31
-9 -31
-9 -31
-9 -31
-9 -31
-9 -31
-9 -31
-9 -31
-9 -31
-9 -31
-9 -31
-9 -31
-6 -28
-6 -28
-6 -28
-6 -28
-6 -28
-6 -28
-6 -28
-6 -28
-6 -28
-6 -28
-6 -28
-6 -28
-6 -28
-6 -28
-6 -28
-6 -28
-6 -28
-6 -28
-6 -28
-6 -28
-7 -21
-7 -21
-7 -21
-7 -21
-7 -21
-7 -21
-7 -21
-7 -21
-7 -21
-7 -21
-7 -21
-7 -21
-7 -21
-7 -21
-7 -21
-7 -21
-7 -21
-7 -21
-7 -21
-7 -21
-7 -21
-7 -21
-7 -21
-7 -21
-7 -21
-7 -21
-7 -21
-7 -21
-7 -21
-7 -21
-7 -21
-7 -21
-7 -21
-7 -21
-7 -21
-7 -21
-7 -21
-7 -21
-7 -21
-7 -21
-7 -21
-8 -29
-8 -29
-8 -29
-8 -29
-8 -29
-8 -29
-8 -29
-8 -29
-8 -29
-8 -29
-8 -29
-8 -29
-8 -29
-8 -29
-8 -29
-8 -29
-8 -29
-8 -29
-8 -29
-8 -29
-8 -29
-8 -29
-8 -29
-8 -29
-8 -29
-8 -29
-8 -29
-8 -29
-8 -29
-8 -29
-8 -29
-8 -29
-8 -29
-8 -29
-8 -29
-8 -29
-8 -29
-8 -29
-8 -29
-8 -29
-8 -29
-8 -29
-8 -29
-8 -29
-8 -29
-8 -29
-8 -29
-8 -29
-8 -29
-8 -29
-8 -29
-8 -29
-8 -29
-8 -29
-8 -29
-8 -29
-8 -29
-8 -29
-12 -33
-12 -33
-12 -33
-12 -33
-12 -33
-12 -33
-12 -33
-12 -33
-12 -33
-12 -33
-12 -33
-12 -33
-12 -33
-12 -33
-12 -33
-12 -33
-12 -33
-12 -33
-12 -33
-12 -33
-12 -33
-12 -33
-12 -33
-12 -33
-12 -33
-12 -33
-12 -33
-12 -33
-12 -33
-12 -33
-12 -33
-12 -33
-12 -33
-12 -33
-12 -33
-12 -33
-12 -33
-17 -35
-17 -35
-17 -35
-17 -35
-17 -35
-17 -35
-17 -35
-17 -35
-17 -35
-17 -35
-17 -35
-17 -35
-17 -35
-17 -35
-17 -35
-17 -35
-17 -35
-17 -35
-17 -35
-17 -35
-17 -35
-17 -35
-17 -35
-17 -35
-17 -35
-17 -35
-17 -35
-17 -35
-17 -35
-17 -35
-17 -35
-17 -35
-17 -35
-17 -35
-17 -35
-22 -33
-29 -38
-29 -38
-29 -38
-29 -38
-29 -38
-29 -38
-29 -38
-29 -38
-29 -38
-29 -38
-29 -38
-29 -38
-29 -38
-29 -38
-29 -38
-29 -38
-29 -38
-29 -38
-29 -38
-29 -38
-29 -38
-29 -38
-29 -38
-29 -38
-29 -38
-29 -38
-29 -38
-29 -38
-29 -38
-29 -38
-29 -38
-26 -36
-26 -36
-26 -36
-26 -36
-26 -36
-26 -36
-26 -36
-26 -36
-26 -36
-26 -36
-26 -36
-26 -36
-26 -36
-26 -36
-26 -36
-26 -36
-26 -36
-26 -36
-26 -36
-26 -36
-26 -36
-26 -36
-26 -36
-26 -36
-26 -36
-26 -36
-26 -36
-26 -36
-26 -36
-26 -36
-26 -36
-26 -36
-26 -36
-26 -36
-26 -36
-26 -36
-26 -36
-26 -36
-26 -36
-26 -36
-26 -36
-26 -36
-27 -44
-27 -44
-27 -44
-27 -44
-27 -44
-27 -44
-27 -44
-27 -44
-27 -44
-27 -44
-27 -44
-27 -44
-27 -44
-27 -44
-27 -44
-27 -44
-27 -44
-27 -44
-27 -44
-27 -44
-27 -44
-27 -44
-27 -44
-27 -44
-27 -44
-27 -44
-27 -44
-27 -44
-27 -44
-27 -44
-27 -44
-27 -44
-27 -44
-27 -44
-27 -44
-27 -44
-27 -44
-27 -44
-27 -44
-27 -44
-27 -44
-27 -44
-27 -44
-27 -44
-27 -44
-27 -44
-27 -44
-23 -40
-27 -39
-27 -39
-27 -39
-27 -39
-27 -39
-27 -39
-27 -39
-27 -39
-27 -39
-27 -39
-27 -39
-27 -39
-27 -39
-27 -39
-27 -39
-27 -39
-27 -39
-27 -39
-27 -39
-27 -39
-27 -39
-27 -39
-27 -39
-27 -39
-27 -39
-27 -39
-27 -39
-27 -39
-27 -39
-27 -39
-27 -39
-27 -39
-27 -39
-27 -39
-27 -39
-27 -39
-27 -39
-32 -36
-32 -36
-32 -36
-32 -36
-32 -36
-32 -36
-32 -36
-32 -36
-32 -36
-32 -36
-32 -36
-32 -36
-32 -36
-32 -36
-32 -36
-32 -36
-32 -36
-32 -36
-32 -36
-32 -36
-32 -36
-32 -36
-32 -36
-32 -36
-32 -36
-32 -36
-32 -36
-32 -36
-32 -36
-32 -36
-32 -36
-32 -36
-32 -36
-32 -36
-32 -36
-32 -36
-32 -36
-32 -36
-35 -40
-26 -18
-26 -18
-26 -18
-26 -18
-26 -18
-26 -18
-26 -18
-26 -18
-26 -18
-26 -18
-26 -18
-26 -18
-26 -18
-26 -18
-26 -18
-26 -18
-26 -18
-26 -18
-26 -18
-26 -18
-26 -18
-26 -18
-26 -18
-26 -18
-26 -18
-26 -18
-26 -18
-26 -18
-26 -18
-26 -18
-26 -18
-26 -18
-26 -18
-26 -18
-26 -18
-26 -18
-26 -18
-26 -18
-26 -18
-26 -18
-26 -18
-26 -18
-26 -18
-26 -18
-26 -18
-26 -18
-26 -18
-26 -18
-26 -18
-26 -18
-26 -18
-26 -18
-26 -18
-26 -18
-26 -18
-26 -18
-26 -18
-26 -18
-26 -18
-26 -18
-26 -18
-26 -18
-26 -18
-26 -18
-26 -18
-31 -36
-45 -40
-45 -40
-45 -40
-45 -40
-45 -40
-45 -40
-45 -40
-45 -40
-45 -40
-45 -40
-45 -40
-45 -40
-45 -40
-45 -40
-45 -40
-45 -40
-45 -40
-45 -40
-45 -40
-45 -40
-45 -40
-45 -40
-45 -40
-45 -40
-45 -40
-45 -40
-45 -40
-45 -40
-45 -40
-45 -40
-45 -40
-45 -40
-45 -40
-45 -40
-45 -40
-45 -40
-50 -28
-50 -28
-50 -28
-50 -28
-50 -28
-50 -28
-50 -28
-50 -28
-50 -28
-50 -28
-50 -28
-50 -28
-50 -28
-50 -28
-50 -28
-50 -28
-50 -28
-50 -28
-50 -28
-50 -28
-50 -28
-50 -28
-50 -28
-50 -28
-50 -28
-50 -28
-50 -28
-50 -28
-50 -28
-50 -28
-50 -28
-50 -28
-50 -28
-50 -28
-50 -28
-50 -28
-50 -28
-50 -28
-50 -28
-50 -28
-50 -28
-50 -28
-50 -28
-50 -28
-50 -28
-50 -28
-50 -28
-50 -28
-43 -19
-42 -26
-42 -26
-42 -26
-42 -26
-42 -26
-42 -26
-42 -26
-42 -26
-42 -26
-42 -26
-42 -26
-42 -26
-42 -26
-42 -26
-42 -26
-42 -26
-42 -26
-42 -26
-42 -26
-42 -26
-42 -26
-42 -26
-42 -26
-42 -26
-42 -26
-42 -26
-42 -26
-42 -26
-42 -26
-42 -26
-42 -26
-42 -26
-42 -26
-42 -26
-42 -26
-42 -26
-42 -26
-42 -26
-42 -26
-42 -26
-42 -26
-42 -26
-42 -26
-42 -26
-42 -26
-42 -26
-42 -26
-42 -26
-42 -26
-42 -26
-45 -13
-45 -13
-45 -13
-45 -13
-45 -13
-45 -13
-45 -13
-45 -13
-45 -13
-45 -13
-45 -13
-45 -13
-45 -13
-45 -13
-45 -13
-45 -13
-45 -13
-45 -13
-45 -13
-45 -20
-45 -20
-45 -20
-45 -20
-45 -20
-45 -20
-45 -20
-45 -20
-45 -20
-45 -20
-45 -20
-45 -20
-45 -20
-45 -20
-45 -20
-45 -20
-45 -20
-45 -20
-45 -20
-45 -20
-45 -20
-45 -20
-45 -20
-45 -20
-45 -20
-45 -20
-45 -20
-45 -20
-45 -20
-45 -20
-45 -20
-45 -20
-45 -20
-45 -20
-45 -20
-45 -20
-45 -20
-45 -20
-45 -20
-45 -20
-45 -20
-45 -20
-45 -20
-45 -20
-45 -20
-45 -20
-45 -20
-45 -20
-45 -20
-45 -20
-42 -16
-42 -16
-42 -16
-42 -16
-42 -16
-42 -16
-42 -16
-42 -16
-42 -16
-42 -16
-42 -16
-42 -16
-42 -16
-42 -16
-42 -16
-42 -16
-42 -16
-42 -16
-42 -16
-42 -16
-42 -16
-42 -16
-42 -16
-42 -16
-42 -16
-42 -16
-42 -16
-42 -16
-42 -16
-42 -16
-42 -16
-42 -16
-42 -16
-42 -16
-42 -16
-42 -16
-42 -16
-42 -16
-42 -16
-42 -16
-42 -16
-42 -16
-42 -16
-42 -16
-42 -16
-42 -16
-42 -16
-42 -16
-43 -15
-43 -15
-43 -15
-43 -15
-43 -15
-43 -15
-43 -15
-43 -15
-43 -15
-43 -15
-43 -15
-43 -15
-43 -15
-43 -15
-43 -15
-43 -15
-43 -15
-43 -15
-43 -15
-43 -15
-43 -15
-43 -15
-43 -15
-43 -15
-43 -15
-43 -15
-49 -16
-49 -16
-49 -16
-49 -16
-49 -16
-49 -16
-49 -16
-49 -16
-49 -16
-49 -16
-49 -16
-49 -16
-49 -16
-49 -16
-49 -16
-49 -16
-49 -16
-49 -16
-49 -16
-49 -16
-49 -16
-49 -16
-49 -16
-49 -16
-53 -17
-53 -17
-53 -17
-53 -17
-53 -17
-53 -17
-53 -17
-53 -17
-53 -17
-53 -17
-53 -17
-53 -17
-53 -17
-53 -17
-53 -17
-53 -17
-53 -17
-53 -17
-53 -17
-53 -17
-53 -17
-53 -17
-53 -17
-53 -17
-47 -14
-47 -14
-47 -14
-47 -14
-47 -14
-47 -14
-47 -14
-47 -14
-47 -14
-47 -14
-47 -14
-47 -14
-47 -14
-47 -14
-47 -14
-47 -14
-47 -14
-47 -14
-47 -14
-47 -14
-47 -14
-47 -14
-47 -14
-47 -14
-47 -14
-47 -14
-47 -14
-47 -14
-47 -14
-47 -14
-47 -14
-47 -14
-47 -14
-47 -14
-47 -14
-47 -14
-47 -14
-47 -14
-47 -14
-47 -14
-47 -14
-47 -14
-47 -14
-47 -14
-47 -14
-47 -14
-51 -15
-51 -15
-51 -15
-51 -15
-51 -15
-51 -15
-51 -15
-51 -15
-51 -15
-51 -15
-51 -15
-51 -15
-51 -15
-51 -15
-51 -15
-51 -15
-51 -15
-51 -15
-51 -15
-51 -15
-51 -15
-51 -15
-51 -15
-51 -15
-51 -15
-51 -15
-51 -15
-51 -15
-51 -15
-51 -15
-51 -15
-51 -15
-51 -15
-51 -15
-51 -15
-51 -15
-51 -15
-51 -15
-51 -15
-47 -5
-47 -5
-47 -5
-47 -5
-47 -5
-47 -5
-47 -5
-47 -5
-47 -5
-47 -5
-47 -5
-47 -5
-47 -5
-48 -9
-48 -9
-48 -9
-48 -9
-48 -9
-48 -9
-48 -9
-48 -9
-48 -9
-48 -9
-48 -9
-48 -9
-48 -9
-48 -9
-48 -9
-48 -9
-48 -9
-44 -3
-44 -3
-44 -3
-44 -3
-44 -3
-44 -3
-44 -3
-44 -3
-44 -3
-44 -3
-44 -3
-44 -3
-44 -3
-44 -3
-44 -3
-44 -3
-44 -3
-44 -3
-44 -3
-44 -3
-47 -2
-47 -2
-47 -2
-47 -2
-47 -2
-47 -2
-47 -2
-47 -2
-47 -2
-47 -2
-47 -2
-47 -2
-47 -2
-47 -2
-47 -2
-47 -2
-47 -2
-47 -2
-47 -2
-47 -2
-47 -2
-47 -2
-47 -2
-47 -2
-47 -2
-47 -2
-47 -2
-47 -2
-47 -2
-47 -2
-47 -2
-47 -2
-47 -2
-47 -2
-47 -2
-47 -2
-47 -2
-47 -2
-47 -2
-47 -2
-47 -2
-47 -2
-47 -2
-47 -2
-47 -2
-47 -2
-47 -2
-47 -2
-47 -2
-47 -2
-47 -2
-47 -2
-47 -2
-47 -2
-47 -2
-47 -2
-47 -2
-47 -2
-47 -2
-47 -2
-47 -2
-47 -2
-47 -2
-47 -2
-47 -2
-46 -2
-46 -2
-50 -5
-50 -5
-50 -5
-50 -5
-50 -5
-50 -5
-50 -5
-50 -5
-50 -5
-50 -5
-50 -5
-50 -5
-50 -5
-50 -5
-50 -5
-50 -5
-50 -5
-50 -5
-50 -5
-50 -5
-50 -5
-50 -5
-50 -5
-50 -5
-50 -5
-50 -5
-50 -5
-50 -5
-50 -5
-50 -5
-50 -5
-50 -5
-51 2
-51 2
-51 2
-51 2
-51 2
-51 2
-51 2
-51 2
-51 2
-51 2
-51 2
-51 2
-51 2
-51 2
-51 2
-51 2
-51 2
-51 2
-51 2
-51 2
-51 2
-51 2
-51 2
-51 2
-51 2
-51 2
-51 2
-51 2
-51 2
-51 2
-51 2
-51 2
-51 2
-51 2
-51 2
-51 2
-51 2
-51 2
-51 2
-51 2
-51 2
-51 2
-51 2
-51 2
-51 2
-54 3
-50 -1
-50 -1
-50 -1
-50 -1
-50 -1
-50 -1
-50 -1
-50 -1
-50 -1
-50 -1
-50 -1
-50 -1
-50 -1
-50 -1
-50 -1
-50 -1
-50 -1
-50 -1
-50 -1
-50 -1
-50 -1
-50 -1
-50 -1
-50 -1
-50 -1
-50 -1
-50 -1
-50 -1
-50 -1
-50 -1
-50 -1
-50 -1
-50 -1
-50 -1
-50 -1
-50 -1
-50 -1
-50 -1
-50 -1
-50 -1
-50 -1
-50 -1
-48 -5
-48 -5
-48 -5
-48 -5
-48 -5
-48 -5
-48 -5
-48 -5
-48 -5
-48 -5
-48 -5
-48 -5
-48 -5
-48 -5
-48 -5
-48 -5
-48 -5
-48 -5
-48 -5
-48 -5
-48 -5
-48 -5
-47 1
-47 1
-47 1
-47 1
-47 1
-47 1
-47 1
-47 1
-47 1
-47 1
-47 1
-47 1
-47 1
-47 1
-47 1
-47 1
-47 1
-47 1
-47 1
-47 1
-47 1
-47 1
-47 1
-47 1
-47 1
-47 1
-47 1
-47 1
-47 1
-47 1
-47 1
-47 1
-47 1
-47 1
-47 1
-47 1
-47 1
-47 1
-47 1
-47 1
-47 1
-47 1
-47 1
-47 1
-47 1
-47 1
-47 1
-47 1
-47 1
-48 0
-48 0
-48 0
-48 0
-48 0
-48 0
-48 0
-48 0
-48 0
-48 0
-48 0
-48 0
-48 0
-48 0
-48 0
-48 0
-48 0
-48 0
-48 0
-49 -3
-49 -3
-49 -3
-49 -3
-49 -3
-49 -3
-49 -3
-49 -3
-49 -3
-49 -3
-49 -3
-49 -3
-49 -3
-49 -3
-49 -3
-49 -3
-49 -3
-49 -3
-49 -3
-49 -3
-49 -3
-49 -3
-49 -3
-49 -3
-49 -3
-49 -3
-49 -3
-49 -3
-49 -3
-49 -3
-49 -3
-49 -3
-49 -3
-49 -3
-49 -3
-49 -3
-49 -3
-49 -3
-49 -3
-49 -3
-49 -3
-49 -3
-48 0
-48 0
-48 0
-48 0
-48 0
-48 0
-48 0
-48 0
-48 0
-48 0
-48 0
-48 0
-48 0
-48 0
-48 0
-48 0
-48 0
-48 0
-48 0
-45 4
-45 4
-45 4
-45 4
-45 4
-45 4
-45 4
-45 4
-45 4
-45 4
-45 4
-45 4
-45 4
-48 3
-48 3
-48 3
-48 3
-48 3
-48 3
-48 3
-48 3
-48 3
-48 3
-48 3
-48 3
-48 3
-48 3
-48 3
-48 3
-48 3
-48 3
-49 7
-49 7
-49 7
-49 7
-49 7
-49 7
-49 7
-49 7
-49 7
-49 7
-49 7
-49 7
-49 7
-49 7
-49 7
-49 7
-49 7
-49 7
-49 7
-49 7
-49 7
-49 7
-49 7
-49 7
-49 7
-49 7
-49 7
-49 7
-49 7
-49 7
-49 7
-49 7
-49 7
-49 7
-49 7
-44 2
-44 2
-44 2
-44 2
-44 2
-44 2
-44 2
-44 2
-44 2
-44 2
-44 2
-44 2
-44 2
-44 2
-44 2
-44 2
-44 2
-44 2
-44 2
-44 2
-44 2
-44 2
-44 2
-44 2
-44 2
-44 2
-44 2
-44 2
-44 2
-44 2
-44 2
-44 2
-44 2
-44 2
-44 2
-44 2
-44 2
-44 2
-44 2
-44 2
-44 2
-44 -2
-44 -2
-44 -2
-44 -2
-44 -2
-44 -2
-44 -2
-44 -2
-44 -2
-44 -2
-44 -2
-44 -2
-44 -2
-44 -2
-44 -2
-44 -2
-44 -2
-44 -2
-44 -2
-44 -2
-44 -2
-44 -2
-46 -1
-46 -1
-46 -1
-46 -1
-46 -1
-46 -1
-46 -1
-46 -1
-46 -1
-46 -1
-46 -1
-46 -1
-46 -1
-46 -1
-46 -1
-46 -1
-46 -1
-46 -1
-42 0
-42 0
-42 0
-42 0
-42 0
-42 0
-42 0
-42 0
-42 0
-42 0
-42 0
-42 0
-42 0
-42 0
-42 0
-44 2
-44 2
-44 2
-44 2
-44 2
-44 2
-44 2
-44 2
-44 2
-44 2
-44 2
-44 2
-44 2
-44 2
-44 2
-44 2
-44 2
-44 2
-44 2
-44 2
-44 2
-44 2
-44 2
-44 2
-44 2
-44 2
-44 2
-44 2
-44 2
-44 2
-44 2
-44 2
-44 2
-44 2
-44 2
-44 2
-44 2
-44 2
-44 2
-44 2
-44 2
-44 2
-44 2
-44 2
-44 2
-44 2
-44 2
-44 2
-44 2
-44 2
-44 2
-44 2
-44 2
-44 2
-44 2
-44 2
-44 2
-44 2
-44 2
-44 1
-42 1
-42 1
-42 1
-42 1
-42 1
-42 1
-42 1
-42 1
-42 1
-42 1
-42 1
-42 1
-42 1
-42 1
-42 1
-42 1
-42 1
-42 1
-42 1
-42 1
-42 1
-42 1
-42 1
-42 1
-42 1
-42 1
-42 1
-42 1
-42 1
-42 1
-42 1
-42 1
-42 1
-42 1
-42 1
-42 1
-42 1
-42 1
-42 1
-42 1
-42 1
-42 1
-42 1
-42 1
-42 1
-44 5
-44 5
-44 5
-44 5
-44 5
-44 5
-44 5
-44 5
-44 5
-44 5
-44 5
-44 5
-44 5
-42 6
-42 6
-42 6
-42 6
-42 6
-42 6
-42 6
-42 6
-42 6
-42 6
-42 6
-42 6
-42 6
-42 6
-42 6
-42 6
-42 6
-42 6
-42 6
-42 6
-42 6
-42 6
-42 6
-42 6
-42 6
-42 6
-42 6
-42 6
-42 6
-42 6
-42 6
-42 6
-42 6
-42 6
-42 6
-42 6
-42 6
-42 6
-42 6
-42 6
-42 6
-42 6
-42 6
-42 6
-42 6
-42 6
-42 6
-42 6
-42 6
-42 6
-42 6
-42 6
-42 6
-42 6
-42 6
-50 7
-50 7
-50 7
-50 7
-50 7
-50 7
-50 7
-50 7
-50 7
-50 7
-50 7
-50 7
-50 7
-50 7
-50 7
-50 7
-50 7
-50 7
-50 7
-50 7
-50 7
-50 7
-50 7
-50 7
-50 7
-50 7
-51 7
-51 7
-51 7
-51 7
-51 7
-51 7
-51 7
-51 7
-51 7
-51 7
-51 7
-51 7
-51 7
-51 7
-51 7
-51 7
-51 7
-51 7
-51 7
-51 7
-51 7
-51 7
-51 7
-51 7
-51 7
-51 7
-51 7
-51 7
-51 7
-51 7
-51 7
-51 7
-51 7
-51 7
-51 7
-44 9
-49 6
-49 6
-49 6
-49 6
-49 6
-49 6
-49 6
-49 6
-49 6
-49 6
-49 6
-49 6
-49 6
-49 6
-49 6
-49 6
-49 6
-49 6
-49 6
-49 6
-49 6
-49 6
-49 6
-38 6
-38 6
-38 6
-38 6
-38 6
-38 6
-38 6
-38 6
-38 6
-38 6
-38 6
-38 6
-38 6
-38 6
-38 6
-38 6
-38 6
-38 6
-38 6
-38 6
-38 6
-38 6
-38 6
-38 6
-38 6
-38 6
-38 6
-38 6
-38 6
-38 6
-38 6
-38 6
-38 6
-38 6
-50 5
-50 5
-50 5
-50 5
-50 5
-50 5
-50 5
-50 5
-50 5
-50 5
-50 5
-50 5
-50 5
-50 5
-50 5
-50 5
-50 5
-50 5
-50 5
-50 5
-50 5
-50 5
-50 5
-50 5
-50 5
-50 5
-50 5
-50 5
-50 5
-50 5
-50 5
-50 5
-50 5
-50 5
-46 10
-48 6
-48 6
-48 6
-48 6
-48 6
-48 6
-48 6
-48 6
-48 6
-48 6
-48 6
-48 6
-48 6
-48 6
-48 6
-48 6
-48 6
-48 6
-48 6
-48 6
-48 6
-48 6
-48 6
-48 6
-48 6
-48 6
-48 6
-48 6
-48 6
-48 6
-44 13
-44 13
-44 13
-44 13
-44 13
-44 13
-44 13
-44 13
-44 13
-44 13
-44 13
-44 13
-44 13
-44 13
-44 13
-44 13
-44 13
-44 13
-44 13
-44 13
-44 13
-44 13
-44 13
-44 13
-44 13
-44 13
-44 13
-44 13
-44 13
-44 13
-44 13
-43 2
-43 2
-43 2
-43 2
-43 2
-43 2
-43 2
-43 2
-43 2
-43 2
-43 2
-43 2
-43 2
-43 2
-41 2
-41 2
-41 2
-41 2
-41 2
-41 2
-41 2
-41 2
-41 2
-41 2
-41 2
-41 2
-41 2
-41 2
-41 2
-41 2
-41 2
-41 2
-41 2
-41 2
-41 2
-41 2
-41 2
-41 2
-41 2
-41 2
-41 2
-41 2
-41 2
-41 2
-41 2
-33 0
-33 0
-33 0
-33 0
-33 0
-33 0
-33 0
-33 0
-33 0
-33 0
-33 0
-33 0
-33 0
-33 0
-33 0
-33 0
-33 0
-33 0
-33 0
-33 0
-33 0
-33 0
-33 0
-33 0
-33 0
-33 0
-33 0
-33 0
-33 0
-33 0
-33 0
-33 0
-31 6
-26 3
-26 3
-26 3
-26 3
-26 3
-26 3
-26 3
-26 3
-26 3
-26 3
-26 3
-26 3
-26 3
-26 3
-26 3
-26 3
-26 3
-26 3
-26 3
-26 3
-26 3
-26 3
-26 3
-26 3
-26 3
-33 8
-33 8
-33 8
-33 8
-33 8
-33 8
-33 8
-33 8
-33 8
-32 10
-32 10
-32 10
-32 10
-32 10
-32 10
-32 10
-32 10
-32 10
-32 10
-32 10
-32 10
-32 10
-32 10
-32 10
-32 10
-32 10
-32 10
-32 10
-32 10
-32 10
-32 10
-32 10
-32 10
-32 10
-32 10
-32 10
-32 10
-32 10
-32 10
-32 10
-32 10
-32 10
-32 10
-32 10
-32 10
-32 10
-32 10
-32 10
-32 10
-32 10
-32 10
-32 10
-24 14
-24 14
-35 9
-35 9
-35 9
-35 9
-35 9
-35 9
-35 9
-35 9
-35 9
-35 9
-35 9
-35 9
-35 9
-35 9
-35 9
-36 13
-36 13
-36 13
-36 13
-36 13
-36 13
-36 13
-36 13
-36 13
-36 13
-36 13
-36 13
-36 13
-36 13
-36 13
-36 13
-36 13
-36 13
-29 10
-29 10
-29 10
-29 10
-29 10
-29 10
-29 10
-29 10
-29 10
-29 10
-43 16
-43 16
-43 16
-43 16
-43 16
-43 16
-43 16
-43 16
-43 16
-43 16
-43 16
-43 16
-43 16
-43 16
-43 16
-43 16
-43 16
-43 16
-43 16
-43 16
-43 16
-43 16
-43 16
-43 16
-43 16
-43 16
-43 16
-43 16
-35 16
-35 16
-35 16
-35 16
-35 16
-35 16
-35 16
-35 16
-35 16
-35 16
-35 16
-35 16
-35 16
-35 16
-35 16
-35 16
-35 16
-35 16
-35 16
-35 16
-35 16
-35 16
-35 16
-35 16
-35 16
-35 16
-35 16
-35 16
-35 16
-35 16
-35 16
-35 16
-35 16
-35 16
-35 16
-35 16
-35 16
-35 16
-35 16
-35 16
-35 16
-35 16
-30 13
-30 15
-30 15
-30 15
-30 15
-30 15
-30 15
-30 15
-30 15
-30 15
-29 13
-29 13
-29 13
-29 13
-29 13
-29 13
-29 13
-29 13
-29 13
-29 13
-29 13
-29 13
-29 13
-29 13
-29 13
-29 13
-29 13
-29 13
-29 13
-29 13
-29 13
-29 13
-29 13
-29 13
-29 13
-29 13
-29 13
-29 13
-29 13
-29 13
-29 13
-29 13
-29 13
-29 13
-29 13
-29 13
-36 16
-36 16
-36 16
-36 16
-36 16
-36 16
-36 16
-36 16
-36 16
-36 16
-36 16
-36 16
-36 16
-36 16
-36 16
-36 16
-36 16
-36 16
-36 16
-36 16
-36 16
-36 16
-36 16
-36 16
-36 16
-36 16
-36 16
-36 16
-36 16
-37 24
-33 15
-33 15
-33 15
-33 15
-33 15
-33 15
-33 15
-33 15
-33 15
-33 15
-33 15
-33 15
-33 15
-33 15
-33 15
-33 15
-33 15
-33 15
-33 15
-29 16
-29 16
-29 16
-29 16
-29 16
-29 16
-29 16
-29 16
-29 16
-29 16
-29 16
-29 16
-29 16
-29 16
-29 16
-29 16
-29 16
-29 16
-29 16
-29 16
-29 16
-29 16
-29 16
-29 16
-29 16
-29 16
-29 16
-29 16
-29 16
-29 16
-29 16
-29 16
-29 16
-29 16
-29 16
-29 16
-29 16
-30 20
-30 20
-33 24
-33 24
-33 24
-33 24
-33 24
-33 24
-33 24
-33 24
-33 24
-33 24
-33 24
-33 24
-33 24
-33 24
-33 24
-33 24
-33 24
-33 24
-33 24
-33 24
-33 24
-33 24
-33 24
-33 24
-33 24
-33 24
-33 24
-33 24
-24 25
-24 25
-24 25
-24 25
-24 25
-24 25
-24 25
-24 25
-24 25
-24 25
-24 25
-24 25
-24 25
-24 25
-24 25
-24 25
-24 25
-24 25
-24 25
-24 25
-24 25
-24 25
-24 25
-24 25
-24 25
-24 25
-24 25
-24 25
-24 25
-24 25
-24 25
-32 26
-32 26
-32 26
-32 26
-32 26
-32 26
-32 26
-32 26
-32 26
-32 26
-32 26
-32 26
-32 26
-32 26
-32 26
-32 26
-32 26
-32 26
-32 26
-32 26
-32 26
-32 26
-32 26
-32 26
-32 26
-32 26
-32 26
-32 26
-32 26
-26 22
-26 22
-26 22
-26 22
-26 22
-26 22
-26 22
-26 22
-26 22
-26 22
-26 22
-26 22
-26 22
-26 22
-26 22
-26 22
-26 22
-26 22
-26 22
-26 22
-26 22
-26 22
-26 22
-26 22
-26 22
-26 22
-26 22
-26 22
-26 22
-26 22
-26 22
-15 24
-15 24
-15 24
-15 24
-15 24
-15 24
-15 24
-15 24
-15 24
-15 24
-15 24
-15 24
-15 24
-15 24
-28 27
-28 27
-28 27
-28 27
-28 27
-28 27
-28 27
-28 27
-28 27
-28 27
-28 27
-28 27
-28 27
-28 27
-28 27
-28 27
-28 27
-28 27
-28 27
-28 27
-28 27
-28 27
-28 27
-28 27
-28 27
-28 27
-28 27
-28 27
-28 27
-28 27
-28 27
-28 27
-28 27
-28 27
-28 27
-28 27
-28 27
-28 33
-28 33
-28 33
-28 33
-28 33
-28 33
-28 33
-28 33
-28 33
-28 33
-28 33
-28 33
-28 33
-28 33
-28 33
-28 33
-28 33
-28 33
-28 33
-28 33
-28 33
-28 33
-28 33
-28 33
-28 33
-28 33
-28 33
-28 33
-28 33
-28 33
-28 33
-28 33
-28 33
-28 33
-28 33
-28 33
-28 33
-28 33
-28 33
-28 33
-28 31
-28 31
-28 31
-28 31
-28 31
-28 31
-28 31
-28 31
-28 31
-28 31
-28 31
-28 31
-28 31
-28 31
-28 31
-28 31
-28 31
-28 31
-28 31
-28 31
-28 31
-28 31
-28 31
-28 31
-28 31
-28 31
-28 31
-28 31
-28 31
-28 31
-28 31
-28 31
-28 31
-28 31
-28 31
-28 31
-28 31
-28 31
-28 31
-20 34
-19 39
-19 39
-19 39
-19 39
-19 39
-19 39
-19 39
-19 39
-19 39
-19 39
-19 33
-19 33
-19 33
-19 33
-19 33
-19 33
-19 33
-19 33
-19 33
-19 33
-19 33
-15 38
-15 38
-15 38
-15 38
-15 38
-15 38
-15 38
-15 38
-15 38
-15 38
-15 38
-15 38
-15 38
-15 38
-15 38
-15 38
-15 38
-15 38
-15 38
-15 38
-15 38
-15 38
-15 38
-15 38
-15 38
-15 38
-15 38
-15 38
-15 38
-15 38
-15 38
-15 38
-15 38
-15 38
-15 38
-15 38
-17 35
-17 35
-17 35
-17 35
-17 35
-17 35
-17 35
-17 35
-17 35
-17 35
-17 35
-17 35
-17 35
-17 35
-17 35
-17 35
-17 35
-17 35
-17 35
-17 35
-17 35
-17 35
-17 35
-17 35
-17 35
-17 35
-17 35
-17 35
-17 35
-17 35
-17 35
-17 35
-17 35
-17 35
-16 39
-18 49
-18 49
-18 49
-18 49
-18 49
-18 49
-18 49
-18 49
-18 49
-18 49
-18 49
-18 49
-18 49
-18 49
-18 49
-18 49
-18 49
-18 49
-18 49
-18 49
-18 49
-18 49
-18 49
-18 49
-13 42
-13 42
-13 42
-13 42
-13 42
-13 42
-13 42
-13 42
-13 42
-13 42
-13 42
-13 42
-13 42
-13 42
-13 42
-13 42
-13 42
-13 42
-13 42
-13 42
-13 42
-13 42
-13 42
-13 42
-13 42
-13 42
-13 42
-13 42
-13 42
-13 42
-13 42
-13 42
-13 42
-13 52
-13 52
-8 49
-8 49
-8 49
-8 49
-8 49
-8 49
-8 49
-8 49
-8 49
-8 49
-8 49
-8 49
-8 49
-8 49
-8 49
-8 49
-8 49
-8 49
-8 49
-8 49
-8 49
-8 49
-8 49
-8 49
-8 49
-8 49
-8 49
-8 49
-8 49
-8 49
-8 49
-8 49
-8 49
-8 49
-8 49
-8 49
-8 49
-8 49
-8 49
-8 49
-8 49
-8 49
-8 49
-8 49
-8 49
-8 49
-8 49
-8 51
-9 45
-9 45
-9 45
-9 45
-9 45
-9 45
-9 45
-9 45
-9 45
-9 45
-9 45
-9 45
-9 45
-9 45
-9 45
-9 45
-9 45
-9 45
-9 45
-9 45
-9 45
-9 45
-9 45
-9 45
-9 45
-9 45
-9 45
-9 45
-9 45
-5 49
-5 49
-5 49
-5 49
-5 49
-5 49
-5 49
-5 49
-5 49
-5 49
-5 49
-5 49
-5 49
-5 49
-5 49
-5 49
-5 49
-5 49
-5 49
-5 49
-5 49
-5 49
-5 49
-5 49
-5 49
-5 49
-5 49
-5 49
-5 49
-5 49
-5 49
-5 49
-5 49
-5 49
-5 49
-5 49
-5 49
-5 49
-5 49
-5 49
-3 54
-3 54
-3 54
-3 54
-3 54
-3 54
-3 54
-3 54
-3 54
-3 54
-3 54
-3 54
-3 54
-3 54
-3 54
-3 54
-3 54
-3 54
-3 54
-3 54
-3 54
-3 54
-3 54
-3 54
-3 54
-3 54
-3 54
-3 54
-3 54
-3 54
-3 54
-3 54
-3 54
-3 54
-3 54
-3 54
-3 54
-3 54
-3 54
-3 54
-3 54
-3 53
-3 53
-3 53
-3 53
-3 53
-3 53
-3 53
-3 53
-3 53
-3 53
-3 53
-3 53
-3 53
-3 53
-3 53
-3 53
-3 53
-5 60
-5 60
-5 60
-5 60
-5 60
-5 60
-5 60
-5 60
-5 60
-5 60
-5 60
-5 60
-5 60
-5 60
-5 60
-5 60
-5 60
-5 60
-5 60
-5 60
-5 60
-5 60
-5 60
-5 60
-5 60
-5 60
-5 60
-5 60
-5 60
-5 60
-5 60
-5 60
-5 60
-5 60
-5 60
-5 60
-5 60
-5 60
-5 60
-5 60
-5 60
-5 60
-5 60
-5 60
-5 60
-5 60
-5 60
-5 60
-5 60
-5 60
-5 60
-5 60
-5 60
-5 60
-5 60
-5 60
-5 60
-5 60
-5 60
-2 50
-2 50
-2 50
-2 50
-2 50
-2 50
-2 50
-2 50
-2 50
-2 50
-2 50
-2 50
-2 50
-2 50
-2 50
-2 50
-2 50
-2 50
-2 50
-2 50
-2 50
-2 50
-2 50
-2 50
-2 50
-2 50
-2 50
-1 52
-1 52
-1 52
-1 52
-1 52
-1 52
-1 52
-1 52
-1 52
-1 52
-1 52
-1 52
-3 48
-3 48
-3 48
-3 48
-3 48
-3 48
-3 48
-3 48
-3 48
-3 48
2 51
2 51
2 51
2 51
2 51
2 51
2 51
2 51
2 51
2 51
2 51
2 51
2 51
2 51
1 53
1 53
1 53
1 53
1 53
1 53
1 53
1 53
1 53
1 53
1 53
1 53
1 53
1 53
1 53
1 53
1 53
1 53
1 53
1 53
1 53
1 53
1 53
1 53
1 53
1 53
1 53
1 53
1 53
1 53
1 53
1 53
1 53
2 53
2 53
2 53
2 53
2 53
2 53
2 53
2 53
2 53
2 53
2 53
2 53
2 53
2 53
2 53
2 53
2 53
2 53
2 53
2 53
2 53
2 53
2 53
2 53
2 53
2 53
2 53
2 53
2 53
2 53
2 53
3 51
3 51
3 51
3 51
3 51
3 51
3 51
3 51
3 51
3 51
3 51
3 51
3 51
3 51
3 51
6 49
6 49
6 49
6 49
6 49
6 49
6 49
6 49
6 49
6 49
6 49
6 49
6 49
6 49
6 49
6 49
6 46
6 46
6 46
6 46
6 46
6 46
6 46
6 46
6 46
6 46
6 46
6 46
6 46
6 46
6 46
6 46
6 46
6 46
6 46
6 46
6 46
6 46
6 46
6 46
6 46
6 46
6 46
6 46
6 46
6 46
6 46
6 46
6 46
6 46
6 46
6 46
6 42
6 42
6 42
6 42
6 42
6 42
6 42
6 42
6 42
6 42
6 42
6 42
6 42
6 42
6 42
6 42
6 42
6 42
6 42
6 42
6 42
6 42
6 42
6 42
6 42
6 42
6 42
6 42
6 42
6 42
13 38
13 38
9 43
9 43
9 43
9 43
9 43
9 43
9 43
9 43
9 43
9 43
9 43
9 43
9 43
9 43
9 43
9 43
9 43
9 43
9 43
9 43
9 43
9 43
9 43
9 43
9 43
9 43
9 43
9 43
9 43
7 36
7 36
7 36
7 36
7 36
7 36
7 36
7 36
7 36
7 36
7 36
7 36
7 36
7 36
7 36
7 36
7 36
7 36
7 36
7 36
7 36
7 36
7 36
7 36
7 36
7 36
7 36
12 33
13 25
13 25
13 25
13 25
13 25
13 25
13 25
13 25
13 25
13 25
13 25
13 25
13 25
13 25
13 25
13 25
13 25
13 25
13 25
13 25
13 25
13 25
13 25
13 25
13 25
13 25
13 25
13 25
13 25
13 25
13 25
13 25
13 25
13 25
13 25
13 25
13 25
13 25
13 25
13 25
13 25
13 25
13 25
13 25
16 28
16 28
16 28
16 28
16 28
16 28
16 28
16 28
16 28
16 28
16 28
16 28
16 28
16 28
16 28
16 28
16 28
16 28
16 28
16 28
16 28
16 28
16 28
16 28
16 28
16 28
16 28
16 28
16 28
16 28
16 28
16 28
16 28
16 28
16 28
16 28
16 28
16 28
16 28
16 28
16 28
16 28
16 28
16 28
16 28
16 28
16 28
23 31
19 30
19 30
19 30
19 30
19 30
19 30
19 30
19 30
19 30
19 30
19 30
19 30
19 30
19 30
19 30
19 30
19 30
19 30
19 30
19 30
19 30
19 30
19 30
19 30
19 30
19 30
19 30
19 30
23 27
23 27
23 27
23 27
23 27
23 27
23 27
23 27
23 27
23 27
23 27
23 27
23 27
23 27
23 27
23 27
23 27
23 27
23 27
23 27
23 27
23 27
23 27
23 27
23 27
23 27
23 27
23 27
23 27
23 27
23 27
23 27
23 27
23 27
23 27
23 27
23 27
23 27
23 27
23 27
23 27
23 27
23 27
25 25
25 25
26 23
26 23
26 23
26 23
26 23
26 23
26 23
26 23
26 23
26 23
26 23
26 23
26 23
26 23
26 23
26 23
26 23
26 23
26 23
26 23
26 23
26 23
26 23
26 23
26 23
25 24
25 24
23 26
23 26
23 26
23 26
23 26
23 26
23 26
23 26
23 26
23 26
23 26
23 26
23 26
23 26
23 26
23 26
23 26
23 26
23 26
23 26
23 26
23 26
23 26
23 26
23 26
21 25
21 25
21 25
21 25
21 25
21 25
21 25
21 25
21 25
21 25
21 25
21 25
21 25
21 25
21 25
36 21
36 21
36 21
36 21
36 21
36 21
36 21
36 21
36 21
34 19
34 19
34 19
34 19
34 19
34 19
34 19
34 19
34 19
34 19
34 19
34 19
34 19
32 17
32 17
32 17
32 17
32 17
32 17
32 17
32 17
32 17
32 17
32 17
32 17
32 17
32 17
32 17
32 17
32 17
32 17
32 17
32 17
32 17
32 17
32 17
32 17
32 17
32 17
32 17
32 17
32 17
32 17
32 17
32 17
32 17
32 17
32 17
32 17
32 17
32 17
32 17
32 17
32 17
32 17
32 17
32 17
32 17
32 17
32 17
32 17
32 17
35 18
35 12
35 12
35 12
35 12
35 12
35 12
35 12
35 12
35 12
35 12
35 12
35 12
35 12
35 12
35 12
35 12
35 12
35 12
35 12
35 12
35 12
35 12
35 12
35 12
35 12
35 12
35 12
35 12
38 12
38 12
38 12
38 12
38 12
38 12
38 12
38 12
38 12
38 12
38 12
38 12
38 12
34 6
34 6
34 6
34 6
34 6
34 6
34 6
34 6
34 6
34 6
34 6
34 6
34 6
37 8
37 8
37 8
37 8
37 8
37 8
37 8
37 8
37 8
37 8
37 8
37 8
37 8
37 8
37 8
37 8
37 8
37 8
37 8
37 8
37 8
37 8
37 8
37 8
37 8
37 8
37 8
37 8
37 8
37 8
37 8
37 8
37 8
37 8
37 8
37 8
37 8
37 8
37 8
37 8
37 8
37 8
37 8
37 8
37 8
37 8
37 8
37 8
37 8
36 9
31 10
31 10
31 10
31 10
31 10
31 10
31 10
31 10
31 10
31 10
31 10
31 10
31 10
31 10
31 10
31 10
31 10
31 10
31 10
31 10
31 10
31 10
31 10
31 10
31 10
31 10
31 10
36 3
36 3
36 3
36 3
36 3
36 3
36 3
36 3
36 3
36 3
36 3
36 3
36 3
36 3
39 3
39 3
39 3
39 3
39 3
39 3
39 3
39 3
39 3
39 3
39 3
39 3
39 3
39 3
39 3
39 3
39 3
39 3
39 3
39 3
39 3
39 3
39 3
39 3
39 3
39 3
39 3
39 3
39 3
39 3
39 3
43 5
43 5
43 5
43 5
43 5
43 5
43 5
43 5
43 5
43 5
43 5
43 5
43 5
43 5
41 1
41 1
41 1
41 1
41 1
41 1
41 1
41 1
41 1
41 1
41 1
41 1
41 1
41 1
41 1
41 1
41 1
41 1
41 1
41 1
41 1
41 1
41 1
41 1
41 1
41 1
41 1
41 1
41 1
41 1
41 1
41 1
41 1
41 -1
41 -1
40 -4
40 -4
40 -4
40 -4
40 -4
40 -4
40 -4
40 -4
40 -4
40 -4
40 -4
40 -4
40 -4
40 -4
40 -4
40 -4
40 -4
40 -4
40 -4
40 -4
40 -4
40 -4
40 -4
40 -4
40 -4
40 -4
38 3
38 3
38 3
38 3
38 3
38 3
38 3
38 3
38 3
38 3
38 3
38 3
38 3
38 3
38 3
38 3
38 3
38 3
38 3
38 3
38 3
38 3
38 3
38 3
38 3
38 3
38 3
38 3
38 3
38 3
38 3
38 3
38 3
38 3
38 3
38 3
38 3
38 3
39 2
39 2
39 2
39 2
39 2
39 2
39 2
39 2
39 2
39 2
39 2
39 2
39 2
39 2
39 2
39 2
39 2
43 -2
43 -2
43 -2
43 -2
43 -2
43 -2
43 -2
43 -2
43 -2
43 -2
43 -2
43 -2
43 -2
43 -2
43 -2
43 -2
43 -2
43 -2
43 -2
43 -2
43 -2
43 -2
43 -2
43 -2
43 -2
43 -2
43 -2
43 -2
43 -2
43 -2
43 -2
43 -2
43 -2
43 -2
43 -2
43 -2
43 -2
43 -2
43 -2
43 -2
43 -2
43 -2
43 -2
43 -2
43 -2
43 -2
43 -2
43 -2
43 -2
43 -2
43 -2
43 -2
43 -2
43 -2
43 -2
43 -2
43 -2
43 -2
43 -2
43 -2
43 -2
43 -2
43 -2
43 -2
43 -2
43 -2
43 -2
43 -2
43 -2
43 -2
43 -2
43 -2
43 -2
43 -2
43 -2
43 -2
43 -2
43 -2
43 -2
43 -2
37 1
46 -1
46 -1
46 -1
46 -1
46 -1
46 -1
46 -1
46 -1
46 -1
46 -1
46 -1
46 -1
46 -1
46 -1
46 -1
46 -1
46 -1
46 -1
46 -1
46 -1
46 -1
46 -1
46 -1
46 -1
46 -1
46 -1
46 -1
46 -1
46 -1
46 -1
41 3
41 3
41 3
41 3
41 3
41 3
41 3
41 3
41 3
41 3
41 3
41 3
41 3
41 3
41 3
41 3
41 3
44 -4
44 -4
44 -4
44 -4
44 -4
44 -4
44 -4
44 -4
44 -4
44 -4
42 -1
42 -1
42 -1
42 -1
42 -1
42 -1
42 -1
42 -1
42 -1
42 -1
42 -1
42 -1
42 -1
42 -1
42 -1
42 -1
42 -1
42 -1
42 -1
42 -1
42 -1
42 -1
42 -1
42 -1
42 -1
42 -1
42 -1
42 -1
42 -1
42 -1
42 -1
42 -1
42 -1
42 -1
42 -1
42 -1
42 -1
42 -1
42 -1
42 -1
42 -1
42 -1
45 -1
45 -1
45 -1
45 -1
45 -1
45 -1
45 -1
45 -1
45 -1
45 -1
45 -1
45 -1
45 -1
45 -1
45 -1
45 -1
45 -1
45 -1
45 -1
45 -1
45 -1
45 -1
45 -1
45 -1
45 -1
45 -1
45 -1
45 -1
45 -1
45 -1
45 -1
45 -1
45 -1
45 -1
45 -1
45 -1
45 -1
45 -1
45 -1
45 -1
44 0
44 0
44 0
44 0
44 0
44 0
44 0
44 0
44 0
44 0
44 0
44 0
44 0
44 0
44 0
44 0
44 0
44 0
44 0
44 0
44 0
44 0
44 0
44 0
44 0
44 0
44 0
44 0
44 0
44 0
44 0
44 0
44 0
44 0
44 0
44 0
44 0
44 0
44 0
39 -1
39 -1
39 -1
39 -1
39 -1
39 -1
39 -1
39 -1
39 -1
39 -1
39 -1
39 -1
39 -1
44 -2
44 -2
44 -2
44 -2
44 -2
44 -2
44 -2
44 -2
44 -2
44 -2
44 -2
44 -2
44 -2
44 -2
44 -2
44 -2
44 -2
44 -2
44 -2
44 -2
42 -2
42 -2
42 -2
42 -2
42 -2
42 -2
42 -2
42 -2
42 -2
42 -2
42 -2
42 -2
42 -2
42 -2
42 -2
42 -2
42 -2
42 -2
42 -2
42 -2
42 -2
42 -2
42 -2
42 -2
42 -2
42 -2
42 -2
42 -2
42 -2
42 -2
42 -2
42 -2
42 -2
42 -2
42 -2
42 -2
42 -2
42 -2
42 -2
42 -2
42 -2
42 -2
42 -2
42 -2
42 -2
42 -2
42 -2
42 -2
42 -2
42 -2
42 -2
42 -2
42 -2
42 -2
42 -2
42 -2
42 -2
42 -2
42 -2
42 -2
42 -2
42 -2
42 -2
42 -2
42 -2
44 0
42 -5
42 -5
42 -5
42 -5
42 -5
42 -5
42 -5
42 -5
42 -5
42 -5
42 -5
42 -5
42 -5
42 -5
42 -5
42 -5
42 -5
42 -5
42 -5
42 -5
42 -5
42 -5
42 -5
42 -5
42 -5
42 -5
42 -5
42 -5
42 -5
42 -5
42 -5
42 -5
42 -5
42 -5
42 -5
42 -5
42 -5
42 -5
42 -5
42 -5
42 -5
42 -5
42 -5
42 -5
42 -5
42 -5
42 -5
42 -5
42 -5
42 -5
38 1
44 -3
44 -3
44 -3
44 -3
44 -3
44 -3
44 -3
44 -3
44 -3
44 -3
44 -3
44 -3
44 -3
44 -3
44 -3
44 -3
44 -3
44 -3
44 -3
44 -3
44 -3
44 -3
44 -3
44 -3
44 -3
44 -3
44 -3
41 0
43 -1
43 -1
43 -1
43 -1
43 -1
43 -1
43 -1
43 -1
43 -1
43 -1
43 -1
43 -1
43 -1
43 -1
43 -1
43 -1
43 -1
43 -1
43 -1
38 -2
38 -2
38 -2
38 -2
38 -2
38 -2
38 -2
38 -2
38 -2
38 -2
38 -2
38 -2
38 -2
38 -2
38 -2
38 -2
38 -2
38 -2
38 -2
38 -2
38 -2
40 0
38 1
38 1
38 1
38 1
38 1
38 1
38 1
38 1
38 1
38 1
38 1
38 1
38 1
38 1
38 1
38 1
38 1
38 1
38 1
38 1
38 1
38 1
38 1
38 1
38 1
38 1
38 1
38 1
38 1
38 1
38 1
38 1
38 1
38 1
38 1
38 1
38 1
38 1
38 1
38 1
38 1
38 1
38 1
38 1
34 1
36 1
36 1
36 1
36 1
36 1
36 1
36 1
36 1
36 1
36 1
36 1
36 1
36 1
36 1
36 1
36 1
36 1
36 1
36 1
36 1
36 1
36 1
36 1
36 1
36 1
36 1
39 1
39 1
39 1
39 1
39 1
39 1
39 1
39 1
39 1
39 1
40 0
40 0
40 0
40 0
40 0
40 0
40 0
40 0
40 0
40 0
40 0
40 0
40 0
40 0
40 0
40 0
40 0
40 0
40 0
40 0
40 0
40 0
40 0
40 0
40 0
40 0
40 0
40 0
40 0
40 0
40 0
40 0
40 0
40 0
47 1
47 1
47 1
47 1
47 1
47 1
47 1
47 1
47 1
47 1
47 1
47 1
47 1
47 1
47 1
47 1
47 1
47 1
47 1
47 1
47 1
47 1
47 1
47 1
47 1
47 1
47 1
47 1
47 1
44 -1
44 -1
44 -1
44 -1
44 -1
44 -1
44 -1
44 -1
44 -1
44 -1
44 -1
44 -1
44 -1
44 -1
44 -1
44 -1
44 0
44 0
44 0
44 0
44 0
44 0
44 0
44 0
44 0
44 0
44 0
44 0
44 0
44 0
44 0
44 0
44 0
44 0
44 0
44 0
44 0
44 0
44 0
44 0
44 0
44 0
44 0
44 0
44 0
46 -1
46 -1
46 -1
46 -1
46 -1
46 -1
46 -1
46 -1
46 -1
46 -1
46 -1
46 -1
46 -1
46 -1
46 -1
46 -1
46 -1
46 -1
46 -1
46 -1
46 -1
46 -1
46 -1
46 -1
46 -1
37 -3
48 -3
48 -3
48 -3
48 -3
48 -3
48 -3
48 -3
48 -3
48 -3
48 -3
48 -3
48 -3
48 -3
48 -3
48 -3
48 -3
48 -3
48 -3
48 -3
48 -3
48 -3
48 -3
48 -3
48 -3
37 -5
37 -5
37 -5
37 -5
37 -5
37 -5
37 -5
37 -5
37 -5
37 -5
37 -5
37 -5
37 -5
37 -5
37 -5
37 -5
37 -5
39 -3
39 -3
39 -3
39 -3
39 -3
39 -3
39 -3
39 -3
39 -3
39 -3
39 -3
39 -3
39 -3
39 -3
39 -3
39 -3
39 -3
39 -3
39 -3
39 -3
39 -3
39 -3
39 -3
39 -3
39 -3
39 -3
39 -3
39 -3
39 -3
39 -3
39 -3
39 -3
39 -3
39 -3
39 -3
39 -3
39 -3
39 -3
39 -3
39 -3
39 -3
39 -3
39 -3
39 -3
39 -3
39 -3
39 -3
39 -3
39 -3
39 -3
39 -3
32 -3
34 -1
34 -1
34 -1
34 -1
34 -1
34 -1
34 -1
34 -1
34 -1
34 -1
34 -1
34 -1
34 -1
34 -1
34 -1
34 -1
34 -1
34 -1
34 -1
34 -1
34 -1
34 -1
34 -1
34 -1
34 -1
34 -1
29 -7
29 -7
29 -7
29 -7
29 -7
29 -7
29 -7
29 -7
29 -7
29 -7
29 -7
29 -7
29 -7
29 -7
29 -7
29 -7
29 -7
29 -7
29 -7
29 -7
29 -7
29 -7
29 -7
29 -7
29 -7
29 -7
29 -7
35 -2
35 -2
35 -2
35 -2
35 -2
35 -2
35 -2
35 -2
35 -2
38 -6
38 -6
38 -6
38 -6
38 -6
38 -6
38 -6
38 -6
38 -6
38 -6
38 -6
38 -6
38 -6
38 -6
38 -6
38 -6
38 -6
38 -6
38 -6
38 -6
38 -6
38 -6
38 -6
38 -6
38 -6
38 -6
38 -6
38 -6
38 -6
38 -6
38 -6
38 -6
38 -6
38 -6
38 -7
38 -7
38 -7
38 -7
38 -7
38 -7
38 -7
38 -7
38 -7
38 -7
38 -7
38 -7
38 -7
38 -7
38 -7
38 -7
38 -7
38 -7
38 -7
38 -7
38 -7
38 -7
38 -7
38 -7
38 -7
38 -7
38 -7
38 -7
38 -7
38 -7
38 -7
38 -7
38 -7
38 -7
38 -7
36 -6
36 -6
31 -4
31 -4
31 -4
31 -4
31 -4
31 -4
31 -4
31 -4
31 -4
31 -4
31 -4
31 -4
31 -4
31 -4
31 -4
31 -4
31 -4
31 -4
31 -4
31 -4
31 -4
31 -4
31 -4
31 -4
31 -4
31 -4
31 -4
31 -4
31 -4
31 -4
31 -4
39 -6
39 -6
39 -6
39 -6
39 -6
39 -6
39 -6
39 -6
39 -6
39 -6
39 -6
39 -6
39 -6
39 -6
39 -6
45 -12
45 -12
45 -12
45 -12
45 -12
45 -12
45 -12
45 -12
45 -12
45 -12
45 -12
45 -12
45 -12
45 -12
45 -12
45 -12
43 -15
43 -15
43 -15
43 -15
43 -15
43 -15
43 -15
43 -15
43 -15
43 -15
43 -15
43 -15
43 -15
43 -15
43 -15
43 -15
43 -15
43 -15
43 -15
43 -15
43 -15
43 -15
43 -15
43 -15
43 -15
43 -15
43 -15
43 -15
43 -15
43 -15
35 -7
35 -7
35 -7
35 -7
35 -7
35 -7
35 -7
35 -7
35 -7
35 -7
35 -7
35 -7
35 -7
35 -7
35 -7
35 -7
35 -7
35 -7
35 -7
35 -7
35 -7
35 -7
35 -7
35 -7
35 -7
35 -7
35 -7
35 -7
35 -7
35 -7
35 -7
35 -7
35 -7
35 -7
35 -7
35 -7
35 -7
36 -10
36 -10
36 -10
36 -10
36 -10
36 -10
36 -10
36 -10
36 -10
36 -10
36 -10
36 -10
36 -10
36 -10
36 -10
36 -10
36 -10
36 -10
36 -10
36 -10
36 -10
36 -10
36 -10
36 -10
36 -10
36 -10
36 -10
36 -10
36 -10
36 -10
36 -10
36 -10
36 -10
36 -10
36 -10
36 -10
36 -10
36 -10
36 -10
36 -10
36 -10
36 -10
36 -10
36 -10
36 -10
36 -10
36 -10
36 -10
36 -10
36 -10
36 -10
36 -10
36 -10
36 -10
36 -10
36 -10
36 -10
36 -10
36 -10
36 -10
36 -10
36 -10
36 -10
36 -10
36 -10
36 -10
36 -10
36 -10
36 -10
36 -10
36 -10
36 -10
36 -10
36 -10
49 -15
39 -15
39 -15
39 -15
39 -15
39 -15
39 -15
39 -15
39 -15
39 -15
39 -15
39 -15
39 -15
36 -16
36 -16
36 -16
36 -16
36 -16
36 -16
36 -16
36 -16
36 -16
36 -16
36 -16
36 -16
36 -16
36 -16
36 -16
36 -16
36 -16
36 -16
36 -16
36 -16
36 -16
36 -16
36 -16
36 -16
36 -16
36 -16
36 -16
36 -16
36 -16
36 -16
36 -16
35 -15
35 -15
35 -15
35 -15
35 -15
35 -15
35 -15
35 -15
35 -15
35 -15
35 -15
35 -15
35 -15
35 -15
35 -15
35 -15
35 -15
35 -15
35 -15
35 -15
35 -15
35 -15
35 -15
35 -15
35 -15
35 -15
43 -29
43 -29
43 -29
43 -29
43 -29
43 -29
43 -29
43 -29
43 -29
43 -29
43 -29
43 -29
43 -29
43 -29
43 -29
47 -30
47 -30
47 -30
47 -30
47 -30
47 -30
47 -30
47 -30
47 -30
47 -30
47 -30
47 -30
47 -30
47 -30
47 -30
47 -30
47 -30
47 -30
47 -30
47 -30
47 -30
47 -30
47 -30
47 -30
47 -30
47 -30
47 -30
38 -26
38 -26
38 -26
38 -26
38 -26
38 -26
38 -26
38 -26
38 -26
38 -26
38 -26
38 -26
38 -26
38 -26
38 -26
38 -26
38 -26
38 -26
38 -26
38 -26
38 -26
38 -26
38 -26
38 -26
38 -26
38 -26
38 -26
38 -26
38 -26
38 -26
38 -26
38 -26
38 -26
38 -26
38 -26
38 -26
38 -26
38 -26
38 -26
38 -26
38 -26
38 -26
38 -26
38 -26
38 -26
38 -26
40 -34
35 -27
35 -27
35 -27
35 -27
35 -27
35 -27
35 -27
35 -27
35 -27
35 -27
35 -27
35 -27
35 -27
35 -27
35 -27
35 -27
35 -27
35 -27
35 -27
35 -27
35 -27
35 -27
35 -27
35 -27
35 -27
38 -36
33 -42
33 -42
33 -42
33 -42
33 -42
33 -42
33 -42
33 -42
33 -42
33 -42
33 -42
33 -42
33 -42
33 -42
33 -42
33 -42
33 -42
33 -42
33 -42
33 -42
33 -42
33 -42
33 -42
33 -42
33 -42
33 -42
33 -42
33 -42
33 -42
33 -42
33 -41
33 -41
33 -41
33 -41
33 -41
33 -41
33 -41
33 -41
33 -41
33 -41
33 -41
33 -41
33 -41
33 -41
33 -41
33 -41
33 -41
33 -41
33 -41
33 -41
33 -41
33 -41
33 -41
33 -41
33 -41
33 -41
33 -41
33 -41
33 -41
33 -41
33 -41
33 -41
19 -36
19 -36
19 -36
19 -36
19 -36
19 -36
19 -36
19 -36
19 -36
19 -36
19 -36
19 -36
19 -36
19 -36
19 -36
19 -36
30 -35
30 -35
30 -35
30 -35
30 -35
30 -35
30 -35
30 -35
30 -35
30 -35
30 -35
30 -35
30 -35
30 -35
30 -35
30 -35
30 -35
30 -35
30 -35
30 -35
30 -35
30 -35
30 -35
30 -35
30 -35
30 -35
30 -35
30 -35
30 -35
30 -35
30 -35
30 -35
30 -35
30 -35
30 -35
30 -35
30 -35
30 -35
30 -35
30 -35
30 -35
30 -35
30 -35
30 -35
30 -35
30 -35
30 -35
30 -35
30 -35
30 -35
21 -42
19 -40
19 -40
19 -40
19 -40
19 -40
19 -40
19 -40
19 -40
19 -40
19 -40
19 -40
19 -40
19 -40
19 -40
19 -40
19 -40
19 -40
19 -40
19 -40
19 -40
19 -40
19 -40
19 -40
19 -40
19 -40
19 -40
19 -40
19 -40
19 -40
19 -40
19 -40
19 -40
19 -40
19 -40
19 -40
19 -40
19 -40
19 -40
19 -40
19 -40
19 -40
19 -40
19 -40
19 -40
19 -40
19 -40
19 -40
19 -40
19 -40
19 -40
19 -40
19 -40
19 -40
19 -40
19 -40
19 -40
19 -40
19 -40
19 -40
19 -40
19 -40
19 -40
14 -50
8 -36
8 -36
8 -36
8 -36
8 -36
8 -36
8 -36
8 -36
8 -36
8 -36
8 -36
8 -36
8 -36
8 -36
8 -36
8 -36
8 -36
8 -36
8 -36
8 -36
8 -36
8 -36
8 -36
8 -36
8 -36
8 -36
8 -36
8 -36
8 -36
8 -36
8 -36
8 -36
8 -36
8 -40
8 -40
8 -40
8 -40
8 -40
8 -40
8 -40
8 -40
8 -40
8 -40
8 -40
8 -40
8 -40
8 -40
8 -40
8 -40
8 -40
8 -40
8 -40
8 -40
3 -43
3 -43
3 -43
3 -43
3 -43
3 -43
3 -43
3 -43
3 -43
3 -43
3 -43
3 -43
3 -43
3 -43
3 -43
3 -43
3 -43
3 -43
3 -43
3 -43
3 -43
3 -43
3 -43
3 -43
3 -43
3 -43
3 -43
3 -43
3 -43
3 -43
3 -43
3 -43
3 -43
3 -43
3 -43
3 -43
3 -43
3 -43
3 -43
3 -43
9 -48
9 -48
9 -48
9 -48
9 -48
9 -48
9 -48
9 -48
9 -48
9 -48
9 -48
9 -48
9 -48
9 -48
9 -48
9 -48
9 -48
9 -48
9 -48
9 -48
9 -48
9 -48
9 -48
9 -48
9 -48
9 -48
9 -48
9 -48
9 -48
9 -48
9 -48
9 -48
9 -48
9 -48
9 -48
9 -48
10 -46
10 -46
10 -46
10 -46
10 -46
10 -46
10 -46
10 -46
10 -46
10 -46
10 -46
10 -46
10 -46
10 -46
10 -46
10 -46
10 -46
10 -46
10 -46
10 -46
10 -46
10 -46
10 -46
10 -46
10 -46
10 -46
10 -46
10 -46
10 -46
10 -46
10 -46
10 -46
10 -46
10 -46
10 -46
10 -46
4 -47
4 -47
4 -47
4 -47
4 -47
4 -47
4 -47
4 -47
4 -47
4 -47
4 -47
4 -47
4 -47
4 -47
4 -47
4 -47
4 -47
4 -47
4 -47
4 -47
4 -47
4 -47
4 -47
4 -47
4 -47
4 -47
4 -47
4 -47
4 -47
4 -47
4 -47
4 -47
4 -47
4 -47
4 -47
4 -47
4 -47
4 -47
4 -47
4 -47
4 -47
4 -47
4 -47
4 -47
4 -47
9 -44
6 -41
6 -41
6 -41
6 -41
6 -41
6 -41
6 -41
6 -41
6 -41
6 -41
6 -41
6 -41
6 -41
6 -41
6 -41
6 -41
6 -41
6 -41
6 -41
6 -41
6 -41
6 -41
6 -41
6 -41
6 -41
6 -41
6 -41
6 -41
6 -41
6 -41
6 -41
6 -41
6 -41
6 -41
6 -41
6 -41
6 -41
6 -41
6 -41
6 -41
6 -41
6 -41
6 -41
6 -41
0 -38
0 -38
0 -38
0 -38
0 -38
0 -38
0 -38
0 -38
0 -38
0 -38
0 -38
0 -38
0 -38
0 -38
0 -38
0 -38
0 -38
0 -38
0 -38
0 -38
0 -38
0 -38
0 -38
0 -38
0 -38
0 -38
0 -38
0 -38
0 -38
0 -38
0 -38
0 -38
0 -38
0 -38
0 -38
0 -38
0 -38
0 -38
0 -38
0 -38
0 -38
0 -38
0 -38
0 -38
0 -38
0 -38
0 -38
0 -38
0 -38
0 -38
0 -38
0 -38
0 -38
0 -38
0 -38
0 -38
0 -38
0 -38
0 -38
0 -38
0 -38
0 -38
0 -38
0 -38
0 -38
0 -38
0 -38
0 -38
1 -29
1 -29
1 -29
1 -29
1 -29
1 -29
1 -29
1 -29
1 -29
1 -29
1 -29
1 -29
1 -29
1 -29
1 -29
-2 -27
-2 -27
-2 -27
-2 -27
-2 -27
-2 -27
-2 -27
-2 -27
-2 -27
-2 -27
-2 -27
-2 -27
-2 -27
-2 -27
-2 -27
-2 -27
-2 -27
-2 -27
-2 -27
-2 -27
-2 -27
-2 -27
-2 -27
3 -27
3 -27
3 -27
3 -27
3 -27
3 -27
3 -27
3 -27
3 -27
3 -27
3 -27
3 -27
3 -27
3 -27
3 -27
3 -27
3 -27
3 -27
3 -27
3 -27
3 -27
3 -27
3 -27
3 -27
3 -27
3 -27
3 -27
3 -27
3 -27
3 -27
3 -27
3 -27
3 -27
3 -27
1 -26
1 -26
1 -26
1 -26
1 -26
1 -26
1 -26
1 -26
1 -26
1 -26
1 -26
1 -26
1 -26
1 -26
1 -26
1 -26
1 -26
1 -26
1 -26
1 -26
1 -26
1 -26
1 -26
1 -26
1 -26
1 -26
1 -26
1 -26
1 -26
1 -26
0 -24
1 -22
1 -22
1 -22
1 -22
1 -22
1 -22
1 -22
1 -22
1 -22
1 -22
1 -22
1 -22
1 -22
1 -22
1 -22
1 -22
1 -22
1 -22
1 -22
1 -22
1 -22
1 -22
1 -22
1 -22
1 -22
1 -22
1 -22
1 -22
1 -22
1 -22
1 -22
1 -22
1 -22
1 -22
1 -22
1 -21
1 -21
1 -21
1 -21
1 -21
1 -21
1 -21
1 -21
1 -21
1 -21
1 -21
1 -21
1 -21
1 -21
1 -21
1 -21
1 -21
1 -21
2 -13
2 -13
2 -13
2 -13
2 -13
2 -13
2 -13
2 -13
2 -13
2 -13
2 -13
2 -13
2 -13
2 -13
0 -13
0 -13
0 -13
0 -13
0 -13
0 -13
0 -13
0 -13
0 -13
0 -13
0 -13
0 -13
0 -13
0 -13
0 -13
0 -13
0 -13
0 -13
0 -13
0 -13
0 -13
0 -13
0 -13
0 -13
0 -13
0 -13
0 -13
0 -13
0 -13
0 -13
0 -13
0 -13
0 -13
0 -13
0 -14
0 -14
0 -14
0 -14
0 -14
0 -14
0 -14
0 -14
0 -14
0 -14
0 -14
0 -14
0 -14
0 -14
0 -14
0 -14
0 -14
0 -14
0 -14
0 -14
0 -14
0 -14
0 -14
0 -14
0 -14
0 -14
0 -14
0 -14
1 -10
1 -10
1 -10
1 -10
1 -10
1 -10
1 -10
1 -10
1 -10
1 -10
1 -10
1 -10
1 -10
1 -10
1 -10
1 -10
1 -10
1 -10
1 -10
1 -10
1 -10
1 -10
1 -10
1 -10
1 -10
1 -10
1 -10
1 -10
1 -10
1 -10
1 -10
1 -10
1 -10
1 -10
1 -10
1 -10
1 -10
1 -10
1 -10
0 -7
-1 -4
-1 -4
-1 -4
-1 -4
-1 -4
-1 -4
-1 -4
-1 -4
-1 -4
-1 -4
-1 -4
-1 -4
-1 -4
-1 -4
-1 -4
-1 -4
-1 -4
-1 -4
-1 -4
-1 -4
-1 -4
-1 -4
-1 -4
-1 -4
-1 -4
-1 -4
-1 -4
-1 -4
-1 -4
-1 -4
-1 -4
-1 -4
-1 -4
0 -3
0 -3
0 -3
0 -3
0 -3
0 -3
0 -3
0 -3
0 -3
0 -3
0 -3
0 -3
0 -3
0 -3
0 -3
0 -3
0 -3
0 -3
0 -3
0 -3
0 -3
0 -3
0 -3
0 -3
0 -3
0 -3
0 -3
0 -3
0 -3
0 -3
0 -3
0 -3
0 -3
0 -3
0 -3
0 -3
0 -3
0 -3
0 -3
0 -3
0 -3
0 -3
0 -3
0 -3
0 -3
0 -3
0 -3
0 -3
0 -3
0 -3
0 -3
0 -3
0 -3
0 -3
0 -3
0 -3
0 -3
0 -3
0 -3
0 -3
0 -3
0 -3
0 -1
0 -1
0 -1
0 -1
0 -1
0 -1
0 -1
0 -1
0 -1
0 -1
0 -1
0 -1
0 -1
0 -1
0 -1
0 -1
0 -1
0 -1
0 -1
0 -1
0 -1
0 -1
0 -1
0 -1
0 -1
0 -1
0 -1
0 -1
0 -1
0 -1
0 -1
0 -1
0 -1
0 -1
0 -1
0 -1
0 -1
0 -1
0 -1
0 -1
0 -1
0 -1
0 -1
0 -1
0 -1
0 -1
0 -1
0 -1
0 -1
0 -1
0 -1
0 -1
0 -1
0 -1
0 -1
0 -1
0 -1
0 -1
0 -1
0 -1
0 -1
0 -1
0 -1
0 -1
0 -1
0 -1
0 -1
0 -1
0 -1
0 -1
0 -1
0 -1
0 -1
0 -1
0 -1
0 -1
0 -1
0 -1
0 -1
0 -1
0 -1
0 -1
0 -1
0 -1
0 -1
0 -1
0 -1
0 -1
0 -1
0 -1
0 -1
0 -1
0 -1
0 -1
0 -1
0 -1
0 -1
0 -1
0 -1
0 -1
0 -1
0 -1
0 -1
0 -1
0 -1
0 -1
0 -1
0 -1
0 -1
0 -1
0 -1
0 -1
0 -1
0 -1
0 -1
0 -1
0 -1
0 -1
0 -1
0 -1
0 -1
0 -1
0 -1
0 -1
0 -1
0 -1
0 -1
0 -1
0 -1
0 -1
0 -1
0 -1
0 -1
0 -1
0 -1
0 -1
0 -1
0 -1
0 -1
0 -1
0 -1
0 -1
0 -1
0 -1
0 -1
0 -1
0 -1
0 -1
0 -1
0 -1
0 -1
0 -1
0 -1
0 -1
0 -1
0 -1
0 -1
0 -1
0 -1
0 -1
0 -1
0 -1
0 -1
0 -1
0 -1
0 -1
0 -1
0 -1
0 -1
0 -1
0 -1
0 -1
0 -1
0 -1
0 -1
0 -1
0 -1
0 -1
0 -1
0 -1
0 -1
0 -1
0 -1
0 -1
0 -1
0 -1
0 -1
0 -1
0 -1
0 -1
0 -1
0 -1
0 -1
0 -1
0 -1
0 -1
0 -1
0 -1
0 -1
0 -1
0 -1
0 -1
0 -1
0 -1
0 -1
0 -1
0 -1
0 -1
0 -1
0 -1
0 -1
0 -1
0 -1
0 -1
0 -1
0 -1
0 -1
0 -1
0 -1
0 -1
0 -1
0 -1
0 -1
-1 0
-1 0
-1 0
-1 0
-1 0
-1 0
-1 0
-1 0
-1 0
-1 0
-1 0
-1 0
-1 0
-1 0
-1 0
-1 0
-1 0
-1 0
-1 0
-1 0
-1 0
-1 0
-1 0
-1 0
-1 0
-1 0
-1 0
-1 0
-1 0
-1 0
-1 0
-1 0
-1 0
-1 0
-1 0
-1 0
-1 0
-1 0
-1 0
-1 0
-1 0
-1 0
-1 0
-1 0
-1 0
-1 0
-1 0
-1 0
-1 0
-1 0
-1 0
-1 0
-1 0
-1 0
-1 0
-1 0
-1 0
-1 0
-1 0
-1 0
-1 0
-1 0
-1 0
-1 0
-1 0
-1 0
-1 0
-1 0
-1 0
-1 0
-1 0
-1 0
-1 0
-1 0
-1 0
-1 0
-1 0
-1 0
-1 0
-1 0
-1 0
-1 0
-1 0
-1 0
-1 0
-1 0
-1 0
-1 0
-1 0
-1 0
-1 0
-1 0
-1 0
-1 0
-1 0
-1 0
-1 0
-1 0
-1 0
-1 0
-1 0
-1 0
-1 0
-1 0
-1 0
-1 0
-1 0
-1 0
-1 0
-1 0
-1 0
-1 0
-1 0
-1 0
-1 0
-1 0
-1 0
-1 0
-1 0
-1 0
-1 0
-1 0
-1 0
-1 0
-1 0
-1 0
-1 0
-1 0
-1 0
-1 0
-1 0
-1 0
-1 0
-1 0
-1 0
-1 0
-1 0
-1 0
-1 0
-1 0
-1 0
-1 0
-1 0
-1 0
-1 0
-1 0
-1 0
-1 0
-1 0
-1 0
-1 0
-1 0
-1 0
-1 0
-1 0
-1 0
-1 0
-1 0
-1 0
-1 0
-1 0
-1 0
-1 0
-1 0
-1 0
-1 0
-1 0
-1 0
-1 0
-1 0
-1 0
-1 0
-1 0
-1 0
-1 0
-1 0
-1 0
-1 0
-1 0
-1 0
-1 0
-1 0
-1 0
-1 0
-1 0
-1 0
-1 0
-1 0
-1 0
-1 0
-1 0
-1 0
-1 0
-1 0
-1 0
-1 0
-1 0
-1 0
-1 0
-1 0
-1 0
-1 0
-1 0
-1 0
-1 0
-1 0
-1 0
-1 0
-1 0
-1 0
-1 0
-1 0
-1 0
-1 0
-1 0
-1 0
-1 0
-1 0
-1 0
-1 0
-1 0
-1 0
-1 0
-1 0
-1 0
-1 0
-1 0
-1 0
-1 0
-1 0
-1 0
-1 0
-1 0
-1 0
-1 0
-1 0
-1 0
-1 0
-1 0
-1 0
-1 0
-1 0
-1 0
-1 0
-1 0
-1 0
-1 0
-1 0
-1 0
-1 0
-1 0
-1 0
-1 0
-1 0
-1 0
-1 0
-1 0
-1 0
-1 0
-1 0
-1 0
-1 0
-1 0
-1 0
-1 0
-1 0
-1 0
-1 0
-1 0
-1 0
-1 0
-1 0
-1 0
-1 0
-1 0
-1 0
-1 0
-1 0
-1 0
-1 0
-1 0
-1 0
-1 0
-1 0
-1 0
-1 0
-1 0
-1 0
-1 0
-1 0
-1 0
-1 0
-1 0
-1 0
-1 0
-1 0
-1 0
-1 0
-1 0
-1 0
-1 0
-1 0
-1 0
-1 0
-1 0
-1 0
-1 0
-1 0
-1 0
-1 0
-1 0
-1 0
-1 0
-1 0
-1 0
-1 0
-1 0
-1 0
-1 0
-1 0
-1 0
-1 0
-1 0
-1 0
-1 0
-1 0
-1 0
-1 0
-1 0
-1 0
-1 0
-1 0
-1 0
-1 0
-1 0
-1 0
-1 0
-1 0
-1 0
-1 0
-1 0
-1 0
-1 0
-1 0
-1 0
-1 0
-1 0
-1 0
-1 0
-1 0
-1 0
-1 0
-1 0
-1 0
-1 0
-1 0
-1 0
-1 0
-1 0
-1 0
-1 0
-1 0
-1 0
-1 0
-1 0
-1 0
-1 0
-1 0
-1 0
-1 0
-1 0
-1 0
-1 0
-1 0
-1 0
-1 0
-1 0
-1 0
-1 0
-1 0
-1 0
-1 0
-1 0
-1 0
-1 0
-1 0
-1 0
-1 0
-1 0
-1 0
-1 0
-1 0
-1 0
-1 0
-1 0
-1 0
-1 0
-1 0
-1 0
-1 0
-1 0
-1 0
-1 0
-1 0
-1 0
-1 0
-1 0
-1 0
-1 0
-1 0
-1 0
-1 0
-1 0
-1 0
-1 0
-1 0
-1 0
-1 0
-1 0
-1 0
-1 0
-1 0
-1 0
-1 0
-1 0
-1 0
-1 0
-1 0
-1 0
-1 0
-1 0
-1 0
-1 0
-1 0
-1 0
-1 0
-1 0
-1 0
-1 0
-1 0
-1 0
-1 0
-1 0
-1 0
-1 0
-1 0
-1 0
-1 0
-1 0
-1 0
-1 0
-1 0
-1 0
-1 0
-1 0
-1 0
-1 0
-1 0
-1 0
-1 0
-1 0
-1 0
-1 0
-1 0
-1 0
-1 0
-1 0
-1 0
-1 0
-1 0
-1 0
-1 0
-1 0
-1 0
-1 0
-1 0
-1 0
-1 0
-1 0
-1 0
-1 0
-1 0
-1 0
-1 0
-1 0
-1 0
-1 0
-1 0
-1 0
-1 0
-1 0
-1 0
-1 0
-1 0
-1 0
-1 0
-1 0
-1 0
-1 0
-1 0
-1 0
-1 0
-1 0
-1 0
-1 0
-1 0
-1 0
-1 0
-1 0
-1 0
-1 0
-1 0
-1 0
-1 0
-1 0
-1 0
-1 0
-1 0
-1 0
-1 0
-1 0
-1 0
-1 0
-1 0
-1 0
-1 0
-1 0
-1 0
-1 0
-1 0
-1 0
-1 0
-1 0
-1 0
-1 0
-1 0
-1 0
-1 0
-1 0
-1 0
-1 0
-1 0
-1 0
-1 0
-1 0
-1 0
-1 0
-1 0
-1 0
-1 0
-1 0
-1 0
-1 0
-1 0
-1 0
-1 0
-1 0
-1 0
-1 0
-1 0
-1 0
-1 0
-1 0
-1 0
-1 0
-1 0
-1 0
-1 0
-1 0
-1 0
-1 0
-1 0
-1 0
-1 0
-1 0
-1 0
-1 0
-1 0
-1 0
-1 0
-1 0
-1 0
-1 0
-1 0
-1 0
-1 0
-1 0
-1 0
-1 0
-1 0
-1 0
-1 0
-1 0
-1 0
-1 0
-1 0
-1 0
-1 0
-1 0
-1 0
-1 0
-1 0
-1 0
-1 0
-1 0
-1 0
-1 0
-1 0
-1 0
-1 0
-1 0
-1 0
-1 0
-1 0
-1 0
-1 0
-1 0
-1 0
-1 0
-1 0
-1 0
-1 0
-1 0
-1 0
-1 0
-1 0
-1 0
-1 0
-1 0
-1 0
-1 0
-1 0
-1 0
-1 0
-1 0
-1 0
-1 0
-1 0
-1 0
-1 0
-1 0
-1 0
-1 0
-1 0
-1 0
-1 0
-1 0
-1 0
-1 0
-1 0
-1 0
-1 0
-1 0
-1 0
-1 0
-1 0
-1 0
-1 0
-1 0
-1 0
-1 0
-1 0
-1 0
-1 0
-1 0
-1 0
-1 0
-1 0
-1 0
-1 0
-1 0
-1 0
-1 0
-1 0
-1 0
-1 0
-1 0
-1 0
-1 0
-1 0
-1 0
-1 0
-1 0
-1 0
-1 0
-1 0
-1 0
-1 0
-1 0
-1 0
-1 0
-1 0
-1 0
-1 0
-1 0
-1 0
-1 0
-1 0
-1 0
-1 0
-1 0
-1 0
-1 0
-1 0
-1 0
-1 0
-1 0
-1 0
-1 0
-1 0
-1 0
-1 0
-1 0
-1 0
-1 0
-1 0
-1 0
-1 0
-1 0
-1 0
-1 0
-1 0
-1 0
-1 0
-1 0
-1 0
-1 0
-1 0
-1 0
-1 0
-1 0
-1 0
-1 0
-1 0
-1 0
-1 0
-1 0
-1 0
-1 0
-1 0
-1 0
-1 0
-1 0
-1 0
-1 0
-1 0
-1 0
-1 0
-1 0
-1 0
-1 0
-1 0
-1 0
-1 0
-1 0
-1 0
-1 0
-1 0
-1 0
-1 0
-1 0
-1 0
-1 0
-1 0
-1 0
-1 0
-1 0
-1 0
-1 0
-1 0
-1 0
-1 0
-1 0
-1 0
-1 0
-1 0
-1 0
-1 0
-1 0
-1 0
-1 0
-1 0
-1 0
-1 0
-1 0
-1 0
-1 0
-1 0
-1 0
-1 0
-1 0
-1 0
-1 0
-1 0
-1 0
-1 0
-1 0
-1 0
-1 0
-1 0
-1 0
-1 0
-1 0
-1 0
-1 0
-1 0
-1 0
-1 0
-1 0
-1 0
-1 0
-1 0
-1 0
-1 0
-1 0
-1 0
-1 0
-1 0
-1 0
-1 0
-1 0
-1 0
-1 0
-1 0
-1 0
-1 0
-1 0
-1 0
-1 0
-1 0
-1 0
-1 0
-1 0
-1 0
-1 0
-1 0
-1 0
-1 0
-1 0
-1 0
-1 0
-1 0
-1 0
-1 0
-1 0
-1 0
-1 0
-1 0
-1 0
-1 0
-1 0
-1 0
-1 0
-1 0
-1 0
-1 0
-1 0
-1 0
-1 0
-1 0
-1 0
-1 0
-1 0
-1 0
-1 0
-1 0
-1 0
-1 0
-1 0
-1 0
-1 0
-1 0
-1 0
-1 0
-1 0
-1 0
-1 0
-1 0
-1 0
-1 0
-1 0
-1 0
-1 0
-1 0
-1 0
-1 0
-1 0
-1 0
-1 0
-1 0
-1 0
-1 0
-1 0
-1 0
-1 0
-1 0
-1 0
-1 0
-1 0
-1 0
-1 0
-1 0
-1 0
-1 0
-1 0
-1 0
-1 0
-1 0
-1 0
-1 0
-1 0
-1 0
-1 0
-1 0
-1 0
-1 0
-1 0
-1 0
-1 0
-1 0
-1 0
-1 0
-1 0
-1 0
-1 0
-1 0
-1 0
-1 0
-1 0
-1 0
-1 0
-1 0
-1 0
-1 0
-1 0
-1 0
-1 0
-1 0
-1 0
-1 0
-1 0
-1 0
-1 0
-1 0
-1 0
-1 0
-1 0
-1 0
-1 0
-1 0
