1 0
1 0
1 0
1 0
1 0
1 0
1 0
1 0
1 0
1 0
1 0
1 0
1 0
1 0
1 0
1 0
1 0
1 0
1 0
1 0
1 0
1 0
1 0
1 0
1 0
1 0
1 0
1 0
1 0
1 0
1 0
1 0
1 0
1 0
1 0
1 0
1 0
1 0
1 0
1 0
1 0
1 0
1 0
1 0
1 0
1 0
1 0
1 0
1 0
1 0
1 0
1 0
1 0
1 0
1 0
1 0
1 0
1 0
1 0
1 0
1 0
1 0
1 0
1 0
1 0
1 0
1 0
1 0
1 0
1 0
1 0
1 0
1 0
1 0
1 0
1 0
1 0
1 0
1 0
1 0
1 0
1 0
1 0
1 0
1 0
1 0
1 0
1 0
1 0
1 0
1 0
1 0
1 0
1 0
1 0
1 0
1 0
1 0
1 0
1 0
1 0
1 0
1 0
1 0
1 0
1 0
1 0
1 0
1 0
1 0
1 0
1 0
1 0
1 0
1 0
1 0
1 0
1 0
1 0
1 0
1 0
1 0
1 0
1 0
1 0
1 0
1 0
1 0
1 0
1 0
1 0
1 0
1 0
1 0
1 0
1 0
1 0
1 0
1 0
1 0
1 0
1 0
1 0
1 0
1 0
1 0
1 0
1 0
1 0
1 0
1 0
1 0
1 0
1 0
1 0
1 0
1 0
1 0
1 0
-1 -7
-1 -7
-1 -7
-1 -7
-1 -7
-1 -7
-1 -7
-1 -7
-1 -7
-1 -7
-1 -7
-1 -7
-1 -7
-1 -7
-1 -7
-1 -7
-1 -7
-1 -7
-1 -7
-1 -7
-1 -7
-1 -7
-1 -7
-1 -7
-1 -7
-1 -7
-1 -7
-1 -9
-1 -9
-1 -9
-1 -9
-1 -9
-1 -9
-1 -9
-1 -9
-1 -9
-1 -9
-1 -9
-1 -9
-1 -9
-1 -9
-1 -9
-1 -9
-1 -9
-1 -9
-1 -9
-1 -9
-1 -9
-1 -9
-1 -9
-1 -9
-1 -9
-1 -9
-1 -9
-1 -9
-1 -9
-1 -9
-1 -9
-1 -9
-1 -9
-1 -9
-1 -9
-1 -9
-1 -9
-1 -9
-1 -9
-1 -9
-1 -9
-1 -9
-1 -9
-1 -9
-1 -9
-1 -9
-1 -9
-1 -9
-1 -9
-1 -9
-1 -9
0 -12
0 -12
0 -12
0 -12
0 -12
0 -12
0 -12
0 -12
0 -12
0 -12
0 -12
0 -12
0 -12
0 -12
0 -12
0 -12
0 -12
0 -12
0 -12
0 -12
0 -12
0 -12
0 -12
-2 -20
-2 -20
-2 -20
-2 -20
-2 -20
-2 -20
-2 -20
-2 -20
-2 -20
-2 -20
-2 -20
-2 -20
-2 -20
-2 -20
-2 -20
-2 -20
-2 -20
-2 -20
-2 -20
-2 -20
-2 -20
-2 -20
-2 -20
-2 -20
-2 -20
-2 -20
-2 -20
-2 -20
-2 -20
-2 -20
-2 -20
-2 -20
-2 -20
-2 -20
-2 -20
-2 -20
-2 -20
-2 -20
-2 -20
-2 -20
-2 -20
-2 -20
-2 -20
-2 -20
-2 -20
-2 -20
-2 -20
-2 -22
-2 -22
-2 -22
-2 -22
-2 -22
-2 -22
-2 -22
-2 -22
-2 -22
-2 -22
-2 -22
-2 -22
-2 -22
-2 -22
-2 -22
-2 -22
-2 -22
-2 -21
-2 -21
-2 -21
-2 -21
-2 -21
-2 -21
-2 -21
-2 -21
-2 -21
-2 -21
-2 -21
-2 -21
-2 -21
-2 -21
-2 -21
-2 -21
-2 -21
-2 -21
-2 -21
-2 -21
-3 -28
-3 -28
-3 -28
-3 -28
-3 -28
-3 -28
-3 -28
-3 -28
-3 -28
-3 -28
-3 -28
-3 -28
-3 -28
-3 -28
-3 -28
-3 -28
-3 -28
-3 -28
-3 -28
-3 -28
-3 -28
-3 -28
-3 -28
-3 -28
-3 -28
-3 -28
-3 -28
-3 -28
-3 -28
-3 -28
-3 -28
-3 -28
-3 -28
-3 -28
-3 -28
-3 -28
-3 -28
-3 -28
-3 -28
-3 -28
-3 -28
-3 -28
-3 -28
-3 -28
-3 -28
-3 -28
-4 -31
-4 -31
-4 -31
-4 -31
-4 -31
-4 -31
-4 -31
-4 -31
-4 -31
-4 -31
-4 -31
-4 -31
-4 -31
-4 -31
-4 -31
-4 -31
-4 -31
-4 -31
-4 -31
-4 -31
-4 -31
-4 -31
-4 -31
-4 -31
-1 -36
-1 -36
-1 -36
-1 -36
-1 -36
-1 -36
-1 -36
-1 -36
-1 -36
-1 -36
-1 -36
-1 -36
-1 -36
-1 -36
-1 -36
-1 -36
-1 -36
-1 -36
-1 -36
-1 -36
-1 -36
-1 -36
-1 -36
-1 -36
-1 -36
-1 -36
-1 -36
-1 -36
-1 -36
-1 -36
-1 -36
-1 -36
-1 -36
-1 -36
-1 -36
-1 -36
-1 -36
-1 -36
-1 -36
-1 -36
-1 -36
-1 -36
-1 -36
-1 -36
-1 -36
-1 -36
-1 -36
-1 -36
-1 -36
-1 -36
-1 -36
-1 -36
-1 -36
-1 -36
-1 -36
-1 -36
-1 -36
-1 -36
-1 -36
-1 -36
-1 -36
-1 -36
-1 -36
-1 -36
-1 -36
-1 -36
-1 -36
-1 -36
-1 -36
-7 -50
-7 -50
-7 -50
-7 -50
-7 -50
-7 -50
-7 -50
-7 -50
-7 -50
-7 -50
-7 -50
-7 -50
-7 -50
-7 -50
-7 -50
-7 -50
-7 -50
-7 -50
-7 -50
-7 -50
-7 -50
-7 -50
-7 -50
-7 -50
-7 -50
-7 -50
-7 -50
-7 -50
-7 -50
-7 -50
-7 -50
-7 -50
-7 -50
-7 -50
-7 -50
-7 -50
-7 -50
-7 -50
-7 -50
-7 -50
-7 -50
-7 -50
-7 -50
-7 -50
-7 -50
-7 -50
-7 -50
-9 -53
-9 -53
-9 -53
-9 -53
-9 -53
-9 -53
-9 -53
-9 -53
-9 -53
-9 -53
-9 -53
-9 -53
-9 -53
-9 -53
-9 -53
-9 -53
-9 -53
-9 -53
-9 -53
-9 -53
-9 -53
-9 -53
-9 -53
-9 -53
-9 -53
-9 -53
-16 -56
-16 -56
-16 -56
-16 -56
-16 -56
-16 -56
-16 -56
-16 -56
-16 -56
-16 -56
-16 -56
-16 -56
-16 -56
-16 -56
-16 -56
-16 -56
-16 -56
-16 -56
-16 -56
-16 -56
-16 -56
-16 -56
-16 -56
-20 -63
-20 -63
-20 -63
-20 -63
-20 -63
-20 -63
-20 -63
-20 -63
-20 -63
-20 -63
-20 -63
-20 -63
-20 -63
-20 -63
-20 -63
-20 -63
-20 -63
-20 -63
-20 -63
-20 -63
-20 -63
-23 -69
-23 -69
-23 -69
-23 -69
-23 -69
-23 -69
-23 -69
-23 -69
-23 -69
-23 -69
-23 -69
-23 -69
-23 -69
-23 -69
-23 -69
-23 -69
-23 -69
-23 -69
-23 -69
-23 -69
-23 -69
-23 -69
-23 -69
-23 -69
-23 -69
-23 -69
-23 -69
-23 -69
-23 -69
-23 -69
-23 -69
-23 -69
-23 -69
-23 -69
-23 -69
-23 -69
-23 -69
-23 -69
-23 -69
-23 -69
-23 -69
-23 -69
-23 -69
-23 -69
-23 -69
-23 -69
-23 -69
-23 -69
-23 -69
-30 -68
-30 -68
-30 -68
-30 -68
-30 -68
-30 -68
-30 -68
-30 -68
-30 -68
-30 -68
-30 -68
-30 -68
-30 -68
-30 -68
-30 -68
-30 -68
-30 -68
-30 -68
-30 -68
-30 -68
-30 -68
-30 -68
-30 -68
-30 -68
-30 -68
-30 -68
-30 -68
-30 -68
-30 -68
-30 -68
-30 -68
-30 -68
-30 -68
-30 -68
-30 -68
-30 -68
-30 -68
-30 -68
-30 -68
-30 -68
-30 -68
-30 -68
-30 -68
-30 -68
-30 -68
-30 -68
-30 -68
-30 -68
-30 -68
-30 -68
-26 -67
-26 -67
-26 -67
-26 -67
-26 -67
-26 -67
-26 -67
-26 -67
-26 -67
-26 -67
-26 -67
-26 -67
-26 -67
-26 -67
-26 -67
-26 -67
-26 -67
-26 -67
-26 -67
-26 -67
-26 -67
-26 -67
-26 -67
-26 -67
-27 -68
-27 -68
-27 -68
-27 -68
-27 -68
-27 -68
-27 -68
-27 -68
-27 -68
-27 -68
-27 -68
-27 -68
-27 -68
-27 -68
-27 -68
-27 -68
-27 -68
-27 -68
-27 -68
-27 -68
-27 -68
-27 -68
-27 -68
-27 -68
-27 -68
-27 -68
-27 -68
-27 -75
-27 -75
-27 -75
-27 -75
-27 -75
-27 -75
-27 -75
-27 -75
-27 -75
-27 -75
-27 -75
-27 -75
-27 -75
-27 -75
-27 -75
-27 -75
-27 -75
-27 -75
-27 -75
-27 -75
-27 -75
-27 -75
-27 -75
-27 -75
-27 -75
-27 -75
-27 -75
-27 -75
-27 -75
-27 -75
-27 -75
-27 -75
-27 -75
-27 -75
-27 -75
-27 -75
-27 -75
-27 -75
-27 -75
-27 -75
-27 -75
-27 -75
-27 -75
-27 -75
-27 -75
-27 -75
-27 -75
-27 -75
-31 -80
-31 -80
-31 -80
-31 -80
-31 -80
-31 -80
-31 -80
-31 -80
-31 -80
-31 -80
-31 -80
-31 -80
-31 -80
-31 -80
-31 -80
-31 -80
-31 -80
-31 -80
-31 -80
-31 -80
-31 -80
-31 -80
-31 -80
-31 -80
-31 -80
-31 -80
-31 -80
-31 -80
-31 -80
-31 -80
-31 -80
-31 -80
-31 -80
-31 -80
-31 -80
-31 -80
-31 -80
-31 -80
-31 -80
-31 -80
-31 -80
-31 -80
-31 -80
-31 -80
-31 -80
-31 -80
-31 -80
-31 -80
-24 -80
-28 -77
-28 -77
-28 -77
-28 -77
-28 -77
-28 -77
-28 -77
-28 -77
-28 -77
-28 -77
-28 -77
-28 -77
-28 -77
-28 -77
-28 -77
-28 -77
-28 -77
-28 -77
-28 -77
-28 -77
-28 -77
-28 -77
-28 -77
-28 -77
-28 -77
-28 -77
-28 -77
-28 -77
-28 -77
-28 -77
-28 -77
-28 -77
-28 -77
-28 -77
-28 -77
-28 -77
-28 -77
-28 -77
-39 -81
-39 -81
-39 -81
-39 -81
-39 -81
-39 -81
-39 -81
-39 -81
-39 -81
-39 -81
-39 -81
-39 -81
-39 -81
-39 -81
-39 -81
-39 -81
-39 -81
-39 -81
-39 -81
-39 -81
-39 -81
-39 -81
-39 -81
-39 -81
-39 -81
-39 -81
-39 -81
-39 -81
-39 -81
-39 -81
-39 -81
-39 -81
-39 -81
-39 -81
-39 -81
-39 -81
-39 -81
-39 -81
-39 -81
-39 -81
-39 -81
-39 -81
-39 -81
-39 -81
-39 -81
-39 -81
-39 -81
-41 -77
-41 -77
-41 -77
-41 -77
-41 -77
-41 -77
-41 -77
-41 -77
-41 -77
-41 -77
-41 -77
-41 -77
-41 -77
-41 -77
-41 -77
-41 -77
-41 -75
-41 -75
-41 -75
-41 -75
-41 -75
-41 -75
-41 -75
-41 -75
-41 -75
-41 -75
-41 -75
-41 -75
-41 -75
-41 -75
-41 -75
-41 -75
-41 -75
-41 -75
-41 -75
-41 -75
-41 -75
-44 -82
-44 -82
-44 -82
-44 -82
-44 -82
-44 -82
-44 -82
-44 -82
-44 -82
-44 -82
-44 -82
-44 -82
-44 -82
-44 -82
-44 -82
-44 -82
-44 -82
-44 -82
-44 -82
-44 -82
-44 -82
-44 -82
-44 -82
-44 -82
-44 -82
-44 -82
-43 -72
-43 -72
-43 -72
-43 -72
-43 -72
-43 -72
-43 -72
-43 -72
-43 -72
-43 -72
-43 -72
-43 -72
-43 -72
-43 -72
-43 -72
-43 -72
-43 -72
-43 -72
-43 -72
-43 -72
-43 -72
-43 -72
-43 -72
-43 -72
-43 -72
-43 -72
-43 -72
-43 -72
-43 -72
-43 -72
-43 -72
-43 -72
-43 -72
-43 -72
-43 -72
-43 -72
-43 -72
-43 -72
-43 -72
-43 -72
-43 -72
-43 -72
-43 -72
-43 -72
-43 -72
-43 -72
-43 -72
-43 -72
-43 -72
-43 -72
-46 -76
-46 -76
-46 -76
-46 -76
-46 -76
-46 -76
-46 -76
-46 -76
-46 -76
-46 -76
-46 -76
-46 -76
-46 -76
-46 -76
-46 -76
-46 -76
-46 -76
-46 -76
-46 -76
-46 -76
-46 -76
-46 -76
-46 -76
-46 -76
-49 -79
-49 -79
-49 -79
-49 -79
-49 -79
-49 -79
-49 -79
-49 -79
-49 -79
-49 -79
-49 -79
-49 -79
-49 -79
-49 -79
-49 -79
-49 -79
-49 -79
-49 -79
-49 -79
-49 -79
-49 -79
-49 -79
-49 -79
-57 -80
-57 -80
-57 -80
-57 -80
-57 -80
-57 -80
-57 -80
-57 -80
-57 -80
-57 -80
-57 -80
-57 -80
-57 -80
-57 -80
-57 -80
-57 -80
-57 -80
-57 -80
-57 -80
-57 -80
-57 -80
-57 -80
-57 -80
-57 -80
-57 -80
-57 -80
-57 -80
-57 -80
-57 -80
-57 -80
-57 -80
-57 -80
-57 -80
-57 -80
-57 -80
-57 -80
-57 -80
-57 -80
-57 -80
-57 -80
-57 -80
-57 -80
-57 -80
-57 -80
-57 -80
-57 -80
-55 -59
-55 -59
-55 -59
-55 -59
-55 -59
-55 -59
-55 -59
-55 -59
-55 -59
-55 -59
-55 -59
-55 -59
-55 -59
-55 -59
-55 -59
-55 -59
-55 -59
-55 -59
-55 -59
-55 -59
-66 -65
-66 -65
-66 -65
-66 -65
-66 -65
-66 -65
-66 -65
-66 -65
-66 -65
-66 -65
-66 -65
-66 -65
-66 -65
-66 -65
-66 -65
-66 -65
-66 -65
-66 -65
-66 -65
-66 -65
-66 -65
-66 -65
-74 -45
-74 -45
-74 -45
-74 -45
-74 -45
-74 -45
-74 -45
-74 -45
-74 -45
-74 -45
-74 -45
-74 -45
-74 -45
-74 -45
-74 -45
-74 -45
-74 -45
-74 -45
-74 -45
-74 -45
-74 -45
-74 -45
-74 -45
-74 -45
-74 -45
-74 -45
-74 -45
-74 -45
-74 -45
-74 -45
-74 -45
-74 -45
-74 -45
-74 -45
-74 -45
-74 -45
-74 -45
-74 -45
-74 -45
-74 -45
-74 -45
-74 -45
-74 -45
-74 -45
-74 -45
-74 -45
-74 -45
-87 -49
-87 -49
-87 -49
-87 -49
-87 -49
-87 -49
-87 -49
-87 -49
-87 -49
-87 -49
-87 -49
-87 -49
-87 -49
-87 -49
-87 -49
-87 -49
-87 -49
-87 -49
-87 -49
-87 -49
-87 -49
-87 -49
-87 -49
-87 -49
-83 -51
-83 -51
-83 -51
-83 -51
-83 -51
-83 -51
-83 -51
-83 -51
-83 -51
-83 -51
-83 -51
-83 -51
-83 -51
-83 -51
-83 -51
-83 -51
-83 -51
-83 -51
-83 -51
-83 -51
-83 -51
-83 -51
-83 -51
-83 -51
-83 -51
-83 -51
-83 -51
-83 -51
-83 -51
-83 -51
-83 -51
-83 -51
-83 -51
-83 -51
-83 -51
-83 -51
-83 -51
-83 -51
-83 -51
-83 -51
-83 -51
-83 -51
-83 -51
-83 -51
-83 -51
-83 -51
-83 -51
-83 -51
-83 -51
-83 -51
-83 -51
-83 -51
-83 -51
-83 -51
-83 -51
-83 -51
-83 -51
-83 -51
-83 -51
-83 -51
-83 -51
-83 -51
-77 -47
-77 -46
-77 -46
-77 -46
-77 -46
-77 -46
-77 -46
-77 -46
-77 -46
-77 -46
-77 -46
-77 -46
-77 -46
-77 -46
-77 -46
-77 -46
-77 -46
-77 -46
-77 -46
-77 -46
-77 -46
-77 -46
-77 -46
-77 -46
-77 -46
-77 -46
-77 -46
-77 -46
-77 -46
-77 -46
-77 -46
-77 -46
-77 -46
-77 -46
-77 -46
-77 -46
-77 -46
-77 -46
-77 -46
-77 -46
-77 -46
-77 -46
-77 -46
-77 -46
-77 -46
-77 -46
-77 -46
-77 -46
-77 -46
-77 -46
-77 -46
-77 -46
-77 -46
-77 -46
-77 -46
-77 -46
-77 -46
-77 -46
-77 -46
-77 -46
-79 -32
-74 -35
-74 -35
-74 -35
-74 -35
-74 -35
-74 -35
-74 -35
-74 -35
-74 -35
-74 -35
-74 -35
-74 -35
-74 -35
-74 -35
-74 -35
-74 -35
-74 -35
-74 -35
-74 -35
-74 -35
-74 -35
-74 -35
-74 -35
-74 -35
-74 -35
-74 -35
-74 -35
-74 -35
-74 -35
-74 -35
-74 -35
-74 -35
-74 -35
-74 -35
-74 -35
-74 -35
-74 -35
-74 -35
-74 -35
-74 -35
-74 -35
-74 -35
-86 -19
-86 -19
-86 -19
-86 -19
-86 -19
-86 -19
-86 -19
-86 -19
-86 -19
-86 -19
-86 -19
-86 -19
-86 -19
-86 -19
-86 -19
-86 -19
-86 -19
-86 -19
-86 -19
-86 -19
-86 -19
-86 -19
-86 -19
-80 -15
-80 -15
-80 -15
-80 -15
-80 -15
-80 -15
-80 -15
-80 -15
-80 -15
-80 -15
-80 -15
-80 -15
-80 -15
-80 -15
-80 -15
-80 -15
-80 -15
-80 -15
-80 -15
-80 -15
-80 -15
-80 -15
-80 -15
-81 -9
-81 -9
-81 -9
-81 -9
-81 -9
-81 -9
-81 -9
-81 -9
-81 -9
-81 -9
-81 -9
-81 -9
-81 -9
-81 -9
-81 -9
-81 -9
-81 -9
-81 -9
-74 -10
-74 -10
-74 -10
-74 -10
-74 -10
-74 -10
-74 -10
-74 -10
-74 -10
-74 -10
-74 -10
-74 -10
-74 -10
-74 -10
-74 -10
-74 -10
-74 -10
-74 -10
-74 -10
-74 -10
-74 -10
-74 -10
-74 -10
-74 -10
-74 -10
-74 -10
-74 -10
-74 -10
-74 -10
-74 -10
-74 -10
-74 -10
-74 -10
-74 -10
-74 -10
-74 -10
-74 -10
-74 -10
-74 -10
-74 -10
-74 -10
-74 -10
-74 -10
-74 -10
-74 -10
-74 -10
-74 -10
-74 -10
-74 -10
-74 -10
-74 -10
-74 -10
-74 -10
-74 -10
-74 -10
-74 -10
-74 -10
-74 -10
-74 -10
-74 -10
-72 -12
-72 -12
-72 -12
-72 -12
-72 -12
-72 -12
-72 -12
-72 -12
-72 -12
-72 -12
-72 -12
-72 -12
-72 -12
-72 -12
-72 -12
-72 -12
-72 -12
-72 -12
-72 -12
-72 -12
-72 -12
-72 -12
-72 -12
-72 -12
-72 -12
-72 -12
-72 -12
-72 -12
-72 -12
-72 -12
-72 -12
-72 -12
-72 -12
-72 -12
-72 -12
-72 -12
-72 -12
-72 -12
-72 -12
-72 -12
-72 -12
-72 -12
-72 -12
-76 -5
-76 -2
-76 -2
-76 -2
-76 -2
-76 -2
-76 -2
-76 -2
-76 -2
-76 -2
-76 -2
-76 -2
-76 -2
-76 -2
-76 -2
-76 -2
-76 -2
-76 -2
-76 -2
-76 -2
-76 -2
-76 -2
-76 -2
-76 -2
-76 -2
-76 -2
-76 -2
-76 -2
-76 -2
-76 -2
-76 -2
-76 -2
-76 -2
-76 -2
-76 -2
-76 -2
-76 -2
-76 -2
-76 -2
-76 -2
-76 -2
-76 -2
-76 -2
-76 -2
-76 -2
-76 -2
-76 -2
-76 -2
-76 -2
-76 -2
-76 -2
-76 -2
-76 -2
-76 -2
-76 -2
-76 -2
-76 -2
-76 -2
-76 -2
-76 -2
-76 -2
-76 -2
-76 -2
-76 -2
-76 -2
-68 0
-74 1
-74 1
-74 1
-74 1
-74 1
-74 1
-74 1
-74 1
-74 1
-74 1
-74 1
-74 1
-74 1
-74 1
-74 1
-74 1
-74 1
-73 -2
-73 -2
-73 -2
-73 -2
-73 -2
-73 -2
-73 -2
-73 -2
-73 -2
-73 -2
-73 -2
-73 -2
-73 -2
-73 -2
-73 -2
-73 -2
-73 -2
-73 -2
-73 -2
-73 -2
-73 -2
-77 -1
-77 -1
-77 -1
-77 -1
-77 -1
-77 -1
-77 -1
-77 -1
-77 -1
-77 -1
-77 -1
-77 -1
-77 -1
-77 -1
-77 -1
-77 -1
-77 -1
-77 -1
-77 -1
-77 -1
-77 -1
-77 -1
-77 -1
-77 -1
-77 -1
-77 -1
-77 -1
-77 -1
-77 -1
-77 -1
-77 -1
-77 -1
-77 -1
-77 -1
-77 -1
-77 -1
-77 -1
-77 -1
-77 -1
-77 -1
-77 -1
-77 -1
-77 -1
-77 -1
-77 -1
-77 -1
-77 -1
-77 -1
-77 -1
-77 -1
-77 -1
-77 -1
-77 -1
-77 -1
-77 -1
-77 -1
-77 -1
-77 -1
-77 -1
-77 -1
-77 -1
-77 -1
-77 -1
-77 -1
-84 2
-84 2
-84 2
-84 2
-84 2
-84 2
-84 2
-84 2
-84 2
-84 2
-84 2
-84 2
-84 2
-84 2
-84 2
-84 2
-84 2
-84 2
-84 2
-84 2
-84 2
-84 2
-84 2
-84 2
-84 2
-84 2
-84 2
-84 2
-84 2
-84 2
-84 2
-84 2
-84 2
-84 2
-84 2
-84 2
-84 2
-84 2
-84 2
-84 2
-84 2
-84 2
-84 2
-84 2
-84 2
-88 3
-88 3
-88 3
-88 3
-88 3
-88 3
-88 3
-88 3
-88 3
-88 3
-88 3
-88 3
-88 3
-88 3
-88 3
-88 3
-88 3
-88 3
-88 3
-88 3
-88 3
-88 3
-88 3
-88 3
-88 3
-90 2
-90 2
-90 2
-90 2
-90 2
-90 2
-90 2
-90 2
-90 2
-90 2
-90 2
-90 2
-90 2
-90 2
-90 2
-90 2
-90 2
-90 2
-90 2
-90 2
-90 2
-90 2
-90 2
-90 2
-99 5
-99 5
-99 5
-99 5
-99 5
-99 5
-99 5
-99 5
-99 5
-99 5
-99 5
-99 5
-99 5
-99 5
-99 5
-99 5
-99 5
-99 5
-99 5
-99 5
-99 5
-99 5
-99 5
-99 5
-99 5
-99 5
-99 5
-99 5
-99 5
-99 5
-99 5
-99 5
-99 5
-99 5
-99 5
-99 5
-99 5
-99 5
-99 5
-99 5
-99 5
-99 5
-99 5
-99 5
-99 5
-99 5
-99 5
-99 5
-99 5
-99 5
-99 5
-99 5
-99 5
-99 5
-99 5
-99 5
-99 5
-99 5
-99 5
-99 5
-99 5
-99 5
-99 5
-99 5
-99 5
-99 5
-99 5
-99 5
-99 5
-92 3
-92 3
-92 3
-92 3
-92 3
-92 3
-92 3
-92 3
-92 3
-92 3
-92 3
-92 3
-92 3
-92 3
-92 3
-92 3
-92 3
-92 3
-92 3
-92 3
-92 3
-92 3
-92 3
-92 3
-92 3
-92 3
-92 3
-92 3
-92 3
-92 3
-92 3
-92 3
-92 3
-92 3
-92 3
-92 3
-92 3
-92 3
-92 3
-92 3
-92 3
-92 3
-92 3
-92 3
-92 3
-92 3
-92 3
-92 3
-92 3
-92 3
-95 5
-95 5
-92 7
-92 7
-92 7
-92 7
-92 7
-92 7
-92 7
-92 7
-92 7
-92 7
-92 7
-92 7
-92 7
-92 7
-92 7
-92 7
-92 7
-92 7
-92 7
-92 7
-92 7
-92 7
-92 7
-97 6
-97 6
-97 6
-97 6
-97 6
-97 6
-97 6
-97 6
-97 6
-97 6
-97 6
-97 6
-97 6
-97 6
-97 6
-97 6
-84 9
-84 9
-84 9
-84 9
-84 9
-84 9
-84 9
-84 9
-84 9
-84 9
-84 9
-84 9
-84 9
-84 9
-84 9
-84 9
-84 9
-84 9
-84 9
-84 9
-84 9
-84 9
-84 9
-84 9
-84 9
-84 9
-84 9
-84 9
-84 9
-84 9
-84 9
-84 9
-97 15
-97 15
-97 15
-97 15
-97 15
-97 15
-97 15
-97 15
-97 15
-97 15
-97 15
-97 15
-97 15
-97 15
-97 15
-97 15
-97 15
-97 15
-97 15
-97 15
-97 15
-97 15
-97 15
-97 15
-97 15
-97 15
-97 15
-97 15
-97 15
-97 15
-83 20
-92 33
-92 33
-92 33
-92 33
-92 33
-92 33
-92 33
-92 33
-92 33
-92 33
-92 33
-92 33
-92 33
-92 33
-92 33
-92 33
-92 33
-92 33
-92 33
-92 33
-92 33
-92 33
-92 33
-92 33
-92 33
-92 33
-92 33
-92 33
-92 33
-92 33
-92 33
-92 33
-92 33
-92 33
-92 33
-92 33
-92 33
-92 33
-92 33
-92 33
-92 33
-92 33
-92 33
-92 33
-92 33
-92 33
-92 33
-92 33
-92 33
-92 33
-92 33
-79 26
-86 38
-86 38
-86 38
-86 38
-86 38
-86 38
-86 38
-86 38
-86 38
-86 38
-86 38
-86 38
-86 38
-86 38
-86 38
-86 38
-86 38
-76 37
-76 37
-76 37
-76 37
-76 37
-76 37
-76 37
-76 37
-76 37
-76 37
-76 37
-76 37
-76 37
-76 37
-76 37
-76 37
-76 37
-76 37
-76 37
-76 37
-76 37
-76 37
-76 37
-76 37
-76 37
-76 37
-76 37
-76 37
-76 37
-76 37
-76 37
-76 37
-76 37
-76 37
-76 37
-76 37
-76 37
-76 37
-76 37
-76 37
-76 37
-76 37
-76 37
-76 37
-76 37
-76 37
-76 37
-76 37
-76 37
-76 37
-76 37
-76 37
-76 37
-76 37
-76 37
-76 37
-76 37
-76 37
-76 37
-76 37
-76 37
-76 37
-76 37
-76 37
-76 37
-76 37
-76 37
-76 37
-76 37
-76 37
-76 37
-76 37
-76 37
-76 37
-76 37
-76 37
-76 37
-76 37
-76 37
-76 37
-76 37
-76 37
-76 37
-76 37
-76 37
-75 43
-75 43
-75 43
-75 43
-75 43
-75 43
-75 43
-75 43
-75 43
-75 43
-75 43
-75 43
-75 43
-75 43
-75 43
-75 43
-75 43
-75 43
-75 43
-75 43
-75 43
-75 43
-75 43
-75 43
-75 43
-75 43
-75 43
-75 43
-75 43
-75 43
-75 43
-75 43
-75 43
-75 43
-75 43
-75 43
-77 52
-70 53
-84 59
-84 59
-84 59
-84 59
-84 59
-84 59
-84 59
-84 59
-84 59
-84 59
-84 59
-84 59
-84 59
-84 59
-84 59
-84 59
-84 59
-84 59
-84 59
-84 59
-84 59
-84 59
-84 59
-84 59
-84 59
-84 59
-84 59
-84 59
-84 59
-84 59
-84 59
-84 59
-84 59
-84 59
-90 70
-90 70
-90 70
-90 70
-90 70
-90 70
-90 70
-90 70
-90 70
-90 70
-90 70
-90 70
-90 70
-90 70
-90 70
-90 70
-90 70
-90 70
-90 70
-90 70
-90 70
-90 70
-90 70
-90 70
-90 70
-90 70
-90 70
-90 70
-90 70
-90 70
-90 70
-90 70
-90 70
-82 65
-82 65
-82 65
-82 65
-82 65
-82 65
-82 65
-82 65
-82 65
-82 65
-82 65
-82 65
-82 65
-82 65
-82 65
-82 65
-82 65
-82 65
-82 65
-82 65
-82 65
-82 65
-82 65
-82 65
-82 65
-82 65
-82 65
-82 65
-82 65
-68 70
-71 79
-71 79
-71 79
-71 79
-71 79
-71 79
-71 79
-71 79
-71 79
-71 79
-71 79
-71 79
-71 79
-71 79
-71 79
-63 74
-63 74
-63 74
-63 74
-63 74
-63 74
-63 74
-63 74
-63 74
-63 74
-63 74
-63 74
-63 74
-63 74
-63 74
-63 74
-63 74
-63 74
-63 74
-63 74
-63 74
-63 74
-63 74
-63 74
-63 74
-63 74
-63 74
-63 74
-63 74
-63 74
-63 74
-63 74
-63 74
-63 74
-63 74
-63 74
-57 77
-57 77
-57 77
-57 77
-57 77
-57 77
-57 77
-57 77
-57 77
-57 77
-57 77
-57 77
-57 77
-57 77
-57 77
-57 77
-57 77
-57 77
-57 77
-57 77
-54 78
-54 78
-54 78
-54 78
-54 78
-54 78
-54 78
-54 78
-54 78
-54 78
-54 78
-54 78
-54 78
-54 78
-54 78
-54 78
-54 78
-54 78
-54 78
-52 86
-52 86
-52 86
-52 86
-52 86
-52 86
-52 86
-52 86
-52 86
-52 86
-52 86
-52 86
-52 86
-52 86
-52 86
-52 86
-52 86
-52 86
-52 86
-52 86
-52 86
-52 86
-52 86
-52 86
-52 86
-52 86
-52 86
-52 86
-52 86
-52 86
-52 86
-52 86
-52 86
-52 86
-52 86
-52 86
-52 86
-52 86
-52 86
-52 86
-52 86
-52 86
-52 86
-52 86
-52 86
-52 86
-52 86
-52 86
-52 86
-52 86
-52 86
-52 86
-52 86
-52 86
-52 86
-52 86
-52 86
-52 86
-52 86
-52 86
-52 86
-52 86
-52 86
-52 86
-52 86
-52 86
-52 86
-52 86
-52 86
-52 86
-52 86
-52 86
-52 86
-52 86
-52 86
-52 94
-52 94
-52 94
-52 94
-52 94
-52 94
-52 94
-52 94
-52 94
-52 94
-52 94
-52 94
-52 94
-52 94
-41 84
-41 84
-41 84
-41 84
-41 84
-41 84
-41 84
-41 84
-41 84
-41 84
-41 84
-41 84
-41 84
-41 84
-41 84
-41 84
-37 79
-37 79
-37 79
-37 79
-37 79
-37 79
-37 79
-37 79
-37 79
-37 79
-37 79
-37 79
-37 79
-37 79
-37 79
-38 97
-38 97
-38 97
-38 97
-38 97
-38 97
-38 97
-38 97
-38 97
-38 97
-38 97
-38 97
-38 97
-38 97
-38 97
-38 97
-38 97
-38 97
-38 97
-38 97
-38 97
-38 97
-38 97
-38 97
-38 97
-38 97
-38 97
-38 97
-38 97
-38 97
-38 97
-38 97
-38 97
-38 97
-38 97
-38 97
-38 97
-38 97
-38 97
-38 97
-38 97
-38 97
-38 97
-38 97
-38 97
-38 97
-38 97
-34 99
-34 99
-34 99
-34 99
-34 99
-34 99
-34 99
-34 99
-34 99
-34 99
-34 99
-34 99
-34 99
-34 99
-34 99
-34 99
-34 99
-34 99
-34 99
-34 99
-34 99
-34 99
-34 99
-34 99
-34 99
-34 99
-34 99
-34 99
-34 99
-28 96
-28 96
-28 96
-28 96
-28 96
-28 96
-28 96
-28 96
-28 96
-28 96
-28 96
-28 96
-28 96
-28 94
-28 94
-28 94
-28 94
-28 94
-28 94
-28 94
-28 94
-28 94
-28 94
-28 94
-28 94
-28 94
-28 94
-20 92
-20 92
-20 92
-20 92
-20 92
-20 92
-20 92
-20 92
-20 92
-20 92
-20 92
-20 92
-20 92
-20 92
-20 92
-20 92
-20 92
-20 92
-20 92
-20 92
-20 92
-20 92
-20 92
-20 92
-20 92
-20 92
-20 92
-20 92
-20 92
-20 92
-20 92
-20 92
-20 92
-20 92
-20 92
-20 92
-20 92
-20 92
-20 92
-20 92
-20 92
-20 92
-20 92
-20 92
-20 92
-20 92
-20 92
-15 101
-15 101
-15 101
-15 101
-15 101
-15 101
-15 101
-15 101
-15 101
-15 101
-15 101
-15 101
-15 101
-15 101
-15 101
-15 101
-15 101
-16 106
-16 106
-16 106
-16 106
-16 106
-16 106
-16 106
-16 106
-16 106
-16 106
-16 106
-16 106
-16 106
-16 106
-16 106
-16 106
-16 106
-16 106
-16 106
-16 106
-16 106
-16 106
-16 106
-16 106
-16 106
-16 106
-16 106
-16 106
-16 106
-16 106
-16 106
-16 106
-16 106
-16 106
-10 102
-10 102
-10 102
-10 102
-10 102
-10 102
-10 102
-10 102
-10 102
-10 102
-10 102
-10 102
-10 102
-10 102
-10 102
-10 102
-14 95
-14 95
-14 95
-14 95
-14 95
-14 95
-14 95
-14 95
-14 95
-14 95
-14 95
-14 95
-14 95
-14 95
-14 95
-14 95
-14 95
-14 95
-14 95
-14 95
-14 95
-14 95
-14 95
-14 95
-14 95
-14 95
-14 95
-14 95
-14 95
-14 95
-14 95
-10 97
-10 97
-10 97
-10 97
-10 97
-10 97
-10 97
-10 97
-10 97
-10 97
-10 97
-10 97
-10 97
-10 97
-10 97
-10 97
-10 97
-10 97
-10 97
-10 97
-10 97
-10 97
-10 97
-10 97
-10 97
-10 97
-10 97
-10 97
-10 97
-10 97
-10 97
-10 97
-10 97
-10 97
-10 97
-10 97
-10 97
-10 97
-10 97
-10 97
-10 97
-10 97
-10 97
-10 97
-10 97
-10 97
-10 97
-10 97
-10 97
-10 97
-10 97
-10 97
-10 97
-10 97
-10 97
-10 97
-10 97
-10 97
-10 97
-10 97
-4 109
-4 109
-4 109
-4 109
-4 109
-4 109
-4 109
-4 109
-4 109
-4 109
-4 109
-4 109
-4 109
-4 109
-4 109
-4 109
-4 109
-4 105
-4 105
-4 105
-4 105
-4 105
-4 105
-4 105
-4 105
-4 105
-4 105
-4 105
-4 105
-4 105
-4 105
-4 105
-4 105
-4 105
-4 105
-4 105
-4 105
-4 105
-4 105
-4 105
-4 105
-4 105
-4 105
-4 105
-4 105
-4 105
-4 105
-4 105
-4 105
-4 105
-4 105
-1 104
-1 104
-1 104
-1 104
-1 104
-1 104
-1 104
-1 104
-1 104
-1 104
-1 104
-1 104
-1 104
-1 104
-1 104
0 103
0 103
0 103
0 103
0 103
0 103
0 103
0 103
0 103
0 103
0 103
0 103
0 103
0 103
0 103
6 105
6 105
6 105
6 105
6 105
6 105
6 105
6 105
6 105
6 105
6 105
6 105
6 105
6 105
6 105
6 105
6 105
6 105
6 105
6 105
6 105
6 105
6 105
6 105
6 105
6 105
6 105
6 105
6 105
6 105
6 105
6 105
6 105
6 105
6 105
6 105
6 105
6 105
6 105
6 105
6 105
6 105
6 105
6 105
6 105
6 105
6 105
6 105
6 105
6 105
6 105
6 105
18 102
18 102
18 102
18 102
18 102
18 102
18 102
18 102
18 102
18 102
18 102
18 102
18 102
18 102
18 102
18 102
18 102
18 102
18 102
18 102
18 102
18 102
18 102
18 102
18 102
18 102
18 102
18 102
18 102
18 102
18 102
18 102
18 102
18 102
18 102
16 104
16 104
16 104
16 104
16 104
16 104
16 104
16 104
16 104
16 104
16 104
16 104
16 104
16 104
16 104
16 104
16 104
27 103
27 103
27 103
27 103
27 103
27 103
27 103
27 103
27 103
27 103
27 103
27 103
27 103
27 103
27 103
27 103
27 103
27 86
27 86
27 86
27 86
27 86
27 86
27 86
27 86
27 86
27 86
27 86
27 86
27 86
27 86
27 86
27 86
27 86
27 86
27 86
27 86
27 86
27 86
27 86
27 86
27 86
27 86
27 86
27 86
27 86
27 86
27 86
27 86
27 86
27 86
27 86
27 86
27 86
27 86
27 86
27 86
27 86
27 86
27 86
27 86
27 86
27 86
27 86
27 86
27 86
49 101
60 104
60 104
60 104
60 104
60 104
60 104
60 104
60 104
60 104
60 104
60 104
60 104
60 104
60 104
60 104
60 104
60 104
60 104
60 104
60 104
60 104
60 104
60 104
60 104
60 104
60 104
60 104
60 104
60 104
60 104
60 104
55 91
55 91
55 91
55 91
55 91
55 91
55 91
55 91
55 91
55 91
55 91
55 91
55 91
55 91
70 90
70 90
70 90
70 90
70 90
70 90
70 90
70 90
70 90
70 90
70 90
70 90
70 90
70 90
70 90
70 90
70 90
70 90
70 90
84 93
84 93
84 93
84 93
84 93
84 93
84 93
84 93
84 93
84 93
84 93
84 93
84 93
84 93
84 93
84 93
84 93
84 93
84 93
84 93
84 93
84 93
84 93
84 93
84 93
84 93
84 93
84 93
84 93
84 93
84 93
84 93
87 90
87 90
87 90
87 90
87 90
87 90
87 90
87 90
87 90
87 90
87 90
87 90
87 90
87 90
87 90
87 90
87 90
87 90
87 90
87 90
87 90
87 90
87 90
87 90
87 90
87 90
87 90
87 90
87 90
87 90
87 90
87 90
93 90
97 87
97 87
97 87
97 87
97 87
97 87
97 87
97 87
97 87
97 87
97 87
97 87
97 87
97 87
97 87
97 87
97 87
97 87
97 87
97 87
97 87
97 87
97 87
97 87
97 87
97 87
97 87
97 87
97 87
97 87
97 87
97 87
97 87
97 87
97 87
97 87
97 87
97 87
97 87
97 87
97 87
97 87
97 87
97 87
97 87
97 87
97 87
97 87
97 87
104 87
98 80
98 80
98 80
98 80
98 80
98 80
98 80
98 80
98 80
98 80
98 80
98 80
98 80
98 80
98 80
98 80
98 80
98 80
98 80
98 80
98 80
98 80
98 80
98 80
98 80
98 80
98 80
98 80
98 80
98 80
98 80
98 80
112 89
112 89
112 89
112 89
112 89
112 89
112 89
112 89
112 89
112 89
112 89
112 89
112 89
112 89
112 89
112 89
112 89
112 89
112 89
112 89
112 89
112 89
112 89
112 89
112 89
112 89
112 89
112 89
112 89
112 89
112 89
112 89
112 89
141 55
141 55
141 55
141 55
141 55
141 55
141 55
141 55
141 55
141 55
141 55
141 55
141 55
141 55
141 55
141 55
141 55
141 55
141 55
141 55
141 55
141 55
141 55
141 55
141 55
141 55
141 55
141 55
141 55
141 55
141 55
141 55
141 55
148 56
148 56
148 56
148 56
148 56
148 56
148 56
148 56
148 56
148 56
148 56
148 56
148 56
148 56
148 56
148 56
148 56
148 56
148 56
148 56
148 56
148 56
148 56
148 56
148 56
148 56
148 56
148 56
148 56
148 56
148 56
148 56
147 40
147 40
147 40
147 40
147 40
147 40
147 40
147 40
147 40
147 40
147 40
147 40
147 40
147 40
147 40
147 40
147 40
152 41
152 41
152 41
152 41
152 41
152 41
152 41
152 41
152 41
152 41
152 41
152 41
152 41
152 41
152 41
152 41
154 35
154 35
154 35
154 35
154 35
154 35
154 35
154 35
154 35
154 35
154 35
154 35
154 35
154 35
154 35
154 35
154 35
154 35
154 35
154 35
154 35
154 35
154 35
154 35
154 35
154 35
154 35
157 28
157 28
157 28
157 28
157 28
157 28
157 28
157 28
157 28
157 28
157 28
157 28
157 28
157 28
157 28
157 28
157 28
157 28
157 28
157 28
157 28
157 28
157 28
157 28
157 28
157 28
157 28
157 28
157 28
157 28
157 28
157 28
157 28
157 28
157 28
157 28
157 28
157 28
157 28
157 28
157 28
157 28
157 28
157 28
157 28
157 28
157 28
157 28
157 28
157 28
157 28
157 28
157 28
157 28
157 28
157 28
157 28
157 28
157 28
157 28
157 28
157 28
157 28
157 28
157 28
157 28
158 19
149 -4
149 -4
149 -4
149 -4
149 -4
149 -4
149 -4
149 -4
149 -4
149 -4
149 -4
149 -4
149 -4
149 -4
149 -4
149 -4
146 -11
146 -11
146 -11
146 -11
146 -11
146 -11
146 -11
146 -11
146 -11
146 -11
146 -11
146 -11
146 -11
146 -11
146 -11
146 -11
146 -11
146 -11
144 -21
144 -21
144 -21
144 -21
144 -21
144 -21
144 -21
144 -21
144 -21
144 -21
144 -21
144 -21
144 -21
144 -21
144 -21
144 -21
144 -21
144 -21
144 -21
144 -21
144 -21
144 -21
144 -21
144 -21
144 -21
144 -21
144 -21
144 -21
144 -21
144 -21
144 -21
144 -21
144 -21
144 -21
144 -21
144 -21
144 -21
144 -21
144 -21
144 -21
144 -21
144 -21
144 -21
144 -21
144 -21
144 -21
144 -21
144 -21
144 -21
144 -21
144 -21
144 -21
144 -21
144 -21
144 -21
132 -25
124 -32
124 -32
124 -32
124 -32
124 -32
124 -32
124 -32
124 -32
124 -32
124 -32
124 -32
124 -32
124 -32
124 -32
124 -32
124 -32
124 -32
113 -40
113 -40
113 -40
113 -40
113 -40
113 -40
113 -40
113 -40
113 -40
113 -40
113 -40
113 -40
113 -40
113 -40
113 -40
113 -40
113 -40
113 -40
113 -40
113 -40
113 -40
113 -40
113 -40
113 -40
113 -40
113 -40
113 -40
113 -40
113 -40
113 -40
113 -40
113 -40
113 -40
113 -40
113 -40
113 -40
106 -52
106 -52
106 -52
106 -52
106 -52
106 -52
106 -52
106 -52
106 -52
106 -52
106 -52
106 -52
106 -52
106 -52
106 -52
106 -52
106 -52
104 -51
104 -51
104 -51
104 -51
104 -51
104 -51
104 -51
104 -51
104 -51
104 -51
104 -51
104 -51
104 -51
104 -51
104 -51
104 -51
104 -51
104 -51
104 -51
104 -51
104 -51
104 -51
104 -51
104 -51
104 -51
104 -51
104 -51
104 -51
104 -51
104 -51
104 -51
104 -51
104 -51
104 -51
97 -58
97 -58
97 -58
97 -58
97 -58
97 -58
97 -58
97 -58
97 -58
97 -58
97 -58
97 -58
97 -58
97 -58
97 -58
97 -58
97 -58
97 -58
97 -58
97 -58
97 -58
97 -58
97 -58
97 -58
97 -58
97 -58
97 -58
97 -58
97 -58
97 -58
97 -58
97 -58
97 -58
97 -58
97 -58
81 -59
70 -66
70 -66
70 -66
70 -66
70 -66
70 -66
70 -66
70 -66
70 -66
70 -66
70 -66
70 -66
70 -66
70 -66
70 -66
70 -66
70 -66
70 -66
70 -66
70 -66
70 -66
70 -66
70 -66
70 -66
70 -66
70 -66
70 -66
70 -66
70 -66
70 -66
70 -66
70 -66
67 -71
67 -71
67 -71
67 -71
67 -71
67 -71
67 -71
67 -71
67 -71
67 -71
67 -71
67 -71
67 -71
67 -71
67 -71
67 -71
67 -71
67 -71
59 -79
59 -79
59 -79
59 -79
59 -79
59 -79
59 -79
59 -79
59 -79
59 -79
59 -79
59 -79
59 -79
59 -79
59 -79
40 -78
40 -78
40 -78
40 -78
40 -78
40 -78
40 -78
40 -78
40 -78
40 -78
40 -78
40 -78
40 -78
40 -78
40 -78
40 -78
40 -78
40 -78
40 -78
40 -78
40 -78
40 -78
40 -78
40 -78
40 -78
40 -78
40 -78
40 -78
40 -78
40 -78
40 -78
40 -78
40 -78
40 -78
40 -78
40 -78
40 -78
40 -78
40 -78
40 -78
40 -78
40 -78
40 -78
40 -78
40 -78
40 -78
40 -78
40 -78
40 -78
40 -78
40 -78
47 -79
37 -82
37 -82
37 -82
37 -82
37 -82
37 -82
37 -82
37 -82
37 -82
37 -82
37 -82
37 -82
37 -82
37 -82
37 -82
37 -82
37 -82
37 -82
37 -82
37 -82
37 -82
37 -82
37 -82
37 -82
37 -82
37 -82
37 -82
37 -82
37 -82
37 -82
37 -82
37 -82
37 -82
37 -82
37 -82
37 -82
37 -82
37 -82
37 -82
37 -82
37 -82
37 -82
37 -82
37 -82
37 -82
37 -82
37 -82
37 -82
37 -82
37 -82
37 -82
37 -82
37 -82
24 -82
24 -82
24 -82
24 -82
24 -82
24 -82
24 -82
24 -82
24 -82
24 -82
24 -82
24 -82
24 -82
24 -82
24 -82
24 -82
24 -82
24 -82
24 -82
24 -82
24 -82
24 -82
24 -82
24 -82
24 -82
24 -82
24 -82
24 -82
24 -82
24 -82
24 -82
24 -82
24 -82
24 -82
24 -82
24 -82
24 -82
24 -82
24 -82
24 -82
24 -82
24 -82
24 -82
24 -82
24 -82
24 -82
24 -82
24 -82
24 -82
24 -82
24 -82
26 -86
26 -88
26 -88
26 -88
26 -88
26 -88
26 -88
26 -88
26 -88
26 -88
26 -88
26 -88
26 -88
26 -88
26 -88
26 -88
26 -88
26 -88
26 -88
26 -88
26 -88
26 -88
26 -88
26 -88
26 -88
26 -88
26 -88
26 -88
26 -88
26 -88
26 -88
26 -88
26 -88
24 -84
24 -84
24 -84
24 -84
24 -84
24 -84
24 -84
24 -84
24 -84
24 -84
24 -84
24 -84
24 -84
24 -84
24 -84
24 -84
24 -84
24 -84
24 -84
24 -84
24 -84
24 -84
24 -84
24 -84
24 -84
24 -84
24 -84
24 -84
24 -84
24 -84
24 -84
21 -86
23 -85
23 -85
23 -85
23 -85
23 -85
23 -85
23 -85
23 -85
23 -85
23 -85
23 -85
23 -85
23 -85
23 -85
23 -85
26 -90
26 -90
26 -90
26 -90
26 -90
26 -90
26 -90
26 -90
26 -90
26 -90
26 -90
26 -90
26 -90
26 -90
26 -90
26 -90
26 -90
26 -90
26 -90
26 -90
26 -90
26 -90
26 -90
26 -90
26 -90
26 -90
26 -90
26 -90
26 -90
26 -90
26 -90
26 -90
26 -90
26 -90
17 -93
17 -93
17 -93
17 -93
17 -93
17 -93
17 -93
17 -93
17 -93
17 -93
17 -93
17 -93
17 -93
17 -93
17 -93
17 -93
22 -93
22 -93
22 -93
22 -93
22 -93
22 -93
22 -93
22 -93
22 -93
22 -93
22 -93
22 -93
22 -93
22 -93
22 -93
22 -93
22 -93
22 -93
22 -93
22 -93
22 -93
22 -93
22 -93
22 -93
22 -93
22 -93
22 -93
22 -93
22 -93
22 -93
22 -93
14 -85
14 -85
14 -85
14 -85
14 -85
14 -85
14 -85
14 -85
14 -85
14 -85
14 -85
14 -85
14 -85
14 -85
14 -85
14 -85
14 -85
14 -85
14 -85
14 -85
14 -85
14 -85
14 -85
14 -85
14 -85
14 -85
14 -85
14 -85
14 -85
14 -85
14 -85
14 -85
14 -85
14 -85
14 -85
14 -85
14 -85
12 -93
12 -93
12 -93
12 -93
12 -93
12 -93
12 -93
12 -93
12 -93
12 -93
12 -93
12 -93
12 -93
12 -93
12 -93
12 -93
12 -93
12 -93
12 -93
12 -93
12 -93
12 -93
12 -93
12 -93
12 -93
12 -93
12 -93
12 -93
12 -93
12 -93
12 -93
12 -93
11 -86
11 -86
11 -86
11 -86
11 -86
11 -86
11 -86
11 -86
11 -86
11 -86
11 -86
11 -86
11 -86
11 -86
11 -86
11 -86
11 -86
11 -86
11 -86
11 -86
11 -86
11 -86
11 -86
11 -86
11 -86
11 -86
11 -86
11 -86
11 -86
11 -86
11 -86
11 -86
11 -86
2 -89
2 -89
2 -89
2 -89
2 -89
2 -89
2 -89
2 -89
2 -89
2 -89
2 -89
2 -89
2 -89
2 -89
2 -89
2 -89
2 -89
-2 -77
-2 -77
-2 -77
-2 -77
-2 -77
-2 -77
-2 -77
-2 -77
-2 -77
-2 -77
-2 -77
-2 -77
-2 -77
-2 -77
-2 -77
-2 -77
-2 -77
-2 -77
-2 -77
-2 -77
-2 -77
-2 -77
-2 -77
-2 -77
-2 -77
-2 -77
-2 -77
-2 -77
-2 -77
-2 -77
-2 -77
-2 -77
-5 -84
-6 -80
-6 -80
-6 -80
-6 -80
-6 -80
-6 -80
-6 -80
-6 -80
-6 -80
-6 -80
-6 -80
-6 -80
-6 -80
-6 -80
-6 -80
-6 -80
-6 -80
-6 -80
-6 -80
-6 -80
-6 -80
-6 -80
-6 -80
-6 -80
-6 -80
-6 -80
-6 -80
-6 -80
-6 -80
-5 -70
-5 -70
-5 -70
-5 -70
-5 -70
-5 -70
-5 -70
-5 -70
-5 -70
-5 -70
-5 -70
-5 -70
-5 -70
-5 -70
-8 -70
-8 -70
-8 -70
-8 -70
-8 -70
-8 -70
-8 -70
-8 -70
-8 -70
-8 -70
-8 -70
-8 -70
-8 -70
-8 -70
-8 -70
-8 -70
-8 -70
-8 -70
-7 -65
-7 -65
-7 -65
-7 -65
-7 -65
-7 -65
-7 -65
-7 -65
-7 -65
-7 -65
-7 -65
-7 -65
-7 -65
-7 -65
-7 -65
-7 -65
-7 -65
-7 -65
-7 -65
-7 -65
-7 -65
-7 -65
-7 -65
-7 -65
-7 -65
-7 -65
-7 -65
-7 -65
-7 -65
-7 -65
-7 -65
-7 -65
-7 -65
-7 -65
-7 -65
-7 -65
-12 -65
-12 -65
-12 -65
-12 -65
-12 -65
-12 -65
-12 -65
-12 -65
-12 -65
-12 -65
-12 -65
-12 -65
-12 -65
-12 -65
-12 -65
-12 -65
-12 -65
-12 -65
-12 -65
-12 -65
-12 -65
-12 -65
-12 -65
-12 -65
-12 -65
-12 -65
-12 -65
-12 -65
-12 -65
-12 -65
-12 -65
-12 -65
-12 -65
-12 -65
-12 -65
-12 -65
-7 -58
-7 -58
-7 -58
-7 -58
-7 -58
-7 -58
-7 -58
-7 -58
-7 -58
-7 -58
-7 -58
-7 -58
-7 -58
-7 -58
-7 -58
-7 -58
-7 -58
-7 -58
-7 -58
-7 -58
-7 -58
-7 -58
-7 -58
-7 -58
-7 -58
-7 -58
-7 -58
-7 -58
-7 -58
-7 -58
-7 -58
-8 -51
-5 -49
-5 -49
-5 -49
-5 -49
-5 -49
-5 -49
-5 -49
-5 -49
-5 -49
-5 -49
-5 -49
-5 -49
-5 -49
-5 -49
-5 -49
-5 -49
-5 -49
-5 -49
-5 -49
-5 -49
-5 -49
-5 -49
-5 -49
-5 -49
-5 -49
-5 -49
-5 -49
-5 -49
-5 -49
-5 -49
-5 -49
-5 -49
-5 -49
-4 -45
-4 -45
-4 -45
-4 -45
-4 -45
-4 -45
-4 -45
-4 -45
-4 -45
-4 -45
-4 -45
-4 -45
-4 -45
-4 -45
-4 -45
-4 -45
-4 -45
-6 -38
-6 -38
-6 -38
-6 -38
-6 -38
-6 -38
-6 -38
-6 -38
-6 -38
-6 -38
-6 -38
-6 -38
-6 -38
-6 -38
-6 -38
-6 -38
-6 -38
-6 -38
-6 -38
-6 -38
-6 -38
-6 -38
-6 -38
-6 -38
-6 -38
-6 -38
-6 -38
-6 -38
-6 -38
-6 -38
-6 -38
-6 -38
-6 -38
-6 -38
-6 -38
-6 -38
-6 -38
-6 -38
-6 -38
-7 -31
-7 -31
-7 -31
-7 -31
-7 -31
-7 -31
-7 -31
-7 -31
-7 -31
-7 -31
-7 -31
-7 -31
-7 -31
-7 -31
-7 -31
-7 -31
-7 -31
-7 -31
-7 -31
-7 -31
-7 -31
-7 -31
-7 -31
-7 -31
-7 -31
-7 -31
-7 -31
-7 -31
-7 -31
-7 -31
-7 -31
-7 -31
-7 -31
-7 -31
-7 -31
-7 -31
-5 -26
-5 -26
-5 -26
-5 -26
-5 -26
-5 -26
-5 -26
-5 -26
-5 -26
-5 -26
-5 -26
-5 -26
-5 -26
-5 -26
-5 -26
-5 -26
-5 -26
-5 -26
-5 -26
-5 -26
-5 -26
-5 -26
-5 -26
-5 -26
-5 -26
-5 -26
-5 -26
-5 -26
-5 -26
-5 -26
-5 -26
-5 -26
-5 -26
-5 -26
-5 -26
-6 -25
-6 -25
-6 -25
-6 -25
-6 -25
-6 -25
-6 -25
-6 -25
-6 -25
-6 -25
-6 -25
-6 -25
-6 -25
-6 -25
-6 -25
-6 -25
-6 -25
-3 -17
-3 -17
-3 -17
-3 -17
-3 -17
-3 -17
-3 -17
-3 -17
-3 -17
-3 -17
-3 -17
-3 -17
-3 -17
-3 -17
-3 -17
-3 -17
-3 -17
-3 -13
-3 -13
-3 -13
-3 -13
-3 -13
-3 -13
-3 -13
-3 -13
-3 -13
-3 -13
-3 -13
-3 -13
-3 -13
-3 -13
-3 -13
-3 -13
-3 -13
-3 -13
-3 -13
-3 -13
-3 -13
-3 -13
-3 -13
-3 -13
-3 -13
-3 -13
-3 -13
-3 -13
-3 -13
-3 -13
-3 -13
-3 -13
-3 -13
-2 -9
-2 -9
-2 -9
-2 -9
-2 -9
-2 -9
-2 -9
-2 -9
-2 -9
-2 -9
-2 -9
-2 -9
-2 -9
-2 -9
-2 -9
-2 -9
-2 -9
-2 -9
-2 -9
-2 -9
-2 -9
-2 -9
-2 -9
-2 -9
-2 -9
-2 -9
-2 -9
-2 -9
-2 -9
-2 -9
-2 -9
-2 -9
-2 -9
-2 -9
-1 -1
-1 -1
-1 -1
-1 -1
-1 -1
-1 -1
-1 -1
-1 -1
-1 -1
-1 -1
-1 -1
-1 -1
-1 -1
-1 -1
-1 -1
-1 -1
-1 -1
-1 -1
-1 -1
-1 -1
-1 -1
-1 -1
-1 -1
-1 -1
-1 -1
-1 -1
-1 -1
-1 -1
-1 -1
-1 -1
-1 -1
-1 -1
-1 -1
-1 -1
-1 -1
-1 -1
-1 -1
-1 -1
-1 -1
-1 -1
-1 -1
-1 -1
-1 -1
-1 -1
-1 -1
-1 -1
-1 -1
-1 -1
-1 -1
-1 -1
-1 -1
-1 -1
-1 -1
-1 -1
-1 -1
-1 -1
-1 -1
-1 -1
-1 -1
-1 0
-1 0
-1 0
-1 0
-1 0
-1 0
-1 0
-1 0
-1 0
-1 0
-1 0
-1 0
-1 0
-1 0
-1 0
-1 0
-1 0
-1 0
-1 0
-1 0
-1 0
-1 0
-1 0
-1 0
-1 0
-1 0
-1 0
-1 0
-1 0
-1 0
-1 0
-1 0
-1 0
-1 0
-1 0
-1 0
-1 0
-1 0
-1 0
-1 0
-1 0
-1 0
-1 0
-1 0
-1 0
-1 0
-1 0
-1 0
-1 0
-1 0
-1 0
-1 0
-1 0
-1 0
-1 0
-1 0
-1 0
-1 0
-1 0
-1 0
-1 0
-1 0
-1 0
-1 0
-1 0
-1 0
-1 0
-1 0
-1 0
-1 0
-1 0
-1 0
-1 0
-1 0
-1 0
-1 0
-1 0
-1 0
-1 0
-1 0
-1 0
-1 0
-1 0
-1 0
-1 0
-1 0
-1 0
-1 0
-1 0
-1 0
-1 0
-1 0
-1 0
-1 0
-1 0
-1 0
-1 0
-1 0
-1 0
-1 0
-1 0
-1 0
-1 0
-1 0
-1 0
-1 0
-1 0
-1 0
-1 0
-1 0
-1 0
-1 0
-1 0
-1 0
-1 0
-1 0
-1 0
-1 0
-1 0
-1 0
-1 0
-1 0
-1 0
-1 0
-1 0
-1 0
-1 0
-1 0
-1 0
-1 0
-1 0
-1 0
-1 0
-1 0
-1 0
-1 0
-1 0
-1 0
-1 0
-1 0
-1 0
-1 0
-1 0
-1 0
-1 0
-1 0
-1 0
-1 0
-1 0
-1 0
-1 0
-1 0
-1 0
-1 0
-1 0
-1 0
-1 0
-1 0
-1 0
-1 0
-1 0
-1 0
-1 0
-1 0
-1 0
-1 0
-1 0
-1 0
-1 0
-1 0
-1 0
-1 0
-1 0
-1 0
-1 0
-1 0
-1 0
-1 0
-1 0
-1 0
-1 0
-1 0
-1 0
-1 0
-1 0
-1 0
-1 0
-1 0
-1 0
-1 0
-1 0
-1 0
-1 0
-1 0
-1 0
-1 0
-1 0
-1 0
-1 0
-1 0
-1 0
-1 0
-1 0
-1 0
-1 0
-1 0
-1 0
-1 0
-1 0
-1 0
-1 0
-1 0
-1 0
-1 0
-1 0
-1 0
-1 0
-1 0
-1 0
-1 0
-1 0
-1 0
-1 0
-1 0
-1 0
1 0
1 0
1 0
1 0
1 0
1 0
1 0
1 0
1 0
1 0
1 0
1 0
1 0
1 0
1 0
1 0
1 0
1 0
1 0
1 0
1 0
1 0
1 0
1 0
1 0
1 0
1 0
1 0
1 0
1 0
1 0
1 0
1 0
1 0
1 0
1 0
1 0
1 0
1 0
1 0
1 0
1 0
1 0
1 0
1 0
1 0
1 0
1 0
1 0
1 0
1 0
1 0
1 0
1 0
1 0
1 0
1 0
1 0
1 0
1 0
1 0
1 0
1 0
1 0
1 0
1 0
1 0
1 0
1 0
1 0
1 0
1 0
1 0
1 0
1 0
1 0
1 0
1 0
1 0
1 0
1 0
1 0
1 0
1 0
1 0
1 0
1 0
1 0
1 0
1 0
1 0
1 0
1 0
1 0
1 0
1 0
1 0
1 0
1 0
1 0
1 0
1 0
1 0
1 0
1 0
1 0
1 0
1 0
1 0
1 0
1 0
1 0
1 0
1 0
1 0
1 0
1 0
1 0
1 0
1 0
1 0
1 0
1 0
1 0
1 0
1 0
1 0
1 0
1 0
1 0
1 0
1 0
1 0
1 0
1 0
1 0
1 0
1 0
1 0
1 0
1 0
1 0
1 0
1 0
1 0
1 0
1 0
1 0
1 0
1 0
1 0
1 0
1 0
1 0
1 0
1 0
1 0
1 0
1 0
1 0
1 0
1 0
1 0
1 0
1 0
1 0
1 0
1 0
1 0
1 0
1 0
1 0
1 0
1 0
1 0
1 0
1 0
1 0
1 0
1 0
1 0
1 0
1 0
1 0
1 0
1 0
1 0
1 0
1 0
1 0
1 0
1 0
1 0
1 0
1 0
1 0
1 0
1 0
1 0
1 0
1 0
1 0
1 0
1 0
1 0
1 0
1 0
1 0
1 0
1 0
1 0
1 0
1 0
1 0
1 0
1 0
1 0
1 0
1 0
1 0
1 0
1 0
1 0
1 0
1 0
1 0
1 0
1 0
1 0
1 0
1 0
1 0
1 0
1 0
1 0
1 0
1 0
1 0
1 0
1 0
1 0
1 0
1 0
1 0
1 0
1 0
1 0
1 0
1 0
1 0
1 0
1 0
1 0
1 0
1 0
1 0
1 0
1 0
1 0
1 0
1 0
1 0
1 0
1 0
1 0
1 0
1 0
1 0
1 0
1 0
1 0
1 0
1 0
1 0
1 0
1 0
1 0
1 0
1 0
1 0
1 0
1 0
1 0
1 0
1 0
1 0
1 0
1 0
1 0
1 0
1 0
1 0
1 0
1 0
1 0
1 0
1 0
1 0
1 0
1 0
1 0
1 0
1 0
1 0
1 0
1 0
1 0
1 0
1 0
1 0
1 0
1 0
1 0
1 0
1 0
1 0
1 0
1 0
1 0
1 0
1 0
1 0
1 0
1 0
1 0
1 0
1 0
1 0
1 0
1 0
1 0
1 0
1 0
1 0
1 0
1 0
1 0
1 0
1 0
1 0
1 0
1 0
1 0
1 0
1 0
1 0
1 0
1 0
1 0
1 0
1 0
1 0
1 0
1 0
1 0
1 0
1 0
1 0
1 0
1 0
1 0
1 0
1 0
1 0
1 0
1 0
1 0
1 0
1 0
1 0
1 0
1 0
1 0
1 0
1 0
1 0
1 0
1 0
1 0
1 0
1 0
1 0
1 0
1 0
1 0
1 0
1 0
1 0
1 0
1 0
1 0
1 0
1 0
1 0
1 0
1 0
1 0
1 0
1 0
1 0
1 0
1 0
1 0
1 0
1 0
1 0
1 0
1 0
1 0
1 0
1 0
1 0
1 0
1 0
1 0
1 0
1 0
1 0
1 0
1 0
1 0
1 0
1 0
1 0
1 0
1 0
1 0
1 0
1 0
1 0
1 0
1 0
1 0
1 0
1 0
1 0
1 0
1 0
1 0
1 0
1 0
1 0
1 0
1 0
1 0
1 0
1 0
1 0
1 0
1 0
1 0
1 0
1 0
1 0
1 0
1 0
1 0
1 0
1 0
1 0
1 0
1 0
1 0
1 0
1 0
1 0
1 0
1 0
1 0
1 0
1 0
1 0
1 0
1 0
1 0
1 0
1 0
1 0
1 0
1 0
1 0
1 0
1 0
1 0
1 0
1 0
1 0
1 0
1 0
1 0
1 0
1 0
1 0
1 0
1 0
1 0
1 0
1 0
1 0
1 0
1 0
1 0
1 0
1 0
1 0
1 0
1 0
1 0
1 0
1 0
1 0
1 0
1 0
1 0
1 0
1 0
1 0
1 0
1 0
1 0
1 0
1 0
1 0
1 0
1 0
1 0
1 0
1 0
1 0
1 0
1 0
1 0
1 0
1 0
1 0
1 0
1 0
1 0
1 0
1 0
1 0
1 0
1 0
1 0
1 0
1 0
1 0
1 0
1 0
1 0
1 0
1 0
1 0
1 0
1 0
1 0
1 0
1 0
1 0
1 0
1 0
1 0
1 0
1 0
1 0
1 0
1 0
1 0
1 0
1 0
1 0
1 0
1 0
1 0
1 0
1 0
1 0
1 0
1 0
1 0
1 0
1 0
1 0
1 0
1 0
1 0
1 0
1 0
1 0
1 0
1 0
1 0
1 0
1 0
1 0
1 0
1 0
1 0
1 0
1 0
1 0
1 0
1 0
1 0
1 0
1 0
1 0
1 0
1 0
1 0
1 0
1 0
1 0
1 0
1 0
1 0
1 0
1 0
1 0
1 0
1 0
1 0
1 0
1 0
1 0
1 0
1 0
1 0
1 0
1 0
1 0
1 0
1 0
1 0
1 0
1 0
1 0
1 0
1 0
1 0
1 0
1 0
1 0
1 0
1 0
1 0
1 0
1 0
1 0
1 0
1 0
1 0
1 0
1 0
1 0
1 0
1 0
1 0
1 0
1 0
1 0
1 0
1 0
1 0
1 0
1 0
1 0
1 0
1 0
1 0
1 0
1 0
1 0
1 0
1 0
1 0
1 0
1 0
1 0
1 0
1 0
1 0
1 0
1 0
1 0
1 0
1 0
1 0
1 0
1 0
1 0
1 0
1 0
1 0
1 0
1 0
1 0
1 0
1 0
1 0
1 0
1 0
1 0
1 0
1 0
1 0
1 0
1 0
1 0
1 0
1 0
1 0
1 0
1 0
1 0
1 0
1 0
1 0
1 0
1 0
1 0
1 0
1 0
1 0
1 0
1 0
1 0
1 0
1 0
1 0
1 0
1 0
1 0
1 0
1 0
1 0
1 0
1 0
1 0
1 0
1 0
1 0
1 0
1 0
1 0
1 0
1 0
1 0
1 0
1 0
1 0
1 0
1 0
1 0
1 0
1 0
1 0
1 0
1 0
1 0
1 0
1 0
1 0
1 0
1 0
1 0
1 0
1 0
1 0
1 0
1 0
1 0
1 0
1 0
1 0
1 0
1 0
1 0
1 0
1 0
1 0
1 0
1 0
1 0
1 0
1 0
1 0
1 0
1 0
1 0
1 0
1 0
1 0
1 0
1 0
1 0
1 0
1 0
1 0
1 0
1 0
1 0
1 0
1 0
1 0
1 0
1 0
1 0
1 0
1 0
1 0
1 0
1 0
1 0
1 0
1 0
1 0
1 0
1 0
1 0
1 0
1 0
1 0
1 0
1 0
1 0
1 0
1 0
1 0
1 0
1 0
1 0
1 0
1 0
1 0
1 0
1 0
1 0
1 0
1 0
1 0
1 0
1 0
1 0
1 0
1 0
1 0
1 0
1 0
1 0
1 0
1 0
1 0
1 0
1 0
1 0
1 0
1 0
1 0
1 0
1 0
1 0
1 0
1 0
1 0
1 0
1 0
1 0
1 0
1 0
1 0
1 0
1 0
1 0
1 0
1 0
1 0
1 0
1 0
1 0
1 0
1 0
1 0
1 0
1 0
1 0
1 0
1 0
1 0
1 0
1 0
1 0
1 0
1 0
1 0
1 0
1 0
1 0
1 0
1 0
1 0
1 0
1 0
1 0
1 0
1 0
1 0
1 0
1 0
1 0
1 0
1 0
1 0
1 0
1 0
1 0
1 0
1 0
1 0
1 0
1 0
1 0
1 0
1 0
1 0
1 0
1 0
1 0
1 0
1 0
1 0
1 0
1 0
1 0
1 0
1 0
1 0
1 0
1 0
1 0
1 0
1 0
1 0
1 0
1 0
1 0
1 0
1 0
1 0
1 0
1 0
1 0
1 0
1 0
1 0
1 0
1 0
1 0
1 0
1 0
1 0
1 0
1 0
1 0
1 0
1 0
1 0
1 0
1 0
1 0
1 0
1 0
1 0
1 0
1 0
1 0
1 0
1 0
1 0
1 0
1 0
1 0
1 0
1 0
1 0
1 0
1 0
1 0
1 0
1 0
1 0
1 0
1 0
1 0
1 0
1 0
1 0
1 0
1 0
1 0
1 0
1 0
1 0
1 0
1 0
1 0
1 0
1 0
1 0
1 0
1 0
1 0
1 0
1 0
1 0
1 0
1 0
1 0
1 0
1 0
1 0
1 0
1 0
1 0
1 0
1 0
1 0
1 0
1 0
1 0
1 0
1 0
1 0
1 0
1 0
1 0
1 0
1 0
1 0
1 0
1 0
1 0
1 0
1 0
1 0
1 0
1 0
1 0
1 0
1 0
1 0
1 0
1 0
1 0
1 0
1 0
1 0
1 0
1 0
1 0
1 0
1 0
1 0
1 0
1 0
1 0
1 0
1 0
