13 58
19 52
19 52
19 52
19 52
19 52
19 52
19 52
19 52
19 52
19 52
19 52
19 52
19 52
19 52
19 52
19 52
19 52
19 52
19 52
19 52
19 52
19 52
24 59
24 59
24 59
24 59
24 59
24 59
24 59
24 59
24 59
24 59
24 59
24 59
24 59
24 59
24 59
24 59
24 59
24 59
24 59
28 62
28 62
28 62
28 62
28 62
28 62
28 62
28 62
28 62
28 62
28 62
28 62
28 62
28 62
28 62
28 62
28 62
28 62
28 62
28 62
31 55
31 55
31 55
31 55
31 55
31 55
31 55
31 55
31 55
31 55
31 55
31 55
31 55
31 55
31 55
31 55
31 55
31 55
31 55
31 55
31 55
31 55
31 55
31 55
31 55
31 55
31 55
31 55
31 55
31 55
31 55
31 55
31 55
31 55
31 55
31 55
31 55
31 55
31 64
31 64
31 64
31 64
31 64
31 64
31 64
31 64
31 64
31 64
31 64
31 64
31 64
31 64
31 64
31 64
31 64
31 64
31 64
31 64
26 54
26 54
26 54
26 54
26 54
26 54
26 54
26 54
26 54
26 54
26 54
26 54
26 54
26 54
26 54
26 54
26 54
26 54
26 54
26 54
26 54
26 54
26 54
26 54
26 54
26 54
26 54
26 54
26 54
26 54
26 54
26 54
26 54
26 54
26 54
26 54
26 54
26 54
37 60
37 60
37 60
37 60
37 60
37 60
37 60
37 60
37 60
37 60
37 60
37 60
37 60
37 60
37 60
37 60
37 60
37 60
37 60
37 60
37 60
37 60
37 60
37 60
37 60
37 60
37 60
37 60
37 60
37 60
37 60
37 60
37 60
37 60
37 60
37 60
37 60
37 60
37 60
37 60
37 60
37 60
35 53
29 49
29 49
29 49
29 49
29 49
29 49
29 49
29 49
29 49
29 49
29 49
29 49
29 49
29 49
29 49
29 49
29 49
29 49
29 49
29 49
29 49
29 49
29 49
29 49
29 49
29 49
29 49
29 49
29 49
29 49
29 49
29 49
29 49
29 49
29 49
29 49
29 49
29 49
29 49
29 49
53 57
53 57
53 57
53 57
53 57
53 57
53 57
53 57
53 57
53 57
53 57
53 57
53 57
53 57
53 57
53 57
53 57
53 57
53 57
53 57
53 57
50 58
50 58
50 58
50 58
50 58
50 58
50 58
50 58
50 58
50 58
50 58
50 58
50 58
50 58
50 58
50 58
50 58
50 58
50 58
50 58
50 58
50 58
50 58
50 58
50 58
50 58
50 58
50 58
50 58
50 58
50 58
50 58
50 58
50 58
50 58
50 58
50 58
50 58
50 58
50 58
50 58
42 49
42 49
42 49
42 49
42 49
42 49
42 49
42 49
42 49
42 49
42 49
42 49
42 49
42 49
42 49
42 49
42 49
42 49
42 49
42 49
37 49
37 49
37 49
37 49
37 49
37 49
37 49
37 49
37 49
37 49
37 49
37 49
37 49
37 49
37 49
37 49
37 49
37 49
37 49
48 44
48 44
48 44
48 44
48 44
48 44
48 44
48 44
48 44
48 44
48 44
48 44
48 44
48 44
48 44
48 44
48 44
48 44
48 44
48 44
48 44
48 44
48 44
48 44
48 44
48 44
48 44
48 44
48 44
48 44
48 44
48 44
48 44
48 44
48 44
48 44
48 44
48 44
48 44
48 44
48 44
48 44
44 41
44 41
44 41
44 41
44 41
44 41
44 41
44 41
44 41
44 41
44 41
44 41
44 41
44 41
44 41
44 41
44 41
44 41
44 41
44 41
44 41
53 42
53 42
53 42
53 42
53 42
53 42
53 42
53 42
53 42
53 42
53 42
53 42
53 42
53 42
53 42
53 42
53 42
53 42
53 42
53 42
53 42
53 42
53 42
51 42
51 42
51 42
51 42
51 42
51 42
51 42
51 42
51 42
51 42
51 42
51 42
51 42
51 42
51 42
51 42
51 42
51 42
51 42
51 42
51 42
51 42
51 42
51 42
51 42
51 42
51 42
51 42
51 42
51 42
51 42
51 42
51 42
51 42
51 42
51 42
51 42
51 42
51 42
51 42
51 42
56 36
56 36
56 36
56 36
56 36
56 36
56 36
56 36
56 36
56 36
56 36
56 36
56 36
56 36
56 36
56 36
56 36
56 36
56 36
56 36
56 36
54 39
54 39
54 39
54 39
54 39
54 39
54 39
54 39
54 39
54 39
54 39
54 39
54 39
54 39
54 39
54 39
54 39
54 39
54 39
54 39
54 39
54 39
54 39
54 39
54 39
54 39
54 39
54 39
54 39
54 39
54 39
54 39
54 39
54 39
54 39
54 39
54 39
54 39
54 39
54 39
54 39
54 39
54 39
54 39
54 39
54 39
54 39
54 39
56 32
56 32
56 32
56 32
56 32
56 32
56 32
56 32
56 32
56 32
56 32
56 32
56 32
56 32
56 32
56 32
56 32
56 32
56 32
56 32
56 32
59 28
59 28
59 28
59 28
59 28
59 28
59 28
59 28
59 28
59 28
59 28
59 28
59 28
59 28
59 28
59 28
59 28
59 28
59 28
59 28
59 28
59 28
59 28
60 31
60 31
60 31
60 31
60 31
60 31
60 31
60 31
60 31
60 31
60 31
60 31
60 31
60 31
60 31
60 31
60 31
60 31
60 31
60 31
60 31
60 31
60 31
60 31
60 31
60 31
60 31
60 31
60 31
60 31
60 31
60 31
60 31
60 31
60 31
60 31
60 31
60 31
60 31
60 31
60 31
60 31
60 31
60 31
65 32
65 32
65 32
65 32
65 32
65 32
65 32
65 32
65 32
65 32
65 32
65 32
65 32
65 32
65 32
65 32
65 32
65 32
65 32
65 32
65 32
65 32
65 32
65 32
65 32
65 32
65 31
65 31
65 31
65 31
65 31
65 31
65 31
65 31
65 31
65 31
65 31
65 31
65 31
65 31
65 31
65 31
65 31
65 31
65 31
65 31
65 31
65 31
65 31
65 31
65 31
65 31
65 31
65 31
65 31
65 31
65 31
65 31
65 31
65 31
65 31
65 31
65 31
65 31
65 31
65 31
65 31
65 31
65 31
65 31
65 31
65 31
65 31
65 31
65 31
65 31
65 31
65 31
65 31
65 31
65 31
60 25
60 25
60 25
60 25
60 25
60 25
60 25
60 25
60 25
60 25
60 25
60 25
60 25
60 25
60 25
60 25
60 25
60 25
60 25
60 25
60 25
60 25
60 25
60 25
60 25
60 25
59 28
59 28
59 28
59 28
59 28
59 28
59 28
59 28
59 28
59 28
59 28
59 28
59 28
59 28
59 28
59 28
59 28
59 28
59 28
59 28
59 28
59 28
59 28
59 28
59 28
59 28
59 28
59 28
59 28
59 28
59 28
59 28
59 28
59 28
59 28
59 28
59 28
59 28
59 28
59 28
59 28
59 28
59 28
59 28
59 28
59 28
59 28
59 28
59 28
59 28
59 28
59 28
59 28
59 28
59 28
66 25
66 25
66 25
66 25
66 25
66 25
66 25
66 25
66 25
66 25
66 25
66 25
66 25
66 25
66 25
66 25
66 25
66 25
66 25
66 25
66 25
66 25
66 25
66 25
66 25
66 25
66 25
66 25
60 24
60 24
60 24
60 24
60 24
60 24
60 24
60 24
60 24
60 24
60 24
60 24
60 24
60 24
60 24
60 24
60 24
60 24
60 24
60 24
60 24
59 26
59 26
59 26
59 26
59 26
59 26
59 26
59 26
59 26
59 26
59 26
59 26
59 26
59 26
59 26
59 26
59 26
59 26
59 26
59 26
59 26
59 26
59 26
59 26
62 20
62 20
62 20
62 20
62 20
62 20
62 20
62 20
62 20
62 20
62 20
62 20
62 20
62 20
62 20
62 20
62 20
62 20
62 20
62 20
62 20
62 20
62 20
62 20
62 20
62 20
62 20
62 20
62 20
62 20
62 20
62 20
62 20
62 20
62 20
62 20
62 20
62 20
62 20
62 20
62 20
62 20
62 20
62 20
62 20
62 20
62 20
62 20
62 20
62 20
62 20
62 20
62 20
62 20
62 20
62 20
62 20
62 20
62 20
62 20
62 20
62 20
62 20
62 20
62 20
62 20
62 20
62 20
65 18
60 14
60 14
60 14
60 14
60 14
60 14
60 14
60 14
60 14
60 14
60 14
60 14
60 14
60 14
60 14
60 14
60 14
60 14
60 14
60 14
60 14
60 14
60 14
60 14
60 14
60 14
60 14
60 14
60 14
60 14
60 14
60 14
60 14
60 14
60 14
60 14
60 14
60 14
60 14
60 14
60 14
59 13
59 13
59 13
59 13
59 13
59 13
59 13
59 13
59 13
59 13
59 13
59 13
59 13
59 13
59 13
59 13
59 13
59 13
59 13
59 13
59 13
64 4
64 4
64 4
64 4
64 4
64 4
64 4
64 4
64 4
64 4
64 4
64 4
64 4
64 4
64 4
64 4
64 4
64 4
64 4
64 4
64 4
64 4
64 4
64 4
64 4
64 4
64 4
64 4
64 4
64 4
64 4
64 4
64 4
64 4
64 4
64 4
64 4
64 4
64 4
64 4
64 4
64 4
64 4
64 4
60 10
60 10
60 10
60 10
60 10
60 10
60 10
60 10
60 10
60 10
60 10
60 10
60 10
60 10
60 10
60 10
60 10
60 10
60 10
60 10
60 10
58 3
58 3
58 3
58 3
58 3
58 3
58 3
58 3
58 3
58 3
58 3
58 3
58 3
58 3
58 3
58 3
58 3
58 3
58 3
58 3
58 3
64 0
64 0
64 0
64 0
64 0
64 0
64 0
64 0
64 0
64 0
64 0
64 0
64 0
64 0
64 0
64 0
64 0
64 0
64 0
64 0
64 0
64 0
64 0
64 0
64 0
64 0
64 0
64 0
64 0
64 0
64 0
64 0
64 0
64 0
64 0
64 0
64 0
64 0
64 0
64 0
64 0
64 0
64 0
64 0
64 5
64 5
64 5
64 5
64 5
64 5
64 5
64 5
64 5
64 5
64 5
64 5
64 5
64 5
64 5
64 5
64 5
64 5
64 5
64 5
64 5
66 2
66 2
66 2
66 2
66 2
66 2
66 2
66 2
66 2
66 2
66 2
66 2
66 2
66 2
66 2
66 2
66 2
66 2
66 2
66 2
66 2
66 2
66 2
63 -5
63 -5
63 -5
63 -5
63 -5
63 -5
63 -5
63 -5
63 -5
63 -5
63 -5
63 -5
63 -5
63 -5
63 -5
63 -5
63 -5
63 -5
63 -5
63 -5
63 -5
63 -5
63 -5
63 -5
63 -5
63 -5
63 -5
63 -5
63 -5
63 -5
63 -5
63 -5
63 -5
63 -5
63 -5
63 -5
63 -5
63 -5
63 -5
63 -5
63 -5
63 -5
63 -5
63 -5
63 -5
63 -5
63 -5
67 -2
67 -2
67 -2
67 -2
67 -2
67 -2
67 -2
67 -2
67 -2
67 -2
67 -2
67 -2
67 -2
67 -2
67 -2
67 -2
67 -2
67 -2
67 -2
67 -2
67 -2
72 -3
72 -3
72 -3
72 -3
72 -3
72 -3
72 -3
72 -3
72 -3
72 -3
72 -3
72 -3
72 -3
72 -3
72 -3
72 -3
72 -3
72 -3
72 -3
72 -3
72 -3
72 -3
72 -3
72 -3
72 -3
72 -3
72 -3
72 -3
72 -3
72 -3
72 -3
72 -3
72 -3
72 -3
72 -3
72 -3
72 -3
72 -3
72 -3
72 -3
72 -3
72 -3
72 -3
72 -3
72 -3
72 -3
72 -3
72 -3
73 -10
73 -10
73 -10
73 -10
73 -10
73 -10
73 -10
73 -10
73 -10
73 -10
73 -10
73 -10
73 -10
73 -10
73 -10
73 -10
73 -10
73 -10
73 -10
73 -10
73 -10
73 -10
73 -7
73 -7
73 -7
73 -7
73 -7
73 -7
73 -7
73 -7
73 -7
73 -7
73 -7
73 -7
73 -7
73 -7
73 -7
73 -7
73 -7
73 -7
73 -7
73 -7
73 -7
73 -7
73 -7
72 -7
72 -7
72 -7
72 -7
72 -7
72 -7
72 -7
72 -7
72 -7
72 -7
72 -7
72 -7
72 -7
72 -7
72 -7
72 -7
72 -7
72 -7
72 -7
72 -7
72 -7
72 -7
72 -7
72 -7
72 -7
72 -7
72 -7
72 -7
72 -7
72 -7
72 -7
72 -7
72 -7
72 -7
72 -7
72 -7
72 -7
72 -7
72 -7
72 -7
72 -7
72 -7
72 -7
72 -7
72 -7
72 -7
72 -7
72 -7
72 -7
72 -7
72 -7
72 -7
74 -18
74 -18
74 -18
74 -18
74 -18
74 -18
74 -18
74 -18
74 -18
74 -18
74 -18
74 -18
74 -18
74 -18
74 -18
74 -18
74 -18
74 -18
74 -18
74 -18
74 -18
74 -18
74 -18
74 -18
74 -18
74 -18
74 -18
74 -18
74 -18
74 -18
74 -18
74 -18
74 -18
74 -18
74 -18
74 -18
74 -18
74 -18
74 -18
74 -18
74 -18
74 -18
74 -18
74 -18
74 -18
74 -18
74 -18
74 -18
74 -18
74 -18
74 -18
74 -18
74 -18
74 -18
74 -18
74 -18
82 -11
82 -11
82 -11
82 -11
82 -11
82 -11
82 -11
82 -11
82 -11
82 -11
82 -11
82 -11
82 -11
82 -11
82 -11
82 -11
82 -11
82 -11
82 -11
82 -11
82 -11
82 -11
82 -11
82 -11
82 -11
82 -11
80 -10
80 -10
80 -10
80 -10
80 -10
80 -10
80 -10
80 -10
80 -10
80 -10
80 -10
80 -10
80 -10
80 -10
80 -10
80 -10
80 -10
80 -10
80 -10
80 -10
80 -10
80 -10
80 -10
80 -10
80 -10
81 -14
81 -14
81 -14
81 -14
81 -14
81 -14
81 -14
81 -14
81 -14
81 -14
81 -14
81 -14
81 -14
81 -14
81 -14
81 -14
81 -14
81 -14
81 -14
81 -14
81 -14
81 -14
81 -14
81 -14
81 -14
81 -14
74 -20
74 -20
74 -20
74 -20
74 -20
74 -20
74 -20
74 -20
74 -20
74 -20
74 -20
74 -20
74 -20
74 -20
74 -20
74 -20
74 -20
74 -20
74 -20
74 -20
74 -20
74 -20
74 -20
74 -20
74 -20
74 -20
74 -20
74 -20
74 -20
74 -20
74 -20
74 -20
74 -20
74 -20
74 -20
74 -20
74 -20
74 -20
74 -20
74 -20
74 -20
74 -20
74 -20
74 -20
74 -20
74 -20
74 -20
74 -20
74 -20
74 -20
74 -20
74 -20
74 -20
74 -20
74 -20
74 -24
74 -24
74 -24
74 -24
74 -24
74 -24
74 -24
74 -24
74 -24
74 -24
74 -24
74 -24
74 -24
74 -24
74 -24
74 -24
74 -24
74 -24
74 -24
74 -24
74 -24
74 -24
74 -24
69 -28
69 -28
69 -28
69 -28
69 -28
69 -28
69 -28
69 -28
69 -28
69 -28
69 -28
69 -28
69 -28
69 -28
69 -28
69 -28
69 -28
69 -28
69 -28
69 -28
69 -28
69 -28
69 -28
70 -30
70 -30
70 -30
70 -30
70 -30
70 -30
70 -30
70 -30
70 -30
70 -30
70 -30
70 -30
70 -30
70 -30
70 -30
70 -30
70 -30
70 -30
70 -30
70 -30
70 -30
70 -30
70 -30
70 -30
70 -30
70 -30
70 -30
70 -30
70 -30
70 -30
70 -30
70 -30
70 -30
70 -30
70 -30
70 -30
70 -30
70 -30
70 -30
70 -30
70 -30
70 -30
70 -30
70 -30
70 -30
70 -30
70 -30
70 -30
70 -30
70 -30
70 -30
70 -30
70 -30
70 -30
70 -30
70 -30
70 -30
70 -30
70 -30
70 -30
70 -30
70 -30
70 -30
70 -30
70 -30
70 -30
70 -30
70 -30
70 -30
70 -30
70 -30
70 -30
70 -30
70 -30
70 -30
70 -30
65 -35
65 -35
65 -35
65 -35
65 -35
65 -35
65 -35
65 -35
65 -35
65 -35
65 -35
65 -35
65 -35
65 -35
65 -35
65 -35
65 -35
65 -35
65 -35
65 -35
65 -35
65 -35
65 -35
65 -35
65 -35
65 -35
65 -35
65 -35
65 -35
65 -35
65 -35
65 -35
65 -35
65 -35
65 -35
65 -35
65 -35
65 -35
65 -35
65 -35
65 -35
65 -35
65 -35
65 -35
65 -35
65 -35
65 -35
65 -35
65 -35
65 -35
65 -35
64 -40
64 -40
64 -40
64 -40
64 -40
64 -40
64 -40
64 -40
64 -40
64 -40
64 -40
64 -40
64 -40
64 -40
64 -40
64 -40
64 -40
64 -40
64 -40
64 -40
64 -40
64 -40
64 -40
64 -40
64 -40
61 -42
61 -42
61 -42
61 -42
61 -42
61 -42
61 -42
61 -42
61 -42
61 -42
61 -42
61 -42
61 -42
61 -42
61 -42
61 -42
61 -42
61 -42
61 -42
61 -42
61 -42
61 -42
46 -40
46 -40
46 -40
46 -40
46 -40
46 -40
46 -40
46 -40
46 -40
46 -40
46 -40
46 -40
46 -40
46 -40
46 -40
46 -40
46 -40
46 -40
46 -40
46 -40
46 -40
46 -40
46 -40
46 -40
46 -40
46 -40
46 -40
46 -40
46 -40
46 -40
46 -40
46 -40
46 -40
46 -40
46 -40
46 -40
46 -40
46 -40
46 -40
46 -40
46 -40
46 -40
46 -40
46 -40
46 -40
46 -40
46 -40
46 -40
46 -40
46 -40
46 -40
47 -50
47 -50
47 -50
47 -50
47 -50
47 -50
47 -50
47 -50
47 -50
47 -50
47 -50
47 -50
47 -50
47 -50
47 -50
47 -50
47 -50
47 -50
47 -50
47 -50
47 -50
47 -50
54 -52
54 -52
54 -52
54 -52
54 -52
54 -52
54 -52
54 -52
54 -52
54 -52
54 -52
54 -52
54 -52
54 -52
54 -52
54 -52
54 -52
54 -52
54 -52
54 -52
54 -52
54 -52
54 -52
54 -52
54 -52
54 -52
54 -52
54 -52
54 -52
54 -52
54 -52
54 -52
54 -52
54 -52
54 -52
54 -52
54 -52
54 -52
54 -52
54 -52
54 -52
44 -56
44 -56
44 -56
44 -56
44 -56
44 -56
44 -56
44 -56
44 -56
44 -56
44 -56
44 -56
44 -56
44 -56
44 -56
44 -56
44 -56
44 -56
44 -56
44 -56
44 -56
40 -52
40 -52
40 -52
40 -52
40 -52
40 -52
40 -52
40 -52
40 -52
40 -52
40 -52
40 -52
40 -52
40 -52
40 -52
40 -52
40 -52
40 -52
40 -52
40 -52
40 -52
40 -52
40 -52
40 -52
40 -52
40 -52
40 -52
40 -52
40 -52
40 -52
40 -52
40 -52
40 -52
40 -52
40 -52
40 -52
40 -52
40 -52
40 -52
40 -52
40 -52
40 -52
40 -52
40 -52
40 -52
40 -52
40 -52
40 -52
43 -58
43 -58
43 -58
43 -58
43 -58
43 -58
43 -58
43 -58
43 -58
43 -58
43 -58
43 -58
43 -58
43 -58
43 -58
43 -58
43 -58
43 -58
43 -58
43 -58
43 -58
43 -58
43 -58
47 -62
47 -62
47 -62
47 -62
47 -62
47 -62
47 -62
47 -62
47 -62
47 -62
47 -62
47 -62
47 -62
47 -62
47 -62
47 -62
47 -62
47 -62
47 -62
47 -62
47 -62
47 -62
47 -62
34 -56
34 -56
34 -56
34 -56
34 -56
34 -56
34 -56
34 -56
34 -56
34 -56
34 -56
34 -56
34 -56
34 -56
34 -56
34 -56
34 -56
34 -56
39 -67
39 -67
39 -67
39 -67
39 -67
39 -67
39 -67
39 -67
39 -67
39 -67
39 -67
39 -67
39 -67
39 -67
39 -67
39 -67
39 -67
39 -67
39 -67
39 -67
39 -67
39 -67
39 -67
39 -67
39 -67
39 -67
39 -67
39 -67
39 -67
39 -67
39 -67
39 -67
39 -67
39 -67
25 -61
25 -61
25 -61
25 -61
25 -61
25 -61
25 -61
25 -61
25 -61
25 -61
25 -61
25 -61
25 -61
25 -61
25 -61
35 -64
35 -64
35 -64
35 -64
35 -64
35 -64
35 -64
35 -64
35 -64
35 -64
35 -64
35 -64
35 -64
35 -64
35 -64
35 -64
35 -64
35 -64
35 -64
35 -64
35 -64
35 -64
35 -64
35 -64
35 -64
35 -64
35 -64
35 -64
35 -64
35 -64
35 -64
35 -64
35 -64
35 -64
27 -64
27 -64
27 -64
27 -64
27 -64
27 -64
27 -64
27 -64
27 -64
27 -64
27 -64
27 -64
27 -64
27 -64
27 -64
27 -64
27 -69
27 -69
27 -69
27 -69
27 -69
27 -69
27 -69
27 -69
27 -69
27 -69
27 -69
27 -69
27 -69
27 -69
25 -66
25 -66
25 -66
25 -66
25 -66
25 -66
25 -66
25 -66
25 -66
25 -66
25 -66
25 -66
25 -66
25 -66
25 -66
25 -66
25 -66
25 -66
25 -66
25 -66
25 -66
25 -66
25 -66
25 -66
25 -66
25 -66
25 -66
25 -66
25 -66
25 -66
25 -66
25 -66
25 -66
25 -66
14 -62
14 -62
14 -62
14 -62
14 -62
14 -62
14 -62
14 -62
14 -62
14 -62
14 -62
14 -62
14 -62
14 -62
14 -62
14 -62
14 -62
14 -62
16 -53
16 -53
16 -53
16 -53
16 -53
16 -53
16 -53
16 -53
16 -53
16 -53
16 -53
16 -53
16 -53
16 -53
16 -53
16 -53
16 -53
16 -53
16 -53
16 -53
16 -53
16 -53
16 -53
16 -53
16 -53
16 -53
16 -53
16 -53
16 -53
16 -53
16 -53
16 -53
16 -53
16 -53
16 -53
16 -53
16 -53
16 -53
12 -59
12 -59
12 -59
12 -59
12 -59
12 -59
12 -59
12 -59
12 -59
12 -59
12 -59
12 -59
12 -59
12 -59
12 -59
12 -59
12 -59
12 -59
12 -59
12 -59
12 -59
12 -59
12 -59
12 -59
12 -59
12 -59
12 -59
12 -59
12 -59
12 -59
12 -59
12 -59
12 -59
12 -54
12 -54
12 -54
12 -54
12 -54
12 -54
12 -54
12 -54
12 -54
12 -54
12 -54
12 -54
12 -54
12 -54
12 -54
12 -54
12 -54
12 -54
12 -54
12 -54
11 -58
11 -58
11 -58
11 -58
11 -58
11 -58
11 -58
11 -58
11 -58
11 -58
11 -58
11 -58
11 -58
11 -58
11 -58
11 -58
11 -58
11 -58
11 -58
7 -54
7 -54
7 -54
7 -54
7 -54
7 -54
7 -54
7 -54
7 -54
7 -54
7 -54
7 -54
7 -54
7 -54
7 -54
7 -54
7 -54
7 -54
7 -54
11 -53
11 -53
11 -53
11 -53
11 -53
11 -53
11 -53
11 -53
11 -53
11 -53
11 -53
11 -53
11 -53
11 -53
11 -53
11 -53
11 -53
11 -53
11 -53
11 -53
11 -53
11 -53
11 -53
11 -53
11 -53
11 -53
11 -53
11 -53
11 -53
11 -53
11 -53
11 -53
11 -53
11 -53
11 -53
8 -54
8 -54
8 -54
8 -54
8 -54
8 -54
8 -54
8 -54
8 -54
8 -54
8 -54
8 -54
8 -54
8 -54
8 -54
8 -54
8 -54
8 -54
8 -54
8 -54
8 -54
8 -54
8 -54
8 -54
8 -54
8 -54
8 -54
8 -54
8 -54
8 -54
8 -54
8 -54
8 -54
8 -54
8 -54
10 -59
10 -59
10 -59
10 -59
10 -59
10 -59
10 -59
10 -59
10 -59
10 -59
10 -59
10 -59
10 -59
10 -59
10 -59
10 -59
10 -59
10 -59
10 -59
10 -59
10 -59
10 -59
10 -59
10 -59
10 -59
10 -59
10 -59
10 -59
10 -59
10 -59
10 -59
10 -59
10 -59
11 -52
11 -52
11 -52
11 -52
11 -52
11 -52
11 -52
11 -52
11 -52
11 -52
11 -52
11 -52
11 -52
11 -52
11 -52
11 -52
11 -52
11 -52
17 -60
17 -60
17 -60
17 -60
17 -60
17 -60
17 -60
17 -60
17 -60
17 -60
17 -60
17 -60
17 -60
17 -60
17 -60
17 -60
17 -60
17 -60
17 -60
17 -60
17 -60
17 -60
17 -60
17 -60
17 -60
17 -60
17 -60
17 -60
17 -60
17 -60
17 -60
17 -60
5 -59
5 -59
5 -59
5 -59
5 -59
5 -59
5 -59
5 -59
5 -59
5 -59
5 -59
5 -59
5 -59
5 -59
5 -59
5 -59
10 -61
10 -61
10 -61
10 -61
10 -61
10 -61
10 -61
10 -61
10 -61
10 -61
10 -61
10 -61
10 -61
10 -61
10 -61
10 -61
10 -61
9 -59
9 -59
9 -59
9 -59
9 -59
9 -59
9 -59
9 -59
9 -59
9 -59
9 -59
9 -59
9 -59
9 -59
9 -59
9 -59
9 -59
9 -59
9 -59
9 -59
9 -59
9 -59
9 -59
9 -59
9 -59
9 -59
9 -59
9 -59
9 -59
9 -59
9 -59
9 -59
9 -59
9 -59
9 -59
9 -59
9 -59
9 -59
9 -59
9 -59
9 -59
9 -59
9 -59
9 -59
9 -59
9 -59
9 -59
9 -59
9 -59
9 -59
5 -57
2 -60
2 -60
2 -60
2 -60
2 -60
2 -60
2 -60
2 -60
2 -60
2 -60
2 -60
2 -60
2 -60
2 -60
2 -60
2 -60
5 -58
5 -58
5 -58
5 -58
5 -58
5 -58
5 -58
5 -58
5 -58
5 -58
5 -58
5 -58
5 -58
5 -58
5 -58
5 -58
5 -58
5 -58
5 -58
5 -58
5 -58
5 -58
5 -58
5 -58
5 -58
5 -58
5 -58
5 -58
5 -58
5 -58
5 -58
5 -58
5 -58
6 -66
6 -66
6 -66
6 -66
6 -66
6 -66
6 -66
6 -66
6 -66
6 -66
6 -66
6 -66
6 -66
6 -66
6 -66
6 -66
6 -66
6 -66
6 -66
6 -66
6 -66
6 -66
6 -66
6 -66
6 -66
6 -66
6 -66
6 -66
6 -66
6 -66
6 -66
6 -66
6 -66
6 -66
6 -64
6 -64
6 -64
6 -64
6 -64
6 -64
6 -64
6 -64
6 -64
6 -64
6 -64
6 -64
6 -64
6 -64
6 -64
6 -64
6 -64
6 -64
6 -64
6 -64
-1 -63
-1 -63
-1 -63
-1 -63
-1 -63
-1 -63
-1 -63
-1 -63
-1 -63
-1 -63
-1 -63
-1 -63
-1 -63
-1 -63
-1 -63
-1 -63
-1 -63
1 -61
1 -61
1 -61
1 -61
1 -61
1 -61
1 -61
1 -61
1 -61
1 -61
1 -61
1 -61
1 -61
1 -61
1 -61
1 -61
1 -61
1 -61
1 -61
1 -63
1 -63
1 -63
1 -63
1 -63
1 -63
1 -63
1 -63
1 -63
1 -63
1 -63
1 -63
1 -63
1 -63
1 -63
1 -63
1 -63
1 -63
1 -63
1 -63
1 -63
1 -63
1 -63
1 -63
1 -63
1 -63
1 -63
1 -63
1 -63
1 -63
1 -63
1 -63
1 -63
1 -63
1 -63
1 -63
1 -63
1 -63
-4 -68
-4 -68
-4 -68
-4 -68
-4 -68
-4 -68
-4 -68
-4 -68
-4 -68
-4 -68
-4 -68
-4 -68
-4 -68
-4 -68
-4 -68
-4 -68
-4 -68
-4 -68
-4 -68
-3 -74
-3 -74
-3 -74
-3 -74
-3 -74
-3 -74
-3 -74
-3 -74
-3 -74
-3 -74
-3 -74
-3 -74
-3 -74
-3 -74
-3 -74
-3 -74
-3 -74
-3 -74
-3 -74
-3 -74
-3 -74
-3 -74
-3 -74
-3 -74
-3 -74
-3 -74
-3 -74
-3 -74
-3 -74
-3 -74
-3 -74
-3 -74
-3 -74
-3 -74
-7 -69
-7 -69
-7 -69
-7 -69
-7 -69
-7 -69
-7 -69
-7 -69
-7 -69
-7 -69
-7 -69
-7 -69
-7 -69
-7 -69
-7 -69
-2 -80
-2 -80
-2 -80
-2 -80
-2 -80
-2 -80
-2 -80
-2 -80
-2 -80
-2 -80
-2 -80
-2 -80
-2 -80
-2 -80
-2 -80
-2 -80
-5 -80
-5 -80
-5 -80
-5 -80
-5 -80
-5 -80
-5 -80
-5 -80
-5 -80
-5 -80
-5 -80
-5 -80
-5 -80
-5 -80
-5 -80
-5 -80
-5 -80
-5 -80
-5 -80
-5 -80
-5 -80
-5 -80
-5 -80
-5 -80
-5 -80
-5 -80
-5 -80
-5 -80
-5 -80
-8 -86
-8 -86
-8 -86
-8 -86
-8 -86
-8 -86
-8 -86
-8 -86
-8 -86
-8 -86
-8 -86
-8 -86
-8 -86
-8 -86
-8 -86
-8 -86
-8 -86
-10 -89
-10 -89
-10 -89
-10 -89
-10 -89
-10 -89
-10 -89
-10 -89
-10 -89
-10 -89
-10 -89
-10 -89
-10 -89
-10 -89
-10 -89
-10 -89
-10 -89
-6 -87
-6 -87
-6 -87
-6 -87
-6 -87
-6 -87
-6 -87
-6 -87
-6 -87
-6 -87
-6 -87
-6 -87
-6 -87
-6 -87
-6 -87
-6 -87
-6 -87
-6 -87
-6 -87
-6 -87
-6 -87
-6 -87
-6 -87
-6 -87
-6 -87
-6 -87
-6 -87
-6 -87
-6 -87
-6 -87
-6 -87
-6 -87
-6 -87
-12 -85
-12 -85
-12 -85
-12 -85
-12 -85
-12 -85
-12 -85
-12 -85
-12 -85
-12 -85
-12 -85
-12 -85
-12 -85
-12 -85
-12 -85
-12 -90
-12 -90
-12 -90
-12 -90
-12 -90
-12 -90
-12 -90
-12 -90
-12 -90
-12 -90
-12 -90
-12 -90
-12 -90
-12 -90
-12 -90
-12 -90
-12 -90
-12 -90
-12 -90
-12 -90
-12 -90
-12 -90
-12 -90
-12 -90
-12 -90
-12 -90
-12 -90
-12 -90
-12 -90
-12 -90
-12 -90
-12 -90
-12 -90
-12 -90
-12 -90
-21 -89
-21 -89
-21 -89
-21 -89
-21 -89
-21 -89
-21 -89
-21 -89
-21 -89
-21 -89
-21 -89
-21 -89
-21 -89
-21 -89
-21 -89
-21 -89
-21 -89
-22 -88
-22 -88
-22 -88
-22 -88
-22 -88
-22 -88
-22 -88
-22 -88
-22 -88
-22 -88
-22 -88
-22 -88
-22 -88
-22 -88
-22 -88
-22 -88
-22 -88
-22 -81
-22 -81
-22 -81
-22 -81
-22 -81
-22 -81
-22 -81
-22 -81
-22 -81
-22 -81
-22 -81
-22 -81
-22 -81
-22 -81
-22 -81
-22 -81
-22 -81
-22 -81
-22 -81
-22 -81
-22 -81
-22 -81
-22 -81
-22 -81
-22 -81
-22 -81
-22 -81
-22 -81
-22 -81
-22 -81
-22 -81
-22 -81
-22 -81
-22 -81
-22 -81
-22 -81
-22 -81
-29 -72
-29 -72
-29 -72
-29 -72
-29 -72
-29 -72
-29 -72
-29 -72
-29 -72
-29 -72
-29 -72
-29 -72
-29 -72
-29 -72
-29 -72
-29 -72
-29 -72
-29 -72
-29 -72
-37 -78
-37 -78
-37 -78
-37 -78
-37 -78
-37 -78
-37 -78
-37 -78
-37 -78
-37 -78
-37 -78
-37 -78
-37 -78
-37 -78
-37 -78
-37 -78
-37 -78
-37 -78
-37 -78
-37 -78
-37 -78
-37 -78
-37 -78
-37 -78
-37 -78
-37 -78
-37 -78
-37 -78
-37 -78
-37 -78
-37 -78
-37 -78
-37 -78
-37 -78
-37 -78
-37 -72
-37 -72
-37 -72
-37 -72
-37 -72
-37 -72
-37 -72
-37 -72
-37 -72
-43 -70
-43 -70
-43 -70
-43 -70
-43 -70
-43 -70
-43 -70
-43 -70
-43 -70
-43 -70
-43 -70
-43 -70
-43 -70
-43 -70
-43 -70
-43 -70
-43 -70
-43 -70
-43 -70
-43 -70
-43 -70
-43 -70
-43 -70
-43 -70
-43 -70
-43 -70
-43 -70
-43 -70
-43 -70
-43 -70
-43 -70
-43 -70
-43 -70
-50 -65
-50 -65
-50 -65
-50 -65
-50 -65
-50 -65
-50 -65
-50 -65
-50 -65
-50 -65
-50 -65
-50 -65
-50 -65
-50 -65
-50 -65
-50 -65
-50 -65
-50 -65
-50 -65
-54 -60
-54 -60
-54 -60
-54 -60
-54 -60
-54 -60
-54 -60
-54 -60
-54 -60
-54 -60
-54 -60
-54 -60
-54 -60
-54 -60
-54 -60
-54 -60
-54 -60
-54 -60
-38 -53
-38 -53
-38 -53
-38 -53
-38 -53
-38 -53
-38 -53
-38 -53
-38 -53
-38 -53
-38 -53
-38 -53
-38 -53
-38 -53
-38 -53
-38 -53
-38 -53
-38 -53
-46 -49
-46 -49
-46 -49
-46 -49
-46 -49
-46 -49
-46 -49
-46 -49
-46 -49
-46 -49
-46 -49
-46 -49
-46 -49
-46 -49
-46 -49
-46 -49
-46 -49
-46 -49
-46 -49
-46 -49
-46 -49
-46 -49
-46 -49
-46 -49
-46 -49
-46 -49
-46 -49
-46 -49
-46 -49
-46 -49
-46 -49
-46 -49
-46 -49
-46 -49
-46 -49
-46 -49
-46 -49
-54 -64
-54 -64
-54 -64
-54 -64
-54 -64
-54 -64
-54 -64
-54 -64
-54 -64
-54 -64
-54 -64
-54 -64
-54 -64
-54 -64
-54 -64
-54 -64
-54 -64
-54 -64
-57 -43
-57 -43
-57 -43
-57 -43
-57 -43
-57 -43
-57 -43
-57 -43
-57 -43
-57 -43
-57 -43
-57 -43
-57 -43
-57 -43
-57 -43
-57 -43
-57 -43
-57 -43
-57 -43
-57 -43
-57 -43
-57 -43
-57 -43
-57 -43
-57 -43
-57 -43
-57 -43
-57 -43
-57 -43
-57 -43
-57 -43
-57 -43
-57 -43
-58 -48
-58 -48
-58 -48
-58 -48
-58 -48
-58 -48
-58 -48
-58 -48
-58 -48
-58 -48
-58 -48
-58 -48
-58 -48
-58 -48
-58 -48
-58 -48
-58 -48
-58 -48
-69 -43
-69 -43
-69 -43
-69 -43
-69 -43
-69 -43
-69 -43
-69 -43
-69 -43
-69 -43
-69 -43
-69 -43
-69 -43
-69 -43
-69 -43
-69 -43
-69 -43
-69 -43
-69 -43
-69 -43
-69 -43
-69 -43
-69 -43
-69 -43
-69 -43
-69 -43
-69 -43
-69 -43
-69 -43
-69 -43
-69 -43
-77 -44
-77 -44
-77 -44
-77 -44
-77 -44
-77 -44
-77 -44
-77 -44
-77 -44
-77 -44
-77 -44
-77 -44
-77 -44
-77 -44
-77 -44
-66 -43
-66 -43
-66 -43
-66 -43
-66 -43
-66 -43
-66 -43
-66 -43
-66 -43
-66 -43
-66 -43
-66 -43
-66 -43
-66 -43
-66 -43
-66 -43
-66 -43
-66 -43
-68 -39
-68 -39
-68 -39
-68 -39
-68 -39
-68 -39
-68 -39
-68 -39
-68 -39
-68 -39
-68 -39
-68 -39
-68 -39
-68 -39
-68 -39
-68 -39
-68 -39
-68 -39
-68 -39
-68 -39
-68 -39
-68 -39
-68 -39
-68 -39
-68 -39
-68 -39
-68 -39
-68 -39
-68 -39
-68 -39
-68 -39
-68 -39
-68 -39
-68 -39
-68 -39
-68 -39
-68 -39
-75 -36
-75 -36
-75 -36
-75 -36
-75 -36
-75 -36
-75 -36
-75 -36
-75 -36
-75 -36
-75 -36
-75 -36
-75 -36
-75 -36
-75 -36
-75 -36
-75 -36
-75 -36
-75 -36
-75 -36
-75 -36
-75 -36
-75 -36
-75 -36
-75 -36
-75 -36
-75 -36
-75 -36
-75 -36
-75 -36
-75 -36
-75 -36
-75 -36
-75 -36
-75 -36
-75 -36
-70 -28
-70 -28
-70 -28
-70 -28
-70 -28
-70 -28
-70 -28
-70 -28
-70 -28
-70 -28
-70 -28
-70 -28
-70 -28
-70 -28
-70 -28
-70 -28
-70 -28
-70 -28
-70 -28
-70 -28
-70 -28
-81 -34
-81 -34
-81 -34
-81 -34
-81 -34
-81 -34
-81 -34
-81 -34
-81 -34
-81 -34
-81 -34
-81 -34
-81 -34
-81 -34
-81 -34
-81 -34
-81 -34
-81 -34
-81 -34
-81 -34
-85 -30
-85 -30
-85 -30
-85 -30
-85 -30
-85 -30
-85 -30
-85 -30
-85 -30
-85 -30
-85 -30
-85 -30
-85 -30
-85 -30
-85 -30
-85 -30
-85 -30
-85 -30
-85 -30
-68 -21
-68 -21
-68 -21
-68 -21
-68 -21
-68 -21
-68 -21
-68 -21
-68 -21
-68 -21
-68 -21
-68 -21
-68 -21
-68 -21
-68 -21
-68 -21
-68 -21
-68 -21
-68 -21
-68 -21
-68 -21
-68 -21
-68 -21
-68 -21
-68 -21
-68 -21
-68 -21
-68 -21
-68 -21
-68 -21
-68 -21
-68 -21
-68 -21
-68 -21
-68 -21
-68 -21
-81 -27
-81 -27
-81 -27
-81 -27
-81 -27
-81 -27
-81 -27
-81 -27
-81 -27
-81 -27
-81 -27
-81 -27
-81 -27
-81 -27
-81 -27
-81 -27
-81 -27
-81 -27
-86 -20
-86 -20
-86 -20
-86 -20
-86 -20
-86 -20
-86 -20
-86 -20
-86 -20
-86 -20
-86 -20
-86 -20
-86 -20
-86 -20
-86 -20
-86 -20
-86 -20
-86 -20
-74 -10
-74 -10
-74 -10
-74 -10
-74 -10
-74 -10
-74 -10
-74 -10
-74 -10
-74 -10
-74 -10
-74 -10
-74 -10
-74 -10
-74 -10
-74 -10
-74 -10
-74 -10
-74 -10
-74 -10
-74 -10
-74 -10
-74 -10
-74 -10
-74 -10
-74 -10
-74 -10
-74 -10
-74 -10
-74 -10
-74 -10
-74 -10
-74 -10
-74 -10
-74 -10
-74 -10
-74 -10
-74 -10
-88 -19
-88 -19
-88 -19
-88 -19
-88 -19
-88 -19
-88 -19
-88 -19
-88 -19
-88 -19
-88 -19
-88 -19
-88 -19
-88 -19
-88 -19
-88 -19
-88 -19
-76 -15
-76 -15
-76 -15
-76 -15
-76 -15
-76 -15
-76 -15
-76 -15
-76 -15
-76 -15
-76 -15
-76 -15
-76 -15
-76 -15
-76 -15
-76 -15
-76 -15
-76 -15
-76 -15
-76 -15
-76 -15
-76 -15
-76 -15
-76 -15
-76 -15
-76 -15
-76 -15
-76 -15
-76 -15
-76 -15
-76 -15
-76 -15
-76 -15
-85 -11
-85 -11
-85 -11
-85 -11
-85 -11
-85 -11
-85 -11
-85 -11
-85 -11
-85 -11
-85 -11
-85 -11
-85 -11
-85 -11
-85 -11
-85 -11
-85 -11
-85 -19
-85 -19
-85 -19
-85 -19
-85 -19
-85 -19
-85 -19
-85 -19
-85 -19
-85 -19
-85 -19
-85 -19
-85 -19
-85 -19
-85 -19
-90 -3
-90 -3
-90 -3
-90 -3
-90 -3
-90 -3
-90 -3
-90 -3
-90 -3
-90 -3
-90 -3
-90 -3
-90 -3
-90 -3
-90 -3
-90 -3
-90 -3
-90 -3
-90 -3
-90 -3
-90 -3
-90 -3
-90 -3
-90 -3
-90 -3
-90 -3
-90 -3
-90 -3
-90 -3
-90 -3
-90 -3
-90 -3
-90 -3
-80 -2
-80 -2
-80 -2
-80 -2
-80 -2
-80 -2
-80 -2
-80 -2
-80 -2
-80 -2
-80 -2
-80 -2
-80 -2
-80 -2
-80 -2
-80 -2
-80 -2
-101 0
-101 0
-101 0
-101 0
-101 0
-101 0
-101 0
-101 0
-101 0
-101 0
-101 0
-101 0
-101 0
-101 0
-101 0
-101 0
-101 0
-98 5
-98 5
-98 5
-98 5
-98 5
-98 5
-98 5
-98 5
-98 5
-98 5
-98 5
-98 5
-98 5
-98 5
-98 5
-98 5
-98 5
-98 5
-98 5
-98 5
-98 5
-98 5
-98 5
-98 5
-98 5
-98 5
-98 5
-98 5
-98 5
-98 5
-98 5
-98 5
-98 5
-98 5
-101 -1
-101 -1
-101 -1
-101 -1
-101 -1
-101 -1
-101 -1
-101 -1
-101 -1
-101 -1
-101 -1
-101 -1
-101 -1
-101 -1
-101 -1
-101 -1
-101 -1
-101 -1
-101 -1
-101 -1
-101 -1
-101 -1
-101 -1
-101 -1
-101 -1
-101 -1
-101 -1
-101 -1
-101 -1
-101 -1
-101 -1
-101 -1
-101 -1
-101 -1
-101 -1
-101 -1
-101 -1
-101 -1
-101 -1
-101 -1
-101 -1
-100 0
-100 0
-100 0
-100 0
-100 0
-100 0
-100 0
-100 0
-100 0
-100 0
-100 0
-100 0
-100 0
-100 0
-100 0
-100 0
-100 0
-100 0
-100 0
-99 0
-99 0
-99 0
-99 0
-99 0
-99 0
-99 0
-99 0
-99 0
-99 0
-99 0
-99 0
-99 0
-99 0
-99 0
-99 0
-99 0
-99 0
-99 6
-99 6
-99 6
-99 6
-99 6
-99 6
-99 6
-99 6
-99 6
-99 6
-99 6
-99 6
-99 6
-99 6
-99 6
-99 6
-100 8
-100 8
-100 8
-100 8
-100 8
-100 8
-100 8
-100 8
-100 8
-100 8
-100 8
-100 8
-100 8
-100 8
-100 8
-100 8
-100 8
-100 8
-100 8
-100 8
-100 8
-100 8
-100 8
-100 8
-100 8
-100 8
-100 8
-100 8
-100 8
-100 8
-100 8
-100 8
-102 12
-102 12
-102 12
-102 12
-102 12
-102 12
-102 12
-102 12
-102 12
-102 12
-102 12
-102 12
-102 12
-102 12
-102 12
-102 12
-102 16
-102 16
-102 16
-102 16
-102 16
-102 16
-102 16
-102 16
-102 16
-102 16
-102 16
-102 16
-102 16
-102 16
-102 16
-102 16
-102 16
-102 16
-102 16
-102 16
-102 16
-102 16
-102 16
-102 16
-102 16
-102 16
-102 16
-102 16
-102 16
-102 16
-102 16
-102 16
-102 16
-102 16
-102 16
-102 16
-96 16
-96 16
-96 16
-96 16
-96 16
-96 16
-96 16
-96 16
-96 16
-96 16
-96 16
-96 16
-96 16
-96 16
-96 16
-96 16
-96 16
-96 16
-96 16
-93 27
-93 27
-93 27
-93 27
-93 27
-93 27
-93 27
-93 27
-93 27
-93 27
-93 27
-93 27
-93 27
-93 27
-93 27
-93 27
-93 27
-93 27
-93 27
-97 34
-97 34
-97 34
-97 34
-97 34
-97 34
-97 34
-97 34
-97 34
-97 34
-97 34
-97 34
-97 34
-97 34
-97 34
-97 34
-97 34
-97 34
-97 34
-97 34
-97 34
-97 34
-97 34
-97 34
-97 34
-97 34
-97 34
-97 34
-97 34
-97 34
-97 34
-97 34
-97 34
-97 34
-93 36
-93 36
-93 36
-93 36
-93 36
-93 36
-93 36
-93 36
-93 36
-93 36
-93 36
-93 36
-93 36
-93 36
-93 36
-93 36
-93 36
-93 36
-81 32
-81 32
-81 32
-81 32
-81 32
-81 32
-81 32
-81 32
-81 32
-81 32
-81 32
-81 32
-81 32
-81 32
-81 32
-81 32
-81 32
-81 32
-81 32
-81 32
-81 32
-81 32
-81 32
-81 32
-81 32
-81 32
-81 32
-81 32
-81 32
-81 32
-81 32
-81 32
-81 32
-94 36
-94 36
-94 36
-94 36
-94 36
-94 36
-94 36
-94 36
-94 36
-94 36
-94 36
-94 36
-94 36
-94 36
-94 36
-94 36
-94 36
-94 36
-94 36
-94 36
-94 36
-94 36
-94 36
-94 36
-94 36
-94 36
-94 36
-86 39
-76 43
-76 43
-76 43
-76 43
-76 43
-76 43
-76 43
-76 43
-76 43
-76 43
-76 43
-76 43
-76 43
-76 43
-76 43
-76 43
-76 43
-76 43
-76 43
-76 43
-76 43
-76 43
-76 43
-76 43
-76 43
-76 43
-76 43
-76 43
-76 43
-76 43
-76 43
-76 43
-76 43
-79 57
-79 57
-79 57
-79 57
-79 57
-79 57
-79 57
-79 57
-79 57
-79 57
-79 57
-79 57
-79 57
-79 57
-79 57
-79 57
-79 57
-87 68
-87 68
-87 68
-87 68
-87 68
-87 68
-87 68
-87 68
-87 68
-87 68
-87 68
-87 68
-87 68
-87 68
-87 68
-87 68
-87 68
-87 68
-87 68
-87 68
-87 68
-87 68
-87 68
-87 68
-87 68
-87 68
-87 68
-87 68
-87 68
-87 68
-87 68
-87 68
-87 68
-87 68
-87 68
-87 68
-71 54
-71 54
-71 54
-71 54
-71 54
-71 54
-71 54
-71 54
-71 54
-71 54
-71 54
-71 54
-71 54
-71 54
-71 54
-71 54
-60 61
-60 61
-60 61
-60 61
-60 61
-60 61
-60 61
-60 61
-60 61
-60 61
-60 61
-60 61
-60 61
-60 61
-60 61
-69 65
-69 65
-69 65
-69 65
-69 65
-69 65
-69 65
-69 65
-69 65
-69 65
-69 65
-69 65
-69 65
-69 65
-69 65
-69 65
-69 65
-69 65
-69 65
-69 65
-69 65
-69 65
-69 65
-69 65
-69 65
-69 65
-69 65
-69 65
-69 65
-69 65
-69 65
-69 65
-69 65
-69 65
-69 65
-69 65
-55 49
-55 49
-55 49
-55 49
-55 49
-55 49
-55 49
-55 49
-55 49
-55 49
-55 49
-55 49
-55 49
-55 49
-55 49
-55 49
-55 49
-55 49
-73 67
-73 67
-73 67
-73 67
-73 67
-73 67
-73 67
-73 67
-73 67
-73 67
-73 67
-73 67
-73 67
-73 67
-73 67
-73 67
-73 67
-73 67
-73 67
-60 64
-60 64
-60 64
-60 64
-60 64
-60 64
-60 64
-60 64
-60 64
-60 64
-60 64
-60 64
-60 64
-60 64
-60 64
-60 64
-60 64
-60 64
-60 64
-60 64
-60 64
-60 64
-60 64
-60 64
-60 64
-60 64
-60 64
-60 64
-60 64
-60 64
-60 64
-60 64
-60 64
-60 64
-66 58
-66 58
-66 58
-66 58
-66 58
-66 58
-66 58
-66 58
-66 58
-66 58
-66 58
-66 58
-66 58
-55 61
-55 61
-55 61
-55 61
-55 61
-55 61
-55 61
-55 61
-55 61
-55 61
-55 61
-55 61
-55 61
-55 61
-55 61
-55 61
-55 61
-55 61
-55 61
-55 61
-55 61
-55 61
-55 61
-55 61
-55 61
-55 61
-55 61
-55 61
-55 61
-55 61
-55 61
-55 61
-55 61
-55 61
-55 61
-55 61
-55 61
-55 61
-55 61
-55 61
-55 61
-55 61
-55 61
-55 61
-55 61
-55 61
-55 61
-55 61
-55 61
-55 61
-55 61
-51 60
-51 60
-51 60
-51 60
-51 60
-51 60
-51 60
-51 60
-51 60
-51 60
-51 60
-51 60
-51 60
-51 60
-48 62
-48 62
-48 62
-48 62
-48 62
-48 62
-48 62
-48 62
-48 62
-48 62
-48 62
-48 62
-48 62
-48 62
-48 62
-48 62
-48 62
-48 62
-48 62
-48 62
-48 62
-48 62
-48 62
-48 62
-48 62
-48 62
-48 62
-48 62
-48 62
-48 62
-48 62
-48 62
-48 62
-48 62
-48 62
-33 48
-33 48
-33 48
-33 48
-33 48
-33 48
-33 48
-33 48
-33 48
-33 48
-33 48
-33 48
-33 48
-33 48
-33 48
-33 48
-33 48
-33 48
-33 48
-33 48
-33 48
-33 48
-33 48
-33 48
-33 48
-33 48
-33 48
-33 48
-33 48
-33 48
-33 48
-33 48
-33 53
-33 53
-33 53
-33 53
-33 53
-33 53
-33 53
-33 53
-33 53
-33 53
-33 53
-33 53
-33 53
-33 53
-37 61
-37 61
-37 61
-37 61
-37 61
-37 61
-37 61
-37 61
-37 61
-37 61
-37 61
-37 61
-37 61
-37 61
-37 61
-37 61
-28 64
-28 64
-28 64
-28 64
-28 64
-28 64
-28 64
-28 64
-28 64
-28 64
-28 64
-28 64
-28 64
-28 64
-28 64
-28 64
-28 64
-29 61
-29 61
-29 61
-29 61
-29 61
-29 61
-29 61
-29 61
-29 61
-29 61
-29 61
-29 61
-29 61
-29 61
-29 61
-29 61
-29 61
-29 61
-29 61
-29 61
-29 61
-29 61
-29 61
-29 61
-29 61
-29 61
-29 61
-29 61
-29 61
-29 61
-29 61
-29 61
-29 61
-29 61
-29 61
-29 61
-29 61
-29 61
-19 58
-19 58
-19 58
-19 58
-19 58
-19 58
-19 58
-19 58
-19 58
-19 58
-19 58
-19 58
-19 58
-19 58
-20 57
-20 57
-20 57
-20 57
-20 57
-20 57
-20 57
-20 57
-20 57
-20 57
-20 57
-20 57
-20 57
-20 57
-20 57
-20 57
-20 57
-20 57
-20 57
-20 57
-20 57
-20 57
-20 57
-20 57
-20 57
-20 57
-20 57
-20 57
-20 57
-20 57
-20 57
-20 57
-20 57
-20 57
-21 70
-21 70
-21 70
-21 70
-21 70
-21 70
-21 70
-21 70
-21 70
-21 70
-21 70
-21 70
-21 70
-21 70
-21 70
-21 70
-21 70
-19 66
-19 66
-19 66
-19 66
-19 66
-19 66
-19 66
-19 66
-19 66
-19 66
-19 66
-19 66
-19 66
-19 66
-19 66
-19 66
-15 67
-15 67
-15 67
-15 67
-15 67
-15 67
-15 67
-15 67
-15 67
-15 67
-15 67
-15 67
-15 67
-15 67
-15 67
-15 67
-15 67
-15 67
-15 67
-15 67
-15 67
-15 67
-15 67
-15 67
-15 67
-15 67
-15 67
-15 67
-15 67
-15 67
-15 67
-15 67
-10 59
-10 59
-10 59
-10 59
-10 59
-10 59
-10 59
-10 59
-10 59
-10 59
-10 59
-10 59
-10 59
-10 59
-10 59
-10 59
-10 59
-10 59
-15 61
-15 61
-15 61
-15 61
-15 61
-15 61
-15 61
-15 61
-15 61
-15 61
-15 61
-15 61
-15 61
-15 61
-15 61
-10 57
-10 57
-10 57
-10 57
-10 57
-10 57
-10 57
-10 57
-10 57
-10 57
-10 57
-10 57
-10 57
-10 57
-10 57
-10 57
-10 57
-10 57
-10 57
-10 57
-10 57
-10 57
-10 57
-10 57
-10 57
-10 57
-10 57
-10 57
-10 57
-10 57
-10 57
-10 57
-10 57
-10 57
-10 57
-10 57
-10 57
-10 57
-10 57
-10 57
-10 57
-10 57
-10 57
-10 57
-10 57
-10 57
-10 57
-10 57
-10 57
-2 64
-6 52
-6 52
-6 52
-6 52
-6 52
-6 52
-6 52
-6 52
-6 52
-6 52
-6 52
-6 52
-6 52
-6 52
-6 52
-6 52
-6 52
-6 52
-6 52
-6 52
-6 52
-6 52
-6 52
-6 52
-6 52
-6 52
-6 52
-6 52
-6 52
-6 52
-6 52
-6 52
-6 52
-6 52
-1 50
-1 50
-1 50
-1 50
-1 50
-1 50
-1 50
-1 50
-1 50
-1 50
-1 50
-1 50
-1 50
-1 50
-1 50
-1 50
-1 50
-1 50
-5 46
-5 46
-5 46
-5 46
-5 46
-5 46
-5 46
-5 46
-5 46
-5 46
-5 46
-5 46
-5 46
-5 46
-5 46
-5 46
-5 46
-4 43
-4 43
-4 43
-4 43
-4 43
-4 43
-4 43
-4 43
-4 43
-4 43
-4 43
-4 43
-4 43
-4 43
-4 43
-4 43
-4 43
-4 43
-4 43
-4 43
-4 43
-4 43
-4 43
-4 43
-4 43
-4 43
-4 43
-4 43
-4 43
2 48
2 48
2 48
2 48
2 48
2 48
2 48
2 48
2 48
2 48
2 48
2 48
2 48
2 48
1 42
1 42
1 42
1 42
1 42
1 42
1 42
1 42
1 42
1 42
1 42
1 42
1 42
1 42
1 42
1 42
1 42
1 42
1 42
1 42
1 42
1 42
1 42
1 42
1 42
1 42
1 42
1 42
1 42
1 42
1 42
1 42
-2 42
-2 42
-2 42
-2 42
-2 42
-2 42
-2 42
-2 42
-2 42
-2 42
-2 42
-2 42
-2 42
-2 42
-2 42
-2 42
-2 42
-2 42
-2 42
-2 42
-2 42
-2 42
-2 42
-2 42
-2 42
-2 42
-2 42
-2 42
-2 42
-2 42
-2 42
0 28
0 28
0 28
0 28
0 28
0 28
0 28
0 28
0 28
0 28
0 28
0 28
0 28
0 28
0 28
0 28
0 28
0 28
0 28
0 28
0 28
0 28
0 28
0 28
0 28
0 28
0 28
0 28
0 28
0 28
0 28
0 28
0 28
0 28
0 28
3 21
3 21
3 21
3 21
3 21
3 21
3 21
3 21
3 21
3 21
3 21
3 21
3 21
3 21
3 21
3 21
3 21
3 21
3 21
3 21
3 21
-1 8
-1 8
-1 8
-1 8
-1 8
-1 8
-1 8
-1 8
-1 8
-1 8
-1 8
-1 8
-1 8
-1 8
-1 8
-1 8
-1 8
-1 8
-1 8
-1 8
0 8
0 8
0 8
0 8
0 8
0 8
0 8
0 8
0 8
0 8
0 8
0 8
0 8
0 8
0 8
0 8
0 8
0 8
0 8
0 8
0 8
0 8
0 8
0 8
0 8
0 8
0 8
0 8
0 8
0 8
0 8
0 8
0 8
0 8
0 8
0 8
1 4
1 4
1 4
1 4
1 4
1 4
1 4
1 4
1 4
1 4
1 4
1 4
1 4
1 4
1 4
1 4
1 4
1 4
1 4
1 4
1 4
1 4
1 4
1 4
1 4
1 4
1 4
1 4
1 4
1 4
1 4
1 4
1 4
1 4
1 4
1 4
1 4
1 4
1 4
1 4
1 4
1 4
1 4
1 4
1 4
1 4
1 4
1 4
1 4
1 4
1 4
1 4
1 4
1 4
1 4
1 4
1 4
1 4
1 4
1 4
1 4
1 4
1 4
1 4
1 4
1 4
1 4
1 4
1 4
1 4
1 4
1 4
1 4
1 4
1 4
1 4
1 4
1 4
1 4
1 4
1 4
1 4
1 4
1 4
1 4
1 4
1 4
1 4
1 4
1 4
1 4
1 4
1 4
1 4
1 4
1 4
1 4
1 4
1 4
1 4
1 4
1 4
1 4
1 4
1 4
1 4
1 4
1 4
1 4
1 4
1 4
1 4
1 4
1 4
1 4
1 4
1 4
1 4
1 4
-1 0
-1 0
-1 0
-1 0
-1 0
-1 0
-1 0
-1 0
-1 0
-1 0
-1 0
-1 0
-1 0
-1 0
-1 0
-1 0
-1 0
-1 0
-1 0
-1 0
-1 0
-1 0
-1 0
-1 0
-1 0
-1 0
-1 0
-1 0
-1 0
-1 0
-1 0
-1 0
-1 0
-1 0
-1 0
-1 0
-1 0
-1 0
-1 0
-1 0
-1 0
-1 0
-1 0
-1 0
-1 0
-1 0
-1 0
-1 0
-1 0
-1 0
-1 0
-1 0
-1 0
-1 0
-1 0
-1 0
-1 0
-1 0
-1 0
-1 0
1 0
1 0
1 0
1 0
1 0
1 0
1 0
1 0
1 0
1 0
1 0
1 0
1 0
1 0
1 0
1 0
1 0
1 -1
1 -1
1 -1
1 -1
1 -1
1 -1
1 -1
1 -1
1 -1
1 -1
1 -1
1 -1
1 -1
1 -1
1 -1
1 -1
1 0
1 0
1 0
1 0
1 0
1 0
1 0
1 0
1 0
1 0
1 0
1 0
1 0
1 0
1 0
1 0
1 0
1 0
1 0
1 0
1 0
1 0
1 0
1 0
1 0
1 0
1 0
1 0
1 0
1 0
1 0
1 0
1 0
1 0
1 0
1 0
1 0
1 0
1 0
1 0
1 0
1 0
1 0
1 0
1 0
1 0
1 0
1 0
1 0
1 0
1 0
1 0
1 0
0 -1
0 -1
0 -1
0 -1
0 -1
0 -1
0 -1
0 -1
0 -1
0 -1
0 -1
0 -1
0 -1
0 -1
0 -1
0 -1
0 -1
0 -1
0 -1
0 -1
0 -1
0 -1
0 -1
0 -1
0 -1
0 -1
0 -1
0 -1
0 -1
0 -1
0 -1
0 -1
0 -1
0 -1
0 -1
0 -1
0 -1
0 -1
0 -1
0 -1
0 -1
0 -1
0 -1
0 -1
0 -1
0 -1
0 -1
0 -1
0 -1
0 -1
0 -1
0 -1
0 -1
0 -1
0 -1
0 -1
0 -1
0 -1
0 -1
0 -1
0 -1
0 -1
0 -1
0 -1
0 -1
0 -1
0 -1
0 -1
0 -1
0 -1
0 -1
0 -1
0 -1
0 -1
0 -1
0 -1
0 -1
0 -1
1 0
1 0
1 0
1 0
1 0
1 0
1 0
1 0
1 0
1 0
1 0
1 0
1 0
1 0
1 0
1 0
1 0
1 0
1 0
1 0
1 0
1 0
1 0
1 0
1 0
1 0
1 0
1 0
1 0
1 0
1 0
1 0
1 0
1 0
1 0
1 0
1 0
1 0
1 0
1 0
1 0
1 0
1 0
1 0
1 0
1 0
1 0
1 0
1 0
1 0
1 0
1 0
1 0
1 0
1 0
1 0
1 0
1 0
1 0
1 0
1 0
1 0
1 0
1 0
1 0
1 0
1 0
1 0
1 0
1 0
1 0
1 0
1 0
1 0
1 0
1 0
1 0
1 0
1 0
1 0
1 0
1 0
1 0
1 0
1 0
1 0
1 0
1 0
1 0
1 0
1 0
1 0
1 0
1 0
1 0
1 0
1 0
1 0
1 0
1 0
1 0
1 0
1 0
1 0
1 0
1 0
1 0
1 0
1 0
1 0
1 0
1 0
1 0
1 0
1 0
1 0
1 0
1 0
1 0
1 0
1 0
1 0
1 0
1 0
1 0
1 0
1 0
1 0
1 0
1 0
1 0
1 0
1 0
1 0
1 0
1 0
1 0
1 0
1 0
1 0
1 0
1 0
1 0
1 0
1 0
1 0
1 0
1 0
1 0
1 0
1 0
1 0
1 0
1 0
1 0
1 0
1 0
1 0
1 0
1 0
1 0
1 0
1 0
1 0
1 0
1 0
1 0
1 0
1 0
1 0
1 0
1 0
1 0
1 0
1 0
1 0
1 0
1 0
1 0
1 0
1 0
1 0
1 0
1 0
1 0
1 0
1 0
1 0
1 0
1 0
1 0
1 0
1 0
1 0
1 0
1 0
1 0
1 0
1 0
1 0
1 0
1 0
1 0
1 0
1 0
1 0
1 0
1 0
1 0
1 0
1 0
1 0
1 0
1 0
1 0
1 0
1 0
1 0
1 0
1 0
1 0
1 0
1 0
1 0
1 0
1 0
1 0
1 0
1 0
1 0
1 0
1 0
1 0
1 0
1 0
1 0
1 0
1 0
1 0
1 0
1 0
1 0
1 0
1 0
1 0
1 0
1 0
1 0
1 0
1 0
1 0
1 0
1 0
1 0
1 0
1 0
1 0
1 0
1 0
1 0
1 0
1 0
1 0
1 0
1 0
1 0
1 0
1 0
1 0
1 0
1 0
1 0
1 0
1 0
1 0
1 0
1 0
1 0
1 0
1 0
1 0
1 0
1 0
1 0
1 0
1 0
1 0
1 0
1 0
1 0
1 0
1 0
1 0
1 0
1 0
1 0
1 0
1 0
1 0
1 0
1 0
1 0
1 0
1 0
1 0
1 0
1 0
1 0
1 0
1 0
1 0
1 0
1 0
1 0
1 0
1 0
1 0
1 0
1 0
1 0
1 0
1 0
1 0
1 0
1 0
1 0
1 0
1 0
1 0
1 0
1 0
1 0
1 0
1 0
1 0
1 0
1 0
1 0
1 0
1 0
1 0
1 0
1 0
1 0
1 0
1 0
1 0
1 0
1 0
1 0
1 0
1 0
1 0
1 0
1 0
1 0
1 0
1 0
1 0
1 0
1 0
1 0
1 0
1 0
1 0
1 0
1 0
1 0
1 0
1 0
1 0
1 0
1 0
1 0
1 0
1 0
1 0
1 0
1 0
1 0
1 0
1 0
1 0
1 0
1 0
1 0
1 0
1 0
1 0
1 0
1 0
1 0
1 0
1 0
1 0
1 0
1 0
1 0
1 0
1 0
1 0
1 0
1 0
1 0
1 0
1 0
1 0
1 0
1 0
1 0
1 0
1 0
1 0
1 0
1 0
1 0
1 0
1 0
1 0
1 0
1 0
1 0
1 0
1 0
1 0
1 0
1 0
1 0
1 0
1 0
1 0
1 0
1 0
1 0
1 0
1 0
1 0
1 0
1 0
1 0
1 0
1 0
1 0
1 0
1 0
1 0
1 0
1 0
1 0
1 0
1 0
1 0
1 0
1 0
1 0
1 0
1 0
1 0
1 0
1 0
1 0
1 0
1 0
1 0
1 0
1 0
1 0
1 0
1 0
1 0
1 0
1 0
1 0
1 0
1 0
1 0
1 0
1 0
1 0
1 0
1 0
1 0
1 0
1 0
1 0
1 0
1 0
1 0
1 0
1 0
1 0
1 0
1 0
1 0
1 0
1 0
1 0
1 0
1 0
1 0
1 0
1 0
1 0
1 0
1 0
1 0
1 0
1 0
1 0
1 0
1 0
1 0
1 0
1 0
1 0
1 0
1 0
1 0
1 0
1 0
1 0
1 0
1 0
0 2
0 2
0 2
0 2
0 2
0 2
0 2
0 2
0 2
0 2
0 2
0 2
0 2
0 2
0 2
0 2
0 2
0 2
0 2
0 2
0 2
0 2
0 2
0 2
0 2
0 2
0 2
0 2
0 2
0 2
0 2
0 2
0 2
0 2
0 2
0 2
0 2
0 2
0 2
0 2
0 2
0 2
0 2
0 2
0 2
0 1
0 1
0 1
0 1
0 1
0 1
0 1
0 1
0 1
0 1
0 1
0 1
0 1
0 1
0 1
0 1
0 1
0 1
0 1
0 1
0 1
0 1
0 1
0 1
0 1
0 1
0 1
0 1
0 1
0 1
0 1
0 1
0 1
0 1
0 1
0 1
0 1
0 1
0 1
0 1
0 1
0 1
0 1
0 1
0 1
0 1
0 1
0 1
0 1
0 1
0 1
0 1
0 1
0 1
0 1
0 1
0 1
0 1
0 1
0 1
0 1
0 1
0 1
0 1
0 1
0 1
0 1
0 1
0 1
0 1
0 1
0 1
0 1
0 1
0 1
0 1
0 1
0 1
0 1
0 1
0 1
0 1
0 1
0 1
0 1
0 1
0 1
0 1
0 1
0 1
0 1
0 1
0 1
0 1
0 1
0 1
0 1
0 1
0 1
0 1
0 1
0 1
0 1
0 1
0 1
0 1
0 1
0 1
0 1
0 1
0 1
0 1
0 1
0 1
0 1
0 1
0 1
0 1
0 1
0 1
0 1
0 1
0 1
0 1
0 1
0 1
0 1
0 1
0 1
0 1
0 1
0 1
0 1
0 1
0 1
0 1
0 1
0 1
0 1
0 1
0 1
0 1
0 1
0 1
0 1
0 1
0 1
0 1
0 1
0 1
0 1
0 1
0 1
0 1
0 1
0 1
0 1
0 1
0 1
0 1
0 1
0 1
0 1
0 1
0 1
0 1
0 1
0 1
