0 1
-1 0
-2 -3
-1 -2
-1 -4
-3 -7
-3 -7
-3 -7
-3 -7
-3 -7
-3 -7
-3 -7
-3 -7
-3 -7
-3 -7
-3 -7
-3 -7
-3 -7
-3 -7
-3 -7
-3 -7
-3 -7
-3 -7
-3 -7
-3 -7
-3 -7
-3 -7
-1 -6
-2 -11
-2 -11
-2 -11
-2 -11
-2 -11
-2 -11
-2 -11
-2 -11
-2 -11
-2 -11
-2 -11
-2 -11
-2 -11
-2 -11
-2 -11
-2 -11
-2 -11
-2 -11
-2 -11
-2 -11
-2 -11
-2 -11
-2 -11
-2 -11
-2 -11
-2 -11
-2 -11
-2 -11
-2 -11
-2 -11
-2 -11
0 -20
0 -20
0 -20
0 -20
0 -20
0 -20
0 -20
0 -20
0 -20
0 -20
0 -20
0 -20
0 -20
0 -20
0 -20
0 -20
0 -20
0 -20
0 -20
0 -20
0 -20
0 -20
0 -20
0 -20
0 -20
0 -20
0 -20
0 -20
0 -20
0 -20
0 -20
1 -15
1 -15
1 -15
1 -15
1 -15
1 -15
1 -15
1 -15
1 -15
1 -15
1 -15
1 -15
1 -15
1 -15
0 -25
0 -25
0 -25
0 -25
0 -25
0 -25
0 -25
0 -25
0 -25
0 -25
0 -25
0 -25
0 -25
0 -25
0 -25
0 -25
0 -25
0 -25
0 -25
0 -25
0 -25
0 -25
0 -25
0 -25
0 -25
0 -25
0 -25
0 -25
0 -25
0 -25
0 -25
0 -25
0 -25
0 -25
0 -25
0 -25
0 -25
0 -25
0 -25
0 -25
0 -25
0 -25
0 -25
0 -25
0 -25
0 -25
0 -25
0 -25
0 -25
0 -25
0 -25
0 -25
0 -25
0 -25
0 -25
0 -25
0 -25
0 -25
0 -25
4 -21
4 -21
4 -21
4 -21
4 -21
4 -21
4 -21
4 -21
4 -21
4 -21
4 -21
4 -21
4 -21
4 -21
4 -21
4 -21
4 -21
4 -21
4 -21
4 -21
4 -21
4 -21
4 -21
4 -21
4 -21
4 -21
4 -21
4 -21
4 -21
4 -21
4 -21
4 -21
4 -21
4 -21
4 -21
4 -21
4 -21
4 -21
4 -21
4 -21
4 -21
4 -21
4 -21
3 -23
1 -30
1 -30
1 -30
1 -30
1 -30
1 -30
1 -30
1 -30
1 -30
1 -30
1 -30
1 -30
1 -30
1 -30
1 -30
3 -33
3 -33
3 -33
3 -33
3 -33
3 -33
3 -33
3 -33
3 -33
3 -33
3 -33
3 -38
3 -38
3 -38
3 -38
3 -38
3 -38
3 -38
3 -38
3 -38
3 -38
3 -38
3 -38
3 -38
3 -38
2 -42
2 -42
2 -42
2 -42
2 -42
2 -42
2 -42
2 -42
2 -42
2 -42
2 -42
2 -42
2 -42
2 -42
2 -42
2 -42
2 -42
2 -42
2 -42
2 -42
2 -42
2 -42
2 -42
2 -42
2 -42
2 -42
2 -42
2 -42
2 -42
2 -42
2 -42
2 -42
2 -42
2 -42
2 -42
2 -42
2 -42
2 -42
2 -42
2 -42
2 -42
2 -42
2 -42
-5 -38
-5 -38
-5 -38
-5 -38
-5 -38
-5 -38
-5 -38
-5 -38
-5 -38
-5 -38
-5 -38
-5 -38
-5 -38
-5 -38
-5 -38
-5 -38
-5 -38
-5 -38
-5 -38
-5 -38
-5 -38
-5 -38
-5 -38
-5 -38
-5 -38
-5 -38
-5 -38
-5 -38
-5 -38
-5 -38
-5 -38
-5 -38
-5 -38
-5 -38
-5 -38
-5 -38
-5 -38
-5 -38
-5 -38
-5 -38
-5 -38
-5 -38
-5 -38
-5 -38
-5 -38
-5 -38
-5 -38
-5 -38
0 -39
0 -39
0 -39
0 -39
0 -39
0 -39
0 -39
0 -39
0 -39
0 -39
0 -39
0 -39
0 -39
0 -39
0 -39
0 -39
0 -39
0 -39
0 -39
0 -39
0 -39
0 -39
0 -39
0 -39
0 -39
0 -39
0 -39
0 -39
0 -39
0 -39
0 -39
0 -39
0 -39
0 -39
0 -39
0 -39
0 -39
0 -39
0 -39
0 -39
0 -39
0 -39
0 -39
0 -39
0 -39
0 -39
-5 -41
-5 -41
-5 -41
-5 -41
-5 -41
-5 -41
-5 -41
-5 -41
-5 -41
-5 -41
-5 -41
-5 -41
-5 -41
-5 -41
-5 -41
-5 -41
-5 -41
-5 -41
-5 -41
-5 -41
-5 -41
-5 -41
-5 -41
-5 -41
-5 -41
-5 -41
-5 -41
-5 -41
-5 -41
-5 -41
-5 -41
-5 -41
-5 -41
-5 -41
-5 -41
-5 -41
-5 -41
-5 -41
-5 -41
-5 -41
-5 -41
-5 -41
-2 -37
-2 -37
-2 -37
-2 -37
-2 -37
-2 -37
-2 -37
-2 -37
-2 -37
-2 -37
-2 -37
-2 -37
-2 -37
-2 -37
-2 -37
-2 -37
-2 -37
-2 -37
-2 -37
-2 -37
-2 -37
-2 -37
-2 -37
-2 -37
-2 -37
-2 -37
-2 -37
-2 -37
-2 -37
-2 -37
-2 -37
-2 -37
-2 -37
-2 -37
-2 -37
-2 -37
-2 -37
-2 -37
-2 -37
-2 -37
-2 -37
-2 -37
-2 -37
-2 -37
-9 -30
-9 -30
-9 -30
-9 -30
-9 -30
-9 -30
-9 -30
-9 -30
-9 -30
-9 -30
-9 -30
-9 -30
-9 -30
-9 -30
-9 -30
-9 -30
-9 -30
-9 -30
-9 -30
-9 -30
-9 -30
-9 -30
-9 -30
-9 -30
-9 -30
-9 -30
-9 -30
-9 -30
-9 -30
-9 -30
-9 -30
-9 -30
-9 -30
-5 -28
-5 -28
-5 -28
-5 -28
-5 -28
-5 -28
-5 -28
-5 -28
-5 -28
-5 -28
-5 -28
-5 -28
-5 -28
-5 -28
-5 -28
-5 -28
-5 -28
-5 -28
-5 -28
-5 -28
-5 -28
-5 -28
-5 -28
-5 -28
-5 -28
-5 -28
-5 -28
-5 -28
-5 -28
-5 -28
-5 -28
-5 -28
-5 -28
-5 -28
-5 -28
-5 -28
-5 -28
-5 -28
-5 -28
-5 -28
-5 -31
-5 -31
-5 -31
-5 -31
-5 -31
-5 -31
-5 -31
-5 -31
-5 -31
-5 -31
-5 -31
-5 -31
-5 -31
-5 -31
-5 -31
-5 -31
-5 -31
-5 -31
-3 -26
-3 -26
-3 -26
-3 -26
-3 -26
-3 -26
-3 -26
-3 -26
-3 -26
-3 -26
-3 -26
-3 -26
-3 -26
-3 -26
-3 -26
-3 -26
-3 -26
-4 -25
-4 -25
-4 -25
-4 -25
-4 -25
-4 -25
-4 -25
-4 -25
-4 -25
-4 -25
-4 -25
-4 -25
-4 -25
-4 -25
-2 -22
-2 -22
-2 -22
-2 -22
-2 -22
-2 -22
-2 -22
-2 -22
-2 -22
-2 -22
-2 -22
-2 -22
-2 -22
-2 -22
-2 -22
-2 -22
-2 -22
-2 -22
-2 -22
-2 -22
-2 -22
-2 -22
-2 -22
-2 -22
-2 -22
-2 -22
-2 -22
-2 -22
-2 -22
-2 -22
-2 -22
-2 -22
-2 -22
-2 -22
-2 -22
-2 -22
-4 -21
-4 -21
-4 -21
-4 -21
-4 -21
-4 -21
-4 -21
-4 -21
-4 -21
-4 -21
-4 -21
-4 -21
-4 -21
-4 -21
-4 -21
-4 -21
-4 -21
-5 -21
-5 -21
-5 -21
-5 -21
-5 -21
-5 -21
-5 -21
-5 -21
-5 -21
-5 -21
-5 -21
-5 -21
-5 -21
-5 -21
-5 -21
-5 -21
-5 -21
-5 -21
-5 -21
-5 -21
-5 -21
-5 -21
-5 -21
-5 -21
-5 -21
-5 -21
-5 -21
-5 -21
-5 -21
-5 -21
-5 -21
-5 -21
-5 -21
-5 -21
-5 -21
-5 -21
-5 -21
-5 -21
-5 -21
-5 -21
-5 -21
-5 -21
-5 -21
-5 -21
-5 -21
-5 -21
-4 -18
-4 -18
-4 -18
-4 -18
-4 -18
-4 -18
-4 -18
-4 -18
-4 -18
-4 -18
-4 -18
-4 -18
-4 -18
-4 -18
-4 -18
-4 -18
-4 -18
-4 -18
-1 -18
-1 -18
-1 -18
-1 -18
-1 -18
-1 -18
-1 -18
-1 -18
-1 -18
-1 -18
-1 -18
-1 -18
-1 -18
-1 -18
-1 -18
-1 -18
-1 -18
-1 -18
-1 -18
-1 -18
-5 -14
-5 -14
-5 -14
-5 -14
-5 -14
-5 -14
-5 -14
-5 -14
-5 -14
-5 -14
-5 -14
-5 -14
-5 -14
-5 -14
-5 -14
-5 -14
-5 -14
-5 -14
-5 -14
-5 -14
-5 -14
-5 -14
-5 -14
-5 -14
-5 -14
-5 -14
-5 -14
-5 -14
-5 -14
-5 -14
-5 -14
-5 -14
-5 -14
-5 -14
-5 -14
-5 -14
-5 -14
-5 -14
-5 -14
-5 -14
-5 -14
-5 -14
-5 -14
-5 -14
-5 -14
-5 -14
-5 -14
-5 -14
-5 -14
-5 -14
-5 -14
-5 -14
-5 -14
-5 -14
-5 -14
-5 -14
-5 -14
-5 -14
-5 -14
-5 -14
-5 -14
-5 -14
-5 -14
-1 -16
-1 -16
-1 -16
-1 -16
-1 -16
-1 -16
-1 -16
-1 -16
-1 -16
-1 -16
-1 -16
-1 -16
-1 -16
-1 -16
-1 -16
-1 -16
-1 -16
-1 -16
-1 -16
-1 -16
-1 -16
-1 -16
-1 -16
-1 -16
-1 -16
-1 -16
-1 -16
-1 -16
-1 -16
-1 -16
-1 -16
-1 -16
-1 -16
-1 -16
-1 -16
-4 -19
-4 -19
-4 -19
-4 -19
-4 -19
-4 -19
-4 -19
-4 -19
-4 -19
-4 -19
-4 -19
-4 -19
-4 -19
-4 -19
-4 -19
-4 -19
-4 -19
-4 -19
-4 -19
-4 -19
-4 -19
-4 -19
-4 -19
-4 -19
-4 -19
-4 -19
-4 -19
-4 -19
-4 -19
-4 -19
-4 -19
-4 -19
-4 -19
-4 -19
-4 -19
-4 -19
-4 -19
-4 -19
-4 -19
-4 -19
-4 -19
-4 -19
-4 -19
-4 -19
-4 -19
-4 -19
-4 -19
-4 -19
-4 -19
-4 -19
-4 -19
-4 -19
-4 -19
-4 -19
-4 -19
-4 -19
-4 -19
-4 -19
-4 -19
-4 -19
-4 -19
-4 -19
-4 -19
-4 -21
-4 -21
-1 -16
-1 -16
-1 -16
-1 -16
-1 -16
-1 -16
-1 -16
-1 -16
-1 -16
-1 -16
-1 -16
-1 -16
-1 -16
-1 -16
-1 -16
-1 -16
-1 -16
-1 -16
-1 -16
-1 -16
-1 -16
-1 -16
-1 -16
-1 -16
-1 -16
-1 -16
-1 -16
-1 -16
-1 -16
-1 -16
-1 -16
-1 -16
-1 -16
-1 -16
-1 -16
-1 -16
-1 -16
-1 -16
-1 -16
-1 -16
-1 -16
-1 -16
-1 -16
-1 -16
-1 -16
-1 -16
-1 -16
-1 -16
-1 -16
-1 -16
-1 -16
-1 -16
-1 -16
-1 -16
-1 -16
-1 -16
-1 -16
-1 -16
-1 -16
-1 -16
-1 -16
-1 -16
-1 -16
-1 -16
-1 -16
-4 -18
-4 -18
-7 -19
-7 -19
-7 -19
-7 -19
-7 -19
-7 -19
-7 -19
-7 -19
-7 -19
-7 -19
-7 -19
-7 -19
-7 -19
-7 -19
-7 -19
-7 -19
-7 -19
-7 -19
-7 -19
-7 -19
-7 -19
-7 -19
-7 -19
-7 -19
-7 -19
-7 -19
-7 -19
-7 -19
-7 -19
-7 -19
-7 -19
-7 -19
-7 -19
-7 -19
-7 -19
-7 -19
-7 -19
-7 -19
-10 -20
-10 -20
-10 -20
-10 -20
-10 -20
-10 -20
-10 -20
-10 -20
-10 -20
-10 -20
-10 -20
-10 -20
-10 -20
-10 -20
-10 -20
-6 -14
-6 -14
-6 -14
-6 -14
-6 -14
-6 -14
-6 -14
-6 -14
-6 -14
-6 -14
-6 -14
-6 -14
-6 -14
-6 -14
-6 -14
-6 -14
-6 -14
-6 -14
-6 -14
-6 -14
-6 -14
-6 -14
-6 -14
-6 -14
-6 -14
-6 -14
-6 -14
-6 -14
-6 -14
-6 -14
-6 -14
-6 -14
-6 -14
-6 -14
-6 -14
-6 -14
-6 -14
-6 -14
-6 -14
-6 -14
-6 -14
-6 -14
-6 -14
-6 -14
-6 -14
-6 -14
-6 -14
-6 -15
-6 -15
-6 -15
-6 -15
-6 -15
-6 -15
-6 -15
-6 -15
-6 -15
-6 -15
-6 -15
-6 -15
-6 -15
-6 -15
-6 -15
-6 -15
-6 -15
-8 -13
-8 -13
-8 -13
-8 -13
-8 -13
-8 -13
-8 -13
-8 -13
-8 -13
-8 -13
-8 -13
-8 -13
-8 -13
-8 -13
-8 -13
-8 -13
-8 -13
-8 -13
-14 -12
-14 -12
-14 -12
-14 -12
-14 -12
-14 -12
-14 -12
-14 -12
-14 -12
-14 -12
-14 -12
-14 -12
-14 -12
-14 -12
-14 -12
-14 -12
-14 -12
-14 -12
-14 -12
-14 -12
-14 -12
-14 -12
-14 -12
-14 -12
-14 -12
-14 -12
-14 -12
-14 -12
-14 -12
-14 -12
-14 -12
-14 -12
-14 -12
-14 -12
-14 -12
-14 -12
-14 -12
-14 -12
-14 -12
-11 -9
-11 -9
-11 -9
-11 -9
-11 -9
-11 -9
-11 -9
-11 -9
-11 -9
-11 -9
-11 -9
-11 -9
-11 -9
-11 -9
-11 -9
-11 -9
-11 -9
-11 -9
-11 -9
-11 -9
-11 -9
-11 -9
-11 -9
-11 -9
-11 -9
-11 -9
-11 -9
-11 -9
-11 -9
-11 -9
-11 -9
-11 -9
-11 -9
-11 -9
-11 -9
-11 -9
-11 -9
-11 -9
-11 -9
-11 -9
-11 -9
-6 -12
-11 -9
-11 -9
-11 -9
-11 -9
-11 -9
-11 -9
-11 -9
-11 -9
-11 -9
-11 -9
-11 -9
-11 -9
-11 -9
-11 -9
-11 -9
-11 -9
-11 -9
-11 -9
-11 -9
-11 -9
-11 -9
-11 -9
-11 -9
-11 -9
-11 -9
-11 -9
-11 -9
-11 -9
-11 -9
-11 -9
-11 -9
-11 -9
-11 -9
-11 -9
-11 -9
-11 -9
-11 -9
-11 -9
-11 -9
-11 -9
-11 -9
-11 -9
-11 -9
-11 -9
-11 -9
-11 -9
-11 -9
-11 -9
-11 -9
-11 -9
-11 -9
-11 -9
-11 -9
-11 -9
-11 -9
-11 -9
-11 -9
-12 -11
-12 -11
-12 -11
-12 -11
-12 -11
-12 -11
-12 -11
-12 -11
-12 -11
-12 -11
-12 -11
-12 -11
-12 -11
-12 -11
-12 -11
-12 -8
-12 -8
-12 -8
-12 -8
-12 -8
-12 -8
-12 -8
-12 -8
-12 -8
-12 -8
-12 -8
-12 -8
-12 -8
-12 -8
-12 -8
-12 -8
-12 -8
-12 -8
-12 -8
-12 -8
-12 -8
-12 -8
-12 -8
-12 -8
-12 -8
-12 -8
-12 -8
-12 -8
-12 -8
-12 -8
-12 -8
-12 -8
-12 -8
-12 -8
-12 -8
-12 -8
-12 -8
-15 -3
-15 -3
-11 -11
-11 -11
-11 -11
-11 -11
-11 -11
-11 -11
-11 -11
-11 -11
-11 -11
-11 -11
-11 -11
-11 -11
-11 -11
-11 -11
-11 -11
-11 -11
-11 -11
-11 -11
-11 -11
-11 -11
-11 -11
-11 -11
-11 -11
-11 -11
-11 -11
-11 -11
-11 -11
-11 -11
-11 -11
-11 -11
-11 -11
-11 -11
-15 -3
-15 -3
-15 -3
-15 -3
-15 -3
-15 -3
-15 -3
-15 -3
-15 -3
-15 -3
-15 -3
-15 -3
-15 -3
-15 -3
-15 -3
-15 -3
-15 -3
-15 -3
-18 -4
-18 -4
-18 -4
-18 -4
-18 -4
-18 -4
-18 -4
-18 -4
-18 -4
-18 -4
-18 -4
-18 -4
-18 -4
-18 -4
-18 -4
-18 -4
-18 -4
-18 -4
-22 0
-22 0
-22 0
-22 0
-22 0
-22 0
-22 0
-22 0
-22 0
-22 0
-22 0
-21 -1
-21 -1
-21 -1
-21 -1
-21 -1
-21 -1
-21 -1
-21 -1
-21 -1
-21 -1
-21 -1
-21 -1
-21 -1
-21 -1
-21 -1
-21 -1
-21 -1
-21 -1
-21 -1
-21 -1
-21 -1
-21 -1
-21 -1
-21 -1
-21 -1
-21 -1
-21 -1
-21 -1
-21 -1
-21 -1
-21 -1
-21 -1
-21 -1
-21 -1
-21 -1
-21 -1
-21 -1
-21 -1
-21 -1
-21 -1
-21 -1
-21 -1
-18 -1
-18 -1
-18 -1
-18 -1
-18 -1
-18 -1
-18 -1
-18 -1
-18 -1
-18 -1
-18 -1
-18 -1
-18 -1
-18 -1
-18 -1
-18 -1
-18 -1
-18 -1
-18 -1
-18 -1
-18 -1
-18 -1
-18 -1
-18 -1
-18 -1
-18 -1
-18 -1
-18 -1
-18 -1
-18 -1
-18 -1
-18 -1
-18 -1
-18 -1
-18 -1
-18 -1
-18 -1
-18 -1
-18 -1
-18 -1
-18 -1
-18 -1
-18 -1
-18 -1
-18 -1
-18 -1
-18 -1
-18 -1
-18 -1
-20 -1
-20 -1
-20 -1
-20 -1
-20 -1
-20 -1
-20 -1
-20 -1
-20 -1
-20 -1
-20 -1
-20 -1
-20 -1
-20 -1
-20 -1
-20 -1
-20 -1
-20 -1
-20 -1
-20 -1
-20 -1
-20 -1
-20 -1
-20 -1
-20 -1
-20 -1
-20 -1
-20 -1
-20 -1
-20 -1
-20 -1
-20 -1
-20 -1
-20 -1
-20 -1
-20 -1
-20 -1
-20 -1
-20 -1
-25 0
-25 0
-25 0
-25 0
-25 0
-25 0
-25 0
-25 0
-25 0
-25 0
-25 0
-25 0
-25 0
-25 0
-25 0
-25 0
-25 0
-25 0
-25 0
-26 -1
-26 -1
-26 -1
-26 -1
-26 -1
-26 -1
-26 -1
-26 -1
-26 -1
-26 -1
-26 -1
-26 -1
-26 -1
-26 -1
-26 -1
-26 -1
-26 -1
-26 -1
-26 -1
-26 -1
-26 -1
-26 -1
-26 -1
-26 -1
-26 -1
-26 -1
-26 -1
-26 -1
-26 -1
-26 -1
-26 -1
-26 -1
-26 -1
-26 -1
-26 -1
-26 -1
-26 -1
-26 -1
-26 -1
-26 -1
-26 -1
-26 -1
-26 -1
-26 -1
-26 -1
-26 -1
-26 -1
-26 -1
-26 -1
-26 -1
-26 -1
-26 -1
-26 -1
-26 -1
-26 -1
-26 -1
-26 -1
-26 -1
-26 -1
-26 -1
-26 -1
-26 -1
-26 -1
-26 -1
-26 -1
-26 -1
-26 -1
-26 -1
-26 -1
-26 -1
-26 -1
-32 1
-32 1
-32 1
-32 1
-32 1
-32 1
-32 1
-32 1
-32 1
-32 1
-32 1
-32 1
-32 1
-32 1
-32 1
-32 1
-32 1
-32 1
-32 1
-32 1
-32 1
-32 1
-32 1
-32 1
-32 1
-32 1
-32 1
-32 1
-32 1
-32 1
-32 1
-32 1
-32 1
-32 1
-32 1
-30 7
-30 7
-30 7
-30 7
-30 7
-30 7
-30 7
-30 7
-30 7
-30 7
-30 7
-30 7
-30 7
-30 7
-30 7
-30 7
-30 7
-30 7
-30 7
-30 7
-30 7
-30 7
-30 7
-30 7
-30 7
-30 7
-30 7
-30 7
-30 7
-30 7
-30 7
-30 7
-30 7
-30 7
-30 7
-30 7
-30 7
-30 7
-27 2
-27 2
-27 2
-27 2
-27 2
-27 2
-27 2
-27 2
-27 2
-27 2
-27 2
-27 2
-27 2
-27 2
-27 2
-27 2
-27 2
-27 2
-27 2
-27 2
-27 2
-27 2
-27 2
-27 2
-27 2
-27 2
-27 2
-27 2
-27 2
-27 2
-27 2
-26 5
-26 5
-26 5
-26 5
-26 5
-26 5
-26 5
-26 5
-26 5
-26 5
-26 5
-26 5
-26 5
-26 5
-32 9
-32 9
-32 9
-32 9
-32 9
-32 9
-32 9
-32 9
-32 9
-32 9
-32 9
-32 9
-32 9
-32 9
-32 9
-32 9
-32 9
-32 9
-32 9
-32 9
-32 9
-32 9
-32 9
-24 8
-24 8
-24 8
-24 8
-24 8
-24 8
-24 8
-24 8
-24 8
-26 11
-26 11
-26 11
-26 11
-26 11
-26 11
-26 11
-26 11
-26 11
-26 11
-26 11
-26 11
-26 11
-26 11
-26 11
-26 11
-26 11
-26 11
-26 11
-26 11
-26 11
-26 11
-26 11
-26 11
-26 11
-26 11
-25 16
-25 16
-25 16
-25 16
-25 16
-25 16
-25 16
-25 16
-25 16
-25 16
-25 16
-25 16
-25 16
-25 16
-25 16
-32 19
-32 19
-32 19
-32 19
-32 19
-32 19
-32 19
-32 19
-32 19
-32 19
-32 19
-32 19
-32 19
-32 19
-32 19
-32 19
-32 19
-32 19
-32 19
-32 19
-32 19
-32 19
-32 19
-32 19
-32 19
-32 19
-32 19
-32 19
-32 19
-32 19
-32 19
-32 19
-32 19
-32 19
-32 19
-32 19
-32 19
-32 19
-32 19
-32 19
-32 19
-32 19
-32 19
-32 19
-32 19
-32 19
-32 19
-32 19
-32 19
-32 19
-32 19
-32 19
-32 19
-32 19
-32 19
-32 19
-32 19
-32 19
-32 19
-32 19
-32 19
-32 19
-32 19
-32 19
-32 19
-32 19
-32 19
-32 19
-32 19
-32 19
-32 19
-32 19
-32 19
-32 19
-34 21
-32 25
-32 25
-32 25
-32 25
-32 25
-32 25
-32 25
-32 25
-32 25
-32 25
-32 25
-32 25
-32 25
-32 25
-32 25
-32 25
-32 25
-32 25
-32 25
-32 25
-32 25
-32 25
-32 25
-32 25
-27 21
-27 21
-27 21
-27 21
-27 21
-27 21
-27 21
-27 26
-27 26
-27 26
-27 26
-27 26
-27 26
-27 26
-27 26
-27 26
-27 26
-27 26
-27 26
-27 26
-27 26
-27 26
-26 27
-26 27
-26 27
-26 27
-26 27
-26 27
-26 27
-26 27
-26 27
-26 27
-26 27
-26 27
-26 27
-26 27
-26 27
-26 27
-26 27
-23 30
-23 30
-23 30
-23 30
-23 30
-23 30
-23 30
-23 30
-23 30
-23 30
-23 30
-23 30
-23 30
-23 30
-23 30
-23 30
-23 30
-23 30
-23 30
-23 30
-23 30
-23 30
-23 30
-23 30
-23 30
-23 30
-23 30
-23 30
-23 30
-23 30
-24 29
-24 29
-24 29
-24 29
-24 29
-24 29
-24 29
-24 29
-24 29
-24 29
-24 29
-24 29
-24 29
-24 29
-24 29
-24 29
-24 29
-17 32
-17 32
-17 32
-17 32
-17 32
-17 32
-17 32
-17 32
-17 32
-17 32
-17 32
-17 32
-17 32
-17 32
-17 32
-17 32
-17 32
-17 32
-17 32
-17 32
-17 32
-17 32
-17 32
-17 32
-17 32
-17 32
-17 32
-17 32
-17 32
-17 32
-24 37
-24 37
-24 37
-24 37
-24 37
-24 37
-24 37
-24 37
-24 37
-24 37
-24 37
-24 37
-24 37
-24 37
-24 37
-24 37
-24 37
-24 37
-24 37
-24 37
-24 37
-24 37
-24 37
-24 37
-24 37
-24 37
-24 37
-24 37
-24 37
-24 37
-24 37
-24 37
-24 37
-24 37
-24 37
-24 37
-21 37
-28 39
-28 39
-28 39
-28 39
-28 39
-28 39
-28 39
-28 39
-28 39
-28 39
-28 39
-28 39
-28 39
-28 39
-28 39
-28 39
-28 39
-28 39
-28 39
-28 39
-28 39
-28 39
-28 39
-28 39
-28 39
-28 39
-28 39
-28 39
-28 39
-28 39
-28 39
-28 39
-28 39
-28 39
-28 39
-28 39
-28 39
-28 39
-28 39
-28 39
-28 39
-28 39
-28 39
-28 39
-28 39
-28 39
-28 39
-28 39
-28 39
-28 39
-28 39
-28 39
-28 39
-28 39
-28 39
-28 39
-28 39
-28 39
-28 39
-28 39
-28 39
-28 39
-28 39
-28 39
-28 39
-28 39
-28 39
-28 39
-28 39
-28 39
-28 39
-28 39
-28 39
-28 39
-28 39
-28 39
-28 39
-28 39
-28 39
-28 39
-28 39
-28 39
-28 39
-28 39
-28 39
-10 39
-17 38
-17 38
-17 38
-17 38
-17 38
-17 38
-17 38
-17 38
-17 38
-17 38
-17 38
-17 38
-17 38
-17 38
-17 38
-17 38
-17 38
-17 38
-17 38
-17 38
-17 38
-17 38
-17 38
-17 38
-17 38
-17 38
-17 38
-17 38
-17 38
-13 35
-13 35
-13 35
-13 35
-13 35
-13 35
-13 35
-13 35
-13 35
-13 35
-13 35
-13 35
-13 35
-13 35
-13 35
-13 35
-13 35
-13 35
-13 35
-13 35
-13 35
-13 35
-13 35
-13 35
-12 44
-12 44
-12 44
-12 44
-12 44
-12 44
-12 44
-12 44
-12 44
-12 44
-12 44
-12 44
-12 44
-12 44
-12 44
-12 44
-12 44
-12 44
-12 44
-12 44
-12 44
-12 44
-12 44
-12 44
-12 44
-12 44
-12 44
-12 44
-12 44
-14 44
-14 44
-14 44
-14 44
-14 44
-14 44
-14 44
-14 44
-14 44
-14 44
-14 44
-14 44
-14 44
-14 44
-14 44
-14 44
-14 44
-14 44
-14 44
-14 44
-14 44
-14 44
-14 44
-17 36
-17 36
-11 40
-11 40
-11 40
-11 40
-11 40
-11 40
-11 40
-13 43
-13 43
-13 43
-13 43
-13 43
-13 43
-13 43
-13 43
-13 43
-13 43
-13 43
-13 43
-13 43
-13 43
-13 43
-13 43
-13 43
-13 43
-13 43
-13 43
-13 43
-13 43
-13 43
-13 43
-13 43
-13 43
-13 43
-13 43
-13 43
-13 43
-13 43
-13 43
-10 45
-10 45
-10 45
-10 45
-10 45
-10 45
-10 45
-10 45
-10 45
-10 45
-10 45
-10 45
-10 45
-10 45
-10 45
-10 45
-14 42
-14 42
-14 42
-14 42
-14 42
-14 42
-14 42
-14 42
-14 42
-14 42
-14 42
-14 42
-14 42
-14 42
-9 47
-9 47
-9 47
-9 47
-9 47
-9 47
-9 47
-9 47
-9 47
-9 47
-9 47
-9 47
-9 47
-9 47
-9 47
-9 47
-9 47
-9 47
-9 47
-9 47
-9 47
-9 47
-9 47
-9 47
-9 47
-9 47
-9 47
-9 47
-9 47
-9 47
-9 47
-9 47
-9 47
-9 47
-9 47
-9 47
-9 47
-9 47
-9 47
-9 47
-9 47
-9 47
-9 47
-9 47
-9 47
-9 47
-9 47
-9 47
-9 47
-9 47
-9 47
-9 47
-9 47
-9 47
-9 47
-9 47
-9 47
-9 47
-9 47
-9 47
-9 47
-9 47
-9 47
-9 47
-9 47
-9 47
-9 47
-9 47
-9 47
-9 47
-9 47
-9 47
-9 47
-9 47
-7 40
-5 43
-5 43
-5 43
-5 43
-5 43
-5 43
-5 43
-5 43
-5 43
-5 43
-5 43
-5 43
-5 43
-5 43
-5 43
-5 43
-5 43
-5 43
-5 43
-5 43
-5 43
-5 43
2 46
2 46
2 46
2 46
2 46
2 46
2 46
2 46
2 46
2 46
2 46
2 46
2 46
-3 47
-3 47
-3 47
-3 47
-3 47
-3 47
-3 47
-3 47
-3 47
-3 47
-3 47
-3 47
-3 47
-3 47
-3 47
-3 47
-3 47
-3 47
-3 47
-3 47
-3 47
-3 47
-3 47
-3 47
-3 47
-3 47
-3 47
-3 47
-3 47
-3 47
-3 47
-3 47
-3 47
-3 47
-3 47
-3 47
-3 47
-3 47
-3 47
-3 47
-3 47
-3 47
-3 47
-2 43
-2 43
-2 43
0 47
0 47
0 47
0 47
0 47
0 47
0 47
0 47
0 47
0 47
0 47
0 47
0 47
0 47
0 47
0 47
0 47
0 47
0 47
0 47
0 47
0 47
0 47
0 47
0 47
0 47
0 47
1 46
1 46
1 46
1 46
1 46
1 46
1 46
1 46
1 46
1 46
1 46
1 46
1 46
1 46
1 46
1 46
1 46
1 46
1 46
1 46
1 46
1 46
1 46
1 46
1 46
4 39
4 39
4 39
4 39
4 39
4 39
4 39
4 39
4 39
4 39
4 39
4 39
4 39
4 39
0 47
0 47
0 47
0 47
0 47
0 47
0 47
0 47
0 47
0 47
0 47
0 47
0 47
0 47
0 47
0 47
0 47
0 47
0 47
0 47
0 47
0 47
0 47
0 47
0 47
0 47
0 47
0 47
0 47
0 47
3 50
-4 55
-4 55
-4 55
-4 55
-4 55
-4 55
-4 55
-4 55
-4 55
-4 55
-4 55
-4 55
-4 55
-4 55
-4 55
-4 55
-4 55
-4 55
-4 55
-4 55
-4 55
-4 55
-4 55
-4 55
-4 55
-4 55
-4 55
-4 55
-4 55
-4 55
-4 55
-4 55
-4 55
-4 55
-4 55
-4 55
-4 55
-4 55
-4 55
-4 55
-4 55
-4 55
-4 55
-4 55
-4 55
-4 55
-4 55
-4 55
-4 55
-4 55
-4 55
-4 55
7 55
6 58
6 58
6 58
6 58
6 58
6 58
6 58
6 58
6 58
6 58
6 58
6 58
6 58
8 48
8 48
8 48
8 48
8 48
8 48
8 48
8 48
8 48
8 48
8 48
8 48
8 48
8 48
8 48
8 48
8 48
8 48
8 48
8 48
8 48
8 48
8 48
8 48
8 48
8 48
8 48
8 48
8 48
8 48
8 48
8 48
8 48
8 48
8 48
8 48
8 48
8 48
7 57
7 57
7 57
7 57
7 57
7 57
7 57
7 57
7 57
7 57
7 57
7 57
7 57
7 57
7 57
7 57
7 57
7 57
7 57
7 57
7 57
7 57
7 57
7 57
7 57
7 57
7 57
7 57
7 57
12 58
12 58
12 58
12 58
12 58
12 58
12 58
12 58
12 58
12 58
12 58
12 58
12 58
12 58
12 58
12 58
12 58
12 58
12 58
12 58
12 58
12 58
12 58
12 58
13 57
16 57
16 57
16 57
16 57
16 57
16 57
16 57
16 57
16 57
16 57
16 57
16 57
16 57
16 57
16 57
16 57
16 57
16 57
16 57
16 57
16 57
16 57
16 57
16 57
16 57
16 57
14 46
14 46
14 46
14 46
14 46
14 46
14 46
14 46
14 46
14 46
14 46
14 46
14 54
14 54
14 54
14 54
14 54
14 54
14 54
14 54
14 54
14 54
14 54
15 55
15 55
15 55
15 55
15 55
15 55
15 55
15 55
15 55
15 55
15 55
15 55
15 55
15 55
15 55
15 55
15 55
15 55
15 55
15 55
15 55
15 55
15 55
15 55
15 55
15 55
15 55
15 55
15 55
15 55
15 55
15 55
15 55
15 55
15 55
15 55
15 55
15 55
15 55
15 55
15 55
15 55
15 55
22 47
22 47
22 47
22 47
22 47
22 47
22 47
22 47
22 47
22 47
22 47
29 50
29 50
29 50
29 50
29 50
29 50
29 50
29 50
29 50
29 50
29 50
29 50
29 50
29 50
29 50
29 50
29 50
29 50
29 50
29 50
29 50
29 50
29 50
29 50
29 50
29 50
29 50
29 50
29 50
29 50
29 50
29 50
29 50
29 50
29 50
29 50
29 50
25 48
25 48
25 48
25 48
25 48
25 48
25 48
25 48
25 48
25 48
25 48
25 48
25 48
25 48
25 48
25 48
25 48
25 48
34 44
34 44
34 44
34 44
34 44
34 44
34 44
34 44
34 44
34 44
34 44
34 44
34 44
34 44
34 44
34 44
34 44
39 37
39 37
39 37
39 37
39 37
39 37
39 37
39 37
39 37
39 37
39 37
39 37
39 37
39 37
39 37
39 37
39 37
39 37
39 37
39 37
39 37
39 37
39 37
39 37
39 37
39 37
39 37
39 37
39 37
39 37
39 37
39 37
39 37
39 37
39 37
39 37
39 37
39 37
39 37
39 37
39 37
39 37
39 37
39 37
39 37
39 37
39 37
39 37
39 37
39 37
39 37
39 37
39 37
39 37
39 37
39 37
39 37
39 37
39 37
39 37
39 37
39 37
39 37
39 37
39 37
39 37
41 32
41 32
41 32
41 32
41 32
41 32
41 32
41 32
41 32
41 32
41 32
41 32
41 32
41 32
41 32
41 32
41 32
41 32
41 32
41 32
41 32
41 32
41 32
41 32
41 32
41 32
41 32
41 32
41 32
41 32
41 32
41 32
41 32
41 32
41 32
41 32
41 32
52 31
45 22
45 22
45 22
45 22
45 22
45 14
45 14
45 14
45 14
45 14
45 14
45 14
45 14
45 14
45 14
45 14
45 14
45 14
45 14
45 14
45 14
45 14
45 14
50 15
50 15
50 15
50 15
50 15
50 15
50 15
50 15
50 15
50 15
50 15
50 15
50 15
50 15
50 15
50 15
50 15
50 15
50 15
50 15
50 15
50 15
50 15
50 15
50 15
50 15
50 15
50 15
50 15
50 15
50 15
50 15
50 15
50 15
50 15
37 -1
37 -1
37 -1
37 -1
37 -1
37 -1
37 -1
37 -1
37 -1
37 -1
37 -1
37 -1
37 -1
37 -1
37 -1
37 -1
37 -1
37 -1
37 -1
37 -1
37 -1
37 -1
37 -1
37 -1
37 -1
37 -1
37 -1
37 -1
37 -1
37 -1
37 -1
37 -1
37 -1
37 -1
37 -1
37 -1
49 1
52 2
52 2
52 2
52 2
52 2
52 2
52 2
52 2
52 2
52 2
52 2
52 2
52 2
52 2
52 2
52 2
52 2
52 2
52 2
52 2
52 2
52 2
52 2
51 3
51 3
51 3
51 3
51 3
51 3
51 3
51 3
51 3
51 3
51 3
51 3
51 3
51 3
51 3
51 3
51 3
51 3
51 3
51 3
51 3
51 3
51 3
51 3
51 3
51 3
51 3
51 3
47 -3
47 -3
47 -3
47 -3
47 -3
47 -3
47 -3
47 -3
47 -3
47 -3
47 -3
47 -3
47 -3
47 -3
43 -1
43 -1
43 -1
43 -1
43 -1
43 -1
43 -1
43 -1
43 -1
43 -1
43 -1
43 -1
43 -1
43 -1
43 -1
43 -1
43 -1
43 -1
43 -1
43 -1
43 -1
43 -1
43 -1
43 -1
43 -1
43 -1
43 -1
43 -1
43 -1
43 -1
43 -1
38 -7
46 -13
46 -13
46 -13
46 -13
46 -13
46 -13
46 -13
46 -13
46 -13
46 -13
46 -13
46 -13
46 -13
46 -13
46 -13
46 -13
46 -13
46 -13
46 -13
46 -13
46 -13
46 -13
46 -13
46 -13
46 -13
46 -13
40 -19
40 -19
40 -19
40 -19
40 -19
40 -19
40 -19
40 -19
40 -19
40 -19
40 -19
40 -19
40 -19
40 -19
40 -19
40 -19
40 -19
40 -19
40 -19
40 -19
40 -19
40 -19
40 -19
40 -19
40 -19
40 -19
40 -19
40 -19
40 -19
40 -19
40 -19
40 -19
43 -20
43 -20
43 -20
43 -20
43 -20
43 -20
43 -20
43 -20
43 -20
43 -20
43 -20
43 -20
43 -20
42 -26
42 -26
42 -26
42 -26
42 -26
42 -26
42 -26
42 -26
42 -26
42 -26
42 -26
42 -26
42 -26
42 -26
42 -26
33 -30
33 -30
33 -30
33 -30
33 -30
33 -30
33 -30
33 -30
33 -30
33 -30
33 -30
33 -30
33 -30
33 -30
33 -30
33 -30
33 -30
33 -30
33 -30
33 -30
33 -30
33 -30
33 -30
33 -30
33 -30
33 -30
33 -30
33 -30
33 -30
33 -30
33 -38
33 -38
33 -38
33 -38
33 -38
33 -38
33 -38
33 -38
33 -38
33 -38
33 -38
33 -38
33 -38
33 -38
33 -38
33 -38
33 -38
33 -38
33 -38
33 -38
33 -38
33 -38
33 -38
33 -38
33 -38
33 -38
33 -38
30 -39
30 -39
26 -34
26 -34
26 -34
26 -34
26 -34
26 -34
26 -34
26 -34
26 -34
26 -34
26 -34
26 -34
26 -34
26 -34
26 -34
26 -34
26 -34
26 -34
26 -34
26 -34
26 -34
26 -34
26 -34
26 -34
26 -34
26 -34
26 -34
23 -39
23 -39
23 -39
23 -39
23 -39
23 -39
23 -39
23 -39
23 -39
23 -39
23 -39
23 -39
23 -39
23 -39
23 -39
23 -39
23 -39
15 -37
15 -37
15 -37
15 -37
15 -37
15 -37
15 -37
15 -37
15 -37
15 -37
15 -37
15 -37
15 -37
15 -37
15 -37
15 -37
15 -37
15 -37
15 -41
15 -41
15 -41
15 -41
15 -41
15 -41
15 -41
15 -41
15 -41
15 -41
15 -41
15 -41
15 -41
15 -41
15 -41
15 -41
15 -41
15 -41
15 -41
15 -41
15 -41
15 -41
15 -41
15 -41
15 -41
15 -41
15 -41
15 -41
15 -41
15 -41
15 -41
15 -41
15 -41
15 -41
15 -41
15 -41
15 -41
15 -41
15 -41
15 -41
15 -41
15 -41
15 -41
15 -41
15 -41
15 -41
15 -41
15 -41
15 -41
15 -41
15 -41
15 -41
13 -45
13 -45
14 -46
14 -46
14 -46
14 -46
14 -46
14 -46
14 -46
14 -46
14 -46
14 -46
14 -46
14 -46
14 -46
14 -46
14 -46
14 -46
14 -46
14 -46
14 -46
14 -46
14 -46
14 -46
14 -46
14 -46
14 -46
14 -46
9 -54
9 -54
9 -54
9 -54
9 -54
9 -54
9 -54
9 -54
9 -54
9 -54
9 -54
9 -54
9 -54
9 -54
8 -48
8 -48
8 -48
8 -48
8 -48
8 -48
8 -48
8 -48
8 -48
8 -48
8 -48
8 -48
8 -48
8 -48
15 -49
15 -49
15 -49
15 -49
15 -49
15 -49
15 -49
15 -49
15 -49
15 -49
15 -49
15 -49
15 -49
15 -49
15 -49
15 -49
15 -49
15 -49
15 -49
15 -49
15 -49
15 -49
15 -49
15 -49
15 -49
15 -49
15 -49
15 -49
15 -49
15 -49
15 -49
15 -49
15 -49
15 -49
15 -49
15 -49
15 -49
15 -49
15 -49
15 -49
15 -49
15 -49
15 -49
15 -49
15 -49
15 -49
15 -49
15 -49
15 -49
15 -49
15 -49
15 -49
15 -49
15 -49
15 -49
15 -49
15 -49
15 -49
15 -49
15 -49
15 -49
15 -49
12 -49
6 -48
6 -48
6 -48
6 -48
6 -48
6 -48
6 -48
6 -48
6 -48
6 -48
6 -48
6 -48
6 -48
6 -48
6 -48
6 -48
6 -48
6 -48
6 -48
6 -48
6 -48
6 -48
2 -47
2 -47
2 -47
2 -47
2 -47
2 -47
2 -47
2 -47
2 -47
2 -47
2 -47
2 -47
2 -47
2 -47
2 -47
2 -47
2 -47
2 -47
2 -47
2 -47
2 -47
2 -47
2 -47
2 -47
2 -47
2 -47
2 -47
2 -47
2 -47
2 -46
2 -46
2 -46
2 -46
2 -46
2 -46
2 -46
2 -46
2 -46
2 -46
3 -45
3 -45
3 -45
3 -45
3 -45
3 -45
3 -45
3 -45
3 -45
3 -45
3 -45
3 -45
3 -45
3 -45
3 -45
3 -45
3 -45
3 -45
3 -45
3 -45
3 -45
3 -45
3 -45
3 -45
3 -45
3 -45
3 -45
3 -45
3 -45
3 -45
3 -45
3 -45
3 -45
3 -45
3 -45
0 -39
0 -39
0 -39
0 -39
0 -39
0 -39
0 -39
0 -39
0 -39
0 -39
0 -39
0 -39
0 -39
0 -39
0 -39
0 -39
0 -39
0 -39
0 -39
0 -39
0 -39
0 -39
0 -39
0 -39
0 -39
0 -39
0 -39
0 -39
-2 -38
-2 -38
-2 -38
-2 -38
-2 -38
-2 -38
-2 -38
-2 -38
-2 -38
-2 -38
-2 -38
-2 -38
-2 -38
-2 -38
-2 -38
-2 -38
-2 -38
-2 -38
-4 -33
-4 -33
-4 -33
-4 -33
-4 -33
-4 -33
-4 -33
-4 -33
-4 -33
-4 -33
-4 -33
-4 -33
-4 -33
-4 -33
-4 -33
-4 -33
-4 -33
-4 -33
-4 -33
-4 -33
-4 -33
-4 -33
-4 -33
-4 -33
-4 -33
-4 -33
-4 -33
-4 -33
-4 -33
-4 -33
-4 -29
-4 -29
-4 -29
-4 -29
-4 -29
-4 -29
-4 -29
-4 -29
-4 -29
-4 -29
-4 -29
-4 -29
-4 -29
-4 -29
-4 -29
-4 -29
-4 -29
-4 -29
-4 -29
-4 -29
-4 -29
-4 -29
-4 -29
-4 -29
-4 -29
-4 -29
-4 -29
-4 -29
-4 -29
-4 -29
-4 -29
-4 -29
-4 -29
-4 -29
-4 -29
-4 -29
-4 -29
-4 -29
-4 -29
-4 -29
-1 -31
-1 -28
-1 -28
-1 -28
-1 -28
-1 -28
-1 -28
-1 -28
-1 -28
-1 -28
-1 -28
-1 -28
-1 -28
-1 -28
-1 -28
-1 -28
-1 -28
-1 -28
-1 -28
-1 -28
-1 -28
-1 -28
0 -21
-2 -21
-2 -21
-2 -21
-2 -21
-2 -21
-2 -21
-2 -21
-2 -21
-2 -21
-2 -21
-2 -21
-2 -21
-2 -21
-2 -21
-2 -21
-2 -21
-2 -21
-2 -21
-2 -21
-2 -21
-2 -21
-2 -21
-2 -21
-2 -21
0 -20
0 -20
0 -20
0 -20
0 -20
0 -20
0 -20
0 -20
0 -20
0 -20
0 -20
0 -21
0 -21
0 -21
0 -21
0 -21
0 -21
0 -21
0 -21
0 -21
0 -21
0 -21
0 -21
2 -22
2 -22
2 -22
2 -22
2 -22
2 -22
2 -22
2 -22
2 -22
2 -22
2 -22
2 -22
2 -22
2 -22
2 -22
2 -22
2 -22
2 -22
2 -22
2 -22
2 -22
2 -22
2 -22
2 -22
2 -22
2 -22
2 -22
2 -22
-1 -20
-1 -20
-1 -20
-1 -20
-1 -20
-1 -20
-1 -20
-1 -20
-1 -20
-1 -20
-1 -20
-1 -20
-1 -20
-1 -20
-1 -20
-1 -20
-1 -20
-1 -20
-1 -20
-1 -20
-1 -20
-1 -20
-1 -20
-1 -20
-1 -20
-1 -20
-1 -20
-1 -20
-1 -20
-1 -20
-1 -20
0 -11
0 -11
0 -11
0 -11
0 -11
0 -11
0 -11
0 -11
0 -11
0 -11
0 -11
0 -11
0 -11
0 -11
0 -11
0 -11
0 -11
0 -11
0 -11
0 -11
0 -11
0 -11
0 -11
0 -11
0 -11
0 -11
0 -11
0 -11
0 -11
0 -11
0 -11
0 -11
0 -11
0 -11
0 -11
0 -11
0 -11
0 -11
0 -11
0 -11
0 -11
0 -11
0 -11
0 -10
0 -10
0 -10
0 -10
0 -10
0 -10
0 -10
0 -10
0 -10
0 -10
0 -10
0 -10
0 -10
0 -10
0 -10
0 -10
0 -10
0 -10
-1 -9
-1 -9
-1 -9
-1 -9
-1 -9
-1 -9
-1 -9
-1 -9
-1 -9
-1 -9
-1 -9
-1 -9
-1 -9
-1 -9
-1 -9
-1 -9
-1 -9
-1 -9
-1 -9
-1 -9
-1 -9
-1 -9
-1 -9
-1 -9
-1 -9
-1 -9
-1 -9
-1 -9
-1 -9
-1 -9
-1 -9
-1 -9
-1 -9
-1 -9
-1 -9
-1 -9
-1 -9
-1 -9
-1 -9
-1 -9
-1 -9
-1 -6
-1 -6
-1 -6
-1 -6
-1 -6
-1 -6
-1 -6
-1 -6
-1 -6
-1 -6
-1 -6
-1 -6
-1 -6
-1 -6
-1 -6
-1 -6
-1 -6
-1 -6
-1 -6
-1 -6
-1 -6
-1 -6
-1 -6
-1 -6
-1 -6
-1 -6
-1 -6
-1 -6
-1 -6
-1 -6
-1 -6
-1 -6
-1 -6
-1 -6
-1 -6
-1 -6
-1 -6
-1 -6
-1 -6
-1 -6
-1 -6
0 -3
0 -1
0 -1
0 -1
0 -1
0 -1
0 -1
0 -1
0 -1
0 -1
0 -1
0 -1
0 -1
0 -1
0 -1
0 -1
0 -1
0 -1
0 -1
0 -1
0 -1
0 -1
0 -1
0 -1
0 -1
0 -1
0 -1
0 -1
0 -1
0 -1
0 -1
0 -1
0 -1
0 -1
0 -1
0 -1
0 -1
0 -1
0 -1
0 -1
0 -1
0 -1
0 -1
0 -1
0 -1
0 -1
0 -1
0 -1
0 -1
0 -1
0 -1
0 -1
0 -1
0 -1
0 -1
0 -1
0 -1
0 -1
0 -1
0 -1
0 -1
0 -1
0 -1
0 -1
0 -1
0 -1
0 -1
0 -1
0 -1
0 -1
0 -1
0 -1
0 -1
0 -1
0 -1
0 -1
0 -1
0 -1
0 -1
0 -1
0 -1
0 -1
0 -1
0 -1
0 -1
0 -1
0 -1
0 -1
0 -1
0 -1
0 -1
0 -1
0 -1
0 -1
0 -1
0 -1
0 -1
0 -1
0 -1
0 -1
0 -1
0 -1
0 -1
0 -1
0 -1
0 -1
0 -1
0 -1
0 -1
0 -1
0 -1
0 -1
0 -1
0 -1
0 -1
0 -1
0 -1
0 -1
0 -1
0 -1
0 -1
0 -1
0 -1
0 -1
0 -1
0 -1
0 -1
0 -1
0 -1
0 -1
0 -1
0 -1
0 -1
0 -1
0 -1
0 -1
0 -1
0 -1
0 -1
0 -1
0 -1
0 -1
0 -1
0 -1
0 -1
0 -1
0 -1
0 -1
0 -1
0 -1
0 -1
0 -1
0 -1
0 -1
0 -1
0 -1
0 -1
0 -1
0 -1
0 -1
0 -1
0 -1
0 -1
0 -1
0 -1
0 -1
0 -1
0 -1
0 -1
0 -1
0 -1
0 -1
0 -1
0 -1
0 -1
0 -1
0 -1
0 -1
0 -1
0 -1
0 -1
0 -1
0 -1
0 -1
0 -1
0 -1
0 -1
0 -1
0 -1
0 -1
0 -1
0 -1
0 -1
0 -1
0 -1
0 -1
0 -1
0 -1
0 -1
0 -1
0 -1
0 -1
0 -1
0 -1
0 -1
0 -1
0 -1
0 -1
0 -1
0 -1
0 -1
0 -1
0 -1
0 -1
0 -1
0 -1
0 -1
0 -1
0 -1
0 -1
0 -1
0 -1
0 -1
0 -1
0 -1
0 -1
0 -1
0 -1
0 -1
0 -1
0 -1
0 -1
0 -1
0 -1
0 -1
0 -1
0 -1
0 -1
0 -1
0 -1
0 -1
0 -1
0 -1
0 -1
0 -1
0 -1
0 -1
0 -1
0 -1
0 -1
0 -1
0 -1
0 -1
0 -1
0 -1
0 -1
0 -1
0 -1
0 -1
0 -1
0 -1
0 -1
0 -1
0 -1
0 -1
0 -1
0 -1
0 -1
0 -1
0 -1
0 -1
0 -1
0 -1
0 -1
0 -1
0 -1
0 -1
0 -1
0 -1
0 -1
0 -1
0 -1
0 -1
0 -1
0 -1
0 -1
0 -1
0 -1
0 -1
0 -1
0 -1
0 -1
0 -1
0 -1
0 -1
0 -1
0 -1
0 -1
0 -1
0 -1
0 -1
0 -1
0 -1
0 -1
0 -1
0 -1
0 -1
0 -1
0 -1
0 -1
0 -1
0 -1
0 -1
0 -1
0 -1
0 -1
0 -1
0 -1
0 -1
0 -1
0 -1
0 -1
0 -1
0 -1
0 -1
0 -1
0 -1
0 -1
0 -1
0 -1
0 -1
0 -1
0 -1
0 -1
0 -1
0 -1
0 -1
0 -1
0 -1
0 -1
0 -1
0 -1
0 -1
0 -1
0 -1
0 -1
0 -1
0 -1
0 -1
0 -1
0 -1
0 -1
0 -1
0 -1
0 -1
0 -1
0 -1
0 -1
0 -1
0 -1
0 -1
0 -1
0 -1
0 -1
0 -1
0 -1
0 -1
0 -1
0 -1
0 -1
0 -1
0 -1
0 -1
0 -1
0 -1
0 -1
0 -1
0 -1
0 -1
0 -1
0 -1
0 -1
0 -1
0 -1
0 -1
0 -1
0 -1
0 -1
0 -1
0 -1
0 -1
0 -1
0 -1
0 -1
0 -1
0 -1
0 -1
0 -1
0 -1
0 -1
0 -1
0 -1
0 -1
0 -1
0 -1
0 -1
0 -1
0 -1
0 -1
0 -1
0 -1
0 -1
0 -1
0 -1
0 -1
0 -1
0 -1
0 -1
0 -1
0 -1
0 -1
0 -1
0 -1
0 -1
0 -1
0 -1
0 -1
0 -1
0 -1
0 -1
0 -1
0 -1
0 -1
0 -1
0 -1
0 -1
0 -1
0 -1
0 -1
0 -1
0 -1
0 -1
0 -1
0 -1
0 -1
0 -1
0 -1
0 -1
0 -1
0 -1
0 -1
0 -1
0 -1
0 -1
0 -1
0 -1
0 -1
0 -1
0 -1
0 -1
0 -1
0 -1
0 -1
0 -1
0 -1
0 -1
0 -1
0 -1
0 -1
0 -1
0 -1
0 -1
0 -1
0 -1
0 -1
0 -1
0 -1
0 -1
0 -1
0 -1
0 -1
0 -1
0 -1
0 -1
0 -1
0 -1
0 -1
0 -1
0 -1
0 -1
0 -1
0 -1
0 -1
0 -1
0 -1
0 -1
0 -1
0 -1
0 -1
0 -1
0 -1
0 -1
0 -1
0 -1
0 -1
0 -1
0 -1
0 -1
0 -1
0 -1
0 -1
0 -1
0 -1
0 -1
0 -1
0 -1
0 -1
0 -1
0 -1
0 -1
0 -1
0 -1
0 -1
0 -1
0 -1
0 -1
0 -1
0 -1
0 -1
0 -1
0 -1
0 -1
0 -1
0 -1
0 -1
0 -1
0 -1
0 -1
0 -1
0 -1
0 -1
0 -1
0 -1
0 -1
0 -1
0 -1
0 -1
0 -1
0 -1
0 -1
0 -1
0 -1
0 -1
0 -1
0 -1
0 -1
0 -1
0 -1
0 -1
0 -1
0 -1
0 -1
0 -1
0 -1
0 -1
0 -1
0 -1
0 -1
0 -1
0 -1
0 -1
0 -1
0 -1
0 -1
0 -1
0 -1
0 -1
0 -1
0 -1
0 -1
-1 0
-1 0
-1 0
-1 0
-1 0
-1 0
-1 0
-1 0
-1 0
-1 0
-1 0
-1 0
-1 0
-1 0
-1 0
-1 0
-1 0
-1 0
-1 0
-1 0
-1 0
-1 0
-1 0
-1 0
-1 0
-1 0
-1 0
-1 0
-1 0
-1 0
-1 0
-1 0
-1 0
-1 0
-1 0
-1 0
-1 0
-1 0
-1 0
-1 0
-1 0
-1 0
-1 0
-1 0
-1 0
-1 0
-1 0
-1 0
-1 0
-1 0
-1 0
-1 0
-1 0
-1 0
-1 0
-1 0
-1 0
-1 0
-1 0
-1 0
-1 0
-1 0
-1 0
-1 0
-1 0
-1 0
-1 0
-1 0
-1 0
-1 0
-1 0
-1 0
-1 0
-1 0
-1 0
-1 0
-1 0
-1 0
-1 0
-1 0
-1 0
-1 0
-1 0
-1 0
-1 0
-1 0
-1 0
-1 0
-1 0
-1 0
-1 0
-1 0
-1 0
-1 0
-1 0
-1 0
-1 0
-1 0
-1 0
-1 0
-1 0
-1 0
-1 0
-1 0
-1 0
-1 0
-1 0
-1 0
-1 0
-1 0
-1 0
-1 0
-1 0
-1 0
-1 0
-1 0
-1 0
-1 0
-1 0
-1 0
-1 0
-1 0
-1 0
-1 0
-1 0
-1 0
-1 0
-1 0
-1 0
-1 0
-1 0
-1 0
-1 0
-1 0
-1 0
-1 0
-1 0
-1 0
-1 0
-1 0
-1 0
-1 0
-1 0
-1 0
-1 0
-1 0
-1 0
-1 0
-1 0
-1 0
-1 0
-1 0
-1 0
-1 0
-1 0
-1 0
-1 0
-1 0
-1 0
-1 0
-1 0
-1 0
-1 0
-1 0
-1 0
-1 0
-1 0
-1 0
-1 0
-1 0
-1 0
-1 0
-1 0
-1 0
-1 0
-1 0
-1 0
-1 0
-1 0
-1 0
-1 0
-1 0
-1 0
-1 0
-1 0
-1 0
-1 0
-1 0
-1 0
-1 0
-1 0
-1 0
-1 0
-1 0
-1 0
-1 0
-1 0
-1 0
-1 0
-1 0
-1 0
-1 0
-1 0
-1 0
-1 0
-1 0
-1 0
-1 0
-1 0
-1 0
-1 0
-1 0
-1 0
-1 0
-1 0
-1 0
-1 0
-1 0
-1 0
-1 0
-1 0
-1 0
-1 0
-1 0
-1 0
-1 0
-1 0
-1 0
-1 0
-1 0
-1 0
-1 0
-1 0
-1 0
-1 0
-1 0
-1 0
-1 0
-1 0
-1 0
-1 0
-1 0
-1 0
-1 0
-1 0
-1 0
-1 0
-1 0
-1 0
-1 0
-1 0
-1 0
-1 0
-1 0
-1 0
-1 0
-1 0
-1 0
-1 0
-1 0
-1 0
-1 0
-1 0
-1 0
-1 0
-1 0
-1 0
-1 0
-1 0
-1 0
-1 0
-1 0
-1 0
-1 0
-1 0
-1 0
-1 0
-1 0
-1 0
-1 0
-1 0
-1 0
-1 0
-1 0
-1 0
-1 0
-1 0
-1 0
-1 0
-1 0
-1 0
-1 0
-1 0
-1 0
-1 0
-1 0
-1 0
-1 0
-1 0
-1 0
-1 0
-1 0
-1 0
-1 0
-1 0
-1 0
-1 0
-1 0
-1 0
-1 0
-1 0
-1 0
-1 0
-1 0
-1 0
-1 0
-1 0
-1 0
-1 0
-1 0
-1 0
-1 0
-1 0
-1 0
-1 0
-1 0
-1 0
-1 0
-1 0
-1 0
-1 0
-1 0
-1 0
-1 0
-1 0
-1 0
-1 0
-1 0
-1 0
-1 0
-1 0
-1 0
-1 0
-1 0
-1 0
-1 0
-1 0
-1 0
-1 0
-1 0
-1 0
-1 0
-1 0
-1 0
-1 0
-1 0
-1 0
-1 0
-1 0
-1 0
-1 0
-1 0
-1 0
-1 0
-1 0
-1 0
-1 0
-1 0
-1 0
-1 0
-1 0
-1 0
-1 0
-1 0
-1 0
-1 0
-1 0
-1 0
-1 0
-1 0
-1 0
-1 0
-1 0
-1 0
-1 0
-1 0
-1 0
-1 0
-1 0
-1 0
-1 0
-1 0
-1 0
-1 0
-1 0
-1 0
-1 0
-1 0
-1 0
-1 0
-1 0
-1 0
-1 0
-1 0
-1 0
-1 0
-1 0
-1 0
-1 0
-1 0
-1 0
-1 0
-1 0
-1 0
-1 0
-1 0
-1 0
-1 0
-1 0
-1 0
-1 0
-1 0
-1 0
-1 0
-1 0
-1 0
-1 0
-1 0
-1 0
-1 0
-1 0
-1 0
-1 0
-1 0
-1 0
-1 0
-1 0
-1 0
-1 0
-1 0
-1 0
-1 0
-1 0
-1 0
-1 0
-1 0
-1 0
-1 0
-1 0
-1 0
-1 0
-1 0
-1 0
-1 0
-1 0
-1 0
-1 0
-1 0
-1 0
-1 0
-1 0
-1 0
-1 0
-1 0
-1 0
-1 0
-1 0
-1 0
-1 0
-1 0
-1 0
-1 0
-1 0
-1 0
-1 0
-1 0
-1 0
-1 0
-1 0
-1 0
-1 0
-1 0
-1 0
-1 0
-1 0
-1 0
-1 0
-1 0
-1 0
-1 0
-1 0
-1 0
-1 0
-1 0
-1 0
-1 0
-1 0
-1 0
-1 0
-1 0
-1 0
-1 0
-1 0
-1 0
-1 0
-1 0
-1 0
-1 0
-1 0
-1 0
-1 0
-1 0
-1 0
-1 0
-1 0
-1 0
-1 0
-1 0
-1 0
-1 0
-1 0
-1 0
-1 0
-1 0
-1 0
-1 0
-1 0
-1 0
-1 0
-1 0
-1 0
-1 0
-1 0
-1 0
-1 0
-1 0
-1 0
-1 0
-1 0
-1 0
-1 0
-1 0
-1 0
-1 0
-1 0
-1 0
-1 0
-1 0
-1 0
-1 0
-1 0
-1 0
-1 0
-1 0
-1 0
-1 0
-1 0
-1 0
-1 0
-1 0
-1 0
-1 0
-1 0
-1 0
-1 0
-1 0
-1 0
-1 0
-1 0
-1 0
-1 0
-1 0
-1 0
-1 0
-1 0
-1 0
-1 0
-1 0
-1 0
-1 0
-1 0
-1 0
-1 0
-1 0
-1 0
-1 0
-1 0
-1 0
-1 0
-1 0
-1 0
-1 0
-1 0
-1 0
-1 0
-1 0
-1 0
-1 0
-1 0
-1 0
-1 0
-1 0
-1 0
-1 0
-1 0
-1 0
-1 0
-1 0
-1 0
-1 0
-1 0
-1 0
-1 0
-1 0
-1 0
-1 0
-1 0
-1 0
-1 0
-1 0
-1 0
-1 0
-1 0
-1 0
-1 0
-1 0
-1 0
-1 0
-1 0
-1 0
-1 0
-1 0
-1 0
-1 0
-1 0
-1 0
-1 0
-1 0
-1 0
-1 0
-1 0
-1 0
-1 0
-1 0
-1 0
-1 0
-1 0
-1 0
-1 0
-1 0
-1 0
-1 0
-1 0
-1 0
-1 0
-1 0
-1 0
-1 0
-1 0
-1 0
-1 0
-1 0
-1 0
-1 0
-1 0
-1 0
-1 0
-1 0
-1 0
-1 0
-1 0
-1 0
-1 0
-1 0
-1 0
-1 0
-1 0
-1 0
-1 0
-1 0
-1 0
-1 0
-1 0
-1 0
-1 0
-1 0
-1 0
-1 0
-1 0
-1 0
-1 0
-1 0
-1 0
-1 0
-1 0
-1 0
-1 0
-1 0
-1 0
-1 0
-1 0
-1 0
-1 0
-1 0
-1 0
-1 0
-1 0
-1 0
-1 0
-1 0
-1 0
-1 0
-1 0
-1 0
-1 0
-1 0
-1 0
-1 0
-1 0
-1 0
-1 0
-1 0
-1 0
-1 0
-1 0
-1 0
-1 0
-1 0
-1 0
-1 0
-1 0
-1 0
-1 0
-1 0
-1 0
-1 0
-1 0
-1 0
-1 0
-1 0
-1 0
-1 0
-1 0
-1 0
-1 0
-1 0
-1 0
-1 0
-1 0
-1 0
-1 0
-1 0
-1 0
-1 0
-1 0
-1 0
-1 0
-1 0
-1 0
-1 0
-1 0
-1 0
-1 0
-1 0
-1 0
-1 0
-1 0
-1 0
-1 0
-1 0
-1 0
-1 0
-1 0
-1 0
-1 0
-1 0
-1 0
-1 0
-1 0
-1 0
-1 0
-1 0
-1 0
-1 0
-1 0
-1 0
-1 0
-1 0
-1 0
-1 0
-1 0
-1 0
-1 0
-1 0
-1 0
-1 0
-1 0
-1 0
-1 0
-1 0
-1 0
-1 0
-1 0
-1 0
-1 0
-1 0
-1 0
-1 0
-1 0
-1 0
-1 0
-1 0
-1 0
-1 0
-1 0
-1 0
-1 0
-1 0
-1 0
-1 0
-1 0
-1 0
-1 0
-1 0
-1 0
-1 0
-1 0
-1 0
-1 0
-1 0
-1 0
-1 0
-1 0
-1 0
-1 0
-1 0
-1 0
-1 0
-1 0
-1 0
-1 0
-1 0
-1 0
-1 0
-1 0
-1 0
-1 0
-1 0
-1 0
-1 0
-1 0
-1 0
-1 0
-1 0
-1 0
-1 0
-1 0
-1 0
-1 0
-1 0
-1 0
-1 0
-1 0
-1 0
-1 0
-1 0
-1 0
-1 0
-1 0
-1 0
-1 0
-1 0
-1 0
-1 0
-1 0
-1 0
-1 0
-1 0
-1 0
-1 0
-1 0
-1 0
-1 0
-1 0
-1 0
-1 0
-1 0
-1 0
-1 0
-1 0
-1 0
-1 0
-1 0
-1 0
-1 0
-1 0
-1 0
-1 0
-1 0
-1 0
-1 0
-1 0
-1 0
-1 0
-1 0
-1 0
-1 0
-1 0
-1 0
-1 0
-1 0
-1 0
-1 0
-1 0
-1 0
-1 0
-1 0
-1 0
-1 0
-1 0
-1 0
-1 0
-1 0
-1 0
-1 0
-1 0
-1 0
-1 0
-1 0
-1 0
-1 0
-1 0
-1 0
-1 0
-1 0
-1 0
-1 0
-1 0
-1 0
-1 0
-1 0
-1 0
-1 0
-1 0
-1 0
-1 0
-1 0
-1 0
-1 0
-1 0
-1 0
-1 0
-1 0
-1 0
-1 0
-1 0
-1 0
-1 0
-1 0
-1 0
-1 0
-1 0
-1 0
-1 0
-1 0
-1 0
-1 0
-1 0
-1 0
-1 0
-1 0
-1 0
-1 0
-1 0
