17 -18
19 -26
19 -26
19 -26
19 -26
19 -26
19 -26
19 -26
19 -26
19 -26
19 -26
19 -26
19 -26
19 -26
19 -26
19 -26
19 -26
18 -28
20 -33
20 -33
20 -33
20 -33
20 -33
20 -33
20 -33
20 -33
20 -33
20 -33
20 -33
20 -33
20 -33
20 -33
20 -33
20 -33
20 -33
20 -33
20 -33
20 -33
20 -33
23 -49
23 -49
23 -49
23 -49
23 -49
23 -49
23 -49
23 -49
23 -49
23 -49
23 -49
23 -49
23 -49
23 -49
23 -49
23 -49
23 -49
23 -49
23 -49
23 -49
23 -49
23 -49
31 -64
31 -64
31 -64
31 -64
31 -64
31 -64
31 -64
31 -64
31 -64
31 -64
31 -64
31 -64
31 -64
31 -64
31 -64
31 -64
31 -64
31 -64
31 -64
33 -78
33 -78
33 -78
33 -78
33 -78
33 -78
33 -78
33 -78
33 -78
33 -78
33 -78
33 -78
33 -78
33 -78
33 -78
33 -78
33 -78
33 -78
33 -78
33 -78
33 -78
33 -78
33 -78
33 -78
33 -78
33 -78
33 -78
33 -78
33 -78
33 -78
33 -78
33 -78
33 -78
33 -78
33 -78
33 -78
33 -78
33 -78
33 -78
33 -78
33 -78
33 -78
33 -78
33 -78
33 -78
33 -78
33 -78
33 -78
29 -91
29 -91
29 -91
29 -91
29 -91
29 -91
29 -91
29 -91
29 -91
29 -91
29 -91
29 -91
29 -91
29 -91
29 -91
29 -91
29 -91
29 -91
29 -91
29 -91
29 -91
29 -91
29 -91
29 -91
29 -91
29 -91
29 -91
29 -91
29 -91
29 -91
29 -91
29 -91
29 -91
29 -91
29 -91
29 -91
29 -91
29 -91
29 -91
29 -91
29 -91
29 -91
29 -91
29 -91
25 -92
25 -97
25 -97
25 -97
25 -97
25 -97
25 -97
25 -97
25 -97
25 -97
25 -97
25 -97
25 -97
25 -97
25 -97
25 -97
25 -97
25 -97
25 -97
25 -97
25 -97
25 -97
25 -97
25 -97
25 -97
25 -97
25 -97
25 -97
25 -97
25 -97
25 -97
25 -97
25 -97
25 -97
25 -97
25 -97
25 -97
25 -97
25 -97
25 -97
25 -97
25 -97
25 -97
25 -97
25 -97
25 -97
25 -97
25 -97
25 -97
25 -97
25 -97
25 -97
25 -97
25 -97
25 -97
25 -97
25 -97
25 -97
25 -97
25 -97
25 -97
25 -97
25 -97
25 -97
25 -97
29 -109
29 -109
29 -102
29 -102
29 -102
29 -102
29 -102
29 -102
29 -102
29 -102
29 -102
29 -102
29 -102
29 -102
29 -102
29 -102
29 -102
29 -102
29 -102
29 -102
29 -102
29 -102
29 -102
29 -102
29 -102
29 -102
29 -102
29 -102
29 -102
29 -102
29 -102
29 -102
29 -102
29 -102
29 -102
29 -102
29 -102
29 -102
29 -102
29 -102
29 -102
29 -102
29 -102
29 -102
29 -102
29 -102
29 -102
29 -102
29 -102
29 -102
29 -102
29 -102
29 -102
29 -102
29 -102
29 -102
29 -102
29 -102
29 -102
29 -102
29 -102
29 -102
29 -102
29 -102
29 -102
29 -102
29 -102
29 -102
29 -102
29 -102
5 -116
5 -116
5 -116
5 -116
5 -116
5 -116
5 -116
5 -116
5 -116
5 -116
5 -116
5 -116
5 -116
5 -116
5 -116
5 -116
5 -116
5 -116
5 -116
5 -116
5 -116
5 -116
5 -116
5 -116
5 -116
5 -116
5 -116
5 -116
5 -116
5 -116
5 -116
5 -116
5 -116
5 -116
5 -116
5 -116
5 -116
5 -116
5 -116
5 -116
2 -120
2 -120
2 -120
2 -120
2 -120
2 -120
2 -120
2 -120
2 -120
2 -120
2 -120
2 -120
2 -120
2 -120
2 -120
2 -120
2 -120
2 -120
2 -120
5 -106
5 -106
5 -106
5 -106
5 -106
5 -106
5 -106
5 -106
5 -106
5 -106
5 -106
5 -106
5 -106
5 -106
5 -106
5 -106
5 -106
5 -106
5 -106
-3 -103
-3 -103
-3 -103
-3 -103
-3 -103
-3 -103
-3 -103
-3 -103
-3 -103
-3 -103
-3 -103
-3 -103
-3 -103
-3 -103
-3 -103
-3 -103
-3 -103
-3 -103
-3 -103
-3 -103
-3 -103
-3 -103
-3 -103
-3 -103
-3 -103
-3 -103
-3 -103
-3 -103
-3 -103
-3 -103
-3 -103
-3 -103
-3 -103
-3 -103
-3 -103
-3 -103
-3 -103
-3 -103
-3 -103
0 -105
0 -105
0 -105
0 -105
0 -105
0 -105
0 -105
0 -105
0 -105
0 -105
0 -105
0 -105
0 -105
0 -105
0 -105
0 -105
0 -105
0 -105
0 -105
0 -105
0 -105
0 -105
-11 -103
-11 -103
-11 -103
-11 -103
-11 -103
-11 -103
-11 -103
-11 -103
-11 -103
-11 -103
-11 -103
-11 -103
-11 -103
-11 -103
-11 -103
-11 -103
-11 -103
-11 -103
-11 -103
-11 -103
-11 -103
-11 -103
-11 -103
-11 -103
-11 -103
-11 -103
-11 -103
-11 -103
-11 -103
-11 -103
-11 -103
-11 -103
-11 -103
-11 -103
-11 -103
-11 -103
-11 -103
-11 -103
-11 -103
-11 -103
-11 -103
-11 -103
-11 -103
-11 -103
-11 -103
-29 -92
-29 -92
-29 -92
-29 -92
-29 -92
-29 -92
-29 -92
-29 -92
-29 -92
-29 -92
-29 -92
-29 -92
-29 -92
-29 -92
-29 -92
-29 -92
-29 -92
-29 -92
-29 -92
-29 -92
-29 -92
-29 -92
-29 -92
-29 -92
-29 -92
-29 -92
-29 -92
-29 -92
-29 -92
-29 -92
-29 -92
-29 -92
-29 -92
-29 -92
-29 -92
-29 -92
-29 -92
-29 -92
-29 -92
-29 -92
-29 -92
-29 -92
-29 -92
-29 -92
-29 -92
-29 -92
-63 -83
-63 -83
-63 -83
-63 -83
-63 -83
-63 -83
-63 -83
-63 -83
-63 -83
-63 -83
-63 -83
-63 -83
-63 -83
-63 -83
-63 -83
-63 -83
-63 -83
-63 -83
-63 -83
-63 -83
-63 -83
-63 -83
-63 -83
-63 -83
-63 -83
-63 -83
-63 -83
-63 -83
-63 -83
-63 -83
-63 -83
-63 -83
-63 -83
-63 -83
-63 -83
-63 -83
-63 -83
-63 -83
-63 -83
-63 -83
-63 -83
-63 -83
-63 -83
-63 -83
-63 -83
-63 -83
-63 -83
-63 -83
-63 -83
-63 -83
-63 -83
-63 -83
-63 -83
-63 -83
-63 -83
-63 -83
-63 -83
-63 -83
-63 -83
-63 -83
-63 -83
-63 -83
-63 -83
-63 -83
-63 -83
-63 -83
-63 -83
-63 -83
-76 -72
-76 -72
-76 -72
-76 -72
-76 -72
-76 -72
-76 -72
-76 -72
-76 -72
-76 -72
-76 -72
-76 -72
-76 -72
-76 -72
-76 -72
-76 -72
-76 -72
-76 -72
-76 -72
-76 -72
-76 -72
-76 -72
-76 -72
-76 -72
-76 -72
-76 -72
-76 -72
-76 -72
-76 -72
-76 -72
-76 -72
-76 -72
-76 -72
-76 -72
-76 -72
-76 -72
-76 -72
-76 -72
-76 -72
-76 -72
-76 -72
-76 -72
-76 -72
-76 -72
-76 -72
-76 -72
-76 -72
-76 -72
-76 -72
-76 -72
-76 -72
-76 -72
-76 -72
-76 -72
-76 -72
-76 -72
-76 -72
-76 -72
-76 -72
-76 -72
-76 -72
-80 -74
-99 -76
-95 -62
-95 -62
-95 -62
-95 -62
-95 -62
-95 -62
-95 -62
-95 -62
-95 -62
-95 -62
-95 -62
-95 -62
-95 -62
-95 -62
-95 -62
-95 -62
-95 -62
-95 -62
-95 -62
-95 -62
-95 -62
-95 -62
-95 -62
-95 -62
-95 -62
-95 -62
-95 -62
-95 -62
-95 -62
-95 -62
-95 -62
-95 -62
-95 -62
-95 -62
-95 -62
-95 -62
-95 -62
-95 -62
-95 -62
-95 -62
-95 -62
-95 -62
-95 -62
-95 -62
-95 -62
-95 -62
-95 -62
-95 -62
-95 -62
-95 -62
-95 -62
-95 -62
-95 -62
-95 -62
-95 -62
-95 -62
-95 -62
-95 -62
-95 -62
-95 -62
-95 -62
-95 -62
-95 -62
-95 -62
-109 -53
-109 -53
-109 -53
-109 -53
-109 -53
-109 -53
-109 -53
-109 -53
-109 -53
-109 -53
-109 -53
-109 -53
-109 -53
-109 -53
-109 -53
-109 -53
-109 -53
-109 -53
-109 -53
-109 -53
-109 -53
-109 -53
-109 -53
-103 -49
-103 -49
-103 -49
-103 -49
-103 -49
-103 -49
-103 -49
-103 -49
-103 -49
-103 -49
-103 -49
-103 -49
-103 -49
-103 -49
-103 -49
-103 -49
-103 -49
-103 -49
-103 -49
-103 -49
-105 -40
-105 -40
-105 -40
-105 -40
-105 -40
-105 -40
-105 -40
-105 -40
-105 -40
-105 -40
-105 -40
-105 -40
-105 -40
-105 -40
-105 -40
-105 -40
-105 -40
-105 -40
-105 -40
-105 -40
-105 -40
-105 -40
-105 -40
-105 -40
-105 -40
-105 -40
-105 -40
-105 -40
-105 -40
-105 -40
-105 -40
-105 -40
-105 -40
-105 -40
-105 -40
-105 -40
-105 -40
-105 -40
-105 -40
-105 -40
-105 -40
-105 -40
-121 -32
-121 -32
-121 -32
-121 -32
-121 -32
-121 -32
-121 -32
-121 -32
-121 -32
-121 -32
-121 -32
-121 -32
-121 -32
-121 -32
-121 -32
-121 -32
-121 -32
-121 -32
-121 -32
-121 -32
-121 -32
-121 -32
-121 -32
-121 -32
-121 -32
-121 -32
-121 -32
-121 -32
-121 -32
-121 -32
-121 -32
-121 -32
-121 -32
-121 -32
-121 -32
-121 -32
-121 -32
-121 -32
-121 -32
-121 -32
-121 -32
-121 -32
-120 -26
-132 -12
-132 -12
-132 -12
-132 -12
-132 -12
-132 -12
-132 -12
-132 -12
-132 -12
-132 -12
-132 -12
-132 -12
-132 -12
-132 -12
-132 -12
-132 -12
-132 -12
-132 -12
-132 -12
-132 -12
-132 -12
-132 -12
-132 -12
-132 -12
-132 -12
-132 -12
-132 -12
-132 -12
-132 -12
-132 -12
-132 -12
-132 -12
-132 -12
-132 -12
-132 -12
-132 -12
-132 -12
-132 -12
-132 -12
-132 -12
-132 -12
-132 -12
-147 -8
-147 -8
-147 -8
-147 -8
-147 -8
-147 -8
-147 -8
-147 -8
-147 -8
-147 -8
-147 -8
-147 -8
-147 -8
-147 -8
-147 -8
-147 -8
-147 -8
-147 -8
-147 -8
-147 -8
-147 -8
-147 -8
-147 -8
-147 -8
-147 -8
-147 -8
-147 -8
-147 -8
-147 -8
-147 -8
-147 -8
-147 -8
-147 -8
-147 -8
-147 -8
-147 -8
-147 -8
-147 -8
-147 -8
-147 -8
-147 -8
-147 -8
-143 -7
-143 -7
-143 -7
-143 -7
-143 -7
-143 -7
-143 -7
-143 -7
-143 -7
-143 -7
-143 -7
-143 -7
-143 -7
-143 -7
-143 -7
-143 -7
-143 -7
-143 -7
-143 -7
-143 -7
-143 -7
-143 -7
-143 -7
-143 -7
-143 -7
-143 -7
-143 -7
-143 -7
-143 -7
-143 -7
-143 -7
-143 -7
-143 -7
-143 -7
-143 -7
-143 -7
-143 -7
-143 -7
-143 -7
-143 -7
-143 -7
-143 -7
-143 -7
-143 -7
-143 -7
-143 -7
-147 32
-147 32
-147 32
-147 32
-147 32
-147 32
-147 32
-147 32
-147 32
-147 32
-147 32
-147 32
-147 32
-147 32
-147 32
-147 32
-147 32
-147 32
-147 32
-147 32
-147 32
-147 32
-147 32
-147 32
-147 32
-147 32
-147 32
-147 32
-147 32
-147 32
-147 32
-147 32
-147 32
-147 32
-147 32
-147 32
-147 32
-147 32
-147 32
-147 32
-147 32
-147 32
-147 32
-124 43
-124 43
-124 43
-124 43
-124 43
-124 43
-124 43
-124 43
-124 43
-124 43
-124 43
-124 43
-124 43
-124 43
-124 43
-124 43
-124 43
-124 43
-124 43
-124 43
-124 43
-124 43
-124 43
-124 43
-124 43
-124 43
-124 43
-124 43
-124 43
-124 43
-124 43
-124 43
-124 43
-124 43
-124 43
-124 43
-124 43
-124 43
-124 43
-124 43
-124 43
-144 68
-117 76
-117 76
-117 76
-117 76
-117 76
-117 76
-117 76
-117 76
-117 76
-117 76
-117 76
-117 76
-117 76
-117 76
-117 76
-117 76
-117 76
-117 76
-117 76
-117 76
-117 76
-117 76
-117 76
-117 76
-117 76
-117 76
-117 76
-117 76
-117 76
-117 76
-117 76
-117 76
-117 76
-117 76
-117 76
-117 76
-117 76
-117 76
-117 76
-117 76
-117 76
-117 76
-117 76
-117 76
-106 81
-106 81
-106 81
-106 81
-106 81
-106 81
-106 81
-106 81
-106 81
-106 81
-106 81
-106 81
-106 81
-106 81
-106 81
-106 81
-106 81
-106 81
-106 81
-106 81
-106 81
-106 81
-106 81
-99 91
-99 91
-99 91
-99 91
-99 91
-99 91
-99 91
-99 91
-99 91
-99 91
-99 91
-99 91
-99 91
-99 91
-99 91
-99 91
-99 91
-99 91
-99 91
-99 91
-99 91
-99 91
-99 91
-99 91
-99 91
-99 91
-99 91
-99 91
-99 91
-99 91
-99 91
-99 91
-99 91
-99 91
-99 91
-99 91
-93 93
-93 93
-93 93
-93 93
-93 93
-93 93
-93 93
-93 93
-93 93
-93 93
-93 93
-93 93
-93 93
-93 93
-93 93
-93 93
-93 93
-93 93
-93 93
-93 93
-93 93
-93 93
-87 106
-87 106
-87 106
-87 106
-87 106
-87 106
-87 106
-87 106
-87 106
-87 106
-87 106
-87 106
-87 106
-87 106
-87 106
-87 106
-87 106
-87 106
-87 106
-87 106
-87 106
-83 110
-83 110
-83 110
-83 110
-83 110
-83 110
-83 110
-83 110
-83 110
-83 110
-83 110
-83 110
-83 110
-83 110
-83 110
-83 110
-83 110
-83 110
-83 110
-83 110
-76 119
-76 119
-76 119
-76 119
-76 119
-76 119
-76 119
-76 119
-76 119
-76 119
-76 119
-76 119
-76 119
-76 119
-76 119
-76 119
-76 119
-76 119
-76 119
-76 119
-76 119
-76 119
-76 119
-76 119
-76 119
-76 119
-76 119
-76 119
-76 119
-76 119
-76 119
-76 119
-76 119
-76 119
-76 119
-76 119
-76 119
-76 119
-76 119
-76 119
-76 119
-76 119
-66 116
-66 116
-66 116
-66 116
-66 116
-66 116
-66 116
-66 116
-66 116
-66 116
-66 116
-66 116
-66 116
-66 116
-66 116
-66 116
-66 116
-66 116
-66 116
-66 116
-66 116
-66 116
-66 116
-66 116
-70 137
-70 137
-70 137
-70 137
-70 137
-70 137
-70 137
-70 137
-70 137
-70 137
-70 137
-70 137
-70 137
-70 137
-70 137
-70 137
-70 137
-70 137
-70 137
-70 137
-70 137
-70 137
-70 137
-70 137
-70 137
-70 137
-70 137
-70 137
-70 137
-70 137
-70 137
-70 137
-70 137
-70 137
-70 137
-70 137
-70 137
-70 137
-70 137
-70 137
-70 137
-70 137
-70 137
-70 137
-63 138
-63 138
-63 138
-63 138
-63 138
-63 138
-63 138
-63 138
-63 138
-63 138
-63 138
-63 138
-63 138
-63 138
-63 138
-63 138
-63 138
-63 138
-63 138
-63 138
-63 138
-63 138
-63 138
-63 138
-63 138
-63 138
-63 138
-63 138
-63 138
-63 138
-63 138
-63 138
-63 138
-63 138
-63 138
-63 138
-63 138
-63 138
-63 138
-63 138
-63 138
-63 138
-63 138
-63 138
-63 138
-63 138
-63 138
-63 138
-41 144
-38 132
-38 132
-38 132
-38 132
-38 132
-38 132
-38 132
-38 132
-38 132
-38 132
-38 132
-38 132
-38 132
-38 132
-38 132
-38 132
-38 132
-38 132
-38 132
-38 132
-38 132
-38 132
-38 132
-38 132
-38 132
-38 132
-38 132
-38 132
-38 132
-38 132
-38 132
-38 132
-38 132
-38 132
-38 132
-38 132
-38 132
-38 132
-38 132
-38 132
-38 132
-38 132
-38 132
-38 132
-38 132
-38 132
-38 132
-38 132
-38 132
-38 132
-38 132
-38 132
-38 132
-38 132
-28 152
-28 152
-28 152
-28 152
-28 152
-28 152
-28 152
-28 152
-28 152
-28 152
-28 152
-28 152
-28 152
-28 152
-28 152
-28 152
-28 152
-28 152
-28 152
-28 152
-28 152
-12 162
-12 162
-12 162
-12 162
-12 162
-12 162
-12 162
-12 162
-12 162
-12 162
-12 162
-12 162
-12 162
-12 162
-12 162
-12 162
-12 162
-12 162
-12 162
-12 162
-12 162
-12 162
-12 162
-12 162
-12 162
-12 162
-12 162
-12 162
-12 162
-12 162
-12 162
-12 162
-12 162
-12 162
-12 162
-12 162
-12 162
-12 162
-12 162
-12 162
-12 162
-12 162
-12 162
-12 162
-12 162
-12 162
-12 162
-12 162
-12 162
-12 162
-12 162
-12 162
-12 162
-12 162
-12 162
-12 162
-12 162
-12 162
-12 162
-12 162
-3 155
12 156
12 156
12 156
12 156
12 156
12 156
12 156
12 156
12 156
12 156
12 156
12 156
12 156
12 156
12 156
12 156
12 156
12 156
12 156
12 156
12 156
12 156
12 156
12 156
12 156
12 156
12 156
12 156
12 156
12 156
12 156
12 156
12 156
20 145
20 145
20 145
20 145
20 145
20 145
20 145
20 145
20 145
20 145
20 145
20 145
20 145
20 145
20 145
20 145
42 141
42 141
42 141
42 141
42 141
42 141
42 141
42 141
42 141
42 141
42 141
42 141
42 141
42 141
42 141
42 141
42 141
42 141
42 141
66 140
66 140
66 140
66 140
66 140
66 140
66 140
66 140
66 140
66 140
66 140
66 140
66 140
66 140
66 140
66 140
66 140
66 140
66 140
66 140
66 140
66 140
66 140
66 140
66 140
66 140
66 140
66 140
66 140
66 140
66 140
66 140
66 140
66 140
66 140
66 140
66 140
66 140
66 140
66 140
66 140
66 140
66 140
66 140
66 140
66 140
66 140
66 140
66 140
66 140
66 140
66 140
66 140
66 140
66 140
66 140
66 140
66 140
66 140
66 140
66 140
66 140
66 140
66 140
66 140
66 140
66 140
66 140
66 140
66 140
66 140
66 140
66 140
66 140
66 114
66 114
66 114
66 114
66 114
66 114
66 114
66 114
66 114
66 114
66 114
66 114
66 114
66 114
66 114
66 114
66 114
66 114
66 114
66 114
66 114
66 114
66 114
66 114
66 114
66 114
66 114
66 114
66 114
66 114
66 114
66 114
66 114
66 114
66 114
66 114
66 114
66 114
66 114
66 114
66 114
66 114
66 114
66 114
66 114
66 114
66 114
66 114
66 114
66 114
66 114
66 114
66 114
66 114
66 114
66 114
66 114
66 114
66 114
66 114
66 114
66 114
66 114
66 114
66 114
66 114
66 114
66 114
66 114
66 114
66 114
66 114
66 114
85 105
110 101
136 106
136 106
136 106
136 106
136 106
136 106
136 106
136 106
136 106
136 106
136 106
136 106
136 106
136 106
136 106
136 106
136 106
136 106
136 106
136 106
136 106
144 48
144 48
144 48
144 48
144 48
144 48
144 48
144 48
144 48
144 48
144 48
144 48
144 48
144 48
144 48
144 48
144 48
144 48
144 48
144 48
144 48
144 48
144 48
144 48
144 48
144 48
144 48
144 48
144 48
144 48
144 48
144 48
144 48
144 48
144 48
144 48
144 48
144 48
144 48
144 48
144 48
144 48
144 48
144 48
162 42
162 42
162 42
162 42
162 42
162 42
162 42
162 42
162 42
162 42
162 42
162 42
162 42
162 42
162 42
162 42
162 42
162 42
162 42
162 42
162 42
162 42
162 42
162 42
162 42
162 42
162 42
162 42
162 42
162 42
162 42
162 42
162 42
162 42
184 27
184 13
184 13
184 13
184 13
184 13
184 13
184 13
184 13
184 13
184 13
184 13
184 13
184 13
184 13
184 13
184 13
184 13
184 13
184 13
184 13
184 13
184 13
184 13
184 13
184 13
184 13
184 13
184 13
184 13
184 13
184 13
184 13
184 13
184 13
184 13
184 13
184 13
184 13
184 13
184 13
184 13
184 13
184 13
184 13
184 13
184 13
184 13
184 13
184 13
184 13
184 13
184 13
184 13
184 13
184 13
184 13
184 13
184 13
184 13
184 13
184 13
184 13
184 13
184 13
184 13
184 13
184 13
184 13
184 13
184 13
184 13
184 13
184 13
184 13
184 13
184 13
184 13
184 13
169 10
169 10
169 10
169 10
169 10
169 10
169 10
169 10
169 10
169 10
169 10
169 10
169 10
171 -6
171 -6
171 -6
171 -6
171 -6
171 -6
171 -6
171 -6
171 -6
171 -6
171 -6
163 -17
163 -17
163 -17
163 -17
163 -17
163 -17
163 -17
163 -17
163 -17
163 -17
163 -17
163 -17
163 -17
155 -30
155 -30
155 -30
155 -30
155 -30
155 -30
155 -30
155 -30
155 -30
155 -30
155 -30
155 -30
155 -30
155 -30
155 -30
155 -30
155 -30
155 -30
155 -30
155 -30
155 -30
155 -30
155 -30
155 -30
155 -30
155 -30
155 -30
155 -30
155 -30
155 -30
155 -30
155 -30
126 -55
126 -55
126 -55
126 -55
126 -55
126 -55
126 -55
126 -55
126 -55
126 -55
126 -55
126 -55
126 -55
126 -55
126 -55
126 -55
126 -55
126 -55
126 -55
126 -55
126 -55
126 -55
126 -55
126 -55
126 -55
126 -55
126 -55
126 -55
126 -55
126 -55
126 -55
126 -55
126 -55
126 -55
126 -55
126 -55
126 -55
126 -55
126 -55
126 -55
97 -62
97 -62
97 -62
97 -62
97 -62
97 -62
97 -62
97 -62
97 -62
97 -62
97 -62
97 -62
97 -62
97 -62
97 -62
97 -62
97 -62
97 -62
97 -62
97 -62
97 -62
97 -62
97 -62
97 -62
97 -62
97 -62
97 -62
97 -62
97 -62
97 -62
97 -62
97 -62
97 -62
97 -62
97 -62
97 -62
97 -62
97 -62
97 -62
97 -62
73 -61
73 -61
73 -61
73 -61
73 -61
73 -61
73 -61
73 -61
73 -61
73 -61
73 -61
73 -61
73 -61
73 -61
73 -61
73 -61
73 -61
73 -61
73 -61
73 -61
73 -61
73 -61
73 -61
73 -61
73 -61
73 -61
73 -61
73 -61
73 -61
73 -61
73 -61
73 -61
73 -61
73 -61
73 -61
73 -61
73 -61
73 -61
73 -61
73 -61
73 -61
73 -61
57 -67
57 -67
57 -67
57 -67
57 -67
57 -67
57 -67
57 -67
57 -67
57 -67
57 -67
57 -67
57 -67
57 -67
57 -67
57 -67
57 -67
57 -67
57 -67
57 -67
57 -67
57 -67
57 -67
57 -67
57 -67
57 -67
57 -67
57 -67
57 -67
57 -67
57 -67
57 -67
57 -67
14 -46
14 -46
14 -46
14 -46
14 -46
14 -46
14 -46
14 -46
14 -46
14 -46
14 -46
14 -46
14 -46
14 -46
14 -46
14 -46
14 -46
14 -46
14 -46
14 -46
14 -46
14 -46
14 -46
14 -46
14 -46
14 -46
14 -46
14 -46
14 -46
14 -46
14 -46
14 -46
14 -46
14 -46
6 -34
6 -34
6 -34
6 -34
6 -34
6 -34
6 -34
6 -34
6 -34
6 -34
6 -34
6 -34
6 -34
6 -34
6 -34
6 -34
6 -34
3 -27
3 -27
3 -27
3 -27
3 -27
3 -27
3 -27
3 -27
3 -27
3 -27
3 -27
3 -27
3 -27
3 -27
3 -27
3 -27
0 -21
0 -21
0 -21
0 -21
0 -21
0 -21
0 -21
0 -21
0 -21
0 -21
0 -21
0 -21
0 -21
0 -21
0 -21
0 -21
0 -21
0 -21
0 -21
0 -21
0 -21
0 -21
0 -21
0 -21
0 -21
0 -21
0 -21
0 -21
0 -21
0 -21
0 -21
0 -21
0 -21
0 -21
0 -21
0 -21
0 -21
0 -21
0 -21
0 -21
0 -21
0 -21
0 -21
0 -21
0 -21
0 -21
0 -21
0 -21
1 -9
0 -2
0 -2
0 -2
0 -2
0 -2
0 -2
0 -2
0 -2
0 -2
0 -2
0 -2
0 -2
0 -2
0 -2
0 -2
0 -2
0 -2
0 -2
0 -2
0 -2
0 -2
0 -2
0 -2
0 -2
0 -2
0 -2
0 -2
0 -2
0 -2
0 -2
0 -2
0 -2
0 -2
0 -2
0 -2
0 -2
0 -2
0 -2
0 -2
0 -2
0 -2
0 -2
0 -2
0 -2
0 -2
0 -2
0 -2
0 -2
0 -2
0 -2
0 -2
0 -2
0 -2
0 -2
0 -2
0 -2
0 -2
0 -2
0 -2
0 -2
0 -2
0 -2
0 -2
0 -2
0 -2
0 -2
0 -2
0 -2
0 -2
0 -2
0 -2
0 -2
0 -2
0 -2
0 -2
0 -2
0 -2
0 -2
0 -2
0 -2
0 -2
0 -2
0 -2
0 -2
0 -2
0 -2
0 -2
0 -2
0 -2
0 -2
0 -2
0 -2
0 -2
0 -2
0 -2
0 -2
0 -2
0 -2
0 -2
0 -2
0 -2
0 -2
0 -2
0 -2
0 -2
0 -2
0 -2
0 -2
0 -2
0 -2
0 -2
0 -2
0 -2
0 -2
0 -2
0 -2
0 -2
0 -2
0 -2
0 -2
0 -2
0 -2
0 -2
0 -2
0 -2
0 -2
0 -2
0 -2
0 -2
0 -2
0 -2
0 -2
0 -2
0 -2
0 -2
0 -2
0 -2
0 -2
0 -2
0 -2
0 -2
0 -2
0 -2
0 -2
0 -2
0 -2
0 -2
0 -2
0 -2
0 -2
0 -2
0 -2
0 -2
0 -2
0 -2
0 -2
0 -2
0 -2
0 -2
0 -2
0 -2
0 -2
0 -2
0 -2
0 -2
0 -2
0 -2
0 -2
0 -2
0 -2
0 -2
0 -2
0 -2
0 -2
0 -2
0 -2
0 -2
0 -2
0 -2
0 -2
0 -2
0 -2
0 -2
0 -2
0 -2
0 -2
0 -2
0 -2
0 -2
0 -2
0 -2
0 -2
0 -2
0 -2
0 -2
0 -2
0 -2
0 -2
0 -2
0 -2
0 -2
0 -2
0 -2
0 -2
0 -2
0 -2
0 -2
0 -2
0 -2
0 -2
0 -2
0 -2
0 -2
0 -2
0 -2
0 -2
0 -2
0 -2
0 -2
0 -2
0 -2
0 -2
0 -2
0 -2
0 -2
0 -2
0 -2
0 -2
0 -2
0 -2
0 -2
0 -2
0 -2
0 -2
0 -2
0 -2
0 -2
0 -2
0 -2
1 2
1 2
1 2
1 2
1 2
1 2
1 2
1 2
1 2
1 2
1 2
1 2
1 2
1 2
1 2
1 2
1 2
1 2
1 2
1 2
1 2
1 2
1 2
1 2
1 2
1 2
1 2
1 2
1 2
1 2
1 2
1 2
1 2
1 2
1 2
1 2
1 2
1 2
1 2
1 2
1 2
1 2
1 2
1 2
1 2
1 2
1 2
1 2
1 2
1 2
1 2
1 2
1 2
1 2
1 2
1 2
1 2
1 2
1 2
1 2
1 2
1 2
1 2
1 2
1 2
1 2
1 2
1 2
1 2
1 2
1 2
1 2
1 2
1 2
1 2
1 2
1 2
1 2
1 2
1 2
1 2
1 2
1 2
1 2
1 2
1 2
1 2
1 2
1 2
1 2
1 2
1 2
1 2
1 2
1 2
1 2
1 2
1 2
1 2
1 2
1 2
1 2
1 2
1 2
1 2
1 2
1 2
1 2
1 2
1 2
1 2
1 2
1 2
1 2
1 2
1 2
1 2
1 2
1 2
1 2
1 2
1 2
1 2
1 2
1 2
1 2
1 2
1 2
1 2
1 2
1 2
1 2
1 2
1 2
1 2
1 2
1 2
1 2
1 2
1 2
1 2
1 2
1 2
1 2
1 2
1 2
1 2
1 2
1 2
1 2
1 2
1 2
1 2
1 2
1 2
1 2
1 2
1 2
1 2
1 2
1 2
1 2
1 2
1 2
1 2
1 2
1 2
1 2
1 2
1 2
1 2
1 2
1 2
1 2
1 2
1 2
1 2
1 2
1 2
1 2
1 2
1 2
1 2
1 2
1 2
1 2
1 2
1 2
1 2
1 2
1 2
1 2
1 2
1 2
1 2
1 2
1 2
1 2
1 2
1 2
1 2
1 2
1 2
1 2
1 2
1 2
1 2
1 2
1 2
1 2
1 2
1 2
1 2
1 2
1 2
1 2
1 2
1 2
1 2
1 2
1 2
1 2
1 2
1 2
1 2
1 2
1 2
1 2
1 2
1 2
1 2
1 2
1 2
1 2
1 2
1 2
1 2
1 2
1 2
1 2
1 2
1 2
1 2
1 2
1 2
1 2
1 2
1 2
1 2
1 2
1 2
1 2
1 2
1 2
1 2
1 2
1 2
1 2
1 2
1 2
1 2
1 2
1 2
1 2
1 2
1 2
1 2
1 2
1 2
1 2
1 2
1 2
1 2
1 2
1 2
1 2
1 2
1 2
1 2
1 2
1 2
1 2
1 2
1 2
1 2
1 2
1 2
1 2
1 2
1 2
1 2
1 2
1 2
1 2
1 2
1 2
1 2
1 2
1 2
1 2
1 2
1 2
1 2
1 2
1 2
1 2
1 2
1 2
1 2
1 2
1 2
1 2
1 2
1 2
1 2
1 2
1 2
1 2
1 2
1 2
1 2
1 2
1 2
1 2
1 2
1 2
1 2
1 2
1 2
1 2
1 2
1 2
1 2
1 2
1 2
1 2
1 2
1 2
1 2
1 2
1 2
1 2
1 2
1 2
1 2
1 2
1 2
1 2
1 2
1 2
1 2
1 2
1 2
1 2
1 2
1 2
1 2
1 2
1 2
1 2
1 2
1 2
1 2
1 2
1 2
1 2
1 2
1 2
1 2
1 2
1 2
1 2
1 2
1 2
1 2
1 2
1 2
1 2
1 2
1 2
1 2
1 2
1 2
1 2
1 2
1 2
1 2
1 2
1 2
1 2
1 2
1 2
1 2
1 2
1 2
1 2
1 2
1 2
1 2
1 2
1 2
1 2
1 2
1 2
1 2
1 2
1 2
1 2
1 2
1 2
1 2
1 2
1 2
1 2
1 2
1 2
1 2
1 2
1 2
1 2
1 2
1 2
1 2
1 2
1 2
1 2
1 2
1 2
1 2
1 2
1 2
1 2
1 2
1 2
1 2
1 2
1 2
1 2
1 2
1 2
1 2
1 2
1 2
1 2
1 2
1 2
1 2
1 2
1 2
1 2
1 2
1 2
1 2
1 2
1 2
1 2
1 2
1 2
1 2
1 2
1 2
1 2
1 2
1 2
1 2
1 2
1 2
1 2
1 2
1 2
1 2
1 2
1 2
1 2
1 2
1 2
1 2
1 2
1 2
1 2
1 2
1 2
1 2
1 2
1 2
1 2
1 2
1 2
1 2
1 2
1 2
1 2
1 2
1 2
1 2
1 2
1 2
1 2
1 2
1 2
1 2
1 2
1 2
1 2
1 2
1 2
1 2
1 2
1 2
1 2
1 2
1 2
1 2
1 2
1 2
1 2
1 2
1 2
1 2
1 2
1 2
1 2
1 2
1 2
1 2
1 2
1 2
1 2
1 2
1 2
1 2
1 2
1 2
1 2
1 2
1 2
1 2
1 2
1 2
1 2
1 2
1 2
1 2
1 2
1 2
1 2
1 2
1 2
1 2
1 2
1 2
1 2
1 2
1 2
1 2
1 2
1 2
1 2
1 2
1 2
1 2
1 2
1 2
1 2
1 2
1 2
1 2
1 2
1 2
1 2
1 2
1 2
1 2
1 2
1 2
1 2
1 2
1 2
1 2
1 2
1 2
1 2
1 2
1 2
1 2
1 2
1 2
1 2
1 2
1 2
1 2
1 2
1 2
1 2
1 2
1 2
1 2
1 2
1 2
1 2
1 2
1 2
1 2
1 2
1 2
1 2
1 2
1 2
1 2
1 2
1 2
1 2
1 2
1 2
1 2
1 2
1 2
1 2
1 2
1 2
1 2
1 2
1 2
1 2
1 2
1 2
1 2
1 2
1 2
1 2
