0 -8
0 -8
0 -8
0 -8
0 -8
0 -8
0 -8
0 -8
0 -8
0 -8
0 -8
0 -8
0 -8
0 -8
0 -8
0 -8
0 -8
0 -8
0 -8
0 -8
0 -8
0 -8
0 -8
0 -8
0 -8
0 -8
0 -8
0 -8
0 -8
0 -8
0 -8
0 -8
0 -8
0 -8
0 -8
0 -8
0 -8
0 -8
0 -8
-2 -14
-2 -14
-2 -14
-2 -14
-2 -14
-2 -14
-2 -14
-2 -14
-2 -14
-2 -14
-2 -14
-2 -14
-2 -14
-2 -14
-2 -14
-2 -14
-3 -22
-3 -22
-3 -22
-3 -22
-3 -22
-3 -22
-3 -22
-3 -22
-3 -22
-3 -22
-3 -22
-3 -22
-3 -22
-3 -22
-3 -22
-3 -22
-3 -22
-3 -22
-3 -22
-3 -22
-3 -22
-3 -22
-7 -22
-7 -22
-7 -22
-7 -22
-7 -22
-7 -22
-7 -22
-7 -22
-7 -22
-7 -22
-7 -22
-7 -22
-7 -22
-7 -22
-7 -22
-7 -22
-7 -22
-7 -22
-7 -22
-7 -22
-7 -22
-7 -22
-7 -22
-7 -22
-7 -22
-7 -22
-7 -22
-7 -22
-7 -22
-7 -22
-7 -22
-7 -22
-7 -22
-7 -22
-7 -22
-7 -22
-7 -22
-7 -22
-7 -22
-7 -22
-7 -22
-7 -22
-4 -27
-4 -27
-4 -27
-4 -27
-4 -27
-4 -27
-4 -27
-4 -27
-4 -27
-4 -27
-4 -27
-4 -27
-4 -27
-4 -27
-4 -27
-4 -27
-4 -27
-4 -27
-4 -27
-4 -27
-4 -27
-4 -27
-4 -27
-4 -27
-4 -27
-4 -27
-4 -27
-4 -27
-4 -27
-4 -27
-4 -27
-4 -27
-4 -27
-4 -27
-4 -27
-4 -27
-4 -27
-4 -27
-4 -27
-4 -27
-4 -27
-6 -37
-6 -37
-6 -37
-6 -37
-6 -37
-6 -37
-6 -37
-6 -37
-6 -37
-6 -37
-6 -37
-6 -37
-6 -37
-6 -37
-6 -37
-6 -37
-6 -37
-6 -37
-6 -37
-6 -37
-6 -37
-6 -37
-6 -37
-6 -37
-6 -37
-6 -37
-6 -37
-6 -37
-6 -37
-6 -37
-6 -37
-6 -37
-6 -37
-6 -37
-6 -37
-6 -37
-6 -37
-6 -37
-6 -37
-16 -42
-16 -42
-16 -42
-16 -42
-16 -42
-16 -42
-16 -42
-16 -42
-16 -42
-16 -42
-16 -42
-16 -42
-16 -42
-16 -42
-16 -42
-16 -42
-16 -42
-16 -42
-16 -42
-16 -42
-16 -42
-17 -41
-17 -41
-17 -41
-17 -41
-17 -41
-17 -41
-17 -41
-17 -41
-17 -41
-17 -41
-17 -41
-17 -41
-17 -41
-17 -41
-17 -41
-17 -41
-17 -41
-17 -41
-17 -41
-17 -41
-17 -41
-17 -41
-17 -41
-17 -41
-17 -41
-17 -41
-17 -41
-17 -41
-17 -41
-17 -41
-17 -41
-17 -41
-17 -41
-17 -41
-17 -41
-17 -41
-17 -41
-17 -41
-17 -41
-17 -41
-17 -41
-17 -41
-17 -41
-22 -44
-22 -44
-22 -44
-22 -44
-22 -44
-22 -44
-22 -44
-22 -44
-22 -44
-22 -44
-22 -44
-22 -44
-22 -44
-22 -44
-22 -44
-22 -44
-22 -44
-22 -44
-22 -44
-22 -44
-22 -44
-23 -48
-23 -48
-23 -48
-23 -48
-23 -48
-23 -48
-23 -48
-23 -48
-23 -48
-23 -48
-23 -48
-23 -48
-23 -48
-23 -48
-23 -48
-23 -48
-23 -48
-23 -48
-23 -48
-23 -48
-23 -48
-23 -48
-23 -48
-23 -48
-33 -46
-33 -46
-33 -46
-33 -46
-33 -46
-33 -46
-33 -46
-33 -46
-33 -46
-33 -46
-33 -46
-33 -46
-33 -46
-33 -46
-33 -46
-33 -46
-33 -46
-33 -46
-33 -46
-33 -46
-33 -46
-33 -46
-33 -46
-33 -46
-33 -46
-33 -46
-33 -46
-33 -46
-33 -46
-33 -46
-33 -46
-33 -46
-33 -46
-33 -46
-33 -46
-33 -46
-33 -46
-33 -46
-33 -46
-33 -46
-33 -46
-33 -46
-33 -46
-33 -46
-33 -46
-33 -46
-33 -46
-33 -46
-33 -46
-33 -46
-33 -46
-30 -47
-30 -47
-30 -47
-30 -47
-30 -47
-30 -47
-30 -47
-30 -47
-30 -47
-30 -47
-30 -47
-30 -47
-30 -47
-30 -47
-30 -47
-30 -47
-30 -47
-30 -47
-30 -47
-30 -47
-30 -47
-30 -47
-30 -47
-30 -47
-30 -47
-38 -42
-38 -42
-38 -42
-38 -42
-38 -42
-38 -42
-38 -42
-38 -42
-38 -42
-38 -42
-38 -42
-38 -42
-38 -42
-38 -42
-38 -42
-38 -42
-38 -42
-38 -42
-38 -42
-38 -42
-38 -42
-38 -42
-38 -42
-42 -39
-42 -39
-42 -39
-42 -39
-42 -39
-42 -39
-42 -39
-42 -39
-42 -39
-42 -39
-42 -39
-42 -39
-42 -39
-42 -39
-42 -39
-42 -39
-42 -39
-42 -39
-42 -39
-42 -39
-42 -39
-42 -39
-42 -39
-42 -39
-42 -39
-42 -39
-42 -39
-42 -39
-42 -39
-42 -39
-42 -39
-42 -39
-42 -39
-42 -39
-42 -39
-42 -39
-42 -39
-42 -39
-42 -39
-42 -39
-42 -39
-42 -39
-42 -39
-42 -39
-42 -39
-42 -39
-42 -39
-42 -39
-60 -52
-60 -52
-60 -52
-60 -52
-60 -52
-60 -52
-60 -52
-60 -52
-60 -52
-60 -52
-60 -52
-60 -52
-60 -52
-60 -52
-60 -52
-60 -52
-60 -52
-60 -52
-60 -52
-60 -52
-60 -52
-60 -52
-60 -52
-60 -52
-60 -52
-60 -52
-60 -52
-60 -52
-60 -52
-60 -52
-60 -52
-60 -52
-60 -52
-60 -52
-60 -52
-60 -52
-60 -52
-60 -52
-60 -52
-60 -52
-60 -52
-60 -52
-60 -52
-60 -52
-53 -33
-53 -33
-53 -33
-53 -33
-53 -33
-53 -33
-53 -33
-53 -33
-53 -33
-53 -33
-53 -33
-53 -33
-53 -33
-53 -33
-53 -33
-53 -33
-53 -33
-53 -33
-53 -33
-53 -33
-53 -33
-53 -33
-53 -33
-53 -33
-53 -33
-53 -33
-53 -33
-53 -33
-53 -33
-53 -33
-53 -33
-53 -33
-53 -33
-53 -33
-53 -33
-53 -33
-53 -33
-53 -33
-53 -33
-53 -33
-53 -33
-53 -33
-53 -33
-53 -33
-53 -33
-53 -33
-53 -33
-53 -33
-53 -33
-53 -33
-53 -33
-53 -33
-53 -33
-53 -33
-53 -33
-53 -33
-53 -33
-53 -33
-53 -33
-53 -33
-53 -33
-53 -33
-53 -33
-53 -33
-52 -35
-68 -39
-68 -39
-52 -32
-52 -32
-52 -32
-52 -32
-52 -32
-52 -32
-52 -32
-52 -32
-52 -32
-52 -32
-52 -32
-52 -32
-52 -32
-52 -32
-52 -32
-52 -32
-52 -32
-52 -32
-52 -32
-52 -32
-52 -32
-52 -32
-52 -32
-52 -32
-52 -32
-52 -32
-52 -32
-52 -32
-52 -32
-52 -32
-52 -32
-52 -32
-52 -32
-52 -32
-52 -32
-52 -32
-52 -32
-52 -32
-52 -32
-52 -32
-52 -32
-52 -32
-52 -32
-52 -32
-70 -35
-70 -35
-70 -35
-70 -35
-70 -35
-70 -35
-70 -35
-70 -35
-70 -35
-70 -35
-70 -35
-70 -35
-70 -35
-70 -35
-70 -35
-70 -35
-70 -35
-70 -35
-70 -35
-70 -35
-70 -35
-70 -35
-70 -35
-70 -35
-64 -33
-64 -33
-64 -33
-64 -33
-64 -33
-64 -33
-64 -33
-64 -33
-64 -33
-64 -33
-64 -33
-64 -33
-64 -33
-64 -33
-64 -33
-64 -33
-64 -33
-64 -33
-64 -33
-64 -33
-64 -33
-64 -33
-64 -33
-64 -33
-64 -33
-64 -33
-64 -33
-64 -33
-64 -33
-64 -33
-64 -33
-64 -33
-64 -33
-64 -33
-64 -33
-64 -33
-64 -33
-64 -33
-64 -33
-64 -33
-64 -33
-64 -33
-64 -33
-64 -33
-64 -33
-64 -33
-64 -33
-64 -33
-64 -33
-64 -33
-64 -33
-64 -33
-64 -33
-74 -29
-74 -29
-74 -29
-74 -29
-74 -29
-74 -29
-74 -29
-74 -29
-74 -29
-74 -29
-74 -29
-74 -29
-74 -29
-74 -29
-74 -29
-74 -29
-74 -29
-74 -29
-74 -29
-74 -29
-74 -29
-74 -29
-74 -29
-74 -29
-74 -29
-74 -29
-74 -29
-74 -29
-74 -29
-74 -29
-74 -29
-74 -29
-74 -29
-74 -29
-74 -29
-74 -29
-74 -29
-74 -29
-74 -29
-74 -29
-74 -29
-74 -29
-74 -29
-74 -29
-74 -29
-74 -29
-74 -29
-56 -26
-56 -26
-56 -26
-56 -26
-56 -26
-56 -26
-56 -26
-56 -26
-56 -26
-56 -26
-56 -26
-56 -26
-56 -26
-56 -26
-56 -26
-56 -26
-56 -26
-56 -26
-56 -26
-56 -26
-56 -26
-56 -26
-56 -26
-56 -26
-56 -26
-56 -26
-72 -17
-72 -17
-72 -17
-72 -17
-72 -17
-72 -17
-72 -17
-72 -17
-72 -17
-72 -17
-72 -17
-72 -17
-72 -17
-72 -17
-72 -17
-72 -17
-72 -17
-72 -17
-72 -17
-72 -17
-72 -17
-72 -17
-78 -16
-78 -16
-78 -16
-78 -16
-78 -16
-78 -16
-78 -16
-78 -16
-78 -16
-78 -16
-78 -16
-78 -16
-78 -16
-78 -16
-78 -16
-78 -16
-78 -16
-78 -16
-78 -16
-78 -16
-78 -16
-78 -16
-78 -16
-78 -12
-78 -12
-78 -12
-78 -12
-78 -12
-78 -12
-78 -12
-78 -12
-78 -12
-78 -12
-78 -12
-78 -12
-78 -12
-78 -12
-78 -12
-78 -12
-78 -12
-78 -12
-78 -12
-78 -12
-78 -12
-78 -12
-78 -12
-78 -12
-79 -11
-79 -11
-79 -11
-79 -11
-79 -11
-79 -11
-79 -11
-79 -11
-79 -11
-79 -11
-79 -11
-79 -11
-79 -11
-79 -11
-79 -11
-79 -11
-79 -11
-79 -11
-79 -11
-79 -11
-79 -11
-79 -11
-79 -11
-79 -11
-79 -11
-79 -11
-79 -11
-79 -11
-79 -11
-79 -11
-79 -11
-79 -11
-79 -11
-79 -11
-79 -11
-79 -11
-79 -11
-79 -11
-79 -11
-79 -11
-79 -11
-79 -11
-79 -11
-79 -11
-79 -11
-79 -11
-79 -11
-79 -11
-79 -11
-79 -11
-79 -11
-79 -11
-79 -11
-79 -11
-79 -11
-79 -11
-79 -11
-79 -11
-79 -11
-79 -11
-79 -11
-79 -11
-79 -11
-79 -11
-79 -11
-79 -11
-79 -11
-79 -11
-79 -11
-79 -11
-79 -11
-79 -11
-79 -11
-74 -9
-82 -6
-82 -6
-82 -6
-82 -6
-82 -6
-82 -6
-82 -6
-82 -6
-82 -6
-82 -6
-82 -6
-82 -6
-82 -6
-82 -6
-82 -6
-82 -6
-82 -6
-82 -6
-82 -6
-82 -6
-82 -6
-82 -6
-82 -6
-82 -6
-82 -6
-82 -6
-82 -6
-82 -6
-82 -6
-82 -6
-82 -6
-82 -6
-82 -6
-82 -6
-82 -6
-82 -6
-82 -6
-82 -6
-82 -6
-82 -6
-82 -6
-82 -6
-82 -6
-82 -6
-82 -6
-82 -6
-82 -6
-82 -6
-82 -6
-82 -6
-81 -4
-81 -4
-81 -4
-81 -4
-81 -4
-81 -4
-81 -4
-81 -4
-81 -4
-81 -4
-81 -4
-81 -4
-81 -4
-81 -4
-81 -4
-81 -4
-81 -4
-81 -4
-81 -4
-81 -4
-81 -4
-81 -4
-81 -4
-81 -4
-81 -4
-81 -4
-81 -4
-81 -4
-81 -4
-81 -4
-81 -4
-81 -4
-81 -4
-81 -4
-81 -4
-81 -4
-81 -4
-81 -4
-81 -4
-81 -4
-81 -4
-81 -4
-81 -4
-81 -4
-81 -4
-81 -4
-81 -4
-81 -4
-81 -4
-81 -4
-83 1
-83 1
-83 1
-83 1
-83 1
-83 1
-83 1
-83 1
-83 1
-83 1
-83 1
-83 1
-83 1
-83 1
-83 1
-83 1
-83 1
-83 1
-83 1
-83 1
-83 1
-83 1
-83 1
-74 -1
-74 -1
-74 -1
-74 -1
-74 -1
-74 -1
-74 -1
-74 -1
-74 -1
-74 -1
-74 -1
-74 -1
-74 -1
-74 -1
-74 -1
-74 -1
-74 -1
-74 -1
-74 -1
-74 -1
-74 -1
-74 -1
-74 -1
-74 -1
-64 3
-64 3
-64 3
-64 3
-64 3
-64 3
-64 3
-64 3
-64 3
-64 3
-64 3
-64 3
-64 3
-64 3
-64 3
-64 3
-64 3
-64 3
-64 3
-64 3
-64 3
-64 3
-64 3
-64 3
-64 3
-64 3
-64 3
-64 3
-64 3
-64 3
-64 3
-64 3
-64 3
-64 3
-64 3
-64 3
-64 3
-64 3
-64 3
-64 3
-64 3
-64 3
-64 3
-59 5
-59 5
-59 5
-59 5
-59 5
-59 5
-59 5
-59 5
-59 5
-59 5
-59 5
-59 5
-59 5
-59 5
-59 5
-59 5
-59 5
-59 5
-59 5
-59 5
-59 5
-59 5
-59 5
-59 5
-59 5
-59 5
-59 5
-59 5
-59 5
-59 5
-59 5
-59 5
-59 5
-59 5
-59 5
-59 5
-59 5
-59 5
-59 5
-59 5
-59 5
-59 5
-59 5
-59 5
-52 16
-52 16
-52 16
-52 16
-52 16
-52 16
-52 16
-52 16
-52 16
-52 16
-52 16
-52 16
-52 16
-52 16
-52 16
-52 16
-52 16
-52 16
-52 16
-52 16
-52 16
-52 16
-52 16
-38 21
-38 21
-40 22
-40 22
-40 22
-40 22
-40 22
-40 22
-40 22
-40 22
-40 22
-40 22
-40 22
-40 22
-40 22
-40 22
-40 22
-40 22
-40 22
-40 22
-40 22
-40 22
-40 22
-40 22
-40 22
-40 22
-40 22
-40 22
-40 22
-40 22
-40 22
-40 22
-40 22
-40 22
-40 22
-40 22
-40 22
-40 22
-40 22
-40 22
-40 22
-40 22
-40 22
-40 22
-32 35
-32 35
-32 35
-32 35
-32 35
-32 35
-32 35
-32 35
-32 35
-32 35
-32 35
-32 35
-32 35
-32 35
-32 35
-32 35
-32 35
-32 35
-32 35
-16 34
-16 34
-16 34
-16 34
-16 34
-16 34
-16 34
-16 34
-16 34
-16 34
-16 34
-16 34
-16 34
-16 34
-16 34
-16 34
-16 34
-16 34
-16 34
-16 34
-16 34
-16 34
-16 34
-16 34
-16 34
-16 34
-16 34
-16 34
-16 34
-16 34
-16 34
-16 34
-16 34
-16 34
-16 34
-16 34
-16 34
-16 34
-16 34
-16 34
-16 34
-16 34
-16 34
-16 34
-16 34
-16 34
-16 34
-16 34
-16 34
-16 34
-16 34
-16 34
-16 34
-16 34
-16 34
-16 34
-16 34
-16 34
-16 34
-16 34
-16 34
-27 35
-34 44
-34 44
-34 44
-34 44
-34 44
-34 44
-34 44
-34 44
-34 44
-34 44
-34 44
-34 44
-34 44
-34 44
-34 44
-34 44
-34 44
-34 44
-34 44
-34 44
-34 44
-34 44
-34 44
-32 36
-32 36
-32 36
-32 36
-32 36
-32 36
-32 36
-32 36
-32 36
-32 36
-32 36
-32 36
-32 36
-32 36
-32 36
-32 36
-32 36
-32 36
-32 36
-32 36
-32 36
-32 36
-32 36
-32 36
-32 36
-32 36
-32 36
-32 36
-32 36
-32 36
-32 36
-32 36
-32 36
-32 36
-32 36
-32 36
-32 36
-32 36
-32 36
-32 36
-32 36
-32 36
-32 36
-32 36
-32 36
-32 36
-32 36
-32 36
-32 36
-20 50
-20 50
-20 50
-20 50
-20 50
-20 50
-20 50
-20 50
-20 50
-20 50
-20 50
-20 50
-20 50
-20 50
-20 50
-20 50
-20 50
-20 50
-20 50
-20 50
-20 50
-20 50
-20 50
-24 47
-24 47
-24 47
-24 47
-24 47
-24 47
-24 47
-24 47
-24 47
-24 47
-24 47
-24 47
-24 47
-24 47
-24 47
-24 47
-24 47
-24 47
-24 47
-24 47
-24 47
-24 47
-24 47
-24 47
-24 47
-24 47
-24 47
-24 47
-24 47
-24 47
-24 47
-24 47
-24 47
-24 47
-24 47
-24 47
-24 47
-24 47
-24 47
-24 47
-24 47
-24 47
-24 47
-24 47
-24 47
-24 47
-24 47
-24 47
-24 47
-24 47
-24 47
-24 47
-24 47
-18 57
-18 57
-18 57
-18 57
-18 57
-18 57
-18 57
-18 57
-18 57
-18 57
-18 57
-18 57
-18 57
-18 57
-18 57
-18 57
-18 57
-18 57
-18 57
-18 57
-18 57
-18 57
-18 57
-18 57
-18 57
-18 57
-18 57
-18 57
-18 57
-18 57
-18 57
-18 57
-18 57
-18 57
-18 57
-18 57
-18 57
-18 57
-18 57
-18 57
-18 57
-18 57
-18 57
-18 57
-18 57
-18 57
-18 57
-18 57
-22 57
-19 58
-19 58
-19 58
-19 58
-19 58
-19 58
-19 58
-19 58
-19 58
-19 58
-19 58
-19 58
-19 58
-19 58
-19 58
-19 58
-19 58
-19 58
-19 58
-19 58
-19 58
-19 58
-19 58
-19 58
-19 58
-19 58
-19 58
-19 58
-19 58
-19 58
-19 58
-19 58
-19 58
-19 58
-19 58
-19 58
-19 58
-19 58
-19 58
-19 58
-19 58
-19 58
-19 58
-19 58
-19 58
-19 58
-19 58
-19 58
-19 58
-19 58
-19 58
-19 58
-19 58
-15 58
-15 58
-15 58
-15 58
-15 58
-15 58
-15 58
-15 58
-15 58
-15 58
-15 58
-15 58
-15 58
-15 58
-15 58
-15 58
-15 58
-15 58
-15 58
-15 58
-15 58
-15 58
-15 58
-15 58
-15 58
-16 61
-16 61
-16 61
-16 61
-16 61
-16 61
-16 61
-16 61
-16 61
-16 61
-16 61
-16 61
-16 61
-16 61
-16 61
-16 61
-16 61
-16 61
-16 61
-16 61
-16 61
-16 61
-16 61
-16 61
-16 61
-16 61
-14 55
-14 55
-14 55
-14 55
-14 55
-14 55
-14 55
-14 55
-14 55
-14 55
-14 55
-14 55
-14 55
-14 55
-14 55
-14 55
-14 55
-14 55
-14 55
-14 55
-14 55
-14 55
-14 55
-14 55
-14 55
-14 55
-14 55
-14 55
-14 55
-14 55
-14 55
-14 55
-14 55
-14 55
-14 55
-14 55
-14 55
-14 55
-14 55
-14 55
-14 55
-14 55
-14 55
-14 55
-14 55
-14 55
-14 55
-14 55
-14 55
-14 55
-14 55
-14 55
-14 55
-14 55
-14 55
-14 55
-14 55
-14 55
-14 55
-14 55
-14 55
-14 55
-14 55
-14 55
-14 55
-14 55
-14 55
-14 55
-14 55
-14 55
-14 55
-14 55
-14 55
-15 53
-7 53
-7 53
-7 53
-7 53
-7 53
-7 53
-7 53
-7 53
-7 53
-7 53
-7 53
-7 53
-7 53
-7 53
-7 53
-7 53
-7 53
-7 53
-7 53
-7 53
-7 53
-7 53
-7 53
-7 53
-7 53
-7 53
-7 53
-7 53
-7 53
-7 53
-7 53
-7 53
-7 53
-7 53
-7 53
-7 53
-7 53
-7 53
-7 53
-7 53
-7 53
-7 53
-7 53
-7 53
-7 53
-7 53
-7 53
-4 53
-4 53
-4 53
-4 53
-4 53
-4 53
-4 53
-4 53
-4 53
-4 53
-4 53
-4 53
-4 53
-4 53
-4 53
-8 53
-8 53
-8 53
-8 53
-8 53
-8 53
-8 53
-8 53
-8 53
-8 53
-8 53
-8 53
-8 53
-8 53
-8 53
-8 53
-8 53
-8 53
-8 53
-8 53
-8 53
-8 53
-8 53
-8 53
-8 53
-8 53
-8 53
-8 53
-8 53
-8 53
-8 53
-8 53
-8 53
-8 53
-8 53
-8 53
-8 53
-8 53
-8 53
-8 53
-8 53
-8 53
-8 53
-8 53
-8 53
-8 53
-8 53
-8 53
-8 53
-8 53
-8 53
-8 53
-8 53
-8 53
-8 53
-8 53
-8 53
-8 53
-8 53
-8 53
-8 53
-8 53
-8 53
-8 53
-8 53
-8 53
-8 53
-8 53
-8 53
-8 53
-8 53
-8 53
-8 53
-8 53
-8 53
-8 53
-8 53
-8 53
-8 53
-8 53
-8 53
-8 53
-8 53
-8 53
-8 53
-8 53
-8 53
-8 53
-8 53
-8 53
-8 53
-8 53
-8 53
-8 53
-8 53
-8 53
-8 53
-8 53
-8 53
-8 53
-8 53
-8 53
-8 53
-8 53
-8 53
-8 53
-8 53
-8 53
-8 53
-8 53
-8 53
-4 54
-4 48
-4 48
-1 52
-1 52
-1 52
-1 52
-1 52
-1 52
-1 52
-1 52
-1 52
-1 52
-1 52
-1 52
-1 52
-1 52
-1 52
-1 52
-1 52
-1 52
-1 52
-1 52
-1 52
-1 52
-2 57
-2 57
-2 57
-2 57
-2 57
-2 57
-2 57
-2 57
-2 57
-2 57
-2 57
-2 57
-2 57
-2 57
-2 57
-2 57
-2 57
-2 57
-2 57
-2 57
-2 57
-2 57
-2 57
-2 57
-2 57
-2 57
-2 57
-2 57
-2 57
-2 57
-2 57
-2 57
-2 57
-2 57
-2 57
-2 57
-2 57
-2 57
-2 57
-2 57
-2 57
-2 57
-2 57
-2 57
-2 57
-2 57
-2 57
-2 57
0 47
0 47
0 47
0 47
0 47
0 47
0 47
0 47
0 47
0 47
0 47
0 47
0 47
0 47
0 47
0 47
0 47
0 47
0 47
0 47
0 47
0 47
0 47
1 57
1 57
1 57
1 57
1 57
1 57
1 57
1 57
1 57
1 57
1 57
1 57
1 57
1 57
1 57
1 57
1 57
1 57
1 57
1 57
1 57
1 57
1 57
-7 58
-7 58
-7 58
-7 58
-7 58
-7 58
-7 58
-7 58
-7 58
-7 58
-7 58
-7 58
-7 58
-7 58
-7 58
-7 58
-7 58
-7 58
-7 58
-7 58
-7 58
-7 58
-7 58
-7 58
-7 58
-7 58
-7 58
-7 58
-7 58
-7 58
-7 58
-7 58
-7 58
-7 58
-7 58
-7 58
-7 58
-7 58
-7 58
-7 58
-7 58
-7 58
-7 58
-7 58
-7 58
-7 58
-7 58
-7 58
0 53
0 53
0 53
0 53
0 53
0 53
0 53
0 53
0 53
0 53
0 53
0 53
0 53
0 53
0 53
0 53
0 53
0 53
0 53
0 53
0 53
0 53
0 53
0 53
0 53
0 53
0 53
0 53
0 53
0 53
0 53
0 53
0 53
0 53
0 53
0 53
0 53
0 53
0 53
0 53
0 53
0 53
0 53
0 53
0 53
0 53
0 53
0 53
0 53
0 53
0 53
0 53
0 53
0 53
0 53
0 53
0 53
0 53
0 53
8 57
8 57
8 57
8 57
8 57
8 57
8 57
8 57
8 57
8 57
8 57
8 57
8 57
8 57
8 57
8 57
8 57
8 57
8 57
8 57
8 57
8 57
8 57
8 57
8 57
8 57
8 57
8 57
14 56
14 56
14 56
14 56
14 56
14 56
14 56
14 56
14 56
14 56
14 56
14 56
14 56
14 56
14 56
17 64
17 64
17 64
17 64
17 64
17 64
17 64
17 64
17 64
17 64
17 64
17 64
17 64
17 64
17 64
17 63
17 63
17 63
17 63
17 63
17 63
17 63
17 63
17 63
17 63
17 63
17 63
17 63
17 63
17 63
17 63
17 63
17 63
17 63
17 63
17 63
17 63
17 63
17 63
17 63
17 63
17 63
17 63
17 63
17 63
17 63
17 63
17 63
17 63
17 63
17 63
17 63
17 63
17 63
17 63
17 63
17 63
17 63
17 63
17 63
17 63
17 63
17 63
22 66
24 60
24 60
24 60
24 60
24 60
24 60
24 60
24 60
24 60
24 60
24 60
24 60
24 60
24 60
24 60
24 60
24 60
24 60
24 60
24 60
24 60
24 60
24 60
24 60
24 60
24 60
24 60
24 60
24 60
24 60
24 60
27 61
27 61
27 61
27 61
27 61
27 61
27 61
27 61
27 61
27 61
27 61
27 61
27 61
27 61
27 61
27 61
27 61
32 58
32 58
32 58
32 58
32 58
32 58
32 58
32 58
32 58
32 58
32 58
32 58
32 58
32 58
32 58
32 58
32 58
32 58
39 65
39 65
39 65
39 65
39 65
39 65
39 65
39 65
39 65
39 65
39 65
39 65
39 65
39 65
39 65
39 65
39 65
39 65
39 65
39 65
39 65
39 65
39 65
39 65
39 65
39 65
39 65
39 65
39 65
39 65
39 65
39 65
39 65
39 65
39 65
39 65
37 51
37 51
37 51
37 51
37 51
37 51
37 51
37 51
37 51
37 51
37 51
37 51
37 51
37 51
37 51
37 51
37 51
37 51
37 51
37 51
37 51
37 51
37 51
37 51
37 51
37 51
37 51
37 51
37 51
37 51
37 51
37 51
37 51
37 51
37 51
39 42
39 42
39 42
39 42
39 42
39 42
39 42
39 42
39 42
39 42
39 42
39 42
39 42
39 42
39 42
39 42
39 42
39 42
39 42
39 42
39 42
39 42
39 42
39 42
39 42
39 42
39 42
39 42
39 42
39 42
39 42
39 42
39 42
39 42
39 42
51 54
55 48
55 48
55 48
55 48
55 48
55 48
55 48
55 48
55 48
55 48
55 48
55 48
55 48
55 48
55 48
55 48
55 48
52 40
52 40
52 40
52 40
52 40
52 40
52 40
52 40
52 40
52 40
52 40
52 40
52 40
52 40
52 40
52 40
52 40
52 40
52 40
52 40
52 40
52 40
52 40
52 40
52 40
52 40
52 40
52 40
52 40
52 40
52 40
52 40
52 40
52 40
52 40
74 29
74 29
74 29
74 29
74 29
74 29
74 29
74 29
74 29
74 29
74 29
74 29
74 29
74 29
74 29
74 29
74 29
74 29
74 29
74 29
74 29
74 29
74 29
74 29
74 29
74 29
74 29
74 29
74 29
74 29
74 29
74 29
74 29
74 29
66 29
66 29
66 29
66 29
66 29
66 29
66 29
66 29
66 29
66 29
66 29
66 29
66 29
66 29
66 29
66 29
66 29
66 29
66 29
66 29
66 29
66 29
66 29
66 29
66 29
66 29
66 29
66 29
66 29
66 29
66 29
66 29
75 24
75 24
75 24
75 24
75 24
75 24
75 24
82 16
82 16
82 16
82 16
82 16
82 16
82 16
82 16
82 16
82 12
82 12
82 12
82 12
82 12
82 12
82 12
82 12
82 12
82 12
82 12
82 12
82 12
82 12
82 12
82 12
82 12
82 12
82 12
82 12
82 12
82 12
82 12
82 12
82 12
82 12
82 12
82 12
82 12
82 12
82 12
88 12
88 12
88 12
88 12
88 12
88 12
88 12
88 12
88 12
88 12
88 12
88 12
88 12
88 12
88 12
88 12
88 12
88 12
87 6
87 6
87 6
87 6
87 6
87 6
87 6
87 6
87 6
87 6
87 6
87 6
87 6
87 6
87 6
87 6
87 6
87 6
87 6
87 6
87 6
87 6
87 6
87 6
87 6
87 6
87 6
87 6
87 6
87 6
87 6
87 6
87 6
87 6
87 6
87 6
87 6
87 6
87 6
87 6
87 6
87 6
87 6
87 6
87 6
87 6
87 6
87 6
87 6
87 6
87 6
87 6
87 6
87 6
87 6
87 6
87 6
87 6
87 6
87 6
87 6
87 6
87 6
87 6
87 6
87 6
87 6
87 6
87 6
87 6
84 7
78 -6
78 -6
78 -6
78 -6
78 -6
78 -6
78 -6
78 -6
78 -6
78 -6
78 -6
78 -6
78 -6
78 -6
78 -6
78 -6
78 -6
78 -6
78 -6
78 -6
78 -6
78 -6
78 -6
78 -6
78 -6
78 -6
78 -6
78 -6
78 -6
78 -6
78 -6
78 -6
78 -6
78 -6
86 -5
86 -5
86 -5
86 -5
86 -5
86 -5
86 -5
86 -5
86 -5
86 -5
86 -5
86 -5
86 -5
86 -5
86 -5
86 -5
86 -5
75 -19
75 -19
75 -19
75 -19
75 -19
75 -19
75 -19
75 -19
75 -19
75 -19
75 -19
75 -19
75 -19
75 -19
75 -19
75 -19
75 -19
75 -19
75 -19
75 -19
75 -19
75 -19
75 -19
75 -19
75 -19
75 -19
75 -19
75 -19
75 -19
75 -19
75 -19
75 -19
75 -19
75 -19
75 -19
75 -19
75 -19
76 -18
76 -18
76 -18
76 -18
76 -18
76 -18
76 -18
76 -18
76 -18
76 -18
76 -18
76 -18
76 -18
76 -18
76 -18
76 -18
76 -18
76 -18
76 -18
76 -18
76 -18
76 -18
76 -18
76 -18
76 -18
76 -18
76 -18
76 -18
76 -18
76 -18
76 -18
76 -18
76 -18
76 -18
81 -25
77 -27
77 -27
77 -27
77 -27
77 -27
77 -27
77 -27
77 -27
77 -27
77 -27
77 -27
77 -27
77 -27
77 -27
77 -27
77 -27
77 -27
77 -27
77 -27
77 -27
77 -27
77 -27
77 -27
77 -27
77 -27
77 -27
77 -27
77 -27
77 -27
77 -27
77 -27
77 -27
77 -27
73 -33
73 -33
73 -33
73 -33
73 -33
73 -33
73 -33
73 -33
73 -33
73 -33
73 -33
73 -33
73 -33
73 -33
73 -33
73 -33
73 -33
61 -40
61 -40
61 -40
61 -40
61 -40
61 -40
61 -40
61 -40
61 -40
61 -40
61 -40
61 -40
61 -40
61 -40
61 -40
61 -40
61 -40
61 -40
66 -47
66 -47
66 -47
66 -47
66 -47
66 -47
66 -47
66 -47
66 -47
66 -47
66 -47
66 -47
66 -47
66 -47
66 -47
66 -47
66 -47
66 -47
66 -47
66 -47
66 -47
66 -47
66 -47
66 -47
66 -47
66 -47
66 -47
66 -47
66 -47
66 -47
52 -40
52 -40
52 -40
52 -40
52 -40
52 -40
52 -40
52 -40
52 -40
52 -40
52 -40
52 -40
52 -40
52 -40
52 -40
52 -40
52 -40
52 -40
52 -40
52 -40
52 -40
52 -40
52 -40
52 -40
52 -40
52 -40
52 -40
52 -40
52 -40
52 -40
52 -40
52 -40
52 -40
52 -40
50 -49
50 -49
50 -49
50 -49
50 -49
50 -49
50 -49
50 -49
50 -49
50 -49
50 -49
50 -49
50 -49
50 -49
50 -49
50 -49
50 -49
50 -49
50 -49
50 -49
50 -49
50 -49
50 -49
50 -49
50 -49
50 -49
50 -49
50 -49
50 -49
50 -49
50 -49
39 -52
39 -52
39 -52
39 -52
39 -52
39 -52
39 -52
39 -52
39 -52
39 -52
39 -52
39 -52
39 -52
39 -52
39 -52
39 -52
38 -55
38 -55
38 -55
38 -55
38 -55
38 -55
38 -55
38 -55
38 -55
38 -55
38 -55
38 -55
38 -55
38 -55
38 -55
38 -55
38 -55
38 -55
38 -55
38 -55
38 -55
38 -55
38 -55
38 -55
38 -55
38 -55
38 -55
38 -55
38 -55
38 -55
38 -55
38 -55
33 -60
33 -60
33 -60
33 -60
33 -60
33 -60
33 -60
33 -60
33 -60
33 -60
33 -60
33 -60
33 -60
33 -60
33 -60
33 -60
33 -60
33 -60
33 -60
33 -60
33 -60
33 -60
33 -60
33 -60
33 -60
33 -60
33 -60
33 -60
33 -60
33 -60
21 -60
19 -61
19 -61
19 -61
19 -61
19 -61
19 -61
19 -61
19 -61
19 -61
19 -61
19 -61
19 -61
19 -61
19 -61
19 -61
19 -61
19 -61
19 -61
19 -61
19 -61
19 -61
19 -61
19 -61
19 -61
19 -61
19 -61
19 -61
19 -61
19 -61
19 -61
19 -61
19 -61
19 -61
19 -61
19 -61
19 -61
19 -61
19 -61
19 -61
19 -61
19 -61
19 -61
19 -61
19 -61
19 -61
19 -61
19 -61
19 -61
19 -61
19 -61
19 -61
19 -61
19 -61
19 -61
8 -61
8 -61
8 -61
8 -61
8 -61
8 -61
8 -61
8 -61
8 -61
8 -61
8 -61
8 -61
8 -61
8 -61
8 -61
8 -61
8 -61
8 -61
8 -61
8 -61
8 -61
8 -61
8 -61
8 -61
8 -61
8 -61
8 -61
8 -61
8 -61
8 -61
8 -61
8 -61
8 -61
8 -61
8 -61
1 -62
1 -62
1 -62
1 -62
1 -62
1 -62
1 -62
1 -62
1 -62
1 -62
1 -62
1 -62
1 -62
1 -62
1 -62
1 -62
1 -62
1 -62
1 -62
1 -62
1 -62
1 -62
1 -62
1 -62
1 -62
1 -62
1 -62
1 -62
1 -62
1 -62
1 -62
1 -62
1 -62
1 -62
1 -62
1 -62
1 -62
1 -62
1 -62
1 -62
1 -62
1 -62
1 -62
1 -62
1 -62
1 -62
1 -62
1 -62
3 -58
-1 -58
-1 -58
-1 -58
-1 -58
-1 -58
-1 -58
-1 -58
-1 -58
-1 -58
-1 -58
-1 -58
-1 -58
-1 -58
-1 -58
-1 -58
-1 -58
-1 -58
-1 -58
-1 -58
-1 -58
-1 -58
-1 -58
-1 -58
-1 -58
-1 -58
-1 -58
-1 -58
-1 -58
-1 -58
-1 -58
-1 -58
0 -50
0 -50
0 -50
0 -50
0 -50
0 -50
0 -50
0 -50
0 -50
0 -50
0 -50
0 -50
0 -50
0 -50
0 -50
0 -50
0 -50
0 -50
0 -50
0 -50
0 -50
0 -50
0 -50
0 -50
0 -50
0 -50
0 -50
0 -50
0 -50
0 -50
0 -50
0 -50
0 -50
0 -50
0 -50
0 -50
0 -52
0 -52
0 -52
0 -52
0 -52
0 -52
0 -52
0 -52
0 -52
0 -52
0 -52
0 -52
0 -52
0 -52
0 -52
0 -52
0 -52
1 -47
1 -47
1 -47
1 -47
1 -47
1 -47
1 -47
1 -47
1 -47
1 -47
1 -47
1 -47
1 -47
1 -47
1 -47
1 -47
1 -47
1 -47
1 -47
1 -47
1 -47
1 -47
1 -47
1 -47
1 -47
1 -47
1 -47
1 -47
1 -47
1 -47
1 -47
1 -47
1 -47
1 -47
1 -47
1 -47
1 -44
1 -44
1 -44
1 -44
1 -44
1 -44
1 -44
1 -44
1 -44
1 -44
1 -44
1 -44
1 -44
1 -44
1 -44
1 -44
1 -35
1 -35
1 -35
1 -35
1 -35
1 -35
1 -35
1 -35
1 -35
1 -35
1 -35
1 -35
1 -35
1 -35
1 -35
1 -35
1 -35
1 -35
1 -35
1 -35
1 -35
1 -35
1 -35
1 -35
1 -35
1 -35
1 -35
1 -35
1 -35
1 -35
1 -35
1 -35
1 -35
-2 -28
-2 -28
-2 -28
-2 -28
-2 -28
-2 -28
-2 -28
-2 -28
-2 -28
-2 -28
-2 -28
-2 -28
-2 -28
-2 -28
-2 -28
-2 -28
-2 -28
-2 -28
-2 -28
-3 -20
-3 -20
-3 -20
-3 -20
-3 -20
-3 -20
-3 -20
-3 -20
-3 -20
-3 -20
-3 -20
-3 -20
-3 -20
-3 -20
-3 -20
-3 -20
-4 -11
-4 -11
-4 -11
-4 -11
-4 -11
-4 -11
-4 -11
-4 -11
-4 -11
-4 -11
-4 -11
-4 -11
-4 -11
-4 -11
-4 -11
-4 -11
-4 -11
-1 -5
-1 -5
-1 -5
-1 -5
-1 -5
-1 -5
-1 -5
-1 -5
-1 -5
-1 -5
-1 -5
-1 -5
-1 -5
-1 -5
-1 -5
-1 -5
-1 -5
-1 -5
-1 -5
-1 -5
-1 -5
-1 -5
-1 -5
-1 -5
-1 -5
-1 -5
-1 -5
-1 -5
-1 -5
-1 -5
-1 -5
-1 -5
-1 -5
-1 -5
-1 -5
-1 -5
-1 -5
-1 -5
-1 -5
-1 -5
-1 -5
-1 -5
-1 -5
-1 -5
-1 -5
-1 -5
-1 -5
-1 -5
-1 -5
-1 -5
-1 -5
-1 -5
-1 -5
-1 -5
-1 -5
-1 -5
-1 -5
-1 -5
-1 -5
-1 -5
-1 -5
-1 -5
-1 -5
-1 -5
-1 -5
-1 -5
-1 -5
-1 -5
-1 -5
-1 -5
-1 -5
-1 -5
-1 -5
-1 -5
-1 -5
-1 -5
-1 -5
-1 -5
-1 -5
-1 -5
-1 -5
-1 -5
-1 -5
-1 -5
-1 -5
-1 -5
-1 -5
-1 -5
-1 -5
-1 -5
-1 -5
-1 -5
-1 -5
-1 -5
-1 -5
-1 -5
-1 -5
-1 -5
-1 -5
-1 -5
-1 -5
-1 -5
-1 -5
-1 -5
-1 -5
-1 -5
-1 -5
-1 -5
-1 -5
-1 -5
-1 -5
-1 -5
-1 -5
-1 -5
-1 -5
-1 -5
-1 -5
-1 -5
-1 -5
-1 -5
-1 -5
-1 -5
-1 -5
-1 -5
-1 -5
-1 -5
-1 -5
-1 -5
-1 -5
-1 -5
-1 -5
-1 -5
-1 -5
-1 -5
-1 -5
-1 -5
-1 -5
-1 -5
-1 -5
-1 -5
-1 -5
-1 -5
-1 -5
-1 -5
-1 -5
-1 -5
-1 -5
-1 -5
-1 -5
-1 -5
-1 -5
-1 -5
-1 -5
-1 -5
-1 -5
-1 -5
-1 -5
-1 -5
-1 -5
-1 -5
-1 -5
-1 -5
-1 -5
-1 -5
-1 -5
-1 -5
-1 -5
-1 -5
-1 -5
-1 -5
-1 -5
-1 -5
-1 -5
-1 -5
-1 -5
-1 -5
-1 -5
-1 -5
-1 -5
-1 -5
-1 -5
-1 -5
-1 -5
-1 -5
-1 -5
-1 -5
-1 -5
-1 -5
-1 -5
-1 -5
-1 -5
-1 -5
-1 -5
-1 -5
-1 -5
-1 -5
-1 -5
-1 -5
-1 -5
-1 -5
-1 -5
-1 -5
-1 -5
-1 -5
-1 -5
-1 -5
-1 -5
-1 -5
-1 -5
-1 -5
-1 -5
-1 -5
0 1
0 1
0 1
0 1
0 1
0 1
0 1
0 1
0 1
0 1
0 1
0 1
0 1
0 1
0 1
0 1
0 1
0 1
0 1
0 1
0 1
0 1
0 1
0 1
0 1
0 1
0 1
0 1
0 1
0 1
0 1
0 1
0 1
0 1
0 1
0 1
0 -1
0 -1
0 -1
0 -1
0 -1
0 -1
0 -1
0 -1
0 -1
0 -1
0 -1
0 -1
0 -1
0 -1
0 -1
0 -1
0 -1
0 -1
0 -1
0 -1
0 -1
0 -1
0 -1
0 -1
0 -1
0 -1
0 -1
0 -1
0 -1
0 -1
0 -1
0 -1
0 -1
0 -1
0 -1
0 -1
0 -1
0 -1
0 -1
0 -1
0 -1
0 -1
0 -1
0 -1
0 -1
0 -1
0 -1
0 -1
0 -1
0 -1
0 -1
0 -1
0 -1
0 -1
0 -1
0 -1
0 -1
0 -1
0 -1
0 -1
0 -1
0 -1
0 -1
0 -1
0 -1
0 -1
0 -1
0 -1
0 -1
0 -1
0 -1
0 -1
0 -1
0 -1
0 -1
0 -1
0 -1
0 -1
0 -1
0 -1
0 -1
0 -1
0 -1
0 -1
0 -1
0 -1
0 -1
0 -1
0 -1
0 -1
0 -1
0 -1
0 -1
0 -1
0 -1
0 -1
0 -1
0 -1
0 -1
0 -1
0 -1
0 -1
0 -1
0 -1
0 -1
0 -1
0 -1
0 -1
0 -1
0 -1
0 -1
0 -1
0 -1
0 -1
0 -1
0 -1
0 -1
0 -1
0 -1
0 -1
0 -1
0 -1
0 -1
0 -1
0 -1
0 -1
0 -1
0 -1
0 -1
0 -1
0 -1
0 -1
0 -1
0 -1
0 -1
0 -1
0 -1
0 -1
0 -1
0 -1
0 -1
0 -1
0 -1
0 -1
0 -1
0 -1
0 -1
0 -1
0 -1
0 -1
0 -1
0 -1
0 -1
0 -1
0 -1
0 -1
0 -1
0 -1
0 -1
0 -1
0 -1
0 -1
0 -1
0 -1
0 -1
0 -1
0 -1
0 -1
0 -1
0 -1
0 -1
0 -1
0 -1
0 -1
0 -1
0 -1
0 -1
0 -1
0 -1
0 -1
0 -1
0 -1
0 -1
0 -1
0 -1
0 -1
0 -1
0 -1
0 -1
0 -1
0 -1
0 -1
0 -1
0 -1
0 -1
0 -1
0 -1
0 -1
0 -1
0 -1
0 -1
0 -1
0 -1
0 -1
0 -1
0 -1
0 -1
0 -1
0 -1
0 -1
0 -1
0 -1
0 -1
0 -1
0 -1
0 -1
0 -1
0 -1
0 -1
0 -1
0 -1
0 -1
0 -1
0 -1
0 -1
0 -1
0 -1
0 -1
0 -1
0 -1
0 -1
0 -1
0 -1
0 -1
0 -1
0 -1
0 -1
0 -1
0 -1
0 -1
0 -1
0 -1
0 -1
0 -1
0 -1
0 -1
0 -1
0 -1
0 -1
0 -1
0 -1
0 -1
0 -1
0 -1
0 -1
0 -1
0 -1
0 -1
0 -1
0 -1
0 -1
0 -1
0 -1
0 -1
0 -1
0 -1
0 -1
0 -1
0 -1
0 -1
0 -1
0 -1
0 -1
0 -1
0 -1
0 -1
0 -1
0 -1
0 -1
0 -1
0 -1
0 -1
0 -1
0 -1
0 -1
0 -1
0 -1
0 -1
0 -1
0 -1
0 -1
0 -1
0 -1
0 -1
0 -1
0 -1
0 -1
0 -1
0 -1
0 -1
0 -1
0 -1
0 -1
0 -1
0 -1
0 -1
0 -1
0 -1
0 -1
0 -1
0 -1
0 -1
0 -1
0 -1
0 -1
0 -1
0 -1
0 -1
0 -1
0 -1
0 -1
0 -1
0 -1
0 -1
0 -1
0 -1
0 -1
0 -1
0 -1
0 -1
0 -1
0 -1
0 -1
0 -1
0 -1
0 -1
0 -1
0 -1
0 -1
0 -1
0 -1
0 -1
0 -1
0 -1
0 -1
0 -1
0 -1
0 -1
0 -1
0 -1
0 -1
0 -1
0 -1
0 -1
0 -1
0 -1
0 -1
0 -1
0 -1
0 -1
0 -1
0 -1
0 -1
0 -1
0 -1
0 -1
0 -1
0 -1
0 -1
0 -1
0 -1
0 -1
0 -1
0 -1
0 -1
0 -1
0 -1
0 -1
0 -1
0 -1
0 -1
0 -1
0 -1
0 -1
0 -1
0 -1
0 -1
0 -1
0 -1
0 -1
0 -1
0 -1
0 -1
0 -1
0 -1
0 -1
0 -1
0 -1
0 -1
0 -1
0 -1
0 -1
0 -1
0 -1
0 -1
0 -1
0 -1
0 -1
0 -1
0 -1
0 -1
0 -1
0 -1
0 -1
0 -1
0 -1
0 -1
0 -1
0 -1
0 -1
0 -1
0 -1
0 -1
0 -1
0 -1
0 -1
0 -1
0 -1
0 -1
0 -1
0 -1
0 -1
0 -1
0 -1
0 -1
0 -1
0 -1
0 -1
0 -1
0 -1
0 -1
0 -1
0 -1
0 -1
0 -1
0 -1
0 -1
0 -1
0 -1
0 -1
0 -1
0 -1
0 -1
0 -1
0 -1
0 -1
0 -1
0 -1
0 -1
0 -1
0 -1
0 -1
0 -1
0 -1
0 -1
0 -1
0 -1
0 -1
0 -1
0 -1
0 -1
0 -1
0 -1
0 -1
0 -1
0 -1
0 -1
0 -1
0 -1
0 -1
0 -1
0 -1
0 -1
0 -1
0 -1
0 -1
0 -1
0 -1
0 -1
0 -1
0 -1
0 -1
0 -1
0 -1
0 -1
0 -1
0 -1
0 -1
0 -1
0 -1
0 -1
0 -1
0 -1
0 -1
0 -1
0 -1
0 -1
0 -1
0 -1
0 -1
0 -1
0 -1
0 -1
0 -1
0 -1
0 -1
0 -1
0 -1
0 -1
0 -1
0 -1
0 -1
0 -1
0 -1
0 -1
0 -1
0 -1
0 -1
0 -1
0 -1
0 -1
0 -1
0 -1
0 -1
0 -1
0 -1
0 -1
0 -1
0 -1
0 -1
0 -1
0 -1
0 -1
0 -1
0 -1
0 -1
0 -1
0 -1
0 -1
0 -1
0 -1
0 -1
0 -1
0 -1
0 -1
0 -1
0 -1
0 -1
0 -1
0 -1
0 -1
0 -1
0 -1
0 -1
0 -1
0 -1
0 -1
0 -1
0 -1
0 -1
0 -1
0 -1
0 -1
0 -1
0 -1
0 -1
0 -1
0 -1
0 -1
0 -1
0 -1
0 -1
0 -1
0 -1
0 -1
0 -1
0 -1
0 -1
0 -1
0 -1
0 -1
0 -1
0 -1
0 -1
0 -1
0 -1
0 -1
0 -1
0 -1
0 -1
0 -1
0 -1
0 -1
0 -1
0 -1
0 -1
0 -1
0 -1
0 -1
0 -1
0 -1
0 -1
0 -1
0 -1
0 -1
0 -1
0 -1
0 -1
0 -1
0 -1
0 -1
0 -1
0 -1
0 -1
0 -1
0 -1
0 -1
0 -1
0 -1
0 -1
0 -1
0 -1
0 -1
0 -1
0 -1
0 -1
0 -1
0 -1
0 -1
0 -1
0 -1
0 -1
0 -1
0 -1
0 -1
0 -1
0 -1
0 -1
0 -1
0 -1
0 -1
0 -1
0 -1
0 -1
0 -1
0 -1
0 -1
0 -1
0 -1
0 -1
0 -1
0 -1
0 -1
0 -1
0 -1
0 -1
0 -1
0 -1
0 -1
0 -1
0 -1
0 -1
0 -1
0 -1
0 -1
0 -1
0 -1
0 -1
0 -1
0 -1
0 -1
0 -1
0 -1
0 -1
0 -1
0 -1
0 -1
0 -1
0 -1
0 -1
0 -1
0 -1
0 -1
0 -1
0 -1
0 -1
0 -1
0 -1
0 -1
0 -1
0 -1
0 -1
0 -1
0 -1
0 -1
0 -1
0 -1
0 -1
0 -1
0 -1
0 -1
0 -1
0 -1
0 -1
0 -1
0 -1
0 -1
0 -1
0 -1
0 -1
0 -1
0 -1
0 -1
0 -1
0 -1
0 -1
0 -1
0 -1
0 -1
0 -1
0 -1
0 -1
0 -1
0 -1
0 -1
0 -1
0 -1
0 -1
0 -1
0 -1
0 -1
0 -1
0 -1
0 -1
0 -1
0 -1
0 -1
0 -1
0 -1
0 -1
0 -1
0 -1
0 -1
0 -1
0 -1
0 -1
0 -1
0 -1
0 -1
0 -1
0 -1
0 -1
0 -1
0 -1
0 -1
0 -1
0 -1
0 -1
0 -1
0 -1
0 -1
0 -1
0 -1
0 -1
0 -1
0 -1
0 -1
0 -1
0 -1
0 -1
0 -1
0 -1
0 -1
0 -1
0 -1
0 -1
0 -1
0 -1
0 -1
0 -1
0 -1
0 -1
0 -1
0 -1
0 -1
0 -1
0 -1
0 -1
0 -1
0 -1
0 -1
0 -1
0 -1
0 -1
0 -1
0 -1
0 -1
0 -1
0 -1
0 -1
0 -1
0 -1
0 -1
0 -1
0 -1
0 -1
0 -1
0 -1
0 -1
0 -1
0 -1
0 -1
0 -1
0 -1
0 -1
0 -1
0 -1
0 -1
0 -1
0 -1
0 -1
0 -1
0 -1
0 -1
0 -1
0 -1
0 -1
0 -1
0 -1
0 -1
0 -1
0 -1
0 -1
0 -1
0 -1
0 -1
0 -1
0 -1
0 -1
0 -1
0 -1
0 -1
0 -1
0 -1
0 -1
0 -1
0 -1
0 -1
0 -1
0 -1
0 -1
0 -1
0 -1
0 -1
0 -1
0 -1
0 -1
0 -1
0 -1
0 -1
0 -1
0 -1
0 -1
0 -1
0 -1
0 -1
0 -1
0 -1
0 -1
0 -1
0 -1
0 -1
0 -1
0 -1
0 -1
0 -1
0 -1
0 -1
0 -1
0 -1
0 -1
0 -1
0 -1
0 -1
0 -1
0 -1
0 -1
0 -1
0 -1
0 -1
0 -1
0 -1
0 -1
0 -1
0 -1
0 -1
0 -1
0 -1
0 -1
0 -1
0 -1
0 -1
0 -1
0 -1
0 -1
0 -1
0 -1
0 -1
0 -1
0 -1
0 -1
0 -1
0 -1
0 -1
0 -1
0 -1
0 -1
0 -1
0 -1
0 -1
0 -1
0 -1
0 -1
0 -1
0 -1
0 -1
0 -1
0 -1
0 -1
0 -1
0 -1
0 -1
0 -1
0 -1
0 -1
0 -1
0 -1
0 -1
0 -1
0 -1
0 -1
0 -1
0 -1
0 -1
0 -1
0 -1
0 -1
0 -1
0 -1
0 -1
0 -1
0 -1
0 -1
0 -1
0 -1
