-28 -25
-28 -25
-32 -24
-32 -24
-32 -24
-32 -24
-32 -24
-32 -24
-32 -24
-32 -24
-32 -24
-32 -24
-32 -24
-32 -24
-32 -24
-32 -24
-32 -24
-32 -24
-32 -24
-32 -24
-32 -24
-32 -24
-32 -24
-32 -24
-32 -24
-32 -24
-32 -24
-32 -24
-32 -24
-32 -24
-32 -24
-32 -24
-32 -24
-32 -24
-32 -24
-32 -24
-32 -24
-32 -24
-32 -24
-32 -24
-32 -24
-32 -24
-32 -24
-32 -24
-33 -14
-33 -14
-33 -14
-33 -14
-33 -14
-33 -14
-33 -14
-33 -14
-33 -14
-33 -14
-33 -14
-33 -14
-33 -14
-33 -14
-33 -14
-33 -14
-33 -14
-33 -14
-33 -14
-33 -14
-33 -14
-33 -14
-33 -14
-33 -14
-33 -14
-33 -14
-33 -14
-33 -14
-33 -14
-33 -14
-33 -14
-33 -14
-33 -14
-33 -14
-33 -14
-33 -14
-33 -14
-33 -14
-33 -14
-33 -14
-33 -14
-33 -14
-33 -14
-33 -14
-33 -14
-33 -14
-33 -14
-33 -14
-33 -14
-33 -14
-33 -14
-33 -14
-33 -14
-33 -14
-33 -14
-33 -14
-33 -14
-24 -13
-31 -8
-31 -8
-31 -8
-31 -8
-31 -8
-31 -8
-31 -8
-31 -8
-31 -8
-31 -8
-31 -8
-31 -8
-31 -8
-31 -8
-31 -8
-31 -8
-31 -8
-31 -8
-31 -8
-31 -8
-31 -8
-31 -8
-31 -8
-31 -8
-31 -8
-31 -8
-31 -8
-31 -8
-31 -8
-31 -8
-31 -8
-31 -8
-31 -8
-31 -8
-31 -8
-31 -8
-31 -8
-31 -8
-31 -8
-31 -8
-31 -8
-31 -8
-31 -8
-31 -8
-23 -8
-23 -8
-23 -8
-23 -8
-23 -8
-23 -8
-23 -8
-23 -8
-23 -8
-23 -8
-23 -8
-23 -8
-23 -8
-23 -8
-23 -8
-23 -8
-23 -8
-23 -8
-23 -8
-23 -8
-23 -8
-23 -8
-23 -8
-23 -8
-23 -8
-23 -8
-23 -8
-23 -8
-23 -8
-23 -8
-23 -8
-23 -8
-23 -8
-23 -8
-23 -8
-23 -8
-23 -8
-23 -8
-23 -8
-23 -8
-23 -8
-23 -8
-23 -8
-23 -8
-23 -8
-23 -8
-27 -7
-25 -15
-25 -15
-25 -15
-25 -15
-25 -15
-25 -15
-25 -15
-25 -15
-25 -15
-25 -15
-25 -15
-25 -15
-25 -15
-25 -15
-25 -15
-25 -15
-25 -15
-25 -15
-25 -15
-25 -15
-25 -15
-25 -15
-25 -15
-25 -15
-27 -11
-27 -11
-27 -11
-27 -11
-27 -11
-27 -11
-27 -11
-27 -11
-27 -11
-27 -11
-27 -11
-27 -11
-27 -11
-27 -11
-27 -11
-27 -11
-27 -11
-27 -11
-27 -11
-27 -11
-27 -11
-27 -11
-27 -11
-23 -13
-23 -13
-23 -13
-23 -13
-23 -13
-23 -13
-23 -13
-23 -13
-23 -13
-23 -13
-23 -13
-23 -13
-23 -13
-23 -13
-23 -13
-23 -13
-23 -13
-23 -13
-23 -13
-23 -13
-23 -13
-23 -13
-23 -13
-23 -13
-23 -13
-23 -13
-23 -13
-23 -13
-23 -13
-23 -13
-23 -13
-23 -13
-23 -13
-23 -13
-23 -13
-23 -13
-23 -13
-23 -13
-23 -13
-23 -13
-23 -13
-23 -13
-23 -13
-23 -13
-23 -13
-23 -13
-23 -13
-23 -13
-23 -13
-36 -16
-36 -16
-36 -16
-36 -16
-36 -16
-36 -16
-36 -16
-36 -16
-36 -16
-36 -16
-36 -16
-36 -16
-36 -16
-36 -16
-36 -16
-36 -16
-36 -16
-36 -16
-36 -16
-36 -16
-36 -16
-36 -16
-36 -16
-36 -16
-36 -16
-36 -16
-36 -16
-36 -16
-36 -16
-36 -16
-36 -16
-36 -16
-36 -16
-36 -16
-36 -16
-36 -16
-36 -16
-36 -16
-36 -16
-36 -16
-36 -16
-36 -16
-36 -16
-36 -16
-36 -16
-36 -16
-36 -16
-36 -16
-36 -16
-36 -16
-40 -7
-40 -7
-40 -7
-40 -7
-40 -7
-40 -7
-40 -7
-40 -7
-40 -7
-40 -7
-40 -7
-40 -7
-40 -7
-40 -7
-40 -7
-40 -7
-40 -7
-40 -7
-40 -7
-40 -7
-40 -7
-40 -7
-40 -7
-40 -7
-40 -7
-40 -7
-40 -7
-40 -7
-40 -7
-40 -7
-40 -7
-40 -7
-40 -7
-40 -7
-40 -7
-40 -7
-40 -7
-40 -7
-40 -7
-40 -7
-40 -7
-40 -7
-40 -7
-40 -7
-40 -7
-40 -7
-40 -7
-40 -7
-38 -4
-51 1
-51 1
-51 1
-51 1
-51 1
-51 1
-51 1
-51 1
-51 1
-51 1
-51 1
-51 1
-51 1
-51 1
-51 1
-51 1
-51 1
-51 1
-51 1
-51 1
-51 1
-51 1
-51 1
-51 1
-51 1
-51 1
-43 0
-43 0
-43 0
-43 0
-43 0
-43 0
-43 0
-43 0
-43 0
-43 0
-43 0
-43 0
-43 0
-43 0
-43 0
-43 0
-43 0
-43 0
-43 0
-43 0
-43 0
-43 0
-43 0
-43 0
-43 0
-43 0
-43 0
-43 0
-43 0
-43 0
-43 0
-43 0
-43 0
-43 0
-43 0
-43 0
-43 0
-43 0
-43 0
-43 0
-43 0
-43 0
-43 0
-43 0
-43 0
-43 0
-43 0
-43 0
-43 0
-43 0
-43 0
-43 0
-43 0
-43 0
-43 0
-43 0
-43 0
-43 0
-47 9
-47 9
-47 9
-47 9
-47 9
-47 9
-47 9
-47 9
-47 9
-47 9
-47 9
-47 9
-47 9
-47 9
-47 9
-47 9
-47 9
-47 9
-47 9
-47 9
-47 9
-47 9
-47 9
-47 9
-47 9
-47 9
-47 9
-47 9
-47 9
-47 9
-47 9
-47 9
-47 9
-47 9
-47 9
-47 9
-47 9
-47 9
-47 9
-47 9
-47 9
-47 9
-47 9
-47 9
-47 9
-47 9
-47 9
-47 9
-47 9
-47 9
-47 9
-47 9
-47 9
-47 9
-47 9
-50 9
-50 9
-50 9
-50 9
-50 9
-50 9
-50 9
-50 9
-50 9
-50 9
-50 9
-50 9
-50 9
-50 9
-50 9
-50 9
-50 9
-50 9
-50 9
-50 9
-50 9
-50 9
-50 9
-50 9
-50 9
-50 9
-50 9
-50 9
-50 9
-50 9
-50 9
-50 9
-50 9
-50 9
-50 9
-50 9
-50 9
-50 9
-50 9
-50 9
-50 9
-50 9
-50 9
-50 9
-50 9
-50 9
-50 9
-50 9
-50 9
-50 9
-54 8
-51 7
-51 7
-51 7
-51 7
-51 7
-51 7
-51 7
-51 7
-51 7
-51 7
-51 7
-51 7
-51 7
-51 7
-51 7
-51 7
-51 7
-51 7
-51 7
-51 7
-51 7
-51 7
-53 6
-53 6
-53 6
-53 6
-53 6
-53 6
-53 6
-53 6
-53 6
-53 6
-53 6
-53 6
-53 6
-53 6
-53 6
-53 6
-53 6
-53 6
-53 6
-53 6
-53 6
-53 6
-53 6
-53 6
-53 6
-53 6
-53 6
-53 6
-53 6
-53 6
-53 6
-53 6
-53 6
-53 6
-53 6
-53 6
-53 6
-53 6
-53 6
-53 6
-53 6
-53 6
-53 6
-53 6
-53 6
-53 6
-53 6
-53 6
-53 6
-53 6
-53 6
-53 6
-58 6
-58 6
-58 6
-58 6
-58 6
-58 6
-58 6
-58 6
-58 6
-58 6
-58 6
-58 6
-58 6
-58 6
-58 6
-58 6
-58 6
-58 6
-58 6
-58 6
-58 6
-58 6
-58 6
-58 6
-58 6
-58 6
-58 6
-56 8
-56 8
-56 8
-56 8
-56 8
-56 8
-56 8
-56 8
-56 8
-56 8
-56 8
-56 8
-56 8
-56 8
-56 8
-56 8
-56 8
-56 8
-56 8
-56 8
-56 8
-56 8
-56 8
-56 8
-56 8
-56 8
-56 8
-56 8
-56 8
-56 8
-56 8
-56 8
-56 8
-56 8
-56 8
-56 8
-56 8
-56 8
-56 8
-56 8
-56 8
-56 8
-56 8
-56 8
-56 7
-56 7
-56 7
-56 7
-56 7
-56 7
-56 7
-56 7
-56 7
-56 7
-56 7
-56 7
-56 7
-56 7
-56 7
-56 7
-56 7
-56 7
-56 7
-56 7
-56 7
-56 7
-56 7
-56 7
-56 7
-56 7
-56 7
-56 7
-56 7
-56 7
-56 7
-56 7
-56 7
-56 7
-56 7
-56 7
-56 7
-56 7
-56 7
-56 7
-56 7
-56 7
-56 7
-56 7
-56 7
-56 7
-56 7
-56 7
-56 7
-56 7
-56 7
-56 7
-56 7
-55 15
-52 12
-52 12
-52 12
-52 12
-52 12
-52 12
-52 12
-52 12
-52 12
-52 12
-52 12
-52 12
-52 12
-52 12
-52 12
-52 12
-52 12
-52 12
-52 12
-52 12
-52 12
-52 12
-52 12
-52 12
-52 12
-52 12
-52 12
-52 12
-52 12
-52 12
-52 12
-52 12
-52 12
-52 12
-52 12
-52 12
-52 12
-52 12
-52 12
-52 12
-52 12
-52 12
-52 12
-52 12
-52 12
-52 12
-52 12
-52 12
-52 19
-52 19
-52 19
-52 19
-52 19
-52 19
-52 19
-52 19
-52 19
-52 19
-52 19
-52 19
-52 19
-52 19
-52 19
-52 19
-52 19
-52 19
-52 19
-49 19
-49 19
-49 19
-49 19
-49 19
-49 19
-49 19
-49 19
-49 19
-49 19
-49 19
-49 19
-49 19
-49 19
-49 19
-49 19
-49 19
-49 19
-49 19
-49 19
-49 19
-49 19
-49 19
-49 19
-49 19
-49 19
-49 19
-49 19
-49 19
-49 19
-49 19
-49 19
-49 19
-49 19
-49 19
-49 19
-49 19
-49 19
-49 19
-49 19
-49 19
-45 14
-45 14
-45 14
-45 14
-45 14
-45 14
-45 14
-45 14
-45 14
-45 14
-45 14
-45 14
-45 14
-45 14
-45 14
-45 14
-45 14
-45 14
-45 14
-45 14
-45 14
-45 14
-45 14
-45 14
-45 14
-45 14
-45 14
-45 14
-45 14
-45 14
-45 14
-45 14
-45 14
-45 14
-45 14
-45 14
-45 14
-45 14
-45 14
-45 14
-45 14
-45 14
-47 23
-37 26
-37 26
-37 26
-37 26
-37 26
-37 26
-37 26
-37 26
-37 26
-37 26
-37 26
-37 26
-37 26
-37 26
-37 26
-37 26
-37 26
-37 26
-37 26
-37 26
-37 26
-37 26
-37 26
-37 26
-37 26
-37 26
-37 26
-37 26
-37 26
-37 26
-37 26
-37 26
-37 26
-37 26
-37 26
-37 26
-37 26
-37 26
-32 26
-32 26
-32 26
-32 26
-32 26
-32 26
-32 26
-32 26
-32 26
-32 26
-32 26
-32 26
-32 26
-32 26
-32 26
-32 26
-32 26
-32 26
-32 26
-32 26
-32 26
-38 31
-38 31
-38 31
-38 31
-38 31
-38 31
-38 31
-38 31
-38 31
-38 31
-38 31
-38 31
-38 31
-38 31
-38 31
-38 31
-38 31
-38 31
-38 31
-38 31
-38 31
-38 31
-38 31
-38 31
-34 28
-34 28
-34 28
-34 28
-34 28
-34 28
-34 28
-34 28
-34 28
-34 28
-34 28
-34 28
-34 28
-34 28
-34 28
-34 28
-34 28
-34 28
-34 28
-34 28
-34 28
-34 28
-34 28
-34 28
-34 28
-34 28
-34 28
-34 28
-34 28
-34 28
-34 28
-34 28
-34 28
-34 28
-34 28
-34 28
-34 28
-34 28
-34 28
-34 28
-34 28
-34 28
-34 28
-34 28
-34 28
-34 28
-34 28
-34 28
-34 28
-34 28
-34 28
-34 28
-34 28
-34 28
-34 28
-34 28
-34 28
-34 28
-34 28
-34 28
-34 28
-34 28
-34 28
-34 28
-34 28
-34 28
-34 28
-34 28
-34 28
-34 28
-34 28
-34 28
-34 28
-34 28
-34 28
-34 28
-34 28
-34 28
-34 28
-34 28
-34 28
-36 29
-33 38
-33 38
-33 38
-33 38
-33 38
-33 38
-33 38
-33 38
-33 38
-33 38
-33 38
-33 38
-33 38
-33 38
-33 38
-33 38
-33 38
-33 38
-33 38
-33 38
-33 38
-33 38
-33 38
-33 38
-33 38
-33 38
-33 38
-33 38
-33 38
-33 38
-33 38
-33 38
-33 38
-33 38
-33 38
-33 38
-33 38
-33 38
-33 38
-33 38
-33 38
-33 38
-33 38
-33 38
-33 29
-34 35
-34 35
-34 35
-34 35
-34 35
-34 35
-34 35
-34 35
-34 35
-34 35
-34 35
-34 35
-34 35
-34 35
-34 35
-34 35
-34 35
-34 35
-34 35
-34 35
-34 35
-34 35
-34 35
-34 35
-35 36
-35 36
-35 36
-35 36
-35 36
-35 36
-35 36
-35 36
-35 36
-35 36
-35 36
-35 36
-35 36
-35 36
-35 36
-35 36
-35 36
-35 36
-35 36
-35 36
-35 36
-35 36
-35 36
-35 36
-35 36
-35 36
-35 36
-35 36
-35 36
-35 36
-35 36
-35 36
-35 36
-35 36
-35 36
-35 36
-35 36
-35 36
-35 36
-35 36
-35 36
-35 36
-35 36
-35 36
-35 36
-35 36
-35 36
-35 36
-35 36
-33 40
-33 40
-33 40
-33 40
-33 40
-33 40
-33 40
-33 40
-33 40
-33 40
-33 40
-33 40
-33 40
-33 40
-33 40
-33 40
-33 40
-33 40
-33 40
-33 40
-33 40
-33 40
-33 40
-33 40
-33 40
-33 40
-33 40
-33 40
-33 40
-33 40
-33 40
-33 40
-33 40
-33 40
-33 40
-33 40
-33 40
-33 40
-33 40
-33 40
-33 40
-33 40
-33 40
-33 40
-33 40
-33 40
-33 40
-33 40
-33 40
-35 37
-35 37
-35 37
-35 37
-35 37
-35 37
-35 37
-35 37
-35 37
-35 37
-35 37
-35 37
-35 37
-35 37
-35 37
-35 37
-35 37
-35 37
-35 37
-35 37
-35 37
-35 37
-35 37
-35 37
-35 37
-35 37
-35 37
-35 37
-35 37
-35 37
-35 37
-35 37
-35 37
-35 37
-35 37
-35 37
-35 37
-35 37
-35 37
-35 37
-35 37
-35 37
-35 37
-35 37
-35 37
-35 37
-35 37
-35 37
-35 37
-35 37
0 0
0 0
-13 23
-13 23
-13 23
-13 23
-13 23
-13 23
-13 23
-13 23
-13 23
-13 23
-13 23
-13 23
-13 23
-13 23
-13 23
-13 23
-13 23
-13 23
-13 23
-13 23
-13 23
-13 23
-13 23
-13 23
-13 23
-13 23
-13 23
-13 23
-13 23
-13 23
-13 23
-13 23
-13 23
-13 23
-13 23
-13 23
-13 23
-13 23
-13 23
-13 23
-13 23
-13 23
-13 23
-13 23
-13 23
-13 23
-13 23
-13 23
-13 23
-27 40
-27 40
-27 40
-27 40
-27 40
-27 40
-27 40
-27 40
-27 40
-27 40
-27 40
-27 40
-27 40
-27 40
-27 40
-27 40
-27 40
-27 40
-27 40
-27 40
-27 40
-27 40
-27 40
-27 40
-27 40
-20 40
-20 40
-20 40
-20 40
-20 40
-20 40
-20 40
-20 40
-20 40
-20 40
-20 40
-20 40
-20 40
-20 40
-20 40
-20 40
-20 40
-20 40
-20 40
-20 40
-20 40
-20 40
-22 43
-22 43
-22 43
-22 43
-22 43
-22 43
-22 43
-22 43
-22 43
-22 43
-22 43
-22 43
-22 43
-22 43
-22 43
-22 43
-22 43
-22 43
-22 43
-22 43
-22 43
-22 43
-22 43
-22 43
-22 43
-22 43
-22 43
-22 43
-22 43
-22 43
-22 43
-22 43
-22 43
-22 43
-22 43
-22 43
-22 43
-22 43
-22 43
-22 43
-22 43
-22 43
-22 43
-22 43
-22 43
-22 43
-22 43
-22 43
-22 43
-22 43
-22 43
-22 43
-22 43
-22 43
-22 43
-22 43
-22 43
-22 43
-22 43
-22 43
-22 43
-22 43
-22 43
-22 43
-22 43
-22 43
-22 43
-22 43
-22 43
-22 43
-22 43
-22 43
-22 43
-22 43
-22 43
-22 43
-22 43
-22 43
-22 43
-22 43
-22 43
-22 43
-22 43
-22 43
-22 43
-22 43
-22 43
-22 43
-22 43
-22 43
-22 43
-22 43
-22 43
-22 43
-22 43
-22 43
-22 43
-22 43
-15 43
-9 34
-9 34
-9 34
-9 34
-9 34
-9 34
-9 34
-9 34
-9 34
-9 34
-9 34
-9 34
-9 34
-9 34
-9 34
-9 34
-9 34
-9 34
-9 34
-9 34
-9 34
-9 34
-9 34
-9 34
-9 34
-9 34
-9 34
-9 34
-9 34
-9 34
-9 34
-9 34
-9 34
-9 34
-9 34
-9 34
-9 34
-9 34
-9 34
-9 34
-9 34
-9 34
-9 34
-9 34
-9 34
-11 43
-11 43
-11 43
-11 43
-11 43
-11 43
-11 43
-11 43
-11 43
-11 43
-11 43
-11 43
-11 43
-11 43
-11 43
-11 43
-11 43
-11 43
-11 43
-11 43
-11 43
-11 43
-11 43
-13 48
-13 48
-13 48
-13 48
-13 48
-13 48
-13 48
-13 48
-13 48
-13 48
-13 48
-13 48
-13 48
-13 48
-13 48
-13 48
-13 48
-13 48
-12 47
-12 47
-12 47
-12 47
-12 47
-12 47
-12 47
-12 47
-12 47
-12 47
-12 47
-12 47
-12 47
-12 47
-12 47
-12 47
-12 47
-12 47
-12 47
-12 47
-12 47
-12 47
-12 47
-12 47
-12 47
-12 47
-12 47
-12 47
-12 47
-12 47
-12 47
-12 47
-12 47
-12 47
-12 47
-12 47
-12 47
-12 47
-12 47
-12 47
-12 47
-12 47
-12 47
-13 44
-13 44
-13 44
-13 44
-13 44
-13 44
-13 44
-13 44
-13 44
-13 44
-13 44
-13 44
-13 44
-13 44
-13 44
-13 44
-13 44
-13 44
-13 44
-13 44
-13 44
-13 44
-13 44
-13 44
-13 44
-13 44
-13 44
-13 44
-13 44
-13 44
-13 44
-13 44
-13 44
-13 44
-13 44
-13 44
-13 44
-13 44
-13 44
-13 44
-13 44
-13 44
-6 47
-6 47
-6 47
-6 47
-6 47
-6 47
-6 47
-6 47
-6 47
-6 47
-6 47
-6 47
-6 47
-6 47
-6 47
-6 47
-6 47
-6 47
-6 47
-6 47
-6 47
-6 47
-9 49
-9 49
-9 49
-9 49
-9 49
-9 49
-9 49
-9 49
-9 49
-9 49
-9 49
-9 49
-9 49
-9 49
-9 49
-9 49
-9 49
-9 49
-9 49
-9 49
-9 49
-9 49
-9 49
-9 49
-9 49
-9 49
-9 49
-9 49
-9 49
-9 49
-9 49
-9 49
-9 49
-9 49
-9 49
-9 49
-6 49
-6 49
-6 49
-6 49
-6 49
-6 49
-6 49
-6 49
-6 49
-6 49
-6 49
-6 49
-6 49
-6 49
-6 49
-6 49
-6 49
-6 49
-6 49
-7 50
-7 50
-7 50
-7 50
-7 50
-7 50
-7 50
-7 50
-7 50
-7 50
-7 50
-7 50
-7 50
-7 50
-7 50
-7 50
-7 50
-5 53
-5 53
-5 53
-5 53
-5 53
-5 53
-5 53
-5 53
-5 53
-5 53
-5 53
-5 53
-5 53
-5 53
-5 53
-5 53
-5 53
-5 53
-5 53
-5 53
-5 53
-5 53
-5 53
-5 53
-5 53
-5 53
-5 53
-5 53
-5 53
-5 53
-5 53
-5 53
-4 54
-4 54
-4 54
-4 54
-4 54
-4 54
-4 54
-4 54
-4 54
-4 54
-4 54
-4 54
-4 54
-4 54
-4 54
-4 54
-4 54
-4 54
-4 54
-4 54
-4 54
-4 54
-4 54
-4 54
-4 54
-4 54
-4 54
-4 54
-4 54
-4 54
-4 54
-4 54
-4 54
-4 54
-4 54
-4 54
-4 54
-4 54
-4 54
-4 54
-4 54
-4 54
-4 54
-4 54
-4 54
-5 54
-5 57
-5 57
-5 57
-5 57
-5 57
-5 57
-5 57
-5 57
-5 57
-5 57
-5 57
-5 57
-5 57
-5 57
-5 57
-5 57
-5 57
-5 57
-5 57
-5 57
-5 57
-5 57
-5 57
-5 57
-5 57
-5 57
-7 67
-7 67
-7 67
-7 67
-7 67
-7 67
-7 67
-7 67
-7 67
-7 67
-7 67
-7 67
-7 67
-7 67
-7 67
-7 67
-7 67
-7 67
-7 67
-7 67
-7 67
-7 67
-7 67
-7 67
-7 67
-7 67
-7 67
-7 67
-7 67
-7 67
-7 67
-7 67
-7 67
-7 67
-7 67
-7 67
-7 67
-7 67
-7 67
-7 67
-7 67
-7 67
-7 67
-11 62
-11 62
-11 62
-11 62
-11 62
-11 62
-11 62
-11 62
-11 62
-11 62
-11 62
-11 62
-11 62
-11 62
-11 62
-11 62
-11 62
-11 62
-11 62
-11 62
-11 62
-11 62
-11 62
-11 62
-11 62
-11 62
1 64
1 64
1 64
1 64
1 64
1 64
1 64
1 64
1 64
1 64
1 64
1 64
1 64
1 64
1 64
1 64
1 64
1 64
1 64
1 64
1 64
1 64
1 64
1 64
1 64
1 64
1 64
1 64
1 64
1 64
1 64
1 64
1 64
1 64
1 64
1 64
1 64
1 64
1 64
1 64
1 64
1 64
1 64
1 64
1 64
1 64
1 64
1 64
1 64
5 57
5 57
5 57
5 57
5 57
5 57
5 57
5 57
5 57
5 57
5 57
5 57
5 57
5 57
5 57
5 57
5 57
5 57
5 57
5 57
5 57
5 57
5 57
5 57
5 57
5 57
5 57
5 57
5 57
5 57
5 57
5 57
5 57
5 57
5 57
5 57
5 57
5 57
5 57
5 57
5 57
5 57
5 57
5 57
0 67
0 67
0 67
0 67
0 67
0 67
0 67
0 67
0 67
0 67
0 67
0 67
0 67
0 67
0 67
0 67
0 67
0 67
0 67
0 67
0 67
0 67
0 67
0 67
0 67
0 67
0 67
0 67
0 67
0 67
0 67
0 67
0 67
0 67
0 67
0 67
0 67
0 67
0 67
0 67
0 67
0 67
4 75
4 75
4 75
4 75
4 75
4 75
4 75
4 75
4 75
4 75
4 75
4 75
4 75
4 75
4 75
4 75
4 75
4 75
4 75
4 75
4 75
4 75
4 75
4 75
4 75
4 75
4 75
4 75
4 75
4 75
7 68
7 68
7 68
7 68
7 68
7 68
7 68
7 68
7 68
7 68
7 68
7 68
7 68
7 68
7 68
7 68
7 68
7 68
7 68
7 68
7 68
7 68
7 68
7 68
7 68
7 68
7 68
7 68
7 68
7 68
7 68
7 68
7 68
7 68
7 68
16 63
16 63
16 63
16 63
16 63
16 63
16 63
16 63
16 63
16 63
16 63
16 63
16 63
16 63
16 63
16 63
16 63
16 63
16 63
16 63
16 63
16 63
16 63
16 63
16 63
16 63
16 63
16 63
16 63
16 63
16 63
16 63
16 63
16 63
16 63
12 57
12 57
12 57
12 57
12 57
12 57
12 57
12 57
12 57
12 57
12 57
12 57
12 57
12 57
12 57
12 57
12 57
12 57
12 57
18 64
18 64
18 64
18 64
18 64
18 64
18 64
18 64
18 64
18 64
18 64
18 64
18 64
18 64
18 64
18 64
18 64
18 64
18 64
18 64
18 64
23 60
23 60
23 60
23 60
23 60
23 60
23 60
23 60
23 60
23 60
23 60
23 60
23 60
23 60
23 60
23 60
23 60
23 60
23 60
23 60
23 60
23 60
23 60
23 60
23 60
23 60
23 60
23 60
23 60
23 60
23 60
23 60
23 60
23 60
23 60
23 60
23 60
23 60
28 56
28 56
28 56
28 56
28 56
28 56
28 56
28 56
28 56
28 56
28 56
28 56
28 56
28 56
28 56
28 56
28 56
28 56
28 56
28 56
28 56
28 56
28 56
28 56
28 56
28 56
28 56
28 56
28 56
28 56
28 56
28 56
28 56
28 56
28 56
28 56
30 60
30 60
30 60
30 60
30 60
30 60
30 60
30 60
30 60
30 60
30 60
30 60
30 60
30 60
30 60
30 60
30 60
30 60
27 51
27 51
27 51
27 51
27 51
27 51
27 51
27 51
27 51
27 51
27 51
27 51
27 51
27 51
27 51
27 51
30 53
30 53
30 53
30 53
30 53
30 53
30 53
30 53
30 53
30 53
30 53
30 53
30 53
30 53
30 53
30 53
36 54
36 54
36 54
36 54
36 54
36 54
36 54
36 54
36 54
36 54
36 54
36 54
36 54
36 54
36 54
36 54
36 54
36 54
36 54
36 54
36 54
36 54
36 54
36 54
36 54
36 54
36 54
36 54
36 54
36 54
36 54
36 54
36 54
36 54
36 54
36 54
43 50
43 50
43 50
43 50
43 50
43 50
43 50
43 50
43 50
43 50
43 50
43 50
43 50
43 50
43 50
43 50
43 50
43 50
43 50
43 50
43 50
43 50
43 50
43 50
43 50
43 50
43 50
43 50
43 50
43 50
43 50
43 50
43 50
37 48
37 48
37 48
37 48
37 48
37 48
37 48
37 48
37 48
37 48
37 48
37 48
37 48
37 48
37 48
37 48
37 48
37 48
37 48
37 48
37 48
37 48
37 48
37 48
37 48
37 48
37 48
37 48
37 48
37 48
37 48
37 48
37 48
37 48
37 48
42 49
42 49
40 40
40 40
40 40
40 40
40 40
40 40
40 40
40 40
40 40
40 40
40 40
40 40
40 40
45 40
45 40
45 40
45 40
45 40
45 40
45 40
45 40
45 40
45 40
45 40
45 40
45 40
45 40
45 40
45 40
45 40
45 40
45 40
45 40
45 40
45 40
45 40
45 40
45 40
45 40
45 40
45 40
45 40
45 40
45 40
55 36
55 36
55 36
55 36
55 36
55 36
55 36
55 36
55 36
55 36
55 36
55 36
55 36
55 36
55 36
55 36
55 36
55 36
55 36
55 36
55 36
55 36
55 36
55 36
55 36
55 36
55 36
55 36
55 36
55 36
55 36
55 36
55 36
55 36
55 36
55 36
55 36
55 36
55 36
55 36
55 36
55 36
55 36
55 36
55 36
55 36
55 36
55 36
55 36
55 36
55 36
55 36
57 31
62 31
62 31
62 31
62 31
62 31
62 31
62 31
62 31
62 31
62 31
62 31
62 31
62 31
62 31
62 31
62 31
62 31
62 31
62 31
62 31
62 31
62 31
62 31
62 31
62 31
62 31
62 31
62 31
62 31
62 31
62 31
62 31
62 31
62 31
72 29
72 29
72 29
72 29
72 29
72 29
72 29
72 29
72 29
72 29
72 29
72 29
72 29
72 29
72 29
72 29
72 29
72 29
72 29
72 29
72 29
72 29
72 29
72 29
72 29
72 29
72 29
72 29
72 29
72 29
72 29
72 29
72 29
72 29
72 29
73 23
73 23
73 23
73 23
73 23
73 23
73 23
73 23
73 23
73 23
73 23
73 23
73 23
73 23
73 23
73 23
73 23
73 23
76 19
76 19
76 19
76 19
76 19
76 19
76 19
76 19
76 19
76 19
76 19
76 19
76 19
76 19
76 19
76 19
76 19
76 19
76 19
76 19
76 19
76 19
76 19
76 19
76 19
76 19
76 19
76 19
76 19
76 19
76 19
76 19
76 19
82 14
82 14
82 14
82 14
82 14
82 14
82 14
82 14
82 14
82 14
82 14
82 14
82 14
82 14
82 14
82 14
82 14
82 14
73 5
73 5
73 5
73 5
73 5
73 5
73 5
73 5
73 5
73 5
73 5
73 5
73 5
73 5
73 5
73 5
73 5
73 5
73 5
73 5
73 5
73 5
73 5
73 5
73 5
73 5
73 5
73 5
73 5
73 5
73 5
73 5
81 2
86 2
86 2
86 2
86 2
86 2
86 2
86 2
86 2
86 2
86 2
86 2
86 2
86 2
86 2
86 2
86 2
86 2
86 2
86 2
86 2
86 2
86 2
86 2
86 2
86 2
86 2
86 2
86 2
86 2
86 2
86 2
82 -3
82 -3
82 -3
82 -3
82 -3
82 -3
82 -3
82 -3
82 -3
82 -3
82 -3
82 -3
82 -3
82 -3
82 -3
82 -3
82 -3
87 -6
87 -6
87 -6
87 -6
87 -6
87 -6
87 -6
87 -6
87 -6
87 -6
87 -6
87 -6
87 -6
87 -6
87 -6
87 -6
87 -6
87 -6
87 -6
87 -6
87 -6
87 -6
87 -6
87 -6
87 -6
87 -6
87 -6
87 -6
87 -6
87 -6
87 -6
87 -6
84 -11
84 -11
84 -11
84 -11
84 -11
84 -11
84 -11
84 -11
84 -11
84 -11
84 -11
84 -11
84 -11
84 -11
84 -11
84 -11
84 -11
84 -11
84 -11
84 -11
84 -11
84 -11
84 -11
84 -11
84 -11
84 -11
84 -11
84 -11
84 -11
84 -11
84 -11
84 -11
84 -11
84 -11
84 -11
84 -20
84 -20
84 -20
84 -20
84 -20
84 -20
84 -20
84 -20
84 -20
84 -20
84 -20
84 -20
84 -20
84 -20
84 -20
84 -20
77 -22
77 -22
77 -22
77 -22
77 -22
77 -22
77 -22
77 -22
77 -22
77 -22
77 -22
77 -22
77 -22
77 -22
77 -22
77 -22
77 -22
77 -22
70 -19
70 -19
70 -19
70 -19
70 -19
70 -19
70 -19
70 -19
70 -19
70 -19
70 -19
70 -19
70 -19
70 -19
70 -19
70 -19
70 -19
70 -19
70 -19
70 -19
70 -19
70 -19
70 -19
70 -19
70 -19
70 -19
70 -19
70 -19
70 -19
70 -19
70 -19
70 -19
70 -19
70 -26
70 -26
70 -26
70 -26
70 -26
70 -26
70 -26
70 -26
70 -26
70 -26
70 -26
70 -26
70 -26
70 -26
70 -26
70 -26
70 -32
70 -32
70 -32
70 -32
70 -32
70 -32
70 -32
70 -32
70 -32
70 -32
70 -32
70 -32
70 -32
70 -32
70 -32
70 -32
70 -32
70 -32
64 -40
64 -40
64 -40
64 -40
64 -40
64 -40
64 -40
64 -40
64 -40
64 -40
64 -40
64 -40
64 -40
64 -40
64 -40
64 -40
64 -40
64 -40
64 -40
64 -40
64 -40
64 -40
64 -40
64 -40
64 -40
64 -40
64 -40
64 -40
64 -40
64 -40
64 -40
64 -40
64 -40
64 -40
64 -40
64 -40
64 -46
64 -46
64 -46
64 -46
64 -46
64 -46
64 -46
64 -46
64 -46
64 -46
64 -46
64 -46
64 -46
64 -46
64 -46
64 -46
64 -46
64 -46
64 -46
64 -46
64 -46
64 -46
64 -46
64 -46
64 -46
64 -46
64 -46
64 -46
64 -46
64 -46
64 -46
64 -46
64 -46
64 -46
64 -46
64 -46
64 -46
64 -46
64 -46
47 -48
51 -54
51 -54
51 -54
51 -54
51 -54
51 -54
51 -54
51 -54
51 -54
51 -54
51 -54
51 -54
51 -54
51 -54
51 -54
51 -54
51 -54
51 -54
51 -54
51 -54
51 -54
51 -54
51 -54
51 -54
51 -54
51 -54
51 -54
51 -54
51 -54
51 -54
51 -54
51 -54
51 -54
51 -54
51 -54
51 -54
51 -54
51 -54
46 -64
46 -64
46 -64
46 -64
46 -64
46 -64
46 -64
46 -64
46 -64
46 -64
46 -64
46 -64
46 -64
46 -64
46 -64
41 -53
41 -53
41 -53
41 -53
41 -53
41 -53
41 -53
41 -53
41 -53
41 -53
41 -53
41 -53
41 -53
41 -53
41 -53
41 -53
41 -53
41 -53
41 -53
41 -53
41 -53
41 -53
41 -53
41 -53
41 -53
41 -53
29 -56
29 -56
29 -56
29 -56
29 -56
29 -56
29 -56
29 -56
29 -56
29 -56
29 -56
29 -56
29 -56
29 -56
29 -56
29 -56
29 -56
29 -56
29 -56
29 -56
29 -56
29 -56
29 -56
29 -56
29 -56
29 -56
29 -56
29 -56
29 -56
29 -56
29 -56
31 -71
36 -55
36 -55
36 -55
36 -55
36 -55
36 -55
36 -55
36 -55
36 -55
36 -55
36 -55
36 -55
36 -55
36 -55
36 -55
36 -55
36 -55
36 -55
36 -55
36 -55
36 -55
36 -55
36 -55
36 -55
36 -55
36 -55
36 -55
36 -55
36 -55
36 -55
36 -55
36 -55
36 -55
29 -58
29 -58
29 -58
29 -58
29 -58
29 -58
29 -58
29 -58
29 -58
29 -58
29 -58
29 -58
29 -58
29 -58
29 -58
29 -58
29 -58
29 -58
23 -63
23 -63
23 -63
23 -63
23 -63
23 -63
23 -63
23 -63
23 -63
23 -63
23 -63
23 -63
23 -63
23 -63
23 -63
23 -63
23 -63
23 -63
23 -63
18 -54
18 -54
18 -54
18 -54
18 -54
18 -54
18 -54
18 -54
18 -54
18 -54
18 -54
18 -54
18 -54
18 -54
18 -54
18 -54
18 -54
18 -54
18 -54
18 -54
18 -54
18 -54
18 -54
18 -54
18 -54
18 -54
18 -54
18 -54
18 -54
18 -54
18 -54
18 -54
18 -54
18 -54
18 -54
18 -54
18 -54
18 -54
18 -54
18 -54
19 -66
19 -66
19 -66
19 -66
19 -66
19 -66
19 -66
19 -66
19 -66
19 -66
19 -66
19 -66
19 -66
19 -66
19 -66
19 -66
19 -66
19 -66
12 -62
12 -62
12 -62
12 -62
12 -62
12 -62
12 -62
12 -62
12 -62
12 -62
12 -62
12 -62
12 -62
12 -62
12 -62
12 -62
12 -62
12 -62
12 -62
12 -62
12 -62
12 -62
12 -62
12 -62
12 -62
12 -62
12 -62
12 -62
12 -62
12 -62
12 -62
12 -62
12 -62
12 -62
12 -66
12 -66
12 -66
12 -66
12 -66
12 -66
12 -66
12 -66
12 -66
12 -66
12 -66
12 -66
12 -66
12 -66
12 -66
12 -66
12 -66
12 -66
12 -66
12 -58
12 -58
12 -58
12 -58
12 -58
12 -58
12 -58
12 -58
12 -58
12 -58
12 -58
12 -58
12 -58
12 -58
12 -58
12 -58
12 -58
12 -58
12 -58
12 -58
12 -58
12 -58
12 -58
12 -58
12 -58
12 -58
12 -58
12 -58
12 -58
12 -58
12 -58
12 -58
12 -58
12 -58
12 -58
12 -58
12 -58
12 -58
12 -58
12 -58
12 -58
12 -58
12 -58
12 -58
12 -58
12 -58
12 -58
12 -58
12 -58
12 -58
12 -58
0 -55
0 -55
0 -55
0 -55
0 -55
0 -55
0 -55
0 -55
0 -55
0 -55
0 -55
0 -55
0 -55
0 -55
0 -55
0 -55
0 -55
0 -55
0 -55
0 -55
0 -55
0 -55
0 -55
0 -55
0 -55
0 -55
0 -55
0 -55
0 -55
0 -55
0 -55
0 -55
0 -55
0 -55
0 -55
0 -55
0 -47
0 -47
0 -47
0 -47
0 -47
0 -47
0 -47
0 -47
0 -47
0 -47
0 -47
0 -47
0 -47
0 -47
0 -47
0 -47
0 -47
0 -47
0 -47
0 -47
0 -47
0 -47
0 -47
0 -47
0 -47
0 -47
0 -47
0 -47
0 -47
0 -47
0 -47
0 -47
-3 -45
-3 -45
-3 -45
-3 -45
-3 -45
-3 -45
-3 -45
-3 -45
-3 -45
-3 -45
-3 -45
-3 -45
-3 -45
-3 -45
-3 -45
-3 -45
-3 -42
-3 -42
-3 -42
-3 -42
-3 -42
-3 -42
-3 -42
-3 -42
-3 -42
-3 -42
-3 -42
-3 -42
-3 -42
-3 -42
-3 -42
-3 -42
-3 -42
-3 -42
-3 -42
-3 -42
-3 -42
-3 -42
-3 -42
-3 -42
-3 -42
-3 -42
-3 -42
-3 -42
-3 -42
-3 -42
-3 -42
-3 -42
-3 -42
-3 -42
-3 -42
-3 -42
-3 -42
-3 -42
-3 -42
-3 -42
-3 -42
-3 -42
-3 -42
-3 -42
-3 -42
-3 -42
-3 -32
-1 -33
-1 -33
-1 -33
-1 -33
-1 -33
-1 -33
-1 -33
-1 -33
-1 -33
-1 -33
-1 -33
-1 -33
-1 -33
-1 -33
-1 -33
-1 -33
-1 -33
-1 -33
-1 -33
-1 -33
-1 -33
-1 -33
-1 -33
-1 -33
-1 -33
-1 -33
-1 -33
-1 -33
-1 -33
-1 -33
-1 -26
-1 -26
-1 -26
-1 -26
-1 -26
-1 -26
-1 -26
-1 -26
-1 -26
-1 -26
-1 -26
-1 -26
-1 -26
-1 -26
-1 -26
-1 -26
-1 -26
-1 -26
-1 -26
-5 -15
-5 -15
-5 -15
-5 -15
-5 -15
-5 -15
-5 -15
-5 -15
-5 -15
-5 -15
-5 -15
-5 -15
-5 -15
-5 -15
-5 -15
-5 -15
-5 -15
-5 -15
-5 -15
-5 -15
-5 -15
-5 -15
-5 -15
-5 -15
-5 -15
-5 -15
-5 -15
-5 -15
-5 -15
-5 -15
-5 -15
-5 -15
-5 -15
-5 -15
-1 -13
-1 -13
-1 -13
-1 -13
-1 -13
-1 -13
-1 -13
-1 -13
-1 -13
-1 -13
-1 -13
-1 -13
-1 -13
-1 -13
-1 -13
-1 -13
-1 -13
-1 -13
-1 -2
-1 -2
-1 -2
-1 -2
-1 -2
-1 -2
-1 -2
-1 -2
-1 -2
-1 -2
-1 -2
-1 -2
-1 -2
-1 -2
-1 -2
-1 -2
-1 -2
-1 -2
1 0
1 0
1 0
1 0
1 0
1 0
1 0
1 0
1 0
1 0
1 0
1 0
1 0
1 0
1 0
1 0
1 0
1 0
1 0
1 0
1 0
1 0
1 0
1 0
1 0
1 0
1 0
1 0
1 0
1 0
1 0
1 0
1 0
1 0
-1 0
-1 0
-1 0
-1 0
-1 0
-1 0
-1 0
-1 0
-1 0
-1 0
-1 0
-1 0
-1 0
-1 0
-1 0
-1 0
-1 0
-1 0
-1 0
-1 0
-1 0
-1 0
-1 0
-1 0
-1 0
-1 0
-1 0
-1 0
-1 0
-1 0
-1 0
-1 0
-1 0
-1 0
-1 0
-1 0
-1 0
-1 0
-1 0
-1 0
-1 0
-1 0
-1 0
-1 0
-1 0
-1 0
-1 0
-1 0
-1 0
-1 0
-1 0
-1 0
-1 0
-1 0
-1 0
-1 0
-1 0
-1 0
-1 0
-1 0
-1 0
-1 0
-1 0
-1 0
-1 0
-1 0
-1 0
-1 0
-1 0
-1 0
-1 0
-1 0
-1 0
-1 0
-1 0
-1 0
-1 0
-1 0
-1 0
-1 0
-1 0
-1 0
-1 0
-1 0
-1 0
-1 0
0 2
0 2
0 2
0 2
0 2
0 2
0 2
0 2
0 2
0 2
0 2
0 2
0 2
0 2
0 2
0 2
0 2
0 2
0 2
0 2
0 2
0 2
0 2
0 2
0 2
0 2
0 2
0 2
0 2
0 2
0 2
0 2
0 2
0 2
0 2
0 2
0 2
0 2
0 2
0 2
0 2
0 2
0 2
0 2
0 2
0 2
0 2
0 2
0 2
0 2
0 2
0 2
0 2
0 2
0 2
0 2
0 2
0 2
0 1
0 1
0 1
0 1
0 1
0 1
0 1
0 1
0 1
0 1
0 1
0 1
0 1
0 1
0 1
0 1
0 1
0 1
0 1
0 1
0 1
0 1
0 1
0 1
0 1
0 1
0 1
0 1
0 1
0 1
0 1
0 1
0 1
0 1
0 1
0 1
0 1
0 1
0 1
0 1
0 1
0 1
0 1
0 1
0 1
0 1
0 1
0 1
0 1
0 1
0 1
0 1
0 1
0 1
0 1
0 1
0 1
0 1
-1 0
-1 0
-1 0
-1 0
-1 0
-1 0
-1 0
-1 0
-1 0
-1 0
-1 0
-1 0
-1 0
-1 0
-1 0
-1 0
-1 0
-1 0
-1 0
-1 0
-1 0
-1 0
-1 0
-1 0
-1 0
-1 0
-1 0
-1 0
-1 0
-1 0
-1 0
-1 0
-1 0
-1 0
-1 0
-1 0
-1 0
-1 0
-1 0
-1 0
-1 0
-1 0
-1 0
-1 0
-1 0
-1 0
-1 0
-1 0
-1 0
-1 0
-1 0
-1 0
-1 0
-1 0
-1 0
-1 0
-1 0
-1 0
-1 0
-1 0
-1 0
-1 0
-1 0
-1 0
-1 0
-1 0
-1 0
-1 0
-1 0
-1 0
-1 0
-1 0
-1 0
-1 0
-1 0
-1 0
-1 0
-1 0
-1 0
-1 0
-1 0
-1 0
-1 0
-1 0
-1 0
-1 0
-1 0
-1 0
-1 0
-1 0
-1 0
-1 0
-1 0
-1 0
-1 0
-1 0
-1 0
-1 0
-1 0
-1 0
-1 0
-1 0
-1 0
-1 0
-1 0
-1 0
-1 0
-1 0
-1 0
-1 0
-1 0
-1 0
-1 0
-1 0
-1 0
-1 0
-1 0
-1 0
-1 0
-1 0
-1 0
-1 0
-1 0
-1 0
-1 0
-1 0
-1 0
-1 0
-1 0
-1 0
-1 0
-1 0
-1 0
-1 0
-1 0
-1 0
-1 0
-1 0
-1 0
-1 0
-1 0
-1 0
-1 0
-1 0
-1 0
-1 0
-1 0
-1 0
-1 0
-1 0
-1 0
-1 0
-1 0
-1 0
-1 0
-1 0
-1 0
-1 0
-1 0
-1 0
-1 0
-1 0
-1 0
-1 0
-1 0
-1 0
-1 0
-1 0
-1 0
-1 0
-1 0
-1 0
-1 0
-1 0
-1 0
-1 0
-1 0
-1 0
-1 0
-1 0
-1 0
-1 0
-1 0
-1 0
-1 0
-1 0
-1 0
-1 0
-1 0
-1 0
-1 0
-1 0
-1 0
-1 0
-1 0
-1 0
-1 0
-1 0
-1 0
-1 0
-1 0
-1 0
-1 0
-1 0
-1 0
-1 0
-1 0
-1 0
-1 0
-1 0
-1 0
-1 0
-1 0
-1 0
-1 0
-1 0
-1 0
-1 0
-1 0
-1 0
-1 0
-1 0
-1 0
-1 0
-1 0
-1 0
-1 0
-1 0
-1 0
-1 0
-1 0
-1 0
-1 0
-1 0
-1 0
-1 0
-1 0
-1 0
-1 0
-1 0
-1 0
-1 0
-1 0
-1 0
-1 0
-1 0
-1 0
-1 0
-1 0
-1 0
-1 0
-1 0
-1 0
-1 0
-1 0
-1 0
-1 0
-1 0
-1 0
-1 0
-1 0
-1 0
-1 0
-1 0
-1 0
-1 0
-1 0
-1 0
-1 0
-1 0
-1 0
-1 0
-1 0
-1 0
-1 0
-1 0
-1 0
-1 0
-1 0
-1 0
-1 0
-1 0
-1 0
-1 0
-1 0
-1 0
-1 0
-1 0
-1 0
-1 0
-1 0
-1 0
-1 0
-1 0
-1 0
-1 0
-1 0
-1 0
-1 0
-1 0
-1 0
-1 0
-1 0
-1 0
-1 0
-1 0
-1 0
-1 0
-1 0
-1 0
-1 0
-1 0
-1 0
-1 0
-1 0
-1 0
-1 0
-1 0
-1 0
-1 0
-1 0
-1 0
-1 0
-1 0
-1 0
-1 0
-1 0
-1 0
-1 0
-1 0
-1 0
-1 0
-1 0
-1 0
-1 0
-1 0
-1 0
-1 0
-1 0
-1 0
-1 0
-1 0
-1 0
-1 0
-1 0
-1 0
-1 0
-1 0
-1 0
-1 0
-1 0
-1 0
-1 0
-1 0
-1 0
-1 0
-1 0
-1 0
-1 0
-1 0
-1 0
-1 0
-1 0
-1 0
-1 0
-1 0
-1 0
-1 0
-1 0
-1 0
-1 0
-1 0
-1 0
-1 0
-1 0
-1 0
-1 0
-1 0
-1 0
-1 0
-1 0
-1 0
-1 0
-1 0
-1 0
-1 0
-1 0
-1 0
-1 0
-1 0
-1 0
-1 0
-1 0
-1 0
-1 0
-1 0
-1 0
-1 0
-1 0
-1 0
-1 0
-1 0
-1 0
-1 0
-1 0
-1 0
-1 0
-1 0
-1 0
-1 0
-1 0
-1 0
-1 0
-1 0
-1 0
-1 0
-1 0
-1 0
-1 0
-1 0
-1 0
-1 0
-1 0
-1 0
-1 0
-1 0
-1 0
-1 0
-1 0
-1 0
-1 0
-1 0
-1 0
-1 0
-1 0
-1 0
-1 0
-1 0
-1 0
-1 0
-1 0
-1 0
-1 0
-1 0
-1 0
-1 0
-1 0
-1 0
-1 0
-1 0
-1 0
-1 0
-1 0
-1 0
-1 0
-1 0
-1 0
-1 0
-1 0
-1 0
-1 0
-1 0
-1 0
-1 0
-1 0
-1 0
-1 0
-1 0
-1 0
-1 0
-1 0
-1 0
-1 0
-1 0
-1 0
-1 0
-1 0
-1 0
-1 0
-1 0
-1 0
-1 0
-1 0
-1 0
-1 0
-1 0
-1 0
-1 0
-1 0
-1 0
-1 0
-1 0
-1 0
-1 0
-1 0
-1 0
-1 0
-1 0
-1 0
-1 0
-1 0
-1 0
-1 0
-1 0
-1 0
-1 0
-1 0
-1 0
-1 0
-1 0
-1 0
-1 0
-1 0
-1 0
-1 0
-1 0
-1 0
-1 0
-1 0
-1 0
-1 0
-1 0
-1 0
-1 0
-1 0
-1 0
-1 0
-1 0
-1 0
-1 0
-1 0
-1 0
-1 0
-1 0
-1 0
-1 0
-1 0
-1 0
-1 0
-1 0
-1 0
-1 0
-1 0
-1 0
-1 0
-1 0
-1 0
-1 0
-1 0
-1 0
-1 0
-1 0
-1 0
-1 0
-1 0
-1 0
-1 0
-1 0
-1 0
-1 0
-1 0
-1 0
-1 0
-1 0
-1 0
-1 0
-1 0
-1 0
-1 0
-1 0
-1 0
-1 0
-1 0
-1 0
-1 0
-1 0
-1 0
-1 0
-1 0
-1 0
-1 0
-1 0
-1 0
-1 0
-1 0
-1 0
-1 0
-1 0
-1 0
-1 0
-1 0
-1 0
-1 0
-1 0
-1 0
-1 0
-1 0
-1 0
-1 0
-1 0
-1 0
-1 0
-1 0
-1 0
-1 0
-1 0
-1 0
-1 0
-1 0
-1 0
-1 0
-1 0
-1 0
-1 0
-1 0
-1 0
-1 0
-1 0
-1 0
-1 0
-1 0
-1 0
-1 0
-1 0
-1 0
-1 0
-1 0
-1 0
-1 0
-1 0
-1 0
-1 0
-1 0
-1 0
-1 0
-1 0
-1 0
-1 0
-1 0
-1 0
-1 0
-1 0
-1 0
-1 0
-1 0
-1 0
-1 0
-1 0
-1 0
-1 0
-1 0
-1 0
-1 0
-1 0
-1 0
-1 0
-1 0
-1 0
-1 0
-1 0
-1 0
-1 0
-1 0
-1 0
-1 0
-1 0
-1 0
-1 0
-1 0
-1 0
-1 0
-1 0
-1 0
-1 0
-1 0
-1 0
-1 0
-1 0
-1 0
-1 0
-1 0
-1 0
-1 0
-1 0
-1 0
-1 0
-1 0
-1 0
-1 0
-1 0
-1 0
-1 0
-1 0
-1 0
-1 0
-1 0
-1 0
-1 0
-1 0
-1 0
-1 0
-1 0
-1 0
-1 0
-1 0
-1 0
-1 0
-1 0
-1 0
-1 0
-1 0
-1 0
-1 0
-1 0
-1 0
-1 0
-1 0
-1 0
-1 0
-1 0
-1 0
