-46 29
-46 42
-44 36
-44 36
-40 30
-28 32
-32 37
-32 37
-32 37
-32 37
-32 37
-32 37
-32 37
-32 37
-32 37
-29 46
-29 44
-29 44
-29 44
-29 44
-29 44
-29 44
-29 44
-29 44
-29 44
-29 44
-26 44
-26 44
-26 44
-26 44
-26 44
-26 44
-26 44
-26 44
-26 44
-26 44
-26 44
-26 44
-26 44
-26 44
-26 44
-26 44
-25 38
-25 38
-25 38
-25 38
-25 38
-25 38
-25 38
-25 38
-25 38
-25 38
-25 38
-25 38
-25 38
-25 38
-25 38
-25 38
-25 38
-25 38
-25 38
-25 38
-25 38
-25 38
-25 38
-25 38
-25 38
-25 38
-25 38
-25 38
-25 38
-25 38
-25 38
-25 38
-25 38
-25 38
-25 38
-25 38
-25 38
-25 38
-25 38
-12 34
-12 34
-12 34
-12 34
-12 34
-12 34
-12 34
-12 34
-12 34
-12 34
-12 34
-12 34
-12 34
-12 34
-12 34
-12 34
-12 34
-12 34
-12 34
-12 34
-12 34
-12 34
-12 34
-12 34
-12 34
-12 34
-12 34
-12 34
-12 34
-12 34
-12 34
-12 34
-12 34
-12 34
-12 34
-12 34
-12 34
-12 34
-12 34
-7 38
-7 38
-7 38
-7 38
-7 38
-7 38
-7 38
-7 38
-7 38
-7 38
-7 38
-7 38
-7 38
-7 38
-7 38
-7 38
-7 38
-7 38
-7 38
-7 38
-7 38
-7 38
-7 38
-7 38
-7 38
-7 38
-7 38
-7 38
-7 38
-7 38
-7 38
-7 38
-7 38
-7 38
-7 38
-7 38
-7 38
-7 38
-7 38
-9 50
-9 50
-5 50
-5 50
-5 50
-5 50
-5 50
-5 50
-5 50
-5 50
-5 50
-5 50
-5 50
-5 50
-5 50
-5 50
-5 50
-5 50
-5 50
-5 50
-5 50
-5 50
-5 50
-5 50
-5 50
-5 50
-5 50
-5 50
-5 50
-5 50
-5 50
-5 50
-5 50
-5 50
-5 50
-5 50
-5 50
-5 50
-5 50
-5 50
-5 50
-4 53
-4 53
-4 53
-4 53
-4 53
-4 53
-4 53
-4 53
-4 53
-4 53
-4 53
-4 53
-4 53
-4 53
-4 53
-4 53
-4 53
-4 53
-4 53
-4 53
-4 53
-4 53
-4 53
-4 53
-4 53
-4 53
-4 53
-4 53
-4 53
-4 53
-4 53
-4 53
-4 53
-4 53
-4 53
-4 53
-4 53
-4 53
-3 51
-3 48
-3 48
-3 48
-3 48
-3 48
-3 48
-3 48
-3 48
-3 48
-3 48
-3 48
-3 48
-3 48
-3 48
-3 48
-3 48
-3 48
-3 48
-3 48
-3 48
-3 48
-3 48
-3 48
-3 48
-3 48
-3 48
-3 48
-3 48
-3 48
-3 48
-3 48
-3 48
-3 48
-3 48
-3 48
-3 48
-3 48
-3 48
-3 48
1 48
1 48
1 48
1 48
1 48
1 48
1 48
1 48
1 48
1 48
1 48
1 48
1 48
1 48
0 48
0 48
0 48
0 48
0 48
0 48
0 48
0 48
0 48
0 48
0 48
0 48
0 48
0 48
0 48
0 48
0 48
0 48
0 48
0 48
0 48
0 48
0 48
0 48
0 48
0 48
0 48
0 48
0 48
0 48
0 48
0 48
0 48
5 44
5 44
5 44
5 44
5 44
5 44
5 44
5 44
5 44
5 44
5 44
5 44
5 44
5 44
5 44
4 49
4 49
4 49
4 49
4 49
4 49
4 49
4 49
4 49
4 49
4 49
4 49
4 49
4 49
4 49
4 49
4 49
4 49
4 49
4 49
4 49
4 49
4 49
4 49
4 49
4 49
4 49
4 49
4 49
4 49
4 49
4 49
4 49
7 45
7 45
7 45
7 45
7 45
7 45
7 45
7 45
7 45
7 45
7 45
7 45
7 45
7 45
7 45
7 45
7 45
7 45
7 45
7 45
7 45
7 45
7 45
7 45
7 45
7 45
7 45
7 45
7 45
7 45
7 45
7 45
7 45
7 45
7 45
7 45
7 45
7 45
7 45
7 45
7 45
7 45
7 45
7 45
9 38
8 47
8 47
8 47
8 47
8 47
8 47
8 47
8 47
8 47
8 47
8 47
8 47
8 47
8 47
8 47
8 47
8 47
8 47
8 47
8 47
8 47
8 47
8 47
8 47
8 47
8 47
8 47
8 47
8 47
8 47
8 47
8 47
8 47
8 47
8 47
8 47
8 47
8 47
8 47
8 47
8 47
8 47
15 48
15 48
15 48
15 48
15 48
15 48
15 48
15 48
15 48
15 48
15 48
15 48
15 48
15 48
15 48
15 48
15 48
15 48
15 48
15 48
15 48
15 48
15 48
15 48
15 48
23 44
23 44
23 44
23 44
23 44
23 44
23 44
23 44
23 44
23 44
23 44
23 44
23 44
23 44
23 44
23 44
23 44
23 44
23 44
23 44
23 44
23 44
23 44
23 44
23 44
23 44
23 44
23 44
23 44
23 44
23 44
23 44
23 44
23 44
23 44
23 44
23 44
23 44
23 44
27 49
27 49
27 49
27 49
27 49
27 49
27 49
27 49
27 49
27 49
27 49
27 49
27 49
27 49
27 49
27 49
27 49
27 49
27 49
27 49
27 49
27 49
27 49
27 49
27 49
27 49
27 49
27 49
27 49
27 49
27 49
27 49
27 49
27 49
27 49
27 49
27 49
27 49
27 49
27 49
27 49
27 49
27 49
27 49
27 49
27 49
27 49
24 47
30 51
30 51
30 51
30 51
30 51
30 51
30 51
30 51
30 51
30 51
30 51
30 51
30 51
30 51
30 51
30 51
30 51
30 51
30 51
30 51
30 51
30 51
30 51
30 51
30 51
30 51
30 51
30 51
30 51
30 51
30 51
30 51
30 51
30 51
30 51
30 51
27 35
27 35
27 35
27 35
27 35
27 35
27 35
27 35
27 35
27 35
27 35
27 35
27 35
27 35
27 35
27 35
27 35
27 35
41 42
41 42
41 42
41 42
41 42
41 42
41 42
41 42
41 42
41 42
41 42
41 42
51 29
51 29
51 29
51 29
51 29
51 29
51 29
51 29
51 29
51 29
51 29
51 29
51 29
51 29
51 29
51 29
51 29
51 29
51 29
51 29
51 29
51 29
51 29
51 29
51 29
51 29
51 29
51 29
51 29
51 29
51 29
51 29
51 29
51 29
51 29
51 29
51 29
51 29
51 29
51 29
51 29
51 29
51 29
42 33
42 33
42 33
42 33
42 33
42 33
42 33
42 33
42 33
42 33
42 33
42 33
42 33
42 33
42 33
42 33
42 33
42 33
42 33
42 33
42 33
42 33
42 33
42 33
42 33
42 33
42 33
42 33
42 33
42 33
42 33
42 33
42 33
42 33
42 33
42 33
42 33
42 33
42 33
42 33
42 33
42 33
42 33
42 33
53 38
59 32
59 32
59 32
59 32
59 32
59 32
59 32
59 32
59 32
59 32
59 32
59 32
59 32
59 32
59 32
59 32
59 32
59 32
59 32
59 32
59 32
59 32
59 32
59 32
59 32
59 32
59 32
59 32
59 32
59 32
59 32
59 32
59 32
59 32
59 32
59 32
59 32
59 32
64 34
64 34
64 34
64 34
64 34
64 34
64 34
64 34
64 34
64 34
64 34
64 34
64 34
64 34
64 34
64 34
64 34
64 34
64 34
64 34
64 34
64 34
64 34
66 37
66 37
66 37
66 37
66 37
66 37
66 37
66 37
66 37
66 37
66 37
66 37
66 37
66 37
66 37
66 37
66 37
67 23
67 23
67 23
67 23
67 23
67 23
67 23
67 23
67 23
67 23
67 23
67 23
67 23
67 23
67 23
67 23
67 23
67 23
67 23
67 23
67 23
67 23
67 23
67 23
67 23
67 23
67 23
67 23
67 23
67 23
67 23
67 23
67 23
67 23
67 23
67 23
67 23
67 23
67 23
67 23
67 23
67 23
67 23
67 23
67 23
67 23
67 23
67 23
67 23
67 23
67 23
67 23
67 23
67 23
67 23
67 23
67 23
67 23
67 23
67 23
67 23
62 27
70 24
70 24
70 24
70 24
70 24
70 24
70 24
70 24
70 24
70 24
70 24
70 24
70 24
70 24
70 24
70 24
70 24
70 24
70 24
70 24
70 24
70 24
70 24
70 24
70 24
70 24
70 24
70 24
70 24
70 24
70 24
61 26
61 26
61 26
61 26
61 26
61 26
61 26
61 26
61 26
61 26
61 26
61 26
61 26
61 26
61 26
61 26
61 26
61 26
61 26
61 26
61 26
61 26
61 26
61 26
61 26
61 26
61 26
61 26
61 26
61 26
61 26
61 26
61 26
61 26
61 26
61 26
61 26
61 26
76 20
76 20
77 13
77 13
77 13
77 13
77 13
77 13
77 13
77 13
77 13
77 13
77 13
77 13
77 13
77 13
77 13
77 13
77 13
77 13
77 13
77 13
77 13
77 13
77 13
77 13
77 13
77 13
77 13
77 13
77 13
77 13
77 13
77 13
77 13
77 13
77 13
77 13
77 13
77 13
77 13
77 13
77 13
77 13
77 13
77 13
77 13
77 13
77 13
77 13
77 13
77 13
77 13
77 13
77 13
77 13
77 13
77 13
77 13
77 13
77 13
77 13
77 13
77 13
77 13
77 13
77 13
77 13
77 13
77 13
77 13
77 13
71 11
71 11
71 11
71 11
71 11
71 11
71 11
71 11
71 11
71 11
71 11
71 11
71 11
71 11
71 11
71 11
71 11
71 11
71 11
71 11
71 11
71 11
71 11
71 11
71 11
71 11
71 11
86 5
86 5
86 5
86 5
86 5
86 5
86 5
86 5
86 5
86 5
86 5
86 5
86 5
86 5
86 5
86 5
86 5
86 5
82 5
82 5
82 5
82 5
82 5
82 5
82 5
82 5
82 5
82 5
82 5
82 5
82 5
82 5
82 5
82 5
82 5
82 5
82 5
82 5
82 5
82 5
82 5
82 5
82 5
82 5
82 5
82 5
82 5
82 5
82 5
82 5
82 5
82 5
82 5
82 5
82 5
82 5
82 5
82 5
82 5
82 5
82 5
82 5
82 5
82 5
82 5
82 5
82 5
82 5
82 5
82 5
82 5
82 5
82 5
82 5
82 5
82 5
82 5
82 5
82 5
82 5
82 5
82 5
82 5
82 5
82 5
82 5
82 5
82 5
82 5
82 5
82 5
82 5
82 5
82 5
82 5
82 5
82 5
82 5
82 5
82 5
82 5
82 5
82 5
82 5
91 0
91 0
94 -3
94 -3
94 -3
94 -3
94 -3
94 -3
94 -3
94 -3
94 -3
94 -3
94 -3
94 -3
94 -3
94 -3
94 -3
94 -3
94 -3
94 -3
94 -3
94 -3
94 -3
94 -3
94 -3
94 -3
94 -3
94 -3
94 -3
94 -3
94 -3
94 -3
94 -3
94 -3
94 -3
94 -3
94 -3
94 -3
94 -3
94 -3
94 -3
94 -3
94 -3
94 -3
94 -3
94 -3
94 -3
94 -3
94 -3
94 -3
90 1
90 -2
90 -2
90 -2
90 -2
90 -2
90 -2
90 -2
90 -2
90 -2
90 -2
90 -2
90 -2
90 -2
90 -2
90 -2
90 -2
90 -2
90 -2
90 -2
90 -2
90 -2
90 -2
90 -2
90 -2
90 -2
90 -2
90 -2
90 -2
90 -2
90 -2
90 -2
90 -2
90 -2
90 -2
90 -2
90 -2
90 -2
90 -2
90 -2
90 -2
90 -2
94 -4
94 -4
94 -4
94 -4
94 -4
94 -4
94 -4
94 -4
94 -4
94 -4
94 -4
94 -4
94 -4
94 -4
94 -4
94 -4
94 -4
90 -6
90 -6
90 -6
90 -6
90 -6
90 -6
90 -6
90 -6
90 -6
90 -6
90 -6
90 -6
90 -6
90 -6
90 -6
90 -6
90 -6
90 -6
90 -6
90 -6
90 -6
90 -6
90 -6
90 -6
90 -6
90 -6
90 -6
90 -6
90 -6
90 -6
90 -6
90 -6
90 -6
90 -6
90 -6
90 -6
90 -6
90 -6
90 -6
90 -6
99 -8
99 -8
99 -8
99 -8
99 -8
99 -8
99 -8
99 -8
99 -8
99 -8
99 -8
99 -8
99 -8
99 -8
99 -8
99 -8
99 -8
99 -8
99 -8
99 -8
99 -8
99 -8
99 -8
99 -8
99 -8
99 -8
99 -8
99 -8
99 -8
99 -8
99 -8
95 -11
89 -15
89 -15
89 -15
89 -15
89 -15
89 -15
89 -15
89 -15
89 -15
89 -15
89 -15
89 -15
89 -15
89 -15
89 -15
89 -15
89 -15
89 -15
89 -15
89 -15
89 -15
89 -15
89 -15
89 -15
89 -15
89 -15
89 -15
89 -15
89 -15
89 -15
89 -15
89 -15
89 -15
89 -15
89 -15
89 -15
89 -15
97 -16
97 -16
97 -16
97 -16
97 -16
97 -16
97 -16
97 -16
97 -16
97 -16
97 -16
97 -16
97 -16
97 -16
97 -16
97 -16
97 -16
97 -16
97 -16
93 -12
93 -12
93 -12
93 -12
93 -12
93 -12
93 -12
93 -12
93 -12
93 -12
93 -12
93 -12
93 -12
93 -12
93 -12
93 -12
93 -12
93 -12
93 -12
93 -12
93 -12
93 -12
93 -12
93 -12
93 -12
93 -12
93 -12
93 -12
93 -12
93 -12
93 -12
93 -12
93 -12
93 -12
93 -12
93 -12
93 -12
93 -12
93 -12
93 -12
93 -12
93 -12
93 -12
93 -12
93 -12
93 -12
93 -12
93 -12
93 -12
93 -12
93 -12
93 -12
93 -12
93 -12
93 -12
93 -12
93 -12
93 -12
93 -12
93 -12
93 -12
93 -12
93 -12
93 -12
93 -12
93 -12
93 -12
93 -12
93 -12
89 -23
87 -27
87 -27
87 -27
87 -27
87 -27
87 -27
87 -27
87 -27
87 -27
87 -27
87 -27
87 -27
87 -27
87 -27
87 -27
87 -27
87 -27
87 -27
87 -27
87 -27
87 -27
87 -27
87 -27
87 -27
87 -27
87 -27
87 -27
87 -27
87 -27
87 -27
87 -27
87 -27
87 -27
87 -27
87 -27
87 -27
87 -27
87 -27
87 -27
83 -31
83 -31
83 -31
83 -31
83 -31
83 -31
83 -31
83 -31
83 -31
83 -31
83 -31
83 -31
83 -31
83 -31
83 -31
83 -31
83 -31
83 -31
83 -31
83 -31
83 -31
83 -31
83 -31
83 -31
83 -31
83 -31
83 -31
83 -31
83 -31
83 -31
83 -31
83 -31
83 -31
83 -31
83 -31
83 -31
83 -31
83 -31
75 -31
75 -31
75 -31
75 -31
75 -31
75 -31
75 -31
75 -31
75 -31
75 -31
75 -31
75 -31
75 -31
75 -31
75 -31
75 -31
75 -31
75 -31
75 -31
75 -31
75 -31
75 -31
75 -31
75 -31
75 -31
75 -31
75 -31
75 -31
75 -31
75 -31
75 -31
75 -31
75 -31
75 -31
75 -31
75 -31
75 -31
75 -31
75 -31
73 -34
73 -34
73 -34
73 -34
73 -34
73 -34
73 -34
73 -34
73 -34
73 -34
73 -34
73 -34
73 -34
73 -34
73 -34
73 -34
73 -34
73 -34
73 -34
73 -34
73 -34
73 -34
73 -34
73 -34
73 -34
73 -34
73 -34
73 -34
73 -34
73 -34
73 -34
73 -34
73 -34
73 -34
73 -34
73 -34
73 -34
73 -34
73 -34
73 -34
73 -34
73 -34
73 -34
73 -34
73 -34
73 -34
73 -34
73 -34
73 -34
73 -34
73 -34
73 -34
73 -34
73 -34
73 -34
73 -34
73 -34
73 -34
73 -34
73 -34
73 -34
73 -34
73 -34
73 -34
73 -34
73 -34
73 -34
73 -34
73 -34
73 -34
73 -34
73 -34
73 -34
66 -39
65 -42
65 -42
65 -42
65 -42
65 -42
65 -42
65 -42
65 -42
65 -42
65 -42
65 -42
65 -42
65 -42
65 -42
65 -42
65 -42
65 -42
65 -42
65 -42
65 -42
65 -42
65 -42
65 -42
65 -42
65 -42
65 -42
65 -42
65 -42
65 -42
65 -42
65 -42
65 -42
65 -42
65 -42
65 -42
65 -42
65 -42
65 -42
65 -42
65 -42
71 -47
71 -47
63 -40
63 -40
63 -40
63 -40
63 -40
63 -40
63 -40
63 -40
63 -40
63 -40
63 -40
63 -40
63 -40
63 -40
63 -40
74 -54
74 -54
74 -54
74 -54
74 -54
74 -54
74 -54
74 -54
74 -54
74 -54
74 -54
74 -54
74 -54
65 -58
65 -58
65 -58
65 -58
65 -58
65 -58
65 -58
65 -58
65 -58
65 -58
65 -58
65 -58
65 -58
65 -58
65 -58
65 -58
65 -58
65 -58
65 -58
65 -58
65 -58
65 -58
65 -58
65 -58
65 -58
65 -58
65 -58
65 -58
65 -58
65 -58
65 -58
65 -58
65 -58
65 -58
65 -58
65 -58
65 -58
65 -58
65 -58
65 -58
65 -58
65 -58
65 -58
65 -58
65 -58
65 -58
65 -58
65 -58
65 -58
65 -58
65 -58
65 -58
65 -58
65 -58
55 -51
55 -51
53 -58
53 -58
53 -58
53 -58
53 -58
53 -58
53 -58
53 -58
53 -58
53 -58
53 -58
53 -58
53 -58
53 -58
53 -58
53 -58
53 -58
53 -58
53 -58
53 -58
53 -58
53 -58
53 -58
53 -58
53 -58
53 -58
53 -58
53 -58
53 -58
53 -58
53 -58
53 -58
41 -67
41 -67
41 -67
41 -67
41 -67
41 -67
41 -67
41 -67
41 -67
41 -67
41 -67
41 -67
41 -67
41 -67
41 -67
41 -67
41 -67
41 -67
41 -67
41 -67
41 -67
41 -67
41 -67
41 -67
41 -67
41 -67
41 -67
41 -67
41 -67
41 -67
41 -67
38 -58
38 -58
38 -58
38 -58
38 -58
38 -58
38 -58
38 -58
38 -58
38 -58
38 -58
38 -58
38 -58
38 -58
38 -58
29 -61
29 -61
29 -61
29 -61
29 -61
29 -61
29 -61
29 -61
29 -61
29 -61
29 -61
29 -61
29 -61
29 -61
29 -61
29 -61
29 -61
29 -61
29 -61
29 -61
29 -61
29 -61
29 -61
29 -61
29 -61
29 -61
29 -61
29 -61
29 -61
29 -61
29 -61
29 -61
29 -61
29 -61
29 -61
29 -61
29 -61
29 -61
29 -61
29 -61
29 -61
29 -61
29 -61
29 -61
29 -61
29 -61
29 -61
29 -61
29 -61
29 -61
29 -61
29 -61
29 -61
29 -61
29 -61
29 -61
29 -61
29 -61
29 -61
29 -61
29 -61
29 -61
29 -61
29 -61
29 -61
29 -61
29 -61
29 -61
29 -61
29 -61
29 -61
30 -59
18 -56
16 -61
16 -61
16 -61
16 -61
16 -61
16 -61
16 -61
16 -61
16 -61
16 -61
16 -61
16 -61
16 -61
16 -61
16 -61
16 -61
16 -61
16 -61
16 -61
16 -61
16 -61
16 -61
16 -61
16 -61
16 -61
16 -61
16 -61
16 -61
16 -61
16 -61
16 -61
16 -61
16 -61
16 -61
16 -61
16 -61
16 -61
16 -61
16 -61
16 -61
16 -61
16 -61
16 -61
16 -61
16 -61
16 -61
16 -61
16 -61
12 -54
5 -55
5 -55
5 -55
5 -55
5 -55
5 -55
5 -55
5 -55
5 -55
5 -55
5 -55
5 -55
5 -55
5 -55
5 -55
5 -55
5 -55
5 -55
5 -55
5 -55
5 -55
5 -55
5 -55
5 -55
5 -55
5 -55
5 -55
5 -55
5 -55
5 -55
5 -55
5 -55
5 -55
5 -55
5 -55
5 -55
5 -55
5 -55
5 -55
5 -55
5 -55
5 -55
5 -55
5 -55
5 -55
5 -55
7 -48
-1 -49
-1 -49
-1 -49
-1 -49
-1 -49
-1 -49
-1 -49
-1 -49
-1 -49
-1 -49
-1 -49
-1 -49
-1 -49
-1 -49
-1 -49
-1 -49
-1 -47
-1 -47
-1 -47
-1 -47
-1 -47
-1 -47
-1 -47
-1 -47
-1 -47
-1 -47
-1 -47
-1 -47
-1 -47
-1 -47
-1 -47
-1 -47
-1 -47
-1 -47
-1 -47
-1 -47
-1 -47
-1 -47
-1 -47
-1 -47
-1 -47
-1 -47
-1 -47
-1 -47
-2 -44
-5 -43
-5 -43
-5 -43
-5 -43
-5 -43
-5 -43
-5 -43
-5 -43
-5 -43
-4 -41
-4 -41
-4 -41
-4 -41
-4 -41
-4 -41
-4 -41
-4 -41
-4 -41
-4 -41
-4 -41
-4 -41
-4 -41
-4 -41
-4 -41
-4 -41
-4 -41
-4 -41
-4 -41
-4 -41
-4 -41
-4 -41
-4 -41
-4 -41
-4 -41
-4 -41
-9 -34
-9 -34
-9 -34
-9 -34
-9 -34
-9 -34
-9 -34
-9 -34
-9 -34
-9 -34
-9 -34
-9 -34
-9 -34
-9 -34
-9 -34
-9 -34
-9 -34
-9 -34
-9 -34
-9 -34
-9 -34
-9 -34
-9 -34
-9 -34
-9 -34
-9 -34
-9 -34
-9 -34
-9 -34
-9 -34
-9 -34
-9 -34
-9 -34
-9 -34
-9 -34
-9 -34
-9 -34
-9 -34
-9 -34
-9 -34
-9 -34
-9 -34
-9 -34
-9 -34
-9 -34
-9 -34
-9 -34
-9 -34
-9 -34
-9 -34
-9 -34
-11 -32
-11 -32
-9 -29
-9 -29
-9 -29
-9 -29
-9 -29
-9 -29
-9 -29
-9 -29
-9 -29
-9 -29
-9 -29
-9 -29
-9 -29
-9 -29
-9 -29
-9 -29
-9 -29
-9 -29
-9 -29
-9 -29
-9 -29
-9 -29
-9 -29
-9 -29
-9 -29
-9 -29
-9 -29
-9 -29
-8 -23
-8 -23
-8 -23
-8 -23
-8 -23
-8 -23
-8 -23
-8 -23
-8 -23
-8 -23
-8 -23
-8 -23
-8 -23
-8 -23
-8 -23
-8 -23
-8 -23
-8 -23
-8 -23
-8 -23
-8 -23
-8 -23
-8 -23
-8 -23
-8 -23
-8 -23
-8 -23
-8 -23
-8 -23
-8 -23
-8 -23
-8 -23
-14 -14
-14 -14
-14 -14
-14 -14
-14 -14
-14 -14
-14 -14
-14 -14
-14 -14
-14 -14
-14 -14
-14 -14
-14 -14
-14 -14
-14 -14
-14 -14
-14 -14
-13 -16
-13 -16
-13 -16
-13 -16
-13 -16
-13 -16
-13 -16
-13 -16
-13 -16
-13 -16
-13 -16
-13 -16
-13 -16
-13 -16
-13 -16
-13 -16
-13 -16
-13 -16
-13 -16
-13 -16
-13 -16
-13 -16
-13 -16
-13 -16
-13 -16
-13 -16
-13 -16
-13 -16
-13 -16
-13 -16
-13 -16
-17 -17
-17 -17
-17 -17
-17 -17
-17 -17
-17 -17
-17 -17
-17 -17
-17 -17
-17 -17
-17 -17
-17 -17
-17 -17
-17 -17
-17 -17
-17 -17
-17 -17
-17 -17
-17 -17
-17 -17
-17 -17
-17 -17
-17 -17
-17 -17
-17 -17
-17 -17
-17 -17
-17 -17
-17 -17
-17 -17
-17 -17
-17 -17
-17 -17
-17 -17
-17 -17
-17 -17
-17 -17
-12 -10
-19 -14
-19 -14
-19 -14
-19 -14
-19 -14
-19 -14
-19 -14
-19 -14
-19 -14
-19 -14
-19 -14
-19 -14
-19 -14
-19 -14
-19 -14
-19 -14
-19 -14
-19 -14
-19 -14
-19 -14
-17 -4
-17 -4
-17 -4
-17 -4
-17 -4
-17 -4
-17 -4
-17 -4
-17 -4
-17 -4
-17 -4
-17 -4
-17 -4
-17 -4
-13 -7
-13 -7
-13 -7
-13 -7
-13 -7
-13 -7
-13 -7
-13 -7
-13 -7
-13 -7
-13 -7
-13 -7
-13 -7
-20 -14
-20 -14
-20 -14
-20 -14
-20 -14
-20 -14
-20 -14
-20 -14
-20 -14
-20 -14
-20 -14
-20 -14
-20 -14
-20 -14
-20 -14
-20 -14
-20 -14
-20 -14
-20 -14
-20 -14
-20 -14
-20 -14
-20 -14
-20 -14
-20 -14
-20 -14
-20 -14
-20 -14
-20 -14
-20 -14
-20 -14
-15 -4
-15 -4
-15 -4
-15 -4
-15 -4
-15 -4
-15 -4
-15 -4
-15 -4
-15 -4
-15 -4
-15 -4
-15 -4
-15 -4
-15 -4
-15 -4
-15 -4
-15 -4
-15 -4
-20 -11
-20 -11
-20 -11
-20 -11
-20 -11
-20 -11
-20 -11
-20 -11
-20 -11
-20 -11
-20 -11
-20 -11
-20 -11
-20 -11
-15 -11
-15 -11
-15 -11
-15 -11
-15 -11
-15 -11
-15 -11
-15 -11
-15 -11
-15 -11
-15 -11
-15 -11
-15 -11
-15 -11
-15 -11
-15 -11
-8 -9
-8 -9
-8 -9
-8 -9
-8 -9
-8 -9
-8 -9
-8 -9
-8 -9
-8 -9
-8 -9
-8 -9
-8 -9
-8 -9
-8 -9
-8 -9
-9 -5
-9 -5
-9 -5
-9 -5
-9 -5
-9 -5
-9 -5
-9 -5
-9 -5
-9 -5
-9 -5
-9 -5
-9 -5
-9 -5
-9 -5
-9 -5
-9 -5
-9 -5
-9 -5
-9 -5
-9 -5
-9 -5
-9 -5
-9 -5
-9 -5
-9 -5
-9 -5
-9 -5
-9 -5
-9 -5
-9 -5
-9 -5
-9 -5
-4 -3
-4 -3
-4 -3
-4 -3
-4 -3
-4 -3
-4 -3
-4 -3
-4 -3
-4 -3
-4 -3
-4 -3
-4 -3
-4 -3
-4 -3
-4 -3
-4 -3
-4 -3
-4 -3
-4 -3
-4 -3
-4 -3
-4 -3
-4 -3
-4 -3
-4 -3
-4 -3
-4 -3
-4 -3
-4 -3
-4 -3
-4 -3
-4 -3
-4 -3
-4 -3
-4 -3
-4 -3
-4 -3
-4 -3
-4 -3
-4 -3
-4 -3
-4 -3
-4 -3
-4 -3
-4 -3
-4 -3
-4 -3
-4 -3
-4 -3
-4 -3
-4 -3
-4 -3
-4 -3
-4 -3
-4 -3
-4 -3
-4 -3
-4 -3
-4 -3
-4 -3
-4 -3
-4 -3
-4 -3
-4 -3
-4 -3
-4 -3
-4 -3
-4 -3
-4 -3
-4 -3
-4 -3
-4 -3
-4 -3
-4 -3
-4 -3
-4 -3
-4 -3
-4 -3
-4 -3
-4 -3
-4 -3
-4 -3
-4 -3
-4 -3
-4 -3
-4 -3
-4 -3
-4 -3
-4 -3
-4 -3
-4 -3
-4 -3
-4 -3
-4 -3
-4 -3
-4 -3
-4 -3
-4 -3
-4 -3
-4 -3
-4 -3
-4 -3
-4 -3
-4 -3
-4 -3
-4 -3
-4 -3
-4 -3
-4 -3
-4 -3
-4 -3
-4 -3
-4 -3
-4 -3
-4 -3
-4 -3
-4 -3
-4 -3
-4 -3
-4 -3
-4 -3
-4 -3
-4 -3
-4 -3
-4 -3
-4 -3
-4 -3
-4 -3
-4 -3
-4 -3
-4 -3
-4 -3
-4 -3
-4 -3
-4 -3
-4 -3
-4 -3
-4 -3
-4 -3
-4 -3
-4 -3
-4 -3
-4 -3
-4 -3
-4 -3
-4 -3
-4 -3
-4 -3
-4 -3
-4 -3
-4 -3
-4 -3
-4 -3
-4 -3
-4 -3
-4 -3
-4 -3
-4 -3
-4 -3
-4 -3
-4 -3
-4 -3
-4 -3
-4 -3
-4 -3
-4 -3
-4 -3
-4 -3
-4 -3
-4 -3
-4 -3
-4 -3
-4 -3
-4 -3
-4 -3
1 0
1 0
1 0
1 0
1 0
1 0
1 0
1 0
1 0
1 0
1 0
1 0
1 0
1 0
1 0
1 0
1 0
1 0
1 0
1 0
1 0
1 0
1 0
1 0
1 0
1 0
1 0
1 0
1 0
1 0
1 0
1 0
1 0
1 0
1 0
1 0
1 0
1 0
1 0
1 0
1 0
1 0
1 0
1 0
1 0
1 0
1 0
1 0
1 0
1 0
1 0
1 0
1 0
1 0
1 0
1 0
1 0
1 0
1 0
1 0
1 0
1 0
1 0
1 0
1 0
1 0
1 0
1 0
1 0
1 0
1 0
1 0
1 0
1 0
1 0
1 0
1 0
1 0
1 0
1 0
1 0
1 0
1 0
1 0
1 0
1 0
1 0
1 0
1 0
1 0
1 0
1 0
1 0
1 0
1 0
1 0
1 0
1 0
1 0
1 0
1 0
1 0
1 0
1 0
1 0
1 0
1 0
1 0
1 0
1 0
1 0
1 0
1 0
1 0
1 0
1 0
1 0
1 0
1 0
1 0
1 0
1 0
1 0
1 0
1 0
1 0
1 0
1 0
1 0
1 0
1 0
1 0
1 0
1 0
1 0
1 0
1 0
1 0
1 0
1 0
1 0
1 0
1 0
1 0
1 0
1 0
1 0
1 0
1 0
1 0
1 0
1 0
1 0
1 0
1 0
1 0
1 0
1 0
1 0
1 0
1 0
1 0
1 0
1 0
1 0
1 0
1 0
1 0
1 0
1 0
1 0
1 0
1 0
1 0
1 0
1 0
1 0
1 0
1 0
1 0
1 0
1 0
1 0
1 0
1 0
1 0
1 0
1 0
1 0
1 0
1 0
1 0
1 0
1 0
1 0
1 0
1 0
1 0
1 0
1 0
1 0
1 0
1 0
1 0
1 0
1 0
1 0
1 0
1 0
1 0
1 0
1 0
1 0
1 0
1 0
1 0
1 0
1 0
1 0
1 0
1 0
1 0
1 0
1 0
1 0
1 0
1 0
1 0
1 0
1 0
1 0
1 0
1 0
1 0
1 0
1 0
1 0
1 0
1 0
1 0
1 0
1 0
1 0
1 0
1 0
1 0
1 0
1 0
1 0
1 0
1 0
1 0
1 0
1 0
1 0
1 0
1 0
1 0
1 0
1 0
1 0
1 0
1 0
1 0
1 0
1 0
1 0
1 0
1 0
1 0
1 0
1 0
1 0
1 0
1 0
1 0
1 0
1 0
1 0
1 0
1 0
1 0
1 0
1 0
1 0
1 0
1 0
1 0
1 0
1 0
1 0
1 0
1 0
1 0
1 0
1 0
1 0
1 0
1 0
1 0
1 0
1 0
1 0
1 0
1 0
1 0
1 0
1 0
1 0
1 0
1 0
1 0
1 0
1 0
1 0
1 0
1 0
1 0
1 0
1 0
1 0
1 0
1 0
1 0
1 0
1 0
1 0
1 0
1 0
1 0
1 0
1 0
1 0
1 0
1 0
1 0
1 0
1 0
1 0
1 0
1 0
1 0
1 0
1 0
1 0
1 0
1 0
1 0
1 0
1 0
1 0
1 0
1 0
1 0
1 0
1 0
1 0
1 0
1 0
1 0
1 0
1 0
1 0
1 0
1 0
1 0
1 0
1 0
1 0
1 0
1 0
1 0
1 0
1 0
1 0
1 0
1 0
1 0
1 0
1 0
1 0
1 0
1 0
1 0
1 0
1 0
1 0
1 0
1 0
1 0
1 0
1 0
1 0
1 0
1 0
1 0
1 0
1 0
1 0
1 0
1 0
1 0
1 0
1 0
1 0
1 0
1 0
1 0
1 0
1 0
1 0
1 0
1 0
1 0
1 0
1 0
1 0
1 0
1 0
1 0
1 0
1 0
1 0
1 0
1 0
1 0
1 0
1 0
1 0
1 0
1 0
1 0
1 0
1 0
1 0
1 0
1 0
1 0
1 0
1 0
1 0
1 0
1 0
1 0
1 0
1 0
1 0
1 0
1 0
1 0
1 0
1 0
1 0
1 0
1 0
1 0
1 0
1 0
1 0
1 0
1 0
1 0
1 0
1 0
1 0
1 0
1 0
1 0
1 0
1 0
1 0
1 0
1 0
1 0
1 0
1 0
1 0
1 0
1 0
1 0
1 0
1 0
1 0
1 0
1 0
1 0
1 0
1 0
1 0
1 0
1 0
1 0
1 0
1 0
1 0
1 0
1 0
1 0
1 0
1 0
1 0
1 0
1 0
1 0
1 0
1 0
1 0
1 0
1 0
1 0
1 0
1 0
1 0
1 0
1 0
1 0
1 0
1 0
1 0
1 0
1 0
1 0
1 0
1 0
1 0
1 0
1 0
1 0
1 0
1 0
1 0
1 0
1 0
1 0
1 0
1 0
1 0
1 0
1 0
1 0
1 0
1 0
1 0
1 0
1 0
1 0
1 0
1 0
1 0
1 0
1 0
1 0
1 0
1 0
1 0
1 0
1 0
1 0
1 0
1 0
1 0
1 0
1 0
1 0
1 0
1 0
1 0
1 0
1 0
1 0
1 0
1 0
1 0
1 0
1 0
1 0
1 0
1 0
1 0
1 0
1 0
1 0
1 0
1 0
1 0
1 0
1 0
1 0
1 0
1 0
1 0
1 0
1 0
1 0
1 0
1 0
1 0
1 0
1 0
1 0
1 0
1 0
1 0
1 0
1 0
1 0
1 0
1 0
1 0
1 0
1 0
1 0
1 0
1 0
1 0
1 0
1 0
1 0
1 0
1 0
1 0
1 0
1 0
1 0
1 0
1 0
1 0
1 0
1 0
1 0
1 0
1 0
1 0
1 0
1 0
1 0
1 0
1 0
1 0
1 0
1 0
1 0
1 0
1 0
1 0
1 0
1 0
1 0
1 0
1 0
1 0
1 0
1 0
1 0
1 0
1 0
1 0
1 0
1 0
1 0
1 0
1 0
1 0
1 0
1 0
1 0
1 0
1 0
1 0
1 0
1 0
1 0
1 0
1 0
1 0
1 0
1 0
1 0
1 0
1 0
1 0
1 0
1 0
1 0
1 0
1 0
1 0
1 0
1 0
1 0
1 0
1 0
1 0
1 0
1 0
1 0
1 0
1 0
1 0
1 0
1 0
1 0
1 0
1 0
1 0
1 0
1 0
1 0
1 0
1 0
1 0
1 0
1 0
1 0
1 0
1 0
1 0
1 0
1 0
1 0
1 0
1 0
1 0
1 0
1 0
1 0
1 0
1 0
1 0
1 0
1 0
1 0
1 0
1 0
1 0
1 0
1 0
1 0
1 0
1 0
1 0
1 0
1 0
1 0
1 0
1 0
1 0
1 0
1 0
1 0
1 0
1 0
1 0
1 0
1 0
1 0
1 0
1 0
1 0
1 0
1 0
1 0
1 0
1 0
1 0
1 0
1 0
1 0
1 0
1 0
1 0
1 0
1 0
1 0
1 0
1 0
1 0
1 0
1 0
1 0
1 0
1 0
1 0
1 0
1 0
1 0
1 0
1 0
1 0
1 0
1 0
1 0
1 0
1 0
1 0
1 0
1 0
1 0
1 0
1 0
1 0
1 0
1 0
1 0
1 0
1 0
1 0
1 0
1 0
1 0
1 0
1 0
1 0
1 0
1 0
1 0
1 0
1 0
1 0
1 0
1 0
1 0
1 0
1 0
1 0
1 0
1 0
1 0
1 0
1 0
1 0
1 0
1 0
1 0
1 0
1 0
1 0
1 0
1 0
1 0
1 0
1 0
1 0
1 0
1 0
1 0
1 0
1 0
1 0
1 0
1 0
1 0
1 0
1 0
1 0
1 0
1 0
1 0
1 0
1 0
1 0
1 0
1 0
1 0
1 0
1 0
1 0
1 0
1 0
1 0
1 0
1 0
1 0
1 0
1 0
1 0
1 0
1 0
1 0
1 0
1 0
1 0
1 0
1 0
1 0
1 0
1 0
1 0
1 0
1 0
1 0
1 0
1 0
1 0
1 0
1 0
1 0
1 0
1 0
1 0
1 0
1 0
1 0
1 0
1 0
1 0
1 0
1 0
1 0
1 0
1 0
1 0
1 0
1 0
1 0
1 0
1 0
1 0
1 0
1 0
1 0
1 0
1 0
1 0
1 0
1 0
1 0
1 0
1 0
1 0
1 0
1 0
1 0
1 0
1 0
1 0
1 0
1 0
1 0
1 0
1 0
1 0
1 0
1 0
1 0
1 0
1 0
1 0
1 0
1 0
1 0
1 0
1 0
1 0
1 0
1 0
1 0
1 0
1 0
1 0
1 0
1 0
1 0
1 0
1 0
1 0
1 0
1 0
1 0
1 0
1 0
1 0
1 0
1 0
1 0
1 0
1 0
1 0
1 0
1 0
1 0
1 0
1 0
1 0
1 0
1 0
1 0
1 0
1 0
1 0
1 0
1 0
1 0
1 0
1 0
1 0
1 0
1 0
1 0
1 0
1 0
1 0
1 0
1 0
1 0
1 0
1 0
1 0
1 0
1 0
1 0
1 0
1 0
1 0
1 0
1 0
1 0
1 0
1 0
1 0
1 0
1 0
1 0
1 0
1 0
1 0
1 0
1 0
1 0
1 0
1 0
1 0
1 0
1 0
1 0
1 0
1 0
1 0
1 0
1 0
1 0
1 0
1 0
1 0
1 0
1 0
1 0
1 0
1 0
1 0
1 0
1 0
1 0
1 0
1 0
1 0
1 0
1 0
1 0
1 0
1 0
1 0
1 0
1 0
1 0
1 0
1 0
1 0
1 0
1 0
1 0
1 0
1 0
1 0
1 0
1 0
1 0
1 0
1 0
1 0
1 0
1 0
1 0
1 0
1 0
1 0
1 0
1 0
1 0
1 0
1 0
1 0
1 0
1 0
1 0
1 0
1 0
1 0
1 0
1 0
1 0
1 0
1 0
1 0
1 0
1 0
1 0
1 0
1 0
1 0
1 0
1 0
1 0
1 0
1 0
1 0
1 0
1 0
1 0
1 0
1 0
1 0
1 0
1 0
1 0
1 0
1 0
1 0
1 0
1 0
1 0
1 0
1 0
1 0
1 0
1 0
1 0
1 0
1 0
1 0
1 0
1 0
1 0
1 0
1 0
1 0
1 0
1 0
1 0
1 0
1 0
1 0
1 0
1 0
1 0
1 0
1 0
1 0
1 0
1 0
1 0
1 0
1 0
1 0
1 0
1 0
1 0
1 0
1 0
1 0
1 0
1 0
1 0
1 0
1 0
1 0
1 0
1 0
1 0
1 0
1 0
1 0
1 0
1 0
1 0
1 0
1 0
