1 0
1 0
1 0
1 0
1 0
1 0
1 0
1 0
1 0
1 0
1 0
1 0
1 0
1 0
1 0
1 0
1 0
1 0
1 0
1 0
1 0
1 0
1 0
1 0
1 0
1 0
1 0
1 0
1 0
1 0
1 0
1 0
1 0
1 0
1 0
1 0
1 0
1 0
1 0
1 0
1 0
1 0
1 0
1 0
1 0
1 0
1 0
1 0
1 0
1 0
1 0
1 0
1 0
1 0
1 0
1 0
1 0
1 0
1 0
1 0
1 0
1 0
1 0
1 0
1 0
1 0
1 0
1 0
1 0
1 0
1 0
1 0
1 0
1 0
1 0
1 0
1 0
1 0
1 0
1 0
1 0
1 0
1 0
1 0
1 0
1 0
1 0
1 0
1 0
1 0
1 0
1 0
1 0
1 0
1 0
1 0
1 0
1 0
1 0
1 0
1 0
1 0
1 0
1 0
1 0
1 0
1 0
1 0
1 0
1 0
1 0
1 0
1 0
1 0
1 0
1 0
1 0
1 0
1 0
1 0
1 0
1 0
1 0
1 0
1 0
1 0
1 0
1 0
1 0
1 0
1 0
1 0
-2 9
-2 9
-2 9
-2 9
-2 9
-2 9
-2 9
-2 9
-2 9
-2 9
-2 9
-2 9
-2 9
-2 9
-2 9
-2 9
-2 9
-2 9
-2 9
-2 9
-2 9
-2 9
-2 9
-2 9
0 12
0 12
0 12
0 12
0 12
0 12
0 12
0 12
0 12
0 12
0 12
0 12
0 12
0 12
0 12
0 12
0 12
0 12
0 12
0 12
0 12
0 12
0 12
0 12
0 12
0 12
0 12
0 12
0 12
0 12
0 12
0 12
0 12
0 12
0 12
0 12
0 12
0 12
0 12
0 12
0 12
0 12
0 12
0 12
0 12
0 12
0 16
0 16
0 16
0 16
0 16
0 16
0 16
0 16
0 16
0 16
0 16
0 16
0 16
0 16
0 16
0 16
0 16
0 16
0 16
0 16
0 16
0 16
0 16
0 16
0 16
0 16
0 16
0 16
0 16
0 16
0 16
0 16
0 16
0 16
0 16
0 16
0 16
0 16
0 16
0 16
0 16
0 16
0 16
0 16
0 16
0 16
2 15
3 22
3 22
3 22
3 22
3 22
3 22
3 22
3 22
3 22
3 22
3 22
3 22
3 22
3 22
3 22
3 22
3 22
3 22
3 22
3 22
3 22
3 22
3 22
3 22
3 22
3 22
3 22
3 22
3 22
3 22
3 22
3 22
3 22
3 22
3 22
3 22
3 22
3 22
3 22
3 22
3 22
3 22
3 22
3 22
3 22
3 22
3 22
3 22
3 22
3 22
2 22
2 22
2 22
2 22
2 22
2 22
2 22
2 22
2 22
2 22
2 22
2 22
2 22
2 22
2 22
2 22
2 22
2 22
2 22
2 22
2 22
2 22
2 22
2 22
2 22
5 29
5 29
5 29
5 29
5 29
5 29
5 29
5 29
5 29
5 29
5 29
5 29
5 29
5 29
5 29
5 29
5 29
5 29
5 29
5 29
5 29
5 29
5 29
5 29
5 29
5 29
5 29
5 29
5 29
5 29
5 29
5 29
5 29
5 29
5 29
5 29
5 29
5 29
5 29
5 29
5 29
5 29
5 29
5 29
5 29
5 29
5 29
5 29
5 29
5 29
5 29
5 29
5 29
5 29
5 29
5 29
5 29
5 29
5 29
5 29
5 29
5 29
5 29
5 29
5 29
5 29
5 29
5 29
6 23
6 23
6 24
6 24
6 24
6 24
6 24
6 24
6 24
6 24
6 24
6 24
6 24
6 24
6 24
6 24
6 24
6 24
6 24
6 24
6 24
6 24
6 24
6 24
6 24
6 24
6 24
6 24
6 24
6 24
6 24
6 24
6 24
6 24
6 24
6 24
6 24
6 24
6 24
6 24
6 24
3 27
3 27
3 27
3 27
3 27
3 27
3 27
3 27
3 27
3 27
3 27
3 27
3 27
3 27
3 27
3 27
3 27
3 27
3 27
3 27
3 27
3 27
3 27
3 27
3 27
3 27
3 27
3 27
3 27
3 27
3 27
3 27
3 27
3 27
3 27
3 27
3 27
9 29
12 34
12 34
12 34
12 34
12 34
12 34
12 34
12 34
12 34
12 34
12 34
12 34
12 34
12 34
12 34
12 34
12 34
12 34
12 34
12 34
11 34
11 34
11 34
11 34
11 34
11 34
11 34
11 34
11 34
11 34
11 34
11 34
11 34
11 34
11 34
11 34
11 34
11 34
11 34
11 34
11 34
11 34
11 34
11 34
11 34
11 34
11 34
11 34
11 34
11 34
11 34
11 34
11 34
11 34
11 34
11 34
11 34
11 34
11 34
11 34
11 34
11 34
11 34
11 34
11 34
11 34
11 34
11 34
9 23
9 23
9 23
9 23
9 23
9 23
9 23
9 23
9 23
9 23
9 23
9 23
9 23
9 23
9 23
9 23
9 23
9 23
9 23
9 23
9 23
9 23
9 23
9 23
9 23
9 23
9 23
9 23
9 23
9 23
9 23
9 23
9 23
9 23
9 23
9 23
9 23
9 23
13 36
13 36
13 36
13 36
13 36
13 36
13 36
13 36
13 36
13 36
13 36
13 36
13 36
13 36
13 36
13 36
13 36
13 36
13 36
13 36
13 36
13 36
13 36
11 44
11 44
11 44
11 44
11 44
11 44
11 44
11 44
11 44
11 44
11 44
11 44
11 44
11 44
11 44
11 44
11 44
11 44
11 44
11 44
11 44
11 44
11 44
11 44
11 44
11 44
11 44
11 44
11 44
11 44
11 44
11 44
11 44
11 44
11 44
11 44
11 44
11 44
11 44
11 44
11 44
11 44
11 44
11 44
13 43
13 43
13 43
13 43
13 43
13 43
13 43
13 43
13 43
13 43
13 43
13 43
13 43
13 43
13 43
13 43
13 43
13 43
13 43
13 43
13 43
13 43
13 43
13 43
13 43
13 43
13 43
13 43
13 43
13 43
13 43
13 43
13 43
13 43
13 43
13 43
13 43
13 43
13 43
13 43
13 43
10 46
10 46
10 46
10 46
10 46
10 46
10 46
10 46
10 46
10 46
10 46
10 46
10 46
10 46
10 46
10 46
10 46
10 46
10 46
10 46
10 46
10 46
10 46
9 43
9 43
9 43
9 43
9 43
9 43
9 43
9 43
9 43
9 43
9 43
9 43
9 43
9 43
9 43
9 43
9 43
9 43
9 43
9 43
9 43
9 43
9 43
9 43
9 43
9 43
9 43
9 43
9 43
9 43
9 43
9 43
9 43
9 43
9 43
9 43
9 43
9 43
9 43
9 43
9 43
9 43
11 48
11 48
11 48
11 48
11 48
11 48
11 48
11 48
11 48
11 48
11 48
11 48
11 48
11 48
11 48
11 48
11 48
11 48
11 48
11 48
11 48
11 48
11 48
11 48
11 48
11 48
11 48
11 48
11 48
11 48
11 48
11 48
11 48
11 48
11 48
11 48
11 48
11 48
11 48
11 48
11 48
11 48
11 48
11 48
10 41
10 41
10 41
10 41
10 41
10 41
10 41
10 41
10 41
10 41
10 41
10 41
10 41
10 41
10 41
10 41
10 41
10 41
10 41
10 41
10 41
10 41
10 41
10 41
10 41
10 41
10 41
10 41
10 41
10 41
10 41
10 41
10 41
10 41
10 41
10 41
10 41
10 41
10 41
10 41
10 41
12 46
12 46
12 46
12 46
12 46
12 46
12 46
12 46
12 46
12 46
12 46
12 46
12 46
12 46
12 46
12 46
12 46
12 46
12 46
16 47
16 47
16 47
16 47
16 47
16 47
16 47
16 47
16 47
16 47
16 47
16 47
16 47
16 47
16 47
16 47
16 47
16 47
16 47
16 47
16 47
9 48
9 48
9 48
9 48
9 48
9 48
9 48
9 48
9 48
9 48
9 48
9 48
9 48
9 48
9 48
9 48
9 48
9 48
9 48
9 48
9 48
9 48
9 48
9 48
9 48
9 48
9 48
9 48
9 48
9 48
9 48
9 48
9 48
9 48
9 48
9 48
9 48
9 48
9 48
9 48
9 48
9 48
9 48
9 48
9 48
9 48
9 48
9 48
13 51
13 51
13 51
13 51
13 51
13 51
13 51
13 51
13 51
13 51
13 51
13 51
13 51
13 51
13 51
13 51
13 51
13 51
13 51
13 51
13 51
13 51
13 51
13 51
13 51
13 51
13 51
13 51
13 51
13 51
13 51
13 51
13 51
13 51
13 51
13 51
13 51
13 51
13 51
13 51
13 51
13 51
13 51
13 51
13 51
13 51
13 51
15 46
15 46
15 46
15 46
15 46
15 46
15 46
15 46
15 46
15 46
15 46
15 46
15 46
15 46
15 46
15 46
15 46
15 46
15 46
15 46
15 46
15 46
15 46
15 46
14 44
14 44
14 44
14 44
14 44
14 44
14 44
14 44
14 44
14 44
14 44
14 44
14 44
14 44
14 44
14 44
14 44
14 44
14 44
14 44
14 44
23 44
23 44
23 44
23 44
23 44
23 44
23 44
23 44
23 44
23 44
23 44
23 44
23 44
23 44
23 44
23 44
23 44
23 44
23 44
23 44
23 44
20 43
20 43
20 43
20 43
20 43
20 43
20 43
20 43
20 43
20 43
20 43
20 43
20 43
20 43
20 43
20 43
20 43
20 43
20 43
20 43
20 43
20 43
20 43
20 43
20 43
20 43
20 43
20 43
20 43
20 43
20 43
20 43
20 43
20 43
20 43
20 43
20 43
20 43
20 43
20 43
20 43
20 43
20 43
20 43
20 43
20 43
20 43
20 43
28 31
28 31
28 31
28 31
28 31
28 31
28 31
28 31
28 31
28 31
28 31
28 31
28 31
28 31
28 31
28 31
28 31
28 31
28 31
28 31
28 31
28 31
28 31
28 31
28 31
28 31
28 31
28 31
28 31
28 31
28 31
28 31
28 31
28 31
28 31
28 31
28 31
28 31
28 31
28 31
28 31
28 31
25 34
25 34
25 34
25 34
25 34
25 34
25 34
25 34
25 34
25 34
25 34
25 34
25 34
25 34
25 34
25 34
25 34
25 34
25 34
25 34
25 34
25 34
25 34
25 34
25 34
19 40
19 40
19 40
19 40
19 40
19 40
19 40
19 40
19 40
19 40
19 40
19 40
19 40
19 40
19 40
19 40
19 40
19 40
19 40
19 40
19 40
19 40
19 40
19 40
23 27
23 27
23 27
23 27
23 27
23 27
23 27
23 27
23 27
23 27
23 27
23 27
23 27
23 27
23 27
23 27
23 27
23 27
23 27
23 27
23 27
34 37
34 37
34 37
34 37
34 37
34 37
34 37
34 37
34 37
34 37
34 37
34 37
34 37
34 37
34 37
34 37
34 37
34 37
34 37
34 37
34 37
34 37
34 37
34 37
34 37
34 37
34 37
34 37
34 37
34 37
34 37
34 37
34 37
34 37
34 37
34 37
34 37
34 37
34 37
34 37
34 37
34 37
34 37
34 37
34 37
34 37
34 37
34 37
34 37
34 37
34 37
34 37
34 37
34 37
34 37
34 37
34 37
34 37
34 37
34 37
34 37
34 37
34 37
34 37
34 37
31 28
32 31
32 31
32 31
32 31
32 31
32 31
32 31
32 31
32 31
32 31
32 31
32 31
32 31
32 31
32 31
32 31
32 31
32 31
32 31
32 31
32 31
32 31
32 31
32 31
32 31
32 31
32 31
32 31
32 31
32 31
32 31
32 31
32 31
32 31
32 31
32 31
32 31
32 31
32 31
32 31
32 31
32 31
32 31
32 31
32 31
32 31
41 39
41 39
41 39
41 39
41 39
41 39
41 39
41 39
41 39
41 39
41 39
41 39
41 39
41 39
41 39
41 39
41 39
41 39
41 39
41 39
41 39
41 39
41 39
41 39
41 39
41 39
41 39
41 39
41 39
41 39
41 39
41 39
41 39
41 39
41 39
41 39
41 39
41 39
41 39
41 39
41 39
42 29
48 30
48 30
48 30
48 30
48 30
48 30
48 30
48 30
48 30
48 30
48 30
48 30
48 30
48 30
48 30
48 30
48 30
48 30
48 30
48 30
48 30
48 30
48 30
48 30
48 30
48 30
48 30
48 30
48 30
48 30
48 30
48 30
48 30
48 30
48 30
48 30
48 30
48 30
48 30
48 30
48 30
48 30
48 30
48 30
48 30
48 30
48 30
48 30
48 30
48 30
48 30
49 30
49 30
49 30
49 30
49 30
49 30
49 30
49 30
49 30
49 30
49 30
49 30
49 30
49 30
49 30
49 30
49 30
49 30
49 30
49 30
49 30
49 30
49 30
50 23
50 23
50 23
50 23
50 23
50 23
50 23
50 23
50 23
50 23
50 23
50 23
50 23
50 23
50 23
50 23
50 23
50 23
50 23
50 23
50 23
50 23
50 23
50 23
50 23
50 23
50 23
50 23
50 23
50 23
50 23
50 23
50 23
50 23
50 23
50 23
50 23
50 23
50 23
50 23
50 23
50 23
50 23
50 23
50 23
50 23
50 23
50 23
50 23
57 19
57 19
57 19
57 19
57 19
57 19
57 19
57 19
57 19
57 19
57 19
57 19
57 19
57 19
57 19
57 19
57 19
57 19
57 19
57 19
57 19
57 19
57 19
57 19
57 19
57 19
57 19
57 19
57 19
57 19
57 19
57 19
57 19
57 19
57 19
57 19
57 19
57 19
57 19
57 19
57 19
57 19
57 19
57 19
57 19
57 19
57 19
57 19
57 19
62 27
62 27
62 27
62 27
62 27
62 27
62 27
62 27
62 27
62 27
62 27
62 27
62 27
62 27
62 27
62 27
62 27
62 27
62 27
62 27
62 27
62 27
62 27
62 27
62 27
62 27
62 27
62 27
62 27
62 27
62 27
62 27
62 27
62 27
62 27
62 27
62 27
62 27
62 27
62 27
62 27
62 27
62 27
62 27
62 27
65 22
65 22
65 22
65 22
65 22
65 22
65 22
65 22
65 22
65 22
65 22
65 22
65 22
65 22
65 22
65 22
65 22
65 22
65 22
65 22
65 22
65 22
65 22
54 19
54 19
54 19
54 19
54 19
54 19
54 19
54 19
54 19
54 19
54 19
54 19
54 19
54 19
54 19
54 19
54 19
54 19
54 19
54 19
54 19
54 19
54 19
54 19
54 19
54 19
54 19
54 19
54 19
54 19
54 19
54 19
54 19
54 19
54 19
54 19
54 19
54 19
54 19
54 19
54 19
54 19
54 19
54 19
54 19
54 19
54 19
54 19
54 19
54 19
54 19
54 19
54 19
54 19
54 19
54 19
54 19
54 19
54 19
54 19
54 19
64 8
66 12
66 12
66 12
66 12
66 12
66 12
66 12
66 12
66 12
66 12
66 12
66 12
66 12
66 12
66 12
66 12
66 12
66 12
66 12
66 12
66 12
66 12
66 12
66 12
66 12
66 12
66 12
66 12
66 12
66 12
66 12
66 12
66 12
66 12
66 12
66 12
66 12
66 12
66 12
66 12
66 12
66 12
66 12
62 10
62 10
62 10
62 10
62 10
62 10
62 10
62 10
62 10
62 10
62 10
62 10
62 10
62 10
62 10
62 10
62 10
62 10
62 10
62 10
62 10
62 10
64 13
64 13
64 13
64 13
64 13
64 13
64 13
64 13
64 13
64 13
64 13
64 13
64 13
64 13
64 13
64 13
64 13
64 13
64 13
64 13
64 13
64 13
64 13
65 1
65 1
65 1
65 1
65 1
65 1
65 1
65 1
65 1
65 1
65 1
65 1
65 1
65 1
65 1
65 1
65 1
65 1
65 1
65 1
65 1
65 1
72 3
72 3
72 3
72 3
72 3
72 3
72 3
72 3
72 3
72 3
72 3
72 3
72 3
72 3
72 3
72 3
72 3
72 3
72 3
72 3
72 3
72 3
72 3
72 3
72 3
72 3
72 3
72 3
72 3
72 3
72 3
72 3
72 3
72 3
72 3
72 3
72 3
72 3
72 3
72 3
72 3
72 3
72 3
72 3
72 3
72 3
73 -2
73 -2
73 -2
73 -2
73 -2
73 -2
73 -2
73 -2
73 -2
73 -2
73 -2
73 -2
73 -2
73 -2
73 -2
73 -2
73 -2
73 -2
73 -2
73 -2
73 -2
73 -2
73 -2
73 -2
73 -2
73 -2
73 -2
73 -2
73 -2
73 -2
73 -2
73 -2
73 -2
73 -2
73 -2
73 -2
73 -2
73 -2
73 -2
73 -2
73 -2
73 -2
73 -2
73 -2
73 -2
68 -3
68 -3
68 -3
68 -3
68 -3
68 -3
68 -3
68 -3
68 -3
68 -3
68 -3
68 -3
68 -3
68 -3
68 -3
68 -3
68 -3
68 -3
68 -3
68 -3
68 -3
68 -3
68 -3
68 -3
68 -3
65 -9
65 -9
65 -9
65 -9
65 -9
65 -9
65 -9
65 -9
65 -9
65 -9
65 -9
65 -9
65 -9
65 -9
65 -9
65 -9
65 -9
65 -9
65 -9
65 -9
65 -9
65 -9
65 -9
65 -9
65 -9
59 -10
59 -10
59 -10
59 -10
59 -10
59 -10
59 -10
59 -10
59 -10
59 -10
59 -10
59 -10
59 -10
59 -10
59 -10
59 -10
59 -10
59 -10
59 -10
59 -10
59 -10
59 -10
59 -10
59 -10
59 -10
59 -10
59 -10
62 -21
62 -21
62 -21
62 -21
62 -21
62 -21
62 -21
62 -21
62 -21
62 -21
62 -21
62 -21
62 -21
62 -21
62 -21
62 -21
62 -21
62 -21
62 -21
62 -21
62 -21
62 -21
62 -21
62 -21
62 -21
62 -21
62 -21
62 -21
62 -21
62 -21
62 -21
62 -21
62 -21
62 -21
62 -21
62 -21
62 -21
62 -21
62 -21
62 -21
62 -21
62 -21
62 -21
62 -21
62 -21
62 -21
62 -21
62 -21
62 -21
62 -21
62 -21
62 -21
62 -21
62 -21
62 -21
62 -21
62 -21
62 -21
62 -21
62 -21
62 -21
62 -21
62 -21
62 -21
62 -21
62 -21
62 -21
69 -20
69 -20
69 -20
69 -20
69 -20
69 -20
69 -20
69 -20
69 -20
69 -20
69 -20
69 -20
69 -20
69 -20
69 -20
69 -20
69 -20
69 -20
69 -20
69 -20
69 -20
69 -20
69 -20
69 -20
69 -20
69 -20
69 -20
69 -20
69 -20
69 -20
69 -20
69 -20
69 -20
57 -25
57 -25
57 -25
57 -25
57 -25
57 -25
57 -25
57 -25
57 -25
57 -25
57 -25
57 -25
57 -25
57 -25
55 -21
55 -21
55 -21
55 -21
55 -21
55 -21
55 -21
55 -21
55 -21
55 -21
55 -21
55 -21
52 -28
52 -28
52 -28
52 -28
52 -28
52 -28
52 -28
52 -28
52 -28
52 -28
52 -28
52 -28
52 -28
52 -28
52 -28
52 -28
52 -28
52 -28
52 -28
52 -28
52 -28
52 -28
52 -28
52 -28
52 -28
52 -28
52 -28
52 -28
52 -28
52 -28
52 -28
52 -28
52 -28
52 -28
51 -31
51 -31
51 -31
51 -31
51 -31
51 -31
51 -31
51 -31
51 -31
51 -31
51 -31
51 -31
51 -31
51 -31
51 -31
51 -31
51 -31
51 -31
40 -41
40 -41
40 -41
40 -41
40 -41
40 -41
40 -41
40 -41
40 -41
40 -41
40 -41
40 -41
40 -41
40 -41
40 -41
40 -41
40 -41
49 -47
49 -47
49 -47
49 -47
49 -47
49 -47
49 -47
49 -47
49 -47
49 -47
49 -47
49 -47
49 -47
49 -47
49 -47
49 -47
49 -47
49 -47
49 -47
49 -47
49 -47
49 -47
49 -47
49 -47
49 -47
49 -47
49 -47
49 -47
49 -47
49 -47
49 -47
49 -47
49 -47
42 -51
42 -51
42 -51
42 -51
42 -51
42 -51
42 -51
42 -51
42 -51
42 -51
42 -51
42 -51
42 -51
42 -51
42 -51
37 -39
37 -39
37 -39
37 -39
37 -39
37 -39
37 -39
37 -39
37 -39
37 -39
37 -39
37 -39
37 -39
37 -39
37 -39
37 -39
37 -39
37 -39
37 -39
37 -39
37 -39
37 -39
37 -39
37 -39
37 -39
37 -39
37 -39
37 -39
37 -39
37 -39
37 -39
37 -39
37 -39
37 -39
37 -39
36 -55
36 -55
36 -55
36 -55
36 -55
36 -55
36 -55
36 -55
36 -55
36 -55
36 -55
36 -55
36 -55
36 -55
36 -55
29 -61
29 -61
29 -61
29 -61
29 -61
29 -61
29 -61
29 -61
29 -61
29 -61
29 -61
29 -61
29 -61
29 -61
29 -61
29 -61
29 -61
28 -66
28 -66
28 -66
28 -66
28 -66
28 -66
28 -66
28 -66
28 -66
28 -66
28 -66
28 -66
28 -66
28 -66
28 -66
28 -66
28 -66
28 -66
28 -66
28 -66
28 -66
28 -66
28 -66
28 -66
28 -66
28 -66
28 -66
28 -66
28 -66
28 -66
28 -66
28 -66
28 -66
28 -66
28 -66
28 -66
29 -66
29 -66
29 -66
29 -66
29 -66
29 -66
29 -66
29 -66
29 -66
29 -66
29 -66
29 -66
29 -66
29 -66
29 -66
29 -66
29 -66
29 -66
23 -60
23 -60
23 -60
23 -60
23 -60
23 -60
23 -60
23 -60
23 -60
23 -60
23 -60
23 -60
23 -60
23 -60
23 -60
23 -60
23 -60
23 -60
23 -60
23 -60
23 -60
23 -60
23 -60
23 -60
23 -60
23 -60
23 -60
23 -60
23 -60
23 -60
23 -60
23 -60
24 -58
24 -58
24 -58
24 -58
24 -58
24 -58
24 -58
24 -58
24 -58
24 -58
24 -58
24 -58
24 -58
24 -58
24 -58
24 -58
30 -59
30 -59
30 -59
30 -59
30 -59
30 -59
30 -59
30 -59
30 -59
30 -59
21 -60
21 -60
21 -60
21 -60
21 -60
21 -60
21 -60
21 -60
21 -60
21 -60
21 -60
21 -60
21 -60
21 -60
21 -60
21 -60
21 -60
21 -60
21 -60
21 -60
21 -60
21 -60
21 -60
21 -60
21 -60
21 -60
21 -60
21 -60
21 -60
21 -60
21 -60
21 -60
21 -60
21 -60
21 -60
21 -60
21 -60
21 -60
21 -60
21 -60
21 -60
21 -60
21 -60
21 -60
21 -60
21 -60
21 -60
19 -67
18 -60
18 -60
18 -60
18 -60
18 -60
18 -60
18 -60
18 -60
18 -60
18 -60
18 -60
18 -60
18 -60
18 -60
18 -60
18 -60
18 -60
18 -60
18 -60
18 -60
18 -60
18 -60
18 -60
18 -60
18 -60
18 -60
18 -60
18 -60
18 -60
18 -60
18 -60
18 -60
18 -60
18 -60
15 -58
15 -58
15 -58
15 -58
15 -58
15 -58
15 -58
15 -58
15 -58
15 -58
15 -58
15 -58
15 -58
15 -58
15 -58
15 -58
15 -58
15 -58
15 -62
15 -62
15 -62
15 -62
15 -62
15 -62
15 -62
15 -62
15 -62
15 -62
15 -62
15 -62
15 -62
15 -62
15 -62
15 -62
11 -64
11 -64
11 -64
11 -64
11 -64
11 -64
11 -64
11 -64
11 -64
11 -64
11 -64
11 -64
11 -64
11 -64
11 -64
11 -64
11 -64
11 -64
11 -64
11 -64
11 -64
11 -64
11 -64
11 -64
11 -64
11 -64
11 -64
11 -64
11 -64
11 -64
11 -64
11 -64
11 -64
11 -64
11 -64
11 -64
11 -64
11 -64
11 -64
11 -64
11 -64
11 -64
11 -64
11 -64
11 -64
11 -64
11 -64
11 -64
11 -64
11 -64
11 -64
11 -64
11 -64
11 -64
3 -54
3 -54
3 -54
3 -54
3 -54
3 -54
3 -54
3 -54
3 -54
3 -54
3 -54
3 -54
3 -54
3 -54
3 -54
3 -54
3 -54
3 -54
3 -54
3 -54
3 -54
3 -54
3 -54
3 -54
3 -54
3 -54
3 -54
3 -54
3 -54
3 -54
3 -54
3 -54
0 -50
0 -50
0 -50
0 -50
0 -50
0 -50
0 -50
0 -50
0 -50
0 -50
0 -50
0 -50
0 -50
0 -50
0 -50
0 -50
0 -50
0 -50
0 -50
4 -52
4 -52
4 -52
4 -52
4 -52
4 -52
4 -52
4 -52
4 -52
4 -52
4 -52
4 -52
4 -52
4 -52
4 -52
4 -52
4 -52
4 -52
-1 -48
-1 -48
-1 -48
-1 -48
-1 -48
-1 -48
-1 -48
-1 -48
-1 -48
-1 -48
-1 -48
-1 -48
-1 -48
-1 -48
-1 -48
-1 -48
-1 -48
-1 -48
-1 -48
-1 -48
-1 -48
-1 -48
-1 -48
-1 -48
-1 -48
-1 -48
-1 -48
-1 -48
-1 -48
-1 -48
-1 -48
-1 -48
-1 -48
-1 -48
-1 -48
-1 -48
-1 -48
0 -51
0 -51
0 -51
0 -51
0 -51
0 -51
0 -51
0 -51
0 -51
0 -51
0 -51
0 -51
0 -51
0 -51
0 -51
0 -51
0 -51
0 -51
0 -51
0 -51
0 -51
0 -51
0 -51
0 -51
0 -51
0 -51
0 -51
0 -51
0 -51
0 -51
0 -51
0 -51
0 -51
0 -51
0 -51
0 -51
0 -51
0 -48
0 -48
0 -48
0 -48
0 -48
0 -48
0 -48
0 -48
0 -48
0 -48
0 -48
0 -48
0 -48
0 -48
0 -48
0 -48
0 -48
0 -48
0 -48
0 -48
0 -48
0 -48
0 -48
0 -48
0 -48
0 -48
0 -48
0 -48
0 -48
0 -48
3 -47
3 -47
3 -47
3 -47
3 -47
3 -47
3 -47
3 -47
3 -47
3 -47
3 -47
3 -47
3 -47
3 -47
3 -47
3 -47
3 -47
3 -47
-1 -48
-1 -48
-1 -48
-1 -48
-1 -48
-1 -48
-1 -48
-1 -48
-1 -48
-1 -48
-1 -48
-1 -48
-1 -48
-1 -48
-1 -48
-1 -48
-3 -48
-3 -48
-3 -48
-3 -48
-3 -48
-3 -48
-3 -48
-3 -48
-3 -48
-3 -48
-3 -48
-3 -48
-3 -48
-3 -48
-3 -48
-3 -48
-3 -48
-3 -48
-3 -48
-3 -48
-3 -48
-3 -48
-3 -48
-3 -48
-3 -48
-3 -48
-3 -48
-3 -48
-3 -48
-3 -48
-3 -48
-3 -48
-3 -48
-3 -48
-3 -48
-3 -48
-3 -48
-9 -50
-9 -50
-9 -50
-9 -50
-9 -50
-9 -50
-9 -50
-9 -50
-9 -50
-9 -50
-9 -50
-9 -50
-9 -50
-9 -50
-9 -50
-9 -50
-5 -52
-5 -52
-5 -52
-5 -52
-5 -52
-5 -52
-5 -52
-5 -52
-5 -52
-5 -52
-5 -52
-5 -52
-5 -52
-5 -52
-5 -52
-5 -52
-5 -52
-5 -52
-5 -52
-5 -52
-5 -52
-5 -52
-5 -52
-5 -52
-5 -52
-5 -52
-5 -52
-5 -52
-5 -52
-5 -52
-5 -52
-5 -52
-5 -52
-5 -52
-5 -52
-10 -50
-10 -50
-10 -50
-10 -50
-10 -50
-10 -50
-10 -50
-10 -50
-10 -50
-10 -50
-10 -50
-10 -50
-10 -50
-10 -50
-10 -50
-10 -50
-10 -50
-10 -50
-10 -50
-10 -50
-10 -50
-10 -50
-10 -50
-10 -50
-10 -50
-10 -50
-10 -50
-10 -50
-10 -50
-17 -52
-17 -52
-17 -52
-17 -52
-17 -52
-17 -52
-17 -52
-17 -52
-17 -52
-17 -52
-17 -52
-17 -52
-17 -52
-17 -52
-17 -52
-17 -52
-17 -52
-19 -48
-19 -48
-19 -48
-19 -48
-19 -48
-19 -48
-19 -48
-19 -48
-19 -48
-19 -48
-19 -48
-19 -48
-19 -48
-19 -48
-19 -48
-19 -48
-19 -48
-17 -49
-17 -49
-17 -49
-17 -49
-17 -49
-17 -49
-17 -49
-17 -49
-17 -49
-17 -49
-17 -49
-17 -49
-17 -49
-17 -49
-17 -49
-17 -49
-17 -49
-17 -49
-17 -47
-17 -47
-17 -47
-17 -47
-17 -47
-17 -47
-17 -47
-17 -47
-17 -47
-17 -47
-17 -47
-17 -47
-17 -47
-17 -47
-17 -47
-17 -47
-17 -47
-17 -47
-17 -47
-17 -47
-17 -47
-17 -47
-17 -47
-17 -47
-17 -47
-17 -47
-17 -47
-17 -47
-17 -47
-17 -47
-17 -47
-17 -47
-17 -47
-17 -47
-17 -47
-17 -47
-17 -47
-17 -47
-17 -47
-17 -47
-17 -47
-17 -47
-17 -47
-17 -47
-17 -47
-17 -47
-17 -47
-17 -47
-17 -47
-17 -47
-17 -47
-17 -47
-17 -47
-14 -44
-17 -38
-17 -38
-17 -38
-17 -38
-17 -38
-17 -38
-17 -38
-17 -38
-17 -38
-17 -38
-17 -38
-17 -38
-17 -38
-17 -38
-17 -38
-17 -38
-17 -38
-17 -38
-17 -38
-17 -38
-17 -38
-17 -38
-17 -38
-17 -38
-17 -38
-17 -38
-17 -38
-17 -38
-17 -38
-17 -38
-16 -46
-16 -46
-16 -46
-16 -46
-16 -46
-16 -46
-16 -46
-16 -46
-16 -46
-16 -46
-16 -46
-16 -46
-16 -46
-16 -46
-16 -46
-16 -46
-16 -46
-16 -46
-16 -46
-16 -46
-16 -46
-16 -46
-16 -46
-16 -46
-16 -46
-16 -46
-16 -46
-16 -46
-16 -46
-16 -46
-16 -46
-16 -48
-8 -48
-8 -48
-8 -48
-8 -48
-8 -48
-8 -48
-8 -48
-8 -48
-8 -48
-8 -48
-8 -48
-8 -48
-8 -48
-8 -48
-8 -48
-8 -48
-8 -48
-8 -48
-8 -48
-8 -48
-8 -48
-8 -48
-8 -48
-8 -48
-8 -48
-8 -48
-8 -48
-8 -48
-8 -48
-8 -48
-8 -48
-8 -48
-8 -48
-8 -48
-8 -48
-8 -48
-8 -48
-8 -48
-8 -48
-8 -48
-8 -48
-8 -48
-8 -48
-8 -48
-8 -48
-8 -48
-8 -48
-8 -48
-17 -46
-17 -46
-17 -46
-17 -46
-17 -46
-17 -46
-17 -46
-17 -46
-17 -46
-17 -46
-17 -46
-17 -46
-17 -46
-17 -46
-17 -46
-23 -52
-23 -52
-23 -52
-23 -52
-23 -52
-23 -52
-23 -52
-23 -52
-23 -52
-23 -52
-23 -52
-23 -52
-23 -52
-23 -52
-23 -52
-23 -52
-23 -52
-23 -52
-23 -52
-23 -52
-23 -52
-23 -52
-23 -52
-23 -52
-23 -52
-23 -52
-23 -52
-23 -52
-23 -52
-23 -52
-23 -52
-23 -52
-23 -52
-23 -52
-23 -52
-29 -54
-29 -54
-29 -54
-29 -54
-29 -54
-29 -54
-29 -54
-29 -54
-29 -54
-29 -54
-29 -54
-29 -54
-29 -54
-29 -54
-29 -54
-32 -47
-32 -47
-32 -47
-32 -47
-32 -47
-32 -47
-32 -47
-32 -47
-32 -47
-32 -47
-32 -47
-32 -47
-32 -47
-32 -47
-32 -47
-32 -47
-32 -47
-32 -47
-32 -47
-32 -47
-32 -47
-32 -47
-32 -47
-32 -47
-32 -47
-32 -47
-32 -47
-32 -47
-32 -47
-32 -47
-32 -47
-32 -47
-32 -47
-32 -47
-32 -47
-32 -47
-32 -47
-23 -45
-23 -45
-23 -45
-23 -45
-23 -45
-23 -45
-23 -45
-23 -45
-23 -45
-23 -45
-23 -45
-23 -45
-23 -45
-23 -45
-23 -45
-23 -45
-23 -45
-23 -45
-23 -45
-23 -45
-23 -45
-23 -45
-23 -45
-23 -45
-23 -45
-23 -45
-23 -45
-23 -45
-23 -45
-23 -45
-23 -45
-23 -45
-23 -45
-23 -45
-23 -45
-23 -45
-23 -45
-23 -45
-23 -45
-23 -45
-23 -45
-23 -45
-23 -45
-23 -45
-23 -45
-23 -45
-23 -45
-23 -45
-23 -45
-23 -45
-23 -45
-23 -45
-23 -45
-23 -45
-23 -45
-23 -45
-23 -45
-23 -45
-23 -45
-23 -45
-23 -45
-23 -45
-23 -45
-23 -45
-23 -45
-23 -45
-23 -45
-23 -45
-29 -43
-25 -42
-29 -46
-29 -46
-29 -46
-29 -46
-29 -46
-29 -46
-29 -46
-29 -46
-29 -46
-29 -46
-29 -46
-29 -46
-29 -46
-29 -46
-29 -46
-30 -50
-30 -50
-30 -50
-30 -50
-30 -50
-30 -50
-30 -50
-30 -50
-30 -50
-30 -50
-30 -50
-30 -50
-30 -50
-30 -50
-30 -50
-30 -50
-30 -50
-29 -42
-29 -42
-29 -42
-29 -42
-29 -42
-29 -42
-29 -42
-29 -42
-29 -42
-29 -42
-29 -42
-29 -42
-29 -42
-29 -42
-29 -42
-29 -42
-29 -42
-29 -42
-29 -42
-29 -42
-29 -42
-29 -42
-29 -42
-29 -42
-29 -42
-29 -42
-29 -42
-29 -42
-29 -42
-29 -42
-29 -42
-29 -42
-29 -42
-29 -42
-28 -44
-28 -44
-28 -44
-28 -44
-28 -44
-28 -44
-28 -44
-28 -44
-28 -44
-28 -44
-28 -44
-28 -44
-28 -44
-28 -44
-28 -44
-28 -44
-28 -44
-27 -41
-27 -41
-27 -41
-27 -41
-27 -41
-27 -41
-27 -41
-27 -41
-27 -41
-27 -41
-27 -41
-27 -41
-27 -41
-27 -41
-27 -41
-27 -41
-27 -41
-27 -41
-27 -41
-27 -41
-27 -41
-27 -41
-27 -41
-27 -41
-27 -41
-27 -41
-27 -41
-27 -41
-27 -41
-27 -41
-27 -41
-27 -41
-27 -41
-27 -41
-27 -41
-27 -41
-27 -41
-27 -41
-27 -41
-27 -41
-27 -41
-27 -41
-27 -41
-27 -41
-27 -41
-27 -41
-27 -41
-27 -41
-27 -41
-27 -41
-27 -41
-27 -41
-27 -41
-27 -41
-27 -41
-29 -38
-32 -35
-32 -35
-32 -35
-32 -35
-32 -35
-32 -35
-32 -35
-32 -35
-32 -35
-32 -35
-32 -35
-32 -35
-32 -35
-32 -35
-32 -35
-32 -35
-32 -35
-32 -35
-32 -35
-32 -35
-32 -35
-32 -35
-32 -35
-32 -35
-32 -35
-32 -35
-32 -35
-32 -35
-32 -35
-32 -35
-32 -35
-32 -35
-32 -35
-32 -35
-32 -35
-40 -37
-40 -37
-40 -37
-40 -37
-40 -37
-40 -37
-40 -37
-40 -37
-40 -37
-40 -37
-40 -37
-40 -37
-40 -37
-40 -37
-40 -37
-40 -37
-40 -37
-40 -37
-44 -35
-44 -35
-44 -35
-44 -35
-44 -35
-44 -35
-44 -35
-44 -35
-44 -35
-44 -35
-44 -35
-44 -35
-44 -35
-44 -35
-44 -35
-44 -35
-44 -35
-40 -34
-40 -34
-40 -34
-40 -34
-40 -34
-40 -34
-40 -34
-40 -34
-40 -34
-40 -34
-40 -34
-40 -34
-40 -34
-40 -34
-40 -34
-40 -34
-40 -34
-40 -34
-40 -34
-40 -34
-40 -34
-40 -34
-40 -34
-40 -34
-40 -34
-40 -34
-40 -34
-40 -34
-40 -34
-40 -34
-40 -34
-40 -34
-40 -34
-40 -34
-40 -34
-40 -34
-40 -34
-40 -34
-40 -34
-40 -34
-40 -34
-40 -34
-40 -34
-40 -34
-40 -34
-40 -34
-40 -34
-40 -34
-40 -34
-40 -34
-40 -34
-40 -34
-40 -34
-40 -34
-40 -34
-44 -20
-44 -20
-44 -20
-44 -20
-44 -20
-44 -20
-44 -20
-44 -20
-44 -20
-44 -20
-44 -20
-44 -20
-44 -20
-44 -20
-44 -20
-44 -20
-44 -20
-44 -20
-44 -20
-44 -20
-44 -20
-44 -20
-44 -20
-44 -20
-44 -20
-44 -20
-44 -20
-44 -20
-44 -20
-44 -20
-44 -20
-44 -20
-44 -20
-57 -18
-57 -18
-57 -18
-57 -18
-57 -18
-57 -18
-57 -18
-57 -18
-57 -18
-57 -18
-57 -18
-57 -18
-57 -18
-57 -18
-57 -18
-57 -18
-57 -18
-54 -9
-54 -9
-54 -9
-54 -9
-54 -9
-54 -9
-54 -9
-54 -9
-54 -9
-54 -9
-54 -9
-54 -9
-54 -9
-54 -9
-54 -9
-54 -9
-54 -9
-54 -6
-54 -6
-54 -6
-54 -6
-54 -6
-54 -6
-54 -6
-54 -6
-54 -6
-54 -6
-54 -6
-54 -6
-54 -6
-54 -6
-54 -6
-54 -6
-54 -6
-54 -6
-54 -6
-54 -6
-54 -6
-54 -6
-54 -6
-54 -6
-54 -6
-54 -6
-54 -6
-54 -6
-54 -6
-54 -6
-54 -6
-54 -6
-54 -6
-54 -6
-54 -6
-54 -6
-63 -3
-63 -3
-63 -3
-63 -3
-63 -3
-63 -3
-63 -3
-63 -3
-63 -3
-63 -3
-63 -3
-63 -3
-63 -3
-63 -3
-63 -3
-63 -3
-63 -3
-63 -3
-63 -3
-63 -3
-63 -3
-63 -3
-63 -3
-63 -3
-63 -3
-63 -3
-63 -3
-63 -3
-63 -3
-63 -3
-63 -3
-63 -3
-63 -3
-63 -3
-62 -5
-66 -2
-66 -2
-66 -2
-66 -2
-66 -2
-66 -2
-66 -2
-66 -2
-66 -2
-66 -2
-66 -2
-66 -2
-66 -2
-66 -2
-66 -2
-66 -2
-66 -2
-66 -2
-66 -2
-66 -2
-66 -2
-66 -2
-66 -2
-66 -2
-66 -2
-66 -2
-66 -2
-66 -2
-66 -2
-66 -2
-66 -2
-66 -2
-66 -2
-65 0
-65 0
-65 0
-65 0
-65 0
-65 0
-65 0
-65 0
-65 0
-65 0
-65 0
-65 0
-65 0
-65 0
-65 0
-65 0
-65 0
-65 0
-65 0
-79 7
-79 7
-79 7
-79 7
-79 7
-79 7
-79 7
-79 7
-79 7
-79 7
-79 7
-79 7
-79 7
-79 7
-79 7
-79 7
-79 7
-79 7
-79 7
-79 7
-79 7
-79 7
-79 7
-79 7
-79 7
-79 7
-79 7
-79 7
-79 7
-79 7
-79 7
-79 7
-79 7
-79 7
-79 7
-79 7
-79 7
-70 8
-70 8
-70 8
-70 8
-70 8
-70 8
-70 8
-70 8
-70 8
-70 8
-70 8
-70 8
-70 8
-70 8
-70 8
-70 8
-70 8
-70 8
-70 8
-70 8
-70 8
-70 8
-70 8
-70 8
-70 8
-70 8
-70 8
-70 8
-70 8
-70 8
-70 8
-70 8
-70 8
-70 8
-70 8
-70 8
-70 8
-70 8
-77 12
-81 8
-81 8
-81 8
-81 8
-81 8
-81 8
-81 8
-81 8
-81 8
-81 8
-81 8
-81 8
-81 8
-81 8
-81 8
-81 8
-81 8
-81 8
-81 8
-81 8
-81 8
-81 8
-81 8
-81 8
-81 8
-81 8
-81 8
-81 8
-81 8
-81 8
-81 8
-81 8
-81 8
-81 8
-81 8
-81 8
-81 8
-81 8
-81 8
-81 8
-81 8
-81 8
-81 8
-81 8
-81 8
-81 8
-81 8
-81 8
-75 13
-75 13
-75 13
-75 13
-75 13
-75 13
-75 13
-75 13
-75 13
-75 13
-75 13
-75 13
-75 13
-82 15
-82 15
-82 15
-82 15
-82 15
-82 15
-82 15
-82 15
-82 15
-82 15
-82 15
-82 15
-82 15
-82 15
-82 15
-82 15
-82 15
-82 15
-82 15
-82 15
-82 15
-82 15
-82 15
-82 15
-82 15
-82 15
-82 15
-82 15
-78 18
-78 18
-78 18
-78 18
-78 18
-78 18
-78 18
-78 18
-78 18
-78 18
-78 18
-78 18
-78 18
-78 18
-78 18
-78 18
-78 18
-78 18
-78 18
-78 18
-78 18
-78 18
-78 18
-78 18
-78 18
-78 18
-78 18
-78 18
-78 18
-78 18
-76 18
-76 18
-76 18
-76 18
-76 18
-76 18
-76 18
-76 18
-76 18
-76 18
-76 18
-76 18
-76 18
-76 18
-76 18
-76 18
-76 18
-76 18
-76 18
-76 18
-76 18
-76 18
-76 18
-76 18
-76 18
-76 18
-76 18
-71 25
-72 23
-72 23
-72 23
-72 23
-72 23
-72 23
-72 23
-72 23
-72 23
-72 23
-72 23
-72 23
-72 23
-72 23
-72 23
-72 23
-71 17
-71 17
-71 17
-71 17
-71 17
-71 17
-71 17
-71 17
-71 17
-71 17
-71 17
-71 17
-71 17
-71 17
-71 17
-71 17
-71 17
-71 17
-71 17
-71 17
-71 17
-71 17
-71 17
-71 17
-71 17
-71 17
-71 17
-71 17
-71 17
-71 17
-71 17
-71 17
-71 17
-71 17
-67 25
-67 25
-67 25
-67 25
-67 25
-67 25
-67 25
-67 25
-67 25
-67 25
-67 25
-67 25
-67 25
-67 25
-70 31
-70 31
-70 31
-70 31
-70 31
-70 31
-70 31
-70 31
-70 31
-70 31
-70 31
-70 31
-70 31
-70 31
-70 31
-70 31
-70 31
-70 31
-70 31
-70 31
-70 31
-70 31
-70 31
-70 31
-70 31
-70 31
-70 31
-70 31
-70 31
-70 31
-70 31
-70 31
-70 31
-70 31
-70 31
-70 31
-70 31
-70 31
-70 31
-70 31
-70 31
-70 31
-70 31
-70 31
-70 31
-70 31
-70 31
-70 31
-70 31
-70 31
-70 31
-70 31
-70 31
-70 31
-70 31
-70 31
-63 28
-52 26
-52 26
-52 26
-52 26
-52 26
-52 26
-52 26
-52 26
-52 26
-52 26
-52 26
-52 26
-52 26
-52 26
-52 26
-52 26
-52 26
-52 27
-52 27
-52 27
-52 27
-52 27
-52 27
-52 27
-52 27
-52 27
-52 27
-52 27
-52 27
-52 27
-52 27
-52 27
-52 27
-52 27
-52 27
-52 27
-52 27
-52 27
-52 27
-52 27
-52 27
-52 27
-52 27
-52 27
-52 27
-52 27
-52 27
-52 27
-52 27
-52 27
-52 27
-52 27
-45 26
-45 26
-45 26
-45 26
-45 26
-45 26
-45 26
-45 26
-45 26
-45 26
-45 26
-45 26
-45 26
-45 26
-45 26
-45 26
-45 26
-45 26
-34 21
-34 21
-34 21
-34 21
-34 21
-34 21
-34 21
-34 21
-34 21
-34 21
-34 21
-34 21
-34 21
-34 21
-34 21
-34 21
-34 21
-34 21
-34 21
-49 34
-49 34
-49 34
-49 34
-49 34
-49 34
-49 34
-49 34
-49 34
-49 34
-49 34
-49 34
-49 34
-49 34
-49 34
-49 34
-49 34
-49 34
-49 34
-49 34
-49 34
-49 34
-49 34
-49 34
-49 34
-49 34
-49 34
-49 34
-49 34
-49 34
-49 34
-49 34
-49 34
-49 34
-49 34
-49 34
-49 34
-49 34
-49 34
-49 34
-49 34
-49 34
-49 34
-49 34
-49 34
-49 34
-49 34
-49 34
-49 34
-43 29
-36 31
-36 31
-36 31
-36 31
-36 31
-36 31
-36 31
-36 31
-36 31
-36 31
-36 31
-36 31
-36 31
-36 31
-36 31
-36 31
-36 31
-36 31
-36 31
-36 31
-36 31
-36 31
-36 31
-36 31
-36 31
-36 31
-36 31
-36 31
-36 31
-36 31
-36 31
-36 31
-36 31
-36 31
-36 31
-36 31
-37 39
-37 39
-37 39
-37 39
-37 39
-37 39
-37 39
-37 39
-37 39
-37 39
-37 39
-37 39
-37 39
-37 39
-37 39
-37 39
-37 39
-37 39
-37 39
-37 39
-37 39
-37 39
-37 39
-37 39
-37 39
-37 39
-37 39
-37 39
-37 39
-37 39
-37 39
-37 39
-37 39
-28 40
-19 36
-19 36
-19 36
-19 36
-19 36
-19 36
-19 36
-19 36
-19 36
-19 36
-19 36
-19 36
-19 36
-19 36
-19 36
-19 36
-19 36
-19 36
-19 36
-19 36
-19 36
-19 36
-19 36
-19 36
-19 36
-19 36
-19 36
-19 36
-19 36
-19 36
-19 36
-19 36
-19 36
-19 36
-19 36
-19 36
-19 36
-19 36
-19 36
-19 36
-19 36
-19 36
-19 36
-19 36
-19 36
-19 36
-19 36
-19 36
-19 36
-19 36
-19 36
-19 36
-19 36
-19 36
-19 36
-19 42
-19 42
-19 42
-19 42
-19 42
-19 42
-19 42
-19 42
-19 42
-19 42
-19 42
-19 42
-19 42
-19 42
-19 42
-19 42
-19 42
-19 42
-19 42
-19 42
-19 42
-19 42
-19 42
-19 42
-19 42
-19 42
-19 42
-19 42
-19 42
-19 42
-19 42
-19 42
-19 42
-19 42
-19 42
-19 42
-19 42
-19 42
-19 42
-19 42
-19 42
-19 42
-19 42
-19 42
-19 42
-19 42
-19 42
-19 42
-19 42
-19 42
-25 45
-17 34
-17 34
-17 34
-17 34
-17 34
-17 34
-17 34
-17 34
-17 34
-17 34
-17 34
-17 34
-17 34
-17 34
-17 34
-17 34
-17 34
-17 34
-17 34
-17 34
-17 34
-17 34
-17 34
-17 34
-17 34
-17 34
-17 34
-17 34
-17 34
-17 34
-17 34
-17 34
-17 34
-17 34
-17 34
-17 34
-17 34
-17 34
-21 38
-21 38
-21 38
-21 38
-21 38
-21 38
-21 38
-21 38
-21 38
-21 38
-21 38
-21 38
-21 38
-21 38
-21 38
-21 38
-21 38
-21 38
-13 41
-13 41
-13 41
-13 41
-13 41
-13 41
-13 41
-13 41
-13 41
-13 41
-13 41
-13 41
-13 41
-13 41
-13 41
-13 41
-13 41
-13 41
-13 41
-13 41
-13 41
-13 41
-13 41
-13 41
-13 41
-13 41
-13 41
-13 41
-13 41
-13 41
-13 41
-13 41
-13 41
-13 41
-13 41
-13 41
-13 41
-14 42
-14 42
-14 42
-14 42
-14 42
-14 42
-14 42
-14 42
-14 42
-14 42
-14 42
-14 42
-14 42
-14 42
-14 42
-14 42
-14 42
-14 42
-14 42
-14 42
-14 42
-14 42
-14 42
-14 42
-14 42
-14 42
-14 42
-14 42
-14 42
-14 42
-14 42
-14 42
-14 42
-14 42
-14 42
-14 42
-14 42
-14 42
-10 41
-10 41
-10 41
-10 41
-10 41
-10 41
-10 41
-10 41
-10 41
-10 41
-10 41
-10 41
-10 41
-10 41
-10 41
-10 41
-10 41
-10 41
-10 41
-10 41
-10 41
-10 41
-10 41
-10 41
-10 41
-10 41
-10 41
-10 41
-10 41
-10 41
-10 41
-10 41
-10 41
-10 41
-10 41
-10 39
-10 39
-10 39
-10 39
-10 39
-10 39
-10 39
-10 39
-10 39
-10 39
-10 39
-10 39
-10 39
-10 39
-10 39
-10 39
-10 39
-10 39
-10 39
-9 44
-9 44
-9 44
-9 44
-9 44
-9 44
-9 44
-9 44
-9 44
-9 44
-9 44
-9 44
-9 44
-9 44
-8 39
-8 39
-8 39
-8 39
-8 39
-8 39
-8 39
-8 39
-8 39
-8 39
-8 39
-8 39
-8 39
-8 39
-8 39
-8 39
-8 39
-8 39
-8 39
-8 39
-8 39
-8 39
-8 39
-8 39
-8 39
-8 39
-8 39
-8 39
-8 39
-8 39
-8 39
-8 39
-8 39
-8 39
-8 39
-8 39
-8 39
-8 39
-8 39
-7 38
-7 38
-7 38
-7 38
-7 38
-7 38
-7 38
-7 38
-7 38
-7 38
-7 38
-7 38
-7 38
-7 38
-7 38
-7 38
-7 38
-7 38
-7 38
-7 38
-7 38
-7 38
-7 38
-7 38
-7 38
-7 38
-7 38
-7 38
-7 38
-7 38
-7 38
-7 38
-7 38
-7 38
-7 38
-1 31
0 28
0 28
0 28
0 28
0 28
0 28
0 28
0 28
0 28
0 28
0 28
0 28
0 28
0 28
0 28
0 28
0 28
0 28
0 28
0 28
0 28
0 28
0 28
0 28
0 28
0 28
0 28
0 28
0 28
0 28
0 28
0 28
0 28
0 28
0 28
0 28
0 28
0 28
0 28
0 30
0 30
0 30
0 30
0 30
0 30
0 30
0 30
0 30
0 30
0 30
0 30
0 30
0 30
0 30
0 30
0 30
0 30
0 30
1 23
1 23
1 23
1 23
1 23
1 23
1 23
1 23
1 23
1 23
1 23
1 23
1 23
1 23
1 23
1 23
1 23
1 23
1 23
1 23
1 23
1 23
1 23
1 23
1 23
1 23
1 23
1 23
1 23
1 23
1 23
1 23
1 23
1 23
1 23
1 23
1 23
1 23
1 23
1 23
0 17
0 17
0 17
0 17
0 17
0 17
0 17
0 17
0 17
0 17
0 17
0 17
0 17
0 17
0 17
0 17
0 17
0 17
0 17
0 17
0 17
0 17
0 17
0 17
0 17
0 17
0 17
0 17
0 17
0 17
0 17
2 10
3 7
3 7
3 7
3 7
3 7
3 7
3 7
3 7
3 7
3 7
3 7
3 7
3 7
3 7
3 7
3 7
3 7
3 7
3 7
3 7
3 7
3 7
3 7
3 7
3 7
3 7
3 7
3 7
3 7
3 7
3 7
3 7
3 7
1 4
1 4
1 4
1 4
1 4
1 4
1 4
1 4
1 4
1 4
1 4
1 4
1 4
1 4
1 4
1 4
1 4
1 4
0 1
0 1
0 1
0 1
0 1
0 1
0 1
0 1
0 1
0 1
0 1
0 1
0 1
0 1
0 1
0 1
1 1
1 1
1 1
1 1
1 1
1 1
1 1
1 1
1 1
1 1
1 1
1 1
1 1
1 1
1 1
1 1
1 1
1 1
1 1
1 1
1 1
1 1
1 1
1 1
1 1
1 1
1 1
1 1
1 1
1 1
1 1
1 1
1 1
1 1
1 0
1 0
1 0
1 0
1 0
1 0
1 0
1 0
1 0
1 0
1 0
1 0
1 0
1 0
1 0
1 0
1 0
1 0
1 0
1 0
1 0
1 0
1 0
1 0
1 0
1 0
1 0
1 0
0 3
0 3
0 3
0 3
0 3
0 3
0 3
0 3
0 3
0 3
0 3
0 3
0 3
0 3
0 3
0 3
0 3
0 3
0 3
0 3
0 3
0 3
0 3
0 3
0 3
0 3
0 3
0 3
0 3
0 3
0 3
0 3
0 3
0 3
0 3
0 3
0 3
0 2
0 2
0 2
0 2
0 2
0 2
0 2
0 2
0 2
0 2
0 2
0 2
0 2
0 2
0 2
0 2
0 2
0 2
0 2
0 2
0 2
0 2
0 2
0 2
0 2
0 2
0 2
0 2
0 2
0 2
0 2
0 2
0 2
0 2
0 2
0 2
0 2
0 2
1 3
1 3
1 3
1 3
1 3
1 3
1 3
1 3
1 3
1 3
1 3
1 3
1 3
1 3
1 3
1 3
1 3
1 3
1 3
1 3
1 3
1 3
1 3
1 1
1 1
1 1
1 1
1 1
1 1
1 1
1 1
1 1
1 1
1 1
1 1
1 1
1 1
1 1
1 1
1 1
1 1
1 1
1 1
1 1
1 1
1 1
1 1
1 1
1 1
1 1
1 1
1 1
1 1
1 1
1 1
1 1
1 1
1 1
1 1
1 1
1 1
1 1
1 1
1 1
1 1
1 1
1 1
1 1
1 1
1 1
1 1
1 1
1 1
1 1
1 1
1 1
1 1
1 1
1 1
1 1
1 1
1 1
1 1
1 1
1 1
1 1
1 1
1 1
1 1
1 1
1 1
1 1
1 1
1 1
1 1
1 1
1 1
1 1
1 1
1 1
1 1
1 1
1 1
1 1
1 1
1 1
1 1
1 1
1 1
1 1
1 1
1 1
1 1
1 1
1 1
1 1
1 1
1 1
1 1
1 1
1 1
1 1
1 1
1 1
1 1
1 1
1 1
1 1
1 1
1 1
1 1
1 1
1 1
1 1
1 1
1 1
1 1
1 1
1 1
1 1
1 1
1 1
1 1
1 1
1 1
1 1
1 1
1 1
1 1
1 1
1 1
1 1
1 1
1 1
1 1
1 1
1 1
1 1
1 1
1 1
1 1
1 1
1 1
1 1
1 1
1 1
1 1
1 1
1 1
1 1
1 1
1 1
1 1
1 1
1 1
1 1
1 1
1 1
1 1
1 1
1 1
1 1
1 1
1 1
1 1
1 1
1 1
1 1
1 1
1 1
1 1
1 1
1 1
1 1
1 1
1 1
1 1
1 1
1 1
1 1
1 1
1 1
1 1
1 1
1 1
1 1
1 1
1 1
1 1
1 1
1 1
1 1
1 1
1 1
1 1
1 1
1 1
1 1
1 1
1 1
1 1
1 1
1 1
1 1
1 1
1 1
1 1
1 1
1 1
1 1
1 1
1 1
1 1
1 1
1 1
1 1
1 1
1 1
1 1
1 1
1 1
1 1
1 1
1 1
1 1
1 1
1 1
1 1
1 1
1 1
1 1
1 1
1 1
1 1
1 1
1 1
1 1
1 1
1 1
1 1
1 1
1 1
1 1
1 1
1 1
1 1
1 1
1 1
1 1
1 1
1 1
1 1
1 1
1 1
1 1
1 1
1 1
1 1
1 1
1 1
1 1
1 1
1 1
1 1
1 1
1 1
1 1
1 1
1 1
1 1
1 1
1 1
1 1
1 1
1 1
1 1
1 1
1 1
1 1
1 1
1 1
1 1
1 1
1 1
1 1
1 1
1 1
1 1
1 1
1 1
1 1
1 1
1 1
1 1
1 1
1 1
1 1
1 1
1 1
1 1
1 1
1 1
1 1
1 1
1 1
1 1
1 1
1 1
1 1
1 1
1 1
1 1
1 1
1 1
1 1
1 1
1 1
1 1
1 1
1 1
1 1
1 1
1 1
1 1
1 1
1 1
1 1
1 1
1 1
1 1
1 1
1 1
1 1
1 1
1 1
1 1
1 1
1 1
1 1
1 1
1 1
1 1
1 1
1 1
1 1
1 1
1 1
1 1
1 1
1 1
1 1
1 1
1 1
1 1
1 1
1 1
1 1
1 1
1 1
1 1
1 1
1 1
1 1
1 1
1 1
1 1
1 1
1 1
1 1
-1 0
-1 0
-1 0
-1 0
-1 0
-1 0
-1 0
-1 0
-1 0
-1 0
-1 0
-1 0
-1 0
-1 0
-1 0
-1 0
-1 0
-1 0
-1 0
-1 0
-1 0
-1 0
-1 0
-1 0
-1 0
-1 0
-1 0
-1 0
-1 0
-1 0
-1 0
-1 0
-1 0
-1 0
-1 0
-1 0
-1 0
-1 0
-1 0
-1 0
-1 0
-1 0
-1 0
-1 0
-1 0
-1 0
-1 0
-1 0
-1 0
-1 0
-1 0
-1 0
-1 0
-1 0
-1 0
-1 0
-1 0
-1 0
-1 0
-1 0
-1 0
-1 0
-1 0
-1 0
-1 0
-1 0
-1 0
-1 0
-1 0
-1 0
-1 0
-1 0
-1 0
-1 0
-1 0
-1 0
-1 0
-1 0
-1 0
-1 0
-1 0
-1 0
-1 0
-1 0
-1 0
-1 0
-1 0
-1 0
-1 0
-1 0
-1 0
-1 0
-1 0
-1 0
-1 0
-1 0
-1 0
-1 0
-1 0
-1 0
-1 0
-1 0
-1 0
-1 0
-1 0
-1 0
-1 0
-1 0
-1 0
-1 0
-1 0
-1 0
-1 0
-1 0
-1 0
-1 0
-1 0
-1 0
-1 0
-1 0
-1 0
-1 0
-1 0
-1 0
-1 0
-1 0
-1 0
-1 0
-1 0
-1 0
-1 0
-1 0
-1 0
-1 0
-1 0
-1 0
-1 0
-1 0
-1 0
-1 0
-1 0
-1 0
-1 0
-1 0
-1 0
-1 0
-1 0
-1 0
-1 0
-1 0
-1 0
-1 0
-1 0
-1 0
-1 0
-1 0
-1 0
-1 0
-1 0
-1 0
-1 0
-1 0
-1 0
-1 0
-1 0
-1 0
-1 0
-1 0
-1 0
-1 0
-1 0
-1 0
-1 0
-1 0
-1 0
-1 0
-1 0
-1 0
-1 0
-1 0
-1 0
-1 0
-1 0
-1 0
-1 0
-1 0
-1 0
-1 0
-1 0
-1 0
-1 0
-1 0
-1 0
-1 0
-1 0
-1 0
-1 0
-1 0
-1 0
-1 0
-1 0
-1 0
-1 0
-1 0
-1 0
-1 0
-1 0
-1 0
-1 0
-1 0
-1 0
-1 0
-1 0
-1 0
-1 0
-1 0
-1 0
-1 0
-1 0
-1 0
-1 0
-1 0
-1 0
-1 0
-1 0
-1 0
-1 0
-1 0
-1 0
-1 0
-1 0
-1 0
-1 0
-1 0
-1 0
-1 0
-1 0
-1 0
-1 0
-1 0
-1 0
-1 0
-1 0
-1 0
-1 0
-1 0
-1 0
-1 0
-1 0
-1 0
-1 0
-1 0
-1 0
-1 0
-1 0
-1 0
-1 0
-1 0
-1 0
-1 0
-1 0
-1 0
-1 0
-1 0
-1 0
-1 0
-1 0
-1 0
-1 0
-1 0
-1 0
-1 0
-1 0
-1 0
-1 0
-1 0
-1 0
-1 0
-1 0
-1 0
-1 0
-1 0
-1 0
-1 0
-1 0
-1 0
-1 0
-1 0
-1 0
-1 0
-1 0
-1 0
-1 0
-1 0
-1 0
-1 0
-1 0
-1 0
-1 0
-1 0
-1 0
-1 0
-1 0
-1 0
-1 0
-1 0
-1 0
-1 0
-1 0
-1 0
-1 0
-1 0
-1 0
-1 0
-1 0
-1 0
-1 0
-1 0
-1 0
-1 0
-1 0
-1 0
-1 0
-1 0
-1 0
-1 0
-1 0
-1 0
-1 0
-1 0
-1 0
-1 0
-1 0
-1 0
-1 0
-1 0
-1 0
-1 0
-1 0
-1 0
-1 0
-1 0
-1 0
-1 0
-1 0
-1 0
-1 0
-1 0
-1 0
-1 0
-1 0
-1 0
-1 0
-1 0
-1 0
-1 0
-1 0
-1 0
-1 0
-1 0
-1 0
-1 0
-1 0
-1 0
-1 0
-1 0
-1 0
-1 0
-1 0
-1 0
-1 0
-1 0
-1 0
-1 0
-1 0
-1 0
-1 0
-1 0
-1 0
-1 0
-1 0
-1 0
-1 0
-1 0
-1 0
-1 0
-1 0
-1 0
-1 0
-1 0
-1 0
-1 0
-1 0
-1 0
-1 0
-1 0
-1 0
-1 0
-1 0
-1 0
-1 0
-1 0
-1 0
-1 0
-1 0
-1 0
-1 0
-1 0
-1 0
-1 0
-1 0
-1 0
-1 0
-1 0
-1 0
-1 0
-1 0
-1 0
-1 0
-1 0
-1 0
-1 0
-1 0
-1 0
-1 0
-1 0
-1 0
-1 0
-1 0
-1 0
-1 0
-1 0
-1 0
-1 0
-1 0
-1 0
-1 0
-1 0
-1 0
-1 0
-1 0
-1 0
-1 0
-1 0
-1 0
-1 0
-1 0
-1 0
-1 0
-1 0
-1 0
-1 0
-1 0
-1 0
-1 0
-1 0
-1 0
-1 0
-1 0
-1 0
-1 0
-1 0
-1 0
-1 0
-1 0
-1 0
-1 0
-1 0
-1 0
-1 0
-1 0
-1 0
-1 0
-1 0
-1 0
-1 0
-1 0
-1 0
-1 0
-1 0
-1 0
-1 0
-1 0
-1 0
-1 0
-1 0
-1 0
-1 0
-1 0
-1 0
-1 0
-1 0
-1 0
-1 0
-1 0
-1 0
-1 0
-1 0
-1 0
-1 0
-1 0
-1 0
-1 0
-1 0
-1 0
-1 0
-1 0
-1 0
-1 0
-1 0
-1 0
-1 0
-1 0
-1 0
-1 0
-1 0
-1 0
-1 0
-1 0
-1 0
-1 0
-1 0
-1 0
-1 0
-1 0
-1 0
-1 0
-1 0
-1 0
-1 0
-1 0
-1 0
-1 0
-1 0
-1 0
-1 0
-1 0
-1 0
-1 0
-1 0
-1 0
-1 0
-1 0
-1 0
-1 0
-1 0
-1 0
-1 0
-1 0
-1 0
-1 0
-1 0
-1 0
-1 0
-1 0
-1 0
-1 0
-1 0
-1 0
-1 0
-1 0
-1 0
-1 0
-1 0
-1 0
-1 0
-1 0
-1 0
-1 0
-1 0
-1 0
-1 0
-1 0
-1 0
-1 0
-1 0
-1 0
-1 0
-1 0
-1 0
-1 0
-1 0
-1 0
-1 0
-1 0
-1 0
-1 0
-1 0
-1 0
-1 0
-1 0
-1 0
-1 0
-1 0
-1 0
-1 0
-1 0
-1 0
-1 0
-1 0
-1 0
-1 0
-1 0
-1 0
-1 0
-1 0
-1 0
-1 0
-1 0
-1 0
-1 0
-1 0
-1 0
-1 0
-1 0
-1 0
-1 0
-1 0
-1 0
-1 0
-1 0
-1 0
-1 0
-1 0
-1 0
-1 0
-1 0
-1 0
-1 0
-1 0
-1 0
-1 0
-1 0
-1 0
-1 0
-1 0
-1 0
-1 0
-1 0
-1 0
-1 0
-1 0
-1 0
-1 0
-1 0
-1 0
-1 0
-1 0
-1 0
-1 0
-1 0
-1 0
-1 0
-1 0
-1 0
-1 0
-1 0
-1 0
-1 0
-1 0
-1 0
-1 0
-1 0
-1 0
-1 0
-1 0
-1 0
-1 0
-1 0
-1 0
-1 0
-1 0
-1 0
-1 0
-1 0
-1 0
-1 0
-1 0
-1 0
-1 0
-1 0
-1 0
-1 0
-1 0
-1 0
-1 0
-1 0
-1 0
-1 0
-1 0
-1 0
-1 0
-1 0
-1 0
-1 0
-1 0
-1 0
-1 0
-1 0
-1 0
-1 0
-1 0
-1 0
-1 0
-1 0
-1 0
-1 0
-1 0
-1 0
-1 0
-1 0
-1 0
-1 0
-1 0
-1 0
-1 0
-1 0
-1 0
-1 0
-1 0
-1 0
-1 0
-1 0
-1 0
-1 0
-1 0
-1 0
-1 0
-1 0
-1 0
-1 0
-1 0
-1 0
-1 0
-1 0
-1 0
-1 0
-1 0
-1 0
-1 0
-1 0
-1 0
-1 0
-1 0
-1 0
-1 0
-1 0
-1 0
-1 0
-1 0
-1 0
-1 0
-1 0
-1 0
-1 0
-1 0
-1 0
-1 0
-1 0
-1 0
-1 0
-1 0
-1 0
-1 0
-1 0
-1 0
-1 0
-1 0
-1 0
-1 0
-1 0
-1 0
-1 0
-1 0
-1 0
-1 0
-1 0
-1 0
-1 0
-1 0
-1 0
-1 0
-1 0
-1 0
-1 0
-1 0
-1 0
-1 0
-1 0
-1 0
-1 0
-1 0
-1 0
-1 0
-1 0
-1 0
-1 0
-1 0
-1 0
-1 0
-1 0
-1 0
-1 0
-1 0
-1 0
-1 0
-1 0
-1 0
-1 0
-1 0
-1 0
-1 0
-1 0
-1 0
-1 0
-1 0
-1 0
-1 0
-1 0
-1 0
-1 0
-1 0
-1 0
-1 0
-1 0
-1 0
-1 0
-1 0
-1 0
-1 0
-1 0
-1 0
-1 0
-1 0
-1 0
-1 0
-1 0
-1 0
-1 0
-1 0
-1 0
-1 0
-1 0
-1 0
-1 0
-1 0
-1 0
-1 0
-1 0
-1 0
-1 0
-1 0
-1 0
-1 0
-1 0
-1 0
-1 0
-1 0
-1 0
-1 0
-1 0
-1 0
-1 0
-1 0
-1 0
-1 0
-1 0
-1 0
-1 0
-1 0
-1 0
-1 0
-1 0
-1 0
-1 0
-1 0
-1 0
-1 0
-1 0
-1 0
-1 0
-1 0
-1 0
-1 0
-1 0
-1 0
-1 0
-1 0
-1 0
-1 0
-1 0
-1 0
-1 0
-1 0
-1 0
-1 0
