0 21
0 21
2 23
2 23
2 23
2 23
2 23
2 23
2 23
2 23
2 23
2 23
2 23
2 23
2 23
2 23
2 23
2 23
2 23
2 23
2 23
2 23
2 23
2 23
2 23
2 23
2 23
2 23
2 23
2 23
2 23
2 23
2 23
2 23
2 23
2 23
2 23
2 23
2 23
2 23
2 23
6 30
6 30
6 30
6 30
6 30
6 30
6 30
6 30
6 30
6 30
6 30
6 30
6 30
6 30
6 30
6 30
6 30
6 30
6 30
6 30
6 30
6 30
6 30
6 30
6 30
6 30
6 30
6 30
6 30
6 30
6 30
6 30
6 30
6 30
6 30
6 30
6 30
6 30
6 30
6 30
6 30
6 30
6 30
6 30
7 32
7 32
7 32
7 32
7 32
7 32
7 32
7 32
7 32
7 32
7 32
7 32
7 32
7 32
7 32
7 32
7 32
7 32
7 32
7 32
7 32
7 32
7 32
7 32
7 32
7 32
7 32
7 32
7 32
7 32
7 32
7 32
7 32
7 32
7 32
7 32
7 32
7 31
7 31
7 31
7 31
7 31
7 31
7 31
7 31
7 31
7 31
7 31
7 31
7 31
7 31
7 31
7 31
7 31
7 31
7 31
7 31
7 31
10 21
10 21
10 21
10 21
10 21
10 21
10 21
10 21
10 21
10 21
10 21
10 21
10 21
10 21
10 21
10 21
10 21
10 21
10 21
10 21
10 21
10 21
10 21
10 21
10 21
10 21
12 32
12 32
12 32
12 32
12 32
12 32
12 32
12 32
12 32
12 32
12 32
12 32
12 32
12 32
12 32
12 32
12 32
12 32
12 32
12 32
12 32
12 32
12 32
12 32
12 32
12 32
12 32
12 32
12 32
12 32
12 32
12 32
12 32
12 32
12 32
12 32
12 32
12 32
12 32
12 32
12 32
12 32
12 32
12 32
12 32
12 32
12 32
12 32
12 32
12 32
12 32
12 32
12 32
12 32
12 32
12 32
12 32
12 32
12 32
12 32
12 32
12 32
12 32
12 32
12 32
12 32
12 32
12 32
12 32
12 32
12 32
12 32
12 32
12 32
12 32
12 32
12 32
12 32
12 32
12 32
12 32
12 32
12 32
12 32
12 32
12 32
12 32
12 32
14 35
14 35
14 35
14 35
14 35
14 35
14 35
14 35
14 35
14 35
14 35
14 35
14 35
14 35
14 35
14 35
14 35
14 35
14 35
14 35
14 35
14 35
14 35
14 35
14 35
14 35
14 35
14 35
14 35
14 35
14 35
14 35
14 35
14 35
14 35
14 35
14 35
14 35
14 35
14 35
14 35
14 35
14 35
14 35
14 35
14 35
14 35
21 36
21 36
21 36
21 36
21 36
21 36
21 36
21 36
21 36
21 36
21 36
21 36
21 36
21 36
21 36
21 36
21 36
21 36
21 36
21 36
21 36
21 36
21 36
21 39
21 39
21 39
21 39
21 39
21 39
21 39
21 39
21 39
21 39
21 39
21 39
21 39
21 39
21 39
21 39
21 39
21 39
21 39
21 39
21 39
21 39
21 39
21 39
21 39
21 39
21 39
21 39
21 39
21 39
21 39
21 39
21 39
21 39
21 39
21 39
21 39
21 39
21 39
21 39
21 39
21 39
21 39
21 39
21 39
21 39
21 39
21 39
27 39
27 39
27 39
27 39
27 39
27 39
27 39
27 39
27 39
27 39
27 39
27 39
27 39
27 39
27 39
27 39
27 39
27 39
27 39
27 39
27 39
27 39
27 39
27 39
27 39
27 39
27 39
27 39
27 39
27 39
27 39
27 39
27 39
27 39
27 39
27 39
27 39
27 39
27 39
27 39
27 39
27 39
27 39
27 39
27 39
27 39
27 39
27 39
37 41
37 41
37 41
37 41
37 41
37 41
37 41
37 41
37 41
37 41
37 41
37 41
37 41
37 41
37 41
37 41
37 41
37 41
37 41
37 41
37 41
37 41
37 41
37 41
38 37
38 37
38 37
38 37
38 37
38 37
38 37
38 37
38 37
38 37
38 37
38 37
38 37
38 37
38 37
38 37
38 37
38 37
38 37
38 37
38 37
38 37
38 37
38 37
38 37
38 37
38 37
38 37
38 37
38 37
38 37
38 37
38 37
38 37
38 37
38 37
38 37
38 37
38 37
38 37
38 37
38 37
38 37
38 37
38 37
38 37
38 37
38 37
38 37
42 35
42 35
42 35
42 35
42 35
42 35
42 35
42 35
42 35
42 35
42 35
42 35
42 35
42 35
42 35
42 35
42 35
42 35
42 35
42 35
42 35
42 35
38 26
38 26
38 26
38 26
38 26
38 26
38 26
38 26
38 26
38 26
38 26
38 26
38 26
38 26
38 26
38 26
38 26
38 26
38 26
38 26
38 26
45 30
45 30
45 30
45 30
45 30
45 30
45 30
45 30
45 30
45 30
45 30
45 30
45 30
45 30
45 30
45 30
45 30
45 30
45 30
45 30
45 30
48 33
48 33
48 33
48 33
48 33
48 33
48 33
48 33
48 33
48 33
48 33
48 33
48 33
48 33
48 33
48 33
48 33
48 33
48 33
48 33
48 33
48 33
48 33
48 33
48 33
48 33
48 33
48 33
48 33
48 33
48 33
48 33
48 33
48 33
48 33
48 33
48 33
48 33
48 33
48 33
48 33
48 33
48 33
48 33
48 33
48 33
44 17
44 17
44 17
44 17
44 17
44 17
44 17
44 17
44 17
44 17
44 17
44 17
44 17
44 17
44 17
44 17
44 17
44 17
44 17
44 17
44 17
44 17
44 17
44 17
44 17
44 17
44 17
44 17
44 17
44 17
44 17
44 17
44 17
44 17
44 17
44 17
44 17
44 17
44 17
44 17
44 17
44 17
44 17
44 17
44 17
44 17
44 17
44 17
44 17
44 17
55 23
57 23
57 23
57 23
57 23
57 23
57 23
57 23
57 23
57 23
57 23
57 23
57 23
57 23
57 23
57 23
57 23
57 23
57 23
57 23
57 23
57 23
57 23
57 23
57 23
57 23
57 23
57 23
57 23
57 23
57 23
57 23
57 23
57 23
57 23
57 23
57 23
57 23
57 23
57 23
62 18
62 18
62 18
62 18
62 18
62 18
62 18
62 18
62 18
62 18
62 18
62 18
62 18
62 18
62 18
62 18
62 18
62 18
62 18
62 18
62 18
62 18
62 18
62 18
62 18
62 18
62 18
62 18
62 18
62 18
62 18
62 18
62 18
62 18
62 18
62 18
62 18
62 18
62 18
62 18
62 18
62 18
62 18
62 18
62 18
62 18
62 18
62 18
62 18
62 18
62 18
62 18
62 18
62 18
62 18
62 18
62 18
62 18
62 18
62 18
62 18
62 18
61 18
66 19
66 19
66 19
66 19
66 19
66 19
66 19
66 19
66 19
66 19
66 19
66 19
66 19
66 19
66 19
66 19
66 19
66 19
66 19
68 19
68 19
68 19
68 19
68 19
68 19
68 19
68 19
68 19
68 19
68 19
68 19
68 19
68 19
68 19
68 19
68 19
68 19
68 19
68 19
68 19
68 19
68 19
68 19
68 19
68 19
68 19
68 19
68 19
68 19
68 19
68 19
68 19
68 19
68 19
68 19
68 19
68 19
68 19
68 19
68 19
68 19
68 19
68 19
68 19
68 19
68 19
68 19
68 19
63 10
63 10
63 10
63 10
63 10
63 10
63 10
63 10
63 10
63 10
63 10
63 10
63 10
63 10
63 10
63 10
63 10
63 10
63 10
63 10
63 10
63 10
63 10
63 10
63 10
63 10
63 10
63 10
63 10
63 10
63 10
63 10
63 10
63 10
63 10
63 10
63 10
63 10
63 10
63 10
63 10
63 10
63 10
63 10
66 15
66 15
66 15
66 15
66 15
66 15
66 15
66 15
66 15
66 15
66 15
66 15
66 15
66 15
66 15
66 15
66 15
66 15
66 15
66 15
66 15
66 15
66 15
60 14
60 14
60 14
60 14
60 14
60 14
60 14
60 14
60 14
60 14
60 14
60 14
60 14
60 14
60 14
60 14
60 14
60 14
60 14
60 14
60 14
60 14
60 14
60 14
60 14
60 14
60 14
60 14
60 14
60 14
60 14
60 14
60 14
60 14
60 14
60 14
60 14
60 14
60 14
60 14
60 14
60 14
60 14
60 14
54 19
54 19
54 19
54 19
54 19
54 19
54 19
54 19
54 19
54 19
54 19
54 19
54 19
54 19
54 19
54 19
54 19
54 19
54 19
54 19
54 19
54 19
54 19
54 19
54 19
54 19
54 19
54 19
54 19
54 19
54 19
54 19
54 19
54 19
54 19
54 19
54 19
54 19
54 19
54 19
54 19
54 19
54 19
54 19
54 19
54 19
54 19
54 19
54 19
54 19
54 19
54 19
54 19
54 19
54 19
54 19
54 19
54 19
54 19
54 19
54 19
54 19
54 19
54 19
54 19
54 19
54 19
54 19
54 19
54 19
54 19
54 19
54 19
54 19
54 19
54 19
54 19
54 19
54 19
54 19
54 19
54 19
54 19
54 19
54 19
54 19
54 13
54 13
54 13
54 13
54 13
54 13
54 13
54 13
54 13
54 13
54 13
54 13
54 13
54 13
54 13
54 13
54 13
54 13
54 13
54 13
54 13
54 13
54 8
54 8
54 8
54 8
54 8
54 8
54 8
54 8
54 8
54 8
54 8
54 8
54 8
54 8
54 8
54 8
54 8
54 8
54 8
54 8
54 8
54 8
54 8
54 8
54 8
54 8
54 8
54 8
54 8
54 8
54 8
54 8
54 8
54 8
54 8
54 8
54 8
54 8
54 8
54 8
54 8
54 8
53 6
53 6
53 6
53 6
53 6
53 6
53 6
53 6
53 6
53 6
53 6
53 6
53 6
53 6
53 6
53 6
53 6
53 6
53 6
53 6
53 6
53 6
53 6
53 6
53 6
53 6
53 6
53 6
53 6
53 6
53 6
53 6
53 6
53 6
53 6
53 6
53 6
53 6
53 6
53 6
53 6
53 6
53 6
53 6
53 6
53 6
53 6
53 6
53 6
53 6
53 6
53 6
53 6
53 6
53 6
53 6
53 6
53 6
53 6
53 6
53 6
53 6
53 6
53 6
53 6
53 6
53 6
53 6
53 6
59 5
59 5
59 5
59 5
59 5
59 5
59 5
59 5
59 5
59 5
59 5
59 5
59 5
59 5
59 5
59 5
59 5
59 5
59 5
59 5
59 5
59 5
59 5
59 5
59 5
59 5
59 5
59 5
59 5
59 5
59 5
59 5
59 5
59 5
59 5
59 5
59 5
59 5
59 5
59 5
59 5
59 5
59 5
59 5
61 2
61 2
61 2
61 2
61 2
61 2
61 2
61 2
61 2
61 2
61 2
61 2
61 2
61 2
61 2
61 2
61 2
61 2
61 2
61 2
61 2
61 2
61 2
61 2
61 2
61 2
61 2
61 2
61 2
61 2
61 2
61 2
61 2
61 2
61 2
61 2
61 2
61 2
61 2
61 2
61 2
61 2
61 2
61 2
61 2
61 2
55 3
55 3
55 3
55 3
55 3
55 3
55 3
55 3
55 3
55 3
55 3
55 3
55 3
55 3
55 3
55 3
55 3
55 3
55 3
55 3
55 3
55 3
55 3
55 3
55 3
62 0
62 0
62 0
62 0
62 0
62 0
62 0
62 0
62 0
62 0
62 0
62 0
62 0
62 0
62 0
62 0
62 0
62 0
62 0
62 0
62 0
62 0
62 0
62 0
62 0
62 0
62 0
62 0
62 0
62 0
62 0
62 0
62 0
62 0
62 0
62 0
62 0
62 0
62 0
62 0
62 0
62 0
62 0
62 0
62 0
62 0
62 0
62 0
62 0
62 0
62 0
62 0
66 3
66 3
66 3
66 3
66 3
66 3
66 3
66 3
66 3
66 3
66 3
66 3
66 3
66 3
66 3
66 3
66 3
66 3
66 3
66 3
66 3
66 3
66 3
66 3
66 3
66 3
66 3
66 3
66 3
66 3
66 3
66 3
66 3
66 3
66 3
66 3
66 3
66 3
66 3
66 3
66 3
66 3
66 3
66 3
66 3
66 3
66 3
66 3
66 3
66 3
66 3
66 3
70 3
76 -7
76 -7
76 -7
76 -7
76 -7
76 -7
76 -7
76 -7
76 -7
76 -7
76 -7
76 -7
76 -7
76 -7
76 -7
76 -7
76 -7
76 -7
76 -7
76 -7
76 -7
76 -7
76 -7
76 -7
76 -7
76 -7
76 -7
76 -7
76 -7
76 -7
76 -7
76 -7
76 -7
76 -7
76 -7
76 -7
76 -7
76 -7
76 -7
76 -7
76 -7
76 -7
76 -7
76 -7
76 -7
76 -7
76 -7
76 -7
76 -7
76 -7
76 -7
76 -7
80 -4
80 -4
80 -4
80 -4
80 -4
80 -4
80 -4
80 -4
80 -4
80 -4
80 -4
80 -4
80 -4
80 -4
80 -4
80 -4
80 -4
80 -4
80 -4
80 -4
80 -4
80 -4
80 -4
80 -4
80 -4
80 -4
81 -9
81 -9
81 -9
81 -9
81 -9
81 -9
81 -9
81 -9
81 -9
81 -9
81 -9
81 -9
81 -9
81 -9
81 -9
81 -9
81 -9
81 -9
81 -9
81 -9
81 -9
81 -9
81 -9
81 -9
81 -9
79 -5
79 -5
79 -5
79 -5
79 -5
79 -5
79 -5
79 -5
79 -5
79 -5
79 -5
79 -5
79 -5
79 -5
79 -5
79 -5
79 -5
79 -5
79 -5
79 -5
79 -5
79 -5
79 -5
79 -5
79 -5
79 -5
79 -5
79 -5
79 -5
79 -5
79 -5
79 -5
79 -5
79 -5
79 -5
79 -5
79 -5
79 -5
79 -5
79 -5
79 -5
79 -5
79 -5
74 -6
74 -6
74 -6
74 -6
74 -6
74 -6
74 -6
74 -6
74 -6
74 -6
74 -6
74 -6
74 -6
74 -6
74 -6
74 -6
74 -6
74 -6
74 -6
74 -6
74 -6
74 -6
74 -6
74 -6
74 -6
74 -6
74 -6
74 -6
74 -6
74 -6
74 -6
74 -6
74 -6
74 -6
74 -6
74 -6
74 -6
74 -6
74 -6
74 -6
74 -6
74 -6
74 -6
74 -6
74 -6
74 -6
69 -9
69 -9
69 -9
69 -9
69 -9
69 -9
69 -9
69 -9
69 -9
69 -9
69 -9
69 -9
69 -9
69 -9
69 -9
69 -9
69 -9
69 -9
69 -9
69 -9
69 -9
69 -9
69 -9
69 -9
69 -9
69 -9
71 -13
71 -13
71 -13
71 -13
71 -13
71 -13
71 -13
71 -13
71 -13
71 -13
71 -13
71 -13
71 -13
71 -13
71 -13
71 -13
71 -13
71 -13
71 -13
71 -13
71 -13
71 -13
66 -7
66 -7
66 -7
66 -7
66 -7
66 -7
66 -7
66 -7
66 -7
66 -7
66 -7
66 -7
66 -7
66 -7
66 -7
66 -7
66 -7
66 -7
66 -7
66 -7
66 -7
66 -7
64 -7
64 -7
64 -7
64 -7
64 -7
64 -7
64 -7
64 -7
64 -7
64 -7
64 -7
64 -7
64 -7
64 -7
64 -7
64 -7
64 -7
64 -7
64 -7
64 -7
64 -7
64 -7
64 -7
64 -7
64 -7
64 -7
64 -7
64 -7
64 -7
64 -7
64 -7
64 -7
64 -7
64 -7
64 -7
64 -7
64 -7
64 -7
64 -7
64 -7
64 -7
64 -7
64 -7
58 -3
58 -3
58 -3
58 -3
58 -3
58 -3
58 -3
58 -3
58 -3
58 -3
58 -3
58 -3
58 -3
58 -3
58 -3
58 -3
58 -3
58 -3
58 -3
58 -3
58 -3
58 -3
58 -3
58 -3
58 -3
58 -3
58 -3
58 -3
58 -3
58 -3
58 -3
58 -3
58 -3
58 -3
58 -3
58 -3
58 -3
58 -3
58 -3
58 -3
58 -3
58 -3
58 -3
58 -3
58 -12
60 -20
60 -20
60 -20
60 -20
60 -20
60 -20
60 -20
60 -20
60 -20
60 -20
60 -20
60 -20
60 -20
60 -20
60 -20
60 -20
60 -20
60 -20
60 -20
60 -20
60 -20
60 -20
60 -20
60 -20
60 -20
60 -20
60 -20
60 -20
60 -20
60 -20
60 -20
60 -20
60 -20
60 -20
60 -20
60 -20
60 -20
60 -20
60 -20
60 -20
60 -20
60 -20
60 -20
60 -20
65 -25
65 -25
65 -25
65 -25
65 -25
65 -25
65 -25
65 -25
65 -25
65 -25
65 -25
65 -25
65 -25
65 -25
65 -25
65 -25
65 -25
65 -25
65 -25
65 -25
65 -25
65 -25
65 -25
64 -22
64 -22
64 -22
64 -22
64 -22
64 -22
64 -22
64 -22
64 -22
64 -22
64 -22
64 -22
64 -22
64 -22
64 -22
64 -22
64 -22
64 -22
64 -22
64 -22
64 -22
64 -22
64 -22
64 -22
64 -22
64 -22
64 -22
64 -22
64 -22
64 -22
64 -22
64 -22
64 -22
64 -22
64 -22
64 -22
64 -22
64 -22
64 -22
64 -22
64 -22
62 -24
62 -24
62 -24
62 -24
62 -24
62 -24
62 -24
62 -24
62 -24
62 -24
62 -24
62 -24
62 -24
62 -24
62 -24
62 -24
62 -24
62 -24
62 -24
62 -24
62 -24
62 -24
62 -24
62 -24
68 -24
68 -24
68 -24
68 -24
68 -24
68 -24
68 -24
68 -24
68 -24
68 -24
68 -24
68 -24
68 -24
68 -24
68 -24
68 -24
68 -24
68 -24
68 -24
68 -24
68 -24
68 -24
68 -24
68 -24
68 -24
68 -24
68 -24
68 -24
68 -24
68 -24
68 -24
68 -24
68 -24
68 -24
68 -24
68 -24
68 -24
68 -24
68 -24
68 -24
68 -24
68 -24
68 -24
68 -24
63 -32
63 -32
63 -32
63 -32
63 -32
63 -32
63 -32
63 -32
63 -32
63 -32
63 -32
63 -32
63 -32
63 -32
63 -32
63 -32
63 -32
63 -32
63 -32
63 -32
63 -32
65 -37
65 -37
65 -37
65 -37
65 -37
65 -37
65 -37
65 -37
65 -37
65 -37
65 -37
65 -37
65 -37
65 -37
65 -37
65 -37
65 -37
65 -37
65 -37
65 -37
65 -37
65 -37
60 -33
60 -33
60 -33
60 -33
60 -33
60 -33
60 -33
60 -33
60 -33
60 -33
60 -33
60 -33
60 -33
60 -33
60 -33
60 -33
60 -33
60 -33
60 -33
60 -33
60 -33
60 -33
60 -33
60 -33
60 -33
60 -33
60 -33
60 -33
60 -33
60 -33
60 -33
60 -33
60 -33
60 -33
60 -33
60 -33
60 -33
60 -33
60 -33
60 -33
60 -33
60 -33
60 -33
60 -33
60 -33
60 -33
60 -33
60 -33
60 -33
60 -33
60 -33
60 -33
60 -33
60 -33
60 -33
60 -33
60 -33
60 -33
60 -33
60 -33
60 -33
60 -33
60 -33
60 -33
60 -33
60 -33
60 -33
60 -33
60 -33
60 -33
60 -33
53 -35
53 -35
53 -35
53 -35
53 -35
53 -35
53 -35
53 -35
53 -35
53 -35
53 -35
53 -35
53 -35
53 -35
53 -35
53 -35
53 -35
53 -35
53 -35
53 -35
53 -35
53 -35
53 -35
53 -35
53 -35
53 -35
53 -35
53 -35
53 -35
53 -35
49 -33
49 -33
49 -33
49 -33
49 -33
49 -33
49 -33
49 -33
49 -33
49 -33
49 -33
49 -33
49 -33
49 -33
45 -39
45 -39
45 -39
45 -39
45 -39
45 -39
45 -39
45 -39
45 -39
45 -39
45 -39
45 -39
45 -39
45 -39
45 -39
45 -39
44 -36
44 -36
44 -36
44 -36
44 -36
44 -36
44 -36
44 -36
44 -36
44 -36
44 -36
44 -36
44 -36
44 -36
44 -36
44 -36
44 -36
42 -44
42 -44
42 -44
42 -44
42 -44
42 -44
42 -44
42 -44
42 -44
42 -44
42 -44
42 -44
42 -44
42 -44
42 -44
42 -44
42 -44
42 -44
42 -44
42 -44
42 -44
42 -44
42 -44
42 -44
42 -44
42 -44
42 -44
42 -44
42 -44
42 -44
42 -44
35 -44
35 -44
35 -44
35 -44
35 -44
35 -44
35 -44
35 -44
35 -44
35 -44
35 -44
35 -44
35 -44
35 -44
26 -42
26 -42
26 -42
26 -42
26 -42
26 -42
26 -42
26 -42
26 -42
26 -42
26 -42
26 -42
26 -42
26 -42
26 -42
26 -42
26 -42
26 -42
26 -42
26 -42
26 -42
26 -42
26 -42
26 -42
26 -42
26 -42
26 -42
26 -42
26 -42
26 -42
26 -42
26 -42
26 -42
26 -42
26 -42
26 -42
26 -42
26 -42
30 -40
30 -40
30 -40
30 -40
30 -40
30 -40
30 -40
30 -40
30 -40
30 -40
30 -40
30 -40
30 -40
30 -40
30 -40
30 -40
30 -40
30 -40
30 -40
30 -40
30 -40
30 -40
30 -40
30 -40
30 -40
30 -40
30 -40
30 -40
30 -40
30 -40
30 -40
30 -40
30 -40
30 -40
30 -40
19 -41
19 -41
19 -41
19 -41
19 -41
19 -41
19 -41
19 -41
19 -41
19 -41
19 -41
19 -41
19 -41
19 -41
19 -41
19 -41
19 -41
13 -46
13 -46
13 -46
13 -46
13 -46
13 -46
13 -46
13 -46
13 -46
13 -46
13 -46
13 -46
13 -46
13 -46
13 -46
21 -46
21 -46
21 -46
21 -46
21 -46
21 -46
21 -46
21 -46
21 -46
21 -46
21 -46
21 -46
21 -46
21 -46
21 -46
21 -46
21 -46
21 -46
21 -46
24 -52
24 -52
24 -52
24 -52
24 -52
24 -52
24 -52
24 -52
24 -52
24 -52
24 -52
24 -52
24 -52
24 -52
24 -52
24 -52
24 -52
24 -52
24 -52
24 -52
24 -52
24 -52
24 -52
24 -52
24 -52
24 -52
24 -52
24 -52
24 -52
24 -52
24 -52
24 -52
24 -52
24 -52
24 -52
24 -52
24 -52
24 -52
24 -52
24 -52
24 -52
24 -52
24 -52
24 -52
24 -52
24 -52
24 -52
24 -52
24 -52
24 -52
24 -52
24 -52
24 -52
24 -52
24 -52
24 -52
24 -52
24 -52
24 -52
24 -52
24 -45
23 -47
23 -47
23 -47
23 -47
23 -47
23 -47
23 -47
23 -47
23 -47
23 -47
23 -47
23 -47
23 -47
23 -47
23 -47
23 -47
23 -47
23 -47
23 -47
23 -47
23 -47
23 -47
23 -47
23 -47
23 -47
23 -47
23 -47
23 -47
23 -47
23 -47
23 -47
23 -47
23 -47
23 -47
23 -47
23 -47
23 -47
23 -47
23 -47
23 -47
23 -47
23 -47
17 -49
17 -49
17 -49
17 -49
17 -49
17 -49
17 -49
17 -49
17 -49
17 -49
17 -49
17 -49
17 -49
17 -49
17 -49
17 -49
17 -49
17 -49
17 -49
17 -49
17 -49
17 -49
17 -49
17 -49
17 -49
17 -49
17 -49
17 -49
17 -49
17 -49
17 -49
17 -49
17 -49
17 -49
17 -49
17 -49
17 -49
17 -49
17 -49
17 -49
17 -49
17 -49
10 -42
12 -42
12 -42
12 -42
12 -42
12 -42
12 -42
12 -42
12 -42
12 -42
12 -42
12 -42
12 -42
12 -42
12 -42
12 -42
12 -42
12 -42
12 -42
12 -42
12 -42
12 -42
12 -42
12 -42
12 -42
12 -42
12 -42
12 -42
12 -42
12 -42
12 -42
12 -42
11 -51
11 -51
11 -51
11 -51
11 -51
11 -51
11 -51
11 -51
11 -51
11 -51
11 -51
11 -51
11 -51
11 -51
11 -51
11 -51
7 -45
7 -45
7 -45
7 -45
7 -45
7 -45
7 -45
7 -45
7 -45
7 -45
7 -45
7 -45
7 -45
7 -45
7 -45
7 -45
7 -45
7 -45
7 -45
7 -45
7 -45
7 -45
7 -45
7 -45
7 -45
7 -45
7 -45
7 -45
7 -45
7 -45
7 -45
7 -45
7 -45
9 -45
9 -45
9 -45
9 -45
9 -45
9 -45
9 -45
9 -45
9 -45
9 -45
9 -45
9 -45
9 -45
9 -45
9 -45
9 -45
9 -45
9 -45
9 -45
9 -45
9 -45
9 -45
9 -45
9 -45
9 -45
9 -45
9 -45
9 -45
9 -45
9 -45
9 -45
9 -45
5 -41
5 -41
9 -45
9 -45
9 -45
9 -45
9 -45
9 -45
9 -45
9 -45
9 -45
9 -45
9 -45
9 -45
9 -45
9 -45
9 -45
9 -45
9 -45
9 -45
9 -45
9 -45
9 -45
9 -45
9 -45
9 -45
9 -45
9 -45
9 -45
9 -45
9 -45
9 -45
9 -45
5 -40
5 -40
5 -40
5 -40
5 -40
5 -40
5 -40
5 -40
5 -40
5 -40
5 -40
5 -40
5 -40
5 -40
5 -40
-1 -42
-1 -42
-1 -42
-1 -42
-1 -42
-1 -42
-1 -42
-1 -42
-1 -42
-1 -42
-1 -42
-1 -42
-1 -42
-1 -42
-1 -42
-1 -42
-1 -42
-1 -40
-1 -40
-1 -40
-1 -40
-1 -40
-1 -40
-1 -40
-1 -40
-1 -40
-1 -40
-1 -40
-1 -40
-1 -40
-1 -40
-1 -40
-1 -40
-1 -40
-1 -40
-1 -40
-1 -40
-1 -40
-1 -40
-1 -40
-1 -40
-1 -40
-1 -40
-1 -40
-1 -40
-1 -40
-1 -40
-1 -40
-1 -40
-1 -40
-1 -40
-1 -40
-1 -40
-2 -36
-2 -36
-2 -36
-2 -36
-2 -36
-2 -36
-2 -36
-2 -36
-2 -36
-2 -36
-2 -36
-2 -36
-2 -36
-2 -36
-2 -36
-2 -36
-2 -36
-2 -36
-2 -36
-2 -36
-2 -36
-2 -36
-2 -36
-2 -36
-2 -36
-2 -36
-2 -36
-2 -36
-2 -36
-2 -36
-2 -36
-2 -36
-2 -36
-1 -36
0 -35
0 -35
0 -35
0 -35
0 -35
0 -35
0 -35
0 -35
0 -35
0 -35
0 -35
0 -35
0 -35
0 -35
0 -35
0 -35
0 -35
0 -35
0 -35
0 -35
0 -35
0 -35
0 -35
0 -35
0 -35
0 -35
0 -35
0 -35
0 -35
0 -35
0 -35
0 -35
0 -35
-1 -36
-1 -36
-1 -36
-1 -36
-1 -36
-1 -36
-1 -36
-1 -36
-1 -36
-1 -36
-1 -36
-1 -36
-1 -36
-1 -36
-1 -36
-1 -36
-1 -36
-1 -36
-3 -37
-3 -37
-3 -37
-3 -37
-3 -37
-3 -37
-3 -37
-3 -37
-3 -37
-3 -37
-3 -37
-3 -37
-3 -37
-3 -37
-3 -37
-3 -37
-3 -37
-3 -37
-3 -37
-3 -37
-3 -37
-3 -37
-3 -37
-3 -37
-3 -37
-3 -37
-3 -37
-3 -37
-3 -37
-3 -37
-3 -37
-3 -37
-3 -37
-3 -37
-3 -37
-3 -37
-3 -37
-3 -37
-3 -37
-2 -40
-2 -40
-2 -40
-2 -40
-2 -40
-2 -40
-2 -40
-2 -40
-2 -40
-2 -40
-2 -40
-2 -40
-2 -40
-2 -40
-2 -40
-2 -40
-2 -40
-2 -40
-2 -40
-2 -40
-2 -40
-2 -40
-2 -40
-2 -40
-2 -40
-2 -40
-2 -40
-2 -40
-2 -40
-2 -40
-2 -40
-2 -40
-2 -40
-2 -40
-2 -40
-2 -40
-2 -40
-2 -40
-2 -40
-2 -40
-1 -38
-2 -40
-2 -40
-2 -40
-2 -40
-2 -40
-2 -40
-2 -40
-2 -40
-2 -40
-2 -40
-2 -40
-2 -40
-2 -40
-2 -40
-2 -40
-2 -40
-2 -40
-2 -40
-2 -40
-2 -40
-2 -40
-2 -40
-2 -40
-2 -40
-2 -40
-2 -40
-2 -40
-2 -40
-2 -40
-2 -40
-2 -40
-2 -40
-2 -40
-2 -40
-2 -40
-2 -40
-3 -43
-3 -43
-3 -43
-3 -43
-3 -43
-3 -43
-3 -43
-3 -43
-3 -43
-3 -43
-3 -43
-3 -43
-3 -43
-3 -43
-3 -43
-2 -41
-2 -41
-2 -41
-2 -41
-2 -41
-2 -41
-2 -41
-2 -41
-2 -41
-2 -41
-2 -41
-2 -41
-2 -41
-2 -41
-2 -41
-2 -41
-2 -41
-2 -41
-2 -41
-2 -41
-2 -41
-2 -41
-2 -41
-2 -41
-2 -41
-2 -41
-2 -41
-2 -41
-2 -41
-2 -41
-2 -41
-2 -41
-2 -41
-2 -41
-2 -41
-2 -41
-2 -41
-2 -41
-2 -41
-2 -41
-2 -41
-2 -41
-2 -41
-2 -41
-2 -41
-2 -41
-2 -41
-2 -43
-2 -43
-2 -43
-2 -43
-2 -43
-2 -43
-2 -43
-2 -43
-2 -43
-2 -43
-2 -43
-2 -43
-2 -43
-2 -43
-2 -43
-2 -43
-2 -43
-2 -43
-2 -43
-2 -43
-2 -43
-2 -43
-2 -43
-2 -43
-2 -43
-2 -43
-2 -43
-2 -43
-2 -43
-2 -43
-2 -43
-6 -43
-6 -43
-6 -43
-6 -43
-6 -43
-6 -43
-6 -43
-6 -43
-6 -43
-6 -43
-6 -43
-6 -43
-6 -43
-6 -43
-6 -43
-6 -43
-5 -41
-5 -41
-5 -41
-5 -41
-5 -41
-5 -41
-5 -41
-5 -41
-5 -41
-5 -41
-5 -41
-5 -41
-5 -41
-5 -41
-5 -41
-5 -41
-5 -41
-6 -41
-6 -41
-6 -41
-6 -41
-6 -41
-6 -41
-6 -41
-6 -41
-6 -41
-6 -41
-6 -41
-6 -41
-6 -41
-6 -41
-6 -41
-6 -41
-9 -40
-9 -40
-9 -40
-9 -40
-9 -40
-9 -40
-9 -40
-9 -40
-9 -40
-9 -40
-9 -40
-9 -40
-9 -40
-9 -40
-9 -40
-9 -40
-9 -40
-9 -40
-9 -40
-9 -40
-9 -40
-9 -40
-9 -40
-9 -40
-9 -40
-9 -40
-9 -40
-9 -40
-9 -40
-9 -40
-9 -40
-9 -40
-9 -40
-9 -40
-9 -40
-9 -40
-10 -40
-10 -40
-10 -40
-10 -40
-10 -40
-10 -40
-10 -40
-10 -40
-10 -40
-10 -40
-10 -40
-10 -40
-10 -40
-10 -40
-10 -40
-10 -40
-10 -40
-10 -40
-10 -40
-10 -40
-10 -40
-10 -40
-10 -40
-10 -40
-9 -43
-9 -43
-9 -43
-9 -43
-9 -43
-9 -43
-9 -43
-9 -43
-9 -43
-9 -43
-9 -43
-9 -43
-9 -43
-9 -43
-9 -43
-9 -43
-9 -43
-9 -43
-8 -39
-8 -39
-8 -39
-8 -39
-8 -39
-8 -39
-8 -39
-8 -39
-8 -39
-8 -39
-8 -39
-8 -39
-8 -39
-8 -39
-8 -39
-13 -43
-13 -43
-13 -43
-13 -43
-13 -43
-13 -43
-13 -43
-13 -43
-13 -43
-13 -43
-13 -43
-13 -43
-13 -43
-13 -43
-13 -43
-13 -43
-13 -43
-13 -43
-13 -43
-13 -43
-13 -43
-13 -43
-13 -43
-13 -43
-13 -43
-13 -43
-13 -43
-13 -43
-13 -43
-13 -43
-13 -43
-13 -43
-13 -43
-13 -43
-13 -43
-13 -39
-13 -39
-13 -39
-13 -39
-13 -39
-13 -39
-13 -39
-13 -39
-13 -39
-13 -39
-13 -39
-13 -39
-13 -39
-13 -39
-13 -39
-13 -39
-13 -39
-14 -39
-14 -39
-14 -39
-14 -39
-14 -39
-14 -39
-14 -39
-14 -39
-14 -39
-14 -39
-14 -39
-14 -39
-14 -39
-14 -39
-14 -39
-14 -39
-17 -33
-17 -33
-17 -33
-17 -33
-17 -33
-17 -33
-17 -33
-17 -33
-17 -33
-17 -33
-17 -33
-17 -33
-17 -33
-17 -33
-17 -33
-17 -33
-17 -33
-17 -33
-17 -33
-17 -33
-17 -33
-17 -33
-17 -33
-17 -33
-17 -33
-17 -33
-17 -33
-17 -33
-17 -33
-17 -33
-17 -33
-17 -33
-17 -33
-17 -33
-17 -33
-19 -31
-19 -31
-19 -31
-19 -31
-19 -31
-19 -31
-19 -31
-19 -31
-19 -31
-19 -31
-19 -31
-19 -31
-19 -31
-19 -31
-19 -31
-19 -31
-19 -31
-19 -31
-19 -31
-19 -31
-19 -31
-19 -31
-19 -31
-19 -31
-19 -31
-19 -31
-19 -31
-19 -31
-19 -31
-19 -31
-19 -31
-26 -32
-26 -32
-26 -32
-26 -32
-26 -32
-26 -32
-26 -32
-26 -32
-26 -32
-26 -32
-26 -32
-26 -32
-26 -32
-26 -32
-26 -32
-26 -32
-26 -32
-26 -32
-26 -32
-26 -32
-26 -32
-26 -32
-26 -32
-26 -32
-26 -32
-26 -32
-26 -32
-26 -32
-26 -32
-26 -32
-26 -32
-26 -32
-26 -32
-24 -22
-24 -22
-24 -22
-24 -22
-24 -22
-24 -22
-24 -22
-24 -22
-24 -22
-24 -22
-24 -22
-24 -22
-24 -22
-24 -22
-24 -22
-24 -22
-28 -27
-28 -27
-28 -27
-28 -27
-28 -27
-28 -27
-28 -27
-28 -27
-28 -27
-28 -27
-28 -27
-28 -27
-28 -27
-28 -27
-28 -27
-28 -27
-28 -27
-28 -27
-28 -27
-28 -27
-28 -27
-28 -27
-28 -27
-28 -27
-28 -27
-28 -27
-28 -27
-28 -27
-28 -27
-28 -27
-28 -27
-28 -27
-28 -27
-28 -27
-28 -27
-28 -27
-28 -27
-28 -27
-28 -27
-28 -27
-28 -27
-28 -27
-28 -27
-28 -27
-28 -27
-28 -27
-28 -27
-28 -27
-28 -27
-28 -27
-28 -27
-28 -28
-31 -21
-31 -21
-31 -21
-31 -21
-31 -21
-31 -21
-31 -21
-31 -21
-31 -21
-31 -21
-31 -21
-31 -21
-31 -21
-31 -21
-31 -21
-31 -21
-31 -21
-31 -21
-31 -21
-31 -21
-31 -21
-31 -21
-31 -21
-31 -21
-31 -21
-31 -21
-31 -21
-31 -21
-31 -21
-31 -21
-31 -21
-31 -21
-31 -21
-35 -11
-35 -11
-35 -11
-35 -11
-35 -11
-35 -11
-35 -11
-35 -11
-35 -11
-35 -11
-35 -11
-35 -11
-35 -11
-35 -11
-35 -11
-35 -11
-35 -11
-35 -11
-35 -11
-35 -11
-35 -11
-35 -11
-35 -11
-35 -11
-35 -11
-35 -11
-35 -11
-35 -11
-35 -11
-35 -11
-35 -11
-35 -11
-35 -11
-35 -11
-35 -11
-35 -11
-35 -11
-35 -11
-35 -11
-35 -11
-35 -11
-35 -11
-35 -11
-35 -11
-35 -11
-35 -11
-35 -11
-35 -11
-35 -11
-43 -14
-43 -14
-43 -14
-43 -14
-43 -14
-43 -14
-43 -14
-43 -14
-43 -14
-43 -14
-43 -14
-43 -14
-43 -14
-43 -14
-43 -14
-43 -14
-43 -14
-43 -14
-43 -14
-43 -14
-43 -14
-43 -14
-43 -14
-43 -14
-43 -14
-43 -14
-43 -14
-43 -14
-43 -14
-43 -14
-43 -14
-43 -14
-42 -9
-42 -9
-42 -9
-42 -9
-42 -9
-42 -9
-42 -9
-42 -9
-42 -9
-42 -9
-42 -9
-42 -9
-42 -9
-42 -9
-42 -9
-42 -9
-42 -9
-42 -9
-42 -9
-42 -9
-42 -9
-42 -9
-42 -9
-42 -9
-42 -9
-42 -9
-42 -9
-42 -9
-42 -9
-42 -9
-42 -9
-42 -9
-42 -9
-42 -9
-42 -9
-42 -9
-42 -9
-42 -11
-42 -11
-42 -11
-42 -11
-42 -11
-42 -11
-42 -11
-42 -11
-42 -11
-42 -11
-42 -11
-42 -11
-42 -11
-42 -11
-42 -11
-42 -11
-42 -11
-42 -11
-42 -11
-42 -11
-42 -11
-42 -11
-42 -11
-42 -11
-42 -11
-42 -11
-42 -11
-42 -11
-42 -11
-42 -11
-42 -11
-42 -11
-42 -11
-40 -3
-40 -3
-40 -3
-40 -3
-40 -3
-40 -3
-40 -3
-40 -3
-40 -3
-40 -3
-40 -3
-40 -3
-40 -3
-40 -3
-40 -3
-40 -3
-40 -3
-40 -3
-40 -3
-40 -3
-40 -3
-40 -3
-40 -3
-40 -3
-40 -3
-40 -3
-40 -3
-40 -3
-40 -3
-40 -3
-40 -3
-45 -7
-45 -7
-45 -7
-45 -7
-45 -7
-45 -7
-45 -7
-45 -7
-45 -7
-45 -7
-45 -7
-45 -7
-45 -7
-45 -7
-45 -7
-45 -7
-45 -7
-45 -7
-45 -7
-45 -7
-45 -7
-45 -7
-45 -7
-45 -7
-45 -7
-45 -7
-45 -7
-45 -7
-45 -7
-45 -7
-45 -7
-44 -5
-44 -5
-40 -7
-40 -7
-40 -7
-40 -7
-40 -7
-40 -7
-40 -7
-40 -7
-40 -7
-40 -7
-40 -7
-40 -7
-40 -7
-40 -7
-40 -7
-40 -7
-40 -7
-40 -7
-40 -7
-40 -7
-40 -7
-40 -7
-40 -7
-40 -7
-40 -7
-40 -7
-40 -7
-40 -7
-40 -7
-40 -7
-40 -7
-40 -7
-40 -7
-46 -7
-46 -7
-46 -7
-46 -7
-46 -7
-46 -7
-46 -7
-46 -7
-46 -7
-46 -7
-46 -7
-46 -7
-46 -7
-46 -7
-46 -7
-46 -7
-46 -7
-46 -7
-46 -7
-46 -7
-46 -7
-46 -7
-46 -7
-46 -7
-46 -7
-46 -7
-46 -7
-46 -7
-46 -7
-46 -7
-46 -7
-46 -7
-49 -2
-52 -9
-52 -9
-52 -9
-52 -9
-52 -9
-52 -9
-52 -9
-52 -9
-52 -9
-52 -9
-52 -9
-52 -9
-52 -9
-52 -9
-52 -9
-52 -9
-52 -9
-52 -9
-52 -9
-52 -9
-52 -9
-52 -9
-52 -9
-52 -9
-52 -9
-52 -9
-52 -9
-52 -9
-52 -9
-52 -9
-52 -9
-52 -9
-52 -9
-51 -8
-51 -8
-51 -8
-51 -8
-51 -8
-51 -8
-51 -8
-51 -8
-51 -8
-51 -8
-51 -8
-51 -8
-51 -8
-51 -8
-51 -8
-44 -5
-44 -5
-44 -5
-44 -5
-44 -5
-44 -5
-44 -5
-44 -5
-44 -5
-44 -5
-44 -5
-44 -5
-44 -5
-44 -5
-44 -5
-44 -5
-44 -5
-44 -5
-44 -5
-44 -5
-44 -5
-44 -5
-44 -5
-44 -5
-44 -5
-44 -5
-44 -5
-44 -5
-44 -5
-44 -5
-44 -5
-44 -5
-44 -5
-44 -5
-44 -5
-44 -5
-51 -7
-51 -7
-51 -7
-51 -7
-51 -7
-51 -7
-51 -7
-51 -7
-51 -7
-51 -7
-51 -7
-51 -7
-51 -7
-51 -7
-51 -7
-51 -7
-51 -7
-51 -7
-51 -7
-51 -7
-51 -7
-51 -7
-51 -7
-51 -7
-51 -7
-51 -7
-51 -7
-51 -7
-51 -7
-51 -7
-51 -7
-51 -7
-51 -7
-50 -3
-61 -3
-61 -3
-61 -3
-61 -3
-61 -3
-61 -3
-61 -3
-61 -3
-61 -3
-61 -3
-61 -3
-61 -3
-61 -3
-61 -3
-61 -3
-61 -3
-61 -3
-61 -3
-61 -3
-61 -3
-61 -3
-61 -3
-61 -3
-61 -3
-61 -3
-61 -3
-61 -3
-61 -3
-61 -3
-61 -3
-61 -3
-61 -3
-61 -3
-61 -3
-61 -3
-61 -3
-55 3
-55 3
-55 3
-55 3
-55 3
-55 3
-55 3
-55 3
-55 3
-55 3
-55 3
-55 3
-55 3
-55 3
-55 3
-55 3
-55 3
-55 3
-63 -3
-63 -3
-63 -3
-63 -3
-63 -3
-63 -3
-63 -3
-63 -3
-63 -3
-63 -3
-63 -3
-63 -3
-63 -3
-63 -3
-70 -3
-70 -3
-70 -3
-70 -3
-70 -3
-70 -3
-70 -3
-70 -3
-70 -3
-70 -3
-70 -3
-70 -3
-70 -3
-70 -3
-70 -3
-70 -3
-70 -3
-70 -3
-70 -3
-70 -3
-70 -3
-70 -3
-70 -3
-70 -3
-70 -3
-70 -3
-70 -3
-70 -3
-70 -3
-70 -3
-70 -3
-70 -3
-70 -3
-70 -3
-70 -3
-68 -4
-68 -4
-68 -4
-68 -4
-68 -4
-68 -4
-68 -4
-68 -4
-68 -4
-68 -4
-68 -4
-68 -4
-68 -4
-68 -4
-68 -4
-68 -4
-68 -4
-68 -4
-68 -4
-68 -4
-68 -4
-68 -4
-68 -4
-68 -4
-68 -4
-68 -4
-68 -4
-68 -4
-68 -4
-68 -4
-68 -4
-68 -4
-68 -4
-70 5
-70 5
-70 5
-70 5
-70 5
-70 5
-70 5
-70 5
-70 5
-70 5
-70 5
-70 5
-70 5
-70 5
-70 5
-70 5
-75 4
-75 4
-75 4
-75 4
-75 4
-75 4
-75 4
-75 4
-75 4
-75 4
-75 4
-75 4
-75 4
-75 4
-75 4
-75 4
-75 4
-71 3
-71 3
-71 3
-71 3
-71 3
-71 3
-71 3
-71 3
-71 3
-71 3
-71 3
-71 3
-71 3
-71 3
-71 3
-71 3
-71 3
-71 3
-71 3
-77 8
-77 8
-77 8
-77 8
-77 8
-77 8
-77 8
-77 8
-77 8
-77 8
-77 8
-77 8
-77 8
-77 8
-77 8
-77 8
-77 8
-77 8
-77 8
-77 8
-77 8
-77 8
-77 8
-77 8
-77 8
-77 8
-77 8
-77 8
-77 8
-77 8
-77 8
-77 8
-77 8
-77 8
-78 8
-78 8
-78 8
-78 8
-78 8
-78 8
-78 8
-78 8
-78 8
-78 8
-78 8
-78 8
-78 8
-78 8
-78 8
-78 8
-78 8
-78 8
-78 8
-78 8
-78 8
-78 8
-78 8
-78 8
-78 8
-78 8
-78 8
-78 8
-78 8
-78 8
-78 8
-78 8
-78 8
-78 8
-78 8
-78 8
-78 8
-80 8
-80 8
-80 8
-80 8
-80 8
-80 8
-80 8
-80 8
-80 8
-80 8
-80 8
-80 8
-80 8
-80 8
-80 8
-80 8
-80 8
-80 8
-80 8
-80 8
-79 10
-79 10
-79 10
-79 10
-79 10
-79 10
-79 10
-79 10
-79 10
-79 10
-79 10
-79 10
-79 10
-79 10
-79 10
-79 10
-79 10
-79 10
-79 10
-79 10
-79 10
-79 10
-79 10
-79 10
-79 10
-79 10
-79 10
-79 10
-79 10
-79 10
-79 10
-79 10
-79 10
-79 10
-79 10
-79 10
-79 10
-79 10
-79 10
-84 7
-84 7
-84 7
-84 7
-84 7
-84 7
-84 7
-84 7
-84 7
-84 7
-84 7
-84 7
-84 7
-84 7
-84 7
-84 7
-84 7
-84 7
-81 12
-81 12
-81 12
-81 12
-81 12
-81 12
-81 12
-81 12
-81 12
-81 12
-81 12
-81 12
-81 12
-81 12
-81 12
-81 12
-81 12
-93 17
-93 17
-93 17
-93 17
-93 17
-93 17
-93 17
-93 17
-93 17
-93 17
-93 17
-93 17
-93 17
-93 17
-93 17
-93 17
-84 21
-84 21
-84 21
-84 21
-84 21
-84 21
-84 21
-84 21
-84 21
-84 21
-84 21
-84 21
-84 21
-84 21
-84 21
-84 21
-84 21
-84 21
-84 21
-84 21
-84 21
-84 21
-84 21
-84 21
-84 21
-84 21
-84 21
-84 21
-84 21
-84 21
-81 26
-81 26
-81 26
-81 26
-81 26
-81 26
-81 26
-81 26
-81 26
-81 26
-81 26
-81 26
-81 26
-81 26
-81 26
-81 26
-81 26
-74 27
-74 27
-74 27
-74 27
-74 27
-74 27
-74 27
-74 27
-74 27
-74 27
-74 27
-74 27
-74 27
-74 27
-74 27
-74 27
-74 27
-79 25
-79 25
-79 25
-79 25
-79 25
-79 25
-79 25
-79 25
-79 25
-79 25
-79 25
-79 25
-79 25
-79 25
-79 25
-79 25
-79 25
-79 25
-79 25
-79 25
-79 25
-79 25
-79 25
-79 25
-79 25
-79 25
-79 25
-79 25
-79 25
-79 25
-79 25
-79 25
-79 25
-79 25
-79 25
-70 24
-70 24
-70 24
-70 24
-70 24
-70 24
-70 24
-70 24
-70 24
-70 24
-70 24
-70 24
-70 24
-70 24
-70 24
-70 24
-70 24
-70 24
-70 24
-70 24
-70 24
-70 24
-70 24
-70 24
-70 24
-70 24
-70 24
-70 24
-70 24
-70 24
-70 24
-70 24
-70 24
-70 24
-75 25
-75 25
-75 25
-75 25
-75 25
-75 25
-75 25
-75 25
-75 25
-75 25
-75 25
-75 25
-75 25
-75 25
-75 25
-75 25
-75 25
-75 25
-75 25
-75 25
-75 25
-75 25
-75 25
-75 25
-75 25
-75 25
-75 25
-75 25
-75 25
-75 25
-75 25
-75 25
-75 25
-75 25
-75 25
-64 26
-64 26
-64 26
-64 26
-64 26
-64 26
-64 26
-64 26
-64 26
-64 26
-64 26
-64 26
-64 26
-64 26
-64 26
-64 26
-64 26
-64 26
-64 26
-64 26
-64 26
-64 26
-64 26
-64 26
-64 26
-64 26
-64 26
-64 26
-64 26
-64 26
-64 26
-64 26
-64 26
-64 26
-55 25
-55 25
-55 25
-55 25
-55 25
-55 25
-55 25
-55 25
-55 25
-55 25
-55 25
-55 25
-55 25
-55 25
-55 25
-55 25
-55 25
-55 25
-55 25
-55 25
-55 25
-55 25
-55 25
-55 25
-55 25
-55 25
-55 25
-55 25
-55 25
-55 25
-55 25
-55 25
-55 25
-54 24
-54 24
-54 24
-54 24
-54 24
-54 24
-54 24
-54 24
-54 24
-54 24
-54 24
-54 24
-54 24
-54 24
-54 24
-54 24
-54 24
-52 25
-55 25
-55 25
-55 25
-55 25
-55 25
-55 25
-55 25
-55 25
-55 25
-55 25
-55 25
-55 25
-55 25
-55 25
-55 25
-55 25
-55 25
-55 25
-55 25
-55 25
-55 25
-55 25
-55 25
-55 25
-55 25
-55 25
-55 25
-55 25
-55 25
-42 20
-42 20
-42 20
-42 20
-42 20
-42 20
-42 20
-42 20
-42 20
-42 20
-42 20
-42 20
-42 20
-42 20
-42 20
-42 20
-42 20
-42 20
-42 20
-42 20
-42 20
-42 20
-42 20
-42 20
-42 20
-42 20
-42 20
-42 20
-42 20
-40 16
-40 16
-40 16
-40 16
-40 16
-40 16
-40 16
-40 16
-40 16
-40 16
-40 16
-40 16
-40 16
-40 16
-40 16
-39 32
-39 32
-39 32
-39 32
-39 32
-39 32
-39 32
-39 32
-39 32
-39 32
-39 32
-39 32
-39 32
-39 32
-43 25
-43 25
-43 25
-43 25
-43 25
-43 25
-43 25
-43 25
-43 25
-43 25
-43 25
-43 25
-43 25
-43 25
-43 25
-43 25
-36 20
-36 20
-36 20
-36 20
-36 20
-36 20
-36 20
-36 20
-36 20
-36 20
-36 20
-36 20
-36 20
-36 20
-36 20
-36 20
-36 20
-36 20
-36 20
-36 20
-36 20
-36 20
-36 20
-36 20
-36 20
-36 20
-36 20
-36 20
-36 20
-36 20
-36 20
-36 20
-36 20
-36 20
-36 20
-36 20
-36 20
-36 20
-36 20
-36 20
-36 20
-36 20
-36 20
-36 20
-36 20
-36 20
-40 26
-40 26
-42 22
-42 22
-42 22
-42 22
-42 22
-42 22
-42 22
-42 22
-42 22
-42 22
-42 22
-42 22
-42 22
-42 22
-42 22
-42 22
-42 22
-42 22
-42 22
-42 22
-42 22
-42 22
-42 22
-42 22
-42 22
-42 22
-42 22
-42 22
-42 22
-42 22
-46 24
-46 24
-46 24
-46 24
-46 24
-46 24
-46 24
-46 24
-46 24
-46 24
-46 24
-46 24
-46 24
-46 24
-46 24
-46 24
-38 18
-38 18
-38 18
-38 18
-38 18
-38 18
-38 18
-38 18
-38 18
-38 18
-38 18
-38 18
-38 18
-38 18
-38 18
-38 18
-38 18
-38 18
-38 27
-38 27
-38 27
-38 27
-38 27
-38 27
-38 27
-38 27
-38 27
-38 27
-38 27
-38 27
-38 27
-38 27
-38 27
-38 27
-38 27
-38 27
-38 27
-38 27
-38 27
-38 27
-38 27
-38 27
-38 27
-38 27
-38 27
-38 27
-38 27
-38 27
-38 27
-38 27
-38 27
-38 27
-38 27
-38 27
-38 27
-38 27
-38 27
-38 27
-38 27
-38 27
-38 27
-38 27
-38 27
-38 27
-38 27
-38 27
-38 27
-31 29
-31 29
-31 29
-31 29
-31 29
-31 29
-31 29
-31 29
-31 29
-31 29
-31 29
-31 29
-31 29
-31 29
-31 29
-31 29
-31 29
-31 29
-31 29
-31 29
-31 29
-31 29
-31 29
-31 29
-31 29
-31 29
-31 29
-31 29
-31 29
-31 29
-31 29
-31 29
-31 30
-31 30
-31 30
-31 30
-31 30
-31 30
-31 30
-31 30
-31 30
-31 30
-31 30
-31 30
-31 30
-31 30
-31 30
-31 30
-31 30
-30 31
-30 31
-30 31
-30 31
-30 31
-30 31
-30 31
-30 31
-30 31
-30 31
-30 31
-30 31
-30 31
-30 31
-30 31
-30 31
-30 31
-32 32
-32 32
-32 32
-32 32
-32 32
-32 32
-32 32
-32 32
-32 32
-32 32
-32 32
-32 32
-32 32
-32 32
-32 32
-32 32
-32 32
-32 32
-32 32
-32 32
-32 32
-32 32
-32 32
-32 32
-32 32
-32 32
-32 32
-32 32
-32 32
-32 32
-28 34
-28 34
-28 34
-28 34
-28 34
-28 34
-28 34
-28 34
-28 34
-28 34
-28 34
-28 34
-28 34
-28 34
-28 34
-28 34
-28 34
-28 34
-28 34
-28 34
-28 34
-28 34
-28 34
-28 34
-28 34
-28 34
-28 34
-28 34
-28 34
-28 34
-28 34
-28 34
-28 34
-28 34
-28 34
-28 34
-28 34
-28 38
-28 33
-28 33
-28 33
-28 33
-28 33
-28 33
-28 33
-28 33
-28 33
-28 33
-28 33
-28 33
-28 33
-28 33
-28 33
-28 33
-28 33
-28 33
-28 33
-28 33
-28 33
-28 33
-28 33
-28 33
-28 33
-28 33
-28 33
-28 33
-28 33
-28 33
-28 33
-28 33
-28 33
-28 33
-28 33
-27 44
-27 44
-27 44
-27 44
-27 44
-27 44
-27 44
-27 44
-27 44
-27 44
-27 44
-27 44
-27 44
-27 44
-27 44
-27 44
-27 44
-26 37
-26 37
-26 37
-26 37
-26 37
-26 37
-26 37
-26 37
-26 37
-26 37
-26 37
-26 37
-26 37
-26 37
-26 37
-26 37
-26 37
-26 37
-26 37
-26 37
-26 37
-26 37
-26 37
-26 37
-26 37
-26 37
-26 37
-26 37
-26 37
-26 37
-26 37
-26 37
-26 43
-26 43
-26 43
-26 43
-26 43
-26 43
-26 43
-26 43
-26 43
-26 43
-26 43
-26 43
-26 43
-26 43
-26 43
-26 43
-26 43
-26 43
-26 43
-26 43
-26 43
-26 43
-24 40
-24 40
-24 40
-24 40
-24 40
-24 40
-24 40
-24 40
-24 40
-24 40
-24 40
-24 40
-24 40
-24 40
-24 40
-24 40
-24 40
-24 40
-24 40
-24 40
-24 40
-24 40
-24 40
-24 40
-24 40
-24 40
-24 40
-24 40
-24 40
-24 40
-24 40
-24 40
-24 40
-24 40
-24 40
-24 40
-24 40
-24 40
-24 40
-24 40
-24 40
-24 40
-24 40
-24 40
-24 40
-24 40
-24 40
-24 40
-24 40
-24 40
-24 40
-24 40
-24 40
-24 40
-24 40
-24 40
-24 40
-24 40
-24 40
-24 40
-24 40
-24 40
-24 40
-24 40
-24 40
-24 40
-24 40
-24 40
-24 40
-24 40
-24 40
-24 40
-24 40
-24 40
-27 39
-18 33
-18 33
-18 33
-18 33
-18 33
-18 33
-18 33
-18 33
-18 33
-18 33
-18 33
-18 33
-18 33
-18 33
-18 33
-18 33
-18 33
-18 33
-18 33
-18 33
-18 33
-18 33
-18 33
-18 33
-18 33
-18 33
-18 33
-18 33
-18 33
-18 33
-18 33
-18 33
-18 33
-18 33
-18 33
-18 33
-18 33
-18 33
-18 33
-18 33
-18 33
-18 33
-18 33
-18 33
-18 33
-18 33
-18 33
-18 33
-18 33
-18 33
-18 33
-18 33
-18 33
-18 33
-18 33
-18 33
-18 33
-18 33
-18 33
-18 33
-18 33
-18 33
-18 33
-18 33
-18 33
-18 33
-18 33
-27 36
-27 36
-27 36
-27 36
-27 36
-27 36
-27 36
-27 36
-27 36
-27 36
-27 36
-27 36
-27 36
-27 36
-27 36
-27 36
-27 36
-27 36
-27 36
-27 36
-27 36
-27 36
-27 36
-22 29
-22 29
-22 29
-22 29
-22 29
-22 29
-22 29
-22 29
-22 29
-22 29
-22 29
-22 29
-22 29
-22 29
-22 29
-22 29
-22 29
-22 29
-22 29
-22 29
-22 29
-22 29
-22 29
-24 35
-24 35
-24 35
-24 35
-24 35
-24 35
-24 35
-24 35
-24 35
-24 35
-24 35
-24 35
-24 35
-24 35
-24 35
-24 35
-24 35
-24 35
-24 35
-24 35
-24 35
-24 35
-24 35
-24 35
-24 35
-24 35
-24 35
-24 35
-24 35
-24 35
-24 35
-24 35
-24 35
-24 35
-24 35
-24 35
-24 35
-24 35
-24 35
-24 35
-24 35
-24 35
-24 35
-24 35
-24 35
-24 35
-24 35
-24 35
-24 35
-24 35
-24 35
-24 35
-24 35
-24 35
-24 35
-24 35
-24 35
-24 35
-24 35
-24 35
-24 35
-24 35
-24 35
-24 35
-24 35
-24 35
-24 35
-24 35
-8 31
-8 31
-8 31
-8 31
-8 31
-8 31
-8 31
-8 31
-8 31
-8 31
-8 31
-8 31
-8 31
-8 31
-8 31
-8 31
-8 31
-8 31
-8 31
-8 31
-8 31
-8 31
-8 31
-8 31
-8 31
-8 31
-8 31
-8 31
-8 31
-8 31
-8 31
-8 31
-8 31
-8 31
-8 31
-8 31
-8 31
-8 31
-8 31
-8 31
-8 31
-8 31
-10 31
-10 31
-10 31
-10 31
-10 31
-10 31
-10 31
-10 31
-10 31
-10 31
-10 31
-10 31
-10 31
-10 31
-10 31
-10 31
-10 31
-10 31
-10 31
-10 31
-10 31
-10 31
-10 31
-9 23
-9 23
-9 23
-9 23
-9 23
-9 23
-9 23
-9 23
-9 23
-9 23
-9 23
-9 23
-9 23
-9 23
-9 23
-9 23
-9 23
-8 27
-8 27
-8 27
-8 27
-8 27
-8 27
-8 27
-8 27
-8 27
-8 27
-8 27
-8 27
-8 27
-8 27
-8 27
-8 27
-8 27
-8 27
-8 27
-8 27
-8 27
-8 27
-8 27
-8 27
-8 27
-8 27
-8 27
-8 27
-8 27
-8 27
-8 27
-8 27
-8 27
-8 27
-8 27
-8 27
-8 27
-8 27
-8 27
-8 27
-8 27
-8 27
-8 27
-8 27
-8 27
-8 27
-8 27
-8 27
-8 27
-8 27
-8 27
-8 27
-8 27
-8 27
-8 27
-8 27
-8 27
-8 27
-8 27
-8 27
-8 27
-8 27
-8 27
-8 27
-8 27
-8 27
-8 27
-8 27
-8 27
-8 27
-8 27
-8 27
-8 27
-8 27
-8 27
-8 27
-2 24
-1 18
-1 18
-1 18
-1 18
-1 18
-1 18
-1 18
-1 18
-1 18
-1 18
-1 18
-1 18
-1 18
-1 18
-1 18
-1 18
-1 18
-1 18
-1 18
-1 18
-1 18
-1 18
-1 18
-1 18
-1 18
-1 18
-1 18
-1 18
-1 18
-1 18
-1 18
-1 18
-1 18
-1 18
-1 18
0 19
0 19
0 19
0 19
0 19
0 19
0 19
0 19
0 19
0 19
0 19
0 19
0 19
0 13
1 7
1 7
1 7
1 7
1 7
1 7
1 7
1 7
1 7
1 7
1 7
1 7
1 7
1 7
1 7
1 7
1 7
1 7
1 7
1 7
1 7
1 7
1 7
1 7
1 7
1 7
1 7
1 7
1 7
1 7
1 7
1 7
1 7
3 0
3 0
3 0
3 0
3 0
3 0
3 0
3 0
3 0
3 0
3 0
3 0
3 0
3 0
3 0
3 0
3 0
3 0
3 0
3 0
3 0
3 0
3 0
3 0
3 0
3 0
3 0
3 0
3 0
3 0
3 0
3 0
3 0
3 0
3 0
3 0
3 0
3 0
3 0
3 0
3 0
3 0
3 0
3 0
3 0
3 0
3 0
3 0
3 0
3 0
3 0
3 0
3 0
3 0
3 0
3 0
3 0
3 0
3 0
3 0
3 0
3 0
3 0
3 0
3 0
3 0
3 0
3 0
3 0
3 0
1 0
1 0
1 0
1 0
1 0
1 0
1 0
1 0
1 0
1 0
1 0
1 0
1 0
1 0
1 0
1 0
1 0
1 0
1 0
1 0
1 0
1 0
1 0
1 0
1 0
1 0
1 0
1 0
1 0
1 0
1 0
1 0
1 0
1 0
1 0
1 0
1 0
1 0
1 0
1 0
1 0
1 0
1 0
1 0
1 0
1 0
1 0
1 0
1 0
1 0
1 0
1 0
1 0
1 0
1 0
0 1
0 1
0 1
0 1
0 1
0 1
0 1
0 1
0 1
0 1
0 1
0 1
0 1
0 1
0 1
0 1
0 1
0 1
1 0
1 0
1 0
1 0
1 0
1 0
1 0
1 0
1 0
1 0
1 0
1 0
1 0
1 0
1 0
1 0
1 0
1 0
1 0
2 0
2 0
2 0
2 0
2 0
2 0
2 0
2 0
2 0
2 0
2 0
2 0
2 0
2 0
2 0
2 0
2 0
2 0
2 0
2 0
2 0
2 0
2 0
2 0
2 0
2 0
2 0
2 0
2 0
2 0
2 0
2 0
2 0
2 0
2 0
2 0
2 0
2 0
2 0
2 0
2 0
2 0
2 0
2 0
2 0
2 0
2 0
2 0
2 0
2 0
2 0
2 0
2 0
2 0
4 -1
4 -1
4 -1
4 -1
4 -1
4 -1
4 -1
4 -1
4 -1
4 -1
4 -1
4 -1
4 -1
4 -1
4 -1
4 -1
4 -1
4 -1
4 -1
4 -1
4 -1
4 -1
4 -1
4 -1
4 -1
4 -1
4 -1
4 -1
4 -1
4 -1
4 -1
4 -1
4 -1
4 -1
4 -1
4 -1
4 -1
4 -1
2 0
2 0
2 0
2 0
2 0
2 0
2 0
2 0
2 0
2 0
2 0
2 0
2 0
2 0
2 0
2 0
2 0
2 0
2 0
2 0
2 0
2 0
2 0
2 0
2 0
2 0
2 0
2 0
2 0
2 0
2 0
2 0
2 0
2 0
2 0
2 0
2 0
2 0
2 0
2 0
2 0
2 0
2 0
2 0
2 0
2 0
2 0
2 0
2 0
2 0
2 0
2 0
2 0
2 0
2 0
2 0
2 0
2 0
2 0
2 0
2 0
2 0
2 0
2 0
2 0
2 0
2 0
2 0
2 0
2 0
2 0
2 0
2 0
2 0
2 0
2 0
2 0
2 0
2 0
2 0
2 0
2 0
2 0
2 0
2 0
2 0
2 0
2 0
2 0
2 0
2 0
2 0
2 0
2 0
2 0
2 0
2 0
2 0
2 0
2 0
2 0
2 0
2 0
2 0
2 0
2 0
2 0
2 0
2 0
2 0
2 0
2 0
2 0
2 0
2 0
2 0
2 0
2 0
2 0
2 0
2 0
2 0
2 0
2 0
2 0
2 0
2 0
2 0
2 0
2 0
2 0
2 0
2 0
2 0
2 0
2 0
2 0
2 0
2 0
2 0
2 0
2 0
2 0
2 0
2 0
2 0
2 0
2 0
2 0
2 0
2 0
2 0
2 0
2 0
2 0
2 0
2 0
2 0
2 0
2 0
2 0
2 0
2 0
2 0
2 0
2 0
2 0
2 0
2 0
2 0
2 0
2 0
2 0
2 0
2 0
2 0
2 0
2 0
2 0
2 0
2 0
2 0
2 0
2 0
2 0
2 0
2 0
2 0
2 0
2 0
2 0
2 0
2 0
2 0
2 0
2 0
2 0
2 0
2 0
2 0
2 0
2 0
2 0
2 0
2 0
2 0
2 0
2 0
2 0
2 0
2 0
2 0
2 0
2 0
2 0
2 0
2 0
2 0
2 0
2 0
2 0
2 0
2 0
2 0
2 0
2 0
2 0
2 0
2 0
2 0
2 0
2 0
2 0
2 0
2 0
2 0
2 0
2 0
2 0
2 0
2 0
2 0
2 0
2 0
2 0
2 0
2 0
2 0
2 0
2 0
2 0
2 0
2 0
2 0
2 0
2 0
2 0
2 0
2 0
2 0
2 0
2 0
2 0
2 0
2 0
2 0
2 0
2 0
2 0
2 0
2 0
2 0
2 0
2 0
2 0
2 0
2 0
2 0
2 0
2 0
2 0
2 0
2 0
2 0
2 0
2 0
2 0
2 0
2 0
2 0
2 0
2 0
2 0
2 0
2 0
2 0
2 0
2 0
2 0
2 0
2 0
2 0
2 0
2 0
2 0
2 0
2 0
2 0
2 0
2 0
2 0
2 0
2 0
2 0
2 0
2 0
2 0
2 0
2 0
2 0
2 0
2 0
2 0
2 0
2 0
2 0
2 0
2 0
2 0
2 0
2 0
2 0
2 0
2 0
2 0
2 0
2 0
2 0
2 0
2 0
2 0
2 0
2 0
2 0
2 0
2 0
2 0
2 0
2 0
2 0
2 0
2 0
2 0
2 0
2 0
2 0
2 0
2 0
2 0
2 0
2 0
2 0
2 0
2 0
2 0
2 0
2 0
2 0
2 0
2 0
2 0
2 0
2 0
2 0
2 0
2 0
2 0
2 0
2 0
2 0
2 0
2 0
2 0
2 0
2 0
2 0
2 0
2 0
2 0
2 0
2 0
2 0
2 0
2 0
2 0
2 0
2 0
2 0
2 0
2 0
2 0
2 0
2 0
2 0
2 0
2 0
2 0
2 0
2 0
2 0
2 0
2 0
2 0
2 0
2 0
2 0
2 0
2 0
2 0
2 0
2 0
2 0
2 0
2 0
2 0
2 0
2 0
2 0
2 0
2 0
2 0
2 0
2 0
2 0
2 0
2 0
2 0
2 0
2 0
2 0
2 0
2 0
2 0
2 0
2 0
2 0
2 0
2 0
2 0
2 0
2 0
2 0
2 0
2 0
2 0
2 0
2 0
2 0
2 0
2 0
2 0
2 0
2 0
2 0
2 0
2 0
2 0
2 0
2 0
2 0
2 0
2 0
2 0
2 0
2 0
2 0
2 0
2 0
2 0
2 0
2 0
2 0
2 0
2 0
2 0
2 0
2 0
2 0
2 0
2 0
2 0
2 0
2 0
2 0
2 0
2 0
2 0
2 0
2 0
2 0
2 0
2 0
2 0
2 0
2 0
2 0
2 0
2 0
2 0
2 0
2 0
2 0
2 0
2 0
2 0
2 0
2 0
2 0
2 0
2 0
2 0
2 0
2 0
2 0
2 0
2 0
2 0
2 0
2 0
2 0
2 0
2 0
2 0
2 0
2 0
2 0
2 0
2 0
2 0
2 0
2 0
2 0
2 0
2 0
2 0
2 0
2 0
2 0
2 0
2 0
2 0
2 0
2 0
2 0
2 0
2 0
2 0
2 0
2 0
2 0
2 0
2 0
2 0
2 0
2 0
2 0
2 0
2 0
2 0
2 0
2 0
2 0
2 0
2 0
2 0
2 0
2 0
2 0
2 0
2 0
2 0
2 0
2 0
2 0
2 0
2 0
2 0
2 0
2 0
2 0
2 0
2 0
2 0
2 0
2 0
2 0
2 0
2 0
2 0
2 0
2 0
2 0
2 0
2 0
2 0
2 0
2 0
2 0
2 0
2 0
2 0
2 0
2 0
2 0
2 0
2 0
2 0
2 0
2 0
2 0
2 0
2 0
2 0
2 0
2 0
2 0
2 0
2 0
2 0
2 0
2 0
2 0
2 0
2 0
2 0
2 0
2 0
2 0
2 0
2 0
2 0
2 0
2 0
2 0
2 0
2 0
2 0
2 0
2 0
2 0
2 0
2 0
2 0
2 0
2 0
2 0
2 0
2 0
2 0
2 0
2 0
2 0
2 0
2 0
2 0
2 0
2 0
2 0
2 0
2 0
2 0
2 0
2 0
2 0
2 0
2 0
2 0
2 0
2 0
2 0
2 0
2 0
2 0
2 0
2 0
2 0
2 0
2 0
2 0
2 0
2 0
2 0
2 0
2 0
2 0
2 0
2 0
2 0
2 0
2 0
2 0
2 0
2 0
2 0
2 0
2 0
2 0
2 0
2 0
2 0
2 0
2 0
2 0
2 0
2 0
2 0
2 0
2 0
2 0
2 0
2 0
2 0
2 0
2 0
2 0
2 0
2 0
2 0
2 0
2 0
2 0
2 0
2 0
2 0
2 0
2 0
2 0
2 0
2 0
2 0
2 0
2 0
2 0
2 0
2 0
2 0
2 0
2 0
2 0
2 0
2 0
2 0
2 0
2 0
2 0
2 0
2 0
2 0
2 0
2 0
2 0
2 0
2 0
2 0
2 0
2 0
2 0
2 0
2 0
2 0
2 0
2 0
2 0
2 0
2 0
2 0
2 0
2 0
2 0
2 0
2 0
2 0
2 0
2 0
2 0
2 0
2 0
2 0
2 0
2 0
2 0
2 0
2 0
2 0
2 0
2 0
2 0
2 0
2 0
2 0
2 0
2 0
2 0
2 0
2 0
2 0
2 0
2 0
2 0
2 0
2 0
2 0
2 0
2 0
2 0
2 0
2 0
2 0
2 0
2 0
2 0
2 0
2 0
2 0
2 0
2 0
2 0
2 0
2 0
2 0
2 0
2 0
2 0
2 0
2 0
2 0
2 0
2 0
2 0
2 0
2 0
2 0
2 0
2 0
2 0
2 0
2 0
2 0
2 0
2 0
2 0
2 0
2 0
2 0
2 0
2 0
2 0
2 0
2 0
2 0
2 0
2 0
2 0
2 0
2 0
2 0
2 0
2 0
2 0
2 0
2 0
2 0
2 0
2 0
2 0
2 0
2 0
2 0
2 0
2 0
2 0
2 0
2 0
2 0
2 0
2 0
2 0
2 0
2 0
2 0
2 0
2 0
2 0
2 0
2 0
2 0
2 0
2 0
2 0
2 0
2 0
2 0
2 0
2 0
2 0
2 0
2 0
2 0
2 0
2 0
2 0
2 0
