42 -8
42 -8
42 -8
42 -8
42 -8
42 -8
42 -8
42 -8
42 -8
42 -8
42 -8
42 -8
42 -8
42 -8
42 -8
42 -8
42 -8
42 -8
42 -8
30 -7
30 -7
30 -7
30 -7
30 -7
30 -7
30 -7
30 -7
30 -7
30 -7
30 -7
30 -7
30 -7
30 -7
30 -7
30 -7
30 -7
30 -7
30 -7
30 -7
30 -7
30 -7
30 -7
30 -7
30 -7
30 -7
30 -7
30 -7
30 -7
30 -7
30 -7
30 -7
30 -7
30 -7
30 -7
30 -7
30 -7
30 -7
30 -7
30 -7
30 -7
30 -7
30 -7
30 -7
30 -7
30 -7
35 -15
30 -22
30 -22
30 -22
30 -22
30 -22
30 -22
30 -22
30 -22
30 -22
30 -22
30 -22
30 -22
30 -22
30 -22
30 -22
30 -22
30 -22
30 -22
30 -22
30 -22
30 -22
30 -22
30 -22
30 -22
30 -22
30 -22
30 -22
30 -22
30 -22
30 -22
30 -22
30 -22
30 -22
30 -22
30 -22
30 -22
30 -22
30 -22
30 -22
30 -22
30 -22
30 -22
30 -22
30 -22
30 -22
30 -22
30 -22
30 -22
30 -22
30 -22
30 -22
30 -22
30 -22
30 -22
30 -22
30 -22
30 -22
30 -22
30 -22
30 -22
30 -22
30 -22
30 -22
31 -34
32 -30
32 -30
32 -30
32 -30
32 -30
32 -30
32 -30
32 -30
32 -30
32 -30
32 -30
32 -30
32 -30
32 -30
32 -30
32 -30
32 -30
32 -30
32 -30
32 -30
32 -30
32 -30
32 -30
32 -30
32 -30
32 -30
32 -30
32 -30
32 -30
32 -30
32 -30
32 -30
32 -30
32 -30
32 -30
32 -30
32 -30
32 -30
32 -30
32 -30
32 -30
32 -30
32 -30
32 -30
32 -30
30 -38
30 -38
30 -38
30 -38
30 -38
30 -38
30 -38
30 -38
30 -38
30 -38
30 -38
30 -38
30 -38
30 -38
30 -38
30 -38
30 -38
30 -38
30 -38
30 -38
30 -38
30 -38
30 -38
30 -38
30 -42
30 -42
30 -42
30 -42
30 -42
30 -42
30 -42
30 -42
30 -42
30 -42
30 -42
30 -42
30 -42
30 -42
30 -42
30 -42
30 -42
30 -42
30 -42
30 -42
30 -42
30 -42
30 -42
30 -42
30 -42
30 -42
30 -42
30 -42
30 -42
30 -42
30 -42
30 -42
30 -42
30 -42
30 -42
30 -42
30 -42
30 -42
30 -42
30 -42
30 -42
30 -42
30 -42
30 -42
30 -42
29 -44
29 -44
29 -44
29 -44
29 -44
29 -44
29 -44
29 -44
29 -44
29 -44
29 -44
29 -44
29 -44
29 -44
29 -44
29 -44
29 -44
29 -44
29 -44
29 -44
29 -44
29 -44
29 -44
29 -44
29 -44
29 -44
29 -44
29 -44
29 -44
29 -44
29 -44
29 -44
29 -44
29 -44
29 -44
29 -44
29 -44
29 -44
29 -44
29 -44
29 -44
29 -44
29 -44
29 -44
29 -44
29 -44
29 -44
27 -44
22 -48
22 -48
22 -48
22 -48
22 -48
22 -48
22 -48
22 -48
22 -48
22 -48
22 -48
22 -48
22 -48
22 -48
22 -48
22 -48
22 -48
22 -48
22 -48
22 -48
22 -48
22 -48
22 -48
22 -48
22 -48
23 -51
23 -51
23 -51
23 -51
23 -51
23 -51
23 -51
23 -51
23 -51
23 -51
23 -51
23 -51
23 -51
23 -51
23 -51
23 -51
23 -51
23 -51
23 -51
23 -51
23 -51
23 -51
23 -51
23 -51
23 -51
23 -51
23 -51
23 -51
23 -51
23 -51
23 -51
23 -51
23 -51
23 -51
23 -51
23 -51
23 -51
23 -51
23 -51
23 -51
23 -51
23 -51
23 -51
23 -51
23 -51
23 -51
23 -51
23 -51
23 -51
17 -55
17 -55
17 -55
17 -55
17 -55
17 -55
17 -55
17 -55
17 -55
17 -55
17 -55
17 -55
17 -55
17 -55
17 -55
17 -55
17 -55
17 -55
17 -55
17 -55
17 -55
17 -55
17 -55
17 -55
17 -55
17 -55
17 -55
17 -55
17 -55
17 -55
17 -55
17 -55
17 -55
17 -55
17 -55
17 -55
17 -55
17 -55
17 -55
17 -55
17 -55
17 -55
17 -55
17 -55
17 -55
17 -55
17 -55
17 -55
17 -55
17 -55
11 -51
11 -51
11 -51
11 -51
11 -51
11 -51
11 -51
11 -51
11 -51
11 -51
11 -51
11 -51
11 -51
11 -51
11 -51
11 -51
11 -51
11 -51
11 -51
11 -51
11 -51
11 -51
11 -51
11 -51
11 -51
11 -51
13 -52
13 -52
13 -52
13 -52
13 -52
13 -52
13 -52
13 -52
13 -52
13 -52
13 -52
13 -52
13 -52
13 -52
13 -52
13 -52
13 -52
13 -52
13 -52
13 -52
13 -52
13 -52
13 -52
13 -52
13 -52
13 -52
13 -52
13 -52
13 -52
13 -52
13 -52
13 -52
13 -52
13 -52
13 -52
13 -52
13 -52
13 -52
13 -52
13 -52
13 -52
13 -52
13 -52
9 -62
9 -62
9 -62
9 -62
9 -62
9 -62
9 -62
9 -62
9 -62
9 -62
9 -62
9 -62
9 -62
9 -62
9 -62
9 -62
9 -62
9 -62
9 -62
9 -62
9 -62
9 -62
12 -58
12 -58
12 -58
12 -58
12 -58
12 -58
12 -58
12 -58
12 -58
12 -58
12 -58
12 -58
12 -58
12 -58
12 -58
12 -58
9 -65
9 -65
9 -65
9 -65
9 -65
9 -65
9 -65
9 -65
9 -65
9 -65
9 -65
9 -65
9 -65
9 -65
9 -65
9 -65
9 -65
9 -65
9 -65
9 -65
9 -65
9 -65
9 -65
8 -65
8 -65
8 -65
8 -65
8 -65
8 -65
8 -65
8 -65
8 -65
8 -65
8 -65
8 -65
8 -65
8 -65
8 -65
8 -65
8 -65
8 -65
8 -65
8 -65
8 -65
8 -65
8 -65
8 -65
8 -65
8 -65
8 -65
8 -65
8 -65
8 -65
8 -65
8 -65
8 -65
8 -65
8 -65
8 -65
8 -65
8 -65
8 -65
8 -65
8 -65
8 -65
8 -65
8 -65
8 -65
8 -65
8 -65
8 -65
8 -65
8 -65
8 -65
8 -65
8 -65
8 -65
8 -65
8 -65
8 -65
8 -65
8 -65
8 -65
8 -65
8 -65
8 -65
8 -65
8 -65
8 -65
8 -65
8 -65
8 -65
8 -65
8 -65
8 -65
8 -65
8 -65
8 -65
8 -65
8 -65
8 -65
8 -65
8 -65
8 -65
8 -65
8 -65
8 -65
8 -65
8 -65
8 -65
8 -65
8 -65
8 -65
8 -65
8 -65
8 -65
10 -61
5 -62
5 -62
5 -62
5 -62
5 -62
5 -62
5 -62
5 -62
5 -62
5 -62
5 -62
5 -62
5 -62
5 -62
5 -62
5 -62
5 -62
5 -62
5 -62
5 -62
5 -62
5 -62
5 -62
5 -62
6 -65
6 -65
6 -65
6 -65
6 -65
6 -65
6 -65
6 -65
6 -65
6 -65
6 -65
6 -65
6 -65
6 -65
6 -65
6 -65
6 -65
6 -65
6 -65
6 -65
6 -65
6 -65
-1 -64
-1 -64
-1 -64
-1 -64
-1 -64
-1 -64
-1 -64
-1 -64
-1 -64
-1 -64
-1 -64
-1 -64
-1 -64
-1 -64
-1 -64
-1 -64
-1 -64
-1 -64
-1 -64
-1 -64
-1 -64
-1 -64
-1 -64
-1 -64
-1 -64
-1 -64
-1 -64
-1 -64
-1 -64
-1 -64
-1 -64
-1 -64
-1 -64
-1 -64
-1 -64
-1 -64
-1 -64
-1 -64
-1 -64
-1 -64
-1 -64
-1 -64
-1 -64
-1 -64
-1 -64
-1 -64
-1 -64
-1 -64
-1 -64
-1 -64
-1 -64
-2 -67
-2 -67
-2 -67
-2 -67
-2 -67
-2 -67
-2 -67
-2 -67
-2 -67
-2 -67
-2 -67
-2 -67
-2 -67
-2 -67
-2 -67
-2 -67
-2 -67
-2 -67
-2 -67
-2 -67
-2 -67
-2 -67
-2 -67
-2 -67
-2 -67
-2 -67
-2 -67
-2 -67
-2 -67
-2 -67
-2 -67
-2 -67
-2 -67
-2 -67
-2 -67
-2 -67
-2 -67
-2 -67
-2 -67
-2 -67
-2 -67
-2 -67
-2 -67
-2 -67
-2 -67
-2 -67
-2 -67
-2 -67
-2 -67
6 -68
-2 -68
-2 -68
-2 -68
-2 -68
-2 -68
-2 -68
-2 -68
-2 -68
-2 -68
-2 -68
-2 -68
-2 -68
-2 -68
-2 -68
-2 -68
-2 -68
-2 -68
-2 -68
-2 -68
-2 -68
-2 -68
-2 -68
-2 -68
-2 -68
-2 -68
-2 -68
-2 -68
-2 -68
-2 -68
-2 -68
-2 -68
-2 -68
-2 -68
-2 -68
-2 -68
-2 -68
-2 -68
-2 -68
-2 -68
-2 -68
-2 -68
-2 -68
-2 -68
-2 -68
-2 -68
-2 -68
-2 -68
-2 -68
-2 -68
-2 -68
-2 -68
0 -65
0 -65
0 -65
0 -65
0 -65
0 -65
0 -65
0 -65
0 -65
0 -65
0 -65
0 -65
0 -65
0 -65
0 -65
0 -65
0 -65
0 -65
0 -65
0 -65
0 -65
0 -65
0 -65
0 -65
0 -65
0 -65
-1 -66
-1 -66
-1 -66
-1 -66
-1 -66
-1 -66
-1 -66
-1 -66
-1 -66
-1 -66
-1 -66
-1 -66
-1 -66
-1 -66
-1 -66
-1 -66
-1 -66
-1 -66
-1 -66
-1 -66
-1 -66
-1 -66
-1 -66
-1 -66
-1 -66
-4 -66
-4 -66
-4 -66
-4 -66
-4 -66
-4 -66
-4 -66
-4 -66
-4 -66
-4 -66
-4 -66
-4 -66
-4 -66
-4 -66
-4 -66
-4 -66
-4 -66
-4 -66
-4 -66
-4 -66
-4 -66
-4 -66
-4 -66
-4 -66
-4 -66
-4 -66
-4 -66
-4 -66
-4 -66
-4 -66
-4 -66
-4 -66
-4 -66
-4 -66
-4 -66
-4 -66
-4 -66
-4 -66
-4 -66
-4 -66
-9 -61
-9 -61
-9 -61
-9 -61
-9 -61
-9 -61
-9 -61
-9 -61
-9 -61
-9 -61
-9 -61
-9 -61
-9 -61
-9 -61
-9 -61
-9 -61
-9 -61
-9 -61
-9 -61
-9 -61
-8 -57
-8 -57
-8 -57
-8 -57
-8 -57
-8 -57
-8 -57
-8 -57
-8 -57
-8 -57
-8 -57
-8 -57
-8 -57
-8 -57
-8 -57
-8 -57
-8 -57
-8 -57
-8 -57
-8 -57
-8 -57
-8 -57
-8 -57
-8 -57
-8 -57
-8 -57
-8 -57
-8 -57
-8 -57
-8 -57
-8 -57
-8 -57
-8 -57
-8 -57
-8 -57
-8 -57
-8 -57
-8 -57
-8 -57
-8 -57
-8 -57
-8 -57
-8 -57
-8 -57
-8 -57
-8 -57
-5 -54
-5 -54
-5 -54
-5 -54
-5 -54
-5 -54
-5 -54
-5 -54
-5 -54
-5 -54
-5 -54
-5 -54
-5 -54
-5 -54
-5 -54
-5 -54
-5 -54
-5 -54
-5 -54
-5 -54
-5 -54
-5 -54
-5 -54
-5 -54
-5 -54
-5 -54
-5 -54
-5 -54
-5 -54
-5 -54
-5 -54
-5 -54
-5 -54
-5 -54
-5 -54
-5 -54
-5 -54
-5 -54
-5 -54
-5 -54
-5 -54
-5 -54
-5 -54
-5 -54
-5 -54
-5 -54
-5 -54
-5 -54
-5 -54
-8 -55
-9 -52
-9 -52
-9 -52
-9 -52
-9 -52
-9 -52
-9 -52
-9 -52
-9 -52
-9 -52
-9 -52
-9 -52
-9 -52
-9 -52
-9 -52
-9 -52
-9 -52
-9 -52
-9 -52
-11 -52
-11 -52
-11 -52
-11 -52
-11 -52
-11 -52
-11 -52
-11 -52
-11 -52
-11 -52
-11 -52
-11 -52
-11 -52
-11 -52
-11 -52
-11 -52
-11 -52
-11 -52
-11 -52
-11 -52
-11 -52
-11 -52
-11 -52
-11 -52
-11 -52
-11 -52
-11 -52
-11 -52
-11 -52
-11 -52
-11 -52
-11 -52
-11 -52
-11 -52
-11 -52
-11 -52
-11 -52
-11 -52
-11 -52
-11 -52
-11 -52
-11 -52
-11 -52
-11 -52
-11 -52
-11 -52
-11 -52
-11 -52
-11 -52
-11 -52
-11 -52
-11 -52
-11 -52
-11 -52
-11 -52
-11 -52
-11 -52
-11 -52
-11 -52
-11 -52
-11 -52
-11 -52
-11 -52
-11 -52
-11 -52
-11 -52
-11 -52
-11 -52
-11 -52
-11 -52
-11 -52
-11 -52
-10 -47
-11 -50
-11 -50
-11 -50
-11 -50
-11 -50
-11 -50
-11 -50
-11 -50
-11 -50
-11 -50
-11 -50
-11 -50
-11 -50
-11 -50
-11 -50
-11 -50
-11 -50
-11 -50
-11 -50
-11 -50
-11 -50
-11 -50
-11 -50
-11 -50
-11 -50
-11 -50
-11 -50
-11 -50
-11 -50
-11 -50
-11 -50
-11 -50
-11 -50
-11 -50
-11 -50
-11 -50
-11 -50
-11 -50
-11 -50
-11 -50
-11 -50
-11 -50
-11 -50
-11 -50
-11 -50
-11 -50
-13 -48
-13 -48
-13 -48
-13 -48
-13 -48
-13 -48
-13 -48
-13 -48
-13 -48
-13 -48
-13 -48
-13 -48
-13 -48
-13 -48
-13 -48
-13 -48
-13 -48
-13 -48
-13 -48
-13 -48
-13 -48
-13 -48
-13 -48
-13 -48
-13 -48
-13 -48
-13 -48
-13 -48
-13 -48
-13 -48
-13 -48
-13 -48
-13 -48
-13 -48
-13 -48
-13 -48
-13 -48
-13 -48
-13 -48
-13 -48
-13 -48
-13 -48
-13 -48
-13 -48
-13 -48
-13 -48
-13 -48
-19 -45
-19 -45
-19 -45
-19 -45
-19 -45
-19 -45
-19 -45
-19 -45
-19 -45
-19 -45
-19 -45
-19 -45
-19 -45
-19 -45
-19 -45
-19 -45
-19 -45
-19 -45
-19 -45
-19 -45
-19 -45
-19 -45
-19 -45
-19 -45
-19 -45
-19 -45
-19 -45
-19 -45
-19 -45
-19 -45
-19 -45
-19 -45
-19 -45
-19 -45
-19 -45
-19 -45
-19 -45
-19 -45
-19 -45
-19 -45
-19 -45
-19 -45
-19 -45
-19 -45
-19 -45
-19 -45
-19 -45
-19 -45
-19 -45
-12 -48
-12 -48
-12 -48
-12 -48
-12 -48
-12 -48
-12 -48
-12 -48
-12 -48
-12 -48
-12 -48
-12 -48
-12 -48
-12 -48
-12 -48
-12 -48
-12 -48
-12 -48
-12 -48
-12 -48
-12 -48
-12 -48
-12 -48
-11 -44
-11 -44
-11 -44
-11 -44
-11 -44
-11 -44
-11 -44
-11 -44
-11 -44
-11 -44
-11 -44
-11 -44
-11 -44
-11 -44
-11 -44
-11 -44
-11 -44
-11 -44
-11 -44
-11 -44
-11 -44
-11 -44
-11 -44
-11 -44
-11 -44
-11 -44
-11 -44
-11 -44
-11 -44
-11 -44
-11 -44
-11 -44
-11 -44
-11 -44
-11 -44
-11 -44
-11 -44
-11 -44
-11 -44
-11 -44
-11 -44
-11 -44
-11 -44
-11 -44
-11 -44
-11 -44
-11 -33
-11 -33
-11 -33
-11 -33
-11 -33
-11 -33
-11 -33
-11 -33
-11 -33
-11 -33
-11 -33
-11 -33
-11 -33
-11 -33
-11 -33
-11 -33
-11 -33
-11 -33
-11 -33
-11 -33
-11 -33
-11 -33
-11 -33
-11 -33
-11 -33
-11 -33
-11 -33
-11 -33
-11 -33
-11 -33
-11 -33
-11 -33
-11 -33
-11 -33
-11 -33
-11 -33
-11 -33
-11 -33
-11 -33
-11 -33
-11 -33
-11 -33
-11 -33
-11 -33
-18 -45
-18 -38
-18 -38
-18 -38
-18 -38
-18 -38
-18 -38
-18 -38
-18 -38
-18 -38
-18 -38
-18 -38
-18 -38
-18 -38
-18 -38
-18 -38
-18 -38
-18 -38
-18 -38
-18 -38
-18 -38
-18 -38
-18 -38
-18 -38
-18 -38
-18 -38
-18 -38
-18 -38
-18 -38
-18 -38
-18 -38
-18 -38
-18 -38
-18 -38
-18 -38
-18 -38
-18 -38
-18 -38
-18 -38
-18 -38
-18 -38
-14 -31
-14 -31
-14 -31
-14 -31
-14 -31
-14 -31
-14 -31
-14 -31
-14 -31
-14 -31
-14 -31
-14 -31
-14 -31
-14 -31
-14 -31
-14 -31
-14 -31
-14 -31
-14 -31
-14 -31
-14 -31
-14 -31
-14 -31
-14 -31
-14 -31
-14 -31
-13 -33
-13 -33
-13 -33
-13 -33
-13 -33
-13 -33
-13 -33
-13 -33
-13 -33
-13 -33
-13 -33
-13 -33
-13 -33
-13 -33
-13 -33
-13 -33
-13 -33
-13 -33
-13 -33
-13 -33
-13 -33
-13 -33
-13 -33
-13 -33
-13 -33
-22 -28
-22 -28
-22 -28
-22 -28
-22 -28
-22 -28
-22 -28
-22 -28
-22 -28
-22 -28
-22 -28
-22 -28
-22 -28
-22 -28
-22 -28
-22 -28
-22 -28
-22 -28
-22 -28
-22 -28
-22 -28
-22 -28
-22 -28
-22 -28
-22 -28
-22 -28
-22 -28
-22 -28
-22 -28
-22 -28
-22 -28
-22 -28
-22 -28
-22 -28
-22 -28
-22 -28
-22 -28
-22 -28
-22 -28
-22 -28
-22 -28
-22 -28
-22 -28
-22 -28
-22 -28
-22 -28
-22 -28
-22 -28
-18 -27
-18 -27
-18 -27
-18 -27
-18 -27
-18 -27
-18 -27
-18 -27
-18 -27
-18 -27
-18 -27
-18 -27
-18 -27
-18 -27
-18 -27
-18 -27
-18 -27
-18 -27
-18 -27
-18 -27
-18 -27
-18 -27
-18 -27
-18 -27
-18 -27
-18 -27
-18 -27
-18 -27
-18 -27
-18 -27
-18 -27
-18 -27
-18 -27
-18 -27
-18 -27
-18 -27
-18 -27
-18 -27
-18 -27
-18 -27
-18 -27
-18 -27
-18 -27
-18 -27
-18 -27
-18 -27
-18 -27
-25 -28
-25 -28
-25 -28
-25 -28
-25 -28
-25 -28
-25 -28
-25 -28
-25 -28
-25 -28
-25 -28
-25 -28
-25 -28
-25 -28
-25 -28
-25 -28
-25 -28
-25 -28
-25 -28
-25 -28
-25 -28
-25 -28
-25 -28
-25 -28
-27 -20
-27 -20
-27 -20
-27 -20
-27 -20
-27 -20
-27 -20
-27 -20
-27 -20
-27 -20
-27 -20
-27 -20
-27 -20
-27 -20
-27 -20
-27 -20
-27 -20
-27 -20
-27 -20
-27 -20
-27 -20
-27 -20
-27 -20
-27 -20
-34 -17
-34 -17
-34 -17
-34 -17
-34 -17
-34 -17
-34 -17
-34 -17
-34 -17
-34 -17
-34 -17
-34 -17
-34 -17
-34 -17
-34 -17
-34 -17
-34 -17
-34 -17
-34 -17
-34 -17
-34 -17
-34 -17
-34 -17
-34 -17
-34 -17
-34 -17
-34 -17
-34 -17
-34 -17
-34 -17
-34 -17
-34 -17
-34 -17
-34 -17
-34 -17
-34 -17
-34 -17
-34 -17
-34 -17
-34 -17
-34 -17
-34 -17
-34 -17
-34 -17
-34 -17
-34 -17
-34 -17
-34 -17
-34 -17
-34 -17
-35 -20
-35 -20
-35 -20
-35 -20
-35 -20
-35 -20
-35 -20
-35 -20
-35 -20
-35 -20
-35 -20
-35 -20
-35 -20
-35 -20
-35 -20
-35 -20
-35 -20
-35 -20
-35 -20
-35 -20
-35 -20
-35 -20
-33 -14
-33 -14
-33 -14
-33 -14
-33 -14
-33 -14
-33 -14
-33 -14
-33 -14
-33 -14
-33 -14
-33 -14
-33 -14
-33 -14
-33 -14
-33 -14
-33 -14
-33 -14
-33 -14
-33 -14
-33 -14
-33 -14
-33 -14
-33 -14
-33 -14
-33 -14
-33 -14
-33 -14
-33 -14
-33 -14
-33 -14
-33 -14
-33 -14
-33 -14
-33 -14
-33 -14
-33 -14
-33 -14
-33 -14
-33 -14
-33 -14
-33 -14
-33 -14
-34 -12
-34 -12
-34 -12
-34 -12
-34 -12
-34 -12
-34 -12
-34 -12
-34 -12
-34 -12
-34 -12
-34 -12
-34 -12
-34 -12
-34 -12
-34 -12
-34 -12
-34 -12
-34 -12
-34 -12
-34 -12
-35 -11
-35 -11
-35 -11
-35 -11
-35 -11
-35 -11
-35 -11
-35 -11
-35 -11
-35 -11
-35 -11
-35 -11
-35 -11
-35 -11
-35 -11
-35 -11
-35 -11
-35 -11
-40 -5
-40 -5
-40 -5
-40 -5
-40 -5
-40 -5
-40 -5
-40 -5
-40 -5
-40 -5
-40 -5
-40 -5
-40 -5
-40 -5
-40 -5
-40 -5
-40 -5
-40 -5
-40 -5
-40 -5
-40 -5
-40 -5
-40 -5
-40 -5
-40 -5
-40 -5
-40 -5
-40 -5
-40 -5
-40 -5
-40 -5
-40 -5
-40 -5
-40 -5
-40 -5
-40 -5
-40 -5
-40 -5
-40 -5
-40 -5
-40 -5
-40 -5
-40 -5
-40 -5
-40 -5
-40 -5
-40 -5
-40 -5
-40 -5
-40 -5
-40 -5
-40 -5
-40 -5
-40 -5
-40 -5
-40 -5
-40 -5
-40 -5
-40 -5
-40 -5
-40 -5
-40 -5
-40 -5
-40 -5
-39 1
-39 1
-39 1
-39 1
-39 1
-39 1
-39 1
-39 1
-39 1
-39 1
-39 1
-39 1
-39 1
-39 1
-39 1
-39 1
-39 1
-39 1
-39 1
-39 1
-39 1
-39 1
-39 1
-44 1
-44 1
-44 1
-44 1
-44 1
-44 1
-44 1
-44 1
-44 1
-44 1
-44 1
-44 1
-44 1
-44 1
-44 1
-44 1
-44 1
-44 1
-44 1
-44 1
-44 1
-44 1
-44 1
-44 1
-44 1
-44 1
-44 1
-44 1
-44 1
-44 1
-44 1
-44 1
-44 1
-44 1
-44 1
-44 1
-44 1
-44 1
-44 1
-44 1
-44 1
-44 1
-44 1
-44 1
-42 6
-42 6
-42 6
-42 6
-42 6
-42 6
-42 6
-42 6
-42 6
-42 6
-42 6
-42 6
-42 6
-42 6
-42 6
-42 6
-42 6
-42 6
-42 6
-42 6
-42 6
-42 6
-42 6
-42 6
-42 6
-42 6
-42 6
-42 6
-42 6
-42 6
-42 6
-42 6
-42 6
-42 6
-42 6
-42 6
-42 6
-42 6
-42 6
-42 6
-42 6
-42 6
-42 6
-42 6
-42 6
-42 6
-42 6
-42 6
-42 6
-48 4
-47 3
-47 3
-47 3
-47 3
-47 3
-47 3
-47 3
-47 3
-47 3
-47 3
-47 3
-47 3
-47 3
-47 3
-47 3
-47 3
-47 3
-47 3
-47 3
-47 3
-47 3
-47 3
-47 3
-47 3
-47 3
-47 3
-47 3
-47 3
-47 3
-47 3
-47 3
-47 3
-47 3
-47 3
-47 3
-47 3
-47 3
-47 3
-47 3
-47 3
-47 3
-47 3
-47 3
-47 3
-47 3
-47 3
-47 3
-47 3
-47 3
-47 3
-35 6
-35 6
-35 6
-35 6
-35 6
-35 6
-35 6
-35 6
-35 6
-35 6
-35 6
-35 6
-35 6
-35 6
-35 6
-35 6
-35 6
-35 6
-35 6
-35 6
-35 6
-35 6
-35 6
-42 5
-42 5
-42 5
-42 5
-42 5
-42 5
-42 5
-42 5
-42 5
-42 5
-42 5
-42 5
-42 5
-42 5
-42 5
-42 5
-42 5
-42 5
-42 5
-42 5
-42 5
-42 5
-42 5
-42 5
-42 5
-42 5
-42 5
-42 5
-42 5
-42 5
-42 5
-42 5
-42 5
-42 5
-42 5
-42 5
-42 5
-42 5
-42 5
-42 5
-42 5
-42 5
-42 5
-42 5
-42 5
-42 5
-42 5
-42 5
-42 5
-42 5
-42 5
-42 5
-42 5
-42 5
-42 5
-42 5
-42 5
-42 5
-42 5
-40 6
-36 9
-36 9
-36 9
-36 9
-36 9
-36 9
-36 9
-36 9
-36 9
-36 9
-36 9
-36 9
-36 9
-36 9
-36 9
-36 9
-36 9
-36 9
-36 9
-36 9
-36 9
-36 9
-36 9
-38 12
-38 12
-38 12
-38 12
-38 12
-38 12
-38 12
-38 12
-38 12
-38 12
-38 12
-38 12
-38 12
-38 12
-35 11
-35 11
-35 11
-35 11
-35 11
-35 11
-35 11
-35 11
-35 11
-35 11
-35 11
-35 11
-35 11
-35 11
-35 11
-35 16
-35 16
-35 16
-35 16
-35 16
-35 16
-35 16
-35 16
-35 16
-35 16
-35 16
-35 16
-40 14
-40 14
-40 14
-40 14
-40 14
-40 14
-40 14
-40 14
-40 14
-40 14
-40 14
-40 14
-40 14
-40 14
-40 14
-40 14
-40 14
-40 14
-40 14
-40 14
-40 14
-40 14
-40 14
-40 14
-40 14
-40 14
-40 14
-40 14
-40 14
-40 14
-40 14
-40 14
-40 14
-40 14
-40 14
-40 14
-37 19
-37 19
-37 19
-37 19
-37 19
-37 19
-37 19
-37 19
-37 19
-37 19
-37 19
-37 19
-37 19
-37 19
-37 19
-37 19
-37 19
-37 19
-37 19
-37 19
-37 19
-37 19
-37 19
-37 19
-37 19
-37 19
-37 19
-37 19
-37 19
-37 19
-37 19
-37 19
-37 19
-37 19
-37 19
-37 19
-37 19
-37 19
-37 19
-33 20
-33 20
-33 20
-33 20
-33 20
-33 20
-33 20
-33 20
-33 20
-33 20
-33 20
-33 20
-33 20
-33 20
-33 20
-33 20
-33 20
-33 20
-33 20
-33 20
-33 20
-33 20
-33 20
-33 20
-33 20
-33 20
-33 20
-33 20
-33 20
-33 20
-33 20
-33 20
-33 20
-33 20
-33 20
-33 20
-34 27
-34 27
-34 27
-34 27
-34 27
-34 27
-34 27
-34 27
-34 27
-34 27
-34 27
-34 27
-34 27
-34 27
-34 27
-34 27
-34 29
-34 29
-34 29
-34 29
-34 29
-34 29
-34 29
-34 29
-34 29
-34 29
-34 29
-34 29
-34 29
-34 29
-34 29
-34 29
-34 29
-34 29
-34 29
-34 29
-34 29
-34 29
-34 29
-34 29
-34 29
-34 29
-34 29
-34 29
-34 29
-34 29
-34 29
-34 29
-34 29
-34 29
-34 29
-34 29
-34 29
-34 29
-34 29
-34 29
-34 29
-34 29
-34 29
-34 29
-34 29
-34 29
-34 29
-34 29
-34 29
-34 29
-34 29
-34 29
-34 29
-28 33
-28 33
-28 33
-28 33
-28 33
-28 33
-28 33
-28 33
-28 33
-28 33
-28 33
-28 33
-28 33
-28 33
-28 33
-28 33
-28 33
-28 33
-28 33
-28 33
-28 33
-28 33
-28 33
-28 33
-28 33
-28 33
-28 33
-28 33
-28 33
-28 33
-28 33
-28 33
-24 33
-22 34
-22 34
-22 34
-22 34
-22 34
-22 34
-22 34
-22 34
-22 34
-22 34
-22 34
-22 34
-22 34
-22 34
-22 34
-19 41
-19 41
-19 41
-19 41
-19 41
-19 41
-19 41
-19 41
-19 41
-19 41
-19 41
-19 41
-19 41
-19 41
-19 41
-19 41
-20 40
-20 40
-20 40
-20 40
-20 40
-20 40
-20 40
-20 40
-20 40
-20 40
-20 40
-20 40
-20 40
-20 40
-20 40
-20 40
-20 40
-20 40
-20 40
-20 40
-20 40
-20 40
-20 40
-20 40
-20 40
-20 40
-20 40
-20 40
-20 40
-20 40
-20 40
-20 40
-20 40
-20 40
-13 40
-13 40
-13 40
-13 40
-13 40
-13 40
-13 40
-13 40
-13 40
-13 40
-13 40
-13 40
-13 40
-13 40
-13 40
-13 40
-13 40
-10 45
-10 45
-10 45
-10 45
-10 45
-10 45
-10 45
-10 45
-10 45
-10 45
-10 45
-10 45
-10 45
-10 45
-10 45
-10 45
-10 45
-10 45
-10 45
-10 45
-10 45
-10 45
-10 45
-10 45
-10 45
-10 45
-10 45
-10 45
-7 41
-7 41
-7 41
-7 41
-7 41
-7 41
-7 41
-7 41
-7 41
-7 41
-7 41
-7 41
-7 41
-7 41
-7 41
-7 41
-7 41
-7 41
-7 41
-7 41
-7 41
-7 41
-7 41
-7 41
-7 41
-7 41
-7 41
-7 41
-7 41
-7 41
-7 41
-7 41
-7 41
-7 41
-7 41
-7 41
-7 41
-7 41
-12 42
-12 42
-12 42
-12 42
-12 42
-12 42
-12 42
-12 42
-12 42
-12 42
-12 42
-12 42
-12 42
-12 42
-12 42
-12 42
-12 42
-12 42
-12 42
-12 42
-12 42
-12 42
-12 42
-12 42
-12 42
-12 42
-12 42
-12 42
-12 42
-12 42
-12 42
-12 42
-12 42
-12 42
-12 42
-12 42
-7 42
-7 42
-7 42
-7 42
-7 42
-7 42
-7 42
-7 42
-7 42
-7 42
-7 42
-7 42
-7 42
-7 42
-7 42
-7 42
-7 42
-10 43
-10 43
-10 43
-10 43
-10 43
-10 43
-10 43
-10 43
-10 43
-10 43
-10 43
-10 43
-10 43
-10 43
-10 43
-10 43
-10 43
-10 43
-10 43
-4 38
-4 38
-4 38
-4 38
-4 38
-4 38
-4 38
-4 38
-4 38
-4 38
-4 38
-4 38
-4 38
-4 38
-4 38
-4 38
-4 38
-4 38
-4 38
-4 38
-4 38
-4 38
-4 38
-4 38
-4 38
-4 38
-4 38
-4 38
-4 38
-4 38
-4 38
-4 38
-4 38
-4 38
-4 39
-4 39
-4 39
-4 39
-4 39
-4 39
-4 39
-4 39
-4 39
-4 39
-4 39
-4 39
-4 39
-4 39
-4 39
-4 39
-4 34
-4 34
-4 34
-4 34
-4 34
-4 34
-4 34
-4 34
-4 34
-4 34
-4 34
-4 34
-4 34
-4 34
-4 34
-4 34
-4 34
-4 34
-4 34
-4 34
-4 34
-4 34
-4 34
-4 34
-4 34
-4 34
-4 34
-4 34
-4 34
-4 34
-4 34
-4 34
-4 34
-4 34
-4 34
-4 31
-4 31
-4 31
-4 31
-4 31
-4 31
-4 31
-4 31
-4 31
-4 31
-4 31
-4 31
-4 31
-4 31
-4 31
-1 23
-1 23
-1 23
-1 23
-1 23
-1 23
-1 23
-1 23
-1 23
-1 23
-1 23
-1 23
-1 23
-1 23
-1 23
-1 23
-1 23
0 18
0 18
0 18
0 18
0 18
0 18
0 18
0 18
0 18
0 18
0 18
0 18
0 18
0 18
0 18
0 18
0 18
0 18
0 18
0 18
0 18
0 18
0 18
0 18
0 18
0 18
0 18
0 18
0 18
0 18
0 18
0 9
0 9
0 9
0 9
0 9
0 9
0 9
0 9
0 9
0 9
0 9
0 9
0 9
0 9
0 9
0 9
0 9
0 9
0 9
0 9
0 9
0 9
0 9
0 9
0 9
0 9
0 9
0 9
0 9
0 9
0 4
0 4
0 4
0 4
0 4
0 4
0 4
0 4
0 4
0 4
0 4
0 4
0 4
0 4
0 4
0 4
0 4
0 4
0 4
0 4
0 4
0 4
0 4
0 4
0 4
0 4
0 4
0 4
0 4
0 4
0 4
0 4
1 0
1 0
1 0
1 0
1 0
1 0
1 0
1 0
1 0
1 0
1 0
1 0
1 0
1 0
1 0
1 0
1 0
1 0
1 0
1 0
1 0
1 0
1 0
1 0
1 0
1 0
1 0
1 0
1 0
1 0
1 0
1 0
1 0
1 0
1 0
1 0
1 0
1 0
1 0
1 0
1 0
1 0
1 0
1 0
1 0
1 0
1 0
1 0
1 0
1 0
1 0
1 0
1 0
1 0
1 0
1 0
1 0
1 0
1 0
1 0
1 0
1 0
1 0
1 0
1 0
1 0
1 0
1 0
1 0
1 0
1 0
1 0
1 0
1 0
1 0
1 0
1 0
1 0
1 0
1 0
1 0
1 0
1 0
1 0
1 0
1 0
1 0
1 0
1 0
1 0
1 0
1 0
1 0
1 0
1 0
1 0
1 0
1 0
1 0
1 0
1 0
1 0
1 0
1 0
1 0
1 0
1 0
1 0
1 0
1 0
1 0
1 0
1 0
1 0
1 0
1 0
1 0
1 0
1 0
1 0
1 0
1 0
1 0
1 0
1 0
1 0
1 0
1 0
1 0
1 0
1 0
1 0
1 0
1 0
1 0
1 0
1 0
1 0
1 0
1 0
1 0
1 0
1 0
1 0
1 0
1 0
1 0
1 0
1 0
1 0
1 0
1 0
1 0
1 0
1 0
1 0
1 0
1 0
1 0
1 0
1 0
1 0
1 0
1 0
1 0
1 0
1 0
1 0
1 0
1 0
1 0
1 0
1 0
1 0
1 0
1 0
1 0
1 0
1 0
1 0
1 0
1 0
1 0
1 0
1 0
1 0
1 0
1 0
1 0
1 0
1 0
1 0
1 0
1 0
1 0
1 0
1 0
1 0
1 0
1 0
1 0
1 0
1 0
1 0
1 0
1 0
1 0
1 0
1 0
1 0
1 0
1 0
1 0
1 0
1 0
1 0
1 0
1 0
1 0
1 0
1 0
1 0
1 0
1 0
1 0
1 0
1 0
1 0
1 0
1 0
1 0
1 0
1 0
1 0
1 0
1 0
1 0
-1 1
-1 1
-1 1
-1 1
-1 1
-1 1
-1 1
-1 1
-1 1
-1 1
-1 1
-1 1
-1 1
-1 1
-1 1
-1 1
-1 1
-1 1
-4 2
-4 2
-4 2
-4 2
-4 2
-4 2
-4 2
-4 2
-4 2
-4 2
-4 2
-4 2
-4 2
-4 2
-4 2
-4 2
-4 2
-4 2
-4 2
-4 2
-4 2
-4 2
-4 2
-4 2
-4 2
-4 2
-4 2
-4 2
-4 2
-4 2
-4 2
-2 0
-2 0
-2 0
-2 0
-2 0
-2 0
-2 0
-2 0
-2 0
-2 0
-2 0
-2 0
-2 0
-2 0
-2 0
-2 0
-2 0
-1 0
-1 0
-1 0
-1 0
-1 0
-1 0
-1 0
-1 0
-1 0
-1 0
-1 0
-1 0
-1 0
-1 0
-1 0
-1 0
-1 0
-1 0
-1 0
-1 0
-1 0
-1 0
-1 0
-1 0
-1 0
-1 0
-1 0
-1 0
-1 0
-1 0
-1 0
-1 0
-1 0
-1 0
-1 0
-1 0
-1 0
-1 0
-1 0
-1 0
-1 0
-1 0
-1 0
-1 0
-1 0
-1 0
-1 0
-1 0
-1 0
-1 0
-1 0
-1 0
0 1
0 1
0 1
0 1
0 1
0 1
0 1
0 1
0 1
0 1
0 1
0 1
0 1
0 1
0 1
0 1
0 1
0 1
0 1
0 1
0 1
0 1
0 1
0 1
0 1
0 1
0 1
0 1
0 1
0 1
0 1
0 1
0 1
0 1
0 1
0 1
0 1
0 1
0 1
0 1
0 1
0 1
0 1
0 1
0 1
0 1
0 1
0 1
0 1
0 1
0 1
0 1
0 1
0 1
0 1
0 1
0 1
0 1
0 1
0 1
0 1
0 1
0 1
0 1
0 1
0 1
0 1
0 1
0 1
0 1
0 1
0 1
0 1
0 1
0 1
0 1
0 1
0 1
0 1
0 1
0 1
0 1
0 1
0 1
0 1
0 1
0 1
0 1
0 1
0 1
0 1
0 1
0 1
0 1
0 1
0 1
0 1
0 1
0 1
0 1
0 1
0 1
0 1
0 1
0 1
0 1
0 1
0 1
0 1
0 1
0 1
0 1
0 1
0 1
0 1
0 1
0 1
0 1
0 1
0 1
0 1
0 1
0 1
0 1
0 1
0 1
0 1
0 1
0 1
0 1
0 1
0 1
0 1
0 1
0 1
0 1
0 1
0 1
0 1
0 1
0 1
0 1
0 1
0 1
0 1
0 1
0 1
0 1
0 1
0 1
0 1
0 1
0 1
0 1
0 1
0 1
0 1
0 1
0 1
0 1
0 1
0 1
0 1
0 1
0 1
0 1
0 1
0 1
0 1
0 1
0 1
0 1
0 1
0 1
0 1
0 1
0 1
0 1
0 1
0 1
0 1
0 1
0 1
0 1
0 1
0 1
0 1
0 1
0 1
0 1
0 1
0 1
0 1
0 1
0 1
0 1
0 1
0 1
0 1
0 1
0 1
0 1
0 1
0 1
0 1
0 1
0 1
0 1
0 1
0 1
0 1
0 1
0 1
0 1
0 1
0 1
0 1
0 1
0 1
0 1
0 1
0 1
0 1
0 1
0 1
0 1
0 1
0 1
0 1
0 1
0 1
0 1
0 1
0 1
0 1
0 1
0 1
0 1
0 1
0 1
0 1
0 1
0 1
0 1
0 1
0 1
0 1
0 1
0 1
0 1
0 1
0 1
0 1
0 1
0 1
0 1
0 1
0 1
0 1
0 1
0 1
0 1
0 1
0 1
0 1
0 1
0 1
0 1
0 1
0 1
0 1
0 1
0 1
0 1
0 1
0 1
0 1
0 1
0 1
0 1
0 1
0 1
0 1
0 1
0 1
0 1
0 1
0 1
0 1
0 1
0 1
0 1
0 1
0 1
0 1
0 1
0 1
0 1
0 1
0 1
0 1
0 1
0 1
0 1
0 1
0 1
0 1
0 1
0 1
0 1
0 1
0 1
0 1
0 1
0 1
0 1
0 1
0 1
0 1
0 1
0 1
0 1
0 1
0 1
0 1
0 1
0 1
0 1
0 1
0 1
0 1
0 1
0 1
0 1
0 1
0 1
0 1
0 1
0 1
0 1
0 1
0 1
0 1
0 1
0 1
0 1
0 1
0 1
0 1
0 1
0 1
0 1
0 1
0 1
0 1
0 1
0 1
0 1
0 1
0 1
0 1
0 1
0 1
0 1
0 1
0 1
0 1
0 1
0 1
0 1
0 1
0 1
0 1
0 1
0 1
0 1
0 1
0 1
0 1
0 1
0 1
0 1
0 1
0 1
0 1
0 1
0 1
0 1
0 1
0 1
0 1
0 1
0 1
0 1
0 1
0 1
0 1
0 1
0 1
0 1
0 1
0 1
0 1
0 1
0 1
0 1
0 1
0 1
0 1
0 1
0 1
0 1
0 1
0 1
0 1
0 1
0 1
0 1
0 1
0 1
0 1
0 1
0 1
0 1
0 1
0 1
0 1
0 1
0 1
0 1
0 1
0 1
0 1
0 1
0 1
0 1
0 1
0 1
0 1
0 1
0 1
0 1
0 1
0 1
0 1
0 1
0 1
0 1
0 1
0 1
0 1
0 1
0 1
0 1
0 1
0 1
0 1
0 1
0 1
0 1
0 1
0 1
0 1
0 1
0 1
0 1
0 1
0 1
0 1
0 1
0 1
0 1
0 1
0 1
0 1
0 1
0 1
0 1
0 1
0 1
0 1
0 1
0 1
0 1
0 1
0 1
0 1
0 1
0 1
0 1
0 1
0 1
0 1
0 1
0 1
0 1
0 1
0 1
0 1
0 1
0 1
0 1
0 1
0 1
0 1
0 1
0 1
0 1
0 1
0 1
0 1
0 1
0 1
0 1
0 1
0 1
0 1
0 1
0 1
0 1
0 1
0 1
0 1
0 1
0 1
0 1
0 1
0 1
0 1
0 1
0 1
0 1
0 1
0 1
0 1
0 1
0 1
0 1
0 1
0 1
0 1
0 1
0 1
0 1
0 1
0 1
0 1
0 1
0 1
0 1
0 1
0 1
0 1
0 1
0 1
0 1
0 1
0 1
0 1
0 1
0 1
0 1
0 1
0 1
0 1
0 1
0 1
0 1
0 1
0 1
0 1
0 1
0 1
0 1
0 1
0 1
0 1
0 1
0 1
0 1
0 1
0 1
0 1
