-4 -84
1 -78
1 -78
0 -87
-6 -82
-6 -82
-10 -80
-14 -80
-14 -80
-14 -70
-14 -70
-16 -75
-31 -67
-27 -64
-27 -64
-33 -51
-33 -51
-33 -51
-33 -51
-33 -51
-33 -51
-33 -51
-33 -51
-33 -51
-33 -51
-33 -51
-33 -51
-33 -51
-33 -51
-33 -51
-33 -51
-33 -51
-33 -51
-33 -51
-33 -51
-33 -51
-33 -51
-33 -51
-33 -51
-33 -51
-33 -51
-33 -51
-33 -51
-33 -51
-33 -51
-33 -51
-33 -51
-33 -51
-33 -51
-33 -51
-33 -51
-33 -51
-33 -51
-33 -51
-33 -51
-33 -51
-38 -46
-38 -46
-38 -46
-38 -46
-38 -46
-38 -46
-38 -46
-38 -46
-38 -46
-38 -46
-38 -46
-38 -46
-38 -46
-38 -46
-38 -46
-38 -46
-38 -46
-38 -46
-38 -46
-38 -46
-38 -46
-38 -46
-38 -46
-38 -46
-38 -46
-38 -46
-38 -46
-38 -46
-38 -46
-38 -46
-38 -46
-38 -46
-38 -46
-38 -46
-38 -46
-38 -46
-38 -39
-48 -38
-48 -38
-48 -38
-48 -38
-48 -38
-48 -38
-48 -38
-48 -38
-48 -38
-48 -38
-48 -38
-48 -38
-48 -38
-48 -38
-48 -38
-48 -38
-48 -38
-48 -38
-48 -38
-48 -38
-48 -38
-48 -38
-48 -38
-48 -38
-48 -38
-48 -38
-48 -38
-48 -38
-48 -38
-48 -38
-48 -38
-48 -38
-37 -41
-37 -41
-37 -41
-37 -41
-37 -41
-37 -41
-37 -41
-46 -35
-46 -35
-46 -35
-46 -35
-46 -35
-46 -35
-46 -35
-46 -35
-46 -35
-46 -35
-46 -35
-46 -35
-46 -35
-46 -35
-46 -35
-46 -35
-46 -35
-46 -35
-46 -35
-46 -35
-46 -35
-46 -35
-46 -35
-46 -35
-46 -35
-46 -35
-46 -35
-46 -35
-46 -35
-46 -35
-46 -35
-46 -35
-46 -35
-46 -35
-46 -35
-46 -35
-46 -35
-46 -35
-46 -35
-46 -35
-48 -38
-48 -38
-48 -38
-48 -38
-48 -38
-48 -38
-48 -38
-48 -38
-48 -38
-48 -38
-48 -38
-48 -38
-48 -38
-48 -38
-48 -38
-48 -38
-48 -38
-48 -38
-48 -38
-48 -38
-48 -38
-48 -38
-48 -38
-48 -38
-48 -38
-48 -38
-48 -38
-48 -38
-48 -38
-48 -38
-48 -38
-48 -38
-48 -38
-48 -38
-48 -38
-48 -38
-48 -38
-48 -38
-48 -38
-48 -38
-48 -38
-39 -24
-39 -24
-37 -23
-37 -23
-37 -23
-37 -23
-37 -23
-37 -23
-37 -23
-37 -23
-37 -23
-37 -23
-37 -23
-37 -23
-37 -23
-37 -23
-37 -23
-37 -23
-37 -23
-37 -23
-37 -23
-37 -23
-37 -23
-37 -23
-37 -23
-37 -23
-37 -23
-37 -23
-37 -23
-37 -23
-37 -23
-37 -23
-37 -23
-37 -23
-37 -23
-38 -22
-38 -22
-38 -22
-38 -22
-38 -22
-38 -22
-38 -22
-38 -22
-38 -22
-38 -22
-38 -22
-38 -22
-38 -22
-38 -22
-38 -22
-38 -22
-38 -22
-38 -22
-38 -22
-38 -22
-38 -22
-38 -22
-42 -23
-42 -23
-42 -23
-42 -23
-42 -23
-42 -23
-42 -23
-42 -23
-42 -23
-42 -23
-42 -23
-42 -23
-42 -23
-42 -23
-42 -23
-42 -23
-42 -23
-48 -18
-48 -18
-48 -18
-48 -18
-48 -18
-48 -18
-48 -18
-48 -18
-48 -18
-48 -18
-48 -18
-48 -18
-48 -18
-48 -18
-48 -18
-48 -18
-48 -18
-48 -18
-48 -18
-48 -18
-48 -18
-48 -18
-48 -18
-48 -18
-48 -18
-48 -18
-48 -18
-48 -18
-48 -18
-48 -18
-48 -18
-48 -18
-48 -18
-48 -18
-48 -18
-48 -18
-48 -18
-48 -18
-48 -18
-48 -18
-48 -18
-48 -18
-48 -18
-48 -18
-48 -18
-48 -18
-48 -18
-48 -18
-48 -18
-48 -18
-48 -18
-48 -18
-48 -18
-48 -18
-48 -18
-48 -18
-48 -18
-48 -18
-48 -18
-48 -18
-48 -18
-48 -18
-48 -18
-48 -18
-48 -18
-48 -18
-48 -18
-48 -18
-48 -18
-48 -18
-48 -18
-48 -18
-48 -18
-48 -18
-48 -18
-48 -18
-48 -18
-48 -18
-48 -18
-48 -18
-48 -18
-48 -18
-48 -18
-48 -18
-48 -18
-48 -18
-48 -18
-48 -18
-48 -18
-48 -18
-48 -18
-48 -18
-48 -18
-48 -18
-48 -18
-48 -18
-48 -18
-48 -18
-48 -18
-48 -18
-48 -18
-44 -15
-45 -9
-45 -9
-45 -9
-45 -9
-45 -9
-45 -9
-45 -9
-45 -9
-45 -9
-45 -9
-45 -9
-45 -9
-45 -9
-45 -9
-45 -9
-45 -9
-45 -9
-45 -9
-45 -9
-45 -9
-45 -9
-45 -9
-45 -9
-45 -9
-45 -9
-45 -9
-45 -9
-45 -9
-45 -9
-45 -9
-45 -9
-45 -9
-45 -9
-45 -9
-45 -9
-45 -9
-45 -9
-45 -9
-45 -9
-45 -9
-45 -9
-45 -9
-45 -9
-45 -9
-45 -9
-40 -13
-40 -13
-40 -13
-40 -13
-40 -13
-40 -13
-40 -13
-40 -13
-40 -13
-40 -13
-40 -13
-40 -13
-40 -13
-40 -13
-40 -13
-40 -13
-40 -13
-44 -7
-44 -7
-44 -7
-44 -7
-44 -7
-44 -7
-44 -7
-44 -7
-44 -7
-44 -7
-44 -7
-44 -7
-44 -7
-44 -7
-44 -7
-44 -7
-44 -7
-44 -7
-44 -7
-44 -7
-44 -7
-44 -7
-44 -7
-44 -7
-44 -7
-44 -7
-43 -6
-43 -6
-43 -6
-43 -6
-43 -6
-43 -6
-43 -6
-43 -6
-43 -6
-43 -6
-43 -6
-43 -6
-43 -6
-43 -6
-43 -6
-43 -6
-43 -6
-43 -6
-43 -6
-43 -6
-43 -6
-43 -6
-43 -6
-43 -6
-43 -6
-43 -6
-43 -6
-43 -6
-43 -6
-43 -6
-43 -6
-43 -6
-43 -6
-43 -6
-43 -6
-43 -6
-43 -6
-43 -6
-43 -6
-43 -6
-43 -6
-43 -6
-43 -6
-43 -6
-43 -6
-43 -6
-43 -6
-43 -6
-43 -6
-43 -6
-43 -6
-43 -6
-43 -6
-43 -6
-43 -6
-43 -6
-43 -6
-43 -6
-43 -6
-43 -6
-43 -6
-43 -6
-43 -6
-43 -6
-43 -6
-36 -4
-42 1
-42 1
-42 1
-42 1
-42 1
-42 1
-42 1
-42 1
-42 1
-42 1
-42 1
-42 1
-42 1
-42 1
-42 1
-42 1
-42 1
-42 1
-42 1
-42 1
-42 1
-42 1
-42 1
-42 1
-42 1
-42 1
-42 1
-42 1
-42 1
-42 1
-42 1
-42 1
-42 1
-46 -1
-46 -1
-46 -1
-46 -1
-46 -1
-46 -1
-46 -1
-46 -1
-46 -1
-46 -1
-46 -1
-46 -1
-46 -1
-46 -1
-46 -1
-46 -1
-46 -1
-46 -1
-46 -1
-46 -1
-46 -1
-46 -1
-46 -1
-46 -1
-45 0
-45 0
-45 0
-45 0
-45 0
-45 0
-45 0
-45 0
-45 0
-45 0
-45 0
-45 0
-45 0
-45 0
-45 0
-45 0
-46 8
-46 8
-46 8
-46 8
-46 8
-46 8
-46 8
-46 8
-46 8
-46 8
-46 8
-46 8
-46 8
-46 8
-46 8
-46 8
-46 8
-46 8
-46 8
-46 8
-42 10
-42 10
-42 10
-42 10
-42 10
-42 10
-42 10
-42 10
-42 10
-42 10
-42 10
-42 10
-42 10
-42 10
-42 10
-42 10
-42 10
-42 10
-42 10
-42 10
-42 10
-42 10
-42 10
-42 10
-42 10
-42 10
-42 10
-42 10
-42 10
-42 10
-42 10
-42 10
-42 10
-42 10
-42 10
-42 10
-42 10
-42 10
-42 10
-42 10
-42 10
-42 10
-42 10
-42 10
-42 10
-42 10
-42 10
-42 10
-42 10
-42 10
-42 10
-42 10
-42 10
-42 10
-42 10
-42 10
-42 10
-42 10
-42 10
-42 10
-42 10
-42 10
-42 10
-42 10
-42 10
-42 10
-42 10
-42 10
-42 10
-42 10
-42 10
-42 10
-42 10
-42 10
-42 10
-42 10
-42 10
-42 10
-42 10
-42 10
-42 10
-42 10
-42 10
-42 10
-42 10
-42 10
-42 10
-42 10
-42 10
-42 10
-42 10
-42 10
-42 10
-42 10
-42 10
-42 10
-42 10
-42 10
-42 10
-42 10
-42 10
-42 10
-42 10
-42 10
-42 10
-42 10
-42 10
-42 10
-42 10
-42 10
-42 10
-42 10
-42 10
-42 10
-42 10
-42 10
-42 10
-42 10
-42 10
-42 10
-42 10
-42 10
-42 10
-42 10
-42 10
-42 10
-52 7
-41 18
-41 18
-41 18
-41 18
-41 18
-41 18
-41 18
-41 18
-41 18
-41 18
-41 18
-41 18
-41 18
-41 18
-41 18
-41 18
-41 18
-41 18
-41 18
-41 18
-41 18
-41 18
-41 18
-41 18
-41 18
-41 18
-41 18
-41 18
-41 18
-41 18
-41 18
-41 18
-41 18
-41 18
-41 18
-41 18
-41 18
-56 22
-56 22
-56 22
-56 22
-56 22
-56 22
-56 22
-56 22
-56 22
-56 22
-56 22
-56 22
-56 22
-56 22
-56 22
-56 22
-56 22
-56 22
-56 22
-56 22
-56 22
-56 22
-56 22
-56 22
-56 22
-56 22
-56 22
-56 22
-56 22
-56 22
-56 22
-56 22
-56 22
-56 22
-56 22
-56 22
-56 22
-56 22
-56 22
-56 22
-56 22
-56 22
-56 22
-56 22
-56 22
-56 22
-56 22
-56 22
-56 22
-56 22
-56 22
-56 22
-56 22
-56 22
-56 22
-56 22
-56 22
-56 22
-56 22
-56 22
-56 22
-56 22
-56 22
-56 22
-56 22
-52 15
-52 15
-52 15
-52 15
-52 15
-52 15
-52 15
-52 15
-52 15
-52 15
-52 15
-52 15
-52 15
-52 15
-52 15
-52 15
-52 15
-53 19
-53 19
-53 19
-53 19
-53 19
-53 19
-53 19
-53 19
-53 19
-53 19
-53 19
-53 19
-53 19
-53 19
-53 19
-53 19
-53 19
-53 19
-53 19
-53 19
-53 19
-53 19
-53 19
-53 19
-53 19
-53 19
-53 19
-53 19
-53 19
-53 19
-53 19
-53 19
-53 19
-53 19
-53 19
-53 19
-53 19
-53 19
-53 19
-53 19
-53 19
-50 23
-50 23
-50 23
-50 23
-50 23
-50 23
-50 23
-50 23
-50 23
-50 23
-50 23
-50 23
-50 23
-50 23
-50 23
-50 23
-50 23
-50 23
-50 23
-50 23
-50 23
-50 23
-50 23
-50 23
-50 23
-50 23
-50 23
-50 23
-50 23
-50 23
-50 23
-50 23
-50 23
-50 23
-50 23
-50 23
-50 23
-50 23
-50 23
-50 23
-50 23
-50 23
-46 20
-50 28
-50 28
-50 28
-50 28
-50 28
-50 28
-50 28
-50 28
-45 23
-45 23
-45 23
-45 23
-45 23
-45 23
-45 23
-45 23
-45 23
-45 23
-45 23
-45 23
-45 23
-45 23
-45 23
-45 23
-45 23
-45 23
-45 23
-45 23
-45 23
-45 23
-45 23
-45 23
-45 23
-45 23
-45 23
-45 23
-45 23
-45 23
-45 23
-45 23
-45 23
-45 23
-45 23
-45 23
-45 23
-45 23
-45 23
-45 23
-47 31
-47 31
-47 31
-47 31
-47 31
-47 31
-47 31
-47 31
-47 31
-47 31
-47 31
-47 31
-47 31
-47 31
-47 31
-47 31
-47 31
-47 31
-47 31
-47 31
-47 31
-47 31
-47 31
-47 31
-47 31
-47 31
-47 31
-47 31
-47 31
-47 31
-47 31
-47 31
-47 31
-47 31
-47 31
-47 31
-47 31
-47 31
-47 31
-47 31
-47 31
-47 31
-46 28
-46 28
-46 28
-46 28
-46 28
-46 28
-46 28
-46 28
-46 28
-46 28
-46 28
-46 28
-46 28
-46 28
-46 28
-46 28
-46 28
-46 28
-46 28
-46 28
-46 28
-46 28
-46 28
-46 28
-46 28
-46 28
-46 28
-46 28
-46 28
-46 28
-46 28
-46 28
-46 28
-46 28
-46 28
-46 28
-46 28
-46 28
-46 28
-46 28
-46 28
-46 28
-46 28
-46 28
-46 28
-46 28
-46 28
-46 28
-40 36
-47 25
-47 25
-47 25
-47 25
-47 25
-47 25
-47 25
-47 25
-47 25
-47 25
-47 25
-47 25
-47 25
-47 25
-47 25
-47 25
-47 25
-47 25
-47 25
-34 28
-34 28
-34 28
-34 28
-34 28
-34 28
-34 28
-34 28
-34 28
-34 28
-34 28
-34 28
-34 28
-34 28
-34 28
-34 28
-34 28
-34 28
-34 28
-34 28
-27 25
-27 25
-27 25
-27 25
-27 25
-27 25
-27 25
-27 25
-27 25
-27 25
-27 25
-27 25
-27 25
-27 25
-27 25
-27 25
-27 25
-27 25
-27 25
-27 25
-27 25
-27 25
-27 25
-27 25
-27 25
-27 25
-27 25
-27 25
-27 25
-27 25
-27 25
-27 25
-27 25
-27 25
-27 25
-27 25
-27 25
-27 25
-27 25
-27 25
-27 25
-27 25
-27 25
-26 31
-26 31
-26 31
-26 31
-26 31
-26 31
-26 31
-26 31
-26 31
-26 31
-26 31
-26 31
-26 31
-26 31
-26 31
-26 31
-26 31
-26 31
-26 31
-26 31
-26 31
-26 31
-26 31
-26 31
-26 31
-26 31
-26 31
-26 31
-26 31
-26 31
-26 31
-26 31
-26 31
-26 31
-26 31
-26 31
-26 31
-26 31
-26 31
-26 31
-26 31
-26 26
-32 35
-32 35
-32 35
-32 35
-32 35
-32 35
-32 35
-32 35
-32 35
-32 35
-32 35
-32 35
-32 35
-32 35
-32 35
-32 35
-32 35
-32 35
-32 35
-32 35
-32 35
-32 35
-32 35
-32 35
-32 35
-32 35
-32 35
-32 35
-32 35
-32 35
-32 35
-32 35
-32 35
-32 35
-32 35
-32 35
-32 35
-32 35
-25 31
-25 31
-25 31
-25 31
-25 31
-25 31
-25 31
-25 31
-25 31
-25 31
-25 31
-25 31
-25 31
-25 31
-25 31
-22 26
-22 26
-22 26
-22 26
-22 26
-22 26
-22 26
-22 26
-22 26
-22 26
-22 26
-22 26
-22 26
-22 26
-22 26
-22 26
-22 26
-22 26
-22 26
-22 26
-22 26
-22 26
-22 26
-22 26
-22 26
-22 26
-22 26
-22 26
-22 26
-22 26
-22 26
-22 26
-22 26
-22 26
-22 26
-22 26
-22 26
-22 26
-22 26
-22 26
-22 26
-22 26
-22 26
-22 26
-16 22
-16 22
-16 22
-16 22
-16 22
-16 22
-16 22
-16 22
-16 22
-16 22
-16 22
-16 22
-16 22
-16 22
-16 22
-16 22
-16 22
-16 22
-16 22
-16 22
-16 22
-16 22
-16 22
-16 22
-16 22
-16 22
-16 22
-16 22
-16 22
-16 22
-16 22
-16 22
-16 22
-16 22
-16 22
-16 22
-16 22
-16 22
-16 22
-16 22
-16 22
-16 22
-16 22
-16 22
-16 22
-16 22
-16 22
-16 22
-16 22
-16 22
-16 22
-15 29
-14 27
-14 27
-14 27
-14 27
-14 27
-14 27
-14 27
-14 27
-14 27
-14 27
-14 27
-14 27
-14 27
-14 27
-14 27
-14 27
-14 27
-14 27
-14 27
-14 27
-14 27
-14 27
-14 27
-14 27
-14 27
-14 27
-14 27
-14 27
-14 27
-14 27
-14 27
-14 27
-14 27
-14 27
-14 27
-14 27
-14 27
-14 27
-14 27
-14 27
-14 27
-14 27
-14 27
-14 27
-14 27
-14 27
-14 27
-14 27
-14 27
-14 27
-14 27
-14 27
-14 27
-14 27
-14 27
-14 27
-14 27
-12 25
-12 25
-12 25
-12 25
-12 25
-12 25
-12 25
-12 25
-12 25
-12 25
-12 25
-12 25
-12 25
-12 25
-12 25
-12 25
-12 25
-14 28
-14 28
-14 28
-14 28
-14 28
-14 28
-14 28
-14 28
-14 28
-14 28
-14 28
-14 28
-14 28
-14 28
-14 28
-14 28
-14 28
-14 28
-14 28
-14 28
-14 28
-14 28
-14 28
-14 28
-14 28
-14 28
-14 28
-14 28
-14 28
-14 28
-14 28
-14 28
-14 28
-14 28
-14 28
-14 28
-14 28
-14 28
-14 28
-14 28
-14 28
-14 28
-14 28
-14 28
-14 28
-14 28
-14 28
-14 28
-14 28
-14 28
-14 28
-14 28
-14 28
-14 28
-14 28
-14 28
-14 28
-14 28
-14 28
-14 28
-14 28
-14 28
-14 28
-14 28
-14 28
-14 28
-14 28
-14 28
-14 28
-14 28
-14 28
-14 28
-14 28
-14 28
-14 28
-14 28
-14 28
-14 28
-14 28
-14 28
-14 28
-14 28
-14 28
-14 28
-14 28
-14 28
-14 28
-14 28
-14 28
-14 28
-14 28
-14 28
-14 28
-14 28
-14 28
-14 28
-14 28
-14 28
-14 28
-14 28
-16 31
-15 32
-15 32
-15 32
-15 32
-15 32
-15 32
-15 32
-15 32
-15 32
-15 32
-15 32
-15 32
-15 32
-15 32
-15 32
-15 32
-15 32
-15 32
-15 32
-15 32
-15 32
-15 32
-15 32
-15 32
-15 32
-15 32
-15 32
-15 32
-15 32
-15 32
-15 32
-15 32
-15 32
-15 32
-15 32
-16 31
-16 31
-16 31
-16 31
-16 31
-16 31
-16 31
-16 31
-16 31
-16 31
-16 31
-16 31
-16 31
-16 31
-16 31
-16 31
-16 31
-16 31
-16 31
-16 31
-15 33
-15 33
-15 33
-15 33
-15 33
-15 33
-15 33
-15 33
-15 33
-15 33
-15 33
-15 33
-15 33
-15 33
-15 33
-15 33
-15 33
-15 33
-15 33
-15 33
-15 33
-15 33
-15 33
-15 33
-15 33
-15 33
-15 33
-15 33
-15 33
-15 33
-15 33
-15 33
-15 33
-15 33
-15 33
-15 33
-15 33
-15 33
-15 33
-15 33
-15 33
-15 33
-15 33
-15 33
-15 33
-15 36
-15 36
-15 36
-15 36
-15 36
-15 36
-15 36
-15 36
-15 36
-15 36
-15 36
-15 36
-15 36
-15 36
-15 36
-15 36
-15 36
-15 36
-15 36
-15 36
-15 36
-15 36
-15 36
-15 36
-15 36
-15 36
-15 36
-15 36
-15 36
-15 36
-15 36
-15 36
-15 36
-15 36
-15 36
-15 36
-15 36
-15 36
-15 36
-15 36
-15 36
-15 36
-15 36
-15 36
-15 36
-15 36
-15 36
-17 36
-17 36
-17 36
-17 36
-17 36
-17 36
-17 36
-17 36
-17 36
-17 36
-17 36
-17 36
-17 36
-17 36
-17 36
-17 36
-17 36
-17 36
-17 36
-17 36
-17 36
-17 36
-17 36
-17 36
-17 36
-17 36
-17 36
-17 36
-17 36
-17 36
-17 36
-17 36
-17 36
-17 36
-17 36
-17 36
-17 36
-17 36
-17 36
-17 36
-17 36
-17 36
-17 36
-17 36
-17 36
-17 36
-17 36
-17 36
-17 36
-21 34
-21 34
-18 29
-18 29
-18 29
-18 29
-18 29
-18 29
-18 29
-18 29
-18 29
-18 29
-18 29
-18 29
-18 29
-18 29
-18 29
-18 29
-18 29
-18 29
-18 29
-18 29
-18 29
-18 29
-18 29
-18 29
-18 29
-18 29
-18 29
-18 29
-18 29
-18 29
-18 29
-18 29
-18 29
-18 29
-18 29
-18 29
-18 29
-18 29
-18 29
-18 29
-18 29
-18 29
-18 29
-18 29
-18 29
-18 29
-18 29
-18 29
-18 29
-18 29
-18 29
-18 29
-18 29
-18 29
-18 29
-18 29
-18 29
-18 29
-7 25
-7 25
-7 25
-7 25
-7 25
-7 25
-7 25
-7 25
-7 25
-7 25
-7 25
-7 23
-7 23
-7 23
-7 23
-7 23
-7 23
-7 23
-7 23
-7 23
-7 23
-7 23
-7 23
-7 23
-7 23
-7 23
-7 23
-7 23
-7 23
-7 23
-7 23
-7 23
-7 23
-7 23
-7 23
-7 23
-8 29
-8 29
-8 29
-8 29
-8 29
-8 29
-8 29
-8 29
-8 29
-8 29
-8 29
-8 29
-8 29
-8 29
-8 29
-8 29
-8 29
-8 29
-8 29
-8 29
-8 29
-8 29
-8 29
-8 29
-8 29
-8 29
-8 29
-8 29
-8 29
-8 29
-8 29
-9 39
-17 38
-17 38
-17 38
-17 38
-17 38
-17 38
-17 38
-17 38
-17 38
-17 38
-17 38
-17 38
-17 38
-17 38
-17 38
-17 38
-17 38
-17 38
-17 38
-17 38
-17 38
-17 38
-17 38
-17 38
-17 38
-8 37
-8 37
-8 37
-8 37
-8 37
-8 37
-8 37
-8 37
-8 37
-8 37
-8 37
-8 37
-8 37
-8 37
-8 37
-8 37
-8 37
-14 35
-14 35
-14 35
-14 35
-14 35
-14 35
-14 35
-14 35
-14 35
-14 35
-14 35
-14 35
-14 35
-14 35
-14 35
-19 41
-19 41
-19 41
-19 41
-19 41
-19 41
-19 41
-19 41
-19 41
-19 41
-19 41
-19 41
-19 41
-19 41
-19 41
-19 41
-19 41
-19 41
-19 41
-19 41
-19 41
-19 41
-19 41
-19 41
-19 41
-19 41
-19 41
-19 41
-19 41
-19 41
-19 41
-19 41
-19 41
-19 41
-19 41
-19 41
-19 41
-19 41
-19 41
-19 41
-19 41
-19 41
-19 41
-19 41
-19 41
-19 41
-11 42
-11 45
-11 45
-11 45
-11 45
-11 45
-11 45
-11 45
-11 45
-11 45
-11 45
-11 45
-11 45
-11 45
-11 45
-11 45
-11 45
-11 45
-11 45
-11 45
-11 45
-11 45
-11 45
-11 45
-11 45
-11 45
-11 45
-11 45
-11 45
-11 45
-11 45
-11 45
-11 45
-11 45
-11 45
-11 45
-11 45
-11 45
-11 45
-11 45
-11 45
-11 45
-11 45
-11 45
-11 45
-11 45
-11 45
-6 40
0 34
0 34
0 34
0 34
0 34
0 34
0 34
0 34
0 34
0 34
0 34
0 34
0 34
0 34
0 34
0 34
0 34
0 34
0 34
0 34
0 34
0 34
0 34
0 34
0 34
0 34
0 34
0 34
0 34
0 34
1 36
1 36
1 36
1 36
1 36
1 36
1 36
1 36
1 36
1 36
1 36
1 36
1 36
1 36
1 36
1 36
1 36
1 36
1 36
1 36
1 36
1 36
1 36
1 36
1 36
1 36
1 36
1 36
1 36
1 36
1 36
1 36
1 36
1 36
1 36
1 36
1 36
1 36
1 36
1 36
1 36
1 36
1 36
1 36
1 36
1 36
1 36
1 36
1 36
1 36
1 36
1 36
-2 34
-1 30
-1 30
-6 22
-6 22
-6 22
-6 22
-6 22
-6 22
-6 22
-6 22
-6 22
-6 22
-6 22
-6 22
-6 22
-6 22
-6 22
-6 22
-6 22
-6 22
-6 22
-6 22
-2 20
-2 20
-2 20
-2 20
-2 20
-2 20
-2 20
-2 20
-2 20
-2 20
-2 20
-2 20
-2 20
-2 20
-2 20
1 16
1 16
1 16
1 16
1 16
1 16
1 16
1 16
1 16
1 16
1 16
1 16
1 16
1 16
1 16
1 16
1 16
1 16
1 16
1 16
1 16
1 16
1 16
1 16
1 16
1 16
1 16
1 16
1 16
1 16
1 16
1 16
1 16
1 16
1 16
1 16
1 16
1 16
1 16
1 16
1 16
1 16
1 16
1 16
1 16
1 16
1 16
1 16
1 16
1 16
1 16
1 16
1 16
1 16
1 16
1 16
1 16
1 16
1 16
1 16
1 16
1 16
1 16
1 16
1 16
1 16
1 16
1 16
1 16
1 16
1 16
-1 14
-3 11
-3 11
-3 11
-3 11
-3 11
-3 11
-3 11
-3 11
-3 11
-3 11
-3 11
-3 11
-3 11
-3 11
-3 11
-3 11
-3 11
-3 11
-3 11
-3 11
-3 11
-3 11
-3 11
-3 11
-3 11
-3 11
-3 11
-3 11
-3 11
-3 11
-3 11
-3 11
-3 11
-3 11
-3 11
-3 11
-3 11
-3 11
-3 11
-3 11
-2 12
-4 11
-4 11
-4 11
-4 11
-4 11
-4 11
-4 11
-4 11
-4 11
-4 11
-4 11
-4 11
-4 11
-4 11
-4 11
-4 11
-4 11
-4 11
-4 11
-4 11
-4 11
-4 11
-4 11
-4 11
-4 11
-4 11
1 11
1 11
1 11
1 11
1 11
1 11
1 11
1 11
1 11
1 11
1 11
1 11
1 11
1 11
1 11
1 11
1 11
1 11
1 11
1 11
1 11
1 11
1 11
1 11
1 11
1 11
1 11
1 11
1 11
1 11
1 11
1 11
1 11
1 11
1 11
1 11
1 11
1 11
1 11
1 11
1 11
1 11
1 11
1 11
1 11
1 11
1 11
1 11
1 11
1 11
1 11
0 14
0 14
0 14
0 14
0 14
0 14
0 14
0 14
0 14
0 14
0 14
0 14
0 14
0 14
0 14
0 14
0 14
0 14
0 14
0 14
0 14
0 14
0 14
0 14
0 14
0 14
0 14
0 14
0 14
0 14
0 14
0 14
0 14
0 14
0 14
0 14
0 14
-5 23
-5 23
-5 23
-5 23
-5 23
-5 23
-5 23
-5 23
-5 23
-5 23
-5 23
-5 23
-5 23
-5 23
-5 23
-5 23
-5 23
-5 23
-5 23
-5 23
-5 23
-5 23
-5 23
-5 23
-5 23
-5 23
-6 28
-6 28
-6 28
-6 28
-6 28
-6 28
-6 28
-6 28
-6 28
-6 28
-2 33
-2 33
-2 33
-2 33
-2 33
-2 33
-2 33
-2 33
-2 33
-8 30
-8 30
-8 30
-8 30
-8 30
-8 30
-8 30
-8 30
-8 30
-8 30
-8 30
-8 30
-8 30
-8 30
-8 30
-8 30
-8 30
-8 30
-8 30
-8 30
-8 30
-8 30
-8 30
-8 30
-8 30
-8 30
-8 30
-8 30
-8 30
-3 39
-3 39
-3 39
-3 39
-3 39
-3 39
-3 39
-3 39
-3 39
-3 39
-3 39
-3 39
-3 39
-3 39
-3 39
-3 39
-3 39
-3 39
-3 39
-3 39
-3 39
-3 39
-3 39
-3 39
-3 39
-3 39
-3 39
-3 39
-3 39
-3 39
-3 39
-3 39
-3 39
0 43
0 43
0 43
0 43
0 43
0 43
0 43
0 43
0 43
0 43
0 43
0 43
0 43
0 43
0 43
0 43
0 43
0 43
0 43
0 43
0 43
0 43
0 43
0 43
0 43
0 43
0 43
0 43
0 43
0 43
0 43
0 43
0 43
0 43
1 39
1 39
1 39
1 39
1 39
1 39
1 39
1 39
-1 41
-1 41
-1 41
-1 41
-1 41
-1 41
-1 41
-1 41
-1 41
-1 41
-1 41
-1 41
-1 41
-1 41
-1 41
-1 41
-1 41
-1 41
-1 41
-1 41
-1 41
-1 41
-1 41
-1 41
-1 41
-1 41
-1 41
-1 41
-1 41
-1 41
-1 41
-1 41
-1 41
-1 41
-1 41
-1 41
-1 41
-1 41
-1 41
-1 41
-1 41
-1 41
-1 41
-1 41
-1 41
-1 41
-1 41
-1 41
-1 41
-1 41
-1 41
-1 41
-1 41
-1 41
-1 41
-1 41
-1 41
-1 41
-1 41
-1 41
-1 41
-1 41
-1 37
1 34
1 34
1 34
1 34
1 34
1 34
1 34
1 34
1 34
1 34
1 34
1 34
1 34
1 34
1 34
1 34
1 34
1 34
1 34
1 34
1 34
1 34
1 34
1 34
-1 34
-1 34
-1 34
-1 34
-1 34
-1 34
-1 34
-1 34
-1 34
-1 34
-1 34
-1 34
-1 34
-1 34
-1 34
-1 34
-1 34
-1 34
-1 34
-1 34
-1 34
-1 34
-1 34
-1 34
-1 34
-1 34
-1 34
-1 34
-1 34
-1 34
-1 34
-4 34
-4 34
-4 34
-4 34
-4 34
-4 34
-4 34
-4 34
-4 34
-4 34
-4 34
-4 34
1 35
1 35
1 35
1 35
1 35
1 35
1 35
1 35
1 35
1 35
1 35
1 35
1 35
1 35
-1 31
-1 31
-1 31
-1 31
-1 31
-1 31
-1 31
-1 31
-1 31
-1 31
-1 31
-1 31
-1 31
-1 31
-1 31
-1 31
-1 31
-1 31
-1 31
-1 31
-1 31
-1 31
-1 31
-1 31
-1 31
-1 31
-1 31
-1 31
-1 31
-1 31
-1 31
-1 31
-1 31
-1 31
-1 31
-1 31
-1 31
-1 31
-1 31
-1 31
-1 31
-1 31
-1 31
-1 31
-1 31
-1 31
-1 31
-1 31
-1 31
-1 31
-1 31
-1 31
-1 31
-1 31
-1 31
-1 31
2 28
2 28
2 28
2 28
2 28
2 28
2 28
2 28
2 28
2 28
2 28
2 28
2 27
2 27
2 27
2 27
2 27
2 27
2 27
2 27
2 27
2 27
2 27
2 27
2 27
2 27
2 27
2 27
1 31
1 31
1 31
1 31
1 31
1 31
1 31
1 31
1 31
1 31
1 31
1 31
1 31
1 31
1 31
-2 18
-2 18
-2 18
-2 18
-2 18
-2 18
-2 18
-2 18
-2 18
-2 18
-2 18
-2 18
-2 18
-2 18
-2 18
-2 18
-2 18
-2 18
-2 18
-2 18
-2 18
-2 18
-2 18
-2 18
-2 18
-2 18
-2 18
-2 18
-2 18
-2 18
-2 18
-2 18
-2 18
-2 18
-2 18
-2 18
-2 18
-2 18
-2 18
-2 18
-2 18
-2 18
-2 18
-2 18
-2 18
-2 18
-2 18
-2 18
-2 18
-2 18
-2 18
-2 18
-2 18
-2 18
-2 18
-2 18
-2 18
-2 18
-2 18
-2 18
-2 18
0 24
2 28
2 28
2 28
2 28
2 28
2 28
2 28
2 28
2 28
2 28
2 28
2 28
2 28
2 28
2 28
2 28
2 28
2 28
2 28
2 28
2 28
2 28
1 28
1 28
1 28
1 28
1 28
1 28
1 28
1 28
1 28
1 28
1 28
1 28
1 28
1 31
1 31
1 31
1 31
1 31
1 31
1 31
1 31
1 31
1 31
1 31
1 31
1 31
1 31
1 33
1 33
1 33
1 33
1 33
1 33
1 33
1 33
1 33
1 33
1 33
1 33
1 33
1 33
1 33
1 33
1 33
1 33
1 33
1 33
1 33
1 33
1 33
1 33
1 33
1 33
1 33
1 33
1 33
-2 33
-2 33
-2 33
-2 33
-2 33
-2 33
-2 33
-2 33
-2 33
-2 33
-2 33
-2 33
-2 33
-2 33
-2 33
-2 33
-2 33
-2 33
-2 33
-2 33
-2 33
-2 33
-2 33
-2 33
-2 33
-2 33
-2 33
-2 33
-2 33
-2 33
-2 33
-2 33
-2 33
-2 33
-2 33
-2 33
-2 33
-2 33
-2 33
-2 33
-2 33
-2 33
-2 33
-2 33
-2 33
-2 33
-2 33
-2 33
-2 33
-2 33
-2 33
-2 33
-2 33
-2 33
-2 33
-2 33
-2 33
-2 33
-2 33
-2 33
-2 33
-2 33
-2 33
-1 32
2 37
2 37
2 37
2 37
2 37
2 37
5 34
0 31
0 31
0 31
0 31
0 31
0 31
0 31
0 31
0 31
0 31
0 31
0 31
0 31
0 31
0 31
0 31
0 31
0 31
0 31
0 31
0 31
0 31
0 31
0 31
0 31
0 31
0 31
0 31
0 31
0 31
0 31
0 31
3 36
3 36
3 36
3 36
3 36
3 36
3 36
3 36
3 36
3 36
3 36
3 36
3 36
3 36
3 36
3 36
3 36
3 36
3 36
3 36
3 36
3 36
3 36
3 36
3 36
3 36
3 36
3 36
3 36
3 36
3 36
3 36
3 36
3 36
3 36
3 36
3 36
0 27
0 27
0 27
0 27
0 27
0 27
0 27
0 27
0 27
0 27
0 27
0 27
0 27
0 27
0 27
0 27
9 34
9 34
9 34
9 34
9 34
9 34
9 34
9 34
9 34
9 34
9 34
9 34
9 34
9 34
9 34
9 34
9 34
9 34
9 34
9 34
9 34
9 34
9 34
9 34
9 34
9 34
9 34
9 34
9 34
9 34
9 34
9 34
9 34
9 34
9 34
9 34
9 34
9 34
9 34
9 34
9 34
7 32
5 33
5 33
5 33
5 33
5 33
5 33
5 33
5 33
5 33
5 33
5 33
5 33
5 33
5 33
5 33
5 33
5 33
5 33
5 33
5 33
5 33
5 33
5 33
5 33
5 33
5 33
5 33
5 33
5 33
5 33
5 33
5 33
5 33
5 33
5 33
5 33
5 33
5 33
5 33
5 33
5 33
5 33
5 33
5 33
5 33
5 33
5 33
5 33
5 33
5 33
5 33
5 33
5 33
5 33
5 33
5 33
5 33
5 33
5 33
5 33
5 33
5 33
5 33
6 34
6 34
6 34
6 34
6 34
6 34
6 34
6 34
6 34
6 34
6 34
6 34
6 34
6 34
6 34
6 34
6 34
6 34
6 34
6 34
6 34
6 34
6 34
6 34
6 34
6 34
6 34
6 34
6 34
6 34
6 34
6 34
2 32
2 32
2 32
2 32
2 32
2 32
2 32
2 32
2 32
2 32
2 32
2 32
2 32
2 32
2 32
2 32
2 32
2 32
2 32
2 32
2 32
2 32
2 32
2 32
2 32
2 32
2 32
2 32
2 32
2 32
2 32
2 32
2 32
2 32
2 32
2 32
2 32
2 32
2 32
2 32
2 32
2 32
2 32
2 32
2 32
2 32
2 32
2 32
2 32
2 32
2 32
2 32
2 32
2 32
2 32
2 32
2 32
2 32
2 32
2 32
2 32
2 32
2 32
2 32
2 32
3 30
6 27
6 27
6 27
6 27
6 27
6 27
6 27
6 27
6 27
6 27
6 27
6 27
6 27
6 27
6 27
12 34
6 35
6 35
6 35
6 35
6 35
6 35
6 35
6 35
6 35
6 35
4 36
4 36
4 36
4 36
4 36
4 36
4 36
4 36
4 36
4 36
4 36
4 36
4 36
4 36
4 36
4 36
4 36
4 36
4 36
4 36
4 36
4 36
4 36
4 36
4 36
4 36
4 36
4 36
4 36
8 38
8 38
8 38
8 38
8 38
8 38
8 38
8 38
8 38
8 38
8 38
8 38
8 38
8 38
8 38
8 38
8 38
8 38
8 38
8 38
8 38
8 38
8 38
8 38
8 38
8 38
8 38
8 38
8 38
8 38
11 38
11 38
11 38
11 38
11 38
11 38
11 38
11 38
11 38
11 38
11 38
11 38
11 38
11 38
11 38
11 38
11 38
11 38
11 38
11 38
11 38
11 38
11 38
11 38
11 38
11 38
11 38
11 38
11 38
11 38
13 41
5 30
5 30
5 30
5 30
5 30
5 30
5 30
5 30
5 30
5 30
5 30
5 30
14 33
14 33
14 33
14 33
14 33
14 33
14 33
14 33
14 33
14 33
14 33
14 33
14 33
14 33
14 33
14 33
14 33
14 33
14 33
14 33
14 33
14 33
14 33
14 33
14 33
14 33
14 33
14 33
14 33
14 33
14 33
14 33
14 33
14 33
14 33
13 36
13 36
13 36
13 36
13 36
13 36
13 36
13 36
13 36
13 36
13 36
13 36
13 36
13 36
13 36
13 36
13 36
13 36
13 36
13 36
13 36
13 36
13 36
13 36
13 36
13 36
13 36
13 36
13 36
13 36
13 36
13 36
13 36
13 36
13 36
13 36
13 36
13 36
13 36
13 36
13 36
14 32
18 36
18 36
18 36
18 36
18 36
18 36
18 36
18 36
18 36
18 36
18 36
18 36
18 36
18 36
18 36
18 36
18 36
18 36
18 36
18 36
18 36
18 36
18 36
18 36
18 36
18 36
18 36
18 36
18 36
18 36
18 36
18 36
18 36
18 36
12 33
12 33
12 33
12 33
12 33
12 33
12 33
12 33
12 33
12 33
12 33
12 33
12 33
17 31
17 31
17 31
17 31
17 31
17 31
17 31
17 31
17 31
17 31
17 31
17 31
17 31
17 31
17 31
17 31
17 31
17 31
17 31
17 31
17 31
17 31
17 31
17 31
17 31
17 31
17 31
17 31
17 31
17 31
17 31
17 31
17 31
17 31
17 31
17 31
17 31
17 31
17 31
17 31
17 31
17 31
17 31
17 31
17 31
17 31
17 31
17 31
17 31
17 31
17 31
17 31
17 31
26 31
32 40
32 40
32 40
32 40
32 40
32 40
32 40
32 40
32 40
32 40
32 40
32 40
32 40
32 40
32 40
32 40
32 40
32 40
32 40
32 40
32 40
32 40
32 40
32 40
32 40
32 40
32 40
32 40
32 40
32 40
32 40
32 40
32 40
29 38
29 38
29 38
29 38
29 38
29 38
29 38
29 38
29 38
29 38
29 38
29 38
29 38
29 38
29 38
29 38
29 38
29 38
29 38
29 38
29 38
29 38
29 38
29 38
29 38
29 38
29 38
29 38
29 38
29 38
29 38
29 38
29 38
29 38
29 38
30 29
30 29
30 29
30 29
30 29
30 29
30 29
30 29
29 37
29 37
30 31
30 31
30 31
30 31
30 31
30 31
30 31
30 31
30 31
30 31
30 31
30 31
30 31
30 31
30 31
30 31
30 31
30 31
30 31
30 31
30 31
30 31
30 31
30 31
34 40
34 40
34 40
34 40
34 40
34 40
34 40
34 40
34 40
34 40
34 40
34 40
34 40
34 40
34 40
34 40
34 40
34 40
34 40
34 40
34 40
34 40
34 40
34 40
34 40
34 40
34 40
37 29
37 29
37 29
37 29
37 29
37 29
37 29
37 29
37 29
37 29
37 29
37 29
37 29
37 29
37 29
37 29
37 29
37 29
37 29
37 29
37 29
37 29
37 29
37 29
37 29
37 29
37 29
37 29
37 29
37 29
37 29
37 29
37 29
37 29
39 33
39 33
39 33
39 33
39 33
39 33
39 33
39 33
39 33
39 33
39 33
39 33
39 33
39 33
39 33
39 33
52 27
52 27
52 27
52 27
52 27
52 27
52 27
52 27
52 27
52 27
52 27
52 27
52 27
52 27
52 27
52 27
52 27
52 27
52 27
52 27
52 27
52 27
52 27
52 27
52 27
52 27
52 27
52 27
41 25
41 25
41 25
41 25
41 25
41 25
41 25
41 25
41 25
41 25
41 25
41 25
41 25
41 25
41 25
41 25
41 25
41 25
41 25
41 25
41 25
41 25
41 25
41 25
41 25
41 25
41 25
41 25
41 25
41 25
41 25
41 25
41 25
41 25
41 25
41 25
41 25
41 25
41 25
41 25
41 25
41 25
41 25
41 25
41 25
41 25
41 25
41 25
41 25
41 25
42 16
56 17
56 17
56 17
56 17
56 17
56 17
56 17
56 17
56 17
56 17
56 17
56 17
56 17
56 17
56 17
56 17
56 17
56 17
56 17
56 17
56 17
56 17
56 17
56 17
56 17
56 17
56 17
56 17
56 17
68 13
68 13
68 13
68 13
68 13
68 13
68 13
68 13
68 13
68 13
68 13
68 13
68 13
68 13
68 13
68 13
68 13
68 13
68 13
68 13
68 13
68 13
68 13
68 13
68 13
68 13
68 13
68 13
68 13
70 9
70 9
70 9
70 9
70 9
70 9
70 9
70 9
70 9
70 9
70 9
70 9
70 9
70 9
70 9
70 9
70 9
70 9
70 9
70 9
70 9
70 9
70 9
70 9
70 9
70 9
70 9
70 9
70 9
70 9
70 9
70 9
70 9
70 9
70 9
70 9
70 9
70 9
70 9
70 9
70 9
70 9
70 9
70 9
70 9
70 9
65 10
72 5
72 5
72 5
72 5
72 5
72 5
72 5
72 5
72 5
72 5
72 5
72 5
72 5
72 5
72 5
72 5
72 5
72 5
72 5
72 5
72 5
72 5
69 1
69 1
69 1
69 1
69 1
69 1
69 1
69 1
69 1
69 1
69 1
69 1
69 1
69 1
69 1
69 1
69 1
69 1
69 1
69 1
69 1
69 1
69 1
69 1
69 1
69 1
69 1
69 1
69 1
69 1
69 1
69 1
69 1
69 1
69 1
69 1
69 1
69 1
69 1
69 1
69 1
69 1
69 1
69 1
69 1
69 1
69 1
69 1
69 1
69 1
69 1
69 1
69 1
69 1
69 1
69 1
69 1
69 1
69 1
69 1
69 1
69 1
69 1
69 1
69 1
64 -6
64 -6
64 -6
64 -6
64 -6
64 -6
64 -6
64 -6
64 -6
64 -6
64 -6
64 -6
64 -6
64 -6
64 -6
64 -6
64 -6
64 -6
64 -6
64 -6
64 -6
64 -6
64 -6
64 -6
64 -6
64 -6
64 -6
64 -6
64 -6
64 -6
64 -6
64 -6
64 -6
64 -6
64 -6
70 -9
70 -9
70 -9
70 -9
70 -9
70 -9
70 -9
70 -9
70 -9
70 -9
70 -9
70 -9
70 -9
70 -9
70 -9
70 -9
70 -9
70 -9
70 -9
70 -9
70 -9
70 -9
70 -9
70 -9
70 -9
70 -9
70 -9
70 -9
70 -9
70 -9
70 -9
70 -9
70 -9
70 -9
70 -9
58 -12
46 -7
46 -7
46 -7
46 -7
46 -7
46 -7
46 -7
46 -7
46 -7
46 -7
46 -7
46 -7
46 -7
46 -7
46 -7
46 -7
46 -7
46 -7
46 -7
46 -7
46 -7
46 -7
46 -7
46 -7
46 -7
46 -7
46 -7
54 -23
55 -24
55 -24
55 -24
55 -24
55 -24
55 -24
55 -24
55 -24
55 -24
55 -24
55 -24
55 -24
55 -24
55 -24
55 -24
55 -24
55 -24
55 -24
55 -24
55 -24
55 -24
55 -24
55 -24
55 -24
55 -24
55 -24
55 -24
55 -24
55 -24
55 -24
55 -24
55 -24
55 -24
55 -24
55 -24
55 -24
55 -24
55 -24
55 -24
57 -31
57 -31
57 -31
57 -31
57 -31
57 -31
57 -31
57 -31
57 -31
57 -31
57 -31
57 -31
57 -31
57 -31
57 -31
57 -31
57 -31
57 -31
57 -31
57 -31
51 -39
51 -39
51 -39
51 -39
51 -39
51 -39
51 -39
51 -39
51 -39
51 -39
51 -39
51 -39
51 -39
51 -39
51 -39
51 -39
51 -39
51 -39
51 -39
51 -39
51 -39
51 -39
52 -46
52 -46
52 -46
52 -46
52 -46
52 -46
52 -46
52 -46
52 -46
52 -46
52 -46
52 -46
52 -46
52 -46
52 -46
52 -46
52 -46
52 -46
52 -46
52 -46
52 -46
52 -46
52 -46
52 -46
52 -46
52 -46
52 -46
52 -46
52 -46
52 -46
52 -46
52 -46
52 -46
52 -46
52 -46
52 -46
52 -46
52 -46
52 -46
52 -46
52 -46
52 -46
52 -46
52 -46
52 -46
52 -46
52 -46
52 -46
52 -46
52 -46
52 -46
52 -46
52 -46
52 -46
52 -46
52 -46
52 -46
52 -46
52 -46
52 -46
52 -46
52 -46
52 -46
52 -46
52 -46
52 -46
52 -46
52 -46
52 -46
52 -46
52 -46
52 -46
52 -46
46 -57
46 -57
46 -57
46 -57
46 -57
46 -57
46 -57
46 -57
46 -57
46 -57
46 -57
46 -57
46 -57
46 -57
46 -57
46 -57
46 -57
46 -57
46 -57
46 -57
46 -57
46 -57
46 -57
46 -57
46 -57
46 -57
46 -57
46 -57
46 -57
46 -57
46 -57
46 -57
46 -57
46 -54
46 -54
46 -54
46 -54
46 -54
46 -54
46 -54
46 -54
46 -54
46 -54
46 -54
43 -55
49 -70
49 -70
49 -70
49 -70
49 -70
49 -70
49 -70
49 -70
49 -70
49 -70
49 -70
49 -70
49 -70
49 -70
49 -70
49 -70
49 -70
49 -70
49 -70
49 -70
49 -70
49 -70
49 -70
49 -70
49 -70
49 -70
49 -70
49 -70
49 -70
49 -70
49 -70
49 -70
49 -70
49 -70
49 -70
49 -70
49 -70
49 -70
49 -70
49 -70
49 -70
49 -70
49 -70
49 -70
49 -70
41 -67
41 -67
41 -67
41 -67
41 -67
41 -67
41 -67
41 -67
41 -67
41 -67
41 -67
41 -67
41 -67
41 -67
41 -67
41 -67
41 -67
41 -67
41 -67
41 -67
41 -67
41 -67
41 -67
41 -67
41 -67
41 -67
41 -67
41 -67
41 -67
41 -67
41 -67
41 -67
41 -67
41 -67
41 -67
41 -67
41 -67
41 -67
41 -67
41 -67
41 -67
41 -67
41 -67
41 -67
41 -67
41 -67
41 -67
40 -65
39 -65
39 -65
39 -65
39 -65
39 -65
39 -65
39 -65
39 -65
39 -65
39 -65
39 -65
39 -65
39 -65
39 -65
39 -65
39 -65
39 -65
39 -65
39 -65
39 -65
39 -65
39 -65
39 -65
39 -65
39 -65
39 -65
39 -65
39 -65
39 -65
39 -65
39 -65
39 -65
39 -65
39 -65
39 -65
39 -65
39 -65
39 -65
39 -64
39 -64
39 -64
39 -64
39 -64
39 -64
39 -64
39 -64
39 -64
39 -64
39 -64
39 -64
39 -64
39 -64
39 -64
39 -64
39 -64
39 -64
39 -64
39 -64
35 -72
35 -72
35 -72
35 -72
35 -72
35 -72
35 -72
35 -72
35 -72
35 -72
35 -72
35 -72
35 -72
35 -72
35 -72
35 -72
35 -72
35 -72
35 -72
35 -72
35 -72
35 -72
35 -72
35 -72
35 -72
35 -72
35 -72
35 -72
35 -72
35 -72
35 -72
35 -72
35 -72
35 -72
35 -72
35 -72
35 -72
35 -72
35 -72
35 -72
35 -72
35 -72
35 -72
35 -72
35 -72
35 -72
35 -72
35 -72
35 -72
35 -72
35 -72
35 -72
35 -72
35 -72
35 -72
35 -72
35 -72
35 -72
35 -72
35 -72
35 -72
35 -72
35 -72
35 -72
35 -72
35 -72
32 -71
27 -68
27 -68
27 -68
27 -68
27 -68
27 -68
27 -68
27 -68
27 -68
27 -68
27 -68
27 -68
27 -68
27 -68
27 -68
27 -68
27 -68
27 -68
27 -68
27 -68
27 -68
27 -68
27 -68
27 -68
27 -68
27 -68
27 -68
27 -68
27 -68
27 -68
27 -68
27 -68
27 -68
27 -68
27 -68
27 -68
27 -68
27 -68
27 -68
27 -68
27 -68
27 -68
27 -68
27 -68
27 -68
27 -68
27 -68
27 -68
27 -68
27 -68
27 -68
27 -68
27 -68
27 -68
27 -68
27 -68
27 -68
27 -68
27 -68
27 -68
27 -68
27 -68
27 -68
27 -68
27 -68
27 -68
27 -68
27 -68
27 -68
27 -68
27 -68
27 -68
27 -68
23 -64
18 -66
18 -66
18 -66
18 -66
18 -66
18 -66
18 -66
18 -66
18 -66
18 -66
18 -66
18 -66
18 -66
18 -66
18 -66
13 -61
13 -61
13 -61
13 -61
13 -61
13 -61
13 -61
13 -61
13 -61
13 -61
13 -61
13 -61
13 -61
13 -61
13 -61
13 -61
13 -61
13 -61
13 -61
13 -61
13 -61
13 -61
13 -61
13 -61
13 -61
13 -61
13 -61
13 -61
13 -61
13 -61
13 -61
13 -61
13 -61
13 -61
13 -61
13 -61
13 -61
13 -61
13 -61
13 -61
13 -61
13 -61
13 -61
13 -61
13 -61
13 -61
13 -61
13 -61
13 -61
13 -61
13 -61
13 -61
13 -61
13 -61
13 -61
13 -61
13 -61
13 -61
13 -61
13 -61
13 -61
13 -61
13 -56
13 -56
13 -56
13 -56
13 -56
13 -56
13 -56
13 -56
13 -56
13 -56
13 -56
13 -56
13 -56
13 -56
13 -56
13 -56
13 -56
13 -56
13 -56
13 -56
11 -49
9 -43
9 -43
9 -43
9 -43
9 -43
9 -43
9 -43
9 -43
9 -43
0 -46
0 -46
0 -46
0 -46
0 -46
0 -46
0 -46
0 -46
0 -46
0 -46
0 -46
0 -46
0 -46
0 -46
0 -46
0 -46
0 -46
0 -46
0 -46
0 -46
0 -46
0 -46
0 -46
0 -46
0 -46
0 -46
0 -46
0 -46
0 -46
0 -46
0 -46
0 -46
0 -46
0 -46
0 -46
0 -46
0 -46
0 -46
0 -46
0 -46
0 -46
0 -46
0 -46
0 -46
0 -46
0 -46
0 -46
0 -46
0 -46
0 -46
0 -46
0 -46
0 -46
0 -46
0 -46
0 -46
0 -46
0 -46
0 -46
0 -46
0 -46
0 -46
0 -46
0 -46
0 -46
0 -46
0 -46
0 -46
0 -46
0 -46
0 -46
0 -46
0 -46
0 -46
0 -46
0 -46
0 -46
0 -46
0 -46
0 -46
2 -42
2 -42
2 -42
2 -42
2 -42
2 -42
2 -42
2 -42
2 -42
2 -42
2 -42
2 -42
2 -42
2 -42
2 -42
2 -42
2 -42
2 -42
2 -42
2 -42
2 -42
2 -42
2 -42
2 -42
2 -42
2 -42
2 -42
2 -42
2 -42
2 -42
2 -42
2 -42
2 -42
2 -42
2 -37
0 -33
0 -33
0 -33
0 -33
0 -33
0 -33
0 -33
0 -33
0 -33
0 -33
0 -33
0 -33
0 -33
0 -33
0 -33
0 -33
0 -33
0 -33
0 -33
0 -33
0 -33
0 -33
0 -33
0 -33
3 -35
3 -35
3 -35
3 -35
3 -35
3 -35
3 -35
3 -35
3 -35
3 -35
3 -35
3 -35
3 -35
3 -35
3 -35
3 -35
3 -35
3 -35
3 -35
3 -35
3 -35
3 -35
3 -35
3 -35
3 -35
3 -35
3 -35
3 -35
3 -35
3 -35
3 -35
3 -35
3 -35
3 -35
3 -35
3 -35
3 -35
3 -35
3 -35
3 -35
3 -35
3 -35
3 -35
3 -35
3 -35
3 -35
3 -35
3 -35
3 -35
3 -35
3 -35
3 -35
3 -35
3 -35
3 -35
3 -35
3 -35
3 -35
3 -35
3 -35
3 -35
3 -35
3 -35
3 -35
3 -35
3 -35
3 -35
3 -35
3 -35
3 -35
3 -35
3 -35
3 -35
3 -35
3 -35
3 -35
3 -35
3 -35
3 -35
3 -35
3 -35
3 -35
3 -35
3 -35
3 -35
3 -35
3 -28
3 -32
1 -25
1 -25
1 -25
1 -25
1 -25
1 -25
1 -25
1 -25
1 -25
1 -25
1 -25
1 -25
1 -25
1 -25
1 -25
1 -25
1 -25
1 -25
1 -25
1 -25
1 -25
1 -25
1 -25
1 -25
1 -25
1 -25
1 -25
1 -27
1 -27
1 -27
1 -27
1 -27
1 -27
1 -27
1 -27
1 -27
1 -27
1 -27
1 -23
1 -23
1 -23
1 -23
1 -23
1 -23
1 -23
1 -23
1 -23
1 -23
1 -23
1 -23
1 -23
1 -23
1 -23
1 -23
1 -23
1 -23
1 -23
1 -23
1 -23
1 -23
1 -23
1 -23
1 -23
1 -23
1 -23
1 -23
1 -23
1 -23
1 -23
1 -23
1 -23
1 -23
1 -23
1 -23
1 -23
1 -23
1 -23
1 -23
1 -23
1 -23
1 -23
1 -23
1 -23
1 -23
1 -23
1 -23
1 -23
1 -23
3 -21
3 -19
3 -19
3 -19
3 -19
3 -19
3 -19
3 -19
3 -19
3 -19
3 -19
3 -19
3 -19
3 -19
3 -19
3 -19
3 -19
3 -19
3 -19
3 -19
3 -19
-1 -10
-1 -10
-1 -10
-1 -10
-1 -10
-1 -10
-1 -10
-1 -10
-1 -10
-1 -10
-1 -10
-1 -10
-1 -10
-1 -10
-1 -10
-2 -9
-2 -9
-2 -9
-2 -9
-2 -9
-2 -9
-2 -9
-2 -9
-2 -9
-2 -9
-2 -9
-2 -9
-2 -9
-2 -9
-2 -9
-2 -9
-2 -9
-2 -9
-2 -9
-3 -9
-3 -9
-3 -9
-3 -9
-3 -9
-3 -9
-3 -9
-3 -9
-3 -9
-3 -9
-3 -9
-3 -9
-3 -9
-3 -9
-3 -9
-3 -9
-3 -9
-3 -9
-3 -9
-3 -9
-3 -9
-3 -9
-3 -9
-3 -9
-3 -9
-3 -9
-3 -9
-3 -9
-3 -9
-3 -9
-3 -9
-3 -9
-3 -9
-3 -9
-3 -9
-3 -9
-3 -9
-3 -9
-3 -9
-3 -9
-3 -9
-3 -9
-3 -9
-3 -9
-3 -9
-3 -9
-3 -9
-3 -9
-3 -9
-3 -9
-3 -9
-3 -9
-3 -9
-3 -9
-3 -9
-3 -9
-3 -9
2 -8
1 -7
1 -7
1 -7
1 -7
1 -7
1 -7
1 -7
1 -7
1 -7
1 -7
1 -7
1 -7
1 -7
1 -7
1 -7
1 -7
1 -7
1 -7
1 -7
1 -7
1 -7
1 -7
1 -7
1 -7
1 -7
1 -7
1 -7
1 -7
1 -7
1 -7
1 -7
1 -7
1 -7
1 -7
1 -7
1 -7
1 -7
1 -7
1 -7
1 -7
1 -7
1 -7
1 -7
1 -7
1 -7
1 -7
1 -7
1 -7
1 -7
1 -7
1 -7
1 -7
1 -7
1 -7
1 -7
1 -7
1 -7
1 -7
1 -7
1 -7
1 -7
1 -7
1 -7
1 -7
1 -7
1 -7
1 -7
1 -7
1 -7
1 -7
1 -7
1 -7
1 -7
1 -7
1 -7
1 -7
1 -7
1 -7
1 -7
1 -7
1 -7
1 -7
1 -7
1 -7
1 -7
1 -7
1 -7
1 -7
1 -7
1 -7
1 -7
1 -7
1 -7
1 -7
1 -7
1 -7
1 -7
1 -7
1 -7
1 -7
1 -7
1 -7
1 -7
1 -7
1 -7
1 -7
1 -7
1 -7
1 -7
1 -7
1 -7
1 -7
1 -7
1 -7
1 -7
1 -7
1 -7
1 -7
1 -7
1 -7
1 -7
1 -7
1 -7
1 -7
1 -7
1 -7
1 -7
1 -7
1 -7
1 -7
1 -7
1 -7
1 -7
1 -7
1 -7
1 -7
1 -7
1 -7
1 -7
1 -7
1 -7
1 -7
1 -7
1 -7
1 -7
1 -7
1 -7
1 -7
1 -7
1 -7
1 -7
1 -7
1 -7
1 -7
1 -7
1 -7
1 -7
1 -7
1 -7
1 -7
1 -7
1 -7
1 -7
1 -7
1 -7
1 -7
1 -7
1 -7
1 -7
1 -7
1 -7
1 -7
1 -7
1 -7
1 -7
1 -7
1 -7
1 -7
1 -7
1 -7
1 -7
1 -7
1 -7
1 -7
1 -7
1 -7
1 -7
1 -7
1 -7
1 -7
1 -7
1 -7
1 -7
1 -7
1 -7
1 -7
1 -7
1 -7
1 -7
1 -7
1 -7
1 -7
1 -7
1 -7
1 -7
1 -7
1 -7
1 -7
1 -7
1 -7
1 -7
1 -7
1 -7
1 -7
1 -7
1 -7
1 -7
1 -7
1 -7
1 -7
1 -7
1 -7
1 -7
1 -7
1 -7
1 -7
1 -7
1 -7
1 -7
1 -7
1 -7
1 -7
1 -7
1 -7
1 -7
1 -7
1 -7
1 -7
1 -7
1 -7
1 -7
1 -7
1 -7
1 -7
1 -7
1 -7
1 -7
1 -7
1 -7
1 -7
1 -7
1 -7
1 -7
1 -7
1 -7
1 -7
1 -7
1 -7
1 -7
1 -7
1 -7
1 -7
1 -7
1 -7
1 -7
1 -7
1 -7
1 -7
1 -7
1 -7
1 -7
1 -7
1 -7
1 -7
1 -7
1 -7
1 -7
1 -7
1 -7
1 -7
1 -7
1 -7
1 -7
1 -7
1 -7
1 -7
1 -7
1 -7
1 -7
1 -7
1 -7
1 -7
1 -7
1 -7
1 -7
1 -7
1 -7
1 -7
1 -7
1 -7
1 -7
1 -7
1 -7
1 -7
1 -7
1 -7
1 -7
1 -7
1 -7
1 -7
1 -7
1 -7
1 -7
1 -7
1 -7
1 -7
1 -7
1 -7
1 -7
1 -7
1 -7
1 -7
1 -7
1 -7
1 -7
1 -7
1 -7
1 -7
1 -7
1 -7
1 -7
1 -7
1 -7
1 -7
1 -7
1 -7
1 -7
1 -7
1 -7
1 -7
1 -7
1 -7
1 -7
1 -7
1 -7
1 -7
1 -7
1 -7
1 -7
1 -7
1 -7
1 -7
1 -7
1 -7
1 -7
1 -7
1 -7
1 -7
1 -7
1 -7
1 -7
1 -7
1 -7
1 -7
1 -7
1 -7
1 -7
1 -7
1 -7
1 -7
1 -7
1 -7
1 -7
1 -7
1 -7
1 -7
1 -7
1 -7
1 -7
1 -7
1 -7
1 -7
1 -7
1 -7
1 -7
1 -7
1 -7
1 -7
1 -7
1 -7
1 -7
1 -7
1 -7
1 -7
1 -7
1 -7
1 -7
1 -7
1 -7
1 -7
1 -7
1 -7
1 -7
1 -7
1 -7
1 -7
1 -7
1 -7
1 -7
1 -7
1 -7
1 -7
1 -7
1 -7
1 -7
1 -7
1 -7
1 -7
1 -7
1 -7
1 -7
1 -7
1 -7
1 -7
1 -7
1 -7
1 -7
1 -7
1 -7
1 -7
1 -7
1 -7
1 -7
1 -7
1 -7
1 -7
1 -7
1 -7
1 -7
1 -7
1 -7
1 -7
1 -7
1 -7
1 -7
1 -7
1 -7
1 -7
1 -7
1 -7
1 -7
1 -7
1 -7
1 -7
1 -7
1 -7
1 -7
1 -7
1 -7
1 -7
1 -7
1 -7
1 -7
1 -7
1 -7
1 -7
1 -7
1 -7
1 -7
1 -7
1 -7
1 -7
1 -7
1 -7
1 -7
1 -7
1 -7
1 -7
1 -7
1 -7
1 -7
1 -7
1 -7
1 -7
1 -7
1 -7
1 -7
1 -7
1 -7
1 -7
1 -7
1 -7
1 -7
1 -7
1 -7
1 -7
1 -7
1 -7
1 -7
1 -7
1 -7
1 -7
1 -7
1 -7
1 -7
1 -7
1 -7
1 -7
1 -7
1 -7
1 -7
1 -7
1 -7
1 -7
1 -7
1 -7
1 -7
1 -7
1 -7
1 -7
1 -7
1 -7
1 -7
1 -7
1 -7
1 -7
1 -7
1 -7
1 -7
1 -7
1 -7
1 -7
1 -7
1 -7
1 -7
1 -7
1 -7
1 -7
1 -7
1 -7
1 -7
1 -7
1 -7
1 -7
1 -7
1 -7
1 -7
1 -7
1 -7
1 -7
1 -7
1 -7
1 -7
1 -7
1 -7
1 -7
1 -7
1 -7
1 -7
1 -7
1 -7
1 -7
1 -7
1 -7
1 -7
1 -7
1 -7
1 -7
1 -7
1 -7
1 -7
1 -7
1 -7
1 -7
1 -7
1 -7
1 -7
1 -7
1 -7
1 -7
1 -7
1 -7
1 -7
1 -7
1 -7
1 -7
1 -7
1 -7
1 -7
1 -7
1 -7
1 -7
1 -7
1 -7
1 -7
1 -7
1 -7
1 -7
1 -7
1 -7
1 -7
1 -7
1 -7
1 -7
1 -7
1 -7
1 -7
1 -7
1 -7
1 -7
1 -7
1 -7
1 -7
1 -7
1 -7
1 -7
1 -7
1 -7
1 -7
1 -7
1 -7
1 -7
1 -7
1 -7
1 -7
1 -7
1 -7
1 -7
1 -7
1 -7
1 -7
1 -7
1 -7
1 -7
1 -7
1 -7
1 -7
1 -7
1 -7
1 -7
1 -7
1 -7
1 -7
1 -7
1 -7
1 -7
1 -7
1 -7
1 -7
1 -7
1 -7
1 -7
1 -7
1 -7
1 -7
1 -7
1 -7
1 -7
1 -7
1 -7
1 -7
1 -7
1 -7
1 -7
1 -7
1 -7
1 -7
1 -7
1 -7
1 -7
1 -7
1 -7
1 -7
1 -7
1 -7
1 -7
1 -7
1 -7
1 -7
1 -7
1 -7
1 -7
1 -7
1 -7
1 -7
1 -7
1 -7
1 -7
1 -7
1 -7
1 -7
1 -7
1 -7
1 -7
1 -7
1 -7
1 -7
1 -7
1 -7
1 -7
1 -7
1 -7
1 -7
1 -7
1 -7
1 -7
1 -7
1 -7
1 -7
1 -7
1 -7
1 -7
1 -7
1 -7
1 -7
1 -7
1 -7
1 -7
1 -7
1 -7
1 -7
1 -7
1 -7
1 -7
1 -7
1 -7
1 -7
1 -7
1 -7
1 -7
1 -7
1 -7
1 -7
1 -7
1 -7
1 -7
1 -7
1 -7
1 -7
1 -7
1 -7
1 -7
1 -7
1 -7
1 -7
1 -7
1 -7
1 -7
1 -7
1 -7
1 -7
1 -7
1 -7
1 -7
1 -7
1 -7
1 -7
1 -7
1 -7
1 -7
1 -7
1 -7
1 -7
1 -7
1 -7
1 -7
1 -7
1 -7
1 -7
1 -7
1 -7
1 -7
1 -7
1 -7
1 -7
1 -7
1 -7
1 -7
1 -7
1 -7
1 -7
1 -7
1 -7
1 -7
1 -7
1 -7
1 -7
1 -7
1 -7
1 -7
1 -7
1 -7
1 -7
1 -7
1 -7
1 -7
1 -7
1 -7
1 -7
1 -7
1 -7
1 -7
1 -7
1 -7
1 -7
1 -7
1 -7
1 -7
1 -7
1 -7
1 -7
1 -7
1 -7
1 -7
1 -7
1 -7
1 -7
1 -7
1 -7
1 -7
1 -7
1 -7
1 -7
1 -7
1 -7
1 -7
1 -7
1 -7
1 -7
1 -7
1 -7
1 -7
1 -7
1 -7
1 -7
1 -7
1 -7
1 -7
1 -7
1 -7
1 -7
1 -7
1 -7
1 -7
1 -7
1 -7
1 -7
1 -7
1 -7
1 -7
1 -7
1 -7
1 -7
1 -7
1 -7
1 -7
1 -7
1 -7
1 -7
1 -7
1 -7
1 -7
1 -7
1 -7
1 -7
1 -7
1 -7
1 -7
1 -7
1 -7
1 -7
1 -7
1 -7
1 -7
1 -7
1 -7
1 -7
1 -7
1 -7
1 -7
1 -7
1 -7
1 -7
1 -7
1 -7
1 -7
1 -7
1 -7
1 -7
1 -7
1 -7
1 -7
1 -7
1 -7
1 -7
1 -7
1 -7
1 -7
1 -7
1 -7
1 -7
1 -7
1 -7
1 -7
1 -7
1 -7
1 -7
1 -7
1 -7
1 -7
1 -7
1 -7
1 -7
1 -7
1 -7
1 -7
1 -7
1 -7
1 -7
1 -7
1 -7
1 -7
1 -7
1 -7
1 -7
1 -7
1 -7
1 -7
1 -7
1 -7
1 -7
1 -7
1 -7
1 -7
1 -7
1 -7
1 -7
1 -7
1 -7
1 -7
1 -7
1 -7
1 -7
1 -7
1 -7
1 -7
1 -7
1 -7
1 -7
1 -7
1 -7
1 -7
1 -7
1 -7
1 -7
1 -7
1 -7
1 -7
1 -7
1 -7
1 -7
1 -7
1 -7
1 -7
1 -7
1 -7
1 -7
1 -7
1 -7
1 -7
1 -7
1 -7
1 -7
1 -7
1 -7
1 -7
1 -7
1 -7
1 -7
1 -7
1 -7
1 -7
1 -7
1 -7
1 -7
1 -7
1 -7
1 -7
1 -7
1 -7
1 -7
1 -7
1 -7
1 -7
1 -7
1 -7
1 -7
1 -7
1 -7
1 -7
1 -7
1 -7
1 -7
1 -7
1 -7
1 -7
1 -7
1 -7
1 -7
1 -7
1 -7
1 -7
1 -7
1 -7
1 -7
1 -7
1 -7
1 -7
1 -7
1 -7
1 -7
1 -7
1 -7
1 -7
1 -7
1 -7
1 -7
1 -7
1 -7
1 -7
1 -7
1 -7
1 -7
1 -7
1 -7
1 -7
1 -7
1 -7
1 -7
1 -7
1 -7
1 -7
1 -7
1 -7
1 -7
1 -7
1 -7
1 -7
1 -7
1 -7
1 -7
1 -7
1 -7
1 -7
1 -7
1 -7
1 -7
1 -7
1 -7
1 -7
1 -7
1 -7
1 -7
1 -7
1 -7
1 -7
1 -7
1 -7
1 -7
1 -7
1 -7
1 -7
1 -7
1 -7
1 -7
1 -7
1 -7
1 -7
1 -7
1 -7
1 -7
1 -7
1 -7
1 -7
1 -7
1 -7
1 -7
1 -7
1 -7
1 -7
1 -7
1 -7
1 -7
1 -7
1 -7
1 -7
1 -7
1 -7
1 -7
1 -7
1 -7
1 -7
1 -7
1 -7
1 -7
1 -7
1 -7
1 -7
1 -7
1 -7
1 -7
1 -7
1 -7
1 -7
1 -7
1 -7
1 -7
1 -7
1 -7
1 -7
1 -7
1 -7
1 -7
1 -7
1 -7
1 -7
1 -7
1 -7
1 -7
1 -7
1 -7
1 -7
1 -7
1 -7
1 -7
1 -7
1 -7
1 -7
1 -7
1 -7
1 -7
1 -7
1 -7
1 -7
1 -7
1 -7
1 -7
1 -7
1 -7
1 -7
1 -7
1 -7
1 -7
1 -7
1 -7
1 -7
1 -7
1 -7
1 -7
1 -7
1 -7
1 -7
1 -7
1 -7
1 -7
1 -7
1 -7
1 -7
1 -7
1 -7
1 -7
1 -7
1 -7
1 -7
1 -7
1 -7
1 -7
1 -7
1 -7
1 -7
1 -7
1 -7
1 -7
1 -7
1 -7
1 -7
1 -7
1 -7
1 -7
1 -7
1 -7
1 -7
1 -7
1 -7
1 -7
1 -7
1 -7
1 -7
1 -7
1 -7
1 -7
1 -7
1 -7
1 -7
1 -7
1 -7
1 -7
1 -7
1 -7
1 -7
1 -7
1 -7
1 -7
1 -7
1 -7
1 -7
1 -7
1 -7
1 -7
1 -7
1 -7
1 -7
1 -7
1 -7
1 -7
1 -7
1 -7
1 -7
1 -7
1 -7
1 -7
1 -7
1 -7
1 -7
1 -7
1 -7
1 -7
1 -7
1 -7
1 -7
1 -7
1 -7
1 -7
1 -7
1 -7
1 -7
1 -7
1 -7
1 -7
1 -7
1 -7
1 -7
1 -7
1 -7
1 -7
1 -7
1 -7
1 -7
1 -7
1 -7
1 -7
1 -7
1 -7
1 -7
1 -7
1 -7
1 -7
1 -7
1 -7
1 -7
1 -7
1 -7
1 -7
1 -7
1 -7
1 -7
1 -7
1 -7
1 -7
1 -7
1 -7
1 -7
1 -7
1 -7
1 -7
1 -7
1 -7
1 -7
1 -7
1 -7
1 -7
1 -7
1 -7
1 -7
1 -7
1 -7
1 -7
1 -7
1 -7
1 -7
1 -7
1 -7
1 -7
1 -7
1 -7
1 -7
1 -7
1 -7
1 -7
1 -7
1 -7
1 -7
1 -7
1 -7
1 -7
1 -7
1 -7
1 -7
1 -7
1 -7
1 -7
1 -7
1 -7
1 -7
1 -7
1 -7
1 -7
1 -7
1 -7
1 -7
1 -7
1 -7
1 -7
1 -7
1 -7
1 -7
1 -7
1 -7
1 -7
1 -7
1 -7
1 -7
1 -7
1 -7
1 -7
1 -7
1 -7
1 -7
1 -7
1 -7
1 -7
1 -7
1 -7
1 -7
1 -7
1 -7
1 -7
1 -7
1 -7
1 -7
1 -7
1 -7
1 -7
1 -7
1 -7
1 -7
1 -7
1 -7
1 -7
1 -7
1 -7
1 -7
1 -7
1 -7
1 -7
1 -7
1 -7
1 -7
1 -7
1 -7
1 -7
1 -7
1 -7
1 -7
1 -7
1 -7
1 -7
1 -7
1 -7
1 -7
1 -7
1 -7
1 -7
1 -7
1 -7
1 -7
1 -7
1 -7
1 -7
1 -7
1 -7
1 -7
1 -7
1 -7
1 -7
1 -7
1 -7
1 -7
1 -7
1 -7
1 -7
1 -7
1 -7
1 -7
1 -7
1 -7
1 -7
1 -7
1 -7
1 -7
1 -7
1 -7
1 -7
1 -7
1 -7
1 -7
1 -7
1 -7
1 -7
1 -7
1 -7
1 -7
1 -7
1 -7
1 -7
1 -7
1 -7
1 -7
1 -7
1 -7
1 -7
1 -7
1 -7
1 -7
1 -7
1 -7
1 -7
1 -7
1 -7
1 -7
1 -7
1 -7
1 -7
1 -7
1 -7
1 -7
1 -7
1 -7
1 -7
1 -7
1 -7
1 -7
1 -7
1 -7
1 -7
1 -7
1 -7
1 -7
1 -7
1 -7
1 -7
1 -7
1 -7
1 -7
1 -7
1 -7
1 -7
1 -7
1 -7
1 -7
1 -7
1 -7
1 -7
1 -7
1 -7
1 -7
1 -7
1 -7
1 -7
1 -7
1 -7
1 -7
1 -7
1 -7
1 -7
1 -7
1 -7
1 -7
1 -7
1 -7
1 -7
1 -7
1 -7
1 -7
1 -7
1 -7
1 -7
1 -7
1 -7
1 -7
1 -7
1 -7
1 -7
1 -7
1 -7
1 -7
1 -7
1 -7
1 -7
1 -7
1 -7
1 -7
1 -7
1 -7
1 -7
1 -7
1 -7
1 -7
1 -7
1 -7
1 -7
1 -7
1 -7
1 -7
1 -7
1 -7
1 -7
1 -7
1 -7
1 -7
1 -7
1 -7
1 -7
1 -7
1 -7
1 -7
1 -7
1 -7
1 -7
1 -7
1 -7
1 -7
1 -7
1 -7
1 -7
1 -7
1 -7
1 -7
1 -7
1 -7
1 -7
1 -7
1 -7
1 -7
1 -7
1 -7
1 -7
1 -7
1 -7
1 -7
1 -7
1 -7
1 -7
1 -7
1 -7
1 -7
1 -7
1 -7
1 -7
1 -7
1 -7
1 -7
1 -7
1 -7
1 -7
1 -7
1 -7
1 -7
1 -7
1 -7
1 -7
1 -7
1 -7
1 -7
1 -7
1 -7
1 -7
1 -7
1 -7
1 -7
1 -7
1 -7
1 -7
1 -7
1 -7
1 -7
1 -7
1 -7
1 -7
1 -7
1 -7
1 -7
1 -7
1 -7
1 -7
1 -7
1 -7
1 -7
1 -7
1 -7
1 -7
1 -7
1 -7
1 -7
1 -7
1 -7
1 -7
1 -7
1 -7
1 -7
1 -7
1 -7
1 -7
1 -7
1 -7
1 -7
1 -7
1 -7
1 -7
1 -7
1 -7
1 -7
1 -7
1 -7
1 -7
1 -7
1 -7
1 -7
1 -7
1 -7
