-2 -9
-2 -9
-2 -9
-2 -9
-2 -9
-2 -9
-2 -9
-2 -9
-2 -9
-2 -9
-2 -9
-2 -9
-2 -9
-2 -9
-2 -9
-2 -9
-2 -9
-2 -9
-2 -9
-2 -9
-2 -9
-2 -9
-2 -9
-2 -9
-2 -9
-2 -9
0 -16
0 -16
0 -16
0 -16
0 -16
0 -16
0 -16
0 -16
0 -16
0 -16
0 -16
0 -16
0 -16
0 -16
0 -16
0 -16
0 -16
0 -16
0 -16
0 -16
0 -16
0 -16
0 -16
0 -16
0 -16
0 -16
0 -16
0 -16
0 -16
0 -16
0 -16
0 -16
0 -16
0 -16
0 -16
0 -16
0 -16
0 -16
0 -16
0 -16
0 -16
1 -24
1 -24
1 -24
1 -24
1 -24
1 -24
1 -24
1 -24
1 -24
1 -24
1 -24
1 -24
1 -24
1 -24
1 -24
1 -24
1 -24
1 -24
1 -24
2 -35
2 -35
2 -35
2 -35
2 -35
2 -35
2 -35
2 -35
2 -35
2 -35
2 -35
2 -35
2 -35
2 -35
2 -35
2 -35
2 -35
2 -35
2 -35
2 -35
2 -35
0 -41
0 -41
0 -41
0 -41
0 -41
0 -41
0 -41
0 -41
0 -41
0 -41
0 -41
0 -41
0 -41
0 -41
0 -41
0 -41
0 -41
0 -41
0 -41
0 -41
0 -44
0 -44
0 -44
0 -44
0 -44
0 -44
0 -44
0 -44
0 -44
0 -44
0 -44
0 -44
0 -44
0 -44
0 -44
0 -44
0 -44
0 -44
0 -44
0 -44
0 -44
0 -44
0 -44
0 -44
0 -44
0 -44
0 -44
0 -44
0 -44
0 -44
0 -44
0 -44
0 -44
0 -44
0 -44
0 -44
0 -44
0 -44
0 -44
0 -44
0 -44
0 -44
0 -44
0 -44
0 -44
0 -44
0 -44
0 -44
0 -44
0 -44
0 -44
0 -44
0 -44
0 -44
0 -44
0 -44
0 -44
0 -44
0 -44
0 -44
0 -44
0 -44
0 -44
0 -44
0 -44
0 -44
0 -44
0 -44
0 -44
0 -44
0 -44
0 -55
-3 -55
-3 -55
-3 -55
-3 -55
-3 -55
-3 -55
-3 -55
-3 -55
-3 -55
-3 -55
-3 -55
-3 -55
-3 -55
-3 -55
-3 -55
-3 -55
-3 -55
-3 -55
-3 -55
-3 -55
-3 -55
-3 -55
-3 -55
-3 -55
-3 -55
-3 -55
-3 -55
-3 -55
-3 -55
-3 -55
-3 -55
-3 -55
-3 -55
-3 -55
-3 -55
-3 -55
-3 -55
-3 -55
-3 -55
-5 -62
-5 -62
-5 -62
-5 -62
-5 -62
-5 -62
-5 -62
-5 -62
-5 -62
-5 -62
-5 -62
-5 -62
-5 -62
-5 -62
-5 -62
-5 -62
-5 -62
-5 -62
-5 -62
-5 -62
-5 -62
-5 -62
-5 -62
-8 -64
-8 -64
-8 -64
-8 -64
-8 -64
-8 -64
-8 -64
-8 -64
-8 -64
-8 -64
-8 -64
-8 -64
-8 -64
-8 -64
-8 -64
-8 -64
-8 -64
-8 -64
-8 -64
-8 -64
-8 -64
-8 -64
-20 -63
-20 -63
-20 -63
-20 -63
-20 -63
-20 -63
-20 -63
-20 -63
-20 -63
-20 -63
-20 -63
-20 -63
-20 -63
-20 -63
-20 -63
-20 -63
-20 -63
-20 -63
-20 -63
-20 -63
-20 -63
-20 -63
-20 -63
-20 -63
-20 -63
-20 -63
-20 -63
-20 -63
-20 -63
-20 -63
-20 -63
-20 -63
-20 -63
-20 -63
-20 -63
-20 -63
-20 -63
-20 -63
-20 -63
-20 -63
-20 -63
-20 -63
-20 -63
-20 -63
-20 -63
-20 -63
-20 -63
-20 -63
-20 -63
-20 -63
-20 -63
-26 -64
-26 -64
-26 -64
-26 -64
-26 -64
-26 -64
-26 -64
-26 -64
-26 -64
-26 -64
-26 -64
-26 -64
-26 -64
-26 -64
-26 -64
-26 -64
-26 -64
-26 -64
-26 -64
-26 -64
-26 -64
-26 -64
-26 -64
-26 -64
-26 -64
-30 -70
-30 -70
-30 -70
-30 -70
-30 -70
-30 -70
-30 -70
-30 -70
-30 -70
-30 -70
-30 -70
-30 -70
-30 -70
-30 -70
-30 -70
-30 -70
-30 -70
-30 -70
-30 -70
-30 -70
-30 -70
-30 -70
-30 -70
-30 -70
-30 -70
-30 -70
-30 -70
-30 -70
-30 -70
-30 -70
-30 -70
-30 -70
-30 -70
-30 -70
-30 -70
-30 -70
-30 -70
-30 -70
-30 -70
-30 -70
-30 -70
-30 -70
-30 -70
-30 -70
-30 -70
-27 -56
-27 -56
-27 -56
-27 -56
-27 -56
-27 -56
-27 -56
-27 -56
-27 -56
-27 -56
-27 -56
-27 -56
-27 -56
-27 -56
-27 -56
-27 -56
-27 -56
-27 -56
-27 -56
-27 -56
-27 -56
-27 -56
-27 -56
-27 -56
-27 -56
-45 -74
-45 -74
-45 -74
-45 -74
-45 -74
-45 -74
-45 -74
-45 -74
-45 -74
-45 -74
-45 -74
-45 -74
-45 -74
-45 -74
-45 -74
-45 -74
-45 -74
-45 -74
-45 -74
-45 -74
-45 -74
-45 -74
-45 -74
-45 -74
-45 -74
-38 -63
-38 -63
-38 -63
-38 -63
-38 -63
-38 -63
-38 -63
-38 -63
-38 -63
-38 -63
-38 -63
-38 -63
-38 -63
-38 -63
-38 -63
-38 -63
-38 -63
-38 -63
-38 -63
-38 -63
-38 -63
-38 -63
-38 -63
-38 -63
-38 -63
-38 -63
-38 -63
-38 -63
-38 -63
-38 -63
-38 -63
-38 -63
-38 -63
-38 -63
-38 -63
-38 -63
-38 -63
-38 -63
-38 -63
-38 -63
-38 -63
-38 -63
-38 -63
-38 -63
-38 -63
-38 -63
-38 -63
-38 -63
-38 -63
-38 -63
-38 -63
-36 -66
-36 -66
-36 -66
-36 -66
-36 -66
-36 -66
-36 -66
-36 -66
-36 -66
-36 -66
-36 -66
-36 -66
-36 -66
-36 -66
-36 -66
-36 -66
-36 -66
-36 -66
-36 -66
-36 -66
-36 -66
-36 -66
-36 -66
-36 -66
-37 -53
-37 -53
-37 -53
-37 -53
-37 -53
-37 -53
-37 -53
-37 -53
-37 -53
-37 -53
-37 -53
-37 -53
-37 -53
-37 -53
-37 -53
-37 -53
-37 -53
-37 -53
-37 -53
-37 -53
-37 -53
-44 -52
-44 -52
-44 -52
-44 -52
-44 -52
-44 -52
-44 -52
-44 -52
-44 -52
-44 -52
-44 -52
-44 -52
-44 -52
-44 -52
-44 -52
-44 -52
-44 -52
-44 -52
-44 -52
-44 -52
-44 -52
-44 -52
-44 -52
-44 -52
-44 -52
-44 -52
-44 -52
-44 -52
-44 -52
-44 -52
-44 -52
-44 -52
-44 -52
-44 -52
-44 -52
-44 -52
-44 -52
-44 -52
-44 -52
-44 -52
-44 -52
-44 -52
-44 -52
-44 -52
-44 -52
-44 -52
-44 -52
-44 -68
-44 -68
-44 -68
-44 -68
-44 -68
-44 -68
-44 -68
-44 -68
-44 -68
-44 -68
-44 -68
-44 -68
-44 -68
-44 -68
-44 -68
-44 -68
-44 -68
-44 -68
-44 -68
-44 -68
-44 -68
-44 -68
-44 -68
-44 -68
-44 -68
-44 -68
-44 -68
-44 -68
-44 -68
-44 -68
-44 -68
-44 -68
-44 -68
-44 -68
-44 -68
-44 -68
-44 -68
-44 -68
-44 -68
-44 -68
-44 -68
-44 -68
-44 -68
-44 -68
-44 -68
-44 -68
-60 -48
-60 -48
-60 -48
-60 -48
-60 -48
-60 -48
-60 -48
-60 -48
-60 -48
-60 -48
-60 -48
-60 -48
-60 -48
-60 -48
-60 -48
-60 -48
-60 -48
-60 -48
-60 -48
-60 -48
-60 -48
-53 -31
-53 -31
-53 -31
-53 -31
-53 -31
-53 -31
-53 -31
-53 -31
-53 -31
-53 -31
-53 -31
-53 -31
-53 -31
-53 -31
-53 -31
-53 -31
-53 -31
-53 -31
-53 -31
-53 -31
-53 -31
-63 -31
-63 -31
-63 -31
-63 -31
-63 -31
-63 -31
-63 -31
-63 -31
-63 -31
-63 -31
-63 -31
-63 -31
-63 -31
-63 -31
-63 -31
-63 -31
-63 -31
-63 -31
-63 -31
-63 -31
-63 -31
-63 -31
-63 -31
-63 -31
-63 -31
-63 -31
-63 -31
-63 -31
-63 -31
-63 -31
-63 -31
-63 -31
-63 -31
-63 -31
-63 -31
-63 -31
-63 -31
-63 -31
-63 -31
-71 -29
-71 -29
-71 -29
-71 -29
-71 -29
-71 -29
-71 -29
-71 -29
-71 -29
-71 -29
-71 -29
-71 -29
-71 -29
-71 -29
-71 -29
-71 -29
-71 -29
-71 -29
-71 -29
-71 -29
-71 -29
-71 -29
-71 -29
-71 -29
-71 -29
-71 -29
-71 -29
-71 -29
-71 -29
-71 -29
-71 -29
-71 -29
-71 -29
-71 -29
-71 -29
-71 -29
-71 -29
-71 -29
-71 -29
-71 -29
-71 -29
-71 -29
-71 -29
-71 -29
-71 -29
-71 -29
-71 -29
-71 -29
-71 -29
-71 -29
-71 -29
-81 -25
-81 -25
-81 -25
-81 -25
-81 -25
-81 -25
-81 -25
-81 -25
-81 -25
-81 -25
-81 -25
-81 -25
-81 -25
-81 -25
-81 -25
-81 -25
-81 -25
-81 -25
-81 -25
-81 -25
-81 -25
-81 -25
-81 -25
-81 -25
-81 -25
-81 -25
-81 -25
-81 -25
-81 -25
-81 -25
-81 -25
-81 -25
-81 -25
-81 -25
-81 -25
-81 -25
-81 -25
-81 -25
-81 -25
-81 -25
-81 -25
-81 -25
-81 -25
-81 -25
-81 -25
-81 -25
-81 -25
-81 -25
-81 -25
-81 -25
-87 -12
-87 -12
-87 -12
-87 -12
-87 -12
-87 -12
-87 -12
-87 -12
-87 -12
-87 -12
-87 -12
-87 -12
-87 -12
-87 -12
-87 -12
-87 -12
-87 -12
-87 -12
-87 -12
-87 -12
-87 -12
-87 -12
-87 -12
-87 -12
-90 -12
-90 -12
-90 -12
-90 -12
-90 -12
-90 -12
-90 -12
-90 -12
-90 -12
-90 -12
-90 -12
-90 -12
-90 -12
-90 -12
-90 -12
-90 -12
-90 -12
-90 -12
-90 -12
-90 -12
-90 -12
-90 -12
-90 -12
-90 -12
-90 -12
-90 -12
-90 -12
-90 -12
-90 -12
-90 -12
-90 -12
-90 -12
-90 -12
-90 -12
-90 -12
-90 -12
-90 -12
-90 -12
-90 -12
-90 -12
-90 -12
-90 -12
-90 -12
-90 -12
-90 -12
-90 -12
-90 -12
-90 -12
-90 -12
-90 -12
-89 -3
-89 -3
-89 -3
-89 -3
-89 -3
-89 -3
-89 -3
-89 -3
-89 -3
-89 -3
-89 -3
-89 -3
-89 -3
-89 -3
-89 -3
-89 -3
-89 -3
-89 -3
-89 -3
-89 -3
-89 -3
-89 -3
-89 -3
-89 -3
-89 -3
-89 -3
-89 -3
-89 -3
-89 -3
-89 -3
-89 -3
-89 -3
-89 -3
-89 -3
-89 -3
-89 -3
-89 -3
-89 -3
-89 -3
-89 -3
-89 -3
-89 -3
-89 -4
-93 3
-93 3
-93 3
-93 3
-93 3
-93 3
-93 3
-93 3
-93 3
-93 3
-93 3
-93 3
-93 3
-93 3
-93 3
-93 3
-93 3
-93 3
-93 3
-93 3
-93 3
-93 3
-93 3
-93 3
-93 3
-93 3
-93 3
-93 3
-93 3
-93 3
-93 3
-93 3
-93 3
-93 3
-93 3
-93 3
-93 3
-92 1
-92 1
-92 1
-92 1
-92 1
-92 1
-92 1
-92 1
-92 1
-92 1
-92 1
-92 1
-92 1
-92 1
-92 1
-92 1
-92 1
-92 1
-92 1
-89 7
-89 7
-89 7
-89 7
-89 7
-89 7
-89 7
-89 7
-89 7
-89 7
-89 7
-89 7
-89 7
-89 7
-89 7
-89 7
-89 7
-89 7
-94 11
-94 11
-94 11
-94 11
-94 11
-94 11
-94 11
-94 11
-94 11
-94 11
-94 11
-94 11
-94 11
-94 11
-94 11
-94 11
-94 11
-94 11
-94 11
-94 11
-94 11
-94 11
-94 11
-94 11
-94 11
-94 11
-94 11
-94 11
-94 11
-94 11
-94 11
-94 11
-94 11
-94 11
-94 11
-94 11
-94 11
-94 11
-94 11
-94 11
-94 11
-94 11
-94 11
-98 14
-98 14
-98 14
-98 14
-98 14
-98 14
-98 14
-98 14
-98 14
-98 14
-98 14
-98 14
-98 14
-98 14
-98 14
-98 14
-98 14
-98 14
-98 14
-98 14
-98 14
-98 14
-98 14
-98 14
-98 14
-98 14
-98 14
-98 14
-98 14
-98 14
-98 14
-98 14
-98 14
-98 14
-98 14
-98 14
-98 14
-98 14
-98 14
-98 14
-92 7
-92 7
-92 7
-92 7
-92 7
-92 7
-92 7
-92 7
-92 7
-92 7
-92 7
-92 7
-92 7
-92 7
-92 7
-92 7
-92 7
-92 7
-92 7
-92 7
-92 7
-92 7
-92 7
-92 7
-92 7
-92 7
-92 7
-92 7
-92 7
-92 7
-92 7
-92 7
-92 7
-92 7
-92 7
-92 7
-92 7
-92 7
-92 7
-92 7
-92 7
-92 7
-92 7
-92 7
-92 7
-92 7
-92 7
-92 7
-92 7
-92 7
-92 7
-92 7
-92 7
-92 7
-92 7
-92 7
-92 7
-92 7
-92 7
-92 7
-92 7
-92 7
-92 7
-92 7
-92 7
-92 7
-92 7
-92 7
-92 7
-92 7
-92 7
-91 15
-82 19
-84 23
-84 23
-84 23
-84 23
-84 23
-84 23
-84 23
-84 23
-84 23
-84 23
-84 23
-84 23
-84 23
-84 23
-84 23
-84 23
-84 23
-84 23
-84 23
-84 23
-84 23
-84 23
-84 23
-84 23
-84 23
-84 23
-84 23
-84 23
-84 23
-84 23
-84 23
-84 23
-84 23
-84 23
-84 23
-84 23
-84 23
-84 23
-84 23
-84 23
-84 23
-84 23
-84 23
-84 23
-84 23
-84 23
-84 23
-84 23
-84 23
-66 18
-66 18
-66 18
-66 18
-66 18
-66 18
-66 18
-66 18
-66 18
-66 18
-66 18
-66 18
-66 18
-66 18
-66 18
-66 18
-66 18
-66 18
-66 18
-66 18
-66 18
-66 18
-66 18
-66 18
-66 18
-77 15
-77 15
-77 15
-77 15
-77 15
-77 15
-77 15
-77 15
-77 15
-77 15
-77 15
-77 15
-77 15
-77 15
-77 15
-77 15
-77 15
-77 15
-77 15
-77 15
-77 15
-77 15
-77 15
-77 15
-77 15
-77 15
-77 15
-77 15
-77 15
-77 15
-77 15
-77 15
-77 15
-77 15
-77 15
-77 15
-77 15
-77 15
-77 15
-77 15
-77 15
-77 15
-77 15
-77 15
-77 15
-77 15
-77 15
-77 15
-77 15
-77 15
-77 15
-77 15
-77 15
-77 15
-77 15
-77 15
-77 15
-77 15
-77 15
-77 15
-77 15
-77 15
-77 15
-77 15
-77 15
-77 15
-77 15
-77 15
-77 15
-77 15
-77 15
-77 15
-77 15
-77 15
-77 15
-77 15
-87 33
-72 34
-72 34
-72 34
-72 34
-72 34
-72 34
-72 34
-72 34
-72 34
-72 34
-72 34
-72 34
-72 34
-72 34
-72 34
-72 34
-72 34
-72 34
-72 34
-72 34
-72 34
-72 34
-72 34
-72 34
-72 34
-72 34
-72 34
-72 34
-72 34
-72 34
-72 34
-72 34
-72 34
-72 34
-72 34
-72 34
-72 34
-72 34
-72 34
-72 34
-72 34
-72 34
-72 34
-72 34
-72 34
-72 34
-72 34
-84 38
-84 38
-84 38
-84 38
-84 38
-84 38
-84 38
-84 38
-84 38
-84 38
-84 38
-84 38
-84 38
-84 38
-84 38
-84 38
-84 38
-84 38
-84 38
-84 38
-84 38
-84 38
-84 38
-84 38
-84 38
-84 38
-70 39
-70 39
-70 39
-70 39
-70 39
-70 39
-70 39
-70 39
-70 39
-70 39
-70 39
-70 39
-70 39
-70 39
-70 39
-70 39
-70 39
-70 39
-70 39
-70 39
-70 39
-70 39
-70 39
-70 39
-65 38
-65 38
-65 38
-65 38
-65 38
-65 38
-65 38
-65 38
-65 38
-65 38
-65 38
-65 38
-65 38
-65 38
-65 38
-65 38
-65 38
-65 38
-65 38
-65 38
-65 38
-65 38
-65 38
-65 38
-65 38
-65 40
-65 40
-65 40
-65 40
-65 40
-65 40
-65 40
-65 40
-65 40
-65 40
-65 40
-65 40
-65 40
-65 40
-65 40
-65 40
-65 40
-65 40
-65 40
-65 40
-65 40
-65 40
-65 40
-65 40
-65 40
-65 40
-65 40
-65 40
-65 40
-65 40
-65 40
-65 40
-65 40
-65 40
-65 40
-65 40
-65 40
-65 40
-65 40
-65 40
-65 40
-65 40
-65 40
-65 40
-65 40
-65 40
-65 40
-65 40
-65 40
-65 40
-65 40
-65 40
-65 40
-65 40
-65 40
-65 40
-65 40
-65 40
-65 40
-65 40
-65 40
-65 40
-65 40
-65 40
-65 40
-65 40
-65 40
-65 40
-65 40
-65 40
-65 40
-65 40
-65 40
-57 41
-57 41
-57 41
-57 41
-57 41
-57 41
-57 41
-57 41
-57 41
-57 41
-57 41
-57 41
-57 41
-57 41
-57 41
-57 41
-57 41
-57 41
-57 41
-57 41
-57 41
-57 41
-57 41
-57 41
-57 41
-57 41
-57 41
-57 41
-57 41
-57 41
-57 41
-57 41
-57 41
-57 41
-57 41
-57 41
-57 41
-57 41
-57 41
-57 41
-57 41
-57 41
-57 41
-57 41
-57 41
-57 41
-57 41
-50 54
-50 54
-50 54
-50 54
-50 54
-50 54
-50 54
-50 54
-50 54
-50 54
-50 54
-50 54
-50 54
-50 54
-50 54
-50 54
-50 54
-50 54
-50 54
-50 54
-50 54
-50 54
-50 54
-50 54
-50 54
-50 54
-36 42
-36 42
-36 42
-36 42
-36 42
-36 42
-36 42
-36 42
-36 42
-36 42
-36 42
-36 42
-36 42
-36 42
-36 42
-36 42
-36 42
-36 42
-36 42
-36 42
-36 42
-36 42
-36 42
-36 42
-36 42
-36 42
-36 42
-36 42
-36 42
-36 42
-36 42
-36 42
-36 42
-36 42
-36 42
-36 42
-36 42
-36 42
-36 42
-36 42
-36 42
-36 42
-36 42
-36 42
-36 42
-36 42
-36 42
-36 42
-36 42
-36 42
-36 42
-36 42
-36 42
-36 42
-36 42
-39 51
-39 51
-39 51
-39 51
-39 51
-39 51
-39 51
-39 51
-39 51
-39 51
-39 51
-39 51
-39 51
-39 51
-39 51
-39 51
-39 51
-39 51
-39 51
-39 51
-39 51
-39 51
-39 51
-39 51
-39 51
-39 51
-39 51
-39 51
-39 51
-39 51
-39 51
-39 51
-39 51
-39 51
-39 51
-39 51
-39 51
-39 51
-39 51
-39 51
-39 51
-39 51
-39 51
-39 51
-39 51
-39 51
-39 51
-39 51
-39 51
-34 55
-34 55
-34 55
-34 55
-34 55
-34 55
-34 55
-34 55
-34 55
-34 55
-34 55
-34 55
-34 55
-34 55
-34 55
-34 55
-34 55
-34 55
-34 55
-34 55
-34 55
-34 55
-34 55
-34 55
-34 55
-34 55
-34 55
-34 55
-34 55
-34 55
-34 55
-34 55
-34 55
-34 55
-34 55
-34 55
-34 55
-34 55
-34 55
-34 55
-32 65
-32 65
-32 65
-32 65
-32 65
-32 65
-32 65
-32 65
-32 65
-32 65
-32 65
-32 65
-32 65
-32 65
-32 65
-32 65
-32 65
-32 65
-32 65
-32 65
-32 65
-34 63
-34 63
-34 63
-34 63
-34 63
-34 63
-34 63
-34 63
-34 63
-34 63
-34 63
-34 63
-34 63
-34 63
-34 63
-34 63
-34 63
-34 63
-34 63
-34 63
-34 63
-34 63
-34 63
-34 63
-36 67
-36 67
-36 67
-36 67
-36 67
-36 67
-36 67
-36 67
-36 67
-36 67
-36 67
-36 67
-36 67
-36 67
-36 67
-36 67
-36 67
-36 67
-36 67
-36 67
-36 67
-36 67
-36 67
-36 67
-36 67
-36 67
-36 67
-36 67
-36 67
-36 67
-36 67
-36 67
-36 67
-36 67
-36 67
-36 67
-36 67
-36 67
-36 67
-36 67
-36 67
-36 67
-36 67
-36 67
-36 67
-36 67
-36 67
-36 67
-36 67
-21 68
-21 68
-21 68
-21 68
-21 68
-21 68
-21 68
-21 68
-21 68
-21 68
-21 68
-21 68
-21 68
-21 68
-21 68
-21 68
-21 68
-21 68
-21 68
-21 68
-21 68
-21 68
-21 68
-21 68
-21 68
-21 68
-21 68
-21 68
-21 68
-21 68
-21 68
-21 68
-21 68
-21 68
-21 68
-21 68
-21 68
-21 68
-21 68
-21 68
-21 68
-21 68
-21 68
-21 68
-21 68
-21 68
-21 68
-21 68
-21 68
-9 70
-19 69
-19 69
-19 69
-19 69
-19 69
-19 69
-19 69
-19 69
-19 69
-19 69
-19 69
-19 69
-19 69
-19 69
-19 69
-19 69
-19 69
-19 69
-19 69
-19 69
-19 69
-19 69
-19 69
-19 69
-19 69
-19 69
-19 69
-19 69
-19 69
-19 69
-19 69
-19 69
-19 69
-19 69
-19 69
-19 69
-19 69
-19 69
-19 69
-19 69
-19 69
-19 69
-19 69
-19 69
-19 69
-19 69
-19 69
-19 69
-19 69
-19 69
-19 69
-18 67
-18 67
-18 67
-18 67
-18 67
-18 67
-18 67
-18 67
-18 67
-18 67
-18 67
-18 67
-18 67
-18 67
-18 67
-18 67
-18 67
-18 67
-18 67
-18 67
-21 76
-21 76
-21 76
-21 76
-21 76
-21 76
-21 76
-21 76
-21 76
-21 76
-21 76
-21 76
-21 76
-21 76
-21 76
-21 76
-21 76
-21 76
-21 76
-21 76
-21 76
-21 76
-21 76
-21 76
-21 76
-21 76
-21 76
-21 76
-21 76
-21 76
-21 76
-21 76
-21 76
-21 76
-21 76
-21 76
-21 76
-21 76
-21 76
-21 76
-21 76
-21 76
-21 76
-21 76
-21 76
-21 76
-21 76
-21 76
-21 76
-21 76
-21 76
-21 76
-21 76
-21 76
-21 76
-21 76
-21 76
-21 76
-21 76
-21 76
-21 76
-21 76
-21 76
-21 76
-21 76
-21 76
-21 76
-21 76
-21 76
-21 76
-21 76
-16 77
-16 77
-16 77
-16 77
-16 77
-16 77
-16 77
-16 77
-16 77
-16 77
-16 77
-16 77
-16 77
-16 77
-16 77
-16 77
-16 77
-16 77
-16 77
-16 77
-16 77
-16 77
-16 77
-16 77
-16 77
-6 70
-6 70
-6 70
-6 70
-6 70
-6 70
-6 70
-6 70
-6 70
-6 70
-6 70
-6 70
-6 70
-6 70
-6 70
-6 70
-6 70
-6 70
-6 70
-6 70
-6 70
-6 70
-6 70
-6 70
-6 70
-6 70
-6 70
-6 70
-6 70
-6 70
-6 70
-6 70
-6 70
-6 70
-6 70
-6 70
-6 70
-6 70
-6 70
-6 70
-6 70
-6 70
-6 70
-6 70
-6 70
-6 70
-6 70
-6 70
-6 70
-6 70
-6 70
-6 70
-6 70
-6 70
-9 80
-9 80
-9 80
-9 80
-9 80
-9 80
-9 80
-9 80
-9 80
-9 80
-9 80
-9 80
-9 80
-9 80
-9 80
-9 80
-9 80
-9 80
-9 80
-9 80
-9 80
-9 80
-9 80
-9 80
-9 80
-9 80
-9 80
-9 80
-9 80
-9 80
-6 75
-6 75
-6 75
-6 75
-6 75
-6 75
-6 75
-6 75
-6 75
-6 75
-6 75
-6 75
-6 75
-6 75
-6 75
-6 75
-6 78
-6 78
-6 78
-6 78
-6 78
-6 78
-6 78
-6 78
-6 78
-6 78
-6 78
-6 78
-6 78
-6 78
-6 78
-4 75
-4 75
-4 75
-4 75
-4 75
-4 75
-4 75
-4 75
-4 75
-4 75
-4 75
-4 75
-4 75
-4 75
-4 75
-4 75
-4 75
-4 75
-4 75
-4 75
-4 75
-4 75
-4 75
-4 75
-4 75
-4 75
-4 75
-4 75
-4 75
-4 75
-4 75
-4 75
-4 75
-4 75
-4 75
-4 75
-4 75
-4 75
-4 75
-4 75
-4 75
-4 75
-4 75
-4 75
-4 75
-4 75
-4 75
-4 75
-4 75
-4 75
-4 75
-4 75
-4 75
4 77
4 77
4 77
4 77
4 77
4 77
4 77
4 77
4 77
4 77
4 77
4 77
4 77
4 77
4 77
4 77
4 77
4 77
4 77
4 77
4 77
4 77
4 77
4 77
4 77
4 77
4 77
4 77
4 77
4 77
4 77
4 77
4 77
4 77
4 77
4 77
4 77
4 77
4 77
4 77
4 77
8 76
8 76
8 76
8 76
8 76
8 76
8 76
8 76
8 76
8 76
8 76
8 76
8 76
8 76
8 76
8 76
8 76
8 76
8 76
8 76
12 76
12 76
12 76
12 76
12 76
12 76
12 76
12 76
12 76
12 76
12 76
12 76
12 76
12 76
12 76
12 76
12 76
12 76
12 76
7 83
7 83
7 83
7 83
7 83
7 83
7 83
7 83
7 83
7 83
7 83
7 83
7 83
7 83
7 83
7 83
7 83
7 83
7 83
7 83
7 83
7 83
7 83
7 83
7 83
7 83
7 83
7 83
7 83
7 83
7 83
7 83
7 83
7 83
7 83
7 83
14 79
14 79
14 79
14 79
14 79
14 79
14 79
14 79
14 79
14 79
14 79
14 79
14 79
14 79
14 79
14 79
14 79
14 79
14 79
14 79
14 79
14 79
14 79
14 79
14 79
14 79
14 79
14 79
14 79
14 79
14 79
14 79
14 79
14 79
14 79
14 79
14 79
14 79
14 79
14 79
14 79
14 79
14 79
15 79
15 79
15 79
15 79
15 79
15 79
15 79
15 79
15 79
15 79
15 79
15 79
15 79
15 79
15 79
15 79
15 79
15 79
15 79
21 85
21 85
21 85
21 85
21 85
21 85
21 85
21 85
21 85
21 85
21 85
21 85
21 85
21 85
21 85
21 85
21 85
21 85
23 78
23 78
23 78
23 78
23 78
23 78
23 78
23 78
23 78
23 78
23 78
23 78
23 78
23 78
23 78
23 78
23 78
33 75
33 75
33 75
33 75
33 75
33 75
33 75
33 75
33 75
33 75
33 75
33 75
33 75
33 75
33 75
33 75
33 75
33 75
33 75
33 75
33 75
33 75
33 75
33 75
33 75
33 75
33 75
33 75
33 75
33 75
33 75
33 75
33 75
33 75
33 75
33 75
33 75
33 75
33 75
23 68
23 68
23 68
23 68
23 68
23 68
23 68
23 68
23 68
23 68
23 68
23 68
23 68
23 68
23 68
23 68
23 68
23 68
23 68
23 68
23 68
23 68
23 68
23 68
23 68
23 68
23 68
23 68
23 68
23 68
23 68
23 68
23 68
23 68
23 68
23 68
23 68
23 68
23 68
23 68
35 71
43 66
43 66
43 66
43 66
43 66
43 66
43 66
43 66
43 66
43 66
43 66
43 66
43 66
43 66
43 66
43 66
43 66
43 66
43 66
43 66
43 66
43 66
43 66
43 66
43 66
43 66
43 66
43 66
43 66
43 66
43 66
43 66
43 66
43 66
43 66
43 66
43 66
43 66
43 66
43 66
43 66
43 66
43 66
43 66
43 66
43 66
43 66
43 66
43 66
43 66
43 66
45 60
45 60
45 60
45 60
45 60
45 60
45 60
45 60
45 60
45 60
45 60
45 60
45 60
45 60
45 60
45 60
45 60
45 60
45 60
45 60
45 60
45 60
45 60
45 60
55 55
55 55
55 55
55 55
55 55
55 55
55 55
55 55
55 55
55 55
55 55
55 55
55 55
55 55
55 55
55 55
55 55
55 55
56 58
56 58
56 58
56 58
56 58
56 58
56 58
56 58
56 58
56 58
56 58
56 58
56 58
56 58
56 58
56 58
56 58
56 58
56 58
56 58
56 58
56 58
56 58
56 58
56 58
56 58
56 58
56 58
56 58
56 58
56 40
56 40
56 40
56 40
56 40
56 40
56 40
56 40
56 40
56 40
56 40
56 40
56 40
56 40
56 40
56 40
56 40
56 40
56 40
56 40
56 40
56 40
56 40
56 40
56 40
56 40
56 40
56 40
56 40
56 40
56 40
56 40
56 40
56 40
56 40
56 40
56 40
56 40
54 33
60 33
60 33
60 33
60 33
60 33
60 33
60 33
60 33
60 33
60 33
60 33
60 33
60 33
60 33
60 33
60 33
60 33
60 33
60 33
60 33
60 33
60 33
60 33
60 33
60 33
60 33
60 33
60 33
60 33
60 33
60 33
60 33
60 33
60 33
60 33
60 33
60 33
60 33
60 33
60 33
60 33
60 33
60 33
60 33
60 33
60 33
60 33
60 33
60 33
60 33
60 33
60 33
60 33
60 33
60 33
60 33
60 33
61 32
57 26
57 26
57 26
57 26
57 26
57 26
57 26
57 26
57 26
57 26
57 26
57 26
57 26
57 26
57 26
57 26
57 26
57 26
57 26
72 25
72 25
72 25
72 25
72 25
72 25
72 25
72 25
72 25
72 25
72 25
72 25
72 25
72 25
72 25
72 25
72 25
72 25
72 25
72 25
72 25
72 25
72 25
72 25
72 25
72 25
72 25
72 25
72 25
72 25
72 25
72 25
72 25
72 25
72 25
72 25
72 25
72 25
72 25
72 25
72 25
72 25
72 25
72 25
72 25
72 25
72 25
72 25
72 25
72 25
72 25
72 25
72 25
72 25
72 25
62 19
63 16
63 16
63 16
63 16
63 16
63 16
63 16
63 16
63 16
63 16
63 16
63 16
63 16
63 16
63 16
63 16
63 16
63 16
63 16
63 16
63 16
63 16
63 16
63 16
63 16
63 16
63 16
63 16
63 16
63 16
63 16
63 16
63 16
63 16
63 16
63 16
57 11
57 11
57 11
57 11
57 11
57 11
57 11
57 11
57 11
57 11
57 11
57 11
57 11
57 11
57 11
57 11
57 11
57 11
59 11
59 11
59 11
59 11
59 11
59 11
59 11
59 11
59 11
59 11
59 11
59 11
59 11
59 11
59 11
59 11
59 11
59 11
59 7
59 7
59 7
59 7
59 7
59 7
59 7
59 7
59 7
59 7
59 7
59 7
59 7
59 7
59 7
59 7
59 7
59 7
59 7
59 7
59 7
59 7
59 7
59 7
59 7
59 7
59 7
59 7
59 7
59 7
59 7
59 7
59 7
59 7
58 6
58 6
58 6
58 6
58 6
58 6
58 6
58 6
58 6
58 6
58 6
58 6
58 6
58 6
58 6
58 6
58 6
58 6
58 6
58 6
58 6
58 6
58 6
58 6
58 6
58 6
58 6
58 6
58 6
58 6
58 6
58 6
58 6
57 7
57 7
57 7
57 7
57 7
57 7
57 7
57 7
57 7
57 7
57 7
57 7
57 7
57 7
57 7
57 7
57 7
57 7
57 7
57 7
57 7
57 7
57 7
57 7
57 7
57 7
57 7
57 7
57 7
57 7
57 7
56 1
57 -1
57 -1
57 -1
57 -1
57 -1
57 -1
57 -1
57 -1
57 -1
57 -1
57 -1
57 -1
57 -1
57 -1
57 -1
57 -1
57 1
57 1
57 1
57 1
57 1
57 1
57 1
57 1
57 1
57 1
57 1
57 1
57 1
57 1
57 1
57 1
57 1
57 1
57 1
57 1
57 1
57 1
57 1
57 1
57 1
57 1
57 1
57 1
57 1
57 1
57 1
57 1
57 1
57 1
57 1
59 0
59 0
59 0
59 0
59 0
59 0
59 0
59 0
59 0
59 0
59 0
59 0
59 0
59 0
59 0
59 0
59 0
59 0
59 0
59 0
59 0
59 0
59 0
59 0
59 0
59 0
59 0
59 0
59 0
59 0
59 0
59 0
59 0
59 0
59 0
59 0
59 0
40 -2
55 -6
55 -6
55 -6
55 -6
55 -6
55 -6
55 -6
55 -6
55 -6
55 -6
55 -6
55 -6
55 -6
55 -6
55 -6
55 -6
55 -6
55 -6
55 -6
55 -6
55 -6
55 -6
55 -6
55 -6
55 -6
55 -6
55 -6
55 -6
55 -6
55 -6
55 -6
55 -6
55 -6
54 -11
54 -11
54 -11
54 -11
54 -11
54 -11
54 -11
54 -11
54 -11
54 -11
54 -11
54 -11
54 -11
54 -11
54 -11
54 -11
54 -11
53 -13
53 -13
53 -13
53 -13
53 -13
53 -13
53 -13
53 -13
53 -13
53 -13
53 -13
53 -13
53 -13
53 -13
53 -13
53 -13
53 -13
53 -13
53 -13
53 -13
53 -13
53 -13
53 -13
53 -13
53 -13
53 -13
53 -13
53 -13
53 -13
53 -13
53 -13
53 -13
53 -13
53 -13
65 -20
65 -20
65 -20
65 -20
65 -20
65 -20
65 -20
65 -20
65 -20
65 -20
65 -20
65 -20
65 -20
65 -20
65 -20
65 -20
65 -20
65 -20
56 -19
56 -19
56 -19
56 -19
56 -19
56 -19
56 -19
56 -19
56 -19
56 -19
56 -19
56 -19
56 -19
56 -19
56 -19
56 -19
56 -19
56 -19
56 -19
56 -19
56 -19
56 -19
56 -19
56 -19
56 -19
56 -19
56 -19
56 -19
56 -19
56 -19
56 -19
56 -19
56 -19
56 -19
56 -19
56 -19
56 -19
56 -19
56 -19
57 -21
57 -21
57 -21
57 -21
57 -21
57 -21
57 -21
57 -21
57 -21
57 -21
57 -21
57 -21
57 -21
57 -21
57 -21
57 -21
57 -21
57 -21
57 -21
57 -21
57 -21
57 -21
57 -21
57 -21
57 -21
57 -21
57 -21
57 -21
57 -21
57 -21
57 -21
57 -21
57 -21
57 -21
57 -21
57 -21
55 -23
56 -28
56 -28
56 -28
56 -28
56 -28
56 -28
56 -28
56 -28
56 -28
56 -28
56 -28
56 -28
56 -28
56 -28
56 -28
56 -28
56 -28
56 -28
56 -28
56 -28
56 -28
56 -28
56 -28
56 -28
56 -28
56 -28
56 -28
56 -28
56 -28
56 -28
56 -28
56 -28
56 -28
59 -27
59 -27
59 -27
59 -27
59 -27
59 -27
59 -27
59 -27
59 -27
59 -27
59 -27
59 -27
59 -27
59 -27
59 -31
59 -31
59 -31
59 -31
59 -31
59 -31
59 -31
59 -31
59 -31
59 -31
59 -31
59 -31
59 -31
59 -31
59 -31
54 -31
54 -31
54 -31
54 -31
54 -31
54 -31
54 -31
54 -31
54 -31
54 -31
54 -31
54 -31
54 -31
54 -31
54 -31
54 -31
54 -31
54 -31
54 -31
54 -31
54 -31
54 -31
54 -31
54 -31
54 -31
54 -31
54 -31
54 -31
54 -31
54 -31
54 -31
54 -31
54 -31
54 -31
54 -31
45 -29
45 -29
45 -29
45 -29
45 -29
45 -29
45 -29
45 -29
45 -29
45 -29
45 -29
45 -29
45 -29
45 -29
45 -29
45 -29
45 -29
45 -29
45 -29
45 -29
45 -29
45 -29
45 -29
45 -29
45 -29
45 -29
45 -29
45 -29
45 -29
45 -29
45 -29
45 -29
45 -29
45 -29
45 -29
45 -29
37 -33
37 -33
37 -33
37 -33
37 -33
37 -33
37 -33
37 -33
37 -33
37 -33
37 -33
37 -33
37 -33
37 -33
37 -33
37 -33
37 -33
37 -33
37 -33
37 -33
37 -33
37 -33
37 -33
37 -33
37 -33
37 -33
37 -33
37 -33
37 -33
37 -33
37 -33
37 -33
37 -33
37 -33
37 -33
37 -33
37 -33
37 -33
37 -33
37 -33
37 -33
37 -33
37 -33
37 -33
37 -33
37 -33
37 -33
37 -33
37 -33
37 -33
37 -33
43 -31
36 -40
47 -43
47 -43
47 -43
47 -43
47 -43
47 -43
47 -43
47 -43
47 -43
47 -43
47 -43
47 -43
47 -43
47 -43
47 -43
47 -43
47 -43
47 -43
47 -43
47 -43
47 -43
47 -43
47 -43
47 -43
47 -43
47 -43
47 -43
47 -43
40 -44
40 -44
40 -44
40 -44
40 -44
40 -44
40 -44
40 -44
40 -44
40 -44
40 -44
40 -44
40 -44
40 -44
40 -44
40 -44
40 -44
40 -44
40 -44
40 -44
40 -44
40 -44
40 -44
40 -44
40 -44
40 -44
40 -44
40 -44
40 -44
40 -44
40 -44
40 -44
40 -44
40 -44
34 -43
34 -43
34 -43
34 -43
34 -43
34 -43
34 -43
34 -43
34 -43
34 -43
34 -43
34 -43
34 -43
34 -43
34 -43
34 -43
34 -43
34 -43
34 -43
34 -43
34 -43
34 -43
34 -43
34 -43
34 -43
34 -43
34 -43
34 -43
34 -43
34 -43
34 -43
34 -43
34 -43
34 -43
34 -43
34 -43
34 -43
39 -53
39 -53
39 -53
39 -53
39 -53
39 -53
39 -53
39 -53
39 -53
39 -53
39 -53
39 -53
39 -53
39 -53
39 -53
39 -53
39 -53
37 -44
37 -44
37 -44
37 -44
37 -44
37 -44
37 -44
37 -44
37 -44
37 -44
37 -44
37 -44
37 -44
37 -44
37 -44
37 -44
37 -44
37 -44
37 -44
37 -44
35 -44
35 -44
35 -44
35 -44
35 -44
35 -44
35 -44
35 -44
35 -44
35 -44
35 -44
35 -44
35 -44
35 -44
35 -44
35 -44
35 -44
35 -44
35 -44
35 -44
35 -44
35 -44
35 -44
35 -44
35 -44
35 -44
35 -44
35 -44
35 -44
35 -44
27 -51
27 -51
27 -51
27 -51
27 -51
27 -51
27 -51
27 -51
27 -51
27 -51
27 -51
27 -51
27 -51
27 -51
27 -51
27 -51
27 -51
27 -51
27 -51
27 -51
27 -51
27 -51
27 -51
27 -51
27 -51
27 -51
27 -51
27 -51
27 -51
27 -51
27 -51
27 -51
27 -51
27 -51
27 -51
28 -50
28 -50
28 -50
28 -50
28 -50
28 -50
28 -50
28 -50
28 -50
28 -50
28 -50
28 -50
28 -50
28 -50
28 -50
28 -50
28 -50
28 -50
28 -50
28 -50
28 -50
28 -50
28 -50
28 -50
28 -50
28 -50
28 -50
28 -50
28 -50
28 -50
28 -50
28 -50
28 -50
28 -50
31 -55
22 -58
22 -58
22 -58
22 -58
22 -58
22 -58
22 -58
22 -58
22 -58
22 -58
22 -58
22 -58
22 -58
22 -58
22 -58
22 -58
22 -58
22 -58
22 -58
22 -58
22 -58
22 -58
22 -58
22 -58
22 -58
22 -58
22 -58
22 -58
22 -58
22 -58
22 -58
22 -58
22 -48
22 -48
22 -48
22 -48
22 -48
22 -48
22 -48
22 -48
22 -48
22 -48
22 -48
22 -48
22 -48
22 -48
22 -48
22 -48
22 -48
19 -54
19 -54
19 -54
19 -54
19 -54
19 -54
19 -54
19 -54
19 -54
19 -54
19 -54
19 -54
19 -54
19 -54
19 -54
19 -54
19 -54
19 -54
19 -54
19 -54
19 -54
19 -54
19 -54
19 -54
19 -54
19 -54
19 -54
19 -54
19 -54
19 -54
19 -54
19 -54
19 -54
19 -54
14 -53
14 -53
14 -53
14 -53
14 -53
14 -53
14 -53
14 -53
14 -53
14 -53
14 -53
14 -53
14 -53
14 -53
14 -53
14 -53
14 -53
14 -53
14 -53
14 -53
14 -53
14 -53
14 -53
14 -53
14 -53
14 -53
14 -53
14 -53
14 -53
14 -53
14 -53
8 -44
8 -44
8 -44
8 -44
8 -44
8 -44
8 -44
8 -44
8 -44
8 -44
8 -44
8 -44
8 -44
8 -44
8 -44
12 -51
4 -49
4 -49
4 -49
4 -49
4 -49
4 -49
4 -49
4 -49
4 -49
4 -49
4 -49
4 -49
4 -49
4 -49
4 -49
4 -49
4 -49
4 -49
4 -49
4 -49
4 -49
4 -49
4 -49
4 -49
4 -49
4 -49
4 -49
4 -49
4 -49
4 -49
4 -49
4 -49
4 -49
5 -48
5 -48
5 -48
5 -48
5 -48
5 -48
5 -48
5 -48
5 -48
5 -48
5 -48
5 -48
5 -48
5 -48
5 -48
5 -48
5 -48
5 -48
5 -48
5 -48
4 -46
4 -46
4 -46
4 -46
4 -46
4 -46
4 -46
4 -46
4 -46
4 -46
4 -46
4 -46
4 -46
4 -46
4 -46
4 -46
4 -46
4 -46
4 -46
4 -46
4 -46
4 -46
4 -46
4 -46
4 -46
4 -46
4 -46
4 -46
4 -46
4 -46
4 -46
4 -46
4 -46
4 -46
4 -46
4 -46
4 -46
4 -46
4 -46
4 -46
4 -46
4 -46
4 -46
4 -46
4 -46
4 -46
4 -46
4 -46
4 -46
4 -46
4 -46
4 -46
4 -46
4 -46
4 -46
4 -46
4 -46
4 -46
4 -46
4 -46
4 -46
4 -46
4 -46
4 -46
4 -46
4 -46
4 -46
4 -46
4 -46
5 -41
6 -45
6 -45
6 -45
6 -45
6 -45
6 -45
6 -45
6 -45
6 -45
6 -45
6 -45
6 -45
6 -45
6 -45
6 -45
6 -45
6 -45
6 -45
6 -45
4 -44
4 -44
4 -44
4 -44
4 -44
4 -44
4 -44
4 -44
4 -44
4 -44
4 -44
4 -44
4 -44
4 -44
4 -44
4 -44
4 -44
4 -44
4 -44
3 -40
3 -40
3 -40
3 -40
3 -40
3 -40
3 -40
3 -40
3 -40
3 -40
3 -40
3 -40
3 -40
3 -40
3 -40
3 -40
3 -40
3 -40
3 -40
3 -40
3 -41
3 -41
3 -41
3 -41
3 -41
3 -41
3 -41
3 -41
3 -41
3 -41
3 -41
3 -41
3 -41
3 -41
3 -41
3 -41
3 -41
3 -41
3 -41
3 -41
3 -41
3 -41
3 -41
3 -41
3 -41
3 -41
3 -41
3 -41
3 -41
3 -41
3 -41
3 -41
3 -41
3 -41
3 -41
3 -41
3 -41
1 -39
1 -39
1 -39
1 -39
1 -39
1 -39
1 -39
1 -39
1 -39
1 -39
1 -39
1 -39
1 -39
1 -39
1 -39
1 -39
1 -39
1 -39
1 -39
1 -39
1 -39
1 -39
1 -39
1 -39
1 -39
1 -39
1 -39
1 -39
1 -39
1 -39
1 -39
1 -39
1 -39
1 -39
1 -39
1 -37
3 -29
3 -29
3 -29
3 -29
3 -29
3 -29
3 -29
3 -29
3 -29
3 -29
3 -29
3 -29
3 -29
3 -29
3 -29
3 -29
3 -29
3 -29
3 -29
3 -29
3 -29
3 -29
3 -29
3 -29
3 -29
3 -29
3 -29
3 -29
3 -29
3 -29
3 -29
3 -29
3 -29
0 -29
0 -29
0 -29
0 -29
0 -29
0 -29
0 -29
0 -29
0 -29
0 -29
0 -29
0 -29
0 -29
0 -29
0 -29
0 -29
0 -29
0 -29
1 -21
1 -21
1 -21
1 -21
1 -21
1 -21
1 -21
1 -21
1 -21
1 -21
1 -21
1 -21
1 -21
1 -21
1 -21
1 -21
1 -21
1 -21
1 -21
1 -21
1 -21
1 -21
1 -21
1 -21
1 -21
1 -21
1 -21
1 -21
1 -21
1 -21
1 -21
1 -21
1 -21
1 -21
1 -21
1 -21
1 -21
-1 -16
-1 -16
-1 -16
-1 -16
-1 -16
-1 -16
-1 -16
-1 -16
-1 -16
-1 -16
-1 -16
-1 -16
-1 -16
-1 -16
-1 -16
-1 -16
-1 -16
-1 -16
0 -15
0 -15
0 -15
0 -15
0 -15
0 -15
0 -15
0 -15
0 -15
0 -15
0 -15
0 -15
0 -15
0 -15
0 -15
0 -15
0 -15
0 -15
0 -15
0 -15
0 -15
0 -15
0 -15
0 -15
0 -15
0 -15
0 -15
0 -15
0 -15
0 -15
0 -15
0 -15
0 -15
0 -15
0 -15
0 -15
0 -15
0 -15
0 -15
0 -15
0 -15
0 -15
0 -15
0 -15
0 -15
0 -15
0 -15
0 -15
0 -15
0 -15
0 -15
0 -15
0 -15
0 -15
0 -15
0 -15
0 -15
0 -15
0 -15
0 -15
0 -15
0 -15
0 -15
-1 -12
-2 -13
-2 -13
-2 -13
-2 -13
-2 -13
-2 -13
-2 -13
-2 -13
-2 -13
-2 -13
-2 -13
-2 -13
-2 -13
-2 -13
-2 -13
-2 -13
-1 -9
-1 -7
-1 -7
-1 -7
-1 -7
-1 -7
-1 -7
-1 -7
-1 -7
-1 -7
-1 -7
-1 -7
-1 -7
-1 -7
-1 -7
-1 -7
-1 -7
-1 -7
-1 -7
-1 -7
-1 -7
-1 -7
-1 -7
-1 -7
-1 -7
-1 -7
-1 -7
-1 -7
-1 -7
-1 -7
-1 -7
-1 -7
-1 -7
1 -1
1 -1
1 -1
1 -1
1 -1
1 -1
1 -1
1 -1
1 -1
1 -1
1 -1
1 -1
1 -1
1 -1
1 -1
1 -1
1 -1
1 -1
1 -1
1 -1
1 -1
1 -1
1 -1
1 -1
1 -1
1 -1
1 -1
1 -1
1 -1
1 -1
1 -1
1 -1
1 -1
1 -1
1 -1
1 -1
1 -1
1 -1
1 -1
1 -1
1 -1
1 -1
1 -1
1 -1
1 -1
1 -1
1 -1
1 -1
1 -1
1 -1
1 -1
1 -1
1 -1
1 -1
1 -1
1 -1
1 -1
1 -1
1 -1
1 -1
1 -1
1 -1
1 -1
1 -1
1 -1
1 -1
1 -1
1 -1
1 -1
1 -1
1 -1
1 -1
1 -1
1 -1
1 -1
1 -1
1 -1
1 -1
1 -1
1 -1
1 -1
1 -1
1 -1
1 -1
1 -1
1 -1
1 -1
1 -1
1 -1
1 -1
1 -1
1 -1
1 -1
1 -1
1 -1
1 -1
1 -1
1 -1
1 -1
1 -1
1 -1
1 -1
1 -1
1 -1
1 -1
1 -1
1 -1
1 -1
1 -1
1 -1
1 -1
1 -1
1 -1
1 -1
1 -1
1 -1
1 -1
1 -1
1 -1
1 -1
1 -1
1 -1
1 -1
1 -1
1 -1
1 -1
1 -1
1 -1
1 -1
1 -1
1 -1
1 -1
1 -1
1 -1
1 -1
1 -1
1 -1
1 -1
1 -1
1 -1
1 -1
1 -1
1 -1
1 -1
1 -1
1 -1
1 -1
1 -1
1 -1
1 -1
1 -1
1 -1
1 -1
1 -1
1 -1
1 -1
1 -1
1 -1
1 -1
1 -1
1 -1
1 -1
1 -1
1 -1
1 -1
1 -1
1 -1
1 -1
1 -1
1 -1
1 -1
1 -1
1 -1
1 -1
1 -1
1 -1
1 -1
1 -1
1 -1
1 -1
1 -1
1 -1
1 -1
1 -1
1 -1
1 -1
1 -1
1 -1
1 -1
1 -1
1 -1
1 -1
1 -1
1 -1
1 -1
1 -1
1 -1
1 -1
1 -1
1 -1
1 -1
1 -1
1 -1
1 -1
1 -1
1 -1
1 -1
1 -1
1 -1
1 -1
1 -1
1 -1
1 -1
1 -1
1 -1
1 -1
1 -1
1 -1
1 -1
1 -1
1 -1
1 -1
1 -1
1 -1
1 -1
1 -1
1 -1
1 -1
1 -1
1 -1
1 -1
1 -1
1 -1
1 -1
1 -1
1 -1
1 -1
1 -1
1 -1
1 -1
1 -1
1 -1
1 -1
1 -1
1 -1
1 -1
1 -1
1 -1
1 -1
1 -1
1 -1
1 -1
1 -1
1 -1
1 -1
1 -1
1 -1
1 -1
1 -1
1 -1
1 -1
1 -1
1 -1
1 -1
1 -1
1 -1
1 -1
1 -1
1 -1
1 -1
1 -1
1 -1
1 -1
1 -1
1 -1
1 -1
1 -1
1 -1
1 -1
1 -1
1 -1
1 -1
1 -1
1 -1
1 -1
1 -1
1 -1
1 -1
1 -1
1 -1
1 -1
1 -1
1 -1
1 -1
1 -1
1 -1
1 -1
1 -1
1 -1
1 -1
1 -1
1 -1
1 -1
1 -1
1 -1
1 -1
1 -1
1 -1
1 -1
1 -1
1 -1
1 -1
1 -1
1 -1
1 -1
1 -1
1 -1
1 -1
1 -1
1 -1
1 -1
1 -1
1 -1
1 -1
1 -1
1 -1
1 -1
1 -1
1 -1
1 -1
1 -1
1 -1
1 -1
1 -1
1 -1
1 -1
1 -1
1 -1
1 -1
1 -1
1 -1
1 -1
1 -1
1 -1
1 -1
1 -1
1 -1
1 -1
1 -1
1 -1
1 -1
1 -1
1 -1
1 -1
1 -1
1 -1
1 -1
1 -1
1 -1
1 -1
1 -1
1 -1
1 -1
1 -1
1 -1
1 -1
1 -1
1 -1
1 -1
1 -1
1 -1
1 -1
1 -1
1 -1
1 -1
1 -1
1 -1
1 -1
1 -1
1 -1
1 -1
1 -1
1 -1
1 -1
1 -1
1 -1
1 -1
1 -1
1 -1
1 -1
1 -1
1 -1
1 -1
1 -1
1 -1
1 -1
1 -1
1 -1
1 -1
1 -1
1 -1
1 -1
1 -1
1 -1
1 -1
1 -1
1 -1
1 -1
1 -1
1 -1
1 -1
1 -1
1 -1
1 -1
1 -1
1 -1
1 -1
1 -1
1 -1
1 -1
1 -1
1 -1
1 -1
1 -1
1 -1
1 -1
1 -1
1 -1
1 -1
1 -1
1 -1
1 -1
1 -1
1 -1
1 -1
1 -1
1 -1
1 -1
1 -1
1 -1
1 -1
1 -1
1 -1
1 -1
1 -1
1 -1
1 -1
1 -1
1 -1
1 -1
1 -1
1 -1
1 -1
1 -1
1 -1
1 -1
1 -1
1 -1
1 -1
1 -1
1 -1
1 -1
1 -1
1 -1
1 -1
1 -1
1 -1
1 -1
1 -1
1 -1
1 -1
1 -1
1 -1
1 -1
1 -1
1 -1
1 -1
1 -1
1 -1
1 -1
1 -1
1 -1
1 -1
1 -1
1 -1
1 -1
1 -1
1 -1
1 -1
1 -1
1 -1
1 -1
1 -1
1 -1
1 -1
1 -1
1 -1
1 -1
1 -1
1 -1
1 -1
1 -1
1 -1
1 -1
1 -1
1 -1
1 -1
1 -1
1 -1
1 -1
1 -1
1 -1
1 -1
1 -1
1 -1
1 -1
1 -1
1 -1
1 -1
1 -1
1 -1
1 -1
1 -1
1 -1
1 -1
1 -1
1 -1
1 -1
1 -1
1 -1
1 -1
1 -1
1 -1
1 -1
1 -1
1 -1
1 -1
1 -1
1 -1
1 -1
1 -1
1 -1
1 -1
1 -1
1 -1
1 -1
1 -1
1 -1
1 -1
1 -1
1 -1
1 -1
1 -1
1 -1
1 -1
1 -1
1 -1
1 -1
1 -1
1 -1
1 -1
1 -1
1 -1
1 -1
1 -1
1 -1
1 -1
1 -1
1 -1
1 -1
1 -1
1 -1
1 -1
1 -1
1 -1
1 -1
1 -1
1 -1
1 -1
1 -1
1 -1
1 -1
1 -1
1 -1
1 -1
1 -1
1 -1
1 -1
1 -1
1 -1
1 -1
1 -1
1 -1
1 -1
1 -1
1 -1
1 -1
1 -1
1 -1
1 -1
1 -1
1 -1
1 -1
1 -1
1 -1
1 -1
1 -1
1 -1
1 -1
1 -1
1 -1
1 -1
1 -1
1 -1
1 -1
1 -1
1 -1
1 -1
1 -1
1 -1
1 -1
1 -1
1 -1
1 -1
1 -1
1 -1
1 -1
1 -1
1 -1
1 -1
1 -1
1 -1
1 -1
1 -1
1 -1
1 -1
1 -1
1 -1
1 -1
1 -1
1 -1
1 -1
1 -1
1 -1
1 -1
1 -1
1 -1
1 -1
1 -1
1 -1
1 -1
1 -1
1 -1
1 -1
1 -1
1 -1
1 -1
1 -1
1 -1
1 -1
1 -1
1 -1
1 -1
1 -1
1 -1
1 -1
1 -1
1 -1
1 -1
1 -1
1 -1
1 -1
1 -1
1 -1
1 -1
1 -1
1 -1
1 -1
1 -1
1 -1
1 -1
1 -1
1 -1
1 -1
1 -1
1 -1
1 -1
1 -1
1 -1
1 -1
1 -1
1 -1
1 -1
1 -1
1 -1
1 -1
1 -1
1 -1
1 -1
1 -1
1 -1
1 -1
1 -1
1 -1
1 -1
1 -1
1 -1
1 -1
1 -1
1 -1
1 -1
1 -1
1 -1
1 -1
1 -1
1 -1
1 -1
1 -1
1 -1
1 -1
1 -1
1 -1
1 -1
1 -1
1 -1
1 -1
1 -1
1 -1
1 -1
1 -1
1 -1
1 -1
1 -1
1 -1
1 -1
1 -1
1 -1
1 -1
1 -1
1 -1
1 -1
1 -1
1 -1
1 -1
1 -1
1 -1
1 -1
1 -1
1 -1
1 -1
1 -1
1 -1
1 -1
1 -1
1 -1
1 -1
1 -1
1 -1
1 -1
1 -1
1 -1
1 -1
1 -1
1 -1
1 -1
-1 0
-1 0
-1 0
-1 0
-1 0
-1 0
-1 0
-1 0
-1 0
-1 0
-1 0
-1 0
-1 0
-1 0
-1 0
-1 0
-1 0
-1 0
-1 0
-1 0
-1 0
-1 0
-1 0
-1 0
-1 0
-1 0
-1 0
-1 0
-1 0
-1 0
-1 0
-1 0
-1 0
-1 0
-1 0
-1 0
-1 0
-1 0
-1 0
-1 0
-1 0
-1 0
-1 0
-1 0
-1 0
-1 0
-1 0
-1 0
-1 0
-1 0
-1 0
-1 0
-1 0
-1 0
-1 0
-1 0
-1 0
-1 0
-1 0
-1 0
-1 0
-1 0
-1 0
-1 0
-1 0
-1 0
-1 0
-1 0
-1 0
-1 0
-1 0
-1 0
-1 0
-1 0
-1 0
-1 0
-1 0
-1 0
-1 0
-1 0
-1 0
-1 0
-1 0
-1 0
-1 0
-1 0
-1 0
-1 0
-1 0
-1 0
-1 0
-1 0
-1 0
-1 0
-1 0
-1 0
-1 0
-1 0
-1 0
-1 0
-1 0
-1 0
-1 0
-1 0
-1 0
-1 0
-1 0
-1 0
-1 0
-1 0
-1 0
-1 0
-1 0
-1 0
-1 0
-1 0
-1 0
-1 0
-1 0
-1 0
-1 0
-1 0
-1 0
-1 0
-1 0
-1 0
-1 0
-1 0
-1 0
-1 0
-1 0
-1 0
-1 0
-1 0
-1 0
-1 0
-1 0
-1 0
-1 0
-1 0
-1 0
-1 0
-1 0
-1 0
-1 0
-1 0
-1 0
-1 0
-1 0
-1 0
-1 0
-1 0
-1 0
-1 0
-1 0
-1 0
-1 0
-1 0
-1 0
-1 0
-1 0
-1 0
-1 0
-1 0
-1 0
-1 0
-1 0
-1 0
-1 0
-1 0
-1 0
-1 0
-1 0
-1 0
-1 0
-1 0
-1 0
-1 0
-1 0
-1 0
-1 0
-1 0
-1 0
-1 0
-1 0
-1 0
-1 0
-1 0
-1 0
-1 0
-1 0
-1 0
-1 0
-1 0
-1 0
-1 0
-1 0
-1 0
-1 0
-1 0
-1 0
-1 0
-1 0
-1 0
-1 0
-1 0
-1 0
-1 0
-1 0
-1 0
-1 0
-1 0
-1 0
-1 0
-1 0
-1 0
-1 0
-1 0
-1 0
-1 0
-1 0
-1 0
-1 0
-1 0
-1 0
-1 0
-1 0
-1 0
-1 0
-1 0
-1 0
-1 0
-1 0
-1 0
-1 0
-1 0
-1 0
-1 0
-1 0
-1 0
-1 0
-1 0
-1 0
-1 0
-1 0
-1 0
-1 0
-1 0
-1 0
-1 0
-1 0
-1 0
-1 0
-1 0
-1 0
-1 0
-1 0
-1 0
-1 0
-1 0
-1 0
-1 0
-1 0
-1 0
-1 0
-1 0
-1 0
-1 0
-1 0
-1 0
-1 0
-1 0
-1 0
-1 0
-1 0
-1 0
-1 0
-1 0
-1 0
-1 0
-1 0
-1 0
-1 0
-1 0
-1 0
-1 0
-1 0
-1 0
-1 0
-1 0
-1 0
-1 0
-1 0
-1 0
-1 0
-1 0
-1 0
-1 0
-1 0
-1 0
-1 0
-1 0
-1 0
-1 0
-1 0
-1 0
-1 0
-1 0
-1 0
-1 0
-1 0
-1 0
-1 0
-1 0
-1 0
-1 0
-1 0
-1 0
-1 0
-1 0
-1 0
-1 0
-1 0
-1 0
-1 0
-1 0
-1 0
-1 0
-1 0
-1 0
-1 0
-1 0
-1 0
-1 0
-1 0
-1 0
-1 0
-1 0
-1 0
-1 0
-1 0
-1 0
-1 0
-1 0
-1 0
-1 0
-1 0
-1 0
-1 0
-1 0
-1 0
-1 0
-1 0
-1 0
-1 0
-1 0
-1 0
-1 0
-1 0
-1 0
-1 0
-1 0
-1 0
-1 0
-1 0
-1 0
-1 0
-1 0
-1 0
-1 0
-1 0
-1 0
-1 0
-1 0
-1 0
-1 0
-1 0
-1 0
-1 0
-1 0
-1 0
-1 0
-1 0
-1 0
-1 0
-1 0
-1 0
-1 0
-1 0
-1 0
-1 0
-1 0
-1 0
-1 0
-1 0
-1 0
-1 0
-1 0
-1 0
-1 0
-1 0
-1 0
-1 0
-1 0
-1 0
-1 0
-1 0
-1 0
-1 0
-1 0
-1 0
-1 0
-1 0
-1 0
-1 0
-1 0
-1 0
-1 0
-1 0
-1 0
-1 0
-1 0
-1 0
-1 0
-1 0
-1 0
-1 0
-1 0
-1 0
-1 0
-1 0
-1 0
-1 0
-1 0
-1 0
-1 0
-1 0
-1 0
-1 0
-1 0
-1 0
-1 0
-1 0
-1 0
-1 0
-1 0
-1 0
-1 0
-1 0
-1 0
-1 0
-1 0
-1 0
-1 0
-1 0
-1 0
-1 0
-1 0
-1 0
-1 0
-1 0
-1 0
-1 0
-1 0
-1 0
-1 0
-1 0
-1 0
-1 0
-1 0
-1 0
-1 0
-1 0
-1 0
-1 0
-1 0
-1 0
-1 0
-1 0
-1 0
-1 0
-1 0
-1 0
-1 0
-1 0
-1 0
-1 0
-1 0
-1 0
-1 0
-1 0
-1 0
-1 0
-1 0
-1 0
-1 0
-1 0
-1 0
-1 0
-1 0
-1 0
-1 0
-1 0
-1 0
-1 0
-1 0
-1 0
-1 0
-1 0
-1 0
-1 0
-1 0
-1 0
-1 0
-1 0
-1 0
-1 0
-1 0
-1 0
-1 0
-1 0
-1 0
-1 0
-1 0
-1 0
-1 0
-1 0
-1 0
-1 0
-1 0
-1 0
-1 0
-1 0
-1 0
-1 0
-1 0
-1 0
-1 0
-1 0
-1 0
-1 0
-1 0
-1 0
-1 0
-1 0
-1 0
-1 0
-1 0
-1 0
-1 0
-1 0
-1 0
-1 0
-1 0
-1 0
-1 0
-1 0
-1 0
-1 0
-1 0
-1 0
-1 0
-1 0
-1 0
-1 0
-1 0
-1 0
-1 0
-1 0
-1 0
-1 0
-1 0
-1 0
-1 0
-1 0
-1 0
-1 0
-1 0
-1 0
-1 0
-1 0
-1 0
-1 0
-1 0
-1 0
-1 0
-1 0
-1 0
-1 0
-1 0
-1 0
-1 0
-1 0
-1 0
-1 0
-1 0
-1 0
-1 0
-1 0
-1 0
-1 0
-1 0
-1 0
-1 0
-1 0
-1 0
-1 0
-1 0
-1 0
-1 0
-1 0
-1 0
-1 0
-1 0
-1 0
-1 0
-1 0
-1 0
-1 0
-1 0
-1 0
-1 0
-1 0
-1 0
-1 0
-1 0
-1 0
-1 0
-1 0
-1 0
-1 0
-1 0
-1 0
-1 0
-1 0
-1 0
-1 0
-1 0
-1 0
-1 0
-1 0
-1 0
-1 0
-1 0
-1 0
-1 0
-1 0
-1 0
-1 0
-1 0
-1 0
-1 0
-1 0
-1 0
-1 0
-1 0
-1 0
-1 0
-1 0
-1 0
-1 0
-1 0
-1 0
-1 0
-1 0
-1 0
-1 0
-1 0
-1 0
-1 0
-1 0
-1 0
-1 0
-1 0
-1 0
-1 0
-1 0
-1 0
-1 0
-1 0
-1 0
-1 0
-1 0
-1 0
-1 0
-1 0
-1 0
-1 0
-1 0
-1 0
-1 0
-1 0
-1 0
-1 0
-1 0
-1 0
-1 0
-1 0
-1 0
-1 0
-1 0
-1 0
-1 0
-1 0
-1 0
-1 0
-1 0
-1 0
-1 0
-1 0
-1 0
-1 0
-1 0
-1 0
-1 0
-1 0
-1 0
-1 0
-1 0
-1 0
-1 0
-1 0
-1 0
-1 0
-1 0
-1 0
-1 0
-1 0
-1 0
-1 0
-1 0
-1 0
-1 0
-1 0
-1 0
-1 0
-1 0
-1 0
-1 0
-1 0
-1 0
-1 0
-1 0
-1 0
-1 0
-1 0
-1 0
-1 0
-1 0
-1 0
-1 0
-1 0
-1 0
-1 0
-1 0
-1 0
-1 0
-1 0
-1 0
-1 0
-1 0
-1 0
-1 0
-1 0
-1 0
-1 0
-1 0
-1 0
-1 0
-1 0
