-1 0
-1 0
-1 0
-1 0
-1 0
-1 0
-1 0
-1 0
-1 0
-1 0
-1 0
-1 0
-1 0
-1 0
-1 0
-1 0
-1 0
-1 0
-1 0
-1 0
-1 0
-1 0
-1 0
-1 0
-1 0
-1 0
-1 0
-1 0
-1 0
-1 0
-1 0
2 0
2 0
2 0
2 0
2 0
2 0
2 0
2 0
2 0
2 0
2 0
2 0
2 0
2 0
2 0
2 0
2 0
2 0
2 0
2 0
2 0
2 0
2 0
2 0
2 0
2 0
2 0
2 0
2 0
2 0
2 0
2 0
2 0
2 0
2 0
2 0
2 0
2 0
2 0
2 0
2 0
2 0
2 0
2 0
2 0
2 0
2 0
2 0
2 0
2 0
2 0
2 0
2 0
2 0
2 0
2 0
2 0
2 0
2 0
2 0
2 0
2 0
2 0
2 0
2 0
2 0
2 0
0 4
0 4
0 4
0 4
0 4
0 4
0 4
0 4
0 4
0 4
0 4
0 4
0 4
0 4
0 4
0 4
0 4
0 4
0 4
0 4
0 4
0 4
0 4
0 4
0 4
0 4
0 4
0 4
0 4
0 4
0 4
0 4
0 4
0 4
0 4
0 4
0 4
0 7
0 7
0 7
0 7
0 7
0 7
0 7
0 7
0 7
0 7
0 7
0 7
0 7
0 7
0 7
0 7
0 7
0 7
0 7
0 7
0 7
0 7
0 7
0 7
0 7
0 7
0 7
0 7
0 7
0 7
0 7
0 7
0 7
0 7
0 7
0 7
0 7
0 7
1 11
1 11
1 11
1 11
1 11
1 11
1 11
1 11
1 11
1 11
1 11
1 11
1 11
1 11
1 11
1 11
1 11
1 11
1 11
1 11
4 14
4 14
4 14
4 14
4 14
4 14
4 14
4 14
4 14
4 14
4 14
4 14
4 14
4 14
4 14
4 14
4 14
4 14
4 14
3 17
3 17
3 17
3 17
3 17
3 17
3 17
3 17
3 17
3 17
3 17
3 17
3 17
3 17
3 17
3 17
3 17
3 17
3 17
3 17
3 17
5 15
5 15
5 15
5 15
5 15
5 15
5 15
5 15
5 15
5 15
5 15
5 15
5 15
5 15
5 15
5 15
5 15
5 15
5 15
5 15
5 15
5 15
5 15
5 15
5 15
5 15
5 15
5 15
5 15
5 15
5 15
5 15
5 15
5 15
5 15
5 15
5 15
5 15
5 15
5 15
5 15
5 15
5 15
5 15
5 15
5 15
5 15
5 15
5 15
5 15
5 15
5 15
5 15
5 15
5 15
5 15
5 15
5 15
5 15
5 15
5 15
5 15
5 15
5 15
5 15
5 16
6 17
6 17
6 17
6 17
6 17
6 17
6 17
6 17
6 17
6 17
6 17
6 17
6 17
6 17
6 17
6 17
6 17
6 17
6 17
6 17
6 17
6 17
6 17
6 17
6 17
6 17
6 17
6 17
6 17
6 17
6 17
6 17
6 17
6 17
6 17
6 17
6 17
6 17
6 17
6 17
6 17
7 19
7 19
7 19
7 19
7 19
7 19
7 19
7 19
7 19
7 19
7 19
7 19
7 19
7 19
7 19
7 19
7 19
7 19
7 19
7 19
7 19
7 19
7 19
7 19
7 19
7 19
7 19
7 19
7 19
7 19
7 19
7 19
7 19
7 19
7 19
7 19
7 19
7 19
7 19
7 19
7 19
7 19
7 19
4 16
4 16
4 16
4 16
4 16
4 16
4 16
4 16
4 16
4 16
4 16
4 16
4 16
4 16
4 16
4 16
4 16
4 16
4 16
4 16
4 16
4 16
4 16
4 16
5 18
5 18
5 18
5 18
5 18
5 18
5 18
5 18
5 18
5 18
5 18
5 18
5 18
5 18
5 18
5 18
5 18
5 18
5 18
5 18
5 18
5 18
5 18
5 18
5 16
5 16
5 16
5 16
5 16
5 16
5 16
5 16
5 16
5 16
5 16
5 16
5 16
5 16
5 16
5 16
5 16
5 16
5 16
5 16
5 16
5 16
4 15
4 15
4 15
4 15
4 15
4 15
4 15
4 15
4 15
4 15
4 15
4 15
4 15
4 15
4 15
4 15
4 15
4 15
4 15
4 15
4 15
4 15
4 15
4 15
4 15
4 15
4 15
4 15
4 15
4 15
4 15
4 15
4 15
4 15
4 15
4 15
4 15
4 15
4 15
4 15
4 15
4 15
4 15
4 15
4 15
4 15
4 15
4 15
4 15
8 17
8 17
8 17
8 17
8 17
8 17
8 17
8 17
8 17
8 17
8 17
8 17
8 17
8 17
8 17
8 17
8 17
8 17
8 17
8 17
8 17
8 17
8 17
8 17
8 17
8 17
8 17
8 17
8 17
8 17
8 17
8 17
8 17
8 17
8 17
8 17
8 17
8 17
8 17
8 17
8 17
8 17
8 17
8 17
8 17
8 17
8 17
8 17
8 17
8 17
8 17
8 17
8 17
8 17
8 17
8 17
8 17
8 17
8 17
8 17
8 17
8 17
8 17
8 17
8 17
8 17
8 17
8 17
8 30
11 31
11 31
11 31
11 31
11 31
11 31
11 31
11 31
11 31
11 31
11 31
11 31
11 31
11 31
11 31
11 31
11 31
11 31
11 31
11 31
11 31
11 31
11 31
11 31
11 31
11 31
11 31
11 31
11 31
11 31
11 31
11 31
11 31
11 31
11 31
11 31
11 31
11 31
11 31
11 31
11 31
11 31
11 31
11 31
11 31
11 31
11 31
11 31
11 31
11 31
14 38
14 38
14 38
14 38
14 38
14 38
14 38
14 38
14 38
14 38
14 38
14 38
14 38
14 38
14 38
14 38
14 38
14 38
14 38
14 38
14 38
14 38
14 38
14 38
14 38
16 42
16 42
16 42
16 42
16 42
16 42
16 42
16 42
16 42
16 42
16 42
16 42
16 42
16 42
16 42
16 42
16 42
16 42
16 42
16 42
16 42
16 42
16 42
16 42
16 42
16 42
16 42
16 42
16 42
16 42
16 42
16 42
16 42
16 42
16 42
16 42
16 42
16 42
16 42
16 42
16 42
16 42
16 42
16 42
21 41
21 41
21 41
21 41
21 41
21 41
21 41
21 41
21 41
21 41
21 41
21 41
21 41
21 41
21 41
21 41
21 41
21 41
21 41
21 41
21 41
21 41
21 41
21 41
21 41
21 41
21 41
21 41
21 41
21 41
21 41
21 41
21 41
21 41
21 41
21 41
21 41
21 41
21 41
21 41
21 41
21 41
21 41
21 41
21 41
21 41
21 41
21 41
21 41
21 41
21 41
21 41
21 41
19 39
19 39
19 39
19 39
19 39
19 39
19 39
19 39
19 39
19 39
19 39
19 39
19 39
19 39
19 39
19 39
19 39
19 39
19 39
19 39
19 39
19 39
19 39
19 39
19 39
19 39
19 39
19 39
19 39
19 39
19 39
19 39
19 39
19 39
19 39
19 39
19 39
19 39
19 39
19 39
19 39
19 39
19 39
19 39
19 39
19 39
19 39
19 39
19 39
19 39
19 39
25 51
25 51
25 51
25 51
25 51
25 51
25 51
25 51
25 51
25 51
25 51
25 51
25 51
25 51
25 51
25 51
25 51
25 51
25 51
25 51
25 51
25 51
25 51
25 51
30 43
30 43
30 43
30 43
30 43
30 43
30 43
30 43
30 43
30 43
30 43
30 43
30 43
30 43
30 43
30 43
30 43
30 43
30 43
30 43
30 43
30 43
30 43
30 43
30 43
30 43
30 43
30 43
30 43
30 43
30 43
30 43
30 43
30 43
30 43
30 43
30 43
30 43
30 43
30 43
30 43
30 43
30 43
30 43
30 43
30 43
30 43
30 43
30 43
30 43
30 43
30 43
30 43
30 43
30 43
30 43
30 43
30 43
30 43
30 43
30 43
30 43
30 43
30 43
30 43
30 43
30 43
30 43
30 43
30 43
30 43
30 43
30 43
30 43
30 43
30 43
30 43
30 43
30 43
30 43
30 43
30 43
30 43
30 43
30 43
29 51
29 51
29 51
29 51
29 51
29 51
29 51
29 51
29 51
29 51
29 51
29 51
29 51
29 51
29 51
29 51
29 51
29 51
29 51
29 51
29 51
29 51
29 51
29 51
29 51
29 51
29 51
29 51
29 51
29 51
29 51
29 51
29 51
29 51
29 51
29 51
29 51
29 51
29 51
29 51
29 51
29 51
29 51
29 51
29 51
29 51
29 51
29 51
29 51
29 51
29 51
29 51
28 41
28 41
28 41
28 41
28 41
28 41
28 41
28 41
28 41
28 41
28 41
28 41
28 41
28 41
28 41
28 41
28 41
28 41
28 41
28 41
28 41
28 41
32 39
32 39
32 39
32 39
32 39
32 39
32 39
32 39
32 39
32 39
32 39
32 39
32 39
32 39
32 39
32 39
32 39
32 39
32 39
32 39
32 39
32 39
32 39
32 39
32 39
32 39
32 39
32 39
32 39
32 39
32 39
32 39
32 39
32 39
32 39
32 39
32 39
32 39
32 39
32 39
32 39
32 39
32 39
32 39
32 39
32 39
32 39
32 39
32 39
32 39
32 39
43 42
43 42
43 42
43 42
43 42
43 42
43 42
43 42
43 42
43 42
43 42
43 42
43 42
43 42
43 42
43 42
43 42
43 42
43 42
43 42
43 42
43 42
43 42
43 42
43 42
43 42
43 42
43 42
43 42
43 42
43 42
43 42
43 42
43 42
43 42
43 42
43 42
43 42
43 42
43 42
43 42
41 38
41 38
41 38
41 38
41 38
41 38
41 38
41 38
41 38
41 38
41 38
41 38
41 38
41 38
41 38
41 38
41 38
41 38
41 38
41 38
41 38
41 38
41 38
41 38
41 38
41 38
41 38
41 38
41 38
41 38
41 38
41 38
41 38
41 38
41 38
41 38
41 38
41 38
41 38
45 41
45 41
45 41
45 41
45 41
45 41
45 41
45 41
45 41
45 41
45 41
45 41
45 41
45 41
45 41
45 41
45 41
45 41
45 41
45 41
45 41
45 41
45 41
45 41
45 41
45 41
45 41
45 41
45 41
45 41
45 41
45 41
45 41
45 41
45 41
45 41
45 41
45 41
45 41
45 41
45 41
45 41
49 37
46 36
46 36
46 36
46 36
46 36
46 36
46 36
46 36
46 36
46 36
46 36
46 36
46 36
46 36
46 36
46 36
46 36
46 36
46 36
46 36
46 36
46 36
46 36
46 36
46 36
46 36
46 36
46 36
46 36
46 36
46 36
46 36
46 36
46 36
46 36
43 32
43 32
43 32
43 32
43 32
43 32
43 32
43 32
43 32
43 32
43 32
43 32
43 32
43 32
43 32
43 32
40 32
40 32
40 32
40 32
40 32
40 32
40 32
40 32
40 32
40 32
40 32
40 32
40 32
40 32
40 32
40 32
45 29
45 29
45 29
45 29
45 29
45 29
45 29
45 29
45 29
45 29
45 29
45 29
45 29
45 29
45 29
45 29
45 29
45 29
45 29
45 29
45 29
45 29
45 29
45 29
45 29
45 29
45 29
45 29
45 29
45 29
45 29
45 29
45 29
45 29
45 29
45 29
45 29
45 29
45 29
45 29
45 29
45 29
45 29
45 29
45 29
45 29
45 29
45 29
45 29
45 29
45 29
45 29
45 29
45 29
45 29
45 29
45 29
45 29
45 29
45 29
45 29
45 29
47 29
54 27
54 27
54 27
54 27
54 27
54 27
54 27
54 27
54 27
54 27
54 27
54 27
54 27
54 27
54 27
54 27
54 27
54 27
54 27
54 27
54 27
54 27
54 27
54 27
54 27
54 27
54 27
54 27
54 27
54 27
54 27
54 27
54 27
54 27
54 27
54 27
54 27
54 27
54 27
54 27
54 27
54 27
54 27
54 27
54 27
54 27
54 27
54 27
54 27
53 23
53 23
53 23
53 23
53 23
53 23
53 23
53 23
53 23
53 23
53 23
53 23
53 23
53 23
53 23
53 23
53 23
53 23
53 23
53 23
53 23
53 23
53 23
53 23
53 23
53 23
53 23
53 23
59 20
59 20
59 20
59 20
59 20
59 20
59 20
59 20
59 20
59 20
59 20
59 20
59 20
59 20
59 20
59 20
59 20
59 20
59 20
59 20
59 20
59 20
59 20
59 20
59 20
59 20
59 20
59 20
59 20
59 20
59 20
59 20
59 20
59 20
59 20
59 20
59 20
59 20
59 20
59 20
59 20
59 20
59 20
59 20
59 20
59 20
60 26
60 26
60 26
60 26
60 26
60 26
60 26
60 26
60 26
60 26
60 26
60 26
60 26
60 26
60 26
60 26
60 26
60 26
60 26
60 26
60 26
60 26
60 26
65 21
65 21
65 21
65 21
65 21
65 21
65 21
65 21
65 21
65 21
65 21
65 21
65 21
65 21
65 21
65 21
65 21
65 21
65 21
65 21
65 21
65 21
65 21
65 21
65 21
65 21
65 21
65 21
65 21
65 21
65 21
65 21
65 21
65 21
65 21
65 21
65 21
65 21
65 21
65 21
65 21
65 21
65 21
65 21
65 21
65 21
65 21
65 21
65 21
66 15
68 12
68 12
68 12
68 12
68 12
68 12
68 12
68 12
68 12
68 12
68 12
68 12
68 12
68 12
68 12
68 12
68 12
68 12
68 12
68 12
68 12
68 12
68 12
68 12
68 12
68 12
68 12
68 12
68 12
68 12
68 12
68 12
68 12
68 12
68 12
68 12
68 12
68 12
68 12
68 12
69 6
69 6
69 6
69 6
69 6
69 6
69 6
69 6
69 6
69 6
69 6
69 6
69 6
69 6
69 6
69 6
69 6
69 6
69 6
69 6
66 8
66 8
66 8
66 8
66 8
66 8
66 8
66 8
66 8
66 8
66 8
66 8
66 8
66 8
66 8
66 8
66 8
66 8
66 8
66 8
66 8
66 8
66 8
66 8
66 8
66 8
66 8
66 8
66 8
66 8
66 8
66 8
66 8
66 8
66 8
66 8
66 8
66 8
66 8
66 8
66 8
66 8
66 8
66 8
66 8
66 8
66 8
66 8
66 8
66 8
66 8
66 8
66 8
66 8
66 8
66 8
57 12
57 15
57 15
57 15
57 15
57 15
57 15
57 15
57 15
57 15
57 15
57 15
57 15
57 15
57 15
57 15
57 15
57 15
57 15
57 15
57 15
57 15
57 15
57 15
57 15
57 15
57 15
57 15
57 15
57 15
57 15
57 15
57 15
57 15
57 15
57 15
57 15
57 15
57 15
57 15
57 15
57 15
57 15
57 15
57 15
65 10
65 10
65 10
65 10
65 10
65 10
65 10
65 10
65 10
65 10
65 10
65 10
65 10
65 10
65 10
65 10
65 10
65 10
65 10
65 10
65 10
65 10
65 10
65 10
65 10
65 10
65 10
65 10
65 10
65 10
65 10
65 10
65 10
65 10
65 10
65 10
65 10
65 10
65 10
65 10
65 10
65 10
65 10
65 10
65 10
65 10
65 10
62 9
65 3
65 3
65 3
65 3
65 3
65 3
65 3
65 3
65 3
65 3
65 3
65 3
65 3
65 3
65 3
65 3
65 3
65 3
65 3
65 3
65 3
65 3
65 3
65 3
65 3
65 3
65 3
65 3
65 3
65 3
65 3
65 3
65 3
65 3
65 3
65 3
65 3
65 3
65 3
65 3
65 3
61 -3
61 -3
61 -3
61 -3
61 -3
61 -3
61 -3
61 -3
61 -3
61 -3
61 -3
61 -3
61 -3
61 -3
61 -3
61 -3
61 -3
61 -3
61 -3
61 -3
61 -3
61 -3
61 -3
69 -2
69 -2
69 -2
69 -2
69 -2
69 -2
69 -2
69 -2
69 -2
69 -2
69 -2
69 -2
69 -2
69 -2
69 -2
69 -2
69 -2
69 -2
69 -2
69 -2
69 -2
69 -2
69 -2
69 -2
69 -2
69 -2
69 -2
69 -2
69 -2
69 -2
69 -2
69 -2
69 -2
69 -2
69 -2
69 -2
69 -2
69 -2
69 -2
69 -2
69 -2
69 -2
69 -2
69 -2
69 -2
69 -2
69 -2
69 -2
69 -2
70 -6
70 -6
70 -6
70 -6
70 -6
70 -6
70 -6
70 -6
70 -6
70 -6
70 -6
70 -6
70 -6
70 -6
70 -6
70 -6
70 -6
70 -6
70 -6
70 -6
70 -6
70 -6
70 -6
70 -6
69 -11
69 -11
69 -11
69 -11
69 -11
69 -11
69 -11
69 -11
69 -11
69 -11
69 -11
69 -11
69 -11
69 -11
69 -11
69 -11
69 -11
69 -11
69 -11
69 -11
69 -11
69 -11
69 -11
69 -11
69 -11
69 -11
69 -11
69 -11
69 -11
69 -11
69 -11
69 -11
69 -11
69 -11
69 -11
69 -11
69 -11
69 -11
69 -11
69 -11
69 -11
69 -11
69 -11
69 -11
69 -11
69 -11
69 -11
69 -11
69 -11
69 -11
69 -11
70 -17
70 -17
70 -17
70 -17
70 -17
70 -17
70 -17
70 -17
70 -17
70 -17
70 -17
70 -17
70 -17
70 -17
70 -17
70 -17
70 -17
70 -17
70 -17
70 -17
70 -17
70 -17
70 -17
70 -17
70 -17
70 -15
70 -15
70 -15
70 -15
70 -15
70 -15
70 -15
70 -15
70 -15
70 -15
70 -15
70 -15
70 -15
70 -15
70 -15
70 -15
70 -15
70 -15
70 -15
70 -15
70 -15
70 -15
70 -15
66 -15
66 -15
66 -15
66 -15
66 -15
66 -15
66 -15
66 -15
66 -15
66 -15
66 -15
66 -15
66 -15
66 -15
66 -15
66 -15
66 -15
66 -15
66 -15
66 -15
66 -15
66 -15
66 -15
66 -15
63 -20
63 -20
63 -20
63 -20
63 -20
63 -20
63 -20
63 -20
63 -20
63 -20
63 -20
63 -20
63 -20
63 -20
63 -20
63 -20
63 -20
63 -20
63 -20
63 -20
63 -20
63 -20
63 -20
63 -20
63 -20
63 -20
63 -20
63 -20
63 -20
63 -20
63 -20
63 -20
63 -20
63 -20
63 -20
63 -20
63 -20
63 -20
63 -20
63 -20
63 -20
63 -20
63 -20
63 -20
63 -20
63 -20
61 -18
61 -18
61 -18
61 -18
61 -18
61 -18
61 -18
61 -18
61 -18
61 -18
61 -18
61 -18
61 -18
61 -18
61 -18
61 -18
61 -18
61 -18
61 -18
61 -18
61 -18
61 -18
61 -18
61 -18
61 -18
61 -18
61 -18
61 -18
61 -18
61 -18
61 -18
61 -18
61 -18
61 -18
61 -18
61 -18
61 -18
57 -22
57 -22
57 -22
57 -22
57 -22
57 -22
57 -22
57 -22
57 -22
57 -22
57 -22
57 -22
57 -22
57 -22
57 -22
57 -22
55 -24
55 -24
55 -24
55 -24
55 -24
55 -24
55 -24
55 -24
55 -24
55 -24
55 -24
55 -24
55 -24
55 -24
55 -24
55 -24
55 -24
54 -24
54 -24
54 -24
54 -24
54 -24
54 -24
54 -24
54 -24
54 -24
54 -24
54 -24
54 -24
54 -24
54 -24
54 -24
54 -24
54 -24
54 -24
50 -26
50 -26
50 -26
50 -26
50 -26
50 -26
50 -26
50 -26
50 -26
50 -26
50 -26
50 -26
50 -26
50 -26
50 -26
50 -26
50 -26
50 -26
50 -26
50 -26
50 -26
50 -26
50 -26
50 -26
50 -26
50 -26
50 -26
50 -26
50 -26
50 -26
50 -26
50 -26
50 -26
50 -26
50 -26
50 -26
50 -26
50 -26
50 -26
50 -26
50 -26
50 -26
50 -26
50 -26
50 -26
50 -26
51 -22
51 -22
51 -22
51 -22
51 -22
51 -22
51 -22
51 -22
51 -22
51 -22
51 -22
51 -22
51 -22
51 -22
51 -22
51 -22
51 -22
51 -22
51 -22
51 -22
51 -22
51 -22
51 -22
51 -22
51 -22
51 -22
51 -22
51 -22
51 -22
51 -22
51 -22
51 -22
52 -23
52 -23
52 -23
52 -23
52 -23
52 -23
52 -23
52 -23
52 -23
52 -23
52 -23
52 -23
52 -23
52 -23
52 -23
52 -23
52 -23
52 -23
52 -23
52 -23
52 -23
52 -23
52 -23
52 -23
52 -23
52 -23
52 -23
52 -23
52 -23
52 -23
50 -26
50 -22
50 -22
50 -22
50 -22
50 -22
50 -22
50 -22
50 -22
50 -22
50 -22
50 -22
50 -22
50 -22
50 -22
50 -22
50 -22
50 -22
50 -22
50 -22
50 -22
50 -22
50 -22
50 -22
50 -22
50 -22
50 -22
50 -22
50 -22
50 -22
50 -22
50 -22
50 -22
50 -22
50 -22
50 -22
50 -22
50 -22
50 -22
50 -22
50 -22
50 -22
50 -22
50 -22
50 -22
50 -22
50 -22
50 -22
50 -22
50 -22
53 -27
53 -27
53 -27
53 -27
53 -27
53 -27
53 -27
53 -27
53 -27
53 -27
53 -27
53 -27
53 -27
53 -27
53 -27
53 -27
53 -27
53 -27
53 -27
53 -27
53 -27
53 -27
53 -27
53 -27
53 -27
53 -27
53 -27
53 -27
53 -27
53 -27
49 -27
49 -27
49 -27
49 -27
49 -27
49 -27
49 -27
49 -27
49 -27
49 -27
49 -27
49 -27
49 -27
49 -27
49 -27
53 -30
53 -30
53 -30
53 -30
53 -30
53 -30
53 -30
53 -30
53 -30
53 -30
53 -30
53 -30
53 -30
53 -30
53 -30
53 -30
53 -30
50 -33
50 -33
50 -33
50 -33
50 -33
50 -33
50 -33
50 -33
50 -33
50 -33
50 -33
50 -33
50 -33
50 -33
50 -33
50 -33
50 -33
50 -33
50 -33
50 -33
50 -33
50 -33
50 -33
50 -33
50 -33
50 -33
50 -33
50 -33
52 -31
52 -31
52 -31
52 -31
52 -31
52 -31
52 -31
52 -31
52 -31
52 -31
52 -31
52 -31
52 -31
52 -31
52 -31
52 -31
52 -31
52 -31
52 -31
52 -31
52 -31
52 -31
52 -31
52 -31
52 -31
52 -31
52 -31
52 -31
52 -31
49 -32
49 -32
49 -32
49 -32
49 -32
49 -32
49 -32
49 -32
49 -32
49 -32
49 -32
49 -32
49 -32
49 -32
49 -32
49 -32
49 -32
49 -32
49 -32
49 -32
49 -32
49 -32
49 -32
49 -32
49 -32
49 -32
49 -32
49 -32
49 -32
49 -32
49 -32
49 -32
49 -32
49 -33
47 -30
47 -30
47 -30
47 -30
47 -30
47 -30
47 -30
47 -30
47 -30
47 -30
47 -30
47 -30
47 -30
47 -30
47 -30
47 -30
46 -32
46 -32
46 -32
46 -32
46 -32
46 -32
46 -32
46 -32
46 -32
46 -32
46 -32
46 -32
46 -32
46 -32
46 -32
46 -32
45 -31
45 -31
45 -31
45 -31
45 -31
45 -31
45 -31
45 -31
45 -31
45 -31
45 -31
45 -31
45 -31
45 -31
45 -31
45 -31
45 -31
45 -31
45 -31
45 -31
45 -31
45 -31
45 -31
45 -31
45 -31
45 -31
45 -31
45 -31
45 -31
45 -31
45 -31
45 -31
45 -31
45 -31
45 -31
45 -31
45 -31
45 -31
45 -31
45 -31
45 -31
45 -31
45 -31
45 -31
45 -31
45 -31
45 -31
44 -33
38 -29
38 -29
38 -29
38 -29
38 -29
38 -29
38 -29
38 -29
38 -29
38 -29
38 -29
38 -29
38 -29
38 -29
38 -29
38 -29
38 -29
38 -29
38 -29
38 -29
38 -29
38 -29
38 -29
38 -29
38 -29
38 -29
38 -29
38 -29
38 -29
38 -29
38 -29
38 -29
33 -29
33 -29
33 -29
33 -29
33 -29
33 -29
33 -29
33 -29
33 -29
33 -29
33 -29
33 -29
33 -29
33 -29
33 -29
33 -29
33 -29
33 -29
33 -29
33 -29
33 -29
33 -29
33 -29
33 -29
33 -29
33 -29
33 -29
33 -29
33 -29
33 -29
33 -29
33 -29
33 -29
33 -29
35 -22
35 -22
35 -22
35 -22
35 -22
35 -22
35 -22
35 -22
35 -22
35 -22
35 -22
35 -22
35 -22
35 -22
35 -22
35 -22
31 -32
31 -32
31 -32
31 -32
31 -32
31 -32
31 -32
31 -32
31 -32
31 -32
31 -32
31 -32
31 -32
31 -32
31 -32
31 -32
24 -32
24 -32
24 -32
24 -32
24 -32
24 -32
24 -32
24 -32
24 -32
24 -32
24 -32
24 -32
24 -32
24 -32
24 -32
24 -32
24 -32
24 -32
24 -32
24 -32
24 -32
24 -32
24 -32
24 -32
24 -32
24 -32
24 -32
24 -32
24 -32
24 -32
24 -32
24 -32
32 -32
32 -32
32 -32
32 -32
32 -32
32 -32
32 -32
32 -32
32 -32
32 -32
32 -32
32 -32
32 -32
32 -32
32 -32
32 -32
32 -32
32 -32
32 -32
32 -32
32 -32
32 -32
32 -32
32 -32
32 -32
32 -32
32 -32
32 -32
32 -32
32 -32
39 -40
39 -40
39 -40
39 -40
39 -40
39 -40
39 -40
39 -40
39 -40
39 -40
39 -40
39 -40
39 -40
39 -40
39 -40
39 -40
39 -40
39 -40
39 -40
39 -40
39 -40
39 -40
39 -40
39 -40
39 -40
39 -40
39 -40
39 -40
39 -40
39 -40
39 -40
39 -40
39 -37
34 -39
34 -39
34 -39
34 -39
34 -39
34 -39
34 -39
34 -39
34 -39
34 -39
34 -39
34 -39
34 -39
34 -39
35 -40
35 -40
35 -40
35 -40
35 -40
35 -40
35 -40
35 -40
35 -40
35 -40
35 -40
35 -40
35 -40
35 -40
35 -40
35 -40
35 -40
32 -43
32 -43
32 -43
32 -43
32 -43
32 -43
32 -43
32 -43
32 -43
32 -43
32 -43
32 -43
32 -43
32 -43
32 -43
32 -43
32 -43
32 -43
32 -43
32 -43
32 -43
32 -43
32 -43
32 -43
32 -43
32 -43
32 -43
32 -43
32 -43
32 -43
32 -43
32 -43
32 -43
32 -43
32 -43
32 -43
32 -43
32 -43
32 -43
32 -43
32 -43
32 -43
32 -43
32 -43
32 -43
32 -43
32 -43
32 -43
32 -43
29 -41
29 -41
29 -41
29 -41
29 -41
29 -41
29 -41
29 -41
29 -41
29 -41
29 -41
29 -41
29 -41
29 -41
29 -41
29 -41
29 -41
29 -41
29 -41
29 -41
29 -41
29 -41
29 -41
29 -41
29 -41
29 -41
29 -41
29 -41
29 -41
29 -41
29 -41
29 -41
29 -41
34 -46
34 -46
34 -46
34 -46
34 -46
34 -46
34 -46
34 -46
34 -46
34 -46
34 -46
34 -46
34 -46
34 -46
34 -46
34 -46
34 -46
39 -43
39 -43
39 -43
39 -43
39 -43
39 -43
39 -43
39 -43
39 -43
39 -43
39 -43
39 -43
39 -43
39 -43
39 -43
39 -43
34 -40
34 -40
34 -40
34 -40
34 -40
34 -40
34 -40
34 -40
34 -40
34 -40
34 -40
34 -40
34 -40
34 -40
34 -40
34 -40
34 -40
34 -40
34 -40
34 -40
34 -40
34 -40
34 -40
34 -40
34 -40
34 -40
34 -40
34 -40
34 -40
34 -40
34 -40
23 -33
23 -33
23 -33
23 -33
23 -33
23 -33
23 -33
23 -33
23 -33
23 -33
23 -33
23 -33
23 -33
23 -33
23 -33
23 -33
23 -33
23 -33
23 -33
23 -33
23 -33
23 -33
23 -33
23 -33
23 -33
23 -33
23 -33
23 -33
23 -33
23 -33
23 -33
23 -33
23 -33
31 -39
31 -39
31 -39
31 -39
31 -39
31 -39
31 -39
31 -39
31 -39
31 -39
31 -39
31 -39
31 -39
31 -39
31 -39
31 -39
31 -39
31 -39
31 -39
31 -39
31 -39
31 -39
31 -39
31 -39
31 -39
31 -39
31 -39
31 -39
31 -39
31 -39
26 -39
26 -39
26 -39
26 -39
26 -39
26 -39
26 -39
26 -39
26 -39
26 -39
26 -39
26 -39
26 -39
26 -39
26 -39
26 -39
26 -39
26 -39
26 -39
26 -39
26 -39
26 -39
26 -39
26 -39
26 -39
26 -39
26 -39
26 -39
26 -39
26 -39
26 -39
26 -39
22 -47
11 -38
11 -38
11 -38
11 -38
11 -38
11 -38
11 -38
11 -38
11 -38
11 -38
11 -38
11 -38
11 -38
11 -38
11 -38
11 -38
11 -38
11 -38
11 -38
11 -38
11 -38
11 -38
11 -38
11 -38
11 -38
11 -38
11 -38
11 -38
11 -38
11 -38
11 -38
11 -38
11 -38
11 -38
11 -38
11 -38
11 -38
11 -38
11 -38
11 -38
11 -38
11 -38
11 -38
11 -38
11 -38
11 -38
11 -38
11 -38
11 -38
11 -38
11 -38
11 -38
11 -38
11 -38
11 -38
11 -38
11 -38
11 -38
11 -38
11 -38
11 -38
11 -38
11 -38
15 -44
15 -44
15 -44
15 -44
15 -44
15 -44
15 -44
15 -44
15 -44
15 -44
15 -44
15 -44
15 -44
15 -44
15 -44
15 -44
15 -44
15 -44
15 -44
15 -44
15 -44
15 -44
15 -44
15 -44
15 -44
15 -44
15 -44
15 -44
15 -44
15 -44
15 -44
15 -44
15 -44
14 -45
14 -45
14 -45
14 -45
14 -45
14 -45
14 -45
14 -45
14 -45
14 -45
14 -45
14 -45
14 -45
14 -45
14 -45
14 -45
14 -45
14 -45
14 -45
14 -45
14 -45
14 -45
14 -45
14 -45
14 -45
14 -45
14 -45
14 -45
14 -45
14 -45
14 -45
14 -45
14 -45
14 -45
14 -45
14 -45
15 -48
15 -48
15 -48
15 -48
15 -48
15 -48
15 -48
15 -48
15 -48
15 -48
15 -48
15 -48
15 -48
15 -48
15 -48
15 -48
15 -48
18 -48
18 -48
18 -48
18 -48
18 -48
18 -48
18 -48
18 -48
18 -48
18 -48
18 -48
18 -48
18 -48
18 -48
18 -48
18 -48
18 -48
18 -48
18 -48
18 -48
18 -48
18 -48
18 -48
18 -48
18 -48
18 -48
18 -48
18 -48
18 -48
18 -48
18 -48
18 -48
18 -48
18 -48
18 -48
18 -48
18 -48
15 -49
15 -49
15 -49
15 -49
15 -49
15 -49
15 -49
15 -49
15 -49
15 -49
15 -49
15 -49
15 -49
15 -49
15 -49
15 -49
15 -49
15 -49
15 -49
15 -49
15 -49
15 -49
15 -49
15 -49
15 -49
15 -49
15 -49
15 -49
15 -49
15 -49
13 -48
13 -48
13 -48
13 -48
13 -48
13 -48
13 -48
13 -48
13 -48
13 -48
13 -48
13 -48
13 -48
13 -48
13 -48
13 -48
13 -48
13 -48
13 -48
13 -48
13 -48
13 -48
13 -48
13 -48
13 -48
13 -48
13 -48
13 -48
13 -48
13 -48
13 -48
13 -48
8 -47
8 -47
8 -47
8 -47
8 -47
8 -47
8 -47
8 -47
8 -47
8 -47
8 -47
8 -47
12 -49
12 -49
12 -49
12 -49
12 -49
12 -49
12 -49
12 -49
12 -49
12 -49
12 -49
12 -49
12 -49
12 -49
5 -49
5 -49
5 -49
5 -49
5 -49
5 -49
5 -49
5 -49
5 -49
5 -49
5 -49
5 -49
5 -49
5 -49
5 -49
5 -49
5 -49
5 -49
5 -49
5 -49
5 -49
5 -49
5 -49
5 -49
5 -49
5 -49
5 -49
5 -49
5 -49
5 -49
5 -49
5 -49
5 -49
9 -49
9 -49
9 -49
9 -49
9 -49
9 -49
9 -49
9 -49
9 -49
9 -49
9 -49
9 -49
9 -49
9 -49
9 -49
9 -49
9 -49
9 -49
9 -49
9 -49
9 -49
9 -49
9 -49
9 -49
9 -49
9 -49
9 -49
9 -49
9 -49
9 -49
9 -49
9 -49
9 -49
9 -49
9 -49
9 -49
3 -47
3 -47
3 -47
3 -47
3 -47
3 -47
3 -47
3 -47
3 -47
3 -47
3 -47
3 -47
3 -47
3 -47
3 -47
3 -47
3 -47
3 -47
3 -47
3 -47
3 -47
3 -47
3 -47
3 -47
3 -47
3 -47
3 -47
3 -47
3 -47
3 -47
3 -47
3 -47
3 -47
1 -44
1 -44
1 -44
1 -44
1 -44
1 -44
1 -44
1 -44
1 -44
1 -44
1 -44
1 -44
1 -44
1 -44
1 -44
1 -44
-1 -44
-1 -44
-1 -44
-1 -44
-1 -44
-1 -44
-1 -44
-1 -44
-1 -44
-1 -44
-1 -44
-1 -44
-1 -44
-1 -44
-1 -44
-1 -44
-1 -44
-1 -44
-1 -44
-1 -44
-1 -44
-1 -44
-1 -44
-1 -44
-1 -44
-1 -44
-1 -44
-1 -44
-1 -44
-1 -44
-1 -44
-1 -44
-1 -44
-1 -44
-1 -44
1 -41
1 -41
1 -41
1 -41
1 -41
1 -41
1 -41
1 -41
1 -41
1 -41
1 -41
1 -41
1 -41
1 -41
1 -41
1 -41
1 -41
1 -41
1 -41
1 -41
1 -41
1 -41
1 -41
1 -41
1 -41
1 -41
1 -41
1 -41
1 -41
1 -41
1 -41
1 -41
1 -41
1 -41
1 -41
1 -41
1 -41
1 -41
-4 -40
-4 -40
-4 -40
-4 -40
-4 -40
-4 -40
-4 -40
-4 -40
-4 -40
-4 -40
-4 -40
-4 -40
-4 -40
-4 -40
-4 -40
-4 -40
-4 -40
-4 -40
-4 -40
-4 -40
-4 -40
-4 -40
-4 -40
-4 -40
-4 -40
-4 -40
-4 -40
-4 -40
-4 -40
-4 -40
-4 -40
-4 -40
-4 -40
-4 -40
-4 -40
-5 -37
-5 -37
-5 -37
-5 -37
-5 -37
-5 -37
-5 -37
-5 -37
-5 -37
-5 -37
-5 -37
-5 -37
-5 -37
-5 -37
-5 -37
-4 -38
-4 -38
-4 -38
-4 -38
-4 -38
-4 -38
-4 -38
-4 -38
-4 -38
-4 -38
-4 -38
-4 -38
-4 -38
-4 -38
-4 -38
-4 -38
-3 -39
-3 -39
-3 -39
-3 -39
-3 -39
-3 -39
-3 -39
-3 -39
-3 -39
-3 -39
-3 -39
-3 -39
-3 -39
-3 -39
-3 -39
-3 -39
-3 -39
-3 -39
-3 -39
-3 -39
-3 -39
-3 -39
-3 -39
-3 -39
-3 -39
-3 -39
-3 -39
-3 -39
-3 -39
-3 -39
-3 -39
-2 -36
-2 -36
-2 -36
-2 -36
-2 -36
-2 -36
-2 -36
-2 -36
-2 -36
-2 -36
-2 -36
-2 -36
-2 -36
-2 -36
-2 -36
-2 -36
-2 -36
-2 -36
-2 -36
-2 -36
-2 -36
-2 -36
-2 -36
-2 -36
-2 -36
-2 -36
-2 -36
-2 -36
-2 -36
-2 -36
-2 -36
-5 -41
-5 -41
-5 -41
-5 -41
-5 -41
-5 -41
-5 -41
-5 -41
-5 -41
-5 -41
-5 -41
-5 -41
-5 -41
-5 -41
-5 -41
-5 -41
-5 -41
-5 -41
-5 -41
-5 -41
-5 -41
-5 -41
-5 -41
-5 -41
-5 -41
-5 -41
-5 -41
-5 -41
-5 -41
-5 -41
-5 -41
-5 -41
-6 -40
-6 -40
-6 -40
-6 -40
-6 -40
-6 -40
-6 -40
-6 -40
-6 -40
-6 -40
-6 -40
-6 -40
-6 -40
-6 -40
-6 -40
-6 -40
-6 -44
-6 -44
-6 -44
-6 -44
-6 -44
-6 -44
-6 -44
-6 -44
-6 -44
-6 -44
-6 -44
-6 -44
-6 -44
-6 -44
-6 -44
-6 -44
-6 -44
-6 -44
-6 -44
-6 -44
-6 -44
-6 -44
-6 -44
-6 -44
-6 -44
-6 -44
-6 -44
-6 -44
-6 -44
-11 -43
-11 -43
-11 -43
-11 -43
-11 -43
-11 -43
-11 -43
-11 -43
-11 -43
-11 -43
-11 -43
-11 -43
-11 -43
-11 -43
-11 -43
-11 -43
-11 -43
-11 -43
-11 -43
-11 -43
-11 -43
-11 -43
-11 -43
-11 -43
-11 -43
-11 -43
-11 -43
-11 -43
-11 -43
-11 -43
-9 -43
-9 -43
-9 -43
-9 -43
-9 -43
-9 -43
-9 -43
-9 -43
-9 -43
-9 -43
-9 -43
-9 -43
-9 -43
-9 -43
-9 -43
-9 -43
-9 -43
-9 -43
-9 -43
-9 -43
-9 -43
-9 -43
-9 -43
-9 -43
-9 -43
-9 -43
-9 -43
-9 -43
-9 -43
-9 -43
-9 -43
-9 -43
-9 -43
-11 -34
-11 -34
-11 -34
-11 -34
-11 -34
-11 -34
-11 -34
-11 -34
-11 -34
-11 -34
-11 -34
-11 -34
-11 -34
-11 -34
-11 -34
-11 -34
-11 -34
-11 -34
-11 -34
-11 -34
-11 -34
-11 -34
-11 -34
-11 -34
-11 -34
-11 -34
-11 -34
-11 -34
-11 -34
-11 -34
-11 -34
-11 -34
-11 -34
-11 -34
-11 -37
-11 -37
-11 -37
-11 -37
-11 -37
-11 -37
-11 -37
-11 -37
-11 -37
-11 -37
-11 -37
-11 -37
-11 -37
-11 -37
-11 -37
-11 -37
-11 -37
-11 -37
-17 -38
-17 -38
-17 -38
-17 -38
-17 -38
-17 -38
-17 -38
-17 -38
-17 -38
-17 -38
-17 -38
-17 -38
-17 -38
-17 -38
-17 -38
-17 -38
-13 -33
-13 -33
-13 -33
-13 -33
-13 -33
-13 -33
-13 -33
-13 -33
-13 -33
-13 -33
-13 -33
-13 -33
-13 -33
-13 -33
-13 -33
-13 -33
-13 -33
-13 -33
-13 -33
-13 -33
-13 -33
-13 -33
-13 -33
-13 -33
-13 -33
-13 -33
-13 -33
-13 -33
-13 -33
-13 -33
-13 -33
-13 -33
-13 -33
-17 -33
-17 -33
-17 -33
-17 -33
-17 -33
-17 -33
-17 -33
-17 -33
-17 -33
-17 -33
-17 -33
-17 -33
-17 -33
-17 -33
-17 -33
-17 -33
-17 -33
-17 -33
-17 -33
-17 -33
-17 -33
-17 -33
-17 -33
-17 -33
-17 -33
-17 -33
-17 -33
-17 -33
-17 -33
-17 -33
-21 -35
-25 -25
-25 -25
-25 -25
-25 -25
-25 -25
-25 -25
-25 -25
-25 -25
-25 -25
-25 -25
-25 -25
-25 -25
-25 -25
-25 -25
-25 -25
-25 -25
-25 -25
-25 -25
-25 -25
-25 -25
-25 -25
-25 -25
-25 -25
-25 -25
-25 -25
-25 -25
-25 -25
-25 -25
-25 -25
-25 -25
-25 -25
-25 -25
-24 -19
-24 -19
-24 -19
-24 -19
-24 -19
-24 -19
-24 -19
-24 -19
-24 -19
-24 -19
-24 -19
-24 -19
-24 -19
-24 -19
-24 -19
-24 -19
-24 -19
-24 -19
-36 -28
-36 -28
-36 -28
-36 -28
-36 -28
-36 -28
-36 -28
-36 -28
-36 -28
-36 -28
-36 -28
-36 -28
-36 -28
-36 -28
-36 -28
-36 -28
-36 -28
-36 -28
-36 -29
-36 -29
-36 -29
-36 -29
-36 -29
-36 -29
-36 -29
-36 -29
-36 -29
-36 -29
-36 -29
-36 -29
-36 -29
-36 -29
-36 -29
-36 -29
-36 -29
-36 -29
-36 -29
-36 -29
-36 -29
-36 -29
-36 -29
-36 -29
-36 -29
-36 -29
-36 -29
-36 -29
-36 -29
-36 -29
-36 -29
-36 -29
-36 -29
-36 -29
-36 -29
-36 -29
-36 -29
-36 -29
-36 -29
-36 -29
-36 -29
-36 -29
-36 -29
-36 -29
-36 -29
-36 -29
-36 -29
-36 -29
-36 -29
-36 -29
-36 -29
-32 -18
-32 -18
-32 -18
-32 -18
-32 -18
-32 -18
-32 -18
-32 -18
-32 -18
-32 -18
-32 -18
-32 -18
-32 -18
-32 -18
-32 -18
-32 -18
-36 -20
-36 -20
-36 -20
-36 -20
-36 -20
-36 -20
-36 -20
-36 -20
-36 -20
-36 -20
-36 -20
-36 -20
-36 -20
-36 -20
-36 -20
-36 -20
-40 -22
-40 -22
-40 -22
-40 -22
-40 -22
-40 -22
-40 -22
-40 -22
-40 -22
-40 -22
-40 -22
-40 -22
-40 -22
-40 -22
-40 -22
-40 -22
-52 -19
-52 -19
-52 -19
-52 -19
-52 -19
-52 -19
-52 -19
-52 -19
-52 -19
-52 -19
-52 -19
-52 -19
-52 -19
-52 -19
-52 -19
-48 -12
-48 -12
-48 -12
-48 -12
-48 -12
-48 -12
-48 -12
-48 -12
-48 -12
-48 -12
-48 -12
-48 -12
-48 -12
-48 -12
-48 -12
-48 -12
-48 -12
-48 -12
-48 -12
-48 -12
-48 -12
-48 -12
-48 -12
-48 -12
-48 -12
-48 -12
-48 -12
-48 -12
-48 -12
-48 -12
-48 -12
-48 -12
-48 -12
-48 -12
-48 -12
-48 -12
-49 -19
-49 -19
-49 -19
-49 -19
-49 -19
-49 -19
-49 -19
-49 -19
-49 -19
-49 -19
-49 -19
-49 -19
-49 -19
-49 -19
-49 -19
-49 -19
-49 -19
-49 -19
-49 -19
-49 -19
-49 -19
-49 -19
-49 -19
-49 -19
-49 -19
-49 -19
-49 -19
-49 -19
-49 -19
-49 -19
-49 -19
-49 -19
-49 -19
-49 -19
-48 -14
-48 -14
-48 -14
-48 -14
-48 -14
-48 -14
-48 -14
-48 -14
-48 -14
-48 -14
-48 -14
-48 -14
-48 -14
-48 -14
-48 -14
-48 -14
-48 -14
-48 -14
-48 -14
-48 -14
-48 -14
-48 -14
-48 -14
-48 -14
-48 -14
-48 -14
-48 -14
-48 -14
-48 -14
-48 -14
-48 -14
-48 -14
-48 -14
-48 -14
-51 -16
-51 -16
-51 -16
-51 -16
-51 -16
-51 -16
-51 -16
-51 -16
-51 -16
-51 -16
-51 -16
-51 -16
-51 -16
-51 -16
-51 -16
-51 -16
-51 -16
-51 -16
-51 -16
-51 -16
-51 -16
-51 -16
-51 -16
-51 -16
-51 -16
-51 -16
-51 -16
-51 -16
-51 -16
-51 -16
-51 -16
-51 -16
-51 -16
-55 -17
-55 -17
-55 -17
-55 -17
-55 -17
-55 -17
-55 -17
-55 -17
-55 -17
-55 -17
-55 -17
-55 -17
-55 -17
-55 -17
-55 -17
-55 -17
-55 -17
-52 -18
-52 -18
-52 -18
-52 -18
-52 -18
-52 -18
-52 -18
-52 -18
-52 -18
-52 -18
-52 -18
-52 -18
-52 -18
-52 -18
-52 -18
-52 -18
-52 -18
-52 -18
-52 -18
-52 -18
-52 -18
-52 -18
-52 -18
-52 -18
-52 -18
-52 -18
-52 -18
-52 -18
-52 -18
-52 -18
-52 -18
-52 -18
-52 -18
-52 -18
-52 -18
-54 -13
-58 -12
-58 -12
-58 -12
-58 -12
-58 -12
-58 -12
-58 -12
-58 -12
-58 -12
-58 -12
-58 -12
-58 -12
-58 -12
-58 -12
-58 -12
-58 -12
-58 -12
-58 -12
-58 -12
-58 -12
-58 -12
-58 -12
-58 -12
-58 -12
-58 -12
-58 -12
-58 -12
-58 -12
-58 -12
-58 -12
-58 -12
-58 -12
-58 -12
-58 -12
-58 -12
-58 -12
-58 -12
-58 -12
-58 -12
-58 -12
-58 -12
-58 -12
-58 -12
-58 -12
-58 -12
-58 -12
-58 -12
-58 -12
-58 -12
-58 -12
-63 -5
-63 -5
-67 -8
-67 -8
-67 -8
-67 -8
-67 -8
-67 -8
-67 -8
-67 -8
-67 -8
-67 -8
-67 -8
-67 -8
-67 -8
-67 -8
-67 -8
-67 -8
-67 -8
-67 -8
-67 -8
-67 -8
-67 -8
-67 -8
-67 -8
-67 -8
-67 -8
-67 -8
-67 -8
-67 -8
-67 -8
-67 -8
-67 -8
-67 -8
-67 -8
-67 -8
-67 -8
-67 -8
-67 -8
-67 -8
-76 -8
-76 -8
-76 -8
-76 -8
-76 -8
-76 -8
-76 -8
-76 -8
-76 -8
-76 -8
-76 -8
-76 -8
-76 -8
-76 -8
-76 -8
-76 -8
-76 -8
-76 -8
-76 -8
-76 -8
-76 -8
-76 -8
-76 -8
-76 -8
-76 -8
-76 -8
-76 -8
-76 -8
-76 -8
-76 -8
-76 -8
-76 -8
-76 -8
-76 -8
-76 -8
-76 -8
-76 -8
-76 -8
-76 -8
-76 -8
-76 -8
-76 -8
-76 -8
-76 -8
-76 -8
-76 -8
-76 -8
-76 -8
-76 -8
-76 -8
-76 -8
-76 -8
-76 -8
-76 -8
-73 -10
-73 -10
-73 -10
-73 -10
-73 -10
-73 -10
-73 -10
-73 -10
-73 -10
-73 -10
-73 -10
-73 -10
-73 -10
-73 -10
-73 -10
-73 -10
-73 -10
-73 -10
-73 -10
-73 -10
-73 -10
-73 -10
-73 -10
-73 -10
-73 -10
-73 -10
-73 -10
-73 -10
-73 -10
-73 -10
-73 -10
-73 -10
-73 -10
-73 -10
-73 -10
-73 -10
-76 -7
-77 -2
-77 -2
-77 -2
-77 -2
-77 -2
-77 -2
-77 -2
-77 -2
-77 -2
-77 -2
-77 -2
-77 -2
-77 -2
-77 -2
-77 -2
-77 -2
-77 -2
-77 -2
-77 -2
-77 -2
-77 -2
-77 -2
-77 -2
-77 -2
-77 -2
-77 -2
-77 -2
-77 -2
-77 -2
-77 -2
-77 -2
-77 -2
-79 -4
-79 -4
-79 -4
-79 -4
-79 -4
-79 -4
-79 -4
-79 -4
-79 -4
-79 -4
-79 -4
-79 -4
-79 -4
-79 -4
-84 1
-84 1
-84 1
-84 1
-84 1
-84 1
-84 1
-84 1
-84 1
-84 1
-84 1
-84 1
-84 1
-84 1
-84 1
-84 1
-80 3
-80 3
-80 3
-80 3
-80 3
-80 3
-80 3
-80 3
-80 3
-80 3
-80 3
-80 3
-80 3
-80 3
-80 3
-80 3
-80 3
-80 3
-80 3
-80 3
-80 3
-80 3
-80 3
-80 3
-80 3
-80 3
-80 3
-80 3
-80 3
-80 3
-80 3
-80 3
-80 3
-80 3
-80 3
-80 3
-80 3
-80 3
-82 6
-82 6
-82 6
-82 6
-82 6
-82 6
-82 6
-82 6
-82 6
-82 6
-82 6
-82 6
-82 6
-82 6
-82 6
-82 6
-82 6
-82 6
-82 6
-82 6
-82 6
-82 6
-82 6
-82 6
-82 6
-82 6
-82 6
-82 6
-82 6
-82 6
-82 6
-81 4
-81 4
-81 4
-81 4
-81 4
-81 4
-81 4
-81 4
-81 4
-81 4
-81 4
-81 4
-81 4
-81 4
-81 4
-81 4
-81 4
-81 4
-81 4
-81 4
-81 4
-81 4
-81 4
-81 4
-81 4
-81 4
-81 4
-81 4
-81 4
-81 4
-81 4
-81 4
-81 4
-81 4
-74 0
-73 11
-73 11
-73 11
-73 11
-73 11
-73 11
-73 11
-73 11
-73 11
-73 11
-73 11
-73 11
-73 11
-73 11
-73 11
-73 11
-73 11
-73 11
-70 11
-70 11
-70 11
-70 11
-70 11
-70 11
-70 11
-70 11
-70 11
-70 11
-70 11
-70 11
-70 11
-70 11
-70 11
-70 11
-70 11
-70 11
-70 11
-70 11
-70 11
-70 11
-70 11
-70 11
-70 11
-70 11
-70 11
-70 11
-70 11
-70 11
-70 11
-70 11
-70 11
-70 11
-70 11
-69 9
-69 9
-69 9
-69 9
-69 9
-69 9
-69 9
-69 9
-69 9
-69 9
-69 9
-69 9
-69 9
-69 9
-69 9
-69 9
-69 9
-69 9
-69 9
-69 9
-69 9
-69 9
-69 9
-69 9
-69 9
-69 9
-69 9
-69 9
-69 9
-69 9
-69 9
-69 9
-69 9
-69 9
-69 9
-69 9
-69 9
-69 9
-69 9
-74 18
-74 18
-74 18
-74 18
-74 18
-74 18
-74 18
-74 18
-74 18
-74 18
-74 18
-74 18
-74 18
-74 18
-74 18
-74 18
-74 18
-74 18
-74 18
-74 18
-74 18
-74 18
-74 18
-74 18
-74 18
-74 18
-74 18
-74 18
-74 18
-67 20
-67 20
-67 20
-67 20
-67 20
-67 20
-67 20
-67 20
-67 20
-67 20
-67 20
-67 20
-67 20
-67 20
-67 20
-67 20
-67 20
-67 20
-67 20
-67 20
-78 19
-78 19
-78 19
-78 19
-78 19
-78 19
-78 19
-78 19
-78 19
-78 19
-78 19
-78 19
-78 19
-78 19
-78 19
-78 19
-78 19
-78 19
-78 19
-78 19
-78 19
-78 19
-78 19
-78 19
-78 19
-78 19
-78 19
-78 19
-78 19
-78 19
-78 19
-78 19
-78 19
-78 19
-78 19
-78 19
-78 19
-70 19
-70 19
-70 19
-70 19
-70 19
-70 19
-70 19
-70 19
-70 19
-70 19
-70 19
-70 19
-70 19
-70 19
-70 19
-70 19
-70 19
-70 19
-67 20
-67 20
-67 20
-67 20
-67 20
-67 20
-67 20
-67 20
-67 20
-67 20
-67 20
-67 20
-67 20
-67 20
-67 20
-67 20
-67 20
-67 20
-67 20
-67 20
-67 20
-67 20
-67 20
-67 20
-67 20
-67 20
-67 20
-67 20
-67 20
-67 20
-70 21
-70 21
-70 21
-70 21
-70 21
-70 21
-70 21
-70 21
-70 21
-70 21
-70 21
-70 21
-70 21
-70 21
-70 21
-70 21
-70 21
-70 21
-70 21
-70 21
-70 21
-70 21
-70 21
-70 21
-70 21
-70 21
-70 21
-70 21
-70 21
-67 19
-67 19
-67 19
-67 19
-67 19
-67 19
-67 19
-67 19
-67 19
-67 19
-67 19
-67 19
-67 19
-67 19
-67 19
-67 19
-67 19
-67 19
-67 19
-67 19
-67 19
-67 19
-67 19
-67 19
-67 19
-67 19
-67 19
-67 16
-67 16
-67 16
-67 16
-67 16
-67 16
-67 16
-67 16
-67 16
-67 16
-67 16
-67 16
-67 16
-67 16
-67 16
-67 16
-66 17
-66 17
-66 17
-66 17
-66 17
-66 17
-66 17
-66 17
-66 17
-66 17
-66 17
-66 17
-66 17
-66 17
-66 17
-66 17
-66 17
-66 17
-66 17
-66 17
-66 17
-66 17
-66 17
-66 17
-66 17
-66 17
-66 17
-66 17
-66 17
-66 17
-66 17
-66 17
-66 17
-66 17
-66 17
-66 17
-65 18
-65 18
-65 18
-65 18
-65 18
-65 18
-65 18
-65 18
-65 18
-65 18
-65 18
-65 18
-65 18
-65 18
-65 18
-65 18
-65 18
-65 18
-65 18
-65 18
-65 18
-65 18
-65 18
-65 18
-65 18
-65 18
-65 18
-65 18
-65 18
-65 18
-65 18
-65 18
-65 18
-65 18
-65 18
-65 18
-62 16
-62 16
-62 16
-62 16
-62 16
-62 16
-62 16
-62 16
-62 16
-62 16
-62 16
-62 16
-62 16
-62 16
-62 16
-62 16
-62 16
-62 16
-62 16
-62 16
-62 16
-62 16
-62 16
-62 16
-62 16
-62 16
-62 16
-62 16
-62 16
-62 16
-62 16
-62 16
-62 16
-62 16
-62 16
-62 16
-62 16
-62 16
-62 16
-62 16
-62 16
-62 16
-62 16
-62 16
-62 16
-62 16
-62 16
-62 16
-62 16
-62 16
-62 16
-62 16
-62 16
-62 16
-63 17
-58 20
-58 20
-58 20
-58 20
-58 20
-58 20
-58 20
-58 20
-58 20
-58 20
-58 20
-58 20
-58 20
-58 20
-58 20
-58 20
-58 20
-58 20
-58 21
-58 21
-58 21
-58 21
-58 21
-58 21
-58 21
-58 21
-58 21
-58 21
-58 21
-58 21
-58 21
-58 21
-58 21
-58 21
-58 21
-58 21
-58 21
-58 21
-58 21
-58 21
-58 21
-58 21
-58 21
-58 21
-58 21
-58 21
-58 21
-58 21
-58 21
-58 21
-58 21
-58 21
-58 21
-58 21
-58 21
-58 21
-58 21
-58 21
-58 21
-58 21
-58 21
-58 21
-58 21
-58 21
-58 21
-58 21
-58 21
-56 18
-56 18
-56 18
-56 18
-56 18
-56 18
-56 18
-56 18
-56 18
-56 18
-56 18
-56 18
-56 18
-56 18
-56 18
-56 18
-56 18
-56 18
-56 18
-56 18
-56 18
-56 18
-56 18
-56 18
-56 18
-56 18
-56 18
-56 18
-56 18
-56 18
-56 18
-56 18
-56 18
-56 18
-56 18
-56 18
-56 18
-56 18
-56 18
-56 18
-56 18
-56 18
-56 18
-56 18
-56 18
-56 18
-60 14
-62 22
-62 22
-62 22
-62 22
-62 22
-62 22
-62 22
-62 22
-62 22
-62 22
-62 22
-62 22
-62 22
-62 22
-62 22
-62 22
-62 22
-62 22
-62 22
-62 22
-62 22
-62 22
-62 22
-62 22
-62 22
-62 22
-62 22
-62 22
-62 22
-62 22
-62 22
-62 22
-62 22
-62 22
-62 22
-62 22
-62 22
-62 22
-62 22
-62 22
-62 22
-62 22
-62 22
-62 22
-62 22
-62 22
-62 22
-62 22
-62 22
-63 24
-63 24
-63 24
-63 24
-63 24
-63 24
-63 24
-63 24
-63 24
-63 24
-63 24
-63 24
-63 24
-63 24
-63 24
-63 24
-63 24
-63 24
-63 24
-63 24
-63 24
-63 24
-63 24
-63 24
-67 25
-67 25
-67 25
-67 25
-67 25
-67 25
-67 25
-67 25
-67 25
-67 25
-67 25
-67 25
-67 25
-67 25
-67 25
-67 25
-67 25
-67 25
-67 25
-67 25
-67 25
-67 25
-67 25
-67 25
-67 25
-67 25
-67 25
-67 25
-67 25
-67 25
-65 25
-65 25
-65 25
-65 25
-65 25
-65 25
-65 25
-65 25
-65 25
-65 25
-65 25
-65 25
-65 25
-65 25
-65 25
-65 25
-65 25
-65 25
-65 25
-65 25
-65 25
-65 25
-65 25
-65 25
-65 25
-65 25
-65 25
-65 25
-65 25
-65 25
-62 25
-64 22
-64 22
-64 22
-64 22
-64 22
-64 22
-64 22
-64 22
-64 22
-64 22
-64 22
-64 22
-64 22
-64 22
-64 22
-64 22
-64 22
-64 22
-64 22
-64 22
-64 22
-64 22
-64 22
-64 22
-64 22
-64 22
-64 22
-64 22
-64 22
-64 22
-64 22
-64 22
-64 22
-64 22
-64 22
-64 22
-64 22
-64 22
-64 22
-60 27
-60 27
-60 27
-60 27
-60 27
-60 27
-60 27
-60 27
-60 27
-60 27
-60 27
-60 27
-60 27
-60 27
-60 27
-60 27
-60 27
-68 27
-68 27
-68 27
-68 27
-68 27
-68 27
-68 27
-68 27
-68 27
-68 27
-68 27
-68 27
-68 27
-68 27
-68 27
-68 27
-68 27
-68 27
-68 27
-68 27
-68 27
-68 27
-68 27
-68 27
-68 27
-68 27
-68 27
-68 27
-68 27
-68 27
-68 27
-68 27
-68 27
-68 27
-58 23
-58 23
-58 23
-58 23
-58 23
-58 23
-58 23
-58 23
-58 23
-58 23
-58 23
-58 23
-58 23
-58 23
-58 23
-52 28
-52 28
-52 28
-52 28
-52 28
-52 28
-52 28
-52 28
-52 28
-52 28
-52 28
-52 28
-52 28
-52 28
-52 28
-52 28
-52 28
-52 28
-52 28
-52 28
-52 28
-52 28
-52 28
-52 28
-52 28
-52 28
-52 28
-52 28
-53 30
-53 30
-53 30
-53 30
-53 30
-53 30
-53 30
-53 30
-53 30
-53 30
-53 30
-53 30
-53 30
-53 30
-53 30
-53 30
-53 30
-53 30
-53 30
-53 30
-53 30
-53 30
-53 30
-53 30
-53 30
-53 30
-53 30
-53 30
-53 30
-53 30
-53 30
-56 33
-59 32
-59 32
-59 32
-59 32
-59 32
-59 32
-59 32
-59 32
-59 32
-59 32
-59 32
-59 32
-59 32
-59 32
-59 32
-59 32
-59 32
-59 32
-59 32
-59 32
-59 32
-59 32
-59 32
-59 32
-59 32
-59 32
-59 32
-59 32
-59 32
-59 32
-57 31
-57 31
-57 31
-57 31
-57 31
-57 31
-57 31
-57 31
-57 31
-57 31
-57 31
-57 31
-57 31
-57 31
-57 31
-57 31
-57 31
-57 31
-57 31
-43 39
-43 39
-43 39
-43 39
-43 39
-43 39
-43 39
-43 39
-43 39
-43 39
-43 39
-43 39
-43 39
-43 39
-43 39
-43 39
-43 39
-43 39
-49 32
-49 32
-49 32
-49 32
-49 32
-49 32
-49 32
-49 32
-49 32
-49 32
-49 32
-49 32
-49 32
-49 32
-49 32
-49 32
-49 32
-49 32
-49 32
-49 32
-49 32
-49 32
-49 32
-49 32
-49 32
-49 32
-49 32
-49 32
-49 32
-49 32
-49 32
-49 32
-49 32
-49 32
-49 32
-51 33
-51 33
-51 33
-51 33
-51 33
-51 33
-51 33
-51 33
-51 33
-51 33
-51 33
-51 33
-51 33
-51 33
-51 33
-51 33
-51 33
-51 33
-51 33
-51 33
-51 33
-51 33
-51 33
-51 33
-51 33
-51 33
-51 33
-51 33
-51 33
-51 33
-51 33
-51 33
-51 33
-51 33
-51 33
-51 33
-51 33
-51 33
-51 33
-51 33
-51 33
-51 33
-51 33
-51 33
-51 33
-51 33
-51 33
-51 33
-51 33
-51 33
-51 33
-46 47
-46 47
-46 47
-46 47
-46 47
-46 47
-46 47
-46 47
-46 47
-46 47
-46 47
-46 47
-46 47
-46 47
-48 44
-48 44
-48 44
-48 44
-48 44
-48 44
-48 44
-48 44
-48 44
-48 44
-48 44
-48 44
-48 44
-48 44
-48 44
-49 41
-49 41
-49 41
-49 41
-49 41
-49 41
-49 41
-49 41
-49 41
-49 41
-49 41
-49 41
-49 41
-49 41
-49 41
-49 41
-49 41
-49 41
-49 41
-49 41
-49 41
-49 41
-49 41
-49 41
-49 41
-49 41
-49 41
-49 41
-49 41
-49 41
-49 41
-49 41
-49 41
-49 41
-49 41
-49 41
-42 48
-42 48
-42 48
-42 48
-42 48
-42 48
-42 48
-42 48
-42 48
-42 48
-42 48
-42 48
-42 48
-42 48
-42 48
-42 48
-42 48
-42 48
-42 48
-42 48
-42 48
-42 48
-42 48
-42 48
-42 48
-42 48
-42 48
-42 48
-42 48
-42 48
-42 48
-42 48
-42 48
-42 48
-41 51
-50 44
-50 44
-50 44
-50 44
-50 44
-50 44
-50 44
-50 44
-50 44
-50 44
-50 44
-50 44
-50 44
-50 44
-50 44
-50 44
-50 44
-50 44
-50 44
-50 44
-50 44
-50 44
-50 44
-50 44
-50 44
-50 44
-50 44
-50 44
-50 44
-50 44
-50 44
-50 44
-50 44
-39 40
-39 40
-39 40
-39 40
-39 40
-39 40
-39 40
-39 40
-39 40
-39 40
-39 40
-39 40
-39 40
-39 40
-39 40
-39 40
-39 40
-39 40
-41 48
-41 48
-41 48
-41 48
-41 48
-41 48
-41 48
-41 48
-41 48
-41 48
-41 48
-41 48
-41 48
-41 48
-41 48
-41 48
-41 48
-41 48
-41 48
-41 48
-41 48
-41 48
-41 48
-41 48
-41 48
-41 48
-41 48
-41 48
-41 48
-41 48
-33 51
-33 51
-33 51
-33 51
-33 51
-33 51
-33 51
-33 51
-33 51
-33 51
-33 51
-33 51
-33 51
-33 51
-33 51
-33 51
-33 51
-33 51
-35 47
-35 47
-35 47
-35 47
-35 47
-35 47
-35 47
-35 47
-35 47
-35 47
-35 47
-35 47
-35 47
-35 47
-35 47
-35 47
-35 47
-35 47
-35 47
-35 47
-35 47
-35 47
-35 47
-35 47
-35 47
-35 47
-35 47
-35 47
-35 47
-35 47
-35 47
-35 47
-35 47
-35 47
-35 47
-35 47
-35 47
-35 47
-35 47
-24 55
-24 55
-24 55
-24 55
-24 55
-24 55
-24 55
-24 55
-24 55
-24 55
-24 55
-24 55
-24 55
-24 55
-24 55
-24 55
-24 55
-24 55
-28 52
-28 52
-28 52
-28 52
-28 52
-28 52
-28 52
-28 52
-28 52
-28 52
-28 52
-28 52
-28 52
-28 52
-28 52
-28 52
-28 52
-28 52
-28 52
-28 52
-25 56
-25 56
-25 56
-25 56
-25 56
-25 56
-25 56
-25 56
-25 56
-25 56
-25 56
-25 56
-25 56
-25 56
-25 56
-25 56
-25 56
-25 56
-25 56
-25 56
-25 56
-25 56
-25 56
-25 56
-25 56
-25 56
-25 56
-25 56
-25 56
-25 56
-25 56
-25 56
-25 56
-25 56
-25 56
-25 56
-25 56
-25 56
-17 57
-17 57
-17 57
-17 57
-17 57
-17 57
-17 57
-17 57
-17 57
-17 57
-17 57
-17 57
-17 57
-17 57
-17 57
-17 57
-17 57
-12 50
-12 50
-12 50
-12 50
-12 50
-12 50
-12 50
-12 50
-12 50
-12 50
-12 50
-12 50
-12 50
-12 50
-12 50
-12 50
-12 50
-12 50
-12 50
-12 50
-12 50
-12 50
-12 50
-12 50
-12 50
-12 50
-12 50
-12 50
-12 50
-12 50
-12 50
-12 50
-12 50
-12 50
-12 50
-12 50
-12 50
-15 52
-15 52
-15 52
-15 52
-15 52
-15 52
-15 52
-15 52
-15 52
-15 52
-15 52
-15 52
-15 52
-15 52
-15 52
-9 46
-9 46
-9 46
-9 46
-9 46
-9 46
-9 46
-9 46
-9 46
-9 46
-9 46
-9 46
-9 46
-9 46
-9 46
-6 42
-6 42
-6 42
-6 42
-6 42
-6 42
-6 42
-6 42
-6 42
-6 42
-6 42
-6 42
-6 42
-6 42
-6 42
-3 36
-3 36
-3 36
-3 36
-3 36
-3 36
-3 36
-3 36
-3 36
-3 36
-3 36
-3 36
-3 36
-3 36
-3 36
-3 36
-3 36
-3 36
-3 36
-3 36
-3 36
-3 36
-3 36
-3 36
-3 36
-3 36
-3 36
-3 36
-3 36
-3 36
-3 36
1 31
1 31
1 31
1 31
1 31
1 31
1 31
1 31
1 31
1 31
1 31
1 31
1 31
1 31
1 31
4 31
4 31
4 31
4 31
4 31
4 31
4 31
4 31
4 31
4 31
4 31
4 31
4 31
4 31
4 31
4 31
4 31
4 31
4 31
4 31
4 31
4 31
4 31
4 31
4 31
4 31
4 31
4 31
4 31
4 31
1 19
1 19
1 19
1 19
1 19
1 19
1 19
1 19
1 19
1 19
1 19
1 19
1 19
1 19
1 19
1 19
1 19
1 19
1 19
1 19
1 19
1 19
1 19
1 19
1 19
1 19
1 19
1 19
1 19
1 19
1 19
1 19
1 19
1 19
1 19
1 19
1 19
1 19
7 17
7 10
7 10
7 10
7 10
7 10
7 10
7 10
7 10
7 10
7 10
7 10
7 10
7 10
7 10
7 10
7 10
7 10
7 10
7 10
7 10
7 10
7 10
7 10
7 10
7 10
7 10
7 10
7 10
7 10
7 10
7 10
7 10
7 10
7 10
7 10
7 10
3 4
3 4
3 4
3 4
3 4
3 4
3 4
3 4
3 4
3 4
3 4
3 4
3 4
3 4
3 4
3 4
3 0
3 0
3 0
3 0
3 0
3 0
3 0
3 0
3 0
3 0
3 0
3 0
3 0
3 0
3 0
3 0
3 0
3 0
3 0
3 0
3 0
3 0
3 0
3 0
3 0
3 0
3 0
3 0
3 0
3 0
3 0
3 0
3 0
3 0
3 0
3 0
3 0
3 0
3 0
3 0
3 0
3 0
3 0
3 0
3 0
3 0
3 0
3 0
3 0
3 0
3 0
3 0
3 0
3 0
3 0
3 0
3 0
3 0
3 0
3 0
3 0
3 0
3 0
3 0
3 0
3 0
3 0
3 0
3 0
3 0
3 0
3 0
3 0
3 0
3 0
1 1
2 -1
2 -1
2 -1
2 -1
2 -1
2 -1
2 -1
2 -1
2 -1
2 -1
2 -1
2 -1
2 -1
2 -1
2 -1
2 -1
2 -1
2 -1
2 -1
2 -1
2 -1
2 -1
2 -1
2 -1
2 -1
2 -1
2 -1
2 -1
2 -1
2 -1
2 -1
2 -1
2 -1
2 -1
23 -2
23 -2
23 -2
23 -2
23 -2
23 -2
23 -2
23 -2
23 -2
23 -2
23 -2
23 -2
23 -2
23 -2
23 -2
5 3
5 3
5 3
5 3
5 3
5 3
5 3
5 3
5 3
5 3
5 3
5 3
5 3
5 3
5 3
5 3
5 3
5 3
5 3
2 0
2 0
2 0
2 0
2 0
2 0
2 0
2 0
2 0
2 0
2 0
2 0
2 0
2 0
2 0
2 0
2 0
2 0
2 0
2 0
2 0
2 0
2 0
2 0
2 0
2 0
2 0
2 0
2 0
2 0
2 0
2 0
2 0
2 0
2 0
2 0
0 -1
0 -1
0 -1
0 -1
0 -1
0 -1
0 -1
0 -1
0 -1
0 -1
0 -1
0 -1
0 -1
0 -1
0 -1
0 -1
0 -1
0 -1
0 -1
0 -1
0 -1
0 -1
0 -1
0 -1
0 -1
0 -1
0 -1
0 -1
0 -1
0 -1
0 -1
0 -1
0 -1
0 -1
1 -1
1 -1
1 -1
1 -1
1 -1
1 -1
1 -1
1 -1
1 -1
1 -1
1 -1
1 -1
1 -1
1 -1
1 -1
1 -1
1 -1
1 -1
1 -1
1 -1
1 -1
1 -1
1 -1
1 -1
1 -1
1 -1
1 -1
1 -1
1 -1
1 -1
0 -1
0 -1
0 -1
0 -1
0 -1
0 -1
0 -1
0 -1
0 -1
0 -1
0 -1
0 -1
0 -1
0 -1
0 -1
0 -1
0 -1
0 -1
0 -1
0 -1
0 -1
0 -1
0 -1
0 -1
0 -1
0 -1
0 -1
0 -1
0 -1
0 -1
0 -1
0 -1
0 -1
0 -1
0 -1
0 -1
0 -1
0 -1
0 -1
0 -1
0 -1
0 -1
0 -1
0 -1
0 -1
0 -1
0 -1
0 -1
0 -1
0 -1
0 -1
0 -1
0 -1
0 -1
0 -1
0 -1
0 -1
0 -1
0 -1
0 -1
0 -1
0 -1
0 -1
0 -1
0 -1
0 -1
0 -1
0 -1
0 -1
0 -1
0 -1
0 -1
0 -1
0 -1
0 -1
0 -1
0 -1
0 -1
0 -1
0 -1
0 -1
0 -1
0 -1
0 -1
0 -1
0 -1
0 -1
0 -1
0 -1
0 -1
0 -1
0 -1
0 -1
0 -1
0 -1
0 -1
0 -1
0 -1
0 -1
0 -1
0 -1
0 -1
0 -1
0 -1
0 -1
0 -1
0 -1
0 -1
0 -1
0 -1
0 -1
0 -1
0 -1
0 -1
0 -1
0 -1
0 -1
0 -1
0 -1
0 -1
0 -1
0 -1
0 -1
0 -1
0 -1
0 -1
0 -1
0 -1
0 -1
0 -1
0 -1
0 -1
0 -1
0 -1
0 -1
0 -1
0 -1
0 -1
0 -1
0 -1
0 -1
0 -1
0 -1
0 -1
0 -1
0 -1
0 -1
0 -1
0 -1
0 -1
0 -1
0 -1
0 -1
0 -1
0 -1
0 -1
0 -1
0 -1
0 -1
0 -1
0 -1
0 -1
0 -1
0 -1
0 -1
0 -1
0 -1
0 -1
0 -1
0 -1
0 -1
0 -1
0 -1
0 -1
0 -1
0 -1
0 -1
0 -1
0 -1
0 -1
0 -1
0 -1
0 -1
0 -1
0 -1
0 -1
0 -1
0 -1
0 -1
0 -1
0 -1
0 -1
0 -1
0 -1
0 -1
0 -1
0 -1
0 -1
0 -1
0 -1
0 -1
0 -1
0 -1
0 -1
0 -1
0 -1
0 -1
0 -1
0 -1
0 -1
0 -1
0 -1
0 -1
0 -1
0 -1
0 -1
0 -1
0 -1
0 -1
0 -1
0 -1
0 -1
0 -1
0 -1
0 -1
0 -1
0 -1
0 -1
0 -1
0 -1
0 -1
0 -1
0 -1
0 -1
0 -1
0 -1
0 -1
0 -1
0 -1
0 -1
0 -1
0 -1
0 -1
0 -1
0 -1
0 -1
0 -1
0 -1
0 -1
0 -1
0 -1
0 -1
0 -1
0 -1
0 -1
0 -1
0 -1
0 -1
0 -1
0 -1
0 -1
0 -1
0 -1
0 -1
0 -1
0 -1
0 -1
0 -1
0 -1
0 -1
0 -1
0 -1
0 -1
0 -1
0 -1
0 -1
0 -1
0 -1
0 -1
0 -1
1 0
1 0
1 0
1 0
1 0
1 0
1 0
1 0
1 0
1 0
1 0
1 0
1 0
1 0
1 0
1 0
1 0
1 0
1 0
1 0
1 0
1 0
1 0
1 0
1 0
1 0
1 0
1 0
1 0
1 0
1 0
1 0
1 0
1 0
1 0
1 0
1 0
1 0
1 0
1 0
1 0
1 0
1 0
1 0
1 0
1 0
1 0
1 0
1 0
1 0
1 0
1 0
1 0
1 0
1 0
1 0
1 0
1 0
1 0
1 0
1 0
1 0
1 0
1 0
1 0
1 0
1 0
1 0
1 0
1 0
1 0
1 0
1 0
1 0
1 0
1 0
1 0
1 0
1 0
1 0
1 0
1 0
1 0
1 0
1 0
1 0
1 0
1 0
1 0
1 0
1 0
1 0
1 0
1 0
1 0
1 0
1 0
1 0
1 0
1 0
1 0
1 0
1 0
1 0
-1 -2
-1 -2
-1 -2
-1 -2
-1 -2
-1 -2
-1 -2
-1 -2
-1 -2
-1 -2
-1 -2
-1 -2
-1 -2
-1 -2
-1 -2
-1 -2
-1 -2
-1 -2
-1 -2
-1 -2
-1 -2
-1 -2
-1 -2
-1 -2
-1 -2
-1 -2
-1 -2
-1 -2
-1 -2
-1 -2
-1 -2
-1 -2
-1 -2
-1 -2
-1 -2
-1 -2
-1 -2
-1 -2
-1 -2
-1 -2
-1 -2
-1 -2
-1 -2
-1 -2
-1 -2
-1 -2
-1 -2
-1 -2
-1 -2
-1 -2
-1 -2
-1 -2
-1 -2
-1 -2
-1 -2
-1 -2
-1 -2
-1 -2
-1 -2
-1 -2
-1 -2
-1 -2
-1 -2
-1 -2
-1 -2
-1 -2
-1 -2
-1 -2
-1 -2
-1 -2
-1 -2
-1 -2
-1 -2
-1 -2
-1 -2
-1 -2
-1 -2
-1 -2
-1 -2
-1 -2
-1 -2
-1 -2
-1 -2
-1 -2
-1 -2
-1 -2
-1 -2
-1 -2
-1 -2
-1 -2
-1 -2
-1 -2
-1 -2
-1 -2
-1 -2
-1 -2
-1 -2
-1 -2
-1 -2
-1 -2
-1 -2
-1 -2
-1 -2
-1 -2
-1 -2
-1 -2
-1 -2
-1 -2
-1 -2
-1 -2
-1 -2
-1 -2
-1 -2
-1 -2
-1 -2
-1 -2
-1 -2
-1 -2
-1 -2
-1 -2
-1 -2
-1 -2
-1 -2
-1 -2
-1 -2
-1 -2
-1 -2
-1 -2
-1 -2
-1 -2
-1 -2
-1 -2
-1 -2
-1 -2
-1 -2
-1 -2
-1 -2
-1 -2
-1 -2
-1 -2
-1 -2
-1 -2
-1 -2
-1 -2
-1 -2
-1 -2
-1 -2
-1 -2
-1 -2
-1 -2
-1 -2
-1 -2
-1 -2
-1 -2
-1 -2
-1 -2
-1 -2
-1 -2
-1 -2
-1 -2
-1 -2
-1 -2
-1 -2
-1 -2
-1 -2
-1 -2
-1 -2
-1 -2
-1 -2
-1 -2
-1 -2
-1 -2
-1 -2
-1 -2
-1 -2
-1 -2
-1 -2
-1 -2
-1 -2
-1 -2
-1 -2
-1 -2
-1 -2
-1 -2
-1 -2
-1 -2
-1 -2
-1 -2
-1 -2
-1 -2
-1 -2
-1 -2
-1 -2
-1 -2
-1 -2
-1 -2
-1 -2
-1 -2
-1 -2
-1 -2
-1 -2
-1 -2
-1 -2
-1 -2
-1 -2
-1 -2
-1 -2
-1 -2
-1 -2
-1 -2
-1 -2
-1 -2
-1 -2
-1 -2
-1 -2
-1 -2
-1 -2
-1 -2
-1 -2
-1 -2
-1 -2
-1 -2
-1 -2
-1 -2
-1 -2
-1 -2
-1 -2
-1 -2
-1 -2
-1 -2
-1 -2
-1 -2
-1 -2
-1 -2
-1 -2
-1 -2
-1 -2
-1 -2
-1 -2
-1 -2
-1 -2
-1 -2
-1 -2
-1 -2
-1 -2
-1 -2
-1 -2
-1 -2
-1 -2
-1 -2
-1 -2
-1 -2
-1 -2
-1 -2
-1 -2
-1 -2
-1 -2
-1 -2
-1 -2
-1 -2
-1 -2
-1 -2
-1 -2
-1 -2
-1 -2
-1 -2
-1 -2
-1 -2
-1 -2
-1 -2
-1 -2
-1 -2
-1 -2
-1 -2
-1 -2
-1 -2
-1 -2
-1 -2
-1 -2
-1 -2
-1 -2
-1 -2
-1 -2
-1 -2
-1 -2
-1 -2
-1 -2
-1 -2
-1 -2
-1 -2
-1 -2
-1 -2
-1 -2
-1 -2
-1 -2
-1 -2
-1 -2
-1 -2
-1 -2
-1 -2
-1 -2
-1 -2
-1 -2
-1 -2
-1 -2
-1 -2
-1 -2
-1 -2
-1 -2
-1 -2
-1 -2
-1 -2
-1 -2
-1 -2
-1 -2
-1 -2
-1 -2
-1 -2
-1 -2
-1 -2
-1 -2
-1 -2
-1 -2
-1 -2
-1 -2
-1 -2
-1 -2
-1 -2
-1 -2
-1 -2
-1 -2
-1 -2
-1 -2
-1 -2
-1 -2
-1 -2
-1 -2
-1 -2
-1 -2
-1 -2
-1 -2
-1 -2
-1 -2
-1 -2
-1 -2
-1 -2
-1 -2
-1 -2
-1 -2
-1 -2
-1 -2
-1 -2
-1 -2
-1 -2
