7 34
10 39
10 39
10 39
10 39
10 39
10 39
10 39
10 39
10 39
10 39
10 39
10 39
10 39
10 39
10 39
10 39
10 39
10 39
10 39
10 39
10 39
10 39
10 39
10 39
10 39
10 39
10 39
10 39
10 39
10 39
10 39
10 39
10 39
10 39
10 39
10 39
10 39
10 39
10 39
10 39
10 39
14 37
14 37
14 37
14 37
14 37
14 37
14 37
14 37
14 37
14 37
14 37
14 37
14 37
14 37
14 37
14 37
14 37
14 37
14 37
14 37
14 37
14 37
14 37
14 37
14 37
14 37
14 37
14 37
14 37
14 37
14 37
14 37
14 37
14 37
14 37
14 37
14 37
14 37
14 37
14 37
17 43
17 43
17 43
17 43
17 43
17 43
17 43
17 43
17 43
17 43
17 43
17 43
17 43
17 43
17 43
17 43
17 43
17 43
17 43
17 43
17 43
17 43
17 43
17 43
17 43
17 43
17 43
17 43
17 43
17 43
17 43
17 43
17 43
17 43
17 43
17 43
17 43
17 43
17 43
17 43
17 43
17 43
20 46
20 46
9 38
9 38
9 38
9 38
9 38
9 38
9 38
9 38
9 38
9 38
9 38
9 38
9 38
9 38
9 38
9 38
9 38
9 38
9 38
13 44
13 44
13 44
13 44
13 44
13 44
13 44
13 44
13 44
13 44
13 44
13 44
13 44
13 44
13 44
13 44
13 44
13 44
13 44
13 44
13 44
13 44
13 44
13 44
13 44
13 44
13 44
13 44
13 44
13 44
13 44
13 44
13 44
13 44
13 44
13 44
13 44
13 44
13 44
13 44
13 44
13 44
13 44
13 44
13 44
13 44
13 44
13 44
13 44
13 44
13 44
13 44
13 44
13 44
13 44
13 44
13 44
13 44
13 44
13 44
13 44
13 44
13 44
13 44
13 44
20 44
20 44
20 44
20 44
20 44
20 44
20 44
20 44
20 44
20 44
20 44
20 44
20 44
20 44
20 44
20 44
20 44
20 44
20 44
20 44
20 44
20 44
20 44
20 44
20 44
20 44
20 44
20 44
20 44
20 44
20 44
20 44
20 44
20 44
20 44
20 44
20 44
20 44
20 44
20 44
20 44
20 44
20 44
20 44
20 44
21 45
21 45
21 45
21 45
21 45
21 45
21 45
21 45
21 45
21 45
21 45
21 45
21 45
21 45
21 45
21 45
21 45
21 45
21 45
21 45
21 45
21 45
21 45
21 45
21 45
21 45
21 45
21 45
21 45
21 45
21 45
21 45
21 45
21 45
21 45
21 45
21 45
25 46
22 40
22 40
22 40
22 40
22 40
22 40
22 40
22 40
22 40
22 40
22 40
22 40
22 40
22 40
22 40
22 40
22 40
22 40
22 40
22 40
22 40
22 40
22 40
22 40
22 40
22 40
22 40
22 40
22 40
22 40
22 40
22 40
22 40
22 40
22 40
22 40
22 40
22 40
22 40
22 40
22 40
27 43
27 43
27 43
27 43
27 43
27 43
27 43
27 43
27 43
27 43
27 43
27 43
27 43
27 43
27 43
27 43
27 43
27 43
27 43
27 43
27 43
27 43
27 43
27 43
27 43
33 42
33 42
33 42
33 42
33 42
33 42
33 42
33 42
33 42
33 42
33 42
33 42
33 42
33 42
33 42
33 42
33 42
33 42
33 42
33 42
33 42
33 42
33 42
33 42
33 42
33 42
33 42
33 42
33 42
33 42
33 42
33 42
33 42
33 42
33 42
33 42
33 42
33 42
33 42
33 42
33 42
33 42
33 42
33 42
33 42
33 42
33 42
33 42
33 42
33 42
33 42
33 42
33 42
33 42
36 52
36 52
36 52
36 52
36 52
36 52
36 52
36 52
36 52
36 52
36 52
36 52
36 52
36 52
36 52
36 52
36 52
36 52
36 52
36 52
36 52
36 52
36 52
36 52
36 52
36 52
36 52
36 52
36 52
36 52
36 52
36 52
36 52
36 52
36 52
36 52
36 52
36 52
36 52
36 52
36 52
36 52
36 52
36 52
36 52
36 52
36 52
36 52
36 52
36 52
31 39
40 37
40 37
40 37
40 37
40 37
40 37
40 37
40 37
40 37
40 37
40 37
40 37
40 37
40 37
40 37
40 37
40 37
40 37
40 37
40 37
40 37
40 37
40 37
40 37
40 37
40 37
40 37
40 37
40 37
40 37
40 37
40 37
40 37
40 37
40 37
40 37
40 37
40 37
40 37
40 37
40 37
40 37
40 37
40 37
40 37
40 37
40 37
40 37
37 53
37 53
37 53
37 53
37 53
37 53
37 53
37 53
37 53
37 53
37 53
37 53
37 53
37 53
37 53
37 53
37 53
37 53
37 53
37 53
37 53
38 55
38 55
38 55
38 55
38 55
38 55
38 55
38 55
38 55
38 55
38 55
38 55
38 55
38 55
38 55
38 55
38 55
38 55
38 55
38 55
38 55
38 55
38 55
50 57
50 57
50 57
50 57
50 57
50 57
50 57
50 57
50 57
50 57
50 57
50 57
50 57
50 57
50 57
50 57
50 57
50 57
50 57
50 57
50 57
50 57
50 57
50 57
50 57
50 57
50 57
50 57
50 57
50 57
50 57
50 57
50 57
50 57
50 57
50 57
50 57
50 57
50 57
50 57
50 57
53 53
53 53
53 53
53 53
53 53
53 53
53 53
53 53
53 53
53 53
53 53
53 53
53 53
53 53
53 53
53 53
53 53
53 53
53 53
53 53
53 53
53 53
53 53
53 53
53 53
53 53
53 53
53 53
53 53
53 53
53 53
53 53
53 53
53 53
53 53
53 53
53 53
53 53
53 53
53 53
53 53
53 53
53 53
53 53
40 40
40 40
40 40
40 40
40 40
40 40
40 40
40 40
40 40
40 40
40 40
40 40
40 40
40 40
40 40
40 40
40 40
40 40
40 40
40 40
40 40
40 40
62 47
62 47
62 47
62 47
62 47
62 47
62 47
62 47
62 47
62 47
62 47
62 47
62 47
62 47
62 47
62 47
62 47
62 47
62 47
82 45
82 45
82 45
82 45
82 45
82 45
82 45
82 45
82 45
82 45
82 45
82 45
82 45
82 45
82 45
82 45
82 45
82 45
82 45
82 45
82 45
86 52
86 52
86 52
86 52
86 52
86 52
86 52
86 52
86 52
86 52
86 52
86 52
86 52
86 52
86 52
86 52
86 52
86 52
86 52
86 52
86 52
86 52
86 52
86 52
86 52
86 52
86 52
86 52
86 52
86 52
86 52
86 52
86 52
86 52
86 52
86 52
86 52
86 52
86 52
86 52
86 52
86 52
86 52
86 52
86 52
86 52
77 49
77 49
77 49
77 49
77 49
77 49
77 49
77 49
77 49
77 49
77 49
77 49
77 49
77 49
77 49
77 49
77 49
77 49
77 49
77 49
77 49
77 49
77 49
77 49
77 49
77 49
77 49
77 49
77 49
77 49
77 49
77 49
77 49
77 49
77 49
77 49
77 49
77 49
77 49
77 49
77 49
77 49
88 49
88 49
88 49
88 49
88 49
88 49
88 49
88 49
88 49
88 49
88 49
88 49
88 49
88 49
88 49
88 49
88 49
88 49
88 49
88 49
91 49
91 49
91 49
91 49
91 49
91 49
91 49
91 49
91 49
91 49
91 49
91 49
91 49
91 49
91 49
91 49
91 49
91 49
91 49
91 49
91 49
91 49
91 49
102 49
102 49
102 49
102 49
102 49
102 49
102 49
102 49
102 49
102 49
102 49
102 49
102 49
102 49
102 49
102 49
102 49
102 49
102 49
102 49
102 49
102 49
102 49
102 49
102 49
102 49
102 49
102 49
102 49
102 49
102 49
102 49
102 49
102 49
102 49
102 49
102 49
102 49
102 49
102 49
102 49
102 49
102 49
102 49
102 49
102 49
102 49
102 49
102 49
102 49
102 49
102 49
102 49
102 49
102 49
94 34
94 34
94 34
94 34
94 34
94 34
94 34
94 34
94 34
94 34
94 34
94 34
94 34
94 34
94 34
94 34
94 34
94 34
94 34
94 34
94 34
94 34
94 34
94 34
94 34
94 34
94 34
94 34
94 34
94 34
94 34
94 34
94 34
94 34
94 34
94 34
94 34
94 34
94 34
94 34
94 34
94 34
94 34
94 34
94 34
94 34
94 34
94 34
94 34
94 34
94 34
94 34
104 39
106 35
106 35
106 35
106 35
106 35
106 35
106 35
106 35
106 35
106 35
106 35
106 35
106 35
106 35
106 35
106 35
106 35
106 35
106 35
106 35
106 35
106 35
106 35
106 35
106 35
106 35
106 35
106 35
106 35
106 35
106 35
106 35
106 35
106 35
106 35
106 35
106 35
106 35
106 35
106 35
106 35
106 35
106 35
106 35
106 35
106 35
106 35
106 35
106 35
106 35
116 25
116 25
116 25
116 25
116 25
116 25
116 25
116 25
116 25
116 25
116 25
116 25
116 25
116 25
116 25
116 25
116 25
116 25
116 25
116 25
116 25
116 25
116 25
116 25
116 25
116 25
116 25
116 25
116 25
116 25
116 25
116 25
116 25
116 25
116 25
116 25
116 25
116 25
116 25
116 25
116 25
116 25
116 25
116 25
116 25
116 25
116 25
116 25
116 25
116 25
116 25
106 11
106 11
106 11
106 11
106 11
106 11
106 11
106 11
106 11
106 11
106 11
106 11
106 11
106 11
106 11
106 11
106 11
106 11
106 11
106 11
106 11
106 11
106 11
106 11
106 11
106 11
106 11
106 11
106 11
106 11
106 11
106 11
106 11
106 11
106 11
106 11
106 11
106 11
106 11
106 11
106 11
106 11
106 11
106 11
106 11
106 11
106 11
106 11
106 11
100 3
100 3
100 3
100 3
100 3
100 3
100 3
100 3
100 3
100 3
100 3
100 3
100 3
100 3
100 3
100 3
100 3
100 3
100 3
100 3
100 3
100 3
100 3
100 3
100 3
104 0
104 0
104 0
104 0
104 0
104 0
104 0
104 0
104 0
104 0
104 0
104 0
104 0
104 0
104 0
104 0
104 0
104 0
104 0
104 0
104 0
104 0
104 0
104 0
104 0
104 0
104 0
104 0
104 0
104 0
104 0
104 0
104 0
104 0
104 0
104 0
104 0
104 0
104 0
104 0
104 0
104 0
104 0
104 0
104 0
104 0
104 0
104 0
104 0
104 0
104 0
104 0
104 0
104 0
104 0
104 0
104 0
104 0
104 0
104 0
104 0
104 0
104 0
104 0
104 0
104 0
104 0
104 0
92 0
92 0
92 0
92 0
92 0
92 0
92 0
92 0
92 0
92 0
92 0
92 0
92 0
92 0
92 0
92 0
92 0
88 -12
88 -12
88 -12
88 -12
88 -12
88 -12
88 -12
88 -12
88 -12
88 -12
88 -12
88 -12
88 -12
88 -12
88 -12
88 -12
88 -12
88 -12
88 -12
88 -12
88 -12
88 -12
88 -12
88 -12
88 -12
88 -12
88 -12
88 -12
88 -12
88 -12
88 -12
88 -12
88 -12
88 -12
88 -12
88 -12
88 -12
88 -12
88 -12
88 -12
88 -12
88 -12
88 -12
88 -12
85 -15
85 -15
85 -15
85 -15
85 -15
85 -15
85 -15
85 -15
85 -15
85 -15
85 -15
85 -15
85 -15
85 -15
85 -15
85 -15
85 -15
85 -15
85 -15
85 -15
85 -15
83 -24
83 -24
83 -24
83 -24
83 -24
83 -24
83 -24
83 -24
83 -24
83 -24
83 -24
83 -24
83 -24
83 -24
83 -24
83 -24
83 -24
83 -24
77 -24
77 -24
77 -24
77 -24
77 -24
77 -24
77 -24
77 -24
77 -24
77 -24
77 -24
77 -24
77 -24
77 -24
77 -24
77 -24
77 -24
77 -24
77 -24
77 -24
77 -24
77 -24
77 -24
77 -24
77 -24
77 -24
77 -24
77 -24
77 -24
77 -24
77 -24
77 -24
77 -24
72 -38
72 -38
72 -38
72 -38
72 -38
72 -38
72 -38
72 -38
72 -38
72 -38
72 -38
72 -38
72 -38
72 -38
72 -38
72 -38
72 -38
72 -38
72 -38
72 -38
72 -38
72 -38
72 -38
72 -38
72 -38
72 -38
72 -38
72 -38
72 -38
72 -38
72 -38
72 -38
72 -38
72 -38
72 -38
72 -38
75 -44
75 -44
75 -44
75 -44
75 -44
75 -44
75 -44
75 -44
75 -44
75 -44
75 -44
75 -44
75 -44
75 -44
75 -44
75 -44
75 -44
75 -44
75 -44
75 -44
75 -44
75 -44
75 -44
75 -44
75 -44
75 -44
75 -44
75 -44
75 -44
75 -44
75 -44
75 -44
75 -44
75 -44
75 -44
75 -44
75 -44
75 -44
75 -44
75 -44
75 -44
75 -44
75 -44
75 -44
66 -47
66 -47
66 -47
66 -47
66 -47
66 -47
66 -47
66 -47
66 -47
66 -47
66 -47
66 -47
66 -47
66 -47
66 -47
66 -47
66 -47
66 -47
66 -47
66 -47
66 -61
66 -61
66 -61
66 -61
66 -61
66 -61
66 -61
66 -61
66 -61
66 -61
66 -61
66 -61
66 -61
66 -61
66 -61
66 -61
66 -61
66 -61
66 -61
66 -61
66 -61
66 -61
66 -61
66 -61
66 -61
66 -61
66 -61
66 -61
66 -61
66 -61
66 -61
66 -61
66 -61
66 -61
66 -61
66 -61
66 -61
66 -61
66 -61
66 -61
66 -61
66 -61
66 -61
66 -61
66 -61
66 -61
66 -61
66 -61
66 -61
66 -61
66 -61
66 -61
66 -61
66 -61
66 -61
66 -61
66 -61
66 -61
66 -61
66 -61
66 -61
66 -61
66 -61
66 -61
66 -61
66 -61
66 -61
66 -61
66 -61
66 -61
66 -61
66 -61
66 -61
66 -61
66 -61
66 -61
66 -61
66 -61
66 -61
66 -61
66 -61
66 -61
66 -61
66 -61
66 -61
66 -61
66 -61
66 -61
66 -61
66 -61
66 -61
66 -61
66 -61
66 -61
66 -61
66 -61
66 -61
66 -61
66 -61
66 -61
66 -61
66 -61
66 -61
66 -61
66 -61
66 -61
66 -61
66 -61
66 -61
66 -61
62 -66
64 -69
64 -69
64 -69
64 -69
64 -69
64 -69
64 -69
64 -69
64 -69
64 -69
64 -69
64 -69
64 -69
64 -69
64 -69
64 -69
64 -69
64 -69
64 -69
55 -68
55 -68
55 -68
55 -68
55 -68
55 -68
55 -68
55 -68
55 -68
55 -68
55 -68
55 -68
55 -68
55 -68
55 -68
55 -68
55 -68
55 -68
55 -68
55 -68
55 -68
55 -68
55 -68
55 -68
55 -68
60 -72
60 -72
60 -72
60 -72
60 -72
60 -72
60 -72
60 -72
60 -72
60 -72
60 -72
60 -72
60 -72
60 -72
60 -72
60 -72
60 -72
60 -72
60 -72
60 -72
60 -72
60 -72
60 -72
60 -72
60 -72
60 -72
60 -72
60 -72
60 -72
60 -72
60 -72
60 -72
60 -72
60 -72
60 -72
60 -72
60 -72
60 -72
60 -72
60 -72
60 -72
60 -72
60 -72
60 -72
60 -72
60 -72
60 -72
60 -72
60 -72
60 -72
60 -72
60 -72
60 -72
60 -72
60 -72
60 -72
60 -72
60 -72
60 -72
60 -72
60 -72
60 -72
60 -72
60 -72
60 -72
60 -72
60 -72
59 -93
59 -93
59 -93
59 -93
59 -93
59 -93
59 -93
59 -93
59 -93
59 -93
59 -93
59 -93
59 -93
59 -93
59 -93
59 -93
59 -93
59 -93
59 -93
59 -93
59 -93
59 -93
59 -93
59 -93
59 -93
59 -93
59 -93
59 -93
59 -93
59 -93
59 -93
59 -93
59 -93
59 -93
59 -93
59 -93
59 -93
59 -93
59 -93
59 -93
59 -93
59 -93
59 -93
59 -93
59 -93
59 -93
65 -90
65 -90
65 -90
65 -90
65 -90
65 -90
65 -90
65 -90
65 -90
65 -90
65 -90
65 -90
65 -90
65 -90
65 -90
65 -90
65 -90
65 -90
65 -90
65 -90
65 -90
65 -90
65 -90
65 -90
65 -90
65 -90
65 -90
65 -90
65 -90
65 -90
65 -90
65 -90
65 -90
65 -90
65 -90
65 -90
65 -90
65 -90
65 -90
65 -90
53 -87
44 -90
44 -90
44 -90
44 -90
44 -90
44 -90
44 -90
44 -90
44 -90
44 -90
44 -90
44 -90
44 -90
44 -90
44 -90
44 -90
44 -90
44 -90
44 -90
44 -90
44 -90
44 -90
44 -90
44 -90
44 -90
44 -90
44 -90
44 -90
44 -90
44 -90
44 -90
44 -90
44 -90
44 -90
44 -90
44 -90
44 -90
44 -90
44 -90
44 -90
44 -90
44 -90
44 -90
44 -90
44 -90
44 -90
44 -90
44 -90
44 -90
46 -93
46 -93
46 -93
46 -93
46 -93
46 -93
46 -93
46 -93
46 -93
46 -93
46 -93
46 -93
46 -93
46 -93
46 -93
46 -93
46 -93
46 -93
46 -93
46 -93
46 -93
46 -93
46 -93
46 -93
46 -93
46 -93
46 -93
46 -93
46 -93
46 -93
46 -93
46 -93
46 -93
46 -93
46 -93
46 -93
46 -93
46 -93
46 -93
46 -93
46 -93
46 -93
46 -93
46 -93
46 -93
46 -93
46 -93
46 -93
46 -93
44 -84
33 -82
33 -82
33 -82
33 -82
33 -82
33 -82
33 -82
33 -82
33 -82
33 -82
33 -82
33 -82
33 -82
33 -82
33 -82
33 -82
33 -82
33 -82
33 -82
33 -82
33 -82
33 -82
33 -82
33 -82
33 -82
33 -82
33 -82
33 -82
33 -82
33 -82
33 -82
33 -82
33 -82
33 -82
33 -82
33 -82
33 -82
33 -82
33 -82
33 -82
33 -82
33 -82
33 -82
33 -82
33 -82
33 -82
33 -82
33 -82
33 -82
33 -82
33 -82
33 -82
33 -82
39 -78
39 -78
39 -78
39 -78
39 -78
39 -78
39 -78
39 -78
39 -78
39 -78
39 -78
39 -78
39 -78
39 -78
39 -78
39 -78
39 -78
39 -78
39 -78
39 -78
39 -78
39 -78
28 -84
28 -84
28 -84
28 -84
28 -84
28 -84
28 -84
28 -84
28 -84
28 -84
28 -84
28 -84
28 -84
28 -84
28 -84
28 -84
28 -84
28 -84
28 -84
28 -84
28 -84
28 -84
28 -84
28 -84
28 -84
28 -84
28 -84
28 -84
28 -84
28 -84
28 -84
28 -84
28 -84
28 -84
28 -84
28 -84
28 -84
28 -84
28 -84
28 -84
28 -84
26 -87
26 -87
26 -87
26 -87
26 -87
26 -87
26 -87
26 -87
26 -87
26 -87
26 -87
26 -87
26 -87
26 -87
26 -87
26 -87
26 -87
26 -87
26 -87
26 -87
26 -87
26 -87
26 -87
26 -87
26 -87
26 -87
26 -87
26 -87
26 -87
26 -87
26 -87
26 -87
26 -87
26 -87
26 -87
26 -87
26 -87
26 -87
26 -87
26 -87
26 -87
26 -87
26 -87
26 -87
26 -87
26 -87
26 -87
14 -92
14 -92
14 -92
14 -92
14 -92
14 -92
14 -92
14 -92
14 -92
14 -92
14 -92
14 -92
14 -92
14 -92
14 -92
14 -92
14 -92
14 -92
14 -92
14 -92
14 -92
14 -92
14 -92
14 -92
14 -92
14 -92
14 -92
14 -92
14 -92
14 -92
14 -92
14 -92
14 -92
9 -83
9 -83
9 -83
9 -83
9 -83
9 -83
9 -83
9 -83
9 -83
9 -83
9 -83
9 -83
9 -83
9 -83
9 -83
9 -83
9 -83
9 -83
9 -83
9 -83
9 -83
9 -83
9 -83
9 -83
9 -83
9 -83
9 -83
9 -83
9 -83
9 -83
9 -83
9 -83
9 -83
10 -92
9 -86
9 -86
9 -86
9 -86
9 -86
9 -86
9 -86
9 -86
9 -86
9 -86
9 -86
9 -86
9 -86
9 -86
9 -86
9 -86
9 -86
9 -86
9 -86
9 -86
9 -86
9 -86
9 -86
9 -86
9 -86
9 -86
9 -86
9 -86
9 -86
9 -86
9 -86
9 -86
9 -86
9 -86
9 -86
4 -87
4 -87
4 -87
4 -87
4 -87
4 -87
4 -87
4 -87
4 -87
4 -87
4 -87
4 -87
4 -87
4 -87
4 -87
4 -87
4 -87
4 -87
-6 -81
-6 -81
-6 -81
-6 -81
-6 -81
-6 -81
-6 -81
-6 -81
-6 -81
-6 -81
-6 -81
-6 -81
-6 -81
-6 -81
-6 -81
-6 -81
-6 -81
-6 -81
-6 -81
-6 -81
-6 -81
-6 -81
-6 -81
-6 -81
-6 -81
-6 -81
-6 -81
-6 -81
-6 -81
-6 -81
-6 -81
-6 -81
-6 -81
-6 -81
-6 -81
-6 -81
-6 -81
-6 -81
-6 -81
-6 -81
-6 -81
-6 -81
-6 -81
-6 -81
-6 -81
-6 -81
-6 -81
-6 -81
-6 -81
-6 -81
-6 -81
-6 -81
-6 -81
-6 -81
-1 -78
-5 -80
-5 -80
-5 -80
-5 -80
-5 -80
-5 -80
-5 -80
-5 -80
-5 -80
-5 -80
-5 -80
-5 -80
-5 -80
-5 -80
-5 -80
-5 -80
-5 -80
-5 -80
-5 -80
-5 -80
-5 -80
-5 -80
-5 -80
-5 -80
-5 -80
-5 -80
-5 -80
-5 -80
-5 -80
-5 -80
-5 -80
-5 -80
-5 -80
-5 -80
-5 -80
-5 -80
-5 -80
-5 -80
-5 -80
-5 -80
-5 -80
-5 -80
-5 -80
-5 -80
-5 -80
-5 -80
-5 -80
-5 -80
-5 -80
-5 -80
-5 -80
-5 -80
-5 -80
-5 -80
-9 -79
-12 -77
-12 -77
-12 -77
-12 -77
-12 -77
-12 -77
-12 -77
-12 -77
-12 -77
-12 -77
-12 -77
-12 -77
-12 -77
-12 -77
-12 -77
-12 -77
-10 -68
-10 -68
-10 -68
-10 -68
-10 -68
-10 -68
-10 -68
-10 -68
-10 -68
-10 -68
-10 -68
-10 -68
-10 -68
-10 -68
-10 -68
-10 -68
-10 -68
-10 -68
-10 -68
-10 -68
-10 -68
-10 -68
-10 -68
-10 -68
-10 -68
-10 -68
-10 -68
-10 -68
-10 -68
-10 -68
-10 -68
-10 -68
-10 -68
-10 -68
-10 -68
-10 -68
-10 -68
-10 -68
-10 -68
-10 -68
-10 -68
-10 -68
-10 -68
-10 -68
-10 -68
-10 -68
-10 -68
-10 -68
-10 -68
-10 -68
-10 -68
-10 -68
-10 -68
-10 -68
-10 -68
-14 -75
-18 -73
-18 -73
-18 -73
-18 -73
-18 -73
-18 -73
-18 -73
-18 -73
-18 -73
-18 -73
-18 -73
-18 -73
-18 -73
-18 -73
-18 -73
-18 -73
-18 -73
-18 -73
-18 -73
-18 -73
-18 -73
-18 -73
-18 -73
-18 -73
-18 -73
-18 -73
-18 -73
-18 -73
-18 -73
-18 -73
-18 -73
-18 -73
-18 -73
-18 -73
-18 -73
-18 -73
-18 -73
-18 -73
-18 -73
-18 -73
-18 -73
-18 -73
-18 -73
-18 -73
-18 -73
-18 -73
-18 -73
-18 -73
-18 -73
-18 -73
-18 -73
-18 -73
-18 -73
-18 -73
-18 -73
-18 -73
-17 -72
-17 -72
-17 -72
-17 -72
-17 -72
-17 -72
-17 -72
-17 -72
-17 -72
-17 -72
-17 -72
-17 -72
-17 -72
-17 -72
-17 -72
-17 -72
-17 -72
-17 -72
-16 -83
-25 -84
-25 -84
-25 -84
-25 -84
-25 -84
-25 -84
-25 -84
-25 -84
-25 -84
-25 -84
-25 -84
-25 -84
-25 -84
-25 -84
-25 -84
-25 -84
-25 -84
-25 -84
-25 -84
-25 -84
-25 -84
-25 -84
-25 -84
-25 -84
-25 -84
-25 -84
-25 -84
-25 -84
-25 -84
-25 -84
-25 -84
-34 -94
-34 -94
-34 -94
-34 -94
-34 -94
-34 -94
-34 -94
-34 -94
-34 -94
-34 -94
-34 -94
-34 -94
-34 -94
-34 -94
-34 -94
-34 -94
-34 -94
-34 -94
-34 -94
-34 -94
-34 -94
-34 -94
-34 -94
-34 -94
-34 -94
-34 -94
-34 -94
-34 -94
-34 -94
-34 -94
-34 -94
-34 -94
-34 -94
-34 -94
-34 -94
-44 -83
-44 -83
-44 -83
-44 -83
-44 -83
-44 -83
-44 -83
-44 -83
-44 -83
-44 -83
-44 -83
-44 -83
-44 -83
-44 -83
-44 -83
-44 -83
-44 -83
-44 -83
-44 -83
-44 -83
-44 -83
-44 -83
-44 -83
-44 -83
-44 -83
-44 -83
-44 -83
-44 -83
-44 -83
-44 -83
-44 -83
-44 -83
-44 -83
-48 -87
-48 -87
-48 -87
-48 -87
-48 -87
-48 -87
-48 -87
-48 -87
-48 -87
-48 -87
-48 -87
-48 -87
-48 -87
-48 -87
-48 -87
-48 -87
-48 -87
-48 -87
-48 -87
-48 -87
-48 -87
-48 -87
-48 -87
-48 -87
-48 -87
-48 -87
-48 -87
-48 -87
-48 -87
-48 -87
-48 -87
-48 -87
-48 -87
-48 -87
-48 -87
-48 -87
-48 -87
-48 -87
-48 -87
-48 -87
-48 -87
-48 -87
-48 -87
-48 -87
-48 -87
-48 -87
-48 -87
-65 -71
-65 -71
-65 -71
-65 -71
-65 -71
-65 -71
-65 -71
-65 -71
-65 -71
-65 -71
-65 -71
-65 -71
-65 -71
-65 -71
-65 -71
-70 -66
-70 -66
-70 -66
-70 -66
-70 -66
-70 -66
-70 -66
-70 -66
-70 -66
-70 -66
-70 -66
-70 -66
-70 -66
-70 -66
-70 -66
-70 -66
-70 -66
-74 -60
-74 -60
-74 -60
-74 -60
-74 -60
-74 -60
-74 -60
-74 -60
-74 -60
-74 -60
-74 -60
-74 -60
-74 -60
-74 -60
-74 -60
-74 -60
-74 -60
-74 -60
-74 -60
-74 -60
-74 -60
-74 -60
-74 -60
-74 -60
-74 -60
-74 -60
-74 -60
-74 -60
-74 -60
-74 -60
-74 -60
-74 -60
-74 -60
-74 -60
-74 -60
-74 -60
-74 -60
-74 -60
-74 -60
-74 -60
-74 -60
-74 -60
-74 -60
-74 -60
-74 -60
-74 -60
-74 -60
-67 -48
-87 -54
-87 -54
-87 -54
-87 -54
-87 -54
-87 -54
-87 -54
-87 -54
-87 -54
-87 -54
-87 -54
-87 -54
-87 -54
-87 -54
-87 -54
-79 -51
-79 -51
-79 -51
-79 -51
-79 -51
-79 -51
-79 -51
-79 -51
-79 -51
-79 -51
-79 -51
-79 -51
-79 -51
-79 -51
-79 -51
-79 -51
-79 -51
-79 -51
-79 -51
-79 -51
-79 -51
-79 -51
-79 -51
-79 -51
-79 -51
-79 -51
-79 -51
-79 -51
-79 -51
-79 -51
-79 -51
-79 -51
-79 -51
-79 -51
-79 -51
-78 -39
-78 -39
-78 -39
-78 -39
-78 -39
-78 -39
-78 -39
-78 -39
-78 -39
-78 -39
-78 -39
-78 -39
-78 -39
-78 -39
-78 -39
-78 -39
-78 -39
-78 -39
-81 -36
-81 -36
-81 -36
-81 -36
-81 -36
-81 -36
-81 -36
-81 -36
-81 -36
-81 -36
-81 -36
-81 -36
-81 -36
-81 -36
-81 -36
-81 -36
-81 -36
-81 -36
-81 -36
-81 -36
-81 -36
-81 -36
-81 -36
-81 -36
-81 -36
-81 -36
-81 -36
-81 -36
-81 -36
-81 -36
-81 -36
-81 -36
-81 -36
-81 -36
-81 -36
-81 -36
-81 -36
-81 -36
-81 -36
-81 -36
-81 -36
-81 -36
-81 -36
-81 -36
-81 -36
-81 -36
-81 -36
-81 -36
-81 -36
-81 -36
-81 -36
-81 -36
-81 -36
-81 -36
-81 -36
-81 -36
-81 -37
-84 -32
-84 -32
-84 -32
-84 -32
-84 -32
-84 -32
-84 -32
-84 -32
-84 -32
-84 -32
-84 -32
-84 -32
-84 -32
-84 -32
-84 -32
-84 -32
-84 -32
-84 -32
-84 -32
-84 -32
-84 -32
-84 -32
-84 -32
-84 -32
-84 -32
-84 -32
-84 -32
-84 -32
-84 -32
-84 -32
-84 -32
-84 -32
-84 -32
-84 -32
-84 -32
-94 -28
-94 -28
-94 -28
-94 -28
-94 -28
-94 -28
-94 -28
-94 -28
-94 -28
-94 -28
-94 -28
-94 -28
-94 -28
-94 -28
-94 -28
-94 -28
-94 -28
-94 -28
-92 -21
-92 -21
-92 -21
-92 -21
-92 -21
-92 -21
-92 -21
-92 -21
-92 -21
-92 -21
-92 -21
-92 -21
-92 -21
-90 -9
-90 -9
-90 -9
-90 -9
-90 -9
-90 -9
-90 -9
-90 -9
-90 -9
-90 -9
-90 -9
-90 -9
-90 -9
-90 -9
-90 -9
-90 -9
-90 -9
-90 -9
-90 -9
-90 -9
-90 -9
-90 -9
-90 -9
-90 -9
-90 -9
-90 -9
-90 -9
-90 -9
-90 -9
-90 -9
-90 -9
-90 -9
-88 -10
-88 -10
-88 -10
-88 -10
-88 -10
-88 -10
-88 -10
-88 -10
-88 -10
-88 -10
-88 -10
-88 -10
-88 -10
-88 -10
-88 -10
-88 -10
-88 -10
-88 -10
-88 -10
-88 -10
-88 -10
-88 -10
-88 -10
-88 -10
-88 -10
-88 -10
-88 -10
-88 -10
-88 -10
-88 -10
-88 -10
-88 -10
-92 -3
-92 -3
-92 -3
-92 -3
-92 -3
-92 -3
-92 -3
-92 -3
-92 -3
-92 -3
-92 -3
-92 -3
-92 -3
-92 -3
-92 -3
-92 -3
-92 -3
-92 -3
-92 -3
-92 -3
-92 -3
-92 -3
-92 -3
-92 -3
-92 -3
-92 -3
-92 -3
-92 -3
-92 -3
-92 -3
-100 4
-100 4
-100 4
-100 4
-100 4
-100 4
-100 4
-100 4
-100 4
-100 4
-100 4
-100 4
-100 4
-100 4
-100 4
-100 4
-98 7
-98 7
-98 7
-98 7
-98 7
-98 7
-98 7
-98 7
-98 7
-98 7
-98 7
-98 7
-98 7
-98 7
-98 7
-98 7
-98 7
-98 7
-98 7
-100 9
-100 9
-100 9
-100 9
-100 9
-100 9
-100 9
-100 9
-100 9
-100 9
-100 9
-100 9
-100 9
-100 9
-100 9
-100 9
-100 9
-100 9
-100 9
-100 9
-100 9
-100 9
-100 9
-100 9
-100 9
-100 9
-100 9
-100 9
-100 9
-100 9
-100 9
-100 9
-100 9
-100 9
-100 9
-100 9
-100 9
-100 9
-100 9
-100 9
-100 9
-100 9
-100 9
-100 9
-100 9
-100 9
-100 9
-100 9
-100 9
-100 9
-100 9
-100 9
-100 9
-100 9
-100 9
-100 9
-100 9
-100 9
-102 20
-102 20
-102 20
-102 20
-102 20
-102 20
-102 20
-102 20
-102 20
-102 20
-102 20
-102 20
-102 20
-102 20
-102 20
-102 20
-102 20
-102 20
-102 20
-102 20
-102 20
-102 20
-102 20
-102 20
-102 20
-102 20
-102 20
-102 20
-102 20
-102 20
-102 20
-102 20
-102 20
-102 20
-102 20
-102 20
-94 21
-94 21
-94 21
-94 21
-94 21
-94 21
-94 21
-94 21
-94 21
-94 21
-94 21
-94 21
-94 21
-94 21
-94 21
-94 21
-94 21
-94 21
-94 21
-94 21
-94 21
-94 21
-94 21
-94 21
-94 21
-94 21
-94 21
-94 21
-94 21
-94 21
-94 21
-94 21
-94 21
-94 21
-94 21
-103 25
-86 21
-86 21
-86 21
-86 21
-86 21
-86 21
-86 21
-86 21
-86 21
-86 21
-86 21
-86 21
-86 21
-86 21
-86 21
-86 21
-86 21
-86 21
-86 21
-86 21
-86 21
-86 21
-86 21
-86 21
-86 21
-86 21
-86 21
-86 21
-86 21
-86 21
-86 21
-86 21
-86 21
-86 21
-86 21
-86 21
-86 21
-86 21
-86 21
-86 21
-86 21
-86 21
-86 21
-86 21
-86 21
-86 21
-86 21
-86 21
-86 21
-86 21
-86 21
-86 21
-86 21
-86 21
-86 21
-86 21
-86 21
-86 21
-86 21
-86 21
-86 21
-86 21
-86 21
-86 21
-86 21
-86 21
-86 21
-86 21
-86 21
-86 21
-86 21
-86 21
-86 21
-86 21
-86 21
-86 21
-86 21
-86 21
-86 21
-86 21
-75 30
-75 30
-75 30
-75 30
-75 30
-75 30
-75 30
-75 30
-75 30
-75 30
-75 30
-75 30
-75 30
-75 30
-75 30
-75 30
-75 30
-75 30
-75 30
-75 30
-75 30
-75 30
-75 30
-75 30
-75 30
-75 30
-75 30
-75 30
-75 30
-75 30
-75 30
-75 30
-75 30
-75 30
-75 30
-75 30
-75 30
-79 38
-81 42
-81 42
-81 42
-81 42
-81 42
-81 42
-81 42
-81 42
-81 42
-81 42
-81 42
-81 42
-81 42
-81 42
-81 42
-81 42
-81 42
-81 42
-81 42
-81 42
-81 42
-81 42
-81 42
-81 42
-81 42
-81 42
-81 42
-81 42
-81 42
-81 42
-81 42
-81 42
-81 42
-81 42
-81 42
-81 42
-81 42
-78 34
-78 34
-78 34
-78 34
-78 34
-78 34
-78 34
-78 34
-78 34
-78 34
-78 34
-78 34
-78 34
-78 34
-78 34
-78 34
-78 34
-70 41
-70 41
-70 41
-70 41
-70 41
-70 41
-70 41
-70 41
-70 41
-70 41
-70 41
-70 41
-70 41
-70 41
-70 41
-70 41
-60 45
-60 45
-60 45
-60 45
-60 45
-60 45
-60 45
-60 45
-60 45
-60 45
-60 45
-60 45
-60 45
-60 45
-60 45
-60 45
-60 45
-59 56
-59 56
-59 56
-59 56
-59 56
-59 56
-59 56
-59 56
-59 56
-59 56
-59 56
-59 56
-59 56
-59 56
-59 56
-59 56
-59 56
-59 56
-59 56
-59 56
-59 56
-59 56
-59 56
-59 56
-59 56
-59 56
-59 56
-59 56
-59 56
-59 56
-59 56
-59 56
-59 56
-59 56
-59 56
-58 58
-58 58
-58 58
-58 58
-58 58
-58 58
-58 58
-58 58
-58 58
-58 58
-58 58
-58 58
-58 58
-58 58
-58 58
-58 58
-58 58
-61 58
-61 58
-61 58
-61 58
-61 58
-61 58
-61 58
-61 58
-61 58
-61 58
-61 58
-61 58
-61 58
-61 58
-61 58
-61 58
-61 58
-61 58
-61 58
-61 58
-61 58
-61 58
-61 58
-61 58
-61 58
-61 58
-61 58
-61 58
-61 58
-61 58
-61 58
-61 58
-61 58
-61 58
-61 58
-61 58
-61 58
-58 63
-58 63
-58 63
-58 63
-58 63
-58 63
-58 63
-58 63
-58 63
-58 63
-58 63
-58 63
-58 63
-58 63
-58 63
-58 63
-58 63
-58 63
-58 63
-48 64
-48 64
-48 64
-48 64
-48 64
-48 64
-48 64
-48 64
-48 64
-48 64
-48 64
-48 64
-48 64
-48 64
-48 64
-48 64
-47 57
-47 57
-47 57
-47 57
-47 57
-47 57
-47 57
-47 57
-47 57
-47 57
-47 57
-47 57
-47 57
-47 57
-47 57
-47 57
-47 57
-47 57
-47 57
-47 57
-47 57
-47 57
-47 57
-47 57
-47 57
-47 57
-47 57
-47 57
-47 57
-47 57
-47 57
-47 57
-47 57
-47 57
-47 57
-47 57
-47 57
-47 57
-47 57
-47 57
-47 57
-47 57
-47 57
-47 57
-47 57
-47 57
-47 57
-47 57
-47 57
-47 57
-47 57
-47 57
-47 57
-47 57
-47 57
-45 67
-45 67
-45 67
-45 67
-45 67
-45 67
-45 67
-45 67
-45 67
-45 67
-45 67
-45 67
-45 67
-45 67
-45 67
-45 67
-45 67
-45 67
-45 67
-45 67
-45 67
-45 67
-45 67
-45 67
-45 67
-45 67
-45 67
-45 67
-45 67
-45 67
-45 67
-45 67
-45 67
-45 67
-45 67
-45 67
-38 72
-38 72
-38 72
-38 72
-38 72
-38 72
-38 72
-38 72
-38 72
-38 72
-38 72
-38 72
-38 72
-38 72
-38 72
-38 72
-38 72
-38 72
-38 72
-38 72
-38 72
-38 72
-38 72
-38 72
-38 72
-38 72
-38 72
-38 72
-38 72
-38 72
-38 72
-38 72
-38 72
-38 72
-38 72
-30 67
-30 67
-30 67
-30 67
-30 67
-30 67
-30 67
-30 67
-30 67
-30 67
-30 67
-30 67
-30 67
-30 67
-30 67
-30 67
-30 67
-31 66
-31 66
-31 66
-31 66
-31 66
-31 66
-31 66
-31 66
-31 66
-31 66
-31 66
-31 66
-31 66
-31 66
-31 66
-31 66
-31 66
-31 66
-31 66
-31 66
-31 66
-31 66
-31 66
-31 66
-31 66
-31 66
-31 66
-31 66
-31 66
-31 66
-31 66
-31 66
-31 66
-28 57
-24 60
-24 60
-24 60
-24 60
-24 60
-24 60
-24 60
-24 60
-24 60
-24 60
-24 60
-24 60
-24 60
-24 60
-24 60
-24 60
-24 60
-24 60
-24 60
-24 60
-24 60
-24 60
-24 60
-24 60
-24 60
-24 60
-24 60
-24 60
-24 60
-24 60
-24 60
-24 60
-24 60
-24 60
-24 60
-24 60
-24 60
-24 60
-24 60
-24 60
-24 60
-24 60
-24 60
-24 60
-24 60
-24 60
-24 60
-24 60
-24 60
-24 60
-24 60
-24 60
-22 53
-22 53
-22 53
-22 53
-22 53
-22 53
-22 53
-22 53
-22 53
-22 53
-22 53
-22 53
-22 53
-22 53
-22 53
-22 53
-22 53
-17 56
-17 56
-17 56
-17 56
-17 56
-17 56
-17 56
-17 56
-17 56
-17 56
-17 56
-17 56
-17 56
-17 56
-17 56
-17 56
-17 56
-17 56
-17 56
-17 56
-17 56
-17 56
-17 56
-17 56
-17 56
-17 56
-17 56
-17 56
-17 56
-17 56
-17 56
-17 56
-17 56
-17 56
-17 56
-17 56
-18 57
-18 57
-18 57
-18 57
-18 57
-18 57
-18 57
-18 57
-18 57
-18 57
-18 57
-18 57
-18 57
-18 57
-18 57
-18 57
-18 57
-18 57
-18 57
-18 57
-18 57
-18 57
-18 57
-18 57
-18 57
-18 57
-18 57
-18 57
-18 57
-18 57
-18 57
-18 57
-18 57
-18 57
-18 57
-18 57
-18 57
-11 51
-11 51
-11 51
-11 51
-11 51
-11 51
-11 51
-11 51
-11 51
-11 51
-11 51
-11 51
-11 51
-11 51
-11 51
-11 51
-11 51
-11 51
-11 51
-11 51
-11 51
-11 51
-11 51
-11 51
-11 51
-11 51
-11 51
-11 51
-11 51
-11 51
-11 51
-11 51
-11 51
-11 51
-8 47
-10 43
-10 43
-10 43
-10 43
-10 43
-10 43
-10 43
-10 43
-10 43
-10 43
-10 43
-10 43
-10 43
-10 43
-10 43
-10 43
-10 43
-10 43
-10 43
-10 43
-10 43
-10 43
-10 43
-10 43
-10 43
-10 43
-10 43
-10 43
-10 43
-10 43
-10 43
-6 34
-6 34
-6 34
-6 34
-6 34
-6 34
-6 34
-6 34
-6 34
-6 34
-6 34
-6 34
-6 34
-6 34
-6 34
-6 34
-6 34
-6 34
-6 34
-6 34
-6 34
-6 34
-6 34
-6 34
-6 34
-6 34
-6 34
-6 34
-6 34
-3 24
-2 19
-2 19
-2 19
-2 19
-2 19
-2 19
-2 19
-2 19
-2 19
-2 19
-2 19
-2 19
-2 19
-2 19
-2 19
-2 19
-2 19
-2 19
-2 19
-2 19
-2 19
-2 19
-2 19
-2 19
-2 19
-2 19
-2 19
-2 19
-2 19
-2 19
-2 19
-2 19
-2 19
-2 6
-2 6
-2 6
-2 6
-2 6
-2 6
-2 6
-2 6
-2 6
-2 6
-2 6
-2 6
-2 6
-2 6
-2 6
-2 6
-2 6
-2 6
-2 6
-2 6
-2 6
-2 6
-2 6
-2 6
-2 6
-2 6
-2 6
-2 6
-2 6
-2 6
-2 6
-2 6
-2 6
-2 6
-2 6
-2 6
-2 6
-2 6
-2 6
-2 6
-2 6
-2 6
-2 6
-2 6
-2 6
-2 6
-2 6
-2 6
-2 6
-2 6
-2 6
-2 6
-2 6
-2 6
-2 6
-2 6
-2 6
-2 6
-2 6
-2 6
-2 6
-2 6
-2 6
-2 6
-2 6
-2 6
-2 6
2 -1
2 -1
2 -1
2 -1
2 -1
2 -1
2 -1
2 -1
2 -1
2 -1
2 -1
2 -1
2 -1
2 -1
2 -1
2 -1
2 -1
2 -1
1 0
1 0
1 0
1 0
1 0
1 0
1 0
1 0
1 0
1 0
1 0
1 0
1 0
1 0
1 0
1 0
1 0
1 0
1 0
1 0
1 0
1 0
1 0
1 0
1 0
1 0
1 0
1 0
1 0
1 0
1 0
1 0
1 0
1 0
1 0
1 0
1 0
1 0
1 0
1 0
1 0
1 0
1 0
1 0
1 0
1 0
1 0
1 0
1 0
1 0
1 0
1 0
1 0
1 0
1 0
1 0
1 0
1 0
1 0
1 0
1 0
1 0
1 0
1 0
1 0
1 0
1 0
1 0
1 0
1 0
1 0
1 0
1 0
1 0
1 0
1 0
1 0
1 0
1 0
1 0
1 0
1 0
1 0
1 0
1 0
1 0
1 0
1 0
1 0
1 0
1 0
1 0
1 0
1 0
1 0
1 0
1 0
1 0
1 0
1 0
1 0
1 0
1 0
1 0
1 0
1 0
1 0
1 0
1 0
1 0
1 0
1 0
1 0
1 0
1 0
1 0
1 0
1 0
1 0
1 0
1 0
1 0
1 0
1 0
1 0
1 0
1 0
1 0
1 0
1 0
1 0
1 0
1 0
1 0
1 0
1 0
1 0
1 0
1 0
1 0
1 0
1 0
1 0
1 0
1 0
1 0
1 0
1 0
1 0
1 0
1 0
1 0
1 0
1 0
1 0
1 0
1 0
1 0
1 0
1 0
1 0
1 0
1 0
1 0
1 0
1 0
1 0
1 0
1 0
1 0
1 0
1 0
1 0
1 0
1 0
1 0
1 0
1 0
1 0
1 0
1 0
1 0
1 0
1 0
1 0
1 0
1 0
1 0
1 0
1 0
1 0
1 0
1 0
1 0
1 0
1 0
1 0
1 0
1 0
1 0
1 0
1 0
1 0
1 0
1 0
1 0
1 0
1 0
1 0
1 0
1 0
1 0
1 0
1 0
1 0
1 0
1 0
1 0
1 0
1 0
1 0
1 0
1 0
1 0
1 0
1 0
1 0
1 0
1 0
1 0
1 0
1 0
1 0
1 0
1 0
1 0
1 0
1 0
1 0
1 0
1 0
1 0
1 0
1 0
1 0
1 0
1 0
1 0
1 0
1 0
1 0
1 0
1 0
1 0
1 0
1 0
1 0
1 0
1 0
1 0
1 0
1 0
1 0
1 0
1 0
1 0
1 0
1 0
13 -3
13 -3
13 -3
13 -3
13 -3
13 -3
13 -3
13 -3
13 -3
13 -3
13 -3
13 -3
13 -3
13 -3
13 -3
13 -3
13 -3
13 -3
13 -3
13 -3
13 -3
13 -3
13 -3
13 -3
13 -3
13 -3
13 -3
13 -3
13 -3
13 -3
13 -3
13 -3
13 -3
13 -3
13 -3
13 -3
13 -3
10 -1
10 -1
10 -1
10 -1
10 -1
10 -1
10 -1
10 -1
10 -1
10 -1
10 -1
10 -1
10 -1
10 -1
10 -1
10 -1
10 -1
10 -1
10 -1
10 -1
10 -1
10 -1
10 -1
10 -1
10 -1
10 -1
10 -1
10 -1
10 -1
10 -1
10 -1
10 -1
10 -1
10 -1
10 -1
10 -1
10 -1
10 -1
10 -1
10 -1
1 0
1 0
1 0
1 0
1 0
1 0
1 0
1 0
1 0
1 0
1 0
1 0
1 0
1 0
1 0
1 0
1 0
1 0
1 0
1 0
1 0
1 0
1 0
1 0
1 0
1 0
1 0
1 0
1 0
1 0
1 0
1 0
1 0
1 0
1 0
1 0
1 0
1 0
1 0
1 0
2 0
2 0
2 0
2 0
2 0
2 0
2 0
2 0
2 0
2 0
2 0
2 0
2 0
2 0
2 0
2 0
2 0
2 0
-1 0
-1 0
-1 0
-1 0
-1 0
-1 0
-1 0
-1 0
-1 0
-1 0
-1 0
-1 0
-1 0
-1 0
-1 0
-1 0
-1 0
-1 0
-1 0
-1 0
-1 0
-1 0
-1 0
-1 0
-1 0
-1 0
-1 0
-1 0
-1 0
-1 0
-1 0
-1 0
-1 0
-1 0
-1 0
-15 1
-15 1
-15 1
-15 1
-15 1
-15 1
-15 1
-15 1
-15 1
-15 1
-15 1
-15 1
-15 1
-15 1
-15 1
-15 1
3 0
3 0
3 0
3 0
3 0
3 0
3 0
3 0
3 0
3 0
3 0
3 0
3 0
3 0
3 0
3 0
3 0
3 0
3 0
3 0
3 0
3 0
3 0
3 0
3 0
3 0
3 0
3 0
3 0
3 0
3 0
3 0
3 0
3 0
3 0
3 0
3 0
3 0
3 0
3 0
3 0
3 0
3 0
3 0
3 0
3 0
3 0
3 0
3 0
3 0
3 0
3 0
3 0
3 0
3 0
3 0
3 0
3 0
3 0
3 0
3 0
3 0
3 0
3 0
3 0
3 0
3 0
3 0
3 0
-1 0
-1 0
-1 0
-1 0
-1 0
-1 0
-1 0
-1 0
-1 0
-1 0
-1 0
-1 0
-1 0
-1 0
-1 0
-1 0
-1 0
-1 0
-1 0
-1 0
-1 0
-1 0
-1 0
-1 0
-1 0
-1 0
-1 0
-1 0
-1 0
-1 0
-1 0
-1 0
-1 0
-1 0
-1 0
-1 0
-1 0
-1 0
-1 0
-1 0
-1 0
-1 0
-1 0
-1 0
-1 0
-1 0
-1 0
-1 0
-1 0
-1 0
-1 0
-1 0
-1 0
-1 0
-1 0
-1 0
-1 0
-1 0
-1 0
-1 0
-1 0
-1 0
-1 0
-1 0
-1 0
-1 0
-1 0
-1 0
-1 0
-1 0
-1 0
-1 1
-1 1
-1 1
-1 1
-1 1
-1 1
-1 1
-1 1
-1 1
-1 1
-1 1
-1 1
-1 1
-1 1
-1 1
-1 1
-1 1
-1 1
-1 1
-1 1
-1 1
-1 1
-1 1
-1 1
-1 1
-1 1
-1 1
-1 1
-1 1
-1 1
-1 1
-1 1
-1 1
-1 1
-1 1
-1 1
-1 1
-1 1
-1 1
-1 1
-1 1
-1 1
-1 1
-1 1
-1 1
-1 1
-1 1
-1 1
-1 1
-1 1
-1 1
-1 1
-1 1
-1 1
-1 1
-1 1
-1 1
-1 1
-1 1
-1 1
-1 1
-1 1
-1 1
-1 1
-1 1
-1 1
-1 1
-1 1
-1 1
-1 1
-1 1
-1 1
-1 1
-1 1
-1 1
-1 1
-1 1
-1 1
-1 1
-1 1
-1 1
-1 1
-1 1
-1 1
-1 1
-1 1
-1 1
-1 1
-1 1
-1 1
-1 1
-1 1
-1 1
-1 1
-1 1
-1 1
-1 1
-1 1
-1 1
-1 1
-1 1
-1 1
-1 1
-1 1
-1 1
-1 1
-1 1
-1 1
-1 1
-1 1
-1 1
-1 1
-1 1
-1 1
-1 1
-1 1
-1 1
-1 1
-1 1
-1 1
-1 1
-1 1
-1 1
-1 1
-1 1
-1 1
-1 1
-1 1
-1 1
-1 1
-1 1
-1 1
-1 1
-1 1
-1 1
-1 1
-1 1
-1 1
-1 1
-1 1
-1 1
-1 1
-1 1
-1 1
-1 1
-1 1
-1 1
-1 1
-1 1
-1 1
-1 1
-1 1
-1 1
-1 1
-1 1
-1 1
-1 1
-1 1
-1 1
-1 1
-1 1
-1 1
-1 1
-1 1
-1 1
-1 1
-1 1
-1 1
-1 1
-1 1
-1 1
-1 1
-1 1
-1 1
-1 1
-1 1
-1 1
-1 1
-1 1
-1 1
-1 1
-1 1
-1 1
-1 1
-1 1
-1 1
-1 1
-1 1
-1 1
-1 1
-1 1
-1 1
-1 1
-1 1
-1 1
-1 1
-1 1
-1 1
-1 1
-1 1
-1 1
-1 1
-1 1
-1 1
-1 1
-1 1
-1 1
-1 1
-1 1
-1 1
-1 1
-1 1
-1 1
-1 1
-1 1
-1 1
-1 1
-1 1
-1 1
-1 1
-1 1
-1 1
-1 1
-1 1
-1 1
-1 1
-1 1
-1 1
-1 1
-1 1
-1 1
-1 1
-1 1
-1 1
-1 1
-1 1
-1 1
-1 1
-1 1
-1 1
-1 1
-1 1
-1 1
-1 1
-1 1
-1 1
-1 1
-1 1
-1 1
-1 1
-1 1
-1 1
-1 1
-1 1
-1 1
-1 1
-1 1
-1 1
-1 1
-1 1
-1 1
-1 1
-1 1
-1 1
-1 1
-1 1
-1 1
-1 1
-1 1
-1 1
-1 1
-1 1
-1 1
-1 1
-1 1
-1 1
-1 1
-1 1
-1 1
-1 1
-1 1
-1 1
-1 1
-1 1
-1 1
-1 1
-1 1
-1 1
-1 1
-1 1
-1 1
-1 1
-1 1
-1 1
-1 1
-1 1
-1 1
-1 1
-1 1
-1 1
-1 1
-1 1
-1 1
-1 1
-1 1
-1 1
-1 1
-1 1
-1 1
-1 1
-1 1
-1 1
-1 1
-1 1
-1 1
-1 1
-1 1
-1 1
-1 1
-1 1
-1 1
-1 1
-1 1
-1 1
-1 1
-1 1
-1 1
-1 1
-1 1
-1 1
-1 1
-1 1
-1 1
-1 1
-1 1
-1 1
-1 1
-1 1
-1 1
-1 1
-1 1
-1 1
-1 1
-1 1
-1 1
-1 1
-1 1
-1 1
-1 1
-1 1
-1 1
-1 1
-1 1
-1 1
-1 1
-1 1
-1 1
-1 1
-1 1
-1 1
-1 1
-1 1
-1 1
-1 1
-1 1
-1 1
-1 1
-1 1
-1 1
-1 1
-1 1
-1 1
-1 1
-1 1
-1 1
-1 1
-1 1
-1 1
-1 1
-1 1
-1 1
-1 1
-1 1
-1 1
-1 1
-1 1
-1 1
-1 1
-1 1
-1 1
-1 1
-1 1
-1 1
-1 1
-1 1
-1 1
-1 1
-1 1
-1 1
-1 1
-1 1
-1 1
-1 1
-1 1
-1 1
-1 1
-1 1
-1 1
-1 1
-1 1
-1 1
-1 1
-1 1
-1 1
-1 1
-1 1
-1 1
-1 1
-1 1
-1 1
-1 1
-1 1
-1 1
-1 1
-1 1
-1 1
-1 1
-1 1
-1 1
-1 1
-1 1
-1 1
-1 1
-1 1
-1 1
-1 1
-1 1
-1 1
-1 1
-1 1
-1 1
-1 1
-1 1
-1 1
-1 1
-1 1
-1 1
-1 1
-1 1
-1 1
-1 1
-1 1
-1 1
-1 1
-1 1
-1 1
-1 1
-1 1
-1 1
-1 1
-1 1
-1 1
-1 1
-1 1
-1 1
-1 1
-1 1
-1 1
-1 1
-1 1
-1 1
-1 1
-1 1
-1 1
-1 1
-1 1
-1 1
-1 1
-1 1
-1 1
-1 1
-1 1
-1 1
-1 1
-1 1
-1 1
-1 1
-1 1
-1 1
-1 1
-1 1
-1 1
-1 1
-1 1
-1 1
-1 1
-1 1
-1 1
-1 1
-1 1
-1 1
-1 1
-1 1
-1 1
-1 1
-1 1
-1 1
-1 1
-1 1
-1 1
-1 1
-1 1
-1 1
-1 1
-1 1
-1 1
-1 1
-1 1
-1 1
-1 1
-1 1
-1 1
-1 1
-1 1
-1 1
-1 1
-1 1
-1 1
-1 1
-1 1
-1 1
-1 1
-1 1
-1 1
-1 1
-1 1
-1 1
-1 1
-1 1
-1 1
-1 1
-1 1
-1 1
-1 1
-1 1
-1 1
-1 1
-1 1
-1 1
-1 1
-1 1
-1 1
-1 1
-1 1
-1 1
-1 1
-1 1
-1 1
-1 1
-1 1
-1 1
-1 1
-1 1
-1 1
-1 1
-1 1
-1 1
-1 1
-1 1
-1 1
-1 1
-1 1
-1 1
-1 1
-1 1
-1 1
-1 1
-1 1
-1 1
-1 1
-1 1
-1 1
-1 1
-1 1
-1 1
-1 1
-1 1
-1 1
-1 1
-1 1
-1 1
-1 1
-1 1
-1 1
-1 1
-1 1
-1 1
-1 1
-1 1
-1 1
-1 1
-1 1
-1 1
-1 1
-1 1
-1 1
-1 1
-1 1
-1 1
-1 1
-1 1
-1 1
-1 1
-1 1
-1 1
-1 1
-1 1
-1 1
-1 1
-1 1
-1 1
-1 1
-1 1
-1 1
-1 1
-1 1
-1 1
-1 1
-1 1
-1 1
-1 1
-1 1
-1 1
-1 1
-1 1
-1 1
-1 1
-1 1
-1 1
-1 1
-1 1
-1 1
-1 1
-1 1
-1 1
-1 1
-1 1
-1 1
-1 1
-1 1
-1 1
-1 1
-1 1
-1 1
-1 1
-1 1
-1 1
-1 1
-1 1
-1 1
-1 1
-1 1
-1 1
-1 1
-1 1
-1 1
-1 1
-1 1
-1 1
-1 1
-1 1
-1 1
-1 1
-1 1
-1 1
-1 1
-1 1
-1 1
-1 1
-1 1
-1 1
-1 1
-1 1
-1 1
-1 1
-1 1
-1 1
-1 1
-1 1
-1 1
-1 1
-1 1
-1 1
-1 1
-1 1
-1 1
-1 1
-1 1
-1 1
-1 1
-1 1
-1 1
