45 9
45 9
45 9
45 9
45 9
45 9
45 9
45 9
47 6
47 6
47 6
47 6
47 6
47 6
47 6
47 6
47 6
47 6
47 6
47 6
47 6
47 6
47 6
47 6
47 6
47 6
47 6
49 5
49 5
49 5
49 5
49 5
49 5
49 5
49 5
49 5
49 5
49 5
49 5
49 5
49 5
49 5
49 5
49 5
49 5
49 5
49 5
49 5
49 5
49 5
49 5
49 5
49 5
49 5
49 5
49 5
49 5
49 5
49 5
49 5
49 5
49 5
49 5
49 5
49 5
49 5
49 5
47 4
47 4
47 4
47 4
47 4
47 4
47 4
47 4
47 4
47 4
47 4
47 4
47 4
47 4
47 4
47 4
47 4
47 4
47 4
47 4
47 4
47 4
47 4
47 4
47 4
47 4
47 4
47 4
47 4
47 4
47 4
47 4
47 4
47 4
47 4
47 4
47 4
47 4
47 4
47 4
48 -1
48 -1
48 -1
48 -1
48 -1
48 -1
48 -1
48 -1
48 -1
48 -1
48 -1
48 -1
48 -1
48 -1
48 -1
48 -1
48 -1
48 -1
48 -1
48 -1
48 -4
48 -4
48 -4
48 -4
48 -4
48 -4
48 -4
48 -4
48 -4
48 -4
48 -4
48 -4
48 -4
48 -4
48 -4
48 -4
48 -4
48 -4
48 -4
48 -4
48 -4
48 -4
48 -4
48 -4
48 -4
48 -4
48 -4
48 -4
48 -4
48 -4
48 -4
48 -4
48 -4
48 -4
48 -4
48 -4
48 -4
48 -4
48 -4
47 -4
48 -4
48 -4
48 -4
48 -4
48 -4
48 -4
48 -4
48 -4
48 -4
48 -4
48 -4
48 -4
48 -4
48 -4
48 -4
48 -4
48 -4
48 -4
48 -4
48 -4
48 -4
48 -4
48 -4
48 -4
48 -4
48 -4
48 -4
48 -4
48 -4
48 -4
48 -4
48 -4
48 -4
48 -4
48 -4
48 -4
48 -4
48 -4
48 -4
48 -4
48 -4
48 -4
48 -4
48 -4
48 -4
48 -4
48 -4
48 -4
48 -4
48 -4
48 -4
48 -4
48 -4
48 -4
48 -4
48 -4
48 -4
48 -4
48 -4
48 -4
48 -4
48 -4
48 -4
48 -4
48 -4
48 -4
48 -4
48 -4
48 -4
48 -4
48 -4
48 -8
53 -6
53 -6
53 -6
53 -6
53 -6
53 -6
53 -6
53 -6
53 -6
53 -6
53 -6
53 -6
53 -6
53 -6
53 -6
53 -6
53 -6
53 -6
53 -6
53 -6
53 -6
53 -6
53 -6
53 -6
53 -6
53 -6
53 -6
53 -6
53 -6
53 -6
53 -6
53 -6
53 -6
53 -6
53 -6
53 -6
53 -6
53 -6
53 -6
53 -6
53 -6
53 -6
53 -6
53 -6
53 -6
53 -6
53 -6
53 -6
59 -12
59 -12
59 -12
59 -12
59 -12
59 -12
59 -12
59 -12
59 -12
59 -12
59 -12
59 -12
59 -12
59 -12
59 -12
59 -12
59 -12
59 -12
59 -12
59 -12
59 -12
59 -12
59 -12
59 -12
59 -12
59 -12
59 -12
59 -12
59 -12
59 -12
59 -12
59 -12
59 -12
59 -12
59 -12
59 -12
59 -12
59 -12
59 -12
59 -12
59 -12
59 -12
59 -12
59 -12
59 -12
59 -12
59 -12
59 -12
59 -12
67 -16
64 -22
64 -22
64 -22
64 -22
64 -22
64 -22
64 -22
64 -22
64 -22
64 -22
64 -22
64 -22
64 -22
64 -22
64 -22
64 -22
64 -22
64 -22
64 -22
64 -22
64 -22
64 -22
64 -22
64 -22
64 -22
64 -22
64 -22
64 -22
64 -22
64 -22
64 -22
64 -22
64 -22
64 -22
64 -22
64 -22
64 -22
64 -22
64 -22
64 -22
64 -22
64 -22
64 -22
64 -22
64 -22
64 -22
64 -22
64 -22
64 -22
64 -22
64 -22
64 -22
64 -22
64 -22
64 -22
64 -22
64 -22
64 -22
64 -22
64 -22
64 -22
64 -22
64 -22
64 -22
64 -22
64 -22
64 -22
64 -22
64 -22
63 -26
63 -26
63 -26
63 -26
63 -26
63 -26
63 -26
63 -26
63 -26
63 -26
63 -26
63 -26
63 -26
63 -26
63 -26
63 -26
63 -26
63 -26
63 -26
63 -26
63 -26
63 -26
63 -26
63 -26
63 -26
63 -26
63 -26
63 -26
63 -26
63 -26
63 -26
63 -26
63 -26
63 -26
63 -26
63 -26
63 -26
63 -26
63 -26
63 -26
63 -26
63 -26
63 -26
63 -26
63 -26
63 -26
63 -26
63 -26
63 -26
63 -26
63 -26
63 -26
63 -26
63 -26
66 -30
66 -30
66 -30
66 -30
66 -30
66 -30
66 -30
66 -30
66 -30
66 -30
66 -30
66 -30
66 -30
66 -30
66 -30
66 -30
66 -30
66 -30
66 -30
66 -30
66 -30
66 -30
66 -30
66 -30
66 -30
68 -33
68 -33
68 -33
68 -33
68 -33
68 -33
68 -33
68 -33
68 -33
68 -33
68 -33
68 -33
68 -33
68 -33
68 -33
68 -33
68 -33
68 -33
68 -33
68 -33
68 -33
68 -33
68 -33
68 -33
68 -33
68 -33
68 -33
68 -33
68 -33
51 -35
51 -35
51 -35
51 -35
51 -35
51 -35
51 -35
51 -35
51 -35
51 -35
51 -35
51 -35
51 -35
51 -35
51 -35
51 -35
51 -35
51 -35
51 -35
51 -35
51 -35
51 -35
51 -35
51 -35
51 -35
51 -35
51 -35
51 -35
51 -35
51 -35
51 -35
51 -35
51 -35
51 -35
51 -35
51 -35
51 -35
51 -35
51 -35
51 -35
51 -35
51 -35
51 -35
51 -35
51 -35
51 -35
51 -35
51 -35
51 -35
51 -35
51 -35
51 -35
51 -35
51 -35
51 -35
51 -35
51 -35
51 -35
51 -35
51 -35
51 -35
51 -35
51 -35
51 -35
51 -35
51 -35
51 -35
51 -35
51 -35
51 -35
51 -35
51 -35
51 -35
51 -35
51 -35
51 -35
51 -35
51 -35
54 -52
54 -52
54 -52
54 -52
54 -52
54 -52
54 -52
54 -52
54 -52
54 -52
54 -52
54 -52
54 -52
54 -52
54 -52
54 -52
54 -52
54 -52
54 -52
45 -53
45 -53
45 -53
45 -53
45 -53
45 -53
45 -53
45 -53
45 -53
45 -53
45 -53
45 -53
45 -53
45 -53
45 -53
45 -53
45 -53
45 -53
45 -53
45 -53
45 -53
45 -53
45 -53
45 -53
45 -53
45 -53
45 -53
45 -53
45 -53
45 -53
45 -53
45 -53
45 -53
45 -53
45 -53
45 -53
45 -53
40 -66
40 -66
40 -66
40 -66
40 -66
40 -66
40 -66
40 -66
40 -66
40 -66
40 -66
40 -66
40 -66
40 -66
40 -66
40 -66
40 -66
40 -66
40 -66
40 -66
40 -66
40 -66
40 -66
40 -66
40 -66
40 -66
40 -66
40 -66
40 -66
40 -66
40 -66
40 -66
40 -66
40 -66
40 -66
40 -66
40 -66
40 -66
40 -66
40 -66
40 -66
40 -66
40 -66
36 -74
36 -74
36 -74
36 -74
36 -74
36 -74
36 -74
36 -74
36 -74
36 -74
36 -74
36 -74
36 -74
36 -74
36 -74
36 -74
36 -74
36 -74
36 -74
36 -74
36 -74
36 -74
36 -74
36 -74
36 -74
36 -74
36 -74
36 -74
36 -74
36 -74
36 -74
36 -74
36 -74
36 -74
36 -74
36 -74
36 -74
36 -74
36 -74
36 -74
36 -74
36 -74
36 -74
36 -74
36 -74
36 -74
36 -74
36 -74
35 -75
35 -75
35 -75
35 -75
35 -75
35 -75
35 -75
35 -75
35 -75
35 -75
35 -75
35 -75
35 -75
35 -75
35 -75
35 -75
35 -75
35 -75
35 -75
35 -75
31 -75
31 -75
31 -75
31 -75
31 -75
31 -75
31 -75
31 -75
31 -75
31 -75
31 -75
31 -75
31 -75
31 -75
31 -75
31 -75
31 -75
31 -75
31 -75
31 -75
31 -75
31 -75
31 -75
31 -75
31 -75
31 -75
31 -75
31 -75
31 -75
31 -75
31 -75
31 -75
31 -75
31 -75
31 -75
31 -75
31 -75
31 -75
31 -75
31 -75
31 -75
31 -75
31 -75
31 -75
31 -75
31 -75
31 -75
31 -75
31 -75
31 -75
31 -75
31 -75
31 -75
31 -75
31 -75
31 -75
31 -75
31 -75
31 -75
31 -75
31 -75
31 -75
31 -75
31 -75
31 -75
31 -75
31 -75
31 -75
31 -75
31 -75
31 -75
31 -75
31 -75
31 -75
31 -75
31 -75
31 -75
31 -75
31 -75
31 -75
31 -75
31 -75
31 -75
31 -75
31 -75
31 -75
31 -75
31 -75
31 -75
31 -75
31 -75
31 -75
31 -75
31 -75
31 -75
31 -75
21 -75
21 -75
21 -75
21 -75
21 -75
21 -75
21 -75
21 -75
21 -75
21 -75
21 -75
21 -75
21 -75
21 -75
21 -75
21 -75
16 -81
8 -82
8 -82
8 -82
8 -82
8 -82
8 -82
8 -82
8 -82
8 -82
8 -82
8 -82
8 -82
8 -82
8 -82
8 -82
8 -82
8 -82
8 -82
8 -82
6 -85
6 -85
6 -85
6 -85
6 -85
6 -85
6 -85
6 -85
6 -85
6 -85
6 -85
6 -85
6 -85
6 -85
6 -85
6 -85
6 -85
6 -85
6 -85
6 -85
6 -85
6 -85
6 -85
6 -85
6 -85
6 -85
6 -85
6 -85
6 -85
6 -85
6 -85
6 -85
6 -85
6 -85
6 -85
6 -85
6 -85
6 -85
8 -82
8 -82
8 -82
8 -82
8 -82
8 -82
8 -82
8 -82
8 -82
8 -82
8 -82
8 -82
8 -82
8 -82
8 -82
8 -82
8 -82
8 -82
1 -88
1 -88
1 -88
1 -88
1 -88
1 -88
1 -88
1 -88
1 -88
1 -88
1 -88
1 -88
1 -88
1 -88
1 -88
1 -88
1 -88
1 -88
1 -88
1 -88
1 -88
1 -88
1 -88
1 -88
1 -88
1 -88
1 -88
1 -88
1 -88
1 -88
1 -88
1 -88
1 -88
1 -88
1 -88
1 -88
1 -88
1 -88
1 -88
1 -88
1 -88
-3 -89
-3 -89
-3 -89
-3 -89
-3 -89
-3 -89
-3 -89
-3 -89
-3 -89
-3 -89
-3 -89
-3 -89
-3 -89
-3 -89
-3 -89
-3 -89
-3 -89
1 -93
1 -93
1 -93
1 -93
1 -93
1 -93
1 -93
1 -93
1 -93
1 -93
1 -93
1 -93
1 -93
1 -93
1 -93
1 -93
1 -93
1 -93
1 -93
-2 -89
-2 -89
-2 -89
-2 -89
-2 -89
-2 -89
-2 -89
-2 -89
-2 -89
-2 -89
-2 -89
-2 -89
-2 -89
-2 -89
-2 -89
-2 -89
-2 -89
-2 -89
-2 -89
-2 -89
-2 -89
-2 -89
-2 -89
-2 -89
-2 -89
-2 -89
-2 -89
-2 -89
-2 -89
-2 -89
-2 -89
-2 -89
-2 -89
-2 -89
-2 -89
-2 -89
-2 -89
-2 -89
-2 -89
-2 -89
-2 -89
0 -95
0 -95
0 -95
0 -95
0 -95
0 -95
0 -95
0 -95
0 -95
0 -95
0 -95
0 -95
0 -95
0 -95
0 -95
0 -95
0 -95
0 -95
1 -91
1 -91
1 -91
1 -91
1 -91
1 -91
1 -91
1 -91
1 -91
1 -91
1 -91
1 -91
1 -91
1 -91
1 -91
1 -91
1 -91
1 -91
1 -91
1 -91
-6 -95
-6 -95
-6 -95
-6 -95
-6 -95
-6 -95
-6 -95
-6 -95
-6 -95
-6 -95
-6 -95
-6 -95
-6 -95
-6 -95
-6 -95
-6 -95
-6 -95
-6 -95
-6 -95
-6 -95
-6 -95
-6 -95
-6 -95
-6 -95
-6 -95
-6 -95
-6 -95
-6 -95
-6 -95
-6 -95
-6 -95
-6 -95
-6 -95
-6 -95
-6 -95
-6 -95
-6 -95
-6 -95
-1 -94
-1 -94
-1 -94
-1 -94
-1 -94
-1 -94
-1 -94
-1 -94
-1 -94
-1 -94
-1 -94
-1 -94
-1 -94
-1 -94
-1 -94
-1 -94
-1 -94
-1 -94
-1 -94
-1 -94
-1 -94
-1 -94
-1 -94
-1 -94
-1 -94
-1 -94
-1 -94
-1 -94
-1 -94
-1 -94
-1 -94
-1 -94
-1 -94
-1 -94
-1 -94
-1 -94
-1 -94
-1 -94
-1 -94
-3 -95
-2 -88
-2 -88
-2 -88
-2 -88
-2 -88
-2 -88
-2 -88
-2 -88
-2 -88
-2 -88
-2 -88
-2 -88
-2 -88
-2 -88
-2 -88
-2 -88
-2 -88
-2 -88
-2 -88
-2 -88
-2 -88
-2 -88
-2 -88
-2 -88
-2 -88
-2 -88
-2 -88
-2 -88
-2 -88
-2 -88
-2 -88
-2 -88
-2 -88
-2 -88
-2 -88
-2 -88
-2 -88
-3 -103
-3 -103
-3 -103
-3 -103
-3 -103
-3 -103
-3 -103
-3 -103
-3 -103
-3 -103
-3 -103
-3 -103
-3 -103
-3 -103
-3 -103
-3 -103
-3 -103
-3 -103
-3 -103
-3 -103
-3 -103
-3 -103
-3 -103
-3 -103
-6 -91
-6 -91
-6 -91
-6 -91
-6 -91
-6 -91
-6 -91
-6 -91
-6 -91
-6 -91
-6 -91
-6 -91
-6 -91
-6 -91
-6 -91
-6 -91
-6 -91
-6 -91
-6 -91
-6 -91
-6 -91
-6 -91
-6 -91
-6 -91
-6 -91
-6 -91
-6 -91
-6 -91
-6 -91
-6 -91
-6 -91
-6 -91
-6 -91
-6 -91
-6 -91
-6 -91
-6 -91
-6 -91
-6 -91
-8 -82
-8 -82
-8 -82
-8 -82
-8 -82
-8 -82
-8 -82
-8 -82
-8 -82
-8 -82
-8 -82
-8 -82
-8 -82
-8 -82
-8 -82
-8 -82
-8 -82
-8 -82
-8 -82
-8 -82
-8 -82
-8 -82
-8 -82
-8 -82
-8 -82
-8 -82
-8 -82
-8 -82
-8 -82
-8 -82
-8 -82
-8 -82
-8 -82
-8 -82
-8 -82
-19 -83
-19 -83
-19 -83
-19 -83
-19 -83
-19 -83
-19 -83
-19 -83
-19 -83
-19 -83
-19 -83
-19 -83
-19 -83
-19 -83
-19 -83
-19 -83
-19 -83
-19 -83
-19 -83
-19 -83
-19 -83
-19 -83
-19 -83
-19 -83
-19 -83
-19 -83
-19 -83
-19 -83
-19 -83
-19 -83
-19 -83
-19 -83
-19 -83
-19 -83
-19 -83
-19 -83
-19 -83
-16 -86
-16 -86
-16 -86
-16 -86
-16 -86
-16 -86
-16 -86
-16 -86
-16 -86
-16 -86
-16 -86
-16 -86
-16 -86
-16 -86
-16 -86
-16 -86
-16 -86
-16 -86
-16 -86
-16 -86
-16 -86
-16 -86
-16 -86
-16 -86
-16 -86
-16 -86
-16 -86
-16 -86
-16 -86
-16 -86
-16 -86
-16 -86
-16 -86
-16 -86
-16 -86
-16 -86
-16 -86
-16 -89
-16 -89
-16 -89
-16 -89
-16 -89
-16 -89
-16 -89
-16 -89
-16 -89
-16 -89
-16 -89
-16 -89
-16 -89
-16 -89
-16 -89
-16 -89
-16 -89
-16 -89
-16 -89
-16 -89
-16 -89
-16 -89
-16 -89
-16 -89
-16 -89
-16 -89
-16 -89
-16 -89
-16 -89
-16 -89
-16 -89
-16 -89
-18 -83
-18 -83
-18 -83
-18 -83
-18 -83
-18 -83
-18 -83
-18 -83
-18 -83
-18 -83
-18 -83
-18 -83
-18 -83
-18 -83
-18 -83
-18 -83
-18 -83
-18 -83
-18 -83
-18 -83
-18 -83
-18 -83
-18 -83
-18 -83
-18 -83
-18 -83
-18 -83
-18 -83
-18 -83
-18 -83
-18 -83
-18 -83
-18 -83
-18 -83
-18 -83
-18 -83
-18 -83
-19 -77
-19 -77
-19 -77
-19 -77
-19 -77
-19 -77
-19 -77
-19 -77
-19 -77
-19 -77
-19 -77
-19 -77
-19 -77
-19 -77
-19 -77
-19 -77
-19 -77
-19 -77
-19 -77
-19 -77
-19 -77
-19 -77
-19 -77
-19 -77
-19 -77
-19 -77
-19 -77
-19 -77
-19 -77
-19 -77
-19 -77
-19 -77
-19 -77
-19 -77
-19 -77
-19 -77
-19 -77
-19 -77
-19 -77
-20 -69
-28 -71
-28 -71
-28 -71
-28 -71
-28 -71
-28 -71
-28 -71
-28 -71
-28 -71
-28 -71
-28 -71
-28 -71
-28 -71
-28 -71
-28 -71
-28 -71
-28 -71
-28 -71
-28 -71
-28 -71
-28 -71
-28 -71
-28 -71
-28 -71
-28 -71
-28 -71
-28 -71
-28 -71
-28 -71
-28 -71
-28 -71
-28 -71
-28 -71
-28 -71
-28 -71
-29 -67
-29 -67
-29 -67
-29 -67
-29 -67
-29 -67
-29 -67
-29 -67
-29 -67
-29 -67
-29 -67
-29 -67
-29 -67
-29 -67
-29 -67
-29 -67
-29 -67
-29 -67
-29 -67
-29 -67
-29 -67
-29 -67
-29 -67
-33 -59
-33 -59
-33 -59
-33 -59
-33 -59
-33 -59
-33 -59
-33 -59
-33 -59
-33 -59
-33 -59
-33 -59
-33 -59
-33 -59
-33 -59
-33 -59
-33 -59
-33 -59
-33 -59
-33 -59
-33 -59
-33 -59
-33 -59
-33 -59
-33 -59
-33 -59
-33 -59
-33 -59
-33 -59
-33 -59
-33 -59
-33 -59
-33 -59
-33 -59
-33 -59
-30 -57
-30 -57
-30 -57
-30 -57
-30 -57
-30 -57
-30 -57
-30 -57
-30 -57
-30 -57
-30 -57
-30 -57
-30 -57
-30 -57
-30 -57
-30 -57
-30 -57
-29 -48
-29 -48
-29 -48
-29 -48
-29 -48
-29 -48
-29 -48
-29 -48
-29 -48
-29 -48
-29 -48
-29 -48
-29 -48
-29 -48
-29 -48
-29 -48
-29 -48
-29 -48
-29 -48
-29 -48
-27 -45
-27 -45
-27 -45
-27 -45
-27 -45
-27 -45
-27 -45
-27 -45
-27 -45
-27 -45
-27 -45
-27 -45
-27 -45
-27 -45
-27 -45
-27 -45
-26 -40
-26 -40
-26 -40
-26 -40
-26 -40
-26 -40
-26 -40
-26 -40
-26 -40
-26 -40
-26 -40
-26 -40
-26 -40
-26 -40
-26 -40
-26 -40
-26 -40
-26 -40
-26 -40
-26 -40
-26 -40
-26 -40
-26 -40
-26 -40
-26 -40
-26 -40
-26 -40
-26 -40
-26 -40
-26 -40
-26 -40
-26 -40
-26 -40
-26 -40
-26 -40
-26 -40
-26 -40
-26 -40
-24 -38
-31 -39
-31 -39
-31 -39
-31 -39
-31 -39
-31 -39
-31 -39
-31 -39
-31 -39
-31 -39
-31 -39
-31 -39
-31 -39
-31 -39
-31 -39
-31 -39
-31 -39
-31 -39
-31 -39
-31 -39
-31 -39
-31 -39
-31 -39
-31 -39
-31 -39
-31 -39
-31 -39
-31 -39
-31 -39
-31 -39
-34 -32
-34 -32
-34 -32
-34 -32
-34 -32
-34 -32
-34 -32
-34 -32
-34 -32
-34 -32
-34 -32
-34 -32
-34 -32
-34 -32
-34 -32
-34 -32
-34 -32
-34 -32
-34 -32
-34 -32
-34 -32
-34 -32
-34 -32
-34 -32
-34 -32
-34 -32
-34 -32
-34 -32
-34 -32
-34 -32
-34 -32
-34 -32
-34 -32
-34 -32
-34 -32
-34 -32
-34 -32
-34 -32
-34 -32
-34 -32
-31 -39
-30 -41
-30 -41
-30 -41
-30 -41
-30 -41
-30 -41
-30 -41
-30 -41
-30 -41
-30 -41
-30 -41
-30 -41
-30 -41
-30 -41
-30 -41
-30 -41
-30 -41
-30 -41
-30 -41
-30 -41
-30 -41
-30 -41
-30 -41
-30 -41
-30 -41
-30 -41
-30 -41
-30 -41
-30 -41
-30 -41
-30 -41
-30 -41
-30 -41
-30 -41
-30 -41
-30 -41
-30 -41
-30 -41
-30 -41
-33 -44
-33 -44
-33 -44
-33 -44
-33 -44
-33 -44
-33 -44
-33 -44
-33 -44
-33 -44
-33 -44
-33 -44
-33 -44
-33 -44
-33 -44
-33 -44
-33 -44
-33 -44
-27 -40
-27 -40
-27 -40
-27 -40
-27 -40
-27 -40
-27 -40
-27 -40
-27 -40
-27 -40
-27 -40
-27 -40
-27 -40
-27 -40
-27 -40
-27 -40
-27 -40
-27 -40
-27 -40
-27 -40
-27 -40
-27 -40
-27 -40
-27 -40
-27 -40
-27 -40
-27 -40
-27 -40
-27 -40
-27 -40
-27 -40
-27 -40
-27 -40
-27 -40
-27 -40
-27 -40
-27 -40
-27 -40
-27 -40
-27 -40
-27 -40
-27 -40
-27 -40
-27 -40
-24 -37
-24 -37
-24 -37
-24 -37
-24 -37
-24 -37
-24 -37
-24 -37
-24 -37
-24 -37
-24 -37
-24 -37
-24 -37
-24 -37
-24 -37
-25 -24
-25 -24
-25 -24
-25 -24
-25 -24
-25 -24
-25 -24
-25 -24
-25 -24
-25 -24
-25 -24
-25 -24
-25 -24
-25 -24
-25 -24
-25 -24
-25 -24
-25 -24
-25 -24
-25 -24
-25 -24
-25 -24
-25 -24
-25 -24
-25 -24
-25 -24
-25 -24
-25 -24
-25 -24
-25 -24
-25 -24
-25 -24
-25 -24
-25 -24
-25 -24
-25 -24
-25 -24
-26 -24
-26 -24
-26 -24
-26 -24
-26 -24
-26 -24
-26 -24
-26 -24
-26 -24
-26 -24
-26 -24
-26 -24
-26 -24
-26 -24
-26 -24
-26 -24
-26 -24
-26 -24
-26 -24
-26 -24
-26 -24
-21 -25
-21 -25
-21 -25
-21 -25
-21 -25
-21 -25
-21 -25
-21 -25
-21 -25
-21 -25
-21 -25
-21 -25
-21 -25
-21 -25
-21 -25
-21 -25
-21 -25
-21 -25
-21 -25
-23 -30
-23 -30
-23 -30
-23 -30
-23 -30
-23 -30
-23 -30
-23 -30
-23 -30
-23 -30
-23 -30
-23 -30
-23 -30
-23 -30
-23 -30
-23 -30
-23 -30
-23 -30
-23 -30
-23 -30
-23 -30
-23 -30
-23 -30
-23 -30
-23 -30
-23 -30
-23 -30
-23 -30
-23 -30
-23 -30
-23 -30
-23 -30
-23 -30
-23 -30
-23 -30
-20 -22
-20 -22
-20 -22
-20 -22
-20 -22
-20 -22
-20 -22
-20 -22
-20 -22
-20 -22
-20 -22
-20 -22
-20 -22
-20 -22
-20 -22
-20 -22
-20 -22
-20 -22
-20 -22
-20 -22
-20 -22
-20 -22
-20 -22
-20 -22
-20 -22
-20 -22
-20 -22
-20 -22
-20 -22
-20 -22
-20 -22
-20 -22
-20 -22
-20 -22
-20 -22
-23 -29
-23 -29
-23 -29
-23 -29
-23 -29
-23 -29
-23 -29
-23 -29
-23 -29
-23 -29
-23 -29
-23 -29
-23 -29
-23 -29
-23 -29
-23 -29
-23 -29
-26 -24
-26 -24
-26 -24
-26 -24
-26 -24
-26 -24
-26 -24
-26 -24
-26 -24
-26 -24
-26 -24
-26 -24
-26 -24
-26 -24
-26 -24
-26 -24
-26 -24
-26 -24
-26 -24
-26 -24
-26 -24
-26 -24
-26 -24
-26 -24
-26 -24
-26 -24
-26 -24
-26 -24
-26 -24
-26 -24
-26 -24
-26 -24
-26 -24
-26 -24
-28 -20
-28 -20
-28 -20
-28 -20
-28 -20
-28 -20
-28 -20
-28 -20
-28 -20
-28 -20
-28 -20
-28 -20
-28 -20
-28 -20
-28 -20
-28 -20
-28 -20
-33 -21
-33 -21
-33 -21
-33 -21
-33 -21
-33 -21
-33 -21
-33 -21
-33 -21
-33 -21
-33 -21
-33 -21
-33 -21
-33 -21
-33 -21
-33 -21
-33 -21
-33 -21
-33 -21
-33 -21
-33 -21
-33 -21
-33 -21
-33 -21
-33 -21
-33 -21
-33 -21
-33 -21
-33 -21
-33 -21
-33 -21
-33 -21
-33 -21
-33 -21
-33 -21
-33 -21
-33 -21
-33 -21
-14 -11
-14 -11
-14 -11
-14 -11
-14 -11
-14 -11
-14 -11
-14 -11
-14 -11
-14 -11
-14 -11
-14 -11
-14 -11
-14 -11
-14 -11
-14 -11
-14 -11
-14 -11
-14 -11
-14 -11
-14 -11
-14 -11
-14 -11
-14 -11
-14 -11
-14 -11
-14 -11
-14 -11
-14 -11
-14 -11
-14 -11
-14 -11
-14 -11
-14 -11
-14 -11
-14 -11
-14 -11
-13 -12
-13 -12
-13 -12
-13 -12
-13 -12
-13 -12
-13 -12
-13 -12
-13 -12
-13 -12
-13 -12
-13 -12
-13 -12
-13 -12
-13 -12
-13 -12
-13 -12
-16 -8
-16 -8
-16 -8
-16 -8
-16 -8
-16 -8
-16 -8
-16 -8
-16 -8
-16 -8
-16 -8
-16 -8
-16 -8
-16 -8
-16 -8
-16 -8
-16 -8
-16 -8
-16 -8
-16 -8
-16 -8
-16 -8
-16 -8
-16 -8
-16 -8
-16 -8
-16 -8
-16 -8
-16 -8
-16 -8
-16 -8
-16 -8
-16 -8
-16 -8
-16 -8
-16 -8
-17 -8
-17 -8
-17 -8
-17 -8
-17 -8
-17 -8
-17 -8
-17 -8
-17 -8
-17 -8
-17 -8
-17 -8
-17 -8
-17 -8
-14 -5
-14 -5
-14 -5
-14 -5
-14 -5
-14 -5
-14 -5
-14 -5
-14 -5
-14 -5
-14 -5
-14 -5
-14 -5
-14 -5
-21 -7
-21 -7
-21 -7
-21 -7
-21 -7
-21 -7
-21 -7
-21 -7
-21 -7
-21 -7
-21 -7
-21 -7
-21 -7
-21 -7
-21 -7
-21 -7
-21 -7
-21 -7
-21 -7
-21 -7
-21 -7
-21 -7
-21 -7
-21 -7
-21 -7
-21 -7
-21 -7
-21 -7
-21 -7
-21 -7
-21 -7
-21 -7
-21 -7
-21 -7
-21 -7
-9 -2
-9 -2
-9 -2
-9 -2
-9 -2
-9 -2
-9 -2
-9 -2
-9 -2
-9 -2
-9 -2
-9 -2
-9 -2
-9 -2
-9 -2
-9 -2
-9 -2
-9 -2
-9 -2
-9 -2
-9 -2
-9 -2
-9 -2
-9 -2
-9 -2
-9 -2
-9 -2
-9 -2
-9 -2
-9 -2
-9 -2
-9 -2
-9 -2
-11 0
-11 0
-11 0
-11 0
-11 0
-11 0
-11 0
-11 0
-11 0
-11 0
-11 0
-11 0
-11 0
-11 0
-11 0
-11 0
-11 0
-11 0
-11 0
-11 0
-11 0
-11 0
-11 0
-11 0
-11 0
-11 0
-11 0
-11 0
-11 0
-11 0
-11 0
-11 0
-11 0
-11 0
-11 0
-11 0
-11 0
-11 0
-11 0
-11 0
-11 0
-11 0
-11 0
-11 0
-11 0
-11 0
-23 2
-23 2
-23 2
-23 2
-23 2
-23 2
-23 2
-23 2
-23 2
-23 2
-23 2
-23 2
-23 2
-29 2
-29 2
-29 2
-29 2
-29 2
-29 2
-29 2
-29 2
-29 2
-29 2
-29 2
-29 2
-29 2
-29 2
-29 2
-29 2
-29 2
-29 2
-29 2
-29 2
-29 2
-29 2
-29 2
-29 2
-29 2
-29 2
-29 2
-29 2
-29 2
-29 2
-35 4
-32 9
-32 9
-32 9
-32 9
-32 9
-32 9
-32 9
-32 9
-32 9
-32 9
-32 9
-32 9
-32 9
-32 9
-32 9
-32 9
-32 9
-32 9
-32 9
-32 9
-32 9
-32 9
-32 9
-32 9
-32 9
-32 9
-32 9
-32 9
-32 9
-35 12
-35 12
-35 12
-35 12
-35 12
-35 12
-35 12
-35 12
-35 12
-35 12
-35 12
-35 12
-35 12
-35 12
-35 7
-35 7
-35 7
-35 7
-35 7
-35 7
-35 7
-35 7
-35 7
-35 7
-35 7
-35 7
-35 7
-35 7
-35 7
-35 7
-41 5
-41 5
-41 5
-41 5
-41 5
-41 5
-41 5
-41 5
-41 5
-41 5
-41 5
-41 5
-41 5
-41 5
-41 5
-35 2
-35 2
-35 2
-35 2
-35 2
-35 2
-35 2
-35 2
-35 2
-35 2
-35 2
-35 2
-35 2
-35 2
-35 2
-35 2
-35 2
-35 2
-35 2
-35 2
-35 2
-35 2
-35 2
-35 2
-35 2
-35 2
-35 2
-35 2
-35 2
-35 2
-35 2
-35 2
-35 2
-35 2
-35 2
-27 6
-27 6
-27 6
-27 6
-27 6
-27 6
-27 6
-27 6
-27 6
-27 6
-27 6
-27 6
-27 6
-27 6
-27 6
-27 6
-27 6
-27 6
-27 6
-27 6
-27 6
-27 6
-27 6
-27 6
-27 6
-27 6
-27 6
-27 6
-27 6
-27 6
-27 6
-27 6
-27 6
-27 6
-27 4
-27 4
-27 4
-27 4
-27 4
-27 4
-27 4
-27 4
-27 4
-27 4
-27 4
-27 4
-27 4
-27 4
-27 4
-27 4
-27 5
-27 5
-27 5
-27 5
-27 5
-27 5
-27 5
-27 5
-27 5
-27 5
-27 5
-27 5
-27 5
-27 5
-27 5
-27 5
-27 5
-27 5
-27 5
-27 5
-27 5
-27 5
-27 5
-27 5
-27 5
-27 5
-27 5
-27 5
-27 5
-27 5
-27 5
-31 4
-31 4
-31 4
-31 4
-31 4
-31 4
-31 4
-31 4
-31 4
-31 4
-31 4
-31 4
-31 4
-31 4
-31 4
-31 4
-31 4
-31 4
-31 4
-31 4
-31 4
-31 4
-31 4
-31 4
-31 4
-31 4
-31 4
-31 4
-31 4
-31 4
-31 4
-31 4
-31 4
-31 4
-31 4
-31 4
-31 4
-31 4
-31 4
-31 4
-31 4
-31 4
-31 4
-31 4
-31 4
-31 4
-31 4
-31 4
-31 4
-31 4
-31 4
-31 4
-30 6
-38 10
-38 10
-38 10
-38 10
-38 10
-38 10
-38 10
-38 10
-38 10
-38 10
-38 10
-38 10
-38 10
-38 10
-38 10
-38 10
-38 10
-38 10
-38 10
-38 10
-38 10
-38 10
-38 10
-38 10
-38 10
-38 10
-38 10
-38 10
-38 10
-38 10
-38 10
-38 10
-38 10
-38 10
-38 10
-36 13
-36 13
-36 13
-36 13
-36 13
-36 13
-36 13
-36 13
-36 13
-36 13
-36 13
-36 13
-36 13
-36 13
-36 13
-36 13
-36 13
-36 13
-36 13
-36 13
-36 13
-36 13
-36 13
-36 13
-36 13
-36 13
-36 13
-36 13
-36 13
-36 13
-36 13
-36 13
-36 13
-36 13
-32 14
-32 14
-32 14
-32 14
-32 14
-32 14
-32 14
-32 14
-32 14
-32 14
-32 14
-32 14
-32 14
-32 14
-32 14
-32 14
-32 14
-32 14
-23 10
-23 10
-23 10
-23 10
-23 10
-23 10
-23 10
-23 10
-23 10
-23 10
-23 10
-23 10
-23 10
-23 10
-23 10
-23 10
-23 10
-23 10
-23 10
-23 10
-23 10
-23 10
-23 10
-23 10
-23 10
-23 10
-23 10
-23 10
-23 10
-23 10
-23 10
-23 10
-23 10
-23 10
-23 10
-16 12
-31 14
-31 14
-31 14
-31 14
-31 14
-31 14
-31 14
-31 14
-31 14
-31 14
-31 14
-31 14
-31 14
-31 14
-31 14
-31 14
-31 14
-24 16
-24 16
-24 16
-24 16
-24 16
-24 16
-24 16
-24 16
-24 16
-24 16
-24 16
-24 16
-24 16
-24 16
-24 16
-24 16
-24 16
-24 16
-24 16
-24 16
-24 16
-24 16
-24 16
-24 16
-24 16
-24 16
-24 16
-24 16
-24 16
-24 16
-24 16
-24 16
-24 16
-24 16
-40 26
-40 26
-40 26
-40 26
-40 26
-40 26
-40 26
-40 26
-40 26
-40 26
-40 26
-40 26
-40 26
-40 26
-40 26
-40 26
-40 26
-40 26
-40 26
-40 26
-40 26
-40 26
-40 26
-40 26
-40 26
-40 26
-40 26
-40 26
-40 26
-40 26
-40 26
-40 26
-40 26
-45 33
-45 33
-45 33
-45 33
-45 33
-45 33
-45 33
-45 33
-45 33
-45 33
-45 33
-45 33
-45 33
-45 33
-45 33
-32 29
-32 29
-32 29
-32 29
-32 29
-32 29
-32 29
-32 29
-32 29
-32 29
-32 29
-32 29
-32 29
-32 29
-49 32
-49 32
-49 32
-49 32
-49 32
-49 32
-49 32
-49 32
-49 32
-49 32
-49 32
-49 32
-49 32
-49 32
-49 32
-49 32
-49 32
-49 32
-49 32
-49 32
-49 32
-49 32
-49 32
-49 32
-49 32
-49 32
-49 32
-49 32
-49 32
-49 32
-49 32
-49 32
-49 32
-49 32
-49 32
-49 32
-49 32
-49 32
-49 32
-49 32
-49 32
-49 32
-49 32
-49 32
-49 32
-49 32
-49 32
-49 32
-49 32
-51 37
-51 37
-51 37
-51 37
-51 37
-51 37
-51 37
-51 37
-51 37
-51 37
-51 37
-51 37
-51 37
-51 37
-51 37
-51 37
-51 37
-51 37
-51 37
-51 37
-51 37
-51 37
-51 37
-51 37
-51 37
-51 37
-51 37
-51 37
-51 37
-50 36
-50 36
-50 36
-50 36
-50 36
-50 36
-50 36
-50 36
-50 36
-50 36
-50 36
-50 36
-50 36
-50 36
-50 36
-50 36
-50 36
-50 36
-50 36
-50 36
-50 36
-50 36
-50 36
-50 36
-50 36
-50 36
-50 36
-50 36
-50 36
-50 36
-50 36
-50 36
-58 39
-58 39
-58 39
-58 39
-58 39
-58 39
-58 39
-58 39
-58 39
-58 39
-58 39
-58 39
-58 39
-58 39
-58 39
-54 36
-54 36
-54 36
-54 36
-54 36
-54 36
-54 36
-54 36
-54 36
-54 36
-54 36
-54 36
-54 36
-54 36
-54 36
-54 36
-54 36
-54 36
-54 36
-54 36
-54 36
-54 36
-54 36
-54 36
-54 36
-54 36
-54 36
-54 36
-54 36
-54 36
-54 36
-54 36
-54 36
-54 36
-54 36
-54 36
-54 36
-54 36
-54 36
-54 36
-54 36
-54 36
-54 36
-42 29
-42 29
-42 29
-42 29
-42 29
-42 29
-42 29
-42 29
-42 29
-42 29
-42 29
-42 29
-42 29
-42 29
-42 29
-42 29
-42 29
-42 29
-42 29
-42 29
-42 29
-42 29
-42 29
-42 29
-42 29
-42 29
-42 29
-42 29
-42 29
-42 29
-42 29
-42 29
-42 29
-42 29
-42 32
-42 32
-42 32
-42 32
-42 32
-42 32
-42 32
-42 32
-42 32
-42 32
-42 32
-42 32
-42 32
-42 32
-42 32
-42 32
-42 32
-42 32
-42 32
-37 32
-37 32
-37 32
-37 32
-37 32
-37 32
-37 32
-37 32
-37 32
-37 32
-37 32
-37 32
-37 32
-37 32
-37 32
-34 31
-34 31
-34 31
-34 31
-34 31
-34 31
-34 31
-34 31
-34 31
-34 31
-34 31
-34 31
-34 31
-34 31
-34 31
-34 31
-34 31
-34 31
-34 31
-34 31
-34 31
-34 31
-34 31
-34 31
-34 31
-34 31
-34 31
-34 31
-34 31
-34 31
-34 31
-34 31
-34 31
-34 31
-34 31
-34 31
-34 31
-34 31
-34 31
-34 31
-34 31
-34 31
-34 31
-34 31
-34 31
-34 31
-34 31
-34 31
-36 41
-42 28
-42 28
-42 28
-42 28
-42 28
-42 28
-42 28
-42 28
-42 28
-42 28
-42 28
-42 28
-42 28
-42 28
-42 28
-42 28
-42 28
-42 28
-42 28
-42 28
-42 28
-42 28
-42 28
-42 28
-42 28
-42 28
-42 28
-42 28
-42 28
-42 28
-42 28
-38 30
-38 30
-38 30
-38 30
-38 30
-38 30
-38 30
-38 30
-38 30
-38 30
-38 30
-38 30
-38 30
-38 30
-38 30
-38 30
-38 30
-38 30
-38 30
-38 30
-38 30
-38 30
-38 30
-38 30
-38 30
-38 30
-38 30
-38 30
-38 30
-38 30
-38 30
-38 30
-28 24
-28 24
-28 24
-28 24
-28 24
-28 24
-28 24
-28 24
-28 24
-28 24
-28 24
-28 24
-28 24
-28 24
-28 24
-28 24
-28 24
-28 24
-28 24
-28 24
-28 24
-28 24
-28 24
-28 24
-28 24
-28 24
-28 24
-28 24
-28 24
-28 24
-28 24
-28 24
-28 24
-28 24
-28 24
-28 24
-35 30
-35 30
-35 30
-35 30
-35 30
-35 30
-35 30
-35 30
-35 30
-35 30
-35 30
-35 30
-35 30
-35 30
-35 30
-35 30
-35 30
-35 30
-35 30
-35 30
-35 30
-35 30
-35 30
-35 30
-35 30
-35 30
-35 30
-35 30
-35 30
-35 30
-35 30
-35 30
-35 30
-35 30
-35 30
-35 30
-35 30
-35 30
-35 30
-24 32
-24 32
-24 32
-24 32
-24 32
-24 32
-24 32
-24 32
-24 32
-24 32
-24 32
-24 32
-24 32
-24 32
-24 32
-24 32
-24 32
-24 32
-24 32
-24 32
-24 32
-24 32
-24 32
-24 32
-24 32
-24 32
-24 32
-24 32
-24 32
-24 32
-24 32
-24 32
-24 32
-24 32
-24 32
-19 35
-19 35
-19 35
-19 35
-19 35
-19 35
-19 35
-19 35
-19 35
-19 35
-19 35
-19 35
-19 35
-19 35
-19 35
-19 35
-29 43
-29 43
-29 43
-29 43
-29 43
-29 43
-29 43
-29 43
-29 43
-29 43
-29 43
-29 43
-29 43
-29 43
-29 43
-29 43
-29 43
-29 43
-29 43
-29 43
-29 43
-29 43
-29 43
-29 43
-29 43
-29 43
-29 43
-29 43
-29 43
-29 43
-29 43
-29 43
-29 43
-29 43
-29 43
-29 43
-29 43
-29 43
-24 36
-24 36
-24 36
-24 36
-24 36
-24 36
-24 36
-24 36
-24 36
-24 36
-24 36
-24 36
-24 36
-24 36
-24 36
-24 36
-30 36
-30 36
-30 36
-30 36
-30 36
-30 36
-30 36
-30 36
-30 36
-30 36
-30 36
-30 36
-30 36
-30 36
-30 36
-30 36
-33 41
-33 41
-33 41
-33 41
-33 41
-33 41
-33 41
-33 41
-33 41
-33 41
-33 41
-33 41
-33 41
-33 41
-33 41
-33 41
-33 41
-33 41
-33 41
-33 41
-33 41
-33 41
-33 41
-33 41
-33 41
-33 41
-33 41
-33 41
-33 41
-33 41
-33 41
-33 41
-33 41
-33 41
-33 41
-33 41
-33 41
-33 41
-33 41
-33 41
-33 41
-33 41
-33 41
-33 41
-33 41
-33 41
-33 41
-33 41
-33 41
-33 41
-33 41
-33 41
-33 41
-33 41
-33 41
-33 41
-33 41
-33 41
-33 41
-33 41
-19 39
-19 39
-19 39
-19 39
-19 39
-19 39
-19 39
-19 39
-19 39
-19 39
-19 39
-19 39
-19 39
-19 39
-19 39
-19 39
-19 34
-19 34
-19 34
-19 34
-19 34
-19 34
-19 34
-19 34
-19 34
-19 34
-19 34
-19 34
-19 34
-19 34
-19 34
-19 34
-17 42
-17 42
-17 42
-17 42
-17 42
-17 42
-17 42
-17 42
-17 42
-17 42
-17 42
-17 42
-17 42
-17 42
-17 42
-17 42
-17 42
-17 42
-17 42
-17 42
-17 42
-17 42
-17 42
-17 42
-17 42
-17 42
-17 42
-17 42
-17 42
-17 42
-17 42
-17 42
-13 36
-13 36
-13 36
-13 36
-13 36
-13 36
-13 36
-13 36
-13 36
-13 36
-13 36
-13 36
-13 36
-13 36
-13 36
-13 36
-13 36
-13 36
-13 36
-13 36
-13 36
-13 36
-13 36
-13 36
-13 36
-13 36
-13 36
-13 36
-13 36
-13 36
-13 36
-13 36
-13 36
-2 21
4 44
4 44
4 44
4 44
4 44
4 44
4 44
4 44
4 44
4 44
4 44
4 44
4 44
4 44
4 44
4 44
5 49
5 49
5 49
5 49
5 49
5 49
5 49
5 49
5 49
5 49
5 49
5 49
5 49
5 49
5 49
5 49
5 49
5 49
5 49
5 49
5 49
5 49
5 49
5 49
5 49
5 49
5 49
5 49
5 49
5 49
5 49
5 49
5 49
5 49
5 49
5 49
5 49
5 49
-18 47
-18 47
-18 47
-18 47
-18 47
-18 47
-18 47
-18 47
-18 47
-18 47
-18 47
-18 47
-18 47
-18 47
-18 47
-18 47
-18 47
-18 47
-18 47
-7 50
-7 50
-7 50
-7 50
-7 50
-7 50
-7 50
-7 50
-7 50
-7 50
-7 50
-7 50
-7 50
-7 50
-7 50
-7 50
-7 50
-7 50
-7 50
-7 50
-7 50
-7 50
-7 50
-7 50
-7 50
-7 50
-7 50
-7 50
-7 50
-7 50
-7 50
-7 50
-7 50
-7 50
-7 50
-7 50
-7 50
-7 50
-7 50
-7 50
-7 50
-7 50
-7 50
-7 50
-7 50
-7 50
-7 50
-7 50
-7 50
-7 50
-7 50
-7 50
-7 50
-7 50
-7 50
-5 40
-5 40
-5 40
-5 40
-5 40
-5 40
-5 40
-5 40
-5 40
-5 40
-5 40
-5 40
-5 40
-5 40
-5 40
-5 40
-5 40
1 36
1 36
1 36
1 36
1 36
1 36
1 36
1 36
1 36
1 36
1 36
1 36
1 36
1 36
1 36
1 36
1 36
1 36
1 36
1 36
1 36
1 36
1 36
1 36
1 36
1 36
1 36
1 36
1 36
1 36
1 36
1 36
1 36
1 36
1 36
1 36
1 36
1 36
-3 27
-3 27
-3 27
-3 27
-3 27
-3 27
-3 27
-3 27
-3 27
-3 27
-3 27
-3 27
-3 27
-3 27
-3 27
-3 27
-1 27
-1 27
-1 27
-1 27
-1 27
-1 27
-1 27
-1 27
-1 27
-1 27
-1 27
-1 27
-1 27
-1 27
-1 27
-1 27
-1 27
-1 27
-1 27
-1 27
-1 27
-1 27
-1 27
-1 27
-1 27
-1 27
-1 27
-1 27
-1 27
-1 27
-1 27
-1 27
-1 27
-1 27
0 23
0 23
0 23
0 23
0 23
0 23
0 23
0 23
0 23
0 23
0 23
0 23
0 23
0 23
0 23
0 23
0 23
0 23
0 23
0 23
0 23
0 23
0 23
0 23
0 23
0 23
0 23
0 23
0 23
0 23
0 23
0 23
0 23
0 23
0 23
0 23
0 23
0 23
0 23
0 23
1 20
1 20
1 20
1 20
1 20
1 20
1 20
1 20
1 20
1 20
1 20
1 20
1 20
1 20
1 20
1 20
1 20
1 20
1 20
1 20
1 20
1 20
1 20
1 20
1 20
1 20
1 20
1 20
1 20
1 20
1 20
1 20
1 20
1 20
1 20
1 20
7 10
7 10
7 10
7 10
7 10
7 10
7 10
7 10
7 10
7 10
7 10
7 10
7 10
7 10
7 10
7 10
7 10
9 9
9 9
9 9
9 9
9 9
9 9
9 9
9 9
9 9
9 9
9 9
9 9
9 9
9 9
9 9
9 9
9 9
9 9
9 9
9 9
9 9
9 9
9 9
9 9
9 9
9 9
9 9
9 9
9 9
9 9
9 9
9 9
9 9
9 9
17 6
17 6
17 6
17 6
17 6
17 6
17 6
17 6
17 6
17 6
17 6
17 6
17 6
17 6
17 6
17 6
17 6
17 6
17 6
17 6
17 6
17 6
17 6
17 6
17 6
17 6
17 6
17 6
17 6
17 6
17 6
17 6
17 6
17 6
12 6
6 0
6 0
6 0
6 0
6 0
6 0
6 0
6 0
6 0
6 0
6 0
6 0
6 0
6 0
6 0
6 0
6 0
6 0
6 0
6 0
6 0
6 0
6 0
6 0
6 0
6 0
6 0
6 0
6 0
6 0
6 0
6 0
6 0
6 0
6 0
6 0
6 0
6 0
6 0
6 0
6 0
6 0
6 0
6 0
6 0
6 0
6 0
6 0
6 0
0 2
0 2
0 2
0 2
0 2
0 2
0 2
0 2
0 2
0 2
0 2
0 2
0 2
0 2
0 2
0 2
0 2
0 2
0 2
0 2
0 2
0 2
0 2
0 2
0 2
0 2
0 2
0 2
0 2
0 2
0 2
0 2
0 2
0 2
0 2
0 2
0 2
0 2
0 2
0 2
0 2
0 2
0 2
0 2
0 2
0 2
0 2
0 2
0 2
0 2
0 2
0 2
0 2
0 2
0 2
0 2
0 2
0 2
0 2
0 2
0 2
0 2
0 2
0 2
0 2
0 2
0 2
0 2
0 2
-2 1
-2 1
-2 1
-2 1
-2 1
-2 1
-2 1
-2 1
-2 1
-2 1
-2 1
-2 1
-2 1
-2 1
-2 1
-2 1
-2 1
-2 1
-2 1
-2 1
-2 1
-2 1
-2 1
-2 1
-2 1
-2 1
-2 1
-2 1
-2 1
-2 1
-2 1
-2 1
-2 1
-2 1
-2 1
-2 1
-2 1
-2 1
-2 1
-2 1
-2 1
-2 1
-2 1
-2 1
-2 1
-1 0
-5 0
-5 0
-5 0
-5 0
-5 0
-5 0
-5 0
-5 0
-5 0
-5 0
-5 0
-5 0
-5 0
-5 0
-5 0
-5 0
-5 0
-5 0
-5 0
-5 0
-5 0
-5 0
-5 0
-5 0
-5 0
-5 0
-5 0
-5 0
-5 0
-5 0
-5 0
-5 0
-5 0
-5 0
-5 0
-11 2
-11 2
-11 2
-11 2
-11 2
-11 2
-11 2
-11 2
-11 2
-11 2
-11 2
-11 2
-11 2
-11 2
-11 2
-11 2
-11 2
-11 2
-3 3
-3 3
-3 3
-3 3
-3 3
-3 3
-3 3
-3 3
-3 3
-3 3
-3 3
-3 3
-3 3
-3 3
-3 3
-3 3
-3 3
-3 3
-3 3
-3 3
-3 3
-3 3
-3 3
-3 3
-3 3
-3 3
-3 3
-3 3
-3 3
-3 3
-3 3
-3 3
-3 3
-3 3
-3 3
-3 3
-3 3
-3 3
-3 3
-3 3
-3 3
-3 3
-3 3
-3 3
-3 3
-3 3
-3 3
-3 3
-3 3
-3 3
-3 3
-3 3
-3 3
-3 3
-3 3
3 2
3 2
3 2
3 2
3 2
3 2
3 2
3 2
3 2
3 2
3 2
3 2
3 2
3 2
3 2
3 2
3 2
3 2
3 2
3 2
3 2
3 2
3 2
3 2
3 2
3 2
3 2
3 2
3 2
3 2
3 2
3 2
9 0
9 0
10 1
10 1
10 1
10 1
10 1
10 1
10 1
10 1
10 1
10 1
10 1
10 1
10 1
10 1
10 1
10 1
10 1
10 1
10 1
10 1
10 1
10 1
10 1
10 1
10 1
10 1
10 1
10 1
10 1
10 1
10 1
10 1
10 1
10 1
3 1
3 1
3 1
3 1
3 1
3 1
3 1
3 1
3 1
3 1
3 1
3 1
3 1
3 1
3 1
3 1
3 1
3 1
3 1
3 1
3 1
3 1
3 1
3 1
3 1
3 1
3 1
3 1
3 1
3 1
3 1
3 1
3 1
3 1
3 1
3 1
3 1
3 1
3 1
3 1
3 1
3 1
3 1
3 1
3 1
3 1
3 1
3 1
3 1
3 1
3 1
3 1
3 1
3 1
3 1
3 1
3 1
3 1
3 1
2 1
2 1
2 1
2 1
2 1
2 1
2 1
2 1
2 1
2 1
2 1
2 1
2 1
2 1
2 1
2 1
2 1
2 1
2 1
2 1
2 1
2 1
2 1
2 1
2 1
2 1
2 1
2 1
2 1
2 1
2 1
2 1
2 1
2 1
2 1
2 1
2 1
2 1
1 1
1 1
1 1
1 1
1 1
1 1
1 1
1 1
1 1
1 1
1 1
1 1
1 1
1 1
1 1
1 1
1 1
1 1
1 1
1 1
1 1
1 1
1 1
1 1
1 1
1 1
1 1
1 1
1 1
1 1
1 1
1 0
1 0
1 0
1 0
1 0
1 0
1 0
1 0
1 0
1 0
1 0
1 0
1 0
1 0
1 0
1 0
1 0
1 0
1 0
1 0
1 0
1 0
1 0
1 0
1 0
1 0
1 0
1 0
1 0
1 0
1 0
1 0
1 0
1 0
1 0
1 0
1 0
1 0
1 0
1 0
1 0
1 0
1 0
1 0
1 0
1 0
1 0
1 0
1 0
1 0
1 0
1 0
1 0
1 0
1 0
1 0
1 0
1 0
1 0
1 0
1 0
1 0
1 0
1 0
1 0
1 0
1 0
1 0
1 0
1 0
1 0
1 0
1 0
1 0
1 0
1 0
1 0
1 0
1 0
1 0
1 0
1 0
1 0
1 0
1 0
1 0
1 0
1 0
1 0
1 0
1 0
1 0
1 0
1 0
1 0
1 0
1 0
1 0
1 0
1 0
1 0
1 0
1 0
1 0
1 0
1 0
1 0
1 0
1 0
1 0
1 0
1 0
1 0
1 0
1 0
1 0
1 0
1 0
1 0
1 0
1 0
1 0
1 0
1 0
1 0
1 0
1 0
1 0
1 0
1 0
1 0
1 0
1 0
1 0
1 0
1 0
1 0
1 0
1 0
1 0
1 0
1 0
1 0
1 0
1 0
1 0
1 0
1 0
1 0
1 0
1 0
1 0
1 0
1 0
1 0
1 0
1 0
1 0
1 0
1 0
1 0
1 0
1 0
1 0
1 0
1 0
1 0
1 0
1 0
1 0
1 0
1 0
1 0
1 0
1 0
1 0
1 0
1 0
1 0
1 0
1 0
1 0
1 0
1 0
1 0
1 0
1 0
1 0
1 0
1 0
1 0
1 0
1 0
1 0
1 0
1 0
1 0
1 0
1 0
1 0
1 0
1 0
1 0
1 0
1 0
1 0
1 0
1 0
1 0
1 0
1 0
1 0
1 0
1 0
1 0
1 0
1 0
1 0
1 0
1 0
1 0
1 0
1 0
1 0
1 0
1 0
1 0
1 0
1 0
1 0
1 0
1 0
1 0
1 0
1 0
1 0
1 0
1 0
1 0
1 0
1 0
1 0
1 0
1 0
1 0
1 0
1 0
1 0
1 0
1 0
1 0
1 0
1 0
1 0
1 0
1 0
1 0
1 0
1 0
1 0
1 0
1 0
1 0
1 0
1 0
1 0
1 0
1 0
1 0
1 0
1 0
1 0
1 0
1 0
1 0
1 0
1 0
1 0
1 0
1 0
1 0
1 0
1 0
1 0
1 0
1 0
1 0
1 0
1 0
1 0
1 0
1 0
1 0
1 0
1 0
1 0
1 0
1 0
1 0
1 0
1 0
1 0
1 0
1 0
1 0
1 0
1 0
1 0
1 0
1 0
1 0
1 0
1 0
1 0
1 0
1 0
1 0
1 0
1 0
1 0
1 0
1 0
1 0
1 0
1 0
1 0
1 0
1 0
1 0
1 0
1 0
1 0
1 0
1 0
1 0
1 0
1 0
1 0
1 0
1 0
1 0
1 0
1 0
1 0
1 0
1 0
1 0
1 0
1 0
1 0
1 0
1 0
1 0
1 0
1 0
1 0
1 0
1 0
1 0
1 0
1 0
1 0
1 0
1 0
1 0
1 0
1 0
1 0
1 0
1 0
1 0
1 0
1 0
1 0
1 0
1 0
1 0
1 0
1 0
1 0
1 0
1 0
1 0
1 0
1 0
1 0
1 0
1 0
1 0
1 0
1 0
1 0
1 0
1 0
1 0
1 0
1 0
1 0
1 0
1 0
1 0
1 0
1 0
1 0
1 0
1 0
1 0
1 0
1 0
1 0
1 0
1 0
1 0
1 0
1 0
1 0
1 0
1 0
1 0
1 0
1 0
1 0
1 0
1 0
1 0
1 0
1 0
1 0
1 0
1 0
1 0
1 0
1 0
1 0
1 0
1 0
1 0
1 0
1 0
1 0
1 0
1 0
1 0
1 0
1 0
1 0
1 0
1 0
1 0
1 0
1 0
1 0
1 0
1 0
1 0
1 0
1 0
1 0
1 0
1 0
1 0
1 0
1 0
1 0
1 0
1 0
1 0
1 0
1 0
1 0
1 0
1 0
1 0
1 0
1 0
1 0
1 0
1 0
1 0
1 0
1 0
1 0
1 0
1 0
1 0
1 0
1 0
1 0
1 0
1 0
1 0
1 0
1 0
1 0
1 0
1 0
1 0
1 0
1 0
1 0
1 0
1 0
1 0
1 0
1 0
1 0
1 0
1 0
1 0
1 0
1 0
1 0
1 0
1 0
1 0
1 0
1 0
1 0
1 0
1 0
1 0
1 0
1 0
1 0
1 0
1 0
1 0
1 0
1 0
1 0
1 0
1 0
1 0
1 0
1 0
1 0
1 0
1 0
1 0
1 0
1 0
1 0
1 0
1 0
1 0
1 0
1 0
1 0
1 0
1 0
1 0
1 0
1 0
1 0
1 0
1 0
1 0
1 0
1 0
1 0
1 0
1 0
1 0
1 0
1 0
1 0
1 0
1 0
1 0
1 0
1 0
1 0
1 0
1 0
1 0
1 0
1 0
1 0
1 0
1 0
1 0
1 0
1 0
1 0
1 0
1 0
1 0
1 0
1 0
1 0
1 0
1 0
1 0
1 0
1 0
1 0
1 0
1 0
1 0
1 0
1 0
1 0
1 0
1 0
1 0
1 0
1 0
1 0
1 0
1 0
1 0
1 0
1 0
1 0
1 0
1 0
1 0
1 0
1 0
1 0
1 0
1 0
1 0
1 0
1 0
1 0
1 0
1 0
1 0
1 0
1 0
1 0
1 0
1 0
1 0
1 0
1 0
1 0
1 0
1 0
1 0
1 0
1 0
1 0
1 0
1 0
1 0
1 0
1 0
1 0
1 0
1 0
1 0
1 0
1 0
1 0
1 0
1 0
1 0
1 0
1 0
1 0
1 0
1 0
1 0
1 0
1 0
1 0
1 0
1 0
1 0
1 0
1 0
1 0
1 0
1 0
1 0
1 0
1 0
1 0
1 0
1 0
1 0
1 0
1 0
1 0
1 0
1 0
1 0
1 0
1 0
1 0
1 0
1 0
1 0
1 0
1 0
1 0
1 0
1 0
1 0
1 0
1 0
1 0
1 0
1 0
1 0
1 0
1 0
1 0
1 0
1 0
1 0
1 0
1 0
1 0
1 0
1 0
1 0
1 0
1 0
1 0
1 0
1 0
1 0
1 0
1 0
1 0
1 0
1 0
1 0
1 0
1 0
1 0
1 0
1 0
1 0
1 0
1 0
1 0
1 0
1 0
1 0
1 0
1 0
1 0
1 0
1 0
1 0
1 0
1 0
1 0
1 0
1 0
1 0
1 0
1 0
1 0
1 0
1 0
1 0
1 0
1 0
1 0
1 0
1 0
1 0
1 0
1 0
1 0
1 0
1 0
1 0
1 0
1 0
1 0
1 0
1 0
1 0
1 0
1 0
1 0
1 0
1 0
1 0
1 0
1 0
1 0
1 0
1 0
1 0
1 0
1 0
1 0
1 0
1 0
1 0
1 0
1 0
1 0
1 0
1 0
1 0
1 0
1 0
1 0
1 0
1 0
1 0
1 0
1 0
1 0
1 0
1 0
1 0
1 0
1 0
1 0
1 0
1 0
1 0
1 0
1 0
1 0
1 0
1 0
1 0
1 0
1 0
1 0
1 0
1 0
1 0
1 0
1 0
1 0
1 0
1 0
1 0
1 0
1 0
1 0
1 0
1 0
1 0
1 0
1 0
1 0
1 0
1 0
1 0
1 0
1 0
1 0
1 0
1 0
1 0
1 0
1 0
1 0
1 0
1 0
1 0
1 0
1 0
1 0
1 0
1 0
1 0
1 0
1 0
1 0
1 0
1 0
1 0
1 0
1 0
1 0
1 0
1 0
1 0
1 0
1 0
1 0
1 0
1 0
1 0
1 0
1 0
1 0
1 0
1 0
1 0
1 0
1 0
1 0
1 0
1 0
1 0
1 0
1 0
1 0
1 0
1 0
1 0
1 0
1 0
1 0
1 0
1 0
1 0
1 0
1 0
1 0
1 0
1 0
1 0
1 0
1 0
1 0
1 0
1 0
1 0
1 0
1 0
1 0
1 0
1 0
1 0
1 0
1 0
1 0
1 0
1 0
1 0
1 0
1 0
1 0
1 0
1 0
1 0
1 0
1 0
1 0
1 0
1 0
1 0
1 0
1 0
1 0
1 0
1 0
1 0
1 0
1 0
1 0
1 0
1 0
1 0
1 0
1 0
1 0
1 0
1 0
1 0
1 0
1 0
1 0
1 0
1 0
1 0
1 0
1 0
1 0
1 0
1 0
1 0
1 0
1 0
1 0
1 0
1 0
1 0
1 0
1 0
1 0
1 0
1 0
1 0
1 0
1 0
1 0
1 0
1 0
1 0
1 0
1 0
1 0
1 0
1 0
1 0
1 0
1 0
1 0
1 0
1 0
1 0
1 0
1 0
1 0
1 0
1 0
1 0
1 0
1 0
1 0
1 0
1 0
1 0
1 0
1 0
1 0
1 0
1 0
1 0
1 0
1 0
1 0
1 0
1 0
1 0
1 0
1 0
1 0
1 0
1 0
1 0
1 0
1 0
1 0
1 0
1 0
1 0
1 0
1 0
1 0
1 0
1 0
1 0
1 0
1 0
1 0
1 0
1 0
1 0
1 0
1 0
1 0
1 0
1 0
