7 -73
1 -65
-3 -63
-3 -68
-3 -68
-3 -68
-3 -68
-3 -68
-3 -68
-3 -68
-3 -68
-3 -68
-3 -68
-3 -68
-3 -68
-3 -68
-3 -68
-3 -68
-3 -68
-3 -68
-3 -68
-3 -68
-3 -68
-3 -68
-3 -68
-3 -68
-3 -68
-3 -68
-3 -68
-3 -68
-3 -68
-3 -68
-3 -68
-3 -68
-3 -68
-3 -68
-3 -68
-3 -68
-3 -68
-3 -68
-3 -68
-3 -68
-3 -68
-3 -68
-3 -68
-3 -68
-3 -68
-3 -68
-3 -68
-3 -68
-3 -68
-3 -68
-3 -68
-3 -68
-3 -68
-3 -68
-3 -68
-3 -68
-3 -68
-3 -68
-11 -83
-14 -77
-14 -77
-14 -77
-14 -77
-14 -77
-14 -77
-14 -77
-14 -77
-14 -77
-14 -77
-14 -77
-14 -77
-14 -77
-14 -77
-14 -77
-14 -77
-14 -77
-14 -77
-14 -77
-14 -77
-14 -77
-14 -77
-14 -77
-14 -77
-14 -77
-14 -77
-14 -77
-14 -77
-14 -77
-14 -77
-14 -77
-14 -77
-14 -77
-14 -77
-14 -77
-14 -77
-14 -77
-14 -77
-14 -77
-14 -77
-17 -74
-17 -74
-17 -74
-17 -74
-17 -74
-17 -74
-17 -74
-17 -74
-17 -74
-17 -74
-17 -74
-17 -74
-17 -74
-17 -74
-17 -74
-17 -74
-17 -74
-17 -74
-17 -74
-17 -74
-17 -74
-17 -74
-17 -74
-17 -74
-17 -74
-17 -74
-17 -74
-17 -74
-17 -74
-17 -74
-17 -74
-17 -74
-17 -74
-17 -74
-17 -74
-17 -74
-17 -74
-17 -74
-17 -74
-17 -74
-17 -74
-17 -74
-17 -74
-32 -76
-32 -76
-32 -76
-32 -76
-32 -76
-32 -76
-32 -76
-32 -76
-32 -76
-32 -76
-32 -76
-32 -76
-32 -76
-32 -76
-32 -76
-32 -76
-32 -76
-32 -76
-32 -76
-32 -76
-32 -76
-32 -76
-32 -76
-32 -76
-32 -76
-32 -76
-32 -76
-32 -76
-32 -76
-32 -76
-32 -76
-32 -76
-32 -76
-32 -76
-32 -76
-32 -76
-32 -76
-32 -76
-32 -76
-32 -70
-32 -70
-32 -70
-32 -70
-32 -70
-32 -70
-32 -70
-32 -70
-32 -70
-32 -70
-32 -70
-32 -70
-32 -70
-32 -70
-32 -70
-32 -70
-32 -70
-43 -80
-43 -80
-43 -80
-43 -80
-43 -80
-43 -80
-43 -80
-43 -80
-43 -80
-43 -80
-43 -80
-43 -80
-43 -80
-43 -80
-43 -80
-43 -80
-43 -80
-43 -80
-43 -80
-43 -80
-43 -80
-43 -80
-43 -80
-43 -80
-43 -80
-43 -80
-43 -80
-43 -80
-43 -80
-43 -80
-43 -80
-43 -80
-43 -80
-43 -80
-43 -80
-43 -80
-43 -80
-43 -80
-43 -80
-43 -80
-43 -80
-43 -80
-43 -80
-43 -80
-43 -80
-43 -80
-46 -62
-46 -62
-46 -62
-46 -62
-46 -62
-46 -62
-46 -62
-46 -62
-46 -62
-46 -62
-46 -62
-46 -62
-46 -62
-46 -62
-46 -62
-46 -62
-46 -62
-46 -62
-46 -62
-46 -62
-46 -62
-46 -62
-46 -62
-46 -62
-46 -62
-46 -62
-46 -62
-46 -62
-46 -62
-46 -62
-46 -62
-46 -62
-46 -62
-46 -62
-46 -62
-46 -62
-46 -62
-46 -62
-46 -62
-46 -62
-46 -62
-46 -62
-46 -62
-46 -62
-46 -62
-46 -62
-46 -62
-46 -62
-46 -62
-47 -61
-50 -51
-50 -51
-50 -51
-50 -51
-50 -51
-50 -51
-50 -51
-50 -51
-50 -51
-50 -51
-50 -51
-50 -51
-50 -51
-50 -51
-50 -51
-50 -51
-50 -51
-50 -51
-50 -51
-50 -51
-50 -51
-50 -51
-50 -51
-50 -51
-50 -51
-50 -51
-50 -51
-50 -51
-50 -51
-50 -51
-50 -51
-50 -51
-50 -51
-50 -51
-50 -51
-50 -51
-50 -51
-50 -51
-50 -51
-50 -51
-50 -51
-50 -51
-57 -32
-57 -32
-57 -32
-57 -32
-57 -32
-57 -32
-57 -32
-57 -32
-57 -32
-57 -32
-57 -32
-57 -32
-57 -32
-57 -32
-57 -32
-57 -32
-57 -32
-57 -32
-57 -32
-57 -32
-57 -32
-65 -43
-65 -43
-65 -43
-65 -43
-65 -43
-65 -43
-65 -43
-65 -43
-65 -43
-65 -43
-65 -43
-65 -43
-65 -43
-65 -43
-65 -43
-65 -43
-65 -43
-65 -43
-65 -43
-65 -43
-65 -43
-65 -43
-65 -43
-65 -43
-65 -43
-70 -44
-70 -44
-70 -44
-70 -44
-70 -44
-70 -44
-70 -44
-70 -44
-70 -44
-70 -44
-70 -44
-70 -44
-70 -44
-70 -44
-70 -44
-70 -44
-70 -44
-70 -44
-70 -44
-70 -44
-70 -44
-70 -44
-70 -44
-70 -44
-70 -44
-70 -44
-70 -44
-70 -44
-70 -44
-70 -44
-70 -44
-70 -44
-70 -44
-70 -44
-70 -44
-70 -44
-70 -44
-70 -44
-70 -44
-70 -44
-70 -44
-70 -44
-70 -44
-70 -44
-70 -44
-70 -44
-58 -40
-58 -40
-58 -40
-58 -40
-58 -40
-58 -40
-58 -40
-58 -40
-58 -40
-58 -40
-58 -40
-58 -40
-58 -40
-58 -40
-58 -40
-58 -40
-58 -40
-58 -40
-58 -40
-58 -40
-58 -40
-58 -40
-58 -40
-58 -40
-58 -40
-58 -40
-58 -40
-58 -40
-58 -40
-58 -40
-58 -40
-58 -40
-58 -40
-58 -40
-58 -40
-58 -40
-58 -40
-58 -40
-58 -40
-58 -40
-58 -40
-58 -40
-58 -40
-58 -40
-75 -37
-75 -37
-75 -37
-75 -37
-75 -37
-75 -37
-75 -37
-75 -37
-75 -37
-75 -37
-75 -37
-75 -37
-75 -37
-75 -37
-75 -37
-75 -37
-75 -37
-75 -37
-75 -37
-75 -37
-79 -35
-79 -35
-79 -35
-79 -35
-79 -35
-79 -35
-79 -35
-79 -35
-79 -35
-79 -35
-79 -35
-79 -35
-79 -35
-79 -35
-79 -35
-79 -35
-79 -35
-79 -35
-79 -35
-79 -35
-79 -35
-83 -28
-83 -28
-83 -28
-83 -28
-83 -28
-83 -28
-83 -28
-83 -28
-83 -28
-83 -28
-83 -28
-83 -28
-83 -28
-83 -28
-83 -28
-83 -28
-83 -28
-83 -28
-83 -28
-83 -28
-83 -28
-83 -28
-81 -21
-81 -21
-81 -21
-81 -21
-81 -21
-81 -21
-81 -21
-81 -21
-81 -21
-81 -21
-81 -21
-81 -21
-81 -21
-81 -21
-81 -21
-81 -21
-81 -21
-81 -21
-81 -21
-81 -21
-81 -21
-81 -21
-81 -21
-81 -21
-81 -21
-81 -21
-81 -21
-81 -21
-81 -21
-81 -21
-81 -21
-81 -21
-81 -21
-81 -21
-81 -21
-81 -21
-81 -21
-81 -21
-81 -21
-81 -21
-81 -21
-81 -21
-81 -21
-81 -21
-95 -14
-95 -14
-95 -14
-95 -14
-95 -14
-95 -14
-95 -14
-95 -14
-95 -14
-95 -14
-95 -14
-95 -14
-95 -14
-95 -14
-95 -14
-95 -14
-95 -14
-95 -14
-95 -14
-95 -14
-95 -14
-95 -14
-95 -14
-95 -14
-95 -14
-95 -14
-95 -14
-95 -14
-95 -14
-95 -14
-95 -14
-95 -14
-95 -14
-95 -14
-95 -14
-95 -14
-95 -14
-95 -14
-95 -14
-95 -14
-95 -14
-97 -11
-97 -11
-97 -11
-97 -11
-97 -11
-97 -11
-97 -11
-97 -11
-97 -11
-97 -11
-97 -11
-97 -11
-97 -11
-97 -11
-97 -11
-97 -11
-97 -11
-97 -11
-97 -11
-97 -11
-97 -11
-97 -11
-104 -6
-104 -6
-104 -6
-104 -6
-104 -6
-104 -6
-104 -6
-104 -6
-104 -6
-104 -6
-104 -6
-104 -6
-104 -6
-104 -6
-104 -6
-104 -6
-104 -6
-104 -6
-104 -6
-104 -6
-104 -6
-104 -6
-104 -6
-104 -6
-104 -6
-104 -6
-104 -6
-104 -6
-104 -6
-104 -6
-104 -6
-104 -6
-104 -6
-104 -6
-104 -6
-104 -6
-104 -6
-104 -6
-104 -6
-104 -6
-104 -6
-104 -6
-104 -6
-104 -6
-104 -6
-104 -6
-104 -6
-104 -6
-104 -6
-104 -6
-104 -6
-104 -6
-104 -6
-104 -6
-104 -6
-104 -6
-104 -6
-104 -6
-104 -6
-104 -6
-104 -6
-104 -6
-104 -6
-104 -6
-104 -6
-104 -6
-102 -1
-107 -2
-107 -2
-107 -2
-107 -2
-107 -2
-107 -2
-107 -2
-107 -2
-107 -2
-107 -2
-107 -2
-107 -2
-107 -2
-107 -2
-107 -2
-107 -2
-107 -2
-107 -2
-107 -2
-107 -2
-107 -2
-107 -2
-107 -2
-107 -2
-107 -2
-107 -2
-107 -2
-107 -2
-107 -2
-107 -2
-107 -2
-107 -2
-107 -2
-107 -2
-107 -2
-107 -2
-107 -2
-107 -2
-107 -2
-107 -2
-107 -2
-107 -2
-110 2
-111 3
-111 3
-111 3
-111 3
-111 3
-111 3
-111 3
-111 3
-111 3
-111 3
-111 3
-111 3
-111 3
-111 3
-111 3
-111 3
-111 3
-111 3
-111 3
-111 3
-111 3
-111 3
-111 3
-111 3
-111 3
-111 3
-111 3
-111 3
-111 3
-111 3
-111 3
-111 3
-111 3
-111 3
-111 3
-111 3
-111 3
-111 3
-111 3
-111 3
-111 3
-111 3
-111 3
-111 3
-111 3
-111 3
-111 3
-117 6
-117 6
-117 6
-117 6
-117 6
-117 6
-117 6
-117 6
-117 6
-117 6
-117 6
-117 6
-117 6
-117 6
-117 6
-117 6
-117 6
-117 6
-117 6
-117 6
-117 6
-117 6
-109 19
-109 19
-109 19
-109 19
-109 19
-109 19
-109 19
-109 19
-109 19
-109 19
-109 19
-109 19
-109 19
-109 19
-109 19
-109 19
-109 19
-109 19
-109 19
-113 24
-113 24
-113 24
-113 24
-113 24
-113 24
-113 24
-113 24
-113 24
-113 24
-113 24
-113 24
-113 24
-113 24
-113 24
-113 24
-113 24
-113 24
-113 24
-113 24
-113 24
-113 24
-113 24
-113 24
-113 24
-113 24
-113 24
-113 24
-113 24
-113 24
-113 24
-113 24
-113 24
-113 24
-113 24
-113 24
-113 24
-113 24
-113 24
-113 24
-113 24
-113 24
-113 24
-113 24
-113 24
-113 24
-113 24
-105 31
-105 31
-105 31
-105 31
-105 31
-105 31
-105 31
-105 31
-105 31
-105 31
-105 31
-105 31
-105 31
-105 31
-105 31
-105 31
-105 31
-105 31
-105 31
-105 31
-90 44
-90 44
-90 44
-90 44
-90 44
-90 44
-90 44
-90 44
-90 44
-90 44
-90 44
-90 44
-90 44
-90 44
-90 44
-90 44
-90 44
-90 44
-90 44
-90 44
-90 44
-90 44
-90 44
-90 44
-90 44
-90 44
-90 44
-90 44
-90 44
-90 44
-90 44
-90 44
-90 44
-90 44
-90 44
-90 44
-90 44
-90 44
-90 44
-90 44
-90 44
-90 44
-90 44
-90 44
-90 44
-90 44
-104 59
-104 59
-104 59
-104 59
-104 59
-104 59
-104 59
-104 59
-104 59
-104 59
-104 59
-104 59
-104 59
-104 59
-104 59
-104 59
-104 59
-104 59
-104 59
-104 59
-104 59
-104 59
-104 59
-104 59
-104 59
-104 59
-104 59
-104 59
-104 59
-104 59
-104 59
-104 59
-104 59
-104 59
-104 59
-104 59
-104 59
-104 59
-104 59
-97 70
-93 80
-93 80
-93 80
-93 80
-93 80
-93 80
-93 80
-93 80
-93 80
-93 80
-93 80
-93 80
-93 80
-93 80
-93 80
-93 80
-93 80
-93 80
-93 80
-93 80
-93 80
-93 80
-93 80
-93 80
-93 80
-93 80
-93 80
-93 80
-93 80
-93 80
-93 80
-93 80
-93 80
-93 80
-93 80
-93 80
-83 86
-83 86
-83 86
-83 86
-83 86
-83 86
-83 86
-83 86
-83 86
-83 86
-83 86
-83 86
-83 86
-83 86
-83 86
-83 86
-83 86
-83 86
-83 86
-83 86
-83 86
-83 86
-83 86
-83 86
-82 90
-82 90
-82 90
-82 90
-82 90
-82 90
-82 90
-82 90
-82 90
-82 90
-82 90
-82 90
-82 90
-82 90
-82 90
-82 90
-82 90
-82 90
-82 90
-82 90
-82 90
-82 90
-79 96
-79 96
-79 96
-79 96
-79 96
-79 96
-79 96
-79 96
-79 96
-79 96
-79 96
-79 96
-79 96
-79 96
-79 96
-79 96
-79 96
-79 96
-79 96
-79 96
-79 96
-79 96
-79 96
-79 96
-79 96
-79 96
-79 96
-79 96
-79 96
-79 96
-79 96
-79 96
-79 96
-79 96
-79 96
-79 96
-79 96
-79 96
-79 96
-79 96
-77 102
-77 102
-77 102
-77 102
-77 102
-77 102
-77 102
-77 102
-77 102
-77 102
-77 102
-77 102
-77 102
-77 102
-77 102
-77 102
-77 102
-77 102
-77 102
-77 102
-77 102
-77 102
-77 102
-77 102
-77 102
-77 102
-77 102
-77 102
-77 102
-77 102
-77 102
-77 102
-77 102
-77 102
-77 102
-77 102
-77 102
-77 102
-77 102
-77 102
-77 102
-77 102
-77 102
-77 102
-77 102
-77 102
-52 95
-52 95
-52 95
-52 95
-52 95
-52 95
-52 95
-52 95
-52 95
-52 95
-52 95
-52 95
-52 95
-52 95
-52 95
-52 95
-52 95
-52 95
-52 95
-52 95
-52 95
-52 95
-52 95
-52 95
-52 95
-52 95
-52 95
-52 95
-52 95
-52 95
-52 95
-52 95
-52 95
-52 95
-52 95
-52 95
-52 95
-52 95
-52 95
-52 95
-52 95
-52 95
-52 95
-52 95
-52 95
-52 95
-53 104
-57 109
-57 109
-57 109
-57 109
-57 109
-57 109
-57 109
-57 109
-57 109
-57 109
-57 109
-57 109
-57 109
-57 109
-57 109
-57 109
-57 109
-57 109
-38 108
-38 108
-38 108
-38 108
-38 108
-38 108
-38 108
-38 108
-38 108
-38 108
-38 108
-38 108
-38 108
-38 108
-38 108
-38 108
-38 108
-38 108
-38 108
-38 108
-38 108
-38 108
-38 108
-38 108
-38 108
-38 108
-38 108
-38 108
-38 108
-38 108
-38 108
-38 108
-38 108
-38 108
-38 108
-38 108
-38 108
-38 108
-38 108
-38 108
-38 108
-38 108
-36 145
-36 145
-36 145
-36 145
-36 145
-36 145
-36 145
-36 145
-36 145
-36 145
-36 145
-36 145
-36 145
-36 145
-36 145
-36 145
-36 145
-36 145
-36 145
-36 145
-36 145
-36 145
-36 145
-36 145
-28 140
-28 140
-28 140
-28 140
-28 140
-28 140
-28 140
-28 140
-28 140
-28 140
-28 140
-28 140
-28 140
-28 140
-28 140
-28 140
-28 140
-28 140
-28 140
-28 140
-28 140
-28 140
-28 140
-28 140
-28 140
-28 140
-28 140
-28 140
-28 140
-28 140
-28 140
-28 140
-28 140
-28 140
-28 140
-28 140
-28 140
-28 140
-28 140
-28 140
-28 140
-28 140
-28 140
-28 140
-28 140
-28 140
-28 140
-28 140
-30 162
-30 162
-30 162
-30 162
-30 162
-30 162
-30 162
-30 162
-30 162
-30 162
-30 162
-30 162
-30 162
-30 162
-30 162
-30 162
-30 162
-30 162
-30 162
-30 162
-30 162
-30 162
-30 162
-20 160
-20 160
-20 160
-20 160
-20 160
-20 160
-20 160
-20 160
-20 160
-20 160
-20 160
-20 160
-20 160
-20 160
-20 160
-20 160
-20 160
-20 160
-20 160
-20 160
-20 160
-20 160
-20 160
-12 157
-12 157
-12 157
-12 157
-12 157
-12 157
-12 157
-12 157
-12 157
-12 157
-12 157
-12 157
-12 157
-12 157
-12 157
-12 157
-12 157
-12 157
-12 157
-12 157
-12 157
-12 157
-12 157
-12 157
-12 157
-12 157
-12 157
-12 157
-12 157
-12 157
-12 157
-12 157
-12 157
-12 157
-12 157
-12 157
-12 157
-12 157
-12 157
-12 157
-12 157
-12 157
-12 157
-12 157
-12 157
-12 157
-12 157
-12 157
-12 157
-12 157
-12 157
-12 157
-12 157
-12 157
-12 157
-12 157
-12 157
-12 157
-12 157
-12 157
-12 157
-12 157
6 164
23 153
23 153
23 153
23 153
23 153
23 153
23 153
23 153
23 153
23 153
23 153
23 153
23 153
23 153
23 153
23 153
23 153
23 153
23 153
23 153
23 153
23 153
23 153
23 153
23 153
23 153
23 153
23 153
23 153
23 153
23 153
23 153
23 153
23 153
23 153
23 153
23 153
23 153
23 153
23 153
23 153
23 153
23 153
23 153
23 153
23 153
23 153
24 159
24 159
24 159
24 159
24 159
24 159
24 159
24 159
24 159
24 159
24 159
24 159
24 159
24 159
24 159
24 159
24 159
24 159
24 159
24 159
24 159
24 159
24 159
24 159
24 159
24 159
24 159
24 159
24 159
24 159
24 159
24 159
24 159
24 159
24 159
24 159
24 159
24 159
24 159
24 159
24 159
24 159
24 159
24 159
24 159
24 159
24 159
43 130
84 120
84 120
84 120
84 120
84 120
84 120
84 120
84 120
84 120
84 120
84 120
84 120
84 120
84 120
84 120
84 120
84 120
84 120
84 120
84 120
84 120
84 120
84 120
84 120
84 120
84 120
84 120
84 120
84 120
84 120
84 120
84 120
84 120
84 120
84 120
84 120
84 120
84 120
84 120
84 120
84 120
84 120
84 120
84 120
84 120
84 120
100 114
100 114
100 114
100 114
100 114
100 114
100 114
100 114
100 114
100 114
100 114
100 114
100 114
100 114
100 114
100 114
100 114
100 114
100 114
100 114
100 114
100 114
100 114
85 88
85 88
85 88
85 88
85 88
85 88
85 88
85 88
85 88
85 88
85 88
85 88
85 88
85 88
85 88
85 88
85 88
85 88
85 88
85 88
85 88
85 88
85 88
85 88
85 88
85 88
85 88
85 88
85 88
85 88
85 88
85 88
85 88
85 88
85 88
85 88
85 88
85 88
85 88
85 88
85 88
85 88
85 88
85 88
85 88
85 88
85 88
85 88
85 88
85 88
85 88
85 88
85 88
85 88
85 88
85 88
85 88
85 88
85 88
85 88
85 88
85 88
85 88
85 88
85 88
85 88
85 88
85 88
85 88
135 91
135 91
135 91
135 91
135 91
135 91
135 91
135 91
135 91
135 91
135 91
135 91
135 91
135 91
135 91
135 91
135 91
135 91
135 91
135 91
135 91
129 64
129 64
129 64
129 64
129 64
129 64
129 64
129 64
129 64
129 64
129 64
129 64
129 64
129 64
129 64
129 64
129 64
129 64
129 64
129 64
129 64
129 64
129 64
142 73
142 73
142 73
142 73
142 73
142 73
142 73
142 73
142 73
142 73
142 73
142 73
142 73
142 73
142 73
142 73
142 73
142 73
142 73
142 73
142 73
142 73
142 73
142 73
142 73
142 73
142 73
142 73
142 73
142 73
142 73
142 73
142 73
142 73
142 73
142 73
142 73
142 73
142 73
142 73
142 73
142 73
142 73
142 73
142 73
142 73
142 73
142 73
142 73
142 73
142 73
142 73
137 32
137 32
137 32
137 32
137 32
137 32
137 32
137 32
137 32
137 32
137 32
137 32
137 32
137 32
137 32
137 32
137 32
137 32
137 32
137 32
154 12
154 12
154 12
154 12
154 12
154 12
154 12
154 12
154 12
154 12
154 12
154 12
154 12
154 12
154 12
154 12
154 12
154 12
154 12
154 12
154 12
154 12
154 12
154 12
154 12
154 12
154 12
154 12
154 12
154 12
154 12
154 12
154 12
154 12
154 12
154 12
154 12
154 12
154 12
154 12
154 12
154 12
154 12
166 -7
166 -7
166 -7
166 -7
166 -7
166 -7
166 -7
166 -7
166 -7
166 -7
166 -7
166 -7
166 -7
166 -7
166 -7
166 -7
166 -7
166 -7
166 -7
166 -7
166 -7
166 -7
166 -7
166 -7
166 -7
166 -7
166 -7
166 -7
166 -7
166 -7
166 -7
166 -7
166 -7
166 -7
166 -7
166 -7
166 -7
166 -7
166 -7
166 -7
166 -7
166 -7
166 -7
166 -7
166 -7
153 -4
133 -20
133 -20
133 -20
133 -20
133 -20
133 -20
133 -20
133 -20
133 -20
133 -20
133 -20
133 -20
133 -20
133 -20
133 -20
133 -20
133 -20
133 -20
133 -20
133 -20
133 -20
133 -20
133 -20
133 -20
133 -20
133 -20
133 -20
133 -20
133 -20
133 -20
133 -20
133 -20
133 -20
133 -20
133 -20
133 -20
133 -20
133 -20
133 -20
133 -20
133 -20
133 -20
133 -20
133 -20
133 -20
133 -29
133 -29
133 -29
133 -29
133 -29
133 -29
133 -29
133 -29
133 -29
133 -29
133 -29
133 -29
133 -29
133 -29
133 -29
133 -29
133 -29
133 -29
133 -29
133 -29
133 -29
111 -40
111 -40
111 -40
111 -40
111 -40
111 -40
111 -40
111 -40
111 -40
111 -40
111 -40
111 -40
111 -40
111 -40
111 -40
111 -40
111 -40
111 -40
111 -40
111 -40
111 -40
111 -40
111 -40
111 -40
111 -40
111 -40
111 -40
111 -40
111 -40
111 -40
111 -40
111 -40
111 -40
111 -40
111 -40
111 -40
111 -40
111 -40
111 -40
111 -40
111 -40
111 -40
111 -40
111 -40
111 -40
111 -40
113 -73
108 -91
108 -91
108 -91
108 -91
108 -91
108 -91
108 -91
108 -91
108 -91
108 -91
108 -91
108 -91
108 -91
108 -91
108 -91
108 -91
108 -91
108 -91
108 -91
108 -91
108 -91
108 -91
108 -91
108 -91
108 -91
108 -91
108 -91
108 -91
108 -91
108 -91
97 -99
97 -99
97 -99
97 -99
97 -99
97 -99
97 -99
97 -99
97 -99
97 -99
97 -99
97 -99
97 -99
97 -99
76 -94
76 -94
76 -94
76 -94
76 -94
76 -94
76 -94
76 -94
76 -94
76 -94
76 -94
76 -94
76 -94
76 -94
76 -94
76 -94
51 -86
51 -86
51 -86
51 -86
51 -86
51 -86
51 -86
51 -86
51 -86
51 -86
51 -86
51 -86
51 -86
51 -86
51 -86
51 -86
51 -86
51 -86
51 -86
51 -86
51 -86
51 -86
51 -86
51 -86
51 -86
51 -86
51 -86
51 -86
51 -86
51 -86
51 -86
51 -86
51 -86
51 -86
51 -86
51 -86
51 -86
51 -86
51 -86
51 -86
51 -86
51 -86
51 -86
51 -86
51 -86
51 -86
51 -86
51 -86
51 -86
51 -86
51 -86
53 -97
53 -97
53 -97
53 -97
53 -97
53 -97
53 -97
53 -97
53 -97
53 -97
53 -97
53 -97
53 -97
53 -97
53 -97
53 -97
53 -97
53 -97
53 -97
53 -97
53 -97
53 -97
53 -97
53 -97
53 -97
53 -97
53 -97
53 -97
53 -97
53 -97
53 -97
53 -97
53 -97
53 -97
33 -89
33 -89
33 -89
33 -89
33 -89
33 -89
33 -89
33 -89
33 -89
33 -89
33 -89
33 -89
33 -89
33 -89
33 -89
33 -89
30 -77
30 -77
30 -77
30 -77
30 -77
30 -77
30 -77
30 -77
30 -77
30 -77
30 -77
30 -77
30 -77
30 -77
30 -77
30 -77
22 -75
22 -75
22 -75
22 -75
22 -75
22 -75
22 -75
22 -75
22 -75
22 -75
22 -75
22 -75
22 -75
22 -75
22 -75
22 -75
22 -75
22 -75
22 -75
22 -75
22 -75
22 -75
22 -75
22 -75
22 -75
22 -75
22 -75
22 -75
22 -75
22 -75
22 -75
22 -75
22 -75
22 -75
22 -75
22 -75
16 -59
16 -59
16 -59
16 -59
16 -59
16 -59
16 -59
16 -59
16 -59
16 -59
16 -59
16 -59
16 -59
16 -59
16 -59
16 -59
16 -59
16 -59
16 -59
16 -59
16 -59
16 -59
16 -59
16 -59
16 -59
16 -59
16 -59
16 -59
16 -59
16 -59
16 -59
16 -59
6 -28
6 -28
6 -28
6 -28
6 -28
6 -28
6 -28
6 -28
6 -28
6 -28
6 -28
6 -28
6 -28
6 -28
6 -28
6 -28
6 -28
6 -28
6 -28
6 -28
6 -28
6 -28
6 -28
6 -28
6 -28
6 -28
6 -28
6 -28
6 -28
6 -28
6 -28
6 -28
6 -28
6 -28
6 -28
3 -11
3 -11
3 -11
3 -11
3 -11
3 -11
3 -11
3 -11
3 -11
3 -11
3 -11
3 -11
3 -11
3 -11
3 -11
3 -11
3 -11
3 -11
3 -11
3 -11
1 -2
1 -2
1 -2
1 -2
1 -2
1 -2
1 -2
1 -2
1 -2
1 -2
1 -2
1 -2
1 -2
1 -2
1 -2
1 -2
1 -2
1 -2
1 -2
1 -2
1 -2
1 -2
1 -2
1 -2
1 -2
1 -2
1 -2
1 -2
1 -2
1 -2
1 -2
1 -2
1 -2
1 -2
1 -2
1 -2
1 -2
1 -2
1 -2
1 -2
1 -2
1 -2
1 -2
1 -2
1 -2
1 -2
1 -2
1 -2
1 -2
1 -2
1 -2
1 -2
1 -2
1 -2
1 -2
1 -2
1 -2
1 -2
1 -2
1 -2
1 -2
1 -2
1 -2
1 -2
1 -2
1 -2
1 -2
1 -2
1 -2
1 -2
1 -2
1 -2
1 -2
1 -2
1 -2
0 -1
0 -1
0 -1
0 -1
0 -1
0 -1
0 -1
0 -1
0 -1
0 -1
0 -1
0 -1
0 -1
0 -1
0 -1
0 -1
0 -1
0 -1
0 -1
0 -1
0 -1
0 -1
0 -1
0 -1
0 -1
0 -1
0 -1
0 -1
0 -1
0 -1
0 -1
0 -1
0 -1
0 -1
0 -1
0 -1
0 -1
0 -1
0 -1
0 -1
0 -1
0 -1
0 -1
0 -1
0 -1
0 -1
0 -1
0 -1
0 -1
0 -1
0 -1
0 -1
0 -1
0 -1
0 -1
0 -1
0 -1
0 -1
0 -1
0 -1
0 -1
0 -1
0 -1
0 -1
0 -1
0 -1
0 -1
0 -1
0 -1
0 -1
0 -1
0 -1
0 -1
0 -1
0 -1
0 -1
0 -1
0 -1
0 -1
0 -1
0 -1
0 -1
0 -1
0 -1
0 -1
0 -1
0 -1
0 -1
0 -1
0 -1
0 -1
0 -1
0 -1
0 -1
0 -1
0 -1
0 -1
0 -1
0 -1
0 -1
0 -1
0 -1
0 -1
0 -1
0 -1
0 -1
0 -1
0 -1
0 -1
0 -1
0 -1
0 -1
0 -1
0 -1
0 -1
0 -1
0 -1
0 -1
0 -1
0 -1
0 -1
0 -1
0 -1
0 -1
0 -1
0 -1
0 -1
0 -1
0 -1
0 -1
0 -1
0 -1
0 -1
0 -1
0 -1
0 -1
0 -1
0 -1
0 -1
0 -1
0 -1
0 -1
0 -1
0 -1
0 -1
0 -1
0 -1
0 -1
0 -1
0 -1
0 -1
0 -1
0 -1
0 -1
0 -1
0 -1
0 -1
0 -1
0 -1
0 -1
0 -1
0 -1
0 -1
0 -1
0 -1
0 -1
0 -1
0 -1
0 -1
0 -1
0 -1
0 -1
0 -1
0 -1
0 -1
0 -1
0 -1
0 -1
0 -1
0 -1
0 -1
0 -1
0 -1
0 -1
0 -1
0 -1
0 -1
0 -1
0 -1
0 -1
0 -1
0 -1
0 -1
0 -1
0 -1
0 -1
0 -1
0 -1
0 -1
0 -1
0 -1
0 -1
0 -1
0 -1
0 -1
0 -1
0 -1
0 -1
0 -1
0 -1
0 -1
0 -1
0 -1
0 -1
0 -1
0 -1
0 -1
0 -1
0 -1
0 -1
0 -1
0 -1
0 -1
0 -1
0 -1
0 -1
0 -1
0 -1
0 -1
0 -1
0 -1
0 -1
0 -1
0 -1
0 -1
0 -1
0 -1
0 1
0 1
0 1
0 1
0 1
0 1
0 1
0 1
0 1
0 1
0 1
0 1
0 1
0 1
0 1
0 1
0 1
0 1
0 1
0 1
0 1
0 1
0 1
0 1
0 1
0 1
0 1
0 1
0 1
0 1
0 1
0 1
0 1
0 1
0 1
0 1
0 1
0 1
0 1
0 1
0 1
0 1
1 4
0 1
0 1
0 1
0 1
0 1
0 1
0 1
0 1
0 1
0 1
0 1
0 1
0 1
0 1
0 1
0 1
0 1
0 1
0 1
0 1
0 1
0 1
0 1
0 1
0 1
0 1
0 1
0 1
0 1
0 1
0 1
0 1
0 1
0 1
0 1
0 1
0 1
0 1
0 1
0 1
0 1
0 1
0 1
0 1
0 1
0 1
0 1
0 1
0 1
0 1
0 1
0 1
0 1
0 1
0 1
0 1
0 1
0 1
0 1
0 1
0 1
0 1
0 1
0 1
0 1
0 1
0 1
0 1
0 1
0 1
0 1
0 1
0 1
0 1
0 1
0 1
0 1
0 1
0 1
0 1
0 1
0 1
0 1
0 1
0 1
0 1
0 1
0 1
0 1
0 1
0 1
0 1
0 1
0 1
0 1
0 1
0 1
0 1
0 1
0 1
0 1
0 1
0 1
0 1
0 1
0 1
0 1
0 1
0 1
0 1
0 1
0 1
0 1
0 1
0 1
0 1
0 1
0 1
0 1
0 1
0 1
0 1
0 1
0 1
0 1
0 1
0 1
0 1
0 1
0 1
0 1
0 1
0 1
0 1
0 1
0 1
0 1
0 1
0 1
0 1
0 1
0 1
0 1
0 1
0 1
0 1
0 1
0 1
0 1
0 1
0 1
0 1
0 1
0 1
0 1
0 1
0 1
0 1
0 1
0 1
0 1
0 1
0 1
0 1
0 1
0 1
0 1
0 1
0 1
0 1
0 1
0 1
0 1
0 1
0 1
0 1
0 1
0 1
0 1
0 1
0 1
0 1
0 1
0 1
0 1
0 1
0 1
0 1
0 1
0 1
0 1
0 1
0 1
0 1
0 1
0 1
0 1
0 1
0 1
0 1
0 1
0 1
0 1
0 1
0 1
0 1
0 1
0 1
0 1
0 1
0 1
0 1
0 1
0 1
0 1
0 1
0 1
0 1
0 1
0 1
0 1
0 1
0 1
0 1
0 1
0 1
0 1
0 1
0 1
0 1
0 1
0 1
0 1
0 1
0 1
0 1
0 1
0 1
0 1
0 1
0 1
0 1
0 1
0 1
0 1
0 1
0 1
0 1
0 1
0 1
0 1
0 1
0 1
0 1
0 1
0 1
0 1
0 1
0 1
0 1
0 1
0 1
0 1
0 1
0 1
0 1
0 1
0 1
0 1
0 1
0 1
0 1
0 1
0 1
0 1
0 1
0 1
0 1
0 1
0 1
0 1
0 1
0 1
0 1
0 1
0 1
0 1
0 1
0 1
0 1
0 1
0 1
0 1
0 1
0 1
0 1
0 1
0 1
0 1
0 1
0 1
0 1
0 1
0 1
0 1
0 1
0 1
0 1
0 1
0 1
0 1
0 1
0 1
0 1
0 1
0 1
0 1
0 1
0 1
0 1
0 1
0 1
0 1
0 1
0 1
0 1
0 1
0 1
0 1
0 1
0 1
0 1
0 1
0 1
0 1
0 1
0 1
0 1
0 1
0 1
0 1
0 1
0 1
0 1
0 1
0 1
0 1
0 1
0 1
0 1
0 1
0 1
0 1
0 1
0 1
0 1
0 1
0 1
0 1
0 1
0 1
0 1
0 1
0 1
0 1
0 1
0 1
0 1
0 1
0 1
0 1
0 1
0 1
0 1
0 1
0 1
0 1
0 1
0 1
0 1
0 1
0 1
0 1
0 1
0 1
0 1
0 1
0 1
0 1
0 1
0 1
0 1
0 1
0 1
0 1
0 1
0 1
0 1
0 1
0 1
0 1
0 1
0 1
0 1
0 1
0 1
0 1
0 1
0 1
0 1
0 1
0 1
0 1
0 1
0 1
0 1
0 1
0 1
0 1
0 1
0 1
0 1
0 1
0 1
0 1
0 1
0 1
0 1
0 1
0 1
0 1
0 1
0 1
0 1
0 1
0 1
0 1
0 1
0 1
0 1
0 1
0 1
0 1
0 1
0 1
0 1
0 1
0 1
0 1
0 1
0 1
0 1
0 1
0 1
0 1
0 1
0 1
0 1
0 1
0 1
0 1
0 1
0 1
0 1
0 1
0 1
0 1
0 1
0 1
0 1
0 1
0 1
0 1
0 1
0 1
0 1
0 1
0 1
0 1
0 1
0 1
0 1
0 1
0 1
0 1
0 1
0 1
0 1
0 1
0 1
0 1
0 1
0 1
0 1
0 1
0 1
0 1
0 1
0 1
0 1
0 1
0 1
0 1
0 1
0 1
0 1
0 1
0 1
0 1
0 1
0 1
0 1
0 1
0 1
0 1
0 1
0 1
0 1
0 1
0 1
0 1
0 1
0 1
0 1
0 1
0 1
0 1
0 1
0 1
0 1
0 1
0 1
0 1
0 1
0 1
0 1
0 1
0 1
0 1
0 1
0 1
0 1
0 1
0 1
0 1
0 1
0 1
0 1
0 1
0 1
0 1
0 1
0 1
0 1
0 1
0 1
0 1
0 1
0 1
0 1
0 1
0 1
0 1
0 1
0 1
0 1
0 1
0 1
0 1
0 1
0 1
0 1
0 1
0 1
0 1
0 1
0 1
0 1
0 1
0 1
0 1
0 1
0 1
0 1
0 1
0 1
0 1
0 1
0 1
0 1
0 1
0 1
0 1
0 1
0 1
0 1
