1 74
1 74
1 74
1 74
1 74
1 74
7 70
7 70
7 70
7 70
7 70
7 70
7 70
7 70
7 70
7 70
7 70
7 70
7 70
7 70
7 70
7 70
7 70
7 70
7 70
7 70
7 70
7 70
7 70
8 71
8 71
8 71
8 71
8 71
8 71
8 71
8 71
8 71
8 71
8 71
8 71
8 71
8 71
8 71
8 71
8 71
8 71
8 71
8 71
8 71
8 71
8 71
8 71
8 71
8 71
8 71
8 71
8 71
8 71
8 71
8 71
8 71
8 71
8 71
8 71
8 71
8 71
8 71
8 71
8 71
8 71
8 71
6 71
6 71
6 71
6 71
6 71
6 71
6 71
6 71
6 71
6 71
6 71
6 71
6 71
6 71
6 71
6 71
6 71
6 71
6 71
6 71
6 71
6 71
6 71
6 71
6 71
6 71
6 71
6 71
6 71
6 71
6 71
6 71
6 71
6 71
6 71
6 71
6 71
6 71
6 71
6 71
6 71
9 74
9 74
11 81
11 81
11 81
11 81
11 81
11 81
11 81
11 81
11 81
11 81
11 81
11 81
11 81
11 81
11 81
11 81
11 81
11 81
11 81
11 81
11 81
11 81
11 81
11 81
11 81
11 81
11 81
11 81
11 81
11 81
11 81
11 81
11 81
11 81
11 81
11 81
11 81
11 81
11 81
11 81
11 81
11 81
11 81
11 81
11 81
14 74
14 74
14 74
14 74
14 74
14 74
14 74
14 74
14 74
14 74
14 74
14 74
14 74
14 74
14 74
14 74
14 74
14 74
14 74
14 74
14 74
14 74
14 74
14 74
14 74
14 74
16 77
16 77
16 77
16 77
16 77
16 77
16 77
16 77
16 77
16 77
16 77
16 77
16 77
16 77
16 77
16 77
16 77
16 77
16 77
16 77
16 77
16 77
16 77
16 77
16 77
16 77
16 77
16 77
16 77
16 77
16 77
16 77
16 77
16 77
16 77
16 77
16 77
16 77
16 77
16 77
16 77
16 77
16 77
16 77
16 77
16 77
16 77
16 77
13 79
13 79
13 79
13 79
13 79
13 79
13 79
13 79
13 79
13 79
13 79
13 79
13 79
13 79
13 79
13 79
13 79
13 79
13 79
13 79
13 79
13 79
13 79
13 79
13 79
13 79
13 79
13 79
13 79
13 79
13 79
13 79
13 79
13 79
13 79
13 79
13 79
13 79
13 79
13 79
13 79
13 79
13 79
13 79
13 79
13 79
13 79
13 79
13 79
13 79
13 79
13 79
29 80
29 80
29 80
29 80
29 80
29 80
29 80
29 80
29 80
29 80
29 80
29 80
29 80
29 80
29 80
29 80
29 80
29 80
25 72
25 72
25 72
25 72
25 72
25 72
25 72
25 72
25 72
25 72
25 72
25 72
25 72
25 72
25 72
25 72
25 72
25 72
25 72
25 72
25 72
25 72
25 72
25 72
25 72
25 72
25 72
25 72
25 72
25 72
25 72
25 72
25 72
25 72
25 72
25 72
25 72
25 72
25 72
25 72
25 72
25 72
25 72
25 72
25 72
25 72
25 72
25 72
25 72
25 72
30 69
30 69
30 69
30 69
30 69
30 69
30 69
30 69
30 69
30 69
30 69
30 69
30 69
30 69
30 69
30 69
30 69
30 69
30 69
30 69
30 69
30 69
30 69
34 70
34 70
34 70
34 70
34 70
34 70
34 70
34 70
34 70
34 70
34 70
34 70
34 70
34 70
34 70
34 70
34 70
34 70
34 70
34 70
34 70
34 70
34 70
34 70
34 70
34 70
34 70
34 70
34 70
34 70
34 70
34 70
34 70
34 70
34 70
34 70
34 70
34 70
34 70
34 70
34 70
34 70
43 70
43 70
43 70
43 70
43 70
43 70
43 70
43 70
43 70
43 70
43 70
43 70
43 70
43 70
43 70
43 70
43 70
43 70
43 70
43 70
43 70
43 70
43 70
43 70
43 70
43 70
43 70
43 70
43 70
43 70
43 70
43 70
43 70
43 70
43 70
43 70
43 70
43 70
43 70
43 70
43 70
43 70
43 70
43 70
43 70
43 70
43 70
53 53
53 53
53 53
53 53
53 53
53 53
53 53
53 53
53 53
53 53
53 53
53 53
53 53
53 53
53 53
53 53
53 53
53 53
53 53
53 53
53 53
53 53
53 53
53 53
53 53
53 53
53 53
53 53
53 53
53 53
53 53
53 53
53 53
53 53
53 53
53 53
53 53
53 53
53 53
53 53
53 53
53 53
53 53
53 53
53 53
53 53
53 53
53 53
53 53
53 53
53 53
59 46
59 46
59 46
59 46
59 46
59 46
59 46
59 46
59 46
59 46
59 46
59 46
59 46
59 46
59 46
59 46
59 46
59 46
59 46
59 46
59 46
59 46
59 46
59 46
59 46
58 47
58 47
58 47
58 47
58 47
58 47
58 47
58 47
58 47
58 47
58 47
58 47
58 47
58 47
58 47
58 47
58 47
58 47
58 47
58 47
58 47
58 47
58 47
58 47
58 47
58 47
58 47
58 47
58 47
58 47
58 47
58 47
58 47
58 47
58 47
58 47
58 47
58 47
58 47
58 47
58 47
58 47
58 47
58 47
58 47
58 47
58 47
58 47
58 47
65 42
65 42
65 42
65 42
65 42
65 42
65 42
65 42
65 42
65 42
65 42
65 42
65 42
65 42
65 42
65 42
65 42
65 42
65 42
65 42
65 42
65 42
65 42
65 42
65 42
65 42
65 42
65 42
65 42
65 42
65 42
65 42
65 42
65 42
65 42
65 42
65 42
65 42
65 42
65 42
65 42
73 35
71 33
71 33
71 33
71 33
71 33
71 33
71 33
71 33
71 33
71 33
71 33
71 33
71 33
71 33
71 33
71 33
71 33
71 33
71 33
71 33
71 33
71 33
71 33
71 33
71 33
71 33
71 33
71 33
71 33
71 33
71 33
71 33
71 33
71 33
71 33
71 33
71 33
76 30
76 30
76 30
76 30
76 30
76 30
76 30
76 30
76 30
76 30
76 30
76 30
76 30
76 30
76 30
76 30
76 30
76 30
77 24
77 24
77 24
77 24
77 24
77 24
77 24
77 24
77 24
77 24
77 24
77 24
77 24
77 24
77 24
77 24
77 24
77 24
77 24
77 24
77 24
77 24
77 24
77 24
77 24
77 24
77 24
77 24
77 24
77 24
77 24
77 24
77 24
77 24
77 24
78 17
78 17
78 17
78 17
78 17
78 17
78 17
78 17
78 17
78 17
78 17
78 17
78 17
78 17
78 17
78 17
78 17
78 17
78 17
78 17
79 9
79 9
79 9
79 9
79 9
79 9
79 9
79 9
79 9
79 9
79 9
79 9
79 9
79 9
79 9
79 9
79 9
79 9
79 9
79 9
79 9
79 9
79 9
79 9
79 9
79 9
79 9
79 9
79 9
79 9
79 9
79 9
79 9
79 9
79 9
79 9
79 9
79 9
79 9
79 9
79 9
79 9
79 9
79 9
79 9
79 9
79 9
81 5
81 5
81 5
81 5
81 5
81 5
81 5
81 5
81 5
81 5
81 5
81 5
81 5
81 5
81 5
81 5
81 5
81 5
81 5
81 5
81 5
81 5
81 5
81 5
81 5
81 5
81 5
81 5
81 5
81 5
81 5
81 5
81 5
81 5
81 5
81 5
81 5
81 5
81 5
81 5
81 5
81 5
81 5
81 5
81 5
81 2
86 -1
86 -1
86 -1
86 -1
86 -1
86 -1
86 -1
86 -1
86 -1
86 -1
86 -1
86 -1
86 -1
86 -1
86 -1
86 -1
86 -1
86 -1
86 -1
86 -1
86 -1
80 -6
80 -6
80 -6
80 -6
80 -6
80 -6
80 -6
80 -6
80 -6
80 -6
80 -6
80 -6
80 -6
80 -6
80 -6
80 -6
80 -6
80 -6
80 -6
80 -6
80 -6
80 -6
80 -6
80 -6
80 -6
80 -6
80 -6
80 -6
80 -6
80 -6
80 -6
80 -6
80 -6
80 -6
80 -6
80 -6
80 -6
80 -6
80 -6
80 -6
80 -6
80 -6
80 -6
80 -6
83 -6
83 -6
83 -6
83 -6
83 -6
83 -6
83 -6
83 -6
83 -6
83 -6
83 -6
83 -6
83 -6
83 -6
83 -6
83 -6
83 -6
83 -6
83 -6
83 -6
83 -6
83 -6
83 -6
83 -6
83 -6
83 -6
83 -6
83 -6
83 -6
83 -6
83 -6
83 -6
83 -6
83 -6
83 -6
83 -6
83 -6
83 -6
83 -6
83 -6
83 -6
83 -6
83 -6
83 -6
83 -6
83 -6
83 -6
83 -6
83 -6
83 -6
83 -6
75 -13
75 -13
75 -13
75 -13
75 -13
75 -13
75 -13
75 -13
75 -13
75 -13
75 -13
75 -13
75 -13
75 -13
75 -13
75 -13
75 -13
75 -13
75 -13
75 -13
75 -13
75 -13
75 -13
75 -13
75 -13
75 -13
75 -21
75 -21
75 -21
75 -21
75 -21
75 -21
75 -21
75 -21
75 -21
75 -21
75 -21
75 -21
75 -21
75 -21
75 -21
75 -21
75 -21
75 -21
75 -21
75 -21
75 -21
75 -21
75 -21
75 -21
75 -21
75 -21
75 -21
75 -21
75 -21
75 -21
75 -21
75 -21
75 -21
75 -21
75 -21
75 -21
75 -21
75 -21
75 -21
75 -21
75 -21
75 -21
75 -21
75 -21
75 -21
75 -21
75 -21
75 -21
79 -26
68 -28
68 -28
68 -28
68 -28
68 -28
68 -28
68 -28
68 -28
68 -28
68 -28
68 -28
68 -28
68 -28
68 -28
68 -28
68 -28
68 -28
68 -28
68 -28
68 -28
68 -28
68 -28
68 -28
68 -28
68 -28
68 -28
68 -28
68 -28
68 -28
68 -28
68 -28
68 -28
68 -28
68 -28
68 -28
68 -28
68 -28
68 -28
68 -28
68 -28
74 -39
74 -39
74 -39
74 -39
74 -39
74 -39
74 -39
74 -39
74 -39
74 -39
74 -39
74 -39
74 -39
74 -39
74 -39
74 -39
74 -39
74 -39
74 -39
74 -39
74 -39
74 -39
62 -45
62 -45
62 -45
62 -45
62 -45
62 -45
62 -45
62 -45
62 -45
62 -45
62 -45
62 -45
62 -45
62 -45
62 -45
62 -45
62 -45
62 -45
62 -45
62 -45
62 -45
62 -45
62 -45
62 -45
62 -45
62 -45
62 -45
62 -45
62 -45
62 -45
62 -45
62 -45
62 -45
62 -45
62 -45
49 -56
49 -56
49 -56
49 -56
49 -56
49 -56
49 -56
49 -56
49 -56
49 -56
49 -56
49 -56
49 -56
49 -56
49 -56
49 -56
49 -56
49 -56
49 -56
49 -56
49 -56
49 -56
49 -56
49 -56
49 -56
49 -56
49 -56
49 -56
49 -56
49 -56
49 -56
49 -56
49 -56
49 -56
49 -56
49 -56
49 -56
49 -56
49 -56
49 -56
49 -56
49 -56
49 -56
49 -56
49 -56
49 -56
49 -56
53 -62
53 -62
53 -62
53 -62
53 -62
53 -62
53 -62
53 -62
53 -62
53 -62
53 -62
53 -62
53 -62
53 -62
53 -62
53 -62
53 -62
53 -62
53 -62
53 -62
53 -62
53 -62
53 -62
53 -62
53 -62
53 -62
53 -62
53 -62
53 -62
53 -62
53 -62
53 -62
53 -62
53 -62
53 -62
53 -62
53 -62
53 -62
53 -62
53 -62
53 -62
53 -62
53 -62
54 -66
54 -66
54 -66
54 -66
54 -66
54 -66
54 -66
54 -66
54 -66
54 -66
54 -66
54 -66
54 -66
54 -66
54 -66
54 -66
54 -66
54 -66
54 -66
54 -66
54 -66
54 -66
54 -66
34 -57
34 -57
34 -57
34 -57
34 -57
34 -57
34 -57
34 -57
34 -57
34 -57
34 -57
34 -57
34 -57
34 -57
34 -57
34 -57
34 -57
34 -57
34 -57
34 -57
34 -57
34 -57
34 -57
41 -70
41 -70
41 -70
41 -70
41 -70
41 -70
41 -70
41 -70
41 -70
41 -70
41 -70
41 -70
41 -70
41 -70
41 -70
41 -70
41 -70
41 -70
41 -70
41 -70
41 -70
41 -70
41 -70
41 -70
41 -70
41 -70
41 -70
41 -70
41 -70
41 -70
41 -70
41 -70
41 -70
41 -70
41 -70
41 -70
41 -70
41 -70
41 -70
41 -70
41 -70
41 -70
41 -70
41 -70
41 -70
41 -70
41 -70
25 -67
25 -67
25 -67
25 -67
25 -67
25 -67
25 -67
25 -67
25 -67
25 -67
25 -67
25 -67
25 -67
25 -67
25 -67
25 -67
25 -67
25 -67
25 -67
25 -67
25 -67
25 -67
25 -67
25 -67
25 -67
25 -67
25 -67
25 -67
25 -67
25 -67
25 -67
25 -67
28 -70
28 -70
28 -70
28 -70
28 -70
28 -70
28 -70
28 -70
28 -70
28 -70
28 -70
28 -70
28 -70
28 -70
28 -70
28 -70
28 -70
28 -70
28 -70
28 -70
28 -70
28 -70
28 -70
28 -70
28 -70
28 -70
28 -70
28 -70
28 -70
28 -70
28 -70
28 -70
28 -70
28 -70
28 -70
28 -70
28 -70
28 -70
28 -70
28 -70
28 -70
28 -70
28 -70
28 -70
28 -70
28 -70
28 -70
28 -70
28 -70
28 -70
28 -70
28 -70
28 -70
28 -70
28 -70
28 -70
28 -70
28 -70
28 -70
28 -70
28 -70
28 -70
28 -70
28 -70
28 -70
28 -70
28 -70
28 -70
28 -70
28 -70
16 -71
20 -67
20 -67
20 -67
20 -67
20 -67
20 -67
20 -67
20 -67
20 -67
20 -67
20 -67
20 -67
20 -67
20 -67
20 -67
20 -67
20 -67
20 -67
20 -67
20 -67
20 -67
20 -67
20 -67
15 -79
15 -79
15 -79
15 -79
15 -79
15 -79
15 -79
15 -79
15 -79
15 -79
15 -79
15 -79
15 -79
15 -79
15 -79
15 -79
7 -71
7 -71
7 -71
7 -71
7 -71
7 -71
7 -71
7 -71
7 -71
7 -71
7 -71
7 -71
7 -71
7 -71
7 -71
7 -71
7 -71
7 -71
7 -71
7 -71
7 -71
7 -71
7 -71
7 -71
7 -71
7 -71
7 -71
7 -71
7 -71
7 -71
7 -71
7 -71
7 -71
7 -71
7 -71
7 -71
7 -71
7 -71
7 -71
7 -71
7 -71
7 -71
7 -71
7 -71
7 -71
7 -71
7 -71
7 -71
7 -71
7 -71
7 -71
7 -71
7 -71
7 -71
7 -71
7 -71
7 -71
7 -71
7 -71
7 -71
7 -71
7 -71
7 -71
7 -71
7 -71
7 -71
7 -71
7 -71
7 -71
7 -71
7 -71
7 -71
7 -71
7 -71
7 -71
7 -71
7 -71
7 -71
7 -71
7 -71
7 -71
7 -71
7 -71
7 -71
11 -68
11 -68
4 -67
6 -66
6 -66
6 -66
6 -66
6 -66
6 -66
6 -66
6 -66
6 -66
6 -66
6 -66
6 -66
6 -66
6 -66
6 -66
6 -66
6 -66
6 -66
6 -66
4 -78
4 -78
4 -78
4 -78
4 -78
4 -78
4 -78
4 -78
4 -78
4 -78
4 -78
4 -78
4 -78
4 -78
4 -78
4 -78
4 -78
4 -78
4 -78
4 -78
4 -78
4 -78
4 -78
4 -78
4 -78
4 -78
4 -78
4 -78
4 -78
4 -78
4 -78
4 -78
4 -78
4 -78
4 -78
4 -78
4 -78
4 -78
4 -78
4 -78
4 -78
4 -78
4 -78
4 -78
4 -78
4 -78
4 -78
4 -78
4 -78
4 -78
0 -68
0 -68
0 -68
0 -68
0 -68
0 -68
0 -68
0 -68
0 -68
0 -68
0 -68
0 -68
0 -68
0 -68
0 -68
0 -68
0 -68
0 -68
0 -68
0 -68
0 -68
0 -68
0 -68
0 -68
0 -68
0 -68
1 -63
1 -63
1 -63
1 -63
1 -63
1 -63
1 -63
1 -63
1 -63
1 -63
1 -63
1 -63
1 -63
1 -63
1 -63
1 -63
1 -63
1 -63
1 -63
1 -63
1 -63
1 -63
1 -63
1 -63
1 -63
1 -63
1 -63
1 -63
1 -63
1 -63
1 -63
1 -63
1 -63
1 -63
1 -63
1 -63
1 -63
1 -63
1 -63
1 -63
1 -63
1 -63
1 -63
1 -63
1 -63
1 -63
1 -63
1 -63
1 -63
1 -63
1 -63
1 -63
1 -63
1 -63
1 -63
1 -57
1 -57
1 -57
1 -57
1 -57
1 -57
1 -57
1 -57
1 -57
1 -57
1 -57
1 -57
1 -57
1 -57
1 -57
1 -57
1 -57
1 -57
1 -57
1 -57
1 -57
2 -51
2 -51
2 -51
2 -51
2 -51
2 -51
2 -51
2 -51
2 -51
2 -51
2 -51
2 -51
2 -51
2 -51
2 -51
2 -51
2 -51
2 -51
2 -51
2 -51
2 -51
2 -51
2 -51
2 -51
-6 -49
-6 -49
-6 -49
-6 -49
-6 -49
-6 -49
-6 -49
-6 -49
-6 -49
-6 -49
-6 -49
-6 -49
-6 -49
-6 -49
-6 -49
-6 -49
-6 -49
-6 -49
-6 -49
-6 -49
-6 -49
-6 -49
-6 -49
-6 -49
-6 -49
-6 -49
-6 -49
-6 -49
-6 -49
-6 -49
-6 -49
-6 -49
-6 -49
-6 -49
-6 -49
-6 -49
-6 -49
-6 -49
-6 -49
-6 -49
-6 -49
-6 -49
-6 -49
-6 -49
-6 -49
-6 -49
-6 -49
-6 -49
-6 -49
-6 -49
-6 -49
-6 -49
-5 -42
-5 -42
-5 -42
-5 -42
-5 -42
-5 -42
-5 -42
-5 -42
-5 -42
-5 -42
-5 -42
-5 -42
-5 -42
-5 -42
-5 -42
-5 -42
-5 -42
-5 -42
-5 -42
-5 -42
-5 -42
-5 -42
-9 -42
-9 -42
-9 -42
-9 -42
-9 -42
-9 -42
-9 -42
-9 -42
-9 -42
-9 -42
-9 -42
-9 -42
-9 -42
-9 -42
-9 -42
-9 -42
-9 -42
-9 -42
-9 -42
-9 -42
-9 -42
-9 -42
-9 -42
-9 -42
-9 -42
-9 -42
-9 -42
-9 -42
-9 -42
-9 -42
-9 -42
-9 -42
-9 -42
-9 -42
-9 -42
-9 -42
-9 -42
-9 -42
-9 -42
-9 -42
-10 -31
-10 -31
-10 -31
-10 -31
-10 -31
-10 -31
-10 -31
-10 -31
-10 -31
-10 -31
-10 -31
-10 -31
-10 -31
-10 -31
-10 -31
-10 -31
-10 -31
-10 -31
-10 -31
-10 -31
-10 -31
-10 -31
-10 -31
-10 -31
-10 -31
-10 -31
-10 -31
-10 -31
-10 -31
-10 -31
-10 -31
-10 -31
-10 -31
-10 -31
-10 -31
-10 -31
-10 -31
-10 -31
-10 -31
-10 -31
-10 -31
-10 -31
-10 -31
-11 -17
-11 -17
-11 -17
-11 -17
-11 -17
-11 -17
-11 -17
-11 -17
-11 -17
-11 -17
-11 -17
-11 -17
-11 -17
-11 -17
-11 -17
-11 -17
-11 -17
-11 -17
-11 -17
-11 -17
-11 -17
-11 -17
-11 -17
-11 -17
-11 -17
-11 -17
-11 -17
-11 -17
-11 -17
-11 -17
-8 -12
-8 -12
-8 -12
-8 -12
-8 -12
-8 -12
-8 -12
-8 -12
-8 -12
-8 -12
-8 -12
-8 -12
-8 -12
-8 -12
-8 -12
-8 -12
-8 -12
-8 -12
-5 -5
-5 -5
-5 -5
-5 -5
-5 -5
-5 -5
-5 -5
-5 -5
-5 -5
-5 -5
-5 -5
-5 -5
-5 -5
-5 -5
-5 -5
-5 -5
-5 -5
-5 -5
-5 -5
-2 0
-2 0
-2 0
-2 0
-2 0
-2 0
-2 0
-2 0
-2 0
-2 0
-2 0
-2 0
-2 0
-2 0
-2 0
-2 0
-2 0
-2 0
-2 0
-2 0
-2 0
-2 0
-2 0
-2 0
-2 0
-2 0
-2 0
-2 0
-2 0
-2 0
-2 0
-2 0
-2 0
-2 0
-2 0
-2 0
-2 0
-2 0
-2 0
-2 0
-2 0
-2 0
-2 0
-2 0
-2 0
-2 0
-2 0
-2 0
-2 0
-2 0
-2 0
-2 0
-2 0
-2 0
-2 0
-2 0
-2 0
-2 0
-2 0
-2 0
-2 0
-2 0
-2 0
-2 0
-2 0
-2 0
-2 0
-2 0
-2 0
-2 0
-2 0
-2 0
-2 0
-2 0
-2 0
-2 0
-2 0
-2 0
-2 0
-2 0
-2 0
-2 0
-2 0
-2 0
-2 0
-2 0
-2 0
-2 0
-2 0
-2 0
-2 0
-2 0
-2 0
-2 0
-2 0
-2 0
-2 0
-2 0
-2 0
-2 0
-2 0
-2 0
-2 0
-2 0
-2 0
-2 0
-2 0
-2 0
-2 0
-2 0
-2 0
-2 0
0 1
0 1
0 1
0 1
0 1
0 1
0 1
0 1
0 1
0 1
0 1
0 1
0 1
0 1
0 1
0 1
0 1
0 1
0 1
0 1
0 1
0 1
0 1
0 1
0 1
0 1
0 1
0 1
0 1
0 1
0 1
0 1
0 1
0 1
0 1
0 1
0 1
0 1
0 1
0 1
0 1
0 1
0 1
0 1
0 1
0 1
0 1
0 1
0 1
0 1
0 1
0 1
0 1
0 1
0 1
0 1
0 1
0 1
0 1
0 1
0 1
0 1
0 1
0 1
0 1
0 1
0 1
0 1
0 1
0 1
-1 -1
-1 -1
-1 -1
-1 -1
-1 -1
-1 -1
-1 -1
-1 -1
-1 -1
-1 -1
-1 -1
-1 -1
-1 -1
-1 -1
-1 -1
-1 -1
-1 0
-1 0
-1 0
-1 0
-1 0
-1 0
-1 0
-1 0
-1 0
-1 0
-1 0
-1 0
-1 0
-1 0
-1 0
-1 0
-1 0
-1 0
-1 0
-1 0
-1 0
-1 0
-1 0
-1 0
-1 0
-1 0
-1 0
-1 0
-1 0
-1 0
-1 0
-1 0
-1 -1
-1 -1
-1 -1
-1 -1
-1 -1
-1 -1
-1 -1
-1 -1
-1 -1
-1 -1
-1 -1
-1 -1
-1 -1
-1 -1
-1 -1
-1 -1
-1 -1
-1 -1
-1 -1
-1 -1
-1 -1
-1 -1
-1 -1
-1 -1
-1 -1
-1 -1
-1 -1
-1 -1
-1 -1
-1 -1
-1 -1
-1 -1
-1 -1
-1 -1
-1 -1
-1 -1
-1 -1
-1 -1
-1 -1
-1 -1
-1 -1
-1 -1
-1 -1
-1 -1
-1 -1
-1 -1
-1 -1
-1 -1
-1 -1
-1 -1
-1 -1
-1 -1
-1 -1
-1 -1
-1 -1
-1 -1
-1 -1
-1 -1
-1 -1
-1 -1
-1 -1
-1 -1
-1 -1
-1 -1
-1 -1
-1 -1
-1 -1
-1 -1
-1 -1
-1 -1
-1 -1
-1 -1
-1 -1
-1 -1
-1 -1
-1 -1
-1 -1
-1 -1
-1 -1
-1 -1
-1 -1
-1 -1
-1 -1
-1 -1
-1 -1
-1 -1
-1 -1
-1 -1
-1 -1
-1 -1
-1 -1
-1 -1
-1 -1
-1 -1
-1 -1
-1 -1
-1 -1
-1 -1
-1 -1
-1 -1
-1 -1
-1 -1
-1 -1
-1 -1
-1 -1
-1 -1
-1 -1
-1 -1
-1 -1
-1 -1
-1 -1
-1 -1
-1 -1
-1 -1
-1 -1
-1 -1
-1 -1
-1 -1
-1 -1
-1 -1
-1 -1
-1 -1
-1 -1
-1 -1
-1 -1
-1 -1
-1 -1
-1 -1
-1 -1
-1 -1
-1 -1
-1 -1
-1 -1
-1 -1
-1 -1
-1 -1
-1 -1
-1 -1
-1 -1
-1 -1
-1 -1
-1 -1
-1 -1
-1 -1
-1 -1
-1 -1
-1 -1
-1 -1
-1 -1
-1 -1
-1 -1
-1 -1
-1 -1
-1 -1
-1 -1
-1 -1
-1 -1
-1 -1
-1 -1
-1 -1
-1 -1
-1 -1
-1 -1
-1 -1
-1 -1
-1 -1
-1 -1
-1 -1
-1 -1
-1 -1
-1 -1
-1 -1
-1 -1
-1 -1
-1 -1
-1 -1
-1 -1
-1 -1
-1 -1
-1 -1
-1 -1
-1 -1
-1 -1
-1 -1
-1 -1
-1 -1
-1 -1
-1 -1
-1 -1
-1 -1
-1 -1
-1 -1
-1 -1
-1 -1
-1 -1
-1 -1
-1 -1
-1 -1
-1 -1
-1 -1
-1 -1
-1 -1
-1 -1
-1 -1
-1 -1
-1 -1
-1 -1
-1 -1
-1 -1
-1 -1
-1 -1
-1 -1
-1 -1
-1 -1
-1 -1
-1 -1
-1 -1
-1 -1
-1 -1
-1 -1
-1 -1
-1 -1
-1 -1
-1 -1
-1 -1
-1 -1
-1 -1
-1 -1
-1 -1
-1 -1
-1 -1
-1 -1
-1 -1
-1 -1
-1 -1
-1 -1
-1 -1
-1 -1
-1 -1
-1 -1
-1 -1
-1 -1
-1 -1
-1 -1
-1 -1
-1 -1
-1 -1
-1 -1
-1 -1
-1 -1
-1 -1
-1 -1
-1 -1
-1 -1
-1 -1
-1 -1
-1 -1
-1 -1
-1 -1
-1 -1
-1 -1
-1 -1
-1 -1
-1 -1
-1 -1
-1 -1
-1 -1
-1 -1
-1 -1
-1 -1
-1 -1
-1 -1
-1 -1
-1 -1
-1 -1
-1 -1
-1 -1
-1 -1
-1 -1
-1 -1
-1 -1
-1 -1
-1 -1
-1 -1
-1 -1
-1 -1
-1 -1
-1 -1
-1 -1
-1 -1
-1 -1
-1 -1
-1 -1
-1 -1
-1 -1
-1 -1
-1 -1
-1 -1
-1 -1
-1 -1
-1 -1
-1 -1
-1 -1
-1 -1
-1 -1
-1 -1
-1 -1
-1 -1
-1 -1
-1 -1
-1 -1
-1 -1
-1 -1
-1 -1
-1 -1
-1 -1
-1 -1
-1 -1
-1 -1
-1 -1
-1 -1
-1 -1
-1 -1
-1 -1
-1 -1
-1 -1
-1 -1
-1 -1
-1 -1
-1 -1
-1 -1
-1 -1
-1 -1
-1 -1
-1 -1
-1 -1
-1 -1
-1 -1
-1 -1
-1 -1
-1 -1
-1 -1
-1 -1
-1 -1
-1 -1
-1 -1
-1 -1
-1 -1
-1 -1
-1 -1
-1 -1
-1 -1
-1 -1
-1 -1
-1 -1
-1 -1
-1 -1
-1 -1
-1 -1
-1 -1
-1 -1
-1 -1
-1 -1
-1 -1
-1 -1
-1 -1
-1 -1
-1 -1
-1 -1
-1 -1
-1 -1
-1 -1
-1 -1
-1 -1
-1 -1
-1 -1
-1 -1
-1 -1
-1 -1
-1 -1
-1 -1
-1 -1
-1 -1
-1 -1
-1 -1
-1 -1
-1 -1
-1 -1
-1 -1
-1 -1
-1 -1
-1 -1
-1 -1
-1 -1
-1 -1
-1 -1
-1 -1
-1 -1
-1 -1
-1 -1
-1 -1
-1 -1
-1 -1
-1 -1
-1 -1
-1 -1
-1 -1
-1 -1
-1 -1
-1 -1
-1 -1
-1 -1
-1 -1
-1 -1
-1 -1
-1 -1
-1 -1
-1 -1
-1 -1
-1 -1
-1 -1
-1 -1
-1 -1
-1 -1
-1 -1
-1 -1
-1 -1
-1 -1
-1 -1
-1 -1
-1 -1
-1 -1
-1 -1
-1 -1
-1 -1
-1 -1
-1 -1
-1 -1
-1 -1
-1 -1
-1 -1
-1 -1
-1 -1
-1 -1
-1 -1
-1 -1
-1 -1
-1 -1
-1 -1
-1 -1
-1 -1
-1 -1
-1 -1
-1 -1
-1 -1
-1 -1
-1 -1
-1 -1
-1 -1
-1 -1
-1 -1
-1 -1
-1 -1
-1 -1
-1 -1
-1 -1
-1 -1
-1 -1
-1 -1
-1 -1
-1 -1
-1 -1
-1 -1
-1 -1
-1 -1
-1 -1
-1 -1
-1 -1
-1 -1
-1 -1
-1 -1
-1 -1
-1 -1
-1 -1
-1 -1
-1 -1
-1 -1
-1 -1
-1 -1
-1 -1
-1 -1
-1 -1
-1 -1
-1 -1
-1 -1
-1 -1
-1 -1
-1 -1
-1 -1
-1 -1
-1 -1
-1 -1
-1 -1
-1 -1
-1 -1
-1 -1
-1 -1
-1 -1
-1 -1
-1 -1
-1 -1
-1 -1
-1 -1
-1 -1
-1 -1
-1 -1
-1 -1
1 2
1 2
1 2
1 2
1 2
1 2
1 2
1 2
1 2
1 2
1 2
1 2
1 2
1 2
1 2
0 1
0 1
0 1
0 1
0 1
0 1
0 1
0 1
0 1
0 1
0 1
0 1
0 1
0 1
0 1
0 1
0 1
0 1
0 1
0 1
0 1
0 1
0 1
0 1
0 1
0 1
0 1
0 1
0 1
0 1
0 1
0 1
0 1
0 1
0 1
0 1
0 1
0 1
0 1
0 1
0 1
0 1
0 1
0 1
0 1
0 1
0 1
0 1
0 1
0 1
0 1
0 1
0 1
0 1
0 1
0 1
0 1
0 1
0 1
0 1
0 1
0 1
0 1
0 1
0 1
0 1
0 1
0 1
0 1
0 1
0 1
0 1
0 1
0 1
0 1
0 1
0 1
0 1
0 1
0 1
0 1
0 1
0 1
0 1
0 1
0 1
0 1
0 1
0 1
0 1
0 1
0 1
0 1
0 1
0 1
0 1
0 1
0 1
0 1
0 1
0 1
0 1
0 1
0 1
0 1
0 1
0 1
0 1
0 1
0 1
0 1
0 1
0 1
0 1
0 1
0 1
0 1
0 1
0 1
0 1
0 1
0 1
0 1
0 1
0 1
0 1
0 1
0 1
0 1
0 1
0 1
0 1
0 1
0 1
0 1
0 1
0 1
0 1
0 1
0 1
0 1
0 1
0 1
0 1
0 1
0 1
0 1
0 1
0 1
0 1
0 1
0 1
0 1
0 1
0 1
0 1
0 1
0 1
0 1
0 1
0 1
0 1
0 1
0 1
0 1
0 1
0 1
0 1
0 1
0 1
0 1
0 1
0 1
0 1
0 1
0 1
0 1
0 1
0 1
0 1
0 1
0 1
0 1
0 1
0 1
0 1
0 1
0 1
0 1
0 1
0 1
0 1
0 1
0 1
0 1
0 1
0 1
0 1
0 1
0 1
0 1
0 1
0 1
0 1
0 1
0 1
0 1
0 1
0 1
0 1
0 1
0 1
0 1
0 1
0 1
0 1
0 1
0 1
0 1
0 1
0 1
0 1
0 1
0 1
0 1
0 1
0 1
0 1
0 1
0 1
0 1
0 1
0 1
0 1
0 1
0 1
0 1
0 1
0 1
0 1
0 1
0 1
0 1
0 1
0 1
0 1
0 1
0 1
0 1
0 1
0 1
0 1
0 1
0 1
0 1
0 1
0 1
0 1
0 1
0 1
0 1
0 1
0 1
0 1
0 1
0 1
0 1
0 1
0 1
0 1
0 1
0 1
0 1
0 1
0 1
0 1
0 1
0 1
0 1
0 1
0 1
0 1
0 1
0 1
0 1
0 1
0 1
0 4
0 4
0 4
0 4
0 4
0 4
0 4
0 4
0 4
0 4
0 4
0 4
0 4
0 4
0 4
0 4
0 4
0 4
0 4
0 4
0 4
0 4
0 4
0 4
0 4
0 4
0 4
0 4
0 4
0 4
0 4
0 4
0 4
0 4
0 4
