8 22
8 22
8 22
8 22
8 22
5 27
5 27
5 27
5 27
5 27
5 27
5 27
5 27
5 27
5 27
5 27
5 27
5 27
5 27
5 27
5 27
5 27
5 27
5 27
5 27
5 27
5 27
11 27
11 27
11 27
11 27
11 27
11 27
11 27
11 27
11 27
11 27
11 27
11 27
11 27
11 27
11 27
11 27
11 27
11 27
11 27
11 27
11 27
11 27
8 30
8 30
8 30
8 30
8 30
8 30
8 30
8 30
8 30
8 30
8 30
8 30
8 30
8 30
8 30
8 30
8 30
8 30
8 30
8 30
8 30
10 35
10 35
10 35
10 35
10 35
10 35
10 35
10 35
10 35
10 35
10 35
10 35
10 35
10 35
10 35
10 35
10 35
10 35
10 35
10 35
10 35
10 35
10 35
10 35
10 35
10 35
10 35
10 35
10 35
10 35
10 35
10 35
10 35
10 35
10 35
10 35
10 35
10 35
10 35
10 35
10 35
10 35
10 35
13 38
13 38
13 38
13 38
13 38
13 38
13 38
13 38
13 38
13 38
13 38
13 38
13 38
13 38
13 38
13 38
13 38
13 38
13 38
13 38
13 38
12 38
12 38
12 38
12 38
12 38
12 38
12 38
12 38
12 38
12 38
12 38
12 38
12 38
12 38
12 38
12 38
12 38
12 38
12 38
12 38
12 38
12 38
12 38
14 39
14 39
14 39
14 39
14 39
14 39
14 39
14 39
14 39
14 39
14 39
14 39
14 39
14 39
14 39
14 39
14 39
14 39
14 39
14 39
14 39
14 39
14 39
14 39
14 39
14 39
14 39
14 39
14 39
14 39
14 39
14 39
14 39
14 39
14 39
14 39
14 39
14 39
14 39
14 39
14 39
14 39
14 39
14 39
14 39
14 39
14 39
14 39
13 34
13 34
13 34
13 34
13 34
13 34
13 34
13 34
13 34
13 34
13 34
13 34
13 34
13 34
13 34
13 34
13 34
13 34
13 34
13 34
13 34
13 34
13 34
10 47
10 47
10 47
10 47
10 47
10 47
10 47
10 47
10 47
10 47
10 47
10 47
10 47
10 47
10 47
10 47
10 47
10 47
10 47
10 47
10 47
10 47
10 47
10 47
10 47
10 47
10 47
10 47
10 47
10 47
10 47
10 47
10 47
10 47
10 47
10 47
10 47
10 47
10 47
10 47
10 47
10 47
10 47
10 47
10 47
10 47
10 47
16 42
16 42
16 42
16 42
16 42
16 42
16 42
16 42
16 42
16 42
16 42
16 42
16 42
16 42
16 42
16 42
16 42
16 42
16 42
16 42
16 42
16 42
17 35
17 35
17 35
17 35
17 35
17 35
17 35
17 35
17 35
17 35
17 35
17 35
17 35
17 35
17 35
17 35
17 35
17 35
17 35
17 35
17 35
17 35
17 35
16 41
16 41
16 41
16 41
16 41
16 41
16 41
16 41
16 41
16 41
16 41
16 41
16 41
16 41
16 41
16 41
16 41
16 41
16 41
16 41
16 41
16 41
16 41
16 41
16 41
16 41
16 41
16 41
16 41
16 41
16 41
16 41
16 41
16 41
16 41
16 41
16 41
16 41
16 41
16 41
16 41
16 41
16 41
16 41
16 41
16 41
16 41
16 41
16 41
16 41
16 41
16 41
16 41
16 41
16 41
16 41
16 41
16 41
16 41
16 41
28 40
23 45
23 45
23 45
23 45
23 45
23 45
23 45
23 45
23 45
23 45
23 45
23 45
23 45
23 45
23 45
23 45
23 45
23 45
23 45
23 45
22 46
22 46
22 46
22 46
22 46
22 46
22 46
22 46
22 46
22 46
22 46
22 46
22 46
22 46
22 46
22 46
22 46
22 46
22 46
22 46
22 46
22 46
22 46
22 46
22 46
22 46
22 46
22 46
22 46
22 46
22 46
22 46
22 46
22 46
22 46
22 46
22 46
22 46
22 46
22 46
22 46
22 46
22 46
22 46
22 46
19 34
19 34
19 34
19 34
19 34
19 34
19 34
19 34
19 34
19 34
19 34
19 34
19 34
19 34
19 34
19 34
19 34
19 34
19 34
19 34
19 34
19 34
19 34
19 34
25 37
25 37
25 37
25 37
25 37
25 37
25 37
25 37
25 37
25 37
25 37
25 37
25 37
25 37
25 37
25 37
25 37
25 37
25 37
25 37
25 37
25 37
25 37
25 37
25 37
25 37
25 37
25 37
25 37
25 37
25 37
25 37
25 37
25 37
25 37
25 37
25 37
25 37
25 37
25 37
25 37
25 37
25 37
25 37
25 37
25 37
26 35
26 35
26 35
26 35
26 35
26 35
26 35
26 35
26 35
26 35
26 35
26 35
26 35
26 35
26 35
26 35
26 35
26 35
26 35
26 35
26 35
26 35
26 35
28 36
28 36
28 36
28 36
28 36
28 36
28 36
28 36
28 36
28 36
28 36
28 36
28 36
28 36
28 36
28 36
28 36
28 36
28 36
28 36
28 36
27 36
27 36
27 36
27 36
27 36
27 36
27 36
27 36
27 36
27 36
27 36
27 36
27 36
27 36
27 36
27 36
27 36
27 36
27 36
27 36
27 36
27 36
27 36
27 36
27 36
27 36
27 36
27 36
27 36
27 36
27 36
27 36
27 36
27 36
27 36
27 36
27 36
27 36
27 36
27 36
27 36
27 36
27 36
27 36
27 36
27 36
27 36
27 36
27 36
27 36
27 36
25 37
25 37
25 37
25 37
25 37
25 37
25 37
25 37
25 37
25 37
25 37
25 37
25 37
25 37
25 37
25 37
25 37
25 37
25 37
25 37
25 37
25 37
25 37
25 37
28 36
28 36
28 36
28 36
28 36
28 36
28 36
28 36
28 36
28 36
28 36
28 36
28 36
28 36
28 36
28 36
28 36
28 36
28 36
28 36
28 36
28 36
28 36
28 36
28 36
28 36
28 36
28 36
28 36
28 36
28 36
28 36
28 36
28 36
28 36
28 36
28 36
28 36
28 36
28 36
28 36
28 36
28 36
33 39
33 39
33 39
33 39
33 39
33 39
33 39
33 39
33 39
33 39
33 39
33 39
33 39
33 39
33 39
33 39
33 39
33 39
33 39
33 39
33 39
33 39
33 39
33 39
36 37
36 37
36 37
36 37
36 37
36 37
36 37
36 37
36 37
36 37
36 37
36 37
36 37
36 37
36 37
36 37
36 37
36 37
36 37
36 37
36 37
36 37
36 37
28 33
28 33
28 33
28 33
28 33
28 33
28 33
28 33
28 33
28 33
28 33
28 33
28 33
28 33
28 33
28 33
28 33
28 33
28 33
28 33
28 33
28 33
28 33
28 33
28 33
28 33
28 33
28 33
28 33
28 33
28 33
28 33
28 33
28 33
28 33
28 33
28 33
28 33
28 33
28 33
28 33
28 33
28 33
28 33
28 33
28 33
28 33
28 33
28 33
28 33
28 33
35 36
35 36
35 36
35 36
35 36
35 36
35 36
35 36
35 36
35 36
35 36
35 36
35 36
35 36
35 36
35 36
35 36
35 36
35 36
35 36
35 36
35 36
40 32
40 32
40 32
40 32
40 32
40 32
40 32
40 32
40 32
40 32
40 32
40 32
40 32
40 32
40 32
40 32
40 32
40 32
40 32
40 32
40 32
40 32
40 32
40 32
40 32
40 32
40 32
40 32
29 33
29 33
29 33
29 33
29 33
29 33
29 33
29 33
29 33
29 33
29 33
29 33
29 33
29 33
29 33
29 33
29 33
29 33
29 33
29 33
29 33
29 33
29 33
29 33
29 33
29 33
29 33
29 33
29 33
29 33
29 33
29 33
29 33
29 33
29 33
29 33
29 33
29 33
29 33
29 33
29 33
29 33
29 33
29 33
29 33
29 33
29 33
29 33
29 33
29 33
29 33
29 33
29 33
29 33
29 33
29 33
29 33
29 33
29 33
29 33
29 33
29 33
29 33
29 33
29 33
29 33
29 33
29 33
29 33
29 33
29 33
29 33
29 33
42 36
42 36
42 36
42 36
42 36
42 36
42 36
42 36
42 36
42 36
42 36
42 36
42 36
42 36
42 36
42 36
42 36
42 36
42 36
42 36
42 36
42 36
42 36
42 36
42 36
42 36
42 36
42 36
42 36
42 36
42 36
42 36
42 36
42 36
42 36
42 36
42 36
42 36
42 36
42 36
42 36
42 36
42 36
42 36
42 36
42 36
42 36
42 36
42 36
42 36
42 36
40 29
40 29
40 29
40 29
40 29
40 29
40 29
40 29
40 29
40 29
40 29
40 29
40 29
40 29
40 29
40 29
40 29
40 29
40 29
40 29
40 29
40 29
40 29
40 29
40 29
43 22
43 22
43 22
43 22
43 22
43 22
43 22
43 22
43 22
43 22
43 22
43 22
43 22
43 22
43 22
43 22
43 22
43 22
43 22
49 21
49 21
49 21
49 21
49 21
49 21
49 21
49 21
49 21
49 21
49 21
49 21
49 21
49 21
49 21
49 21
49 21
49 21
49 21
49 21
49 21
49 21
49 21
49 21
49 21
49 21
49 21
49 21
49 21
49 21
49 21
49 21
49 21
49 21
49 21
49 21
49 21
49 21
49 21
49 21
49 21
49 21
49 21
49 21
49 21
49 21
49 21
49 21
49 21
49 21
49 21
49 21
49 21
47 20
47 20
47 20
47 20
47 20
47 20
47 20
47 20
47 20
47 20
47 20
47 20
47 20
47 20
47 20
47 20
47 20
47 20
47 20
47 20
47 20
47 20
47 20
47 20
47 20
49 21
49 21
49 21
49 21
49 21
49 21
49 21
49 21
49 21
49 21
49 21
49 21
49 21
49 21
49 21
49 21
49 21
49 21
49 21
49 21
49 21
49 21
49 21
49 21
49 21
49 21
49 21
49 21
49 21
49 21
49 21
49 21
49 21
49 21
49 21
49 21
49 21
49 21
49 21
49 21
49 21
49 21
49 21
49 21
49 21
44 20
44 20
44 20
44 20
44 20
44 20
44 20
44 20
44 20
44 20
44 20
44 20
44 20
44 20
44 20
44 20
44 20
44 20
44 20
44 20
44 20
44 20
43 16
43 16
43 16
43 16
43 16
43 16
43 16
43 16
43 16
43 16
43 16
43 16
43 16
43 16
43 16
43 16
43 16
43 16
43 16
43 16
43 16
43 16
43 16
43 16
43 16
43 16
52 12
52 12
52 12
52 12
52 12
52 12
52 12
52 12
52 12
52 12
52 12
52 12
52 12
52 12
52 12
52 12
52 12
52 12
52 12
52 12
52 12
52 12
52 12
52 12
52 12
52 12
52 12
52 12
52 12
52 12
52 12
52 12
52 12
52 12
52 12
52 12
52 12
52 12
52 12
52 12
52 12
52 12
52 12
52 12
52 12
52 12
52 12
52 12
52 12
52 12
52 12
52 12
52 12
52 12
52 12
52 12
52 12
52 12
52 12
52 12
48 13
48 13
48 13
48 13
48 13
48 13
48 13
48 13
48 13
48 13
48 13
48 13
48 13
48 13
48 13
48 13
48 13
48 13
48 13
48 13
46 12
46 12
46 12
46 12
46 12
46 12
46 12
46 12
46 12
46 12
46 12
46 12
46 12
46 12
46 12
46 12
46 12
46 12
46 12
46 12
46 12
46 12
46 12
46 12
46 12
46 12
46 12
46 12
46 12
46 12
46 12
46 12
46 12
46 12
46 12
46 12
46 12
46 12
46 12
45 14
45 14
45 14
45 14
45 14
45 14
45 14
45 14
45 14
45 14
45 14
45 14
45 14
45 14
45 14
45 14
45 14
45 14
45 14
45 14
45 14
44 9
44 9
44 9
44 9
44 9
44 9
44 9
44 9
44 9
44 9
44 9
44 9
44 9
44 9
44 9
44 9
44 9
44 9
44 9
44 9
44 9
44 9
44 9
44 9
44 9
44 9
44 9
44 9
44 9
44 9
44 9
44 9
44 9
44 9
44 9
44 9
44 9
44 9
44 9
44 9
44 9
44 9
44 9
44 9
48 9
48 9
48 9
48 9
48 9
48 9
48 9
48 9
48 9
48 9
48 9
48 9
48 9
48 9
48 9
48 9
48 9
48 9
48 9
48 9
50 7
50 7
50 7
50 7
50 7
50 7
50 7
50 7
50 7
50 7
50 7
50 7
50 7
50 7
50 7
50 7
50 7
50 7
50 7
50 7
50 7
50 7
50 7
50 7
50 7
50 7
50 7
50 7
50 7
50 7
50 7
50 7
50 7
50 7
50 7
50 7
50 7
50 7
50 7
50 7
50 7
50 7
50 7
50 7
50 7
50 7
50 7
50 7
50 7
50 7
50 7
49 7
49 7
49 7
49 7
49 7
49 7
49 7
49 7
49 7
49 7
49 7
49 7
49 7
49 7
49 7
49 7
49 7
49 7
49 7
49 7
49 7
49 7
49 7
49 7
49 7
49 7
54 3
54 3
54 3
54 3
54 3
54 3
54 3
54 3
54 3
54 3
54 3
54 3
54 3
54 3
54 3
54 3
54 3
54 3
54 3
54 3
54 3
54 3
54 3
54 3
53 1
53 1
53 1
53 1
53 1
53 1
53 1
53 1
53 1
53 1
53 1
53 1
53 1
53 1
53 1
53 1
53 1
53 1
53 1
53 1
53 1
53 1
53 1
53 1
53 1
53 1
53 1
53 1
53 1
53 1
53 1
53 1
53 1
53 1
53 1
53 1
53 1
53 1
53 1
53 1
53 1
53 1
53 1
53 1
53 1
53 1
53 1
53 1
57 5
57 5
57 5
57 5
57 5
57 5
57 5
57 5
57 5
57 5
57 5
57 5
57 5
57 5
57 5
57 5
57 5
57 5
57 5
57 5
57 5
57 5
57 5
57 5
57 5
53 1
53 1
53 1
53 1
53 1
53 1
53 1
53 1
53 1
53 1
53 1
53 1
53 1
53 1
53 1
53 1
53 1
53 1
53 1
53 1
53 1
53 1
53 1
53 1
53 1
53 1
53 1
53 1
53 1
53 1
53 1
53 1
53 1
53 1
53 1
53 1
53 1
53 1
53 1
53 1
53 1
53 1
53 1
53 1
53 1
53 1
53 1
53 1
54 -4
54 -4
54 -4
54 -4
54 -4
54 -4
54 -4
54 -4
54 -4
54 -4
54 -4
54 -4
54 -4
54 -4
54 -4
54 -4
54 -4
54 -4
54 -4
54 -4
54 -4
55 -5
55 -5
55 -5
55 -5
55 -5
55 -5
55 -5
55 -5
55 -5
55 -5
55 -5
55 -5
55 -5
55 -5
55 -5
55 -5
55 -5
55 -5
55 -5
55 -5
55 -5
55 -5
54 -2
54 -2
54 -2
54 -2
54 -2
54 -2
54 -2
54 -2
54 -2
54 -2
54 -2
54 -2
54 -2
54 -2
54 -2
54 -2
54 -2
54 -2
54 -2
54 -2
54 -2
54 -2
54 -2
54 -2
54 -2
54 -2
54 -2
54 -2
54 -2
54 -2
54 -2
54 -2
54 -2
54 -2
54 -2
54 -2
54 -2
54 -2
54 -2
54 -2
54 -2
54 -2
54 -2
54 -2
54 -2
54 -2
54 -2
54 -2
54 -2
54 -2
53 -5
53 -5
53 -5
53 -5
53 -5
53 -5
53 -5
53 -5
53 -5
53 -5
53 -5
53 -5
53 -5
53 -5
53 -5
53 -5
53 -5
53 -5
53 -5
53 -5
53 -5
53 -5
53 -5
53 -5
53 -5
50 -4
50 -4
50 -4
50 -4
50 -4
50 -4
50 -4
50 -4
50 -4
50 -4
50 -4
50 -4
50 -4
50 -4
50 -4
50 -4
50 -4
50 -4
50 -4
50 -4
50 -4
50 -4
50 -4
50 -4
50 -4
50 -4
50 -4
50 -4
49 -9
49 -9
49 -9
49 -9
49 -9
49 -9
49 -9
49 -9
49 -9
49 -9
49 -9
49 -9
49 -9
49 -9
49 -9
49 -9
49 -9
49 -9
49 -9
49 -9
49 -9
49 -9
49 -9
49 -9
49 -9
49 -9
49 -9
49 -9
49 -9
49 -9
49 -9
49 -9
49 -9
49 -9
49 -9
49 -9
49 -9
49 -9
49 -9
49 -9
49 -9
49 -9
49 -9
49 -9
49 -9
49 -9
49 -9
46 -6
46 -6
46 -6
46 -6
46 -6
46 -6
46 -6
46 -6
46 -6
46 -6
46 -6
46 -6
46 -6
46 -6
46 -6
46 -6
46 -6
46 -6
46 -6
46 -6
46 -6
49 -7
49 -7
49 -7
49 -7
49 -7
49 -7
49 -7
49 -7
49 -7
49 -7
49 -7
49 -7
49 -7
49 -7
49 -7
49 -7
49 -7
49 -7
49 -7
49 -7
49 -7
49 -7
49 -7
49 -7
49 -7
49 -7
49 -7
49 -7
49 -7
49 -7
49 -7
49 -7
49 -7
49 -7
49 -7
49 -7
49 -7
49 -7
49 -7
49 -7
49 -7
49 -7
49 -7
49 -7
49 -7
49 -7
49 -7
49 -7
49 -7
49 -7
42 -10
42 -10
42 -10
42 -10
42 -10
42 -10
42 -10
42 -10
42 -10
42 -10
42 -10
42 -10
42 -10
42 -10
42 -10
42 -10
42 -10
42 -10
42 -10
42 -10
42 -10
39 -11
39 -11
39 -11
39 -11
39 -11
39 -11
39 -11
39 -11
39 -11
39 -11
39 -11
39 -11
39 -11
39 -11
39 -11
39 -11
39 -11
39 -11
39 -11
39 -11
39 -11
44 -15
44 -15
44 -15
44 -15
44 -15
44 -15
44 -15
44 -15
44 -15
44 -15
44 -15
44 -15
44 -15
44 -15
44 -15
44 -15
44 -15
44 -15
44 -15
44 -15
44 -15
44 -15
44 -15
44 -15
44 -15
44 -15
44 -15
44 -15
44 -15
44 -15
44 -15
44 -15
44 -15
44 -15
44 -15
44 -15
44 -15
44 -15
44 -15
44 -15
44 -15
44 -15
44 -15
44 -15
44 -15
44 -15
44 -15
44 -15
43 -21
43 -21
43 -21
43 -21
43 -21
43 -21
43 -21
43 -21
43 -21
43 -21
43 -21
43 -21
43 -21
43 -21
43 -21
43 -21
43 -21
43 -21
43 -21
43 -21
43 -21
43 -21
43 -21
41 -21
41 -21
41 -21
41 -21
41 -21
41 -21
41 -21
41 -21
41 -21
41 -21
41 -21
41 -21
41 -21
41 -21
41 -21
41 -21
41 -21
41 -21
41 -21
41 -21
41 -21
41 -21
41 -21
41 -21
41 -21
41 -21
41 -29
41 -29
41 -29
41 -29
41 -29
41 -29
41 -29
41 -29
41 -29
41 -29
41 -29
41 -29
41 -29
41 -29
41 -29
41 -29
41 -29
41 -29
41 -29
41 -29
41 -29
41 -29
41 -29
41 -29
41 -29
41 -29
41 -29
41 -29
41 -29
41 -29
41 -29
41 -29
41 -29
41 -29
41 -29
41 -29
41 -29
41 -29
41 -29
41 -29
41 -29
41 -29
41 -29
41 -29
41 -29
41 -29
41 -37
41 -37
41 -37
41 -37
41 -37
41 -37
41 -37
41 -37
41 -37
41 -37
41 -37
41 -37
41 -37
41 -37
41 -37
41 -37
41 -37
41 -37
41 -37
41 -37
41 -37
41 -37
41 -37
41 -37
41 -37
41 -37
41 -37
41 -37
41 -37
41 -37
41 -37
41 -37
41 -37
41 -37
41 -37
50 -46
50 -46
50 -46
50 -46
50 -46
50 -46
50 -46
50 -46
50 -46
50 -46
50 -46
50 -46
50 -46
50 -46
50 -46
53 -49
53 -49
53 -49
53 -49
53 -49
53 -49
53 -49
53 -49
53 -49
53 -49
53 -49
53 -49
53 -49
53 -49
49 -46
49 -46
49 -46
49 -46
49 -46
49 -46
49 -46
49 -46
49 -46
49 -46
49 -46
49 -46
49 -46
49 -46
49 -46
44 -58
44 -58
44 -58
44 -58
44 -58
44 -58
44 -58
44 -58
44 -58
44 -58
44 -58
44 -58
44 -58
44 -58
44 -58
44 -58
44 -58
44 -58
44 -58
44 -58
44 -58
44 -58
44 -58
44 -58
44 -58
44 -58
44 -58
44 -58
44 -58
44 -58
44 -58
44 -58
44 -58
44 -58
41 -66
41 -66
41 -66
41 -66
41 -66
41 -66
41 -66
41 -66
41 -66
41 -66
41 -66
41 -66
41 -66
41 -66
41 -66
41 -66
41 -66
38 -61
38 -61
38 -61
38 -61
38 -61
38 -61
38 -61
38 -61
38 -61
38 -61
38 -61
38 -61
38 -61
38 -61
38 -61
38 -61
38 -61
38 -61
38 -61
38 -61
38 -61
38 -61
38 -61
38 -61
38 -61
38 -61
38 -61
38 -61
38 -61
38 -61
38 -61
38 -61
38 -61
38 -61
38 -61
40 -75
40 -75
40 -75
40 -75
40 -75
40 -75
40 -75
40 -75
40 -75
40 -75
40 -75
40 -75
40 -75
40 -75
40 -75
40 -75
40 -75
40 -75
40 -75
39 -73
39 -73
39 -73
39 -73
39 -73
39 -73
39 -73
39 -73
39 -73
39 -73
39 -73
39 -73
39 -73
39 -73
39 -73
39 -73
39 -73
39 -73
29 -71
29 -71
29 -71
29 -71
29 -71
29 -71
29 -71
29 -71
29 -71
29 -71
29 -71
29 -71
29 -71
29 -71
29 -71
29 -71
29 -71
29 -71
29 -71
29 -71
29 -71
29 -71
29 -71
29 -71
29 -71
29 -71
29 -71
29 -71
29 -71
29 -71
29 -71
29 -71
29 -71
29 -71
29 -71
25 -75
25 -75
25 -75
25 -75
25 -75
25 -75
25 -75
25 -75
25 -75
25 -75
25 -75
25 -75
25 -75
25 -75
25 -75
25 -75
18 -78
18 -78
18 -78
18 -78
18 -78
18 -78
18 -78
18 -78
18 -78
18 -78
18 -78
18 -78
18 -78
18 -78
18 -78
18 -78
18 -78
18 -78
18 -78
17 -80
17 -80
17 -80
17 -80
17 -80
17 -80
17 -80
17 -80
17 -80
17 -80
17 -80
17 -80
17 -80
17 -80
17 -80
17 -80
17 -80
17 -80
17 -80
17 -80
17 -80
17 -80
17 -80
17 -80
17 -80
17 -80
17 -80
17 -80
17 -80
17 -80
17 -80
17 -80
9 -84
9 -84
9 -84
9 -84
9 -84
9 -84
9 -84
9 -84
9 -84
9 -84
9 -84
9 -84
9 -84
9 -84
9 -84
7 -79
7 -79
7 -79
7 -79
7 -79
7 -79
7 -79
7 -79
7 -79
7 -79
7 -79
7 -79
7 -79
7 -79
7 -79
7 -79
7 -79
7 -79
7 -79
7 -79
7 -79
7 -79
7 -79
7 -79
7 -79
7 -79
7 -79
7 -79
7 -79
7 -79
7 -79
7 -79
7 -79
7 -79
7 -79
7 -79
7 -79
5 -82
5 -82
5 -82
5 -82
5 -82
5 -82
5 -82
5 -82
5 -82
5 -82
5 -82
5 -82
5 -82
5 -82
5 -82
5 -82
5 -82
10 -90
10 -90
10 -90
10 -90
10 -90
10 -90
10 -90
10 -90
10 -90
10 -90
10 -90
10 -90
10 -90
10 -90
10 -90
10 -90
10 -90
10 -90
10 -90
10 -90
10 -90
10 -90
10 -90
10 -90
10 -90
10 -90
10 -90
10 -90
10 -90
10 -90
10 -90
10 -90
10 -90
10 -90
10 -90
10 -90
10 -90
10 -90
-6 -87
-6 -87
-6 -87
-6 -87
-6 -87
-6 -87
-6 -87
-6 -87
-6 -87
-6 -87
-6 -87
-6 -87
-6 -87
-6 -87
-6 -87
-6 -87
-6 -87
-1 -86
-1 -86
-1 -86
-1 -86
-1 -86
-1 -86
-1 -86
-1 -86
-1 -86
-1 -86
-1 -86
-1 -86
-1 -86
-1 -86
-1 -86
-1 -86
-1 -86
-1 -86
-1 -86
-2 -79
-2 -79
-2 -79
-2 -79
-2 -79
-2 -79
-2 -79
-2 -79
-2 -79
-2 -79
-2 -79
-2 -79
-2 -79
-2 -79
-2 -79
-2 -79
-2 -79
-2 -79
-2 -79
-2 -79
-2 -79
-2 -79
-2 -79
-2 -79
-2 -79
-2 -79
-2 -79
-2 -79
-2 -79
-2 -79
-2 -79
-2 -79
-2 -79
-2 -79
-2 -79
-6 -90
-6 -90
-6 -90
-6 -90
-6 -90
-6 -90
-6 -90
-6 -90
-6 -90
-6 -90
-6 -90
-6 -90
-6 -90
-6 -90
-6 -90
-2 -87
-2 -87
-2 -87
-2 -87
-2 -87
-2 -87
-2 -87
-2 -87
-2 -87
-2 -87
-2 -87
-2 -87
-2 -87
-2 -87
-2 -87
-2 -87
-7 -85
-7 -85
-7 -85
-7 -85
-7 -85
-7 -85
-7 -85
-7 -85
-7 -85
-7 -85
-7 -85
-7 -85
-7 -85
-7 -85
-7 -85
-7 -85
-7 -85
-7 -85
-7 -85
-7 -85
-7 -85
-7 -85
-7 -85
-7 -85
-7 -85
-7 -85
-7 -85
-7 -85
-8 -82
-8 -82
-8 -82
-8 -82
-8 -82
-8 -82
-8 -82
-8 -82
-8 -82
-8 -82
-8 -82
-8 -82
-8 -82
-8 -82
-8 -82
-8 -82
-8 -82
-8 -82
-8 -82
-7 -91
-7 -91
-7 -91
-7 -91
-7 -91
-7 -91
-7 -91
-7 -91
-7 -91
-7 -91
-7 -91
-7 -91
-7 -91
-7 -91
-7 -91
-7 -91
-7 -91
-7 -91
-7 -91
-7 -91
-7 -91
-7 -91
-7 -91
-7 -91
-7 -91
-7 -91
-7 -91
-7 -91
-7 -91
-7 -91
-7 -91
-7 -91
-7 -91
-7 -91
-7 -91
-7 -91
-7 -91
-7 -91
-7 -91
-7 -91
-7 -91
-7 -91
-7 -91
-7 -91
-7 -91
-7 -91
-7 -91
-7 -91
-7 -91
-7 -91
-7 -91
-7 -91
-7 -91
-7 -91
-7 -91
-7 -91
-7 -91
-8 -93
-12 -87
-12 -87
-12 -87
-12 -87
-12 -87
-12 -87
-12 -87
-12 -87
-12 -87
-12 -87
-12 -87
-12 -87
-12 -87
-12 -87
-12 -87
-12 -87
-13 -95
-13 -95
-13 -95
-13 -95
-13 -95
-13 -95
-13 -95
-13 -95
-13 -95
-13 -95
-13 -95
-13 -95
-13 -95
-13 -95
-13 -95
-13 -95
-13 -95
-13 -95
-13 -95
-13 -95
-13 -95
-13 -95
-13 -95
-13 -95
-13 -95
-13 -95
-13 -95
-13 -95
-13 -95
-13 -95
-13 -95
-13 -95
-13 -95
-13 -95
-15 -90
-15 -90
-15 -90
-15 -90
-15 -90
-15 -90
-15 -90
-15 -90
-15 -90
-15 -90
-15 -90
-15 -90
-15 -90
-15 -90
-15 -90
-15 -90
-15 -90
-15 -90
-15 -90
-15 -82
-15 -82
-15 -82
-15 -82
-15 -82
-15 -82
-15 -82
-15 -82
-15 -82
-15 -82
-15 -82
-15 -82
-15 -82
-15 -82
-15 -82
-15 -82
-15 -82
-15 -82
-15 -82
-15 -82
-15 -82
-15 -82
-15 -82
-15 -82
-15 -82
-15 -82
-15 -82
-15 -82
-15 -82
-15 -82
-15 -82
-15 -82
-15 -82
-15 -82
-15 -82
-15 -82
-15 -82
-15 -82
-15 -82
-15 -82
-24 -86
-24 -86
-24 -86
-24 -86
-24 -86
-24 -86
-24 -86
-24 -86
-24 -86
-24 -86
-24 -86
-24 -86
-24 -86
-24 -86
-24 -86
-24 -86
-24 -86
-24 -86
-24 -86
-24 -86
-27 -77
-27 -77
-27 -77
-27 -77
-27 -77
-27 -77
-27 -77
-27 -77
-27 -77
-27 -77
-27 -77
-27 -77
-27 -77
-27 -77
-27 -77
-27 -77
-27 -77
-27 -77
-27 -77
-31 -81
-31 -81
-31 -81
-31 -81
-31 -81
-31 -81
-31 -81
-31 -81
-31 -81
-31 -81
-31 -81
-31 -81
-31 -81
-31 -81
-31 -81
-31 -81
-31 -81
-31 -81
-31 -81
-31 -81
-31 -81
-31 -81
-31 -81
-31 -81
-31 -81
-31 -81
-31 -81
-31 -81
-31 -81
-31 -81
-31 -81
-31 -81
-31 -81
-34 -81
-34 -81
-34 -81
-34 -81
-34 -81
-34 -81
-34 -81
-34 -81
-34 -81
-34 -81
-34 -81
-34 -81
-34 -81
-34 -81
-34 -81
-34 -81
-34 -81
-33 -67
-33 -67
-33 -67
-33 -67
-33 -67
-33 -67
-33 -67
-33 -67
-33 -67
-33 -67
-33 -67
-33 -67
-33 -67
-33 -67
-33 -67
-33 -67
-33 -67
-33 -67
-33 -67
-33 -67
-33 -67
-33 -67
-33 -67
-33 -67
-33 -67
-33 -67
-33 -67
-33 -67
-33 -67
-33 -67
-33 -67
-33 -67
-33 -67
-33 -67
-33 -67
-34 -66
-34 -66
-34 -66
-34 -66
-34 -66
-34 -66
-34 -66
-34 -66
-34 -66
-34 -66
-34 -66
-34 -66
-34 -66
-34 -66
-34 -66
-27 -61
-27 -61
-27 -61
-27 -61
-27 -61
-27 -61
-27 -61
-27 -61
-27 -61
-27 -61
-27 -61
-27 -61
-27 -61
-27 -61
-27 -61
-27 -61
-27 -61
-27 -61
-27 -61
-36 -59
-36 -59
-36 -59
-36 -59
-36 -59
-36 -59
-36 -59
-36 -59
-36 -59
-36 -59
-36 -59
-36 -59
-36 -59
-36 -59
-36 -59
-36 -59
-36 -59
-36 -59
-36 -59
-36 -59
-36 -59
-36 -59
-36 -59
-36 -59
-36 -59
-36 -59
-36 -59
-36 -59
-36 -59
-36 -59
-36 -59
-36 -59
-36 -59
-36 -59
-36 -59
-32 -52
-32 -52
-32 -52
-32 -52
-32 -52
-32 -52
-32 -52
-32 -52
-32 -52
-32 -52
-32 -52
-32 -52
-32 -52
-32 -52
-32 -52
-40 -50
-40 -50
-40 -50
-40 -50
-40 -50
-40 -50
-40 -50
-40 -50
-40 -50
-40 -50
-40 -50
-40 -50
-40 -50
-40 -50
-40 -50
-40 -50
-40 -50
-33 -46
-33 -46
-33 -46
-33 -46
-33 -46
-33 -46
-33 -46
-33 -46
-33 -46
-33 -46
-33 -46
-33 -46
-33 -46
-33 -46
-33 -46
-33 -46
-33 -46
-33 -46
-33 -46
-33 -46
-33 -46
-33 -46
-33 -46
-33 -46
-33 -46
-33 -46
-33 -46
-33 -46
-33 -46
-33 -46
-33 -46
-33 -46
-33 -46
-33 -46
-33 -46
-33 -46
-33 -46
-33 -46
-33 -46
-33 -46
-33 -46
-33 -46
-33 -46
-33 -46
-33 -46
-33 -46
-33 -46
-33 -46
-33 -46
-33 -46
-33 -46
-33 -46
-33 -46
-33 -46
-33 -46
-33 -46
-33 -46
-33 -46
-33 -46
-33 -46
-35 -48
-35 -46
-35 -46
-35 -46
-35 -46
-35 -46
-35 -46
-35 -46
-35 -46
-35 -46
-35 -46
-35 -46
-35 -46
-35 -46
-35 -46
-35 -46
-35 -46
-35 -46
-35 -46
-35 -46
-35 -46
-35 -46
-35 -46
-35 -46
-35 -46
-35 -46
-35 -46
-35 -46
-35 -46
-35 -46
-35 -46
-35 -46
-35 -46
-35 -46
-35 -46
-35 -46
-35 -46
-35 -46
-35 -46
-34 -41
-34 -41
-34 -41
-34 -41
-34 -41
-34 -41
-34 -41
-34 -41
-34 -41
-34 -41
-34 -41
-34 -41
-34 -41
-34 -41
-34 -41
-34 -41
-34 -41
-34 -41
-34 -41
-33 -39
-33 -39
-33 -39
-33 -39
-33 -39
-33 -39
-33 -39
-33 -39
-33 -39
-33 -39
-33 -39
-33 -39
-33 -39
-33 -39
-33 -39
-33 -39
-33 -39
-33 -39
-33 -39
-33 -39
-33 -39
-33 -39
-36 -36
-36 -36
-36 -36
-36 -36
-36 -36
-36 -36
-36 -36
-36 -36
-36 -36
-36 -36
-36 -36
-36 -36
-36 -36
-36 -36
-36 -36
-36 -36
-36 -36
-36 -36
-36 -36
-36 -36
-36 -36
-36 -36
-36 -36
-36 -36
-36 -36
-36 -36
-36 -36
-36 -36
-36 -36
-36 -36
-36 -36
-36 -36
-36 -36
-36 -36
-36 -36
-36 -36
-36 -36
-36 -36
-36 -36
-36 -36
-36 -36
-36 -36
-36 -36
-36 -36
-36 -36
-36 -36
-36 -36
-36 -36
-36 -36
-45 -33
-45 -33
-45 -33
-45 -33
-45 -33
-45 -33
-45 -33
-45 -33
-45 -33
-45 -33
-45 -33
-45 -33
-45 -33
-45 -33
-45 -33
-45 -33
-45 -33
-45 -33
-43 -30
-43 -30
-43 -30
-43 -30
-43 -30
-43 -30
-43 -30
-43 -30
-43 -30
-43 -30
-43 -30
-43 -30
-43 -30
-43 -30
-43 -30
-43 -30
-43 -30
-43 -30
-43 -30
-43 -30
-43 -30
-43 -30
-43 -30
-43 -30
-43 -30
-43 -30
-43 -30
-43 -30
-43 -30
-43 -30
-43 -30
-43 -30
-43 -30
-43 -30
-43 -30
-43 -30
-43 -25
-43 -25
-43 -25
-43 -25
-43 -25
-43 -25
-43 -25
-43 -25
-43 -25
-43 -25
-43 -25
-43 -25
-43 -25
-43 -25
-44 -21
-44 -21
-44 -21
-44 -21
-44 -21
-44 -21
-44 -21
-44 -21
-44 -21
-44 -21
-44 -21
-44 -21
-44 -21
-44 -21
-44 -21
-44 -21
-44 -21
-44 -21
-44 -21
-44 -21
-44 -21
-44 -21
-44 -21
-44 -21
-44 -21
-44 -21
-44 -21
-44 -21
-44 -21
-44 -21
-44 -21
-44 -21
-51 -21
-51 -21
-51 -21
-51 -21
-51 -21
-51 -21
-51 -21
-51 -21
-51 -21
-51 -21
-51 -21
-51 -21
-51 -21
-51 -21
-51 -21
-51 -21
-49 -17
-49 -17
-49 -17
-49 -17
-49 -17
-49 -17
-49 -17
-49 -17
-49 -17
-49 -17
-49 -17
-49 -17
-49 -17
-49 -17
-51 -16
-51 -16
-51 -16
-51 -16
-51 -16
-51 -16
-51 -16
-51 -16
-51 -16
-51 -16
-51 -16
-51 -16
-51 -16
-51 -16
-51 -16
-51 -16
-51 -16
-51 -16
-51 -16
-51 -16
-51 -16
-51 -16
-51 -16
-51 -16
-51 -16
-51 -16
-51 -16
-51 -16
-51 -16
-51 -16
-51 -16
-51 -16
-51 -16
-51 -16
-51 -16
-53 -12
-53 -12
-53 -12
-53 -12
-53 -12
-53 -12
-53 -12
-53 -12
-53 -12
-53 -12
-53 -12
-53 -12
-53 -12
-53 -12
-53 -12
-53 -12
-53 -12
-52 -15
-52 -15
-52 -15
-52 -15
-52 -15
-52 -15
-52 -15
-52 -15
-52 -15
-52 -15
-52 -15
-52 -15
-52 -15
-52 -15
-52 -15
-52 -15
-52 -15
-52 -15
-52 -15
-52 -15
-52 -15
-52 -15
-52 -15
-52 -15
-52 -15
-52 -15
-52 -15
-52 -15
-52 -15
-52 -15
-52 -15
-52 -15
-52 -15
-52 -15
-52 -15
-55 -4
-55 -4
-55 -4
-55 -4
-55 -4
-55 -4
-55 -4
-55 -4
-55 -4
-55 -4
-55 -4
-55 -4
-55 -4
-55 -4
-55 -4
-55 -4
-55 -4
-55 -4
-55 -4
-59 -7
-59 -7
-59 -7
-59 -7
-59 -7
-59 -7
-59 -7
-59 -7
-59 -7
-59 -7
-59 -7
-59 -7
-59 -7
-59 -7
-59 -7
-59 -7
-59 -7
-59 -7
-57 -10
-57 -10
-57 -10
-57 -10
-57 -10
-57 -10
-57 -10
-57 -10
-57 -10
-57 -10
-57 -10
-57 -10
-57 -10
-57 -10
-57 -10
-57 -10
-57 -10
-57 -10
-57 -10
-57 -10
-57 -10
-57 -10
-57 -10
-57 -10
-57 -10
-57 -10
-57 -10
-57 -10
-57 -10
-57 -10
-57 -10
-57 -10
-59 -1
-59 -1
-59 -1
-59 -1
-59 -1
-59 -1
-59 -1
-59 -1
-59 -1
-59 -1
-59 -1
-59 -1
-59 -1
-59 -1
-59 -1
-59 -1
-57 -3
-57 -3
-57 -3
-57 -3
-57 -3
-57 -3
-57 -3
-57 -3
-57 -3
-57 -3
-57 -3
-57 -3
-57 -3
-57 -3
-57 -3
-57 -3
-57 -3
-57 -3
-57 -3
-57 -3
-57 -3
-57 -3
-57 -3
-57 -3
-57 -3
-57 -3
-57 -3
-57 -3
-57 -3
-57 -3
-57 -3
-57 -3
-57 -3
-58 -1
-58 -1
-58 -1
-58 -1
-58 -1
-58 -1
-58 -1
-58 -1
-58 -1
-58 -1
-58 -1
-58 -1
-58 -1
-58 -1
-58 -1
-58 -1
-57 0
-57 0
-57 0
-57 0
-57 0
-57 0
-57 0
-57 0
-57 0
-57 0
-57 0
-57 0
-57 0
-57 0
-57 0
-57 0
-57 0
-57 0
-59 7
-59 7
-59 7
-59 7
-59 7
-59 7
-59 7
-59 7
-59 7
-59 7
-59 7
-59 7
-59 7
-59 7
-59 7
-59 7
-59 7
-59 7
-59 7
-59 7
-59 7
-59 7
-59 7
-59 7
-59 7
-59 7
-59 7
-59 7
-59 7
-59 7
-59 7
-59 7
-59 5
-59 5
-59 5
-59 5
-59 5
-59 5
-59 5
-59 5
-59 5
-59 5
-59 5
-59 5
-59 5
-59 5
-59 5
-59 5
-61 5
-61 5
-61 5
-61 5
-61 5
-61 5
-61 5
-61 5
-61 5
-61 5
-61 5
-61 5
-61 5
-61 5
-61 5
-61 5
-61 5
-61 5
-61 5
-61 5
-61 5
-61 5
-61 5
-61 5
-61 5
-61 5
-61 5
-61 5
-61 5
-61 5
-59 9
-59 9
-59 9
-59 9
-59 9
-59 9
-59 9
-59 9
-59 9
-59 9
-59 9
-59 9
-59 9
-59 9
-59 9
-59 9
-59 9
-58 17
-58 17
-58 17
-58 17
-58 17
-58 17
-58 17
-58 17
-58 17
-58 17
-58 17
-58 17
-58 17
-58 17
-58 17
-58 17
-65 18
-65 18
-65 18
-65 18
-65 18
-65 18
-65 18
-65 18
-65 18
-65 18
-65 18
-65 18
-65 18
-65 18
-65 18
-65 18
-65 18
-65 18
-65 18
-65 18
-65 18
-65 18
-65 18
-65 18
-65 18
-65 18
-65 18
-65 18
-65 18
-58 16
-58 16
-58 16
-58 16
-58 16
-58 16
-58 16
-58 16
-58 16
-58 16
-58 16
-58 16
-58 16
-58 16
-58 16
-58 16
-70 24
-70 24
-70 24
-70 24
-70 24
-70 24
-70 24
-70 24
-70 24
-70 24
-70 24
-70 24
-70 24
-70 24
-70 24
-70 24
-63 30
-63 30
-63 30
-63 30
-63 30
-63 30
-63 30
-63 30
-63 30
-63 30
-63 30
-63 30
-63 30
-63 30
-63 30
-63 30
-63 30
-63 30
-63 30
-63 30
-63 30
-63 30
-63 30
-63 30
-63 30
-63 30
-63 30
-63 30
-63 30
-63 30
-63 30
-63 30
-63 30
-63 30
-71 35
-71 35
-71 35
-71 35
-71 35
-71 35
-71 35
-71 35
-71 35
-71 35
-71 35
-71 35
-71 35
-71 35
-71 35
-71 35
-71 35
-71 35
-71 35
-71 35
-71 35
-71 35
-71 35
-71 35
-71 35
-71 35
-71 35
-71 35
-71 35
-71 35
-71 35
-74 26
-74 26
-74 26
-74 26
-74 26
-74 26
-74 26
-74 26
-74 26
-74 26
-74 26
-74 26
-74 26
-74 26
-74 26
-74 26
-74 26
-74 26
-74 26
-77 28
-77 28
-77 28
-77 28
-77 28
-77 28
-77 28
-77 28
-77 28
-77 28
-77 28
-77 28
-77 28
-77 28
-77 28
-77 28
-77 28
-77 28
-77 28
-72 37
-72 37
-72 37
-72 37
-72 37
-72 37
-72 37
-72 37
-72 37
-72 37
-72 37
-72 37
-72 37
-72 37
-72 37
-72 37
-72 37
-72 37
-72 37
-69 45
-69 45
-69 45
-69 45
-69 45
-69 45
-69 45
-69 45
-69 45
-69 45
-69 45
-69 45
-69 45
-69 45
-69 45
-69 45
-69 45
-69 45
-69 45
-69 45
-69 45
-69 45
-69 45
-69 45
-69 45
-69 45
-69 45
-69 45
-69 45
-69 45
-69 45
-69 45
-69 45
-69 45
-69 45
-69 45
-69 45
-69 45
-69 45
-69 45
-61 45
-61 45
-61 45
-61 45
-61 45
-61 45
-61 45
-61 45
-61 45
-61 45
-61 45
-61 45
-61 45
-61 45
-61 45
-61 45
-61 45
-61 45
-67 54
-67 54
-67 54
-67 54
-67 54
-67 54
-67 54
-67 54
-67 54
-67 54
-67 54
-67 54
-67 54
-67 54
-67 54
-67 54
-67 54
-67 54
-67 54
-67 54
-67 54
-67 54
-67 54
-67 54
-67 54
-67 54
-67 54
-67 54
-67 54
-67 54
-67 54
-64 51
-64 51
-64 51
-64 51
-64 51
-64 51
-64 51
-64 51
-64 51
-64 51
-64 51
-64 51
-64 51
-64 51
-64 51
-64 51
-64 51
-64 51
-64 51
-64 51
-63 63
-63 63
-63 63
-63 63
-63 63
-63 63
-63 63
-63 63
-63 63
-63 63
-63 63
-63 63
-63 63
-63 63
-63 63
-63 63
-63 63
-63 63
-63 63
-63 63
-63 63
-58 61
-58 61
-58 61
-58 61
-58 61
-58 61
-58 61
-58 61
-58 61
-58 61
-58 61
-58 61
-58 61
-58 61
-58 61
-58 61
-58 61
-58 61
-58 61
-58 61
-58 61
-58 61
-58 61
-58 61
-58 61
-58 61
-58 61
-58 61
-58 61
-58 61
-58 61
-58 61
-58 61
-58 61
-58 61
-58 61
-58 61
-56 72
-56 72
-56 72
-56 72
-56 72
-56 72
-56 72
-56 72
-56 72
-56 72
-56 72
-56 72
-56 72
-56 72
-56 72
-56 72
-56 72
-56 72
-53 73
-53 73
-53 73
-53 73
-53 73
-53 73
-53 73
-53 73
-53 73
-53 73
-53 73
-53 73
-53 73
-53 73
-53 73
-53 73
-53 73
-53 73
-53 73
-53 73
-53 73
-53 73
-53 73
-53 73
-53 73
-53 73
-53 73
-53 73
-53 73
-53 73
-53 73
-53 73
-53 73
-53 73
-55 76
-55 76
-55 76
-55 76
-55 76
-55 76
-55 76
-55 76
-55 76
-55 76
-55 76
-55 76
-55 76
-55 76
-55 76
-55 76
-41 75
-41 75
-41 75
-41 75
-41 75
-41 75
-41 75
-41 75
-41 75
-41 75
-41 75
-41 75
-41 75
-41 75
-41 75
-41 75
-41 75
-34 84
-34 84
-34 84
-34 84
-34 84
-34 84
-34 84
-34 84
-34 84
-34 84
-34 84
-34 84
-34 84
-34 84
-34 84
-34 84
-34 84
-34 84
-34 84
-34 84
-34 84
-34 84
-34 84
-34 84
-34 84
-34 84
-34 84
-34 84
-34 84
-34 84
-34 84
-34 84
-34 84
-34 84
-34 84
-30 90
-30 90
-30 90
-30 90
-30 90
-30 90
-30 90
-30 90
-30 90
-30 90
-30 90
-30 90
-30 90
-30 90
-30 90
-30 90
-30 90
-19 79
-19 79
-19 79
-19 79
-19 79
-19 79
-19 79
-19 79
-19 79
-19 79
-19 79
-19 79
-19 79
-19 79
-19 79
-18 90
-18 90
-18 90
-18 90
-18 90
-18 90
-18 90
-18 90
-18 90
-18 90
-18 90
-18 90
-18 90
-18 90
-18 90
-18 90
-18 90
-18 90
-18 90
-18 90
-18 90
-18 90
-18 90
-18 90
-18 90
-18 90
-18 90
-18 90
-18 90
-18 90
-18 90
-18 90
-18 90
-19 86
-19 86
-19 86
-19 86
-19 86
-19 86
-19 86
-19 86
-19 86
-19 86
-19 86
-19 86
-19 86
-19 86
-19 86
-19 86
-16 80
-16 80
-16 80
-16 80
-16 80
-16 80
-16 80
-16 80
-16 80
-16 80
-16 80
-16 80
-16 80
-16 80
-16 80
-16 80
-16 80
-16 80
-16 80
-16 80
-16 80
-16 80
-16 80
-16 80
-16 80
-16 80
-16 80
-16 80
-16 80
-16 80
-16 80
-16 80
-12 80
-12 80
-12 80
-12 80
-12 80
-12 80
-12 80
-12 80
-12 80
-12 80
-12 80
-12 80
-12 80
-12 80
-12 80
-12 80
-9 75
-9 75
-9 75
-9 75
-9 75
-9 75
-9 75
-9 75
-9 75
-9 75
-9 75
-9 75
-9 75
-9 75
-9 75
-9 75
-9 75
-9 75
-9 75
-9 75
-9 75
-9 75
-9 75
-9 75
-9 75
-9 75
-9 75
-9 75
-9 75
-9 75
-9 75
-9 75
-9 75
-9 75
-9 75
-9 75
-16 80
-16 80
-16 80
-16 80
-16 80
-16 80
-16 80
-16 80
-16 80
-16 80
-16 80
-16 80
-16 80
-16 80
-16 80
-16 80
-16 80
-16 80
-16 80
-9 74
-9 74
-9 74
-9 74
-9 74
-9 74
-9 74
-9 74
-9 74
-9 74
-9 74
-9 74
-9 74
-9 74
-9 74
-9 74
-9 74
-9 74
-5 69
-5 69
-5 69
-5 69
-5 69
-5 69
-5 69
-5 69
-5 69
-5 69
-5 69
-5 69
-5 69
-5 69
-5 69
-5 69
-5 69
-5 69
-5 69
-5 69
-5 69
-5 69
-5 69
-5 69
-5 69
-5 69
-5 69
-5 69
-5 69
-5 69
-5 69
-5 69
-5 69
-5 69
-5 69
-1 61
-1 61
-1 61
-1 61
-1 61
-1 61
-1 61
-1 61
-1 61
-1 61
-1 61
-1 61
-1 61
-1 61
-1 61
-1 61
-1 61
-1 61
-1 61
0 48
0 48
0 48
0 48
0 48
0 48
0 48
0 48
0 48
0 48
0 48
0 48
0 48
0 48
0 48
0 48
0 48
0 48
0 48
-3 43
-3 43
-3 43
-3 43
-3 43
-3 43
-3 43
-3 43
-3 43
-3 43
-3 43
-3 43
-3 43
-3 43
-3 43
-3 43
-3 43
-3 43
-3 43
-3 43
-3 43
-3 43
-3 43
-3 43
-3 43
-3 43
-3 43
-3 43
-3 43
-3 43
1 36
1 36
1 36
1 36
1 36
1 36
1 36
1 36
1 36
1 36
1 36
1 36
1 36
1 36
1 36
0 31
0 31
0 31
0 31
0 31
0 31
0 31
0 31
0 31
0 31
0 31
0 31
0 31
0 31
0 31
0 31
3 20
3 20
3 20
3 20
3 20
3 20
3 20
3 20
3 20
3 20
3 20
3 20
3 20
3 20
3 20
3 20
3 20
3 20
3 20
3 20
3 20
3 20
3 20
3 20
3 20
3 20
3 20
3 20
3 20
3 20
3 20
3 20
3 20
3 20
3 13
3 13
3 13
3 13
3 13
3 13
3 13
3 13
3 13
3 13
3 13
3 13
3 13
3 13
3 13
1 4
1 4
1 4
1 4
1 4
1 4
1 4
1 4
1 4
1 4
1 4
1 4
1 4
1 4
1 4
1 4
1 4
1 4
1 4
1 4
1 4
1 4
1 4
1 4
1 4
1 4
1 4
1 4
1 4
1 4
1 4
1 4
1 4
1 4
1 4
1 4
1 4
1 4
1 4
1 4
1 4
1 4
1 4
1 4
1 4
1 4
1 4
1 4
1 4
1 4
1 4
1 4
1 4
1 4
1 4
1 4
1 4
1 4
1 4
1 4
1 4
1 4
1 4
1 4
1 4
1 4
1 4
1 4
1 4
1 4
1 4
1 4
1 4
1 4
1 4
1 4
1 4
1 4
1 4
1 4
1 4
1 4
1 4
1 4
1 4
1 4
1 4
1 4
1 4
1 4
1 4
1 4
1 4
1 4
1 4
1 4
1 4
1 4
1 4
1 4
1 4
1 4
1 4
1 4
1 4
1 4
1 4
1 4
1 4
1 4
1 4
1 4
1 0
1 0
1 0
1 0
1 0
1 0
1 0
1 0
1 0
1 0
1 0
1 0
1 0
1 0
1 0
1 0
1 0
1 0
1 0
1 0
1 0
1 0
1 0
1 0
1 0
1 0
1 0
1 0
1 0
1 0
1 0
1 0
1 0
1 0
1 0
1 0
1 0
1 0
1 0
1 0
1 0
1 0
1 0
1 0
1 0
1 0
1 0
1 0
1 0
1 0
1 0
1 0
1 0
1 0
1 0
1 0
1 0
1 0
1 0
1 0
1 0
1 0
1 0
1 0
1 0
1 0
1 0
1 0
1 0
1 0
1 0
1 0
1 0
1 0
1 0
1 0
1 0
1 0
1 0
1 0
-1 0
-1 0
-1 0
-1 0
-1 0
-1 0
-1 0
-1 0
-1 0
-1 0
-1 0
-1 0
-1 0
-1 0
-1 0
-1 0
-1 0
-1 0
-1 0
-1 0
-1 0
-1 0
-1 0
-1 0
-1 0
-1 0
-1 0
-1 0
-1 0
-1 0
-1 0
-1 0
-1 0
-1 0
-1 0
-1 0
-1 0
-1 0
-1 0
-1 0
-1 0
-1 0
-1 0
-1 0
-1 0
-1 0
-1 0
-1 0
-1 0
-1 0
-1 0
-1 0
-1 0
-1 0
-1 0
-1 0
-1 0
-1 0
-1 0
-1 0
-1 0
-1 0
-1 0
-1 0
-1 0
-1 0
-1 0
-1 0
-1 0
-1 0
-1 0
-1 0
-1 0
-1 0
-1 0
-1 0
-1 0
-1 0
-1 0
-1 0
-1 0
-1 0
-1 0
-1 0
-1 0
-1 0
-1 0
-1 0
-1 0
-1 0
-1 0
-1 0
-1 0
-1 0
-1 0
-1 0
-1 0
-1 0
-1 0
-1 0
-1 0
-1 0
-1 0
-1 0
-1 0
-1 0
-1 0
-1 0
-1 0
-1 0
-1 0
-1 0
-1 0
-1 0
-1 0
-1 0
-1 0
-1 0
-1 0
-1 0
-1 0
-1 0
-1 0
-1 0
-1 0
-1 0
-1 0
-1 0
-1 0
-1 0
-1 0
-1 0
-1 0
-1 0
-1 0
-1 0
-1 0
-1 0
-1 0
-1 0
-1 0
-1 0
-1 0
-1 0
-1 0
-1 0
-1 0
-1 0
-1 0
-1 0
-1 0
-1 0
-1 0
-1 0
-1 0
-1 0
-1 0
-1 0
-1 0
-1 0
-1 0
-1 0
-1 0
-1 0
-1 0
-1 0
-1 0
-1 0
-1 0
-1 0
-1 0
-1 0
-1 0
-1 0
-1 0
-1 0
-1 0
-1 0
-1 0
-1 0
-1 0
-1 0
-1 0
-1 0
-1 0
-1 0
-1 0
-1 0
-1 0
-1 0
-1 0
-1 0
-1 0
-1 0
-1 0
-1 0
-1 0
-1 0
-1 0
-1 0
-1 0
-1 0
-1 0
-1 0
-1 0
-1 0
1 0
1 0
1 0
1 0
1 0
1 0
1 0
1 0
1 0
1 0
1 0
1 0
1 0
1 0
1 0
1 0
1 0
1 0
1 0
1 0
1 0
1 0
1 0
1 0
1 0
1 0
1 0
1 0
1 0
1 0
1 0
1 0
1 0
1 0
1 0
1 0
1 0
1 0
-1 0
-1 0
-1 0
-1 0
-1 0
-1 0
-1 0
-1 0
-1 0
-1 0
-1 0
-1 0
-1 0
-1 0
-1 0
-1 0
-2 0
-2 0
-2 0
-2 0
-2 0
-2 0
-2 0
-2 0
-2 0
-2 0
-2 0
-2 0
-2 0
-2 0
-2 0
-2 0
-2 0
-2 0
-2 0
-2 0
-2 0
-2 0
-2 0
-2 0
-2 0
-2 0
-2 0
-2 0
-2 0
-2 0
-2 0
-2 0
-2 0
-2 0
-2 0
-2 0
-1 0
-1 0
-1 0
-1 0
-1 0
-1 0
-1 0
-1 0
-1 0
-1 0
-1 0
-1 0
-1 0
-1 0
-1 0
-1 0
-1 0
-1 0
-1 0
-1 0
-1 0
-1 0
-1 0
-1 0
-1 0
-1 0
-1 0
-1 0
-1 0
-1 0
-1 0
-1 0
-1 0
-1 0
-1 0
0 1
0 1
0 1
0 1
0 1
0 1
0 1
0 1
0 1
0 1
0 1
0 1
0 1
0 1
0 1
0 1
0 1
0 1
0 1
0 1
0 1
0 1
0 1
0 1
0 1
0 1
0 1
0 1
0 1
0 1
0 1
0 1
0 1
0 1
0 1
0 1
0 1
0 1
0 1
0 1
0 1
0 1
0 1
0 1
0 1
0 1
0 1
0 1
0 1
0 1
0 1
0 1
0 1
0 1
0 1
0 1
0 1
0 1
0 1
0 1
0 1
0 1
0 1
0 1
0 1
0 1
0 1
0 1
0 1
0 1
0 1
0 1
0 1
0 1
0 1
0 1
0 1
0 1
0 1
0 1
0 1
0 1
0 1
0 1
0 1
0 1
0 1
0 1
0 1
0 1
0 1
-1 0
-1 0
-1 0
-1 0
-1 0
-1 0
-1 0
-1 0
-1 0
-1 0
-1 0
-1 0
-1 0
-1 0
-1 0
-1 0
-1 0
-1 0
-1 0
-1 0
-1 0
-1 0
-1 0
-1 0
-1 0
-1 0
-1 0
-1 0
-1 0
-1 0
-1 0
-1 0
-1 0
-1 0
-1 0
-1 0
-1 0
-1 0
-1 0
-1 0
-1 0
-1 0
-1 0
-1 0
-1 0
-1 0
-1 0
-1 0
-1 0
-1 0
-1 0
-1 0
-1 0
-1 0
-1 0
-1 0
-1 0
-1 0
-1 0
-1 0
-1 0
-1 0
-1 0
-1 0
-1 0
-1 0
-1 0
-1 0
-1 0
-1 0
-1 0
-1 0
-1 0
-1 0
-1 0
-1 0
-1 0
-1 0
-1 0
-1 0
-1 0
-1 0
-1 0
-1 0
-1 0
-1 0
-1 0
-1 0
-1 0
-1 0
-1 0
-1 0
-1 0
-1 0
-1 0
-1 0
-1 0
-1 0
-1 0
-1 0
-1 0
-1 0
-1 0
-1 0
-1 0
-1 0
-1 0
-1 0
-1 0
-1 0
-1 0
-1 0
-1 0
-1 0
-1 0
-1 0
-1 0
-1 0
-1 0
-1 0
-1 0
-1 0
-1 0
-1 0
-1 0
-1 0
-1 0
-1 0
-1 0
-1 0
-1 0
-1 0
-1 0
-1 0
-1 0
-1 0
-1 0
-1 0
-1 0
-1 0
-1 0
-1 0
-1 0
-1 0
-1 0
-1 0
-1 0
-1 0
-1 0
-1 0
-1 0
-1 0
-1 0
-1 0
-1 0
-1 0
-1 0
-1 0
-1 0
-1 0
-1 0
-1 0
-1 0
-1 0
-1 0
-1 0
-1 0
-1 0
-1 0
-1 0
-1 0
-1 0
-1 0
-1 0
-1 0
-1 0
-1 0
-1 0
-1 0
-1 0
-1 0
-1 0
-1 0
-1 0
-1 0
-1 0
-1 0
-1 0
-1 0
-1 0
-1 0
-1 0
-1 0
-1 0
-1 0
-1 0
-1 0
-1 0
-1 0
-1 0
-1 0
-1 0
-1 0
-1 0
-1 0
-1 0
-1 0
-1 0
-1 0
-1 0
-1 0
-1 0
-1 0
-1 0
-1 0
-1 0
-1 0
-1 0
-1 0
-1 0
-1 0
-1 0
-1 0
-1 0
-1 0
-1 0
-1 0
-1 0
-1 0
-1 0
-1 0
-1 0
-1 0
-1 0
-1 0
-1 0
-1 0
-1 0
-1 0
-1 0
-1 0
-1 0
-1 0
-1 0
-1 0
-1 0
-1 0
-1 0
-1 0
-1 0
-1 0
-1 0
-1 0
-1 0
-1 0
-1 0
-1 0
-1 0
-1 0
-1 0
-1 0
-1 0
-1 0
-1 0
-1 0
-1 0
-1 0
-1 0
-1 0
-1 0
-1 0
-1 0
-1 0
-1 0
-1 0
-1 0
-1 0
-1 0
-1 0
-1 0
-1 0
-1 0
-1 0
-1 0
-1 0
-1 0
-1 0
-1 0
-1 0
-1 0
-1 0
-1 0
-1 0
-1 0
-1 0
-1 0
-1 0
-1 0
-1 0
-1 0
-1 0
-1 0
-1 0
-1 0
-1 0
-1 0
-1 0
-1 0
-1 0
-1 0
-1 0
-1 0
-1 0
-1 0
-1 0
-1 0
-1 0
-1 0
-1 0
-1 0
-1 0
-1 0
-1 0
-1 0
-1 0
-1 0
-1 0
-1 0
-1 0
-1 0
-1 0
-1 0
-1 0
-1 0
-1 0
-1 0
-1 0
-1 0
-1 0
-1 0
-1 0
-1 0
-1 0
-1 0
-1 0
-1 0
-1 0
-1 0
-1 0
-1 0
-1 0
-1 0
-1 0
-1 0
-1 0
-1 0
-1 0
-1 0
-1 0
-1 0
-1 0
-1 0
-1 0
-1 0
-1 0
-1 0
-1 0
-1 0
-1 0
-1 0
-1 0
-1 0
-1 0
-1 0
-1 0
-1 0
-1 0
-1 0
-1 0
-1 0
-1 0
-1 0
-1 0
-1 0
-1 0
-1 0
-1 0
-1 0
-1 0
-1 0
-1 0
-1 0
-1 0
-1 0
-1 0
-1 0
-1 0
-1 0
-1 0
-1 0
-1 0
-1 0
-1 0
-1 0
-1 0
-1 0
-1 0
-1 0
-1 0
-1 0
-1 0
-1 0
-1 0
-1 0
-1 0
-1 0
-1 0
-1 0
-1 0
-1 0
-1 0
-1 0
-1 0
-1 0
-1 0
-1 0
-1 0
-1 0
-1 0
-1 0
-1 0
-1 0
-1 0
-1 0
-1 0
-1 0
-1 0
-1 0
-1 0
-1 0
-1 0
-1 0
-1 0
-1 0
-1 0
-1 0
-1 0
-1 0
-1 0
-1 0
-1 0
-1 0
-1 0
-1 0
-1 0
-1 0
-1 0
-1 0
-1 0
-1 0
-1 0
-1 0
-1 0
-1 0
-1 0
-1 0
-1 0
-1 0
-1 0
-1 0
-1 0
-1 0
-1 0
-1 0
-1 0
-1 0
-1 0
-1 0
-1 0
-1 0
-1 0
-1 0
-1 0
-1 0
-1 0
-1 0
-1 0
-1 0
-1 0
-1 0
-1 0
-1 0
-1 0
-1 0
-1 0
-1 0
-1 0
-1 0
-1 0
-1 0
-1 0
-1 0
-1 0
-1 0
-1 0
-1 0
-1 0
-1 0
-1 0
-1 0
-1 0
-1 0
-1 0
-1 0
-1 0
-1 0
-1 0
-1 0
-1 0
-1 0
-1 0
-1 0
-1 0
-1 0
-1 0
-1 0
-1 0
-1 0
-1 0
-1 0
-1 0
-1 0
-1 0
-1 0
-1 0
-1 0
-1 0
-1 0
-1 0
-1 0
-1 0
-1 0
-1 0
-1 0
-1 0
-1 0
-1 0
-1 0
-1 0
-1 0
-1 0
-1 0
-1 0
-1 0
-1 0
-1 0
-1 0
-1 0
-1 0
-1 0
-1 0
-1 0
-1 0
-1 0
-1 0
-1 0
-1 0
-1 0
-1 0
-1 0
-1 0
-1 0
-1 0
-1 0
-1 0
-1 0
-1 0
-1 0
-1 0
-1 0
-1 0
-1 0
-1 0
-1 0
-1 0
-1 0
-1 0
-1 0
-1 0
-1 0
-1 0
-1 0
-1 0
-1 0
-1 0
-1 0
-1 0
-1 0
-1 0
-1 0
-1 0
-1 0
-1 0
-1 0
-1 0
-1 0
-1 0
-1 0
-1 0
-1 0
-1 0
-1 0
-1 0
-1 0
-1 0
-1 0
-1 0
-1 0
-1 0
-1 0
-1 0
-1 0
-1 0
-1 0
-1 0
-1 0
-1 0
-1 0
-1 0
-1 0
-1 0
-1 0
-1 0
-1 0
-1 0
-1 0
-1 0
-1 0
-1 0
-1 0
-1 0
-1 0
-1 0
-1 0
-1 0
-1 0
-1 0
-1 0
-1 0
-1 0
-1 0
-1 0
-1 0
-1 0
-1 0
-1 0
-1 0
-1 0
-1 0
-1 0
-1 0
-1 0
-1 0
-1 0
-1 0
-1 0
-1 0
-1 0
-1 0
-1 0
-1 0
-1 0
-1 0
-1 0
-1 0
-1 0
-1 0
-1 0
-1 0
-1 0
-1 0
-1 0
-1 0
-1 0
-1 0
-1 0
-1 0
-1 0
-1 0
-1 0
-1 0
-1 0
-1 0
-1 0
-1 0
-1 0
-1 0
-1 0
-1 0
-1 0
-1 0
-1 0
-1 0
-1 0
-1 0
-1 0
-1 0
-1 0
-1 0
-1 0
-1 0
-1 0
-1 0
-1 0
-1 0
-1 0
-1 0
-1 0
-1 0
-1 0
-1 0
-1 0
-1 0
-1 0
-1 0
-1 0
-1 0
-1 0
-1 0
-1 0
-1 0
-1 0
-1 0
-1 0
-1 0
-1 0
-1 0
-1 0
-1 0
-1 0
-1 0
-1 0
-1 0
-1 0
-1 0
-1 0
-1 0
-1 0
-1 0
-1 0
-1 0
-1 0
-1 0
-1 0
-1 0
-1 0
-1 0
-1 0
-1 0
-1 0
-1 0
-1 0
-1 0
-1 0
-1 0
-1 0
-1 0
-1 0
-1 0
-1 0
-1 0
-1 0
-1 0
-1 0
-1 0
-1 0
-1 0
-1 0
-1 0
-1 0
-1 0
-1 0
-1 0
-1 0
-1 0
-1 0
-1 0
-1 0
-1 0
-1 0
-1 0
-1 0
-1 0
-1 0
-1 0
-1 0
-1 0
-1 0
-1 0
-1 0
-1 0
-1 0
-1 0
-1 0
-1 0
-1 0
-1 0
-1 0
-1 0
-1 0
-1 0
-1 0
-1 0
-1 0
-1 0
-1 0
-1 0
-1 0
-1 0
-1 0
-1 0
-1 0
-1 0
-1 0
-1 0
-1 0
-1 0
-1 0
-1 0
-1 0
-1 0
-1 0
-1 0
-1 0
-1 0
-1 0
-1 0
-1 0
-1 0
-1 0
-1 0
-1 0
-1 0
-1 0
-1 0
-1 0
-1 0
-1 0
-1 0
-1 0
-1 0
-1 0
-1 0
-1 0
-1 0
-1 0
-1 0
-1 0
-1 0
-1 0
-1 0
-1 0
-1 0
-1 0
-1 0
-1 0
-1 0
-1 0
-1 0
-1 0
-1 0
-1 0
-1 0
-1 0
-1 0
-1 0
-1 0
-1 0
-1 0
-1 0
-1 0
-1 0
-1 0
-1 0
-1 0
-1 0
-1 0
-1 0
-1 0
-1 0
-1 0
-1 0
-1 0
-1 0
-1 0
-1 0
-1 0
-1 0
-1 0
-1 0
-1 0
-1 0
-1 0
-1 0
-1 0
-1 0
-1 0
-1 0
-1 0
-1 0
-1 0
-1 0
-1 0
-1 0
-1 0
-1 0
-1 0
-1 0
-1 0
-1 0
-1 0
-1 0
-1 0
-1 0
-1 0
-1 0
-1 0
-1 0
-1 0
-1 0
-1 0
-1 0
-1 0
-1 0
-1 0
-1 0
-1 0
-1 0
-1 0
-1 0
-1 0
-1 0
-1 0
-1 0
-1 0
-1 0
-1 0
-1 0
-1 0
-1 0
-1 0
-1 0
-1 0
-1 0
-1 0
-1 0
-1 0
-1 0
-1 0
-1 0
-1 0
-1 0
-1 0
-1 0
-1 0
-1 0
-1 0
-1 0
-1 0
-1 0
-1 0
-1 0
-1 0
-1 0
-1 0
-1 0
-1 0
-1 0
-1 0
-1 0
-1 0
-1 0
-1 0
-1 0
-1 0
-1 0
-1 0
-1 0
-1 0
-1 0
-1 0
-1 0
-1 0
-1 0
-1 0
-1 0
-1 0
-1 0
-1 0
-1 0
-1 0
-1 0
-1 0
-1 0
-1 0
-1 0
-1 0
-1 0
-1 0
-1 0
-1 0
-1 0
-1 0
-1 0
-1 0
-1 0
-1 0
-1 0
-1 0
-1 0
-1 0
-1 0
-1 0
-1 0
-1 0
-1 0
-1 0
-1 0
-1 0
-1 0
-1 0
-1 0
-1 0
-1 0
-1 0
-1 0
-1 0
-1 0
-1 0
-1 0
-1 0
-1 0
-1 0
-1 0
-1 0
-1 0
-1 0
-1 0
-1 0
-1 0
-1 0
-1 0
-1 0
-1 0
-1 0
-1 0
-1 0
-1 0
-1 0
-1 0
-1 0
-1 0
-1 0
-1 0
-1 0
-1 0
-1 0
-1 0
-1 0
-1 0
-1 0
-1 0
-1 0
-1 0
-1 0
-1 0
-1 0
-1 0
-1 0
-1 0
-1 0
-1 0
-1 0
-1 0
-1 0
-1 0
-1 0
-1 0
-1 0
-1 0
-1 0
-1 0
-1 0
-1 0
-1 0
-1 0
-1 0
-1 0
-1 0
-1 0
-1 0
-1 0
-1 0
-1 0
-1 0
-1 0
-1 0
-1 0
-1 0
-1 0
-1 0
-1 0
-1 0
-1 0
-1 0
-1 0
-1 0
-1 0
-1 0
-1 0
-1 0
-1 0
-1 0
-1 0
-1 0
-1 0
-1 0
-1 0
-1 0
-1 0
-1 0
-1 0
-1 0
-1 0
-1 0
-1 0
-1 0
-1 0
-1 0
-1 0
-1 0
-1 0
-1 0
-1 0
-1 0
-1 0
-1 0
-1 0
-1 0
-1 0
-1 0
-1 0
-1 0
-1 0
-1 0
-1 0
-1 0
-1 0
-1 0
-1 0
-1 0
-1 0
-1 0
-1 0
-1 0
-1 0
-1 0
-1 0
-1 0
-1 0
-1 0
-1 0
-1 0
-1 0
-1 0
-1 0
-1 0
-1 0
-1 0
-1 0
-1 0
-1 0
-1 0
-1 0
-1 0
-1 0
-1 0
-1 0
-1 0
-1 0
-1 0
-1 0
-1 0
-1 0
-1 0
-1 0
-1 0
-1 0
-1 0
-1 0
-1 0
-1 0
-1 0
-1 0
-1 0
-1 0
-1 0
-1 0
-1 0
-1 0
-1 0
-1 0
-1 0
-1 0
-1 0
-1 0
-1 0
-1 0
-1 0
-1 0
-1 0
-1 0
-1 0
-1 0
-1 0
-1 0
-1 0
-1 0
-1 0
-1 0
-1 0
-1 0
-1 0
-1 0
-1 0
-1 0
-1 0
-1 0
-1 0
-1 0
-1 0
-1 0
-1 0
-1 0
-1 0
-1 0
-1 0
-1 0
-1 0
-1 0
-1 0
-1 0
-1 0
-1 0
-1 0
-1 0
-1 0
-1 0
-1 0
-1 0
-1 0
-1 0
-1 0
-1 0
-1 0
-1 0
-1 0
-1 0
-1 0
-1 0
-1 0
-1 0
-1 0
-1 0
-1 0
-1 0
-1 0
-1 0
-1 0
-1 0
-1 0
-1 0
-1 0
-1 0
-1 0
-1 0
-1 0
-1 0
-1 0
-1 0
-1 0
-1 0
-1 0
-1 0
-1 0
-1 0
-1 0
-1 0
-1 0
-1 0
-1 0
-1 0
-1 0
-1 0
-1 0
-1 0
-1 0
-1 0
-1 0
-1 0
-1 0
-1 0
-1 0
-1 0
-1 0
-1 0
-1 0
-1 0
-1 0
-1 0
-1 0
-1 0
-1 0
-1 0
-1 0
-1 0
-1 0
-1 0
-1 0
-1 0
-1 0
-1 0
-1 0
-1 0
-1 0
-1 0
-1 0
-1 0
-1 0
-1 0
-1 0
-1 0
-1 0
-1 0
