-4 8
-3 14
-7 21
-18 27
-15 40
-21 37
-21 37
-21 37
-21 37
-21 37
-21 37
-21 37
-21 37
-21 37
-21 37
-21 41
-21 41
-21 41
-21 41
-21 41
-21 41
-21 41
-21 41
-21 41
-21 41
-21 41
-21 41
-21 41
-21 41
-21 41
-21 41
-21 41
-21 41
-21 41
-21 41
-25 47
-25 47
-25 47
-25 47
-25 47
-25 47
-25 47
-25 47
-25 47
-25 47
-25 47
-25 47
-25 47
-25 47
-25 47
-25 47
-25 47
-25 47
-25 47
-25 47
-25 47
-25 47
-25 47
-25 47
-25 47
-25 47
-25 47
-25 47
-25 47
-25 47
-25 47
-25 47
-25 47
-25 47
-25 47
-25 47
-25 47
-25 47
-25 47
-25 47
-25 47
-25 48
-25 48
-25 48
-25 48
-25 48
-25 48
-25 48
-25 48
-25 48
-25 48
-25 48
-25 48
-25 48
-25 48
-25 48
-25 48
-25 48
-25 48
-25 48
-25 48
-25 48
-25 48
-25 48
-25 48
-25 48
-25 48
-25 48
-25 48
-25 48
-25 48
-25 48
-25 48
-25 48
-25 48
-25 48
-25 48
-25 48
-25 48
-25 48
-25 48
-25 48
-25 48
-20 43
-20 43
-20 43
-20 43
-20 43
-20 43
-20 43
-20 43
-20 43
-20 43
-20 43
-20 43
-20 43
-20 43
-20 43
-20 43
-20 43
-20 43
-20 43
-20 43
-20 43
-20 54
-20 54
-20 54
-20 54
-20 54
-20 54
-20 54
-20 54
-20 54
-20 54
-20 54
-20 54
-20 54
-20 54
-20 54
-20 54
-20 54
-20 54
-20 54
-20 54
-20 54
-20 54
-20 54
-20 54
-20 54
-20 54
-20 54
-20 54
-20 54
-20 54
-20 54
-20 54
-20 54
-20 54
-20 54
-20 54
-20 54
-20 54
-20 54
-20 54
-16 52
-16 52
-16 52
-16 52
-16 52
-16 52
-16 52
-16 52
-16 52
-16 52
-16 52
-16 52
-16 52
-16 52
-16 52
-16 52
-16 52
-16 52
-16 52
-16 52
-16 63
-16 63
-16 63
-16 63
-16 63
-16 63
-16 63
-16 63
-16 63
-16 63
-16 63
-16 63
-16 63
-16 63
-16 63
-16 63
-16 63
-16 63
-16 63
-16 63
-16 63
-16 63
-16 63
-16 63
-16 63
-16 63
-16 63
-16 63
-16 63
-16 63
-16 63
-16 63
-16 63
-16 63
-16 63
-16 63
-16 63
-16 63
-16 63
-16 63
-16 63
-16 63
-16 63
-16 63
-16 63
-16 63
-16 63
-16 63
-19 65
-19 65
-19 65
-19 65
-19 65
-19 65
-19 65
-19 65
-19 65
-19 65
-19 65
-19 65
-19 65
-19 65
-19 65
-19 65
-19 65
-19 65
-19 65
-19 65
-19 65
-19 65
-19 65
-19 65
-19 65
-19 65
-19 65
-19 65
-19 65
-19 65
-19 65
-19 65
-19 65
-19 65
-19 65
-19 65
-19 65
-19 65
-19 65
-19 65
-19 65
-19 65
-19 65
-19 65
-19 65
-19 65
-19 65
-6 82
-6 82
-6 82
-6 82
-6 82
-6 82
-6 82
-6 82
-6 82
-6 82
-6 82
-6 82
-6 82
-6 82
-6 82
-6 82
-6 82
-6 82
-6 82
-6 82
-6 82
-6 82
-6 82
-6 82
-6 82
-6 82
-6 82
-6 82
-6 82
-6 82
-6 82
-6 82
-6 82
-6 82
-6 82
-6 82
-6 82
-6 82
-6 82
-6 82
-6 82
-6 82
-6 82
-6 82
-6 82
-6 82
-6 82
-6 82
1 80
1 80
1 80
1 80
1 80
1 80
1 80
1 80
1 80
1 80
1 80
1 80
1 80
1 80
1 80
1 80
1 80
1 80
1 80
1 80
-2 92
-2 92
-2 92
-2 92
-2 92
-2 92
-2 92
-2 92
-2 92
-2 92
-2 92
-2 92
-2 92
-2 92
-2 92
-2 92
-2 92
-2 92
-2 92
-2 92
-2 92
1 90
1 90
1 90
1 90
1 90
1 90
1 90
1 90
1 90
1 90
1 90
1 90
1 90
1 90
1 90
1 90
1 90
1 90
1 90
1 90
1 90
1 90
1 90
1 90
1 90
1 90
1 90
1 90
1 90
1 90
1 90
1 90
1 90
1 90
1 90
1 90
1 90
1 90
1 90
1 90
1 90
1 90
1 90
1 90
1 97
1 97
1 97
1 97
1 97
1 97
1 97
1 97
1 97
1 97
1 97
1 97
1 97
1 97
1 97
1 97
1 97
1 97
1 97
1 97
1 97
1 97
1 97
1 97
1 97
1 97
1 97
1 97
1 97
1 97
1 97
1 97
1 97
1 97
1 97
1 97
1 97
1 97
1 97
1 97
1 97
1 97
7 91
7 91
7 91
7 91
7 91
7 91
7 91
7 91
7 91
7 91
7 91
7 91
7 91
7 91
7 91
7 91
7 91
7 91
7 91
7 91
7 91
7 91
7 91
7 91
7 91
7 91
7 91
7 91
7 91
7 91
7 91
7 91
7 91
7 91
7 91
7 91
7 91
7 91
7 91
7 91
7 91
7 91
7 91
7 91
7 91
7 91
7 91
10 90
21 109
21 109
21 109
21 109
21 109
21 109
21 109
21 109
21 109
21 109
21 109
21 109
21 109
21 109
21 109
21 109
21 109
21 109
21 109
21 109
21 109
21 109
21 109
21 109
21 109
21 109
21 109
21 109
21 109
21 109
21 109
21 109
21 109
21 109
21 109
21 109
21 109
21 109
21 109
21 109
21 109
21 109
14 101
14 101
14 101
14 101
14 101
14 101
14 101
14 101
14 101
14 101
14 101
14 101
14 101
14 101
14 101
14 101
14 101
14 101
14 101
14 101
14 101
14 101
14 101
14 101
17 107
17 107
17 107
17 107
17 107
17 107
17 107
17 107
17 107
17 107
17 107
17 107
17 107
17 107
17 107
17 107
17 107
17 107
18 105
18 105
18 105
18 105
18 105
18 105
18 105
18 105
18 105
18 105
18 105
18 105
18 105
18 105
18 105
18 105
18 105
18 105
18 105
18 105
18 105
18 105
18 105
18 105
18 105
18 105
18 105
18 105
18 105
18 105
18 105
18 105
18 105
18 105
18 105
18 105
18 105
18 105
18 105
18 105
18 105
18 105
18 105
18 105
18 105
18 105
18 105
18 105
18 105
18 105
18 105
18 105
18 105
18 105
18 105
18 105
18 105
18 105
18 105
18 105
18 105
18 105
18 105
18 105
18 105
18 105
18 105
22 103
32 112
32 112
32 112
32 112
32 112
32 112
32 112
32 112
32 112
32 112
32 112
32 112
32 112
32 112
32 112
32 112
32 112
32 112
32 112
32 112
32 112
32 112
32 112
32 112
32 112
32 112
32 112
32 112
32 112
32 112
32 112
32 112
32 112
32 112
32 112
32 112
32 112
32 112
32 112
32 112
32 112
32 112
32 112
32 112
32 112
32 112
31 101
31 101
31 101
31 101
31 101
31 101
31 101
31 101
31 101
31 101
31 101
31 101
31 101
31 101
31 101
31 101
31 101
31 101
31 101
31 101
31 101
31 101
31 101
37 104
37 104
37 104
37 104
37 104
37 104
37 104
37 104
37 104
37 104
37 104
37 104
37 104
37 104
37 104
37 104
37 104
37 104
37 104
37 104
37 104
37 104
37 104
39 104
39 104
39 104
39 104
39 104
39 104
39 104
39 104
39 104
39 104
39 104
39 104
39 104
39 104
39 104
39 104
39 104
39 104
39 104
39 104
39 104
39 104
39 104
39 104
39 104
39 104
39 104
39 104
39 104
39 104
39 104
39 104
39 104
39 104
39 104
39 104
39 104
39 104
39 104
39 104
39 104
43 107
43 107
43 107
43 107
43 107
43 107
43 107
43 107
43 107
43 107
43 107
43 107
43 107
43 107
43 107
43 107
43 107
43 107
43 107
43 107
43 107
43 107
43 107
43 107
43 107
43 107
43 107
43 107
43 107
43 107
43 107
43 107
43 107
43 107
43 107
43 107
43 107
43 107
43 107
48 103
63 108
63 108
63 108
63 108
63 108
63 108
63 108
63 108
63 108
63 108
63 108
63 108
63 108
63 108
63 108
63 108
63 108
63 108
63 108
63 108
63 108
63 108
63 108
63 108
63 108
63 108
63 108
63 108
63 108
63 108
63 108
63 108
63 108
63 108
63 108
63 108
63 108
63 108
63 108
63 108
63 108
63 108
63 108
65 101
65 101
65 101
65 101
65 101
65 101
65 101
65 101
65 101
65 101
65 101
65 101
65 101
65 101
65 101
65 101
65 101
65 101
65 101
65 101
65 101
65 101
80 93
80 93
80 93
80 93
80 93
80 93
80 93
80 93
80 93
80 93
80 93
80 93
80 93
80 93
80 93
80 93
80 93
80 93
80 93
80 93
80 93
80 93
80 93
80 93
80 93
80 93
80 93
80 93
80 93
80 93
80 93
80 93
80 93
80 93
80 93
80 93
80 93
80 93
80 93
80 93
80 93
80 93
80 93
85 93
85 93
85 93
85 93
85 93
85 93
85 93
85 93
85 93
85 93
85 93
85 93
85 93
85 93
85 93
85 93
85 93
85 93
85 93
85 93
85 93
85 93
85 93
85 93
85 93
85 93
85 93
85 93
85 93
85 93
85 93
85 93
85 93
85 93
85 93
85 93
85 93
85 93
85 93
85 93
85 93
85 93
85 93
85 93
85 93
85 93
85 93
85 93
85 93
90 92
90 92
90 92
90 92
90 92
90 92
90 92
90 92
90 92
90 92
90 92
90 92
90 92
90 92
90 92
90 92
90 92
90 92
90 92
90 92
90 92
90 92
90 92
90 92
90 92
90 92
90 92
90 92
90 92
90 92
90 92
90 92
90 92
90 92
90 92
90 92
90 92
90 92
90 92
90 92
90 92
90 92
90 92
90 92
90 92
90 92
90 92
90 92
90 92
90 92
90 92
90 92
90 92
95 86
95 86
95 86
95 86
95 86
95 86
95 86
95 86
95 86
95 86
95 86
95 86
95 86
95 86
95 86
95 86
95 86
95 86
95 86
95 86
95 86
95 86
95 86
97 72
97 72
97 72
97 72
97 72
97 72
97 72
97 72
97 72
97 72
97 72
97 72
97 72
97 72
97 72
97 72
97 72
97 72
97 72
97 72
97 72
97 72
97 72
97 72
97 72
97 72
97 72
97 72
97 72
97 72
97 72
97 72
97 72
97 72
97 72
97 72
97 72
97 72
97 72
97 72
97 72
97 72
97 72
97 72
97 72
97 72
97 72
97 72
97 72
108 61
108 61
108 61
108 61
108 61
108 61
108 61
108 61
108 61
108 61
108 61
108 61
108 61
108 61
108 61
108 61
108 61
108 61
108 61
108 61
108 61
108 61
108 61
108 61
91 56
91 56
91 56
91 56
91 56
91 56
91 56
91 56
91 56
91 56
91 56
91 56
91 56
91 56
91 56
91 56
91 56
91 56
91 56
91 56
91 56
91 56
91 56
91 56
91 56
91 56
91 56
91 56
91 56
91 56
91 56
91 56
91 56
91 56
91 56
91 56
91 56
91 56
91 56
91 56
91 56
91 56
91 56
91 56
91 56
91 56
122 40
122 40
122 40
122 40
122 40
122 40
122 40
122 40
122 40
122 40
122 40
122 40
122 40
122 40
122 40
122 40
122 40
122 40
122 40
122 40
122 40
122 40
122 40
122 40
122 40
122 40
122 40
122 40
122 40
122 40
122 40
122 40
122 40
122 40
122 40
122 40
122 40
122 40
122 40
122 40
122 40
122 40
122 40
122 40
122 40
122 40
122 40
130 36
138 21
138 21
138 21
138 21
138 21
138 21
138 21
138 21
138 21
138 21
138 21
138 21
138 21
138 21
138 21
138 21
138 21
138 21
138 21
138 21
138 21
138 21
138 21
138 21
138 21
138 21
138 21
138 21
138 21
138 21
138 21
138 21
138 21
138 21
138 21
138 21
138 21
138 21
138 21
138 21
138 21
138 21
138 21
138 21
138 21
138 21
138 21
138 21
138 21
138 21
131 14
131 14
131 14
131 14
131 14
131 14
131 14
131 14
131 14
131 14
131 14
131 14
131 14
131 14
131 14
131 14
131 14
131 14
131 14
131 14
131 14
131 14
131 14
131 14
131 14
131 14
131 14
131 14
131 14
131 14
131 14
131 14
131 14
131 14
131 14
131 14
131 14
131 14
131 14
131 14
131 14
131 14
131 14
131 14
131 14
131 14
131 14
131 14
138 3
138 3
138 3
138 3
138 3
138 3
138 3
138 3
138 3
138 3
138 3
138 3
138 3
138 3
138 3
138 3
138 3
138 3
138 3
138 3
138 3
138 3
138 3
124 4
124 4
124 4
124 4
124 4
124 4
124 4
124 4
124 4
124 4
124 4
124 4
124 4
124 4
124 4
124 4
124 4
124 4
124 4
124 4
124 4
124 4
124 4
124 4
124 4
124 4
124 4
124 4
124 4
124 4
124 4
124 4
124 4
124 4
124 4
124 4
124 4
124 4
124 4
124 4
124 4
124 4
124 4
124 4
135 -19
135 -19
135 -19
135 -19
135 -19
135 -19
135 -19
135 -19
135 -19
135 -19
135 -19
135 -19
135 -19
135 -19
135 -19
135 -19
135 -19
135 -19
135 -19
135 -19
135 -19
135 -19
135 -19
96 -24
96 -24
96 -24
96 -24
96 -24
96 -24
96 -24
96 -24
96 -24
96 -24
96 -24
96 -24
96 -24
96 -24
96 -24
96 -24
96 -24
96 -24
96 -24
96 -24
96 -24
96 -24
96 -24
96 -24
96 -24
96 -24
96 -24
96 -24
96 -24
96 -24
96 -24
96 -24
96 -24
96 -24
96 -24
96 -24
96 -24
96 -24
96 -24
96 -24
96 -24
96 -24
96 -24
96 -24
96 -24
96 -24
96 -24
96 -24
96 -24
96 -24
96 -24
115 -28
115 -28
115 -28
115 -28
115 -28
115 -28
115 -28
115 -28
115 -28
115 -28
115 -28
115 -28
115 -28
115 -28
115 -28
115 -28
115 -28
115 -28
115 -28
115 -28
115 -28
115 -28
115 -28
115 -28
116 -37
116 -37
116 -37
116 -37
116 -37
116 -37
116 -37
116 -37
116 -37
116 -37
116 -37
116 -37
116 -37
116 -37
116 -37
116 -37
116 -37
108 -39
108 -39
108 -39
108 -39
108 -39
108 -39
108 -39
108 -39
108 -39
108 -39
108 -39
108 -39
108 -39
108 -39
108 -39
108 -39
108 -39
108 -39
108 -39
108 -39
108 -39
108 -39
108 -39
108 -39
108 -39
108 -39
108 -39
108 -39
108 -39
108 -39
108 -39
108 -39
108 -39
108 -39
108 -39
108 -39
108 -39
108 -39
108 -39
108 -39
108 -39
108 -39
108 -39
108 -39
108 -39
108 -39
108 -39
108 -39
108 -39
108 -39
108 -39
108 -39
108 -39
108 -39
108 -39
108 -39
108 -39
108 -39
108 -39
108 -39
108 -39
108 -39
108 -39
108 -39
108 -39
108 -39
108 -39
108 -39
108 -39
108 -39
108 -39
108 -39
108 -39
108 -39
108 -39
108 -39
108 -39
108 -39
108 -39
108 -39
108 -39
108 -39
108 -39
108 -39
108 -39
108 -39
108 -39
108 -39
108 -39
108 -39
108 -39
108 -39
108 -39
108 -39
108 -39
108 -39
108 -39
108 -39
108 -39
117 -52
101 -70
101 -70
101 -70
101 -70
101 -70
101 -70
101 -70
101 -70
101 -70
101 -70
101 -70
101 -70
101 -70
101 -70
101 -70
101 -70
101 -70
105 -83
105 -83
105 -83
105 -83
105 -83
105 -83
105 -83
105 -83
105 -83
105 -83
105 -83
105 -83
105 -83
105 -83
105 -83
105 -83
105 -83
105 -83
105 -83
105 -83
106 -80
106 -80
106 -80
106 -80
106 -80
106 -80
106 -80
106 -80
106 -80
106 -80
106 -80
106 -80
106 -80
106 -80
106 -80
106 -80
106 -80
106 -80
106 -80
106 -80
106 -80
106 -80
106 -80
106 -80
106 -80
106 -80
106 -80
106 -80
106 -80
106 -80
106 -80
106 -80
106 -80
106 -80
98 -85
98 -85
98 -85
98 -85
98 -85
98 -85
98 -85
98 -85
98 -85
98 -85
98 -85
98 -85
98 -85
98 -85
98 -85
98 -85
98 -85
98 -85
98 -85
98 -85
98 -85
98 -85
98 -85
98 -85
98 -85
98 -85
98 -85
98 -85
98 -85
98 -85
98 -85
98 -85
98 -85
98 -85
98 -85
98 -85
98 -85
98 -85
98 -85
98 -85
98 -85
105 -109
105 -109
105 -109
105 -109
105 -109
105 -109
105 -109
105 -109
105 -109
105 -109
105 -109
105 -109
105 -109
105 -109
105 -109
105 -109
105 -109
105 -109
105 -109
105 -109
105 -109
96 -104
96 -104
96 -104
96 -104
96 -104
96 -104
96 -104
96 -104
96 -104
96 -104
96 -104
96 -104
96 -104
96 -104
96 -104
96 -104
96 -104
96 -104
96 -104
96 -104
88 -102
88 -102
88 -102
88 -102
88 -102
88 -102
88 -102
88 -102
88 -102
88 -102
88 -102
88 -102
88 -102
88 -102
88 -102
88 -102
88 -102
88 -102
88 -102
88 -102
88 -102
88 -102
88 -102
81 -108
81 -108
81 -108
81 -108
81 -108
81 -108
81 -108
81 -108
81 -108
81 -108
81 -108
81 -108
81 -108
81 -108
81 -108
81 -108
81 -108
81 -108
81 -108
81 -108
81 -108
81 -108
81 -108
81 -108
81 -108
81 -108
81 -108
81 -108
81 -108
81 -108
81 -108
81 -108
81 -108
81 -108
81 -108
81 -108
81 -108
81 -108
81 -108
81 -108
81 -108
81 -108
81 -108
81 -108
81 -108
81 -108
81 -108
81 -108
69 -118
69 -118
69 -118
69 -118
69 -118
69 -118
69 -118
69 -118
69 -118
69 -118
69 -118
69 -118
69 -118
69 -118
69 -118
69 -118
69 -118
69 -118
69 -118
69 -118
69 -118
69 -118
69 -118
69 -118
69 -118
69 -118
69 -118
69 -118
69 -118
69 -118
69 -118
69 -118
69 -118
69 -118
69 -118
69 -118
69 -118
69 -118
69 -118
69 -118
69 -118
69 -118
69 -118
69 -118
69 -118
69 -118
69 -118
51 -122
44 -118
44 -118
44 -118
44 -118
44 -118
44 -118
44 -118
44 -118
44 -118
44 -118
44 -118
44 -118
44 -118
44 -118
44 -118
44 -118
44 -118
44 -118
44 -118
44 -118
44 -118
44 -118
44 -118
44 -118
44 -118
44 -118
44 -118
44 -118
44 -118
44 -118
44 -118
44 -118
44 -118
44 -118
44 -118
44 -118
44 -118
44 -118
44 -118
44 -118
44 -118
44 -118
44 -118
44 -118
44 -118
44 -118
44 -118
44 -118
44 -118
44 -118
44 -118
44 -118
44 -118
44 -118
44 -118
44 -118
44 -118
44 -118
44 -118
44 -118
44 -118
44 -118
44 -118
44 -118
44 -118
44 -118
44 -118
44 -118
44 -118
44 -118
44 -118
44 -118
44 -118
44 -118
33 -124
33 -124
33 -124
33 -124
33 -124
33 -124
33 -124
33 -124
33 -124
33 -124
33 -124
33 -124
33 -124
33 -124
33 -124
33 -124
17 -128
17 -128
17 -128
17 -128
17 -128
17 -128
17 -128
17 -128
17 -128
17 -128
17 -128
17 -128
17 -128
6 -130
6 -130
6 -130
6 -130
6 -130
6 -130
6 -130
6 -130
6 -130
6 -130
6 -130
6 -130
6 -130
6 -130
6 -130
6 -130
6 -130
6 -130
6 -130
6 -130
6 -130
6 -130
6 -130
6 -130
6 -130
6 -130
6 -130
6 -130
6 -130
6 -130
10 -129
10 -129
10 -129
10 -129
10 -129
10 -129
10 -129
10 -129
10 -129
10 -129
10 -129
10 -129
10 -129
10 -129
10 -129
10 -129
10 -129
10 -129
10 -129
10 -129
10 -129
10 -129
10 -129
10 -129
10 -129
10 -129
10 -129
10 -129
10 -129
10 -129
10 -129
10 -129
10 -129
10 -129
10 -129
10 -129
10 -129
7 -124
7 -124
7 -124
7 -124
7 -124
7 -124
7 -124
7 -124
7 -124
7 -124
7 -124
7 -124
7 -124
7 -124
7 -124
7 -124
7 -124
7 -124
7 -124
7 -124
7 -124
7 -124
7 -124
7 -124
7 -124
7 -124
7 -124
7 -124
7 -124
7 -124
7 -124
7 -124
7 -124
-7 -137
-7 -137
-7 -137
-7 -137
-7 -137
-7 -137
-7 -137
-7 -137
-7 -137
-7 -137
-7 -137
-7 -137
-7 -137
-7 -137
-7 -137
-7 -137
-26 -134
-26 -134
-26 -134
-26 -134
-26 -134
-26 -134
-26 -134
-26 -134
-26 -134
-26 -134
-26 -134
-26 -134
-26 -134
-26 -134
-26 -134
-26 -134
-26 -134
-26 -134
-26 -134
-26 -134
-26 -134
-26 -134
-26 -134
-26 -134
-26 -134
-26 -134
-26 -134
-26 -134
-26 -134
-26 -134
-26 -134
-26 -134
-26 -134
-26 -134
-26 -134
-26 -134
-26 -134
-26 -134
-28 -128
-28 -128
-28 -128
-28 -128
-28 -128
-28 -128
-28 -128
-28 -128
-28 -128
-28 -128
-28 -128
-28 -128
-28 -128
-28 -128
-28 -128
-28 -128
-28 -128
-28 -128
-28 -128
-28 -128
-28 -128
-28 -128
-28 -128
-28 -128
-28 -128
-28 -128
-28 -128
-28 -128
-28 -128
-28 -128
-28 -128
-28 -128
-28 -128
-28 -128
-45 -117
-45 -108
-45 -108
-45 -108
-45 -108
-45 -108
-45 -108
-45 -108
-45 -108
-45 -108
-45 -108
-45 -108
-45 -108
-45 -108
-45 -108
-45 -108
-45 -108
-45 -108
-45 -108
-45 -108
-45 -108
-45 -108
-45 -108
-45 -108
-45 -108
-45 -108
-45 -108
-45 -108
-45 -108
-45 -108
-45 -108
-45 -108
-45 -108
-45 -108
-45 -108
-45 -108
-45 -108
-45 -108
-45 -108
-45 -108
-45 -108
-45 -108
-45 -108
-45 -108
-45 -108
-45 -108
-45 -108
-45 -108
-45 -108
-45 -108
-45 -108
-45 -108
-45 -108
-45 -108
-64 -100
-64 -100
-64 -100
-64 -100
-64 -100
-64 -100
-64 -100
-64 -100
-64 -100
-64 -100
-64 -100
-64 -100
-64 -100
-64 -100
-64 -100
-64 -100
-64 -100
-64 -100
-68 -103
-68 -103
-68 -103
-68 -103
-68 -103
-68 -103
-68 -103
-68 -103
-68 -103
-68 -103
-68 -103
-68 -103
-68 -103
-68 -103
-68 -103
-68 -103
-68 -103
-68 -103
-68 -103
-68 -103
-68 -103
-68 -103
-68 -103
-68 -103
-68 -103
-68 -103
-68 -103
-68 -103
-68 -103
-68 -103
-68 -103
-68 -103
-68 -103
-68 -103
-65 -87
-65 -87
-65 -87
-65 -87
-65 -87
-65 -87
-65 -87
-65 -87
-65 -87
-65 -87
-65 -87
-65 -87
-65 -87
-65 -87
-65 -87
-65 -87
-65 -87
-65 -87
-65 -87
-65 -87
-65 -87
-65 -87
-65 -87
-65 -87
-65 -87
-65 -87
-65 -87
-65 -87
-65 -87
-65 -87
-65 -87
-65 -87
-65 -87
-65 -87
-65 -87
-65 -87
-65 -87
-79 -97
-79 -97
-79 -97
-79 -97
-79 -97
-79 -97
-79 -97
-79 -97
-79 -97
-79 -97
-79 -97
-79 -97
-79 -97
-79 -97
-79 -97
-79 -97
-79 -97
-79 -97
-79 -97
-79 -97
-79 -97
-79 -97
-79 -97
-79 -97
-79 -97
-79 -97
-79 -97
-79 -97
-79 -97
-79 -97
-79 -97
-79 -97
-79 -97
-79 -97
-79 -85
-77 -82
-77 -82
-77 -82
-77 -82
-77 -82
-77 -82
-77 -82
-77 -82
-77 -82
-77 -82
-77 -82
-77 -82
-77 -82
-77 -82
-77 -82
-77 -82
-86 -88
-86 -88
-86 -88
-86 -88
-86 -88
-86 -88
-86 -88
-86 -88
-86 -88
-86 -88
-86 -88
-86 -88
-86 -88
-86 -88
-86 -88
-86 -88
-86 -88
-86 -88
-86 -88
-86 -88
-86 -88
-86 -88
-86 -88
-86 -88
-86 -88
-86 -88
-86 -88
-86 -88
-86 -88
-86 -88
-86 -88
-86 -88
-86 -87
-86 -87
-86 -87
-86 -87
-86 -87
-86 -87
-86 -87
-86 -87
-86 -87
-86 -87
-86 -87
-86 -87
-86 -87
-86 -87
-86 -87
-86 -87
-86 -87
-86 -87
-86 -87
-86 -87
-86 -87
-86 -87
-86 -87
-86 -87
-86 -87
-86 -87
-86 -87
-86 -87
-86 -87
-86 -87
-86 -87
-86 -87
-86 -87
-86 -87
-86 -87
-86 -87
-86 -87
-86 -87
-73 -69
-84 -77
-84 -77
-84 -77
-84 -77
-84 -77
-84 -77
-84 -77
-84 -77
-84 -77
-84 -77
-84 -77
-84 -77
-84 -77
-84 -77
-84 -77
-84 -77
-84 -77
-84 -77
-84 -77
-84 -77
-84 -77
-84 -77
-84 -77
-84 -77
-84 -77
-84 -77
-84 -77
-84 -77
-84 -77
-84 -77
-84 -77
-84 -77
-84 -77
-84 -77
-84 -77
-84 -77
-84 -77
-90 -68
-90 -68
-90 -68
-90 -68
-90 -68
-90 -68
-90 -68
-90 -68
-90 -68
-90 -68
-90 -68
-90 -68
-90 -68
-90 -68
-90 -68
-90 -68
-90 -68
-83 -60
-83 -60
-83 -60
-83 -60
-83 -60
-83 -60
-83 -60
-83 -60
-83 -60
-83 -60
-83 -60
-83 -60
-83 -60
-83 -60
-83 -60
-83 -60
-83 -60
-83 -60
-83 -60
-83 -60
-83 -60
-83 -60
-83 -60
-83 -60
-83 -60
-83 -60
-83 -60
-83 -60
-83 -60
-83 -60
-83 -60
-83 -60
-83 -60
-83 -60
-97 -54
-97 -54
-97 -54
-97 -54
-97 -54
-97 -54
-97 -54
-97 -54
-97 -54
-97 -54
-97 -54
-97 -54
-97 -54
-97 -54
-97 -54
-97 -54
-110 -42
-110 -42
-110 -42
-110 -42
-110 -42
-110 -42
-110 -42
-110 -42
-110 -42
-110 -42
-110 -42
-110 -42
-110 -42
-110 -42
-110 -42
-110 -42
-110 -42
-110 -42
-110 -42
-110 -42
-110 -42
-110 -42
-110 -42
-110 -42
-110 -42
-110 -42
-110 -42
-110 -42
-110 -42
-110 -42
-110 -42
-110 -42
-110 -42
-97 -30
-97 -30
-97 -30
-97 -30
-97 -30
-97 -30
-97 -30
-97 -30
-97 -30
-97 -30
-97 -30
-97 -30
-97 -30
-97 -30
-97 -30
-97 -30
-97 -30
-97 -30
-97 -30
-97 -30
-97 -30
-97 -30
-97 -30
-97 -30
-97 -30
-97 -30
-97 -30
-97 -30
-97 -30
-97 -30
-97 -30
-97 -30
-124 -28
-124 -28
-124 -28
-124 -28
-124 -28
-124 -28
-124 -28
-124 -28
-124 -28
-124 -28
-124 -28
-124 -28
-124 -28
-124 -28
-124 -28
-124 -28
-124 -28
-124 -28
-124 -28
-124 -28
-124 -28
-124 -28
-124 -28
-124 -28
-124 -28
-124 -28
-124 -28
-124 -28
-124 -28
-124 -28
-124 -28
-124 -28
-124 -28
-124 -28
-129 -17
-129 -17
-129 -17
-129 -17
-129 -17
-129 -17
-129 -17
-129 -17
-129 -17
-129 -17
-129 -17
-129 -17
-129 -17
-129 -17
-129 -17
-129 -17
-129 -17
-131 -8
-131 -8
-131 -8
-131 -8
-131 -8
-131 -8
-131 -8
-131 -8
-131 -8
-131 -8
-131 -8
-131 -8
-131 -8
-131 -8
-131 -8
-131 -8
-131 -8
-131 -8
-131 -8
-131 -8
-131 -8
-131 -8
-131 -8
-131 -8
-131 -8
-131 -8
-131 -8
-131 -8
-131 -8
-131 -8
-131 -8
-131 -8
-133 -7
-133 -7
-133 -7
-133 -7
-133 -7
-133 -7
-133 -7
-133 -7
-133 -7
-133 -7
-133 -7
-133 -7
-133 -7
-148 -1
-148 -1
-148 -1
-148 -1
-148 -1
-148 -1
-148 -1
-148 -1
-148 -1
-148 -1
-148 -1
-148 -1
-148 -1
-148 -1
-148 -1
-148 -1
-148 -1
-148 -1
-148 -1
-148 -1
-148 -1
-148 -1
-148 -1
-148 -1
-148 -1
-148 -1
-148 -1
-148 -1
-148 -1
-148 -1
-148 -1
-148 -1
-148 -1
-148 -1
-148 -1
-148 -1
-148 -1
-150 10
-147 13
-147 13
-147 13
-147 13
-147 13
-147 13
-147 13
-147 13
-147 13
-147 13
-147 13
-147 13
-147 13
-147 13
-147 13
-147 13
-147 13
-147 13
-147 13
-147 13
-147 13
-147 13
-147 13
-147 13
-147 13
-147 13
-147 13
-147 13
-147 13
-147 13
-147 13
-147 13
-147 13
-135 16
-135 16
-135 16
-135 16
-135 16
-135 16
-135 16
-135 16
-135 16
-135 16
-135 16
-135 16
-135 16
-135 16
-135 16
-135 16
-137 20
-137 20
-137 20
-137 20
-137 20
-137 20
-137 20
-137 20
-137 20
-137 20
-137 20
-137 20
-137 20
-137 20
-137 20
-137 20
-137 20
-137 20
-137 20
-137 20
-137 20
-137 20
-137 20
-137 20
-137 20
-137 20
-137 20
-137 20
-137 20
-137 20
-137 20
-137 20
-137 20
-137 20
-137 20
-132 25
-132 25
-132 25
-132 25
-132 25
-132 25
-132 25
-132 25
-132 25
-132 25
-132 25
-132 25
-132 25
-132 25
-132 25
-132 25
-132 25
-132 25
-132 25
-132 25
-132 25
-132 25
-132 25
-132 25
-132 25
-132 25
-132 25
-132 25
-132 25
-132 25
-132 25
-132 25
-132 25
-137 49
-137 49
-137 49
-137 49
-137 49
-137 49
-137 49
-137 49
-137 49
-137 49
-137 49
-137 49
-137 49
-137 49
-137 49
-137 49
-137 49
-137 49
-137 49
-137 49
-137 49
-137 49
-137 49
-137 49
-137 49
-137 49
-137 49
-137 49
-137 49
-137 49
-137 49
-137 49
-137 49
-137 49
-140 45
-140 59
-140 59
-140 59
-140 59
-140 59
-140 59
-140 59
-140 59
-140 59
-140 59
-140 59
-140 59
-140 59
-140 59
-140 59
-140 59
-140 59
-138 63
-138 63
-138 63
-138 63
-138 63
-138 63
-138 63
-138 63
-138 63
-138 63
-138 63
-138 63
-138 63
-138 63
-138 63
-138 63
-138 63
-138 63
-138 63
-138 63
-138 63
-138 63
-138 63
-138 63
-138 63
-138 63
-138 63
-138 63
-138 63
-138 63
-138 63
-138 63
-138 63
-138 63
-138 63
-138 63
-135 58
-135 58
-135 58
-135 58
-135 58
-135 58
-135 58
-135 58
-135 58
-135 58
-135 58
-135 58
-135 58
-135 58
-135 58
-135 58
-135 58
-135 58
-135 58
-135 58
-135 58
-135 58
-135 58
-135 58
-135 58
-135 58
-135 58
-135 58
-135 58
-135 58
-135 58
-135 58
-135 58
-135 58
-135 58
-135 58
-135 58
-135 58
-135 58
-135 58
-135 58
-135 58
-135 58
-135 58
-135 58
-135 58
-135 58
-135 58
-135 58
-135 58
-135 58
-135 58
-135 58
-118 54
-118 54
-118 54
-118 54
-118 54
-118 54
-118 54
-118 54
-118 54
-118 54
-118 54
-118 54
-118 54
-118 54
-118 54
-118 54
-118 54
-118 54
-118 54
-118 54
-118 54
-118 54
-118 54
-118 54
-118 54
-118 54
-118 54
-118 54
-98 65
-91 70
-91 70
-91 70
-91 70
-91 70
-91 70
-91 70
-91 70
-91 70
-91 70
-91 70
-91 70
-91 70
-91 70
-91 70
-91 70
-91 70
-91 70
-91 70
-91 70
-91 70
-91 70
-91 70
-91 70
-91 70
-91 70
-91 70
-91 70
-91 70
-91 70
-91 70
-91 70
-85 63
-85 63
-85 63
-85 63
-85 63
-85 63
-85 63
-85 63
-85 63
-85 63
-85 63
-85 63
-85 63
-85 63
-85 63
-85 63
-85 63
-85 63
-85 63
-92 68
-92 68
-92 68
-92 68
-92 68
-92 68
-92 68
-92 68
-92 68
-92 68
-92 68
-92 68
-92 68
-92 68
-92 68
-92 68
-92 68
-92 68
-92 68
-92 68
-92 68
-92 68
-92 68
-92 68
-92 68
-92 68
-92 68
-92 68
-92 68
-92 68
-92 68
-92 68
-92 68
-92 68
-73 68
-73 68
-73 68
-73 68
-73 68
-73 68
-73 68
-73 68
-73 68
-73 68
-73 68
-73 68
-73 68
-73 68
-73 68
-73 68
-53 57
-53 57
-53 57
-53 57
-53 57
-53 57
-53 57
-53 57
-53 57
-53 57
-53 57
-53 57
-53 57
-53 57
-53 57
-53 57
-53 57
-53 57
-48 64
-48 64
-48 64
-48 64
-48 64
-48 64
-48 64
-48 64
-48 64
-48 64
-48 64
-48 64
-48 64
-48 64
-48 64
-48 64
-48 64
-48 64
-48 64
-48 64
-48 64
-48 64
-48 64
-48 64
-48 64
-48 64
-48 64
-48 64
-48 64
-48 64
-48 64
-48 64
-24 45
-24 45
-24 45
-24 45
-24 45
-24 45
-24 45
-24 45
-24 45
-24 45
-24 45
-24 45
-24 45
-24 45
-11 36
-11 36
-11 36
-11 36
-11 36
-11 36
-11 36
-11 36
-11 36
-11 36
-11 36
-11 36
-11 36
-11 36
-11 36
-5 20
-5 20
-5 20
-5 20
-5 20
-5 20
-5 20
-5 20
-5 20
-5 20
-5 20
-5 20
-5 20
-5 20
-5 20
-5 20
-5 20
-5 20
-5 20
-5 20
-5 20
-5 20
-5 20
-5 20
-5 20
-5 20
-5 20
-5 20
-5 20
-5 20
-5 20
-5 20
-5 20
-5 20
-5 20
-5 20
-5 20
-5 20
-5 20
-5 20
-5 20
-5 20
-5 20
-5 20
-5 20
-5 20
-5 20
-5 20
-5 20
-5 20
-5 20
-5 20
-5 20
-5 20
-5 20
-5 20
-5 20
-5 20
-5 20
-5 20
-5 20
-5 20
-5 20
1 0
1 0
1 0
1 0
1 0
1 0
1 0
1 0
1 0
1 0
1 0
1 0
1 0
1 0
1 0
1 0
1 0
1 0
1 0
1 0
1 0
1 0
1 0
1 0
1 0
1 0
1 0
1 0
1 0
1 0
1 0
1 0
1 0
1 0
1 0
1 0
1 0
1 0
1 0
1 0
1 0
1 0
1 0
1 0
1 0
1 0
1 0
1 0
1 0
1 0
1 0
1 0
1 0
1 0
1 0
1 0
1 0
1 0
1 0
3 -1
3 -1
3 -1
3 -1
3 -1
3 -1
3 -1
3 -1
3 -1
3 -1
3 -1
3 -1
3 -1
3 -1
3 -1
3 -1
3 -1
3 -1
3 -1
3 -1
3 -1
3 -1
3 -1
3 -1
3 -1
3 -1
3 -1
3 -1
3 -1
3 -1
3 -1
3 -1
3 -1
3 -1
3 -1
3 -1
3 -1
3 -1
3 -1
3 -1
3 -1
3 -1
3 -1
3 -1
3 -1
3 -1
3 -1
3 -1
3 -1
3 -1
1 0
1 0
1 0
1 0
1 0
1 0
1 0
1 0
1 0
1 0
1 0
1 0
1 0
1 0
1 0
1 0
1 0
1 0
1 0
1 0
1 0
1 0
1 0
1 0
1 0
1 0
1 0
1 0
1 0
1 0
1 0
1 0
-1 -1
-1 -1
-1 -1
-1 -1
-1 -1
-1 -1
-1 -1
-1 -1
-1 -1
-1 -1
-1 -1
-1 -1
-1 -1
-1 -1
-1 -1
-1 -1
-1 -1
-1 -1
-1 -1
-1 -1
-1 -1
-1 -1
-1 -1
-1 -1
-1 -1
-1 -1
-1 -1
-1 -1
-1 -1
-1 -1
-1 -1
-1 -1
-1 -1
-1 -1
-1 -1
-1 -1
-1 -1
-1 -1
-1 -1
-1 -1
-1 -1
-1 -1
-1 -1
-1 -1
-1 -1
-1 -1
-1 -1
-1 -1
-1 -1
-1 -1
-1 -1
-1 -1
-1 -1
-1 -1
-1 -1
-1 -1
-1 -1
-1 -1
-1 -1
-1 -1
-1 -1
-1 -1
-1 -1
-1 -1
-1 -1
-1 -1
-1 -1
-1 -1
-1 -1
-1 -1
-1 -1
-1 -1
-1 -1
-1 -1
-1 -1
-1 -1
-1 -1
-1 -1
-1 -1
-1 -1
-1 -1
-1 -1
-1 -1
-1 -1
-1 -1
-1 -1
-1 -1
-1 -1
-1 -1
-1 -1
-1 -1
-1 -1
-1 -1
-1 -1
-1 -1
-1 -1
-1 -1
-1 -1
-1 -1
-1 -1
-1 -1
-1 -1
-1 -1
-1 -1
-1 -1
-1 -1
-1 -1
-1 -1
-1 -1
-1 -1
-1 -1
-1 -1
-1 -1
-1 -1
-1 -1
-1 -1
-1 -1
-1 -1
-1 -1
-1 -1
-1 -1
-1 -1
-1 -1
-1 -1
-1 -1
-1 -1
-1 -1
-1 -1
-1 -1
-1 -1
-1 -1
-1 -1
-1 -1
-1 -1
-1 -1
-1 -1
-1 -1
-1 -1
-1 -1
-1 -1
-1 -1
-1 -1
-1 -1
-1 -1
-1 -1
-1 -1
-1 -1
-1 -1
-1 -1
-1 -1
-1 -1
-1 -1
-1 -1
-1 -1
-1 -1
-1 -1
-1 -1
-1 -1
-1 -1
-1 -1
-1 -1
-1 -1
-1 -1
-1 -1
-1 -1
-1 -1
-1 -1
-1 -1
-1 -1
-1 -1
-1 -1
-1 -1
-1 -1
-1 -1
-1 -1
-1 -1
-1 -1
-1 -1
-1 -1
-1 -1
-1 -1
-1 -1
-1 -1
-1 -1
-1 -1
-1 -1
-1 -1
-1 -1
-1 -1
-1 -1
-1 -1
-1 -1
-1 -1
-1 -1
-1 -1
-1 -1
-1 -1
-1 -1
-1 -1
-1 -1
-1 -1
-1 -1
-1 -1
-1 -1
-1 -1
-1 -1
-1 -1
-1 -1
-1 -1
-1 -1
-1 -1
-1 -1
-1 -1
-1 -1
-1 -1
-1 -1
-1 -1
-1 -1
-1 -1
-1 -1
-1 -1
-1 -1
-1 -1
-1 -1
-1 -1
-1 -1
-1 -1
-1 -1
-1 -1
-1 -1
-1 -1
-1 -1
-1 -1
-1 -1
-1 -1
-1 -1
-1 -1
-1 -1
-1 -1
-1 -1
-1 -1
-1 -1
-1 -1
-1 -1
-1 -1
-1 -1
-1 -1
-1 -1
-1 -1
-1 -1
-1 -1
-1 -1
-1 -1
-1 -1
-1 -1
-1 -1
-1 -1
-1 -1
-1 -1
-1 -1
-1 -1
-1 -1
-1 -1
-1 -1
-1 -1
-1 -1
-1 -1
-1 -1
-1 -1
-1 -1
-1 -1
-1 -1
-1 -1
-1 -1
-1 -1
-1 -1
-1 -1
0 2
0 2
0 2
0 2
0 2
0 2
0 2
0 2
0 2
0 2
0 2
0 2
0 2
0 2
0 2
0 2
0 2
0 2
0 2
0 2
0 2
0 2
0 2
0 2
0 2
0 2
0 2
0 2
0 2
0 2
0 2
0 2
0 2
0 2
0 2
0 2
0 2
0 2
0 2
0 2
0 2
0 2
0 2
0 2
0 2
0 2
0 2
0 2
0 2
0 2
0 2
0 2
0 2
0 2
0 2
0 2
0 2
0 2
0 2
0 2
0 2
0 2
0 2
0 2
0 2
0 2
0 2
0 2
0 2
0 2
0 2
0 2
0 2
0 2
0 2
0 2
0 2
0 2
0 2
0 2
0 2
0 2
0 2
0 2
0 2
0 2
0 2
0 2
0 2
0 2
0 2
0 2
0 2
0 2
0 2
0 1
0 1
0 1
0 1
0 1
0 1
0 1
0 1
0 1
0 1
0 1
0 1
0 1
0 1
0 1
0 1
0 1
0 1
0 1
0 1
0 1
0 1
0 1
0 1
0 1
0 1
0 1
0 1
0 1
0 1
0 1
0 1
0 1
0 1
0 1
0 1
0 1
0 1
0 1
0 1
0 1
0 1
0 1
0 1
0 1
0 1
0 1
0 1
0 1
0 1
0 1
0 1
0 1
0 1
0 1
0 1
0 1
0 1
0 1
0 1
0 1
0 1
0 1
0 1
0 1
0 1
0 1
0 1
0 1
0 1
0 1
0 1
0 1
0 1
0 1
0 1
0 1
0 1
0 1
0 1
0 1
0 1
0 1
0 1
0 1
0 1
0 1
0 1
0 1
0 1
0 1
0 1
0 1
0 1
0 1
0 1
0 1
0 1
0 1
0 1
0 1
0 1
0 1
0 1
0 1
0 1
0 1
0 1
0 1
0 1
0 1
0 1
0 1
0 1
0 1
0 1
0 1
0 1
0 1
0 1
0 1
0 1
0 1
0 1
0 1
0 1
0 1
0 1
0 1
0 1
0 1
0 1
0 1
0 1
0 1
0 1
0 1
0 1
0 1
0 1
0 1
0 1
0 1
0 1
0 1
0 1
0 1
0 1
0 1
0 1
0 1
0 1
0 1
0 1
0 1
0 1
0 1
0 1
0 1
0 1
0 1
0 1
0 1
0 1
0 1
0 1
0 1
0 1
0 1
0 1
0 1
0 1
0 1
0 1
0 1
0 1
0 1
0 1
0 1
0 1
0 1
0 1
0 1
0 1
0 1
0 1
0 1
0 1
0 1
0 1
0 1
0 1
0 1
0 1
0 1
0 1
0 1
0 1
0 1
0 1
0 1
0 1
0 1
0 1
0 1
0 1
0 1
0 1
0 1
0 1
0 1
0 1
0 1
0 1
0 1
0 1
0 1
0 1
0 1
0 1
0 1
0 1
0 1
0 1
0 1
0 1
0 1
0 1
0 1
0 1
0 1
0 1
0 1
0 1
0 1
0 1
0 1
0 1
0 1
0 1
0 1
0 1
0 1
0 1
0 1
0 1
0 1
0 1
0 1
0 1
0 1
0 1
0 1
0 1
0 1
0 1
0 1
0 1
0 1
0 1
0 1
0 1
0 1
0 1
0 1
0 1
0 1
0 1
0 1
0 1
0 1
0 1
0 1
0 1
0 1
0 1
0 1
0 1
0 1
0 1
0 1
0 1
0 1
0 1
0 1
0 1
0 1
0 1
0 1
0 1
0 1
0 1
0 1
0 1
0 1
0 1
0 1
0 1
0 1
0 1
0 1
0 1
0 1
0 1
0 1
0 1
0 1
0 1
0 1
0 1
0 1
0 1
0 1
0 1
0 1
0 1
0 1
0 1
0 1
0 1
0 1
0 1
0 1
0 1
0 1
0 1
0 1
0 1
0 1
0 1
0 1
0 1
0 1
0 1
0 1
0 1
0 1
0 1
0 1
0 1
0 1
0 1
0 1
0 1
