105 44
118 19
128 2
133 -6
114 -10
114 -10
114 -10
114 -10
114 -10
114 -10
114 -10
111 -20
111 -20
111 -20
111 -20
111 -20
111 -20
111 -20
111 -20
111 -20
111 -20
111 -20
111 -20
111 -20
111 -20
111 -20
111 -20
111 -20
111 -20
111 -20
111 -20
111 -20
111 -20
111 -20
111 -20
111 -20
111 -20
111 -20
111 -20
111 -20
111 -20
111 -20
111 -20
111 -20
111 -20
111 -20
111 -20
111 -20
111 -20
117 -29
117 -29
117 -29
117 -29
117 -29
117 -29
117 -29
117 -29
117 -29
117 -29
117 -29
117 -29
117 -29
117 -29
117 -29
117 -29
117 -29
117 -29
117 -29
117 -29
117 -29
117 -29
117 -29
117 -29
117 -29
117 -29
117 -29
117 -29
117 -29
117 -29
117 -29
117 -29
117 -29
117 -29
117 -29
117 -29
117 -29
117 -29
117 -29
74 -36
74 -36
74 -36
74 -36
74 -36
74 -36
74 -36
74 -36
74 -36
74 -36
74 -36
74 -36
74 -36
74 -36
74 -36
74 -36
74 -36
74 -36
74 -36
74 -36
74 -36
74 -36
74 -36
74 -36
74 -36
74 -36
74 -36
74 -36
74 -36
74 -36
74 -36
74 -36
74 -36
74 -36
74 -36
74 -36
74 -36
69 -53
69 -53
69 -53
69 -53
69 -53
69 -53
69 -53
69 -53
69 -53
69 -53
69 -53
69 -53
69 -53
69 -53
69 -53
69 -53
69 -53
69 -53
69 -53
69 -53
69 -53
69 -53
73 -68
73 -68
73 -68
73 -68
73 -68
73 -68
73 -68
73 -68
73 -68
73 -68
73 -68
73 -68
73 -68
73 -68
73 -68
73 -68
73 -68
73 -68
73 -68
73 -68
73 -68
58 -68
58 -68
58 -68
58 -68
58 -68
58 -68
58 -68
58 -68
58 -68
58 -68
58 -68
58 -68
58 -68
58 -68
58 -68
58 -68
58 -68
58 -68
58 -68
58 -68
58 -68
58 -68
58 -68
58 -68
58 -68
58 -68
58 -68
58 -68
58 -68
58 -68
58 -68
58 -68
58 -68
58 -68
58 -68
58 -68
58 -68
58 -68
58 -68
58 -68
58 -68
58 -68
58 -68
58 -68
61 -81
61 -81
61 -81
61 -81
61 -81
61 -81
61 -81
61 -81
61 -81
61 -81
61 -81
61 -81
61 -81
61 -81
61 -81
61 -81
61 -81
61 -81
61 -81
61 -81
61 -81
61 -81
61 -81
61 -81
61 -81
61 -81
61 -81
61 -81
61 -81
61 -81
61 -81
61 -81
61 -81
61 -81
61 -81
61 -81
61 -81
61 -81
61 -81
61 -81
61 -81
61 -81
61 -81
61 -81
61 -81
47 -77
47 -77
47 -77
47 -77
47 -77
47 -77
47 -77
47 -77
47 -77
47 -77
47 -77
47 -77
47 -77
47 -77
47 -77
47 -77
47 -77
47 -77
47 -77
47 -77
47 -77
47 -77
47 -77
47 -77
47 -77
46 -87
46 -87
46 -87
46 -87
46 -87
46 -87
46 -87
46 -87
46 -87
46 -87
46 -87
46 -87
46 -87
46 -87
46 -87
33 -93
33 -93
33 -93
33 -93
33 -93
33 -93
33 -93
33 -93
33 -93
33 -93
33 -93
33 -93
33 -93
33 -93
33 -93
33 -93
33 -93
34 -99
34 -99
34 -99
34 -99
34 -99
34 -99
34 -99
34 -99
34 -99
34 -99
34 -99
34 -99
34 -99
34 -99
34 -99
34 -99
34 -99
34 -99
34 -99
34 -99
34 -99
34 -99
34 -99
34 -99
34 -99
34 -99
34 -99
34 -99
34 -99
34 -99
34 -99
34 -99
29 -82
29 -82
29 -82
29 -82
29 -82
29 -82
29 -82
29 -82
29 -82
29 -82
29 -82
29 -82
29 -82
29 -82
29 -82
29 -82
29 -82
29 -82
29 -82
29 -82
29 -82
29 -82
29 -82
29 -82
29 -82
29 -82
29 -82
29 -82
29 -82
29 -82
29 -82
29 -82
29 -82
29 -82
29 -82
29 -82
29 -82
29 -82
29 -82
29 -82
29 -82
34 -105
34 -105
34 -105
34 -105
34 -105
34 -105
34 -105
34 -105
34 -105
34 -105
34 -105
34 -105
34 -105
34 -105
34 -105
34 -105
34 -105
34 -105
34 -105
35 -109
35 -109
35 -109
35 -109
35 -109
35 -109
35 -109
35 -109
35 -109
35 -109
35 -109
35 -109
35 -109
35 -109
34 -106
34 -106
34 -106
34 -106
34 -106
34 -106
34 -106
34 -106
34 -106
34 -106
34 -106
34 -106
34 -106
34 -106
34 -106
24 -110
24 -110
24 -110
24 -110
24 -110
24 -110
24 -110
24 -110
24 -110
24 -110
24 -110
24 -110
24 -110
24 -110
24 -110
24 -110
24 -110
24 -110
24 -110
24 -110
24 -110
24 -110
24 -110
24 -110
24 -110
24 -110
24 -110
24 -110
24 -122
24 -122
24 -122
24 -122
24 -122
24 -122
24 -122
24 -122
24 -122
24 -122
24 -122
24 -122
24 -122
24 -122
24 -122
16 -119
16 -119
16 -119
16 -119
16 -119
16 -119
16 -119
16 -119
16 -119
16 -119
16 -119
16 -119
16 -119
16 -119
16 -119
16 -119
16 -119
16 -119
16 -119
16 -119
16 -119
16 -119
16 -119
16 -119
16 -119
16 -119
16 -119
16 -119
16 -119
16 -119
16 -119
15 -132
15 -132
15 -132
15 -132
15 -132
15 -132
15 -132
15 -132
15 -132
15 -132
15 -132
15 -132
15 -132
15 -132
15 -132
15 -132
15 -132
15 -132
15 -132
15 -132
15 -132
15 -132
14 -121
14 -121
14 -121
14 -121
14 -121
14 -121
14 -121
14 -121
14 -121
14 -121
14 -121
14 -121
14 -121
14 -121
14 -121
14 -121
14 -121
14 -121
14 -121
3 -138
3 -138
3 -138
3 -138
3 -138
3 -138
3 -138
3 -138
3 -138
3 -138
3 -138
3 -138
3 -138
3 -138
3 -138
3 -138
3 -138
3 -138
3 -138
3 -138
3 -138
3 -138
3 -138
3 -138
3 -138
3 -138
3 -138
3 -138
3 -138
3 -138
3 -138
3 -138
3 -138
3 -138
3 -138
3 -138
3 -138
3 -138
3 -138
3 -138
3 -138
4 -133
4 -133
4 -133
4 -133
4 -133
4 -133
4 -133
4 -133
4 -133
4 -133
4 -133
4 -133
4 -133
4 -133
4 -133
4 -133
4 -133
4 -133
4 -133
4 -133
4 -133
4 -133
4 -133
2 -135
2 -135
2 -135
2 -135
2 -135
2 -135
2 -135
2 -135
2 -135
2 -135
2 -135
2 -135
2 -135
2 -135
2 -135
2 -135
2 -135
2 -135
2 -135
2 -135
2 -135
2 -135
2 -135
2 -135
2 -135
2 -135
2 -135
2 -135
2 -135
2 -135
2 -135
2 -135
2 -135
2 -135
2 -135
2 -135
2 -135
2 -135
2 -135
2 -135
-1 -122
-1 -122
-1 -122
-1 -122
-1 -122
-1 -122
-1 -122
-1 -122
-1 -122
-1 -122
-1 -122
-1 -122
-1 -122
-1 -122
-1 -122
-1 -122
-1 -122
-1 -122
-1 -122
-1 -122
-7 -126
-7 -126
-7 -126
-7 -126
-7 -126
-7 -126
-7 -126
-7 -126
-7 -126
-7 -126
-7 -126
-7 -126
-7 -126
-7 -126
-7 -126
-7 -126
-7 -126
-7 -126
-7 -126
-7 -126
-7 -126
-7 -126
-7 -126
-7 -126
-7 -126
-7 -126
-7 -126
-7 -126
-7 -126
-7 -126
-7 -126
-7 -126
-7 -126
-7 -126
-7 -126
-7 -126
-7 -126
-7 -126
-7 -126
-7 -126
-7 -126
-7 -126
-7 -126
-7 -126
-7 -126
-7 -126
-4 -130
-4 -130
-4 -130
-4 -130
-4 -130
-4 -130
-4 -130
-4 -130
-4 -130
-4 -130
-4 -130
-4 -130
-4 -130
-4 -130
-4 -130
-4 -130
-4 -130
-4 -130
-4 -130
-4 -130
-4 -130
-4 -130
-4 -130
-4 -130
-4 -130
-4 -130
-4 -130
-4 -130
-4 -130
-4 -130
-4 -130
-4 -130
-4 -130
-4 -130
-4 -130
-4 -130
-4 -130
-4 -130
-4 -130
-4 -130
-4 -130
-4 -130
-4 -130
-4 -130
-4 -130
-4 -130
-4 -130
-4 -130
-4 -130
-4 -130
3 -109
-16 -116
-16 -116
-16 -116
-16 -116
-16 -116
-16 -116
-16 -116
-16 -116
-16 -116
-16 -116
-16 -116
-16 -116
-16 -116
-16 -116
-16 -116
-16 -116
-16 -116
-16 -116
-16 -116
-16 -116
-16 -116
-16 -116
-16 -116
-16 -116
-16 -116
-16 -116
-18 -110
-18 -110
-18 -110
-18 -110
-18 -110
-18 -110
-18 -110
-18 -110
-18 -110
-18 -110
-18 -110
-18 -110
-18 -110
-18 -110
-18 -110
-18 -110
-18 -110
-18 -110
-18 -110
-18 -110
-18 -110
-18 -110
-18 -110
-18 -110
-18 -110
-18 -110
-18 -110
-18 -110
-18 -110
-18 -110
-18 -110
-18 -110
-18 -110
-18 -110
-18 -110
-18 -110
-18 -110
-18 -110
-18 -110
-18 -110
-18 -110
-18 -110
-18 -110
-18 -110
-18 -110
-18 -110
-18 -110
-18 -110
-18 -110
-18 -110
-24 -112
-24 -112
-24 -112
-24 -112
-24 -112
-24 -112
-24 -112
-24 -112
-24 -112
-24 -112
-24 -112
-24 -112
-24 -112
-24 -112
-24 -112
-24 -112
-24 -112
-24 -112
-24 -112
-24 -112
-24 -112
-24 -112
-24 -112
-24 -112
-24 -112
-24 -112
-24 -112
-24 -112
-24 -112
-24 -112
-24 -112
-24 -112
-24 -112
-24 -112
-24 -112
-24 -112
-24 -112
-24 -112
-24 -112
-24 -112
-24 -112
-24 -112
-24 -112
-24 -112
-24 -112
-24 -112
-24 -112
-24 -112
-24 -112
-24 -112
-24 -112
-24 -112
-24 -112
-24 -112
-24 -112
-24 -112
-24 -112
-24 -112
-24 -112
-24 -112
-24 -112
-24 -112
-24 -112
-24 -112
-24 -112
-24 -112
-24 -112
-24 -112
-24 -112
-24 -112
-24 -112
-24 -112
-24 -112
-24 -112
-24 -112
-24 -112
-24 -112
-24 -112
-24 -112
-24 -112
-24 -112
-24 -112
-24 -112
-24 -112
-24 -112
-24 -112
-24 -112
-24 -112
-24 -112
-24 -112
-24 -112
-35 -93
-35 -93
-44 -91
-44 -91
-44 -91
-44 -91
-44 -91
-44 -91
-44 -91
-44 -91
-44 -91
-44 -91
-44 -91
-44 -91
-44 -91
-44 -91
-44 -91
-44 -91
-44 -91
-44 -91
-44 -91
-51 -94
-51 -94
-51 -94
-51 -94
-51 -94
-51 -94
-51 -94
-51 -94
-51 -94
-51 -94
-51 -94
-51 -94
-51 -94
-51 -94
-51 -94
-51 -94
-51 -94
-51 -94
-51 -94
-51 -94
-51 -94
-51 -94
-51 -94
-51 -94
-51 -94
-51 -94
-51 -94
-51 -94
-51 -94
-51 -94
-51 -94
-51 -94
-51 -94
-51 -94
-51 -94
-51 -94
-51 -94
-51 -94
-51 -94
-51 -94
-51 -94
-51 -94
-51 -94
-51 -94
-51 -94
-51 -94
-51 -94
-51 -94
-51 -94
-51 -94
-51 -94
-51 -94
-51 -94
-51 -94
-60 -78
-60 -78
-60 -78
-60 -78
-60 -78
-60 -78
-60 -78
-60 -78
-60 -78
-60 -78
-60 -78
-60 -78
-60 -78
-60 -78
-60 -78
-60 -78
-60 -78
-60 -78
-60 -78
-60 -78
-60 -78
-60 -78
-60 -78
-60 -78
-60 -78
-60 -78
-60 -78
-60 -78
-60 -78
-60 -78
-60 -78
-60 -78
-60 -78
-60 -78
-60 -78
-60 -78
-60 -78
-60 -78
-60 -78
-60 -78
-60 -78
-60 -78
-60 -78
-60 -78
-60 -78
-60 -78
-60 -78
-60 -78
-60 -78
-60 -78
-60 -78
-60 -78
-60 -78
-60 -78
-60 -78
-60 -78
-60 -78
-60 -78
-60 -78
-60 -78
-60 -78
-60 -78
-60 -78
-60 -78
-60 -78
-60 -78
-60 -78
-60 -78
-60 -78
-60 -78
-60 -78
-60 -78
-60 -78
-60 -78
-60 -78
-60 -78
-60 -78
-60 -78
-60 -78
-60 -78
-63 -89
-68 -75
-68 -75
-68 -75
-68 -75
-68 -75
-68 -75
-68 -75
-68 -75
-68 -75
-68 -75
-68 -75
-68 -75
-68 -75
-68 -75
-68 -75
-68 -75
-68 -75
-68 -75
-80 -74
-80 -74
-80 -74
-80 -74
-80 -74
-80 -74
-80 -74
-80 -74
-80 -74
-80 -74
-80 -74
-80 -74
-80 -74
-80 -74
-80 -74
-80 -74
-80 -74
-80 -74
-80 -74
-80 -74
-80 -74
-80 -74
-89 -63
-89 -63
-89 -63
-89 -63
-89 -63
-89 -63
-89 -63
-89 -63
-89 -63
-89 -63
-89 -63
-89 -63
-89 -63
-89 -63
-89 -63
-89 -63
-89 -63
-89 -63
-89 -63
-89 -63
-89 -63
-89 -63
-89 -63
-89 -63
-89 -63
-89 -63
-89 -63
-89 -63
-89 -63
-89 -63
-89 -63
-89 -63
-89 -63
-89 -63
-89 -63
-89 -63
-89 -63
-89 -63
-89 -63
-89 -63
-98 -48
-98 -48
-98 -48
-98 -48
-98 -48
-98 -48
-98 -48
-98 -48
-98 -48
-98 -48
-98 -48
-98 -48
-98 -48
-98 -48
-98 -48
-98 -48
-98 -48
-98 -48
-98 -48
-98 -48
-98 -48
-98 -48
-98 -48
-98 -48
-98 -48
-98 -48
-98 -48
-98 -48
-98 -48
-98 -48
-98 -48
-98 -48
-98 -48
-98 -48
-98 -48
-98 -48
-98 -48
-98 -48
-98 -48
-98 -48
-98 -48
-98 -48
-98 -48
-98 -48
-98 -48
-98 -48
-98 -48
-98 -48
-98 -48
-98 -48
-98 -48
-98 -48
-98 -48
-98 -48
-98 -48
-98 -48
-98 -48
-98 -48
-98 -48
-98 -48
-98 -48
-98 -48
-98 -48
-98 -48
-98 -48
-98 -48
-98 -48
-86 -35
-113 -36
-113 -36
-113 -36
-113 -36
-113 -36
-113 -36
-113 -36
-113 -36
-113 -36
-113 -36
-113 -36
-113 -36
-113 -36
-113 -36
-113 -36
-113 -36
-113 -36
-113 -36
-113 -36
-113 -36
-113 -36
-113 -36
-113 -36
-113 -36
-113 -36
-113 -36
-113 -36
-113 -36
-113 -36
-113 -36
-113 -36
-113 -36
-113 -36
-113 -36
-113 -36
-113 -36
-113 -36
-113 -36
-113 -36
-113 -36
-113 -36
-113 -36
-113 -36
-113 -36
-113 -36
-113 -36
-113 -36
-113 -36
-113 -36
-113 -36
-113 -36
-113 -36
-113 -36
-113 -36
-113 -36
-113 -36
-113 -36
-113 -36
-113 -36
-113 -36
-113 -36
-113 -36
-113 -36
-113 -36
-113 -36
-92 -14
-105 -8
-105 -8
-105 -8
-105 -8
-105 -8
-105 -8
-105 -8
-105 -8
-105 -8
-105 -8
-105 -8
-105 -8
-105 -8
-105 -8
-105 -8
-105 -8
-105 -8
-105 -8
-105 -8
-105 -8
-105 -8
-105 -8
-105 -8
-124 -7
-124 -7
-124 -7
-124 -7
-124 -7
-124 -7
-124 -7
-124 -7
-124 -7
-124 -7
-124 -7
-124 -7
-124 -7
-124 -7
-124 -7
-124 -7
-124 -7
-124 -7
-124 -7
-118 -5
-118 -5
-118 -5
-118 -5
-118 -5
-118 -5
-118 -5
-118 -5
-118 -5
-118 -5
-118 -5
-118 -5
-118 -5
-118 -5
-118 -5
-118 -5
-118 -5
-118 -5
-118 -5
-118 -5
-118 -5
-118 -5
-118 -5
-118 -5
-110 -9
-110 -9
-110 -9
-110 -9
-110 -9
-110 -9
-110 -9
-110 -9
-110 -9
-110 -9
-110 -9
-110 -9
-110 -9
-110 -9
-110 -9
-110 -9
-110 -9
-110 -9
-110 -9
-110 -9
-110 -9
-110 -9
-110 -9
-110 -9
-110 -9
-110 -9
-110 -9
-110 -9
-110 -9
-110 -9
-110 -9
-110 -9
-110 -9
-110 -9
-110 -9
-110 -9
-110 -9
-110 -9
-110 -9
-110 -9
-110 -9
-110 -9
-110 -9
-110 -9
-110 -9
-110 -9
-110 -9
-110 -9
-110 -9
-110 -9
-110 -9
-110 -9
-110 -9
-110 -9
-110 -9
-110 -9
-110 -9
-110 -9
-110 -9
-110 -9
-110 -9
-110 -9
-110 -9
-110 -9
-110 -9
-110 -9
-110 -9
-110 -9
-110 -9
-110 -9
-110 -9
-110 -9
-110 -9
-146 -3
-146 -3
-146 -3
-146 -3
-146 -3
-146 -3
-146 -3
-146 -3
-146 -3
-146 -3
-146 -3
-146 -3
-146 -3
-146 -3
-146 -3
-146 -3
-146 -3
-146 -3
-146 -3
-146 -3
-146 -3
-146 -3
-146 -3
-146 -3
-146 -3
-146 -3
-146 -3
-146 -3
-146 -3
-146 -3
-146 -3
-146 -3
-146 -3
-146 -3
-146 -3
-146 -3
-146 -3
-146 -3
-146 -3
-146 -3
-146 -3
-146 -3
-146 -3
-146 -3
-146 -3
-146 -3
-146 -3
-146 -3
-146 -3
-146 3
-146 3
-146 3
-146 3
-146 3
-146 3
-146 3
-146 3
-146 3
-146 3
-146 3
-146 3
-146 3
-146 3
-146 3
-146 3
-146 3
-146 3
-146 3
-146 3
-146 3
-146 3
-146 3
-146 3
-146 3
-146 3
-146 3
-143 15
-143 15
-143 15
-143 15
-143 15
-143 15
-143 15
-143 15
-143 15
-143 15
-143 15
-143 15
-143 15
-143 15
-143 15
-143 15
-143 15
-143 15
-143 15
-143 15
-143 15
-143 15
-143 15
-143 15
-143 15
-143 15
-143 15
-143 15
-143 15
-143 15
-143 15
-143 15
-143 15
-143 15
-143 15
-143 15
-143 15
-143 15
-143 15
-143 15
-143 15
-143 15
-143 15
-143 15
-143 15
-143 15
-143 15
-143 15
-143 15
-143 15
-143 15
-143 15
-143 15
-143 15
-143 15
-143 15
-143 15
-143 15
-143 15
-143 15
-143 15
-143 15
-143 15
-143 15
-143 15
-143 15
-143 15
-143 15
-143 15
-143 15
-141 10
-147 21
-147 21
-147 21
-147 21
-147 21
-147 21
-147 21
-147 21
-147 21
-147 21
-147 21
-147 21
-147 21
-147 21
-147 21
-147 21
-147 21
-147 21
-147 21
-147 21
-147 21
-147 21
-147 21
-147 21
-147 21
-147 21
-147 21
-147 21
-147 21
-147 21
-145 31
-145 31
-145 31
-145 31
-145 31
-145 31
-145 31
-145 31
-145 31
-145 31
-145 31
-145 31
-145 31
-145 31
-145 31
-145 31
-145 31
-145 31
-145 31
-145 31
-145 31
-145 31
-145 31
-145 31
-145 31
-145 31
-145 31
-145 31
-145 31
-145 31
-145 31
-145 31
-145 31
-145 31
-145 31
-145 31
-145 31
-145 31
-142 36
-142 36
-142 36
-142 36
-142 36
-142 36
-142 36
-142 36
-142 36
-142 36
-142 36
-142 36
-142 36
-142 36
-146 41
-146 41
-146 41
-146 41
-146 41
-146 41
-146 41
-146 41
-146 41
-146 41
-146 41
-146 41
-146 41
-146 41
-146 41
-146 41
-146 41
-146 41
-146 41
-146 41
-146 41
-146 41
-146 41
-146 41
-146 41
-146 41
-146 41
-146 41
-146 41
-146 41
-146 41
-146 41
-146 41
-146 41
-146 41
-146 41
-146 41
-146 41
-146 41
-146 41
-146 41
-146 41
-146 41
-146 41
-146 41
-146 41
-146 41
-146 41
-146 41
-146 41
-146 41
-146 41
-146 41
-146 41
-146 41
-146 41
-146 41
-146 41
-148 54
-148 54
-148 54
-148 54
-148 54
-148 54
-148 54
-148 54
-148 54
-148 54
-148 54
-148 54
-148 54
-148 54
-148 54
-148 54
-148 54
-148 54
-148 54
-148 54
-148 54
-148 54
-148 54
-148 54
-148 54
-148 54
-148 54
-148 54
-148 54
-148 54
-148 54
-148 54
-148 54
-148 54
-148 54
-148 54
-148 54
-148 54
-148 54
-148 54
-148 54
-148 54
-148 54
-148 54
-148 54
-148 54
-148 54
-148 54
-148 54
-148 54
-148 54
-148 54
-141 94
-141 94
-141 94
-141 94
-141 94
-141 94
-141 94
-141 94
-141 94
-141 94
-141 94
-141 94
-141 94
-141 94
-141 94
-141 94
-141 94
-141 94
-141 94
-141 94
-138 98
-138 98
-138 98
-138 98
-138 98
-138 98
-138 98
-138 98
-138 98
-138 98
-138 98
-138 98
-138 98
-138 98
-138 98
-138 98
-138 98
-138 98
-138 98
-138 98
-138 98
-138 98
-138 98
-134 90
-134 90
-134 90
-134 90
-134 90
-134 90
-134 90
-134 90
-134 90
-134 90
-134 90
-134 90
-134 90
-134 90
-134 90
-134 90
-134 90
-134 90
-134 90
-134 90
-134 90
-134 90
-134 90
-134 90
-134 90
-134 90
-134 90
-134 90
-134 90
-134 90
-134 90
-134 90
-134 90
-134 90
-134 90
-134 90
-134 90
-134 90
-134 90
-134 90
-134 90
-134 90
-134 90
-108 80
-108 80
-108 80
-108 80
-108 80
-108 80
-108 80
-108 80
-108 80
-108 80
-108 80
-108 80
-108 80
-108 80
-108 80
-108 80
-108 80
-108 80
-108 80
-108 80
-108 80
-108 80
-108 80
-108 80
-107 93
-107 93
-107 93
-107 93
-107 93
-107 93
-107 93
-107 93
-107 93
-107 93
-107 93
-107 93
-107 93
-107 93
-107 93
-107 93
-107 93
-107 93
-107 93
-107 93
-107 93
-107 93
-107 93
-107 93
-107 93
-107 93
-107 93
-107 93
-107 93
-107 93
-107 93
-107 93
-107 93
-107 93
-107 93
-107 93
-107 93
-107 93
-107 93
-107 93
-107 93
-107 93
-107 93
-107 93
-107 93
-107 93
-89 100
-89 100
-89 100
-89 100
-89 100
-89 100
-89 100
-89 100
-89 100
-89 100
-89 100
-89 100
-89 100
-89 100
-89 100
-89 100
-89 100
-89 100
-89 100
-89 100
-89 100
-89 100
-89 100
-89 100
-89 100
-89 100
-89 100
-89 100
-89 100
-89 100
-89 100
-89 100
-89 100
-89 100
-89 100
-89 100
-89 100
-89 100
-89 100
-89 100
-84 90
-84 90
-84 90
-84 90
-84 90
-84 90
-84 90
-84 90
-84 90
-84 90
-84 90
-84 90
-84 90
-84 90
-84 90
-84 90
-84 90
-84 90
-84 90
-84 90
-84 90
-91 114
-91 114
-91 114
-91 114
-91 114
-91 114
-91 114
-91 114
-91 114
-91 114
-91 114
-91 114
-91 114
-91 114
-91 114
-91 114
-91 114
-91 114
-91 114
-91 114
-91 114
-91 114
-91 114
-91 114
-91 114
-91 114
-91 114
-91 114
-91 114
-91 114
-91 114
-91 114
-91 114
-91 114
-91 114
-91 114
-91 114
-91 114
-91 114
-91 114
-91 114
-86 116
-86 116
-86 116
-86 116
-86 116
-86 116
-86 116
-86 116
-86 116
-86 116
-86 116
-86 116
-86 116
-86 116
-86 116
-86 116
-86 116
-86 116
-86 116
-56 127
-56 127
-56 127
-56 127
-56 127
-56 127
-56 127
-56 127
-56 127
-56 127
-56 127
-56 127
-56 127
-56 127
-56 127
-56 127
-56 127
-56 127
-56 127
-56 127
-56 127
-56 127
-56 127
-56 127
-56 127
-56 127
-56 127
-56 127
-56 127
-56 127
-56 127
-56 127
-56 127
-56 127
-56 127
-56 127
-56 127
-56 127
-56 127
-56 127
-56 127
-56 127
-40 124
-40 124
-40 124
-40 124
-40 124
-40 124
-40 124
-40 124
-40 124
-40 124
-40 124
-40 124
-40 124
-40 124
-40 124
-40 124
-40 124
-40 124
-40 124
-40 124
-40 124
-40 124
-40 124
-40 124
-40 124
-40 124
-40 124
-40 124
-40 124
-40 124
-40 124
-40 124
-40 124
-40 124
-40 124
-40 124
-40 124
-40 124
-40 124
-40 124
-40 124
-40 124
-40 124
-40 124
-32 140
-32 140
-32 140
-32 140
-32 140
-32 140
-32 140
-32 140
-32 140
-32 140
-32 140
-32 140
-32 140
-32 140
-32 140
-32 140
-32 140
-32 140
-32 140
-32 140
-32 140
-32 140
-32 140
-32 140
-32 140
-32 140
-32 140
-32 140
-32 140
-32 140
-32 140
-32 140
-32 140
-32 140
-32 140
-32 140
-32 140
-32 140
-32 140
-32 140
-31 133
-31 133
-31 133
-31 133
-31 133
-31 133
-31 133
-31 133
-31 133
-31 133
-31 133
-31 133
-31 133
-31 133
-31 133
-31 133
-31 133
-31 133
-31 133
-31 133
-31 133
-31 133
-31 133
-31 133
-31 133
-31 133
-31 133
-31 133
-31 133
-31 133
-31 133
-31 133
-31 133
-31 133
-31 133
-31 133
-31 133
-31 133
-31 133
-31 133
-31 133
-31 133
-31 133
-31 133
-31 133
-31 133
-31 133
-31 133
-31 133
-31 133
-31 133
-31 133
-31 133
-31 133
-4 131
-4 121
-4 121
-4 121
-4 121
-4 121
-4 121
-4 121
-4 121
-4 121
-4 121
-4 121
-4 121
-4 121
-4 121
-4 121
-4 121
-4 121
-4 121
-4 121
-4 121
-4 121
-4 121
-4 121
-4 121
-4 121
-4 121
-4 121
-4 121
-4 121
-4 121
-4 121
-4 121
-4 121
-4 121
-4 121
-4 121
-4 121
-4 121
-4 121
-4 121
-4 121
-4 121
-4 121
-4 121
-4 121
-4 121
-4 121
-4 121
-4 121
-4 121
-4 121
-4 121
-4 121
-4 121
-4 121
-4 121
-4 121
-4 121
-4 121
-4 121
-4 121
-4 121
-4 121
-4 121
-4 121
-4 121
-4 121
-4 121
-4 121
-4 121
-4 121
-4 121
-4 121
-8 127
24 113
24 113
24 113
24 113
24 113
24 113
24 113
24 113
24 113
24 113
24 113
24 113
24 113
24 113
24 113
24 113
24 113
24 113
22 98
22 98
22 98
22 98
22 98
22 98
22 98
22 98
22 98
22 98
22 98
22 98
22 98
22 98
22 98
22 98
40 97
40 97
40 97
40 97
40 97
40 97
40 97
40 97
40 97
40 97
40 97
40 97
40 97
40 97
40 97
40 97
40 97
40 97
40 97
40 97
40 97
40 97
40 97
40 97
40 97
40 97
40 97
40 97
40 97
40 97
40 97
40 97
40 97
40 97
40 97
51 89
51 89
51 89
51 89
51 89
51 89
51 89
51 89
51 89
51 89
51 89
51 89
51 89
51 89
51 89
51 89
51 89
51 89
51 89
51 89
51 89
51 89
51 89
51 89
51 89
51 89
51 89
51 89
51 89
51 89
51 89
51 89
51 89
51 89
49 88
49 88
49 88
49 88
49 88
49 88
49 88
49 88
49 88
49 88
49 88
49 88
49 88
49 88
49 88
49 88
49 88
49 88
49 88
49 88
58 86
58 86
58 86
58 86
58 86
58 86
58 86
58 86
58 86
58 86
58 86
58 86
58 86
58 86
58 86
58 86
58 86
58 86
58 86
58 86
58 86
58 86
58 86
58 86
58 86
58 86
58 86
58 86
58 86
58 86
58 86
58 86
58 86
58 86
58 86
56 75
56 75
56 75
56 75
56 75
56 75
56 75
56 75
56 75
56 75
56 75
56 75
56 75
56 75
56 75
56 75
56 75
56 65
56 65
56 65
56 65
56 65
56 65
56 65
56 65
56 65
56 65
56 65
56 65
56 65
56 65
56 65
56 65
56 65
56 65
56 65
56 65
56 65
56 65
56 65
56 65
56 65
56 65
56 65
56 65
56 65
56 65
56 65
56 65
56 65
56 65
56 65
56 65
56 65
56 65
56 65
56 65
51 57
47 46
47 46
47 46
47 46
47 46
47 46
47 46
47 46
47 46
47 46
47 46
47 46
47 46
47 46
47 46
47 46
47 46
47 46
47 46
47 46
47 46
47 46
47 46
47 46
47 46
47 46
47 46
47 46
47 46
47 46
47 46
49 36
49 36
49 36
49 36
49 36
49 36
49 36
49 36
49 36
49 36
49 36
49 36
49 36
49 36
49 36
49 36
49 36
49 36
49 36
49 36
49 36
49 36
49 36
49 36
49 36
49 36
49 36
49 36
49 36
49 36
49 36
49 36
36 21
36 21
36 21
36 21
36 21
36 21
36 21
36 21
36 21
36 21
36 21
36 21
36 21
36 21
36 21
36 21
36 21
36 21
36 21
36 21
36 21
36 21
36 21
36 21
36 21
36 21
36 21
36 21
36 21
36 21
36 21
36 21
36 21
36 21
36 21
36 21
36 21
36 21
36 21
36 21
36 21
36 21
36 21
36 21
36 21
17 11
17 11
17 11
17 11
17 11
17 11
17 11
17 11
17 11
17 11
17 11
17 11
17 11
17 11
17 11
17 11
17 11
17 11
17 11
17 11
17 11
17 11
17 11
17 11
17 11
17 11
17 11
17 11
17 11
15 10
15 10
15 10
15 10
15 10
15 10
15 10
15 10
15 10
15 10
15 10
15 10
15 10
15 10
15 10
15 10
15 10
15 10
15 10
15 10
15 10
15 10
15 10
15 10
15 10
15 10
15 10
15 10
15 10
15 10
15 10
15 10
10 6
10 6
10 6
10 6
10 6
10 6
10 6
10 6
10 6
10 6
10 6
10 6
10 6
10 6
10 6
10 6
3 2
3 2
3 2
3 2
3 2
3 2
3 2
3 2
3 2
3 2
3 2
3 2
3 2
3 2
3 2
3 2
3 2
3 2
3 2
3 2
3 2
3 2
3 2
3 2
3 2
3 2
3 2
3 2
3 2
3 2
3 2
3 2
3 2
3 2
3 2
3 2
3 2
3 2
3 2
3 2
3 2
3 2
3 2
3 2
3 2
3 2
3 2
3 2
3 2
3 2
3 2
3 2
3 2
3 2
3 2
3 2
3 2
3 2
3 2
3 2
3 2
3 2
3 2
3 2
3 2
3 2
3 2
3 2
3 2
3 2
3 2
3 2
3 2
3 2
3 2
3 2
3 2
3 2
3 2
3 2
3 2
3 2
3 2
3 2
3 2
3 2
3 2
3 2
3 2
3 2
3 2
3 2
3 2
3 2
3 2
3 2
3 2
3 2
3 2
3 2
3 2
3 2
3 2
3 2
3 2
3 2
3 2
3 2
3 2
3 2
3 2
3 2
3 2
3 2
3 2
3 2
3 2
3 2
3 2
3 2
3 2
3 2
3 2
3 2
3 2
3 2
3 2
3 2
3 2
3 2
3 2
3 2
3 2
3 2
3 2
3 2
3 2
3 2
3 2
3 2
3 2
3 2
3 2
3 2
3 2
3 2
3 2
3 2
3 2
3 2
3 2
3 2
3 2
3 2
3 2
3 2
3 2
3 2
3 2
3 2
3 2
3 2
3 2
3 2
3 2
3 2
3 2
3 2
3 2
3 2
3 2
3 2
3 2
3 2
3 2
3 2
3 2
3 2
3 2
3 2
3 2
3 2
3 2
3 2
3 2
3 2
3 2
3 2
3 2
3 2
3 2
3 2
3 2
3 2
3 2
3 2
3 2
3 2
3 2
3 2
3 2
3 2
3 2
3 2
3 2
3 2
3 2
3 2
3 2
3 2
3 2
3 2
3 2
3 2
3 2
3 2
3 2
3 2
3 2
3 2
3 2
3 2
3 2
3 2
3 2
3 2
3 2
3 2
3 2
3 2
3 2
3 2
3 2
3 2
3 2
3 2
3 2
3 2
3 2
3 2
3 2
3 2
3 2
3 2
3 2
3 2
3 2
3 2
3 2
3 2
3 2
3 2
3 2
3 2
3 2
3 2
3 2
3 2
3 2
3 2
3 2
3 2
3 2
3 2
3 2
3 2
3 2
3 2
3 2
3 2
3 2
3 2
3 2
3 2
3 2
3 2
3 2
3 2
3 2
3 2
3 2
3 2
3 2
3 2
3 2
3 2
3 2
3 2
3 2
3 2
3 2
3 2
3 2
3 2
3 2
3 2
3 2
3 2
3 2
3 2
3 2
3 2
3 2
3 2
3 2
3 2
3 2
3 2
3 2
3 2
3 2
3 2
3 2
3 2
3 2
3 2
3 2
3 2
3 2
3 2
3 2
3 2
3 2
3 2
3 2
3 2
3 2
3 2
3 2
3 2
3 2
-1 0
-1 0
-1 0
-1 0
-1 0
-1 0
-1 0
-1 0
-1 0
-1 0
-1 0
-1 0
-1 0
-1 0
-1 0
-1 0
-1 0
-1 0
-1 0
-1 0
-1 0
-1 0
-1 0
-1 0
-1 0
-1 0
-1 0
-1 0
-1 0
-1 0
-1 0
-1 0
-1 0
-1 0
-1 0
-1 0
-1 0
-1 0
-1 0
-1 0
-1 0
-1 0
-1 0
-1 0
-1 0
-1 0
-1 0
-1 0
-1 0
-1 0
-1 0
-1 0
-1 0
-1 0
-1 0
-1 0
-1 0
-1 0
-1 0
-1 0
-1 0
-1 0
-1 0
-1 0
-1 0
-1 0
-1 0
-1 0
-1 0
-1 0
-1 0
-1 0
-1 0
-1 0
-1 0
-1 0
-1 0
-1 0
-1 0
-1 0
-1 0
-1 0
-1 0
-1 0
-1 0
-1 0
-1 0
-1 0
-1 0
-1 0
-1 0
-1 0
-1 0
-1 0
-1 0
-1 0
-1 0
-1 0
-1 0
-1 0
-1 0
-1 0
-1 0
-1 0
-1 0
-1 0
-1 0
-1 0
-1 0
-1 0
-1 0
-1 0
-1 0
-1 0
-1 0
-1 0
-1 0
-1 0
-1 0
-1 0
-1 0
-1 0
-1 0
-1 0
-1 0
-1 0
-1 0
-1 0
-1 0
-1 0
-1 0
-1 0
-1 0
-1 0
-1 0
-1 0
-1 0
-1 0
-1 0
-1 0
-1 0
-1 0
-1 0
-1 0
-1 0
-1 0
-1 0
-1 0
-1 0
-1 0
-1 0
-1 0
-1 0
-1 0
-1 0
-1 0
-1 0
-1 0
-1 0
-1 0
-1 0
-1 0
-1 0
-1 0
-1 0
-1 0
-1 0
-1 0
-1 0
-1 0
-1 0
-1 0
-1 0
-1 0
-1 0
-1 0
-1 0
-1 0
-1 0
-1 0
-1 0
-1 0
-1 0
-1 0
-1 0
-1 0
-1 0
-1 0
-1 0
-1 0
-1 0
-1 0
-1 0
-1 0
-1 0
-1 0
-1 0
-1 0
-1 0
-1 0
-1 0
-1 0
-1 0
-1 0
-1 0
-1 0
-1 0
-1 0
-1 0
-1 0
-1 0
-1 0
-1 0
-1 0
-1 0
-1 0
-1 0
-1 0
-1 0
-1 0
-1 0
-1 0
-1 0
-1 0
-1 0
-1 0
-1 0
-1 0
-1 0
-1 0
-1 0
-1 0
-1 0
-1 0
-1 0
-1 0
-1 0
-1 0
-1 0
-1 0
-1 0
-1 0
-1 0
-1 0
-1 0
-1 0
-1 0
-1 0
-1 0
-1 0
-1 0
-1 0
-1 0
-1 0
-1 0
-1 0
-1 0
-1 0
-1 0
-1 0
-1 0
-1 0
-1 0
-1 0
-1 0
-1 0
-1 0
-1 0
-1 0
-1 0
-1 0
-1 0
-1 0
-1 0
-1 0
-1 0
-1 0
-1 0
-1 0
-1 0
-1 0
-1 0
-1 0
-1 0
-1 0
-1 0
-1 0
-1 0
-1 0
-1 0
-1 0
-1 0
-1 0
-1 0
-1 0
-1 0
-1 0
-1 0
-1 0
-1 0
-1 0
-1 0
-1 0
-1 0
-1 0
-1 0
-1 0
-1 0
-1 0
-1 0
-1 0
-1 0
-1 0
-1 0
-1 0
-1 0
-1 0
-1 0
-1 0
-1 0
-1 0
-1 0
-1 0
-1 0
-1 0
-1 0
-1 0
-1 0
-1 0
-1 0
-1 0
-1 0
-1 0
-1 0
-1 0
-1 0
-1 0
-1 0
-1 0
-1 0
-1 0
-1 0
-1 0
-1 0
-1 0
-1 0
-1 0
-1 0
-1 0
-1 0
-1 0
-1 0
-1 0
-1 0
-1 0
-1 0
-1 0
-1 0
-1 0
-1 0
-1 0
-1 0
-1 0
-1 0
-1 0
-1 0
-1 0
-1 0
-1 0
-1 0
-1 0
-1 0
-1 0
-1 0
-1 0
-1 0
-1 0
-1 0
-1 0
-1 0
-1 0
-1 0
-1 0
-1 0
-1 0
-1 0
-1 0
-1 0
-1 0
-1 0
-1 0
-1 0
-1 0
-1 0
-1 0
-1 0
-1 0
-1 0
-1 0
-1 0
-1 0
-1 0
-1 0
-1 0
-1 0
-1 0
-1 0
-1 0
-1 0
-1 0
-1 0
-1 0
-1 0
-1 0
-1 0
-1 0
-1 0
-1 0
-1 0
-1 0
-1 0
-1 0
-1 0
-1 0
-1 0
-1 0
-1 0
-1 0
-1 0
-1 0
-1 0
-1 0
-1 0
-1 0
-1 0
-1 0
-1 0
-1 0
-1 0
-1 0
-1 0
-1 0
-1 0
-1 0
-1 0
-1 0
-1 0
-1 0
-1 0
-1 0
-1 0
-1 0
-1 0
-1 0
-1 0
-1 0
-1 0
-1 0
-1 0
-1 0
-1 0
-1 0
-1 0
-1 0
-1 0
-1 0
-1 0
-1 0
-1 0
-1 0
-1 0
-1 0
-1 0
-1 0
-1 0
-1 0
-1 0
-1 0
-1 0
-1 0
-1 0
-1 0
-1 0
-1 0
-1 0
-1 0
-1 0
-1 0
-1 0
-1 0
-1 0
-1 0
-1 0
-1 0
-1 0
-1 0
-1 0
-1 0
-1 0
-1 0
-1 0
-1 0
-1 0
-1 0
-1 0
-1 0
-1 0
-1 0
-1 0
-1 0
-1 0
-1 0
-1 0
-1 0
-1 0
-1 0
-1 0
-1 0
-1 0
-1 0
-1 0
-1 0
-1 0
-1 0
-1 0
-1 0
-1 0
-1 0
-1 0
-1 0
-1 0
-1 0
-1 0
-1 0
-1 0
-1 0
-1 0
-1 0
-1 0
-1 0
-1 0
-1 0
-1 0
-1 0
-1 0
-1 0
-1 0
-1 0
-1 0
-1 0
-1 0
-1 0
-1 0
-1 0
-1 0
-1 0
-1 0
-1 0
-1 0
-1 0
-1 0
-1 0
-1 0
-1 0
-1 0
-1 0
-1 0
-1 0
-1 0
-1 0
-1 0
-1 0
-1 0
-1 0
-1 0
-1 0
-1 0
-1 0
-1 0
-1 0
-1 0
-1 0
-1 0
-1 0
-1 0
-1 0
-1 0
-1 0
-1 0
-1 0
-1 0
-1 0
-1 0
-1 0
-1 0
-1 0
-1 0
-1 0
-1 0
-1 0
-1 0
-1 0
-1 0
-1 0
-1 0
-1 0
-1 0
-1 0
-1 0
-1 0
-1 0
