-1 0
6 -3
6 -3
6 -3
6 -3
6 -3
6 -3
6 -3
6 -3
6 -3
6 -3
6 -3
6 -3
6 -3
6 -3
6 -3
6 -3
6 -3
6 -3
6 -3
6 -3
6 -3
6 -3
6 -3
6 -3
6 -3
6 -3
6 -3
6 -3
6 -3
6 -3
6 -3
6 -3
6 -3
6 -3
6 -3
6 -3
6 -3
6 -3
-54 9
-54 9
-54 9
-54 9
-54 9
-54 9
-54 9
-54 9
-54 9
-54 9
-54 9
-54 9
-54 9
-54 9
-54 9
-54 9
-54 9
-54 9
-70 10
-70 10
-70 10
-70 10
-70 10
-70 10
-70 10
-70 10
-70 10
-70 10
-70 10
-70 10
-70 10
-70 10
-70 10
-70 10
-70 10
-70 10
-70 10
-70 10
-70 10
-6 -9
-6 -9
-6 -9
-6 -9
-6 -9
-6 -9
-6 -9
-6 -9
-6 -9
-6 -9
-6 -9
-6 -9
-6 -9
-6 -9
-6 -9
-6 -9
78 -1
78 -1
78 -1
78 -1
78 -1
78 -1
78 -1
78 -1
78 -1
78 -1
78 -1
78 -1
78 -1
78 -1
78 -1
78 -1
78 -1
78 -1
78 -1
78 -1
78 -1
78 -1
78 -1
78 -1
78 -1
78 -1
78 -1
78 -1
78 -1
78 -1
78 -1
78 -1
78 -1
78 -1
78 -1
78 -1
78 -1
78 -1
78 -1
5 0
5 0
5 0
5 0
5 0
5 0
5 0
5 0
5 0
5 0
5 0
5 0
5 0
5 0
5 0
5 0
5 0
5 0
5 0
5 0
5 0
5 0
5 0
5 0
5 0
5 0
5 0
5 0
5 0
5 0
5 0
5 0
5 0
5 0
5 0
5 0
0 -1
0 -1
0 -1
0 -1
0 -1
0 -1
0 -1
0 -1
0 -1
0 -1
0 -1
0 -1
0 -1
0 -1
0 -1
0 -1
0 -1
0 -1
0 -1
0 -1
0 -1
0 -1
0 -1
0 -1
0 -1
0 -1
0 -1
0 -1
0 -1
0 -1
0 -1
0 -1
0 -1
0 -1
0 -1
0 -1
0 -1
0 -1
0 -1
0 -1
0 -1
0 -1
0 -1
0 -1
0 -1
0 -1
0 -1
0 -1
0 -1
0 -1
0 -1
0 -1
0 -1
0 -1
0 -1
0 -1
0 -1
0 -1
0 -1
0 -1
0 -1
0 -1
0 -1
0 -1
0 -1
0 -1
0 -1
0 -1
0 -1
0 -1
0 -1
0 -1
0 -1
0 -1
0 -1
0 -1
0 -1
0 -1
0 -1
0 -1
0 -1
0 -1
0 -1
0 -1
0 -1
0 -1
0 -1
0 -1
0 -1
0 -1
0 -1
0 -1
0 -1
0 -1
0 -1
0 -1
0 -1
0 -1
0 -1
0 -1
0 -1
0 -1
0 -1
0 -1
0 -1
0 -1
0 -1
0 -1
0 -1
0 -1
0 -1
0 -1
0 -1
0 -1
0 -1
0 -1
0 -1
0 -1
0 -1
0 -1
0 -1
0 -1
0 -1
0 -1
0 -1
0 -1
0 -1
0 -1
0 -1
-2 0
2 0
2 0
2 0
2 0
2 0
2 0
2 0
2 0
2 0
2 0
2 0
2 0
2 0
2 0
2 0
2 0
2 0
2 0
2 0
2 0
2 0
2 0
2 0
2 0
2 0
2 0
2 0
2 0
2 0
2 0
2 0
2 0
2 0
2 0
2 0
2 0
2 0
2 0
2 0
2 0
2 0
2 0
2 0
2 0
2 0
2 0
2 0
2 0
2 0
2 0
2 0
2 0
2 0
2 0
2 0
2 0
2 0
2 0
2 0
2 0
2 0
2 0
2 0
2 0
2 0
2 0
2 0
2 0
2 0
2 0
2 0
2 0
2 0
2 0
2 0
2 0
2 0
2 0
2 0
2 0
2 0
2 0
2 0
2 0
2 0
1 0
1 0
1 0
1 0
1 0
1 0
1 0
1 0
1 0
1 0
1 0
1 0
1 0
1 0
1 0
1 0
1 0
1 0
1 0
1 0
1 0
1 0
1 0
-4 1
-4 1
-4 1
-4 1
-4 1
-4 1
-4 1
-4 1
-4 1
-4 1
-4 1
-4 1
-4 1
-4 1
-4 1
-4 1
-4 1
-4 1
-4 1
-4 1
-4 1
-4 1
-4 1
-4 1
-4 1
-4 1
-4 1
-4 1
-4 1
-4 1
-4 1
-4 1
-4 1
-4 1
-4 1
-4 1
-4 1
-4 1
-4 1
-2 1
-2 1
-2 1
-2 1
-2 1
-2 1
-2 1
-2 1
-2 1
-2 1
-2 1
-2 1
-2 1
-2 1
-2 1
-2 1
-2 1
-2 1
-2 1
-2 1
-2 1
-2 1
-2 1
-2 1
-2 1
-2 1
-2 1
-2 1
-2 1
-2 1
-2 1
-2 1
-2 1
-2 1
-2 1
-2 1
-2 1
-2 1
-2 1
-2 1
5 0
5 0
5 0
5 0
5 0
5 0
5 0
5 0
5 0
5 0
5 0
5 0
5 0
5 0
5 0
5 0
5 0
5 0
5 0
5 0
5 0
5 0
5 0
5 0
5 0
5 0
5 0
5 0
5 0
5 0
5 0
5 0
5 0
5 0
5 0
5 0
5 0
5 0
5 0
5 0
5 0
4 -1
4 -1
4 -1
4 -1
4 -1
4 -1
4 -1
4 -1
4 -1
4 -1
4 -1
4 -1
4 -1
4 -1
4 -1
4 -1
4 -1
4 -1
4 -1
1 0
1 0
1 0
1 0
1 0
1 0
1 0
1 0
1 0
1 0
1 0
1 0
1 0
1 0
1 0
1 0
1 0
1 0
1 0
1 0
1 0
1 0
1 0
1 0
1 0
1 0
1 0
1 0
1 0
1 0
1 0
1 0
1 0
1 0
1 0
1 0
1 0
1 0
1 0
1 0
1 0
1 0
1 0
1 0
1 0
1 0
1 0
1 0
1 0
1 0
1 0
1 0
1 0
1 0
1 0
1 0
1 0
1 0
1 0
1 0
1 0
1 0
1 0
1 0
1 0
1 0
1 0
1 0
1 0
1 0
1 0
1 0
1 0
1 0
1 0
1 0
1 0
1 0
1 0
1 0
1 0
1 0
1 0
1 0
1 0
1 0
1 0
1 0
1 0
1 0
1 0
1 0
1 0
1 0
1 0
1 0
1 0
1 0
1 0
1 0
1 0
1 0
1 0
1 0
-3 3
-6 9
-6 20
-6 20
-6 20
-6 20
-6 20
-6 20
-6 20
-6 20
-6 20
-6 20
-6 20
-6 20
-6 20
-6 20
-6 20
-6 20
-6 20
-6 20
-6 20
-6 20
-6 20
-6 20
-6 20
-6 20
-6 20
-6 20
-6 20
-6 20
-6 20
-6 20
-6 20
-6 20
-6 20
-6 20
-6 20
-6 20
-6 20
-6 20
-9 27
-9 27
-9 27
-9 27
-9 27
-9 27
-9 27
-9 27
-9 27
-9 27
-9 27
-9 27
-9 27
-9 27
-9 27
-9 27
-9 27
-9 27
-9 27
-9 27
-9 27
-10 41
-10 41
-10 41
-10 41
-10 41
-10 41
-10 41
-10 41
-10 41
-10 41
-10 41
-10 41
-10 41
-10 41
-10 41
-10 41
-10 41
-10 41
-10 41
-10 41
-10 41
-13 50
-13 50
-13 50
-13 50
-13 50
-13 50
-13 50
-13 50
-13 50
-13 50
-13 50
-13 50
-13 50
-13 50
-13 50
-13 50
-13 50
-13 50
-13 50
-13 50
-13 50
-13 50
-17 70
-17 70
-17 70
-17 70
-17 70
-17 70
-17 70
-17 70
-17 70
-17 70
-17 70
-17 70
-17 70
-17 70
-17 70
-17 70
-17 70
-17 70
-17 70
-17 70
-17 70
-17 70
-17 70
-17 70
-17 70
-17 70
-17 70
-17 70
-17 70
-17 70
-17 70
-17 70
-17 70
-17 70
-17 70
-17 70
-17 70
-17 70
-17 70
-17 70
-17 70
-17 70
-17 77
-17 77
-17 77
-17 77
-17 77
-17 77
-17 77
-17 77
-17 77
-17 77
-17 77
-17 77
-17 77
-17 77
-17 77
-17 77
-17 77
-17 77
-17 77
-17 77
-17 77
-17 77
-17 77
-17 77
-17 77
-17 77
-17 77
-17 77
-17 77
-17 77
-17 77
-17 77
-17 77
-17 77
-17 77
-17 77
-17 77
-17 77
-17 77
-17 77
-17 77
-17 77
-17 77
-17 77
-17 77
-17 77
-16 84
-16 84
-16 84
-16 84
-16 84
-16 84
-16 84
-16 84
-16 84
-16 84
-16 84
-16 84
-16 84
-16 84
-16 84
-16 84
-16 84
-16 84
-16 84
-17 92
-17 92
-17 92
-17 92
-17 92
-17 92
-17 92
-17 92
-17 92
-17 92
-17 92
-17 92
-17 92
-17 92
-17 92
-17 92
-17 92
-17 92
-17 92
-17 92
-17 92
-17 92
-17 92
-17 92
-17 92
-17 92
-17 92
-17 92
-17 92
-17 92
-17 92
-17 92
-17 92
-17 92
-17 92
-17 92
-17 92
-17 92
-17 92
-17 92
-17 92
-13 93
-13 93
-13 93
-13 93
-13 93
-13 93
-13 93
-13 93
-13 93
-13 93
-13 93
-13 93
-13 93
-13 93
-13 93
-13 93
-13 93
-13 93
-13 93
-13 93
-13 93
-13 93
-12 87
-12 87
-12 87
-12 87
-12 87
-12 87
-12 87
-12 87
-12 87
-12 87
-12 87
-12 87
-12 87
-12 87
-12 87
-12 87
-12 87
-12 87
-12 87
-12 87
-12 87
-12 87
-12 87
-12 87
-12 87
-12 87
-12 87
-12 87
-12 87
-12 87
-12 87
-12 87
-12 87
-12 87
-12 87
-12 87
-12 87
-12 87
-12 87
-12 87
-12 87
-12 87
-12 87
-12 87
-12 87
-12 87
-12 87
-12 87
-12 87
-12 87
-12 87
-9 94
-9 94
-9 94
-9 94
-9 94
-9 94
-9 94
-9 94
-9 94
-9 94
-9 94
-9 94
-9 94
-9 94
-9 94
-9 94
-9 94
-9 94
-9 94
-9 94
-9 94
-9 94
-9 94
-9 94
-9 94
-9 94
-9 94
-9 94
-9 94
-9 94
-9 94
-9 94
-9 94
-9 94
-9 94
-9 94
-9 94
-9 94
-9 94
-9 94
-9 94
-9 94
-9 94
-9 94
-9 94
-9 94
-9 94
-9 94
-9 94
-9 94
-9 94
-9 94
-9 94
-5 106
-5 106
-5 106
-5 106
-5 106
-5 106
-5 106
-5 106
-5 106
-5 106
-5 106
-5 106
-5 106
-5 106
-5 106
-5 106
-5 106
-5 106
-5 106
-5 106
-5 106
-5 106
-5 106
-5 106
-5 106
-5 106
-5 106
-5 106
-5 106
-5 106
-5 106
-5 106
-5 106
-5 106
-5 106
-5 106
-5 106
-5 106
-5 106
-5 106
-5 106
-5 106
-5 106
-5 106
-5 106
-5 106
-5 106
-5 106
-5 106
-5 106
-5 106
-1 104
-1 104
-1 104
-1 104
-1 104
-1 104
-1 104
-1 104
-1 104
-1 104
-1 104
-1 104
-1 104
-1 104
-1 104
-1 104
-1 104
-1 104
-1 104
-1 104
-1 104
-1 104
-1 104
-1 104
-1 104
-1 104
-1 104
-1 104
-1 104
-1 104
-1 104
-1 104
-1 104
-1 104
-1 104
-1 104
-1 104
-1 104
-1 104
-1 104
-1 104
-1 104
-1 104
-1 104
-1 104
-1 104
-1 104
-1 104
-2 100
-2 100
-2 100
-2 100
-2 100
-2 100
-2 100
-2 100
-2 100
-2 100
-2 100
-2 100
-2 100
-2 100
-2 100
-2 100
-2 100
-2 100
-2 100
10 108
10 108
10 108
10 108
10 108
10 108
10 108
10 108
10 108
10 108
10 108
10 108
10 108
10 108
10 108
10 108
10 108
10 108
10 108
10 108
10 108
10 108
10 108
10 108
10 108
10 108
10 108
10 108
10 108
10 108
10 108
10 108
10 108
10 108
10 108
10 108
10 108
10 108
10 108
10 108
10 108
10 108
10 108
10 108
10 108
10 108
1 99
7 102
7 102
7 102
7 102
7 102
7 102
7 102
7 102
7 102
7 102
7 102
7 102
7 102
7 102
7 102
7 102
7 102
7 102
7 102
7 102
7 102
7 102
7 102
7 102
7 102
7 102
7 102
7 102
7 102
7 102
7 102
7 102
7 102
7 102
7 102
7 102
7 102
7 102
7 102
7 102
7 102
7 102
7 102
7 102
7 102
7 102
7 102
7 102
13 108
13 108
13 108
13 108
13 108
13 108
13 108
13 108
13 108
13 108
13 108
13 108
13 108
13 108
13 108
13 108
13 108
13 108
13 108
13 108
13 108
13 108
13 108
13 108
30 112
30 112
30 112
30 112
30 112
30 112
30 112
30 112
30 112
30 112
30 112
30 112
30 112
30 112
30 112
30 112
30 112
30 112
30 112
30 112
30 112
30 112
30 112
30 112
30 112
30 112
30 112
30 112
30 112
30 112
30 112
30 112
30 112
30 112
30 112
30 112
30 112
30 112
30 112
30 112
30 112
30 112
30 112
30 112
30 112
30 112
30 112
30 112
30 112
30 112
30 112
30 112
30 112
30 112
30 112
30 112
30 112
30 112
30 112
30 112
30 112
30 112
30 112
30 112
30 112
30 112
30 112
30 112
30 112
30 112
30 112
30 112
30 112
30 112
30 112
43 101
43 101
43 101
43 101
43 101
43 101
43 101
43 101
43 101
43 101
43 101
43 101
43 101
43 101
43 101
43 101
43 101
43 101
43 101
43 101
43 101
43 101
43 101
43 101
43 101
43 101
43 101
43 101
43 101
43 101
43 101
43 101
43 101
43 101
43 101
43 101
43 101
43 101
43 101
54 111
52 96
52 96
52 96
52 96
52 96
52 96
52 96
52 96
52 96
52 96
52 96
52 96
52 96
52 96
52 96
52 96
52 96
52 96
52 96
52 96
52 96
52 96
80 98
80 98
80 98
80 98
80 98
80 98
80 98
80 98
80 98
80 98
80 98
80 98
80 98
80 98
80 98
80 98
80 98
80 98
80 98
80 98
80 98
80 96
80 96
80 96
80 96
80 96
80 96
80 96
80 96
80 96
80 96
80 96
80 96
80 96
80 96
80 96
80 96
80 96
80 96
80 96
80 96
80 96
80 96
80 96
80 96
80 96
81 88
81 88
81 88
81 88
81 88
81 88
81 88
81 88
81 88
81 88
81 88
81 88
81 88
81 88
81 88
81 88
81 88
81 88
81 88
81 88
81 88
81 88
81 88
81 88
81 88
81 88
81 88
81 88
81 88
81 88
81 88
81 88
81 88
81 88
81 88
81 88
81 88
81 88
81 88
81 88
81 88
81 88
81 88
81 88
81 88
81 88
93 86
93 86
93 86
93 86
93 86
93 86
93 86
93 86
93 86
93 86
93 86
93 86
93 86
93 86
93 86
93 86
93 86
93 86
93 86
93 86
93 66
93 66
93 66
93 66
93 66
93 66
93 66
93 66
93 66
93 66
93 66
93 66
93 66
93 66
93 66
93 66
93 66
93 66
93 66
93 66
93 66
93 66
93 66
93 66
93 66
93 66
93 66
93 66
93 66
93 66
93 66
93 66
93 66
93 66
93 66
93 66
93 66
93 66
93 66
93 66
93 66
102 81
102 81
102 81
102 81
102 81
102 81
102 81
102 81
102 81
102 81
102 81
102 81
102 81
102 81
102 81
102 81
102 81
97 64
97 64
97 64
97 64
97 64
97 64
97 64
97 64
97 64
97 64
97 64
97 64
97 64
97 64
97 64
97 64
97 64
97 64
97 64
114 48
114 48
114 48
114 48
114 48
114 48
114 48
114 48
114 48
114 48
114 48
114 48
114 48
114 48
114 48
114 48
114 48
114 48
114 48
114 48
114 48
114 48
114 48
114 48
114 48
114 48
114 48
114 48
114 48
114 48
114 48
114 48
114 48
114 48
114 48
114 48
114 48
114 48
114 48
114 48
114 48
114 48
114 48
114 48
99 33
99 33
99 33
99 33
99 33
99 33
99 33
99 33
99 33
99 33
99 33
99 33
99 33
99 33
99 33
99 33
99 33
99 33
99 33
99 33
99 33
99 33
99 33
99 33
99 33
118 27
118 27
118 27
118 27
118 27
118 27
118 27
118 27
118 27
118 27
118 27
118 27
118 27
118 27
118 27
118 27
118 27
118 27
118 27
118 27
118 27
118 27
118 27
118 27
118 27
118 27
118 27
118 27
118 27
118 27
118 27
118 27
118 27
118 27
118 27
118 27
118 27
118 27
118 27
118 27
118 27
118 27
118 27
118 27
118 27
118 27
118 27
118 27
118 27
117 24
117 24
117 24
117 24
117 24
117 24
117 24
117 24
117 24
117 24
117 24
117 24
117 24
117 24
117 24
117 24
117 24
117 24
117 24
117 24
117 24
117 24
117 24
117 24
117 24
117 24
117 24
117 24
117 24
117 24
117 24
117 24
117 24
117 24
117 24
117 24
117 24
117 24
117 24
117 24
117 24
117 24
117 24
108 17
119 5
119 5
119 5
119 5
119 5
119 5
119 5
119 5
119 5
119 5
119 5
119 5
119 5
119 5
119 5
119 5
119 5
119 5
119 5
119 5
119 5
119 5
119 5
119 5
119 5
119 5
119 5
119 5
119 5
119 5
119 5
119 5
119 5
119 5
119 5
119 5
119 5
119 5
119 5
119 5
115 -6
115 -6
115 -6
115 -6
115 -6
115 -6
115 -6
115 -6
115 -6
115 -6
115 -6
115 -6
115 -6
115 -6
115 -6
115 -6
115 -6
115 -6
115 -6
115 -6
115 -6
118 -5
118 -5
118 -5
118 -5
118 -5
118 -5
118 -5
118 -5
118 -5
118 -5
118 -5
118 -5
118 -5
118 -5
118 -5
118 -5
118 -5
118 -5
118 -5
118 -5
118 -5
118 -5
105 -10
105 -10
105 -10
105 -10
105 -10
105 -10
105 -10
105 -10
105 -10
105 -10
105 -10
105 -10
105 -10
105 -10
105 -10
105 -10
105 -10
105 -10
105 -10
105 -10
105 -10
105 -10
105 -10
105 -10
105 -10
105 -10
105 -10
105 -10
105 -10
105 -10
105 -10
105 -10
105 -10
105 -10
105 -10
105 -10
105 -10
105 -10
105 -10
105 -10
105 -10
105 -10
105 -10
105 -10
105 -10
105 -10
105 -10
105 -10
110 -18
110 -18
110 -18
110 -18
110 -18
110 -18
110 -18
110 -18
110 -18
110 -18
110 -18
110 -18
110 -18
110 -18
110 -18
110 -18
110 -18
110 -18
110 -18
110 -18
110 -18
110 -18
110 -18
110 -18
110 -18
110 -18
110 -18
110 -18
110 -18
110 -18
110 -18
110 -18
110 -18
110 -18
110 -18
110 -18
110 -18
110 -18
110 -18
110 -18
110 -18
110 -18
110 -18
110 -18
110 -18
110 -18
110 -18
110 -18
92 -23
92 -23
92 -23
92 -23
92 -23
92 -23
92 -23
92 -23
92 -23
92 -23
92 -23
92 -23
92 -23
92 -23
92 -23
92 -23
92 -23
95 -32
95 -32
95 -32
95 -32
95 -32
95 -32
95 -32
95 -32
95 -32
95 -32
95 -32
95 -32
95 -32
95 -32
95 -32
95 -32
95 -32
95 -32
95 -32
95 -32
95 -32
95 -32
95 -32
95 -32
95 -32
95 -32
95 -32
95 -32
95 -32
95 -32
95 -32
95 -32
95 -32
114 -47
114 -47
114 -47
114 -47
114 -47
114 -47
114 -47
114 -47
114 -47
114 -47
114 -47
114 -47
114 -47
114 -47
114 -47
114 -47
114 -47
114 -47
114 -47
114 -47
114 -47
114 -47
114 -47
114 -47
114 -47
114 -47
114 -47
114 -47
114 -47
114 -47
114 -47
114 -47
114 -47
114 -47
114 -47
114 -47
102 -68
102 -68
102 -68
102 -68
102 -68
102 -68
102 -68
102 -68
102 -68
102 -68
102 -68
102 -68
102 -68
102 -68
102 -68
102 -68
102 -68
102 -68
102 -68
102 -68
102 -68
102 -68
102 -68
102 -68
102 -68
102 -68
102 -68
102 -68
102 -68
102 -68
102 -68
102 -74
102 -74
102 -74
102 -74
102 -74
102 -74
102 -74
102 -74
102 -74
102 -74
102 -74
102 -74
102 -74
102 -74
102 -74
83 -79
83 -79
83 -79
83 -79
83 -79
83 -79
83 -79
83 -79
83 -79
83 -79
83 -79
83 -79
83 -79
83 -79
83 -79
83 -79
83 -79
83 -79
80 -83
80 -83
80 -83
80 -83
80 -83
80 -83
80 -83
80 -83
80 -83
80 -83
80 -83
80 -83
80 -83
80 -83
80 -83
80 -83
80 -83
82 -84
82 -84
82 -84
82 -84
82 -84
82 -84
82 -84
82 -84
82 -84
82 -84
82 -84
82 -84
82 -84
82 -84
82 -84
82 -84
82 -84
82 -84
82 -84
82 -84
82 -84
82 -84
82 -84
82 -84
82 -84
82 -84
82 -84
82 -84
82 -84
82 -84
82 -84
82 -84
82 -84
82 -84
82 -84
82 -84
82 -84
82 -84
82 -84
82 -84
82 -84
82 -84
82 -84
82 -84
82 -84
82 -84
82 -84
82 -84
82 -84
82 -84
82 -84
82 -84
82 -84
82 -84
82 -84
82 -84
43 -88
43 -88
43 -88
43 -88
43 -88
43 -88
43 -88
43 -88
43 -88
43 -88
43 -88
43 -88
43 -88
43 -88
43 -88
43 -88
43 -88
43 -88
43 -88
43 -88
43 -88
43 -88
43 -88
43 -88
43 -88
43 -88
43 -88
43 -88
43 -88
43 -88
43 -88
43 -88
43 -88
43 -88
29 -88
29 -88
29 -88
29 -88
29 -88
29 -88
29 -88
29 -88
29 -88
29 -88
29 -88
29 -88
29 -88
29 -88
29 -88
29 -88
29 -88
29 -88
29 -88
29 -88
29 -88
29 -88
29 -88
29 -88
29 -88
29 -88
29 -88
29 -88
29 -88
29 -88
29 -88
29 -88
29 -88
29 -88
29 -88
11 -108
11 -108
11 -108
11 -108
11 -108
11 -108
11 -108
11 -108
11 -108
11 -108
11 -108
11 -108
11 -108
11 -108
11 -108
11 -108
11 -108
11 -108
11 -108
11 -108
11 -108
11 -108
11 -108
11 -108
11 -108
11 -108
11 -108
11 -108
11 -108
11 -108
11 -108
11 -108
11 -108
11 -108
8 -115
8 -115
8 -115
8 -115
8 -115
8 -115
8 -115
8 -115
8 -115
8 -115
8 -115
8 -115
8 -115
8 -115
8 -115
8 -115
8 -115
8 -115
3 -126
3 -126
3 -126
3 -126
3 -126
3 -126
3 -126
3 -126
3 -126
3 -126
3 -126
3 -126
3 -126
3 -126
3 -126
3 -126
3 -126
3 -126
3 -126
3 -126
3 -126
3 -126
3 -126
3 -126
3 -126
3 -126
3 -126
3 -126
3 -126
3 -126
3 -126
3 -126
3 -126
3 -126
-2 -113
-2 -113
-2 -113
-2 -113
-2 -113
-2 -113
-2 -113
-2 -113
-2 -113
-2 -113
-2 -113
-2 -113
-2 -113
-2 -113
-2 -113
-2 -113
-2 -113
-2 -113
-2 -113
-2 -113
-2 -113
-2 -113
-2 -113
-2 -113
-2 -113
-2 -113
-2 -113
-2 -113
-2 -113
-2 -113
-2 -113
1 -129
-9 -128
-9 -128
-9 -128
-9 -128
-9 -128
-9 -128
-9 -128
-9 -128
-9 -128
-9 -128
-9 -128
-9 -128
-9 -128
-9 -128
-9 -128
-9 -128
-9 -128
-9 -128
-9 -128
-9 -128
-9 -128
-9 -128
-9 -128
-9 -128
-9 -128
-9 -128
-9 -128
-9 -128
-9 -128
-9 -128
-14 -142
-14 -142
-14 -142
-14 -142
-14 -142
-14 -142
-14 -142
-14 -142
-14 -142
-14 -142
-14 -142
-14 -142
-14 -142
-14 -142
-14 -142
-14 -142
-14 -142
-14 -142
-19 -135
-19 -135
-19 -135
-19 -135
-19 -135
-19 -135
-19 -135
-19 -135
-19 -135
-19 -135
-19 -135
-19 -135
-19 -135
-19 -135
-19 -135
-19 -135
-19 -135
-19 -135
-16 -117
-16 -117
-16 -117
-16 -117
-16 -117
-16 -117
-16 -117
-16 -117
-16 -117
-16 -117
-16 -117
-16 -117
-16 -117
-16 -117
-16 -117
-16 -117
-16 -117
-16 -117
-16 -117
-16 -117
-16 -117
-16 -117
-16 -117
-16 -117
-16 -117
-16 -117
-16 -117
-16 -117
-16 -117
-16 -117
-16 -117
-16 -117
-16 -117
-16 -117
-16 -117
-16 -117
-32 -119
-32 -119
-32 -119
-32 -119
-32 -119
-32 -119
-32 -119
-32 -119
-32 -119
-32 -119
-32 -119
-32 -119
-32 -119
-32 -119
-32 -119
-32 -119
-32 -119
-32 -119
-32 -119
-32 -119
-32 -119
-32 -119
-32 -119
-32 -119
-32 -119
-32 -119
-32 -119
-32 -119
-32 -119
-32 -119
-32 -119
-32 -119
-32 -119
-32 -119
-32 -112
-32 -112
-32 -112
-32 -112
-32 -112
-32 -112
-32 -112
-32 -112
-32 -112
-32 -112
-32 -112
-32 -112
-32 -112
-32 -112
-32 -112
-32 -112
-32 -112
-32 -112
-32 -112
-32 -112
-32 -112
-32 -112
-32 -112
-32 -112
-32 -112
-32 -112
-32 -112
-32 -112
-32 -112
-32 -112
-32 -112
-45 -118
-51 -111
-51 -111
-51 -111
-51 -111
-51 -111
-51 -111
-51 -111
-51 -111
-51 -111
-51 -111
-51 -111
-51 -111
-51 -111
-51 -111
-51 -111
-51 -111
-51 -111
-71 -106
-71 -106
-71 -106
-71 -106
-71 -106
-71 -106
-71 -106
-71 -106
-71 -106
-71 -106
-71 -106
-71 -106
-71 -106
-71 -106
-71 -106
-71 -106
-71 -106
-71 -106
-71 -106
-71 -106
-71 -106
-71 -106
-71 -106
-71 -106
-71 -106
-71 -106
-71 -106
-71 -106
-71 -106
-71 -106
-71 -106
-71 -106
-71 -106
-71 -106
-71 -106
-71 -106
-80 -107
-80 -107
-80 -107
-80 -107
-80 -107
-80 -107
-80 -107
-80 -107
-80 -107
-80 -107
-80 -107
-80 -107
-80 -107
-80 -107
-80 -107
-80 -107
-80 -107
-80 -107
-80 -107
-94 -99
-94 -99
-94 -99
-94 -99
-94 -99
-94 -99
-94 -99
-94 -99
-94 -99
-94 -99
-94 -99
-94 -99
-94 -99
-94 -99
-94 -99
-94 -99
-94 -99
-94 -99
-94 -99
-94 -99
-94 -99
-94 -99
-94 -99
-94 -99
-94 -99
-94 -99
-94 -99
-94 -99
-94 -99
-94 -99
-94 -99
-94 -99
-94 -99
-83 -76
-83 -76
-83 -76
-83 -76
-83 -76
-83 -76
-83 -76
-83 -76
-83 -76
-83 -76
-83 -76
-83 -76
-83 -76
-83 -76
-83 -76
-98 -84
-98 -84
-98 -84
-98 -84
-98 -84
-98 -84
-98 -84
-98 -84
-98 -84
-98 -84
-98 -84
-98 -84
-98 -84
-98 -84
-98 -84
-98 -84
-98 -84
-98 -84
-114 -90
-114 -90
-114 -90
-114 -90
-114 -90
-114 -90
-114 -90
-114 -90
-114 -90
-114 -90
-114 -90
-114 -90
-114 -90
-114 -90
-114 -90
-114 -90
-114 -90
-114 -90
-114 -90
-114 -90
-114 -90
-114 -90
-114 -90
-114 -90
-114 -90
-114 -90
-114 -90
-114 -90
-114 -90
-114 -90
-114 -90
-114 -90
-114 -90
-114 -90
-114 -90
-114 -90
-114 -90
-114 -90
-114 -90
-114 -90
-114 -90
-114 -90
-114 -90
-114 -90
-114 -90
-114 -90
-114 -90
-114 -90
-114 -90
-114 -90
-114 -90
-126 -69
-126 -69
-126 -69
-126 -69
-126 -69
-126 -69
-126 -69
-126 -69
-126 -69
-126 -69
-126 -69
-126 -69
-126 -69
-126 -69
-126 -69
-126 -69
-126 -69
-126 -69
-126 -69
-126 -69
-126 -69
-126 -69
-126 -69
-126 -69
-126 -69
-126 -69
-126 -69
-126 -69
-126 -69
-126 -69
-126 -69
-126 -69
-126 -69
-124 -47
-124 -47
-124 -47
-124 -47
-124 -47
-124 -47
-124 -47
-124 -47
-124 -47
-124 -47
-124 -47
-124 -47
-124 -47
-124 -47
-124 -47
-124 -47
-124 -47
-124 -47
-124 -47
-124 -47
-124 -47
-124 -47
-124 -47
-124 -47
-124 -47
-124 -47
-124 -47
-124 -47
-124 -47
-124 -47
-124 -47
-124 -47
-124 -47
-125 -31
-112 -5
-112 -5
-112 -5
-112 -5
-112 -5
-112 -5
-112 -5
-112 -5
-112 -5
-112 -5
-112 -5
-112 -5
-112 -5
-112 -5
-112 -5
-112 -5
-112 -5
-112 -5
-112 -5
-112 -5
-112 -5
-112 -5
-112 -5
-112 -5
-112 -5
-112 -5
-112 -5
-112 -5
-112 -5
-112 -5
-112 -5
-145 -18
-145 -18
-145 -18
-145 -18
-145 -18
-145 -18
-145 -18
-145 -18
-145 -18
-145 -18
-145 -18
-145 -18
-145 -18
-145 -18
-145 -18
-145 -18
-145 -18
-151 0
-151 0
-151 0
-151 0
-151 0
-151 0
-151 0
-151 0
-151 0
-151 0
-151 0
-151 0
-151 0
-151 0
-151 0
-151 0
-151 0
-159 0
-159 0
-159 0
-159 0
-159 0
-159 0
-159 0
-159 0
-159 0
-159 0
-159 0
-159 0
-159 0
-159 0
-159 0
-159 0
-159 0
-159 0
-159 0
-159 0
-159 0
-159 0
-159 0
-159 0
-159 0
-159 0
-159 0
-159 0
-159 0
-159 0
-159 0
-159 0
-140 11
-140 11
-140 11
-140 11
-140 11
-140 11
-140 11
-140 11
-140 11
-140 11
-140 11
-140 11
-140 11
-140 11
-140 11
-140 11
-140 11
-140 11
-140 11
-140 11
-140 11
-140 11
-140 11
-140 11
-140 11
-140 11
-140 11
-140 11
-140 11
-140 11
-140 11
-140 11
-140 11
-140 11
-140 11
-140 11
-146 17
-146 17
-146 17
-146 17
-146 17
-146 17
-146 17
-146 17
-146 17
-146 17
-146 17
-146 17
-146 17
-146 17
-146 17
-146 17
-146 17
-146 17
-146 17
-146 17
-146 17
-146 17
-146 17
-146 17
-146 17
-146 17
-146 17
-146 17
-146 17
-146 17
-146 17
-146 17
-146 17
-146 17
-146 17
-115 52
-115 52
-115 52
-115 52
-115 52
-115 52
-115 52
-115 52
-115 52
-115 52
-115 52
-115 52
-115 52
-115 52
-115 52
-115 52
-115 52
-115 52
-114 69
-114 69
-114 69
-114 69
-114 69
-114 69
-114 69
-114 69
-114 69
-114 69
-114 69
-114 69
-114 69
-114 69
-114 69
-114 69
-114 69
-114 69
-114 69
-114 69
-114 69
-114 69
-114 69
-114 69
-114 69
-114 69
-114 69
-114 69
-114 69
-114 69
-114 69
-114 69
-114 69
-114 69
-114 69
-114 69
-114 69
-121 56
-121 56
-121 56
-121 56
-121 56
-121 56
-121 56
-121 56
-121 56
-121 56
-121 56
-121 56
-121 56
-121 56
-121 56
-121 56
-121 56
-121 56
-121 56
-121 56
-121 56
-121 56
-121 56
-121 56
-121 56
-121 56
-121 56
-121 56
-121 56
-121 56
-121 56
-121 56
-121 56
-121 56
-109 59
-90 59
-90 59
-90 59
-90 59
-90 59
-90 59
-90 59
-90 59
-90 59
-90 59
-90 59
-90 59
-90 59
-90 59
-90 59
-90 59
-90 59
-90 59
-90 59
-90 59
-90 59
-90 59
-90 59
-90 59
-99 60
-99 60
-99 60
-99 60
-99 60
-99 60
-99 60
-99 60
-99 60
-99 60
-99 60
-99 60
-99 60
-99 60
-99 60
-99 60
-99 60
-80 66
-80 66
-80 66
-80 66
-80 66
-80 66
-80 66
-80 66
-80 66
-80 66
-80 66
-80 66
-80 66
-80 66
-80 66
-80 66
-80 66
-80 66
-80 66
-80 66
-80 66
-80 66
-80 66
-80 66
-80 66
-80 66
-80 66
-80 66
-80 66
-80 66
-80 66
-80 66
-80 66
-80 66
-80 66
-80 66
-80 66
-80 66
-80 66
-80 66
-80 66
-80 66
-80 66
-80 66
-80 66
-80 66
-80 66
-80 66
-80 66
-80 66
-80 66
-80 66
-80 66
-80 66
-70 56
-43 57
-43 57
-43 57
-43 57
-43 57
-43 57
-43 57
-43 57
-43 57
-43 57
-43 57
-43 57
-43 57
-43 57
-43 57
-43 57
-43 57
-43 57
-43 57
-43 57
-43 57
-43 57
-43 57
-43 57
-43 57
-43 57
-43 57
-43 57
-43 57
-43 57
-43 57
-43 57
-35 45
-35 45
-35 45
-35 45
-35 45
-35 45
-35 45
-35 45
-35 45
-35 45
-35 45
-35 45
-35 45
-35 45
-35 45
-22 51
-22 51
-22 51
-22 51
-22 51
-22 51
-22 51
-22 51
-22 51
-22 51
-22 51
-22 51
-22 51
-22 51
-22 51
-22 51
-12 36
-12 36
-12 36
-12 36
-12 36
-12 36
-12 36
-12 36
-12 36
-12 36
-12 36
-12 36
-12 36
-12 36
-12 36
-12 36
-12 36
-12 36
-12 36
-12 36
-12 36
-12 36
-12 36
-12 36
-12 36
-12 36
-12 36
-12 36
-12 36
-12 36
-12 36
-12 36
-12 36
-12 36
-12 36
-12 36
-12 36
-12 36
-12 36
-12 36
-12 36
-12 36
-12 36
-12 36
-12 36
-12 36
-6 38
2 33
2 33
2 33
2 33
2 33
2 33
2 33
2 33
2 33
2 33
2 33
2 33
2 33
2 33
2 33
2 33
2 33
2 33
2 33
2 33
2 33
2 33
2 33
2 33
2 33
2 33
2 33
2 33
3 22
3 22
3 22
3 22
3 22
3 22
3 22
3 22
3 22
3 22
3 22
3 22
3 22
3 22
3 22
3 22
3 22
3 22
3 22
3 22
3 22
3 22
3 22
3 22
3 22
3 22
3 22
3 22
3 22
5 5
5 5
5 5
5 5
5 5
5 5
5 5
5 5
5 5
5 5
5 5
5 5
5 5
5 5
5 5
5 5
5 5
5 5
5 5
5 5
5 5
5 5
5 5
5 5
5 5
5 5
5 5
5 5
5 5
5 5
5 5
5 5
5 5
5 5
5 5
5 5
5 5
5 5
1 1
1 1
1 1
1 1
1 1
1 1
1 1
1 1
1 1
1 1
1 1
1 1
1 1
1 1
1 1
1 1
1 1
1 1
1 1
1 1
1 1
1 1
1 1
1 1
1 1
1 1
1 1
1 1
1 1
1 1
1 1
1 1
1 1
1 1
1 1
1 1
1 1
1 1
1 1
1 1
1 1
1 1
1 1
1 1
1 1
1 1
1 1
1 1
1 1
1 1
1 1
1 1
1 1
1 1
1 1
1 1
1 1
1 1
1 1
1 1
1 1
1 1
1 1
1 1
1 1
1 1
1 1
1 1
1 1
1 1
1 1
1 1
1 1
1 1
1 1
1 1
1 1
1 1
1 1
1 1
1 1
1 1
1 1
1 1
1 1
1 1
1 1
1 1
1 1
1 1
1 1
1 1
1 1
1 1
1 1
1 1
1 1
1 1
1 1
1 1
1 1
1 1
1 1
1 1
1 1
2 -2
2 -2
2 -2
2 -2
2 -2
2 -2
2 -2
2 -2
2 -2
2 -2
2 -2
2 -2
2 -2
2 -2
2 -2
2 -2
2 -2
2 -2
2 -2
2 -2
2 -2
2 -2
2 -2
2 -2
2 -2
2 -2
2 -2
2 -2
2 -2
2 -2
2 -2
2 -2
2 -2
5 -1
5 -1
5 -1
5 -1
5 -1
5 -1
5 -1
5 -1
5 -1
5 -1
5 -1
5 -1
5 -1
5 -1
5 -1
5 -1
5 -1
5 -1
5 -1
1 0
1 0
1 0
1 0
1 0
1 0
1 0
1 0
1 0
1 0
1 0
1 0
1 0
1 0
1 0
1 0
1 0
1 0
1 0
1 0
1 0
1 0
1 0
1 0
1 0
1 0
1 0
1 0
1 0
1 0
1 0
1 0
1 0
1 0
1 0
1 0
1 0
1 0
1 0
1 0
1 0
1 0
1 0
1 0
1 0
1 0
1 0
1 0
1 0
1 0
1 0
1 0
1 0
1 0
1 0
1 0
1 0
1 0
1 0
1 0
1 0
1 0
1 0
1 0
1 0
1 0
1 0
1 0
1 0
1 0
1 0
1 0
1 0
1 0
1 0
1 0
1 0
1 0
1 0
1 0
1 0
1 0
1 0
1 0
1 0
1 0
1 0
1 0
1 0
1 0
1 0
1 0
1 0
1 0
1 0
1 0
1 0
1 0
1 0
1 0
1 0
1 0
1 0
1 0
1 0
1 0
1 0
1 0
1 0
1 0
1 0
1 0
1 0
1 0
1 0
1 0
1 0
1 0
1 0
1 0
1 0
1 0
1 0
1 0
1 0
1 0
1 0
1 0
1 0
1 0
1 0
1 0
1 0
1 0
1 0
1 0
1 0
1 0
1 0
1 0
1 0
1 0
1 0
1 0
1 0
1 0
1 0
1 0
1 0
1 0
1 0
1 0
1 0
1 0
1 0
1 0
1 0
1 0
1 0
1 0
1 0
1 0
1 0
1 0
1 0
1 0
1 0
1 0
1 0
1 0
1 0
1 0
1 0
1 0
1 0
1 0
1 0
1 0
1 0
1 0
1 0
1 0
1 0
1 0
1 0
1 0
1 0
1 0
1 0
1 0
1 0
1 0
1 0
1 0
1 0
1 0
1 0
1 0
1 0
1 0
1 0
1 0
1 0
1 0
1 0
1 0
1 0
1 0
1 0
1 0
1 0
1 0
1 0
1 0
1 0
1 0
1 0
1 0
1 0
1 0
1 0
1 0
1 0
1 0
1 0
1 0
1 0
1 0
1 0
1 0
1 0
1 0
1 0
1 0
1 0
1 0
1 0
1 0
1 0
1 0
1 0
1 0
1 0
1 0
1 0
1 0
1 0
1 0
1 0
1 0
1 0
1 0
1 0
1 0
1 0
1 0
1 0
1 0
1 0
1 0
1 0
1 0
1 0
1 0
1 0
1 0
1 0
1 0
1 0
1 0
1 0
1 0
1 0
1 0
1 0
1 0
1 0
1 0
1 0
1 0
1 0
1 0
1 0
1 0
1 0
1 0
1 0
1 0
1 0
1 0
1 0
1 0
1 0
1 0
1 0
1 0
1 0
1 0
1 0
1 0
1 0
1 0
1 0
1 0
1 0
1 0
1 0
1 0
1 0
1 0
1 0
1 0
1 0
1 0
1 0
1 0
1 0
1 0
1 0
1 0
1 0
1 0
1 0
1 0
1 0
1 0
1 0
1 0
1 0
1 0
1 0
1 0
1 0
1 0
1 0
1 0
1 0
1 0
1 0
1 0
1 0
1 0
1 0
1 0
1 0
1 0
1 0
1 0
1 0
1 0
1 0
1 0
1 0
1 0
1 0
1 0
1 0
1 0
1 0
1 0
1 0
1 0
1 0
1 0
1 0
1 0
1 0
1 0
1 0
1 0
1 0
1 0
1 0
1 0
1 0
1 0
1 0
1 0
1 0
1 0
1 0
1 0
1 0
1 0
1 0
1 0
1 0
1 0
1 0
1 0
1 0
1 0
1 0
1 0
1 0
1 0
1 0
1 0
1 0
1 0
1 0
1 0
1 0
1 0
1 0
1 0
1 0
1 0
1 0
1 0
1 0
1 0
1 0
1 0
1 0
1 0
1 0
1 0
1 0
1 0
1 0
1 0
1 0
1 0
1 0
1 0
1 0
1 0
1 0
1 0
1 0
1 0
1 0
1 0
1 0
1 0
1 0
1 0
1 0
1 0
1 0
1 0
1 0
1 0
1 0
1 0
1 0
1 0
1 0
1 0
1 0
1 0
1 0
1 0
1 0
1 0
1 0
1 0
1 0
1 0
1 0
1 0
1 0
1 0
1 0
1 0
1 0
1 0
1 0
1 0
1 0
1 0
1 0
1 0
1 0
1 0
1 0
1 0
1 0
1 0
1 0
1 0
1 0
1 0
1 0
1 0
1 0
1 0
1 0
1 0
1 0
1 0
1 0
1 0
1 0
1 0
1 0
1 0
1 0
1 0
1 0
1 0
1 0
1 0
1 0
1 0
1 0
1 0
1 0
1 0
1 0
1 0
1 0
1 0
1 0
1 0
1 0
1 0
1 0
1 0
1 0
1 0
1 0
1 0
1 0
1 0
1 0
1 0
1 0
1 0
1 0
1 0
1 0
1 0
1 0
1 0
1 0
1 0
1 0
1 0
1 0
1 0
1 0
1 0
1 0
1 0
1 0
1 0
1 0
1 0
1 0
1 0
1 0
1 0
1 0
1 0
1 0
1 0
1 0
1 0
1 0
1 0
1 0
1 0
1 0
1 0
1 0
1 0
1 0
1 0
1 0
1 0
1 0
1 0
1 0
1 0
1 0
1 0
1 0
1 0
1 0
1 0
1 0
1 0
1 0
1 0
1 0
1 0
1 0
1 0
1 0
1 0
1 0
1 0
1 0
1 0
1 0
1 0
1 0
1 0
1 0
1 0
1 0
1 0
1 0
1 0
1 0
1 0
1 0
1 0
1 0
1 0
1 0
1 0
1 0
1 0
1 0
1 0
1 0
1 0
1 0
1 0
1 0
1 0
1 0
1 0
1 0
1 0
1 0
1 0
1 0
1 0
1 0
1 0
1 0
1 0
1 0
1 0
1 0
1 0
1 0
1 0
1 0
1 0
1 0
1 0
1 0
1 0
1 0
1 0
1 0
1 0
1 0
1 0
1 0
1 0
1 0
1 0
1 0
1 0
1 0
1 0
1 0
1 0
1 0
1 0
1 0
1 0
1 0
1 0
1 0
1 0
1 0
1 0
1 0
1 0
1 0
1 0
1 0
1 0
1 0
1 0
1 0
1 0
1 0
1 0
1 0
1 0
1 0
1 0
1 0
1 0
1 0
1 0
1 0
1 0
1 0
1 0
1 0
1 0
1 0
1 0
1 0
1 0
1 0
1 0
1 0
1 0
1 0
1 0
1 0
1 0
1 0
1 0
1 0
1 0
1 0
1 0
1 0
1 0
1 0
1 0
1 0
1 0
1 0
1 0
1 0
1 0
1 0
1 0
1 0
1 0
1 0
1 0
1 0
1 0
1 0
1 0
1 0
1 0
1 0
1 0
1 0
1 0
1 0
1 0
1 0
1 0
1 0
1 0
1 0
1 0
1 0
1 0
1 0
1 0
1 0
1 0
1 0
1 0
1 0
1 0
1 0
1 0
1 0
1 0
1 0
1 0
1 0
1 0
1 0
1 0
1 0
1 0
1 0
1 0
1 0
1 0
1 0
1 0
1 0
1 0
1 0
1 0
1 0
1 0
1 0
1 0
1 0
1 0
1 0
1 0
1 0
1 0
1 0
1 0
1 0
1 0
1 0
1 0
1 0
1 0
1 0
1 0
1 0
1 0
1 0
1 0
1 0
1 0
1 0
1 0
1 0
1 0
1 0
1 0
1 0
1 0
1 0
1 0
1 0
1 0
1 0
1 0
1 0
1 0
1 0
1 0
1 0
1 0
1 0
1 0
1 0
1 0
1 0
1 0
1 0
1 0
1 0
1 0
1 0
1 0
1 0
1 0
1 0
1 0
1 0
1 0
1 0
1 0
1 0
1 0
1 0
1 0
1 0
1 0
1 0
1 0
1 0
1 0
1 0
0 1
0 1
0 1
0 1
0 1
0 1
0 1
0 1
0 1
0 1
0 1
0 1
0 1
0 1
0 1
