13 -60
13 -60
13 -60
13 -60
13 -60
13 -60
13 -60
13 -60
13 -60
13 -60
13 -60
13 -60
13 -60
13 -60
13 -60
13 -60
13 -60
13 -60
13 -60
13 -60
13 -60
13 -60
13 -60
13 -60
13 -60
13 -60
13 -60
13 -60
13 -60
13 -60
6 -59
3 -54
3 -54
3 -54
3 -54
3 -54
3 -54
3 -54
3 -54
3 -54
3 -54
3 -54
3 -54
3 -54
3 -54
3 -54
3 -54
3 -54
3 -54
3 -54
3 -54
3 -54
3 -54
3 -54
3 -54
3 -54
3 -54
3 -54
3 -54
3 -54
3 -54
3 -54
3 -54
3 -54
3 -54
3 -54
3 -54
3 -54
3 -54
3 -54
3 -54
3 -54
3 -54
3 -54
3 -54
3 -54
3 -54
3 -54
3 -54
3 -54
3 -54
3 -54
3 -54
3 -54
3 -54
3 -54
3 -54
3 -54
-2 -63
-5 -56
-5 -56
-5 -56
-5 -56
-5 -56
-5 -56
-5 -56
-5 -56
-5 -56
-5 -56
-5 -56
-5 -56
-5 -56
-5 -56
-5 -56
-5 -56
-5 -56
-5 -56
-5 -56
-8 -55
-8 -55
-8 -55
-8 -55
-8 -55
-8 -55
-8 -55
-8 -55
-8 -55
-8 -55
-8 -55
-8 -55
-8 -55
-8 -55
-8 -55
-8 -55
-8 -55
-8 -55
-8 -55
-8 -55
-8 -55
-8 -55
-8 -55
-8 -55
-8 -55
-8 -55
-8 -55
-8 -55
-8 -55
-8 -55
-8 -55
-8 -55
-8 -55
-8 -55
-8 -55
-8 -55
-8 -55
-8 -55
-8 -55
-8 -55
-8 -55
-8 -55
-8 -55
-8 -55
-8 -55
-8 -55
-8 -55
-8 -55
-8 -55
-8 -55
-8 -55
-8 -55
-8 -55
-8 -55
-8 -55
-8 -55
-8 -55
-8 -55
-8 -55
-8 -55
-8 -55
-8 -55
-8 -55
-8 -55
-8 -55
-8 -55
-8 -55
-8 -55
-8 -55
-20 -62
-20 -62
-20 -62
-20 -62
-20 -62
-20 -62
-20 -62
-20 -62
-20 -62
-20 -62
-20 -62
-20 -62
-20 -62
-20 -62
-20 -62
-20 -62
-20 -62
-20 -62
-20 -62
-20 -62
-20 -62
-20 -62
-20 -62
-20 -62
-20 -62
-20 -62
-20 -62
-20 -62
-20 -62
-20 -62
-20 -62
-20 -62
-20 -62
-20 -62
-20 -62
-20 -62
-20 -62
-20 -62
-20 -62
-20 -62
-20 -62
-20 -62
-20 -62
-20 -62
-20 -62
-20 -62
-20 -62
-15 -60
-15 -60
-15 -60
-15 -60
-15 -60
-15 -60
-15 -60
-15 -60
-15 -60
-15 -60
-15 -60
-15 -60
-15 -60
-15 -60
-15 -60
-15 -60
-15 -60
-15 -60
-15 -60
-15 -60
-15 -60
-15 -60
-15 -60
-23 -58
-23 -58
-23 -58
-23 -58
-23 -58
-23 -58
-23 -58
-23 -58
-23 -58
-23 -58
-23 -58
-23 -58
-23 -58
-23 -58
-23 -58
-23 -58
-23 -58
-23 -58
-23 -58
-23 -58
-23 -58
-23 -58
-23 -58
-23 -58
-29 -58
-29 -58
-29 -58
-29 -58
-29 -58
-29 -58
-29 -58
-29 -58
-29 -58
-29 -58
-29 -58
-29 -58
-29 -58
-29 -58
-29 -58
-29 -58
-29 -58
-29 -58
-29 -58
-29 -58
-29 -58
-29 -58
-29 -58
-29 -58
-29 -58
-29 -58
-29 -58
-29 -58
-29 -58
-29 -58
-29 -58
-29 -58
-29 -58
-29 -58
-29 -58
-29 -58
-29 -58
-29 -58
-29 -58
-29 -58
-29 -58
-29 -58
-29 -58
-29 -58
-29 -58
-29 -58
-29 -58
-29 -58
-29 -58
-29 -58
-29 -58
-29 -58
-29 -58
-29 -58
-29 -58
-29 -58
-29 -58
-29 -58
-29 -58
-29 -58
-29 -58
-29 -58
-29 -58
-29 -58
-29 -58
-29 -58
-29 -58
-29 -58
-29 -58
-29 -58
-29 -58
-29 -58
-29 -58
-29 -58
-29 -58
-29 -58
-29 -58
-29 -58
-29 -58
-29 -58
-29 -58
-29 -58
-29 -58
-29 -58
-29 -58
-29 -58
-29 -58
-29 -58
-29 -58
-29 -58
-29 -58
-29 -58
-29 -58
-29 -58
-29 -58
-29 -47
-29 -47
-29 -47
-29 -47
-29 -47
-29 -47
-29 -47
-29 -47
-29 -47
-29 -47
-29 -47
-29 -47
-29 -47
-29 -47
-29 -47
-29 -47
-29 -47
-29 -47
-29 -47
-29 -47
-29 -47
-29 -47
-29 -47
-29 -47
-29 -47
-29 -47
-29 -47
-29 -47
-29 -47
-29 -47
-29 -47
-29 -47
-29 -47
-29 -47
-29 -47
-29 -47
-29 -47
-29 -47
-29 -47
-29 -47
-29 -47
-29 -47
-29 -47
-29 -47
-29 -47
-29 -47
-29 -47
-29 -47
-29 -47
-41 -42
-41 -42
-41 -42
-41 -42
-41 -42
-41 -42
-41 -42
-41 -42
-41 -42
-41 -42
-41 -42
-41 -42
-41 -42
-41 -42
-41 -42
-41 -42
-41 -42
-41 -42
-41 -42
-41 -42
-41 -42
-41 -42
-51 -42
-51 -42
-51 -42
-51 -42
-51 -42
-51 -42
-51 -42
-51 -42
-51 -42
-51 -42
-51 -42
-51 -42
-51 -42
-51 -42
-51 -42
-51 -42
-51 -42
-51 -42
-51 -42
-51 -42
-51 -42
-51 -42
-51 -42
-51 -42
-51 -42
-51 -42
-51 -42
-51 -42
-51 -42
-51 -42
-51 -42
-51 -42
-51 -42
-51 -42
-51 -42
-51 -42
-51 -42
-51 -42
-51 -42
-51 -42
-51 -42
-51 -42
-51 -42
-51 -42
-51 -42
-51 -42
-51 -42
-47 -38
-47 -38
-47 -38
-47 -38
-47 -38
-47 -38
-47 -38
-47 -38
-47 -38
-47 -38
-47 -38
-47 -38
-47 -38
-47 -38
-47 -38
-47 -38
-47 -38
-47 -38
-47 -38
-47 -38
-47 -38
-47 -38
-47 -38
-47 -38
-47 -38
-47 -38
-47 -38
-47 -38
-47 -38
-47 -38
-47 -38
-47 -38
-47 -38
-47 -38
-47 -38
-47 -38
-47 -38
-47 -38
-47 -38
-47 -38
-47 -38
-47 -38
-47 -38
-47 -38
-47 -38
-57 -31
-57 -31
-57 -31
-57 -31
-57 -31
-57 -31
-57 -31
-57 -31
-57 -31
-57 -31
-57 -31
-57 -31
-57 -31
-57 -31
-57 -31
-57 -31
-57 -31
-57 -31
-57 -31
-57 -31
-57 -31
-57 -31
-55 -22
-55 -22
-55 -22
-55 -22
-55 -22
-55 -22
-55 -22
-55 -22
-55 -22
-55 -22
-55 -22
-55 -22
-55 -22
-55 -22
-55 -22
-55 -22
-55 -22
-55 -22
-55 -22
-55 -22
-55 -22
-55 -22
-55 -22
-74 -26
-74 -26
-74 -26
-74 -26
-74 -26
-74 -26
-74 -26
-74 -26
-74 -26
-74 -26
-74 -26
-74 -26
-74 -26
-74 -26
-74 -26
-74 -26
-74 -26
-74 -26
-74 -26
-74 -26
-74 -26
-74 -26
-74 -26
-78 -17
-78 -17
-78 -17
-78 -17
-78 -17
-78 -17
-78 -17
-78 -17
-78 -17
-78 -17
-78 -17
-78 -17
-78 -17
-78 -17
-78 -17
-78 -17
-78 -17
-78 -17
-78 -17
-78 -17
-78 -17
-78 -17
-78 -17
-78 -17
-78 -17
-78 -17
-78 -17
-78 -17
-78 -17
-78 -17
-78 -17
-78 -17
-78 -17
-78 -17
-78 -17
-78 -17
-78 -17
-78 -17
-78 -17
-78 -17
-78 -17
-78 -17
-78 -17
-78 -17
-78 -17
-78 -17
-78 -17
-78 -17
-78 -17
-79 -15
-79 -15
-79 -15
-79 -15
-79 -15
-79 -15
-79 -15
-79 -15
-79 -15
-79 -15
-79 -15
-79 -15
-79 -15
-79 -15
-79 -15
-79 -15
-79 -15
-79 -15
-79 -15
-79 -15
-79 -15
-79 -15
-79 -15
-79 -15
-80 -15
-80 -15
-80 -15
-80 -15
-80 -15
-80 -15
-80 -15
-80 -15
-80 -15
-80 -15
-80 -15
-80 -15
-80 -15
-80 -15
-80 -15
-80 -15
-80 -15
-80 -15
-80 -15
-80 -15
-80 -15
-80 -15
-80 -15
-80 -15
-80 -15
-80 -15
-80 -15
-80 -15
-80 -15
-80 -15
-80 -15
-80 -15
-80 -15
-80 -15
-80 -15
-80 -15
-80 -15
-80 -15
-80 -15
-80 -15
-80 -15
-84 -9
-84 -9
-84 -9
-84 -9
-84 -9
-84 -9
-84 -9
-84 -9
-84 -9
-84 -9
-84 -9
-84 -9
-84 -9
-84 -9
-84 -9
-84 -9
-84 -9
-84 -9
-84 -9
-84 -9
-84 -9
-84 -9
-84 -9
-84 -9
-84 -9
-84 -9
-84 -9
-84 -9
-84 -9
-84 -9
-84 -9
-84 -9
-84 -9
-84 -9
-84 -9
-84 -9
-84 -9
-84 -9
-84 -9
-84 -9
-84 -9
-84 -9
-84 -9
-84 -9
-84 -9
-84 -9
-90 -9
-86 -3
-86 -3
-86 -3
-86 -3
-86 -3
-86 -3
-86 -3
-86 -3
-86 -3
-86 -3
-86 -3
-86 -3
-86 -3
-86 -3
-86 -3
-86 -3
-86 -3
-86 -3
-86 -3
-86 -3
-86 -3
-86 -3
-86 -3
-86 -3
-86 -3
-86 -3
-86 -3
-86 -3
-86 -3
-86 -3
-86 -3
-86 -3
-86 -3
-86 -3
-86 -3
-86 -3
-86 -3
-86 -3
-86 -3
-86 -3
-86 -3
-86 -3
-86 -3
-86 -3
-87 -1
-87 -1
-87 -1
-87 -1
-87 -1
-87 -1
-87 -1
-87 -1
-87 -1
-87 -1
-87 -1
-87 -1
-87 -1
-87 -1
-87 -1
-87 -1
-87 -1
-87 -1
-87 -1
-87 -1
-87 -1
-87 -1
-87 -1
-85 -2
-85 -2
-85 -2
-85 -2
-85 -2
-85 -2
-85 -2
-85 -2
-85 -2
-85 -2
-85 -2
-85 -2
-85 -2
-85 -2
-85 -2
-85 -2
-85 -2
-85 -2
-85 -2
-85 -2
-85 -2
-85 -2
-85 -2
-85 -2
-85 -2
-85 -2
-85 -2
-85 -2
-85 -2
-85 -2
-85 -2
-85 -2
-85 -2
-85 -2
-85 -2
-85 -2
-85 -2
-85 -2
-85 -2
-85 -2
-85 -2
-85 -2
-85 -2
-85 -2
-85 -2
-85 -2
-85 -2
-85 -2
-94 0
-94 0
-94 0
-94 0
-94 0
-94 0
-94 0
-94 0
-94 0
-94 0
-94 0
-94 0
-94 0
-94 0
-94 0
-94 0
-94 0
-94 0
-94 0
-94 0
-90 0
-90 0
-90 0
-90 0
-90 0
-90 0
-90 0
-90 0
-90 0
-90 0
-90 0
-90 0
-90 0
-90 0
-90 0
-90 0
-90 0
-90 0
-90 0
-90 0
-90 0
-90 0
-90 0
-90 0
-90 0
-90 0
-90 0
-90 0
-90 0
-90 0
-90 0
-90 0
-90 0
-90 0
-90 0
-90 0
-90 0
-90 0
-90 0
-90 0
-90 0
-90 0
-85 -1
-85 -1
-85 -1
-85 -1
-85 -1
-85 -1
-85 -1
-85 -1
-85 -1
-85 -1
-85 -1
-85 -1
-85 -1
-85 -1
-85 -1
-85 -1
-85 -1
-85 -1
-85 -1
-85 -1
-85 -1
-85 -1
-79 0
-79 0
-79 0
-79 0
-79 0
-79 0
-79 0
-79 0
-79 0
-79 0
-79 0
-79 0
-79 0
-79 0
-79 0
-79 0
-79 0
-79 0
-79 0
-79 0
-79 0
-94 5
-94 5
-94 5
-94 5
-94 5
-94 5
-94 5
-94 5
-94 5
-94 5
-94 5
-94 5
-94 5
-94 5
-94 5
-94 5
-94 5
-94 5
-94 5
-94 5
-94 5
-91 9
-91 9
-91 9
-91 9
-91 9
-91 9
-91 9
-91 9
-91 9
-91 9
-91 9
-91 9
-91 9
-91 9
-91 9
-91 9
-91 9
-91 9
-91 9
-91 9
-91 9
-91 9
-91 9
-91 9
-91 9
-91 9
-91 9
-91 9
-91 9
-91 9
-91 9
-91 9
-91 9
-91 9
-91 9
-91 9
-91 9
-91 9
-91 9
-91 9
-91 9
-91 9
-91 9
-91 9
-91 9
-91 9
-91 9
-91 9
-101 5
-101 5
-101 5
-101 5
-101 5
-101 5
-101 5
-101 5
-101 5
-101 5
-101 5
-101 5
-101 5
-101 5
-101 5
-101 5
-101 5
-101 5
-101 5
-101 5
-101 5
-101 5
-101 5
-101 5
-101 5
-101 5
-101 5
-101 5
-101 5
-101 5
-101 5
-101 5
-101 5
-101 5
-101 5
-101 5
-101 5
-101 5
-101 5
-101 5
-101 5
-102 10
-102 10
-102 10
-102 10
-102 10
-102 10
-102 10
-102 10
-102 10
-102 10
-102 10
-102 10
-102 10
-102 10
-102 10
-102 10
-102 10
-102 10
-102 10
-102 10
-102 10
-102 10
-102 10
-102 10
-102 10
-102 10
-102 10
-102 10
-102 10
-102 10
-102 10
-102 10
-102 10
-102 10
-102 10
-102 10
-102 10
-102 10
-94 19
-94 19
-94 19
-94 19
-94 19
-94 19
-94 19
-94 19
-94 19
-94 19
-94 19
-94 19
-94 19
-94 19
-94 19
-94 19
-94 19
-94 19
-94 19
-94 19
-94 19
-94 19
-94 19
-92 13
-92 13
-92 13
-92 13
-92 13
-92 13
-92 13
-92 13
-92 13
-92 13
-92 13
-92 13
-92 13
-92 13
-92 13
-92 13
-92 13
-92 13
-92 13
-92 13
-92 13
-92 13
-92 13
-92 13
-92 13
-92 13
-92 13
-92 13
-92 13
-92 13
-92 13
-92 13
-92 13
-92 13
-92 13
-92 13
-92 13
-92 13
-92 13
-92 13
-92 13
-92 13
-92 13
-92 13
-92 13
-84 22
-84 22
-84 22
-84 22
-84 22
-84 22
-84 22
-84 22
-84 22
-84 22
-84 22
-84 22
-84 22
-84 22
-84 22
-84 22
-84 22
-84 22
-84 22
-84 22
-92 20
-92 20
-92 20
-92 20
-92 20
-92 20
-92 20
-92 20
-92 20
-92 20
-92 20
-92 20
-92 20
-92 20
-92 20
-92 20
-92 20
-92 20
-92 20
-92 20
-92 20
-92 20
-92 20
-92 20
-92 20
-92 20
-92 20
-92 20
-92 20
-92 20
-92 20
-92 20
-92 20
-92 20
-92 20
-92 20
-92 20
-92 20
-87 25
-87 25
-87 25
-87 25
-87 25
-87 25
-87 25
-87 25
-87 25
-87 25
-87 25
-87 25
-87 25
-87 25
-87 25
-87 25
-87 25
-87 25
-87 25
-87 25
-87 25
-87 25
-87 25
-96 34
-96 34
-96 34
-96 34
-96 34
-96 34
-96 34
-96 34
-96 34
-96 34
-96 34
-96 34
-96 34
-96 34
-96 34
-96 34
-96 34
-96 34
-96 34
-96 34
-96 34
-96 34
-96 34
-96 34
-96 34
-80 26
-80 26
-80 26
-80 26
-80 26
-80 26
-80 26
-80 26
-80 26
-80 26
-80 26
-80 26
-80 26
-80 26
-80 26
-80 26
-80 26
-80 26
-80 26
-80 26
-80 26
-80 26
-80 26
-80 26
-80 26
-80 26
-80 26
-80 26
-80 26
-80 26
-80 26
-80 26
-80 26
-80 26
-80 26
-80 26
-80 26
-80 26
-80 26
-80 26
-80 26
-80 26
-80 26
-80 26
-80 26
-80 26
-80 26
-80 26
-80 26
-80 26
-80 26
-86 28
-86 28
-86 28
-86 28
-86 28
-86 28
-86 28
-86 28
-86 28
-86 28
-86 28
-86 28
-86 28
-86 28
-86 28
-86 28
-86 28
-86 28
-86 28
-86 28
-86 28
-86 28
-89 45
-89 45
-89 45
-89 45
-89 45
-89 45
-89 45
-89 45
-89 45
-89 45
-89 45
-89 45
-89 45
-89 45
-89 45
-89 45
-89 45
-89 45
-89 45
-89 45
-89 45
-89 45
-89 45
-89 45
-89 45
-89 45
-89 45
-89 45
-89 45
-89 45
-89 45
-89 45
-89 45
-89 45
-89 45
-89 45
-89 45
-89 45
-89 45
-89 45
-89 45
-89 45
-89 45
-89 45
-89 45
-89 45
-89 45
-89 45
-89 45
-95 51
-95 51
-95 51
-95 51
-95 51
-95 51
-95 51
-95 51
-95 51
-95 51
-95 51
-95 51
-95 51
-95 51
-95 51
-95 51
-95 51
-95 51
-95 51
-95 51
-95 51
-95 51
-95 51
-95 51
-95 51
-95 51
-95 51
-95 51
-95 51
-95 51
-95 51
-95 51
-95 51
-95 51
-95 51
-95 51
-95 51
-95 51
-95 51
-95 51
-95 51
-95 51
-95 51
-95 51
-95 51
-95 51
-87 55
-87 55
-87 55
-87 55
-87 55
-87 55
-87 55
-87 55
-87 55
-87 55
-87 55
-87 55
-87 55
-87 55
-87 55
-87 55
-87 55
-87 55
-87 55
-87 55
-87 55
-87 55
-87 55
-87 55
-87 55
-87 55
-87 55
-87 55
-87 55
-87 55
-87 55
-87 55
-87 55
-87 55
-87 55
-87 55
-87 55
-87 55
-87 55
-87 55
-87 55
-87 55
-87 58
-87 58
-87 58
-87 58
-87 58
-87 58
-87 58
-87 58
-87 58
-87 58
-87 58
-87 58
-87 58
-87 58
-87 58
-87 58
-87 58
-87 58
-57 58
-57 58
-57 58
-57 58
-57 58
-57 58
-57 58
-57 58
-57 58
-57 58
-57 58
-57 58
-57 58
-57 58
-57 58
-57 58
-57 58
-57 58
-57 58
-57 58
-57 58
-57 58
-65 78
-65 78
-65 78
-65 78
-65 78
-65 78
-65 78
-65 78
-65 78
-65 78
-65 78
-65 78
-65 78
-65 78
-65 78
-65 78
-65 78
-65 78
-65 78
-65 78
-65 78
-65 78
-65 78
-65 78
-65 78
-65 78
-65 78
-65 78
-65 78
-65 78
-65 78
-65 78
-65 78
-65 78
-65 78
-65 78
-65 78
-65 78
-65 78
-65 78
-65 78
-65 78
-65 78
-65 78
-51 72
-51 72
-51 72
-51 72
-51 72
-51 72
-51 72
-51 72
-51 72
-51 72
-51 72
-51 72
-51 72
-51 72
-51 72
-51 72
-51 72
-51 72
-51 72
-51 72
-51 72
-51 72
-51 72
-51 72
-51 72
-51 72
-51 72
-51 72
-51 72
-51 72
-51 72
-51 72
-51 72
-51 72
-51 72
-51 72
-51 72
-51 72
-51 72
-51 72
-51 72
-51 72
-51 72
-51 72
-51 72
-51 82
-51 82
-51 82
-51 82
-51 82
-51 82
-51 82
-51 82
-51 82
-51 82
-51 82
-51 82
-51 82
-51 82
-51 82
-51 82
-51 82
-51 82
-51 82
-51 82
-51 82
-51 82
-43 88
-43 88
-43 88
-43 88
-43 88
-43 88
-43 88
-43 88
-43 88
-43 88
-43 88
-43 88
-43 88
-43 88
-43 88
-43 88
-43 88
-43 88
-43 88
-43 88
-43 88
-43 88
-43 88
-39 81
-39 81
-39 81
-39 81
-39 81
-39 81
-39 81
-39 81
-39 81
-39 81
-39 81
-39 81
-39 81
-39 81
-39 81
-39 81
-39 81
-39 81
-39 81
-39 81
-39 81
-39 81
-39 81
-39 81
-39 81
-39 81
-39 81
-39 81
-39 81
-39 81
-39 81
-39 81
-39 81
-39 81
-39 81
-39 81
-39 81
-39 81
-39 81
-39 81
-39 81
-39 81
-39 81
-39 81
-39 81
-39 81
-39 81
-39 81
-39 81
-39 81
-39 81
-39 81
-39 81
-39 81
-39 81
-39 81
-39 81
-39 81
-39 81
-39 81
-39 81
-39 81
-39 81
-39 81
-39 81
-39 81
-26 93
-21 93
-21 93
-21 93
-21 93
-21 93
-21 93
-21 93
-21 93
-21 93
-21 93
-21 93
-21 93
-21 93
-21 93
-21 93
-21 93
-21 93
-21 93
-21 93
-21 93
-21 93
-21 93
-21 93
-21 93
-21 93
-21 93
-21 93
-21 93
-21 93
-21 93
-21 93
-21 93
-21 93
-21 93
-21 93
-21 93
-21 93
-21 93
-21 93
-21 93
-21 93
-21 93
-18 94
-11 96
-11 96
-11 96
-11 96
-11 96
-11 96
-11 96
-11 96
-11 96
-11 96
-11 96
-11 96
-11 96
-11 96
-11 96
-11 96
-11 96
-11 96
-11 96
-11 96
-11 96
-11 96
-11 96
-11 96
-11 96
-11 96
-11 96
-11 96
-11 96
-11 96
-11 96
-11 96
-11 96
-11 96
-11 96
-11 96
-11 96
-11 96
-11 96
-11 96
-11 96
-11 96
-11 96
-11 96
-11 96
-11 96
-11 96
-11 96
-11 96
-11 96
-11 96
-11 96
-11 96
-11 96
-11 96
-11 96
-11 96
-11 96
-11 96
-11 96
-11 96
-11 96
-11 96
-11 96
-11 96
-11 96
-11 96
-11 96
-5 93
-2 102
-2 102
-2 102
-2 102
-2 102
-2 102
-2 102
-2 102
-2 102
-2 102
-2 102
-2 102
-2 102
-2 102
-2 102
-2 102
-2 102
-2 102
-2 102
-2 102
-2 102
-2 102
-2 102
-2 102
-2 102
-2 102
-2 102
-2 102
-2 102
-2 102
-2 102
-2 102
-2 102
-2 102
-2 102
-2 102
-2 102
-2 102
-2 102
-2 102
-2 102
-2 102
-2 102
-2 102
-2 102
-2 102
-2 102
0 107
0 107
0 107
0 107
0 107
0 107
0 107
0 107
0 107
0 107
0 107
0 107
0 107
0 107
0 107
0 107
0 107
0 107
-4 99
-4 99
-4 99
-4 99
-4 99
-4 99
-4 99
-4 99
-4 99
-4 99
-4 99
-4 99
-4 99
-4 99
-4 99
-4 99
-4 99
-4 99
-4 99
-4 99
-4 99
-4 99
-4 99
-4 99
-4 99
-4 99
-4 99
-4 99
-4 99
-4 99
-4 99
-4 99
-4 99
-4 99
-4 99
-4 99
-4 99
-4 99
-4 99
-4 99
-4 99
-4 99
9 103
9 103
9 103
9 103
9 103
9 103
9 103
9 103
9 103
9 103
9 103
9 103
9 103
9 103
9 103
9 103
9 103
9 103
9 103
9 103
9 103
9 103
9 103
9 103
9 103
9 103
9 103
9 103
9 103
9 103
9 103
9 103
9 103
9 103
9 103
9 93
33 103
33 103
33 103
33 103
33 103
33 103
33 103
33 103
33 103
33 103
33 103
33 103
33 103
33 103
33 103
33 103
33 103
33 103
33 103
33 103
33 103
33 103
33 103
33 103
33 103
33 103
33 103
33 103
33 103
34 95
34 95
34 95
34 95
34 95
34 95
34 95
34 95
34 95
34 95
34 95
34 95
34 95
34 95
34 95
34 95
34 95
34 95
34 95
34 95
34 95
34 95
34 95
34 95
34 95
34 95
34 95
34 95
34 95
34 95
34 95
34 95
34 95
34 95
34 95
34 95
34 95
34 95
34 95
34 95
34 95
34 95
34 95
34 95
34 95
34 95
34 95
34 95
34 95
34 95
34 95
34 95
34 95
34 95
34 95
34 95
34 95
60 95
64 89
64 89
64 89
64 89
64 89
64 89
64 89
64 89
64 89
64 89
64 89
64 89
64 89
64 89
64 89
64 89
64 89
75 91
75 91
75 91
75 91
75 91
75 91
75 91
75 91
75 91
75 91
75 91
75 91
75 91
75 91
75 91
75 91
75 91
75 91
75 91
75 91
75 91
75 91
75 91
75 91
75 91
75 91
75 91
75 91
75 91
75 91
75 91
75 91
75 91
75 91
75 91
75 91
75 91
75 91
75 91
81 82
81 82
81 82
81 82
81 82
81 82
81 82
81 82
81 82
81 82
81 82
81 82
81 82
81 82
81 82
81 82
81 82
81 82
81 82
81 82
95 92
95 92
95 92
95 92
95 92
95 92
95 92
95 92
95 92
95 92
95 92
95 92
95 92
95 92
95 92
95 92
95 92
95 92
95 92
100 78
100 78
100 78
100 78
100 78
100 78
100 78
100 78
100 78
100 78
100 78
100 78
100 78
100 78
100 78
105 71
105 71
105 71
105 71
105 71
105 71
105 71
105 71
105 71
105 71
105 71
105 71
105 71
105 71
105 71
105 71
105 71
105 71
105 71
105 71
105 71
105 71
105 71
105 71
105 71
105 71
105 71
105 71
105 71
105 71
105 71
105 71
105 71
105 71
105 71
113 66
113 66
113 66
113 66
113 66
113 66
113 66
113 66
113 66
113 66
113 66
113 66
113 66
113 66
113 66
113 66
113 66
113 66
113 66
113 66
113 66
113 66
113 66
113 66
113 66
113 66
113 66
113 66
113 66
127 61
127 61
127 61
136 53
136 53
136 53
136 53
136 53
136 53
136 53
136 53
136 53
136 53
136 53
136 53
136 53
136 53
136 53
136 53
136 53
136 53
136 53
136 53
136 53
136 53
136 53
136 53
136 53
136 53
136 53
136 53
136 53
136 53
136 53
136 53
136 53
142 41
142 41
142 41
142 41
142 41
142 41
142 41
142 41
142 41
142 41
142 41
142 41
142 41
142 41
142 41
142 41
142 41
141 46
141 46
141 46
141 46
141 46
141 46
141 46
141 46
141 46
141 46
141 46
141 46
141 46
141 46
141 46
141 46
141 46
141 46
141 46
141 46
141 46
141 46
141 46
141 46
141 46
141 46
141 46
141 46
141 46
141 46
141 46
141 46
141 46
141 46
141 46
141 46
141 46
141 46
141 46
141 46
141 46
141 46
141 46
141 46
141 46
141 46
141 46
141 46
141 46
141 46
141 46
141 46
141 46
141 46
141 46
160 24
160 24
160 24
160 24
160 24
160 24
160 24
160 24
160 24
160 24
160 24
160 24
160 24
160 24
160 24
160 24
160 24
160 24
160 24
160 24
160 24
160 24
160 24
160 24
160 24
160 24
160 24
160 24
160 24
160 24
160 24
160 24
160 24
160 24
160 24
160 24
153 19
153 19
153 19
153 19
153 19
153 19
153 19
153 19
153 19
153 19
153 19
153 19
153 19
153 19
153 19
153 19
153 19
153 19
153 19
153 19
155 13
155 13
155 13
155 13
155 13
155 13
155 13
155 13
155 13
155 13
155 13
155 13
155 13
155 13
155 13
155 13
155 13
155 13
155 13
155 13
146 4
146 4
146 4
146 4
146 4
146 4
146 4
146 4
146 4
146 4
146 4
146 4
146 4
146 4
146 4
146 4
146 4
146 4
146 4
146 4
146 4
146 4
146 4
146 4
146 4
146 4
146 4
146 4
146 4
146 4
146 4
146 4
146 4
146 4
146 4
146 4
146 4
146 4
146 4
146 4
142 2
142 2
142 2
142 2
142 2
142 2
142 2
142 2
142 2
142 2
142 2
142 2
142 2
142 2
142 2
142 2
142 2
142 2
142 2
133 -12
133 -12
133 -12
133 -12
133 -12
133 -12
133 -12
133 -12
133 -12
133 -12
133 -12
133 -12
133 -12
133 -12
133 -12
133 -12
133 -12
133 -12
133 -12
133 -12
133 -12
133 -12
133 -12
133 -12
133 -12
133 -12
133 -12
133 -12
133 -12
133 -12
133 -12
133 -12
133 -12
133 -12
133 -12
133 -12
133 -12
123 -25
123 -25
123 -25
123 -25
123 -25
123 -25
123 -25
123 -25
123 -25
123 -25
123 -25
123 -25
123 -25
123 -25
123 -25
123 -25
123 -25
123 -25
123 -25
123 -25
123 -25
123 -25
123 -25
123 -25
123 -25
123 -25
123 -25
123 -25
123 -25
123 -25
123 -25
123 -25
123 -25
123 -25
123 -25
123 -25
111 -33
111 -33
103 -36
103 -36
103 -36
103 -36
103 -36
103 -36
103 -36
103 -36
103 -36
103 -36
103 -36
103 -36
103 -36
103 -36
103 -36
103 -36
103 -36
103 -36
103 -36
103 -36
103 -36
103 -36
103 -36
103 -36
103 -36
103 -36
103 -36
103 -36
103 -36
103 -36
103 -36
103 -36
103 -36
103 -36
84 -49
84 -49
84 -49
84 -49
84 -49
84 -49
84 -49
84 -49
84 -49
84 -49
84 -49
84 -49
84 -49
84 -49
84 -49
84 -49
84 -49
84 -49
84 -49
77 -54
77 -54
77 -54
77 -54
77 -54
77 -54
77 -54
77 -54
77 -54
77 -54
77 -54
77 -54
77 -54
77 -54
77 -54
77 -54
77 -54
77 -54
77 -54
77 -54
77 -54
74 -63
74 -63
74 -63
74 -63
74 -63
74 -63
74 -63
74 -63
74 -63
74 -63
74 -63
74 -63
74 -63
74 -63
74 -63
74 -63
74 -63
74 -63
74 -63
74 -63
74 -63
74 -63
74 -63
74 -63
74 -63
74 -63
74 -63
74 -63
74 -63
74 -63
74 -63
74 -63
74 -63
74 -63
74 -63
74 -63
74 -63
74 -63
74 -63
74 -63
59 -71
59 -71
59 -71
59 -71
59 -71
59 -71
59 -71
59 -71
59 -71
59 -71
59 -71
59 -71
59 -71
59 -71
59 -71
59 -71
59 -71
59 -71
59 -71
59 -71
59 -71
59 -71
59 -71
59 -71
59 -71
59 -71
59 -71
59 -71
59 -71
59 -71
59 -71
59 -71
59 -71
59 -71
59 -71
61 -72
49 -71
49 -71
49 -71
49 -71
49 -71
49 -71
49 -71
49 -71
49 -71
49 -71
49 -71
49 -71
49 -71
49 -71
49 -71
49 -71
49 -71
49 -71
49 -71
49 -71
49 -71
49 -71
49 -71
49 -71
49 -71
49 -71
49 -71
49 -71
49 -71
49 -71
49 -71
49 -71
49 -71
49 -71
49 -71
49 -71
49 -71
49 -71
45 -75
45 -75
45 -75
45 -75
45 -75
45 -75
45 -75
45 -75
45 -75
45 -75
45 -75
45 -75
45 -75
45 -75
45 -75
45 -75
45 -75
45 -75
45 -75
45 -75
45 -75
45 -75
45 -75
45 -75
45 -75
45 -75
45 -75
45 -75
45 -75
45 -75
45 -75
45 -75
45 -75
45 -75
45 -75
45 -75
45 -75
45 -75
45 -75
45 -75
45 -75
45 -75
45 -75
45 -75
45 -75
45 -75
45 -75
45 -75
45 -75
45 -75
45 -75
45 -75
34 -76
34 -76
34 -76
34 -76
34 -76
34 -76
34 -76
34 -76
34 -76
34 -76
34 -76
34 -76
34 -76
34 -76
34 -76
34 -76
34 -76
34 -76
34 -76
34 -76
34 -76
34 -76
34 -76
34 -76
34 -76
34 -76
34 -76
34 -76
34 -76
34 -76
34 -76
34 -76
34 -76
34 -76
34 -76
25 -60
15 -61
15 -61
15 -61
15 -61
15 -61
15 -61
15 -61
15 -61
15 -61
15 -61
15 -61
15 -61
15 -61
15 -61
15 -61
15 -61
15 -61
15 -61
15 -61
15 -61
15 -61
15 -61
15 -61
15 -61
15 -61
15 -61
15 -61
15 -61
15 -61
15 -61
15 -61
15 -61
15 -61
15 -61
15 -61
13 -48
13 -48
13 -48
13 -48
13 -48
13 -48
13 -48
13 -48
13 -48
13 -48
13 -48
13 -48
13 -48
13 -48
13 -48
13 -48
13 -48
8 -39
8 -39
8 -39
8 -39
8 -39
8 -39
8 -39
8 -39
8 -39
8 -39
8 -39
8 -39
8 -39
8 -39
8 -39
8 -39
8 -39
8 -39
8 -39
8 -39
8 -39
8 -39
8 -39
8 -39
8 -39
8 -39
8 -39
8 -39
8 -39
8 -39
8 -39
8 -39
8 -39
8 -39
8 -39
8 -39
8 -39
8 -39
8 -39
8 -39
8 -39
8 -39
8 -39
8 -39
8 -39
8 -39
8 -39
8 -39
8 -39
8 -39
5 -27
5 -27
5 -27
5 -27
5 -27
5 -27
5 -27
5 -27
5 -27
5 -27
5 -27
5 -27
5 -27
5 -27
5 -27
5 -27
5 -27
5 -27
5 -27
5 -27
5 -27
5 -27
5 -27
5 -27
5 -27
5 -27
5 -27
5 -27
5 -27
5 -27
5 -27
5 -27
5 -27
5 -27
5 -27
1 -20
1 -20
1 -20
1 -20
1 -20
1 -20
1 -20
1 -20
1 -20
1 -20
1 -20
1 -20
1 -20
1 -20
1 -20
1 -20
1 -20
1 -20
1 -20
1 -20
1 -20
1 -20
1 -20
1 -20
1 -20
1 -20
1 -20
1 -20
1 -20
1 -20
1 -20
1 -20
1 -20
1 -20
1 -20
1 -20
1 -20
1 -20
0 -15
-1 -9
-1 -9
-1 -9
-1 -9
-1 -9
-1 -9
-1 -9
-1 -9
-1 -9
-1 -9
-1 -9
-1 -9
-1 -9
-1 -9
-1 -9
-1 -9
-1 -9
0 -12
0 -12
0 -12
0 -12
0 -12
0 -12
0 -12
0 -12
0 -12
0 -12
0 -12
0 -12
0 -12
0 -12
0 -12
0 -12
0 -12
0 -12
0 -12
0 -12
0 -12
0 -12
0 -12
0 -12
0 -12
0 -12
0 -12
0 -12
0 -12
0 -12
0 -12
0 -12
0 -12
0 -12
0 -12
0 -11
0 -11
0 -11
0 -11
0 -11
0 -11
0 -11
0 -11
0 -11
0 -11
0 -11
0 -11
0 -11
0 -11
0 -11
0 -11
0 -11
0 -11
0 -11
0 -11
0 -11
0 -11
0 -11
0 -11
0 -11
0 -11
0 -11
0 -11
0 -11
0 -11
0 -11
0 -11
0 -11
0 -11
0 -11
0 -11
0 -11
0 -11
0 -6
0 -6
0 -6
0 -6
0 -6
0 -6
0 -6
0 -6
0 -6
0 -6
0 -6
0 -6
0 -6
0 -6
0 -6
0 -6
0 -6
0 -6
0 -6
0 -6
0 -6
0 -6
0 -6
0 -6
0 -6
0 -6
0 -6
0 -6
0 -6
0 -6
0 -6
-1 -7
-1 -7
-1 -7
-1 -7
-1 -7
-1 -7
-1 -7
-1 -7
-1 -7
-1 -7
-1 -7
-1 -7
-1 -7
-1 -7
-1 -7
-1 -7
-1 -7
-1 -7
-1 -7
-1 -7
-1 -7
-1 -7
-1 -7
-1 -7
-1 -7
-1 -7
-1 -7
-1 -7
-1 -7
-1 -7
-1 -7
-1 -7
-1 -7
-1 -7
-1 -7
0 -5
0 -5
0 -5
0 -5
0 -5
0 -5
0 -5
0 -5
0 -5
0 -5
0 -5
0 -5
0 -5
0 -5
0 -5
0 -5
0 -5
0 -5
0 -5
0 -5
0 -5
0 -2
0 -2
0 -2
0 -2
0 -2
0 -2
0 -2
0 -2
0 -2
0 -2
0 -2
0 -2
0 -2
0 -2
0 -2
0 -2
0 -2
0 -2
0 -2
-1 0
-1 0
-1 0
-1 0
-1 0
-1 0
-1 0
-1 0
-1 0
-1 0
-1 0
-1 0
-1 0
-1 0
-1 0
-1 0
-1 0
-1 0
-1 0
-1 0
-1 0
-1 0
-1 0
-1 0
-1 0
-1 0
-1 0
-1 0
-1 0
-1 0
-1 0
-1 0
-1 0
-1 0
-1 0
-1 0
-1 0
-1 0
-1 0
-1 0
-1 0
-1 0
-1 0
-1 0
-1 0
-1 0
-1 0
-1 0
-1 0
-1 0
-1 0
-1 0
-1 0
-1 0
-1 0
-1 0
-1 0
-1 0
-1 0
-1 0
-1 0
-1 0
-1 0
-1 0
-1 0
-1 0
-1 0
-1 0
-1 0
-1 0
-1 0
-1 0
-1 0
-1 0
-1 0
-1 0
-1 0
-1 0
-1 0
-1 0
-1 0
-1 0
-1 0
-1 0
-1 0
-1 0
-1 0
-1 0
-1 0
-1 0
-1 0
-1 0
-1 0
-1 0
-1 0
-1 0
-1 0
-1 0
-1 0
-1 0
-1 0
-1 0
-1 0
-1 0
-1 0
-1 0
-1 0
-1 0
-1 0
-1 0
-1 0
-1 0
-1 0
-1 0
-1 0
-1 0
-1 0
-1 0
-1 0
-1 0
-1 0
-1 0
-1 0
-1 0
-1 0
-1 0
-1 0
-1 0
-1 0
-1 0
-1 0
-1 0
-1 0
-1 0
-1 0
-1 0
-1 0
-1 0
-1 0
-1 0
-1 0
-1 0
-1 0
-1 0
-1 0
-1 0
-1 0
-1 0
-1 0
-1 0
-1 0
-1 0
-1 0
-1 0
-1 0
-1 0
-1 0
-1 0
-1 0
-1 0
-1 0
-1 0
-1 0
-1 0
-1 0
-1 0
-1 0
-1 0
-1 0
-1 0
-1 0
-1 0
-1 0
-1 0
-1 0
-1 0
-1 0
-1 0
-1 0
-1 0
-1 0
-1 0
-1 0
-1 0
-1 0
-1 0
-1 0
-1 0
-1 0
-1 0
-1 0
-1 0
-1 0
-1 0
-1 0
-1 0
-1 0
-1 0
-1 0
-1 0
-1 0
-1 0
-1 0
-1 0
-1 0
-1 0
-1 0
-1 0
-1 0
-1 0
-1 0
-1 0
-1 0
-1 0
-1 0
-1 0
-1 0
-1 0
-1 0
-1 0
-1 0
-1 0
-1 0
-1 0
-1 0
-1 0
-1 0
-1 0
-1 0
-1 0
-1 0
-1 0
-1 0
-1 0
-1 0
-1 0
-1 0
-1 0
-1 0
-1 0
-1 0
-1 0
-1 0
-1 0
-1 0
-1 0
-1 0
-1 0
-1 0
-1 0
-1 0
-1 0
-1 0
-1 0
-1 0
-1 0
-1 0
-1 0
-1 0
-1 0
-1 0
-1 0
-1 0
-1 0
-1 0
-1 0
-1 0
-1 0
-1 0
-1 0
-1 0
-1 0
-1 0
-1 0
-1 0
-1 0
-1 0
-1 0
-1 0
-1 0
-1 0
-1 0
-1 0
-1 0
-1 0
-1 0
-1 0
-1 0
-1 0
-1 0
-1 0
-1 0
-1 0
-1 0
-1 0
-1 0
-1 0
-1 0
-1 0
-1 0
-1 0
-1 0
-1 0
-1 0
-1 0
-1 0
-1 0
-1 0
-1 0
-1 0
-1 0
-1 0
-1 0
-1 0
-1 0
-1 0
-1 0
-1 0
-1 0
-1 0
-1 0
-1 0
-1 0
-1 0
-1 0
-1 0
-1 0
-1 0
-1 0
-1 0
-1 0
-1 0
-1 0
-1 0
-1 0
-1 0
-1 0
-1 0
-1 0
-1 0
-1 0
-1 0
-1 0
-1 0
-1 0
-1 0
-1 0
-1 0
-1 0
-1 0
-1 0
-1 0
-1 0
-1 0
-1 0
-1 0
-1 0
-1 0
-1 0
-1 0
-1 0
-1 0
-1 0
-1 0
-1 0
-1 0
-1 0
-1 0
-1 0
-1 0
-1 0
-1 0
-1 0
-1 0
-1 0
-1 0
-1 0
-1 0
-1 0
-1 0
-1 0
-1 0
-1 0
-1 0
-1 0
-1 0
-1 0
-1 0
-1 0
-1 0
-1 0
-1 0
-1 0
-1 0
-1 0
-1 0
-1 0
-1 0
-1 0
-1 0
-1 0
-1 0
-1 0
-1 0
-1 0
-1 0
-1 0
-1 0
-1 0
-1 0
-1 0
-1 0
-1 0
-1 0
-1 0
-1 0
-1 0
-1 0
-1 0
-1 0
-1 0
-1 0
-1 0
-1 0
-1 0
-1 0
-1 0
-1 0
-1 0
-1 0
-1 0
-1 0
-1 0
-1 0
-1 0
-1 0
-1 0
-1 0
-1 0
-1 0
-1 0
-1 0
-1 0
-1 0
-1 0
-1 0
-1 0
-1 0
-1 0
-1 0
-1 0
-1 0
-1 0
-1 0
-1 0
-1 0
-1 0
-1 0
-1 0
-1 0
-1 0
-1 0
-1 0
-1 0
-1 0
-1 0
-1 0
-1 0
-1 0
-1 0
-1 0
-1 0
-1 0
-1 0
-1 0
-1 0
-1 0
-1 0
-1 0
-1 0
-1 0
-1 0
-1 0
-1 0
-1 0
-1 0
-1 0
-1 0
-1 0
-1 0
-1 0
-1 0
-1 0
-1 0
-1 0
-1 0
-1 0
-1 0
-1 0
-1 0
-1 0
-1 0
-1 0
-1 0
-1 0
-1 0
-1 0
-1 0
-1 0
-1 0
-1 0
-1 0
-1 0
-1 0
-1 0
-1 0
-1 0
-1 0
-1 0
-1 0
-1 0
-1 0
-1 0
-1 0
-1 0
-1 0
-1 0
-1 0
-1 0
-1 0
-1 0
-1 0
-1 0
-1 0
-1 0
-1 0
-1 0
-1 0
-1 0
-1 0
-1 0
-1 0
-1 0
-1 0
-1 0
-1 0
-1 0
-1 0
-1 0
-1 0
-1 0
-1 0
-1 0
-1 0
-1 0
-1 0
-1 0
-1 0
-1 0
-1 0
-1 0
-1 0
-1 0
-1 0
-1 0
-1 0
-1 0
-1 0
-1 0
-1 0
-1 0
-1 0
-1 0
-1 0
-1 0
-1 0
-1 0
-1 0
-1 0
-1 0
-1 0
-1 0
-1 0
-1 0
-1 0
-1 0
-1 0
-1 0
-1 0
-1 0
-1 0
-1 0
-1 0
-1 0
-1 0
-1 0
-1 0
-1 0
-1 0
-1 0
-1 0
-1 0
-1 0
-1 0
-1 0
-1 0
-1 0
-1 0
-1 0
-1 0
-1 0
-1 0
-1 0
-1 0
-1 0
-1 0
-1 0
-1 0
-1 0
-1 0
-1 0
-1 0
-1 0
-1 0
-1 0
-1 0
-1 0
-1 0
-1 0
-1 0
-1 0
-1 0
-1 0
-1 0
-1 0
-1 0
-1 0
-1 0
-1 0
-1 0
-1 0
-1 0
-1 0
-1 0
-1 0
-1 0
-1 0
-1 0
-1 0
-1 0
-1 0
-1 0
-1 0
-1 0
-1 0
-1 0
-1 0
-1 0
-1 0
-1 0
-1 0
-1 0
-1 0
-1 0
-1 0
-1 0
-1 0
-1 0
-1 0
-1 0
-1 0
-1 0
-1 0
-1 0
-1 0
-1 0
-1 0
-1 0
-1 0
-1 0
-1 0
-1 0
-1 0
-1 0
-1 0
-1 0
-1 0
-1 0
-1 0
-1 0
-1 0
-1 0
-1 0
-1 0
-1 0
-1 0
-1 0
-1 0
-1 0
-1 0
-1 0
-1 0
-1 0
-1 0
-1 0
-1 0
-1 0
-1 0
-1 0
-1 0
-1 0
-1 0
-1 0
-1 0
-1 0
-1 0
-1 0
-1 0
-1 0
-1 0
-1 0
-1 0
-1 0
-1 0
-1 0
-1 0
-1 0
-1 0
-1 0
-1 0
-1 0
-1 0
-1 0
-1 0
-1 0
-1 0
-1 0
-1 0
-1 0
-1 0
-1 0
-1 0
-1 0
-1 0
-1 0
-1 0
-1 0
-1 0
-1 0
-1 0
-1 0
-1 0
-1 0
-1 0
-1 0
-1 0
-1 0
-1 0
-1 0
-1 0
-1 0
-1 0
-1 0
-1 0
-1 0
-1 0
-1 0
-1 0
-1 0
-1 0
-1 0
-1 0
-1 0
-1 0
-1 0
-1 0
-1 0
-1 0
-1 0
-1 0
-1 0
-1 0
-1 0
-1 0
-1 0
-1 0
-1 0
-1 0
-1 0
-1 0
-1 0
-1 0
-1 0
-1 0
-1 0
-1 0
-1 0
-1 0
-1 0
-1 0
-1 0
-1 0
-1 0
-1 0
-1 0
-1 0
-1 0
-1 0
-1 0
-1 0
-1 0
-1 0
-1 0
-1 0
-1 0
-1 0
-1 0
-1 0
-1 0
-1 0
-1 0
-1 0
-1 0
-1 0
-1 0
-1 0
-1 0
-1 0
-1 0
-1 0
-1 0
-1 0
-1 0
-1 0
-1 0
-1 0
-1 0
-1 0
-1 0
-1 0
-1 0
-1 0
-1 0
-1 0
-1 0
-1 0
-1 0
-1 0
-1 0
-1 0
-1 0
-1 0
-1 0
-1 0
-1 0
-1 0
-1 0
-1 0
-1 0
-1 0
-1 0
-1 0
-1 0
-1 0
-1 0
-1 0
-1 0
-1 0
-1 0
-1 0
-1 0
-1 0
-1 0
-1 0
-1 0
-1 0
-1 0
-1 0
-1 0
-1 0
-1 0
-1 0
-1 0
-1 0
-1 0
-1 0
-1 0
-1 0
-1 0
-1 0
-1 0
-1 0
-1 0
-1 0
-1 0
-1 0
-1 0
-1 0
-1 0
-1 0
-1 0
-1 0
-1 0
-1 0
-1 0
-1 0
-1 0
-1 0
-1 0
-1 0
-1 0
-1 0
-1 0
-1 0
-1 0
-1 0
-1 0
-1 0
-1 0
-1 0
-1 0
-1 0
-1 0
-1 0
-1 0
-1 0
-1 0
-1 0
-1 0
-1 0
-1 0
-1 0
-1 0
-1 0
-1 0
-1 0
-1 0
-1 0
-1 0
-1 0
-1 0
-1 0
-1 0
-1 0
-1 0
-1 0
-1 0
-1 0
-1 0
-1 0
-1 0
-1 0
-1 0
-1 0
-1 0
-1 0
-1 0
-1 0
-1 0
-1 0
-1 0
-1 0
-1 0
-1 0
-1 0
-1 0
-1 0
-1 0
-1 0
-1 0
-1 0
-1 0
-1 0
-1 0
-1 0
-1 0
-1 0
-1 0
-1 0
-1 0
-1 0
-1 0
-1 0
-1 0
-1 0
-1 0
-1 0
-1 0
-1 0
-1 0
-1 0
-1 0
-1 0
-1 0
-1 0
-1 0
-1 0
-1 0
-1 0
-1 0
-1 0
-1 0
-1 0
-1 0
-1 0
-1 0
-1 0
-1 0
-1 0
-1 0
-1 0
-1 0
-1 0
-1 0
-1 0
-1 0
-1 0
-1 0
-1 0
-1 0
-1 0
-1 0
-1 0
-1 0
-1 0
-1 0
-1 0
-1 0
-1 0
-1 0
-1 0
-1 0
-1 0
-1 0
-1 0
-1 0
-1 0
-1 0
-1 0
-1 0
-1 0
-1 0
-1 0
-1 0
-1 0
-1 0
-1 0
-1 0
-1 0
-1 0
-1 0
-1 0
-1 0
-1 0
-1 0
-1 0
-1 0
-1 0
-1 0
-1 0
-1 0
-1 0
-1 0
-1 0
-1 0
-1 0
-1 0
-1 0
-1 0
-1 0
-1 0
-1 0
-1 0
-1 0
-1 0
-1 0
-1 0
-1 0
-1 0
-1 0
-1 0
-1 0
-1 0
-1 0
-1 0
-1 0
-1 0
-1 0
-1 0
-1 0
-1 0
-1 0
-1 0
-1 0
-1 0
-1 0
-1 0
-1 0
-1 0
-1 0
-1 0
-1 0
-1 0
-1 0
-1 0
-1 0
-1 0
-1 0
-1 0
-1 0
-1 0
-1 0
-1 0
-1 0
-1 0
-1 0
-1 0
-1 0
-1 0
-1 0
-1 0
-1 0
-1 0
-1 0
-1 0
-1 0
-1 0
-1 0
-1 0
-1 0
-1 0
-1 0
-1 0
-1 0
-1 0
-1 0
-1 0
-1 0
-1 0
-1 0
-1 0
-1 0
-1 0
-1 0
-1 0
-1 0
-1 0
-1 0
-1 0
-1 0
-1 0
-1 0
-1 0
-1 0
-1 0
-1 0
-1 0
-1 0
-1 0
-1 0
-1 0
-1 0
-1 0
-1 0
-1 0
-1 0
-1 0
-1 0
-1 0
-1 0
-1 0
-1 0
-1 0
-1 0
-1 0
-1 0
-1 0
-1 0
-1 0
-1 0
-1 0
-1 0
-1 0
-1 0
-1 0
-1 0
-1 0
-1 0
-1 0
-1 0
-1 0
-1 0
-1 0
-1 0
-1 0
-1 0
-1 0
-1 0
-1 0
-1 0
-1 0
-1 0
-1 0
-1 0
-1 0
-1 0
-1 0
-1 0
-1 0
-1 0
-1 0
-1 0
-1 0
-1 0
-1 0
-1 0
-1 0
-1 0
-1 0
-1 0
-1 0
-1 0
-1 0
-1 0
-1 0
-1 0
-1 0
-1 0
-1 0
-1 0
-1 0
-1 0
-1 0
-1 0
-1 0
-1 0
-1 0
-1 0
-1 0
-1 0
-1 0
-1 0
-1 0
-1 0
-1 0
-1 0
-1 0
-1 0
-1 0
-1 0
-1 0
-1 0
-1 0
-1 0
-1 0
-1 0
-1 0
-1 0
-1 0
-1 0
-1 0
-1 0
-1 0
-1 0
-1 0
-1 0
-1 0
-1 0
-1 0
-1 0
-1 0
-1 0
-1 0
-1 0
-1 0
-1 0
-1 0
-1 0
-1 0
-1 0
-1 0
-1 0
-1 0
-1 0
-1 0
-1 0
-1 0
-1 0
-1 0
-1 0
-1 0
-1 0
-1 0
-1 0
-1 0
-1 0
-1 0
-1 0
-1 0
-1 0
-1 0
-1 0
-1 0
-1 0
-1 0
-1 0
-1 0
-1 0
