-1 -8
-1 -8
-1 -8
-1 -8
-1 -8
-1 -8
-1 -8
-1 -8
-1 -8
-1 -8
-1 -8
-1 -8
-1 -8
-1 -8
-1 -8
-1 -8
-1 -8
-1 -8
-1 -8
-1 -8
-1 -8
-1 -8
-1 -8
-1 -8
-1 -8
-1 -8
-1 -8
-1 -8
-1 -8
-1 -9
-1 -9
-1 -9
-1 -9
-1 -9
-1 -9
-1 -9
-1 -9
-1 -9
-1 -9
-1 -9
-1 -9
-1 -9
-1 -9
-1 -9
-1 -9
-1 -9
-1 -9
-1 -9
-1 -9
-1 -9
-1 -9
-1 -9
-1 -9
0 -15
0 -15
0 -15
0 -15
0 -15
0 -15
0 -15
0 -15
0 -15
0 -15
0 -15
0 -15
0 -15
0 -15
0 -15
0 -15
0 -15
0 -15
0 -15
0 -15
0 -15
0 -15
0 -15
0 -15
0 -15
0 -15
0 -15
0 -15
0 -15
0 -15
0 -15
0 -15
0 -15
0 -15
0 -15
0 -15
0 -15
0 -15
0 -15
0 -15
0 -15
0 -15
0 -15
0 -15
-4 -23
-4 -23
-4 -23
-4 -23
-4 -23
-4 -23
-4 -23
-4 -23
-4 -23
-4 -23
-4 -23
-4 -23
-4 -23
-4 -23
-4 -23
-4 -23
-4 -23
-4 -23
-4 -23
-4 -23
-4 -23
-4 -23
-4 -23
-4 -23
-4 -23
-4 -23
-4 -23
-4 -23
-4 -23
-4 -23
-4 -23
-4 -23
-4 -23
-4 -23
-4 -23
-4 -23
-4 -23
-4 -23
-4 -23
-4 -23
-4 -23
-4 -23
-4 -23
-3 -44
-3 -44
-3 -44
-3 -44
-3 -44
-3 -44
-3 -44
-3 -44
-3 -44
-3 -44
-3 -44
-3 -44
-3 -44
-3 -44
-3 -44
-3 -44
-3 -44
-3 -44
-3 -44
-3 -44
-3 -44
-3 -44
-3 -44
-3 -44
-3 -44
-3 -44
-3 -44
-3 -44
-3 -44
-3 -44
-3 -44
-3 -44
-3 -44
-3 -44
-3 -44
-3 -44
-3 -44
-3 -44
-3 -44
-4 -48
-4 -48
-4 -48
-4 -48
-4 -48
-4 -48
-4 -48
-4 -48
-4 -48
-4 -48
-4 -48
-4 -48
-4 -48
-4 -48
-4 -48
-4 -48
-4 -48
-4 -48
-4 -48
-4 -48
-4 -48
-4 -48
-4 -48
-9 -57
-9 -57
-9 -57
-9 -57
-9 -57
-9 -57
-9 -57
-9 -57
-9 -57
-9 -57
-9 -57
-9 -57
-9 -57
-9 -57
-9 -57
-9 -57
-9 -57
-9 -57
-9 -57
-9 -57
-9 -57
-9 -57
-9 -57
-9 -57
-9 -57
-9 -57
-9 -57
-9 -57
-9 -57
-9 -57
-9 -57
-9 -57
-9 -57
-9 -57
-9 -57
-9 -57
-9 -57
-9 -57
-9 -57
-9 -57
-9 -57
-9 -57
-9 -57
-9 -57
-9 -57
-9 -57
-9 -57
-10 -55
-10 -55
-10 -55
-10 -55
-10 -55
-10 -55
-10 -55
-10 -55
-10 -55
-10 -55
-10 -55
-10 -55
-10 -55
-10 -55
-10 -55
-10 -55
-10 -55
-10 -55
-10 -55
-10 -55
-10 -55
-10 -55
-10 -55
-10 -55
-10 -55
-13 -62
-13 -62
-13 -62
-13 -62
-13 -62
-13 -62
-13 -62
-13 -62
-13 -62
-13 -62
-13 -62
-13 -62
-13 -62
-13 -62
-13 -62
-13 -62
-13 -62
-13 -62
-13 -62
-13 -62
-13 -62
-13 -62
-13 -62
-13 -62
-13 -62
-13 -62
-13 -62
-13 -62
-13 -62
-13 -62
-13 -62
-13 -62
-13 -62
-13 -62
-13 -62
-13 -62
-13 -62
-13 -62
-13 -62
-13 -62
-13 -62
-13 -62
-13 -62
-13 -62
-13 -62
-13 -62
-13 -62
-13 -62
-13 -62
-16 -63
-16 -63
-16 -63
-16 -63
-16 -63
-16 -63
-16 -63
-16 -63
-16 -63
-16 -63
-16 -63
-16 -63
-16 -63
-16 -63
-16 -63
-16 -63
-16 -63
-16 -63
-16 -63
-16 -63
-16 -63
-16 -63
-16 -63
-16 -63
-16 -63
-16 -63
-16 -63
-16 -63
-16 -63
-16 -63
-16 -63
-16 -63
-16 -63
-16 -63
-16 -63
-16 -63
-16 -63
-16 -63
-16 -63
-16 -63
-16 -63
-16 -63
-16 -63
-16 -63
-16 -63
-25 -69
-26 -68
-26 -68
-26 -68
-26 -68
-26 -68
-26 -68
-26 -68
-26 -68
-26 -68
-26 -68
-26 -68
-26 -68
-26 -68
-26 -68
-26 -68
-26 -68
-26 -68
-26 -68
-26 -68
-26 -68
-26 -68
-26 -68
-26 -68
-26 -68
-26 -68
-26 -68
-26 -68
-26 -68
-26 -68
-26 -68
-26 -68
-26 -68
-26 -68
-26 -68
-26 -68
-26 -68
-26 -68
-26 -68
-26 -68
-26 -68
-26 -68
-26 -68
-26 -68
-26 -68
-26 -68
-26 -68
-26 -68
-26 -68
-26 -68
-26 -68
-15 -68
-15 -68
-15 -68
-15 -68
-15 -68
-15 -68
-15 -68
-15 -68
-15 -68
-15 -68
-15 -68
-15 -68
-15 -68
-15 -68
-15 -68
-15 -68
-15 -68
-15 -68
-15 -68
-15 -68
-20 -67
-20 -67
-20 -67
-20 -67
-20 -67
-20 -67
-20 -67
-20 -67
-20 -67
-20 -67
-20 -67
-20 -67
-20 -67
-20 -67
-20 -67
-20 -67
-20 -67
-20 -67
-20 -67
-20 -67
-20 -67
-20 -67
-20 -67
-20 -67
-20 -67
-20 -67
-20 -67
-20 -67
-20 -67
-20 -67
-20 -67
-20 -67
-20 -67
-20 -67
-20 -67
-20 -67
-20 -67
-20 -67
-20 -67
-20 -67
-20 -67
-20 -67
-20 -67
-20 -67
-20 -67
-20 -67
-20 -67
-20 -67
-20 -67
-20 -67
-20 -67
-20 -67
-22 -58
-22 -58
-22 -58
-22 -58
-22 -58
-22 -58
-22 -58
-22 -58
-22 -58
-22 -58
-22 -58
-22 -58
-22 -58
-22 -58
-22 -58
-22 -58
-22 -58
-22 -58
-22 -58
-22 -58
-22 -58
-22 -58
-22 -58
-22 -58
-22 -58
-22 -62
-22 -62
-22 -62
-22 -62
-22 -62
-22 -62
-22 -62
-22 -62
-22 -62
-22 -62
-22 -62
-22 -62
-22 -62
-22 -62
-22 -62
-22 -62
-22 -62
-22 -62
-22 -62
-22 -62
-22 -62
-22 -62
-22 -62
-22 -62
-22 -62
-22 -62
-22 -62
-22 -62
-22 -62
-22 -62
-22 -62
-22 -62
-22 -62
-22 -62
-22 -62
-22 -62
-22 -62
-22 -62
-22 -62
-22 -62
-22 -62
-22 -62
-20 -61
-20 -61
-20 -61
-20 -61
-20 -61
-20 -61
-20 -61
-20 -61
-20 -61
-20 -61
-20 -61
-20 -61
-20 -61
-20 -61
-20 -61
-20 -61
-20 -61
-20 -61
-20 -61
-20 -61
-20 -61
-20 -61
-20 -61
-20 -61
-20 -61
-20 -61
-20 -61
-20 -61
-20 -61
-20 -61
-20 -61
-20 -61
-20 -61
-20 -61
-20 -61
-20 -61
-20 -61
-20 -61
-20 -61
-20 -61
-20 -61
-20 -61
-20 -61
-20 -61
-20 -61
-20 -61
-20 -61
-20 -61
-20 -61
-20 -61
-20 -61
-20 -61
-20 -61
-20 -61
-20 -61
-20 -61
-20 -61
-20 -61
-20 -61
-20 -61
-20 -61
-20 -61
-20 -61
-20 -61
-20 -61
-20 -61
-20 -61
-20 -61
-20 -61
-20 -61
-21 -61
-20 -65
-25 -70
-25 -70
-25 -70
-25 -70
-25 -70
-25 -70
-25 -70
-25 -70
-25 -70
-25 -70
-25 -70
-25 -70
-25 -70
-25 -70
-25 -70
-25 -70
-25 -70
-25 -70
-25 -70
-25 -70
-25 -70
-25 -70
-25 -70
-25 -70
-25 -70
-25 -70
-25 -70
-25 -70
-25 -70
-25 -70
-25 -70
-25 -70
-25 -70
-25 -70
-25 -70
-25 -70
-25 -70
-25 -70
-25 -70
-25 -70
-25 -70
-25 -70
-25 -70
-25 -70
-25 -70
-25 -70
-21 -65
-21 -65
-21 -65
-21 -65
-21 -65
-21 -65
-21 -65
-21 -65
-21 -65
-21 -65
-21 -65
-21 -65
-21 -65
-21 -65
-21 -65
-21 -65
-21 -65
-21 -65
-21 -65
-21 -65
-21 -65
-21 -65
-21 -65
-21 -65
-21 -65
-21 -65
-21 -65
-21 -65
-21 -65
-21 -65
-21 -65
-21 -65
-21 -65
-21 -65
-21 -65
-21 -65
-21 -65
-21 -65
-21 -65
-21 -65
-21 -65
-21 -65
-21 -65
-21 -65
-21 -65
-21 -65
-20 -59
-20 -59
-20 -59
-20 -59
-20 -59
-20 -59
-20 -59
-20 -59
-20 -59
-20 -59
-20 -59
-20 -59
-20 -59
-20 -59
-20 -59
-20 -59
-20 -59
-20 -59
-20 -59
-20 -59
-20 -59
-20 -59
-20 -59
-20 -59
-20 -59
-18 -58
-18 -58
-18 -58
-18 -58
-18 -58
-18 -58
-18 -58
-18 -58
-18 -58
-18 -58
-18 -58
-18 -58
-18 -58
-18 -58
-18 -58
-18 -58
-18 -58
-18 -58
-18 -58
-18 -58
-18 -58
-18 -58
-18 -58
-18 -58
-18 -58
-25 -53
-25 -53
-25 -53
-25 -53
-25 -53
-25 -53
-25 -53
-25 -53
-25 -53
-25 -53
-25 -53
-25 -53
-25 -53
-25 -53
-25 -53
-25 -53
-25 -53
-25 -53
-25 -53
-25 -53
-25 -53
-25 -53
-33 -51
-33 -51
-33 -51
-33 -51
-33 -51
-33 -51
-33 -51
-33 -51
-33 -51
-33 -51
-33 -51
-33 -51
-33 -51
-33 -51
-33 -51
-33 -51
-33 -51
-33 -51
-33 -51
-33 -51
-33 -51
-33 -51
-33 -51
-33 -51
-33 -51
-33 -51
-33 -51
-33 -51
-33 -51
-33 -51
-33 -51
-33 -51
-33 -51
-33 -51
-33 -51
-33 -51
-33 -51
-33 -51
-33 -51
-33 -51
-33 -51
-33 -51
-33 -51
-33 -51
-33 -51
-33 -51
-33 -51
-33 -51
-33 -51
-33 -51
-33 -51
-33 -51
-33 -51
-33 -51
-33 -51
-33 -51
-33 -51
-33 -51
-33 -51
-33 -51
-33 -51
-33 -51
-33 -51
-33 -51
-33 -51
-33 -51
-33 -51
-33 -51
-33 -51
-33 -51
-33 -51
-33 -51
-33 -51
-33 -51
-33 -51
-33 -51
-33 -51
-33 -51
-33 -51
-33 -51
-33 -51
-33 -51
-33 -51
-33 -51
-33 -51
-33 -51
-33 -51
-33 -51
-33 -51
-33 -51
-33 -51
-33 -51
-33 -51
-33 -51
-33 -51
-33 -51
-33 -51
-33 -51
-33 -51
-33 -51
-33 -51
-33 -51
-33 -51
-33 -51
-33 -51
-33 -51
-33 -51
-33 -51
-33 -51
-33 -51
-33 -51
-33 -51
-29 -54
-29 -54
-33 -56
-33 -56
-33 -56
-33 -56
-33 -56
-33 -56
-33 -56
-33 -56
-33 -56
-33 -56
-33 -56
-33 -56
-33 -56
-33 -56
-33 -56
-33 -56
-33 -56
-33 -56
-33 -56
-33 -56
-20 -33
-20 -33
-20 -33
-20 -33
-20 -33
-20 -33
-20 -33
-20 -33
-20 -33
-20 -33
-20 -33
-20 -33
-20 -33
-20 -33
-20 -33
-20 -33
-20 -33
-20 -33
-20 -33
-20 -33
-20 -33
-20 -33
-20 -33
-20 -33
-20 -33
-20 -33
-35 -48
-39 -39
-39 -39
-39 -39
-39 -39
-39 -39
-39 -39
-39 -39
-39 -39
-39 -39
-39 -39
-39 -39
-39 -39
-39 -39
-39 -39
-39 -39
-39 -39
-39 -39
-39 -39
-39 -39
-39 -39
-39 -39
-39 -39
-39 -39
-39 -39
-39 -39
-39 -39
-39 -39
-39 -39
-39 -39
-39 -39
-39 -39
-39 -39
-39 -39
-39 -39
-39 -39
-39 -39
-39 -39
-39 -39
-39 -39
-39 -39
-39 -39
-39 -39
-39 -39
-39 -39
-39 -39
-46 -40
-46 -40
-46 -40
-46 -40
-46 -40
-46 -40
-46 -40
-46 -40
-46 -40
-46 -40
-46 -40
-46 -40
-46 -40
-46 -40
-46 -40
-46 -40
-46 -40
-46 -40
-46 -40
-46 -40
-46 -40
-46 -40
-46 -40
-46 -40
-46 -40
-58 -42
-58 -42
-58 -42
-58 -42
-58 -42
-58 -42
-58 -42
-58 -42
-58 -42
-58 -42
-58 -42
-58 -42
-58 -42
-58 -42
-58 -42
-58 -42
-58 -42
-58 -42
-58 -42
-58 -42
-58 -42
-58 -42
-58 -42
-58 -42
-58 -42
-58 -42
-58 -42
-58 -42
-58 -42
-58 -42
-58 -42
-58 -42
-58 -42
-58 -42
-58 -42
-58 -42
-58 -42
-58 -42
-58 -42
-58 -42
-58 -42
-58 -42
-58 -42
-58 -42
-58 -42
-58 -42
-58 -42
-58 -42
-58 -42
-58 -42
-58 -42
-58 -42
-61 -41
-61 -41
-61 -41
-61 -41
-61 -41
-61 -41
-61 -41
-61 -41
-61 -41
-61 -41
-61 -41
-61 -41
-61 -41
-61 -41
-61 -41
-61 -41
-61 -41
-61 -41
-61 -41
-61 -41
-61 -41
-61 -41
-61 -41
-61 -41
-61 -41
-61 -41
-61 -41
-61 -41
-61 -41
-61 -41
-61 -41
-61 -41
-61 -41
-61 -41
-61 -41
-61 -41
-61 -41
-61 -41
-61 -41
-61 -41
-61 -41
-61 -41
-61 -41
-61 -41
-61 -41
-61 -41
-61 -41
-61 -41
-61 -41
-69 -32
-69 -32
-65 -22
-65 -22
-65 -22
-65 -22
-65 -22
-65 -22
-65 -22
-65 -22
-65 -22
-65 -22
-65 -22
-65 -22
-65 -22
-65 -22
-65 -22
-65 -22
-65 -22
-65 -22
-65 -22
-65 -22
-65 -22
-65 -22
-65 -22
-65 -22
-65 -22
-65 -22
-65 -22
-65 -22
-65 -22
-65 -22
-65 -22
-65 -22
-65 -22
-65 -22
-65 -22
-65 -22
-65 -22
-65 -22
-65 -22
-65 -22
-76 -21
-76 -21
-76 -21
-76 -21
-76 -21
-76 -21
-76 -21
-76 -21
-76 -21
-76 -21
-76 -21
-76 -21
-76 -21
-76 -21
-75 -14
-75 -14
-75 -14
-75 -14
-75 -14
-75 -14
-75 -14
-75 -14
-75 -14
-75 -14
-75 -14
-75 -14
-75 -14
-75 -14
-75 -14
-75 -14
-75 -14
-75 -14
-75 -14
-75 -14
-75 -14
-75 -14
-78 -12
-78 -12
-78 -12
-78 -12
-78 -12
-78 -12
-78 -12
-78 -12
-78 -12
-78 -12
-78 -12
-78 -12
-78 -12
-78 -12
-78 -12
-78 -12
-78 -12
-78 -12
-78 -12
-78 -12
-78 -12
-78 -12
-78 -12
-78 -12
-78 -12
-78 -12
-78 -12
-78 -12
-78 -12
-78 -12
-78 -12
-78 -12
-78 -12
-78 -12
-78 -12
-78 -12
-78 -12
-78 -12
-78 -12
-78 -12
-78 -12
-78 -12
-69 -20
-69 -20
-69 -20
-69 -20
-69 -20
-69 -20
-69 -20
-69 -20
-69 -20
-69 -20
-69 -20
-69 -20
-69 -20
-69 -20
-69 -20
-69 -20
-69 -20
-69 -20
-69 -20
-69 -20
-69 -20
-69 -20
-69 -20
-69 -20
-69 -20
-69 -20
-69 -20
-69 -20
-69 -20
-69 -20
-69 -20
-69 -20
-69 -20
-69 -20
-69 -20
-69 -20
-69 -20
-69 -20
-69 -20
-69 -20
-69 -20
-69 -20
-69 -20
-69 -20
-69 -20
-67 -8
-67 -8
-67 -8
-67 -8
-67 -8
-67 -8
-67 -8
-67 -8
-67 -8
-67 -8
-67 -8
-67 -8
-67 -8
-67 -8
-67 -8
-67 -8
-67 -8
-67 -8
-67 -8
-67 -8
-67 -8
-67 -8
-73 -5
-73 -5
-73 -5
-73 -5
-73 -5
-73 -5
-73 -5
-73 -5
-73 -5
-73 -5
-73 -5
-73 -5
-73 -5
-73 -5
-73 -5
-73 -5
-73 -5
-73 -5
-73 -5
-73 -5
-72 -1
-72 -1
-72 -1
-72 -1
-72 -1
-72 -1
-72 -1
-72 -1
-72 -1
-72 -1
-72 -1
-72 -1
-72 -1
-72 -1
-72 -1
-72 -1
-72 -1
-72 -1
-72 -1
-68 0
-68 0
-68 0
-68 0
-68 0
-68 0
-68 0
-68 0
-68 0
-68 0
-68 0
-68 0
-68 0
-68 0
-68 0
-68 0
-68 0
-68 0
-68 0
-68 0
-68 0
-68 0
-68 0
-68 0
-68 0
-68 0
-68 0
-68 0
-68 0
-68 0
-68 0
-68 0
-68 0
-68 0
-68 0
-68 0
-68 0
-68 0
-68 0
-68 0
-68 0
-68 0
-68 0
-68 0
-68 0
-68 0
-68 0
-66 6
-66 6
-66 6
-66 6
-66 6
-66 6
-66 6
-66 6
-66 6
-66 6
-66 6
-66 6
-66 6
-66 6
-66 6
-66 6
-66 6
-66 6
-66 6
-66 6
-66 6
-66 6
-66 6
-66 6
-66 6
-66 6
-66 6
-66 6
-66 6
-66 6
-66 6
-66 6
-66 6
-66 6
-66 6
-66 6
-66 6
-66 6
-66 6
-66 6
-66 6
-66 6
-66 6
-66 6
-66 6
-66 6
-66 6
-66 6
-66 6
-66 6
-66 6
-67 7
-66 11
-66 11
-66 11
-66 11
-66 11
-66 11
-66 11
-66 11
-66 11
-66 11
-66 11
-66 11
-66 11
-66 11
-66 11
-66 11
-66 11
-66 11
-66 11
-66 11
-66 11
-66 11
-66 11
-66 11
-66 11
-66 11
-66 11
-66 11
-66 11
-66 11
-66 11
-66 11
-66 11
-66 11
-66 11
-66 11
-66 11
-66 11
-66 11
-66 11
-66 11
-66 11
-66 11
-66 11
-66 11
-66 11
-66 11
-66 11
-57 15
-57 15
-57 15
-57 15
-57 15
-57 15
-57 15
-57 15
-57 15
-57 15
-57 15
-57 15
-57 15
-57 15
-57 15
-57 15
-57 15
-57 15
-57 15
-57 15
-57 15
-57 15
-57 15
-57 15
-57 15
-57 15
-57 15
-71 11
-71 11
-71 11
-71 11
-71 11
-71 11
-71 11
-71 11
-71 11
-71 11
-71 11
-71 11
-71 11
-71 11
-71 11
-71 11
-71 11
-71 11
-71 11
-71 11
-71 11
-71 11
-71 11
-71 11
-71 11
-71 11
-71 11
-71 11
-71 11
-71 11
-71 11
-71 11
-71 11
-71 11
-71 11
-71 11
-71 11
-71 11
-71 11
-71 11
-71 11
-71 11
-71 11
-71 11
-71 11
-71 11
-71 11
-71 11
-71 11
-71 11
-71 11
-71 11
-71 11
-71 11
-71 11
-71 11
-71 11
-71 11
-71 11
-71 11
-71 11
-71 11
-71 11
-71 11
-71 11
-71 11
-71 11
-71 11
-71 11
-71 11
-71 11
-71 11
-71 11
-67 22
-66 25
-66 25
-66 25
-66 25
-66 25
-66 25
-66 25
-66 25
-66 25
-66 25
-66 25
-66 25
-66 25
-66 25
-66 25
-66 25
-66 25
-66 25
-66 25
-66 25
-66 25
-66 25
-66 25
-66 25
-66 25
-66 25
-66 25
-66 25
-66 25
-66 25
-66 25
-66 25
-66 25
-66 25
-66 25
-66 25
-66 25
-66 25
-66 25
-66 25
-66 25
-66 25
-66 25
-66 25
-66 25
-66 25
-66 25
-66 25
-66 25
-66 25
-66 25
-68 30
-68 30
-68 30
-68 30
-68 30
-68 30
-68 30
-68 30
-68 30
-68 30
-68 30
-68 30
-68 30
-68 30
-68 30
-68 30
-68 30
-68 30
-68 30
-68 30
-68 30
-68 30
-68 30
-68 30
-68 30
-68 30
-68 30
-68 30
-68 30
-68 30
-68 30
-68 30
-68 30
-68 30
-68 30
-68 30
-68 30
-68 30
-68 30
-68 30
-68 30
-68 30
-68 30
-68 30
-68 30
-68 30
-68 30
-68 30
-68 30
-68 30
-68 30
-66 24
-66 24
-71 30
-71 30
-71 30
-71 30
-71 30
-71 30
-71 30
-71 30
-71 30
-71 30
-71 30
-71 30
-71 30
-71 30
-71 30
-71 30
-71 30
-71 30
-71 30
-71 30
-71 30
-71 30
-71 30
-71 30
-71 30
-68 28
-68 28
-68 28
-68 28
-68 28
-68 28
-68 28
-68 28
-68 28
-68 28
-68 28
-68 28
-68 28
-68 28
-68 28
-68 28
-68 28
-68 28
-68 28
-68 28
-68 28
-68 28
-68 28
-68 28
-68 28
-68 28
-68 28
-68 28
-68 28
-68 28
-68 28
-68 28
-68 28
-68 28
-68 28
-68 28
-68 28
-68 28
-68 28
-68 28
-68 28
-68 28
-68 28
-68 28
-68 28
-68 28
-68 28
-68 28
-68 28
-68 28
-68 28
-68 28
-70 42
-70 42
-70 42
-70 42
-70 42
-70 42
-70 42
-70 42
-70 42
-70 42
-70 42
-70 42
-70 42
-70 42
-70 42
-70 42
-70 42
-70 42
-70 42
-70 42
-70 42
-70 42
-70 42
-70 42
-70 42
-70 42
-70 42
-70 42
-70 42
-70 42
-70 42
-70 42
-70 42
-70 42
-70 42
-70 42
-70 42
-70 42
-70 42
-69 44
-69 44
-69 44
-69 44
-69 44
-69 44
-69 44
-69 44
-69 44
-69 44
-69 44
-69 44
-69 44
-69 44
-69 44
-69 44
-69 44
-69 44
-69 44
-69 44
-69 44
-69 44
-69 44
-69 44
-62 43
-62 43
-62 43
-62 43
-62 43
-62 43
-62 43
-62 43
-62 43
-62 43
-62 43
-62 43
-62 43
-62 43
-62 43
-62 43
-62 43
-62 43
-62 43
-62 43
-62 43
-62 43
-62 43
-62 43
-56 38
-56 38
-56 38
-56 38
-56 38
-56 38
-56 38
-56 38
-56 38
-56 38
-56 38
-56 38
-56 38
-56 38
-56 38
-56 38
-56 38
-56 38
-56 38
-56 38
-56 38
-56 38
-56 38
-56 38
-56 38
-56 38
-52 43
-52 43
-52 43
-52 43
-52 43
-52 43
-52 43
-52 43
-52 43
-52 43
-52 43
-52 43
-52 43
-52 43
-52 43
-52 43
-52 43
-52 43
-52 43
-52 43
-52 43
-52 43
-52 43
-52 43
-52 43
-52 43
-52 43
-52 43
-52 43
-52 43
-52 43
-52 43
-52 43
-52 43
-52 43
-52 43
-52 43
-52 43
-52 43
-52 43
-52 43
-52 43
-52 43
-52 43
-52 43
-52 43
-52 43
-45 48
-45 48
-45 48
-45 48
-45 48
-45 48
-45 48
-45 48
-45 48
-45 48
-45 48
-45 48
-45 48
-45 48
-45 48
-45 48
-45 48
-45 48
-45 48
-45 48
-45 48
-45 48
-45 48
-45 48
-45 48
-40 51
-40 51
-40 51
-40 51
-40 51
-40 51
-40 51
-40 51
-40 51
-40 51
-40 51
-40 51
-40 51
-40 51
-40 51
-40 51
-40 51
-40 51
-40 51
-40 51
-40 51
-40 51
-40 51
-40 51
-40 51
-40 51
-40 51
-40 51
-40 51
-40 51
-40 51
-40 51
-40 51
-40 51
-40 51
-40 51
-40 51
-40 51
-40 51
-40 51
-40 51
-40 51
-40 51
-40 51
-40 51
-40 51
-35 44
-35 44
-35 44
-35 44
-35 44
-35 44
-35 44
-35 44
-35 44
-35 44
-35 44
-35 44
-35 44
-35 44
-35 44
-35 44
-35 44
-35 44
-35 44
-35 44
-35 44
-35 44
-35 44
-35 44
-35 44
-35 44
-35 44
-35 44
-35 44
-35 44
-35 44
-35 44
-35 44
-35 44
-35 44
-35 44
-35 44
-35 44
-35 44
-35 44
-35 44
-35 44
-35 44
-35 44
-35 44
-35 44
-35 44
-35 44
-26 55
-26 55
-26 55
-26 55
-26 55
-26 55
-26 55
-26 55
-26 55
-26 55
-26 55
-26 55
-26 55
-26 55
-26 55
-26 55
-26 55
-26 55
-28 49
-28 49
-28 49
-28 49
-28 49
-28 49
-28 49
-28 49
-28 49
-28 49
-28 49
-28 49
-28 49
-28 49
-28 49
-27 58
-27 58
-27 58
-27 58
-27 58
-27 58
-27 58
-27 58
-27 58
-27 58
-27 58
-27 58
-27 58
-27 58
-30 61
-30 61
-30 61
-30 61
-30 61
-30 61
-30 61
-30 61
-30 61
-30 61
-30 61
-30 61
-30 61
-30 61
-30 61
-30 61
-30 61
-30 61
-30 61
-30 61
-30 61
-30 61
-30 61
-30 61
-30 61
-30 61
-30 61
-30 61
-30 61
-30 61
-30 61
-30 61
-30 61
-30 61
-30 61
-30 61
-30 61
-30 61
-30 61
-30 61
-30 61
-30 61
-30 61
-30 61
-30 61
-30 61
-27 60
-27 60
-27 60
-27 60
-27 60
-27 60
-27 60
-27 60
-27 60
-27 60
-27 60
-27 60
-27 60
-27 60
-27 60
-27 60
-27 60
-27 60
-27 60
-27 60
-27 60
-27 60
-27 60
-27 60
-27 60
-27 60
-27 60
-27 60
-27 60
-27 60
-27 60
-27 60
-27 60
-27 60
-27 60
-27 60
-27 60
-23 62
-28 63
-28 63
-28 63
-28 63
-28 63
-28 63
-28 63
-28 63
-28 63
-28 63
-28 63
-28 63
-28 63
-28 63
-28 63
-28 63
-22 59
-22 59
-22 59
-22 59
-22 59
-22 59
-22 59
-22 59
-22 59
-22 59
-22 59
-22 59
-22 59
-22 59
-22 59
-22 59
-22 59
-22 59
-22 59
-22 59
-22 72
-22 72
-22 72
-22 72
-22 72
-22 72
-22 72
-22 72
-22 72
-22 72
-22 72
-22 72
-22 72
-22 72
-22 72
-22 72
-22 72
-22 72
-22 72
-22 72
-22 72
-22 72
-22 72
-22 72
-22 72
-22 72
-22 72
-22 72
-22 72
-22 72
-22 72
-22 72
-22 72
-22 72
-22 72
-22 72
-22 72
-22 72
-22 72
-22 72
-22 72
-22 72
-22 72
-22 72
-22 72
-22 72
-22 72
-22 72
-22 72
-22 72
-22 72
-22 72
-22 72
-22 72
-22 72
-22 72
-22 72
-19 71
-19 71
-19 71
-19 71
-19 71
-19 71
-19 71
-19 71
-19 71
-19 71
-19 71
-19 71
-19 71
-19 71
-19 71
-19 71
-19 71
-19 71
-19 71
-19 71
-19 71
-19 71
-19 71
-19 71
-19 71
-19 71
-19 71
-19 71
-19 71
-19 71
-19 71
-19 71
-19 71
-19 71
-19 71
-19 71
-19 71
-19 71
-19 71
-19 71
-19 71
-18 74
-18 74
-18 74
-18 74
-18 74
-18 74
-18 74
-18 74
-18 74
-18 74
-18 74
-18 74
-18 74
-18 74
-18 74
-18 74
-13 67
-13 67
-13 67
-13 67
-13 67
-13 67
-13 67
-13 67
-13 67
-13 67
-13 67
-13 67
-13 67
-13 67
-13 67
-13 67
-13 67
-13 67
-13 67
-13 85
-13 85
-13 85
-13 85
-13 85
-13 85
-13 85
-13 85
-13 85
-13 85
-13 85
-13 85
-13 85
-13 85
-13 85
-13 85
-13 85
-13 85
-13 85
-13 85
-13 85
-13 85
-13 85
-13 85
-13 85
-13 85
-13 85
-13 85
-13 85
-13 85
-13 85
-13 85
-13 85
-13 85
-13 85
-13 85
-13 85
-13 85
-13 85
-13 85
-13 85
-13 85
-13 85
-13 79
-13 79
-13 79
-13 79
-13 79
-13 79
-13 79
-13 79
-13 79
-13 79
-13 79
-13 79
-13 79
-13 79
-13 79
-13 79
-13 79
-13 79
-13 79
-13 79
-13 79
-13 79
-13 79
-13 79
-13 79
-13 79
-13 79
-13 79
-13 79
-13 79
-13 79
-13 79
-13 79
-13 79
-13 79
-13 79
-13 79
-13 79
-13 79
-9 80
-9 80
-9 80
-9 80
-9 80
-9 80
-9 80
-9 80
-9 80
-9 80
-9 80
-9 80
-9 80
-9 80
-9 80
-9 80
-9 80
-9 80
-9 80
-9 80
-9 80
-9 80
-9 80
-9 80
-9 80
-9 80
-9 80
-9 80
-9 80
-9 80
-9 80
-9 80
-9 80
-9 80
-9 80
-9 80
-9 79
-9 79
-9 79
-9 79
-9 79
-9 79
-9 79
-9 79
-9 79
-9 79
-9 79
-9 79
-9 79
-9 79
-9 79
-9 79
-5 83
-5 83
-5 83
-5 83
-5 83
-5 83
-5 83
-5 83
-5 83
-5 83
-5 83
-5 83
-5 83
-3 83
-3 83
-3 83
-3 83
-3 83
-3 83
-3 83
-3 83
-3 83
-3 83
-3 83
-3 83
-3 83
-3 83
-3 83
-3 83
-3 83
-3 83
-3 83
-3 83
-3 83
-3 83
-3 83
-3 83
-3 83
-3 83
-3 83
-3 83
-3 83
-3 83
-3 83
-3 82
-3 82
-3 82
-3 82
-3 82
-3 82
-3 82
-3 82
-3 82
-3 82
-3 82
-3 82
-3 82
-3 82
-3 82
-3 82
-3 82
-3 82
-3 82
-3 82
-3 82
-1 82
-1 82
-1 82
-1 82
-1 82
-1 82
-1 82
-1 82
-1 82
-1 82
-1 82
-1 82
-1 82
-1 82
-1 82
-1 82
-1 82
-1 82
-1 82
-1 82
-1 82
-1 82
-1 82
-1 82
-1 82
-1 82
-1 82
-1 82
-1 82
-1 82
-1 82
-1 82
-1 82
-1 82
-1 82
-1 82
-1 82
2 84
2 84
2 84
2 84
2 84
2 84
2 84
2 84
2 84
2 84
2 84
2 84
2 84
2 84
2 84
2 84
2 84
2 84
2 84
2 84
2 84
2 84
2 84
2 84
2 84
2 84
2 84
2 84
2 84
2 84
2 84
2 84
2 84
2 84
2 84
2 84
2 84
-1 82
-1 82
-1 82
-1 82
-1 82
-1 82
-1 82
-1 82
-1 82
-1 82
-1 82
-1 82
-1 82
-1 82
-1 82
-1 82
-1 82
-1 82
-1 82
-1 82
-1 82
-1 82
-1 82
-1 82
-1 82
-1 82
-1 82
-1 82
-1 82
-1 82
-1 82
-1 82
-1 82
-1 82
-1 82
-1 82
-1 82
5 80
5 80
5 80
5 80
5 80
5 80
5 80
5 80
5 80
5 80
5 80
5 80
5 80
5 80
5 80
5 77
5 77
5 77
5 77
5 77
5 77
5 77
5 77
5 77
5 77
5 77
5 77
5 77
5 77
5 77
5 77
5 77
5 77
8 77
8 77
8 77
8 77
8 77
8 77
8 77
8 77
8 77
8 77
8 77
8 77
8 77
8 77
8 77
8 77
8 77
8 77
8 77
8 77
8 77
8 77
8 77
8 77
8 77
8 77
8 77
8 77
8 77
8 77
8 77
8 77
8 77
8 77
8 77
8 77
14 78
14 78
14 78
14 78
14 78
14 78
14 78
14 78
14 78
14 78
14 78
14 78
14 78
14 78
14 78
14 78
14 78
14 78
14 78
14 78
14 78
14 78
14 78
14 78
14 78
14 78
14 78
14 78
14 78
14 78
14 78
14 78
14 78
14 78
14 78
14 78
14 78
14 78
14 78
14 79
14 79
14 79
14 79
14 79
14 79
14 79
14 79
14 79
14 79
14 79
14 79
14 79
14 79
14 79
14 79
14 79
14 79
16 69
16 69
16 69
16 69
16 69
16 69
16 69
16 69
16 69
16 69
16 69
16 69
16 69
16 69
16 69
16 69
16 69
16 69
16 69
7 75
7 75
7 75
7 75
7 75
7 75
7 75
7 75
7 75
7 75
7 75
7 75
7 75
7 75
7 75
7 75
7 75
7 75
7 75
7 75
7 75
7 75
7 75
7 75
7 75
7 75
7 75
7 75
7 75
7 75
7 75
7 75
7 75
7 75
7 75
7 75
7 75
7 75
7 75
7 75
7 75
7 75
7 75
7 75
7 75
13 70
13 70
13 70
13 70
13 70
13 70
13 70
13 70
13 70
13 70
13 70
13 70
13 70
13 70
13 70
13 70
13 70
13 70
13 70
13 70
13 70
13 70
13 70
13 70
13 70
13 70
13 70
13 70
13 70
13 70
13 70
13 70
25 68
25 68
25 68
25 68
25 68
25 68
25 68
25 68
25 68
25 68
25 68
25 68
25 68
25 68
25 68
25 68
25 68
26 65
26 65
26 65
26 65
26 65
26 65
26 65
26 65
26 65
26 65
26 65
26 65
26 65
26 65
26 65
26 65
27 67
27 67
27 67
27 67
27 67
27 67
27 67
27 67
27 67
27 67
27 67
27 67
27 67
27 67
27 67
27 67
29 70
29 70
29 70
29 70
29 70
29 70
29 70
29 70
29 70
29 70
29 70
29 70
29 70
29 70
29 70
29 70
29 70
29 70
29 70
29 70
29 70
29 70
29 70
29 70
29 70
29 70
29 70
29 70
29 70
29 70
29 70
29 70
29 70
29 70
29 70
29 70
29 70
29 70
29 70
29 70
29 70
29 70
29 70
29 70
29 70
29 70
29 70
29 70
29 70
29 61
38 55
38 55
38 55
38 55
38 55
38 55
38 55
38 55
38 55
38 55
38 55
38 55
38 55
38 55
38 55
38 55
38 55
38 55
38 55
38 55
38 55
38 55
38 55
38 55
38 55
38 55
38 55
38 55
38 55
38 55
38 55
38 55
32 45
32 45
32 45
32 45
32 45
32 45
32 45
32 45
32 45
32 45
32 45
32 45
32 45
32 45
32 45
32 45
32 45
32 45
32 45
40 52
40 52
40 52
40 52
40 52
40 52
40 52
40 52
40 52
40 52
40 52
40 52
40 52
40 52
40 52
40 52
40 52
40 52
40 52
38 56
38 56
38 56
38 56
38 56
38 56
38 56
38 56
38 56
38 56
38 56
38 56
38 56
38 56
38 56
38 56
38 56
38 56
38 56
38 56
38 56
38 56
38 56
38 56
38 56
38 56
38 56
38 56
38 56
38 56
38 56
38 56
38 56
38 56
38 56
38 56
38 56
38 56
38 56
50 55
50 55
50 55
50 55
50 55
50 55
50 55
50 55
50 55
50 55
50 55
50 55
50 55
50 55
50 55
50 55
50 55
50 55
45 47
45 47
45 47
45 47
45 47
45 47
45 47
45 47
45 47
45 47
45 47
45 47
45 47
45 47
45 47
45 47
45 47
45 47
45 47
45 47
45 47
45 47
45 47
45 47
45 47
45 47
45 47
45 47
45 47
45 47
45 47
45 47
45 47
45 47
45 47
45 47
45 47
45 47
45 47
45 47
45 47
45 47
45 47
45 47
45 47
45 47
45 47
45 47
45 47
45 47
45 47
45 47
45 47
45 47
45 47
49 45
49 45
49 45
49 45
49 45
49 45
49 45
49 45
49 45
49 45
49 45
49 45
49 45
49 45
49 45
49 45
49 45
49 39
49 39
49 39
49 39
49 39
49 39
49 39
49 39
49 39
49 39
49 39
49 39
49 39
49 39
49 39
49 39
49 39
49 39
49 39
49 39
49 39
49 39
49 39
49 39
49 39
49 39
49 39
49 39
49 39
49 39
49 39
49 39
49 39
49 39
49 39
49 39
49 39
49 39
49 39
49 39
49 39
49 39
49 39
49 39
49 39
49 39
49 39
49 39
49 39
49 39
49 39
49 39
49 39
49 39
49 39
49 39
49 39
54 33
54 33
54 33
54 33
54 33
54 33
54 33
54 33
54 33
54 33
54 33
54 33
54 33
54 33
54 33
54 33
54 33
54 33
53 31
53 31
53 31
53 31
53 31
53 31
53 31
53 31
53 31
53 31
53 31
53 31
53 31
53 31
53 31
53 31
53 31
53 31
53 31
53 31
53 31
53 31
53 31
53 31
53 31
53 31
53 31
53 31
53 31
53 31
53 31
53 31
53 31
53 31
53 31
53 31
53 31
53 31
53 31
53 31
53 31
53 31
53 31
53 31
53 31
53 31
53 31
53 31
53 31
53 31
53 31
53 31
53 31
53 31
53 31
53 31
53 31
53 31
53 31
53 31
53 31
53 31
53 31
53 31
53 31
53 31
53 31
53 31
53 31
55 31
62 24
62 24
62 24
62 24
62 24
62 24
62 24
62 24
62 24
62 24
62 24
62 24
62 24
62 24
59 20
59 20
59 20
59 20
59 20
59 20
59 20
59 20
59 20
59 20
59 20
59 20
59 20
59 20
59 20
67 15
67 15
67 15
67 15
67 15
67 15
67 15
67 15
67 15
67 15
67 15
67 15
67 15
67 15
67 15
74 13
74 13
74 13
74 13
74 13
74 13
74 13
74 13
74 13
74 13
74 13
74 13
74 13
74 13
74 13
74 13
74 13
74 13
74 13
74 13
74 13
74 13
74 13
74 13
74 13
74 13
74 13
74 13
74 13
74 13
74 13
74 13
74 13
74 13
74 13
74 13
74 13
74 13
74 13
74 13
74 13
74 13
74 13
74 13
74 13
74 13
74 13
74 13
74 13
70 8
89 8
89 8
89 8
89 8
89 8
89 8
89 8
89 8
89 8
89 8
89 8
89 8
89 8
89 8
89 8
89 8
89 8
89 8
89 8
89 8
89 8
89 8
89 8
89 8
89 8
89 8
89 8
89 8
89 8
89 8
89 8
89 8
89 8
89 8
72 0
72 0
72 0
72 0
72 0
72 0
72 0
72 0
72 0
72 0
72 0
72 0
72 0
72 0
72 0
72 0
85 2
85 2
85 2
85 2
85 2
85 2
85 2
85 2
85 2
85 2
85 2
85 2
85 2
85 2
85 2
85 2
85 2
85 2
85 2
81 1
81 1
81 1
81 1
81 1
81 1
81 1
81 1
81 1
81 1
81 1
81 1
81 1
81 1
81 1
81 1
81 1
81 1
81 1
81 1
81 1
81 1
81 1
81 1
81 1
81 1
81 1
81 1
81 1
81 1
81 1
81 1
81 1
81 1
81 1
81 1
81 1
81 1
81 1
81 1
81 1
81 1
81 1
79 -5
79 -5
79 -5
79 -5
79 -5
79 -5
79 -5
79 -5
79 -5
79 -5
79 -5
79 -5
79 -5
79 -5
79 -5
79 -5
79 -5
79 -5
79 -5
79 -5
79 -5
79 -5
79 -5
79 -5
79 -5
79 -5
79 -5
79 -5
79 -5
79 -5
79 -5
74 -8
74 -8
74 -8
74 -8
74 -8
74 -8
74 -8
74 -8
74 -8
74 -8
74 -8
74 -8
74 -8
74 -8
74 -8
74 -8
74 -8
73 -8
73 -8
73 -8
73 -8
73 -8
73 -8
73 -8
73 -8
73 -8
73 -8
73 -8
73 -8
73 -8
73 -8
73 -8
73 -8
73 -8
73 -8
73 -8
73 -8
73 -8
73 -8
73 -8
73 -8
73 -8
73 -8
73 -8
73 -8
73 -8
73 -8
73 -8
73 -8
73 -8
73 -8
73 -8
73 -8
73 -8
73 -8
75 -10
75 -10
75 -10
75 -10
75 -10
75 -10
75 -10
75 -10
75 -10
75 -10
75 -10
75 -10
75 -10
75 -10
75 -10
75 -10
75 -10
75 -10
75 -10
78 -19
78 -19
78 -19
78 -19
78 -19
78 -19
78 -19
78 -19
78 -19
78 -19
78 -19
78 -19
78 -19
78 -19
78 -19
78 -19
78 -19
78 -19
78 -19
78 -19
78 -19
78 -19
78 -19
78 -19
78 -19
78 -19
78 -19
78 -19
78 -19
78 -19
78 -19
78 -19
78 -19
78 -19
77 -24
75 -25
75 -25
75 -25
75 -25
75 -25
75 -25
75 -25
75 -25
75 -25
75 -25
75 -25
75 -25
75 -25
75 -25
75 -25
75 -25
75 -25
75 -25
75 -25
75 -25
75 -25
75 -25
75 -25
75 -25
75 -25
75 -25
75 -25
75 -25
75 -25
75 -25
69 -31
69 -31
69 -31
69 -31
69 -31
69 -31
69 -31
69 -31
69 -31
69 -31
69 -31
69 -31
69 -31
69 -31
69 -31
69 -31
69 -31
63 -26
63 -26
63 -26
63 -26
63 -26
63 -26
63 -26
63 -26
63 -26
63 -26
63 -26
63 -26
63 -26
63 -26
63 -26
63 -26
63 -26
63 -26
63 -26
63 -26
63 -26
63 -26
63 -26
63 -26
63 -26
63 -26
63 -26
63 -26
63 -26
63 -26
63 -26
63 -26
68 -38
68 -38
68 -38
68 -38
68 -38
68 -38
68 -38
68 -38
68 -38
68 -38
68 -38
68 -38
68 -38
68 -38
68 -38
68 -38
68 -38
68 -38
62 -39
62 -39
62 -39
62 -39
62 -39
62 -39
62 -39
62 -39
62 -39
62 -39
62 -39
62 -39
62 -39
62 -39
62 -39
62 -39
57 -36
57 -36
57 -36
57 -36
57 -36
57 -36
57 -36
57 -36
57 -36
57 -36
57 -36
57 -36
57 -36
57 -36
57 -36
57 -36
57 -36
57 -36
57 -36
57 -36
57 -36
57 -36
57 -36
57 -36
57 -36
57 -36
57 -36
57 -36
57 -36
57 -36
57 -36
57 -36
57 -36
57 -36
57 -36
57 -36
57 -36
57 -36
57 -36
52 -39
52 -39
52 -39
52 -39
52 -39
52 -39
52 -39
52 -39
52 -39
52 -39
52 -39
52 -39
52 -39
52 -39
52 -39
52 -39
52 -39
52 -39
52 -39
52 -39
52 -39
52 -39
52 -39
52 -39
52 -39
52 -39
52 -39
52 -39
52 -39
52 -39
52 -39
52 -39
52 -39
52 -39
52 -39
52 -39
52 -39
63 -45
63 -45
63 -45
63 -45
63 -45
63 -45
63 -45
63 -45
63 -45
63 -45
63 -45
63 -45
63 -45
63 -45
63 -45
63 -45
63 -45
63 -45
63 -45
59 -49
59 -49
59 -49
59 -49
59 -49
59 -49
59 -49
59 -49
59 -49
59 -49
59 -49
59 -49
59 -49
59 -49
59 -49
59 -49
59 -49
59 -49
52 -52
52 -52
52 -52
52 -52
52 -52
52 -52
52 -52
52 -52
52 -52
52 -52
52 -52
52 -52
52 -52
52 -52
52 -52
52 -52
52 -52
52 -52
52 -52
52 -52
52 -52
52 -52
52 -52
52 -52
52 -52
52 -52
52 -52
52 -52
52 -52
52 -52
52 -52
52 -52
52 -52
52 -52
52 -52
52 -52
52 -52
52 -52
42 -51
42 -51
42 -51
42 -51
42 -51
42 -51
42 -51
42 -51
42 -51
42 -51
42 -51
42 -51
42 -51
42 -51
42 -51
42 -51
42 -51
42 -51
42 -51
42 -51
42 -51
42 -51
42 -51
42 -51
42 -51
42 -51
42 -51
42 -51
42 -51
42 -51
42 -51
42 -51
42 -51
42 -51
42 -51
42 -51
42 -51
40 -63
40 -63
40 -63
40 -63
40 -63
40 -63
40 -63
40 -63
40 -63
40 -63
40 -63
40 -63
40 -63
40 -63
40 -63
40 -63
40 -63
40 -63
40 -63
40 -63
29 -48
31 -58
31 -58
31 -58
31 -58
31 -58
31 -58
31 -58
31 -58
31 -58
31 -58
31 -58
31 -58
31 -58
31 -58
31 -58
31 -58
31 -58
31 -58
31 -58
31 -58
31 -58
31 -58
31 -58
31 -58
31 -58
31 -58
31 -58
31 -58
31 -58
31 -58
31 -58
31 -58
31 -58
25 -63
25 -63
25 -63
25 -63
25 -63
25 -63
25 -63
25 -63
25 -63
25 -63
25 -63
25 -63
25 -63
25 -63
25 -63
25 -63
25 -63
25 -63
20 -67
20 -67
20 -67
20 -67
20 -67
20 -67
20 -67
20 -67
20 -67
20 -67
20 -67
20 -67
20 -67
20 -67
20 -67
20 -67
20 -67
20 -67
20 -67
20 -67
20 -67
20 -67
20 -67
20 -67
20 -67
20 -67
20 -67
20 -67
20 -67
20 -67
20 -67
20 -67
20 -67
20 -67
20 -67
20 -67
20 -67
20 -67
20 -67
20 -67
20 -67
20 -67
20 -67
20 -67
20 -67
20 -67
21 -66
23 -76
23 -76
23 -76
23 -76
23 -76
23 -76
23 -76
23 -76
23 -76
23 -76
23 -76
23 -76
23 -76
23 -76
23 -76
23 -76
23 -76
23 -76
23 -76
23 -76
23 -76
23 -76
23 -76
23 -76
23 -76
23 -76
23 -76
23 -76
23 -76
23 -76
23 -76
23 -76
23 -76
23 -76
23 -76
23 -76
23 -76
23 -76
23 -76
23 -76
23 -76
23 -76
23 -76
23 -76
23 -76
23 -76
23 -76
23 -76
23 -76
15 -61
21 -62
21 -62
21 -62
21 -62
21 -62
21 -62
21 -62
21 -62
21 -62
21 -62
21 -62
21 -62
21 -62
21 -62
21 -62
21 -62
21 -62
11 -58
11 -58
11 -58
11 -58
11 -58
11 -58
11 -58
11 -58
11 -58
11 -58
11 -58
11 -58
11 -58
11 -58
11 -58
11 -58
11 -58
11 -58
11 -58
11 -58
11 -58
11 -58
11 -58
11 -58
11 -58
11 -58
11 -58
11 -58
11 -58
11 -58
11 -58
11 -58
11 -58
9 -54
9 -54
9 -54
9 -54
9 -54
9 -54
9 -54
9 -54
9 -54
9 -54
9 -54
9 -54
9 -54
9 -54
9 -54
9 -54
9 -54
9 -54
9 -54
9 -54
9 -54
9 -54
9 -54
9 -54
9 -54
9 -54
9 -54
9 -54
9 -54
9 -54
9 -54
9 -54
9 -54
9 -54
9 -54
6 -50
6 -50
6 -50
6 -50
6 -50
6 -50
6 -50
6 -50
6 -50
6 -50
6 -50
6 -50
6 -50
6 -50
6 -50
6 -50
6 -50
6 -50
6 -50
6 -50
6 -50
6 -50
6 -50
6 -50
6 -50
6 -50
6 -50
6 -50
6 -50
6 -50
6 -50
6 -50
6 -50
6 -50
6 -50
6 -50
6 -50
-1 -48
-1 -48
-1 -48
-1 -48
-1 -48
-1 -48
-1 -48
-1 -48
-1 -48
-1 -48
-1 -48
-1 -48
-1 -48
-1 -48
-1 -48
-1 -48
-1 -48
-1 -48
-1 -48
-1 -48
-1 -48
-1 -48
-1 -48
-1 -48
-1 -48
-1 -48
-1 -48
-1 -48
-1 -48
-1 -48
-1 -48
-1 -48
-1 -48
-1 -48
-1 -48
-1 -48
-1 -48
-1 -48
-1 -48
-1 -48
-1 -48
-1 -48
-1 -48
-1 -48
-1 -48
-1 -48
-1 -48
-1 -48
-1 -48
-1 -48
-1 -48
-1 -48
-1 -48
-1 -48
0 -46
0 -46
0 -46
0 -46
0 -46
0 -46
0 -46
0 -46
0 -46
0 -46
0 -46
0 -46
0 -46
0 -46
0 -46
0 -46
0 -46
0 -44
0 -44
0 -44
0 -44
0 -44
0 -44
0 -44
0 -44
0 -44
0 -44
0 -44
0 -44
0 -44
0 -44
0 -44
0 -44
0 -44
-3 -41
-3 -41
-3 -41
-3 -41
-3 -41
-3 -41
-3 -41
-3 -41
-3 -41
-3 -41
-3 -41
-3 -41
-3 -41
-3 -41
-3 -41
-3 -41
-3 -41
-3 -41
-3 -41
-3 -41
-3 -41
-3 -41
-3 -41
-3 -41
-3 -41
-3 -41
-3 -41
-3 -41
-3 -41
-3 -41
-3 -41
-3 -41
-3 -41
-3 -41
-3 -41
-3 -41
-3 -41
-3 -41
-3 -41
-3 -41
-3 -41
-3 -41
-3 -41
-3 -41
-3 -41
-3 -41
-3 -41
-3 -41
-3 -34
-3 -34
-3 -34
-3 -34
-3 -34
-3 -34
-3 -34
-3 -34
-3 -34
-3 -34
-3 -34
-3 -34
-3 -34
-3 -34
-3 -34
-3 -34
-3 -33
-3 -33
-3 -33
-3 -33
-3 -33
-3 -33
-3 -33
-3 -33
-3 -33
-3 -33
-3 -33
-3 -33
-3 -33
-3 -33
-3 -33
-3 -33
-3 -33
-3 -33
-3 -33
-2 -32
-2 -32
-2 -32
-2 -32
-2 -32
-2 -32
-2 -32
-2 -32
-2 -32
-2 -32
-2 -32
-2 -32
-2 -32
-2 -32
-2 -32
-2 -32
-2 -32
-2 -32
-2 -27
-2 -27
-2 -27
-2 -27
-2 -27
-2 -27
-2 -27
-2 -27
-2 -27
-2 -27
-2 -27
-2 -27
-2 -27
-2 -27
-2 -27
-2 -27
-2 -27
-2 -27
-2 -27
-4 -29
-4 -29
-4 -29
-4 -29
-4 -29
-4 -29
-4 -29
-4 -29
-4 -29
-4 -29
-4 -29
-4 -29
-4 -29
-4 -29
-4 -29
-4 -29
-4 -29
-4 -29
-4 -29
-4 -29
-4 -29
-4 -29
-4 -29
-4 -29
-4 -29
-4 -29
-4 -29
-4 -29
-4 -29
-4 -29
-4 -29
-4 -29
-4 -29
-4 -29
-4 -29
-4 -29
-4 -29
-4 -29
-4 -29
-4 -29
-4 -29
-4 -29
-4 -29
-4 -29
-4 -29
-4 -29
-4 -29
-4 -29
-4 -29
-4 -29
-4 -29
-4 -29
-4 -29
-4 -21
-8 -23
-8 -23
-8 -23
-8 -23
-8 -23
-8 -23
-8 -23
-8 -23
-8 -23
-8 -23
-8 -23
-8 -23
-8 -23
-8 -23
-8 -23
-8 -23
-8 -23
-8 -23
-8 -23
-8 -23
-8 -23
-8 -23
-8 -23
-8 -23
-8 -23
-8 -23
-8 -23
-8 -23
-8 -23
-8 -23
-13 -22
-13 -22
-13 -22
-13 -22
-13 -22
-13 -22
-13 -22
-13 -22
-13 -22
-13 -22
-13 -22
-13 -22
-13 -22
-13 -22
-13 -22
-13 -22
-13 -22
-13 -22
-13 -22
-13 -22
-13 -22
-13 -22
-13 -22
-13 -22
-13 -22
-13 -22
-13 -22
-13 -22
-13 -22
-13 -22
-13 -22
-13 -22
-13 -22
-13 -22
-13 -22
-14 -24
-7 -22
-7 -22
-7 -22
-7 -22
-7 -22
-7 -22
-7 -22
-7 -22
-7 -22
-7 -22
-7 -22
-7 -22
-7 -22
-7 -22
-7 -22
-7 -22
-7 -22
-7 -22
-7 -22
-7 -22
-7 -22
-7 -22
-7 -22
-7 -22
-7 -22
-7 -22
-7 -22
-7 -22
-7 -22
-7 -22
-7 -22
-7 -22
-7 -22
-7 -22
-7 -22
-7 -22
-7 -22
-7 -22
-12 -18
-12 -18
-12 -18
-12 -18
-12 -18
-12 -18
-12 -18
-12 -18
-12 -18
-12 -18
-12 -18
-12 -18
-12 -18
-12 -18
-12 -18
-12 -18
-12 -18
-12 -18
-12 -18
-12 -18
-12 -18
-12 -18
-12 -18
-12 -18
-12 -18
-12 -18
-12 -18
-12 -18
-12 -18
-12 -18
-12 -18
-12 -18
-9 -19
-8 -14
-8 -14
-8 -14
-8 -14
-8 -14
-8 -14
-8 -14
-8 -14
-8 -14
-8 -14
-8 -14
-8 -14
-8 -14
-8 -14
-8 -14
-8 -14
-8 -14
-8 -14
-8 -14
-8 -14
-8 -14
-8 -14
-8 -14
-8 -14
-8 -14
-8 -14
-8 -14
-8 -14
-8 -14
-8 -14
-8 -14
-8 -14
-8 -14
-8 -14
-8 -14
-8 -14
-8 -14
-8 -14
-9 -13
-9 -13
-9 -13
-9 -13
-9 -13
-9 -13
-9 -13
-9 -13
-9 -13
-9 -13
-9 -13
-9 -13
-9 -13
-9 -13
-9 -13
-9 -13
-9 -13
-7 -7
-7 -7
-7 -7
-7 -7
-7 -7
-7 -7
-7 -7
-7 -7
-7 -7
-7 -7
-7 -7
-7 -7
-7 -7
-7 -7
-7 -7
-7 -7
-7 -7
-7 -7
-7 -7
-7 -7
-7 -7
-7 -7
-7 -7
-7 -7
-7 -7
-7 -7
-7 -7
-7 -7
-7 -7
-7 -7
-7 -7
-7 -7
-7 -7
-7 -7
-7 -7
-7 -7
-7 -7
-1 -9
-1 -9
-1 -9
-1 -9
-1 -9
-1 -9
-1 -9
-1 -9
-1 -9
-1 -9
-1 -9
-1 -9
-1 -9
-1 -9
-1 -9
-1 -9
-1 -9
-1 -9
-1 -9
-1 -9
-1 -9
-1 -9
-1 -9
-1 -9
-1 -9
-1 -9
-1 -9
-1 -9
-1 -9
-1 -9
-1 -9
-1 -9
-1 -9
-1 -9
-1 -9
-1 -9
-1 -9
-1 -9
-1 -9
-1 -9
-2 -6
-2 -6
-2 -6
1 -6
1 -6
1 -6
1 -6
1 -6
1 -6
1 -6
1 -6
1 -6
1 -6
1 -6
1 -6
1 -6
1 -6
1 -6
1 -6
1 -6
1 -6
1 -6
1 -6
1 -6
1 -6
1 -6
1 -6
1 -6
1 -6
1 -6
1 -6
1 -6
1 -6
1 -6
1 -6
1 -6
1 -6
1 -6
1 -6
1 -6
1 -6
1 -6
1 -6
1 -6
1 -6
1 -6
1 -6
1 -6
1 -6
1 -6
1 -6
1 -6
1 -6
1 -6
1 -6
1 -6
1 -6
1 -6
1 -6
1 -6
1 -6
1 -6
1 -6
1 -6
1 -6
1 -6
1 -6
1 -6
1 -6
1 -6
1 -6
1 -6
1 -6
1 -6
1 -6
1 -6
1 -6
1 -6
1 -6
1 -6
1 -6
1 -6
1 -6
1 -6
1 -6
1 -6
1 -6
1 -6
1 -6
1 -6
1 -6
1 -6
1 -6
1 -6
1 -6
1 -6
1 -6
1 -6
1 -6
1 -6
1 -6
1 -6
1 -6
1 -6
1 -6
1 -6
1 -6
1 -6
1 -6
1 -6
1 -6
1 -6
1 -6
1 -6
1 -6
1 -6
1 -6
1 -6
1 -6
1 -6
1 -6
1 -6
1 -6
1 -6
1 -6
1 -6
1 -6
1 -6
1 -6
1 -6
1 -6
1 -6
1 -6
1 -6
1 -6
1 -6
1 -6
1 -6
1 -6
1 -6
1 -6
1 -6
1 -6
1 -6
1 -6
1 -6
1 -6
1 -6
1 -6
1 -6
1 -6
1 -6
1 -6
1 -6
1 -6
1 -6
1 -6
1 -6
1 -6
1 -6
1 -6
1 -6
1 -6
1 -6
1 -6
1 -6
1 -6
1 -6
1 -6
1 -6
1 -6
1 -6
1 -6
1 -6
1 -6
1 -6
1 -6
1 -6
1 -6
1 -6
1 -6
1 -6
1 -6
1 -6
1 -6
1 -6
1 -6
1 -6
-1 -2
-1 -2
-1 -2
-1 -2
-1 -2
-1 -2
-1 -2
-1 -2
-1 -2
-1 -2
-1 -2
-1 -2
-1 -2
-1 -2
-1 -2
-1 -2
-1 -2
-1 -2
-1 -2
-1 -2
-1 -2
-1 -2
-1 -2
-1 -2
-1 -2
-1 -2
-1 -2
-1 -2
-1 -2
-1 -2
-1 -2
-1 -2
-1 -2
-1 -2
-1 -2
-1 -2
-1 -2
-1 -2
-1 -2
-1 -2
-1 -2
-1 -2
-1 -2
-1 -2
-1 -2
-1 -2
-1 -2
-1 -2
-1 -2
-1 -2
-1 -2
-1 -2
-1 -2
-1 -2
-1 -2
-1 -2
-1 -2
-1 -2
-1 -2
-1 -2
-1 -2
-1 -2
-1 -2
-1 -2
-1 -2
-1 -2
-1 -2
-1 -2
-1 -2
-1 -2
-1 -2
-1 -2
-1 -2
-1 -2
-1 -2
-1 -2
-1 -2
-1 -2
-1 -2
-1 -2
-1 -2
-1 -2
-1 -2
-1 -2
-1 -2
-1 -2
-1 -2
-1 -2
-1 -2
-1 -2
-1 -2
-1 -2
-1 -2
-1 -2
-1 -2
-1 -2
-1 -2
-1 -2
-1 -2
-1 -2
-1 -2
-1 -2
-1 -2
-1 -2
-1 -2
-1 -2
-1 -2
-1 -2
-1 -2
-1 -2
-1 -2
-1 -2
-1 -2
-1 -2
-1 -2
-1 -2
-1 -2
-1 -2
-1 -2
-1 -2
-1 -2
-1 -2
-1 -2
-1 -2
-1 -2
-1 -2
-1 -2
-1 -2
-1 -2
-1 -2
-1 -2
-1 -2
-1 0
-1 0
-1 0
-1 0
-1 0
-1 0
-1 0
-1 0
-1 0
-1 0
-1 0
-1 0
-1 0
-1 0
-1 0
-1 0
-1 0
-1 0
-1 0
-1 0
-1 0
-1 0
-1 0
-1 0
-1 0
-1 0
-1 0
-1 0
-1 0
-1 0
-1 0
-1 0
-1 0
-1 0
-1 0
-1 0
-1 0
-1 0
-1 0
-1 0
-1 0
-1 0
-1 0
-1 0
-1 0
-1 0
-1 0
-1 0
-1 0
-1 0
-1 0
-1 0
-1 0
-1 0
-1 0
-1 0
-1 0
-1 0
-1 0
-1 0
-1 0
-1 0
-1 0
-1 0
-1 0
-1 0
-1 0
-1 0
-1 0
-1 0
-1 0
-1 0
-1 0
-1 0
-1 0
-1 0
-1 0
-1 0
-1 0
-1 0
-1 0
-1 0
-1 0
-1 0
-1 0
-1 0
-1 0
-1 0
-1 0
-1 0
-1 0
-1 0
-1 0
-1 0
-1 0
-1 0
-1 0
-1 0
-1 0
-1 0
-1 0
-1 0
-1 0
-1 0
-1 0
-1 0
-1 0
-1 0
-1 0
-1 0
-1 0
-1 0
-1 0
-1 0
-1 0
-1 0
-1 0
-1 0
-1 0
-1 0
-1 0
-1 0
-1 0
-1 0
-1 0
-1 0
-1 0
-1 0
-1 0
-1 0
-1 0
-1 0
-1 0
-1 0
-1 0
-1 0
-1 0
-1 0
-1 0
-1 0
-1 0
-1 0
-1 0
-1 0
-1 0
-1 0
-1 0
-1 0
-1 0
-1 0
-1 0
-1 0
-1 0
-1 0
-1 0
-1 0
-1 0
-1 0
-1 0
-1 0
-1 0
-1 0
-1 0
-1 0
-1 0
-1 0
-1 0
-1 0
-1 0
-1 0
-1 0
-1 0
-1 0
-1 0
-1 0
-1 0
-1 0
-1 0
-1 0
-1 0
-1 0
-1 0
-1 0
-1 0
-1 0
-1 0
-1 0
-1 0
-1 0
-1 0
-1 0
-1 0
-1 0
-1 0
-1 0
-1 0
-1 0
-1 0
-1 0
-1 0
-1 0
-1 0
-1 0
-1 0
-1 0
-1 0
-1 0
-1 0
-1 0
-1 0
-1 0
-1 0
-1 0
-1 0
-1 0
-1 0
-1 0
-1 0
-1 0
-1 0
-1 0
-1 0
-1 0
-1 0
-1 0
-1 0
-1 0
-1 0
-1 0
-1 0
-1 0
-1 0
-1 0
-1 0
-1 0
-1 0
-1 0
-1 0
-1 0
-1 0
-1 0
-1 0
-1 0
-1 0
-1 0
-1 0
-1 0
-1 0
-1 0
-1 0
-1 0
-1 0
-1 0
-1 0
-1 0
-1 0
-1 0
-1 0
-1 0
-1 0
-1 0
-1 0
-1 0
-1 0
-1 0
-1 0
-1 0
-1 0
-1 0
-1 0
-1 0
-1 0
-1 0
-1 0
-1 0
-1 0
-1 0
-1 0
-1 0
-1 0
-1 0
-1 0
-1 0
-1 0
-1 0
-1 0
-1 0
-1 0
-1 0
-1 0
-1 0
-1 0
-1 0
-1 0
-1 0
-1 0
-1 0
-1 0
-1 0
-1 0
-1 0
-1 0
-1 0
-1 0
-1 0
-1 0
-1 0
-1 0
-1 0
-1 0
-1 0
-1 0
-1 0
-1 0
-1 0
-1 0
-1 0
-1 0
-1 0
-1 0
-1 0
-1 0
-1 0
-1 0
-1 0
-1 0
-1 0
-1 0
-1 0
-1 0
-1 0
-1 0
-1 0
-1 0
-1 0
-1 0
-1 0
-1 0
-1 0
-1 0
-1 0
-1 0
-1 0
-1 0
-1 0
-1 0
-1 0
-1 0
-1 0
-1 0
-1 0
-1 0
-1 0
-1 0
-1 0
-1 0
-1 0
-1 0
-1 0
-1 0
-1 0
-1 0
-1 0
-1 0
-1 0
-1 0
-1 0
-1 0
-1 0
-1 0
-1 0
-1 0
-1 0
-1 0
-1 0
-1 0
-1 0
-1 0
-1 0
-1 0
-1 0
-1 0
-1 0
-1 0
-1 0
-1 0
-1 0
-1 0
-1 0
-1 0
-1 0
-1 0
-1 0
-1 0
-1 0
-1 0
-1 0
-1 0
-1 0
-1 0
-1 0
-1 0
-1 0
-1 0
-1 0
-1 0
-1 0
-1 0
-1 0
-1 0
-1 0
-1 0
-1 0
-1 0
-1 0
-1 0
-1 0
-1 0
-1 0
-1 0
-1 0
-1 0
-1 0
-1 0
-1 0
-1 0
-1 0
-1 0
-1 0
-1 0
-1 0
-1 0
-1 0
-1 0
-1 0
-1 0
-1 0
-1 0
-1 0
-1 0
-1 0
-1 0
-1 0
-1 0
-1 0
-1 0
-1 0
-1 0
-1 0
-1 0
-1 0
-1 0
-1 0
-1 0
-1 0
-1 0
-1 0
-1 0
-1 0
-1 0
-1 0
-1 0
-1 0
-1 0
-1 0
-1 0
-1 0
-1 0
-1 0
-1 0
-1 0
-1 0
-1 0
-1 0
-1 0
-1 0
-1 0
-1 0
-1 0
-1 0
-1 0
-1 0
-1 0
-1 0
-1 0
-1 0
-1 0
-1 0
-1 0
-1 0
-1 0
-1 0
-1 0
-1 0
-1 0
-1 0
-1 0
-1 0
-1 0
-1 0
-1 0
-1 0
-1 0
-1 0
-1 0
-1 0
-1 0
-1 0
-1 0
-1 0
-1 0
-1 0
-1 0
-1 0
-1 0
-1 0
-1 0
-1 0
-1 0
-1 0
-1 0
-1 0
-1 0
-1 0
-1 0
-1 0
-1 0
-1 0
-1 0
-1 0
-1 0
-1 0
-1 0
-1 0
-1 0
-1 0
-1 0
-1 0
-1 0
-1 0
-1 0
-1 0
-1 0
-1 0
-1 0
-1 0
-1 0
-1 0
-1 0
-1 0
-1 0
-1 0
-1 0
-1 0
-1 0
-1 0
-1 0
-1 0
-1 0
-1 0
-1 0
-1 0
-1 0
-1 0
-1 0
-1 0
-1 0
-1 0
-1 0
-1 0
-1 0
-1 0
-1 0
-1 0
-1 0
-1 0
-1 0
-1 0
-1 0
-1 0
-1 0
-1 0
-1 0
-1 0
-1 0
-1 0
-1 0
-1 0
-1 0
-1 0
-1 0
-1 0
-1 0
-1 0
-1 0
-1 0
-1 0
-1 0
-1 0
-1 0
-1 0
-1 0
-1 0
-1 0
-1 0
-1 0
-1 0
-1 0
-1 0
-1 0
-1 0
-1 0
-1 0
-1 0
-1 0
-1 0
-1 0
-1 0
-1 0
-1 0
-1 0
-1 0
-1 0
-1 0
-1 0
-1 0
-1 0
-1 0
-1 0
-1 0
-1 0
-1 0
-1 0
-1 0
-1 0
-1 0
-1 0
-1 0
-1 0
-1 0
-1 0
-1 0
-1 0
-1 0
-1 0
-1 0
-1 0
-1 0
-1 0
-1 0
-1 0
-1 0
-1 0
-1 0
-1 0
-1 0
-1 0
-1 0
-1 0
-1 0
-1 0
-1 0
-1 0
-1 0
-1 0
-1 0
-1 0
-1 0
-1 0
-1 0
-1 0
-1 0
-1 0
-1 0
-1 0
-1 0
-1 0
-1 0
-1 0
-1 0
-1 0
-1 0
-1 0
-1 0
-1 0
-1 0
-1 0
-1 0
-1 0
-1 0
-1 0
-1 0
-1 0
-1 0
-1 0
-1 0
-1 0
-1 0
-1 0
-1 0
-1 0
-1 0
-1 0
-1 0
-1 0
-1 0
-1 0
-1 0
-1 0
-1 0
-1 0
-1 0
-1 0
-1 0
-1 0
-1 0
-1 0
-1 0
-1 0
-1 0
-1 0
-1 0
-1 0
-1 0
-1 0
-1 0
-1 0
-1 0
-1 0
-1 0
-1 0
-1 0
-1 0
-1 0
-1 0
-1 0
-1 0
-1 0
-1 0
-1 0
-1 0
-1 0
-1 0
-1 0
-1 0
-1 0
-1 0
-1 0
-1 0
-1 0
-1 0
-1 0
-1 0
-1 0
-1 0
-1 0
-1 0
-1 0
-1 0
-1 0
-1 0
-1 0
-1 0
-1 0
-1 0
-1 0
-1 0
-1 0
-1 0
-1 0
-1 0
-1 0
-1 0
-1 0
-1 0
-1 0
-1 0
-1 0
-1 0
-1 0
-1 0
-1 0
-1 0
-1 0
-1 0
-1 0
-1 0
-1 0
-1 0
-1 0
-1 0
-1 0
-1 0
-1 0
-1 0
-1 0
-1 0
-1 0
-1 0
-1 0
-1 0
-1 0
-1 0
-1 0
-1 0
-1 0
-1 0
-1 0
-1 0
-1 0
-1 0
-1 0
-1 0
-1 0
-1 0
-1 0
-1 0
-1 0
-1 0
-1 0
-1 0
-1 0
-1 0
-1 0
-1 0
-1 0
-1 0
-1 0
-1 0
-1 0
-1 0
-1 0
-1 0
-1 0
-1 0
-1 0
-1 0
-1 0
-1 0
-1 0
-1 0
-1 0
-1 0
-1 0
-1 0
-1 0
-1 0
-1 0
-1 0
-1 0
-1 0
-1 0
-1 0
-1 0
-1 0
-1 0
-1 0
-1 0
-1 0
-1 0
-1 0
-1 0
-1 0
-1 0
-1 0
-1 0
-1 0
-1 0
-1 0
-1 0
-1 0
-1 0
-1 0
-1 0
-1 0
-1 0
-1 0
-1 0
-1 0
-1 0
-1 0
-1 0
-1 0
-1 0
-1 0
-1 0
-1 0
-1 0
-1 0
-1 0
-1 0
-1 0
-1 0
-1 0
-1 0
-1 0
-1 0
-1 0
-1 0
-1 0
-1 0
-1 0
-1 0
-1 0
-1 0
-1 0
-1 0
-1 0
-1 0
-1 0
-1 0
-1 0
-1 0
-1 0
-1 0
-1 0
-1 0
-1 0
-1 0
-1 0
-1 0
-1 0
-1 0
-1 0
-1 0
-1 0
-1 0
-1 0
-1 0
-1 0
-1 0
-1 0
-1 0
-1 0
-1 0
-1 0
-1 0
-1 0
-1 0
-1 0
-1 0
-1 0
-1 0
-1 0
-1 0
-1 0
-1 0
-1 0
-1 0
-1 0
-1 0
-1 0
-1 0
-1 0
-1 0
-1 0
