1 -11
1 -11
1 -11
1 -11
1 -11
1 -11
1 -11
1 -11
1 -11
1 -11
1 -11
1 -11
1 -11
1 -11
1 -11
1 -11
1 -11
1 -11
1 -11
1 -11
1 -11
1 -11
1 -11
1 -11
1 -11
1 -11
1 -11
3 -15
3 -15
3 -15
3 -15
3 -15
3 -15
3 -15
3 -15
3 -15
3 -15
3 -15
3 -15
3 -15
3 -15
3 -15
3 -15
3 -15
3 -15
3 -15
3 -15
3 -15
1 -19
1 -19
1 -19
1 -19
1 -19
1 -19
1 -19
1 -19
1 -19
1 -19
1 -19
1 -19
1 -19
1 -19
1 -19
1 -19
1 -19
1 -19
1 -19
1 -19
1 -27
1 -27
1 -27
1 -27
1 -27
1 -27
1 -27
1 -27
1 -27
1 -27
1 -27
1 -27
1 -27
1 -27
1 -27
1 -27
1 -27
1 -27
1 -27
-1 -28
-1 -28
-1 -28
-1 -28
-1 -28
-1 -28
-1 -28
-1 -28
-1 -28
-1 -28
-1 -28
-1 -28
-1 -28
-1 -28
-1 -28
-1 -28
-1 -28
-1 -28
-1 -28
-1 -28
-1 -28
-1 -28
-1 -28
-1 -28
-1 -28
-1 -28
-1 -28
-1 -28
-1 -28
-1 -28
-1 -28
-1 -28
-1 -28
-1 -28
-1 -28
-1 -28
-1 -28
-1 -28
-1 -28
-1 -28
-1 -28
-1 -28
-1 -28
-1 -28
-1 -28
-1 -28
-1 -28
-1 -28
-1 -28
-1 -28
-1 -28
-1 -28
-1 -28
-1 -28
-1 -28
-1 -28
-1 -28
-1 -28
-1 -28
-1 -28
-1 -28
-1 -28
-1 -28
1 -42
1 -42
1 -42
1 -42
1 -42
1 -42
1 -42
1 -42
1 -42
1 -42
1 -42
1 -42
1 -42
1 -42
1 -42
1 -42
1 -42
1 -42
1 -42
1 -42
1 -42
1 -42
1 -42
1 -42
1 -42
1 -42
1 -42
1 -42
1 -42
1 -42
1 -42
1 -42
1 -42
1 -42
1 -42
1 -42
1 -42
1 -42
1 -42
1 -42
1 -42
1 -42
1 -42
1 -47
1 -47
1 -47
1 -47
1 -47
1 -47
1 -47
1 -47
1 -47
1 -47
1 -47
1 -47
1 -47
1 -47
1 -47
1 -47
1 -47
1 -47
1 -47
1 -47
-4 -51
-4 -51
-4 -51
-4 -51
-4 -51
-4 -51
-4 -51
-4 -51
-4 -51
-4 -51
-4 -51
-4 -51
-4 -51
-4 -51
-4 -51
-4 -51
-4 -51
-4 -51
-4 -51
-4 -51
-4 -51
-9 -50
-9 -50
-9 -50
-9 -50
-9 -50
-9 -50
-9 -50
-9 -50
-9 -50
-9 -50
-9 -50
-9 -50
-9 -50
-9 -50
-9 -50
-9 -50
-9 -50
-9 -50
-9 -50
-9 -50
-9 -50
-9 -50
-9 -50
-9 -50
-9 -50
-9 -50
-9 -50
-9 -50
-9 -50
-9 -50
-9 -50
-9 -50
-9 -50
-9 -50
-9 -50
-9 -50
-9 -50
-9 -50
-9 -50
-9 -50
-9 -50
-15 -52
-15 -52
-15 -52
-15 -52
-15 -52
-15 -52
-15 -52
-15 -52
-15 -52
-15 -52
-15 -52
-15 -52
-15 -52
-15 -52
-15 -52
-15 -52
-15 -52
-15 -52
-15 -52
-15 -52
-15 -52
-15 -52
-21 -54
-21 -54
-21 -54
-21 -54
-21 -54
-21 -54
-21 -54
-21 -54
-21 -54
-21 -54
-21 -54
-21 -54
-21 -54
-21 -54
-21 -54
-21 -54
-21 -54
-21 -54
-21 -54
-21 -54
-21 -54
-21 -54
-21 -54
-21 -54
-21 -54
-21 -54
-21 -54
-21 -54
-21 -54
-21 -54
-21 -54
-21 -54
-21 -54
-21 -54
-21 -54
-21 -54
-21 -54
-21 -54
-21 -54
-21 -54
-17 -60
-17 -60
-17 -60
-17 -60
-17 -60
-17 -60
-17 -60
-17 -60
-17 -60
-17 -60
-17 -60
-17 -60
-17 -60
-17 -60
-17 -60
-17 -60
-17 -60
-17 -60
-17 -60
-17 -60
-17 -60
-17 -60
-17 -60
-17 -60
-17 -60
-17 -60
-17 -60
-17 -60
-17 -60
-17 -60
-17 -60
-17 -60
-17 -60
-17 -60
-17 -60
-17 -60
-17 -60
-17 -60
-17 -60
-17 -60
-26 -67
-26 -67
-26 -67
-26 -67
-26 -67
-26 -67
-26 -67
-26 -67
-26 -67
-26 -67
-26 -67
-26 -67
-26 -67
-26 -67
-26 -67
-26 -67
-26 -67
-26 -67
-26 -67
-26 -67
-26 -67
-26 -67
-31 -59
-31 -59
-31 -59
-31 -59
-31 -59
-31 -59
-31 -59
-31 -59
-31 -59
-31 -59
-31 -59
-31 -59
-31 -59
-31 -59
-31 -59
-31 -59
-31 -59
-31 -59
-31 -59
-29 -63
-29 -63
-29 -63
-29 -63
-29 -63
-29 -63
-29 -63
-29 -63
-29 -63
-29 -63
-29 -63
-29 -63
-29 -63
-29 -63
-29 -63
-29 -63
-29 -63
-29 -63
-29 -63
-29 -63
-29 -63
-29 -63
-29 -63
-38 -72
-38 -72
-38 -72
-38 -72
-38 -72
-38 -72
-38 -72
-38 -72
-38 -72
-38 -72
-38 -72
-38 -72
-38 -72
-38 -72
-38 -72
-38 -72
-38 -72
-38 -72
-38 -72
-38 -72
-38 -72
-38 -72
-38 -72
-38 -72
-38 -72
-38 -72
-38 -72
-38 -72
-38 -72
-38 -72
-38 -72
-38 -72
-38 -72
-38 -72
-38 -72
-38 -72
-38 -72
-38 -72
-38 -72
-38 -72
-38 -72
-38 -72
-38 -72
-38 -72
-38 -72
-38 -72
-38 -72
-38 -72
-38 -72
-38 -72
-38 -72
-38 -72
-38 -72
-38 -72
-38 -72
-38 -72
-38 -72
-38 -72
-38 -72
-38 -72
-38 -72
-38 -72
-38 -72
-38 -72
-38 -72
-38 -72
-38 -72
-38 -72
-38 -72
-38 -72
-40 -65
-50 -66
-50 -66
-50 -66
-50 -66
-50 -66
-50 -66
-50 -66
-50 -66
-50 -66
-50 -66
-50 -66
-50 -66
-50 -66
-50 -66
-50 -66
-50 -66
-50 -66
-50 -66
-50 -66
-50 -66
-50 -66
-50 -66
-50 -66
-50 -66
-50 -66
-50 -66
-50 -66
-50 -66
-50 -66
-50 -66
-50 -66
-50 -66
-50 -66
-50 -66
-50 -66
-50 -66
-50 -66
-50 -66
-50 -66
-50 -66
-50 -66
-50 -66
-50 -66
-50 -66
-50 -66
-50 -66
-50 -66
-50 -66
-55 -74
-55 -74
-55 -74
-55 -74
-55 -74
-55 -74
-55 -74
-55 -74
-55 -74
-55 -74
-55 -74
-55 -74
-55 -74
-55 -74
-55 -74
-55 -74
-55 -74
-55 -74
-55 -74
-55 -74
-55 -74
-55 -74
-37 -57
-37 -57
-37 -57
-37 -57
-37 -57
-37 -57
-37 -57
-37 -57
-37 -57
-37 -57
-37 -57
-37 -57
-37 -57
-37 -57
-37 -57
-37 -57
-37 -57
-37 -57
-37 -57
-37 -57
-37 -57
-47 -75
-47 -75
-47 -75
-47 -75
-47 -75
-47 -75
-47 -75
-47 -75
-47 -75
-47 -75
-47 -75
-47 -75
-47 -75
-47 -75
-47 -75
-47 -75
-47 -75
-47 -75
-47 -75
-47 -75
-47 -75
-47 -75
-47 -75
-47 -75
-47 -75
-47 -75
-47 -75
-47 -75
-47 -75
-47 -75
-47 -75
-47 -75
-47 -75
-47 -75
-47 -75
-47 -75
-47 -75
-47 -75
-47 -75
-47 -75
-47 -75
-47 -75
-47 -75
-47 -75
-47 -75
-47 -75
-47 -75
-47 -75
-47 -75
-47 -75
-47 -75
-47 -75
-47 -75
-47 -75
-47 -75
-47 -75
-47 -75
-47 -75
-47 -75
-47 -75
-47 -75
-47 -75
-47 -75
-47 -75
-47 -75
-47 -75
-47 -75
-47 -75
-47 -75
-47 -75
-47 -75
-47 -75
-45 -73
-35 -66
-35 -66
-35 -66
-35 -66
-35 -66
-35 -66
-35 -66
-35 -66
-35 -66
-35 -66
-35 -66
-35 -66
-35 -66
-35 -66
-35 -66
-35 -66
-35 -66
-35 -66
-35 -66
-35 -66
-35 -66
-35 -66
-35 -66
-35 -66
-35 -66
-35 -66
-44 -82
-44 -82
-44 -82
-44 -82
-44 -82
-44 -82
-44 -82
-44 -82
-44 -82
-44 -82
-44 -82
-44 -82
-44 -82
-44 -82
-44 -82
-44 -82
-44 -82
-44 -82
-44 -82
-44 -82
-44 -82
-44 -82
-44 -82
-44 -82
-44 -82
-44 -82
-44 -82
-44 -82
-44 -82
-44 -82
-44 -82
-44 -82
-44 -82
-44 -82
-44 -82
-44 -82
-44 -82
-44 -82
-44 -82
-44 -82
-44 -82
-44 -82
-44 -82
-44 -82
-44 -82
-44 -82
-44 -82
-44 -82
-44 -82
-44 -82
-44 -82
-44 -82
-44 -82
-44 -82
-44 -82
-44 -82
-44 -82
-44 -82
-44 -82
-44 -82
-44 -82
-44 -82
-44 -82
-44 -82
-44 -82
-44 -82
-44 -82
-44 -82
-44 -82
-44 -82
-44 -82
-44 -82
-44 -82
-44 -82
-44 -82
-44 -82
-44 -82
-44 -82
-44 -82
-44 -82
-44 -82
-44 -82
-44 -82
-44 -82
-44 -82
-44 -82
-44 -82
-44 -82
-44 -82
-44 -82
-44 -82
-44 -82
-44 -82
-44 -82
-44 -82
-44 -82
-44 -82
-44 -82
-44 -82
-44 -82
-44 -82
-44 -82
-44 -82
-44 -82
-44 -82
-44 -82
-44 -82
-44 -82
-44 -82
-44 -82
-44 -82
-44 -82
-44 -82
-44 -82
-44 -82
-44 -82
-44 -82
-44 -82
-36 -65
-39 -55
-39 -55
-39 -55
-39 -55
-39 -55
-39 -55
-39 -55
-39 -55
-39 -55
-39 -55
-39 -55
-39 -55
-39 -55
-39 -55
-39 -55
-39 -55
-39 -55
-39 -55
-39 -55
-39 -55
-39 -55
-39 -55
-39 -55
-39 -55
-39 -55
-39 -55
-39 -55
-39 -55
-39 -55
-39 -55
-39 -55
-39 -55
-39 -55
-39 -55
-39 -55
-39 -55
-39 -55
-39 -55
-39 -55
-39 -55
-39 -55
-39 -55
-43 -51
-45 -56
-45 -56
-45 -56
-45 -56
-45 -56
-45 -56
-45 -56
-45 -56
-45 -56
-45 -56
-45 -56
-45 -56
-45 -56
-45 -56
-45 -56
-45 -56
-45 -56
-45 -56
-45 -56
-45 -56
-45 -56
-45 -56
-45 -56
-45 -56
-45 -56
-45 -56
-45 -56
-45 -56
-45 -56
-45 -56
-45 -56
-45 -56
-45 -56
-45 -56
-45 -56
-45 -56
-45 -56
-45 -56
-45 -56
-45 -56
-45 -56
-45 -56
-45 -56
-45 -56
-45 -56
-45 -56
-45 -56
-45 -56
-45 -56
-45 -56
-45 -56
-45 -56
-45 -56
-45 -56
-45 -56
-45 -56
-45 -56
-45 -56
-45 -56
-45 -56
-45 -56
-45 -56
-45 -56
-50 -34
-62 -51
-62 -51
-62 -51
-62 -51
-62 -51
-62 -51
-62 -51
-62 -51
-62 -51
-62 -51
-62 -51
-62 -51
-62 -51
-62 -51
-62 -51
-62 -51
-62 -51
-71 -43
-71 -43
-71 -43
-71 -43
-71 -43
-71 -43
-71 -43
-71 -43
-71 -43
-71 -43
-71 -43
-71 -43
-71 -43
-71 -43
-71 -43
-71 -43
-71 -43
-71 -43
-71 -43
-71 -43
-71 -43
-71 -43
-71 -43
-71 -43
-71 -43
-71 -43
-71 -43
-71 -43
-71 -43
-71 -43
-71 -43
-71 -43
-71 -43
-71 -43
-71 -43
-71 -43
-61 -36
-61 -36
-61 -36
-61 -36
-61 -36
-61 -36
-61 -36
-61 -36
-61 -36
-61 -36
-61 -36
-61 -36
-61 -36
-61 -36
-61 -36
-61 -36
-61 -36
-61 -36
-61 -36
-61 -36
-61 -36
-61 -36
-61 -36
-61 -36
-61 -36
-61 -36
-61 -36
-61 -36
-61 -36
-61 -36
-61 -36
-61 -36
-61 -36
-61 -36
-61 -36
-61 -36
-61 -36
-61 -36
-61 -36
-73 -30
-73 -30
-73 -30
-73 -30
-73 -30
-73 -30
-73 -30
-73 -30
-73 -30
-73 -30
-73 -30
-73 -30
-73 -30
-73 -30
-73 -30
-73 -30
-73 -30
-73 -30
-73 -30
-73 -30
-73 -30
-73 -30
-73 -30
-73 -30
-73 -30
-73 -30
-73 -30
-73 -30
-73 -30
-73 -30
-73 -30
-73 -30
-73 -30
-73 -30
-73 -30
-73 -30
-73 -30
-73 -30
-73 -30
-73 -30
-73 -30
-73 -30
-73 -30
-73 -30
-73 -30
-73 -30
-66 -21
-66 -21
-66 -21
-66 -21
-66 -21
-66 -21
-66 -21
-66 -21
-66 -21
-66 -21
-66 -21
-66 -21
-66 -21
-66 -21
-66 -21
-66 -21
-66 -21
-66 -21
-66 -21
-66 -21
-66 -21
-66 -15
-66 -15
-66 -15
-66 -15
-66 -15
-66 -15
-66 -15
-66 -15
-66 -15
-66 -15
-66 -15
-66 -15
-66 -15
-66 -15
-66 -15
-66 -15
-66 -15
-66 -15
-66 -15
-66 -15
-66 -15
-66 -15
-66 -15
-66 -15
-66 -15
-66 -15
-66 -15
-66 -15
-66 -15
-66 -15
-66 -15
-66 -15
-66 -15
-66 -15
-66 -15
-66 -15
-66 -15
-66 -15
-66 -15
-66 -15
-66 -15
-66 -15
-68 -18
-68 -18
-68 -18
-68 -18
-68 -18
-68 -18
-68 -18
-68 -18
-68 -18
-68 -18
-68 -18
-68 -18
-68 -18
-68 -18
-68 -18
-68 -18
-68 -18
-68 -18
-68 -18
-68 -18
-68 -18
-68 -18
-68 -18
-53 -16
-53 -16
-53 -16
-53 -16
-53 -16
-53 -16
-53 -16
-53 -16
-53 -16
-53 -16
-53 -16
-53 -16
-53 -16
-53 -16
-53 -16
-53 -16
-53 -16
-53 -16
-53 -16
-53 -16
-53 -16
-53 -16
-53 -16
-53 -16
-53 -16
-53 -16
-53 -16
-53 -16
-53 -16
-53 -16
-53 -16
-53 -16
-53 -16
-53 -16
-53 -16
-53 -16
-53 -16
-53 -16
-53 -16
-53 -16
-53 -16
-53 -16
-53 -16
-53 -16
-53 -16
-53 -16
-53 -16
-53 -16
-53 -16
-53 -16
-53 -16
-53 -16
-53 -16
-53 -16
-53 -16
-53 -16
-53 -16
-53 -16
-53 -16
-63 -15
-63 -15
-63 -15
-63 -15
-63 -15
-63 -15
-63 -15
-63 -15
-63 -15
-63 -15
-63 -15
-63 -15
-63 -15
-63 -15
-63 -15
-63 -15
-63 -15
-63 -15
-63 -15
-63 -15
-63 -15
-63 -15
-63 -15
-63 -15
-63 -15
-63 -15
-63 -15
-63 -15
-63 -15
-63 -15
-63 -15
-63 -15
-63 -15
-63 -15
-63 -15
-63 -15
-63 -15
-63 -15
-63 -15
-63 -15
-63 -15
-63 -15
-63 -15
-63 -15
-63 -15
-63 -15
-63 -15
-63 -15
-63 -15
-63 -15
-63 -15
-63 -15
-63 -15
-63 -15
-63 -15
-63 -15
-63 -15
-63 -15
-63 -15
-63 -15
-63 -15
-63 -15
-63 -15
-63 -15
-63 -15
-65 -4
-65 -4
-65 -4
-65 -4
-65 -4
-65 -4
-65 -4
-65 -4
-65 -4
-65 -4
-65 -4
-65 -4
-65 -4
-65 -4
-65 -4
-65 -4
-65 -4
-65 -4
-65 -4
-65 -4
-65 -4
-65 -4
-65 -4
-65 -4
-72 -4
-72 -4
-72 -4
-72 -4
-72 -4
-72 -4
-72 -4
-72 -4
-72 -4
-72 -4
-72 -4
-72 -4
-72 -4
-72 -4
-72 -4
-72 -4
-72 -4
-72 -4
-72 -4
-72 -4
-72 -4
-72 -4
-75 -3
-75 -3
-75 -3
-75 -3
-75 -3
-75 -3
-75 -3
-75 -3
-75 -3
-75 -3
-75 -3
-75 -3
-75 -3
-75 -3
-75 -3
-75 -3
-75 -3
-75 -3
-75 -3
-75 -3
-75 -3
-75 -3
-75 -3
-75 -3
-75 -3
-75 -3
-75 -3
-75 -3
-75 -3
-75 -3
-75 -3
-75 -3
-75 -3
-75 -3
-75 -3
-75 -3
-75 -3
-75 -3
-75 -3
-75 -3
-75 -3
-75 -3
-75 -3
-75 -3
-75 -3
-75 -3
-75 -3
-75 -3
-75 -3
-75 -3
-75 -3
-75 2
-75 2
-75 2
-75 2
-75 2
-75 2
-75 2
-75 2
-75 2
-75 2
-75 2
-75 2
-75 2
-75 2
-75 2
-75 2
-75 2
-75 2
-75 2
-75 2
-75 2
-75 2
-75 2
-75 2
-75 2
-75 2
-75 2
-75 2
-75 2
-75 2
-75 2
-85 11
-85 11
-85 11
-85 11
-85 11
-85 11
-85 11
-85 11
-85 11
-85 11
-85 11
-85 11
-85 11
-85 11
-85 11
-85 11
-85 11
-85 11
-75 4
-75 4
-75 4
-75 4
-75 4
-75 4
-75 4
-75 4
-75 4
-75 4
-75 4
-75 4
-75 4
-75 4
-75 4
-75 4
-75 4
-75 4
-75 4
-75 4
-75 4
-75 4
-75 4
-75 4
-75 4
-75 4
-75 4
-75 4
-75 4
-75 4
-75 4
-75 4
-75 4
-75 4
-75 4
-75 4
-75 4
-75 4
-75 4
-80 10
-80 10
-80 10
-80 10
-80 10
-80 10
-80 10
-80 10
-80 10
-80 10
-80 10
-80 10
-80 10
-80 10
-80 10
-80 10
-80 10
-80 10
-80 10
-80 10
-80 10
-80 10
-80 10
-80 10
-80 10
-80 10
-80 10
-80 10
-80 10
-80 10
-80 10
-80 10
-80 10
-80 10
-80 10
-80 10
-80 10
-80 10
-72 13
-72 13
-72 13
-72 13
-72 13
-72 13
-72 13
-72 13
-72 13
-72 13
-72 13
-72 13
-72 13
-72 13
-72 13
-72 13
-72 13
-72 13
-72 13
-72 13
-72 13
-72 13
-72 13
-72 13
-72 13
-72 13
-72 13
-72 13
-72 13
-72 13
-72 13
-72 13
-72 13
-72 13
-72 13
-72 13
-72 13
-72 13
-72 13
-72 13
-72 13
-72 13
-72 13
-72 13
-72 13
-72 13
-72 13
-72 13
-72 13
-72 13
-72 13
-72 13
-83 16
-80 24
-80 24
-80 24
-80 24
-80 24
-80 24
-80 24
-80 24
-80 24
-80 24
-80 24
-80 24
-80 24
-80 24
-80 24
-80 24
-80 24
-80 24
-73 36
-73 36
-73 36
-73 36
-73 36
-73 36
-73 36
-73 36
-73 36
-73 36
-73 36
-73 36
-73 36
-73 36
-73 36
-73 36
-73 36
-73 36
-73 36
-73 36
-73 36
-73 36
-73 36
-73 36
-73 36
-73 36
-73 36
-73 36
-73 36
-73 36
-73 36
-73 36
-73 36
-73 36
-73 36
-86 22
-86 22
-86 22
-86 22
-86 22
-86 22
-86 22
-86 22
-86 22
-86 22
-86 22
-86 22
-86 22
-86 22
-86 22
-86 22
-86 22
-86 22
-86 22
-86 22
-86 22
-86 22
-86 22
-86 22
-86 22
-86 22
-86 22
-86 22
-86 22
-86 22
-86 22
-86 22
-86 22
-86 22
-86 22
-86 22
-86 22
-86 22
-80 34
-75 36
-75 36
-75 36
-75 36
-75 36
-75 36
-75 36
-75 36
-75 36
-75 36
-75 36
-75 36
-75 36
-75 36
-75 36
-75 36
-75 36
-75 36
-75 36
-75 36
-75 36
-75 36
-75 36
-75 36
-75 36
-75 36
-75 36
-75 36
-75 36
-75 36
-75 36
-75 36
-75 36
-67 37
-67 37
-67 37
-67 37
-67 37
-67 37
-67 37
-67 37
-67 37
-67 37
-67 37
-67 37
-67 37
-67 37
-67 37
-67 37
-67 37
-67 37
-73 41
-73 41
-73 41
-73 41
-73 41
-73 41
-73 41
-73 41
-73 41
-73 41
-73 41
-73 41
-73 41
-73 41
-73 41
-73 41
-73 41
-73 41
-73 41
-73 41
-73 41
-73 41
-73 41
-73 41
-73 41
-73 41
-73 41
-73 41
-73 41
-73 41
-73 41
-73 41
-73 41
-73 41
-73 41
-63 45
-63 45
-63 45
-63 45
-63 45
-63 45
-63 45
-63 45
-63 45
-63 45
-63 45
-63 45
-63 45
-63 45
-63 45
-63 45
-63 45
-63 45
-63 45
-63 45
-63 45
-63 45
-63 45
-63 45
-63 45
-63 45
-63 45
-63 45
-63 45
-63 45
-63 45
-63 45
-63 45
-59 50
-59 50
-59 50
-59 50
-59 50
-59 50
-59 50
-59 50
-59 50
-59 50
-59 50
-59 50
-59 50
-59 50
-59 50
-59 50
-59 50
-59 50
-59 50
-59 50
-59 50
-59 50
-59 50
-59 50
-59 50
-59 50
-59 50
-59 50
-59 50
-59 50
-59 50
-59 50
-59 50
-59 50
-59 50
-57 48
-57 48
-57 48
-57 48
-57 48
-57 48
-57 48
-57 48
-57 48
-57 48
-57 48
-57 48
-57 48
-57 48
-57 48
-57 48
-57 48
-57 48
-51 45
-51 45
-51 45
-51 45
-51 45
-51 45
-51 45
-51 45
-51 45
-51 45
-51 45
-51 45
-51 45
-51 45
-51 45
-51 45
-51 45
-51 45
-51 45
-51 45
-51 45
-51 45
-51 45
-51 45
-51 45
-51 45
-51 45
-51 45
-51 45
-51 45
-51 45
-51 45
-45 49
-45 49
-45 49
-45 49
-45 49
-45 49
-45 49
-45 49
-45 49
-45 49
-45 49
-45 49
-45 49
-44 43
-44 43
-44 43
-44 43
-44 43
-44 43
-44 43
-44 43
-44 43
-44 43
-44 43
-44 43
-44 43
-44 43
-44 43
-44 43
-44 43
-44 43
-44 43
-44 43
-44 43
-44 43
-44 43
-44 43
-44 43
-44 43
-44 43
-44 43
-44 43
-44 43
-44 43
-44 43
-43 48
-43 48
-43 48
-43 48
-43 48
-43 48
-43 48
-43 48
-43 48
-43 48
-43 48
-43 48
-43 48
-43 48
-43 48
-43 48
-43 48
-43 48
-43 48
-43 48
-43 48
-43 48
-43 48
-43 48
-43 48
-43 48
-43 48
-43 48
-43 48
-43 48
-43 48
-43 48
-43 48
-35 48
-35 48
-35 48
-35 48
-35 48
-35 48
-35 48
-35 48
-35 48
-35 48
-35 48
-35 48
-35 48
-35 48
-35 48
-35 48
-35 48
-35 48
-35 48
-35 48
-35 48
-35 48
-35 48
-35 48
-35 48
-35 48
-35 48
-35 48
-35 48
-35 48
-35 48
-35 48
-35 48
-37 42
-37 42
-37 42
-37 42
-37 42
-37 42
-37 42
-37 42
-37 42
-37 42
-37 42
-37 42
-37 42
-37 42
-37 42
-37 42
-37 42
-28 41
-28 41
-28 41
-28 41
-28 41
-28 41
-28 41
-28 41
-28 41
-28 41
-28 41
-28 41
-28 41
-28 41
-28 41
-28 41
-28 41
-28 41
-43 44
-43 44
-43 44
-43 44
-43 44
-43 44
-43 44
-43 44
-43 44
-43 44
-43 44
-43 44
-43 44
-43 44
-43 44
-43 44
-43 44
-43 44
-43 44
-43 44
-43 44
-43 44
-43 44
-43 44
-43 44
-43 44
-43 44
-43 44
-43 44
-43 44
-43 44
-43 44
-43 44
-43 44
-43 44
-43 44
-43 44
-32 42
-32 42
-32 42
-32 42
-32 42
-32 42
-32 42
-32 42
-32 42
-32 42
-32 42
-32 42
-32 42
-32 42
-32 42
-32 42
-32 42
-32 42
-32 42
-32 42
-32 42
-32 42
-32 42
-32 42
-32 42
-32 42
-32 42
-32 42
-32 42
-32 42
-32 42
-32 42
-32 42
-32 42
-33 50
-33 50
-33 50
-33 50
-33 50
-33 50
-33 50
-33 50
-33 50
-33 50
-33 50
-33 50
-33 50
-33 50
-33 50
-33 50
-33 50
-33 50
-33 50
-33 50
-33 50
-33 50
-33 50
-33 50
-33 50
-33 50
-33 50
-33 50
-33 50
-33 50
-33 50
-33 50
-33 50
-33 50
-33 50
-33 45
-26 44
-26 44
-26 44
-26 44
-26 44
-26 44
-26 44
-26 44
-26 44
-26 44
-26 44
-26 44
-26 44
-26 44
-26 44
-26 44
-26 44
-26 44
-26 44
-26 44
-26 44
-26 44
-26 44
-26 44
-26 44
-26 44
-26 44
-26 44
-26 44
-26 44
-26 44
-26 44
-21 46
-21 46
-21 46
-21 46
-21 46
-21 46
-21 46
-21 46
-21 46
-21 46
-21 46
-21 46
-21 46
-21 46
-21 46
-21 46
-21 46
-21 46
-14 46
-14 46
-14 46
-14 46
-14 46
-14 46
-14 46
-14 46
-14 46
-14 46
-14 46
-14 46
-14 46
-14 46
-14 46
-14 46
-14 46
-14 46
-14 46
-14 46
-14 46
-14 46
-14 46
-14 46
-14 46
-14 46
-14 46
-14 46
-14 46
-14 46
-15 43
-15 43
-15 43
-15 43
-15 43
-15 43
-15 43
-15 43
-15 43
-15 43
-15 43
-15 43
-15 43
-15 43
-15 43
-15 43
-15 43
-15 43
-15 43
-15 43
-15 43
-15 43
-15 43
-15 43
-15 43
-15 43
-15 43
-15 43
-15 43
-15 43
-15 43
-15 43
-15 43
-15 45
-15 45
-15 45
-15 45
-15 45
-15 45
-15 45
-15 45
-15 45
-15 45
-15 45
-15 45
-15 45
-15 45
-15 45
-15 45
-15 45
-9 40
-9 40
-9 40
-9 40
-9 40
-9 40
-9 40
-9 40
-9 40
-9 40
-9 40
-9 40
-9 40
-9 40
-9 40
-9 40
-9 40
-9 40
-9 40
-9 40
-9 40
-9 40
-9 40
-9 40
-9 40
-9 40
-9 40
-9 40
-9 40
-9 40
-9 40
-5 38
-5 38
-5 38
-5 38
-5 38
-5 38
-5 38
-5 38
-5 38
-5 38
-5 38
-5 38
-5 38
-5 38
-5 38
-5 38
-4 37
-4 37
-4 37
-4 37
-4 37
-4 37
-4 37
-4 37
-4 37
-4 37
-4 37
-4 37
-4 37
-4 37
-4 37
-4 37
-4 37
-4 37
-4 37
-4 37
-4 37
-4 37
-4 37
-4 37
-4 37
-4 37
-4 37
-4 37
-4 37
-4 37
-4 37
-4 37
-4 37
0 36
0 36
0 36
0 36
0 36
0 36
0 36
0 36
0 36
0 36
0 36
0 36
0 36
0 36
0 36
0 36
0 36
0 36
0 36
0 36
0 36
0 36
0 36
0 36
0 36
0 36
0 36
0 36
0 36
0 36
0 36
0 36
0 36
0 36
0 36
2 35
2 35
2 35
2 35
2 35
2 35
2 35
2 35
2 35
2 35
2 35
2 35
2 35
2 35
2 35
2 35
2 35
2 35
2 35
2 35
2 35
2 35
2 35
2 35
2 35
2 35
2 35
2 35
2 35
2 35
2 35
2 35
2 35
2 35
2 35
2 35
2 35
4 34
4 34
4 34
4 34
4 34
4 34
4 34
4 34
4 34
4 34
4 34
4 34
4 34
4 34
4 34
4 34
4 34
4 34
4 34
4 34
4 34
4 34
4 34
4 34
4 34
4 34
4 34
4 34
4 34
4 34
4 34
4 34
4 34
4 34
2 33
2 33
2 33
2 33
2 33
2 33
2 33
2 33
2 33
2 33
2 33
2 33
2 33
2 33
2 33
2 33
2 33
2 33
2 33
2 33
2 30
2 30
2 30
2 30
2 30
2 30
2 30
2 30
2 30
2 30
2 30
2 30
2 30
2 30
2 30
2 30
2 30
2 30
2 30
2 30
2 30
2 30
2 30
2 30
2 30
2 30
2 30
2 30
2 30
2 30
2 30
2 30
2 30
2 30
2 30
2 30
2 30
2 30
2 30
2 30
2 30
2 30
2 30
2 30
2 30
2 30
2 30
2 30
2 30
3 33
3 33
3 33
3 33
3 33
3 33
3 33
3 33
3 33
3 33
3 33
3 33
3 33
3 33
3 33
3 33
3 33
3 33
3 33
3 33
3 33
3 33
3 33
3 33
3 33
3 33
3 33
3 33
3 33
3 33
3 33
3 33
3 33
3 33
3 33
3 33
3 33
3 33
3 33
3 33
3 33
3 33
2 34
2 34
2 34
2 34
2 34
2 34
2 34
2 34
2 34
2 34
2 34
2 34
2 34
2 34
2 34
2 34
2 34
2 34
2 34
2 34
2 34
2 34
2 34
2 34
2 34
3 36
3 36
3 36
3 36
3 36
3 36
3 36
3 36
3 36
3 36
3 36
3 36
3 36
3 36
3 36
3 36
3 36
3 36
3 36
3 36
3 36
3 36
3 36
3 36
3 36
3 36
5 29
5 29
5 29
5 29
5 29
5 29
5 29
5 29
5 29
5 29
5 29
5 29
5 29
5 29
5 29
5 29
5 29
5 29
5 29
5 29
5 29
5 29
5 29
5 29
5 29
5 29
5 29
5 29
5 29
5 29
5 29
5 29
5 29
5 29
5 29
5 29
5 29
5 29
5 29
5 29
5 29
5 29
5 29
5 29
5 29
5 29
5 29
5 29
5 29
5 29
5 29
5 29
5 29
0 31
0 31
0 31
0 31
0 31
0 31
0 31
0 31
0 31
0 31
0 31
0 31
0 31
0 31
0 31
0 31
0 31
0 31
0 31
0 31
0 31
0 31
0 31
0 31
0 31
0 31
0 31
0 31
0 31
0 31
0 31
0 31
0 31
0 31
0 31
0 31
0 31
0 31
0 31
0 31
0 31
0 31
0 31
0 31
0 31
0 31
0 31
0 31
0 31
0 31
0 31
0 31
0 31
0 39
-2 35
-2 35
-2 35
-2 35
-2 35
-2 35
-2 35
-2 35
-2 35
-2 35
-2 35
-2 35
-2 35
-2 35
-2 35
-2 35
-2 35
-2 35
-2 35
-2 35
-2 35
-2 35
-2 35
-2 35
-2 35
-2 35
-2 35
-2 35
-2 35
-2 35
-2 35
-2 35
-2 35
-2 35
-2 35
-2 35
-2 35
-2 35
-2 35
-2 35
-2 35
-2 35
-2 35
-2 35
-2 35
-2 35
3 37
3 37
3 37
3 37
3 37
3 37
3 37
3 37
3 37
3 37
3 37
3 37
3 37
3 37
3 37
3 37
3 37
0 39
0 39
0 39
0 39
0 39
0 39
0 39
0 39
0 39
0 39
0 39
0 39
0 39
0 39
0 39
0 39
0 39
0 39
0 39
0 39
0 39
0 39
0 39
0 39
0 39
0 39
0 39
0 39
0 39
0 39
0 39
0 39
0 39
0 39
-1 35
-1 35
-1 35
-1 35
-1 35
-1 35
-1 35
-1 35
-1 35
-1 35
-1 35
-1 35
-1 35
-1 35
-1 35
-1 35
-1 35
-1 35
-1 35
-1 35
-1 35
-1 35
-1 35
-1 35
-1 35
-1 35
-1 35
-1 35
-1 35
-1 35
-1 35
0 37
0 37
0 37
0 37
0 37
0 37
0 37
0 37
0 37
0 37
0 37
0 37
0 37
0 37
0 37
0 37
0 37
0 37
0 37
0 37
0 37
0 37
0 37
0 37
0 37
0 37
0 37
0 37
0 37
0 37
0 37
0 37
0 37
0 37
0 37
0 37
0 37
0 37
0 37
0 37
0 37
0 37
0 37
4 35
4 35
4 35
4 35
4 35
4 35
4 35
4 35
4 35
4 35
4 35
4 35
4 35
4 35
4 35
4 35
4 35
4 35
4 35
4 35
4 35
4 35
4 35
4 35
4 35
4 35
4 35
4 35
4 35
4 35
4 35
1 39
1 39
1 39
1 39
1 39
1 39
1 39
1 39
1 39
1 39
1 39
1 39
1 39
1 39
1 39
1 39
1 39
1 39
1 39
1 39
1 39
1 39
1 39
1 39
1 39
1 39
1 39
1 39
1 39
1 39
1 39
1 39
1 39
1 39
1 39
1 39
1 39
1 39
1 39
1 39
1 39
1 39
1 39
1 39
1 39
1 39
1 39
1 39
1 39
1 39
1 39
1 39
1 39
1 39
1 39
1 39
1 39
1 39
1 39
1 39
1 38
1 38
1 38
1 38
1 38
1 38
1 38
1 38
1 38
1 38
1 38
1 38
1 38
1 38
1 38
1 38
1 38
1 38
1 38
1 38
1 38
1 38
1 38
1 38
1 38
1 38
1 38
1 38
1 38
1 38
0 38
3 36
3 36
3 36
3 36
3 36
3 36
3 36
3 36
3 36
3 36
3 36
3 36
3 36
3 36
3 36
3 36
3 36
3 36
3 36
3 36
3 36
3 36
3 36
3 36
3 36
3 36
3 36
3 36
3 36
3 36
3 36
3 36
2 35
2 35
2 35
2 35
2 35
2 35
2 35
2 35
2 35
2 35
2 35
2 35
2 35
2 35
2 35
2 35
1 36
1 36
1 36
1 36
1 36
1 36
1 36
1 36
1 36
1 36
1 36
1 36
1 36
1 36
1 36
0 28
0 28
0 28
0 28
0 28
0 28
0 28
0 28
0 28
0 28
0 28
0 28
0 28
0 28
0 28
0 28
0 28
0 28
0 28
0 28
0 28
0 28
0 28
0 28
0 28
0 28
0 28
0 28
0 28
0 28
0 28
0 28
0 28
1 33
1 33
1 33
1 33
1 33
1 33
1 33
1 33
1 33
1 33
1 33
1 33
1 33
1 33
1 33
1 33
1 33
1 33
1 33
1 33
1 33
1 33
1 33
1 33
1 33
1 33
1 33
1 33
1 33
1 33
1 33
1 33
1 33
0 35
0 35
0 35
0 35
0 35
0 35
0 35
0 35
0 35
0 35
0 35
0 35
0 35
0 35
0 35
0 35
0 35
0 35
0 35
0 35
0 35
0 35
0 35
0 35
0 35
0 35
0 35
0 35
0 35
0 35
0 35
0 35
0 35
0 35
0 35
0 35
0 35
0 33
0 33
0 33
0 33
0 33
0 33
0 33
0 33
0 33
0 33
0 33
0 33
0 33
0 33
0 33
0 33
0 33
0 33
1 31
1 31
1 31
1 31
1 31
1 31
1 31
1 31
1 31
1 31
1 31
1 31
1 31
1 31
1 31
1 31
1 31
1 31
1 31
1 31
1 31
1 31
1 31
1 31
1 31
1 31
1 31
1 31
1 31
1 31
1 31
1 31
2 34
2 34
2 34
2 34
2 34
2 34
2 34
2 34
2 34
2 34
2 34
2 34
2 34
2 34
2 34
2 34
2 34
2 34
2 34
2 34
2 34
2 34
2 34
2 34
2 34
2 34
2 34
2 34
2 34
2 34
2 34
2 34
3 35
-1 38
-1 38
-1 38
-1 38
-1 38
-1 38
-1 38
-1 38
-1 38
-1 38
-1 38
-1 38
-1 38
-1 38
-1 38
-1 38
-1 38
-1 38
-1 38
-1 38
-1 38
-1 38
-1 38
-1 38
-1 38
-1 38
-1 38
-1 38
-1 38
-1 38
-1 38
2 44
2 44
2 44
2 44
2 44
2 44
2 44
2 44
2 44
2 44
2 44
2 44
2 44
2 44
2 44
0 40
0 40
0 40
0 40
0 40
0 40
0 40
0 40
0 40
0 40
0 40
0 40
0 40
0 40
0 40
0 40
0 40
0 40
0 40
0 40
0 40
0 40
0 40
0 40
0 40
0 40
0 40
0 40
0 40
0 40
0 40
0 40
0 40
-1 45
-1 45
-1 45
-1 45
-1 45
-1 45
-1 45
-1 45
-1 45
-1 45
-1 45
-1 45
-1 45
-1 45
-1 45
-1 45
-1 45
-1 45
3 43
3 43
3 43
3 43
3 43
3 43
3 43
3 43
3 43
3 43
3 43
3 43
3 43
3 43
3 43
3 43
3 43
3 43
3 43
3 43
3 43
3 43
3 43
3 43
3 43
3 43
3 43
3 43
3 43
3 43
3 43
3 43
3 43
3 43
3 43
3 43
3 43
3 43
3 43
3 43
3 43
3 43
3 43
3 43
3 43
3 43
3 43
3 43
6 44
6 44
6 44
6 44
6 44
6 44
6 44
6 44
6 44
6 44
6 44
6 44
6 44
6 44
6 44
6 44
6 44
6 44
6 47
6 47
6 47
6 47
6 47
6 47
6 47
6 47
6 47
6 47
6 47
6 47
6 47
6 47
6 47
6 47
6 47
6 47
10 49
10 49
10 49
10 49
10 49
10 49
10 49
10 49
10 49
10 49
10 49
10 49
10 49
10 49
10 49
10 49
10 49
10 49
10 49
10 49
10 49
10 49
10 49
10 49
10 49
10 49
10 49
10 49
10 49
10 49
10 49
10 49
10 49
9 44
9 44
9 44
9 44
9 44
9 44
9 44
9 44
9 44
9 44
9 44
9 44
9 44
9 44
9 44
9 44
9 44
9 44
9 44
9 44
9 44
9 44
9 44
9 44
9 44
9 44
9 44
9 44
9 44
9 44
9 44
9 44
9 44
13 50
13 50
13 50
13 50
13 50
13 50
13 50
13 50
13 50
13 50
13 50
13 50
13 50
13 50
13 50
13 50
13 50
13 50
13 50
13 50
13 50
13 50
13 50
13 50
13 50
13 50
13 50
13 50
13 50
13 50
13 50
13 50
19 50
23 53
23 53
23 53
23 53
23 53
23 53
23 53
23 53
23 53
23 53
23 53
23 53
23 53
23 53
23 53
23 53
23 53
25 53
25 53
25 53
25 53
25 53
25 53
25 53
25 53
25 53
25 53
25 53
25 53
25 53
25 53
25 53
25 53
25 53
25 53
25 53
25 53
25 53
25 53
25 53
25 53
25 53
25 53
25 53
25 53
25 53
25 53
25 53
25 53
25 53
23 47
23 47
23 47
23 47
23 47
23 47
23 47
23 47
23 47
23 47
23 47
23 47
23 47
23 47
23 47
23 47
31 55
31 55
31 55
31 55
31 55
31 55
31 55
31 55
31 55
31 55
31 55
31 55
31 55
31 55
31 55
31 55
31 55
31 55
31 55
31 55
31 55
31 55
31 55
31 55
31 55
31 55
31 55
31 55
31 55
31 55
31 55
30 49
30 49
30 49
30 49
30 49
30 49
30 49
30 49
30 49
30 49
30 49
30 49
30 49
30 49
30 49
30 49
30 49
30 49
30 49
30 49
30 49
30 49
30 49
30 49
30 49
30 49
30 49
30 49
30 49
30 49
30 49
30 49
35 50
35 50
35 50
35 50
35 50
35 50
35 50
35 50
35 50
35 50
35 50
35 50
35 50
35 50
35 50
35 50
35 50
33 44
33 44
33 44
33 44
33 44
33 44
33 44
33 44
33 44
33 44
33 44
33 44
33 44
33 44
33 44
33 44
33 44
33 41
33 41
33 41
33 41
33 41
33 41
33 41
33 41
33 41
33 41
33 41
33 41
33 41
33 41
33 41
33 41
40 51
40 51
40 51
40 51
40 51
40 51
40 51
40 51
40 51
40 51
40 51
40 51
40 51
40 51
40 51
40 51
40 51
40 51
40 51
40 51
40 51
40 51
40 51
40 51
40 51
40 51
40 51
40 51
40 51
40 51
40 51
40 51
40 51
48 44
48 44
48 44
48 44
48 44
48 44
48 44
48 44
48 44
48 44
48 44
48 44
48 44
48 44
48 44
48 44
48 44
48 44
48 44
48 44
48 44
48 44
48 44
48 44
48 44
48 44
48 44
48 44
48 44
48 44
48 44
48 44
47 37
58 41
58 41
58 41
58 41
58 41
58 41
58 41
58 41
58 41
58 41
58 41
58 41
58 41
58 41
58 41
58 41
58 41
58 41
58 41
58 41
58 41
58 41
58 41
58 41
58 41
58 41
58 41
58 41
58 41
58 41
58 40
58 40
58 40
58 40
58 40
58 40
58 40
58 40
58 40
58 40
58 40
58 40
58 40
58 40
58 40
58 40
58 40
50 32
50 32
50 32
50 32
50 32
50 32
50 32
50 32
50 32
50 32
50 32
50 32
50 32
50 32
50 32
50 32
50 32
50 32
50 32
50 32
50 32
50 32
50 32
50 32
50 32
50 32
50 32
50 32
50 32
50 32
50 32
50 32
50 32
50 32
50 32
50 32
55 30
55 30
55 30
55 30
55 30
55 30
55 30
55 30
55 30
55 30
55 30
55 30
55 30
55 30
55 30
55 30
55 30
55 30
64 32
64 32
64 32
64 32
64 32
64 32
64 32
64 32
64 32
64 32
64 32
64 32
64 32
64 32
64 32
64 32
64 32
64 32
64 32
64 32
64 32
64 32
64 32
64 32
64 32
64 32
64 32
64 32
64 32
64 32
64 32
64 32
64 32
64 32
64 32
64 32
64 32
64 32
64 32
58 28
58 28
58 28
58 28
58 28
58 28
58 28
58 28
58 28
58 28
58 28
58 28
58 28
58 28
58 28
58 28
58 28
58 28
58 28
58 28
58 28
58 28
58 28
58 28
58 28
58 28
58 28
58 28
58 28
58 28
58 28
58 28
58 28
58 28
58 28
58 28
58 28
65 24
65 24
65 24
65 24
65 24
65 24
65 24
65 24
65 24
65 24
65 24
65 24
65 24
65 24
65 24
65 24
65 24
62 17
62 17
62 17
62 17
62 17
62 17
62 17
62 17
62 17
62 17
62 17
62 17
62 17
62 17
62 17
62 17
62 17
62 17
62 17
62 17
62 17
62 17
62 17
62 17
62 17
62 17
62 17
62 17
62 17
62 17
62 17
62 17
62 17
62 17
62 17
62 17
62 17
63 18
63 18
63 18
63 18
63 18
63 18
63 18
63 18
63 18
63 18
63 18
63 18
63 18
63 18
63 18
63 18
63 18
63 18
63 18
63 18
63 18
63 18
63 18
63 18
63 18
63 18
63 18
63 18
63 18
63 18
63 18
63 18
63 18
63 18
63 18
63 18
63 18
68 16
68 16
68 16
68 16
68 16
68 16
68 16
68 16
68 16
68 16
68 16
68 16
68 16
68 16
68 16
68 16
68 16
67 11
67 11
67 11
67 11
67 11
67 11
67 11
67 11
67 11
67 11
67 11
67 11
67 11
67 11
67 11
67 11
67 11
67 11
67 11
67 11
67 11
67 11
67 11
67 11
67 11
67 11
67 11
67 11
67 11
67 11
67 11
67 11
67 11
67 11
67 11
67 8
67 8
73 7
73 7
73 7
73 7
73 7
73 7
73 7
73 7
73 7
73 7
73 7
73 7
73 7
73 7
73 7
73 7
73 7
73 7
73 7
73 7
73 7
73 7
73 7
73 7
73 7
73 7
73 7
73 7
73 7
73 7
73 7
73 7
73 7
73 7
73 7
73 7
67 3
67 3
67 3
67 3
67 3
67 3
67 3
67 3
67 3
67 3
67 3
67 3
67 3
67 3
67 3
67 3
67 3
67 3
67 3
67 3
67 3
67 3
67 3
67 3
67 3
72 1
72 1
72 1
72 1
72 1
72 1
72 1
72 1
72 1
72 1
72 1
72 1
72 1
72 1
72 1
72 1
72 1
72 1
72 1
72 1
72 1
72 1
72 1
72 1
72 1
72 1
72 1
72 1
72 1
72 1
72 1
72 1
72 1
72 1
72 1
72 1
72 1
72 1
72 1
72 1
72 1
72 1
72 1
72 1
72 1
72 1
72 1
72 1
72 1
72 1
72 1
72 1
70 -2
70 -2
70 -2
70 -2
70 -2
70 -2
70 -2
70 -2
70 -2
70 -2
70 -2
70 -2
70 -2
70 -2
70 -2
70 -2
70 -2
70 -2
70 -2
70 -2
70 -2
70 -2
70 -2
70 -2
70 -2
70 -2
70 -2
70 -2
70 -2
70 -2
70 -2
70 -2
70 -2
70 -2
70 -2
70 -2
70 -2
70 -2
70 -2
70 -2
70 -2
70 -2
70 -2
70 -2
70 -2
70 -2
70 -2
70 -2
70 -2
70 -2
70 -2
70 -2
70 -2
73 -3
76 -4
76 -4
76 -4
76 -4
76 -4
76 -4
76 -4
76 -4
76 -4
76 -4
76 -4
76 -4
76 -4
76 -4
76 -4
76 -4
76 -4
76 -4
76 -4
76 -4
76 -4
76 -4
76 -4
76 -4
76 -4
76 -4
76 -4
76 -4
76 -4
76 -4
76 -4
76 -4
76 -4
76 -4
76 -4
76 -4
76 -4
76 -4
76 -4
76 -4
76 -4
76 -4
76 -4
76 -4
76 -4
76 -4
76 -4
76 -4
76 -4
76 -4
76 -4
76 -4
76 -4
76 -3
76 -3
76 -3
76 -3
76 -3
76 -3
76 -3
76 -3
76 -3
76 -3
76 -3
76 -3
76 -3
76 -3
76 -3
76 -3
76 -3
76 -3
76 -3
76 -3
76 -3
76 -3
76 -3
76 -3
76 -3
76 -3
77 -9
77 -9
77 -9
77 -9
77 -9
77 -9
77 -9
77 -9
77 -9
77 -9
77 -9
77 -9
77 -9
77 -9
77 -9
77 -9
77 -9
79 -12
79 -12
79 -12
79 -12
79 -12
79 -12
79 -12
79 -12
79 -12
79 -12
79 -12
79 -12
79 -12
79 -12
79 -12
79 -12
79 -12
79 -12
79 -12
79 -12
79 -12
79 -12
79 -12
79 -12
79 -12
79 -12
79 -12
79 -12
79 -12
79 -12
79 -12
79 -12
79 -12
79 -12
79 -12
79 -12
79 -12
79 -12
79 -12
79 -12
79 -12
79 -12
79 -12
79 -12
79 -12
79 -12
79 -12
79 -12
79 -12
79 -12
79 -12
79 -12
79 -12
79 -12
79 -12
79 -12
79 -12
79 -12
79 -12
79 -12
79 -12
79 -12
79 -12
80 -9
82 -21
82 -21
82 -21
82 -21
82 -21
82 -21
82 -21
82 -21
82 -21
82 -21
82 -21
82 -21
82 -21
82 -21
82 -21
82 -21
82 -21
82 -21
82 -21
82 -21
82 -21
82 -21
82 -21
82 -21
82 -21
82 -21
82 -21
82 -21
82 -21
82 -21
82 -21
82 -21
82 -21
82 -21
82 -21
82 -21
82 -21
83 -25
76 -25
76 -25
76 -25
76 -25
76 -25
76 -25
76 -25
76 -25
76 -25
76 -25
76 -25
76 -25
76 -25
76 -25
76 -25
76 -25
76 -25
76 -25
76 -25
76 -25
76 -25
76 -25
73 -25
73 -25
73 -25
73 -25
73 -25
73 -25
73 -25
73 -25
73 -25
73 -25
73 -25
73 -25
73 -25
73 -25
73 -25
73 -25
73 -25
73 -25
73 -25
73 -25
73 -25
73 -25
73 -25
73 -25
73 -25
73 -25
73 -25
73 -25
77 -38
77 -38
77 -38
77 -38
77 -38
77 -38
77 -38
77 -38
77 -38
77 -38
77 -38
77 -38
77 -38
77 -38
77 -38
77 -38
77 -38
77 -38
77 -38
77 -38
77 -38
77 -38
77 -38
77 -38
77 -38
77 -38
77 -38
77 -38
77 -38
77 -38
77 -38
77 -38
77 -38
77 -38
77 -38
77 -38
77 -38
77 -38
77 -38
77 -38
77 -38
77 -38
77 -38
77 -38
77 -38
77 -38
77 -38
70 -33
70 -33
70 -33
70 -33
70 -33
70 -33
70 -33
70 -33
70 -33
70 -33
70 -33
70 -33
70 -33
70 -33
70 -33
70 -33
70 -33
70 -33
70 -33
70 -33
70 -33
70 -33
70 -33
70 -33
70 -33
70 -33
70 -33
70 -33
70 -33
70 -33
70 -33
70 -33
70 -33
70 -33
70 -33
70 -33
70 -33
70 -33
70 -33
70 -33
65 -38
71 -50
71 -50
71 -50
71 -50
71 -50
71 -50
71 -50
71 -50
71 -50
71 -50
71 -50
71 -50
71 -50
71 -50
71 -50
71 -50
71 -50
71 -50
71 -50
71 -50
71 -50
71 -50
71 -50
71 -50
71 -50
71 -50
71 -50
71 -50
71 -50
71 -50
71 -50
71 -50
71 -50
71 -50
71 -50
71 -50
71 -50
71 -50
62 -46
62 -46
62 -46
62 -46
62 -46
62 -46
62 -46
62 -46
62 -46
62 -46
62 -46
62 -46
62 -46
62 -46
62 -46
62 -46
62 -46
62 -46
50 -45
50 -45
50 -45
50 -45
50 -45
50 -45
50 -45
50 -45
50 -45
50 -45
50 -45
50 -45
50 -45
50 -45
50 -45
50 -45
50 -45
50 -45
50 -45
51 -51
51 -51
51 -51
51 -51
51 -51
51 -51
51 -51
51 -51
51 -51
51 -51
51 -51
51 -51
51 -51
51 -51
51 -51
51 -51
51 -51
51 -51
51 -51
51 -51
51 -51
51 -51
51 -51
51 -51
51 -51
51 -51
51 -51
51 -51
51 -51
51 -51
51 -51
51 -51
51 -51
51 -51
51 -51
51 -51
51 -51
51 -51
51 -51
51 -51
51 -51
51 -51
51 -51
51 -51
51 -51
51 -51
51 -51
51 -51
51 -51
51 -51
51 -51
51 -51
51 -51
51 -51
51 -51
51 -51
51 -51
51 -51
51 -51
51 -51
51 -51
51 -51
51 -51
51 -51
51 -51
51 -51
51 -51
51 -51
51 -51
51 -51
51 -51
51 -51
51 -51
51 -51
51 -51
51 -51
51 -51
42 -56
42 -56
42 -56
42 -56
42 -56
42 -56
42 -56
42 -56
42 -56
42 -56
42 -56
42 -56
42 -56
42 -56
42 -56
42 -56
42 -56
42 -56
42 -56
42 -56
42 -56
42 -56
42 -56
42 -56
42 -56
42 -56
42 -56
42 -56
42 -56
42 -56
42 -56
42 -56
42 -56
42 -56
42 -56
32 -62
32 -62
32 -62
32 -62
32 -62
32 -62
32 -62
32 -62
32 -62
32 -62
32 -62
32 -62
32 -62
32 -62
32 -62
32 -62
32 -62
32 -62
34 -63
34 -63
34 -63
34 -63
34 -63
34 -63
34 -63
34 -63
34 -63
34 -63
34 -63
34 -63
34 -63
34 -63
34 -63
34 -63
34 -63
34 -63
34 -63
34 -63
34 -63
34 -63
34 -63
34 -63
34 -63
34 -63
34 -63
34 -63
34 -63
34 -63
34 -63
34 -63
34 -63
27 -64
27 -64
27 -64
27 -64
27 -64
27 -64
27 -64
27 -64
27 -64
27 -64
27 -64
27 -64
27 -64
27 -64
27 -64
27 -64
27 -64
27 -64
27 -64
27 -64
27 -64
27 -64
27 -64
27 -64
27 -64
27 -64
27 -64
27 -64
27 -64
27 -64
27 -64
27 -64
27 -64
16 -63
16 -63
16 -63
16 -63
16 -63
16 -63
16 -63
16 -63
16 -63
16 -63
16 -63
16 -63
16 -63
16 -63
16 -63
16 -63
16 -63
16 -63
16 -63
16 -63
16 -63
16 -63
16 -63
16 -63
16 -63
16 -63
16 -63
16 -63
16 -63
16 -63
16 -63
16 -63
16 -63
16 -63
16 -63
16 -63
16 -63
16 -63
16 -63
23 -71
23 -71
23 -71
23 -71
23 -71
23 -71
23 -71
23 -71
23 -71
23 -71
23 -71
23 -71
23 -71
23 -71
23 -71
23 -71
23 -71
23 -71
23 -71
23 -71
21 -73
21 -73
21 -73
21 -73
21 -73
21 -73
21 -73
21 -73
21 -73
21 -73
21 -73
21 -73
21 -73
21 -73
21 -73
21 -73
21 -73
21 -73
21 -73
21 -73
21 -73
21 -73
21 -73
21 -73
21 -73
21 -73
21 -73
21 -73
21 -73
21 -73
21 -73
21 -73
21 -73
21 -73
21 -73
21 -73
21 -73
21 -73
21 -73
21 -73
21 -73
21 -73
21 -73
21 -73
21 -73
21 -73
21 -73
21 -73
21 -73
21 -73
21 -73
21 -73
21 -73
21 -73
21 -73
21 -73
21 -73
21 -73
21 -73
21 -73
21 -73
21 -73
21 -73
21 -73
21 -73
21 -73
21 -73
21 -73
21 -73
21 -73
21 -73
21 -73
21 -73
21 -73
21 -73
21 -73
21 -73
21 -73
21 -73
21 -73
21 -73
21 -73
21 -73
21 -73
21 -73
21 -73
21 -73
21 -73
21 -73
21 -73
21 -73
21 -73
21 -73
21 -73
21 -73
21 -73
21 -73
21 -73
21 -73
21 -73
21 -73
21 -73
21 -73
21 -73
21 -73
14 -67
4 -65
4 -65
4 -65
4 -65
4 -65
4 -65
4 -65
4 -65
4 -65
4 -65
4 -65
4 -65
4 -65
4 -65
4 -65
4 -65
0 -60
0 -60
0 -60
0 -60
0 -60
0 -60
0 -60
0 -60
0 -60
0 -60
0 -60
0 -60
0 -60
0 -60
0 -60
0 -60
-1 -61
-1 -61
-1 -61
-1 -61
-1 -61
-1 -61
-1 -61
-1 -61
-1 -61
-1 -61
-1 -61
-1 -61
-1 -61
-1 -61
-1 -61
-1 -61
-1 -61
-1 -61
-1 -61
-1 -61
-1 -61
-1 -61
-1 -61
-1 -61
-1 -61
-1 -61
-1 -61
-1 -61
-1 -61
-1 -61
-1 -61
-1 -61
-1 -61
-1 -61
-1 -61
-4 -59
-4 -59
-4 -59
-4 -59
-4 -59
-4 -59
-4 -59
-4 -59
-4 -59
-4 -59
-4 -59
-4 -59
-4 -59
-4 -59
-4 -59
-4 -59
-4 -59
-4 -59
-4 -59
-4 -59
-4 -59
-4 -59
-4 -59
-4 -59
-4 -59
-4 -59
-4 -59
-4 -59
-4 -59
-4 -59
-4 -59
-4 -59
-4 -59
-4 -59
-4 -59
-4 -59
-4 -59
-5 -53
-5 -53
-5 -53
-5 -53
-5 -53
-5 -53
-5 -53
-5 -53
-5 -53
-5 -53
-5 -53
-5 -53
-5 -53
-5 -53
-5 -53
-5 -53
-5 -53
-8 -54
-8 -54
-8 -54
-8 -54
-8 -54
-8 -54
-8 -54
-8 -54
-8 -54
-8 -54
-8 -54
-8 -54
-8 -54
-8 -54
-8 -54
-8 -54
-8 -54
-8 -54
-8 -54
-8 -54
-8 -54
-8 -54
-8 -54
-8 -54
-8 -54
-8 -54
-8 -54
-8 -54
-8 -54
-8 -54
-8 -54
-8 -54
-7 -46
-11 -40
-11 -40
-11 -40
-11 -40
-11 -40
-11 -40
-11 -40
-11 -40
-11 -40
-11 -40
-11 -40
-11 -40
-11 -40
-11 -40
-11 -40
-11 -40
-11 -40
-11 -40
-11 -40
-11 -40
-11 -40
-11 -40
-11 -40
-11 -40
-11 -40
-11 -40
-11 -40
-11 -40
-11 -40
-11 -40
-11 -40
-11 -40
-11 -40
-11 -40
-11 -40
-11 -40
-11 -40
-11 -40
-11 -40
-11 -40
-11 -40
-11 -40
-11 -40
-11 -40
-11 -40
-11 -40
-11 -40
-11 -40
-11 -40
-11 -40
-11 -40
-10 -38
-12 -32
-12 -32
-12 -32
-12 -32
-12 -32
-12 -32
-12 -32
-12 -32
-12 -32
-12 -32
-12 -32
-12 -32
-12 -32
-12 -32
-12 -32
-12 -32
-12 -32
-12 -32
-12 -32
-12 -32
-12 -32
-12 -32
-12 -32
-12 -32
-12 -32
-12 -32
-12 -32
-12 -32
-12 -32
-12 -32
-12 -32
-12 -32
-12 -32
-12 -32
-12 -32
-12 -32
-12 -32
-11 -27
-11 -27
-11 -27
-11 -27
-11 -27
-11 -27
-11 -27
-11 -27
-11 -27
-11 -27
-11 -27
-11 -27
-11 -27
-11 -27
-11 -27
-11 -27
-11 -27
-11 -27
-11 -27
-11 -27
-11 -27
-11 -27
-11 -27
-11 -27
-11 -27
-11 -27
-11 -27
-11 -27
-11 -27
-11 -27
-11 -27
-11 -27
-11 -27
-11 -27
-11 -27
-11 -27
-11 -27
-11 -27
-11 -27
-11 -27
-11 -27
-11 -27
-11 -27
-11 -27
-11 -27
-11 -27
-11 -27
-11 -27
-11 -27
-11 -27
-11 -27
-11 -27
-11 -27
-11 -27
-11 -27
-11 -27
-11 -27
-11 -27
-11 -27
-11 -27
-11 -27
-11 -27
-11 -27
-11 -27
-11 -27
-11 -27
-11 -27
-11 -27
-11 -27
-11 -27
-11 -27
-10 -22
-10 -22
-10 -22
-10 -22
-10 -22
-10 -22
-10 -22
-10 -22
-10 -22
-10 -22
-10 -22
-10 -22
-10 -22
-10 -22
-10 -22
-10 -22
-10 -22
-10 -22
-8 -13
-8 -13
-8 -13
-8 -13
-8 -13
-8 -13
-8 -13
-8 -13
-8 -13
-8 -13
-8 -13
-8 -13
-8 -13
-8 -13
-8 -13
-8 -13
-8 -13
-8 -13
-8 -13
-8 -13
-8 -13
-8 -13
-8 -13
-8 -13
-8 -13
-8 -13
-8 -13
-8 -13
-8 -13
-8 -13
-8 -13
-8 -13
-8 -13
-3 -10
-3 -10
-3 -10
-3 -10
-3 -10
-3 -10
-3 -10
-3 -10
-3 -10
-3 -10
-3 -10
-3 -10
-3 -10
-3 -10
-3 -10
-3 -10
-3 -10
1 -2
1 -2
1 -2
1 -2
1 -2
1 -2
1 -2
1 -2
1 -2
1 -2
1 -2
1 -2
1 -2
1 -2
1 -2
1 -2
1 -2
1 -2
1 -2
1 -2
1 -2
1 -2
1 -2
1 -2
1 -2
1 -2
1 -2
1 -2
1 -2
1 -2
1 -2
1 -2
1 -2
1 -2
1 -2
-1 2
-1 2
-1 2
-1 2
-1 2
-1 2
-1 2
-1 2
-1 2
-1 2
-1 2
-1 2
-1 2
-1 2
-1 2
-1 2
-1 2
-1 2
-1 2
-1 2
-1 2
-1 2
-1 2
-1 2
-1 2
-1 2
-1 2
-1 2
-1 2
-1 2
-1 2
-1 2
-1 2
-1 2
-1 2
-1 2
-1 2
-1 2
-1 2
-1 2
-1 2
-1 2
-1 2
-1 2
-1 2
-1 2
-1 2
-1 2
-1 2
0 1
0 1
0 1
0 1
0 1
0 1
0 1
0 1
0 1
0 1
0 1
0 1
0 1
0 1
0 1
0 1
0 1
0 1
0 1
0 1
0 1
0 1
0 1
0 1
0 1
0 1
0 1
0 1
0 1
0 1
0 1
0 1
0 1
0 1
0 1
0 1
0 1
0 1
0 1
0 1
0 1
0 1
0 1
0 1
0 1
0 1
0 1
0 1
0 1
0 1
0 1
0 1
0 1
0 1
0 1
0 1
0 1
0 1
0 1
0 1
0 1
0 1
0 1
0 1
0 1
0 1
0 1
0 1
0 1
0 1
0 1
0 1
0 1
0 1
0 1
0 1
0 1
0 1
0 1
0 1
0 1
0 1
0 1
0 1
0 1
0 1
0 1
0 1
0 1
0 1
0 1
0 1
0 1
0 1
0 1
0 1
0 1
0 1
0 1
0 1
0 1
0 1
0 1
0 1
0 1
0 1
0 1
0 1
0 1
0 1
0 1
0 1
0 1
0 1
0 1
0 1
0 1
0 1
0 1
0 1
0 1
-1 0
-1 0
-1 0
-1 0
-1 0
-1 0
-1 0
-1 0
-1 0
-1 0
-1 0
-1 0
-1 0
-1 0
-1 0
-1 0
-1 0
-1 0
-1 0
-1 0
-1 0
-1 0
-1 0
-1 0
-1 0
-1 0
-1 0
-1 0
-1 0
-1 0
-1 0
-1 0
-1 0
-1 0
-1 0
-1 0
-1 0
-1 0
-1 0
-1 0
-1 0
-1 0
-1 0
-1 0
-1 0
-1 0
-1 0
-1 0
-1 0
-1 0
-1 0
-1 0
-1 0
-1 0
-1 0
-1 0
-1 0
-1 0
-1 0
-1 0
-1 0
-1 0
-1 0
-1 0
-1 0
-1 0
-1 0
-1 0
-1 0
-1 0
-1 0
-1 0
-1 0
-1 0
-1 0
-1 0
-1 0
-1 0
-1 0
-1 0
-1 0
-1 0
-1 0
-1 0
-1 0
-1 0
-1 0
-1 0
-1 0
-1 0
-1 0
-1 0
-1 0
-1 0
-1 0
-1 0
-1 0
-1 0
-1 0
-1 0
-1 0
-1 0
-1 0
-1 0
-1 0
-1 0
-1 0
-1 0
-1 0
-1 0
-1 0
-1 0
-1 0
-1 0
-1 0
-1 0
-1 0
-1 0
-1 0
-1 0
-1 0
-1 0
-1 0
-1 0
-1 0
-1 0
-1 0
-1 0
-1 0
-1 0
-1 0
-1 0
-1 0
-1 0
-1 0
-1 0
-1 0
-1 0
-1 0
-1 0
-1 0
-1 0
-1 0
-1 0
-1 0
-1 0
-1 0
-1 0
-1 0
-1 0
-1 0
-1 0
-1 0
-1 0
-1 0
-1 0
-1 0
-1 0
-1 0
-1 0
-1 0
-1 0
-1 0
-1 0
-1 0
-1 0
-1 0
-1 0
-1 0
-1 0
-1 0
-1 0
-1 0
-1 0
-1 0
-1 0
-1 0
-1 0
-1 0
-1 0
-1 0
-1 0
-1 0
-1 0
-1 0
-1 0
-1 0
-1 0
-1 0
-1 0
-1 0
-1 0
-1 0
-1 0
-1 0
-1 0
-1 0
-1 0
-1 0
-1 0
-1 0
-1 0
-1 0
-1 0
-1 0
-1 0
-1 0
-1 0
-1 0
-1 0
-1 0
-1 0
-1 0
-1 0
-1 0
-1 0
-1 0
-1 0
-1 0
-1 0
-1 0
-1 0
-1 0
-1 0
-1 0
-1 0
-1 0
-1 0
-1 0
-1 0
-1 0
-1 0
-1 0
-1 0
-1 0
-1 0
-1 0
-1 0
-1 0
-1 0
-1 0
-1 0
-1 0
-1 0
-1 0
-1 0
-1 0
-1 0
-1 0
-1 0
-1 0
-1 0
-1 0
-1 0
-1 0
-1 0
-1 0
-1 0
-1 0
-1 0
-1 0
-1 0
-1 0
-1 0
-1 0
-1 0
-1 0
-1 0
-1 0
-1 0
-1 0
-1 0
-1 0
-1 0
-1 0
-1 0
-1 0
-1 0
-1 0
-1 0
-1 0
-1 0
-1 0
-1 0
-1 0
-1 0
-1 0
-1 0
-1 0
-1 0
-1 0
-1 0
-1 0
-1 0
-1 0
-1 0
-1 0
-1 0
-1 0
-1 0
-1 0
-1 0
-1 0
-1 0
-1 0
-1 0
-1 0
-1 0
-1 0
-1 0
-1 0
-1 0
-1 0
-1 0
-1 0
-1 0
-1 0
-1 0
-1 0
-1 0
-1 0
-1 0
-1 0
-1 0
-1 0
-1 0
-1 0
-1 0
-1 0
-1 0
-1 0
-1 0
-1 0
-1 0
-1 0
-1 0
-1 0
-1 0
-1 0
-1 0
-1 0
-1 0
-1 0
-1 0
-1 0
-1 0
-1 0
-1 0
-1 0
-1 0
-1 0
-1 0
-1 0
-1 0
-1 0
-1 0
-1 0
-1 0
-1 0
-1 0
-1 0
-1 0
-1 0
-1 0
-1 0
-1 0
-1 0
-1 0
-1 0
-1 0
-1 0
-1 0
-1 0
-1 0
-1 0
-1 0
-1 0
-1 0
-1 0
-1 0
-1 0
-1 0
-1 0
-1 0
-1 0
-1 0
-1 0
-1 0
-1 0
-1 0
-1 0
-1 0
-1 0
-1 0
-1 0
-1 0
-1 0
-1 0
-1 0
-1 0
-1 0
-1 0
-1 0
-1 0
-1 0
-1 0
-1 0
-1 0
-1 0
-1 0
-1 0
-1 0
-1 0
-1 0
-1 0
-1 0
-1 0
-1 0
-1 0
-1 0
-1 0
-1 0
-1 0
-1 0
-1 0
-1 0
-1 0
-1 0
-1 0
-1 0
-1 0
-1 0
-1 0
-1 0
-1 0
-1 0
-1 0
-1 0
-1 0
-1 0
-1 0
-1 0
-1 0
-1 0
-1 0
-1 0
-1 0
-1 0
-1 0
-1 0
-1 0
-1 0
-1 0
-1 0
-1 0
-1 0
-1 0
-1 0
-1 0
-1 0
-1 0
-1 0
-1 0
-1 0
-1 0
-1 0
-1 0
-1 0
-1 0
-1 0
-1 0
-1 0
-1 0
-1 0
-1 0
-1 0
-1 0
-1 0
-1 0
-1 0
-1 0
-1 0
-1 0
-1 0
-1 0
-1 0
-1 0
-1 0
-1 0
-1 0
-1 0
-1 0
-1 0
-1 0
-1 0
-1 0
-1 0
-1 0
-1 0
-1 0
-1 0
-1 0
-1 0
-1 0
-1 0
-1 0
-1 0
-1 0
-1 0
-1 0
-1 0
-1 0
-1 0
-1 0
-1 0
-1 0
-1 0
-1 0
-1 0
-1 0
-1 0
-1 0
-1 0
-1 0
-1 0
-1 0
-1 0
-1 0
-1 0
-1 0
-1 0
-1 0
-1 0
-1 0
-1 0
-1 0
-1 0
-1 0
-1 0
-1 0
-1 0
-1 0
-1 0
-1 0
-1 0
-1 0
-1 0
-1 0
-1 0
-1 0
-1 0
-1 0
-1 0
-1 0
-1 0
-1 0
-1 0
-1 0
-1 0
-1 0
-1 0
-1 0
-1 0
-1 0
-1 0
-1 0
-1 0
-1 0
-1 0
-1 0
-1 0
-1 0
-1 0
-1 0
-1 0
-1 0
-1 0
-1 0
-1 0
-1 0
-1 0
-1 0
-1 0
-1 0
-1 0
-1 0
-1 0
-1 0
-1 0
-1 0
-1 0
-1 0
-1 0
-1 0
-1 0
-1 0
-1 0
-1 0
-1 0
-1 0
-1 0
-1 0
-1 0
-1 0
-1 0
-1 0
-1 0
-1 0
-1 0
-1 0
-1 0
-1 0
-1 0
-1 0
-1 0
-1 0
-1 0
-1 0
-1 0
-1 0
-1 0
-1 0
-1 0
-1 0
-1 0
-1 0
-1 0
-1 0
-1 0
-1 0
-1 0
-1 0
-1 0
-1 0
-1 0
-1 0
-1 0
-1 0
-1 0
-1 0
-1 0
-1 0
-1 0
-1 0
-1 0
-1 0
-1 0
-1 0
-1 0
-1 0
-1 0
-1 0
-1 0
-1 0
-1 0
-1 0
-1 0
-1 0
-1 0
-1 0
-1 0
-1 0
-1 0
-1 0
-1 0
-1 0
-1 0
-1 0
-1 0
-1 0
-1 0
-1 0
-1 0
-1 0
-1 0
-1 0
-1 0
-1 0
-1 0
-1 0
-1 0
-1 0
-1 0
-1 0
-1 0
-1 0
-1 0
-1 0
-1 0
-1 0
-1 0
-1 0
-1 0
-1 0
-1 0
-1 0
-1 0
-1 0
-1 0
-1 0
-1 0
-1 0
-1 0
-1 0
-1 0
-1 0
-1 0
-1 0
-1 0
-1 0
-1 0
-1 0
-1 0
-1 0
-1 0
-1 0
-1 0
-1 0
-1 0
-1 0
-1 0
-1 0
-1 0
-1 0
-1 0
-1 0
-1 0
-1 0
-1 0
-1 0
-1 0
-1 0
-1 0
-1 0
-1 0
-1 0
-1 0
-1 0
-1 0
-1 0
-1 0
-1 0
-1 0
-1 0
-1 0
-1 0
-1 0
-1 0
-1 0
-1 0
-1 0
-1 0
-1 0
-1 0
-1 0
-1 0
-1 0
-1 0
-1 0
-1 0
-1 0
-1 0
-1 0
-1 0
-1 0
-1 0
-1 0
-1 0
-1 0
-1 0
-1 0
-1 0
-1 0
-1 0
-1 0
-1 0
-1 0
-1 0
-1 0
-1 0
-1 0
-1 0
-1 0
-1 0
-1 0
-1 0
-1 0
-1 0
-1 0
-1 0
-1 0
-1 0
-1 0
-1 0
-1 0
-1 0
-1 0
-1 0
-1 0
-1 0
-1 0
-1 0
-1 0
-1 0
-1 0
-1 0
-1 0
-1 0
-1 0
-1 0
-1 0
-1 0
-1 0
-1 0
-1 0
-1 0
-1 0
-1 0
-1 0
-1 0
-1 0
-1 0
-1 0
-1 0
-1 0
-1 0
-1 0
-1 0
-1 0
-1 0
-1 0
-1 0
-1 0
-1 0
-1 0
-1 0
-1 0
-1 0
-1 0
-1 0
-1 0
-1 0
-1 0
-1 0
-1 0
-1 0
-1 0
-1 0
-1 0
-1 0
-1 0
-1 0
-1 0
-1 0
-1 0
-1 0
-1 0
-1 0
-1 0
-1 0
-1 0
-1 0
-1 0
-1 0
-1 0
-1 0
-1 0
-1 0
-1 0
-1 0
-1 0
-1 0
-1 0
-1 0
-1 0
-1 0
-1 0
-1 0
-1 0
-1 0
-1 0
-1 0
-1 0
-1 0
-1 0
-1 0
-1 0
-1 0
-1 0
-1 0
-1 0
-1 0
-1 0
-1 0
-1 0
-1 0
-1 0
-1 0
-1 0
-1 0
-1 0
-1 0
-1 0
-1 0
-1 0
-1 0
-1 0
-1 0
-1 0
-1 0
-1 0
-1 0
-1 0
-1 0
-1 0
-1 0
-1 0
-1 0
-1 0
-1 0
-1 0
-1 0
-1 0
-1 0
-1 0
-1 0
-1 0
-1 0
-1 0
-1 0
-1 0
-1 0
-1 0
-1 0
-1 0
-1 0
-1 0
-1 0
-1 0
-1 0
-1 0
-1 0
-1 0
-1 0
-1 0
-1 0
-1 0
-1 0
-1 0
-1 0
-1 0
-1 0
-1 0
-1 0
-1 0
-1 0
-1 0
-1 0
-1 0
-1 0
-1 0
-1 0
-1 0
-1 0
-1 0
-1 0
-1 0
-1 0
-1 0
-1 0
-1 0
-1 0
-1 0
-1 0
-1 0
-1 0
-1 0
-1 0
-1 0
-1 0
-1 0
-1 0
-1 0
-1 0
-1 0
-1 0
-1 0
-1 0
-1 0
-1 0
-1 0
-1 0
-1 0
-1 0
-1 0
-1 0
-1 0
-1 0
-1 0
-1 0
-1 0
-1 0
-1 0
-1 0
-1 0
-1 0
-1 0
-1 0
-1 0
-1 0
-1 0
-1 0
-1 0
-1 0
-1 0
-1 0
-1 0
-1 0
-1 0
-1 0
-1 0
-1 0
-1 0
-1 0
-1 0
-1 0
-1 0
-1 0
-1 0
-1 0
-1 0
-1 0
-1 0
-1 0
-1 0
-1 0
-1 0
-1 0
-1 0
-1 0
-1 0
-1 0
-1 0
-1 0
-1 0
-1 0
-1 0
-1 0
-1 0
-1 0
-1 0
-1 0
-1 0
-1 0
-1 0
-1 0
-1 0
-1 0
-1 0
-1 0
-1 0
-1 0
-1 0
-1 0
-1 0
-1 0
-1 0
-1 0
-1 0
-1 0
-1 0
-1 0
-1 0
-1 0
-1 0
-1 0
-1 0
-1 0
-1 0
-1 0
-1 0
-1 0
-1 0
-1 0
-1 0
-1 0
-1 0
-1 0
-1 0
-1 0
-1 0
-1 0
-1 0
-1 0
-1 0
-1 0
-1 0
-1 0
-1 0
-1 0
-1 0
-1 0
-1 0
-1 0
-1 0
-1 0
-1 0
-1 0
-1 0
-1 0
-1 0
-1 0
-1 0
-1 0
-1 0
-1 0
-1 0
-1 0
-1 0
-1 0
-1 0
-1 0
-1 0
-1 0
-1 0
-1 0
-1 0
-1 0
-1 0
-1 0
-1 0
-1 0
-1 0
-1 0
-1 0
-1 0
-1 0
-1 0
-1 0
-1 0
-1 0
-1 0
-1 0
-1 0
-1 0
-1 0
-1 0
-1 0
-1 0
-1 0
-1 0
-1 0
-1 0
-1 0
-1 0
-1 0
-1 0
-1 0
-1 0
-1 0
-1 0
-1 0
-1 0
-1 0
-1 0
-1 0
-1 0
-1 0
-1 0
-1 0
-1 0
-1 0
-1 0
-1 0
-1 0
-1 0
-1 0
-1 0
-1 0
-1 0
-1 0
-1 0
-1 0
-1 0
-1 0
-1 0
-1 0
-1 0
-1 0
-1 0
-1 0
-1 0
-1 0
-1 0
-1 0
-1 0
-1 0
-1 0
-1 0
-1 0
-1 0
-1 0
-1 0
-1 0
-1 0
-1 0
-1 0
-1 0
-1 0
-1 0
-1 0
-1 0
-1 0
-1 0
-1 0
-1 0
-1 0
-1 0
-1 0
-1 0
-1 0
-1 0
-1 0
-1 0
-1 0
-1 0
-1 0
-1 0
-1 0
-1 0
-1 0
-1 0
-1 0
-1 0
-1 0
-1 0
-1 0
-1 0
-1 0
-1 0
-1 0
-1 0
-1 0
-1 0
-1 0
-1 0
-1 0
-1 0
-1 0
-1 0
-1 0
-1 0
-1 0
-1 0
-1 0
-1 0
-1 0
-1 0
-1 0
-1 0
-1 0
-1 0
-1 0
-1 0
-1 0
-1 0
-1 0
-1 0
-1 0
-1 0
-1 0
-1 0
-1 0
-1 0
-1 0
-1 0
-1 0
-1 0
-1 0
-1 0
-1 0
-1 0
-1 0
-1 0
-1 0
-1 0
-1 0
-1 0
-1 0
-1 0
-1 0
-1 0
-1 0
-1 0
-1 0
-1 0
-1 0
-1 0
-1 0
-1 0
-1 0
-1 0
-1 0
-1 0
-1 0
-1 0
-1 0
-1 0
-1 0
-1 0
-1 0
-1 0
-1 0
-1 0
-1 0
-1 0
-1 0
-1 0
-1 0
-1 0
-1 0
-1 0
-1 0
-1 0
-1 0
-1 0
-1 0
-1 0
-1 0
-1 0
-1 0
-1 0
-1 0
-1 0
-1 0
-1 0
-1 0
-1 0
-1 0
-1 0
-1 0
-1 0
-1 0
-1 0
-1 0
-1 0
-1 0
-1 0
-1 0
-1 0
-1 0
-1 0
-1 0
-1 0
-1 0
-1 0
-1 0
-1 0
-1 0
-1 0
-1 0
-1 0
-1 0
-1 0
-1 0
-1 0
-1 0
-1 0
-1 0
-1 0
-1 0
-1 0
-1 0
-1 0
-1 0
-1 0
-1 0
-1 0
-1 0
-1 0
-1 0
-1 0
-1 0
-1 0
-1 0
-1 0
-1 0
-1 0
-1 0
-1 0
-1 0
-1 0
-1 0
-1 0
-1 0
-1 0
-1 0
-1 0
-1 0
-1 0
-1 0
-1 0
-1 0
-1 0
-1 0
-1 0
-1 0
-1 0
-1 0
-1 0
-1 0
-1 0
-1 0
-1 0
-1 0
-1 0
-1 0
-1 0
-1 0
-1 0
-1 0
-1 0
-1 0
-1 0
-1 0
-1 0
-1 0
-1 0
-1 0
-1 0
-1 0
-1 0
-1 0
-1 0
-1 0
-1 0
-1 0
-1 0
-1 0
-1 0
-1 0
-1 0
-1 0
-1 0
-1 0
-1 0
-1 0
-1 0
-1 0
-1 0
-1 0
-1 0
-1 0
-1 0
-1 0
-1 0
-1 0
-1 0
-1 0
-1 0
-1 0
-1 0
-1 0
-1 0
-1 0
-1 0
-1 0
-1 0
-1 0
-1 0
-1 0
-1 0
-1 0
-1 0
-1 0
-1 0
-1 0
-1 0
-1 0
-1 0
-1 0
-1 0
-1 0
-1 0
-1 0
-1 0
-1 0
-1 0
-1 0
-1 0
-1 0
-1 0
-1 0
-1 0
-1 0
-1 0
-1 0
-1 0
-1 0
-1 0
-1 0
-1 0
-1 0
-1 0
-1 0
-1 0
-1 0
-1 0
-1 0
-1 0
-1 0
-1 0
-1 0
-1 0
-1 0
-1 0
-1 0
-1 0
-1 0
-1 0
-1 0
-1 0
-1 0
-1 0
-1 0
-1 0
-1 0
-1 0
-1 0
-1 0
-1 0
-1 0
-1 0
-1 0
-1 0
-1 0
-1 0
-1 0
-1 0
-1 0
-1 0
-1 0
-1 0
-1 0
-1 0
-1 0
-1 0
-1 0
-1 0
-1 0
-1 0
-1 0
-1 0
-1 0
-1 0
-1 0
-1 0
-1 0
-1 0
-1 0
-1 0
-1 0
-1 0
-1 0
-1 0
-1 0
-1 0
-1 0
-1 0
-1 0
-1 0
-1 0
-1 0
-1 0
-1 0
-1 0
-1 0
0 4
0 4
0 4
0 4
0 4
0 4
0 4
0 4
0 4
0 4
0 4
0 4
0 4
0 4
0 4
0 4
0 4
0 4
0 4
0 4
0 4
0 4
0 4
0 4
0 4
0 4
0 4
0 4
0 4
0 4
0 4
0 4
0 4
0 4
0 4
0 4
0 4
0 2
0 2
0 2
0 2
0 2
0 2
0 2
0 2
0 2
0 2
0 2
0 2
0 2
0 2
0 2
0 2
0 2
0 2
0 2
0 2
0 2
0 2
0 2
0 2
0 2
0 2
0 2
0 2
0 2
0 2
0 2
0 2
0 2
0 2
0 2
0 2
0 2
0 2
0 2
0 2
0 2
0 2
0 2
0 2
0 2
0 2
0 2
0 2
0 2
0 2
0 2
0 2
0 2
0 2
0 2
0 2
0 2
0 2
0 2
0 2
0 2
0 2
0 2
0 2
0 2
0 2
0 2
0 2
0 2
0 2
0 2
0 2
0 2
0 2
0 2
0 2
0 2
0 2
0 2
0 2
0 2
0 2
