6 -10
4 -4
3 -4
3 -3
4 -5
6 -6
8 -5
9 -6
8 -9
9 -7
9 -11
10 -12
10 -14
12 -16
9 -18
11 -14
11 -16
10 -13
4 -10
3 -8
2 -7
1 -4
5 2
8 0
6 4
3 0
4 2
4 4
4 3
3 1
1 1
5 3
3 2
5 1
4 1
1 0
7 2
5 0
7 1
8 1
6 0
7 0
10 -1
8 -1
11 0
17 -1
15 1
17 0
16 -1
15 0
10 0
11 1
12 0
12 -1
10 1
1 2
6 1
6 3
9 3
9 5
12 3
13 4
9 1
10 3
8 6
3 3
4 6
2 7
3 9
4 7
2 5
2 6
3 6
1 6
1 4
1 5
2 3
3 4
2 4
1 3
3 7
3 5
0 2
0 1
2 2
0 5
-1 5
-2 6
-2 3
-1 6
-4 6
-2 7
-3 8
-4 8
-6 12
-6 10
-6 9
-3 7
-2 4
-1 2
-1 1
-1 3
-4 5
-8 7
-7 6
-3 2
-5 1
-2 -1
-2 2
-3 3
-6 3
-3 4
-6 4
-8 1
-8 6
-5 3
-7 2
-10 5
-7 3
-7 5
-12 6
-9 5
-13 6
-10 4
-12 7
-14 3
-13 4
-13 3
-8 0
-6 1
-12 5
-13 5
-11 3
-10 0
-7 0
-6 0
-3 1
-1 0
-12 0
-20 2
-19 3
-14 2
-12 1
-5 -2
-4 -2
-4 -1
-3 -2
-8 -1
-7 -2
-9 -1
-9 -3
-3 -6
-3 -8
-5 -4
-6 -1
-6 -4
-3 -3
-2 -5
-4 -5
-8 -3
-9 -2
-5 -1
-7 -6
-4 -7
-3 -4
0 -6
-1 -5
-4 -6
-3 0
-4 -3
-1 -3
-1 -4
-3 -1
-3 -5
-2 -4
-1 -1
-2 0
-2 -6
0 -4
0 -3
0 -2
-5 -5
-6 -3
-3 -7
-2 -7
-2 -3
-1 -2
-2 -2
0 -1
