3 -4
6 -4
4 -4
1 -1
2 -5
3 -6
4 -7
3 -5
4 -6
2 -3
3 -2
1 -3
1 -6
6 -6
8 -8
9 -6
6 -9
5 -4
6 -3
8 -4
7 -3
5 -3
5 -2
4 -3
6 -5
8 -5
6 -2
7 -2
9 -4
10 -3
13 -4
11 -4
9 -3
7 -1
8 -1
10 -2
10 -1
9 -1
12 -1
8 -2
10 0
11 -2
11 -3
8 -3
4 1
2 -2
5 -1
9 -2
8 0
9 0
7 0
11 0
13 1
11 -1
11 1
8 2
9 1
7 1
6 3
7 2
4 2
4 3
4 4
6 4
3 2
2 1
6 2
3 1
10 3
10 4
9 4
10 2
4 5
5 2
5 3
4 -1
7 3
6 9
10 5
10 7
8 5
8 7
3 4
8 4
6 5
3 3
2 3
2 2
2 4
5 4
5 5
3 5
3 6
2 6
3 8
2 7
1 7
0 7
1 4
1 5
0 4
0 5
0 3
1 3
-1 5
-1 7
-1 8
-1 6
-6 6
-2 6
-3 7
-2 9
0 10
-3 8
-3 9
-4 8
-2 8
-4 9
-4 7
-5 7
-5 11
-4 6
-5 6
-6 8
-9 7
-8 5
-5 3
-3 1
-8 4
-11 5
-7 3
-6 4
-6 3
-7 2
-5 2
-3 2
-6 2
-8 3
-8 2
-9 3
-10 5
-7 4
-7 1
-11 4
-8 1
-9 2
-7 0
-13 3
-11 2
-13 1
-10 2
-10 1
-11 1
-12 2
-6 -1
-6 0
-5 -1
-8 0
-8 -1
-9 -1
-7 -1
-6 -2
-10 0
-6 -3
-10 -1
-11 -2
-13 -1
-8 -2
-7 -3
-7 -2
-5 0
-3 -1
-3 -2
-4 -3
-4 -1
-5 -3
-4 -6
-6 -4
-4 -4
-3 -5
-5 -4
-4 -2
-7 -4
-5 -2
-4 0
-10 -3
-3 -4
-4 -5
-5 -6
-2 -8
-5 -7
-6 -9
-4 -7
-3 -6
-2 -4
-1 -4
-1 -3
-2 -2
0 -3
-2 -6
-3 -7
-2 -1
2 0
-1 -5
-2 -3
0 -1
0 -4
-2 -5
0 -2
-1 -2
-1 -1
