-2 0
-5 0
-3 -1
-2 -1
-1 -1
-1 0
-7 0
-4 1
-3 0
-2 -2
-1 -3
-3 -3
-2 -4
-2 -3
1 1
-4 -1
-5 -1
-2 1
-3 -2
-5 -2
-4 -2
-7 -3
-11 -4
-8 -3
-9 -1
-6 -2
-4 -3
0 1
-1 -2
1 -3
0 -2
0 -1
-4 -6
-4 -7
-2 -8
-3 -9
-2 -6
-3 -5
-3 -4
-3 -7
-4 -5
-2 -5
-4 -4
-1 -6
-3 -6
-2 -9
0 -6
-1 -7
-1 -5
-1 -4
0 -4
0 -3
1 -2
2 -3
2 -1
1 -1
0 -7
0 -10
-1 -10
0 -8
0 -5
1 -5
2 -4
3 -4
2 -9
6 -12
5 -10
2 -6
1 -4
3 -3
5 -3
4 -6
2 -2
4 -4
3 -6
7 -9
3 -7
3 -2
5 -2
8 -3
7 -3
6 -3
4 -1
4 -3
4 -2
2 0
3 -1
6 -4
7 -2
9 -4
6 -1
5 0
4 0
7 0
6 0
5 1
4 1
3 1
3 0
5 -1
7 2
4 2
5 2
5 4
4 3
6 4
5 3
6 3
7 4
7 3
5 6
2 5
4 8
6 6
3 5
3 7
4 6
3 6
5 7
2 4
1 7
2 7
0 3
2 6
1 6
3 3
1 5
1 4
1 2
0 2
1 3
2 3
3 4
0 4
0 7
2 8
1 8
2 2
0 5
0 6
-1 6
-1 8
-1 7
-3 4
-2 3
-1 5
-2 6
-2 4
-1 3
-1 4
-3 7
-1 1
-2 5
-4 5
-2 8
-1 2
-3 8
-3 6
-3 5
-3 2
-2 2
-4 2
-7 8
-6 4
-5 2
-5 4
-4 4
-6 3
-4 3
-6 2
-7 2
-3 1
-5 1
-4 0
1 0
