18 -10
16 -11
19 -11
21 -11
19 -9
24 -5
23 -10
23 -8
26 -5
18 -7
22 -6
19 -5
16 -6
14 -2
6 -1
1 0
0 1
4 3
3 1
3 0
1 1
5 3
4 0
7 1
5 0
2 0
5 1
6 1
8 3
6 2
4 1
3 2
2 1
1 2
2 2
5 2
4 2
3 3
3 4
10 4
11 5
11 3
9 5
9 3
9 4
6 3
1 -1
5 4
6 4
7 4
4 4
2 4
3 5
2 6
4 5
2 5
3 6
3 7
4 8
-1 2
3 8
5 10
3 10
2 8
2 9
1 7
-1 7
0 6
0 8
-2 7
-4 5
-3 5
-1 3
-1 4
-3 4
-5 5
-6 4
-9 5
-9 4
-10 3
-8 3
-6 2
-3 3
-3 1
-7 2
-7 3
-8 4
-12 5
-11 4
-8 2
-9 3
-10 5
-13 6
-14 2
-16 4
-12 4
-12 6
-14 6
-16 5
-14 5
-9 1
-7 1
-6 3
-3 0
-6 1
-6 0
-11 3
-9 2
-8 0
-5 -1
-4 -2
-4 0
-6 -1
-7 -2
-4 -4
-10 -2
-8 -1
-7 -1
-6 -2
-11 0
-9 0
-7 0
-8 -3
-14 -2
-16 -2
-16 -1
-17 -3
-17 -4
-14 -4
-11 -3
-10 0
0 -1
-2 0
-4 -3
-3 -6
-4 -6
-5 -8
-6 -8
-6 -9
-5 -9
-5 -10
-4 -10
-3 -10
-2 -7
-1 -5
-3 -5
-2 -6
-3 -4
-1 -2
-1 -4
-4 -5
-2 -4
-2 -5
-1 -1
-2 -3
-1 -3
0 -3
0 -2
