-1 0
-1 15
-1 11
-9 30
-23 37
-28 39
-28 39
-28 39
-28 39
-28 39
-28 39
-28 39
-28 39
-28 39
-28 39
-28 39
-28 39
-28 39
-28 39
-28 39
-28 39
-28 39
-28 39
-28 39
-28 39
-28 39
-28 39
-28 39
-28 39
-31 35
-31 35
-31 35
-31 35
-31 35
-31 35
-31 35
-31 35
-31 35
-31 35
-31 35
-31 35
-31 35
-31 35
-31 35
-31 35
-31 35
-31 35
-31 35
-31 35
-31 35
-31 35
-31 35
-31 35
-31 35
-31 35
-31 35
-31 35
-31 35
-31 35
-31 35
-31 35
-31 35
-31 35
-31 35
-31 35
-31 35
-31 35
-31 35
-31 35
-31 35
-31 35
-31 35
-31 35
-31 35
-31 35
-31 35
-31 35
-31 35
-31 35
-31 35
-31 35
-31 35
-31 35
-31 35
-31 35
-31 35
-31 35
-31 35
-31 35
-31 35
-28 35
-28 35
-28 35
-28 35
-28 35
-28 35
-28 35
-28 35
-28 35
-28 35
-28 35
-28 35
-28 35
-28 35
-28 35
-28 35
-28 35
-28 35
-28 35
-28 35
-28 35
-28 35
-28 35
-28 35
-28 35
-28 35
-28 35
-28 35
-28 35
-28 35
-28 35
-28 35
-28 35
-28 35
-28 35
-28 35
-28 35
-28 35
-28 35
-28 35
-28 35
-28 35
-28 35
-28 35
-28 35
-28 35
-28 35
-28 35
-28 35
-28 35
-28 35
-28 35
-28 35
-28 35
-28 35
-28 35
-28 35
-28 35
-28 35
-28 35
-28 35
-28 35
-28 35
-28 35
-28 35
-40 39
-40 39
-40 39
-40 39
-40 39
-40 39
-40 39
-40 39
-40 39
-40 39
-40 39
-40 39
-40 39
-40 39
-40 39
-40 39
-40 39
-40 39
-40 39
-40 39
-40 39
-40 39
-40 39
-40 39
-40 39
-40 39
-40 39
-40 39
-40 39
-40 39
-46 40
-46 40
-46 40
-46 40
-46 40
-46 40
-46 40
-46 40
-46 40
-46 40
-46 40
-46 40
-46 40
-46 40
-46 40
-46 40
-46 40
-46 40
-46 40
-46 40
-46 40
-46 40
-46 40
-46 40
-46 40
-46 40
-46 40
-46 40
-34 38
-34 38
-34 38
-34 38
-34 38
-34 38
-34 38
-34 38
-34 38
-34 38
-34 38
-34 38
-34 38
-34 38
-34 38
-34 38
-34 38
-34 38
-34 38
-34 38
-34 38
-34 38
-34 38
-34 38
-34 38
-34 38
-34 38
-34 38
-34 38
-34 38
-43 36
-43 36
-43 36
-43 36
-43 36
-43 36
-43 36
-43 36
-43 36
-43 36
-43 36
-43 36
-43 36
-43 36
-43 36
-43 36
-43 36
-43 36
-43 36
-43 36
-43 36
-43 36
-43 36
-43 36
-43 36
-43 36
-43 36
-43 36
-43 36
-43 36
-43 36
-43 36
-43 36
-43 36
-43 36
-43 36
-43 36
-43 36
-43 36
-43 36
-43 36
-43 36
-43 36
-43 36
-43 36
-43 36
-43 36
-43 36
-43 36
-43 36
-43 36
-43 36
-43 36
-43 36
-43 36
-43 36
-43 36
-43 36
-43 36
-43 36
-43 36
-43 36
-43 36
-40 34
-40 34
-40 34
-40 34
-40 34
-40 34
-40 34
-40 34
-40 34
-40 34
-40 34
-40 34
-40 34
-40 34
-40 34
-40 34
-40 34
-40 34
-40 34
-40 34
-40 34
-40 34
-40 34
-40 34
-40 34
-40 34
-40 39
-40 39
-40 39
-40 39
-40 39
-40 39
-40 39
-40 39
-40 39
-40 39
-40 39
-40 39
-40 39
-40 39
-40 39
-40 39
-40 39
-40 39
-40 39
-40 39
-40 39
-40 39
-40 39
-40 39
-40 39
-40 39
-40 39
-40 39
-40 39
-40 39
-40 39
-40 39
-40 39
-40 39
-40 39
-40 39
-40 39
-40 39
-40 39
-40 39
-40 39
-40 39
-40 39
-40 39
-40 39
-40 39
-40 39
-40 39
-40 39
-40 39
-40 39
-40 39
-40 39
-40 39
-40 39
-40 39
-40 39
-40 39
-40 39
-40 39
-40 39
-40 39
-40 39
-40 39
-45 35
-45 35
-45 35
-45 35
-45 35
-45 35
-45 35
-45 35
-45 35
-45 35
-45 35
-45 35
-45 35
-45 35
-45 35
-45 35
-45 35
-45 35
-45 35
-45 35
-45 35
-45 35
-45 35
-45 35
-45 35
-45 35
-45 35
-46 32
-46 32
-46 32
-46 32
-46 32
-46 32
-46 32
-46 32
-46 32
-46 32
-46 32
-46 32
-46 32
-46 32
-46 32
-46 32
-46 32
-46 32
-46 32
-46 32
-46 32
-46 32
-46 32
-46 32
-46 32
-46 32
-46 32
-46 32
-46 32
-46 32
-46 32
-46 32
-46 32
-46 32
-46 32
-35 28
-35 28
-35 28
-35 28
-35 28
-35 28
-35 28
-35 28
-35 28
-35 28
-35 28
-35 28
-35 28
-35 28
-35 28
-35 28
-35 28
-35 28
-35 28
-35 28
-35 28
-35 28
-35 28
-35 28
-35 28
-35 28
-35 28
-35 28
-35 28
-35 28
-35 28
-35 28
-35 28
-35 28
-35 28
-35 28
-35 28
-35 28
-35 28
-35 28
-35 28
-35 28
-35 28
-35 28
-35 28
-35 28
-35 28
-35 28
-35 28
-35 28
-35 28
-35 28
-35 28
-35 28
-35 28
-35 28
-35 28
-35 28
-35 28
-35 28
-35 28
-35 28
-35 28
-35 28
-35 28
-35 28
-35 28
-35 28
-43 33
-43 33
-43 33
-43 33
-43 33
-43 33
-43 33
-43 33
-43 33
-43 33
-43 33
-43 33
-43 33
-43 33
-43 33
-43 33
-43 33
-43 33
-43 33
-43 33
-43 33
-43 33
-43 33
-43 33
-43 33
-43 33
-43 33
-43 33
-43 33
-43 33
-43 33
-43 33
-43 33
-47 28
-47 28
-47 28
-47 28
-47 28
-47 28
-47 28
-47 28
-47 28
-47 28
-47 28
-47 28
-47 28
-47 28
-47 28
-47 28
-47 28
-47 28
-47 28
-47 28
-47 28
-47 28
-47 28
-47 28
-47 28
-47 28
-47 28
-47 28
-47 28
-47 28
-47 28
-47 28
-47 28
-47 28
-47 28
-47 28
-47 28
-47 28
-47 28
-47 28
-47 28
-47 28
-47 28
-47 28
-47 28
-47 28
-47 28
-47 28
-47 28
-47 28
-47 28
-47 28
-47 28
-47 28
-56 31
-56 31
-56 31
-56 31
-56 31
-56 31
-56 31
-56 31
-56 31
-56 31
-56 31
-56 31
-56 31
-56 31
-56 31
-56 31
-56 31
-56 31
-56 31
-56 31
-56 31
-56 31
-56 31
-56 31
-56 31
-56 31
-56 31
-56 31
-56 31
-56 31
-56 31
-56 31
-56 31
-56 31
-56 31
-56 31
-56 31
-56 31
-56 31
-56 31
-56 31
-56 31
-56 31
-56 31
-56 31
-56 31
-56 31
-56 31
-56 31
-56 31
-56 31
-56 31
-56 31
-58 33
-58 33
-58 33
-58 33
-58 33
-58 33
-58 33
-58 33
-58 33
-58 33
-58 33
-58 33
-58 33
-58 33
-58 33
-58 33
-58 33
-58 33
-58 33
-58 33
-58 33
-58 33
-58 33
-58 33
-58 33
-58 33
-58 33
-58 33
-58 33
-58 33
-58 33
-58 33
-58 33
-58 33
-58 33
-58 33
-58 33
-58 33
-58 33
-58 33
-58 33
-58 33
-58 33
-58 33
-58 33
-58 33
-58 33
-58 33
-58 33
-58 33
-69 38
-69 38
-69 38
-69 38
-69 38
-69 38
-69 38
-69 38
-69 38
-69 38
-69 38
-69 38
-69 38
-69 38
-69 38
-69 38
-69 38
-69 38
-69 38
-69 38
-69 38
-69 38
-69 38
-69 38
-69 38
-69 38
-69 38
-69 38
-69 38
-69 38
-69 38
-69 38
-69 38
-59 33
-59 33
-59 33
-59 33
-59 33
-59 33
-59 33
-59 33
-59 33
-59 33
-59 33
-59 33
-59 33
-59 33
-59 33
-59 33
-59 33
-59 33
-59 33
-59 33
-59 33
-59 33
-59 33
-59 33
-70 30
-70 30
-70 30
-70 30
-70 30
-70 30
-70 30
-70 30
-70 30
-70 30
-70 30
-70 30
-70 30
-70 30
-70 30
-70 30
-70 30
-70 30
-70 30
-70 30
-70 30
-70 30
-70 30
-70 30
-70 30
-70 30
-70 30
-70 30
-70 30
-70 30
-70 30
-70 30
-70 30
-70 30
-70 30
-70 30
-70 30
-70 30
-70 30
-70 30
-70 30
-70 30
-70 30
-70 30
-70 30
-70 30
-70 30
-70 30
-70 30
-70 30
-70 30
-70 30
-70 30
-70 30
-70 30
-70 30
-70 30
-72 24
-72 24
-72 24
-72 24
-72 24
-72 24
-72 24
-72 24
-72 24
-72 24
-72 24
-72 24
-72 24
-72 24
-72 24
-72 24
-72 24
-72 24
-72 24
-72 24
-72 24
-72 24
-74 19
-74 19
-74 19
-74 19
-74 19
-74 19
-74 19
-74 19
-74 19
-74 19
-74 19
-74 19
-74 19
-74 19
-74 19
-74 19
-74 19
-74 19
-74 19
-74 19
-74 19
-74 19
-74 19
-74 19
-74 19
-74 19
-74 19
-74 19
-74 19
-67 20
-67 20
-67 20
-67 20
-67 20
-67 20
-67 20
-67 20
-67 20
-67 20
-67 20
-67 20
-67 20
-67 20
-67 20
-67 20
-67 20
-67 20
-67 20
-67 20
-67 20
-67 20
-67 20
-67 20
-67 20
-67 20
-67 20
-67 20
-67 20
-67 20
-67 20
-67 20
-67 20
-67 20
-67 20
-67 20
-67 20
-67 20
-67 20
-67 20
-67 20
-67 20
-67 20
-67 20
-67 20
-67 20
-67 20
-67 20
-67 20
-67 20
-67 20
-67 20
-67 20
-67 20
-67 20
-67 20
-67 20
-67 20
-67 20
-67 20
-67 20
-67 20
-67 20
-67 20
-67 20
-70 18
-70 18
-70 18
-70 18
-70 18
-70 18
-70 18
-70 18
-70 18
-70 18
-70 18
-70 18
-70 18
-70 18
-70 18
-70 18
-70 18
-70 18
-70 18
-70 18
-70 18
-70 18
-70 18
-70 18
-70 18
-70 18
-70 18
-70 18
-70 18
-70 18
-63 10
-63 10
-63 10
-63 10
-63 10
-63 10
-63 10
-63 10
-63 10
-63 10
-63 10
-63 10
-63 10
-63 10
-63 10
-63 10
-63 10
-63 10
-63 10
-63 10
-63 10
-63 10
-63 10
-63 10
-63 10
-63 10
-63 10
-63 10
-63 10
-63 10
-63 10
-63 10
-63 10
-63 10
-63 10
-63 10
-63 10
-63 10
-63 10
-63 10
-63 10
-63 10
-63 10
-63 10
-63 10
-63 10
-63 10
-63 10
-63 10
-63 10
-63 10
-63 10
-63 10
-63 10
-63 10
-63 10
-63 10
-63 10
-63 10
-63 10
-63 10
-63 10
-63 10
-68 17
-68 17
-68 17
-68 17
-68 17
-68 17
-68 17
-68 17
-68 17
-68 17
-68 17
-68 17
-68 17
-68 17
-68 17
-68 17
-68 17
-68 17
-68 17
-68 17
-68 17
-68 17
-68 17
-68 17
-68 17
-68 17
-68 17
-68 17
-68 17
-68 17
-68 17
-68 17
-68 17
-65 10
-65 10
-65 10
-65 10
-65 10
-65 10
-65 10
-65 10
-65 10
-65 10
-65 10
-65 10
-65 10
-65 10
-65 10
-65 10
-65 10
-65 10
-65 10
-65 10
-65 10
-65 10
-65 10
-65 10
-65 10
-65 10
-65 10
-65 10
-65 10
-65 10
-65 10
-65 10
-54 10
-54 10
-54 10
-54 10
-54 10
-54 10
-54 10
-54 10
-54 10
-54 10
-54 10
-54 10
-54 10
-54 10
-54 10
-54 10
-54 10
-54 10
-54 10
-54 10
-54 10
-54 10
-54 10
-54 10
-54 10
-54 10
-54 10
-54 10
-54 10
-54 10
-54 10
-54 10
-54 10
-54 10
-54 10
-54 10
-54 10
-54 10
-54 10
-54 10
-54 10
-54 10
-54 10
-54 10
-54 10
-54 10
-54 10
-54 10
-54 10
-54 10
-54 10
-54 10
-54 10
-54 10
-54 10
-54 10
-54 10
-54 10
-54 10
-54 10
-54 10
-54 10
-54 10
-54 10
-54 10
-54 10
-54 10
-54 10
-54 10
-54 10
-54 10
-50 5
-50 5
-50 5
-50 5
-50 5
-50 5
-50 5
-50 5
-50 5
-50 5
-50 5
-50 5
-50 5
-50 5
-50 5
-50 5
-50 5
-50 5
-50 5
-50 5
-50 5
-50 5
-50 5
-50 5
-50 5
-50 5
-50 5
-50 5
-50 5
-50 5
-50 5
-45 -2
-45 -2
-45 -2
-45 -2
-45 -2
-45 -2
-45 -2
-45 -2
-45 -2
-45 -2
-45 -2
-45 -2
-45 -2
-45 -2
-45 -2
-45 -2
-45 -2
-45 -2
-45 -2
-45 -2
-45 -2
-45 -2
-45 -2
-45 -2
-45 -2
-45 -2
-45 -2
-45 -2
-45 -2
-45 -2
-45 -2
-45 -2
-45 -2
-45 -2
-45 -2
-45 -2
-45 -2
-45 -2
-45 -2
-45 -2
-45 -2
-45 -2
-45 -2
-45 -2
-45 -2
-45 -2
-45 -2
-45 -2
-45 -2
-45 -2
-45 -2
-45 -2
-45 -2
-45 -2
-45 -2
-45 -2
-45 -2
-45 -2
-45 -2
-45 -2
-45 -2
-45 -2
-45 -2
-45 -2
-45 -2
-45 -2
-45 -2
-45 -2
-45 -2
-45 -2
-45 -2
-45 -2
-45 -2
-45 -2
-36 -5
-36 -5
-36 -5
-36 -5
-36 -5
-36 -5
-36 -5
-36 -5
-36 -5
-36 -5
-36 -5
-36 -5
-36 -5
-36 -5
-36 -5
-36 -5
-36 -5
-36 -5
-36 -5
-36 -5
-36 -5
-36 -5
-36 -5
-36 -5
-36 -5
-36 -5
-36 -5
-36 -5
-36 -5
-36 -5
-36 -5
-36 -5
-36 -5
-36 -5
-36 -5
-36 -5
-36 -5
-36 -5
-36 -5
-36 -5
-36 -5
-36 -5
-36 -5
-36 -5
-36 -5
-36 -5
-36 -5
-36 -5
-36 -5
-36 -5
-36 -5
-36 -5
-36 -5
-36 -5
-36 -5
-36 -5
-36 -5
-36 -5
-36 -5
-36 -5
-36 -5
-36 -5
-36 -5
-36 -5
-36 -5
-36 -5
-35 -6
-35 -6
-35 -6
-35 -6
-35 -6
-35 -6
-35 -6
-35 -6
-35 -6
-35 -6
-35 -6
-35 -6
-35 -6
-35 -6
-35 -6
-35 -6
-35 -6
-35 -6
-35 -6
-35 -6
-35 -6
-35 -6
-35 -6
-34 -11
-34 -11
-34 -11
-34 -11
-34 -11
-34 -11
-34 -11
-34 -11
-34 -11
-34 -11
-34 -11
-34 -11
-34 -11
-34 -11
-34 -11
-34 -11
-34 -11
-34 -11
-34 -11
-34 -11
-34 -11
-34 -11
-34 -11
-34 -11
-34 -11
-38 -9
-38 -9
-38 -9
-38 -9
-38 -9
-38 -9
-38 -9
-38 -9
-38 -9
-38 -9
-38 -9
-38 -9
-38 -9
-38 -9
-38 -9
-38 -9
-38 -9
-38 -9
-38 -9
-38 -9
-38 -9
-38 -9
-38 -9
-38 -9
-38 -9
-38 -9
-38 -9
-38 -9
-38 -9
-37 -14
-37 -14
-37 -14
-37 -14
-37 -14
-37 -14
-37 -14
-37 -14
-37 -14
-37 -14
-37 -14
-37 -14
-37 -14
-37 -14
-37 -14
-37 -14
-37 -14
-37 -14
-37 -14
-37 -14
-37 -14
-37 -14
-37 -14
-37 -14
-37 -14
-37 -14
-37 -14
-37 -14
-37 -14
-37 -14
-37 -14
-37 -14
-37 -14
-37 -14
-37 -14
-37 -14
-37 -14
-37 -14
-37 -14
-37 -14
-37 -14
-37 -14
-37 -14
-37 -14
-37 -14
-37 -14
-37 -14
-37 -14
-37 -14
-37 -14
-37 -14
-37 -14
-37 -14
-37 -14
-37 -14
-37 -14
-37 -14
-40 -12
-40 -12
-40 -12
-40 -12
-40 -12
-40 -12
-40 -12
-40 -12
-40 -12
-40 -12
-40 -12
-40 -12
-40 -12
-40 -12
-40 -12
-40 -12
-40 -12
-40 -12
-40 -12
-40 -12
-40 -12
-40 -12
-40 -12
-40 -12
-40 -12
-40 -12
-40 -12
-40 -12
-40 -12
-33 -17
-33 -17
-33 -17
-33 -17
-33 -17
-33 -17
-33 -17
-33 -17
-33 -17
-33 -17
-33 -17
-33 -17
-33 -17
-33 -17
-33 -17
-33 -17
-33 -17
-33 -17
-33 -17
-33 -17
-33 -17
-33 -17
-33 -17
-33 -17
-33 -17
-33 -17
-33 -17
-35 -24
-35 -24
-35 -24
-35 -24
-35 -24
-35 -24
-35 -24
-35 -24
-35 -24
-35 -24
-35 -24
-35 -24
-35 -24
-35 -24
-35 -24
-35 -24
-35 -24
-35 -24
-35 -24
-35 -24
-35 -24
-35 -24
-35 -24
-35 -24
-35 -24
-35 -24
-35 -24
-35 -24
-35 -24
-35 -24
-35 -24
-35 -24
-35 -24
-35 -24
-35 -24
-35 -24
-35 -24
-35 -24
-35 -24
-35 -24
-35 -24
-35 -24
-35 -24
-35 -24
-35 -24
-35 -24
-35 -24
-35 -24
-35 -24
-35 -24
-35 -24
-35 -24
-35 -24
-35 -24
-35 -24
-35 -24
-35 -24
-35 -24
-35 -24
-35 -24
-35 -24
-35 -24
-35 -24
-35 -24
-35 -24
-35 -24
-35 -24
-35 -24
-35 -24
-35 -24
-35 -24
-38 -26
-38 -26
-38 -26
-38 -26
-38 -26
-38 -26
-38 -26
-38 -26
-38 -26
-38 -26
-38 -26
-38 -26
-38 -26
-38 -26
-38 -26
-38 -26
-38 -26
-38 -26
-38 -26
-38 -26
-38 -26
-38 -26
-38 -26
-38 -26
-38 -26
-38 -26
-38 -26
-38 -26
-38 -26
-38 -26
-38 -26
-38 -26
-38 -26
-38 -26
-38 -26
-38 -26
-41 -23
-41 -23
-41 -23
-41 -23
-41 -23
-41 -23
-41 -23
-41 -23
-41 -23
-41 -23
-41 -23
-41 -23
-41 -23
-41 -23
-41 -23
-41 -23
-41 -23
-41 -23
-41 -23
-41 -23
-41 -23
-41 -23
-41 -23
-41 -23
-41 -23
-41 -23
-41 -23
-41 -23
-41 -23
-41 -23
-41 -23
-41 -23
-41 -23
-41 -23
-41 -23
-41 -23
-41 -23
-41 -23
-41 -23
-41 -23
-41 -23
-41 -23
-41 -23
-41 -23
-41 -23
-41 -23
-41 -23
-41 -23
-41 -23
-41 -23
-41 -23
-41 -23
-41 -23
-41 -23
-41 -23
-41 -23
-41 -23
-41 -23
-41 -23
-41 -23
-41 -23
-41 -23
-41 -23
-41 -23
-41 -23
-41 -23
-41 -23
-41 -23
-41 -23
-41 -23
-41 -23
-41 -23
-41 -23
-40 -24
-40 -24
-40 -24
-40 -24
-40 -24
-40 -24
-40 -24
-40 -24
-40 -24
-40 -24
-40 -24
-40 -24
-40 -24
-40 -24
-40 -24
-40 -24
-40 -24
-40 -24
-40 -24
-40 -24
-40 -24
-40 -24
-40 -24
-40 -24
-40 -24
-40 -24
-40 -24
-40 -24
-40 -24
-40 -24
-40 -24
-40 -24
-40 -24
-40 -24
-40 -24
-42 -21
-42 -21
-42 -21
-42 -21
-42 -21
-42 -21
-42 -21
-42 -21
-42 -21
-42 -21
-42 -21
-42 -21
-42 -21
-42 -21
-42 -21
-42 -21
-42 -21
-42 -21
-42 -21
-42 -21
-42 -21
-42 -21
-42 -21
-42 -21
-42 -21
-42 -21
-42 -21
-32 -27
-32 -27
-32 -27
-32 -27
-32 -27
-32 -27
-32 -27
-32 -27
-32 -27
-32 -27
-32 -27
-32 -27
-32 -27
-32 -27
-32 -27
-32 -27
-32 -27
-32 -27
-32 -27
-32 -27
-32 -27
-32 -27
-32 -27
-32 -27
-32 -27
-32 -27
-32 -27
-32 -27
-32 -27
-32 -27
-32 -27
-32 -27
-32 -27
-32 -27
-32 -27
-32 -27
-32 -27
-32 -27
-32 -27
-32 -27
-32 -27
-32 -27
-32 -27
-32 -27
-32 -27
-32 -27
-32 -27
-32 -27
-32 -27
-32 -27
-32 -27
-32 -27
-32 -27
-32 -27
-32 -27
-32 -27
-32 -27
-32 -27
-32 -27
-32 -27
-32 -27
-32 -27
-32 -27
-32 -27
-32 -27
-32 -27
-32 -27
-32 -27
-32 -27
-32 -27
-32 -27
-32 -27
-32 -27
-32 -27
-32 -27
-32 -27
-32 -27
-32 -27
-32 -27
-32 -27
-32 -27
-32 -27
-32 -27
-32 -27
-32 -27
-32 -27
-32 -27
-32 -27
-32 -27
-32 -27
-32 -27
-32 -27
-32 -27
-32 -27
-32 -27
-32 -27
-35 -39
-35 -35
-35 -35
-35 -35
-35 -35
-35 -35
-35 -35
-35 -35
-35 -35
-35 -35
-35 -35
-35 -35
-35 -35
-35 -35
-35 -35
-35 -35
-35 -35
-35 -35
-35 -35
-35 -35
-35 -35
-35 -35
-35 -35
-35 -35
-35 -35
-35 -35
-35 -35
-35 -35
-35 -35
-35 -35
-35 -35
-35 -35
-35 -35
-35 -35
-35 -35
-35 -35
-35 -35
-35 -35
-35 -35
-35 -35
-35 -35
-35 -35
-35 -35
-35 -35
-35 -35
-35 -35
-35 -35
-35 -35
-35 -35
-35 -35
-35 -35
-35 -35
-35 -35
-35 -35
-35 -35
-35 -35
-35 -35
-35 -35
-35 -35
-35 -35
-35 -35
-41 -40
-41 -40
-41 -40
-41 -40
-41 -40
-41 -40
-41 -40
-41 -40
-41 -40
-41 -40
-41 -40
-41 -40
-41 -40
-41 -40
-41 -40
-41 -40
-41 -40
-41 -40
-41 -40
-41 -40
-41 -40
-41 -40
-41 -40
-42 -35
-42 -35
-42 -35
-42 -35
-42 -35
-42 -35
-42 -35
-42 -35
-42 -35
-42 -35
-42 -35
-42 -35
-42 -35
-42 -35
-42 -35
-42 -35
-42 -35
-42 -35
-42 -35
-42 -35
-42 -35
-42 -35
-42 -35
-42 -35
-42 -35
-42 -35
-31 -38
-31 -38
-31 -38
-31 -38
-31 -38
-31 -38
-31 -38
-31 -38
-31 -38
-31 -38
-31 -38
-31 -38
-31 -38
-31 -38
-31 -38
-31 -38
-31 -38
-31 -38
-31 -38
-31 -38
-31 -38
-31 -38
-31 -38
-31 -38
-31 -38
-31 -38
-31 -38
-31 -38
-31 -38
-31 -38
-31 -38
-31 -38
-31 -38
-31 -38
-31 -38
-31 -38
-31 -38
-31 -38
-31 -38
-31 -38
-31 -38
-31 -38
-31 -38
-31 -38
-31 -38
-31 -38
-31 -38
-31 -38
-31 -38
-31 -38
-31 -38
-31 -38
-31 -38
-31 -38
-31 -38
-31 -38
-31 -38
-31 -38
-31 -38
-31 -38
-31 -38
-31 -38
-31 -38
-31 -38
-31 -38
-31 -38
-31 -38
-38 -45
-38 -45
-38 -45
-38 -45
-38 -45
-38 -45
-38 -45
-38 -45
-38 -45
-38 -45
-38 -45
-38 -45
-38 -45
-38 -45
-38 -45
-38 -45
-38 -45
-38 -45
-38 -45
-38 -45
-38 -45
-38 -45
-38 -45
-38 -45
-38 -45
-38 -45
-38 -45
-38 -45
-38 -45
-38 -45
-38 -45
-38 -45
-38 -45
-38 -45
-39 -45
-39 -45
-39 -45
-39 -45
-39 -45
-39 -45
-39 -45
-39 -45
-39 -45
-39 -45
-39 -45
-39 -45
-39 -45
-39 -45
-39 -45
-39 -45
-39 -45
-39 -45
-39 -45
-39 -45
-39 -45
-39 -45
-39 -45
-39 -45
-39 -45
-39 -45
-39 -45
-39 -45
-39 -45
-39 -45
-39 -45
-39 -45
-37 -50
-37 -50
-37 -50
-37 -50
-37 -50
-37 -50
-37 -50
-37 -50
-37 -50
-37 -50
-37 -50
-37 -50
-37 -50
-37 -50
-37 -50
-37 -50
-37 -50
-37 -50
-37 -50
-37 -50
-37 -50
-37 -50
-37 -50
-37 -50
-37 -50
-37 -50
-37 -50
-37 -50
-37 -50
-37 -50
-37 -50
-37 -50
-37 -50
-37 -50
-37 -50
-37 -50
-37 -50
-37 -50
-37 -50
-37 -50
-37 -50
-37 -50
-37 -50
-37 -50
-37 -50
-37 -50
-37 -50
-37 -50
-37 -50
-37 -50
-37 -50
-37 -50
-37 -50
-37 -50
-37 -50
-37 -50
-37 -50
-37 -50
-37 -50
-37 -50
-37 -50
-37 -50
-37 -50
-37 -50
-37 -50
-37 -50
-37 -50
-37 -50
-37 -50
-37 -50
-37 -50
-37 -50
-37 -45
-37 -45
-37 -45
-37 -45
-37 -45
-37 -45
-37 -45
-37 -45
-37 -45
-37 -45
-37 -45
-37 -45
-37 -45
-37 -45
-37 -45
-37 -45
-37 -45
-37 -45
-37 -45
-37 -45
-37 -45
-37 -45
-37 -45
-37 -45
-37 -45
-37 -45
-37 -45
-37 -45
-37 -45
-37 -45
-37 -45
-37 -45
-37 -45
-37 -45
-37 -45
-37 -45
-40 -40
-40 -40
-40 -40
-40 -40
-40 -40
-40 -40
-40 -40
-40 -40
-40 -40
-40 -40
-40 -40
-40 -40
-40 -40
-40 -40
-40 -40
-40 -40
-40 -40
-40 -40
-40 -40
-40 -40
-40 -40
-40 -40
-40 -40
-40 -40
-40 -40
-40 -40
-40 -40
-40 -40
-40 -40
-40 -40
-40 -40
-40 -40
-40 -40
-40 -40
-40 -40
-40 -40
-40 -40
-40 -40
-40 -40
-40 -40
-40 -40
-40 -40
-40 -40
-40 -40
-40 -40
-40 -40
-40 -40
-40 -40
-40 -40
-40 -40
-40 -40
-40 -40
-40 -40
-40 -40
-40 -40
-40 -40
-40 -40
-40 -40
-40 -40
-40 -40
-40 -40
-40 -40
-40 -40
-40 -40
-40 -40
-40 -40
-40 -40
-40 -40
-40 -40
-40 -40
-40 -40
-40 -40
-40 -40
-28 -41
-28 -41
-28 -41
-28 -41
-28 -41
-28 -41
-28 -41
-28 -41
-28 -41
-28 -41
-28 -41
-28 -41
-28 -41
-28 -41
-28 -41
-28 -41
-28 -41
-28 -41
-28 -41
-28 -41
-28 -41
-28 -41
-28 -41
-28 -41
-28 -41
-28 -41
-28 -41
-28 -41
-28 -41
-28 -41
-28 -41
-28 -41
-28 -41
-28 -41
-28 -41
-28 -41
-28 -41
-34 -56
-34 -56
-34 -56
-34 -56
-34 -56
-34 -56
-34 -56
-34 -56
-34 -56
-34 -56
-34 -56
-34 -56
-34 -56
-34 -56
-34 -56
-34 -56
-34 -56
-34 -56
-34 -56
-34 -56
-34 -56
-34 -56
-34 -56
-34 -56
-34 -56
-34 -56
-34 -56
-34 -56
-34 -56
-34 -56
-34 -56
-34 -56
-34 -56
-34 -56
-34 -56
-39 -60
-39 -60
-39 -60
-39 -60
-39 -60
-39 -60
-39 -60
-39 -60
-39 -60
-39 -60
-39 -60
-39 -60
-39 -60
-39 -60
-39 -60
-39 -60
-39 -60
-39 -60
-39 -60
-39 -60
-39 -60
-39 -60
-39 -60
-39 -60
-39 -60
-39 -60
-39 -60
-39 -60
-39 -60
-39 -60
-39 -60
-39 -60
-39 -60
-39 -60
-39 -60
-39 -60
-39 -60
-39 -60
-39 -60
-39 -60
-39 -60
-39 -60
-39 -60
-39 -60
-39 -60
-39 -60
-39 -60
-39 -60
-39 -60
-39 -60
-39 -60
-39 -60
-39 -60
-39 -60
-39 -60
-39 -60
-39 -60
-39 -60
-39 -60
-39 -60
-39 -60
-39 -60
-39 -60
-39 -60
-39 -60
-39 -60
-39 -60
-39 -60
-39 -60
-39 -60
-39 -60
-39 -60
-39 -60
-39 -60
-22 -54
-22 -54
-22 -54
-22 -54
-22 -54
-22 -54
-22 -54
-22 -54
-22 -54
-22 -54
-22 -54
-22 -54
-22 -54
-22 -54
-22 -54
-22 -54
-22 -54
-22 -54
-22 -54
-22 -54
-22 -54
-22 -54
-22 -54
-22 -54
-22 -54
-22 -54
-22 -54
-22 -54
-22 -54
-22 -54
-22 -54
-22 -54
-22 -54
-30 -62
-30 -62
-30 -62
-30 -62
-30 -62
-30 -62
-30 -62
-30 -62
-30 -62
-30 -62
-30 -62
-30 -62
-30 -62
-30 -62
-30 -62
-30 -62
-30 -62
-30 -62
-30 -62
-30 -62
-30 -62
-30 -62
-30 -62
-30 -62
-30 -62
-30 -62
-30 -62
-30 -62
-30 -62
-30 -62
-30 -62
-30 -62
-30 -62
-30 -62
-30 -62
-30 -62
-30 -62
-30 -62
-30 -62
-30 -62
-30 -62
-30 -62
-30 -62
-30 -62
-30 -62
-30 -62
-30 -62
-30 -62
-30 -62
-30 -62
-30 -62
-30 -62
-30 -62
-30 -62
-30 -62
-30 -62
-30 -62
-30 -62
-30 -62
-30 -62
-30 -62
-30 -62
-30 -62
-30 -62
-30 -62
-30 -62
-30 -62
-30 -62
-30 -62
-30 -62
-30 -62
-30 -62
-30 -62
-30 -62
-30 -62
-22 -57
-22 -57
-22 -57
-22 -57
-22 -57
-22 -57
-22 -57
-22 -57
-22 -57
-22 -57
-22 -57
-22 -57
-22 -57
-22 -57
-22 -57
-27 -61
-27 -61
-27 -61
-27 -61
-27 -61
-27 -61
-27 -61
-27 -61
-27 -61
-27 -61
-27 -61
-27 -61
-27 -61
-27 -61
-27 -61
-27 -61
-27 -61
-27 -61
-27 -61
-27 -61
-27 -61
-27 -61
-27 -61
-27 -61
-27 -61
-27 -61
-27 -61
-27 -61
-27 -61
-27 -61
-27 -61
-27 -61
-25 -60
-25 -60
-25 -60
-25 -60
-25 -60
-25 -60
-25 -60
-25 -60
-25 -60
-25 -60
-25 -60
-25 -60
-25 -60
-25 -60
-25 -60
-25 -60
-25 -60
-25 -60
-25 -60
-25 -60
-25 -60
-25 -60
-25 -60
-25 -60
-25 -60
-25 -60
-25 -60
-25 -60
-25 -60
-25 -60
-25 -60
-25 -60
-25 -60
-25 -60
-25 -60
-25 -60
-25 -60
-25 -60
-25 -60
-25 -60
-25 -60
-25 -60
-25 -60
-25 -60
-25 -60
-25 -60
-25 -60
-25 -60
-25 -60
-25 -60
-25 -60
-25 -60
-25 -60
-25 -60
-25 -60
-25 -60
-25 -60
-31 -54
-31 -54
-31 -54
-31 -54
-31 -54
-31 -54
-31 -54
-31 -54
-31 -54
-31 -54
-31 -54
-31 -54
-31 -54
-31 -54
-31 -54
-31 -54
-31 -54
-31 -54
-31 -54
-31 -54
-31 -54
-31 -54
-31 -54
-31 -54
-31 -54
-31 -54
-31 -54
-31 -54
-22 -58
-22 -58
-22 -58
-22 -58
-22 -58
-22 -58
-22 -58
-22 -58
-22 -58
-22 -58
-22 -58
-22 -58
-22 -58
-22 -58
-22 -58
-22 -58
-22 -58
-22 -58
-22 -58
-22 -58
-22 -58
-22 -58
-22 -58
-22 -58
-22 -58
-22 -58
-22 -58
-22 -58
-22 -58
-22 -58
-22 -58
-22 -58
-22 -58
-22 -58
-22 -58
-22 -58
-22 -58
-22 -58
-22 -58
-22 -58
-22 -58
-22 -58
-22 -58
-22 -58
-22 -58
-22 -58
-22 -58
-22 -58
-22 -58
-22 -58
-22 -58
-22 -58
-22 -58
-22 -58
-22 -58
-22 -58
-22 -58
-22 -58
-22 -58
-22 -58
-14 -63
-14 -63
-14 -63
-14 -63
-14 -63
-14 -63
-14 -63
-14 -63
-14 -63
-14 -63
-14 -63
-14 -63
-14 -63
-14 -63
-14 -63
-14 -63
-14 -63
-14 -63
-14 -63
-14 -63
-14 -63
-14 -63
-14 -63
-14 -63
-14 -63
-15 -54
-15 -54
-15 -54
-15 -54
-15 -54
-15 -54
-15 -54
-15 -54
-15 -54
-15 -54
-15 -54
-15 -54
-15 -54
-15 -54
-15 -54
-15 -54
-15 -54
-15 -54
-15 -54
-15 -54
-12 -61
-12 -61
-12 -61
-12 -61
-12 -61
-12 -61
-12 -61
-12 -61
-12 -61
-12 -61
-12 -61
-12 -61
-12 -61
-12 -61
-12 -61
-12 -61
-12 -61
-12 -61
-12 -61
-12 -61
-12 -61
-12 -61
-12 -61
-12 -61
-12 -61
-12 -61
-12 -61
-12 -61
-12 -61
-12 -61
-12 -61
-12 -61
-12 -61
-12 -61
-12 -61
-12 -61
-12 -61
-12 -61
-11 -56
-11 -56
-11 -56
-11 -56
-11 -56
-11 -56
-11 -56
-11 -56
-11 -56
-11 -56
-11 -56
-11 -56
-11 -56
-11 -56
-11 -56
-11 -56
-11 -56
-11 -56
-11 -56
-11 -56
-11 -56
-11 -56
-11 -56
-12 -60
-12 -60
-12 -60
-12 -60
-12 -60
-12 -60
-12 -60
-12 -60
-12 -60
-12 -60
-12 -60
-12 -60
-12 -60
-12 -60
-12 -60
-12 -60
-12 -60
-12 -60
-12 -60
-12 -60
-12 -60
-12 -60
-12 -60
-12 -60
-12 -60
-12 -60
-12 -60
-8 -56
-8 -56
-8 -56
-8 -56
-8 -56
-8 -56
-8 -56
-8 -56
-8 -56
-8 -56
-8 -56
-8 -56
-8 -56
-8 -56
-8 -56
-8 -56
-8 -56
-8 -56
-8 -56
-8 -56
-8 -56
-8 -56
-8 -56
-8 -56
-8 -56
-8 -56
-8 -56
-8 -56
-8 -56
-8 -56
-8 -56
-8 -56
-8 -56
-8 -56
-8 -56
-8 -56
-8 -56
-8 -56
-8 -56
-8 -56
-8 -56
-8 -56
-8 -56
-8 -56
-8 -56
-8 -56
-8 -56
-8 -56
-8 -56
-4 -57
-4 -57
-4 -57
-4 -57
-4 -57
-4 -57
-4 -57
-4 -57
-4 -57
-4 -57
-4 -57
-4 -57
-4 -57
-4 -57
-4 -57
-4 -57
-4 -57
-4 -57
-4 -57
-4 -57
-4 -57
-4 -57
-4 -57
-4 -57
-4 -57
-3 -61
-3 -61
-3 -61
-3 -61
-3 -61
-3 -61
-3 -61
-3 -61
-3 -61
-3 -61
-3 -61
-3 -61
-3 -61
-3 -61
-3 -61
-3 -61
-3 -61
-3 -61
-3 -61
-3 -61
-3 -61
-3 -61
-3 -61
-3 -61
-3 -61
-3 -61
-3 -61
-3 -61
-3 -61
-3 -61
-3 -61
-3 -61
-3 -61
-3 -61
-3 -61
-3 -61
-3 -61
-3 -61
-3 -61
-3 -61
-3 -61
-3 -61
-3 -61
-3 -61
-3 -61
-3 -61
-3 -61
-3 -61
-3 -61
-3 -61
-3 -61
-3 -61
-3 -61
-3 -61
-3 -61
-3 -61
-3 -64
-3 -64
-3 -64
-3 -64
-3 -64
-3 -64
-3 -64
-3 -64
-3 -64
-3 -64
-3 -64
-3 -64
-3 -64
-3 -64
-3 -64
-3 -64
-3 -64
-3 -64
-3 -64
-3 -64
-3 -64
-3 -64
-3 -64
-3 -64
-1 -73
-1 -73
-1 -73
-1 -73
-1 -73
-1 -73
-1 -73
-1 -73
-1 -73
-1 -73
-1 -73
-1 -73
-1 -73
-1 -73
-1 -73
-1 -73
-1 -73
-1 -73
-1 -73
-1 -73
-1 -73
-1 -73
3 -70
3 -70
3 -70
3 -70
3 -70
3 -70
3 -70
3 -70
3 -70
3 -70
3 -70
3 -70
3 -70
3 -70
3 -70
3 -70
3 -70
3 -70
3 -70
3 -70
3 -70
3 -70
3 -70
3 -70
3 -70
3 -70
3 -70
3 -70
3 -70
3 -70
3 -70
3 -70
3 -70
3 -70
3 -70
3 -70
3 -70
3 -70
3 -70
3 -70
3 -70
3 -70
3 -70
3 -70
3 -70
3 -70
3 -70
3 -70
3 -70
6 -68
6 -68
6 -68
6 -68
6 -68
6 -68
6 -68
6 -68
6 -68
6 -68
6 -68
6 -68
6 -68
6 -68
6 -68
6 -68
6 -68
6 -68
9 -79
9 -79
9 -79
9 -79
9 -79
9 -79
9 -79
9 -79
9 -79
9 -79
9 -79
9 -79
9 -79
9 -79
9 -79
9 -79
9 -79
9 -79
9 -79
9 -79
9 -79
9 -79
9 -79
9 -79
9 -79
9 -79
9 -79
9 -79
9 -79
9 -79
9 -79
9 -79
9 -79
9 -79
9 -79
9 -79
9 -79
9 -79
9 -79
9 -79
9 -79
9 -79
9 -79
9 -79
9 -79
9 -79
9 -79
9 -79
9 -79
9 -79
5 -75
5 -75
5 -75
5 -75
5 -75
5 -75
5 -75
5 -75
5 -75
5 -75
5 -75
5 -75
5 -75
5 -75
5 -75
5 -75
5 -75
5 -75
5 -75
5 -75
5 -75
5 -75
5 -75
5 -75
7 -82
7 -82
7 -82
7 -82
7 -82
7 -82
7 -82
7 -82
7 -82
7 -82
7 -82
7 -82
7 -82
7 -82
7 -82
7 -82
7 -82
7 -82
7 -82
7 -82
14 -78
14 -78
14 -78
14 -78
14 -78
14 -78
14 -78
14 -78
14 -78
14 -78
14 -78
14 -78
14 -78
14 -78
14 -78
14 -78
14 -78
14 -78
14 -78
14 -78
14 -78
14 -78
14 -78
14 -78
14 -78
14 -78
14 -78
14 -78
14 -78
14 -78
14 -78
14 -78
14 -78
14 -78
14 -78
14 -78
14 -78
14 -78
14 -78
14 -78
14 -72
14 -72
14 -72
14 -72
14 -72
14 -72
14 -72
14 -72
14 -72
14 -72
14 -72
14 -72
14 -72
14 -72
14 -72
14 -72
14 -72
14 -72
14 -72
14 -72
23 -76
23 -76
23 -76
23 -76
23 -76
23 -76
23 -76
23 -76
23 -76
23 -76
23 -76
23 -76
23 -76
23 -76
23 -76
23 -76
23 -76
23 -76
23 -76
23 -76
23 -76
23 -76
23 -76
23 -76
23 -76
23 -76
23 -76
23 -76
23 -76
23 -76
23 -76
23 -76
23 -76
23 -76
23 -76
23 -76
23 -76
23 -76
23 -76
23 -76
23 -75
23 -75
23 -75
23 -75
23 -75
23 -75
23 -75
23 -75
23 -75
23 -75
23 -75
23 -75
23 -75
23 -75
23 -75
23 -75
23 -75
23 -75
23 -75
23 -75
24 -68
24 -68
24 -68
24 -68
24 -68
24 -68
24 -68
24 -68
24 -68
24 -68
24 -68
24 -68
24 -68
24 -68
24 -68
24 -68
24 -68
24 -68
24 -68
24 -68
24 -68
24 -68
24 -68
24 -68
22 -66
22 -66
22 -66
22 -66
22 -66
22 -66
22 -66
22 -66
22 -66
22 -66
22 -66
22 -66
22 -66
22 -66
22 -66
22 -66
22 -66
22 -66
22 -66
22 -66
22 -66
22 -66
22 -66
22 -66
22 -66
22 -66
22 -66
22 -66
22 -66
22 -66
22 -66
22 -66
22 -66
22 -66
22 -66
22 -66
22 -66
22 -66
22 -66
22 -66
22 -66
22 -66
22 -66
22 -66
22 -66
22 -66
24 -66
24 -66
24 -66
24 -66
24 -66
24 -66
24 -66
24 -66
24 -66
24 -66
24 -66
24 -66
24 -66
24 -66
24 -66
24 -66
24 -66
24 -66
24 -66
24 -66
24 -66
21 -64
21 -64
21 -64
21 -64
21 -64
21 -64
21 -64
21 -64
21 -64
21 -64
21 -64
21 -64
21 -64
21 -64
21 -64
21 -64
21 -64
21 -64
21 -64
21 -64
21 -64
21 -64
21 -64
21 -64
29 -62
29 -62
29 -62
29 -62
29 -62
29 -62
29 -62
29 -62
29 -62
29 -62
29 -62
29 -62
29 -62
29 -62
29 -62
29 -62
29 -62
29 -62
29 -62
29 -62
29 -62
29 -62
29 -62
29 -62
29 -62
29 -62
29 -62
29 -62
29 -62
29 -62
29 -62
29 -62
29 -62
29 -62
29 -62
29 -62
29 -62
29 -62
29 -62
29 -62
29 -62
29 -62
29 -62
29 -62
29 -62
29 -62
29 -62
29 -62
29 -62
29 -62
29 -62
29 -62
29 -62
29 -62
29 -62
29 -62
29 -62
29 -62
29 -62
29 -62
29 -62
29 -62
29 -62
29 -62
29 -62
29 -62
29 -62
29 -62
29 -62
29 -62
29 -62
29 -62
29 -62
29 -62
29 -62
29 -62
29 -62
29 -62
29 -62
29 -62
29 -62
32 -52
30 -51
30 -51
30 -51
30 -51
30 -51
30 -51
30 -51
30 -51
30 -51
30 -51
30 -51
30 -51
30 -51
30 -51
30 -51
30 -51
30 -51
30 -51
30 -51
30 -51
30 -51
30 -51
30 -51
30 -51
30 -51
30 -51
30 -51
30 -51
30 -51
30 -51
30 -51
30 -51
30 -51
30 -51
30 -51
30 -51
30 -51
30 -51
30 -51
30 -51
30 -51
30 -51
30 -51
30 -51
30 -51
33 -53
33 -53
33 -53
33 -53
33 -53
33 -53
33 -53
33 -53
33 -53
33 -53
33 -53
33 -53
33 -53
33 -53
33 -53
33 -53
33 -53
33 -53
33 -53
33 -53
33 -53
33 -53
33 -53
43 -58
43 -58
43 -58
43 -58
43 -58
43 -58
43 -58
43 -58
43 -58
43 -58
43 -58
43 -58
43 -58
43 -58
43 -58
43 -58
43 -58
43 -58
43 -58
43 -58
43 -58
43 -58
43 -58
43 -58
38 -50
38 -50
38 -50
38 -50
38 -50
38 -50
38 -50
38 -50
38 -50
38 -50
38 -50
38 -50
38 -50
38 -50
38 -50
38 -50
38 -50
38 -50
38 -50
38 -50
38 -50
38 -50
38 -50
38 -50
38 -50
38 -50
38 -50
38 -50
38 -50
38 -50
38 -50
38 -50
38 -50
38 -50
38 -50
38 -50
38 -50
38 -50
38 -50
38 -50
38 -50
38 -50
38 -50
38 -50
38 -50
38 -50
38 -50
38 -50
38 -50
38 -50
38 -50
38 -50
38 -50
38 -50
38 -50
38 -50
38 -50
43 -49
43 -49
43 -49
43 -49
43 -49
43 -49
43 -49
43 -49
43 -49
43 -49
43 -49
43 -49
43 -49
43 -49
43 -49
43 -49
43 -49
43 -49
43 -49
43 -49
43 -49
43 -49
43 -49
43 -49
43 -49
43 -49
49 -49
49 -49
49 -49
49 -49
49 -49
49 -49
49 -49
49 -49
49 -49
49 -49
49 -49
49 -49
49 -49
49 -49
49 -49
49 -49
49 -49
49 -49
49 -49
49 -49
49 -49
49 -49
49 -49
49 -49
49 -49
49 -49
49 -49
49 -49
49 -51
49 -51
49 -51
49 -51
49 -51
49 -51
49 -51
49 -51
49 -51
49 -51
49 -51
49 -51
49 -51
49 -51
49 -51
49 -51
49 -51
49 -51
49 -51
49 -51
49 -51
49 -51
49 -51
49 -51
49 -51
49 -51
49 -51
49 -51
49 -51
49 -51
49 -51
49 -51
49 -51
49 -51
49 -51
49 -51
49 -51
49 -51
49 -51
49 -51
49 -51
49 -51
49 -51
49 -51
49 -51
49 -51
49 -51
49 -51
49 -51
49 -51
49 -51
49 -51
49 -51
49 -51
49 -51
49 -51
49 -51
44 -43
44 -43
44 -43
44 -43
44 -43
44 -43
44 -43
44 -43
44 -43
44 -43
44 -43
44 -43
44 -43
44 -43
44 -43
44 -43
44 -43
44 -43
44 -43
44 -43
44 -43
44 -43
44 -43
44 -43
44 -43
44 -43
44 -43
44 -43
50 -45
50 -45
50 -45
50 -45
50 -45
50 -45
50 -45
50 -45
50 -45
50 -45
50 -45
50 -45
50 -45
50 -45
50 -45
50 -45
50 -45
50 -45
50 -45
50 -45
50 -45
50 -45
50 -45
50 -45
50 -45
50 -45
50 -45
50 -45
50 -45
50 -45
50 -45
50 -45
50 -45
50 -45
50 -45
50 -45
50 -45
50 -45
50 -45
50 -45
50 -45
50 -45
50 -45
50 -45
50 -45
50 -45
50 -45
50 -45
50 -45
50 -45
50 -45
50 -45
50 -45
50 -45
50 -45
51 -42
51 -42
51 -42
51 -42
51 -42
51 -42
51 -42
51 -42
51 -42
51 -42
51 -42
51 -42
51 -42
51 -42
51 -42
51 -42
51 -42
51 -42
51 -42
51 -42
51 -42
51 -42
51 -42
40 -37
40 -37
40 -37
40 -37
40 -37
40 -37
40 -37
40 -37
40 -37
40 -37
40 -37
40 -37
40 -37
40 -37
40 -37
40 -37
40 -37
40 -37
40 -37
40 -37
40 -37
47 -32
47 -32
47 -32
47 -32
47 -32
47 -32
47 -32
47 -32
47 -32
47 -32
47 -32
47 -32
47 -32
47 -32
47 -32
47 -32
47 -32
47 -32
47 -32
47 -32
47 -32
47 -32
47 -32
47 -32
47 -32
47 -32
47 -32
47 -32
47 -32
47 -32
47 -32
47 -32
47 -32
47 -32
47 -32
47 -32
47 -32
47 -32
47 -32
47 -32
47 -32
47 -32
47 -32
47 -32
47 -32
47 -32
47 -32
47 -32
47 -32
47 -32
47 -32
47 -32
47 -32
47 -32
47 -32
47 -32
47 -32
47 -32
47 -32
49 -28
49 -28
49 -28
49 -28
49 -28
49 -28
49 -28
49 -28
49 -28
49 -28
49 -28
49 -28
49 -28
49 -28
49 -28
49 -28
49 -28
49 -28
49 -28
49 -28
49 -28
49 -28
49 -28
49 -28
49 -28
49 -28
49 -28
49 -28
49 -28
49 -28
49 -28
55 -33
55 -33
55 -33
55 -33
55 -33
55 -33
55 -33
55 -33
55 -33
55 -33
55 -33
55 -33
55 -33
55 -33
55 -33
55 -33
55 -33
55 -33
55 -33
55 -33
55 -33
55 -33
55 -33
55 -33
55 -33
55 -33
55 -33
55 -33
55 -33
55 -33
55 -33
55 -33
55 -33
55 -33
55 -33
55 -33
55 -33
55 -33
55 -33
55 -33
55 -33
55 -33
55 -33
55 -33
55 -33
55 -33
55 -33
55 -33
55 -33
55 -33
55 -33
55 -33
55 -33
55 -33
55 -33
55 -33
55 -33
55 -33
55 -33
55 -33
55 -33
55 -33
55 -33
55 -33
55 -33
55 -33
55 -33
55 -33
55 -33
55 -33
55 -33
55 -33
55 -33
55 -33
46 -27
46 -27
46 -27
46 -27
46 -27
46 -27
46 -27
46 -27
46 -27
46 -27
46 -27
46 -27
46 -27
46 -27
46 -27
46 -27
46 -27
46 -27
46 -27
46 -27
46 -27
46 -27
46 -27
46 -27
46 -27
46 -27
46 -27
46 -27
46 -27
46 -27
46 -27
46 -27
46 -27
46 -27
46 -27
46 -27
46 -27
46 -27
46 -27
46 -27
46 -27
46 -27
46 -27
46 -27
46 -27
46 -27
46 -27
46 -27
46 -27
46 -27
46 -27
46 -27
46 -27
46 -27
46 -27
46 -27
46 -27
46 -27
46 -27
46 -27
46 -27
46 -27
46 -27
46 -27
46 -27
46 -27
46 -27
46 -27
46 -27
46 -27
46 -27
46 -27
46 -27
46 -27
46 -27
46 -27
46 -27
46 -27
46 -27
46 -27
46 -27
46 -27
46 -27
46 -27
46 -27
46 -27
46 -27
46 -27
46 -27
46 -27
46 -27
46 -27
46 -27
47 -25
47 -25
47 -25
47 -25
47 -25
47 -25
47 -25
47 -25
47 -25
47 -25
47 -25
47 -25
47 -25
47 -25
47 -25
47 -25
47 -25
47 -25
47 -25
47 -25
47 -25
47 -25
47 -25
47 -25
47 -25
47 -25
47 -25
47 -25
41 -24
41 -24
41 -24
41 -24
41 -24
41 -24
41 -24
41 -24
41 -24
41 -24
41 -24
41 -24
41 -24
41 -24
41 -24
41 -24
41 -24
41 -24
41 -24
41 -24
41 -24
41 -24
41 -24
41 -24
41 -24
54 -24
54 -24
54 -24
54 -24
54 -24
54 -24
54 -24
54 -24
54 -24
54 -24
54 -24
54 -24
54 -24
54 -24
54 -24
54 -24
54 -24
54 -24
54 -24
54 -24
54 -24
54 -24
54 -24
54 -24
54 -24
54 -24
54 -24
54 -24
54 -24
54 -24
54 -24
54 -24
54 -24
54 -24
54 -24
54 -24
54 -24
54 -24
54 -24
54 -24
54 -24
54 -24
54 -24
54 -24
54 -24
54 -24
54 -24
54 -24
54 -24
54 -24
54 -24
54 -24
54 -24
48 -27
48 -27
48 -27
48 -27
48 -27
48 -27
48 -27
48 -27
48 -27
48 -27
48 -27
48 -27
48 -27
48 -27
48 -27
48 -27
48 -27
48 -27
48 -27
48 -27
48 -27
48 -27
48 -27
48 -27
48 -27
48 -27
51 -22
51 -22
51 -22
51 -22
51 -22
51 -22
51 -22
51 -22
51 -22
51 -22
51 -22
51 -22
51 -22
51 -22
51 -22
51 -22
51 -22
51 -22
51 -22
51 -22
51 -22
51 -22
51 -22
51 -22
51 -22
51 -22
51 -22
51 -22
51 -22
51 -22
51 -22
51 -22
50 -19
50 -19
50 -19
50 -19
50 -19
50 -19
50 -19
50 -19
50 -19
50 -19
50 -19
50 -19
50 -19
50 -19
50 -19
50 -19
50 -19
50 -19
50 -19
50 -19
50 -19
50 -19
50 -19
50 -19
50 -19
50 -19
50 -19
50 -19
50 -19
50 -19
50 -19
50 -19
50 -19
50 -19
50 -19
50 -19
50 -19
50 -19
50 -19
50 -19
50 -19
50 -19
50 -19
50 -19
50 -19
50 -19
50 -19
50 -19
50 -19
50 -19
50 -19
50 -19
50 -19
50 -19
50 -19
50 -19
50 -19
50 -19
50 -19
50 -19
50 -19
50 -19
50 -19
50 -19
50 -19
50 -22
50 -22
50 -22
50 -22
50 -22
50 -22
50 -22
50 -22
50 -22
50 -22
50 -22
50 -22
50 -22
50 -22
50 -22
50 -22
50 -22
50 -22
50 -22
50 -22
50 -22
50 -22
50 -22
50 -22
50 -22
50 -22
50 -22
50 -22
56 -26
56 -26
56 -26
56 -26
56 -26
56 -26
56 -26
56 -26
56 -26
56 -26
56 -26
56 -26
56 -26
56 -26
56 -26
56 -26
56 -26
56 -26
56 -26
56 -26
56 -26
56 -26
56 -26
56 -26
56 -26
56 -26
56 -26
56 -26
56 -26
56 -26
56 -26
56 -26
56 -26
56 -26
56 -26
56 -26
56 -26
56 -26
56 -26
56 -26
56 -26
56 -26
56 -26
56 -26
56 -26
56 -26
56 -26
56 -26
56 -26
56 -26
56 -26
56 -26
56 -26
56 -26
56 -26
56 -26
56 -26
56 -26
56 -26
56 -26
56 -26
56 -26
56 -26
55 -28
55 -28
55 -28
55 -28
55 -28
55 -28
55 -28
55 -28
55 -28
55 -28
55 -28
55 -28
55 -28
55 -28
55 -28
55 -28
55 -28
55 -28
55 -28
55 -28
55 -28
55 -28
55 -28
55 -28
55 -28
55 -28
55 -28
55 -20
55 -20
55 -20
55 -20
55 -20
55 -20
55 -20
55 -20
55 -20
55 -20
55 -20
55 -20
55 -20
55 -20
55 -20
55 -20
55 -20
55 -20
55 -20
55 -20
55 -20
55 -20
55 -20
55 -20
55 -20
55 -20
55 -20
55 -20
55 -20
55 -20
55 -20
55 -20
55 -20
60 -23
60 -23
60 -23
60 -23
60 -23
60 -23
60 -23
60 -23
60 -23
60 -23
60 -23
60 -23
60 -23
60 -23
60 -23
60 -23
60 -23
60 -23
60 -23
60 -23
60 -23
60 -23
60 -23
60 -23
60 -23
60 -23
60 -23
60 -23
60 -23
60 -23
60 -23
60 -23
60 -23
60 -23
60 -23
60 -23
60 -23
60 -23
60 -23
60 -23
60 -23
60 -23
60 -23
60 -23
60 -23
60 -23
60 -23
60 -23
60 -23
60 -23
60 -23
60 -23
60 -23
60 -23
60 -23
60 -23
60 -23
60 -23
60 -23
60 -23
60 -23
55 -14
55 -14
55 -14
55 -14
55 -14
55 -14
55 -14
55 -14
55 -14
55 -14
55 -14
55 -14
55 -14
55 -14
55 -14
55 -14
55 -14
55 -14
55 -14
55 -14
55 -14
55 -14
55 -14
55 -14
55 -14
55 -14
55 -14
67 -24
67 -24
67 -24
67 -24
67 -24
67 -24
67 -24
67 -24
67 -24
67 -24
67 -24
67 -24
67 -24
67 -24
67 -24
67 -24
67 -24
67 -24
67 -24
67 -24
67 -24
67 -24
67 -24
67 -24
67 -24
67 -24
67 -24
67 -24
67 -24
67 -24
67 -24
67 -24
67 -24
67 -24
67 -24
67 -24
67 -24
67 -24
67 -24
67 -24
67 -24
67 -24
65 -24
65 -24
65 -24
65 -24
65 -24
65 -24
65 -24
65 -24
65 -24
65 -24
65 -24
65 -24
65 -24
65 -24
65 -24
65 -24
65 -24
65 -24
65 -24
65 -24
65 -24
65 -24
65 -24
65 -24
65 -24
65 -24
67 -20
67 -20
67 -20
67 -20
67 -20
67 -20
67 -20
67 -20
67 -20
67 -20
67 -20
67 -20
67 -20
67 -20
67 -20
67 -20
67 -20
67 -20
67 -20
67 -20
67 -20
67 -20
67 -20
67 -20
67 -20
67 -20
67 -20
67 -20
67 -20
66 -20
66 -20
66 -20
66 -20
66 -20
66 -20
66 -20
66 -20
66 -20
66 -20
66 -20
66 -20
66 -20
66 -20
66 -20
66 -20
66 -20
66 -20
66 -20
66 -20
66 -20
66 -20
66 -20
66 -20
66 -20
66 -20
66 -20
66 -20
66 -20
66 -20
66 -20
66 -20
66 -20
66 -20
66 -20
66 -20
66 -20
66 -20
66 -20
66 -20
66 -20
66 -20
66 -20
66 -20
66 -20
66 -20
66 -20
66 -20
66 -20
66 -20
66 -20
66 -20
66 -20
66 -20
66 -20
66 -20
66 -20
69 -14
69 -14
69 -14
69 -14
69 -14
69 -14
69 -14
69 -14
69 -14
69 -14
69 -14
69 -14
69 -14
69 -14
69 -14
69 -14
69 -14
69 -14
69 -14
69 -14
69 -14
69 -14
69 -14
69 -14
69 -14
69 -14
64 -13
64 -13
64 -13
64 -13
64 -13
64 -13
64 -13
64 -13
64 -13
64 -13
64 -13
64 -13
64 -13
64 -13
64 -13
64 -13
64 -13
64 -13
64 -13
64 -13
64 -13
64 -13
64 -13
64 -13
69 -12
69 -12
69 -12
69 -12
69 -12
69 -12
69 -12
69 -12
69 -12
69 -12
69 -12
69 -12
69 -12
69 -12
69 -12
69 -12
69 -12
69 -12
69 -12
69 -12
69 -12
69 -12
69 -12
69 -12
69 -12
69 -12
69 -12
69 -12
69 -12
69 -12
69 -12
69 -12
69 -12
69 -12
69 -12
69 -12
69 -12
69 -12
69 -12
69 -12
69 -12
69 -12
69 -12
69 -12
69 -12
69 -12
69 -12
69 -12
69 -12
69 -12
70 -10
70 -10
70 -10
70 -10
70 -10
70 -10
70 -10
70 -10
70 -10
70 -10
70 -10
70 -10
70 -10
70 -10
70 -10
70 -10
70 -10
70 -10
70 -10
70 -10
70 -10
70 -10
70 -10
70 -10
67 -9
67 -9
67 -9
67 -9
67 -9
67 -9
67 -9
67 -9
67 -9
67 -9
67 -9
67 -9
67 -9
67 -9
67 -9
67 -9
67 -9
67 -9
67 -9
67 -9
67 -9
67 -9
67 -9
67 -9
67 -9
67 -9
67 -9
67 -9
67 -9
67 -9
67 -9
67 -9
67 -9
67 -9
67 -9
67 -9
67 -9
67 -9
67 -9
67 -9
67 -9
67 -9
67 -9
67 -9
67 -9
67 -9
67 -9
67 -9
67 -9
67 -9
67 -9
67 -9
67 -9
67 -9
70 -4
70 -4
70 -4
70 -4
70 -4
70 -4
70 -4
70 -4
70 -4
70 -4
70 -4
70 -4
70 -4
70 -4
70 -4
70 -4
70 -4
70 -4
70 -4
70 -4
70 -4
70 -4
70 -4
70 -4
70 -4
66 0
66 0
66 0
66 0
66 0
66 0
66 0
66 0
66 0
66 0
66 0
66 0
66 0
66 0
66 0
66 0
66 0
66 0
66 0
66 0
66 0
66 0
66 0
66 0
66 0
66 0
65 1
65 1
65 1
65 1
65 1
65 1
65 1
65 1
65 1
65 1
65 1
65 1
65 1
65 1
65 1
65 1
65 1
65 1
65 1
65 1
65 1
65 1
65 1
65 1
65 1
65 1
65 1
65 1
65 1
65 1
65 1
65 1
65 1
65 1
65 1
65 1
65 1
65 1
65 1
65 1
65 1
65 1
65 1
65 1
65 1
65 1
65 1
65 1
65 1
65 1
65 1
65 1
65 1
65 1
65 1
65 1
65 1
62 1
62 1
62 1
62 1
62 1
62 1
62 1
62 1
62 1
62 1
62 1
62 1
62 1
62 1
62 1
62 1
62 1
62 1
62 1
62 1
62 1
62 1
62 1
62 1
62 1
62 1
62 1
69 5
69 5
69 5
69 5
69 5
69 5
69 5
69 5
69 5
69 5
69 5
69 5
69 5
69 5
69 5
69 5
69 5
69 5
69 5
69 5
69 5
69 5
69 5
69 5
69 5
69 5
69 5
69 5
69 5
69 5
69 5
69 5
69 5
69 5
69 5
69 5
69 5
69 5
69 5
69 5
69 5
69 5
69 5
69 5
69 5
69 5
69 5
69 5
72 4
72 4
72 4
72 4
72 4
72 4
72 4
72 4
72 4
72 4
72 4
72 4
72 4
72 4
72 4
72 4
72 4
72 4
72 4
68 13
68 13
68 13
68 13
68 13
68 13
68 13
68 13
68 13
68 13
68 13
68 13
68 13
68 13
68 13
68 13
68 13
68 13
68 13
68 13
68 13
68 13
67 15
67 15
67 15
67 15
67 15
67 15
67 15
67 15
67 15
67 15
67 15
67 15
67 15
67 15
67 15
67 15
67 15
67 15
67 15
67 15
67 15
67 15
67 15
67 15
67 15
67 15
67 15
67 15
67 15
67 15
67 15
67 15
67 15
67 15
67 15
67 15
67 15
67 15
67 15
67 15
67 15
67 15
67 15
67 15
67 15
67 15
67 15
67 15
67 15
67 15
66 15
66 15
66 15
66 15
66 15
66 15
66 15
66 15
66 15
66 15
66 15
66 15
66 15
66 15
66 15
66 15
66 15
66 15
66 15
66 15
66 15
66 15
71 21
71 21
71 21
71 21
71 21
71 21
71 21
71 21
71 21
71 21
71 21
71 21
71 21
71 21
71 21
71 21
71 21
71 21
71 21
71 21
71 21
71 21
71 21
71 21
71 21
71 21
71 21
71 21
71 21
71 21
71 21
71 21
71 21
71 21
71 21
71 21
71 21
71 21
71 21
71 21
71 21
71 21
71 21
71 21
71 21
71 21
71 21
71 21
71 21
71 21
76 26
76 26
76 26
76 26
76 26
76 26
76 26
76 26
76 26
76 26
76 26
76 26
76 26
76 26
76 26
76 26
76 26
76 26
76 26
76 26
76 26
60 27
60 27
60 27
60 27
60 27
60 27
60 27
60 27
60 27
60 27
60 27
60 27
60 27
60 27
60 27
60 27
60 27
60 27
60 27
60 27
60 27
60 27
60 27
60 27
60 27
79 28
79 28
79 28
79 28
79 28
79 28
79 28
79 28
79 28
79 28
79 28
79 28
79 28
79 28
79 28
79 28
79 28
79 28
79 28
79 28
79 28
79 28
79 28
79 28
79 28
79 28
79 28
79 28
79 28
79 28
79 28
79 28
79 28
79 28
79 28
79 28
79 28
79 28
79 28
79 28
79 28
79 28
79 28
79 28
79 28
79 28
79 28
79 28
73 26
73 26
73 26
73 26
73 26
73 26
73 26
73 26
73 26
73 26
73 26
65 27
65 27
65 27
65 27
65 27
65 27
65 27
65 27
65 27
65 27
65 27
65 27
65 27
65 27
65 27
65 27
65 27
65 27
65 27
64 37
64 37
64 37
64 37
64 37
64 37
64 37
64 37
64 37
64 37
64 37
64 37
64 37
64 37
64 37
64 37
64 37
64 37
64 37
64 37
64 37
64 37
64 37
64 37
64 37
64 37
64 37
64 37
64 37
64 37
64 37
64 37
64 37
64 37
64 37
64 37
64 37
64 37
64 37
64 37
64 37
64 37
64 37
61 36
61 36
61 36
61 36
61 36
61 36
61 36
61 36
61 36
61 36
61 36
61 36
61 36
61 36
61 36
61 36
61 36
61 36
61 36
61 36
61 36
61 36
61 36
60 35
60 35
60 35
60 35
60 35
60 35
60 35
60 35
60 35
60 35
60 35
60 35
60 35
60 35
60 35
60 35
60 35
60 35
60 35
60 35
60 35
60 35
60 35
60 35
60 35
60 35
60 35
60 35
60 35
60 35
60 35
60 35
60 35
60 35
60 35
60 35
60 35
60 35
60 35
60 35
60 35
60 35
60 35
60 35
60 35
60 35
60 35
60 35
60 35
60 35
60 35
60 35
60 35
60 35
60 35
60 35
60 35
60 35
60 35
60 35
60 35
60 35
60 35
60 35
60 35
60 35
60 35
60 35
60 35
60 35
60 35
60 35
60 35
60 35
62 45
62 45
62 45
62 45
62 45
62 45
62 45
62 45
62 45
62 45
62 45
62 45
62 45
62 45
62 45
62 42
62 42
62 42
62 42
62 42
62 42
62 42
62 42
62 42
62 42
62 42
62 42
62 42
62 42
62 42
62 42
62 42
62 42
62 42
62 42
62 42
62 42
62 42
62 42
62 42
62 42
62 42
62 42
62 42
62 42
57 40
57 40
57 40
57 40
57 40
57 40
57 40
57 40
57 40
57 40
57 40
57 40
57 40
57 40
57 40
57 40
57 40
57 40
57 40
57 40
57 40
57 40
57 40
57 40
57 40
57 40
57 40
57 40
57 40
57 40
57 40
57 40
57 40
57 40
57 40
57 40
57 40
57 40
57 40
57 40
57 40
57 40
57 40
57 40
57 40
57 40
57 40
57 40
57 40
57 40
57 40
57 40
55 44
55 44
55 44
55 44
55 44
55 44
55 44
55 44
55 44
55 44
55 44
55 44
55 44
55 44
55 44
55 44
55 44
55 44
55 44
55 44
55 44
55 44
53 52
53 52
53 52
53 52
53 52
53 52
53 52
53 52
53 52
53 52
53 52
53 52
53 52
53 52
53 52
53 52
53 52
53 52
53 52
53 52
53 52
54 50
54 50
54 50
54 50
54 50
54 50
54 50
54 50
54 50
54 50
54 50
54 50
54 50
54 50
54 50
54 50
54 50
54 50
54 50
54 50
54 50
54 50
54 50
54 50
54 50
41 44
41 44
41 44
41 44
41 44
41 44
41 44
41 44
41 44
41 44
41 44
41 44
41 44
41 44
41 44
41 44
41 44
41 44
41 44
41 44
41 44
41 44
41 44
41 44
41 44
41 44
41 44
41 44
41 44
41 44
41 44
41 44
41 44
41 44
41 44
41 44
41 44
41 44
41 44
41 44
41 44
41 44
41 44
41 44
41 44
41 44
41 44
41 44
41 44
41 44
38 56
38 56
38 56
38 56
38 56
38 56
38 56
38 56
38 56
38 56
38 56
38 56
38 56
38 56
38 56
38 56
38 56
38 56
38 56
38 56
38 56
41 59
41 59
41 59
41 59
41 59
41 59
41 59
41 59
41 59
41 59
41 59
41 59
41 59
41 59
41 59
41 59
41 59
41 59
41 59
41 59
41 59
41 59
41 59
41 59
41 59
41 59
41 59
41 59
41 59
41 59
41 59
41 59
41 59
41 59
41 59
41 59
41 59
41 59
41 59
34 57
34 57
34 57
34 57
34 57
34 57
34 57
34 57
34 57
34 57
34 57
34 57
34 57
34 57
34 57
34 57
34 57
34 57
34 57
34 57
28 50
28 50
28 50
28 50
28 50
28 50
28 50
28 50
28 50
28 50
28 50
28 50
28 50
28 50
28 50
28 50
28 50
28 50
28 55
28 55
28 55
28 55
28 55
28 55
28 55
28 55
28 55
28 55
28 55
28 55
28 55
28 55
28 55
28 55
28 55
28 55
28 55
28 55
28 55
28 55
28 55
28 55
28 55
28 55
28 55
28 55
28 55
28 55
28 55
28 55
28 55
28 55
28 55
28 55
28 55
28 55
26 54
26 54
26 54
26 54
26 54
26 54
26 54
26 54
26 54
26 54
26 54
26 54
26 54
26 54
25 53
25 53
25 53
25 53
25 53
25 53
25 53
25 53
25 53
25 53
25 53
25 53
25 53
25 53
25 53
25 53
25 53
25 60
25 60
25 60
25 60
25 60
25 60
25 60
25 60
25 60
25 60
25 60
25 60
25 60
25 60
25 60
25 60
25 60
25 60
25 60
25 60
25 60
25 60
25 60
25 60
25 60
25 60
25 60
25 60
25 60
25 60
25 60
25 60
25 60
25 60
25 60
25 60
25 60
25 60
25 60
25 60
25 60
25 60
25 60
25 60
25 60
25 60
25 60
25 60
25 60
25 60
25 60
25 60
25 60
25 60
25 60
25 60
25 60
25 60
25 60
25 60
25 60
25 60
14 60
13 61
13 61
13 61
13 61
13 61
13 61
13 61
13 61
13 61
13 61
13 61
13 61
13 61
13 61
13 61
13 61
13 61
13 61
13 61
13 61
13 61
13 61
13 61
13 61
13 61
13 61
13 61
13 61
13 61
13 61
13 61
13 61
13 61
13 61
13 61
13 61
13 61
13 61
13 61
13 61
13 61
13 61
13 61
13 61
13 61
5 62
5 62
5 62
5 62
5 62
5 62
5 62
5 62
5 62
5 62
5 62
5 62
5 62
5 62
5 62
5 62
5 62
5 62
5 62
5 62
5 62
5 62
5 62
5 62
5 62
5 62
5 62
5 56
5 56
5 56
5 56
5 56
5 56
5 56
5 56
5 56
5 56
5 56
5 56
5 56
5 56
5 56
5 56
5 56
5 56
5 56
5 56
5 56
5 56
5 56
5 56
5 56
5 56
11 62
11 62
11 62
11 62
11 62
11 62
11 62
11 62
11 62
11 62
11 62
11 62
11 62
11 62
11 62
11 62
11 62
11 62
11 62
11 62
11 62
11 62
11 62
11 62
11 62
11 62
11 62
11 62
11 62
11 62
11 62
11 62
11 62
11 62
11 62
11 62
11 62
11 62
11 62
11 62
11 62
11 62
11 62
11 62
11 62
11 62
11 62
11 62
11 62
11 62
11 62
11 62
11 62
11 62
11 62
11 62
11 62
11 62
11 62
5 62
5 62
5 62
5 62
5 62
5 62
5 62
5 62
5 62
5 62
5 62
5 62
5 62
5 62
5 62
5 62
5 62
5 62
5 62
5 62
5 62
5 62
5 62
5 62
5 62
5 62
5 62
-1 67
-1 67
-1 67
-1 67
-1 67
-1 67
-1 67
-1 67
-1 67
-1 67
-1 67
-1 67
-1 67
-1 67
-1 67
-1 67
-1 67
-1 67
-1 67
-1 67
-1 67
-1 67
-1 67
-1 67
-1 67
-1 67
0 58
0 58
0 58
0 58
0 58
0 58
0 58
0 58
0 58
0 58
0 58
0 58
0 58
0 58
0 58
0 58
0 58
0 58
0 58
0 58
0 58
0 58
0 58
0 58
0 58
0 58
0 58
0 58
0 58
0 58
0 58
0 58
0 58
0 58
0 58
0 58
0 58
0 58
0 58
0 58
0 58
0 58
0 58
0 58
0 58
0 58
0 58
0 58
0 58
0 58
0 58
0 58
0 58
0 58
0 58
0 58
0 58
0 58
0 58
0 58
0 58
-1 65
-1 65
-1 65
-1 65
-1 65
-1 65
-1 65
-1 65
-1 65
-1 65
-1 65
-1 65
-1 65
-1 65
-1 65
-1 65
-1 65
-1 65
-1 65
-1 65
-1 65
-1 65
-1 65
-1 65
-1 65
-1 65
-1 67
-1 67
-1 67
-1 67
-1 67
-1 67
-1 67
-1 67
-1 67
-1 67
-1 67
-1 67
-1 67
-1 67
-1 67
-1 67
-1 67
-1 67
-1 67
-1 67
-1 67
-1 67
-1 67
-1 67
-1 67
-1 67
-1 67
-1 67
-1 67
-1 67
-1 67
-1 67
-1 67
-1 67
-1 67
-1 67
-1 67
-1 67
-1 67
-1 67
-1 67
-1 67
-1 67
-1 67
-1 67
-1 67
-1 67
-1 67
-1 67
-1 67
-1 67
-1 67
-1 67
-1 67
-1 67
-1 67
-1 67
-1 67
-1 67
-3 65
-3 65
-3 65
-3 65
-3 65
-3 65
-3 65
-3 65
-3 65
-3 65
-3 65
-3 65
-3 65
-3 65
-3 65
-3 65
-3 65
-3 65
-3 65
-3 65
-3 65
-3 65
-3 65
-3 65
-3 65
-3 65
-3 65
-3 65
-3 65
-3 65
-3 65
-6 65
-6 65
-6 65
-6 65
-6 65
-6 65
-6 65
-6 65
-6 65
-6 65
-6 65
-6 65
-6 65
-6 65
-6 65
-6 65
-6 65
-6 65
-6 65
-6 65
-6 65
-6 65
-6 65
-6 65
-6 65
-6 65
-6 65
-6 65
-6 65
-6 65
-6 65
-8 66
-8 66
-8 66
-8 66
-8 66
-8 66
-8 66
-8 66
-8 66
-8 66
-8 66
-8 66
-8 66
-8 66
-8 66
-8 66
-8 66
-8 66
-8 66
-8 66
-8 66
-8 66
-8 66
-8 66
-8 66
-8 66
-8 66
-8 66
-8 66
-8 66
-8 66
-8 66
-8 66
-8 66
-8 66
-8 66
-8 66
-8 66
-8 66
-8 66
-8 66
-8 66
-8 66
-8 66
-8 66
-8 66
-8 66
-8 66
-8 66
-8 66
-8 66
-8 66
-8 66
-8 66
-8 66
-8 66
-8 66
-8 66
-8 66
-8 66
-8 66
-7 68
-7 68
-7 68
-7 68
-7 68
-7 68
-7 68
-7 68
-7 68
-7 68
-7 68
-7 68
-7 68
-7 68
-7 68
-7 68
-7 68
-7 68
-7 68
-7 68
-13 66
-13 66
-13 66
-13 66
-13 66
-13 66
-13 66
-13 66
-13 66
-13 66
-13 66
-13 66
-13 66
-13 66
-13 66
-13 66
-13 66
-13 66
-13 66
-13 66
-13 66
-13 66
-13 66
-13 66
-13 66
-13 66
-13 66
-13 66
-13 66
-13 66
-13 66
-13 66
-13 66
-13 66
-13 66
-13 66
-13 66
-13 66
-13 66
-13 66
-13 66
-13 66
-13 66
-13 66
-13 66
-13 66
-13 66
-13 66
-13 66
-13 66
-13 66
-13 66
-13 66
-13 66
-13 66
-13 66
-13 66
-13 66
-13 66
-13 66
-13 66
-13 66
-13 66
-13 66
-15 66
-15 66
-15 66
-15 66
-15 66
-15 66
-15 66
-15 66
-15 66
-15 66
-15 66
-15 66
-15 66
-15 66
-15 66
-15 66
-15 66
-15 66
-15 66
-15 66
-15 66
-15 66
-15 66
-15 66
-15 66
-15 66
-15 66
-15 66
-15 66
-15 66
-15 66
-15 66
-15 66
-15 66
-15 66
-15 66
-15 66
-15 66
-15 66
-15 66
-15 66
-15 66
-15 66
-15 66
-15 66
-15 66
-15 66
-15 66
-15 66
-15 66
-15 66
-15 66
-15 66
-15 66
-15 66
-15 66
-15 66
-15 66
-15 66
-15 66
-15 66
-15 66
-15 66
-15 66
-15 66
-15 66
-15 66
-15 62
-15 62
-15 62
-15 62
-15 62
-15 62
-15 62
-15 62
-15 62
-15 62
-15 62
-15 62
-15 62
-15 62
-15 62
-15 62
-15 62
-15 62
-15 62
-15 62
-15 62
-15 62
-15 62
-15 62
-15 62
-15 62
-15 62
-15 62
-15 62
-15 62
-18 61
-18 61
-18 61
-18 61
-18 61
-18 61
-18 61
-18 61
-18 61
-18 61
-18 61
-18 61
-18 61
-18 61
-18 61
-18 61
-18 61
-18 61
-18 61
-18 61
-18 61
-18 61
-18 61
-18 61
-18 61
-18 61
-18 61
-18 61
-18 61
-18 61
-18 61
-18 65
-18 65
-18 65
-18 65
-18 65
-18 65
-18 65
-18 65
-18 65
-18 65
-18 65
-18 65
-18 65
-18 65
-18 65
-18 65
-18 65
-18 65
-18 65
-18 65
-18 65
-18 65
-18 65
-18 65
-18 65
-18 65
-18 65
-18 65
-18 65
-18 65
-23 71
-23 71
-23 71
-23 71
-23 71
-23 71
-23 71
-23 71
-23 71
-23 71
-23 71
-23 71
-23 71
-23 71
-23 71
-23 71
-23 71
-23 71
-23 71
-23 71
-23 71
-23 71
-23 71
-23 71
-23 71
-23 71
-23 71
-23 71
-23 71
-23 71
-23 71
-23 71
-23 71
-23 71
-23 71
-23 71
-23 71
-23 71
-23 71
-23 71
-23 71
-23 71
-23 71
-23 71
-23 71
-23 71
-23 71
-23 71
-23 71
-23 71
-23 71
-23 71
-23 71
-23 71
-23 71
-23 71
-23 71
-23 71
-23 71
-28 67
-28 67
-28 67
-28 67
-28 67
-28 67
-28 67
-28 67
-28 67
-28 67
-28 67
-28 67
-28 67
-28 67
-28 67
-28 67
-28 67
-28 67
-28 67
-28 67
-28 67
-28 67
-28 67
-28 67
-28 67
-28 67
-28 67
-28 67
-28 67
-28 64
-28 64
-28 64
-28 64
-28 64
-28 64
-28 64
-28 64
-28 64
-28 64
-28 64
-28 64
-28 64
-28 64
-28 64
-28 64
-28 64
-28 64
-28 64
-28 64
-28 64
-28 64
-28 64
-28 64
-28 64
-28 64
-28 64
-28 64
-28 64
-28 64
-28 64
-31 62
-31 62
-31 62
-31 62
-31 62
-31 62
-31 62
-31 62
-31 62
-31 62
-31 62
-31 62
-31 62
-31 62
-31 62
-31 62
-31 62
-31 62
-31 62
-31 62
-31 62
-31 62
-31 62
-31 62
-31 62
-31 62
-31 62
-31 62
-31 62
-31 62
-31 62
-31 62
-31 62
-31 62
-31 62
-31 62
-31 62
-31 62
-31 62
-31 62
-31 62
-31 62
-31 62
-31 62
-31 62
-31 62
-31 62
-31 62
-31 62
-31 62
-31 62
-31 62
-31 62
-31 62
-31 62
-31 62
-31 62
-31 62
-31 62
-31 62
-31 62
-37 72
-37 72
-37 72
-37 72
-37 72
-37 72
-37 72
-37 72
-37 72
-37 72
-37 72
-37 72
-37 72
-37 72
-37 72
-37 72
-37 72
-37 72
-37 72
-37 72
-37 72
-37 72
-37 72
-37 72
-40 65
-40 65
-40 65
-40 65
-40 65
-40 65
-40 65
-40 65
-40 65
-40 65
-40 65
-40 65
-40 65
-40 65
-40 65
-40 65
-40 65
-40 65
-40 65
-40 65
-40 65
-40 65
-40 65
-40 65
-40 65
-40 65
-40 65
-40 65
-40 65
-40 65
-40 65
-40 65
-40 65
-40 65
-40 65
-40 65
-40 65
-40 65
-40 65
-40 65
-40 65
-40 65
-40 65
-40 65
-40 65
-40 65
-40 65
-40 65
-40 65
-40 65
-40 65
-40 65
-40 65
-40 65
-40 65
-40 65
-40 65
-40 65
-40 65
-40 65
-40 65
-40 65
-40 65
-40 65
-40 65
-40 65
-40 65
-46 73
-46 73
-46 73
-46 73
-46 73
-46 73
-46 73
-46 73
-46 73
-46 73
-46 73
-46 73
-46 73
-46 73
-46 73
-46 73
-46 73
-46 73
-46 73
-46 73
-46 73
-46 73
-46 73
-46 73
-46 73
-46 73
-46 73
-46 73
-46 73
-46 73
-37 71
-37 71
-37 71
-37 71
-37 71
-37 71
-37 71
-37 71
-37 71
-37 71
-37 71
-37 71
-37 71
-37 71
-37 71
-37 71
-37 71
-37 71
-37 71
-37 71
-37 71
-37 71
-37 71
-37 71
-37 71
-37 71
-37 71
-37 71
-46 71
-46 71
-46 71
-46 71
-46 71
-46 71
-46 71
-46 71
-46 71
-46 71
-46 71
-46 71
-46 71
-46 71
-46 71
-46 71
-46 71
-46 71
-46 71
-46 71
-46 71
-46 71
-46 71
-46 71
-46 71
-46 71
-46 71
-46 71
-46 71
-46 71
-46 71
-46 71
-46 71
-46 71
-46 71
-46 71
-46 71
-46 71
-46 71
-46 71
-46 71
-46 71
-46 71
-46 71
-46 71
-46 71
-46 71
-46 71
-46 71
-46 71
-46 71
-46 71
-46 71
-46 71
-40 66
-40 66
-40 66
-40 66
-40 66
-40 66
-40 66
-40 66
-40 66
-40 66
-40 66
-40 66
-40 66
-40 66
-40 66
-40 66
-40 66
-40 66
-40 66
-40 66
-47 61
-47 61
-47 61
-47 61
-47 61
-47 61
-47 61
-47 61
-47 61
-47 61
-47 61
-47 61
-47 61
-47 61
-47 61
-47 61
-47 61
-47 61
-47 61
-47 61
-47 61
-47 61
-47 61
-47 61
-47 61
-47 61
-44 58
-44 58
-44 58
-44 58
-44 58
-44 58
-44 58
-44 58
-44 58
-44 58
-44 58
-44 58
-44 58
-44 58
-44 58
-44 58
-44 58
-44 58
-44 58
-44 58
-44 58
-44 58
-44 58
-44 58
-44 58
-44 58
-44 58
-44 58
-44 58
-44 58
-44 58
-44 58
-44 58
-44 58
-44 58
-44 58
-44 58
-44 58
-44 58
-44 58
-44 58
-44 58
-44 58
-44 58
-44 58
-44 58
-44 58
-44 58
-44 58
-44 58
-44 58
-44 58
-44 58
-44 58
-44 58
-44 58
-44 58
-45 51
-45 51
-45 51
-45 51
-45 51
-45 51
-45 51
-45 51
-45 51
-45 51
-45 51
-45 51
-45 51
-45 51
-45 51
-45 51
-45 51
-45 51
-45 51
-45 51
-45 51
-45 51
-45 51
-41 44
-41 44
-41 44
-41 44
-41 44
-41 44
-41 44
-41 44
-41 44
-41 44
-41 44
-41 44
-41 44
-41 44
-41 44
-41 44
-41 44
-41 44
-41 44
-41 44
-41 44
-41 44
-41 44
-41 44
-41 44
-41 44
-41 44
-41 44
-41 44
-41 44
-41 44
-41 44
-41 44
-41 44
-41 44
-41 44
-41 44
-41 44
-41 44
-41 44
-41 44
-41 44
-41 44
-41 44
-41 44
-41 44
-41 44
-41 44
-41 44
-41 44
-41 44
-41 44
-23 25
-23 25
-23 25
-23 25
-23 25
-23 25
-23 25
-23 25
-23 25
-23 25
-23 25
-23 25
-23 25
-23 25
-23 25
-23 25
-23 25
-23 25
-23 25
-16 20
-16 20
-16 20
-16 20
-16 20
-16 20
-16 20
-16 20
-16 20
-16 20
-16 20
-16 20
-16 20
-16 20
-16 20
-16 20
-16 20
-16 20
-16 20
-16 20
-16 20
-16 20
-7 11
-7 11
-7 11
-7 11
-7 11
-7 11
-7 11
-7 11
-7 11
-7 11
-7 11
-7 11
-7 11
-7 11
-7 11
-7 11
-7 11
-7 11
-7 11
-7 11
-7 11
-7 11
-7 11
-7 11
-7 11
-7 11
-7 11
-7 11
-7 11
-7 11
-7 11
-7 11
-7 11
-7 11
-7 11
-7 11
-7 11
-7 11
-7 11
-7 11
-7 11
-7 11
-7 11
-7 11
-7 11
1 0
1 0
1 0
1 0
1 0
1 0
1 0
1 0
1 0
1 0
1 0
1 0
1 0
1 0
1 0
1 0
1 0
1 0
1 0
1 0
1 0
1 0
2 0
2 0
2 0
2 0
2 0
2 0
2 0
2 0
2 0
2 0
2 0
2 0
2 0
2 0
2 0
2 0
2 0
2 0
2 0
2 0
2 0
2 0
2 0
2 0
2 0
2 0
2 0
2 0
2 0
2 0
2 0
2 0
2 0
2 0
2 0
2 0
2 0
2 0
2 0
2 0
2 0
2 0
2 0
2 0
2 0
2 0
2 0
2 0
2 0
2 0
2 0
2 0
2 0
2 0
2 0
2 0
2 0
2 0
2 0
2 0
2 0
2 0
2 0
2 0
2 0
2 0
2 0
2 0
2 0
1 2
1 2
1 2
1 2
1 2
1 2
1 2
1 2
1 2
1 2
1 2
1 2
1 2
1 2
1 2
1 2
1 2
1 2
1 2
1 2
1 2
1 2
1 2
1 2
-1 1
-1 1
-1 1
-1 1
-1 1
-1 1
-1 1
-1 1
-1 1
-1 1
-1 1
-1 1
-1 1
-1 1
-1 1
-1 1
-1 1
-1 1
-1 1
-1 1
-1 1
-1 1
-1 1
-1 1
-1 1
-1 1
-1 1
-1 1
-1 1
-1 1
-1 1
-1 1
-1 1
-1 1
-1 1
-1 1
-1 1
-1 1
-1 1
-1 1
-1 1
-1 1
-1 1
-1 1
-1 1
-1 1
-1 1
-1 1
-1 1
-1 1
-1 0
-1 0
-1 0
-1 0
-1 0
-1 0
-1 0
-1 0
-1 0
-1 0
-1 0
-1 0
-1 0
-1 0
-1 0
-1 0
-1 0
-1 0
-1 0
-1 0
-1 0
-1 0
-1 0
-1 0
-1 0
-1 0
-1 0
-1 0
-1 0
-1 0
-1 0
-1 0
-1 0
-1 0
-1 0
-1 0
-1 0
-1 0
-1 0
-1 0
-1 0
-1 0
-1 0
-1 0
-1 0
-1 0
-1 0
-1 0
-1 0
-1 0
-1 0
-1 0
-1 0
-1 0
-1 0
-1 0
-1 0
-1 0
-1 0
-1 0
-1 0
-1 0
-1 0
-1 0
-1 0
-1 0
-1 0
-1 0
-1 0
-1 0
-1 0
-1 0
-1 0
-1 0
-1 0
-1 0
-1 0
-1 0
-1 0
-1 0
-1 0
-1 0
-1 0
-1 0
-1 0
-1 0
-1 0
-1 0
-1 0
-1 0
-1 0
-1 0
-1 0
-1 0
-1 0
-1 0
-1 0
-1 0
-1 0
-1 0
-1 0
-1 0
-1 0
-1 0
-1 0
-1 0
-1 0
-1 0
-1 0
-1 0
-1 0
-1 0
-1 0
-1 0
-1 0
-1 0
-1 0
-1 0
-1 0
-1 0
-1 0
-1 0
-1 0
-1 0
-1 0
-1 0
-1 0
-1 0
-1 0
-1 0
-1 0
-1 0
-1 0
-1 0
-1 0
-1 0
-1 0
-1 0
-1 0
-1 0
-1 0
-1 0
-1 0
-1 0
-1 0
-1 0
-1 0
-1 0
-1 0
-1 0
-1 0
-1 0
-1 0
-1 0
-1 0
-1 0
-1 0
-1 0
-1 0
-1 0
-1 0
-1 0
-1 0
-1 0
-1 0
-1 0
-1 0
-1 0
-1 0
-1 0
-1 0
-1 0
-1 0
-1 0
-1 0
-1 0
-1 0
-1 0
-1 0
-1 0
-1 0
-1 0
-1 0
-1 0
-1 0
-1 0
-1 0
-1 0
-1 0
-1 0
-1 0
-1 0
-1 0
-1 0
-1 0
-1 0
-1 0
-1 0
-1 0
-1 0
-1 0
-1 0
-1 0
-1 0
-1 0
-1 0
-1 0
-1 0
-1 0
-1 0
-1 0
-1 0
-1 0
-1 0
-1 0
-1 0
-1 0
-1 0
-1 0
-1 0
-1 0
-1 0
-1 0
-1 0
-1 0
-1 0
-1 0
-1 0
-1 0
-1 0
-1 0
-1 0
-1 0
-1 0
-1 0
-1 0
-1 0
-1 0
-1 0
-1 0
-1 0
-1 0
-1 0
-1 0
-1 0
-1 0
-1 0
-1 0
-1 0
-1 0
-1 0
-1 0
-1 0
-1 0
-1 0
-1 0
-1 0
-1 0
-1 0
-1 0
-1 0
0 4
0 4
0 4
0 4
0 4
0 4
0 4
0 4
0 4
0 4
0 4
0 4
0 4
0 4
0 4
0 4
0 4
0 4
0 4
0 4
0 4
0 4
0 4
0 4
0 2
0 2
0 2
0 2
0 2
0 2
0 2
0 2
0 2
0 2
0 2
0 2
0 2
0 2
0 2
0 2
0 2
0 2
0 2
0 2
0 2
0 2
0 2
0 2
0 2
0 2
0 2
0 2
0 2
0 2
0 2
0 2
0 2
0 2
0 2
0 2
0 2
0 2
0 2
0 2
0 2
0 2
0 2
0 2
0 2
0 2
0 2
0 3
0 3
0 3
0 3
0 3
0 3
0 3
0 3
0 3
0 3
0 3
0 3
0 3
0 3
0 3
0 3
0 3
0 3
0 3
0 3
0 3
0 3
0 3
1 1
1 1
1 1
1 1
1 1
1 1
1 1
1 1
1 1
1 1
1 1
1 1
1 1
1 1
1 1
1 1
1 1
1 1
1 1
1 1
1 1
1 1
1 1
1 1
1 1
1 1
1 1
1 1
1 1
1 1
1 1
1 1
1 1
1 1
1 1
1 1
1 1
1 1
1 1
1 1
1 1
1 1
1 1
1 1
1 1
1 1
0 1
0 1
0 1
0 1
0 1
0 1
0 1
0 1
0 1
0 1
0 1
0 1
0 1
0 1
0 1
0 1
0 1
0 2
0 2
0 2
0 2
0 2
0 2
0 2
0 2
0 2
0 2
0 2
0 2
0 2
0 2
0 2
0 2
0 2
0 2
1 1
1 1
1 1
1 1
1 1
1 1
1 1
1 1
1 1
1 1
1 1
1 1
1 1
1 1
1 1
1 1
1 1
1 1
1 1
1 1
1 1
1 1
1 1
1 1
1 1
1 1
1 1
1 1
1 1
1 1
1 1
1 1
1 1
1 1
1 1
1 1
1 1
1 1
1 1
1 1
0 1
0 1
0 1
0 1
0 1
0 1
0 1
0 1
0 1
0 1
0 1
0 1
0 1
0 1
0 1
0 1
0 1
0 1
0 1
0 1
0 1
0 1
0 1
0 1
0 1
0 1
0 1
0 1
0 1
0 1
0 1
0 1
0 1
0 1
0 1
0 1
0 1
0 1
0 1
0 1
0 1
0 1
0 1
0 1
0 1
0 1
0 1
0 1
0 1
0 1
0 1
0 1
0 1
0 1
0 1
0 1
0 1
0 1
0 1
0 1
0 1
0 1
0 1
0 1
0 1
0 1
0 1
0 1
0 1
0 1
0 1
0 1
0 1
0 1
0 1
0 1
0 1
0 1
0 1
0 1
1 1
1 1
1 1
1 1
1 1
1 1
1 1
1 1
1 1
1 1
1 1
1 1
1 1
1 1
1 1
1 1
1 1
1 1
1 1
1 1
0 3
0 3
0 3
0 3
0 3
0 3
0 3
0 3
0 3
0 3
0 3
0 3
0 3
0 3
0 3
0 3
0 3
0 3
0 3
0 3
0 3
0 3
0 3
0 3
0 3
0 3
0 3
0 3
0 3
0 3
0 3
0 3
0 3
0 2
0 2
0 2
0 2
0 2
0 2
0 2
0 2
0 2
0 2
0 2
0 2
0 1
0 1
0 1
0 1
0 1
0 1
0 1
0 1
0 1
0 1
0 1
0 1
0 1
0 1
0 1
0 1
0 1
0 1
0 1
0 1
0 1
0 1
0 1
0 1
0 1
0 1
0 1
0 1
0 1
0 1
0 1
0 1
0 1
0 1
0 1
0 1
0 1
0 1
0 1
0 1
0 1
0 1
0 1
0 1
0 1
0 1
0 1
0 1
0 1
0 1
0 1
0 1
0 1
0 1
0 1
0 1
0 1
0 1
0 1
0 1
0 1
0 1
0 1
0 1
0 1
0 1
0 1
0 1
0 1
0 1
0 1
0 1
0 1
0 1
0 1
0 1
0 1
0 1
0 1
0 1
0 1
0 1
0 1
0 1
0 1
0 1
0 1
0 1
0 1
0 1
0 1
0 1
0 1
0 1
0 1
0 1
0 1
0 1
0 1
0 1
0 1
0 1
0 1
0 1
0 1
0 1
0 1
0 1
0 1
0 1
0 1
0 1
0 1
0 1
0 1
0 1
0 1
0 1
0 1
0 1
0 1
0 1
0 1
0 1
0 1
0 1
0 1
0 1
0 1
0 1
0 1
0 1
0 1
0 1
0 1
0 1
0 1
0 1
0 1
0 1
0 1
0 1
0 1
0 1
0 1
0 1
0 1
0 1
0 1
0 1
0 1
0 1
0 1
0 1
0 1
0 1
0 1
0 1
0 1
0 1
0 1
0 1
0 1
0 1
0 1
0 1
0 1
0 1
0 1
0 1
0 1
0 1
0 1
0 1
0 1
0 1
0 1
0 1
0 1
0 1
0 1
0 1
0 1
0 1
0 1
0 1
0 1
0 1
0 1
0 1
0 1
0 1
0 1
0 1
0 1
0 1
0 1
0 1
0 1
0 1
0 1
0 1
0 1
0 1
0 1
0 1
0 1
0 1
0 1
0 1
0 1
0 1
0 1
0 1
0 1
0 1
0 1
0 1
0 1
0 1
0 1
0 1
0 1
0 1
0 1
0 1
0 1
0 1
0 1
0 1
0 1
0 1
0 1
0 1
0 1
0 1
0 1
0 1
0 1
0 1
0 1
0 1
0 1
0 1
0 1
0 1
0 1
0 1
0 1
0 1
0 1
0 1
0 1
0 1
0 1
0 1
0 1
0 1
0 1
0 1
0 1
0 1
0 1
0 1
0 1
0 1
0 1
0 1
0 1
0 1
0 1
0 1
0 1
0 1
0 1
0 1
0 1
0 1
0 1
0 1
0 1
0 1
0 1
0 1
0 1
0 1
0 1
0 1
0 1
0 1
0 1
0 1
0 1
0 1
0 1
0 1
0 1
0 1
0 1
0 1
0 1
0 1
0 1
0 1
0 1
0 1
0 1
0 1
0 1
0 1
0 1
0 1
0 1
0 1
0 1
0 1
0 1
0 1
0 1
0 1
0 1
0 1
0 1
0 1
0 1
0 1
0 1
0 1
0 1
0 1
0 1
0 1
0 1
0 1
0 1
0 1
0 1
0 1
0 1
0 1
0 1
0 1
0 1
0 1
0 1
0 1
0 1
0 1
0 1
0 1
0 1
0 1
0 1
0 1
0 1
0 1
0 1
0 1
0 1
0 1
0 1
0 1
0 1
0 1
0 1
0 1
0 1
0 1
0 1
0 1
0 1
0 1
0 1
0 1
0 1
0 1
0 1
0 1
0 1
0 1
0 1
0 1
0 1
0 1
0 1
0 1
0 1
0 1
0 1
0 1
0 1
0 1
0 1
0 1
0 1
0 1
0 1
0 1
0 1
0 1
0 1
0 1
0 1
0 1
0 1
0 1
0 1
0 1
0 1
0 1
0 1
0 1
0 1
0 1
0 1
0 1
0 1
0 1
0 1
0 1
0 1
0 1
0 1
0 1
0 1
0 1
0 1
0 1
0 1
0 1
0 1
0 1
0 1
0 1
0 1
0 1
0 1
0 1
0 1
0 1
0 1
0 1
0 1
0 1
0 1
0 1
0 1
0 1
0 1
0 1
0 1
0 1
0 1
0 1
0 1
0 1
0 1
0 1
0 1
0 1
0 1
0 1
0 1
0 1
0 1
0 1
0 1
0 1
0 1
0 1
0 1
0 1
0 1
0 1
0 1
0 1
0 1
0 1
0 1
0 1
0 1
0 1
0 1
0 1
0 1
0 1
0 1
0 1
0 1
0 1
0 1
0 1
0 1
0 1
0 1
0 1
0 1
0 1
0 1
0 1
0 1
0 1
0 1
0 1
0 1
0 1
0 1
0 1
0 1
0 1
0 1
0 1
0 1
0 1
0 1
0 1
0 1
0 1
0 1
0 1
0 1
0 1
0 1
0 1
0 1
0 1
0 1
0 1
0 1
0 1
0 1
0 1
0 1
0 1
0 1
0 1
0 1
0 1
0 1
0 1
0 1
0 1
0 1
0 1
0 1
0 1
0 1
0 1
0 1
0 1
0 1
0 1
0 1
0 1
0 1
0 1
0 1
0 1
0 1
0 1
0 1
0 1
0 1
0 1
0 1
0 1
0 1
0 1
0 1
0 1
0 1
0 1
0 1
0 1
0 1
0 1
0 1
0 1
0 1
0 1
0 1
0 1
0 1
0 1
0 1
0 1
0 1
0 1
0 1
0 1
0 1
0 1
0 1
0 1
0 1
0 1
0 1
0 1
0 1
0 1
0 1
0 1
0 1
0 1
0 1
0 1
0 1
0 1
0 1
0 1
0 1
0 1
0 1
0 1
0 1
0 1
0 1
0 1
0 1
0 1
0 1
0 1
0 1
0 1
0 1
0 1
0 1
0 1
0 1
0 1
0 1
0 1
0 1
0 1
0 1
0 1
0 1
0 1
0 1
0 1
0 1
0 1
0 1
0 1
0 1
0 1
0 1
0 1
0 1
0 1
0 1
0 1
0 1
0 1
0 1
0 1
0 1
0 1
0 1
0 1
0 1
0 1
0 1
0 1
0 1
0 1
0 1
0 1
0 1
0 1
0 1
0 1
0 1
0 1
0 1
0 1
0 1
0 1
0 1
0 1
0 1
0 1
0 1
0 1
0 1
0 1
0 1
0 1
0 1
0 1
0 1
0 1
0 1
0 1
0 1
0 1
0 1
0 1
0 1
0 1
0 1
0 1
0 1
0 1
0 1
0 1
0 1
0 1
0 1
0 1
0 1
0 1
0 1
0 1
0 1
0 1
0 1
0 1
0 1
0 1
0 1
0 1
0 1
0 1
0 1
0 1
0 1
0 1
0 1
0 1
0 1
0 1
0 1
0 1
0 1
0 1
0 1
0 1
0 1
0 1
0 1
0 1
0 1
0 1
0 1
0 1
0 1
0 1
0 1
0 1
0 1
0 1
0 1
0 1
0 1
0 1
0 1
0 1
0 1
0 1
0 1
0 1
0 1
0 1
0 1
0 1
0 1
0 1
0 1
0 1
0 1
0 1
0 1
0 1
0 1
0 1
0 1
0 1
0 1
0 1
0 1
0 1
0 1
0 1
0 1
0 1
0 1
0 1
0 1
0 1
0 1
0 1
0 1
0 1
0 1
0 1
0 1
0 1
0 1
0 1
0 1
0 1
0 1
0 1
0 1
0 1
0 1
0 1
0 1
0 1
0 1
0 1
0 1
0 1
0 1
0 1
0 1
0 1
0 1
0 1
0 1
0 1
0 1
0 1
0 1
0 1
0 1
0 1
0 1
0 1
0 1
0 1
0 1
0 1
0 1
0 1
0 1
0 1
0 1
0 1
0 1
0 1
0 1
0 1
0 1
0 1
0 1
0 1
0 1
0 1
0 1
0 1
0 1
0 1
0 1
0 1
0 1
0 1
0 1
0 1
0 1
0 1
0 1
0 1
0 1
0 1
0 1
0 1
0 1
0 1
0 1
0 1
0 1
0 1
0 1
0 1
0 1
0 1
0 1
0 1
0 1
0 1
0 1
0 1
0 1
0 1
0 1
0 1
0 1
0 1
0 1
0 1
0 1
0 1
0 1
0 1
0 1
0 1
0 1
0 1
0 1
0 1
0 1
0 1
0 1
0 1
0 1
0 1
0 1
0 1
0 1
0 1
0 1
0 1
0 1
0 1
0 1
0 1
0 1
0 1
0 1
0 1
0 1
0 1
0 1
0 1
0 1
0 1
0 1
0 1
0 1
0 1
0 1
0 1
0 1
0 1
0 1
0 1
0 1
0 1
0 1
0 1
0 1
0 1
0 1
0 1
0 1
0 1
0 1
0 1
0 1
0 1
0 1
0 1
0 1
0 1
0 1
0 1
0 1
0 1
0 1
0 1
0 1
0 1
0 1
0 1
0 1
0 1
0 1
0 1
0 1
0 1
0 1
0 1
0 1
0 1
0 1
0 1
0 1
0 1
0 1
0 1
0 1
0 1
0 1
0 1
0 1
0 1
0 1
0 1
0 1
0 1
0 1
0 1
0 1
0 1
0 1
0 1
0 1
0 1
0 1
0 1
0 1
0 1
0 1
0 1
0 1
0 1
0 1
0 1
0 1
0 1
0 1
0 1
0 1
0 1
0 1
0 1
0 1
0 1
0 1
0 1
0 1
0 1
0 1
0 1
0 1
0 1
0 1
0 1
0 1
0 1
0 1
0 1
0 1
0 1
0 1
0 1
0 1
0 1
0 1
0 1
0 1
0 1
0 1
0 1
0 1
0 1
0 1
0 1
0 1
0 1
0 1
0 1
0 1
0 1
0 1
0 1
0 1
0 1
0 1
0 1
0 1
0 1
0 1
0 1
0 1
0 1
0 1
0 1
0 1
0 1
0 1
0 1
0 1
0 1
0 1
0 1
0 1
0 1
0 1
0 1
0 1
0 1
0 1
0 1
0 1
0 1
0 1
0 1
0 1
0 1
0 1
0 1
0 1
0 1
0 1
0 1
0 1
0 1
0 1
0 1
0 1
0 1
0 1
0 1
0 1
0 1
0 1
0 1
0 1
0 1
0 1
0 1
0 1
0 1
0 1
0 1
0 1
0 1
0 1
0 1
0 1
0 1
0 1
0 1
0 1
0 1
0 1
0 1
0 1
0 1
0 1
0 1
0 1
0 1
0 1
0 1
0 1
0 1
0 1
0 1
0 1
0 1
0 1
0 1
0 1
0 1
0 1
0 1
0 1
0 1
0 1
0 1
0 1
0 1
0 1
0 1
0 1
0 1
0 1
0 1
0 1
0 1
0 1
0 1
0 1
0 1
0 1
0 1
0 1
0 1
0 1
0 1
0 1
0 1
0 1
0 1
0 1
0 1
0 1
0 1
0 1
0 1
0 1
0 1
0 1
0 1
0 1
0 1
0 1
0 1
0 1
0 1
0 1
0 1
0 1
0 1
0 1
0 1
0 1
0 1
0 1
0 1
0 1
0 1
0 1
0 1
0 1
0 1
0 1
0 1
0 1
0 1
0 1
0 1
0 1
0 1
0 1
0 1
0 1
0 1
0 1
0 1
0 1
0 1
0 1
0 1
0 1
0 1
0 1
0 1
0 1
0 1
0 1
0 1
0 1
0 1
0 1
0 1
0 1
0 1
0 1
0 1
0 1
0 1
0 1
0 1
0 1
0 1
0 1
0 1
0 1
0 1
0 1
0 1
0 1
0 1
0 1
0 1
0 1
0 1
0 1
0 1
0 1
0 1
0 1
0 1
0 1
0 1
0 1
0 1
0 1
0 1
0 1
0 1
0 1
0 1
0 1
0 1
0 1
0 1
0 1
0 1
0 1
0 1
0 1
0 1
0 1
0 1
0 1
0 1
0 1
0 1
0 1
0 1
0 1
0 1
0 1
0 1
0 1
0 1
0 1
0 1
0 1
0 1
0 1
0 1
0 1
0 1
0 1
0 1
0 1
0 1
0 1
0 1
0 1
0 1
0 1
0 1
0 1
0 1
0 1
0 1
0 1
0 1
0 1
0 1
0 1
0 1
0 1
0 1
0 1
0 1
0 1
0 1
0 1
0 1
0 1
0 1
0 1
0 1
0 1
0 1
0 1
0 1
0 1
0 1
0 1
0 1
0 1
0 1
0 1
0 1
0 1
0 1
0 1
0 1
0 1
0 1
0 1
0 1
0 1
0 1
0 1
0 1
0 1
0 1
0 1
0 1
0 1
0 1
0 1
0 1
0 1
0 1
0 1
0 1
0 1
0 1
0 1
0 1
0 1
0 1
0 1
0 1
0 1
0 1
0 1
0 1
0 1
0 1
0 1
0 1
0 1
0 1
0 1
0 1
0 1
0 1
0 1
0 1
0 1
0 1
0 1
0 1
0 1
0 1
0 1
0 1
0 1
0 1
0 1
0 1
0 1
0 1
0 1
0 1
0 1
0 1
0 1
0 1
0 1
0 1
0 1
0 1
0 1
0 1
0 1
0 1
0 1
0 1
0 1
0 1
0 1
0 1
0 1
0 1
0 1
0 1
0 1
0 1
0 1
0 1
0 1
0 1
0 1
0 1
0 1
0 1
0 1
0 1
0 1
0 1
0 1
0 1
0 1
0 1
0 1
0 1
0 1
0 1
0 1
0 1
0 1
0 1
0 1
0 1
0 1
0 1
0 1
0 1
0 1
0 1
0 1
0 1
0 1
0 1
0 1
0 1
0 1
0 1
0 1
0 1
0 1
0 1
0 1
0 1
0 1
0 1
0 1
0 1
0 1
0 1
0 1
0 1
0 1
0 1
0 1
0 1
0 1
0 1
0 1
0 1
0 1
0 1
0 1
0 1
0 1
0 1
0 1
0 1
0 1
0 1
0 1
0 1
0 1
0 1
0 1
0 1
0 1
0 1
0 1
0 1
0 1
0 1
0 1
0 1
0 1
0 1
0 1
0 1
0 1
0 1
0 1
0 1
0 1
0 1
0 1
0 1
0 1
0 1
0 1
0 1
0 1
0 1
0 1
0 1
0 1
0 1
0 1
0 1
0 1
0 1
0 1
0 1
0 1
0 1
0 1
0 1
0 1
0 1
0 1
0 1
0 1
0 1
0 1
0 1
0 1
0 1
