10 -53
11 -60
20 -56
17 -55
22 -49
20 -46
18 -29
40 -39
40 -39
40 -40
37 -35
44 -30
52 -39
52 -39
52 -39
52 -39
52 -39
52 -39
52 -39
52 -39
52 -39
52 -39
52 -39
52 -39
52 -39
52 -39
52 -39
52 -39
52 -39
52 -39
52 -39
52 -39
52 -39
52 -39
47 -28
47 -28
47 -28
47 -28
47 -28
47 -28
47 -28
47 -28
47 -28
47 -28
47 -28
47 -28
47 -28
47 -28
47 -28
47 -28
47 -28
47 -28
47 -28
47 -28
47 -28
47 -28
47 -28
47 -28
47 -28
47 -28
47 -28
47 -28
47 -28
47 -28
47 -28
45 -20
45 -20
45 -20
45 -20
45 -20
45 -20
45 -20
45 -20
45 -20
45 -20
45 -20
45 -20
45 -20
45 -20
45 -20
45 -20
45 -20
45 -20
45 -20
45 -20
45 -20
45 -20
45 -20
45 -20
45 -20
45 -20
45 -20
45 -20
45 -20
45 -20
45 -20
45 -20
45 -20
45 -20
45 -20
45 -20
45 -20
45 -20
45 -20
45 -20
45 -20
45 -20
45 -20
45 -20
45 -20
45 -20
45 -20
45 -20
45 -20
45 -20
45 -20
45 -20
45 -20
45 -20
45 -20
45 -20
45 -20
45 -20
45 -20
42 -26
42 -26
42 -26
42 -26
42 -26
42 -26
42 -26
42 -26
42 -26
42 -26
42 -26
42 -26
42 -26
42 -26
42 -26
42 -26
42 -26
42 -26
42 -26
42 -26
42 -26
42 -26
42 -26
42 -26
41 -17
41 -17
41 -17
41 -17
41 -17
41 -17
41 -17
41 -17
41 -17
41 -17
41 -17
41 -17
41 -17
41 -17
41 -17
41 -17
41 -17
41 -17
41 -17
41 -17
41 -17
41 -17
41 -17
41 -17
41 -17
41 -17
41 -17
41 -17
41 -17
41 -17
41 -17
41 -17
41 -17
41 -17
41 -17
41 -17
41 -17
41 -17
41 -17
41 -17
41 -17
41 -17
41 -17
41 -17
41 -17
41 -17
41 -17
41 -17
41 -17
41 -17
41 -17
41 -17
41 -17
41 -17
41 -17
41 -17
41 -17
41 -17
41 -17
41 -17
41 -17
41 -17
41 -17
41 -17
41 -17
41 -17
41 -17
41 -17
41 -17
41 -17
41 -17
41 -17
41 -17
41 -17
41 -17
41 -17
41 -17
41 -17
41 -17
41 -17
41 -17
41 -17
41 -17
41 -17
41 -17
41 -17
41 -17
41 -17
36 -11
41 -17
38 -11
38 -11
38 -11
38 -11
38 -11
38 -11
38 -11
38 -11
38 -11
38 -11
38 -11
38 -11
38 -11
38 -11
38 -11
38 -11
38 -11
38 -11
38 -11
38 -11
38 -11
38 -11
38 -11
38 -11
38 -11
38 -11
38 -11
38 -11
38 -11
38 -11
38 -11
38 -11
38 -11
38 -11
38 -11
38 -11
38 -11
38 -11
38 -11
38 -11
38 -11
38 -11
38 -11
38 -11
38 -11
38 -11
38 -11
38 -11
38 -11
38 -11
38 -11
38 -11
38 -11
38 -11
38 -11
38 -11
38 -11
38 -11
38 -11
38 -11
38 -11
38 -11
38 -11
38 -11
38 -11
38 -11
38 -11
38 -11
38 -11
38 -11
38 -11
38 -11
38 -11
38 -11
38 -11
38 -11
38 -11
38 -11
38 -11
38 -11
38 -11
38 -11
38 -11
38 -11
38 -11
38 -11
38 -11
38 -11
38 -11
41 -5
41 -5
41 -5
41 -5
41 -5
41 -5
41 -5
41 -5
41 -5
41 -5
41 -5
41 -5
41 -5
41 -5
41 -5
41 -5
41 -5
41 -5
41 -5
41 -5
41 -5
41 -5
41 -5
41 -5
41 -5
41 -5
41 -5
41 -5
41 -5
41 -5
41 -5
41 -5
41 -5
41 -5
41 -5
41 -5
41 -5
41 -5
41 -5
41 -5
41 -5
41 -5
41 -5
41 -5
41 -5
41 -5
41 -5
41 -5
41 -5
43 -4
43 -4
43 -4
43 -4
43 -4
43 -4
43 -4
43 -4
43 -4
43 -4
43 -4
43 -4
43 -4
43 -4
43 -4
43 -4
43 -4
43 -4
43 -4
43 -4
43 -4
43 -4
43 -4
43 -4
43 -4
43 -4
43 -4
43 -4
43 -4
43 -4
43 -4
45 -3
45 -3
45 -3
45 -3
45 -3
45 -3
45 -3
45 -3
45 -3
45 -3
45 -3
45 -3
45 -3
45 -3
45 -3
45 -3
45 -3
45 -3
45 -3
45 -3
45 -3
45 -3
45 -3
45 -3
45 -3
45 -3
40 -2
40 -2
40 -2
40 -2
40 -2
40 -2
40 -2
40 -2
40 -2
40 -2
40 -2
40 -2
40 -2
40 -2
40 -2
40 -2
40 -2
40 -2
40 -2
40 -2
40 -2
40 -2
40 -2
40 -2
40 -2
40 -2
40 -2
40 -2
40 -2
40 -2
40 -2
40 -2
40 -2
40 -2
40 -2
40 -2
40 -2
40 -2
40 -2
40 -2
40 -2
40 -2
40 -2
40 -2
40 -2
40 -2
40 -2
40 -2
40 -2
40 -2
40 -2
40 -2
37 -4
37 -4
37 -4
37 -4
37 -4
37 -4
37 -4
37 -4
37 -4
37 -4
37 -4
37 -4
37 -4
37 -4
37 -4
37 -4
37 -4
37 -4
37 -4
37 -4
37 -4
37 -4
37 -4
37 -4
39 2
39 2
39 2
39 2
39 2
39 2
39 2
39 2
39 2
39 2
39 2
39 2
39 2
39 2
39 2
39 2
39 2
39 2
39 2
39 2
39 2
39 2
39 2
39 2
39 2
39 2
39 2
39 2
39 2
39 2
39 2
39 2
39 2
39 2
39 2
39 2
39 2
39 2
39 2
39 2
39 2
39 2
39 2
39 2
39 2
39 2
39 2
39 2
39 2
39 2
39 2
39 2
39 2
39 2
39 2
39 2
39 2
39 2
39 2
39 2
39 2
39 2
39 2
39 2
39 2
39 2
44 -2
44 -2
44 -2
44 -2
44 -2
44 -2
44 -2
44 -2
44 -2
44 -2
44 -2
44 -2
44 -2
44 -2
44 -2
44 -2
44 -2
44 -2
44 -2
44 -2
44 -2
44 -2
44 -2
44 -2
44 -2
44 -2
44 -2
44 -2
44 -2
44 -2
44 -2
44 -2
44 -2
44 -2
44 -2
44 -2
41 3
41 3
41 3
41 3
41 3
41 3
41 3
41 3
41 3
41 3
41 3
41 3
41 3
41 3
41 3
41 3
41 3
41 3
41 3
41 3
41 3
41 3
41 3
41 3
41 3
46 1
46 1
46 1
46 1
46 1
46 1
46 1
46 1
46 1
46 1
46 1
46 1
46 1
46 1
46 1
46 1
46 1
46 1
46 1
46 1
46 1
46 1
46 1
46 1
46 1
44 -1
44 -1
44 -1
44 -1
44 -1
44 -1
44 -1
44 -1
44 -1
44 -1
44 -1
44 -1
44 -1
44 -1
44 -1
44 -1
44 -1
44 -1
44 -1
44 -1
44 -1
44 -1
44 -1
44 -1
44 -1
44 -1
42 -2
42 -2
42 -2
42 -2
42 -2
42 -2
42 -2
42 -2
42 -2
42 -2
42 -2
42 -2
42 -2
42 -2
42 -2
42 -2
42 -2
42 -2
42 -2
42 -2
42 -2
42 -2
42 -2
42 -2
42 -2
42 -2
42 -2
42 -2
42 -2
42 -2
42 -2
42 -2
42 -2
42 -2
42 -2
42 -2
42 -2
42 -2
42 -2
42 -2
42 -2
42 -2
42 -2
42 -2
42 -2
42 -2
42 -2
42 -2
42 -2
42 -2
42 -2
42 -2
42 -2
42 -2
44 0
44 0
44 0
44 0
44 0
44 0
44 0
44 0
44 0
44 0
44 0
44 0
44 0
44 0
44 0
44 0
44 0
44 0
44 0
44 0
44 0
44 0
44 0
44 0
44 0
44 0
45 2
45 2
45 2
45 2
45 2
45 2
45 2
45 2
45 2
45 2
45 2
45 2
45 2
45 2
45 2
45 2
45 2
45 2
45 2
45 2
45 2
45 2
45 2
45 2
45 2
45 2
45 2
45 2
45 2
45 2
45 2
45 2
45 2
45 2
45 2
45 2
45 2
45 2
45 2
45 2
45 2
45 2
45 2
45 2
45 2
45 2
45 2
45 2
45 2
45 2
45 2
45 2
45 2
45 2
45 2
45 2
45 2
45 2
45 2
45 2
45 2
45 2
45 2
45 2
45 2
45 2
45 2
45 2
45 2
45 2
45 2
45 2
45 2
45 2
45 2
45 2
45 2
47 4
47 4
47 4
47 4
47 4
47 4
47 4
47 4
47 4
47 4
47 4
47 4
47 4
47 4
47 4
47 4
47 4
47 4
47 4
47 4
47 4
47 4
47 4
47 4
47 4
47 4
47 4
49 2
49 2
49 2
49 2
49 2
49 2
49 2
49 2
49 2
49 2
49 2
49 2
49 2
49 2
49 2
49 2
49 2
49 2
49 2
49 2
49 2
49 2
49 2
49 2
49 2
49 2
49 2
49 2
49 2
49 2
49 2
49 2
49 2
49 2
49 2
49 2
49 2
49 2
49 2
49 2
49 2
49 2
49 2
49 2
49 2
49 2
49 2
49 2
49 2
49 2
49 2
49 2
49 2
49 2
42 7
42 7
42 7
42 7
42 7
42 7
42 7
42 7
42 7
42 7
42 7
42 7
42 7
42 7
42 7
42 7
42 7
42 7
42 7
42 7
60 1
60 1
60 1
60 1
60 1
60 1
60 1
60 1
60 1
60 1
60 1
60 1
60 1
60 1
60 1
60 1
60 1
60 1
60 1
60 1
60 1
60 1
60 1
60 1
60 1
60 1
60 1
60 1
60 1
60 1
60 1
57 4
57 4
57 4
57 4
57 4
57 4
57 4
57 4
57 4
57 4
57 4
57 4
57 4
57 4
57 4
57 4
57 4
57 4
57 4
57 4
57 4
57 4
57 4
57 4
57 4
57 4
57 4
57 4
57 4
57 4
57 4
57 4
57 4
57 4
57 4
57 4
57 4
57 4
57 4
57 4
57 4
57 4
57 4
57 4
57 4
57 4
57 4
57 4
57 4
57 4
57 4
57 4
57 4
57 4
57 4
57 4
57 4
57 4
57 4
57 4
57 4
55 4
55 4
55 4
55 4
55 4
55 4
55 4
55 4
55 4
55 4
55 4
55 4
55 4
55 4
55 4
55 4
55 4
55 4
55 4
55 4
55 4
55 4
55 4
55 4
55 4
55 4
55 4
55 4
55 4
55 4
55 4
68 7
68 7
68 7
68 7
68 7
68 7
68 7
68 7
68 7
68 7
68 7
68 7
68 7
68 7
68 7
68 7
68 7
68 7
68 7
68 7
68 7
68 7
68 7
68 7
68 7
68 7
68 7
68 7
68 7
68 7
68 7
68 7
68 7
54 14
54 14
54 14
54 14
54 14
54 14
54 14
54 14
54 14
54 14
54 14
54 14
54 14
54 14
54 14
54 14
54 14
54 14
54 14
54 14
54 14
54 14
54 14
54 14
54 14
54 14
54 14
54 14
54 14
54 14
54 14
54 14
54 14
54 14
54 14
54 14
54 14
54 14
54 14
54 14
54 14
54 14
54 14
54 14
54 14
54 14
54 14
54 14
54 14
54 14
54 14
54 14
54 14
54 14
54 14
61 15
61 15
61 15
61 15
61 15
61 15
61 15
61 15
61 15
61 15
61 15
61 15
61 15
61 15
61 15
61 15
61 15
61 15
61 15
61 15
61 15
61 15
61 15
61 15
61 15
61 15
67 16
67 16
67 16
67 16
67 16
67 16
67 16
67 16
67 16
67 16
67 16
67 16
67 16
67 16
67 16
67 16
67 16
67 16
67 16
67 16
67 16
67 16
67 16
67 16
67 16
67 16
67 16
67 16
67 16
67 16
67 16
67 16
67 16
67 16
67 16
67 16
67 16
67 16
67 16
67 16
67 16
67 16
67 16
67 16
67 16
67 16
67 16
67 16
67 16
67 16
67 16
67 16
67 16
67 16
67 16
67 16
67 16
67 16
67 16
67 16
67 16
67 16
67 16
67 16
63 19
63 19
63 19
63 19
63 19
63 19
63 19
63 19
63 19
63 19
63 19
63 19
63 19
63 19
63 19
63 19
63 19
63 19
63 19
63 19
63 19
63 19
63 19
63 19
63 19
63 19
63 19
62 17
62 17
62 17
62 17
62 17
62 17
62 17
62 17
62 17
62 17
62 17
62 17
62 17
62 17
62 17
62 17
62 17
62 17
62 17
62 17
62 17
62 17
62 17
62 17
62 17
62 17
62 17
62 17
62 17
62 17
62 17
62 17
62 17
61 22
61 22
61 22
61 22
61 22
61 22
61 22
61 22
61 22
61 22
61 22
61 22
61 22
61 22
61 22
61 22
61 22
61 22
61 22
61 22
61 22
61 22
61 22
61 22
61 22
61 22
61 22
61 22
61 22
61 22
61 22
61 22
61 22
61 22
61 22
61 22
61 22
61 22
61 22
61 22
61 22
61 22
61 22
61 22
61 22
61 22
61 22
61 22
61 22
61 22
61 22
61 22
61 22
61 22
61 22
61 22
61 22
61 22
58 20
58 20
58 20
58 20
58 20
58 20
58 20
58 20
58 20
58 20
58 20
58 20
58 20
58 20
58 20
58 20
58 20
58 20
58 20
58 20
58 20
58 20
58 20
58 20
58 20
58 20
49 20
49 20
49 20
49 20
49 20
49 20
49 20
49 20
49 20
49 20
49 20
49 20
49 20
49 20
49 20
49 20
49 20
49 20
49 20
49 20
49 20
49 20
49 20
49 20
49 20
49 20
49 20
49 20
49 20
49 20
49 20
49 20
49 20
49 20
49 20
49 20
49 20
49 20
49 20
49 20
49 20
49 20
49 20
49 20
49 20
49 20
49 20
49 20
49 20
49 20
49 20
49 20
46 26
46 26
46 26
46 26
46 26
46 26
46 26
46 26
46 26
46 26
46 26
46 26
46 26
46 26
46 26
46 26
46 26
46 26
46 26
38 25
38 25
38 25
38 25
38 25
38 25
38 25
38 25
38 25
38 25
38 25
38 25
38 25
38 25
38 25
38 25
38 25
38 25
38 25
38 25
38 25
38 25
38 25
38 25
38 25
38 25
38 25
18 20
18 20
18 20
18 20
18 20
18 20
18 20
18 20
18 20
18 20
18 20
18 20
18 20
18 20
18 20
18 20
18 20
18 20
18 20
18 20
18 20
18 20
18 20
18 20
18 20
18 20
18 20
18 20
18 20
18 20
18 20
18 20
18 20
18 20
18 20
18 20
18 20
18 20
18 20
18 20
18 20
18 20
18 20
18 20
18 20
18 20
18 20
18 20
18 20
18 20
18 20
18 20
18 20
18 20
18 20
18 20
18 20
22 17
22 17
22 17
22 17
22 17
22 17
22 17
22 17
22 17
22 17
22 17
22 17
22 17
22 17
22 17
22 17
22 17
22 17
22 17
22 17
22 17
22 17
22 17
22 17
22 17
30 27
30 27
30 27
30 27
30 27
30 27
30 27
30 27
30 27
30 27
30 27
30 27
30 27
30 27
30 27
30 27
30 27
30 27
30 27
30 27
30 27
30 27
30 27
30 27
30 27
30 27
30 27
30 27
30 27
30 27
30 27
30 27
30 27
30 27
30 27
30 27
30 27
30 27
30 27
30 27
30 27
30 27
30 27
30 27
30 27
30 27
30 27
30 27
30 27
30 27
30 27
30 27
33 30
33 30
33 30
33 30
33 30
33 30
33 30
33 30
33 30
33 30
33 30
33 30
33 30
33 30
33 30
33 30
33 30
33 30
33 30
33 30
33 30
33 30
33 30
33 30
33 30
33 30
33 30
33 30
33 30
33 30
33 30
33 30
33 30
33 30
33 30
33 30
33 30
33 30
33 30
33 30
33 30
33 30
33 30
33 30
33 30
33 30
33 30
33 30
33 30
33 30
33 30
33 30
33 30
36 33
35 34
35 34
35 34
35 34
35 34
35 34
35 34
35 34
35 34
35 34
35 34
35 34
35 34
35 34
35 34
35 34
35 34
35 34
35 34
35 34
35 34
35 34
35 34
35 34
35 34
35 34
35 34
35 34
35 34
35 34
35 34
35 34
35 34
35 34
35 34
35 34
35 34
35 34
35 34
35 34
35 34
35 34
35 34
35 34
35 34
35 34
35 34
35 34
35 34
35 34
27 27
27 27
27 27
27 27
27 27
27 27
27 27
27 27
27 27
27 27
27 27
27 27
27 27
27 27
27 27
27 27
27 27
27 27
27 27
27 27
27 27
27 27
27 27
27 27
27 27
27 27
27 27
27 27
27 27
27 27
28 35
28 35
28 35
28 35
28 35
28 35
28 35
28 35
28 35
28 35
28 35
28 35
28 35
28 35
28 35
28 35
28 35
28 35
28 35
28 35
28 35
28 35
28 35
28 35
28 35
28 35
28 35
28 35
28 35
28 35
28 35
28 35
28 35
28 35
28 35
28 35
28 35
28 35
28 35
28 35
28 35
28 35
28 35
28 35
28 35
28 35
28 35
28 35
28 35
28 35
27 39
27 39
27 39
27 39
27 39
27 39
27 39
27 39
27 39
27 39
27 39
27 39
27 39
27 39
27 39
27 39
27 39
27 39
27 39
27 39
27 39
27 39
27 39
27 39
27 39
22 31
22 31
22 31
22 31
22 31
22 31
22 31
22 31
22 31
22 31
22 31
22 31
22 31
22 31
22 31
22 31
22 31
22 31
22 31
22 31
22 31
22 31
22 31
22 31
22 31
22 34
22 34
22 34
22 34
22 34
22 34
22 34
22 34
22 34
22 34
22 34
22 34
22 34
22 34
22 34
22 34
22 34
22 34
22 34
22 34
22 34
22 34
22 34
22 34
22 34
22 34
22 34
22 34
22 34
22 34
22 34
22 34
22 34
22 34
22 34
22 34
22 34
22 34
22 34
22 34
22 34
22 34
22 34
22 34
22 34
22 34
22 34
22 34
22 34
22 34
22 34
22 34
22 34
17 33
17 33
17 33
17 33
17 33
17 33
17 33
17 33
17 33
17 33
17 33
17 33
17 33
17 33
17 33
17 33
17 33
17 33
17 33
17 33
17 33
17 33
17 33
15 33
15 33
15 33
15 33
15 33
15 33
15 33
15 33
15 33
15 33
15 33
15 33
15 33
15 33
15 33
15 33
15 33
15 33
15 33
15 33
15 33
15 33
15 33
15 33
15 33
14 31
14 31
14 31
14 31
14 31
14 31
14 31
14 31
14 31
14 31
14 31
14 31
14 31
14 31
14 31
14 31
14 31
14 31
14 31
14 31
14 31
14 31
14 31
14 31
14 31
14 31
14 31
14 31
14 31
14 31
14 31
14 31
14 31
14 31
14 31
14 31
14 31
14 31
14 31
14 31
14 31
14 31
14 31
14 31
14 31
14 31
14 31
2 31
2 31
2 31
2 31
2 31
2 31
2 31
2 31
2 31
2 31
2 31
2 31
2 31
2 31
2 31
2 31
2 31
8 35
8 35
8 35
8 35
8 35
8 35
8 35
8 35
8 35
8 35
8 35
8 35
8 35
8 35
8 35
8 35
8 35
8 35
8 35
8 35
8 35
8 35
8 35
8 35
8 35
8 35
8 35
8 35
8 35
8 35
8 35
8 35
8 35
8 35
8 35
8 35
8 35
8 35
8 35
8 35
8 35
8 35
8 35
8 35
8 35
8 35
8 35
8 35
8 35
8 35
8 35
8 35
8 35
8 35
8 35
8 35
8 35
8 35
8 35
8 35
8 35
8 35
8 35
7 38
9 38
9 38
9 38
9 38
9 38
9 38
9 38
9 38
9 38
9 38
9 38
9 38
9 38
9 38
9 38
9 38
9 38
9 38
9 38
9 38
9 38
9 38
9 38
9 38
9 38
9 38
9 38
9 38
9 38
9 38
9 38
9 38
9 38
9 38
9 38
9 38
9 38
9 38
9 38
9 38
9 38
9 38
9 38
9 38
9 38
9 38
9 38
9 38
9 38
9 38
9 38
9 38
9 38
9 38
9 38
9 38
9 38
9 38
9 38
9 38
9 38
9 38
9 38
9 38
9 38
9 38
9 38
9 38
9 38
9 38
9 38
9 38
9 38
9 38
4 40
4 40
4 40
4 40
4 40
4 40
4 40
4 40
4 40
4 40
4 40
4 40
4 40
4 40
4 40
4 40
4 40
4 40
4 40
4 40
4 40
4 40
4 40
4 40
4 40
4 40
4 40
4 40
4 40
4 40
4 40
4 40
4 40
4 40
4 40
4 40
4 40
4 40
4 40
4 40
4 40
4 40
4 40
4 40
4 40
4 40
4 40
4 40
4 40
4 40
4 40
4 40
4 40
4 40
3 38
3 38
3 38
3 38
3 38
3 38
3 38
3 38
3 38
3 38
3 38
3 38
3 38
3 38
3 38
3 38
3 38
3 38
3 38
3 38
3 38
3 38
3 38
3 38
3 38
3 38
3 38
3 39
3 39
3 39
3 39
3 39
3 39
3 39
3 39
3 39
3 39
3 39
3 39
3 39
3 39
3 39
3 39
3 39
3 39
3 39
3 39
3 39
3 39
3 39
3 39
3 39
3 39
3 39
3 39
5 42
5 42
5 42
5 42
5 42
5 42
5 42
5 42
5 42
5 42
5 42
5 42
5 42
5 42
5 42
5 42
5 42
5 42
5 42
5 42
5 42
5 42
5 42
5 42
5 42
5 42
-2 42
-2 42
-2 42
-2 42
-2 42
-2 42
-2 42
-2 42
-2 42
-2 42
-2 42
-2 42
-2 42
-2 42
-2 42
-2 42
-2 42
-2 42
-2 42
-2 42
-2 42
-2 42
-2 42
-2 42
-2 42
-2 42
-2 42
-2 42
-2 42
-2 42
-2 42
-2 42
-2 42
-2 42
-2 42
-2 42
-2 42
-2 42
-2 42
-2 42
-2 42
-2 42
-2 42
-2 42
0 42
0 42
0 42
0 42
0 42
0 42
0 42
0 42
0 42
0 42
0 42
0 42
0 42
0 42
0 42
0 42
0 42
0 42
0 44
0 44
0 44
0 44
0 44
0 44
0 44
0 44
0 44
0 44
0 44
0 44
0 44
0 44
0 44
0 44
0 44
0 44
0 44
0 44
0 44
0 44
0 44
0 44
0 44
0 44
0 44
0 44
0 44
0 44
0 44
0 44
0 44
0 44
0 44
0 44
-1 39
-1 39
-1 39
-1 39
-1 39
-1 39
-1 39
-1 39
-1 39
-1 39
-1 39
-1 39
-1 39
-1 39
-1 39
-3 46
-3 46
-3 46
-3 46
-3 46
-3 46
-3 46
-3 46
-3 46
-3 46
-3 46
-3 46
-3 46
-3 46
-3 46
-3 46
-3 46
-3 46
-3 46
-3 46
-3 46
-1 43
-1 43
-1 43
-1 43
-1 43
-1 43
-1 43
-1 43
-1 43
-1 43
-1 43
-1 43
-1 43
-1 43
-1 43
-1 43
-1 43
-1 43
-1 43
-1 43
-1 43
-1 43
-1 43
-1 43
-1 43
-1 43
-1 43
-1 43
-1 43
-1 43
-1 43
-1 43
-1 43
-1 43
-1 43
-1 43
-1 43
-1 43
-1 43
-1 43
-1 43
-1 43
-1 43
-1 43
-1 43
-1 43
0 44
0 44
0 44
0 44
0 44
0 44
0 44
0 44
0 44
0 44
0 44
0 44
0 44
0 44
0 44
0 44
0 44
0 44
0 44
0 44
-1 45
-1 45
-1 45
-1 45
-1 45
-1 45
-1 45
-1 45
-1 45
-1 45
-1 45
-1 45
-1 45
-1 45
-1 45
-1 45
-1 45
-1 45
-1 45
-1 45
-1 45
-1 45
-1 49
-1 49
-1 49
-1 49
-1 49
-1 49
-1 49
-1 49
-1 49
-1 49
-1 49
-1 49
-1 49
-1 49
-1 49
-1 49
-1 49
-1 49
-1 49
-1 49
-1 49
-1 49
-1 49
-1 49
-1 49
-1 49
-1 49
-1 49
-1 49
-1 49
-1 49
-1 49
-1 49
-1 49
-1 49
-1 49
-1 49
-1 49
-1 49
-1 49
-1 49
-1 49
-2 41
-2 41
-2 41
-2 41
-2 41
-2 41
-2 41
-2 41
-2 41
-2 41
-2 41
-2 41
-2 41
-2 41
-2 41
-2 41
-2 41
-2 41
-2 41
-4 48
-4 48
-4 48
-4 48
-4 48
-4 48
-4 48
-4 48
-4 48
-4 48
-4 48
-4 48
-4 48
-4 48
-4 48
-4 48
-4 48
-4 48
-4 48
-4 48
-4 48
-4 48
-4 48
-4 48
-4 48
-4 48
-4 48
-4 48
-4 48
-4 48
-4 48
-4 48
-4 48
-4 48
-4 48
-4 48
-4 48
-4 48
-4 48
2 38
2 38
2 38
2 38
2 38
2 38
2 38
2 38
2 38
2 38
2 38
2 38
2 38
2 38
2 38
2 38
2 38
2 38
2 38
2 38
2 38
-7 42
-7 42
-7 42
-7 42
-7 42
-7 42
-7 42
-7 42
-7 42
-7 42
-7 42
-7 42
-7 42
-7 42
-7 41
-7 41
-7 41
-7 41
-7 41
-7 41
-7 41
-7 41
-7 41
-7 41
-7 41
-7 41
-7 41
-7 41
-7 41
-7 41
-7 41
-7 41
-7 41
-7 41
-7 41
-7 41
-7 41
-7 41
-7 41
-7 41
-7 41
-7 41
-7 41
-7 41
-7 41
-7 41
-7 41
-7 41
-7 41
-7 41
-7 41
-7 38
-7 38
-7 38
-7 38
-7 38
-7 38
-7 38
-7 38
-7 38
-7 38
-7 38
-7 38
-7 38
-7 38
-7 38
-7 38
-7 38
-7 41
-7 41
-7 41
-7 41
-7 41
-7 41
-7 41
-7 41
-7 41
-7 41
-7 41
-7 41
-7 41
-7 41
-7 41
-7 41
-7 41
-7 41
-7 41
-6 34
-6 34
-6 34
-6 34
-6 34
-6 34
-6 34
-6 34
-6 34
-6 34
-6 34
-6 34
-6 34
-6 34
-6 34
-6 34
-6 34
-6 34
-6 34
-6 34
-6 34
-6 34
-6 34
-6 34
-6 41
-6 41
-6 41
-6 41
-6 41
-6 41
-6 41
-6 41
-6 41
-6 41
-6 41
-6 41
-6 41
-6 41
-6 41
-6 41
-6 41
-6 41
-9 39
-9 39
-9 39
-9 39
-9 39
-9 39
-9 39
-9 39
-9 39
-9 39
-9 39
-9 39
-9 39
-9 39
-9 39
-9 39
-9 39
-9 39
-9 39
-9 39
-9 39
-9 39
-9 39
-9 39
-9 39
-9 39
-9 39
-9 39
-9 39
-9 39
-9 39
-9 39
-9 39
-9 39
-9 39
-9 39
-9 39
-9 39
-9 41
-9 41
-9 41
-9 41
-9 41
-9 41
-9 41
-9 41
-9 41
-9 41
-9 41
-9 41
-9 41
-9 41
-9 41
-9 41
-9 41
-9 41
-9 41
-12 39
-12 39
-12 39
-12 39
-12 39
-12 39
-12 39
-12 39
-12 39
-12 39
-12 39
-12 39
-12 39
-12 39
-12 39
-12 39
-12 39
-12 39
-12 39
-12 39
-12 39
-12 39
-12 39
-12 39
-12 39
-12 39
-12 39
-12 39
-12 39
-12 39
-12 39
-12 39
-12 39
-12 39
-12 39
-12 39
-12 39
-12 39
-12 39
-12 39
-10 41
-10 41
-10 41
-10 41
-10 41
-10 41
-10 41
-10 41
-10 41
-10 41
-10 41
-10 41
-10 41
-10 41
-10 41
-10 41
-10 41
-10 41
-9 41
-9 41
-9 41
-9 41
-9 41
-9 41
-9 41
-9 41
-9 41
-9 41
-9 41
-9 41
-9 41
-9 41
-9 41
-9 41
-9 41
-9 41
-9 41
-9 41
-13 41
-13 41
-13 41
-13 41
-13 41
-13 41
-13 41
-13 41
-13 41
-13 41
-13 41
-13 41
-13 41
-13 41
-13 41
-13 41
-13 41
-13 41
-13 41
-13 41
-13 41
-13 41
-13 41
-13 41
-13 41
-13 41
-13 41
-13 41
-13 41
-13 41
-13 41
-13 41
-13 41
-13 41
-13 41
-13 41
-13 41
-13 41
-13 41
-13 41
-13 41
-13 32
-13 32
-13 32
-13 32
-13 32
-13 32
-13 32
-13 32
-13 32
-13 32
-13 32
-13 32
-13 32
-13 32
-13 32
-13 32
-13 32
-13 32
-13 32
-13 32
-13 32
-13 32
-13 32
-13 32
-13 32
-13 32
-13 32
-13 32
-13 32
-13 32
-13 32
-13 32
-13 32
-13 32
-13 32
-13 32
-13 32
-13 32
-13 32
-13 32
-13 32
-13 32
-13 32
-13 32
-13 32
-15 35
-15 35
-15 35
-15 35
-15 35
-15 35
-15 35
-15 35
-15 35
-15 35
-15 35
-15 35
-15 35
-15 35
-15 35
-15 35
-15 35
-15 35
-15 35
-15 35
-23 39
-23 39
-23 39
-23 39
-23 39
-23 39
-23 39
-23 39
-23 39
-23 39
-23 39
-23 39
-23 39
-23 39
-23 39
-23 39
-23 39
-23 39
-23 39
-23 39
-15 27
-15 27
-15 27
-15 27
-15 27
-15 27
-15 27
-15 27
-15 27
-15 27
-15 27
-15 27
-15 27
-15 27
-15 27
-15 27
-15 27
-15 27
-15 27
-15 27
-15 27
-15 27
-20 37
-20 37
-20 37
-20 37
-20 37
-20 37
-20 37
-20 37
-20 37
-20 37
-20 37
-20 37
-20 37
-20 37
-20 37
-20 37
-20 37
-20 37
-20 37
-20 37
-20 37
-20 37
-20 37
-20 37
-20 37
-20 37
-20 37
-20 37
-20 37
-20 37
-20 37
-20 37
-20 37
-20 37
-20 37
-20 37
-20 37
-20 37
-20 37
-20 37
-20 37
-20 37
-20 37
-20 37
-20 37
-20 37
-20 37
-20 37
-22 37
-22 37
-22 37
-22 37
-22 37
-22 37
-22 37
-22 37
-22 37
-22 37
-22 37
-22 37
-22 37
-22 37
-22 37
-22 37
-22 37
-22 37
-22 37
-22 37
-22 37
-22 37
-22 37
-22 37
-22 37
-22 37
-31 29
-31 29
-31 29
-31 29
-31 29
-31 29
-31 29
-31 29
-31 29
-31 29
-31 29
-31 29
-31 29
-37 36
-37 36
-37 36
-37 36
-37 36
-37 36
-37 36
-37 36
-37 36
-37 36
-37 36
-37 36
-37 36
-37 36
-37 36
-37 36
-37 36
-37 36
-37 36
-37 36
-37 36
-37 36
-37 36
-37 36
-37 36
-37 36
-37 36
-37 36
-37 36
-37 36
-37 36
-37 36
-37 36
-37 36
-37 36
-37 36
-37 36
-37 36
-37 36
-37 36
-37 36
-37 36
-37 36
-45 40
-45 40
-45 40
-45 40
-45 40
-45 40
-45 40
-45 40
-45 40
-45 40
-45 40
-45 40
-43 33
-43 33
-43 33
-43 33
-43 33
-43 33
-43 33
-43 33
-43 33
-43 33
-43 33
-43 33
-43 33
-43 33
-43 33
-43 33
-43 33
-43 33
-43 33
-43 33
-43 33
-43 33
-43 33
-43 33
-43 33
-43 33
-43 33
-43 33
-43 33
-43 33
-43 33
-43 33
-43 33
-43 33
-43 33
-43 33
-43 33
-43 33
-43 33
-43 33
-43 33
-43 33
-43 33
-43 33
-43 33
-43 33
-43 33
-43 33
-43 33
-43 33
-43 33
-43 33
-43 33
-43 33
-36 34
-36 34
-36 34
-36 34
-36 34
-36 34
-36 34
-36 34
-36 34
-36 34
-36 34
-36 34
-36 34
-36 34
-36 34
-36 34
-36 34
-36 34
-36 34
-36 34
-36 34
-36 34
-36 34
-36 34
-36 34
-36 34
-36 34
-39 31
-39 31
-39 31
-39 31
-39 31
-39 31
-39 31
-39 31
-39 31
-39 31
-39 31
-39 31
-39 31
-39 31
-39 31
-39 31
-39 31
-39 31
-39 31
-39 31
-39 31
-39 31
-39 31
-39 31
-48 41
-48 41
-48 41
-48 41
-48 41
-48 41
-48 41
-48 41
-48 41
-48 41
-48 41
-48 41
-48 41
-48 41
-48 41
-48 41
-48 41
-48 41
-48 41
-48 41
-48 41
-48 41
-48 41
-48 41
-48 41
-48 41
-48 41
-48 41
-48 41
-48 41
-48 41
-48 41
-48 41
-48 41
-48 41
-48 41
-48 41
-48 41
-48 41
-48 41
-48 41
-48 41
-48 41
-48 41
-48 41
-48 41
-48 41
-48 41
-48 41
-48 41
-48 41
-48 41
-48 41
-48 41
-48 41
-48 41
-48 41
-48 41
-48 41
-48 41
-48 41
-48 41
-48 41
-48 41
-48 41
-48 41
-48 41
-48 41
-48 41
-48 41
-48 41
-48 41
-48 41
-48 41
-48 41
-48 41
-48 41
-48 41
-48 41
-48 41
-48 41
-48 41
-48 41
-48 41
-48 41
-48 41
-48 41
-48 41
-48 41
-48 41
-48 41
-48 41
-48 41
-35 23
-58 30
-58 30
-58 30
-58 30
-58 30
-58 30
-58 30
-58 30
-58 30
-58 30
-58 30
-58 30
-58 30
-58 30
-58 30
-58 30
-58 30
-58 30
-58 30
-58 30
-58 30
-58 30
-58 30
-58 30
-58 30
-58 30
-58 30
-58 30
-58 30
-58 30
-58 30
-58 30
-58 30
-58 30
-58 30
-58 30
-58 30
-58 30
-58 30
-58 30
-58 30
-58 30
-58 30
-58 30
-58 30
-58 30
-58 30
-58 30
-58 30
-58 30
-58 30
-58 30
-58 30
-58 30
-58 30
-58 30
-58 30
-58 30
-58 30
-58 30
-58 30
-58 30
-55 28
-55 28
-55 28
-55 28
-55 28
-55 28
-55 28
-55 28
-55 28
-55 28
-55 28
-55 28
-55 28
-55 28
-55 28
-55 28
-55 28
-55 28
-55 28
-55 28
-55 28
-55 28
-55 28
-55 28
-55 28
-55 28
-55 28
-55 28
-55 28
-54 14
-54 14
-54 14
-54 14
-54 14
-54 14
-54 14
-54 14
-54 14
-54 14
-54 14
-54 14
-54 14
-54 14
-54 14
-54 14
-54 14
-54 14
-54 14
-54 14
-54 14
-54 14
-54 14
-54 14
-54 14
-54 14
-54 14
-54 14
-54 19
-54 19
-54 19
-54 19
-54 19
-54 19
-54 19
-54 19
-54 19
-54 19
-54 19
-54 19
-54 19
-54 19
-54 19
-54 19
-54 19
-54 19
-54 19
-54 19
-54 19
-54 19
-54 19
-54 19
-54 19
-54 19
-54 19
-54 19
-54 19
-54 19
-54 19
-54 19
-54 19
-54 19
-54 19
-54 19
-54 19
-54 19
-54 19
-54 19
-54 19
-54 19
-54 19
-54 19
-54 19
-54 19
-54 19
-54 19
-54 19
-54 19
-54 19
-54 19
-54 19
-54 19
-54 19
-54 19
-54 19
-54 19
-54 19
-54 19
-54 19
-54 19
-54 19
-54 19
-53 15
-53 15
-53 15
-53 15
-53 15
-53 15
-53 15
-53 15
-53 15
-53 15
-53 15
-53 15
-53 15
-53 15
-53 15
-53 15
-53 15
-53 15
-53 15
-53 15
-53 15
-53 15
-53 15
-53 15
-53 15
-53 15
-53 15
-53 15
-53 15
-53 15
-53 15
-56 13
-56 13
-56 13
-56 13
-56 13
-56 13
-56 13
-56 13
-56 13
-56 13
-56 13
-56 13
-56 13
-56 13
-56 13
-56 13
-56 13
-56 13
-56 13
-56 13
-56 13
-56 13
-56 13
-56 13
-56 13
-56 13
-56 13
-56 13
-56 13
-56 13
-56 13
-56 13
-56 13
-56 13
-56 13
-56 13
-56 13
-56 13
-56 13
-56 13
-56 13
-56 13
-56 13
-56 13
-56 13
-56 13
-56 13
-56 13
-56 13
-56 13
-56 13
-56 13
-56 13
-56 13
-56 13
-56 13
-56 13
-56 13
-56 13
-56 13
-56 13
-56 13
-56 13
-56 13
-56 13
-56 13
-56 13
-56 13
-56 13
-56 13
-56 13
-56 13
-56 13
-56 13
-56 13
-56 13
-56 13
-56 13
-56 13
-56 13
-56 13
-56 13
-56 13
-56 13
-56 13
-56 13
-56 13
-56 13
-56 13
-56 13
-56 13
-56 13
-56 13
-59 14
-59 14
-59 14
-59 14
-59 14
-59 14
-59 14
-59 14
-59 14
-59 14
-59 14
-59 14
-59 14
-59 14
-59 14
-59 14
-59 14
-59 14
-59 14
-59 14
-59 14
-59 14
-59 14
-59 14
-59 14
-59 14
-59 14
-59 14
-59 14
-59 14
-59 14
-56 8
-56 8
-56 8
-56 8
-56 8
-56 8
-56 8
-56 8
-56 8
-56 8
-56 8
-56 8
-56 8
-56 8
-56 8
-56 8
-56 8
-56 8
-56 8
-56 8
-56 8
-56 8
-56 8
-56 8
-56 8
-56 8
-56 8
-56 8
-56 8
-56 8
-56 8
-56 8
-56 8
-56 8
-56 8
-56 8
-56 8
-56 8
-56 8
-56 8
-56 8
-56 8
-56 8
-56 8
-56 8
-56 8
-56 8
-56 8
-56 8
-56 8
-56 8
-56 8
-56 8
-56 8
-56 8
-56 8
-56 8
-56 8
-56 8
-54 2
-54 2
-54 2
-54 2
-54 2
-54 2
-54 2
-54 2
-54 2
-54 2
-54 2
-54 2
-54 2
-54 2
-54 2
-54 2
-54 2
-54 2
-54 2
-54 2
-54 2
-54 2
-54 2
-54 2
-54 2
-54 2
-54 2
-54 2
-53 -1
-53 -1
-53 -1
-53 -1
-53 -1
-53 -1
-53 -1
-53 -1
-53 -1
-53 -1
-53 -1
-53 -1
-53 -1
-53 -1
-53 -1
-53 -1
-53 -1
-53 -1
-53 -1
-53 -1
-53 -1
-53 -1
-53 -1
-53 -1
-53 -1
-53 -1
-53 -1
-53 -1
-53 -1
-53 -1
-54 -1
-54 -1
-54 -1
-54 -1
-54 -1
-54 -1
-54 -1
-54 -1
-54 -1
-54 -1
-54 -1
-54 -1
-54 -1
-54 -1
-54 -1
-54 -1
-54 -1
-54 -1
-54 -1
-54 -1
-54 -1
-54 -1
-54 -1
-54 -1
-54 -1
-54 -1
-54 -1
-54 -1
-54 -1
-54 -1
-54 -1
-54 -1
-54 -1
-54 -1
-54 -1
-54 -1
-54 -1
-54 -1
-54 -1
-54 -1
-54 -1
-54 -1
-54 -1
-54 -1
-54 -1
-54 -1
-54 -1
-54 -1
-54 -1
-54 -1
-54 -1
-54 -1
-54 -1
-54 -1
-54 -1
-54 -1
-54 -1
-54 -1
-54 -1
-54 -1
-59 -1
-59 -1
-59 -1
-59 -1
-59 -1
-59 -1
-59 -1
-59 -1
-59 -1
-59 -1
-59 -1
-59 -1
-59 -1
-59 -1
-59 -1
-59 -1
-59 -1
-59 -1
-59 -1
-59 -1
-59 -1
-59 -1
-59 -1
-59 -1
-59 -1
-59 -1
-59 -1
-59 -1
-59 -1
-54 -6
-54 -6
-54 -6
-54 -6
-54 -6
-54 -6
-54 -6
-54 -6
-54 -6
-54 -6
-54 -6
-54 -6
-54 -6
-54 -6
-54 -6
-54 -6
-54 -6
-54 -6
-54 -6
-54 -6
-54 -6
-54 -6
-54 -6
-54 -6
-54 -6
-54 -6
-54 -6
-54 -6
-54 -6
-54 -6
-54 -6
-54 -6
-54 -6
-54 -6
-54 -6
-54 -6
-54 -6
-54 -6
-54 -6
-54 -6
-54 -6
-54 -6
-54 -6
-54 -6
-54 -6
-54 -6
-54 -6
-54 -6
-54 -6
-54 -6
-54 -6
-54 -6
-54 -6
-54 -6
-54 -6
-56 -10
-56 -10
-56 -10
-56 -10
-56 -10
-56 -10
-56 -10
-56 -10
-56 -10
-56 -10
-56 -10
-56 -10
-56 -10
-56 -10
-56 -10
-56 -10
-56 -10
-56 -10
-56 -10
-56 -10
-56 -10
-56 -10
-56 -10
-56 -10
-56 -10
-56 -10
-56 -10
-56 -10
-56 -10
-56 -10
-56 -10
-56 -10
-56 -10
-56 -10
-56 -10
-56 -10
-56 -10
-56 -10
-56 -10
-56 -10
-56 -10
-56 -10
-56 -10
-56 -10
-56 -10
-56 -10
-56 -10
-56 -10
-56 -10
-56 -10
-56 -10
-56 -10
-56 -10
-56 -10
-56 -10
-56 -10
-56 -10
-56 -10
-56 -10
-52 -15
-48 -15
-48 -15
-48 -15
-48 -15
-48 -15
-48 -15
-48 -15
-48 -15
-48 -15
-48 -15
-48 -15
-48 -15
-48 -15
-48 -15
-48 -15
-48 -15
-48 -15
-48 -15
-48 -15
-48 -15
-48 -15
-48 -15
-48 -15
-48 -15
-48 -15
-48 -15
-48 -15
-48 -15
-48 -15
-48 -15
-48 -15
-48 -15
-48 -15
-48 -15
-48 -15
-48 -15
-48 -15
-48 -15
-48 -15
-48 -15
-48 -15
-48 -15
-48 -15
-48 -15
-48 -15
-48 -15
-48 -15
-48 -15
-48 -15
-48 -15
-48 -15
-48 -15
-48 -15
-48 -15
-48 -15
-48 -15
-48 -15
-48 -15
-48 -15
-49 -15
-49 -15
-49 -15
-49 -15
-49 -15
-49 -15
-49 -15
-49 -15
-49 -15
-49 -15
-49 -15
-49 -15
-49 -15
-49 -15
-49 -15
-49 -15
-49 -15
-49 -15
-49 -15
-49 -15
-49 -15
-49 -15
-49 -15
-49 -15
-49 -15
-49 -15
-49 -15
-49 -15
-49 -15
-49 -15
-49 -15
-46 -18
-46 -18
-46 -18
-46 -18
-46 -18
-46 -18
-46 -18
-46 -18
-46 -18
-46 -18
-46 -18
-46 -18
-46 -18
-46 -18
-46 -18
-46 -18
-46 -18
-46 -18
-46 -18
-46 -18
-46 -18
-46 -18
-46 -18
-46 -18
-46 -18
-46 -18
-46 -18
-46 -18
-46 -18
-46 -18
-46 -18
-46 -18
-46 -18
-46 -18
-46 -18
-46 -18
-46 -18
-46 -18
-46 -18
-46 -18
-46 -18
-46 -18
-46 -18
-46 -18
-46 -18
-46 -18
-46 -18
-46 -18
-46 -18
-46 -18
-46 -18
-46 -18
-46 -18
-46 -18
-46 -18
-46 -18
-46 -18
-46 -18
-46 -18
-46 -18
-46 -18
-46 -18
-46 -18
-50 -21
-50 -21
-50 -21
-50 -21
-50 -21
-50 -21
-50 -21
-50 -21
-50 -21
-50 -21
-50 -21
-50 -21
-50 -21
-50 -21
-50 -21
-50 -21
-50 -21
-50 -21
-50 -21
-50 -21
-50 -21
-50 -21
-50 -21
-50 -21
-50 -21
-50 -21
-50 -21
-50 -21
-50 -21
-50 -21
-50 -21
-53 -24
-53 -24
-53 -24
-53 -24
-53 -24
-53 -24
-53 -24
-53 -24
-53 -24
-53 -24
-53 -24
-53 -24
-53 -24
-53 -24
-53 -24
-53 -24
-53 -24
-53 -24
-53 -24
-53 -24
-53 -24
-53 -24
-53 -24
-53 -24
-53 -24
-53 -24
-53 -24
-53 -24
-53 -24
-53 -24
-53 -24
-53 -24
-49 -25
-49 -25
-49 -25
-49 -25
-49 -25
-49 -25
-49 -25
-49 -25
-49 -25
-49 -25
-49 -25
-49 -25
-49 -25
-49 -25
-49 -25
-49 -25
-49 -25
-49 -25
-49 -25
-49 -25
-49 -25
-49 -25
-49 -25
-49 -25
-49 -25
-49 -25
-49 -25
-49 -25
-49 -25
-49 -25
-49 -25
-49 -25
-49 -25
-49 -25
-49 -25
-49 -25
-49 -25
-49 -25
-49 -25
-49 -25
-49 -25
-49 -25
-49 -25
-49 -25
-49 -25
-49 -25
-49 -25
-49 -25
-49 -25
-49 -25
-49 -25
-49 -25
-49 -25
-49 -25
-49 -25
-49 -25
-49 -25
-49 -25
-49 -25
-49 -25
-49 -25
-39 -27
-39 -27
-39 -27
-39 -27
-39 -27
-39 -27
-39 -27
-39 -27
-39 -27
-39 -27
-39 -27
-39 -27
-39 -27
-39 -27
-39 -27
-39 -27
-39 -27
-39 -27
-39 -27
-39 -27
-39 -27
-39 -27
-39 -27
-39 -30
-39 -30
-39 -30
-39 -30
-39 -30
-39 -30
-39 -30
-39 -30
-39 -30
-39 -30
-39 -30
-39 -30
-39 -30
-39 -30
-39 -30
-39 -30
-39 -30
-39 -30
-39 -30
-39 -30
-39 -30
-39 -30
-39 -30
-39 -30
-39 -30
-39 -30
-39 -30
-39 -30
-39 -30
-39 -30
-39 -30
-39 -30
-40 -27
-40 -27
-40 -27
-40 -27
-40 -27
-40 -27
-40 -27
-40 -27
-40 -27
-40 -27
-40 -27
-40 -27
-40 -27
-40 -27
-40 -27
-40 -27
-40 -27
-40 -27
-40 -27
-40 -27
-40 -27
-40 -27
-40 -27
-40 -27
-40 -27
-40 -27
-40 -27
-40 -27
-40 -27
-40 -27
-40 -27
-40 -27
-40 -27
-40 -27
-40 -27
-40 -27
-40 -27
-40 -27
-40 -27
-40 -27
-40 -27
-40 -27
-40 -27
-40 -27
-40 -27
-40 -27
-40 -27
-40 -27
-40 -27
-40 -27
-40 -27
-40 -27
-40 -27
-40 -27
-40 -27
-40 -27
-40 -27
-40 -27
-40 -27
-30 -24
-30 -24
-30 -24
-30 -24
-30 -24
-30 -24
-30 -24
-30 -24
-30 -24
-30 -24
-30 -24
-30 -24
-30 -24
-30 -24
-30 -24
-30 -24
-30 -24
-30 -24
-30 -24
-30 -24
-30 -24
-30 -24
-30 -24
-34 -26
-34 -26
-34 -26
-34 -26
-34 -26
-34 -26
-34 -26
-34 -26
-34 -26
-34 -26
-34 -26
-34 -26
-34 -26
-34 -26
-34 -26
-34 -26
-34 -26
-34 -26
-34 -26
-34 -26
-34 -26
-34 -26
-34 -26
-34 -26
-34 -26
-34 -26
-34 -26
-34 -26
-34 -26
-34 -26
-34 -26
-34 -26
-34 -26
-34 -26
-34 -26
-34 -26
-34 -26
-34 -26
-34 -26
-34 -26
-34 -26
-34 -26
-34 -26
-34 -26
-34 -26
-34 -26
-34 -26
-34 -26
-34 -26
-34 -26
-34 -26
-34 -26
-24 -17
-26 -21
-26 -21
-26 -21
-26 -21
-26 -21
-26 -21
-26 -21
-26 -21
-26 -21
-26 -21
-26 -21
-26 -21
-26 -21
-26 -21
-26 -21
-26 -21
-26 -21
-26 -21
-26 -21
-26 -21
-21 -24
-21 -24
-21 -24
-21 -24
-21 -24
-21 -24
-21 -24
-21 -24
-21 -24
-21 -24
-21 -24
-21 -24
-21 -24
-21 -24
-21 -24
-21 -24
-21 -24
-21 -24
-21 -24
-21 -24
-21 -24
-21 -24
-21 -24
-21 -24
-21 -24
-21 -24
-21 -24
-21 -24
-21 -24
-21 -24
-21 -24
-21 -24
-21 -24
-21 -24
-21 -24
-21 -24
-21 -24
-21 -24
-21 -24
-21 -24
-21 -24
-21 -24
-21 -24
-21 -24
-21 -24
-21 -24
-21 -24
-21 -26
-21 -26
-21 -26
-21 -26
-21 -26
-21 -26
-21 -26
-21 -26
-21 -26
-21 -26
-21 -26
-21 -26
-21 -26
-21 -26
-21 -26
-21 -26
-21 -26
-21 -26
-21 -26
-21 -26
-21 -26
-21 -26
-21 -26
-21 -26
-21 -26
-21 -26
-21 -26
-21 -26
-21 -26
-21 -26
-21 -26
-21 -26
-21 -26
-21 -26
-21 -26
-21 -26
-21 -26
-21 -26
-21 -26
-21 -26
-22 -30
-22 -30
-22 -30
-22 -30
-22 -30
-22 -30
-22 -30
-22 -30
-22 -30
-22 -30
-22 -30
-22 -30
-22 -30
-22 -30
-22 -30
-22 -30
-22 -30
-22 -30
-22 -30
-21 -28
-21 -28
-21 -28
-21 -28
-21 -28
-21 -28
-21 -28
-21 -28
-21 -28
-21 -28
-21 -28
-21 -28
-21 -28
-21 -28
-21 -28
-21 -28
-21 -28
-21 -28
-21 -28
-21 -28
-19 -21
-19 -21
-19 -21
-19 -21
-19 -21
-19 -21
-19 -21
-19 -21
-19 -21
-19 -21
-19 -21
-19 -21
-19 -21
-19 -21
-19 -21
-19 -21
-19 -21
-19 -21
-19 -21
-18 -18
-18 -18
-18 -18
-18 -18
-18 -18
-18 -18
-18 -18
-18 -18
-18 -18
-18 -18
-18 -18
-18 -18
-18 -18
-18 -18
-18 -18
-18 -18
-18 -18
-18 -18
-18 -18
-18 -18
-18 -18
-18 -18
-18 -18
-18 -18
-18 -18
-18 -18
-18 -18
-18 -18
-18 -18
-18 -18
-18 -18
-18 -18
-18 -18
-18 -18
-18 -18
-18 -18
-18 -18
-18 -18
-18 -18
-12 -12
-12 -12
-12 -12
-12 -12
-12 -12
-12 -12
-12 -12
-12 -12
-12 -12
-12 -12
-12 -12
-12 -12
-12 -12
-12 -12
-6 -12
-6 -12
-6 -12
-6 -12
-6 -12
-6 -12
-6 -12
-6 -12
-6 -12
-6 -12
-6 -12
-6 -12
-6 -12
-6 -12
-6 -12
-6 -12
-6 -12
-6 -12
-6 -12
-6 -12
-6 -12
-6 -12
-6 -12
-6 -12
-6 -12
-6 -12
-6 -12
-6 -12
-6 -12
-4 -11
-4 -11
-4 -11
-4 -11
-4 -11
-4 -11
-4 -11
-4 -11
-4 -11
-4 -11
-4 -11
-4 -11
-4 -11
-4 -11
-4 -11
-2 -5
-2 -5
-2 -5
-2 -5
-2 -5
-2 -5
-2 -5
-2 -5
-2 -5
-2 -5
-2 -5
-2 -5
-2 -5
-2 -5
-2 -5
-2 -5
-2 -5
-2 -5
0 -1
0 -1
0 -1
0 -1
0 -1
0 -1
0 -1
0 -1
0 -1
0 -1
0 -1
0 -1
0 -1
0 -1
0 -1
0 -1
0 -1
0 -1
0 -1
0 -1
0 -1
0 -1
0 -1
0 -1
0 -1
0 -1
0 -1
0 -1
0 -1
0 -1
0 -1
0 -1
0 -1
0 -1
0 -1
0 -1
0 -1
0 -1
0 -1
0 -1
0 -1
0 -1
0 -1
0 -1
0 -1
0 -1
0 -1
0 -1
0 -1
0 -1
0 -1
0 -1
0 -1
0 -1
0 -1
0 -1
0 -1
0 -1
0 -1
0 -1
0 -1
0 -1
0 -1
0 -1
0 -1
0 -1
1 -1
1 -1
1 -1
1 -1
1 -1
1 -1
1 -1
1 -1
1 -1
1 -1
1 -1
1 -1
1 -1
1 -1
1 -1
1 -1
1 -1
1 -1
1 -1
1 -1
1 -1
1 -1
1 -1
1 -1
1 -1
1 -1
1 -1
1 -1
1 -1
1 -1
1 -1
1 -1
1 -1
1 -1
1 -1
1 -1
1 -1
1 -1
1 -1
1 -1
1 -1
1 -1
1 -1
1 -1
1 -1
1 -1
1 -1
1 -1
1 -1
1 -1
1 -1
1 -1
1 -1
1 -1
1 -1
1 -1
1 -1
1 -1
1 -1
1 -1
1 -1
1 -1
1 -1
1 0
1 0
1 0
1 0
1 0
1 0
1 0
1 0
1 0
1 0
1 0
1 0
1 0
1 0
1 0
1 0
1 0
1 0
1 0
1 0
1 0
1 0
1 0
1 0
1 0
1 0
1 0
1 0
1 0
1 0
1 0
1 0
1 0
1 0
1 0
1 0
1 0
1 0
1 0
1 0
1 0
1 0
1 0
1 0
1 0
1 0
1 0
1 0
1 0
1 0
1 0
1 0
1 0
1 0
1 0
1 0
1 0
1 0
1 0
1 0
1 0
1 0
1 0
1 0
1 0
1 0
1 0
1 0
1 0
1 0
0 -1
0 -1
0 -1
0 -1
0 -1
0 -1
0 -1
0 -1
0 -1
0 -1
0 -1
0 -1
0 -1
0 -1
0 -1
0 -1
0 -1
0 -1
0 -1
0 -1
0 -1
0 -1
0 -1
0 -1
0 -1
0 -1
0 -1
0 -1
0 -1
0 -1
0 -1
0 -1
0 -1
0 -1
0 -1
0 -1
0 -1
0 -1
0 -1
0 -1
0 -1
0 -1
0 -1
0 -1
0 -1
0 -1
0 -1
0 -1
0 -1
0 -1
0 -1
0 -1
0 -1
0 -1
0 -1
0 -1
0 -1
0 -1
0 -1
0 -1
0 -1
0 -1
0 -1
0 -1
0 -1
0 -1
0 -1
0 -1
0 -1
0 -1
0 -1
0 -1
0 -1
0 -1
0 -1
0 -1
0 -1
0 -1
0 -1
0 -1
0 -1
0 -1
0 -1
0 -1
0 -1
0 -1
0 -1
0 -1
0 -1
0 -1
0 -1
0 -1
0 -1
0 -1
0 -1
0 -1
0 -1
0 -1
0 -1
0 -1
0 -1
0 -1
0 -1
0 -1
0 -1
0 -1
0 -1
0 -1
0 -1
0 -1
0 -1
0 -1
0 -1
0 -1
0 -1
0 -1
0 -1
0 -1
0 -1
0 -1
0 -1
0 -1
0 -1
0 -1
0 -1
0 -1
0 -1
0 -1
0 -1
0 -1
0 -1
0 -1
0 -1
0 -1
0 -1
0 -1
0 -1
0 -1
0 -1
0 -1
0 -1
0 -1
0 -1
0 -1
0 -1
0 -1
0 -1
0 -1
0 -1
0 -1
0 -1
0 -1
0 -1
0 -1
0 -1
0 -1
0 -1
0 -1
0 -1
0 -1
0 -1
0 -1
0 -1
0 -1
0 -1
0 -1
0 -1
0 -1
0 -1
0 -1
0 -1
0 -1
0 -1
0 -1
0 -1
0 -1
0 -1
0 -1
0 -1
0 -1
0 -1
0 -1
0 -1
0 -1
0 -1
0 -1
0 -1
0 -1
0 -1
0 -1
0 -1
0 -1
0 -1
0 -1
0 -1
0 -1
0 -1
0 -1
0 -1
0 -1
0 -1
0 -1
0 -1
0 -1
0 -1
0 -1
0 -1
0 -1
0 -1
0 -1
0 -1
0 -1
0 -1
0 -1
0 -1
0 -1
0 -1
0 -1
0 -1
0 -1
0 -1
0 -1
0 -1
0 -1
0 -1
0 -1
0 -1
0 -1
0 -1
0 -1
0 -1
0 -1
0 -1
0 -1
0 -1
0 -1
0 -1
0 -1
0 -1
0 -1
0 -1
0 -1
0 -1
0 -1
0 -1
0 -1
0 -1
0 -1
0 -1
0 -1
0 -1
0 -1
0 -1
0 -1
0 -1
0 -1
0 -1
0 -1
0 -1
0 -1
0 -1
0 -1
0 -1
0 -1
0 -1
0 -1
0 -1
0 -1
0 -1
0 -1
0 -1
0 -1
0 -1
0 -1
0 -1
0 -1
0 -1
0 -1
0 -1
0 -1
0 -1
0 -1
0 -1
0 -1
0 -1
0 -1
0 -1
0 -1
0 -1
0 -1
0 -1
0 -1
0 -1
0 -1
0 -1
0 -1
0 -1
0 -1
0 -1
0 -1
0 -1
0 -1
0 -1
0 -1
0 -1
0 -1
0 -1
0 -1
0 -1
0 -1
0 -1
0 -1
0 -1
0 -1
0 -1
0 -1
0 -1
0 -1
0 -1
0 -1
0 -1
0 -1
0 -1
0 -1
0 -1
0 -1
0 -1
0 -1
0 -1
0 -1
0 -1
0 -1
0 -1
0 -1
0 -1
0 -1
0 -1
0 -1
0 -1
0 -1
0 -1
0 -1
0 -1
0 -1
0 -1
0 -1
0 -1
0 -1
0 -1
0 -1
0 -1
0 -1
0 -1
0 -1
0 -1
0 -1
0 -1
0 -1
0 -1
0 -1
0 -1
0 -1
0 -1
0 -1
0 -1
0 -1
0 -1
0 -1
0 -1
0 -1
0 -1
0 -1
0 -1
0 -1
0 -1
0 -1
0 -1
0 -1
0 -1
0 -1
0 -1
0 -1
0 -1
0 -1
0 -1
0 -1
0 -1
0 -1
0 -1
0 -1
0 -1
0 -1
0 -1
0 -1
0 -1
0 -1
0 -1
0 -1
0 -1
0 -1
0 -1
0 -1
0 -1
0 -1
0 -1
0 -1
0 -1
0 -1
0 -1
0 -1
0 -1
0 -1
0 -1
0 -1
0 -1
0 -1
0 -1
0 -1
0 -1
0 -1
0 -1
0 -1
0 -1
0 -1
0 -1
0 -1
0 -1
0 -1
0 -1
0 -1
0 -1
0 -1
0 -1
0 -1
0 -1
0 -1
0 -1
0 -1
0 -1
0 -1
0 -1
0 -1
0 -1
0 -1
0 -1
0 -1
0 -1
0 -1
0 -1
0 -1
0 -1
0 -1
0 -1
0 -1
0 -1
0 -1
0 -1
0 -1
0 -1
0 -1
0 -1
0 -1
0 -1
0 -1
0 -1
0 -1
0 -1
0 -1
0 -1
0 -1
0 -1
0 -1
0 -1
0 -1
0 -1
0 -1
0 -1
0 -1
0 -1
0 -1
0 -1
0 -1
0 -1
0 -1
0 -1
0 -1
0 -1
0 -1
0 -1
0 -1
0 -1
0 -1
0 -1
0 -1
0 -1
0 -1
0 -1
0 -1
0 -1
0 -1
0 -1
0 -1
0 -1
0 -1
0 -1
0 -1
0 -1
0 -1
0 -1
0 -1
0 -1
0 -1
0 -1
0 -1
0 -1
0 -1
0 -1
0 -1
0 -1
0 -1
0 -1
0 -1
0 -1
0 -1
0 -1
0 -1
0 -1
0 -1
0 -1
0 -1
0 -1
0 -1
0 -1
0 -1
0 -1
0 -1
0 -1
0 -1
0 -1
0 -1
0 -1
0 -1
0 -1
0 -1
0 -1
0 -1
0 -1
0 -1
0 -1
0 -1
0 -1
0 -1
0 -1
0 -1
0 -1
0 -1
0 -1
0 -1
0 -1
0 -1
0 -1
0 -1
0 -1
0 -1
0 -1
0 -1
0 -1
0 -1
0 -1
0 -1
0 -1
0 -1
0 -1
0 -1
0 -1
0 -1
0 -1
0 -1
0 -1
0 -1
0 -1
0 -1
0 -1
0 -1
0 -1
0 -1
0 -1
0 -1
0 -1
0 -1
0 -1
0 -1
0 -1
0 -1
0 -1
0 -1
0 -1
0 -1
0 -1
0 -1
0 -1
0 -1
0 -1
0 -1
0 -1
0 -1
0 -1
0 -1
0 -1
0 -1
0 -1
0 -1
0 -1
0 -1
0 -1
0 -1
0 -1
0 -1
0 -1
0 -1
0 -1
0 -1
0 -1
0 -1
0 -1
0 -1
0 -1
0 -1
0 -1
0 -1
0 -1
0 -1
0 -1
0 -1
0 -1
0 -1
0 -1
0 -1
0 -1
0 -1
0 -1
0 -1
0 -1
0 -1
0 -1
0 -1
0 -1
0 -1
0 -1
0 -1
0 -1
0 -1
0 -1
0 -1
0 -1
0 -1
0 -1
0 -1
0 -1
0 -1
0 -1
0 -1
0 -1
0 -1
0 -1
0 -1
0 -1
0 -1
0 -1
0 -1
0 -1
0 -1
0 -1
0 -1
0 -1
0 -1
0 -1
0 -1
0 -1
0 -1
0 -1
0 -1
0 -1
0 -1
0 -1
0 -1
0 -1
0 -1
0 -1
0 -1
0 -1
0 -1
0 -1
0 -1
0 -1
0 -1
0 -1
0 -1
0 -1
0 -1
0 -1
0 -1
0 -1
0 -1
0 -1
0 -1
0 -1
0 -1
0 -1
0 -1
0 -1
0 -1
0 -1
0 -1
0 -1
0 -1
0 -1
0 -1
0 -1
0 -1
0 -1
0 -1
0 -1
0 -1
0 -1
0 -1
0 -1
0 -1
0 -1
0 -1
0 -1
0 -1
0 -1
0 -1
0 -1
0 -1
0 -1
0 -1
0 -1
0 -1
0 -1
0 -1
0 -1
0 -1
0 -1
0 -1
0 -1
0 -1
0 -1
0 -1
0 -1
0 -1
0 -1
0 -1
0 -1
0 -1
0 -1
0 -1
0 -1
0 -1
0 -1
0 -1
0 -1
0 -1
0 -1
0 -1
0 -1
0 -1
0 -1
0 -1
0 -1
0 -1
0 -1
0 -1
0 -1
0 -1
0 -1
0 -1
0 -1
0 -1
0 -1
0 -1
0 -1
0 -1
0 -1
0 -1
0 -1
0 -1
0 -1
0 -1
0 -1
0 -1
0 -1
0 -1
0 -1
0 -1
0 -1
0 -1
0 -1
0 -1
0 -1
0 -1
0 -1
0 -1
0 -1
0 -1
0 -1
0 -1
0 -1
0 -1
0 -1
0 -1
0 -1
0 -1
0 -1
0 -1
0 -1
0 -1
0 -1
0 -1
0 -1
0 -1
0 -1
0 -1
0 -1
0 -1
0 -1
0 -1
0 -1
0 -1
0 -1
0 -1
0 -1
0 -1
0 -1
0 -1
0 -1
0 -1
0 -1
0 -1
0 -1
0 -1
0 -1
0 -1
0 -1
0 -1
0 -1
0 -1
0 -1
0 -1
0 -1
0 -1
0 -1
0 -1
0 -1
0 -1
0 -1
0 -1
0 -1
0 -1
0 -1
0 -1
0 -1
0 -1
0 -1
0 -1
0 -1
0 -1
0 -1
0 -1
0 -1
0 -1
0 -1
0 -1
0 -1
0 -1
0 -1
0 -1
0 -1
0 -1
0 -1
0 -1
0 -1
0 -1
0 -1
0 -1
0 -1
0 -1
0 -1
0 -1
0 -1
0 -1
0 -1
0 -1
0 -1
0 -1
0 -1
0 -1
0 -1
0 -1
0 -1
0 -1
0 -1
0 -1
0 -1
0 -1
0 -1
0 -1
0 -1
0 -1
0 -1
0 -1
0 -1
0 -1
0 -1
0 -1
0 -1
0 -1
0 -1
0 -1
0 -1
0 -1
0 -1
0 -1
0 -1
0 -1
0 -1
0 -1
0 -1
0 -1
0 -1
0 -1
0 -1
0 -1
0 -1
0 -1
0 -1
0 -1
0 -1
0 -1
0 -1
0 -1
0 -1
0 -1
0 -1
0 -1
0 -1
0 -1
0 -1
0 -1
0 -1
0 -1
0 -1
0 -1
0 -1
0 -1
0 -1
0 -1
0 -1
0 -1
0 -1
0 -1
0 -1
0 -1
0 -1
0 -1
0 -1
0 -1
0 -1
0 -1
0 -1
0 -1
0 -1
0 -1
0 -1
0 -1
0 -1
0 -1
0 -1
0 -1
0 -1
0 -1
0 -1
0 -1
0 -1
0 -1
0 -1
0 -1
0 -1
0 -1
0 -1
0 -1
0 -1
0 -1
0 -1
0 -1
0 -1
0 -1
0 -1
0 -1
0 -1
0 -1
0 -1
0 -1
0 -1
0 -1
0 -1
0 -1
0 -1
0 -1
0 -1
0 -1
0 -1
0 -1
0 -1
0 -1
0 -1
0 -1
0 -1
0 -1
0 -1
0 -1
0 -1
0 -1
0 -1
0 -1
0 -1
0 -1
0 -1
0 -1
0 -1
0 -1
0 -1
0 -1
0 -1
0 -1
0 -1
0 -1
0 -1
0 -1
0 -1
0 -1
0 -1
0 -1
0 -1
0 -1
0 -1
0 -1
0 -1
0 -1
0 -1
0 -1
0 -1
0 -1
0 -1
0 -1
0 -1
0 -1
0 -1
0 -1
0 -1
0 -1
0 -1
0 -1
0 -1
0 -1
0 -1
0 -1
0 -1
0 -1
0 -1
0 -1
0 -1
0 -1
0 -1
0 -1
0 -1
0 -1
0 -1
0 -1
0 -1
0 -1
0 -1
0 -1
0 -1
0 -1
0 -1
0 -1
0 -1
0 -1
0 -1
0 -1
0 -1
0 -1
0 -1
0 -1
0 -1
0 -1
0 -1
0 -1
0 -1
0 -1
0 -1
0 -1
0 -1
0 -1
0 -1
0 -1
0 -1
0 -1
0 -1
0 -1
0 -1
0 -1
0 -1
0 -1
0 -1
0 -1
0 -1
0 -1
0 -1
0 -1
0 -1
0 -1
0 -1
0 -1
0 -1
0 -1
0 -1
0 -1
0 -1
0 -1
0 -1
0 -1
0 -1
0 -1
0 -1
0 -1
0 -1
0 -1
0 -1
0 -1
0 -1
0 -1
0 -1
0 -1
0 -1
0 -1
0 -1
0 -1
0 -1
0 -1
0 -1
0 -1
0 -1
0 -1
0 -1
0 -1
0 -1
0 -1
0 -1
0 -1
0 -1
0 -1
0 -1
0 -1
0 -1
0 -1
0 -1
0 -1
0 -1
0 -1
0 -1
0 -1
0 -1
0 -1
0 -1
0 -1
0 -1
0 -1
0 -1
0 -1
0 -1
0 -1
0 -1
0 -1
0 -1
0 -1
0 -1
0 -1
0 -1
0 -1
0 -1
0 -1
0 -1
0 -1
0 -1
0 -1
0 -1
0 -1
0 -1
0 -1
0 -1
0 -1
0 -1
0 -1
0 -1
0 -1
0 -1
0 -1
0 -1
0 -1
0 -1
0 -1
0 -1
0 -1
0 -1
0 -1
0 -1
0 -1
0 -1
0 -1
0 -1
0 -1
0 -1
0 -1
0 -1
0 -1
0 -1
0 -1
0 -1
0 -1
0 -1
0 -1
0 -1
0 -1
0 -1
0 -1
0 -1
0 -1
0 -1
0 -1
0 -1
0 -1
0 -1
0 -1
0 -1
0 -1
0 -1
0 -1
0 -1
0 -1
0 -1
0 -1
0 -1
0 -1
0 -1
0 -1
0 -1
0 -1
0 -1
0 -1
0 -1
0 -1
0 -1
0 -1
0 -1
0 -1
0 -1
0 -1
0 -1
0 -1
0 -1
0 -1
0 -1
0 -1
0 -1
0 -1
0 -1
0 -1
0 -1
0 -1
0 -1
0 -1
0 -1
0 -1
0 -1
0 -1
0 -1
0 -1
0 -1
0 -1
0 -1
0 -1
0 -1
0 -1
0 -1
0 -1
0 -1
0 -1
0 -1
0 -1
0 -1
0 -1
0 -1
0 -1
0 -1
0 -1
0 -1
0 -1
0 -1
0 -1
0 -1
0 -1
0 -1
0 -1
0 -1
0 -1
0 -1
0 -1
0 -1
0 -1
0 -1
0 -1
0 -1
0 -1
0 -1
0 -1
0 -1
0 -1
0 -1
0 -1
0 -1
0 -1
0 -1
0 -1
0 -1
0 -1
0 -1
0 -1
0 -1
0 -1
0 -1
0 -1
0 -1
0 -1
0 -1
0 -1
0 -1
0 -1
0 -1
0 -1
0 -1
0 -1
0 -1
0 -1
0 -1
0 -1
0 -1
0 -1
0 -1
0 -1
0 -1
0 -1
0 -1
0 -1
0 -1
0 -1
0 -1
0 -1
0 -1
0 -1
0 -1
0 -1
0 -1
0 -1
0 -1
0 -1
0 -1
0 -1
0 -1
0 -1
0 -1
0 -1
0 -1
0 -1
0 -1
0 -1
0 -1
0 -1
0 -1
0 -1
0 -1
0 -1
0 -1
0 -1
0 -1
0 -1
0 -1
0 -1
0 -1
0 -1
0 -1
0 -1
0 -1
0 -1
0 -1
0 -1
0 -1
0 -1
0 -1
0 -1
0 -1
0 -1
0 -1
0 -1
0 -1
0 -1
0 -1
0 -1
0 -1
0 -1
0 -1
0 -1
0 -1
0 -1
0 -1
0 -1
0 -1
0 -1
0 -1
0 -1
0 -1
0 -1
0 -1
0 -1
0 -1
0 -1
0 -1
0 -1
0 -1
0 -1
0 -1
0 -1
0 -1
0 -1
0 -1
0 -1
0 -1
0 -1
0 -1
0 -1
0 -1
0 -1
0 -1
0 -1
0 -1
0 -1
0 -1
0 -1
0 -1
0 -1
0 -1
0 -1
0 -1
0 -1
0 -1
0 -1
0 -1
0 -1
0 -1
0 -1
0 -1
0 -1
0 -1
0 -1
0 -1
0 -1
0 -1
0 -1
0 -1
0 -1
0 -1
0 -1
0 -1
0 -1
0 -1
0 -1
0 -1
0 -1
0 -1
0 -1
0 -1
0 -1
0 -1
0 -1
0 -1
0 -1
0 -1
0 -1
0 -1
0 -1
0 -1
0 -1
0 -1
0 -1
0 -1
0 -1
0 -1
0 -1
0 -1
0 -1
0 -1
0 -1
0 -1
0 -1
0 -1
0 -1
0 -1
0 -1
0 -1
0 -1
0 -1
0 -1
0 -1
0 -1
0 -1
0 -1
0 -1
0 -1
0 -1
0 -1
0 -1
0 -1
0 -1
0 -1
0 -1
0 -1
0 -1
0 -1
0 -1
0 -1
0 -1
0 -1
0 -1
0 -1
0 -1
0 -1
0 -1
0 -1
0 -1
0 -1
0 -1
0 -1
0 -1
0 -1
0 -1
0 -1
0 -1
0 -1
0 -1
0 -1
0 -1
0 -1
0 -1
0 -1
0 -1
0 -1
0 -1
0 -1
0 -1
0 -1
0 -1
0 -1
0 -1
0 -1
0 -1
0 -1
0 -1
0 -1
0 -1
0 -1
0 -1
0 -1
0 -1
0 -1
0 -1
0 -1
0 -1
0 -1
0 -1
0 -1
0 -1
0 -1
0 -1
0 -1
0 -1
0 -1
0 -1
0 -1
0 -1
0 -1
0 -1
0 -1
0 -1
0 -1
0 -1
0 -1
0 -1
0 -1
0 -1
0 -1
0 -1
0 -1
0 -1
0 -1
0 -1
0 -1
0 -1
0 -1
0 -1
0 -1
0 -1
0 -1
0 -1
0 -1
0 -1
0 -1
0 -1
0 -1
0 -1
0 -1
0 -1
0 -1
0 -1
0 -1
0 -1
0 -1
0 -1
0 -1
0 -1
0 -1
0 -1
0 -1
0 -1
0 -1
0 -1
0 -1
0 -1
0 -1
0 -1
0 -1
0 -1
0 -1
0 -1
0 -1
0 -1
0 -1
0 -1
0 -1
0 -1
0 -1
0 -1
0 -1
0 -1
0 -1
0 -1
0 -1
0 -1
0 -1
0 -1
0 -1
0 -1
0 -1
0 -1
0 -1
0 -1
0 -1
0 -1
0 -1
0 -1
0 -1
0 -1
0 -1
0 -1
0 -1
0 -1
0 -1
0 -1
0 -1
0 -1
0 -1
0 -1
0 -1
0 -1
0 -1
0 -1
0 -1
0 -1
0 -1
0 -1
0 -1
0 -1
0 -1
0 -1
0 -1
0 -1
0 -1
0 -1
0 -1
0 -1
0 -1
0 -1
0 -1
0 -1
0 -1
0 -1
0 -1
0 -1
0 -1
0 -1
0 -1
0 -1
0 -1
0 -1
0 -1
0 -1
0 -1
0 -1
0 -1
0 -1
0 -1
0 -1
0 -1
0 -1
0 -1
0 -1
0 -1
0 -1
0 -1
0 -1
0 -1
0 -1
0 -1
0 -1
0 -1
0 -1
0 -1
0 -1
0 -1
0 -1
0 -1
0 -1
0 -1
0 -1
0 -1
0 -1
0 -1
0 -1
0 -1
0 -1
0 -1
0 -1
0 -1
0 -1
0 -1
0 -1
0 -1
0 -1
0 -1
0 -1
0 -1
0 -1
0 -1
0 -1
0 -1
0 -1
0 -1
0 -1
0 -1
0 -1
0 -1
0 -1
0 -1
0 -1
0 -1
0 -1
0 -1
0 -1
0 -1
0 -1
0 -1
0 -1
0 -1
0 -1
0 -1
0 -1
0 -1
0 -1
0 -1
0 -1
0 -1
0 -1
0 -1
0 -1
0 -1
0 -1
0 -1
0 -1
0 -1
0 -1
0 -1
0 -1
0 -1
0 -1
0 -1
0 -1
0 -1
0 -1
0 -1
0 -1
0 -1
0 -1
0 -1
0 -1
0 -1
0 -1
0 -1
0 -1
0 -1
0 -1
0 -1
0 -1
0 -1
0 -1
0 -1
0 -1
0 -1
0 -1
0 -1
0 -1
0 -1
0 -1
0 -1
0 -1
0 -1
0 -1
0 -1
0 -1
0 -1
0 -1
0 -1
0 -1
0 -1
0 -1
0 -1
0 -1
0 -1
0 -1
0 -1
0 -1
0 -1
0 -1
0 -1
0 -1
0 -1
0 -1
0 -1
0 -1
0 -1
0 -1
0 -1
0 -1
0 -1
0 -1
0 -1
0 -1
0 -1
0 -1
0 -1
0 -1
0 -1
0 -1
0 -1
0 -1
0 -1
0 -1
0 -1
0 -1
0 -1
0 -1
0 -1
0 -1
0 -1
0 -1
0 -1
0 -1
0 -1
0 -1
0 -1
0 -1
0 -1
0 -1
0 -1
0 -1
0 -1
0 -1
0 -1
0 -1
0 -1
0 -1
0 -1
0 -1
0 -1
0 -1
0 -1
0 -1
0 -1
0 -1
0 -1
0 -1
0 -1
0 -1
0 -1
0 -1
0 -1
0 -1
0 -1
0 -1
0 -1
0 -1
0 -1
0 -1
0 -1
0 -1
0 -1
0 -1
0 -1
0 -1
0 -1
0 -1
0 -1
0 -1
0 -1
0 -1
0 -1
0 -1
0 -1
0 -1
0 -1
0 -1
0 -1
0 -1
0 -1
0 -1
0 -1
0 -1
0 -1
0 -1
0 -1
0 -1
0 -1
0 -1
0 -1
0 -1
0 -1
0 -1
0 -1
0 -1
0 -1
0 -1
0 -1
0 -1
0 -1
0 -1
0 -1
0 -1
0 -1
0 -1
0 -1
0 -1
0 -1
0 -1
0 -1
0 -1
0 -1
0 -1
0 -1
0 -1
0 -1
0 -1
0 -1
0 -1
0 -1
0 -1
0 -1
0 -1
0 -1
0 -1
0 -1
0 -1
0 -1
0 -1
0 -1
0 -1
0 -1
0 -1
0 -1
0 -1
0 -1
0 -1
0 -1
0 -1
0 -1
0 -1
0 -1
0 -1
0 -1
0 -1
0 -1
0 -1
0 -1
0 -1
0 -1
0 -1
0 -1
0 -1
0 -1
0 -1
0 -1
0 -1
0 -1
0 -1
0 -1
0 -1
0 -1
0 -1
0 -1
0 -1
0 -1
0 -1
0 -1
0 -1
0 -1
0 -1
0 -1
0 -1
0 -1
0 -1
0 -1
0 -1
0 -1
0 -1
0 -1
0 -1
0 -1
0 -1
0 -1
0 -1
0 -1
0 -1
0 -1
0 -1
0 -1
0 -1
0 -1
0 -1
0 -1
0 -1
0 -1
0 -1
0 -1
0 -1
0 -1
0 -1
0 -1
0 -1
0 -1
0 -1
0 -1
0 -1
0 -1
0 -1
0 -1
0 -1
0 -1
0 -1
0 -1
0 -1
0 -1
0 -1
0 -1
0 -1
0 -1
0 -1
0 -1
0 -1
0 -1
0 -1
0 -1
0 -1
0 -1
0 -1
0 -1
0 -1
0 -1
0 -1
0 -1
0 -1
0 -1
0 -1
0 -1
0 -1
0 -1
0 -1
0 -1
0 -1
0 -1
0 -1
0 -1
0 -1
0 -1
0 -1
0 -1
0 -1
0 -1
0 -1
0 -1
0 -1
0 -1
0 -1
0 -1
0 -1
0 -1
0 -1
0 -1
0 -1
0 -1
0 -1
0 -1
0 -1
0 -1
0 -1
0 -1
0 -1
0 -1
0 -1
0 -1
0 -1
0 -1
0 -1
0 -1
0 -1
0 -1
0 -1
0 -1
0 -1
0 -1
