56 -9
59 0
59 0
61 -6
53 -13
48 -8
46 -9
41 -3
41 -7
33 -10
35 -5
48 -8
38 -6
38 -6
38 -6
38 -6
38 -6
38 -6
38 -6
38 -6
38 -6
38 -6
38 -6
38 -6
38 -6
38 -6
38 -6
38 -6
38 -6
38 -6
38 -6
38 -6
38 -6
38 -6
38 -6
38 -6
38 -6
38 -6
38 -6
42 -7
42 -7
42 -7
42 -7
42 -7
42 -7
42 -7
42 -7
42 -7
42 -7
42 -7
42 -7
42 -7
42 -7
42 -7
42 -7
42 -7
42 -7
42 -7
42 -7
42 -7
42 -7
42 -7
42 -7
42 -7
42 -7
42 -7
42 -7
42 -7
42 -7
42 -7
42 -7
42 -7
42 -7
42 -7
42 -7
42 -7
42 -7
42 -7
42 -7
42 -7
42 -7
42 -7
42 -7
42 -7
42 -7
42 -7
42 -7
42 -7
42 -7
42 -7
42 -7
42 -7
42 -7
42 -7
42 -7
42 -7
42 -7
42 -7
42 -7
42 -7
42 -7
42 -7
42 -7
42 -7
42 -7
42 -7
42 -7
42 -7
42 -9
42 -9
42 -9
42 -9
42 -9
42 -9
42 -9
42 -9
42 -9
42 -9
42 -9
42 -9
42 -9
42 -9
42 -9
42 -9
42 -9
42 -9
42 -9
42 -9
42 -9
42 -9
42 -9
42 -9
42 -9
42 -9
42 -9
42 -9
42 -9
42 -9
42 -9
42 -9
42 -9
42 -9
42 -9
42 -9
42 -9
42 -9
42 -9
42 -9
42 -9
42 -9
42 -9
42 -9
42 -9
42 -9
42 -9
42 -9
42 -9
42 -9
42 -9
42 -9
42 -9
42 -9
42 -9
42 -9
42 -9
42 -9
42 -9
42 -9
42 -9
42 -9
42 -9
42 -9
42 -9
42 -9
42 -9
42 -9
42 -9
37 -8
37 -8
37 -8
37 -8
37 -8
37 -8
37 -8
37 -8
37 -8
37 -8
37 -8
37 -8
37 -8
37 -8
37 -8
37 -8
37 -8
37 -8
37 -8
37 -8
37 -8
37 -8
37 -8
37 -8
37 -8
37 -8
37 -8
37 -8
37 -8
37 -8
37 -8
37 -8
37 -8
37 -8
37 -8
37 -8
37 -8
37 -8
37 -8
37 -8
37 -8
37 -8
37 -8
37 -8
37 -8
37 -8
37 -8
37 -8
37 -8
37 -8
37 -8
37 -8
37 -8
37 -8
37 -8
37 -8
37 -8
37 -8
37 -8
37 -8
37 -8
37 -8
37 -8
40 -10
41 -7
41 -7
41 -7
41 -7
41 -7
41 -7
41 -7
41 -7
41 -7
41 -7
41 -7
41 -7
41 -7
41 -7
41 -7
41 -7
41 -7
41 -7
41 -7
41 -7
41 -7
41 -7
41 -7
41 -7
41 -7
41 -7
41 -7
41 -7
41 -7
41 -7
41 -7
41 -7
41 -7
41 -7
41 -7
41 -7
41 -7
41 -7
41 -7
41 -7
41 -7
41 -7
41 -7
41 -7
41 -7
41 -7
41 -7
41 -7
41 -7
41 -7
41 -7
41 -7
41 -7
41 -7
41 -7
41 -7
41 -7
41 -7
41 -7
41 -7
41 -7
39 -5
39 -5
39 -5
39 -5
39 -5
39 -5
39 -5
39 -5
39 -5
39 -5
39 -5
39 -5
39 -5
39 -5
39 -5
39 -5
39 -5
39 -5
39 -5
39 -5
39 -5
39 -5
39 -5
39 -5
39 -5
39 -5
39 -5
39 -5
39 -5
39 -5
42 -8
42 -8
42 -8
42 -8
42 -8
42 -8
42 -8
42 -8
42 -8
42 -8
42 -8
42 -8
42 -8
42 -8
42 -8
42 -8
42 -8
42 -8
42 -8
42 -8
42 -8
42 -8
42 -8
42 -8
42 -8
42 -8
42 -8
42 -8
42 -8
42 -8
42 -8
42 -8
42 -8
42 -8
42 -8
42 -8
42 -8
42 -8
42 -8
42 -8
42 -8
42 -8
42 -8
42 -8
42 -8
42 -8
42 -8
42 -8
42 -8
42 -8
42 -8
42 -8
42 -8
42 -8
42 -8
42 -8
42 -8
42 -8
42 -8
42 -8
42 -8
42 -8
42 -8
42 -8
42 -8
42 -8
42 -8
42 -8
42 -8
42 -8
42 -8
42 -8
42 -8
42 -8
42 -8
42 -8
42 -8
42 -8
42 -8
42 -8
42 -8
42 -8
42 -8
42 -8
42 -8
42 -8
42 -8
42 -8
42 -8
42 -8
42 -8
42 -8
42 -8
32 -6
32 -6
36 -3
36 -3
36 -3
36 -3
36 -3
36 -3
36 -3
36 -3
36 -3
36 -3
36 -3
36 -3
36 -3
36 -3
36 -3
36 -3
36 -3
36 -3
36 -3
36 -3
36 -3
36 -3
36 -3
36 -3
36 -3
36 -3
36 -3
36 -3
36 -3
36 -3
36 -3
36 -3
36 -3
36 -3
36 -3
36 -3
36 -3
36 -3
36 -3
36 -3
36 -3
36 -3
36 -3
36 -3
36 -3
36 -3
36 -3
36 -3
36 -3
36 -3
36 -3
36 -3
36 -3
36 -3
36 -3
36 -3
36 -3
36 -3
36 -3
36 -3
36 -3
36 -3
36 -3
36 -3
36 -3
36 -3
36 -3
37 -4
37 -4
37 -4
37 -4
37 -4
37 -4
37 -4
37 -4
37 -4
37 -4
37 -4
37 -4
37 -4
37 -4
37 -4
37 -4
37 -4
37 -4
37 -4
37 -4
37 -4
37 -4
37 -4
37 -4
37 -4
37 -4
37 -4
37 -4
37 -4
37 -4
37 -4
37 -4
37 -4
37 -4
37 -4
37 -4
37 -4
37 -4
37 -4
37 -4
37 -4
37 -4
37 -4
37 -4
37 -4
37 -4
37 -4
37 -4
37 -4
37 -4
37 -4
37 -4
37 -4
37 -4
37 -4
37 -4
37 -4
37 -4
37 -4
37 -4
37 -4
37 -4
37 -4
37 -4
37 -4
37 -4
37 -4
32 1
32 1
32 1
32 1
32 1
32 1
32 1
32 1
32 1
32 1
32 1
32 1
32 1
32 1
32 1
32 1
32 1
32 1
32 1
32 1
32 1
32 1
32 1
32 1
32 1
32 1
32 1
32 1
32 1
32 1
27 -4
27 -4
27 -4
27 -4
27 -4
27 -4
27 -4
27 -4
27 -4
27 -4
27 -4
27 -4
27 -4
27 -4
27 -4
27 -4
27 -4
27 -4
27 -4
27 -4
27 -4
27 -4
27 -4
27 -4
27 -4
27 -4
27 -4
27 -4
27 -4
27 -4
27 -4
27 -4
27 -4
27 -4
27 -4
27 -4
27 -4
27 -4
27 -4
27 -4
27 -4
27 -4
27 -4
27 -4
27 -4
27 -4
27 -4
27 -4
27 -4
27 -4
27 -4
27 -4
27 -4
27 -4
27 -4
27 -4
27 -4
27 -4
27 -4
27 -4
27 -4
27 -4
27 -4
27 -4
27 -4
27 -4
27 -4
27 -4
27 -4
27 -4
27 -4
27 -4
27 -4
28 -4
28 -4
28 -4
28 -4
28 -4
28 -4
28 -4
28 -4
28 -4
28 -4
28 -4
28 -4
28 -4
28 -4
28 -4
28 -4
28 -4
28 -4
28 -4
28 -4
28 -4
28 -4
28 -4
28 -4
28 -4
28 -4
28 -4
28 -4
28 -4
28 -4
28 -4
28 -4
28 -4
28 -4
28 -4
28 -4
28 -4
28 -4
28 -4
28 -4
28 -4
28 -4
28 -4
28 -4
28 -4
28 -4
28 -4
28 -4
28 -4
28 -4
28 -4
28 -4
28 -4
28 -4
28 -4
28 -4
28 -4
28 -4
28 -4
28 -4
28 -4
28 -4
28 -4
28 -4
28 -4
28 -4
28 -4
28 -4
28 -4
25 -2
22 -3
22 -3
22 -3
22 -3
22 -3
22 -3
22 -3
22 -3
22 -3
22 -3
22 -3
22 -3
22 -3
22 -3
22 -3
22 -3
22 -3
22 -3
22 -3
22 -3
22 -3
22 -3
22 -3
22 -3
22 -3
22 -3
22 -3
22 -3
22 -3
22 -3
22 -3
22 -3
22 -3
22 -3
22 -3
22 -3
22 -3
22 -3
22 -3
22 -3
22 -3
22 -3
22 -3
22 -3
22 -3
22 -3
22 -3
22 -3
22 -3
22 -3
22 -3
22 -3
22 -3
22 -3
22 -3
22 -3
22 -3
22 -3
22 -3
22 -3
22 -3
22 -3
22 -3
16 2
16 2
16 2
16 2
16 2
16 2
16 2
16 2
16 2
16 2
16 2
16 2
16 2
16 2
16 2
16 2
16 2
16 2
16 2
16 2
16 2
16 2
16 2
16 2
16 2
16 2
16 2
16 2
16 2
16 2
16 2
16 2
16 2
22 -2
22 -2
22 -2
22 -2
22 -2
22 -2
22 -2
22 -2
22 -2
22 -2
22 -2
22 -2
22 -2
22 -2
22 -2
22 -2
22 -2
22 -2
22 -2
22 -2
22 -2
22 -2
22 -2
22 -2
22 -2
22 -2
22 -2
22 -2
22 -2
22 -2
22 -2
22 -2
22 -2
22 -2
22 -2
22 -2
22 -2
22 -2
22 -2
22 -2
22 -2
22 -2
22 -2
22 -2
22 -2
22 -2
22 -2
22 -2
22 -2
22 -2
22 -2
22 -2
22 -2
22 -2
22 -2
22 -2
22 -2
22 -2
22 -2
22 -2
22 -2
22 -2
22 -2
22 -2
22 -2
22 -2
22 -2
22 -2
22 -2
22 -2
23 0
23 0
23 0
23 0
23 0
23 0
23 0
23 0
23 0
23 0
23 0
23 0
23 0
23 0
23 0
23 0
23 0
23 0
23 0
23 0
23 0
23 0
23 0
23 0
23 0
23 0
23 0
23 0
23 0
23 0
25 0
25 0
25 0
25 0
25 0
25 0
25 0
25 0
25 0
25 0
25 0
25 0
25 0
25 0
25 0
25 0
25 0
25 0
25 0
25 0
25 0
25 0
25 0
25 0
25 0
25 0
25 0
25 0
25 0
25 0
25 0
25 0
25 0
25 0
25 0
25 0
25 0
25 0
25 0
25 0
25 0
25 0
25 0
25 0
25 0
25 0
25 0
25 0
25 0
25 0
25 0
25 0
25 0
25 0
25 0
25 0
25 0
25 0
25 0
25 0
25 0
25 0
25 0
25 0
25 0
25 0
25 0
25 0
25 0
25 0
25 0
25 0
25 0
25 0
25 0
25 0
25 0
25 0
25 0
25 0
25 0
25 0
25 0
25 0
25 0
25 0
25 0
25 0
25 0
25 0
25 0
25 0
25 0
25 0
25 0
25 0
25 0
25 0
25 0
25 0
25 0
25 0
25 0
25 0
25 0
25 0
25 0
25 0
25 0
25 0
25 0
25 0
25 0
25 0
25 0
25 0
25 0
25 0
25 0
25 0
25 0
25 0
25 0
25 0
25 0
25 0
25 0
25 0
25 0
25 0
25 0
25 0
25 0
25 0
25 0
25 0
25 0
25 0
25 0
25 0
25 0
25 0
25 0
29 0
29 0
29 0
29 0
29 0
29 0
29 0
29 0
29 0
29 0
29 0
29 0
29 0
29 0
29 0
29 0
29 0
29 0
29 0
29 0
29 0
29 0
29 0
29 0
29 0
29 0
29 0
29 0
29 0
29 0
29 0
29 0
29 -4
28 0
28 0
28 0
28 0
28 0
28 0
28 0
28 0
28 0
28 0
28 0
28 0
28 0
28 0
28 0
28 0
28 0
28 0
28 0
28 0
28 0
28 0
28 0
28 0
28 0
28 0
28 0
28 0
28 0
28 0
28 0
28 0
28 0
28 0
28 0
28 0
28 0
28 0
28 0
28 0
28 0
28 0
28 0
28 0
28 0
28 0
28 0
28 0
28 0
28 0
28 0
28 0
28 0
28 0
28 0
28 0
28 0
28 0
28 0
28 0
28 0
28 0
28 0
28 0
28 0
28 0
28 0
31 -2
31 -2
31 -2
31 -2
31 -2
31 -2
31 -2
31 -2
31 -2
31 -2
31 -2
31 -2
31 -2
31 -2
31 -2
31 -2
31 -2
31 -2
31 -2
31 -2
31 -2
31 -2
31 -2
31 -2
31 -2
31 -2
31 -2
31 -2
31 -2
31 -2
31 -2
31 -2
31 -2
31 -2
31 -2
31 -2
31 -2
31 -2
31 -2
31 -2
31 -2
31 -2
31 -2
31 -2
31 -2
31 -2
31 -2
31 -2
31 -2
31 -2
31 -2
31 -2
31 -2
31 -2
31 -2
31 -2
31 -2
31 -2
31 -2
31 -2
31 -2
31 -2
31 -2
31 -2
31 -2
31 -2
31 -2
31 -2
31 -2
31 -2
40 -1
40 -1
40 -1
40 -1
40 -1
40 -1
40 -1
40 -1
40 -1
40 -1
40 -1
40 -1
40 -1
40 -1
40 -1
40 -1
40 -1
40 -1
40 -1
40 -1
40 -1
40 -1
40 -1
40 -1
40 -1
40 -1
40 -1
40 -1
40 -1
40 -1
40 -1
40 -1
40 -1
40 -1
40 -1
40 -1
40 -1
40 -1
40 -1
40 -1
40 -1
40 -1
40 -1
40 -1
40 -1
40 -1
40 -1
40 -1
40 -1
40 -1
40 -1
40 -1
40 -1
40 -1
40 -1
40 -1
40 -1
40 -1
40 -1
40 -1
40 -1
40 -1
40 -1
40 -1
40 -1
40 -1
40 -1
40 -1
40 -1
40 -1
42 -2
43 -1
43 -1
43 -1
43 -1
43 -1
43 -1
43 -1
43 -1
43 -1
43 -1
43 -1
43 -1
43 -1
43 -1
43 -1
43 -1
43 -1
43 -1
43 -1
43 -1
43 -1
43 -1
43 -1
43 -1
43 -1
43 -1
42 -1
42 -1
42 -1
42 -1
42 -1
42 -1
42 -1
42 -1
42 -1
42 -1
42 -1
42 -1
42 -1
42 -1
42 -1
42 -1
42 -1
42 -1
42 -1
42 -1
42 -1
42 -1
42 -1
42 -1
42 -1
42 -1
42 -1
42 -1
42 -1
42 -1
42 -1
42 -1
42 -1
42 -1
42 -1
42 -1
42 -1
42 -1
42 -1
42 -1
42 -1
42 -1
42 -1
42 -1
42 -1
42 -1
42 -1
42 -1
42 -1
42 -1
42 -1
42 -1
42 -1
42 -1
42 -1
42 -1
42 -1
42 -1
42 -1
42 -1
42 -1
42 -1
42 -1
42 -1
42 -1
42 -1
42 -1
42 -1
42 -1
42 -1
42 -1
42 0
42 0
42 0
42 0
42 0
42 0
42 0
42 0
42 0
42 0
42 0
42 0
42 0
42 0
42 0
42 0
42 0
42 0
42 0
42 0
42 0
42 0
42 0
42 0
42 0
42 0
42 0
42 0
42 0
38 1
38 1
38 1
38 1
38 1
38 1
38 1
38 1
38 1
38 1
38 1
38 1
38 1
38 1
38 1
38 1
38 1
38 1
38 1
38 1
38 1
38 1
38 1
38 1
38 1
38 1
38 1
38 1
38 1
38 1
38 1
38 1
38 1
38 1
38 1
38 1
38 1
38 1
38 1
38 1
38 1
38 1
38 1
38 1
38 1
38 1
38 1
38 1
38 1
38 1
38 1
38 1
38 1
38 1
38 1
38 1
38 1
38 1
38 1
38 1
38 1
38 1
38 1
45 -3
45 -3
45 -3
45 -3
45 -3
45 -3
45 -3
45 -3
45 -3
45 -3
45 -3
45 -3
45 -3
45 -3
45 -3
45 -3
45 -3
45 -3
45 -3
45 -3
45 -3
45 -3
45 -3
45 -3
45 -3
45 -3
45 -3
45 -3
45 -3
45 -3
45 -3
45 -3
45 -3
45 -3
45 -3
45 -3
45 -3
45 -3
45 -3
45 -3
45 -3
45 -3
45 -3
45 -3
45 -3
45 -3
45 -3
45 -3
45 -3
45 -3
45 -3
45 -3
45 -3
45 -3
45 -3
45 -3
45 -3
45 -3
45 -3
45 -3
45 -3
45 -3
45 -3
45 -3
41 1
39 2
39 2
39 2
39 2
39 2
39 2
39 2
39 2
39 2
39 2
39 2
39 2
39 2
39 2
39 2
39 2
39 2
39 2
39 2
39 2
39 2
39 2
39 2
39 2
39 2
39 2
39 2
39 2
39 2
39 2
39 2
39 2
39 2
39 2
39 2
39 2
39 2
39 2
39 2
39 2
39 2
39 2
39 2
39 2
39 2
39 2
39 2
39 2
39 2
39 2
39 2
39 2
39 2
39 2
39 2
39 2
39 2
39 2
39 2
39 2
39 2
39 2
39 2
39 2
39 2
39 2
39 2
39 2
39 2
39 2
39 2
39 2
39 2
39 2
38 3
38 3
38 3
38 3
38 3
38 3
38 3
38 3
38 3
38 3
38 3
38 3
38 3
38 3
38 3
38 3
38 3
38 3
38 3
38 3
38 3
38 3
38 3
38 3
38 3
38 3
38 3
38 3
38 3
38 3
38 3
38 3
38 3
38 3
38 3
38 3
38 3
38 3
38 3
38 3
30 2
30 2
30 2
30 2
30 2
30 2
30 2
30 2
30 2
30 2
30 2
30 2
30 2
30 2
30 2
30 2
30 2
30 2
30 2
30 2
30 2
30 2
30 2
30 2
30 2
30 2
30 2
30 2
30 2
30 2
30 2
30 2
30 2
30 2
33 0
33 0
33 0
33 0
33 0
33 0
33 0
33 0
33 0
33 0
33 0
33 0
33 0
33 0
33 0
33 0
33 0
33 0
33 0
33 0
33 0
33 0
33 0
33 0
33 0
33 0
33 0
33 0
33 0
33 0
33 0
33 0
33 0
33 0
33 0
33 0
33 0
33 0
33 0
33 0
33 0
33 0
33 0
33 0
33 0
33 0
33 0
33 0
33 0
33 0
33 0
33 0
33 0
33 0
33 0
33 0
33 0
33 0
33 0
33 0
33 0
33 0
33 0
33 0
33 0
33 0
33 0
33 0
33 0
33 0
33 0
33 0
33 0
33 0
33 0
33 0
33 0
33 0
33 0
33 0
33 0
33 0
33 0
33 0
33 0
33 0
33 0
33 0
33 0
33 0
33 0
33 0
33 0
33 0
33 0
33 0
33 0
33 0
33 0
33 0
33 0
33 0
33 0
33 0
33 0
33 0
33 0
33 0
33 0
33 0
33 0
33 0
29 2
29 2
29 2
29 2
29 2
29 2
29 2
29 2
29 2
29 2
29 2
29 2
29 2
29 2
29 2
29 2
29 2
29 2
29 2
29 2
29 2
29 2
29 2
29 2
29 2
29 2
29 2
29 2
29 2
29 2
29 2
29 2
29 2
29 2
29 2
29 2
29 2
29 2
29 2
29 2
29 2
29 2
29 2
29 2
29 2
29 2
29 2
29 2
29 2
29 2
29 2
29 2
29 2
29 2
29 2
29 2
29 2
29 2
29 2
29 2
29 2
29 2
29 2
29 2
29 2
24 3
24 3
24 3
24 3
24 3
24 3
24 3
24 3
24 3
24 3
24 3
24 3
24 3
24 3
24 3
24 3
24 3
24 3
24 3
24 3
24 3
24 3
24 3
24 3
24 3
24 3
24 3
24 3
24 3
24 3
24 3
24 3
16 0
16 0
16 0
16 0
16 0
16 0
16 0
16 0
16 0
16 0
16 0
16 0
16 0
16 0
16 0
16 0
16 0
16 0
16 0
16 0
16 0
16 0
16 0
16 0
16 0
16 0
16 0
16 0
27 4
27 4
27 4
27 4
27 4
27 4
27 4
27 4
27 4
27 4
27 4
27 4
27 4
27 4
27 4
27 4
27 4
27 4
27 4
27 4
27 4
27 4
27 4
27 4
27 4
27 4
27 4
27 4
27 4
27 4
27 4
27 4
27 4
27 4
27 4
27 4
27 4
27 4
27 4
27 4
27 4
27 4
27 4
27 4
27 4
27 4
27 4
27 4
27 4
27 4
27 4
27 4
27 4
27 4
27 4
27 4
27 4
27 4
27 4
27 4
27 4
27 4
27 4
27 4
22 5
22 5
22 5
22 5
22 5
22 5
22 5
22 5
22 5
22 5
22 5
22 5
22 5
22 5
22 5
22 5
22 5
22 5
22 5
22 5
22 5
22 5
22 5
22 5
22 5
22 5
22 5
22 5
22 5
22 5
22 5
22 5
22 5
22 5
22 5
22 5
22 5
22 5
22 5
22 5
22 5
22 5
22 5
22 5
22 5
22 5
22 5
22 5
22 5
22 5
22 5
22 5
22 5
22 5
22 5
22 5
22 5
22 5
22 5
22 5
22 5
22 5
22 5
22 5
30 7
24 4
24 4
24 4
24 4
24 4
24 4
24 4
24 4
24 4
24 4
24 4
24 4
24 4
24 4
24 4
24 4
24 4
24 4
24 4
24 4
24 4
24 4
24 4
24 4
24 4
24 4
24 4
24 4
24 4
24 4
24 4
24 4
24 4
24 4
24 4
24 4
24 4
24 4
24 4
24 4
24 4
24 4
24 4
24 4
24 4
24 4
24 4
24 4
24 4
24 4
24 4
24 4
24 4
24 4
24 4
24 4
24 4
24 4
24 4
24 4
24 4
24 4
24 4
24 4
24 4
24 4
26 2
26 2
26 2
26 2
26 2
26 2
26 2
26 2
26 2
26 2
26 2
26 2
26 2
26 2
26 2
26 2
26 2
26 2
26 2
26 2
26 2
26 2
26 2
26 2
26 2
26 2
26 2
26 2
26 2
26 2
26 2
26 2
26 2
26 2
26 2
26 2
26 2
26 2
26 2
26 2
26 2
26 2
26 2
26 2
26 2
26 2
26 2
26 2
26 2
26 2
26 2
26 2
26 2
26 2
26 2
26 2
26 2
26 2
26 2
26 2
26 2
26 2
26 2
26 2
26 2
26 2
21 0
21 0
21 0
21 0
21 0
21 0
21 0
21 0
21 0
21 0
21 0
21 0
21 0
21 0
21 0
21 0
21 0
21 0
21 0
21 0
21 0
21 0
21 0
21 0
21 0
21 0
21 0
22 6
22 6
22 6
22 6
22 6
22 6
22 6
22 6
22 6
22 6
22 6
22 6
22 6
22 6
22 6
22 6
22 6
22 6
22 6
22 6
22 6
22 6
22 6
22 6
22 6
22 6
22 6
22 6
20 4
20 4
20 4
20 4
20 4
20 4
20 4
20 4
20 4
20 4
20 4
20 4
20 4
20 4
20 4
20 4
20 4
20 4
20 4
20 4
20 4
20 4
20 4
20 4
20 4
20 4
20 4
20 4
20 4
20 4
20 4
20 4
20 4
20 4
20 4
20 4
20 4
20 4
20 4
20 4
20 4
20 4
20 4
20 4
20 4
20 4
20 4
20 4
20 4
20 4
20 4
20 4
20 4
20 4
20 4
20 4
20 4
20 4
20 4
20 4
20 4
20 4
20 4
20 4
21 8
21 8
21 8
21 8
21 8
21 8
21 8
21 8
21 8
21 8
21 8
21 8
21 8
21 8
21 8
21 8
21 8
21 8
21 8
21 8
21 8
21 8
21 8
21 8
21 8
21 8
21 8
21 8
21 8
21 8
21 8
21 8
21 8
21 8
21 8
21 8
21 8
21 8
21 8
21 8
21 8
21 8
21 8
21 8
21 8
21 8
21 8
21 8
21 8
21 8
21 8
21 8
21 8
21 8
21 8
21 8
21 8
21 8
21 8
21 8
21 8
21 8
21 8
21 8
19 6
19 6
19 6
19 6
19 6
19 6
19 6
19 6
19 6
19 6
19 6
19 6
19 6
19 6
19 6
19 6
19 6
19 6
19 6
19 6
19 6
19 6
19 6
19 6
19 6
19 6
19 6
19 6
19 6
19 6
19 6
19 6
19 6
19 6
19 6
19 6
19 6
19 6
19 6
19 6
19 6
19 6
19 6
19 6
19 6
19 6
19 6
19 6
19 6
19 6
19 6
19 6
19 6
19 6
19 6
19 6
19 6
19 6
19 6
15 8
15 8
15 8
15 8
15 8
15 8
15 8
15 8
15 8
15 8
15 8
15 8
15 8
15 8
15 8
15 8
15 8
15 8
15 8
15 8
15 8
15 8
15 8
15 8
15 8
15 8
15 8
15 8
15 8
15 8
15 8
15 8
15 8
16 7
16 7
16 7
16 7
16 7
16 7
16 7
16 7
16 7
16 7
16 7
16 7
16 7
16 7
16 7
16 7
16 7
16 7
16 7
16 7
16 7
16 7
16 7
16 7
16 7
16 7
16 7
16 7
16 7
16 7
16 7
16 7
16 7
16 7
16 7
16 7
16 7
16 7
16 7
16 7
16 7
16 7
16 7
16 7
16 7
16 7
16 7
16 7
16 7
16 7
16 7
16 7
16 7
16 7
16 7
16 7
16 7
16 7
16 7
16 7
16 7
16 7
16 7
11 6
11 6
11 6
11 6
11 6
11 6
11 6
11 6
11 6
11 6
11 6
11 6
11 6
11 6
11 6
11 6
11 6
11 6
11 6
11 6
11 6
11 6
11 6
11 6
11 6
11 6
11 6
11 6
11 6
11 6
11 6
11 6
11 6
11 6
11 6
11 6
11 6
11 6
11 6
11 6
11 6
11 6
11 6
11 6
11 6
11 6
11 6
11 6
11 6
11 6
11 6
11 6
18 11
16 16
16 16
16 16
16 16
16 16
16 16
16 16
16 16
16 16
16 16
16 16
16 16
16 16
16 16
16 16
16 16
16 16
16 16
16 16
16 16
16 16
16 16
16 16
16 16
16 16
16 16
16 16
16 16
16 16
16 16
16 16
16 16
16 16
16 16
16 16
16 16
16 16
16 16
16 16
16 16
16 16
16 16
16 16
13 15
13 15
13 15
13 15
13 15
13 15
13 15
13 15
13 15
13 15
13 15
13 15
13 15
13 15
13 15
13 15
13 15
13 15
13 15
13 15
13 15
13 15
13 15
13 15
13 15
13 15
19 12
19 12
19 12
19 12
19 12
19 12
19 12
19 12
19 12
19 12
19 12
19 12
19 12
19 12
19 12
19 12
19 12
19 12
19 12
19 12
19 12
23 12
23 12
23 12
23 12
23 12
23 12
23 12
23 12
23 12
23 12
23 12
23 12
23 12
23 12
23 12
23 12
23 12
23 12
23 12
23 12
23 12
23 12
23 12
23 12
23 12
23 12
23 12
23 12
23 12
23 12
23 12
23 12
23 12
23 12
23 12
23 12
23 12
23 12
23 12
23 12
23 12
23 12
23 12
23 12
23 12
23 12
23 12
23 12
23 12
23 12
23 12
23 12
23 12
23 12
23 12
23 12
23 12
23 12
23 12
23 12
23 12
23 12
23 12
23 12
23 12
15 14
15 14
15 14
15 14
15 14
15 14
15 14
15 14
15 14
15 14
15 14
15 14
15 14
15 14
15 14
15 14
15 14
15 14
15 14
15 14
15 14
15 14
15 14
15 14
15 14
15 14
15 14
15 14
15 14
15 14
15 14
15 14
15 14
15 14
15 14
15 14
15 14
15 14
15 14
15 14
15 14
15 14
15 14
15 14
15 14
15 14
15 14
15 14
15 14
15 14
15 14
15 14
15 14
15 14
15 14
15 14
15 14
15 14
15 14
15 14
15 14
15 14
20 11
20 11
20 11
20 11
20 11
20 11
20 11
20 11
20 11
20 11
20 11
20 11
20 11
20 11
20 11
20 11
20 11
20 11
20 11
20 11
20 11
20 11
20 11
20 11
20 11
20 11
20 11
20 11
20 11
20 11
20 11
20 11
20 11
20 11
20 11
20 11
20 11
20 11
20 11
20 11
20 11
20 11
20 11
20 11
20 11
20 11
20 11
20 11
20 11
20 11
20 11
20 11
20 11
20 11
20 11
20 11
20 11
20 11
17 15
19 16
19 16
19 16
19 16
19 16
19 16
19 16
19 16
19 16
19 16
19 16
19 16
19 16
19 16
19 16
19 16
19 16
19 16
19 16
21 20
21 20
21 20
21 20
21 20
21 20
21 20
21 20
21 20
21 20
21 20
21 20
21 20
21 20
21 20
21 20
21 20
21 20
21 20
21 20
21 20
21 20
21 20
21 20
21 20
21 20
21 20
21 20
21 20
21 20
21 20
21 20
21 20
21 20
21 20
21 20
21 20
21 20
21 20
21 20
21 20
21 20
21 20
21 20
20 15
20 15
20 15
20 15
20 15
20 15
20 15
20 15
20 15
20 15
20 15
20 15
20 15
20 15
20 15
20 15
20 15
20 15
20 15
20 15
20 15
20 15
20 15
20 15
20 15
20 15
20 15
20 15
20 15
20 15
20 15
20 15
20 15
20 15
20 15
20 15
20 15
20 15
20 15
20 15
20 15
20 15
20 15
20 15
20 15
20 15
21 24
21 24
21 24
21 24
21 24
21 24
21 24
21 24
21 24
21 24
21 24
21 24
21 24
21 24
21 24
21 24
21 24
21 24
21 24
21 24
21 24
21 24
21 24
21 24
21 24
21 24
21 24
21 24
21 24
21 24
21 24
21 24
21 24
21 24
21 24
21 24
21 24
21 24
21 24
21 24
21 24
21 24
21 24
21 24
21 24
21 24
21 24
21 24
21 24
21 24
21 24
21 24
21 24
21 24
21 24
21 24
21 24
21 24
21 24
21 24
21 24
21 24
21 24
21 24
21 24
21 24
21 24
21 24
21 24
21 24
21 24
21 24
21 24
21 24
21 24
19 17
19 25
19 25
19 25
19 25
19 25
19 25
19 25
19 25
19 25
19 25
19 25
19 25
19 25
19 25
19 25
19 25
19 25
19 25
19 25
19 25
19 25
19 25
19 25
19 25
19 25
19 25
19 25
19 25
19 25
19 25
19 25
19 25
19 25
19 25
19 25
19 25
19 25
19 25
19 25
19 25
19 25
19 25
19 25
19 25
19 25
19 25
19 25
19 25
19 25
19 25
19 25
19 25
19 25
19 25
18 28
18 28
18 28
18 28
18 28
18 28
18 28
18 28
18 28
18 28
18 28
18 28
18 28
18 28
18 28
18 28
18 28
18 28
18 28
18 28
18 28
18 28
12 25
12 25
12 25
12 25
12 25
12 25
12 25
12 25
12 25
12 25
12 25
12 25
12 25
12 25
12 25
12 25
12 25
12 25
12 25
12 25
12 25
12 25
12 25
12 25
12 25
12 25
12 25
12 25
12 25
12 25
12 25
12 25
12 25
12 25
12 25
12 25
12 25
12 25
12 25
12 25
12 25
12 25
12 25
12 25
12 25
12 25
12 25
12 25
12 25
12 25
12 25
12 25
12 25
12 25
12 25
12 25
12 25
12 25
12 25
12 25
12 25
12 25
12 25
12 25
12 25
12 25
12 25
12 25
11 27
11 27
11 27
11 27
11 27
11 27
11 27
11 27
11 27
11 27
11 27
11 27
11 27
11 27
11 27
11 27
11 27
11 27
11 27
11 27
11 27
11 27
11 27
11 27
11 27
11 27
11 27
11 27
11 27
11 27
11 27
11 27
11 27
11 27
11 27
11 27
11 27
11 27
11 27
11 27
11 27
11 27
11 27
11 27
11 27
11 27
11 27
11 27
11 27
11 27
11 27
11 27
11 27
11 27
11 27
11 27
11 27
11 35
9 31
9 31
9 31
9 31
9 31
9 31
9 31
9 31
9 31
9 31
9 31
9 31
9 31
9 31
9 31
9 31
9 31
9 31
9 31
9 31
9 31
9 31
9 31
9 31
9 31
9 31
9 31
9 31
9 31
9 31
9 31
9 31
9 31
9 31
9 31
9 31
9 31
9 31
9 31
9 31
9 31
9 31
9 31
9 31
9 31
9 31
9 31
9 31
9 31
9 31
9 31
9 31
9 31
9 31
9 31
9 31
9 31
9 31
9 31
10 33
10 33
10 33
10 33
10 33
10 33
10 33
10 33
10 33
10 33
10 33
10 33
10 33
10 33
10 33
10 33
10 33
10 33
10 33
10 33
10 33
10 33
10 33
10 33
10 33
10 33
10 33
10 33
10 33
11 27
11 27
11 27
11 27
11 27
11 27
11 27
11 27
11 27
11 27
11 27
11 27
11 27
11 27
11 27
11 27
11 27
11 27
11 27
11 27
11 27
11 27
11 27
11 27
11 27
11 27
11 27
11 27
11 27
11 27
11 27
11 27
11 27
11 27
11 27
11 27
11 27
11 27
11 27
11 27
11 27
11 27
11 27
11 27
11 27
11 27
11 27
11 27
11 27
11 27
11 27
11 27
11 27
11 27
11 27
11 27
11 27
11 27
10 34
10 34
10 34
10 34
10 34
10 34
10 34
10 34
10 34
10 34
10 34
10 34
10 34
10 34
10 34
10 34
10 34
10 34
10 34
10 34
10 34
10 34
10 34
10 34
10 34
10 34
10 34
10 34
10 34
10 34
10 34
10 34
10 34
10 34
10 34
10 34
10 34
10 34
10 34
10 34
10 34
10 34
10 34
10 34
10 34
10 34
10 34
10 34
10 34
10 34
10 34
10 34
10 34
10 34
8 29
13 33
13 33
13 33
13 33
13 33
13 33
13 33
13 33
13 33
13 33
13 33
13 33
13 33
13 33
13 33
13 33
13 33
13 33
13 33
13 33
13 33
13 33
13 33
10 32
10 32
10 32
10 32
10 32
10 32
10 32
10 32
10 32
10 32
10 32
10 32
10 32
10 32
10 32
10 32
10 32
10 32
10 32
10 32
10 32
10 32
10 32
10 32
10 32
10 32
10 32
10 32
10 32
10 32
10 32
10 32
10 32
10 32
10 32
10 32
10 32
10 32
10 32
10 32
10 32
10 32
10 32
10 32
10 32
10 32
10 32
10 32
10 32
10 32
10 32
10 32
8 33
8 33
8 33
8 33
8 33
8 33
8 33
8 33
8 33
8 33
8 33
8 33
8 33
8 33
8 33
8 33
8 33
8 33
8 33
8 33
8 33
9 33
9 33
9 33
9 33
9 33
9 33
9 33
9 33
9 33
9 33
9 33
9 33
9 33
9 33
9 33
9 33
9 33
9 33
9 33
9 33
9 33
9 33
9 33
9 33
9 33
9 33
9 33
9 33
9 33
9 33
9 33
9 33
9 33
9 33
9 33
9 33
9 33
9 33
9 33
9 33
9 33
9 33
9 33
9 33
9 33
9 33
9 33
9 33
7 24
7 24
7 24
7 24
7 24
7 24
7 24
7 24
7 24
7 24
7 24
7 24
7 24
7 24
7 24
7 24
7 24
7 24
7 24
7 24
7 24
7 24
7 24
7 24
7 24
7 24
7 24
7 24
7 24
7 24
7 24
7 24
7 24
7 24
7 24
7 24
7 24
7 24
7 24
7 24
7 24
7 24
7 24
7 24
7 24
9 30
9 30
9 30
9 30
9 30
9 30
9 30
9 30
9 30
9 30
9 30
9 30
9 30
9 30
9 30
9 30
9 30
9 30
9 30
9 30
9 30
9 30
9 30
9 30
9 30
9 30
9 30
9 30
9 30
9 30
9 30
9 30
9 30
9 30
9 30
9 30
9 30
9 30
9 30
9 30
9 30
9 30
9 30
9 30
9 30
9 30
3 34
3 34
3 34
3 34
3 34
3 34
3 34
3 34
3 34
3 34
3 34
3 34
3 34
3 34
3 34
3 34
3 34
3 34
3 34
8 26
8 26
8 26
8 26
8 26
8 26
8 26
8 26
8 26
8 26
8 26
8 26
8 26
8 26
8 26
8 26
8 26
8 26
8 26
8 26
8 26
8 26
8 26
8 26
8 26
8 26
8 26
8 26
8 26
8 26
8 26
8 26
8 26
8 26
8 26
8 26
8 26
8 26
8 26
8 26
8 26
8 26
8 26
8 26
8 26
8 26
8 26
8 26
8 26
8 26
8 26
6 32
6 32
6 32
6 32
6 32
6 32
6 32
6 32
6 32
6 32
6 32
6 32
6 32
6 32
6 32
6 32
6 32
6 32
6 32
6 32
6 32
6 32
6 32
6 32
5 29
5 29
5 29
5 29
5 29
5 29
5 29
5 29
5 29
5 29
5 29
5 29
5 29
5 29
5 29
5 29
5 29
5 29
5 29
5 29
5 29
5 29
5 29
5 29
5 29
5 29
5 29
5 29
5 29
5 29
5 29
5 29
5 29
5 29
5 29
5 29
5 29
5 29
5 29
5 29
5 29
5 29
5 29
5 29
5 29
5 29
5 29
5 29
5 29
5 29
5 29
5 29
5 29
5 29
5 29
5 29
5 29
5 29
5 29
5 29
5 29
5 29
5 29
5 29
5 29
5 29
5 29
5 29
5 29
5 29
1 34
1 34
1 34
1 34
1 34
1 34
1 34
1 34
1 34
1 34
1 34
1 34
1 34
1 34
1 34
1 34
1 34
1 34
1 34
1 34
1 34
1 34
1 34
1 34
1 34
1 34
1 34
1 34
1 34
1 34
1 34
1 34
1 34
1 34
1 34
1 34
1 34
1 34
1 34
1 34
1 34
1 34
1 34
1 34
1 34
1 34
1 34
0 41
0 41
0 41
0 41
0 41
0 41
0 41
0 41
0 41
0 41
0 41
0 41
0 41
0 41
0 41
0 41
0 41
0 41
0 41
0 41
0 41
0 41
0 41
0 41
-4 30
-4 30
-4 30
-4 30
-4 30
-4 30
-4 30
-4 30
-4 30
-4 30
-4 30
-4 30
-4 30
-4 30
-4 30
-4 30
-4 30
-4 30
-4 30
-4 30
-4 30
-4 30
-4 30
-4 30
-4 30
-4 30
-4 30
-4 30
-4 30
-4 30
-4 30
-4 30
-4 30
-4 30
-4 30
-4 30
-4 30
-4 30
-4 30
-4 30
-4 30
-4 30
-4 30
-4 30
-4 30
-4 30
-4 30
-4 30
-4 30
-4 30
-4 30
-1 40
-1 40
-1 40
-1 40
-1 40
-1 40
-1 40
-1 40
-1 40
-1 40
-1 40
-1 40
-1 40
-1 40
-1 40
-1 40
-1 40
-1 40
-1 40
-1 40
-1 40
-1 40
-1 40
-1 40
-1 40
-1 40
-1 40
-1 40
-1 40
-1 40
-1 40
-1 40
-1 40
-1 40
-1 40
-1 40
-1 40
-1 40
-1 40
-1 40
-1 40
-1 40
-1 40
-1 40
-1 40
-1 40
-1 40
-1 40
-1 40
-1 40
-1 40
-1 40
-1 40
-1 40
0 35
-4 41
-4 41
-4 41
-4 41
-4 41
-4 41
-4 41
-4 41
-4 41
-4 41
-4 41
-4 41
-4 41
-4 41
-4 41
-4 41
-4 41
-4 41
-4 41
-4 41
-4 41
-4 41
-4 41
-4 41
-4 41
-4 41
-4 41
-4 41
-4 41
-4 41
-4 41
-4 41
-4 41
-4 41
-4 41
-4 41
-4 41
-4 41
-4 41
-4 41
-4 41
-4 41
-4 41
-4 41
-4 41
-5 33
-5 33
-5 33
-5 33
-5 33
-5 33
-5 33
-5 33
-5 33
-5 33
-5 33
-5 33
-5 33
-5 33
-5 33
-5 33
-5 33
-5 33
-5 33
-5 35
-5 35
-5 35
-5 35
-5 35
-5 35
-5 35
-5 35
-5 35
-5 35
-5 35
-5 35
-5 35
-5 35
-5 35
-5 35
-5 35
-5 35
-5 35
-5 35
-5 35
-5 35
-5 35
-7 30
-7 30
-7 30
-7 30
-7 30
-7 30
-7 30
-7 30
-7 30
-7 30
-7 30
-7 30
-7 30
-7 30
-7 30
-7 30
-7 30
-7 30
-7 30
-7 30
-7 30
-7 30
-7 30
-7 30
-7 30
-7 30
-7 30
-7 30
-7 30
-7 30
-7 30
-7 30
-7 30
-7 30
-7 30
-7 30
-7 30
-7 30
-7 30
-7 30
-7 30
-7 30
-7 30
-7 30
-7 30
-7 30
-7 30
-7 30
-7 30
-7 30
-7 30
-7 30
-7 30
-7 30
-5 34
-5 34
-5 34
-5 34
-5 34
-5 34
-5 34
-5 34
-5 34
-5 34
-5 34
-5 34
-5 34
-5 34
-5 34
-5 34
-5 34
-5 34
-5 34
-5 34
-5 34
-5 34
-5 34
-5 34
-5 34
-5 34
-5 34
-5 34
-5 34
-5 34
-5 34
-5 34
-5 34
-5 34
-5 34
-5 34
-5 34
-5 34
-5 34
-5 34
-5 34
-5 34
-5 34
-5 34
-5 34
-5 34
-5 34
-5 34
-5 34
-5 34
-5 34
-5 34
-5 34
-5 34
-5 34
-5 34
-5 34
-5 34
-5 34
-5 34
-5 34
-5 34
-5 34
-5 34
-5 34
-5 34
-4 37
-10 32
-10 32
-10 32
-10 32
-10 32
-10 32
-10 32
-10 32
-10 32
-10 32
-10 32
-10 32
-10 32
-10 32
-10 32
-10 32
-10 32
-10 32
-10 32
-10 32
-10 32
-10 32
-10 32
-10 32
-10 32
-10 32
-10 32
-10 32
-10 32
-10 32
-10 32
-10 32
-10 32
-10 32
-10 32
-10 32
-10 32
-10 32
-10 32
-10 32
-10 32
-10 32
-10 32
-10 32
-10 32
-10 32
-10 32
-10 32
-10 32
-10 32
-10 32
-10 32
-10 32
-10 32
-10 32
-10 32
-10 32
-10 32
-10 32
-10 32
-10 30
-10 30
-10 30
-10 30
-10 30
-10 30
-10 30
-10 30
-10 30
-10 30
-10 30
-10 30
-10 30
-10 30
-10 30
-10 30
-10 30
-10 30
-10 30
-10 30
-10 30
-10 30
-10 30
-10 30
-10 30
-10 30
-10 30
-10 30
-10 30
-10 30
-10 30
-10 30
-10 30
-10 30
-10 30
-11 34
-11 34
-11 34
-11 34
-11 34
-11 34
-11 34
-11 34
-11 34
-11 34
-11 34
-11 34
-11 34
-11 34
-11 34
-11 34
-11 34
-11 34
-11 34
-11 34
-11 34
-11 34
-11 34
-11 34
-11 34
-11 34
-11 34
-11 34
-11 34
-11 34
-11 34
-11 34
-11 34
-11 34
-11 34
-11 34
-11 34
-11 34
-11 34
-11 34
-11 34
-11 34
-11 34
-11 34
-11 34
-11 34
-11 34
-11 34
-11 34
-11 34
-11 34
-11 34
-11 34
-11 34
-11 34
-11 34
-11 34
-11 34
-11 34
-11 34
-11 34
-11 34
-11 34
-11 34
-11 34
-11 34
-11 34
-11 34
-11 34
-11 34
-11 34
-14 28
-14 28
-14 28
-14 28
-14 28
-14 28
-14 28
-14 28
-14 28
-14 28
-14 28
-14 28
-14 28
-14 28
-14 28
-14 28
-14 28
-14 28
-14 28
-14 28
-14 28
-14 28
-14 28
-14 28
-14 28
-14 28
-14 28
-14 28
-14 28
-14 28
-14 28
-14 28
-14 28
-14 28
-14 28
-14 28
-14 28
-14 28
-14 28
-14 28
-14 28
-14 28
-14 28
-14 28
-14 28
-14 28
-14 28
-14 28
-14 28
-14 28
-14 28
-14 28
-14 28
-14 28
-14 28
-14 28
-14 28
-14 28
-14 28
-14 28
-14 28
-14 28
-14 28
-14 28
-14 28
-14 28
-14 28
-14 28
-14 28
-14 28
-14 28
-16 26
-16 26
-16 26
-16 26
-16 26
-16 26
-16 26
-16 26
-16 26
-16 26
-16 26
-16 26
-16 26
-16 26
-16 26
-16 26
-16 26
-16 26
-16 26
-16 26
-16 26
-16 26
-16 26
-16 26
-16 26
-16 26
-16 26
-16 26
-16 26
-16 26
-16 26
-16 26
-16 26
-16 26
-16 26
-16 26
-16 26
-16 26
-16 26
-16 26
-16 26
-16 26
-16 26
-16 26
-16 26
-16 26
-16 26
-16 26
-16 26
-16 26
-16 26
-16 26
-16 26
-16 26
-16 26
-16 26
-16 26
-16 26
-16 26
-16 26
-16 26
-16 26
-16 26
-16 26
-16 26
-16 26
-16 26
-16 26
-16 26
-16 26
-16 26
-13 27
-13 27
-13 27
-13 27
-13 27
-13 27
-13 27
-13 27
-13 27
-13 27
-13 27
-13 27
-13 27
-13 27
-13 27
-13 27
-13 27
-13 27
-13 27
-13 27
-13 27
-13 27
-13 27
-13 27
-13 27
-13 27
-18 29
-18 29
-18 29
-18 29
-18 29
-18 29
-18 29
-18 29
-18 29
-18 29
-18 29
-18 29
-18 29
-18 29
-18 29
-18 29
-18 29
-18 29
-18 29
-18 29
-18 29
-18 29
-18 29
-18 29
-18 29
-18 29
-18 29
-18 29
-18 29
-18 29
-18 29
-18 29
-18 29
-18 29
-18 29
-18 29
-18 29
-18 29
-18 29
-18 29
-18 29
-18 29
-18 29
-18 29
-18 29
-18 29
-18 29
-18 29
-18 29
-18 29
-18 29
-18 29
-18 29
-18 29
-18 29
-18 29
-18 29
-18 29
-18 29
-18 29
-18 29
-18 29
-18 29
-18 29
-18 29
-18 29
-18 29
-18 29
-18 29
-18 29
-18 29
-18 29
-18 29
-18 29
-18 29
-18 29
-18 29
-18 29
-18 29
-18 29
-18 29
-18 29
-18 29
-18 29
-18 29
-18 29
-18 29
-29 35
-25 20
-25 20
-25 20
-25 20
-25 20
-25 20
-25 20
-25 20
-25 20
-25 20
-25 20
-25 20
-25 20
-25 20
-25 20
-25 20
-25 20
-25 20
-25 20
-25 20
-25 20
-25 20
-25 20
-25 20
-25 20
-25 20
-25 20
-25 20
-25 20
-25 20
-25 20
-25 20
-25 20
-25 20
-25 20
-25 20
-25 20
-25 20
-25 20
-25 20
-25 20
-25 20
-25 20
-25 20
-25 20
-25 20
-25 20
-25 20
-25 20
-25 20
-31 35
-31 35
-31 35
-31 35
-31 35
-31 35
-31 35
-31 35
-31 35
-31 35
-31 35
-31 35
-31 35
-31 35
-31 35
-31 35
-31 35
-31 35
-31 35
-31 35
-31 35
-31 35
-31 35
-31 35
-31 35
-31 35
-31 35
-31 35
-31 35
-31 35
-31 35
-31 35
-31 35
-31 35
-31 35
-31 35
-31 35
-31 35
-31 35
-31 35
-31 35
-31 35
-31 35
-31 35
-31 35
-31 35
-31 35
-31 35
-31 35
-31 35
-31 35
-31 35
-31 35
-31 35
-31 35
-31 35
-31 35
-31 35
-31 35
-29 28
-29 28
-31 32
-31 32
-31 32
-31 32
-31 32
-31 32
-31 32
-31 32
-31 32
-31 32
-31 32
-31 32
-31 32
-31 32
-31 32
-31 32
-28 38
-28 38
-28 38
-28 38
-28 38
-28 38
-28 38
-28 38
-28 38
-28 38
-28 38
-28 38
-28 38
-28 38
-28 38
-28 38
-28 38
-28 38
-28 38
-28 38
-28 38
-28 38
-28 38
-28 38
-28 38
-28 38
-28 38
-28 38
-28 38
-28 38
-28 38
-28 38
-28 38
-28 38
-28 38
-28 38
-28 38
-28 38
-28 38
-28 38
-28 38
-28 38
-28 38
-28 38
-28 38
-28 38
-28 38
-28 38
-37 30
-37 30
-37 30
-37 30
-37 30
-37 30
-37 30
-37 30
-37 30
-37 30
-37 30
-37 30
-37 30
-37 30
-37 30
-37 30
-37 30
-37 30
-37 30
-37 30
-37 30
-37 30
-37 30
-37 30
-37 30
-37 30
-37 30
-37 30
-37 30
-37 30
-37 30
-37 30
-37 30
-37 30
-37 30
-37 30
-37 30
-37 30
-37 30
-37 30
-37 30
-37 30
-37 30
-37 30
-37 30
-37 30
-37 30
-37 30
-37 30
-37 30
-37 30
-37 30
-37 30
-37 30
-37 30
-37 30
-37 30
-37 30
-37 30
-37 30
-46 32
-46 32
-46 32
-46 32
-46 32
-46 32
-46 32
-46 32
-46 32
-46 32
-46 32
-46 32
-46 32
-46 32
-46 32
-46 32
-46 32
-46 32
-46 32
-46 32
-46 32
-46 32
-46 32
-46 32
-46 32
-46 32
-46 32
-46 32
-46 32
-46 32
-46 32
-46 32
-46 32
-46 32
-46 32
-46 32
-46 32
-46 32
-46 32
-46 32
-46 32
-46 32
-46 32
-46 32
-46 32
-46 32
-46 32
-46 32
-46 32
-46 32
-46 32
-46 32
-46 32
-39 28
-39 28
-42 31
-42 31
-42 31
-42 31
-42 31
-42 31
-42 31
-42 31
-42 31
-42 31
-42 31
-42 31
-42 31
-42 31
-42 31
-42 31
-42 31
-42 31
-42 31
-46 30
-46 30
-46 30
-46 30
-46 30
-46 30
-46 30
-46 30
-46 30
-46 30
-46 30
-46 30
-46 30
-46 30
-46 30
-46 30
-46 30
-46 30
-46 30
-46 30
-46 30
-46 30
-46 30
-46 30
-46 30
-46 30
-46 30
-46 30
-46 30
-46 30
-46 30
-46 30
-46 30
-46 30
-46 30
-46 30
-46 30
-46 30
-46 30
-46 30
-46 30
-46 30
-46 30
-46 30
-46 30
-46 30
-46 30
-46 30
-46 30
-46 30
-46 30
-46 30
-39 24
-39 24
-39 24
-39 24
-39 24
-39 24
-39 24
-39 24
-39 24
-39 24
-39 24
-39 24
-39 24
-39 24
-39 24
-39 24
-39 24
-39 24
-39 24
-39 24
-39 24
-39 24
-39 24
-39 24
-43 27
-43 27
-43 27
-43 27
-43 27
-43 27
-43 27
-43 27
-43 27
-43 27
-43 27
-43 27
-43 27
-43 27
-43 27
-43 27
-43 27
-43 27
-43 27
-43 27
-43 27
-43 27
-43 27
-43 27
-43 27
-43 27
-43 27
-43 27
-43 27
-43 27
-43 27
-43 27
-43 27
-43 27
-43 27
-43 27
-43 27
-43 27
-43 27
-43 27
-43 27
-43 27
-43 27
-43 27
-43 27
-43 27
-43 27
-43 27
-43 27
-43 27
-43 27
-43 27
-43 27
-43 27
-43 27
-43 27
-43 27
-43 27
-43 27
-43 27
-43 27
-43 27
-43 27
-43 27
-43 27
-43 27
-43 27
-43 27
-43 27
-43 27
-43 27
-43 27
-43 27
-43 27
-43 27
-43 27
-43 27
-43 27
-43 27
-43 27
-43 27
-43 27
-43 27
-43 27
-43 27
-43 27
-43 27
-43 27
-43 27
-43 27
-43 27
-43 27
-43 27
-43 27
-43 27
-43 27
-43 27
-43 27
-43 27
-43 27
-43 27
-43 27
-43 27
-43 27
-43 27
-43 27
-43 27
-43 27
-43 27
-43 27
-43 27
-43 27
-43 27
-43 27
-43 27
-43 27
-43 27
-43 27
-32 26
-32 26
-32 26
-32 26
-32 26
-32 26
-32 26
-32 26
-32 26
-32 26
-32 26
-32 26
-32 26
-32 26
-32 26
-32 26
-32 26
-32 26
-32 26
-32 26
-32 26
-32 26
-32 26
-32 26
-32 26
-32 26
-32 26
-32 26
-32 26
-32 26
-32 26
-32 26
-32 26
-32 26
-32 26
-32 26
-32 26
-32 26
-32 26
-32 26
-32 26
-32 26
-32 26
-38 23
-38 23
-41 29
-41 29
-41 29
-41 29
-41 29
-41 29
-41 29
-41 29
-41 29
-41 29
-41 29
-41 29
-41 29
-41 29
-41 29
-41 29
-41 29
-41 29
-41 29
-41 29
-41 26
-41 26
-41 26
-41 26
-41 26
-41 26
-41 26
-41 26
-41 26
-41 26
-41 26
-41 26
-41 26
-41 26
-41 26
-41 26
-41 26
-41 26
-41 26
-41 26
-41 26
-41 26
-41 26
-41 26
-41 26
-41 26
-41 26
-41 26
-41 26
-41 26
-41 26
-41 26
-41 26
-41 26
-41 26
-41 26
-41 26
-41 26
-41 26
-41 26
-41 26
-41 26
-41 26
-41 26
-41 26
-41 26
-41 26
-41 26
-41 26
-41 26
-35 25
-35 25
-35 25
-35 25
-35 25
-35 25
-35 25
-35 25
-35 25
-35 25
-35 25
-35 25
-35 25
-35 25
-35 25
-35 25
-35 25
-35 25
-35 25
-35 25
-35 25
-40 28
-40 28
-40 28
-40 28
-40 28
-40 28
-40 28
-40 28
-40 28
-40 28
-40 28
-40 28
-40 28
-40 28
-40 28
-40 28
-40 28
-40 28
-40 28
-40 28
-40 28
-40 28
-40 28
-40 28
-40 28
-40 28
-40 28
-40 28
-40 28
-40 28
-40 28
-40 28
-40 28
-40 28
-40 28
-40 28
-40 28
-40 28
-40 28
-35 20
-35 20
-35 20
-35 20
-35 20
-35 20
-35 20
-35 20
-35 20
-35 20
-35 20
-35 20
-35 20
-35 20
-35 20
-35 20
-35 20
-35 20
-35 20
-35 20
-35 20
-35 20
-35 20
-35 20
-35 20
-35 20
-35 20
-35 20
-35 20
-35 20
-35 20
-35 20
-35 20
-35 20
-35 20
-35 20
-35 20
-35 20
-35 20
-35 20
-35 20
-35 20
-35 20
-35 20
-43 22
-39 17
-39 17
-39 17
-39 17
-39 17
-39 17
-39 17
-39 17
-39 17
-39 17
-39 17
-39 17
-39 17
-39 17
-39 17
-39 17
-39 17
-39 17
-39 17
-39 17
-39 17
-39 17
-39 17
-39 17
-39 17
-39 17
-39 17
-39 17
-39 17
-39 17
-39 17
-39 17
-39 17
-39 17
-39 17
-39 17
-39 17
-39 17
-39 17
-39 17
-39 17
-39 17
-39 17
-39 17
-39 17
-39 17
-39 17
-39 17
-39 17
-39 17
-39 17
-39 17
-39 17
-39 17
-39 17
-39 17
-39 17
-39 17
-39 17
-39 17
-39 17
-43 16
-43 16
-43 16
-43 16
-43 16
-43 16
-43 16
-43 16
-43 16
-43 16
-43 16
-43 16
-43 16
-43 16
-43 16
-43 16
-43 16
-43 16
-43 16
-43 16
-43 16
-43 16
-43 16
-43 16
-43 16
-43 16
-43 16
-43 16
-43 16
-43 16
-43 16
-43 16
-43 16
-43 16
-43 16
-43 16
-43 16
-43 16
-43 16
-43 16
-43 16
-43 16
-43 23
-43 23
-43 23
-43 23
-43 23
-43 23
-43 23
-43 23
-43 23
-43 23
-43 23
-43 23
-43 23
-43 23
-43 23
-43 23
-43 23
-43 23
-43 23
-43 23
-43 23
-43 23
-43 23
-43 23
-43 23
-43 23
-43 23
-43 23
-43 23
-43 23
-43 23
-43 23
-43 23
-43 23
-43 23
-43 23
-43 23
-43 23
-43 23
-43 23
-43 23
-43 23
-40 15
-40 22
-40 22
-40 22
-40 22
-40 22
-40 22
-40 22
-40 22
-40 22
-40 22
-40 22
-40 22
-40 22
-40 22
-41 11
-41 11
-41 11
-41 11
-41 11
-41 11
-41 11
-41 11
-41 11
-41 11
-41 11
-41 11
-41 11
-41 11
-41 11
-41 11
-41 11
-41 11
-41 11
-41 11
-41 11
-41 11
-41 11
-41 11
-41 11
-41 11
-41 11
-41 11
-41 11
-41 11
-41 11
-41 11
-41 11
-41 11
-41 11
-41 11
-41 11
-41 11
-41 11
-41 11
-41 11
-41 11
-41 11
-41 11
-41 11
-41 11
-41 11
-41 11
-41 11
-41 11
-41 11
-41 11
-41 11
-41 11
-41 11
-41 11
-41 11
-41 11
-41 11
-41 11
-41 11
-41 11
-41 11
-41 11
-41 11
-41 11
-41 11
-41 11
-41 11
-41 11
-36 10
-40 13
-40 13
-40 13
-40 13
-40 13
-40 13
-40 13
-40 13
-40 13
-40 13
-40 13
-40 13
-40 13
-40 13
-40 13
-40 13
-40 13
-40 13
-40 13
-40 13
-40 13
-40 13
-40 13
-40 13
-40 13
-40 13
-40 13
-40 13
-40 13
-40 13
-40 13
-40 13
-40 13
-40 13
-40 13
-40 13
-40 13
-40 13
-40 13
-40 13
-40 13
-40 13
-40 13
-40 13
-40 13
-40 13
-40 13
-40 13
-40 13
-40 13
-40 13
-40 13
-40 13
-40 13
-40 13
-40 13
-40 13
-40 13
-40 13
-40 13
-40 13
-40 13
-40 13
-40 13
-40 13
-40 13
-40 13
-40 13
-40 13
-40 13
-40 13
-40 13
-40 13
-40 13
-40 13
-40 13
-40 13
-40 13
-40 13
-40 13
-40 13
-40 13
-40 13
-40 13
-40 13
-40 13
-40 13
-40 13
-40 13
-40 13
-40 13
-40 13
-40 13
-40 13
-40 13
-40 13
-40 13
-40 13
-40 13
-40 13
-40 13
-40 13
-40 13
-40 13
-40 13
-40 13
-40 13
-40 13
-40 13
-40 13
-40 13
-40 13
-40 13
-48 12
-45 8
-45 7
-45 7
-45 7
-45 7
-45 7
-45 7
-45 7
-45 7
-45 7
-45 7
-45 7
-45 7
-45 7
-45 7
-45 7
-45 7
-45 7
-45 7
-45 7
-41 6
-41 6
-41 6
-41 6
-41 6
-41 6
-41 6
-41 6
-41 6
-41 6
-41 6
-41 6
-41 6
-41 6
-41 6
-41 6
-41 6
-41 6
-41 6
-41 6
-41 6
-41 6
-41 6
-41 6
-41 6
-41 6
-41 6
-41 6
-41 6
-46 5
-46 5
-46 5
-46 5
-46 5
-46 5
-46 5
-46 5
-46 5
-46 5
-46 5
-46 5
-46 5
-46 5
-46 5
-46 5
-46 5
-46 5
-46 5
-46 5
-46 5
-46 5
-46 5
-46 5
-46 5
-46 5
-46 5
-46 5
-46 5
-46 5
-46 5
-46 5
-46 5
-46 5
-46 5
-46 5
-46 5
-46 5
-46 5
-46 5
-46 5
-46 5
-46 5
-46 5
-46 5
-46 5
-46 5
-46 5
-46 5
-46 5
-46 5
-46 5
-46 5
-46 5
-46 5
-46 5
-46 5
-46 5
-46 5
-46 5
-51 5
-51 5
-51 5
-51 5
-51 5
-51 5
-51 5
-51 5
-51 5
-51 5
-51 5
-51 5
-51 5
-51 5
-51 5
-51 5
-51 5
-51 5
-51 5
-51 5
-51 5
-51 5
-51 5
-51 5
-51 5
-51 5
-51 5
-51 5
-51 5
-51 5
-51 5
-51 5
-51 5
-51 5
-51 5
-51 5
-51 5
-51 5
-51 5
-51 5
-51 5
-51 5
-51 5
-51 5
-51 5
-51 5
-51 5
-51 5
-51 5
-51 5
-51 5
-51 5
-51 5
-51 5
-51 5
-51 5
-51 5
-51 5
-51 5
-51 5
-51 5
-41 3
-41 3
-48 6
-48 6
-48 6
-48 6
-48 6
-48 6
-48 6
-48 6
-48 6
-48 6
-48 6
-48 6
-48 6
-48 6
-48 6
-48 6
-48 6
-48 6
-48 6
-48 6
-48 6
-48 6
-48 6
-48 6
-48 6
-48 6
-48 6
-48 6
-48 6
-48 6
-48 6
-48 6
-48 6
-48 6
-48 6
-48 6
-48 6
-48 6
-48 6
-48 6
-48 6
-48 6
-48 6
-48 6
-48 6
-48 6
-48 6
-48 6
-48 6
-48 6
-48 6
-48 6
-48 6
-48 6
-48 6
-48 6
-48 6
-48 6
-48 6
-50 0
-50 0
-50 0
-50 0
-50 0
-50 0
-50 0
-50 0
-50 0
-50 0
-50 0
-50 0
-50 0
-50 0
-50 0
-50 0
-50 0
-50 0
-50 0
-50 0
-50 0
-50 0
-50 0
-50 0
-50 0
-50 0
-49 3
-49 3
-49 3
-49 3
-49 3
-49 3
-49 3
-49 3
-49 3
-49 3
-49 3
-49 3
-49 3
-49 3
-49 3
-49 3
-49 3
-49 3
-49 3
-49 3
-49 3
-49 3
-49 3
-49 3
-49 3
-49 3
-49 3
-49 3
-49 3
-49 3
-49 3
-49 3
-49 3
-49 3
-49 3
-49 3
-49 3
-49 3
-49 3
-49 3
-49 3
-49 3
-49 3
-49 3
-49 3
-49 3
-49 3
-49 3
-49 3
-49 3
-49 3
-49 3
-49 3
-49 3
-49 3
-49 3
-49 3
-49 3
-49 3
-49 3
-49 3
-49 3
-49 3
-49 3
-49 3
-49 3
-49 3
-49 3
-49 3
-49 3
-49 3
-49 3
-49 3
-49 3
-49 3
-49 3
-49 3
-49 3
-52 0
-52 0
-52 0
-52 0
-52 0
-52 0
-52 0
-52 0
-52 0
-52 0
-52 0
-52 0
-52 0
-52 0
-52 0
-52 0
-52 0
-52 0
-52 0
-52 0
-52 0
-52 0
-52 0
-52 0
-52 0
-52 0
-52 0
-52 0
-52 0
-52 0
-52 0
-52 0
-52 0
-52 0
-52 0
-52 0
-52 0
-52 0
-52 0
-52 0
-52 0
-52 0
-52 0
-52 0
-52 0
-52 0
-55 5
-55 5
-55 5
-55 5
-55 5
-55 5
-55 5
-55 5
-55 5
-55 5
-55 5
-55 5
-55 5
-55 5
-55 5
-55 5
-55 5
-56 -1
-56 -1
-56 -1
-56 -1
-56 -1
-56 -1
-56 -1
-56 -1
-56 -1
-56 -1
-56 -1
-56 -1
-56 -1
-56 -1
-56 -1
-56 -1
-56 -1
-56 -1
-56 -1
-56 -1
-56 -1
-56 -1
-56 -1
-56 -1
-62 2
-62 2
-62 2
-62 2
-62 2
-62 2
-62 2
-62 2
-62 2
-62 2
-62 2
-62 2
-62 2
-62 2
-62 2
-62 2
-62 2
-62 2
-62 2
-62 2
-62 2
-62 2
-62 2
-62 2
-62 2
-62 2
-62 2
-62 2
-62 2
-62 2
-62 2
-62 2
-62 2
-62 2
-62 2
-62 2
-62 2
-62 2
-62 2
-62 2
-62 2
-62 2
-62 2
-62 2
-62 2
-62 2
-62 2
-62 2
-62 2
-62 2
-62 2
-62 2
-62 2
-62 2
-62 2
-62 2
-62 2
-62 2
-62 2
-62 2
-62 2
-62 2
-62 2
-62 2
-62 2
-62 2
-62 2
-62 2
-62 2
-62 2
-62 2
-62 2
-62 2
-62 2
-62 2
-62 2
-62 2
-62 2
-62 2
-62 2
-55 3
-63 1
-63 1
-63 1
-63 1
-63 1
-63 1
-63 1
-63 1
-63 1
-63 1
-63 1
-63 1
-63 1
-63 1
-63 1
-63 1
-63 1
-63 1
-63 1
-63 1
-63 1
-63 1
-63 1
-63 1
-63 1
-63 1
-63 1
-63 1
-63 1
-63 1
-63 1
-63 1
-63 1
-63 1
-63 1
-63 1
-63 1
-63 1
-63 1
-63 1
-63 1
-63 1
-63 1
-63 1
-63 1
-63 1
-63 1
-63 1
-63 1
-63 1
-63 1
-63 1
-63 1
-63 1
-63 1
-63 1
-63 1
-63 1
-63 1
-63 1
-60 -1
-60 -1
-60 -1
-60 -1
-60 -1
-60 -1
-60 -1
-60 -1
-60 -1
-60 -1
-60 -1
-60 -1
-60 -1
-60 -1
-60 -1
-60 -1
-60 -1
-60 -1
-60 -1
-60 -1
-60 -1
-60 -1
-60 -1
-60 -1
-60 -1
-60 -1
-60 -1
-60 -1
-60 -1
-60 -1
-60 -1
-60 -1
-60 -1
-60 -1
-60 -1
-60 -1
-60 -1
-60 -1
-60 -1
-60 -1
-60 -1
-60 -1
-60 -1
-60 -1
-60 -1
-60 -1
-60 -1
-60 -1
-60 -1
-60 -1
-60 -1
-60 -1
-60 -1
-60 -1
-60 -1
-60 -1
-60 -1
-60 -1
-60 -1
-60 -1
-60 -1
-60 -1
-60 -1
-60 -1
-60 -1
-60 -1
-60 -1
-61 0
-60 -4
-60 -4
-60 -4
-60 -4
-60 -4
-60 -4
-60 -4
-60 -4
-60 -4
-60 -4
-60 -4
-60 -4
-60 -4
-60 -4
-60 -4
-60 -4
-60 -4
-60 -4
-60 -4
-60 -4
-60 -4
-60 -4
-60 -4
-60 -4
-60 -4
-60 -4
-60 -4
-60 -4
-60 -4
-59 -7
-59 -7
-59 -7
-59 -7
-59 -7
-59 -7
-59 -7
-59 -7
-59 -7
-59 -7
-59 -7
-59 -7
-59 -7
-59 -7
-59 -7
-59 -7
-59 -7
-59 -7
-59 -7
-59 -7
-59 -7
-59 -7
-59 -7
-59 -7
-59 -7
-59 -7
-59 -7
-59 -7
-59 -7
-59 -7
-59 -7
-59 -7
-59 -7
-59 -7
-59 -7
-59 -7
-59 -7
-59 -7
-59 -7
-59 -7
-59 -7
-59 -7
-59 -7
-59 -7
-59 -7
-59 -7
-59 -7
-59 -7
-59 -7
-59 -7
-59 -7
-59 -7
-59 -7
-59 -7
-59 -7
-59 -7
-59 -7
-59 -7
-59 -7
-59 -7
-59 -7
-59 -7
-59 -7
-59 -7
-59 -7
-59 -7
-59 -7
-59 -7
-59 -7
-59 -7
-59 -7
-59 -7
-59 -7
-59 -7
-59 -7
-59 -7
-59 -7
-59 -7
-59 -7
-59 -7
-59 -7
-59 -7
-59 -7
-59 -7
-59 -7
-59 -7
-59 -7
-59 -7
-59 -7
-59 -7
-59 -7
-59 -7
-59 -7
-59 -7
-59 -7
-59 -7
-59 -7
-59 -7
-59 -7
-59 -7
-59 -7
-59 -7
-59 -7
-59 -7
-59 -7
-59 -7
-59 -7
-59 -7
-59 -7
-59 -7
-59 -7
-57 -4
-62 -12
-62 -12
-62 -12
-62 -12
-62 -12
-62 -12
-62 -12
-62 -12
-62 -12
-62 -12
-62 -12
-62 -12
-62 -12
-62 -12
-62 -12
-62 -12
-62 -12
-62 -12
-62 -12
-62 -12
-62 -12
-62 -12
-62 -12
-62 -12
-62 -12
-62 -12
-62 -12
-62 -12
-62 -12
-62 -12
-62 -12
-62 -12
-62 -12
-62 -12
-62 -12
-62 -12
-62 -12
-62 -12
-62 -12
-62 -12
-62 -12
-62 -12
-62 -12
-62 -12
-62 -12
-62 -12
-62 -12
-62 -12
-62 -12
-62 -12
-62 -12
-62 -12
-62 -12
-62 -12
-62 -12
-62 -12
-62 -12
-62 -12
-62 -12
-62 -12
-62 -12
-62 -12
-62 -12
-62 -12
-62 -12
-62 -12
-62 -12
-62 -12
-62 -12
-62 -12
-62 -12
-62 -12
-62 -12
-62 -12
-56 -12
-56 -12
-56 -12
-56 -12
-56 -12
-56 -12
-56 -12
-56 -12
-56 -12
-56 -12
-56 -12
-56 -12
-56 -12
-56 -12
-56 -12
-56 -12
-56 -12
-56 -12
-56 -12
-56 -12
-56 -12
-56 -12
-56 -12
-56 -12
-56 -12
-56 -12
-56 -12
-56 -12
-56 -12
-56 -12
-56 -12
-56 -12
-56 -12
-56 -12
-56 -12
-56 -12
-56 -12
-56 -12
-56 -12
-56 -12
-56 -12
-56 -12
-56 -12
-56 -12
-56 -12
-56 -12
-56 -12
-56 -12
-56 -12
-56 -12
-56 -12
-56 -12
-56 -12
-56 -12
-56 -12
-56 -12
-56 -12
-56 -12
-56 -12
-56 -12
-52 -11
-49 -9
-49 -9
-49 -9
-49 -9
-49 -9
-49 -9
-49 -9
-49 -9
-49 -9
-49 -9
-49 -9
-49 -9
-49 -9
-49 -9
-49 -9
-49 -9
-49 -9
-49 -9
-49 -9
-49 -9
-49 -9
-49 -9
-49 -9
-49 -9
-49 -9
-49 -9
-49 -9
-49 -9
-49 -9
-49 -9
-49 -9
-49 -9
-49 -9
-49 -9
-49 -9
-49 -9
-49 -9
-49 -9
-49 -9
-49 -9
-49 -9
-49 -9
-49 -9
-49 -9
-49 -9
-49 -9
-49 -9
-49 -9
-49 -9
-49 -9
-49 -9
-49 -9
-49 -9
-49 -9
-49 -9
-49 -9
-49 -9
-49 -9
-49 -9
-49 -9
-49 -9
-49 -9
-49 -9
-49 -9
-49 -9
-49 -9
-49 -9
-49 -9
-49 -9
-49 -9
-49 -9
-49 -9
-49 -18
-47 -24
-47 -24
-47 -24
-47 -24
-47 -24
-47 -24
-47 -24
-47 -24
-47 -24
-47 -24
-47 -24
-47 -24
-47 -24
-47 -24
-47 -24
-47 -24
-47 -24
-47 -24
-47 -24
-47 -24
-47 -24
-47 -24
-47 -24
-47 -24
-47 -24
-47 -24
-47 -24
-47 -24
-47 -24
-47 -24
-47 -24
-47 -24
-47 -24
-47 -24
-47 -24
-47 -24
-47 -24
-47 -24
-47 -24
-47 -24
-47 -24
-47 -24
-47 -24
-47 -24
-47 -24
-47 -24
-47 -24
-47 -24
-42 -20
-42 -20
-42 -20
-42 -20
-42 -20
-42 -20
-42 -20
-42 -20
-42 -20
-42 -20
-42 -20
-42 -20
-42 -20
-42 -20
-42 -20
-42 -20
-42 -20
-42 -20
-42 -20
-42 -20
-42 -20
-42 -20
-42 -20
-42 -20
-42 -20
-42 -20
-42 -20
-42 -20
-42 -20
-42 -20
-48 -21
-48 -21
-48 -21
-48 -21
-48 -21
-48 -21
-48 -21
-48 -21
-48 -21
-48 -21
-48 -21
-48 -21
-48 -21
-48 -21
-48 -21
-48 -21
-48 -21
-48 -21
-48 -21
-48 -21
-48 -21
-48 -21
-48 -21
-48 -21
-48 -21
-48 -21
-48 -21
-48 -21
-48 -21
-48 -21
-48 -21
-48 -21
-48 -21
-48 -21
-48 -21
-48 -21
-48 -21
-48 -21
-48 -21
-48 -21
-48 -21
-48 -21
-48 -21
-48 -21
-48 -21
-48 -21
-48 -21
-48 -21
-48 -21
-48 -21
-48 -21
-49 -26
-49 -26
-49 -26
-49 -26
-49 -26
-49 -26
-49 -26
-49 -26
-49 -26
-49 -26
-49 -26
-49 -26
-49 -26
-49 -26
-49 -26
-49 -26
-49 -26
-49 -26
-49 -26
-49 -26
-49 -26
-49 -26
-49 -26
-49 -26
-52 -25
-52 -25
-52 -25
-52 -25
-52 -25
-52 -25
-52 -25
-52 -25
-52 -25
-52 -25
-52 -25
-52 -25
-52 -25
-52 -25
-52 -25
-52 -25
-52 -25
-52 -25
-52 -25
-52 -25
-52 -25
-52 -25
-52 -25
-52 -25
-52 -25
-57 -36
-57 -36
-57 -36
-57 -36
-57 -36
-57 -36
-57 -36
-57 -36
-57 -36
-57 -36
-57 -36
-57 -36
-57 -36
-57 -36
-57 -36
-57 -36
-57 -36
-57 -36
-57 -36
-57 -36
-57 -36
-57 -36
-57 -36
-57 -36
-57 -36
-57 -36
-57 -36
-53 -38
-53 -38
-53 -38
-53 -38
-53 -38
-53 -38
-53 -38
-53 -38
-53 -38
-53 -38
-53 -38
-53 -38
-53 -38
-53 -38
-53 -38
-53 -38
-53 -38
-53 -38
-53 -38
-53 -38
-53 -38
-53 -38
-53 -38
-53 -38
-53 -38
-53 -38
-53 -38
-53 -38
-53 -38
-53 -38
-53 -38
-53 -38
-53 -38
-53 -38
-53 -38
-53 -38
-53 -38
-53 -38
-53 -38
-53 -38
-53 -38
-53 -38
-53 -38
-53 -38
-53 -38
-53 -38
-53 -38
-53 -38
-53 -38
-53 -38
-53 -38
-53 -38
-53 -38
-53 -38
-53 -38
-53 -38
-53 -38
-53 -38
-53 -38
-53 -38
-53 -38
-53 -38
-53 -38
-53 -38
-53 -38
-53 -38
-52 -34
-52 -34
-52 -34
-52 -34
-52 -34
-52 -34
-52 -34
-52 -34
-52 -34
-52 -34
-52 -34
-52 -34
-52 -34
-52 -34
-52 -34
-52 -34
-52 -34
-52 -34
-52 -34
-52 -34
-52 -34
-52 -34
-52 -34
-52 -34
-52 -34
-52 -34
-52 -34
-52 -34
-52 -34
-52 -34
-52 -34
-52 -34
-52 -34
-52 -34
-52 -34
-52 -34
-52 -34
-52 -34
-52 -34
-52 -34
-52 -34
-52 -34
-52 -34
-52 -34
-52 -34
-52 -34
-52 -34
-52 -34
-52 -34
-52 -34
-52 -34
-52 -34
-52 -34
-52 -34
-52 -34
-52 -34
-52 -34
-52 -34
-52 -34
-52 -34
-52 -34
-52 -34
-52 -34
-52 -34
-52 -34
-52 -34
-52 -34
-52 -34
-52 -34
-48 -35
-48 -35
-48 -35
-48 -35
-48 -35
-48 -35
-48 -35
-48 -35
-48 -35
-48 -35
-48 -35
-48 -35
-48 -35
-48 -35
-48 -35
-48 -35
-48 -35
-48 -35
-48 -35
-48 -35
-48 -35
-48 -35
-48 -35
-48 -35
-48 -35
-48 -35
-48 -35
-48 -35
-48 -35
-48 -35
-48 -35
-48 -35
-48 -35
-48 -35
-48 -35
-54 -39
-54 -39
-54 -39
-54 -39
-54 -39
-54 -39
-54 -39
-54 -39
-54 -39
-54 -39
-54 -39
-54 -39
-54 -39
-54 -39
-54 -39
-54 -39
-54 -39
-54 -39
-54 -39
-54 -39
-54 -39
-54 -39
-54 -39
-54 -39
-54 -39
-54 -39
-54 -39
-54 -39
-54 -39
-48 -39
-48 -39
-48 -39
-48 -39
-48 -39
-48 -39
-48 -39
-48 -39
-48 -39
-48 -39
-48 -39
-48 -39
-48 -39
-48 -39
-48 -39
-48 -39
-48 -39
-48 -39
-48 -39
-51 -45
-51 -45
-51 -45
-51 -45
-51 -45
-51 -45
-51 -45
-51 -45
-51 -45
-51 -45
-51 -45
-51 -45
-51 -45
-51 -45
-51 -45
-51 -45
-51 -45
-51 -45
-51 -45
-51 -45
-51 -45
-51 -45
-51 -45
-51 -45
-51 -45
-51 -45
-51 -45
-51 -45
-51 -45
-51 -45
-51 -45
-51 -45
-51 -45
-51 -45
-51 -45
-51 -45
-51 -45
-51 -45
-51 -45
-51 -45
-51 -45
-51 -45
-51 -45
-51 -45
-51 -45
-51 -45
-51 -45
-51 -45
-51 -45
-51 -45
-51 -45
-51 -45
-51 -45
-51 -45
-51 -45
-51 -45
-51 -45
-51 -45
-51 -45
-51 -45
-51 -45
-51 -45
-51 -45
-51 -45
-51 -45
-51 -45
-51 -45
-51 -45
-38 -39
-38 -39
-38 -39
-38 -39
-38 -39
-38 -39
-38 -39
-38 -39
-38 -39
-38 -39
-38 -39
-38 -39
-38 -39
-38 -39
-38 -39
-38 -39
-38 -39
-38 -39
-38 -39
-38 -39
-38 -39
-38 -39
-38 -39
-38 -39
-38 -39
-38 -39
-38 -39
-38 -39
-38 -39
-38 -39
-38 -39
-38 -39
-38 -39
-38 -39
-39 -39
-39 -39
-39 -39
-39 -39
-39 -39
-39 -39
-39 -39
-39 -39
-39 -39
-39 -39
-39 -39
-39 -39
-39 -39
-39 -39
-39 -39
-39 -39
-39 -39
-39 -39
-39 -39
-39 -39
-39 -39
-39 -39
-39 -39
-39 -39
-39 -39
-39 -39
-39 -39
-39 -39
-39 -39
-39 -39
-39 -39
-39 -39
-39 -39
-39 -39
-39 -39
-39 -39
-39 -39
-39 -39
-39 -39
-39 -39
-39 -39
-39 -39
-39 -39
-39 -39
-39 -39
-39 -39
-39 -39
-39 -39
-39 -39
-39 -39
-39 -39
-39 -39
-39 -39
-39 -39
-39 -39
-39 -39
-39 -39
-39 -39
-39 -39
-39 -39
-39 -39
-39 -39
-39 -39
-39 -39
-39 -39
-39 -39
-39 -39
-39 -39
-39 -39
-39 -39
-37 -45
-37 -45
-37 -45
-37 -45
-37 -45
-37 -45
-37 -45
-37 -45
-37 -45
-37 -45
-37 -45
-37 -45
-37 -45
-37 -45
-37 -45
-37 -45
-37 -45
-37 -45
-37 -45
-37 -45
-37 -45
-37 -45
-37 -45
-37 -45
-37 -45
-37 -45
-37 -45
-37 -45
-37 -45
-37 -45
-37 -45
-37 -45
-37 -45
-37 -45
-37 -45
-37 -45
-37 -45
-37 -45
-37 -45
-37 -45
-37 -45
-37 -45
-37 -45
-37 -45
-37 -45
-37 -45
-37 -45
-37 -45
-37 -45
-37 -45
-37 -45
-37 -45
-37 -45
-37 -45
-37 -45
-37 -45
-37 -45
-37 -45
-37 -45
-37 -45
-37 -45
-37 -45
-37 -45
-37 -45
-37 -45
-37 -45
-37 -45
-37 -45
-37 -45
-32 -49
-21 -41
-21 -41
-21 -41
-21 -41
-21 -41
-21 -41
-21 -41
-21 -41
-21 -41
-21 -41
-21 -41
-21 -41
-21 -41
-21 -41
-21 -41
-21 -41
-21 -41
-21 -41
-21 -41
-21 -41
-21 -41
-21 -41
-21 -41
-21 -41
-21 -41
-21 -41
-21 -41
-21 -41
-21 -41
-21 -41
-21 -41
-21 -41
-21 -41
-21 -41
-21 -41
-21 -41
-21 -41
-21 -41
-21 -41
-21 -41
-21 -41
-21 -41
-21 -41
-21 -41
-21 -41
-21 -41
-21 -41
-21 -41
-21 -41
-21 -41
-21 -41
-21 -41
-21 -41
-21 -41
-21 -41
-21 -41
-21 -41
-21 -41
-21 -41
-21 -41
-21 -41
-21 -41
-21 -41
-21 -41
-21 -41
-21 -41
-21 -41
-21 -41
-21 -41
-21 -41
-21 -41
-21 -41
-21 -41
-21 -41
-21 -41
-21 -41
-21 -41
-21 -41
-21 -41
-21 -41
-21 -41
-21 -41
-21 -41
-21 -41
-21 -41
-21 -41
-21 -41
-21 -41
-21 -41
-21 -41
-21 -41
-21 -41
-21 -41
-21 -41
-21 -41
-21 -41
-21 -41
-21 -41
-21 -41
-21 -41
-26 -51
-23 -48
-23 -48
-23 -48
-23 -48
-23 -48
-23 -48
-23 -48
-23 -48
-23 -48
-23 -48
-23 -48
-23 -48
-23 -48
-23 -48
-23 -48
-23 -48
-23 -48
-23 -48
-23 -48
-23 -48
-23 -48
-23 -48
-23 -48
-23 -48
-23 -48
-23 -48
-23 -48
-23 -48
-23 -48
-23 -48
-23 -48
-23 -48
-23 -48
-23 -48
-23 -48
-23 -48
-23 -48
-23 -48
-23 -48
-23 -48
-23 -48
-23 -48
-23 -48
-23 -48
-23 -48
-23 -48
-23 -48
-23 -48
-23 -48
-23 -48
-23 -48
-23 -48
-23 -48
-23 -48
-23 -48
-23 -48
-23 -48
-23 -48
-23 -48
-23 -48
-23 -48
-23 -48
-23 -48
-23 -48
-23 -48
-24 -45
-24 -45
-24 -45
-24 -45
-24 -45
-24 -45
-24 -45
-24 -45
-24 -45
-24 -45
-24 -45
-24 -45
-24 -45
-24 -45
-24 -45
-24 -45
-24 -45
-24 -45
-24 -45
-24 -45
-24 -45
-24 -45
-24 -45
-24 -45
-24 -45
-24 -45
-24 -45
-24 -45
-24 -45
-24 -45
-24 -45
-24 -45
-19 -41
-19 -41
-19 -41
-19 -41
-19 -41
-19 -41
-19 -41
-19 -41
-19 -41
-19 -41
-19 -41
-19 -41
-19 -41
-19 -41
-19 -41
-19 -41
-19 -41
-19 -41
-19 -41
-19 -41
-19 -41
-19 -41
-19 -41
-19 -41
-19 -41
-19 -41
-19 -41
-19 -41
-19 -41
-19 -41
-19 -41
-19 -41
-16 -40
-16 -40
-16 -40
-16 -40
-16 -40
-16 -40
-16 -40
-16 -40
-16 -40
-16 -40
-16 -40
-16 -40
-16 -40
-16 -40
-16 -40
-16 -40
-16 -40
-16 -40
-16 -40
-16 -40
-16 -40
-16 -40
-16 -40
-16 -40
-16 -40
-16 -40
-16 -40
-16 -40
-16 -40
-16 -40
-16 -40
-16 -40
-16 -40
-16 -40
-16 -40
-16 -40
-16 -40
-16 -40
-16 -40
-16 -40
-16 -40
-16 -40
-16 -40
-16 -40
-16 -40
-16 -40
-16 -40
-16 -40
-16 -40
-16 -40
-16 -40
-16 -40
-16 -40
-16 -40
-16 -40
-16 -40
-16 -40
-16 -40
-16 -40
-11 -35
-11 -35
-11 -35
-11 -35
-11 -35
-11 -35
-11 -35
-11 -35
-11 -35
-11 -35
-11 -35
-11 -35
-11 -35
-11 -35
-11 -35
-11 -35
-11 -35
-11 -35
-11 -35
-11 -35
-11 -35
-11 -35
-11 -35
-11 -35
-11 -35
-11 -35
-11 -35
-11 -35
-11 -35
-11 -35
-11 -35
-11 -35
-11 -35
-11 -35
-11 -35
-11 -35
-11 -35
-11 -35
-11 -35
-11 -35
-11 -35
-11 -35
-11 -35
-11 -35
-11 -35
-11 -35
-11 -35
-11 -35
-11 -35
-11 -35
-11 -35
-11 -35
-11 -35
-11 -35
-14 -46
-14 -46
-14 -46
-14 -46
-14 -46
-14 -46
-14 -46
-14 -46
-14 -46
-14 -46
-14 -46
-14 -46
-14 -46
-14 -46
-14 -46
-14 -46
-14 -46
-14 -46
-14 -46
-14 -46
-14 -46
-14 -46
-14 -46
-14 -46
-14 -46
-14 -46
-14 -46
-14 -46
-14 -46
-14 -46
-14 -46
-14 -46
-14 -46
-14 -46
-14 -46
-14 -46
-14 -46
-14 -46
-14 -46
-14 -46
-14 -46
-14 -46
-14 -46
-14 -46
-14 -46
-14 -46
-14 -46
-14 -46
-14 -46
-14 -46
-11 -48
-11 -48
-11 -48
-11 -48
-11 -48
-11 -48
-11 -48
-11 -48
-11 -48
-11 -48
-11 -48
-11 -48
-11 -48
-11 -48
-11 -48
-11 -48
-11 -48
-11 -48
-11 -48
-11 -48
-11 -48
-11 -48
-11 -48
-11 -48
-11 -48
-11 -48
-11 -48
-11 -48
-11 -48
-11 -48
-11 -48
-11 -48
-11 -48
-11 -48
-11 -48
-11 -48
-11 -48
-11 -48
-11 -48
-11 -48
-11 -48
-11 -48
-11 -48
-11 -48
-11 -48
-11 -48
-11 -48
-11 -48
-11 -48
-12 -39
-12 -39
-12 -39
-12 -39
-12 -39
-12 -39
-12 -39
-12 -39
-12 -39
-12 -39
-12 -39
-12 -39
-12 -39
-12 -39
-12 -39
-12 -39
-12 -39
-12 -39
-12 -39
-12 -39
-12 -39
-12 -39
-12 -39
-12 -39
-12 -39
-12 -39
-12 -39
-12 -39
-12 -39
-12 -39
-12 -39
-12 -39
-12 -39
-12 -39
-12 -39
-12 -39
-12 -39
-12 -39
-12 -39
-12 -39
-12 -39
-12 -39
-12 -39
-12 -39
-12 -39
-12 -39
-12 -39
-12 -39
-12 -39
-12 -39
-12 -39
-4 -39
-4 -39
-4 -39
-4 -39
-4 -39
-4 -39
-4 -39
-4 -39
-4 -39
-4 -39
-4 -39
-4 -39
-4 -39
-4 -39
-4 -39
-4 -39
-4 -39
-4 -39
-4 -39
-4 -39
-4 -39
-4 -39
-1 -39
-3 -40
-3 -40
-3 -40
-3 -40
-3 -40
-3 -40
-3 -40
-3 -40
-3 -40
-3 -40
-3 -40
-3 -40
-3 -40
-3 -40
-3 -40
-3 -40
-3 -40
-3 -40
-3 -40
-3 -40
-3 -40
-3 -40
-3 -40
-3 -40
-3 -40
-3 -40
-3 -40
-3 -40
-3 -40
-3 -40
-3 -40
-3 -40
-3 -40
-3 -40
-3 -40
-3 -40
-3 -40
-3 -40
-3 -40
-3 -40
-3 -40
-3 -40
-3 -40
-3 -40
-3 -40
-3 -40
-3 -40
-3 -40
-3 -40
-3 -40
-1 -38
-1 -38
-1 -38
-1 -38
-1 -38
-1 -38
-1 -38
-1 -38
-1 -38
-1 -38
-1 -38
-1 -38
-1 -38
-1 -38
-1 -38
-1 -38
-1 -38
-1 -38
-1 -38
-1 -38
-1 -38
-1 -38
-1 -38
-1 -38
-1 -38
-1 -38
-1 -38
-1 -38
-1 -38
-1 -38
-1 -38
-1 -38
-1 -38
-1 -38
-1 -38
-1 -38
-1 -38
-1 -38
-1 -38
-1 -38
-1 -38
-1 -38
-1 -38
-1 -38
-1 -38
-1 -38
-1 -38
-1 -38
-1 -38
-1 -38
-1 -38
-1 -38
-1 -29
-1 -29
-1 -29
-1 -29
-1 -29
-1 -29
-1 -29
-1 -29
-1 -29
-1 -29
-1 -29
-1 -29
-1 -29
-1 -29
-1 -29
-1 -29
-1 -29
-1 -29
-1 -29
-1 -29
-1 -29
-1 -29
-1 -29
-1 -29
-1 -29
-2 -37
-2 -37
-2 -37
-2 -37
-2 -37
-2 -37
-2 -37
-2 -37
-2 -37
-2 -37
-2 -37
-2 -37
-2 -37
-2 -37
-2 -37
-2 -37
-2 -37
-2 -37
-2 -37
-2 -37
-2 -37
-2 -37
-2 -37
-2 -37
-2 -37
-2 -37
-1 -35
-1 -35
-1 -35
-1 -35
-1 -35
-1 -35
-1 -35
-1 -35
-1 -35
-1 -35
-1 -35
-1 -35
-1 -35
-1 -35
-1 -35
-1 -35
-1 -35
-1 -35
-1 -35
-1 -35
-1 -35
-1 -33
-1 -33
-1 -33
-1 -33
-1 -33
-1 -33
-1 -33
-1 -33
-1 -33
-1 -33
-1 -33
-1 -33
-1 -33
-1 -33
-1 -33
-1 -33
-1 -33
-1 -33
-1 -33
-1 -33
-1 -33
-1 -33
-1 -33
-1 -33
-1 -33
-1 -33
-1 -33
-1 -33
-1 -33
-1 -33
-1 -33
-1 -33
-1 -33
-1 -33
-1 -33
-1 -33
-1 -33
-1 -33
-1 -33
3 -32
3 -32
3 -32
3 -32
3 -32
3 -32
3 -32
3 -32
3 -32
3 -32
3 -32
3 -32
3 -32
3 -32
3 -32
3 -32
3 -32
3 -32
3 -32
3 -32
3 -32
3 -32
3 -32
3 -32
3 -32
3 -32
3 -32
3 -32
3 -32
3 -32
3 -32
3 -32
3 -32
3 -32
3 -32
3 -32
3 -32
3 -32
2 -36
6 -32
6 -32
6 -32
6 -32
6 -32
6 -32
6 -32
6 -32
6 -32
6 -32
6 -32
6 -32
6 -32
6 -32
6 -32
6 -32
6 -32
6 -32
6 -32
6 -32
6 -32
6 -32
6 -32
5 -32
5 -32
5 -32
5 -32
5 -32
5 -32
5 -32
5 -32
5 -32
5 -32
5 -32
5 -32
5 -32
5 -32
5 -32
5 -32
5 -32
5 -32
2 -32
2 -32
2 -32
2 -32
2 -32
2 -32
2 -32
2 -32
2 -32
2 -32
2 -32
2 -32
2 -32
2 -32
2 -32
2 -32
2 -32
2 -32
2 -32
2 -32
2 -32
2 -32
2 -32
2 -32
2 -32
2 -32
2 -32
2 -32
2 -32
2 -32
2 -32
2 -32
2 -32
2 -32
2 -32
2 -32
2 -32
2 -32
2 -32
2 -32
2 -32
2 -32
2 -32
2 -32
2 -32
2 -32
2 -32
2 -32
2 -32
2 -32
2 -32
2 -32
2 -32
2 -32
2 -32
2 -32
2 -32
2 -32
2 -32
2 -32
2 -32
2 -32
2 -32
2 -32
2 -32
3 -30
10 -36
10 -36
10 -36
10 -36
10 -36
10 -36
10 -36
10 -36
10 -36
10 -36
10 -36
10 -36
10 -36
10 -36
10 -36
10 -36
10 -36
10 -36
10 -36
10 -36
10 -36
10 -36
10 -36
10 -36
10 -36
10 -36
10 -36
10 -36
10 -36
10 -36
10 -36
10 -36
10 -36
10 -36
10 -36
10 -36
10 -36
10 -36
10 -36
12 -38
12 -38
12 -38
12 -38
12 -38
12 -38
12 -38
12 -38
11 -42
11 -42
11 -42
11 -42
11 -42
11 -42
11 -42
11 -42
11 -42
11 -42
11 -42
11 -42
11 -42
11 -42
11 -42
11 -42
11 -42
11 -42
11 -42
11 -42
16 -38
16 -38
16 -38
16 -38
16 -38
16 -38
16 -38
16 -38
16 -38
16 -38
16 -38
16 -38
16 -38
16 -38
16 -38
16 -38
16 -38
16 -38
16 -38
16 -38
16 -38
16 -38
16 -38
16 -38
16 -38
16 -38
16 -38
16 -38
16 -38
16 -38
16 -38
16 -38
16 -38
16 -38
16 -38
16 -38
16 -38
16 -38
16 -38
16 -38
16 -38
16 -38
16 -38
16 -38
16 -38
16 -38
17 -36
17 -36
17 -36
17 -36
17 -36
17 -36
17 -36
17 -36
17 -36
17 -36
17 -36
17 -36
17 -36
17 -36
17 -36
17 -36
17 -36
17 -36
17 -36
17 -36
17 -36
17 -36
17 -36
17 -36
17 -36
17 -36
17 -36
17 -36
17 -36
17 -36
17 -36
17 -36
17 -36
17 -36
17 -36
17 -36
17 -36
17 -36
17 -36
17 -36
17 -36
17 -36
17 -36
17 -36
17 -36
17 -36
16 -35
20 -41
20 -41
20 -41
20 -41
20 -41
20 -41
20 -41
20 -41
20 -41
20 -41
20 -41
20 -41
20 -41
20 -41
20 -41
20 -41
20 -41
20 -41
20 -41
20 -41
20 -41
20 -41
20 -41
20 -41
20 -41
20 -41
20 -41
20 -41
20 -41
20 -41
20 -41
20 -41
20 -41
20 -41
20 -41
20 -41
20 -41
20 -41
20 -41
20 -41
20 -41
20 -41
20 -41
21 -30
21 -30
21 -30
21 -30
21 -30
21 -30
21 -30
21 -30
21 -30
21 -30
21 -30
21 -30
21 -30
21 -30
21 -30
21 -30
21 -30
21 -30
21 -30
21 -30
21 -30
21 -30
21 -30
21 -30
21 -30
21 -30
21 -30
21 -30
21 -30
21 -30
21 -30
21 -30
21 -30
21 -30
21 -30
21 -30
21 -30
21 -30
21 -30
21 -30
21 -30
21 -30
21 -30
15 -36
23 -35
23 -35
23 -35
23 -35
23 -35
23 -35
23 -35
23 -35
23 -35
23 -35
23 -35
23 -35
23 -35
23 -35
23 -35
23 -35
23 -35
23 -35
23 -35
23 -35
23 -35
23 -35
23 -35
23 -35
23 -35
23 -35
23 -35
23 -35
23 -35
23 -35
23 -35
23 -35
23 -35
23 -35
23 -35
23 -35
23 -35
23 -35
23 -35
23 -35
23 -35
23 -35
23 -35
23 -35
26 -39
26 -39
26 -39
26 -39
26 -39
26 -39
26 -39
26 -39
26 -39
26 -39
26 -39
26 -39
26 -39
26 -39
26 -39
26 -39
26 -39
26 -39
26 -39
26 -39
30 -35
30 -35
30 -35
30 -35
30 -35
30 -35
30 -35
30 -35
30 -35
30 -35
30 -35
30 -35
30 -35
30 -35
30 -35
30 -35
30 -35
30 -35
30 -35
30 -35
30 -35
30 -35
30 -35
30 -35
30 -35
30 -35
30 -35
30 -35
30 -35
30 -35
30 -35
30 -35
30 -35
30 -35
30 -35
30 -35
30 -35
30 -35
30 -35
30 -35
30 -35
30 -35
30 -35
30 -35
30 -35
30 -35
34 -30
34 -30
34 -30
34 -30
34 -30
34 -30
34 -30
34 -30
34 -30
34 -30
34 -30
34 -30
34 -30
34 -30
34 -30
34 -30
34 -30
34 -30
34 -30
34 -30
34 -30
34 -30
40 -36
40 -36
40 -36
40 -36
40 -36
40 -36
40 -36
40 -36
40 -36
40 -36
40 -36
40 -36
40 -36
40 -36
40 -36
40 -36
40 -36
40 -36
40 -36
40 -36
40 -36
40 -36
40 -36
40 -36
40 -36
40 -36
40 -36
40 -36
40 -36
40 -36
40 -36
40 -36
40 -36
40 -36
40 -36
40 -36
40 -36
40 -36
40 -36
40 -36
40 -36
40 -36
40 -36
40 -36
40 -36
40 -36
40 -36
40 -36
38 -36
38 -36
38 -36
38 -36
38 -36
38 -36
38 -36
38 -36
38 -36
38 -36
38 -36
38 -36
38 -36
38 -36
38 -36
38 -36
38 -36
38 -36
38 -36
38 -36
38 -36
38 -36
38 -36
38 -36
38 -36
38 -36
35 -28
35 -28
35 -28
35 -28
35 -28
35 -28
35 -28
35 -28
35 -28
35 -28
35 -28
35 -28
35 -28
35 -28
35 -28
35 -28
35 -28
35 -28
32 -25
32 -25
32 -25
32 -25
32 -25
32 -25
32 -25
32 -25
32 -25
32 -25
32 -25
32 -25
32 -25
32 -25
32 -25
32 -25
32 -25
32 -25
32 -25
32 -25
32 -25
32 -25
32 -25
32 -25
32 -25
32 -25
32 -25
32 -25
32 -25
32 -25
32 -25
32 -25
32 -25
32 -25
32 -25
32 -25
32 -25
32 -25
32 -25
32 -25
32 -25
32 -25
32 -25
32 -25
32 -25
32 -25
32 -25
32 -25
32 -25
32 -25
32 -25
32 -25
32 -25
32 -25
32 -25
32 -25
32 -25
32 -25
32 -25
32 -25
32 -25
32 -25
32 -25
32 -25
32 -25
32 -25
32 -25
32 -25
32 -25
32 -25
32 -25
32 -25
32 -25
32 -25
32 -25
32 -25
32 -25
32 -25
32 -25
32 -25
32 -25
32 -25
32 -25
32 -25
32 -25
32 -25
32 -25
32 -25
32 -25
32 -25
32 -25
32 -25
32 -25
40 -22
38 -24
38 -24
38 -24
38 -24
38 -24
38 -24
38 -24
38 -24
38 -24
38 -24
38 -24
38 -24
38 -24
38 -24
38 -24
38 -24
38 -24
38 -24
38 -24
38 -24
38 -24
38 -24
38 -24
38 -24
38 -24
38 -24
38 -24
38 -24
38 -24
38 -24
38 -24
38 -24
38 -24
38 -24
38 -24
38 -24
38 -24
38 -24
38 -24
38 -24
38 -24
38 -24
38 -24
38 -24
38 -24
38 -24
38 -24
38 -24
38 -24
38 -24
38 -24
38 -24
38 -24
38 -24
38 -24
38 -24
38 -20
38 -20
38 -20
38 -20
38 -20
38 -20
38 -20
38 -20
38 -20
38 -20
38 -20
38 -20
38 -20
38 -20
38 -20
38 -20
38 -20
38 -20
38 -20
38 -20
38 -20
38 -20
38 -20
38 -20
38 -20
38 -20
38 -20
38 -20
38 -20
38 -20
38 -20
38 -20
38 -20
38 -20
38 -20
38 -20
38 -20
38 -20
38 -20
38 -20
38 -20
38 -20
38 -20
38 -20
38 -20
38 -20
38 -20
38 -20
38 -20
38 -20
38 -20
38 -20
38 -20
38 -20
38 -20
38 -20
38 -20
38 -20
38 -20
38 -20
38 -20
38 -20
38 -20
48 -19
44 -20
44 -20
44 -20
44 -20
44 -20
44 -20
44 -20
44 -20
44 -20
44 -20
44 -20
44 -20
44 -20
44 -20
44 -20
44 -20
44 -20
44 -20
44 -20
44 -20
44 -20
44 -20
44 -20
44 -20
44 -20
44 -20
44 -20
44 -20
44 -20
44 -20
44 -20
44 -20
44 -20
44 -20
44 -20
44 -20
44 -20
44 -20
44 -20
44 -20
44 -20
44 -20
44 -20
44 -20
44 -20
44 -20
44 -20
44 -20
44 -20
44 -20
44 -20
44 -20
44 -20
44 -20
44 -20
44 -20
44 -20
44 -20
44 -20
44 -20
44 -20
44 -20
44 -20
44 -20
44 -20
44 -20
44 -20
44 -20
45 -13
45 -13
45 -13
45 -13
45 -13
45 -13
45 -13
45 -13
45 -13
45 -13
45 -13
45 -13
45 -13
45 -13
45 -13
45 -13
45 -13
45 -13
45 -13
45 -13
45 -13
45 -13
45 -13
45 -13
45 -13
45 -13
45 -13
45 -13
45 -13
45 -13
45 -13
45 -13
45 -13
45 -13
45 -13
45 -13
45 -13
45 -13
45 -13
45 -13
45 -13
45 -13
45 -13
45 -13
45 -13
45 -13
45 -13
45 -13
45 -13
45 -13
45 -13
45 -13
45 -13
45 -13
45 -13
45 -13
45 -13
45 -13
45 -13
45 -13
45 -13
45 -13
45 -13
45 -13
45 -13
45 -13
45 -13
45 -13
45 -13
42 -17
45 -17
45 -17
45 -17
45 -17
45 -17
45 -17
45 -17
45 -17
45 -17
45 -17
45 -17
45 -17
45 -17
45 -17
45 -17
45 -17
45 -17
45 -17
45 -17
45 -17
45 -17
45 -17
45 -17
45 -17
45 -17
45 -17
45 -17
45 -17
45 -17
45 -17
45 -17
45 -17
45 -17
45 -17
45 -17
45 -17
45 -17
45 -17
45 -17
45 -17
45 -17
45 -17
45 -17
45 -17
45 -17
45 -17
45 -17
45 -17
45 -17
45 -17
45 -17
45 -17
45 -17
45 -17
45 -17
45 -17
45 -17
45 -17
45 -17
45 -17
45 -17
45 -17
40 -12
40 -12
40 -12
40 -12
40 -12
40 -12
40 -12
40 -12
40 -12
40 -12
40 -12
40 -12
40 -12
40 -12
40 -12
40 -12
40 -12
40 -12
40 -12
40 -12
40 -12
40 -12
40 -12
40 -12
40 -12
40 -12
40 -12
40 -12
40 -12
40 -12
40 -12
40 -12
40 -12
40 -12
40 -12
40 -12
40 -12
40 -12
40 -12
40 -12
40 -12
40 -12
40 -12
40 -12
40 -12
40 -12
40 -12
40 -12
40 -12
40 -12
40 -12
40 -12
40 -12
40 -12
40 -12
40 -12
40 -12
40 -12
40 -12
40 -12
40 -12
40 -12
40 -12
40 -12
40 -12
40 -12
40 -12
40 -12
42 -4
42 -4
42 -4
42 -4
42 -4
42 -4
42 -4
42 -4
42 -4
42 -4
42 -4
42 -4
42 -4
42 -4
42 -4
42 -4
42 -4
42 -4
42 -4
42 -4
42 -4
42 -4
42 -4
42 -4
42 -4
42 -4
42 -4
42 -4
42 -4
42 -4
42 -4
42 -4
46 -16
46 -16
46 -16
46 -16
46 -16
46 -16
46 -16
46 -16
46 -16
46 -16
46 -16
46 -16
46 -16
46 -16
46 -16
46 -16
46 -16
46 -16
46 -16
46 -16
46 -16
46 -16
46 -16
46 -16
46 -16
46 -16
46 -16
46 -16
46 -16
46 -16
46 -16
46 -16
46 -16
46 -16
46 -16
46 -16
46 -16
46 -16
46 -16
46 -16
46 -16
46 -16
46 -16
46 -16
46 -16
46 -16
46 -16
46 -16
46 -16
46 -16
46 -16
46 -16
46 -16
46 -16
46 -16
46 -16
46 -16
46 -16
46 -16
46 -16
46 -16
46 -16
46 -16
46 -16
46 -16
46 -16
46 -16
37 -7
37 -7
37 -7
37 -7
37 -7
37 -7
37 -7
37 -7
37 -7
37 -7
37 -7
37 -7
37 -7
37 -7
37 -7
37 -7
37 -7
37 -7
37 -7
37 -7
37 -7
37 -7
37 -7
37 -7
37 -7
37 -7
37 -7
37 -7
37 -7
37 -7
37 -7
37 -7
37 -7
37 -7
37 -7
37 -7
37 -7
37 -7
37 -7
37 -7
37 -7
37 -7
37 -7
37 -7
37 -7
37 -7
37 -7
37 -7
37 -7
37 -7
37 -7
37 -7
37 -7
37 -7
37 -7
37 -7
37 -7
37 -7
37 -7
37 -7
37 -7
37 -7
37 -7
37 -7
37 -7
37 -7
33 -4
33 -4
33 -4
33 -4
33 -4
33 -4
33 -4
33 -4
33 -4
33 -4
33 -4
33 -4
33 -4
33 -4
33 -4
33 -4
33 -4
33 -4
33 -4
33 -4
33 -4
33 -4
33 -4
33 -4
33 -4
33 -4
33 -4
33 -4
33 -4
33 -4
33 -4
33 -4
33 -4
33 -4
33 -4
33 -4
33 -4
33 -4
33 -4
33 -4
33 -4
33 -4
33 -4
33 -4
33 -4
33 -4
33 -4
33 -4
33 -4
33 -4
33 -4
33 -4
33 -4
33 -4
33 -4
33 -4
33 -4
33 -4
33 -4
33 -4
33 -4
33 -4
33 -4
33 -4
33 -4
33 -4
33 -4
33 -4
33 -4
33 -4
33 -4
33 -4
33 -4
37 -6
37 -6
37 -6
37 -6
37 -6
37 -6
37 -6
37 -6
37 -6
37 -6
37 -6
37 -6
37 -6
37 -6
37 -6
37 -6
37 -6
37 -6
37 -6
37 -6
37 -6
37 -6
37 -6
37 -6
37 -6
37 -6
37 -6
37 -6
37 -6
37 -6
37 -6
37 -6
37 -6
37 -6
37 -6
37 -6
37 -6
37 -6
37 -6
37 -6
37 -6
37 -6
37 -6
37 -6
37 -6
37 -6
37 -6
37 -6
37 -6
37 -6
37 -6
37 -6
37 -6
37 -6
37 -6
37 -6
37 -6
37 -6
37 -6
37 -6
37 -6
37 -6
37 -6
37 -6
37 -6
37 -6
37 -6
37 -6
37 -6
37 -6
37 -6
32 -4
32 -4
32 -4
32 -4
32 -4
32 -4
32 -4
32 -4
32 -4
32 -4
32 -4
32 -4
32 -4
32 -4
32 -4
32 -4
32 -4
32 -4
32 -4
32 -4
32 -4
32 -4
32 -4
32 -4
32 -4
32 -4
32 -4
32 -4
32 -4
32 -4
32 -4
32 -4
32 -4
32 -4
32 -4
32 -4
32 -4
32 -4
32 -4
32 -4
32 -4
32 -4
32 -4
32 -4
32 -4
32 -4
32 -4
32 -4
32 -4
32 -4
32 -4
32 -4
32 -4
32 -4
32 -4
32 -4
32 -4
32 -4
32 -4
32 -4
32 -4
32 -4
32 -4
32 -4
43 -2
43 -2
43 -2
43 -2
43 -2
43 -2
43 -2
43 -2
43 -2
43 -2
43 -2
43 -2
43 -2
43 -2
43 -2
43 -2
43 -2
43 -2
43 -2
43 -2
43 -2
43 -2
43 -2
43 -2
43 -2
43 -2
43 -2
43 -2
43 -2
43 -2
43 -2
43 -2
43 -2
43 -2
43 -2
43 -2
43 -2
43 -2
43 -2
43 -2
43 -2
43 -2
43 -2
43 -2
43 -2
43 -2
43 -2
43 -2
43 -2
43 -2
43 -2
43 -2
43 -2
43 -2
43 -2
43 -2
43 -2
43 -2
43 -2
43 -2
43 -2
43 -2
43 -2
43 -2
43 -2
43 -2
43 -2
43 -2
43 -2
43 -2
43 -2
41 -5
41 -5
41 -5
41 -5
41 -5
41 -5
41 -5
41 -5
41 -5
41 -5
41 -5
41 -5
41 -5
41 -5
41 -5
41 -5
41 -5
41 -5
41 -5
41 -5
41 -5
41 -5
41 -5
41 -5
41 -5
41 -5
41 -5
41 -5
41 -5
41 -5
41 -5
41 -5
41 -5
41 -5
41 -5
41 -5
41 -5
41 -5
41 -5
41 -5
41 -5
41 -5
41 -5
41 -5
41 -5
41 -5
41 -5
41 -5
41 -5
41 -5
41 -5
41 -5
41 -5
41 -5
41 -5
41 -5
41 -5
41 -5
41 -5
41 -5
41 -5
41 -5
41 -5
41 -5
41 -5
41 -5
41 -5
41 -5
39 3
39 3
39 3
39 3
39 3
39 3
39 3
39 3
39 3
39 3
39 3
39 3
39 3
39 3
39 3
39 3
39 3
39 3
39 3
39 3
39 3
39 3
39 3
39 3
39 3
39 3
39 3
39 3
36 -2
36 -2
36 -2
36 -2
36 -2
36 -2
36 -2
36 -2
36 -2
36 -2
36 -2
36 -2
36 -2
36 -2
36 -2
36 -2
36 -2
36 -2
36 -2
36 -2
36 -2
36 -2
36 -2
36 -2
36 -2
36 -2
36 -2
36 -2
36 -2
36 -2
36 -2
32 2
32 2
32 2
32 2
32 2
32 2
32 2
32 2
32 2
32 2
32 2
32 2
32 2
32 2
32 2
32 2
32 2
32 2
32 2
32 2
32 2
32 2
32 2
32 2
32 2
32 2
32 2
32 2
32 2
32 2
32 2
32 2
32 2
32 2
32 2
32 2
32 2
32 2
32 2
32 2
32 2
32 2
32 2
32 2
32 2
32 2
32 2
32 2
32 2
32 2
32 2
32 2
32 2
32 2
32 2
32 2
32 2
32 2
32 2
32 2
32 2
32 2
32 2
32 2
32 2
32 2
32 2
32 2
32 2
32 2
32 2
32 2
32 2
32 2
32 2
32 2
32 2
32 2
32 2
32 2
32 2
32 2
32 2
32 2
32 2
32 2
32 2
32 2
32 2
32 2
32 2
32 2
32 2
32 2
32 2
32 2
32 2
32 2
32 2
32 2
32 2
32 2
32 2
29 -1
30 0
30 0
30 0
30 0
30 0
30 0
30 0
30 0
30 0
30 0
30 0
30 0
30 0
30 0
30 0
30 0
30 0
30 0
30 0
30 0
30 0
30 0
30 0
30 0
30 0
30 0
30 0
30 0
30 0
30 0
30 0
30 0
30 0
30 0
30 0
30 0
30 0
30 0
30 0
30 0
30 0
30 0
30 0
30 0
30 0
30 0
30 0
30 0
30 0
30 0
30 0
30 0
30 0
30 0
30 0
30 0
30 0
30 0
30 0
30 0
30 0
30 0
30 0
30 0
30 0
30 0
30 0
30 0
30 0
20 1
20 1
20 1
20 1
20 1
20 1
20 1
20 1
20 1
20 1
20 1
20 1
20 1
20 1
20 1
20 1
20 1
20 1
20 1
20 1
20 1
20 1
20 1
20 1
20 1
20 1
20 1
22 1
22 1
22 1
22 1
22 1
22 1
22 1
22 1
22 1
22 1
22 1
22 1
22 1
22 1
22 1
22 1
22 1
22 1
22 1
22 1
22 1
22 1
22 1
22 1
22 1
22 1
15 0
15 0
15 0
15 0
15 0
15 0
15 0
15 0
15 0
15 0
15 0
15 0
15 0
15 0
15 0
15 0
15 0
15 0
15 0
15 0
15 0
15 0
15 0
15 0
15 0
15 0
15 0
15 0
15 0
15 0
15 0
15 0
15 0
15 0
15 0
15 0
15 0
15 0
15 0
15 0
15 0
15 0
15 0
15 0
15 0
15 0
15 0
15 0
15 0
15 0
15 0
15 0
15 0
15 0
15 0
15 0
15 0
15 0
15 0
15 0
15 0
15 0
15 0
15 0
15 0
15 0
15 0
15 0
15 0
15 0
15 0
15 0
15 0
15 0
15 0
15 0
15 0
15 0
15 0
15 0
15 0
15 0
15 0
15 0
15 0
15 0
15 0
15 0
15 0
15 0
15 0
15 0
15 0
15 0
15 0
15 0
15 0
15 0
15 0
15 0
15 0
15 0
15 0
15 0
15 0
15 0
15 0
15 0
15 0
15 0
15 0
12 0
7 0
7 0
7 0
7 0
7 0
7 0
7 0
7 0
7 0
7 0
7 0
7 0
7 0
7 0
7 0
7 0
7 0
7 0
7 0
7 0
7 0
7 0
7 0
7 0
7 0
7 0
7 0
7 0
7 0
7 0
7 0
7 0
7 0
7 0
7 0
7 0
7 0
7 0
7 0
7 0
7 0
7 0
7 0
0 -1
0 -1
0 -1
0 -1
0 -1
0 -1
0 -1
0 -1
0 -1
0 -1
0 -1
0 -1
0 -1
0 -1
0 -1
0 -1
0 -1
0 -1
0 -1
0 -1
0 -1
0 -1
0 -1
0 -1
0 -1
0 -1
0 -1
0 -1
0 -1
0 -1
0 -1
0 -1
0 -1
0 -1
0 -1
0 -1
0 -1
0 -1
0 -1
0 -1
0 -1
0 -1
0 -1
0 -1
0 -1
0 -1
0 -1
0 -1
0 -1
0 -1
0 -1
0 -1
0 -1
0 -1
0 -1
0 -1
0 -1
0 -1
0 -1
0 -1
0 -1
0 -1
0 -1
0 -1
0 -1
0 -1
0 -1
0 -1
0 -1
0 -1
0 -1
0 -1
0 -1
0 -1
0 -1
0 -1
0 -1
0 -1
0 -1
0 -1
0 -1
0 -1
0 -1
0 -1
0 -1
0 -1
0 -1
0 -1
0 -1
0 -1
0 -1
0 -1
0 -1
0 -1
0 -1
0 -1
0 -1
0 -1
0 -1
0 -1
0 -1
0 -1
0 -1
0 -1
0 -1
0 -1
0 -1
0 -1
0 -1
0 -1
0 -1
0 -1
0 -1
0 -1
0 -1
0 -1
0 -1
0 -1
0 -1
0 -1
0 -1
0 -1
0 -1
0 -1
0 -1
0 -1
0 -1
0 -1
0 -1
0 -1
0 -1
0 -1
0 -1
0 -1
0 -1
0 -1
0 -1
0 -1
0 -1
0 -1
0 -1
0 -1
0 -1
0 -1
0 -1
0 -1
0 -1
0 -1
0 -1
0 -1
0 -1
0 -1
0 -1
0 -1
0 -1
0 -1
0 -1
0 -1
0 -1
0 -1
0 -1
0 -1
0 -1
0 -1
0 -1
0 -1
0 -1
0 -1
0 -1
0 -1
0 -1
0 -1
0 -1
0 -1
0 -1
0 -1
0 -1
0 -1
0 -1
0 -1
0 -1
0 -1
0 -1
0 -1
0 -1
0 -1
0 -1
0 -1
0 -1
0 -1
0 -1
0 -1
0 -1
0 -1
0 -1
0 -1
0 -1
0 -1
0 -1
0 -1
0 -1
0 -1
0 -1
0 -1
0 -1
0 -1
0 -1
0 -1
0 -1
0 -1
0 -1
0 -1
0 -1
0 -1
0 -1
0 -1
0 -1
0 -1
0 -1
0 -1
0 -1
0 -1
0 -1
0 -1
0 -1
0 -1
0 -1
0 -1
0 -1
0 -1
0 -1
0 -1
0 -1
0 -1
0 -1
0 -1
0 -1
0 -1
0 -1
0 -1
0 -1
0 -1
0 -1
0 -1
0 -1
0 -1
0 -1
0 -1
0 -1
0 -1
0 -1
0 -1
0 -1
0 -1
0 -1
0 -1
0 -1
0 -1
0 -1
0 -1
0 -1
0 -1
0 -1
0 -1
0 -1
0 -1
0 -1
0 -1
0 -1
0 -1
0 -1
0 -1
0 -1
0 -1
0 -1
0 -1
0 -1
0 -1
0 -1
0 -1
0 -1
0 -1
0 -1
0 -1
0 -1
0 -1
0 -1
0 -1
0 -1
0 -1
0 -1
0 -1
0 -1
0 -1
0 -1
0 -1
0 -1
0 -1
0 -1
0 -1
0 -1
0 -1
0 -1
0 -1
0 -1
0 -1
0 -1
0 -1
0 -1
0 -1
0 -1
0 -1
0 -1
0 -1
0 -1
0 -1
0 -1
0 -1
0 -1
0 -1
0 -1
0 -1
0 -1
0 -1
0 -1
0 -1
0 -1
0 -1
0 -1
0 -1
0 -1
0 -1
0 -1
0 -1
0 -1
0 -1
0 -1
0 -1
0 -1
0 -1
0 -1
0 -1
0 -1
0 -1
0 -1
0 -1
0 -1
0 -1
0 -1
0 -1
0 -1
0 -1
0 -1
0 -1
0 -1
0 -1
0 -1
0 -1
0 -1
0 -1
0 -1
0 -1
0 -1
0 -1
0 -1
0 -1
0 -1
0 -1
0 -1
0 -1
0 -1
0 -1
0 -1
0 -1
0 -1
0 -1
0 -1
0 -1
0 -1
0 -1
0 -1
0 -1
0 -1
0 -1
0 -1
0 -1
0 -1
0 -1
0 -1
0 -1
0 -1
0 -1
0 -1
0 -1
0 -1
0 -1
0 -1
0 -1
0 -1
0 -1
0 -1
0 -1
0 -1
0 -1
0 -1
0 -1
0 -1
0 -1
0 -1
0 -1
0 -1
0 -1
0 -1
0 -1
0 -1
0 -1
0 -1
0 -1
0 -1
0 -1
0 -1
0 -1
0 -1
0 -1
0 -1
0 -1
0 -1
0 -1
0 -1
0 -1
0 -1
0 -1
0 -1
0 -1
0 -1
0 -1
0 -1
0 -1
0 -1
0 -1
0 -1
0 -1
0 -1
0 -1
0 -1
0 -1
0 -1
0 -1
0 -1
0 -1
0 -1
0 -1
0 -1
0 -1
0 -1
0 -1
0 -1
0 -1
0 -1
0 -1
0 -1
0 -1
0 -1
0 -1
0 -1
0 -1
0 -1
0 -1
0 -1
0 -1
0 -1
0 -1
0 -1
0 -1
0 -1
0 -1
0 -1
0 -1
0 -1
0 -1
0 -1
0 -1
0 -1
0 -1
0 -1
0 -1
0 -1
0 -1
0 -1
0 -1
0 -1
0 -1
0 -1
0 -1
0 -1
0 -1
0 -1
0 -1
0 -1
0 -1
0 -1
0 -1
0 -1
0 -1
0 -1
0 -1
0 -1
0 -1
0 -1
0 -1
0 -1
0 -1
0 -1
0 -1
0 -1
0 -1
0 -1
0 -1
0 -1
0 -1
0 -1
0 -1
0 -1
0 -1
0 -1
0 -1
0 -1
0 -1
0 -1
0 -1
0 -1
0 -1
0 -1
0 -1
0 -1
0 -1
0 -1
0 -1
0 -1
0 -1
0 -1
0 -1
0 -1
0 -1
0 -1
0 -1
0 -1
0 -1
0 -1
0 -1
0 -1
0 -1
0 -1
0 -1
0 -1
0 -1
0 -1
0 -1
0 -1
0 -1
0 -1
0 -1
0 -1
0 -1
0 -1
0 -1
0 -1
0 -1
0 -1
0 -1
0 -1
0 -1
0 -1
0 -1
0 -1
0 -1
0 -1
0 -1
0 -1
0 -1
0 -1
0 -1
0 -1
0 -1
0 -1
0 -1
0 -1
0 -1
0 -1
0 -1
0 -1
0 -1
0 -1
0 -1
0 -1
0 -1
0 -1
0 -1
0 -1
0 -1
0 -1
0 -1
0 -1
0 -1
0 -1
0 -1
0 -1
0 -1
0 -1
0 -1
0 -1
0 -1
0 -1
0 -1
0 -1
0 -1
0 -1
0 -1
0 -1
0 -1
0 -1
0 -1
0 -1
0 -1
0 -1
0 -1
0 -1
0 -1
0 -1
0 -1
0 -1
0 -1
0 -1
0 -1
0 -1
0 -1
0 -1
0 -1
0 -1
0 -1
0 -1
0 -1
0 -1
0 -1
0 -1
0 -1
0 -1
0 -1
0 -1
0 -1
0 -1
0 -1
0 -1
0 -1
0 -1
0 -1
0 -1
0 -1
0 -1
0 -1
0 -1
0 -1
0 -1
0 -1
0 -1
0 -1
0 -1
0 -1
0 -1
0 -1
0 -1
0 -1
0 -1
0 -1
0 -1
0 -1
0 -1
0 -1
0 -1
0 -1
0 -1
0 -1
0 -1
0 -1
0 -1
0 -1
0 -1
0 -1
0 -1
0 -1
0 -1
0 -1
0 -1
0 -1
0 -1
0 -1
0 -1
0 -1
0 -1
0 -1
0 -1
0 -1
0 -1
0 -1
0 -1
0 -1
0 -1
0 -1
0 -1
0 -1
0 -1
0 -1
0 -1
0 -1
0 -1
0 -1
0 -1
0 -1
0 -1
0 -1
0 -1
0 -1
0 -1
0 -1
0 -1
0 -1
0 -1
0 -1
0 -1
0 -1
0 -1
0 -1
0 -1
0 -1
0 -1
0 -1
0 -1
0 -1
0 -1
0 -1
0 -1
0 -1
0 -1
0 -1
0 -1
0 -1
0 -1
0 -1
0 -1
0 -1
0 -1
0 -1
0 -1
0 -1
0 -1
0 -1
0 -1
0 -1
0 -1
0 -1
0 -1
0 -1
0 -1
0 -1
0 -1
0 -1
0 -1
0 -1
0 -1
0 -1
0 -1
0 -1
0 -1
0 -1
0 -1
0 -1
0 -1
0 -1
0 -1
0 -1
0 -1
0 -1
0 -1
0 -1
0 -1
0 -1
0 -1
0 -1
0 -1
0 -1
0 -1
0 -1
0 -1
0 -1
0 -1
0 -1
0 -1
0 -1
0 -1
0 -1
0 -1
0 -1
0 -1
0 -1
0 -1
0 -1
0 -1
0 -1
0 -1
0 -1
0 -1
0 -1
0 -1
0 -1
0 -1
0 -1
0 -1
0 -1
0 -1
0 -1
0 -1
0 -1
0 -1
0 -1
0 -1
0 -1
0 -1
0 -1
0 -1
0 -1
0 -1
0 -1
0 -1
0 -1
0 -1
0 -1
0 -1
0 -1
0 -1
0 -1
0 -1
0 -1
0 -1
0 -1
0 -1
0 -1
0 -1
0 -1
0 -1
0 -1
0 -1
0 -1
0 -1
0 -1
0 -1
0 -1
0 -1
0 -1
0 -1
0 -1
0 -1
0 -1
0 -1
0 -1
0 -1
0 -1
0 -1
0 -1
0 -1
0 -1
0 -1
0 -1
0 -1
0 -1
0 -1
0 -1
0 -1
0 -1
0 -1
0 -1
0 -1
0 -1
0 -1
0 -1
0 -1
0 -1
0 -1
0 -1
0 -1
0 -1
0 -1
0 -1
0 -1
0 -1
0 -1
0 -1
0 -1
0 -1
0 -1
0 -1
0 -1
0 -1
0 -1
0 -1
0 -1
0 -1
0 -1
0 -1
0 -1
0 -1
0 -1
0 -1
0 -1
0 -1
0 -1
0 -1
0 -1
0 -1
0 -1
0 -1
0 -1
0 -1
0 -1
0 -1
0 -1
0 -1
0 -1
0 -1
0 -1
0 -1
0 -1
0 -1
0 -1
0 -1
0 -1
0 -1
0 -1
0 -1
0 -1
0 -1
0 -1
0 -1
0 -1
0 -1
0 -1
0 -1
0 -1
0 -1
0 -1
0 -1
0 -1
0 -1
0 -1
0 -1
0 -1
0 -1
0 -1
0 -1
0 -1
0 -1
0 -1
0 -1
0 -1
0 -1
0 -1
0 -1
0 -1
0 -1
0 -1
0 -1
0 -1
0 -1
0 -1
0 -1
0 -1
0 -1
0 -1
0 -1
0 -1
0 -1
0 -1
0 -1
0 -1
0 -1
0 -1
0 -1
0 -1
0 -1
0 -1
0 -1
0 -1
0 -1
0 -1
0 -1
0 -1
0 -1
0 -1
0 -1
0 -1
0 -1
0 -1
0 -1
0 -1
0 -1
0 -1
0 -1
0 -1
0 -1
0 -1
0 -1
0 -1
0 -1
0 -1
0 -1
0 -1
0 -1
0 -1
0 -1
0 -1
0 -1
0 -1
0 -1
0 -1
0 -1
0 -1
0 -1
0 -1
0 -1
0 -1
0 -1
0 -1
0 -1
0 -1
0 -1
0 -1
0 -1
0 -1
0 -1
0 -1
0 -1
0 -1
0 -1
0 -1
0 -1
0 -1
0 -1
0 -1
0 -1
0 -1
0 -1
0 -1
0 -1
0 -1
0 -1
0 -1
0 -1
0 -1
0 -1
0 -1
0 -1
0 -1
0 -1
0 -1
0 -1
0 -1
0 -1
0 -1
0 -1
0 -1
0 -1
0 -1
0 -1
0 -1
0 -1
0 -1
0 -1
0 -1
0 -1
0 -1
0 -1
0 -1
0 -1
0 -1
0 -1
0 -1
0 -1
0 -1
0 -1
0 -1
0 -1
0 -1
0 -1
0 -1
0 -1
0 -1
0 -1
0 -1
0 -1
0 -1
0 -1
0 -1
0 -1
0 -1
0 -1
0 -1
0 -1
0 -1
0 -1
0 -1
0 -1
0 -1
0 -1
0 -1
0 -1
0 -1
0 -1
0 -1
0 -1
0 -1
0 -1
0 -1
0 -1
0 -1
0 -1
0 -1
0 -1
0 -1
0 -1
0 -1
0 -1
0 -1
0 -1
0 -1
0 -1
0 -1
0 -1
0 -1
0 -1
0 -1
0 -1
0 -1
0 -1
0 -1
0 -1
0 -1
0 -1
0 -1
0 -1
0 -1
0 -1
0 -1
0 -1
0 -1
0 -1
0 -1
0 -1
0 -1
0 -1
0 -1
0 -1
0 -1
0 -1
0 -1
0 -1
0 -1
0 -1
0 -1
0 -1
0 -1
0 -1
0 -1
0 -1
0 -1
0 -1
0 -1
0 -1
0 -1
0 -1
0 -1
0 -1
0 -1
0 -1
0 -1
0 -1
0 -1
0 -1
0 -1
0 -1
0 -1
0 -1
0 -1
0 -1
0 -1
0 -1
0 -1
0 -1
0 -1
0 -1
0 -1
0 -1
0 -1
0 -1
0 -1
0 -1
0 -1
0 -1
0 -1
0 -1
0 -1
0 -1
0 -1
0 -1
0 -1
0 -1
0 -1
0 -1
0 -1
0 -1
0 -1
0 -1
0 -1
0 -1
0 -1
0 -1
0 -1
0 -1
0 -1
0 -1
0 -1
0 -1
0 -1
0 -1
0 -1
0 -1
0 -1
0 -1
0 -1
0 -1
0 -1
0 -1
0 -1
0 -1
0 -1
0 -1
0 -1
0 -1
0 -1
0 -1
0 -1
0 -1
0 -1
0 -1
0 -1
0 -1
0 -1
0 -1
0 -1
0 -1
0 -1
0 -1
0 -1
0 -1
0 -1
0 -1
0 -1
0 -1
0 -1
0 -1
0 -1
0 -1
0 -1
0 -1
0 -1
0 -1
0 -1
0 -1
0 -1
0 -1
0 -1
0 -1
0 -1
0 -1
0 -1
0 -1
0 -1
0 -1
0 -1
0 -1
0 -1
0 -1
0 -1
0 -1
0 -1
0 -1
0 -1
0 -1
0 -1
0 -1
0 -1
0 -1
0 -1
0 -1
0 -1
0 -1
0 -1
0 -1
0 -1
0 -1
0 -1
0 -1
0 -1
0 -1
0 -1
0 -1
0 -1
0 -1
0 -1
0 -1
0 -1
0 -1
0 -1
0 -1
0 -1
0 -1
0 -1
0 -1
0 -1
0 -1
0 -1
0 -1
0 -1
0 -1
0 -1
0 -1
0 -1
0 -1
0 -1
0 -1
0 -1
0 -1
0 -1
0 -1
0 -1
0 -1
0 -1
0 -1
0 -1
0 -1
0 -1
0 -1
0 -1
0 -1
0 -1
0 -1
0 -1
0 -1
0 -1
0 -1
0 -1
0 -1
0 -1
0 -1
0 -1
0 -1
0 -1
0 -1
0 -1
0 -1
0 -1
0 -1
0 -1
0 -1
0 -1
0 -1
0 -1
0 -1
0 -1
0 -1
0 -1
0 -1
0 -1
0 -1
0 -1
0 -1
0 -1
0 -1
0 -1
0 -1
0 -1
0 -1
0 -1
0 -1
0 -1
0 -1
0 -1
0 -1
0 -1
0 -1
0 -1
0 -1
0 -1
0 -1
0 -1
0 -1
0 -1
0 -1
0 -1
0 -1
0 -1
0 -1
0 -1
0 -1
0 -1
0 -1
0 -1
0 -1
0 -1
0 -1
0 -1
0 -1
0 -1
0 -1
0 -1
0 -1
0 -1
0 -1
0 -1
0 -1
0 -1
0 -1
0 -1
0 -1
0 -1
0 -1
0 -1
0 -1
0 -1
0 -1
0 -1
0 -1
0 -1
0 -1
0 -1
0 -1
0 -1
0 -1
0 -1
0 -1
0 -1
0 -1
0 -1
0 -1
0 -1
0 -1
0 -1
0 -1
0 -1
0 -1
0 -1
0 -1
0 -1
0 -1
0 -1
0 -1
0 -1
0 -1
0 -1
0 -1
0 -1
0 -1
0 -1
0 -1
0 -1
0 -1
0 -1
0 -1
0 -1
0 -1
0 -1
0 -1
0 -1
0 -1
0 -1
0 -1
0 -1
0 -1
0 -1
0 -1
0 -1
0 -1
0 -1
0 -1
0 -1
0 -1
0 -1
0 -1
0 -1
0 -1
0 -1
0 -1
0 -1
0 -1
0 -1
0 -1
0 -1
0 -1
0 -1
0 -1
0 -1
0 -1
0 -1
0 -1
0 -1
0 -1
0 -1
0 -1
0 -1
0 -1
0 -1
0 -1
0 -1
0 -1
0 -1
0 -1
0 -1
0 -1
0 -1
0 -1
0 -1
0 -1
0 -1
0 -1
0 -1
0 -1
0 -1
0 -1
0 -1
0 -1
0 -1
0 -1
0 -1
0 -1
0 -1
0 -1
0 -1
0 -1
0 -1
0 -1
0 -1
0 -1
0 -1
0 -1
0 -1
0 -1
0 -1
0 -1
0 -1
0 -1
0 -1
0 -1
0 -1
0 -1
0 -1
0 -1
0 -1
0 -1
0 -1
0 -1
0 -1
0 -1
0 -1
0 -1
0 -1
0 -1
0 -1
0 -1
0 -1
0 -1
0 -1
0 -1
0 -1
0 -1
0 -1
0 -1
0 -1
0 -1
0 -1
0 -1
0 -1
0 -1
0 -1
0 -1
0 -1
0 -1
0 -1
0 -1
0 -1
0 -1
0 -1
0 -1
0 -1
0 -1
0 -1
0 -1
0 -1
0 -1
0 -1
0 -1
0 -1
0 -1
0 -1
0 -1
0 -1
0 -1
0 -1
0 -1
0 -1
0 -1
0 -1
0 -1
0 -1
0 -1
0 -1
0 -1
0 -1
0 -1
0 -1
0 -1
0 -1
0 -1
0 -1
0 -1
0 -1
0 -1
0 -1
0 -1
0 -1
0 -1
0 -1
0 -1
0 -1
0 -1
0 -1
0 -1
0 -1
0 -1
0 -1
0 -1
0 -1
0 -1
0 -1
0 -1
0 -1
0 -1
0 -1
0 -1
0 -1
0 -1
0 -1
0 -1
0 -1
0 -1
0 -1
0 -1
0 -1
0 -1
0 -1
0 -1
0 -1
0 -1
0 -1
0 -1
0 -1
0 -1
0 -1
0 -1
0 -1
0 -1
0 -1
0 -1
0 -1
0 -1
0 -1
0 -1
0 -1
0 -1
0 -1
0 -1
0 -1
0 -1
0 -1
0 -1
0 -1
0 -1
0 -1
0 -1
0 -1
0 -1
0 -1
0 -1
0 -1
0 -1
0 -1
0 -1
0 -1
0 -1
0 -1
0 -1
0 -1
0 -1
0 -1
0 -1
0 -1
0 -1
0 -1
0 -1
0 -1
0 -1
0 -1
0 -1
0 -1
0 -1
0 -1
0 -1
0 -1
0 -1
0 -1
0 -1
0 -1
0 -1
0 -1
0 -1
0 -1
0 -1
0 -1
0 -1
0 -1
0 -1
0 -1
0 -1
0 -1
0 -1
0 -1
0 -1
0 -1
0 -1
0 -1
0 -1
0 -1
0 -1
0 -1
0 -1
0 -1
0 -1
0 -1
0 -1
0 -1
0 -1
0 -1
0 -1
0 -1
0 -1
0 -1
0 -1
0 -1
0 -1
0 -1
0 -1
0 -1
0 -1
0 -1
0 -1
0 -1
0 -1
0 -1
0 -1
0 -1
0 -1
0 -1
0 -1
0 -1
0 -1
0 -1
0 -1
0 -1
0 -1
0 -1
0 -1
0 -1
0 -1
0 -1
0 -1
0 -1
0 -1
0 -1
0 -1
0 -1
0 -1
0 -1
0 -1
0 -1
0 -1
0 -1
0 -1
0 -1
0 -1
0 -1
0 -1
0 -1
0 -1
0 -1
0 -1
0 -1
0 -1
0 -1
0 -1
0 -1
0 -1
0 -1
0 -1
0 -1
0 -1
0 -1
0 -1
0 -1
0 -1
0 -1
0 -1
0 -1
0 -1
0 -1
0 -1
0 -1
0 -1
0 -1
0 -1
0 -1
0 -1
0 -1
0 -1
0 -1
0 -1
0 -1
0 -1
0 -1
0 -1
0 -1
0 -1
0 -1
0 -1
0 -1
0 -1
0 -1
0 -1
0 -1
0 -1
0 -1
0 -1
0 -1
0 -1
0 -1
0 -1
0 -1
0 -1
0 -1
0 -1
0 -1
0 -1
0 -1
0 -1
0 -1
0 -1
0 -1
0 -1
0 -1
0 -1
0 -1
0 -1
0 -1
0 -1
0 -1
0 -1
0 -1
0 -1
0 -1
0 -1
0 -1
0 -1
0 -1
0 -1
0 -1
0 -1
0 -1
0 -1
0 -1
0 -1
0 -1
0 -1
0 -1
0 -1
0 -1
0 -1
0 -1
0 -1
0 -1
0 -1
0 -1
0 -1
0 -1
0 -1
0 -1
0 -1
0 -1
0 -1
0 -1
0 -1
0 -1
0 -1
0 -1
0 -1
0 -1
0 -1
0 -1
0 -1
0 -1
0 -1
0 -1
0 -1
0 -1
0 -1
0 -1
0 -1
0 -1
0 -1
0 -1
0 -1
0 -1
0 -1
0 -1
0 -1
0 -1
0 -1
0 -1
0 -1
0 -1
0 -1
0 -1
0 -1
0 -1
0 -1
0 -1
0 -1
0 -1
0 -1
0 -1
0 -1
0 -1
0 -1
0 -1
0 -1
0 -1
0 -1
0 -1
0 -1
0 -1
0 -1
0 -1
0 -1
0 -1
0 -1
0 -1
0 -1
0 -1
0 -1
0 -1
0 -1
0 -1
0 -1
0 -1
0 -1
0 -1
0 -1
0 -1
0 -1
0 -1
0 -1
0 -1
0 -1
0 -1
0 -1
0 -1
0 -1
0 -1
0 -1
0 -1
0 -1
0 -1
0 -1
0 -1
0 -1
0 -1
0 -1
0 -1
0 -1
0 -1
0 -1
0 -1
0 -1
0 -1
0 -1
0 -1
0 -1
0 -1
0 -1
0 -1
0 -1
0 -1
0 -1
0 -1
0 -1
0 -1
0 -1
0 -1
0 -1
0 -1
0 -1
0 -1
0 -1
0 -1
0 -1
0 -1
0 -1
0 -1
0 -1
0 -1
0 -1
0 -1
0 -1
0 -1
0 -1
0 -1
0 -1
0 -1
0 -1
0 -1
0 -1
0 -1
0 -1
0 -1
0 -1
0 -1
0 -1
0 -1
0 -1
0 -1
0 -1
0 -1
0 -1
0 -1
0 -1
0 -1
0 -1
0 -1
0 -1
0 -1
0 -1
0 -1
0 -1
0 -1
0 -1
0 -1
0 -1
0 -1
0 -1
0 -1
0 -1
0 -1
0 -1
0 -1
0 -1
0 -1
0 -1
0 -1
0 -1
0 -1
0 -1
0 -1
0 -1
0 -1
0 -1
0 -1
0 -1
0 -1
0 -1
0 -1
0 -1
0 -1
0 -1
0 -1
0 -1
0 -1
0 -1
0 -1
0 -1
0 -1
0 -1
0 -1
0 -1
0 -1
0 -1
0 -1
0 -1
0 -1
0 -1
0 -1
0 -1
0 -1
0 -1
0 -1
0 -1
0 -1
0 -1
0 -1
0 -1
0 -1
0 -1
0 -1
0 -1
0 -1
0 -1
0 -1
0 -1
0 -1
0 -1
0 -1
0 -1
0 -1
0 -1
0 -1
0 -1
0 -1
0 -1
0 -1
0 -1
0 -1
0 -1
0 -1
0 -1
0 -1
0 -1
0 -1
0 -1
0 -1
0 -1
0 -1
0 -1
0 -1
0 -1
0 -1
0 -1
0 -1
0 -1
0 -1
0 -1
0 -1
0 -1
0 -1
0 -1
0 -1
0 -1
0 -1
0 -1
0 -1
0 -1
0 -1
0 -1
0 -1
0 -1
0 -1
0 -1
0 -1
0 -1
0 -1
0 -1
0 -1
0 -1
0 -1
0 -1
0 -1
0 -1
0 -1
0 -1
0 -1
0 -1
0 -1
0 -1
0 -1
0 -1
0 -1
0 -1
0 -1
0 -1
0 -1
0 -1
0 -1
0 -1
0 -1
0 -1
0 -1
0 -1
