31 -67
38 -66
34 -61
29 -42
41 -40
31 -33
43 -29
41 -24
45 -26
42 -25
44 -9
44 -9
45 -12
48 -6
41 -7
49 -3
47 -4
41 -6
50 4
55 -2
55 -2
55 -2
55 -2
55 -2
55 -2
55 -2
55 -2
55 -2
55 -2
55 -2
55 -2
55 -2
55 -2
55 -2
55 -2
55 -2
55 -2
55 -2
55 -2
55 -2
55 -2
55 -2
55 -2
55 -2
55 -2
55 -2
55 -2
55 -2
55 -2
55 -2
55 -2
55 -2
55 -2
55 -3
55 0
55 0
55 0
55 0
55 0
55 0
55 0
55 0
55 0
55 0
55 0
55 0
55 0
55 0
55 0
55 0
55 0
55 0
55 0
55 0
55 0
55 0
55 0
55 0
55 0
55 0
55 0
55 0
55 0
55 0
55 0
55 0
55 0
55 0
55 0
55 0
55 0
55 0
55 0
55 0
55 0
55 0
55 0
55 0
55 0
55 0
55 0
55 0
55 0
55 0
55 0
55 0
55 0
55 0
55 0
55 0
55 0
55 0
55 0
55 0
55 0
55 0
55 0
55 0
55 0
55 0
55 0
55 0
55 0
55 0
55 0
55 0
55 0
55 0
55 0
55 0
55 0
55 0
55 0
55 0
55 0
55 0
55 0
55 0
55 0
55 0
55 0
55 0
55 0
55 0
55 0
55 0
55 0
55 0
55 0
55 0
55 0
55 0
55 0
55 0
55 0
55 0
55 0
55 0
55 0
55 0
57 0
53 -1
53 -1
53 -1
53 -1
53 -1
53 -1
53 -1
53 -1
53 -1
53 -1
53 -1
53 -1
53 -1
53 -1
53 -1
53 -1
53 -1
53 -1
53 -1
53 -1
53 -1
53 -1
53 -1
53 -1
53 -1
53 -1
53 -1
51 7
51 7
51 7
51 7
51 7
51 7
51 7
51 7
51 7
51 7
51 7
51 7
51 7
51 7
51 7
51 7
51 7
51 7
51 7
51 7
51 7
51 7
51 7
51 7
51 7
51 7
51 7
51 7
51 7
51 7
51 7
51 7
51 7
51 7
51 7
51 7
51 7
51 7
51 7
51 7
51 7
51 7
51 7
51 7
51 7
51 7
51 7
51 7
51 7
51 7
51 7
51 7
51 7
51 7
51 7
51 7
51 7
51 7
51 7
51 7
51 7
51 7
51 7
51 7
51 7
51 7
51 7
51 7
51 7
55 4
55 4
55 4
55 4
55 4
55 4
55 4
55 4
55 4
55 4
55 4
55 4
55 4
55 4
55 4
55 4
55 4
55 4
55 4
55 4
55 4
55 4
55 4
55 4
55 4
55 4
55 4
55 4
55 4
55 4
55 4
44 2
44 2
44 2
44 2
44 2
44 2
44 2
44 2
44 2
44 2
44 2
44 2
44 2
44 2
44 2
44 2
44 2
44 2
44 2
44 2
44 2
44 2
44 2
44 2
44 2
44 2
44 2
44 2
44 2
44 2
44 2
44 2
44 2
44 2
44 2
44 2
44 2
44 2
44 2
44 2
44 2
44 2
44 2
44 2
44 2
44 2
44 2
44 2
44 2
44 2
44 2
44 2
44 2
44 2
44 2
44 2
44 2
44 2
44 2
44 2
44 2
44 2
44 2
44 2
44 2
44 2
44 2
44 2
44 2
44 2
44 2
44 2
53 8
53 8
53 8
53 8
53 8
53 8
53 8
53 8
53 8
53 8
53 8
53 8
53 8
53 8
53 8
53 8
53 8
53 8
53 8
53 8
53 8
53 8
53 8
53 8
57 4
57 4
57 4
57 4
57 4
57 4
57 4
57 4
57 4
57 4
57 4
57 4
57 4
57 4
57 4
57 4
57 4
57 4
57 4
57 4
57 4
57 4
57 4
57 4
57 4
57 4
57 4
57 4
57 4
57 7
57 7
57 7
57 7
57 7
57 7
57 7
57 7
57 7
57 7
57 7
57 7
57 7
57 7
57 7
57 7
57 7
57 7
57 7
57 7
57 7
57 7
57 7
57 7
57 7
57 7
57 7
57 7
57 7
57 7
57 7
57 7
57 7
57 7
57 7
57 7
57 7
57 7
57 7
57 7
57 7
57 7
57 7
57 7
57 7
57 7
57 7
57 7
57 7
57 7
57 7
57 7
57 7
57 7
57 7
44 6
44 6
44 6
44 6
44 6
44 6
44 6
44 6
44 6
44 6
44 6
44 6
44 6
44 6
44 6
44 6
44 6
44 6
44 6
44 6
44 6
44 6
44 6
44 6
44 6
44 6
44 6
44 6
58 19
58 19
58 19
58 19
58 19
58 19
58 19
58 19
58 19
58 19
58 19
58 19
58 19
58 19
58 19
58 19
58 19
58 19
58 19
58 19
58 19
58 19
58 19
58 19
58 19
58 19
58 19
58 19
58 19
58 19
58 19
58 19
58 19
58 19
58 19
58 19
58 19
58 19
58 19
58 19
58 19
58 19
58 19
58 19
58 19
58 19
58 19
58 19
58 19
58 19
58 19
58 19
58 19
58 19
58 19
58 19
58 19
58 19
58 19
58 19
55 18
55 18
55 18
55 18
55 18
55 18
55 18
55 18
55 18
55 18
55 18
55 18
55 18
55 18
55 18
55 18
55 18
55 18
55 18
55 18
55 18
55 18
55 18
51 16
51 16
51 16
51 16
51 16
51 16
51 16
51 16
51 16
51 16
51 16
51 16
51 16
51 16
51 16
51 16
51 16
51 16
51 16
51 16
51 16
51 16
51 16
51 16
51 16
51 16
51 16
51 16
51 16
51 16
51 16
51 16
51 16
51 16
51 16
51 16
51 16
51 16
51 16
51 16
51 16
51 16
51 16
51 16
51 16
51 16
51 16
51 16
51 16
51 16
51 16
51 16
51 16
51 16
51 16
51 16
51 16
51 16
51 16
51 16
51 16
57 19
57 19
57 19
57 19
57 19
57 19
57 19
57 19
57 19
57 19
57 19
57 19
57 19
57 19
57 19
57 19
57 19
57 19
57 19
57 19
57 19
57 19
57 19
57 19
57 19
57 19
57 19
57 19
57 19
57 19
57 19
57 19
58 26
58 26
58 26
58 26
58 26
58 26
58 26
58 26
58 26
58 26
58 26
58 26
58 26
58 26
58 26
58 26
58 26
58 26
58 26
58 26
58 26
58 26
58 26
58 26
58 26
58 26
58 26
58 26
58 22
58 22
58 22
58 22
58 22
58 22
58 22
58 22
58 22
58 22
58 22
58 22
58 22
58 22
58 22
58 22
58 22
58 22
58 22
58 22
58 22
58 22
58 22
58 22
58 22
58 22
58 22
58 22
45 23
45 23
45 23
45 23
45 23
45 23
45 23
45 23
45 23
45 23
45 23
45 23
45 23
45 23
45 23
45 23
45 23
45 23
45 23
45 23
45 23
45 23
45 23
45 23
45 23
45 23
45 23
45 23
45 23
45 23
45 23
45 23
45 23
45 23
45 23
45 23
45 23
45 23
45 23
45 23
45 23
45 23
45 23
45 23
45 23
45 23
45 23
45 23
45 23
45 23
45 23
45 23
45 23
45 23
45 23
45 23
45 23
45 23
55 31
55 31
55 31
55 31
55 31
55 31
55 31
55 31
55 31
55 31
55 31
55 31
55 31
55 31
55 31
55 31
55 31
55 31
55 31
55 31
55 31
55 31
55 31
55 31
55 31
55 31
55 31
55 31
55 31
46 34
46 34
46 34
46 34
46 34
46 34
46 34
46 34
46 34
46 34
46 34
46 34
46 34
46 34
46 34
46 34
46 34
46 34
46 34
46 34
46 34
46 34
46 34
46 34
46 34
46 34
46 34
46 34
46 34
46 34
46 34
46 34
46 34
46 34
46 34
46 34
46 34
46 34
46 34
46 34
46 34
46 34
46 34
46 34
46 34
46 34
46 34
46 34
46 34
46 34
46 34
46 34
46 34
46 34
46 34
46 34
46 34
46 34
46 34
46 34
46 34
46 34
46 34
46 34
46 34
46 34
46 34
46 34
46 34
46 40
46 40
46 40
46 40
46 40
46 40
46 40
46 40
46 40
46 40
46 40
46 40
46 40
46 40
46 40
46 40
46 40
46 40
46 40
46 40
46 40
46 40
46 40
46 40
46 40
46 40
46 40
46 40
46 40
46 40
46 40
46 40
38 34
38 34
38 34
38 34
38 34
38 34
38 34
38 34
38 34
38 34
38 34
38 34
38 34
38 34
38 34
38 34
38 34
38 34
38 34
38 34
38 34
38 34
38 34
31 41
31 41
31 41
31 41
31 41
31 41
31 41
31 41
31 41
31 41
31 41
31 41
31 41
31 41
31 41
31 41
31 41
31 41
31 41
31 41
31 41
31 41
31 41
31 41
31 41
31 41
31 41
31 41
31 41
31 41
31 41
31 41
31 41
31 41
31 41
31 41
31 41
31 41
31 41
31 41
31 41
31 41
31 41
31 41
31 41
31 41
31 41
31 41
31 41
31 41
31 41
31 41
31 41
31 41
31 41
31 41
31 41
31 41
31 41
31 41
31 41
31 41
31 41
31 41
31 41
31 41
31 41
40 39
40 39
40 39
40 39
40 39
40 39
40 39
40 39
40 39
40 39
40 39
40 39
40 39
40 39
40 39
40 39
40 39
40 39
40 39
40 39
40 39
40 39
40 39
40 39
40 39
40 39
40 39
40 39
40 39
40 39
40 39
40 39
40 39
40 39
40 39
40 39
40 39
40 39
40 39
40 39
40 39
40 39
40 39
40 39
40 39
40 39
40 39
40 39
40 39
40 39
40 39
40 39
40 39
40 39
40 39
40 39
40 39
40 39
40 39
40 39
40 39
40 39
40 39
40 39
40 39
40 39
40 39
40 39
38 44
38 44
38 44
38 44
38 44
38 44
38 44
38 44
38 44
38 44
38 44
38 44
38 44
38 44
38 44
38 44
38 44
38 44
38 44
38 44
38 44
38 44
38 44
38 44
38 44
38 44
38 44
38 44
38 44
38 44
38 44
44 42
44 42
44 42
44 42
44 42
44 42
44 42
44 42
44 42
44 42
44 42
44 42
44 42
44 42
44 42
44 42
44 42
44 42
44 42
44 42
44 42
44 42
44 42
44 42
44 42
44 42
44 42
44 42
44 42
44 42
44 42
44 42
44 42
44 42
44 42
44 42
44 42
44 42
44 42
44 42
44 42
44 42
44 42
44 42
44 42
44 42
44 42
44 42
44 42
44 42
44 42
44 42
44 42
44 42
44 42
44 42
44 42
36 46
36 46
36 46
36 46
36 46
36 46
36 46
36 46
36 46
36 46
36 46
36 46
36 46
36 46
36 46
36 46
36 46
36 46
36 46
36 46
36 46
36 46
36 46
36 46
36 46
36 46
36 46
36 46
36 46
36 46
36 46
36 46
36 46
36 46
36 46
36 46
36 46
36 46
36 46
36 46
36 46
36 46
36 46
36 46
36 46
36 46
36 46
38 56
38 56
38 56
38 56
38 56
38 56
38 56
38 56
38 56
38 56
38 56
38 56
38 56
38 56
38 56
38 56
38 56
38 56
38 56
38 56
38 56
38 56
38 56
38 56
38 56
38 56
38 56
38 56
38 56
35 50
35 50
35 50
35 50
35 50
35 50
35 50
35 50
35 50
35 50
35 50
35 50
35 50
35 50
35 50
35 50
35 50
35 50
35 50
35 50
35 50
35 50
35 50
35 50
35 50
35 50
35 50
35 50
35 50
35 50
35 50
35 50
35 50
35 50
35 50
35 50
35 50
35 50
35 50
35 50
35 50
35 50
35 50
35 50
35 50
35 50
35 50
35 50
35 50
35 50
35 50
35 50
35 50
35 50
35 50
35 50
35 50
35 50
35 50
35 50
35 50
37 52
37 52
37 52
37 52
37 52
37 52
37 52
37 52
37 52
37 52
37 52
37 52
37 52
37 52
37 52
37 52
37 52
37 52
37 52
37 52
37 52
37 52
37 52
37 52
37 52
37 52
37 52
37 52
37 52
28 48
28 48
28 48
28 48
28 48
28 48
28 48
28 48
28 48
28 48
28 48
28 48
28 48
28 48
28 48
28 48
28 48
28 48
28 48
28 48
28 48
28 48
28 48
28 48
28 48
28 48
28 48
24 43
24 43
24 43
24 43
24 43
24 43
24 43
24 43
24 43
24 43
24 43
24 43
24 43
24 43
24 43
24 43
24 43
24 43
24 43
24 43
24 43
24 43
24 43
24 43
24 43
24 43
24 43
24 43
24 43
24 43
24 43
24 43
24 43
24 43
24 43
24 43
24 43
24 43
24 43
24 43
24 43
24 43
24 43
24 43
24 43
24 43
24 43
24 43
24 43
24 43
24 43
24 43
24 43
24 43
24 43
24 43
24 43
24 43
24 43
24 43
24 43
24 43
24 43
35 43
35 43
35 43
35 43
35 43
35 43
35 43
35 43
35 43
35 43
35 43
35 43
35 43
35 43
35 43
35 43
35 43
35 43
35 43
35 43
35 43
35 43
35 43
35 43
35 43
35 43
35 43
35 43
35 43
34 50
34 50
34 50
34 50
34 50
34 50
34 50
34 50
34 50
34 50
34 50
34 50
34 50
34 50
34 50
34 50
34 50
34 50
34 50
34 50
34 50
34 50
34 50
34 50
34 50
34 50
34 50
34 50
34 50
34 50
34 50
34 50
34 50
34 50
34 50
34 50
34 50
34 50
34 50
34 50
34 50
34 50
34 50
34 50
34 50
34 50
34 50
34 50
34 50
34 50
34 50
34 50
34 50
34 50
34 50
34 50
34 50
19 52
19 52
19 52
19 52
19 52
19 52
19 52
19 52
19 52
19 52
19 52
19 52
19 52
19 52
19 52
19 52
19 52
19 52
19 52
19 52
19 52
19 52
16 51
16 51
16 51
16 51
16 51
16 51
16 51
16 51
16 51
16 51
16 51
16 51
16 51
16 51
16 51
16 51
16 51
16 51
16 51
16 51
16 51
16 51
16 51
16 51
16 51
16 51
16 51
16 51
16 51
13 46
13 46
13 46
13 46
13 46
13 46
13 46
13 46
13 46
13 46
13 46
13 46
13 46
13 46
13 46
13 46
13 46
13 46
13 46
13 46
13 46
13 46
13 46
13 46
13 46
13 46
13 46
13 46
13 46
13 46
13 46
13 46
13 46
13 46
13 46
13 46
13 46
13 46
13 46
13 46
13 46
13 46
13 46
13 46
13 46
13 46
13 46
13 46
13 46
13 46
13 46
13 46
13 46
13 46
13 46
13 46
13 46
13 46
13 46
13 46
13 46
13 46
13 46
13 46
13 46
13 46
13 46
13 46
13 46
13 46
13 46
13 46
13 46
13 46
13 46
13 46
13 46
13 46
13 46
13 46
13 46
13 46
13 46
13 46
13 46
13 46
13 46
13 46
13 46
13 46
13 46
13 46
13 46
13 46
13 46
13 46
13 46
13 46
13 46
13 46
13 46
13 46
13 46
13 46
13 46
13 47
13 47
13 47
13 47
13 47
13 47
13 47
13 47
13 47
13 47
13 47
13 47
13 47
13 47
13 47
13 47
13 47
13 47
13 47
9 56
9 49
9 49
9 49
9 49
9 49
9 49
9 49
9 49
9 49
9 49
9 49
9 49
9 49
9 49
9 49
9 49
9 49
9 49
9 49
9 49
9 49
9 49
9 49
9 49
9 49
9 49
9 49
9 49
9 49
9 49
9 49
9 49
9 49
9 49
9 49
9 49
9 49
9 49
9 49
9 49
9 49
9 49
9 49
9 49
9 49
9 49
9 49
9 49
9 49
4 41
4 41
4 41
4 41
4 41
4 41
4 41
4 41
4 41
4 41
4 41
4 41
4 41
4 41
4 41
4 41
4 41
4 41
4 41
4 41
4 41
4 41
4 41
4 41
4 41
4 41
4 41
7 53
7 53
7 53
7 53
7 53
7 53
7 53
7 53
7 53
7 53
7 53
7 53
7 53
7 53
7 53
7 53
7 53
7 53
7 53
7 53
7 53
7 53
7 53
7 53
7 53
7 53
7 53
7 53
7 53
7 53
7 53
7 53
7 53
7 53
7 53
7 53
7 53
7 53
7 53
7 53
7 53
7 53
7 53
7 53
7 53
7 53
7 53
7 53
7 53
7 53
7 53
7 53
7 53
7 53
7 53
7 53
4 55
4 55
4 55
4 55
4 55
4 55
4 55
4 55
4 55
4 55
4 55
4 55
4 55
4 55
4 55
4 55
4 55
4 55
4 55
4 55
4 55
4 55
4 55
4 55
4 55
-1 54
-1 54
-1 54
-1 54
-1 54
-1 54
-1 54
-1 54
-1 54
-1 54
-1 54
-1 54
-1 54
-1 54
-1 54
-1 54
-1 54
-1 54
-1 54
-1 54
-1 54
-1 54
-1 54
-1 54
-1 54
-1 54
-1 54
0 55
0 55
0 55
0 55
0 55
0 55
0 55
0 55
0 55
0 55
0 55
0 55
0 55
0 55
0 55
0 55
0 55
0 55
0 55
0 55
0 55
0 55
0 55
0 55
0 55
0 55
0 55
0 55
0 55
0 55
0 55
0 55
0 55
0 55
0 55
0 55
0 55
0 55
0 55
0 55
0 55
0 55
0 55
0 55
0 55
0 55
0 55
0 55
0 55
0 55
0 55
0 55
0 55
0 55
0 55
0 55
0 55
0 55
0 55
0 55
4 58
4 58
4 58
4 58
4 58
4 58
4 58
4 58
4 58
4 58
4 58
4 58
4 58
4 58
4 58
4 58
4 58
4 58
4 58
4 58
4 58
4 58
4 58
4 58
4 58
4 58
4 58
4 58
4 58
4 58
0 57
0 57
0 57
0 57
0 57
0 57
0 57
0 57
0 57
0 57
0 57
0 57
0 57
0 57
0 57
0 57
0 57
0 57
0 57
0 57
0 57
0 57
0 57
0 57
0 57
0 57
0 57
0 57
0 57
0 57
0 57
0 57
0 57
0 57
0 57
0 57
0 57
0 57
0 57
0 57
0 57
0 57
0 57
0 57
0 57
0 57
0 57
0 57
0 57
0 57
0 57
0 57
0 57
0 57
0 57
0 57
0 57
0 57
0 57
0 57
0 57
-2 56
-2 56
-2 56
-2 56
-2 56
-2 56
-2 56
-2 56
-2 56
-2 56
-2 56
-2 56
-2 56
-2 56
-2 56
-2 56
-2 56
-2 56
-2 56
-2 56
-2 56
-2 56
-2 56
-2 56
-2 56
-2 56
-2 56
-2 56
-2 56
-2 56
-2 56
-2 56
-3 54
-3 54
-3 54
-3 54
-3 54
-3 54
-3 54
-3 54
-3 54
-3 54
-3 54
-3 54
-3 54
-3 54
-3 54
-3 54
-3 54
-3 54
-3 54
-3 54
-3 54
-3 54
-3 54
-3 54
-3 54
-3 54
-3 54
-3 54
-3 54
-3 54
0 48
0 48
0 48
0 48
0 48
0 48
0 48
0 48
0 48
0 48
0 48
0 48
0 48
0 48
0 48
0 48
0 48
0 48
0 48
0 48
0 48
0 48
0 48
0 48
0 48
0 48
0 48
0 48
0 48
0 48
0 48
0 48
0 48
0 48
0 48
0 48
0 48
0 48
0 48
0 48
0 48
0 48
0 48
0 48
0 48
0 48
0 48
0 48
0 48
0 48
0 48
0 48
0 48
0 48
0 48
0 48
0 48
0 48
0 48
0 48
0 48
0 48
0 48
0 48
0 48
1 54
1 54
1 54
1 54
1 54
1 54
1 54
1 54
1 54
1 54
1 54
1 54
1 54
1 54
1 54
1 54
1 54
1 54
1 54
1 54
1 54
1 54
1 54
1 54
1 54
1 54
1 54
1 54
1 54
-6 55
-6 55
-6 55
-6 55
-6 55
-6 55
-6 55
-6 55
-6 55
-6 55
-6 55
-6 55
-6 55
-6 55
-6 55
-6 55
-6 55
-6 55
-6 55
-6 55
-6 55
-6 55
-6 55
-6 55
-8 58
-8 58
-8 58
-8 58
-8 58
-8 58
-8 58
-8 58
-8 58
-8 58
-8 58
-8 58
-8 58
-8 58
-8 58
-8 58
-8 58
-8 58
-8 58
-8 58
-8 58
-8 58
-8 58
-8 58
-8 58
-8 58
-8 58
-8 58
-8 58
-8 58
-8 58
-8 58
-8 58
-8 58
-8 58
-8 58
-8 58
-8 58
-8 58
-8 58
-8 58
-8 58
-8 58
-8 58
-8 58
-8 58
-8 58
-8 58
-8 58
-8 58
-8 58
-8 58
-8 58
-8 58
-8 58
-8 58
-8 58
-8 58
-8 58
-8 58
-8 58
-8 58
-8 58
-8 58
-8 58
-8 54
-8 54
-8 54
-8 54
-8 54
-8 54
-8 54
-8 54
-8 54
-8 54
-8 54
-8 54
-8 54
-8 54
-8 54
-8 54
-8 54
-8 54
-8 54
-8 54
-8 54
-8 54
-8 54
-8 54
-8 54
-8 54
-8 54
-8 54
-8 54
-8 54
-8 54
-11 51
-11 51
-11 51
-11 51
-11 51
-11 51
-11 51
-11 51
-11 51
-11 51
-11 51
-11 51
-11 51
-11 51
-11 51
-11 51
-11 51
-11 51
-11 51
-11 51
-11 51
-11 51
-11 51
-11 51
-11 51
-11 51
-11 51
-11 51
-11 51
-11 51
-11 51
-11 51
-11 51
-11 51
-11 51
-11 51
-11 51
-11 51
-11 51
-11 51
-11 51
-11 51
-11 51
-11 51
-11 51
-11 51
-11 51
-11 51
-11 51
-11 51
-11 51
-11 51
-11 51
-11 51
-11 51
-11 51
-11 51
-11 51
-11 51
-11 51
-11 51
-11 51
-11 51
-11 51
-11 51
-16 59
-16 59
-16 59
-16 59
-16 59
-16 59
-16 59
-16 59
-16 59
-16 59
-16 59
-16 59
-16 59
-16 59
-16 59
-16 59
-16 59
-16 59
-16 59
-16 59
-16 59
-16 59
-16 59
-16 59
-16 59
-16 59
-16 59
-16 59
-12 52
-12 52
-12 52
-12 52
-12 52
-12 52
-12 52
-12 52
-12 52
-12 52
-12 52
-12 52
-12 52
-12 52
-12 52
-12 52
-12 52
-12 52
-12 52
-12 52
-12 52
-12 52
-12 52
-12 52
-12 52
-12 52
-12 52
-12 52
-12 52
-12 52
-12 52
-12 52
-12 52
-12 52
-12 52
-12 52
-12 52
-12 52
-12 52
-12 52
-12 52
-12 52
-12 52
-12 52
-12 52
-12 52
-12 52
-12 52
-12 52
-12 52
-12 52
-12 52
-12 52
-12 52
-12 52
-12 52
-16 52
-16 52
-16 52
-16 52
-16 52
-16 52
-16 52
-16 52
-16 52
-16 52
-16 52
-16 52
-16 52
-16 52
-16 52
-16 52
-16 52
-16 52
-16 52
-16 52
-16 52
-16 52
-16 52
-16 52
-16 52
-15 53
-15 53
-15 53
-15 53
-15 53
-15 53
-15 53
-15 53
-15 53
-15 53
-15 53
-15 53
-15 53
-15 53
-15 53
-15 53
-15 53
-15 53
-15 53
-15 53
-15 53
-15 53
-15 53
-15 53
-15 53
-15 53
-15 53
-15 53
-13 46
-13 46
-13 46
-13 46
-13 46
-13 46
-13 46
-13 46
-13 46
-13 46
-13 46
-13 46
-13 46
-13 46
-13 46
-13 46
-13 46
-13 46
-13 46
-13 46
-13 46
-13 46
-13 46
-13 46
-13 46
-13 46
-13 46
-13 46
-13 46
-13 46
-13 46
-13 46
-13 46
-13 46
-13 46
-13 46
-13 46
-13 46
-13 46
-13 46
-13 46
-13 46
-13 46
-13 46
-13 46
-13 46
-13 46
-13 46
-13 46
-13 46
-13 46
-13 46
-13 46
-13 46
-13 46
-13 46
-13 46
-13 46
-15 36
-15 36
-15 36
-15 36
-15 36
-15 36
-15 36
-15 36
-15 36
-15 36
-15 36
-15 36
-15 36
-15 36
-15 36
-15 36
-15 36
-15 36
-15 36
-15 36
-15 36
-15 36
-15 36
-15 36
-15 48
-15 48
-15 48
-15 48
-15 48
-15 48
-15 48
-15 48
-15 48
-15 48
-15 48
-15 48
-15 48
-15 48
-15 48
-15 48
-15 48
-15 48
-15 48
-15 48
-15 48
-15 48
-25 54
-25 54
-25 54
-25 54
-25 54
-25 54
-25 54
-25 54
-25 54
-25 54
-25 54
-25 54
-25 54
-25 54
-25 54
-25 54
-25 54
-25 54
-25 54
-25 54
-25 54
-25 54
-25 54
-25 54
-25 54
-25 54
-25 54
-25 54
-25 54
-25 54
-25 54
-25 54
-25 54
-25 54
-25 54
-25 54
-25 54
-25 54
-28 54
-28 54
-28 54
-28 54
-28 54
-28 54
-28 54
-28 54
-28 54
-28 54
-28 54
-28 54
-28 54
-28 54
-28 54
-28 54
-28 54
-28 54
-34 49
-34 49
-34 49
-34 49
-34 49
-34 49
-34 49
-34 49
-34 49
-34 49
-34 49
-34 49
-34 49
-34 49
-34 49
-34 49
-34 49
-36 64
-36 64
-36 64
-36 64
-36 64
-36 64
-36 64
-36 64
-36 64
-36 64
-36 64
-36 64
-36 64
-36 64
-36 64
-36 64
-36 64
-36 64
-36 64
-36 64
-36 64
-36 64
-36 64
-36 64
-36 64
-36 64
-36 64
-36 64
-36 64
-36 64
-36 64
-36 64
-36 64
-36 64
-36 64
-36 64
-36 64
-36 64
-36 64
-36 64
-36 64
-36 64
-36 64
-36 64
-36 64
-34 60
-34 60
-34 60
-34 60
-34 60
-34 60
-34 60
-34 60
-34 60
-34 60
-34 60
-34 60
-34 60
-34 60
-34 60
-34 60
-34 60
-34 60
-34 60
-34 60
-39 54
-39 54
-39 54
-39 54
-39 54
-39 54
-39 54
-39 54
-39 54
-39 54
-39 54
-39 54
-39 54
-39 54
-39 54
-39 54
-39 54
-39 54
-39 54
-39 54
-39 54
-39 54
-39 54
-39 54
-39 54
-39 54
-39 54
-39 54
-39 54
-39 54
-39 54
-39 54
-39 54
-39 54
-39 54
-39 54
-39 54
-39 54
-39 54
-39 54
-34 49
-34 49
-34 49
-34 49
-34 49
-34 49
-34 49
-34 49
-34 49
-34 49
-34 49
-34 49
-34 49
-34 49
-34 49
-34 49
-34 49
-34 49
-34 49
-34 49
-34 49
-34 49
-34 49
-34 49
-34 49
-34 49
-34 49
-34 49
-34 49
-34 49
-34 49
-34 49
-34 49
-34 49
-34 49
-34 49
-34 49
-34 49
-34 49
-34 49
-34 49
-34 49
-34 49
-34 49
-34 49
-34 49
-34 49
-34 49
-34 49
-44 39
-44 39
-44 39
-44 39
-44 39
-44 39
-44 39
-44 39
-44 39
-44 39
-44 39
-44 39
-44 39
-44 39
-44 39
-44 39
-44 39
-44 39
-44 39
-44 39
-44 39
-43 39
-43 39
-43 39
-43 39
-43 39
-43 39
-43 39
-43 39
-43 39
-43 39
-43 39
-43 39
-43 39
-43 39
-43 39
-43 39
-43 39
-43 39
-43 39
-43 39
-43 39
-43 39
-43 39
-60 50
-60 50
-60 50
-60 50
-60 50
-60 50
-60 50
-60 50
-60 50
-60 50
-60 50
-60 50
-60 50
-60 50
-60 50
-60 50
-60 50
-60 50
-60 50
-60 50
-60 50
-54 49
-54 49
-54 49
-54 49
-54 49
-54 49
-54 49
-54 49
-54 49
-54 49
-54 49
-54 49
-54 49
-54 49
-54 49
-54 49
-54 49
-54 49
-54 49
-54 49
-54 49
-54 49
-54 49
-54 49
-54 49
-54 49
-54 49
-54 49
-54 49
-54 49
-54 49
-54 49
-54 49
-54 49
-54 49
-54 49
-54 49
-54 49
-54 49
-54 49
-54 49
-54 49
-54 49
-54 49
-54 49
-54 49
-54 49
-54 49
-54 49
-54 49
-54 49
-60 44
-60 44
-60 44
-60 44
-60 44
-60 44
-60 44
-60 44
-60 44
-60 44
-60 44
-60 44
-60 44
-60 44
-60 44
-60 44
-60 44
-60 44
-60 44
-60 44
-60 44
-50 31
-50 31
-50 31
-50 31
-50 31
-50 31
-50 31
-50 31
-50 31
-50 31
-50 31
-50 31
-50 31
-50 31
-50 31
-50 31
-50 31
-50 31
-50 31
-50 31
-50 31
-63 29
-63 29
-63 29
-63 29
-63 29
-63 29
-63 29
-63 29
-63 29
-63 29
-63 29
-63 29
-63 29
-63 29
-63 29
-63 29
-63 29
-63 29
-63 29
-63 29
-63 29
-63 29
-63 29
-63 29
-63 29
-63 29
-63 29
-63 29
-63 29
-63 29
-63 29
-63 29
-63 29
-63 29
-63 29
-63 29
-63 29
-77 34
-77 34
-77 34
-77 34
-77 34
-77 34
-77 34
-77 34
-77 34
-77 34
-77 34
-77 34
-77 34
-77 34
-77 34
-77 34
-77 34
-81 32
-81 32
-81 32
-81 32
-81 32
-81 32
-81 32
-81 32
-81 32
-81 32
-81 32
-81 32
-81 32
-81 32
-81 32
-81 32
-81 32
-81 32
-81 32
-81 32
-81 32
-81 32
-81 32
-81 32
-81 32
-81 32
-81 32
-81 32
-81 32
-81 32
-81 32
-81 32
-81 32
-81 32
-81 32
-81 32
-81 32
-81 32
-81 32
-81 32
-81 32
-81 32
-81 32
-81 32
-81 32
-81 32
-81 32
-81 32
-81 32
-81 32
-81 32
-81 32
-81 32
-81 32
-81 32
-71 26
-71 26
-71 26
-71 26
-71 26
-71 26
-71 26
-71 26
-71 26
-71 26
-71 26
-71 26
-71 26
-71 26
-71 26
-71 26
-71 26
-71 26
-71 26
-71 26
-71 26
-71 26
-71 26
-71 26
-71 26
-89 21
-89 21
-89 21
-89 21
-89 21
-89 21
-89 21
-89 21
-89 21
-89 21
-89 21
-89 21
-89 21
-89 21
-89 21
-89 21
-89 21
-89 21
-89 21
-89 21
-89 21
-89 21
-89 21
-89 21
-89 21
-84 11
-84 11
-84 11
-84 11
-84 11
-84 11
-84 11
-84 11
-84 11
-84 11
-84 11
-84 11
-84 11
-84 11
-84 11
-84 11
-84 11
-84 11
-84 11
-84 11
-84 11
-84 11
-84 11
-84 11
-84 11
-84 11
-84 11
-84 11
-84 11
-84 11
-84 11
-84 11
-84 11
-84 11
-84 11
-84 11
-84 11
-84 11
-84 11
-84 11
-84 11
-84 11
-84 11
-84 11
-84 11
-84 11
-84 11
-84 11
-84 11
-84 11
-84 11
-84 11
-84 11
-84 11
-84 11
-84 11
-84 11
-84 11
-84 11
-84 11
-84 11
-84 11
-84 11
-84 11
-84 11
-84 11
-84 11
-84 11
-84 11
-84 11
-84 11
-84 11
-84 11
-84 11
-84 11
-84 11
-84 11
-84 11
-84 11
-84 11
-77 13
-85 6
-85 6
-85 6
-85 6
-85 6
-85 6
-85 6
-85 6
-85 6
-85 6
-85 6
-85 6
-85 6
-85 6
-85 6
-85 6
-85 6
-85 6
-85 6
-85 6
-85 6
-77 9
-77 9
-77 9
-77 9
-77 9
-77 9
-77 9
-77 9
-77 9
-77 9
-77 9
-77 9
-77 9
-77 9
-77 9
-77 9
-77 9
-77 9
-77 9
-77 9
-77 9
-77 9
-77 9
-77 9
-77 9
-77 9
-77 9
-77 9
-77 9
-77 9
-77 9
-77 9
-77 9
-77 9
-77 9
-77 9
-77 9
-77 9
-77 9
-77 9
-77 9
-77 9
-77 9
-77 9
-77 9
-77 9
-77 9
-77 9
-77 9
-77 9
-77 9
-83 6
-83 6
-83 6
-83 6
-83 6
-83 6
-83 6
-83 6
-83 6
-83 6
-83 6
-83 6
-83 6
-83 6
-83 6
-83 6
-83 6
-83 6
-83 6
-83 6
-83 6
-83 6
-83 6
-83 6
-83 6
-83 6
-83 6
-83 6
-83 6
-83 6
-83 6
-83 6
-83 6
-83 6
-83 6
-83 6
-83 6
-83 6
-83 6
-83 6
-83 6
-83 6
-83 6
-83 6
-83 6
-81 0
-81 0
-81 0
-81 0
-81 0
-81 0
-81 0
-81 0
-81 0
-81 0
-81 0
-81 0
-81 0
-81 0
-81 0
-81 0
-81 0
-81 0
-81 0
-81 0
-81 0
-77 1
-77 1
-77 1
-77 1
-77 1
-77 1
-77 1
-77 1
-77 1
-77 1
-77 1
-77 1
-77 1
-77 1
-77 1
-77 1
-77 1
-77 1
-77 1
-77 1
-77 1
-77 1
-77 1
-78 -6
-78 -6
-78 -6
-78 -6
-78 -6
-78 -6
-78 -6
-78 -6
-78 -6
-78 -6
-78 -6
-78 -6
-78 -6
-78 -6
-78 -6
-78 -6
-78 -6
-78 -6
-78 -6
-78 -6
-78 -6
-78 -6
-70 -8
-70 -8
-70 -8
-70 -8
-70 -8
-70 -8
-70 -8
-70 -8
-70 -8
-70 -8
-70 -8
-70 -8
-70 -8
-70 -8
-70 -8
-70 -8
-70 -8
-70 -8
-70 -8
-70 -8
-70 -8
-70 -8
-70 -8
-70 -8
-70 -8
-70 -8
-70 -8
-70 -8
-70 -8
-70 -8
-70 -8
-70 -8
-70 -8
-70 -8
-70 -8
-70 -8
-70 -8
-70 -8
-70 -8
-70 -8
-70 -8
-70 -8
-70 -8
-70 -8
-70 -8
-70 -8
-70 -8
-70 -8
-70 -8
-71 -11
-71 -11
-71 -11
-71 -11
-71 -11
-71 -11
-71 -11
-71 -11
-71 -11
-71 -11
-71 -11
-71 -11
-71 -11
-71 -11
-71 -11
-71 -11
-71 -11
-71 -11
-71 -11
-71 -11
-71 -11
-71 -11
-63 -12
-63 -12
-63 -12
-63 -12
-63 -12
-63 -12
-63 -12
-63 -12
-63 -12
-63 -12
-63 -12
-63 -12
-63 -12
-63 -12
-63 -12
-63 -12
-63 -12
-63 -12
-63 -12
-63 -12
-63 -12
-63 -12
-63 -12
-63 -12
-63 -12
-63 -12
-63 -12
-63 -12
-63 -12
-63 -12
-63 -12
-63 -12
-63 -12
-63 -12
-63 -12
-63 -12
-63 -12
-63 -12
-63 -12
-61 -13
-61 -13
-61 -13
-61 -13
-61 -13
-61 -13
-61 -13
-61 -13
-61 -13
-61 -13
-61 -13
-61 -13
-61 -13
-61 -13
-54 -13
-54 -13
-54 -13
-54 -13
-54 -13
-54 -13
-54 -13
-54 -13
-54 -13
-54 -13
-54 -13
-54 -13
-54 -13
-54 -13
-54 -13
-54 -13
-54 -13
-52 -15
-52 -15
-52 -15
-52 -15
-52 -15
-52 -15
-52 -15
-52 -15
-52 -15
-52 -15
-52 -15
-52 -15
-52 -15
-52 -15
-52 -15
-52 -15
-52 -15
-52 -15
-52 -15
-52 -15
-52 -15
-52 -15
-52 -15
-52 -15
-52 -15
-52 -15
-52 -15
-52 -15
-52 -15
-52 -15
-52 -15
-52 -15
-52 -15
-52 -15
-52 -15
-52 -15
-52 -15
-52 -15
-52 -15
-52 -15
-52 -15
-52 -15
-52 -15
-52 -15
-52 -15
-52 -15
-52 -15
-40 -14
-40 -14
-40 -14
-40 -14
-40 -14
-40 -14
-40 -14
-40 -14
-40 -14
-40 -14
-40 -14
-40 -14
-40 -14
-40 -14
-40 -14
-40 -14
-40 -14
-41 -17
-41 -17
-41 -17
-41 -17
-41 -17
-41 -17
-41 -17
-41 -17
-41 -17
-41 -17
-41 -17
-41 -17
-41 -17
-41 -17
-41 -17
-41 -17
-41 -17
-41 -17
-41 -17
-41 -17
-41 -17
-41 -17
-41 -17
-41 -17
-41 -17
-41 -17
-41 -17
-41 -17
-41 -17
-41 -17
-41 -17
-41 -17
-41 -17
-41 -17
-41 -17
-41 -17
-41 -17
-41 -17
-41 -17
-38 -24
-38 -24
-38 -24
-38 -24
-38 -24
-38 -24
-38 -24
-38 -24
-38 -24
-38 -24
-38 -24
-38 -24
-38 -24
-38 -24
-38 -24
-38 -24
-38 -24
-38 -24
-38 -24
-38 -24
-38 -24
-38 -24
-38 -24
-38 -24
-38 -24
-38 -24
-38 -24
-38 -24
-38 -24
-38 -24
-38 -24
-38 -24
-38 -24
-38 -24
-38 -24
-38 -24
-36 -30
-36 -30
-36 -30
-36 -30
-36 -30
-36 -30
-36 -30
-36 -30
-36 -30
-36 -30
-36 -30
-36 -30
-36 -30
-36 -30
-36 -30
-36 -30
-36 -30
-36 -30
-36 -30
-36 -30
-36 -30
-40 -28
-40 -28
-40 -28
-40 -28
-40 -28
-40 -28
-40 -28
-40 -28
-40 -28
-40 -28
-40 -28
-40 -28
-40 -28
-40 -28
-40 -28
-40 -28
-40 -28
-40 -28
-40 -28
-40 -28
-40 -28
-30 -28
-30 -28
-30 -28
-30 -28
-30 -28
-30 -28
-30 -28
-30 -28
-30 -28
-30 -28
-30 -28
-30 -28
-30 -28
-30 -28
-30 -28
-30 -28
-30 -28
-30 -28
-30 -28
-30 -28
-30 -28
-25 -25
-25 -25
-25 -25
-25 -25
-25 -25
-25 -25
-25 -25
-25 -25
-25 -25
-25 -25
-25 -25
-25 -25
-25 -25
-25 -25
-25 -25
-25 -25
-25 -25
-25 -25
-25 -25
-25 -25
-25 -25
-25 -25
-25 -25
-25 -25
-25 -25
-25 -25
-25 -25
-25 -25
-25 -25
-25 -25
-25 -25
-25 -25
-25 -25
-25 -25
-25 -25
-25 -25
-25 -25
-25 -25
-25 -25
-25 -25
-25 -25
-25 -25
-25 -25
-25 -25
-25 -25
-25 -25
-25 -25
-25 -25
-25 -25
-25 -25
-25 -25
-25 -25
-25 -25
-25 -22
-25 -22
-25 -22
-25 -22
-25 -22
-25 -22
-25 -22
-25 -22
-25 -22
-25 -22
-25 -22
-25 -22
-25 -22
-25 -22
-25 -22
-25 -22
-25 -22
-25 -22
-25 -22
-25 -22
-25 -22
-25 -22
-25 -22
-21 -23
-21 -23
-21 -23
-21 -23
-21 -23
-21 -23
-21 -23
-21 -23
-21 -23
-21 -23
-21 -23
-21 -23
-21 -23
-21 -23
-21 -23
-21 -23
-21 -23
-21 -23
-21 -23
-21 -23
-21 -23
-21 -23
-21 -23
-21 -23
-21 -23
-21 -23
-17 -15
-17 -15
-17 -15
-17 -15
-17 -15
-17 -15
-17 -15
-17 -15
-17 -15
-17 -15
-17 -15
-17 -15
-17 -15
-17 -15
-17 -15
-17 -15
-17 -15
-17 -15
-17 -15
-17 -15
-17 -15
-17 -15
-17 -15
-17 -15
-17 -15
-17 -15
-17 -15
-17 -15
-17 -15
-17 -15
-17 -15
-17 -15
-17 -15
-17 -15
-17 -15
-17 -15
-17 -15
-17 -15
-17 -15
-17 -15
-17 -15
-17 -15
-17 -15
-17 -15
-17 -15
-17 -15
-17 -15
-17 -15
-17 -15
-17 -15
-17 -15
-17 -15
-17 -15
-17 -15
-20 -14
-20 -14
-20 -14
-20 -14
-20 -14
-20 -14
-20 -14
-20 -14
-20 -14
-20 -14
-20 -14
-20 -14
-20 -14
-20 -14
-20 -14
-20 -14
-20 -14
-20 -14
-20 -14
-20 -14
-20 -14
-20 -14
-20 -14
-20 -14
-20 -14
-20 -14
-20 -14
-15 -20
-15 -20
-15 -20
-15 -20
-15 -20
-15 -20
-15 -20
-15 -20
-15 -20
-15 -20
-15 -20
-15 -20
-15 -20
-15 -20
-15 -20
-15 -20
-15 -20
-15 -20
-15 -20
-15 -20
-15 -20
-15 -20
-15 -20
-15 -20
-15 -20
-15 -20
-15 -20
-15 -20
-15 -20
-15 -20
-15 -20
-15 -20
-15 -20
-15 -20
-15 -20
-15 -20
-15 -20
-15 -20
-15 -20
-15 -20
-15 -20
-15 -20
-15 -20
-15 -20
-15 -20
-15 -20
-15 -20
-15 -20
-15 -20
-15 -20
-15 -20
-8 -18
-8 -18
-8 -18
-8 -18
-8 -18
-8 -18
-8 -18
-8 -18
-8 -18
-8 -18
-8 -18
-8 -18
-8 -18
-8 -18
-8 -18
-8 -18
-8 -18
-8 -18
-8 -18
-8 -18
-8 -18
-8 -18
-8 -18
-8 -18
-8 -18
-8 -18
-8 -18
-3 -18
-3 -18
-3 -18
-3 -18
-3 -18
-3 -18
-3 -18
-3 -18
-3 -18
-3 -18
-3 -18
-3 -18
-3 -18
-3 -18
-3 -18
-3 -18
-3 -18
-3 -18
-3 -18
-3 -18
-3 -18
-3 -18
-3 -18
-3 -18
-3 -18
-2 -14
-2 -14
-2 -14
-2 -14
-2 -14
-2 -14
-2 -14
-2 -14
-2 -14
-2 -14
-2 -14
-2 -14
-2 -14
-2 -14
-2 -14
-2 -14
-2 -14
-2 -14
-2 -14
-2 -14
-2 -14
-2 -14
-2 -14
-2 -14
-2 -14
-2 -14
-2 -14
-2 -14
-2 -14
-2 -14
-2 -14
-2 -14
-2 -14
-2 -14
-2 -14
-2 -14
-2 -14
-2 -14
-2 -14
-2 -14
-2 -14
-2 -14
-2 -14
-2 -14
-2 -14
-2 -14
-2 -14
-2 -14
-2 -14
-2 -14
-2 -14
-2 -14
-2 -14
-2 -14
-2 -14
-2 -14
-2 -14
-2 -14
-1 -12
-1 -12
-1 -12
-1 -12
-1 -12
-1 -12
-1 -12
-1 -12
-1 -12
-1 -12
-1 -12
-1 -12
-1 -12
-1 -12
-1 -12
-1 -12
-1 -12
-1 -12
-1 -12
-1 -12
-1 -12
-1 -12
-1 -12
-1 -12
-1 -12
-1 -12
-1 -12
-1 -12
-1 -12
-1 -17
-1 -17
-1 -17
-1 -17
-1 -17
-1 -17
-1 -17
-1 -17
-1 -17
-1 -17
-1 -17
-1 -17
-1 -17
-1 -17
-1 -17
-1 -17
-1 -17
-1 -17
-1 -17
-1 -17
-1 -17
-1 -17
-1 -17
-1 -17
-1 -17
-1 -17
-1 -17
-1 -17
-1 -17
-1 -17
-1 -17
-1 -17
-1 -17
-1 -17
-1 -17
-1 -17
-2 -12
-2 -12
-2 -12
-2 -12
-2 -12
-2 -12
-2 -12
-2 -12
-2 -12
-2 -12
-2 -12
-2 -12
-2 -12
-2 -12
-2 -12
-2 -12
-2 -12
-2 -12
-2 -12
-2 -12
-2 -12
-2 -12
-2 -12
-2 -12
-2 -12
-2 -12
-2 -12
-2 -12
-2 -12
-2 -12
-2 -12
-2 -12
-2 -12
-2 -12
-2 -12
-2 -12
-2 -12
-2 -12
-2 -12
-2 -12
-2 -12
-2 -12
-2 -12
-2 -12
-2 -12
-2 -12
-2 -12
-2 -12
-2 -12
-2 -12
-2 -12
-2 -12
-2 -12
-2 -12
-2 -12
-2 -12
-2 -12
-2 -12
-2 -12
-2 -12
-2 -12
-2 -12
-2 -12
-6 -15
-6 -15
-6 -15
-6 -15
-6 -15
-6 -15
-6 -15
-6 -15
-6 -15
-6 -15
-6 -15
-6 -15
-6 -15
-6 -15
-6 -15
-6 -15
-6 -15
-6 -15
-6 -15
-6 -15
-6 -15
-6 -15
-6 -15
-6 -15
-6 -15
-6 -15
-6 -15
-6 -15
-6 -15
-6 -15
-6 -15
-6 -15
-6 -15
-6 -15
-6 -15
-6 -15
-7 -17
-7 -17
-7 -17
-7 -17
-7 -17
-7 -17
-7 -17
-7 -17
-7 -17
-7 -17
-7 -17
-7 -17
-7 -17
-7 -17
-7 -17
-7 -17
-7 -17
-7 -17
-7 -17
-7 -17
-7 -17
-7 -17
-7 -17
-7 -17
-7 -17
-7 -17
-7 -17
-7 -17
-7 -17
-7 -17
-7 -17
-7 -17
-7 -17
-7 -17
-7 -17
-7 -17
-7 -17
-7 -17
-7 -17
-7 -17
-7 -17
-7 -17
-7 -17
-7 -17
-7 -17
-7 -17
-7 -17
-7 -17
-7 -17
-7 -17
-7 -17
-7 -17
-7 -17
-7 -17
-7 -17
-7 -17
-7 -17
-7 -17
-7 -17
-7 -17
-7 -17
-7 -17
-7 -17
-7 -17
-7 -17
-7 -17
-7 -17
-7 -17
-7 -17
-7 -17
-7 -17
-7 -17
-3 -16
-3 -16
-3 -16
-3 -16
-3 -16
-3 -16
-3 -16
-3 -16
-3 -16
-3 -16
-3 -16
-3 -16
-3 -16
-3 -16
-3 -16
-3 -16
-3 -16
-3 -16
-3 -16
-3 -16
-3 -16
-3 -16
-3 -16
-3 -16
-3 -16
-3 -16
-3 -16
-3 -16
-3 -16
-3 -16
-3 -16
-7 -18
-7 -18
-7 -18
-7 -18
-7 -18
-7 -18
-7 -18
-7 -18
-7 -18
-7 -18
-7 -18
-7 -18
-7 -18
-7 -18
-7 -18
-7 -18
-7 -18
-7 -18
-7 -18
-7 -18
-7 -18
-7 -18
-7 -18
-7 -18
-7 -18
-7 -18
-7 -18
-7 -18
-7 -18
-7 -18
-7 -18
-7 -18
-7 -18
-7 -18
-7 -18
-7 -18
-7 -18
-7 -18
-7 -20
-7 -20
-7 -20
-7 -20
-7 -20
-7 -20
-7 -20
-7 -20
-7 -20
-7 -20
-7 -20
-7 -20
-7 -20
-7 -20
-7 -20
-7 -20
-7 -20
-7 -20
-7 -20
-7 -20
-7 -20
-7 -20
-7 -20
-7 -20
-7 -20
-7 -20
-7 -20
-7 -20
-7 -20
-7 -20
-7 -20
-7 -20
-7 -20
-7 -20
-7 -20
-7 -20
-7 -20
-7 -20
-7 -20
-7 -20
-7 -20
-7 -20
-7 -20
-7 -20
-7 -20
-7 -20
-7 -20
-7 -20
-7 -20
-7 -20
-7 -20
-7 -20
-7 -20
-7 -20
-7 -20
-7 -20
-7 -20
-7 -20
-7 -20
-7 -20
-7 -20
-7 -20
-7 -20
-7 -20
-7 -20
-7 -20
-7 -20
-7 -20
-7 -20
-7 -20
-7 -20
-7 -20
-7 -20
-7 -20
-7 -20
-7 -20
-7 -20
-7 -20
-5 -17
-5 -17
-5 -17
-5 -17
-5 -17
-5 -17
-5 -17
-5 -17
-5 -17
-5 -17
-5 -17
-5 -17
-5 -17
-5 -17
-5 -17
-5 -17
-5 -17
-5 -17
-5 -17
-5 -17
-5 -17
-5 -17
-5 -17
-5 -17
-5 -17
-5 -17
-5 -17
-5 -17
-5 -17
-5 -17
-5 -17
-5 -17
-5 -17
-5 -17
-5 -17
-5 -17
-5 -17
-5 -17
-5 -17
-5 -17
-5 -17
-5 -17
-5 -17
-5 -17
-5 -17
-5 -17
-5 -17
-5 -17
-5 -17
-5 -17
-5 -17
-5 -17
-5 -17
-5 -17
-5 -17
-5 -17
-5 -17
-5 -17
-5 -17
-5 -17
-5 -17
-5 -17
-5 -17
-5 -17
-5 -17
-5 -17
-5 -17
-5 -17
-5 -17
-5 -17
-5 -17
-5 -17
-5 -17
-5 -17
-5 -17
-5 -17
-5 -17
-5 -17
-5 -17
-5 -17
-5 -17
-5 -17
-5 -17
-5 -17
-5 -17
-5 -17
-5 -17
-5 -17
-5 -17
-5 -17
-5 -17
-5 -17
-5 -17
-5 -17
-5 -17
-5 -17
-5 -17
-5 -17
-5 -17
-5 -17
-5 -17
-5 -17
-5 -17
-5 -17
-5 -17
-5 -17
-5 -17
-5 -17
-5 -17
-5 -17
-5 -17
-5 -17
-5 -17
-5 -17
-5 -17
-5 -17
-5 -17
-5 -17
-5 -17
-5 -17
-5 -17
-5 -17
-5 -17
-5 -17
-5 -13
-5 -13
-5 -13
-5 -13
-5 -13
-5 -13
-5 -13
-5 -13
-5 -13
-5 -13
-5 -13
-5 -13
-5 -13
-5 -13
-5 -13
-5 -13
-5 -13
-5 -13
-5 -13
-5 -13
-5 -13
-5 -13
-5 -13
-5 -13
-5 -13
-5 -13
-5 -13
-5 -13
-5 -13
-3 -15
-3 -15
-3 -15
-3 -15
-3 -15
-3 -15
-3 -15
-3 -15
-3 -15
-3 -15
-3 -15
-3 -15
-3 -15
-3 -15
-3 -15
-3 -15
-3 -15
-3 -15
-3 -15
-3 -15
-3 -15
-3 -15
-3 -15
-3 -15
-3 -15
-3 -15
-3 -15
-3 -15
-3 -15
-3 -15
-3 -15
-3 -15
-3 -15
-3 -15
-3 -15
-3 -15
-3 -15
-3 -15
-3 -15
-3 -15
-3 -15
-3 -15
-3 -15
-3 -15
-3 -15
-3 -15
-3 -15
-3 -15
-3 -15
-3 -15
-3 -15
-3 -15
-3 -15
-3 -15
-3 -15
-3 -11
-3 -11
-3 -11
-3 -11
-3 -11
-3 -11
-3 -11
-3 -11
-3 -11
-3 -11
-3 -11
-3 -11
-3 -11
-3 -11
-3 -11
-3 -11
-3 -11
-3 -11
-3 -11
-3 -11
-3 -11
-3 -11
-3 -11
-3 -11
-3 -11
-3 -11
-5 -10
-5 -10
-5 -10
-5 -10
-5 -10
-5 -10
-5 -10
-5 -10
-5 -10
-5 -10
-5 -10
-5 -10
-5 -10
-5 -10
-5 -10
-5 -10
-5 -10
-5 -10
-5 -10
-5 -10
-5 -10
-5 -10
-5 -10
-5 -10
-5 -10
-5 -10
-5 -10
-5 -10
-5 -10
-5 -10
-2 -10
-2 -10
-2 -10
-2 -10
-2 -10
-2 -10
-2 -10
-2 -10
-2 -10
-2 -10
-2 -10
-2 -10
-2 -10
-2 -10
-2 -10
-2 -10
-2 -10
-2 -10
-2 -10
-2 -10
-2 -10
-2 -10
-2 -10
-2 -10
-2 -10
-2 -10
-2 -10
-2 -10
-2 -10
-2 -10
-2 -10
-2 -10
-2 -10
-2 -10
-2 -10
-2 -10
-2 -10
-2 -10
-2 -10
-2 -10
-2 -10
-2 -10
-2 -10
-2 -10
-2 -10
-2 -10
-2 -10
-2 -10
-2 -10
-2 -10
-2 -10
-2 -10
-2 -10
-2 -10
-2 -10
-2 -10
-2 -10
-2 -10
-2 -10
-2 -10
-2 -10
-2 -10
-2 -10
-2 -10
-2 -10
-2 -10
-2 -10
-2 -10
-2 -10
-2 -10
-2 -10
-2 -10
-2 -10
-2 -10
-2 -10
-2 -10
-2 -10
-2 -10
-2 -10
-2 -10
-2 -10
-2 -10
-2 -10
-2 -10
-2 -10
-2 -10
-2 -10
-2 -10
-2 -10
-2 -10
-2 -10
-2 -10
-2 -10
-2 -10
-2 -10
-2 -10
-2 -10
-2 -10
-2 -10
-2 -10
-2 -10
-2 -10
-2 -10
-2 -10
-2 -10
-2 -10
-2 -10
-2 -10
-2 -10
-2 -10
-2 -10
-2 -10
-2 -7
-2 -2
-2 -2
-2 -2
-2 -2
-2 -2
-2 -2
-2 -2
-2 -2
-2 -2
-2 -2
-2 -2
-2 -2
-2 -2
-2 -2
-2 -2
-2 -2
-2 -2
-2 -2
-2 -2
-2 -2
-2 -2
-2 -2
-2 -2
-2 -2
-2 -2
-2 -2
-2 -2
-2 -2
-2 -2
-2 -2
-2 -2
-2 -2
-2 -2
-2 -2
-2 -2
-2 -2
-2 -2
-2 -2
-2 -2
-2 -2
-2 -2
-2 -2
-2 -2
-2 -2
-2 -2
-2 -2
-2 -2
-2 -2
-2 -2
-2 -2
-2 -2
-2 -2
-1 -2
-1 -2
-1 -2
-1 -2
-1 -2
-1 -2
-1 -2
-1 -2
-1 -2
-1 -2
-1 -2
-1 -2
-1 -2
-1 -2
-1 -2
-1 -2
-1 -2
-1 -2
-1 -2
-1 -2
-1 -2
-1 -2
-1 -2
-1 -2
-1 -2
-1 -2
-1 -2
-1 -2
-1 -2
-1 -3
-1 -3
-1 -3
-1 -3
-1 -3
-1 -3
-1 -3
-1 -3
-1 -3
-1 -3
-1 -3
-1 -3
-1 -3
-1 -3
-1 -3
-1 -3
-1 -3
-1 -3
-1 -3
-1 -3
-1 -3
-1 -3
-1 -3
-1 -3
-1 -3
-1 -3
-1 -3
-1 -3
-1 -3
-1 -3
-1 -3
-2 -1
-2 -1
-2 -1
-2 -1
-2 -1
-2 -1
-2 -1
-2 -1
-2 -1
-2 -1
-2 -1
-2 -1
-2 -1
-2 -1
-2 -1
-2 -1
-2 -1
-2 -1
-2 -1
-2 -1
-2 -1
-2 -1
-2 -1
-2 -1
-2 -1
-2 -1
-2 -1
-2 -1
-2 -1
-2 -1
-2 -1
-2 -1
-2 -1
-2 -1
-2 -1
-2 -1
-2 -1
-2 -1
-2 -1
-2 -1
-2 -1
-2 -1
-2 -1
-2 -1
-2 -1
-2 -1
-2 -1
-2 -1
-2 -1
-2 -1
-2 -1
-2 -1
-2 -1
-2 -1
-2 -1
-2 -1
-2 -1
-2 -1
-2 -1
-2 -1
-1 0
-1 0
-1 0
-1 0
-1 0
-1 0
-1 0
-1 0
-1 0
-1 0
-1 0
-1 0
-1 0
-1 0
-1 0
-1 0
-1 0
-1 0
-1 0
-1 0
-1 0
-1 0
-1 0
-1 0
-1 0
-1 0
-1 0
-1 0
-1 0
-1 0
-1 0
-1 0
-1 0
-1 0
-1 0
-1 0
-1 0
-1 0
-1 0
-1 0
-1 0
-1 0
-1 0
-1 0
-1 0
-1 0
-1 0
-1 0
-1 0
-1 0
-1 0
-1 0
-1 0
-1 0
-1 0
-1 0
-1 0
-1 0
-1 0
-1 0
-1 0
-1 0
-1 0
-1 0
-1 0
-1 0
-1 0
-1 0
-1 0
-1 0
-1 0
-1 0
-1 0
-1 0
-1 0
-1 0
-1 0
-1 0
-1 0
-1 0
-1 0
-1 0
-1 0
-1 0
-1 0
-1 0
-1 0
-1 0
-1 0
-1 0
-1 0
-1 0
-1 0
-1 0
-1 0
1 0
1 0
1 0
1 0
1 0
1 0
1 0
1 0
1 0
1 0
1 0
1 0
1 0
1 0
1 0
1 0
1 0
1 0
1 0
1 0
1 0
1 0
1 0
1 0
1 0
1 0
1 0
1 0
1 0
1 0
1 0
1 0
1 0
1 0
1 0
1 0
1 0
1 0
1 0
1 0
1 0
1 0
1 0
1 0
1 0
1 0
1 0
1 0
1 0
1 0
1 0
1 0
1 0
1 0
1 0
1 0
1 0
0 -1
0 -1
0 -1
0 -1
0 -1
0 -1
0 -1
0 -1
0 -1
0 -1
0 -1
0 -1
0 -1
0 -1
0 -1
0 -1
0 -1
0 -1
0 -1
0 -1
0 -1
0 -1
0 -1
0 -1
0 -1
0 -1
0 -1
0 -1
0 -1
0 -1
0 -1
0 -1
0 -1
0 -1
0 -1
0 -1
0 -1
0 -1
0 -1
0 -1
0 -1
0 -1
0 -1
0 -1
0 -1
0 -1
0 -1
0 -1
0 -1
0 -1
0 -1
0 -1
0 -1
0 -1
0 -1
0 -1
0 -1
0 -1
0 -1
0 -1
0 -1
0 -1
0 -1
0 -1
0 -1
0 -1
0 -1
0 -1
0 -1
0 -1
0 -1
0 -1
0 -1
0 -1
0 -1
0 -1
0 -1
0 -1
0 -1
0 -1
0 -1
0 -1
0 -1
0 -1
0 -1
0 -1
0 -1
0 -1
0 -1
0 -1
0 -1
0 -1
0 -1
0 -1
0 -1
0 -1
0 -1
0 -1
0 -1
0 -1
0 -1
0 -1
0 -1
0 -1
0 -1
1 0
1 0
1 0
1 0
1 0
1 0
1 0
1 0
1 0
1 0
1 0
1 0
1 0
1 0
1 0
1 0
1 0
1 0
1 0
1 0
1 0
1 0
1 0
1 0
1 0
1 0
1 0
1 0
1 0
1 0
1 0
1 0
1 0
1 0
1 0
1 0
1 0
1 0
1 0
1 0
1 0
1 0
1 0
1 0
1 0
1 0
1 0
1 0
1 0
1 0
1 0
1 0
1 0
1 0
1 0
1 0
1 0
1 0
1 0
1 0
1 0
1 0
1 0
1 0
1 0
1 0
1 0
1 0
1 0
1 0
1 0
1 0
1 0
1 0
1 0
1 0
1 0
1 0
1 0
1 0
1 0
1 0
1 0
1 0
1 0
1 0
1 0
1 0
1 0
1 0
1 0
1 0
1 0
1 0
1 0
1 0
1 0
1 0
1 0
1 0
1 0
1 0
1 0
1 0
1 0
1 0
1 0
1 0
1 0
1 0
1 0
1 0
1 0
1 0
1 0
1 0
1 0
1 0
1 0
1 0
1 0
1 0
1 0
1 0
1 0
1 0
1 0
1 0
1 0
1 0
1 0
1 0
1 0
1 0
1 0
1 0
1 0
1 0
1 0
1 0
1 0
1 0
1 0
1 0
1 0
1 0
1 0
1 0
1 0
1 0
1 0
1 0
1 0
1 0
1 0
1 0
1 0
1 0
1 0
1 0
1 0
1 0
1 0
1 0
1 0
1 0
1 0
1 0
1 0
1 0
1 0
1 0
1 0
1 0
1 0
1 0
1 0
1 0
1 0
1 0
1 0
1 0
1 0
1 0
1 0
1 0
1 0
1 0
1 0
1 0
1 0
1 0
1 0
1 0
1 0
1 0
1 0
1 0
1 0
1 0
1 0
1 0
1 0
1 0
1 0
1 0
1 0
1 0
1 0
1 0
1 0
1 0
1 0
1 0
1 0
1 0
1 0
1 0
1 0
1 0
1 0
1 0
1 0
1 0
1 0
1 0
1 0
1 0
1 0
1 0
1 0
1 0
1 0
1 0
1 0
1 0
1 0
1 0
1 0
1 0
1 0
1 0
1 0
1 0
1 0
1 0
1 0
1 0
1 0
1 0
1 0
1 0
1 0
1 0
1 0
1 0
1 0
1 0
1 0
1 0
1 0
1 0
1 0
1 0
1 0
1 0
1 0
1 0
1 0
1 0
1 0
1 0
1 0
1 0
1 0
1 0
1 0
1 0
1 0
1 0
1 0
1 0
1 0
1 0
1 0
1 0
1 0
1 0
1 0
1 0
1 0
1 0
1 0
1 0
1 0
1 0
1 0
1 0
1 0
1 0
1 0
1 0
1 0
1 0
1 0
1 0
1 0
1 0
1 0
1 0
1 0
1 0
1 0
1 0
1 0
1 0
1 0
1 0
1 0
1 0
1 0
1 0
1 0
1 0
1 0
1 0
1 0
1 0
1 0
1 0
1 0
1 0
1 0
1 0
1 0
1 0
1 0
1 0
1 0
1 0
1 0
1 0
1 0
1 0
1 0
1 0
1 0
1 0
1 0
1 0
1 0
1 0
1 0
1 0
1 0
1 0
1 0
1 0
1 0
1 0
1 0
1 0
1 0
1 0
1 0
1 0
1 0
1 0
1 0
1 0
1 0
1 0
1 0
1 0
1 0
1 0
1 0
1 0
1 0
1 0
1 0
1 0
1 0
1 0
1 0
1 0
1 0
1 0
1 0
1 0
1 0
1 0
1 0
1 0
1 0
1 0
1 0
1 0
1 0
1 0
1 0
1 0
1 0
1 0
1 0
1 0
1 0
1 0
1 0
1 0
1 0
1 0
1 0
1 0
1 0
1 0
1 0
1 0
1 0
1 0
1 0
1 0
1 0
1 0
1 0
1 0
1 0
1 0
1 0
1 0
1 0
1 0
1 0
1 0
1 0
1 0
1 0
1 0
1 0
1 0
1 0
1 0
1 0
1 0
1 0
1 0
1 0
1 0
1 0
1 0
1 0
1 0
1 0
1 0
1 0
1 0
1 0
1 0
1 0
1 0
1 0
1 0
1 0
1 0
1 0
1 0
1 0
1 0
1 0
1 0
1 0
1 0
1 0
1 0
1 0
1 0
1 0
1 0
1 0
1 0
1 0
1 0
1 0
1 0
1 0
1 0
1 0
1 0
1 0
1 0
1 0
1 0
1 0
1 0
1 0
1 0
1 0
1 0
1 0
1 0
1 0
1 0
1 0
1 0
1 0
1 0
1 0
1 0
1 0
1 0
1 0
1 0
1 0
1 0
1 0
1 0
1 0
1 0
1 0
1 0
1 0
1 0
1 0
1 0
1 0
1 0
1 0
1 0
1 0
1 0
1 0
1 0
1 0
1 0
1 0
1 0
1 0
1 0
1 0
1 0
1 0
1 0
1 0
1 0
1 0
1 0
1 0
1 0
1 0
1 0
1 0
1 0
1 0
1 0
1 0
1 0
1 0
1 0
1 0
1 0
1 0
1 0
1 0
1 0
1 0
1 0
1 0
1 0
1 0
1 0
1 0
1 0
1 0
1 0
1 0
1 0
1 0
1 0
1 0
1 0
1 0
1 0
1 0
1 0
1 0
1 0
1 0
1 0
1 0
1 0
1 0
1 0
1 0
1 0
1 0
1 0
1 0
1 0
1 0
1 0
1 0
1 0
1 0
1 0
1 0
1 0
1 0
1 0
1 0
1 0
1 0
1 0
1 0
1 0
1 0
1 0
1 0
1 0
1 0
1 0
1 0
1 0
1 0
1 0
1 0
1 0
1 0
1 0
1 0
1 0
1 0
1 0
1 0
1 0
1 0
1 0
1 0
1 0
1 0
1 0
1 0
1 0
1 0
1 0
1 0
1 0
1 0
1 0
1 0
1 0
1 0
1 0
1 0
1 0
1 0
1 0
1 0
1 0
1 0
1 0
1 0
1 0
1 0
1 0
1 0
1 0
1 0
1 0
1 0
1 0
1 0
1 0
1 0
1 0
1 0
1 0
1 0
1 0
1 0
1 0
1 0
1 0
1 0
1 0
1 0
1 0
1 0
1 0
1 0
1 0
1 0
1 0
1 0
1 0
1 0
1 0
1 0
1 0
1 0
1 0
1 0
1 0
1 0
1 0
1 0
1 0
1 0
1 0
1 0
1 0
1 0
1 0
1 0
1 0
1 0
1 0
1 0
1 0
1 0
1 0
1 0
1 0
1 0
1 0
1 0
1 0
1 0
1 0
1 0
1 0
1 0
1 0
1 0
1 0
1 0
1 0
1 0
1 0
1 0
1 0
1 0
1 0
1 0
1 0
1 0
1 0
1 0
1 0
1 0
1 0
1 0
1 0
1 0
1 0
1 0
1 0
1 0
1 0
1 0
1 0
1 0
1 0
1 0
1 0
1 0
1 0
1 0
1 0
1 0
1 0
1 0
1 0
1 0
1 0
1 0
1 0
1 0
1 0
1 0
1 0
1 0
1 0
1 0
1 0
1 0
1 0
1 0
1 0
1 0
1 0
1 0
1 0
1 0
1 0
1 0
1 0
1 0
1 0
1 0
1 0
1 0
1 0
1 0
1 0
1 0
1 0
1 0
1 0
1 0
1 0
1 0
1 0
1 0
1 0
1 0
1 0
1 0
1 0
1 0
1 0
1 0
1 0
1 0
1 0
1 0
1 0
1 0
1 0
1 0
1 0
1 0
1 0
1 0
1 0
1 0
1 0
1 0
1 0
1 0
1 0
1 0
1 0
1 0
1 0
1 0
1 0
1 0
1 0
1 0
1 0
1 0
1 0
1 0
1 0
1 0
1 0
1 0
1 0
1 0
1 0
1 0
1 0
1 0
1 0
1 0
1 0
1 0
1 0
1 0
1 0
1 0
1 0
1 0
1 0
1 0
1 0
1 0
1 0
1 0
1 0
1 0
1 0
1 0
1 0
1 0
1 0
1 0
1 0
1 0
1 0
1 0
1 0
1 0
1 0
1 0
1 0
1 0
1 0
1 0
1 0
1 0
1 0
1 0
1 0
1 0
1 0
1 0
1 0
1 0
1 0
1 0
1 0
1 0
1 0
1 0
1 0
1 0
1 0
1 0
1 0
1 0
1 0
1 0
1 0
1 0
1 0
1 0
1 0
1 0
1 0
1 0
1 0
1 0
1 0
1 0
1 0
1 0
1 0
1 0
1 0
1 0
1 0
1 0
1 0
1 0
1 0
1 0
1 0
1 0
1 0
1 0
1 0
1 0
1 0
1 0
1 0
1 0
1 0
1 0
1 0
1 0
1 0
1 0
1 0
1 0
1 0
1 0
1 0
1 0
1 0
1 0
1 0
1 0
1 0
1 0
1 0
1 0
1 0
1 0
1 0
1 0
1 0
1 0
1 0
1 0
1 0
1 0
1 0
1 0
1 0
1 0
1 0
1 0
1 0
1 0
1 0
1 0
1 0
1 0
1 0
1 0
1 0
1 0
1 0
1 0
1 0
1 0
1 0
1 0
1 0
1 0
1 0
1 0
1 0
1 0
1 0
1 0
1 0
1 0
1 0
1 0
1 0
1 0
1 0
1 0
1 0
1 0
1 0
1 0
1 0
1 0
1 0
1 0
1 0
1 0
1 0
1 0
1 0
1 0
1 0
1 0
1 0
1 0
1 0
1 0
1 0
1 0
1 0
1 0
1 0
1 0
1 0
1 0
1 0
1 0
1 0
1 0
1 0
1 0
1 0
1 0
1 0
1 0
1 0
1 0
1 0
1 0
1 0
1 0
1 0
1 0
1 0
1 0
1 0
1 0
1 0
1 0
1 0
1 0
1 0
1 0
1 0
1 0
1 0
1 0
1 0
1 0
1 0
1 0
1 0
1 0
1 0
1 0
1 0
1 0
1 0
1 0
1 0
1 0
1 0
1 0
1 0
1 0
1 0
1 0
1 0
1 0
1 0
1 0
1 0
1 0
1 0
1 0
1 0
1 0
1 0
1 0
1 0
1 0
1 0
1 0
1 0
1 0
1 0
1 0
1 0
1 0
1 0
1 0
1 0
1 0
1 0
1 0
1 0
1 0
1 0
1 0
1 0
1 0
1 0
1 0
1 0
1 0
1 0
1 0
1 0
1 0
1 0
1 0
1 0
1 0
1 0
1 0
1 0
1 0
1 0
1 0
1 0
1 0
1 0
1 0
1 0
1 0
1 0
1 0
1 0
1 0
1 0
1 0
1 0
1 0
1 0
1 0
1 0
1 0
1 0
1 0
1 0
1 0
1 0
1 0
1 0
1 0
1 0
1 0
1 0
1 0
1 0
1 0
1 0
1 0
1 0
1 0
1 0
1 0
1 0
1 0
1 0
1 0
1 0
1 0
1 0
1 0
1 0
1 0
1 0
1 0
1 0
1 0
1 0
1 0
1 0
1 0
1 0
1 0
1 0
1 0
1 0
1 0
1 0
1 0
1 0
1 0
1 0
1 0
1 0
1 0
1 0
1 0
1 0
1 0
1 0
1 0
1 0
1 0
1 0
1 0
1 0
1 0
1 0
1 0
1 0
1 0
1 0
1 0
1 0
1 0
1 0
1 0
1 0
1 0
1 0
1 0
1 0
1 0
1 0
1 0
1 0
1 0
1 0
1 0
1 0
1 0
1 0
1 0
1 0
1 0
1 0
1 0
1 0
1 0
1 0
1 0
1 0
1 0
1 0
1 0
1 0
1 0
1 0
1 0
1 0
1 0
1 0
1 0
1 0
1 0
1 0
1 0
1 0
1 0
1 0
1 0
1 0
1 0
1 0
1 0
1 0
1 0
1 0
1 0
1 0
1 0
1 0
1 0
1 0
1 0
1 0
1 0
1 0
1 0
1 0
1 0
1 0
1 0
1 0
1 0
1 0
1 0
1 0
1 0
1 0
1 0
1 0
1 0
1 0
1 0
1 0
1 0
1 0
1 0
1 0
1 0
1 0
1 0
1 0
1 0
1 0
1 0
1 0
1 0
1 0
1 0
1 0
1 0
1 0
1 0
1 0
1 0
1 0
1 0
1 0
1 0
1 0
1 0
1 0
1 0
1 0
1 0
1 0
1 0
1 0
1 0
1 0
1 0
1 0
1 0
1 0
1 0
1 0
1 0
1 0
1 0
1 0
1 0
1 0
1 0
1 0
1 0
1 0
1 0
1 0
1 0
1 0
1 0
1 0
1 0
1 0
1 0
1 0
1 0
1 0
1 0
1 0
1 0
1 0
1 0
1 0
1 0
1 0
1 0
1 0
1 0
1 0
1 0
1 0
1 0
1 0
1 0
1 0
1 0
1 0
1 0
1 0
1 0
1 0
1 0
1 0
1 0
1 0
1 0
1 0
1 0
1 0
1 0
1 0
1 0
1 0
1 0
1 0
1 0
1 0
1 0
1 0
1 0
1 0
1 0
1 0
1 0
1 0
1 0
1 0
1 0
1 0
1 0
1 0
1 0
1 0
1 0
1 0
1 0
1 0
1 0
1 0
1 0
1 0
1 0
1 0
1 0
1 0
1 0
1 0
1 0
1 0
1 0
1 0
1 0
1 0
1 0
1 0
1 0
1 0
1 0
1 0
1 0
1 0
1 0
1 0
1 0
1 0
1 0
1 0
1 0
1 0
1 0
1 0
1 0
1 0
1 0
1 0
1 0
1 0
1 0
1 0
1 0
1 0
1 0
1 0
1 0
1 0
1 0
1 0
1 0
1 0
1 0
1 0
1 0
1 0
1 0
1 0
1 0
1 0
1 0
1 0
1 0
1 0
1 0
1 0
1 0
1 0
1 0
1 0
1 0
1 0
1 0
1 0
1 0
1 0
1 0
1 0
1 0
1 0
1 0
1 0
1 0
1 0
1 0
1 0
1 0
1 0
1 0
1 0
1 0
1 0
1 0
1 0
1 0
1 0
1 0
1 0
1 0
1 0
1 0
1 0
1 0
1 0
1 0
1 0
1 0
1 0
1 0
1 0
1 0
1 0
1 0
1 0
1 0
1 0
1 0
1 0
1 0
1 0
1 0
1 0
1 0
1 0
1 0
1 0
1 0
1 0
1 0
1 0
1 0
1 0
1 0
1 0
1 0
1 0
1 0
1 0
1 0
1 0
1 0
1 0
1 0
1 0
1 0
1 0
1 0
1 0
1 0
1 0
1 0
1 0
1 0
1 0
1 0
1 0
1 0
1 0
1 0
1 0
1 0
1 0
1 0
1 0
1 0
1 0
1 0
1 0
1 0
1 0
1 0
1 0
1 0
1 0
1 0
1 0
1 0
1 0
1 0
1 0
1 0
1 0
1 0
1 0
1 0
1 0
1 0
1 0
1 0
1 0
1 0
1 0
1 0
1 0
1 0
1 0
1 0
1 0
1 0
1 0
1 0
1 0
1 0
1 0
1 0
1 0
1 0
1 0
1 0
1 0
1 0
1 0
1 0
1 0
1 0
1 0
1 0
1 0
1 0
1 0
1 0
1 0
1 0
1 0
1 0
1 0
1 0
1 0
1 0
1 0
1 0
1 0
1 0
1 0
1 0
1 0
1 0
1 0
1 0
1 0
1 0
1 0
1 0
1 0
1 0
1 0
1 0
1 0
1 0
1 0
1 0
1 0
1 0
1 0
1 0
1 0
1 0
1 0
1 0
1 0
1 0
1 0
1 0
1 0
1 0
1 0
1 0
1 0
1 0
1 0
1 0
1 0
1 0
1 0
1 0
1 0
1 0
1 0
1 0
1 0
1 0
1 0
1 0
1 0
1 0
1 0
1 0
1 0
1 0
1 0
1 0
1 0
1 0
1 0
1 0
1 0
1 0
1 0
1 0
1 0
1 0
1 0
1 0
1 0
1 0
1 0
1 0
1 0
1 0
1 0
1 0
1 0
1 0
1 0
1 0
1 0
1 0
1 0
1 0
1 0
1 0
1 0
1 0
1 0
1 0
1 0
1 0
1 0
1 0
1 0
1 0
1 0
1 0
1 0
1 0
1 0
1 0
1 0
1 0
1 0
1 0
1 0
1 0
1 0
1 0
1 0
1 0
1 0
1 0
1 0
1 0
1 0
1 0
1 0
1 0
1 0
1 0
1 0
1 0
1 0
1 0
1 0
1 0
1 0
1 0
1 0
1 0
1 0
1 0
1 0
1 0
1 0
1 0
1 0
1 0
1 0
1 0
1 0
1 0
1 0
1 0
1 0
1 0
1 0
1 0
1 0
1 0
1 0
1 0
1 0
1 0
1 0
1 0
1 0
1 0
1 0
1 0
1 0
1 0
1 0
1 0
1 0
1 0
1 0
1 0
1 0
1 0
1 0
1 0
1 0
1 0
1 0
1 0
1 0
1 0
1 0
1 0
1 0
1 0
1 0
1 0
1 0
1 0
1 0
1 0
1 0
1 0
1 0
1 0
1 0
1 0
1 0
1 0
1 0
1 0
1 0
1 0
1 0
1 0
1 0
1 0
1 0
1 0
1 0
1 0
1 0
1 0
1 0
1 0
1 0
1 0
1 0
1 0
1 0
1 0
1 0
1 0
1 0
1 0
1 0
1 0
1 0
1 0
1 0
1 0
1 0
1 0
1 0
1 0
1 0
1 0
1 0
1 0
1 0
1 0
1 0
1 0
1 0
1 0
1 0
1 0
1 0
1 0
1 0
1 0
1 0
1 0
1 0
1 0
1 0
1 0
1 0
1 0
1 0
1 0
1 0
1 0
1 0
1 0
1 0
1 0
1 0
1 0
1 0
1 0
1 0
1 0
1 0
1 0
1 0
1 0
1 0
1 0
1 0
1 0
1 0
1 0
1 0
1 0
1 0
1 0
1 0
1 0
1 0
1 0
1 0
1 0
1 0
1 0
1 0
1 0
1 0
1 0
1 0
1 0
1 0
1 0
1 0
1 0
1 0
1 0
1 0
1 0
1 0
1 0
1 0
1 0
1 0
1 0
1 0
1 0
1 0
1 0
1 0
1 0
1 0
1 0
1 0
1 0
1 0
1 0
1 0
1 0
1 0
1 0
1 0
1 0
1 0
1 0
1 0
1 0
1 0
1 0
1 0
1 0
1 0
1 0
1 0
1 0
1 0
1 0
1 0
1 0
1 0
1 0
1 0
1 0
1 0
1 0
1 0
1 0
1 0
1 0
1 0
1 0
1 0
1 0
1 0
1 0
1 0
1 0
1 0
1 0
1 0
1 0
1 0
1 0
1 0
1 0
1 0
1 0
1 0
1 0
1 0
1 0
1 0
1 0
1 0
1 0
1 0
1 0
1 0
1 0
1 0
1 0
1 0
