-5 11
-4 7
-7 8
-5 7
-6 14
-8 17
-8 17
-8 17
-8 17
-8 17
-8 17
-8 17
-8 17
-8 17
-8 17
-8 17
-8 17
-8 17
-8 17
-8 17
-8 17
-8 17
-8 17
-8 17
-8 17
-8 17
-8 17
-8 17
-8 17
-8 17
-8 17
-8 17
-8 17
-8 17
-8 17
-8 17
-8 17
-8 17
-8 17
-7 12
-7 12
-7 12
-7 12
-7 12
-7 12
-7 12
-7 12
-7 12
-7 12
-7 12
-7 12
-7 12
-7 12
-7 12
-7 12
-7 12
-7 12
-7 12
-7 12
-7 12
-7 12
-7 12
-7 12
-7 12
-7 12
-7 12
-7 12
-7 12
-7 12
-7 12
-7 12
-7 12
-7 12
-7 12
-7 12
-7 12
-7 12
-7 12
-7 12
-7 12
-7 12
-7 12
-7 12
-7 12
-7 12
-7 12
-7 12
-7 12
-7 12
-7 12
-7 12
-7 12
-7 12
-7 12
-7 12
-7 12
-7 12
-7 12
-7 12
-7 12
-7 12
-7 12
-7 12
-7 12
-7 12
-7 12
-7 12
-7 12
-7 12
-7 12
-7 12
-7 12
-7 12
-7 12
-7 12
-7 12
-7 12
-7 12
-7 12
-7 12
-7 12
-7 12
-7 12
-7 12
-7 12
-7 12
-7 12
-7 12
-7 12
-7 12
-7 12
-7 12
-7 12
-7 12
-7 12
-7 12
-7 12
-7 12
-7 12
-7 12
-7 12
-7 12
-7 12
-7 12
-7 12
-7 12
-7 12
-7 12
-7 12
-7 12
-7 12
-1 5
-1 5
-1 5
-1 5
-1 5
-1 5
-1 5
-1 5
-1 5
-1 5
-1 5
-1 5
-1 5
-1 5
-1 5
-1 5
-1 5
-1 5
-1 5
-1 5
-1 5
-1 5
-1 5
-1 5
-1 5
-1 5
-1 5
-1 5
-1 5
-1 5
-1 5
-1 5
-1 5
-1 5
-1 5
-1 5
-1 5
-1 5
-1 5
-1 5
-1 5
-1 5
-1 5
-1 5
-1 5
-1 5
-1 5
-1 5
-1 5
-1 5
-1 5
-1 5
-1 5
-1 5
-1 5
-1 5
-1 5
-1 5
-1 5
-1 5
-1 5
-1 5
-1 5
-1 5
-1 5
-1 5
-1 5
-1 5
-1 5
-1 5
-1 5
-1 5
-1 5
-1 5
-1 5
-1 5
-1 5
-1 3
-1 3
-1 3
-1 3
-1 3
-1 3
-1 3
-1 3
-1 3
-1 3
-1 3
-1 3
-1 3
-1 3
-1 3
-1 3
-1 3
-1 3
-1 3
-1 3
-1 3
-1 3
-1 3
-1 3
-1 3
-1 3
-1 3
-1 3
-1 3
-1 3
-1 3
-1 3
-1 3
-1 3
-1 3
-1 3
-1 3
-1 3
-1 3
-1 3
-1 3
-1 3
-1 3
-1 3
-1 3
-1 3
-1 3
-1 3
-1 3
-1 3
-1 3
-1 3
-1 3
-1 3
-1 3
-1 3
-1 3
-1 3
-1 3
-1 3
-1 3
-1 3
-1 3
-1 3
-1 3
-1 3
-1 3
-1 3
-1 3
-1 3
-1 3
-1 3
-1 3
-1 3
-1 3
-1 3
-1 3
-1 3
-1 3
-3 4
-3 4
-3 4
-3 4
-3 4
-3 4
-3 4
-3 4
-3 4
-3 4
-3 4
-3 4
-3 4
-3 4
-3 4
-3 4
-3 4
-3 4
-3 4
-3 4
-3 4
-3 4
-3 4
-3 4
-3 4
-3 4
-3 4
-3 4
-3 4
-9 7
-9 7
-9 7
-9 7
-9 7
-9 7
-9 7
-9 7
-9 7
-9 7
-9 7
-9 7
-9 7
-9 7
-9 7
-9 7
-9 7
-9 7
-9 7
-9 7
-9 7
-9 7
-9 7
-9 7
-9 7
-9 7
-9 7
-9 7
-9 7
-9 7
-9 7
-9 7
-9 7
-9 7
-9 7
-9 7
-9 7
-9 7
-9 7
-9 7
-9 7
-9 7
-9 7
-9 7
-9 7
-9 7
-9 7
-9 7
-9 7
-9 7
-9 7
-9 7
-9 7
-9 7
-9 7
-9 7
-9 7
-9 7
-9 7
-9 7
-9 7
-9 7
-9 7
-9 7
-9 7
-9 7
-9 7
-9 7
-9 7
-6 10
-10 12
-10 12
-10 12
-10 12
-10 12
-10 12
-10 12
-10 12
-10 12
-10 12
-10 12
-10 12
-10 12
-10 12
-10 12
-10 12
-10 12
-10 12
-10 12
-10 12
-10 12
-10 12
-10 12
-10 12
-10 12
-10 12
-10 12
-10 12
-10 12
-10 12
-10 12
-10 12
-10 12
-10 12
-10 12
-10 12
-10 12
-10 12
-10 12
-10 12
-10 12
-10 12
-10 12
-10 12
-10 12
-10 12
-10 12
-10 12
-10 12
-10 12
-10 12
-10 12
-10 12
-10 12
-10 12
-10 12
-10 12
-10 12
-10 12
-10 12
-10 12
-10 12
-10 12
-13 22
-13 22
-13 22
-13 22
-13 22
-13 22
-13 22
-13 22
-13 22
-13 22
-13 22
-13 22
-13 22
-13 22
-13 22
-13 22
-13 22
-13 22
-13 22
-13 22
-13 22
-13 22
-13 22
-13 22
-13 22
-13 22
-13 22
-13 22
-13 22
-13 22
-13 22
-13 22
-13 22
-13 22
-7 22
-7 22
-7 22
-7 22
-7 22
-7 22
-7 22
-7 22
-7 22
-7 22
-7 22
-7 22
-7 22
-7 22
-7 22
-7 22
-7 22
-7 22
-7 22
-7 22
-7 22
-7 22
-7 22
-7 22
-7 22
-7 22
-7 22
-7 22
-7 22
-7 22
-7 22
-7 22
-7 22
-19 25
-19 25
-19 25
-19 25
-19 25
-19 25
-19 25
-19 25
-19 25
-19 25
-19 25
-19 25
-19 25
-19 25
-19 25
-19 25
-19 25
-19 25
-19 25
-19 25
-19 25
-19 25
-19 25
-19 25
-19 25
-19 25
-19 25
-19 25
-19 25
-19 25
-19 25
-19 25
-19 25
-19 25
-19 25
-19 25
-19 25
-19 25
-19 25
-19 25
-19 25
-19 25
-19 25
-19 25
-19 25
-19 25
-19 25
-19 25
-19 25
-19 25
-19 25
-19 25
-19 25
-19 25
-19 25
-19 25
-19 25
-19 25
-19 25
-19 25
-19 25
-19 25
-19 25
-19 25
-19 25
-19 25
-15 25
-15 25
-15 25
-15 25
-15 25
-15 25
-15 25
-15 25
-15 25
-15 25
-15 25
-15 25
-15 25
-15 25
-15 25
-15 25
-15 25
-15 25
-15 25
-15 25
-15 25
-15 25
-15 25
-15 25
-15 25
-15 25
-15 25
-15 25
-15 25
-15 25
-15 25
-15 25
-15 25
-15 25
-15 25
-15 25
-15 25
-15 25
-15 25
-15 25
-15 25
-15 25
-15 25
-15 25
-15 25
-15 25
-15 25
-15 25
-15 25
-15 25
-15 25
-15 25
-15 25
-15 25
-15 25
-15 25
-15 25
-15 25
-15 25
-15 25
-15 25
-15 25
-15 25
-15 25
-15 25
-15 25
-15 25
-15 25
-15 25
-15 25
-15 25
-15 25
-15 25
-15 25
-13 18
-13 18
-13 18
-13 18
-13 18
-13 18
-13 18
-13 18
-13 18
-13 18
-13 18
-13 18
-13 18
-13 18
-13 18
-13 18
-13 18
-13 18
-13 18
-13 18
-13 18
-13 18
-13 18
-13 18
-13 18
-13 18
-13 18
-13 18
-13 18
-13 18
-13 18
-13 18
-13 18
-13 18
-13 18
-13 18
-13 18
-13 18
-13 18
-13 18
-13 18
-13 18
-13 18
-13 18
-13 18
-13 18
-13 18
-13 18
-13 18
-13 18
-13 18
-13 18
-13 18
-13 18
-13 18
-13 18
-13 18
-13 18
-13 18
-13 18
-13 18
-13 18
-13 18
-13 18
-13 18
-13 18
-13 18
-13 18
-13 18
-13 18
-13 18
-13 18
-13 18
-13 18
-13 18
-13 18
-13 18
-13 18
-6 10
-6 10
-6 10
-6 10
-6 10
-6 10
-6 10
-6 10
-6 10
-6 10
-6 10
-6 10
-6 10
-6 10
-6 10
-6 10
-6 10
-6 10
-6 10
-6 10
-6 10
-6 10
-6 10
-6 10
-6 10
-6 10
-6 10
-6 10
-6 10
-6 10
-6 10
-6 10
-6 10
-6 10
-6 10
-6 10
-6 10
-6 10
-6 10
-6 10
-6 10
-6 10
-6 10
-6 10
-6 10
-6 10
-6 10
-6 10
-6 10
-6 10
-6 10
-6 10
-6 10
-6 10
-6 10
-6 10
-6 10
-6 10
-6 10
-6 10
-6 10
-6 10
-6 10
-6 10
-6 10
-6 10
-6 10
-6 10
-6 10
-6 10
-6 10
-6 10
-6 10
-6 10
-6 10
-6 10
-6 10
-6 10
-6 10
-6 10
-2 7
-2 7
-2 7
-2 7
-2 7
-2 7
-2 7
-2 7
-2 7
-2 7
-2 7
-2 7
-2 7
-2 7
-2 7
-2 7
-2 7
-2 7
-2 7
-2 7
-2 7
-2 7
-2 7
-2 7
-2 7
-2 7
-2 7
-2 7
-2 7
-2 7
-2 7
-2 7
-2 7
-2 7
-2 7
-2 7
-2 7
-2 7
-2 7
-2 7
-1 4
-1 4
-1 4
-1 4
-1 4
-1 4
-1 4
-1 4
-1 4
-1 4
-1 4
-1 4
-1 4
-1 4
-1 4
-1 4
-1 4
-1 4
-1 4
-1 4
-1 4
-1 4
-1 4
-1 4
-1 4
-1 4
-1 4
-1 4
-1 4
-1 4
-1 4
-1 4
-1 4
-1 4
-1 4
-1 4
-1 4
-1 4
-1 4
-1 4
-1 4
-1 4
-1 4
-1 4
-1 4
-1 4
-1 4
-1 4
-1 4
-1 4
-1 4
-1 4
-1 4
-1 4
-1 4
-1 4
-1 4
-1 4
-1 4
-1 4
-1 4
-1 4
-1 4
-1 4
-1 4
-1 4
-1 4
-1 4
-1 4
-1 4
-1 4
-1 4
-1 4
-1 4
-1 4
-1 4
-1 4
0 4
0 4
0 4
0 4
0 4
0 4
0 4
0 4
0 4
0 4
0 4
0 4
0 4
0 4
0 4
0 4
0 4
0 4
0 4
0 4
0 4
0 4
0 4
0 4
0 4
0 4
0 4
0 4
0 4
0 4
0 4
0 4
0 4
0 4
0 4
0 4
0 4
0 4
0 4
0 4
0 4
0 4
0 4
0 4
0 4
0 4
0 4
0 4
0 4
0 4
0 4
0 4
0 4
0 4
0 4
0 4
0 4
0 4
0 4
0 4
0 4
0 4
0 4
0 4
0 4
0 4
0 4
0 4
0 4
0 4
-4 3
-4 3
-7 8
-7 8
-7 8
-7 8
-7 8
-7 8
-7 8
-7 8
-7 8
-7 8
-7 8
-7 8
-7 8
-7 8
-7 8
-7 8
-7 8
-7 8
-7 8
-7 8
-7 8
-7 8
-7 8
-7 8
-7 8
-7 8
-7 8
-7 8
-7 8
-7 8
-7 8
-7 8
-7 8
-7 8
-7 8
-7 8
-7 8
-7 8
-7 8
-7 8
-7 8
-7 8
-7 8
-7 8
-7 8
-7 8
-7 8
-7 8
-7 8
-7 8
-7 8
-7 8
-7 8
-7 8
-7 8
-7 8
-7 8
-7 8
-7 11
-7 11
-7 11
-7 11
-7 11
-7 11
-7 11
-7 11
-7 11
-7 11
-7 11
-7 11
-7 11
-7 11
-7 11
-7 11
-7 11
-7 11
-7 11
-7 11
-7 11
-7 11
-7 11
-7 11
-7 11
-8 13
-8 13
-8 13
-8 13
-8 13
-8 13
-8 13
-8 13
-8 13
-8 13
-8 13
-8 13
-8 13
-8 13
-8 13
-8 13
-8 13
-8 13
-8 13
-8 13
-8 13
-8 13
-8 13
-8 13
-8 13
-9 13
-9 13
-9 13
-9 13
-9 13
-9 13
-9 13
-9 13
-9 13
-9 13
-9 13
-9 13
-9 13
-9 13
-9 13
-9 13
-9 13
-9 13
-9 13
-9 13
-9 13
-9 13
-9 13
-9 13
-9 13
-9 13
-9 13
-9 13
-9 13
-9 13
-9 13
-9 13
-9 13
-9 13
-9 13
-9 13
-9 13
-9 13
-9 13
-9 13
-9 13
-9 13
-9 13
-9 13
-9 13
-9 13
-9 13
-9 13
-5 9
-5 9
-5 9
-5 9
-5 9
-5 9
-5 9
-5 9
-5 9
-5 9
-5 9
-5 9
-5 9
-5 9
-5 9
-5 9
-5 9
-5 9
-5 9
-5 9
-5 9
-5 9
-5 9
-5 9
-5 9
-5 9
-5 9
-5 9
-5 9
-5 9
-5 9
-5 9
-5 9
-5 9
-5 9
-5 9
-5 9
-5 9
-5 9
-5 9
-5 9
-5 9
-5 9
-5 9
-5 9
-5 9
-5 9
-5 9
-5 9
-5 9
-5 9
-5 9
-5 9
-5 9
-5 9
-5 9
-5 9
-5 9
-5 9
-5 9
-5 9
-5 9
-5 9
-5 9
-5 9
-5 9
-5 9
-5 9
-5 9
-5 9
-5 9
-5 9
-5 9
-5 9
-5 9
-5 9
-5 9
-5 9
-5 9
-5 9
-5 9
-5 9
-5 9
-5 9
-5 9
-5 9
-5 9
-5 9
-5 9
-5 9
-5 9
-5 9
-5 9
-5 9
-5 9
-5 9
-5 9
-5 9
-5 9
-5 9
-5 9
-5 9
-5 9
-5 9
-5 9
-5 9
-5 9
-3 9
-5 9
-8 9
-8 9
-8 9
-8 9
-8 9
-8 9
-8 9
-8 9
-8 9
-8 9
-8 9
-8 9
-8 9
-8 9
-8 9
-8 9
-8 9
-8 9
-8 9
-8 9
-8 9
-8 9
-8 9
-8 9
-8 9
-8 9
-5 11
-5 11
-5 11
-5 11
-5 11
-5 11
-5 11
-5 11
-5 11
-5 11
-5 11
-5 11
-5 11
-5 11
-5 11
-5 11
-5 11
-5 11
-5 11
-5 11
-5 11
-5 11
-5 11
-5 11
-5 11
-5 11
-5 11
-5 11
-5 11
-5 11
-6 11
-6 11
-6 11
-6 11
-6 11
-6 11
-6 11
-6 11
-6 11
-6 11
-6 11
-6 11
-6 11
-6 11
-6 11
-6 11
-6 11
-6 11
-6 11
-6 11
-6 11
-6 11
-6 11
-6 11
-6 11
-6 11
-6 11
-6 11
-6 11
-6 11
-6 11
-6 11
-6 11
-6 11
-6 11
-6 11
-6 11
-6 11
-6 11
-6 11
-6 11
-6 11
-6 11
-6 11
-6 11
-6 11
-6 11
-6 11
-6 11
-6 11
-6 11
-6 11
-6 11
-6 11
-6 11
-6 11
-6 11
-6 11
-6 11
-6 11
-6 11
-6 11
-6 11
-6 11
-6 11
-6 11
-6 11
-6 11
-6 11
-6 11
-6 11
-6 11
-6 11
-6 11
-6 11
-6 11
-6 11
-6 11
-6 11
-6 11
-6 11
-6 11
-6 11
-6 11
-6 11
-6 11
-6 11
-6 11
-6 11
-6 11
-6 11
-6 11
-6 11
-6 11
-6 11
-6 11
-6 11
-6 11
-6 11
-12 10
-14 16
-14 16
-14 16
-14 16
-14 16
-14 16
-14 16
-14 16
-14 16
-14 16
-14 16
-14 16
-14 16
-14 16
-14 16
-14 16
-14 16
-14 16
-14 16
-14 16
-14 16
-14 16
-14 16
-14 16
-14 16
-14 16
-14 16
-14 16
-14 16
-14 16
-14 16
-17 12
-17 12
-17 12
-17 12
-17 12
-17 12
-17 12
-17 12
-17 12
-17 12
-17 12
-17 12
-17 12
-17 12
-17 12
-17 12
-17 12
-17 12
-17 12
-17 12
-17 12
-17 12
-17 12
-17 12
-17 12
-17 12
-17 12
-17 12
-17 12
-17 12
-17 12
-17 12
-17 12
-17 12
-17 12
-17 12
-17 12
-17 12
-17 12
-17 12
-17 12
-17 12
-17 12
-17 12
-17 12
-17 12
-17 12
-17 12
-17 12
-17 12
-17 12
-17 12
-17 12
-17 12
-17 12
-17 12
-17 12
-17 12
-17 12
-17 12
-17 12
-17 12
-17 12
-17 12
-17 12
-17 12
-17 12
-17 12
-17 12
-16 16
-16 16
-16 16
-16 16
-16 16
-16 16
-16 16
-16 16
-16 16
-16 16
-16 16
-16 16
-16 16
-16 16
-16 16
-16 16
-16 16
-16 16
-16 16
-16 16
-16 16
-16 16
-16 16
-25 18
-25 18
-25 18
-25 18
-25 18
-25 18
-25 18
-25 18
-25 18
-25 18
-25 18
-25 18
-25 18
-25 18
-25 18
-25 18
-25 18
-25 18
-25 18
-25 18
-25 18
-25 18
-25 18
-25 18
-25 18
-25 18
-25 18
-25 18
-25 18
-25 18
-25 18
-25 18
-25 18
-25 18
-25 18
-25 18
-25 18
-25 18
-25 18
-25 18
-25 18
-25 18
-25 18
-25 18
-25 18
-25 18
-25 18
-25 18
-25 18
-20 24
-20 24
-20 24
-20 24
-20 24
-20 24
-20 24
-20 24
-20 24
-20 24
-20 24
-20 24
-20 24
-20 24
-20 24
-20 24
-20 24
-20 24
-20 24
-20 24
-20 24
-20 24
-20 24
-20 24
-20 24
-20 24
-20 24
-20 24
-20 24
-20 24
-20 24
-20 24
-20 24
-20 24
-20 24
-20 24
-20 24
-20 24
-20 24
-20 24
-20 24
-20 24
-20 24
-20 24
-20 24
-20 24
-20 24
-20 24
-20 24
-20 24
-20 24
-20 24
-20 24
-20 24
-20 24
-20 24
-20 24
-20 24
-20 24
-20 24
-20 24
-20 24
-20 24
-20 24
-20 24
-26 23
-38 25
-38 25
-38 25
-38 25
-38 25
-38 25
-38 25
-38 25
-38 25
-38 25
-38 25
-38 25
-38 25
-38 25
-38 25
-38 25
-38 25
-38 25
-38 25
-38 25
-38 25
-38 25
-38 25
-38 25
-38 25
-38 25
-38 25
-38 25
-38 25
-38 25
-38 25
-38 25
-38 25
-38 25
-38 25
-38 25
-38 25
-38 25
-38 25
-38 25
-38 25
-38 25
-38 25
-38 25
-38 25
-38 25
-38 25
-38 25
-38 25
-38 25
-38 25
-38 25
-43 25
-43 25
-43 25
-43 25
-43 25
-43 25
-43 25
-43 25
-43 25
-43 25
-43 25
-43 25
-43 25
-43 25
-43 25
-43 25
-43 25
-43 25
-43 25
-43 25
-43 25
-43 25
-43 25
-43 25
-43 25
-43 25
-36 26
-36 26
-36 26
-36 26
-36 26
-36 26
-36 26
-36 26
-36 26
-36 26
-36 26
-36 26
-36 26
-36 26
-36 26
-36 26
-36 26
-36 26
-36 26
-36 26
-36 26
-36 26
-36 26
-36 26
-36 26
-36 26
-36 26
-36 26
-36 26
-36 26
-36 26
-36 26
-36 26
-36 26
-36 26
-36 26
-36 26
-36 26
-36 26
-36 26
-36 26
-36 26
-36 26
-36 26
-36 26
-36 26
-36 26
-36 26
-36 26
-36 26
-36 26
-36 26
-36 26
-36 26
-36 26
-36 26
-47 27
-47 27
-47 27
-47 27
-47 27
-47 27
-47 27
-47 27
-47 27
-47 27
-47 27
-47 27
-47 27
-47 27
-47 27
-47 27
-47 27
-47 27
-47 27
-47 27
-47 27
-47 27
-47 27
-47 27
-47 27
-47 27
-47 27
-47 27
-47 27
-47 27
-47 27
-47 27
-47 27
-47 27
-47 27
-47 27
-47 27
-47 27
-47 27
-47 27
-47 27
-47 27
-47 27
-47 27
-47 27
-47 27
-47 27
-47 27
-47 27
-47 27
-47 27
-47 27
-47 27
-47 27
-47 27
-47 27
-47 27
-47 27
-47 27
-47 27
-51 23
-51 23
-51 23
-51 23
-51 23
-51 23
-51 23
-51 23
-51 23
-51 23
-51 23
-51 23
-51 23
-51 23
-51 23
-51 23
-51 23
-51 23
-51 23
-51 23
-51 23
-51 23
-51 23
-51 23
-51 23
-51 23
-51 23
-51 23
-51 23
-51 23
-51 23
-42 24
-42 24
-42 24
-42 24
-42 24
-42 24
-42 24
-42 24
-42 24
-42 24
-42 24
-42 24
-42 24
-42 24
-42 24
-42 24
-42 24
-42 24
-42 24
-42 24
-42 24
-42 24
-42 24
-42 24
-42 24
-42 24
-42 24
-42 24
-42 24
-42 24
-42 24
-42 24
-42 24
-42 24
-42 24
-42 24
-42 24
-42 24
-42 24
-42 24
-42 24
-42 24
-42 24
-42 24
-42 24
-42 24
-42 24
-42 24
-42 24
-42 24
-42 24
-42 24
-42 24
-42 24
-42 24
-42 24
-42 24
-42 24
-42 24
-42 24
-42 24
-42 24
-42 24
-47 29
-55 25
-55 25
-55 25
-55 25
-55 25
-55 25
-55 25
-55 25
-55 25
-55 25
-55 25
-55 25
-55 25
-55 25
-55 25
-55 25
-55 25
-55 25
-55 25
-55 25
-55 25
-55 25
-55 25
-55 25
-55 25
-55 25
-55 25
-55 25
-55 25
-55 25
-55 25
-55 25
-55 25
-55 25
-55 25
-55 25
-55 25
-55 25
-55 25
-55 25
-55 25
-55 25
-55 25
-55 25
-55 25
-55 25
-55 25
-55 25
-55 25
-55 25
-55 25
-55 25
-55 25
-55 25
-55 25
-55 25
-55 25
-55 25
-55 25
-55 25
-55 25
-48 23
-48 23
-48 23
-48 23
-48 23
-48 23
-48 23
-48 23
-48 23
-48 23
-48 23
-48 23
-48 23
-48 23
-48 23
-48 23
-48 23
-48 23
-48 23
-48 23
-48 23
-48 23
-48 23
-48 23
-48 23
-48 23
-48 23
-48 23
-48 23
-48 23
-48 23
-48 23
-48 23
-53 20
-53 20
-53 20
-53 20
-53 20
-53 20
-53 20
-53 20
-53 20
-53 20
-53 20
-53 20
-53 20
-53 20
-53 20
-53 20
-53 20
-53 20
-53 20
-53 20
-53 20
-53 20
-53 20
-53 20
-53 20
-53 20
-53 20
-53 20
-53 20
-53 20
-53 20
-53 20
-53 20
-53 20
-53 20
-53 20
-53 20
-53 20
-53 20
-53 20
-53 20
-53 20
-53 20
-53 20
-53 20
-53 20
-53 20
-53 20
-53 20
-53 20
-53 20
-53 20
-53 20
-53 20
-53 20
-53 20
-53 20
-53 20
-53 20
-53 20
-53 20
-53 20
-53 20
-53 20
-67 23
-67 23
-67 23
-67 23
-67 23
-67 23
-67 23
-67 23
-67 23
-67 23
-67 23
-67 23
-67 23
-67 23
-67 23
-67 23
-67 23
-67 23
-67 23
-67 23
-67 23
-67 23
-67 23
-67 23
-67 23
-67 23
-67 23
-67 23
-67 23
-67 23
-67 23
-67 23
-67 23
-67 23
-67 23
-67 23
-67 23
-67 23
-67 23
-67 23
-67 23
-67 23
-67 23
-67 23
-67 23
-67 23
-67 23
-67 23
-67 23
-67 23
-67 23
-67 23
-61 22
-67 21
-67 21
-67 21
-67 21
-67 21
-67 21
-67 21
-67 21
-67 21
-67 21
-67 21
-67 21
-67 21
-67 21
-67 21
-67 21
-67 21
-67 21
-67 21
-67 21
-67 21
-67 21
-67 21
-67 21
-67 21
-67 21
-67 21
-67 21
-67 21
-67 21
-67 21
-67 21
-67 21
-67 21
-67 21
-67 21
-67 21
-67 21
-67 21
-67 21
-67 21
-67 21
-67 21
-67 21
-67 21
-67 21
-67 21
-67 21
-67 21
-67 21
-67 21
-67 21
-67 21
-67 21
-67 21
-67 21
-67 21
-67 21
-67 21
-67 21
-67 21
-61 21
-61 21
-61 21
-61 21
-61 21
-61 21
-61 21
-61 21
-61 21
-61 21
-61 21
-61 21
-61 21
-61 21
-61 21
-61 21
-61 21
-61 21
-61 21
-61 21
-61 21
-61 21
-61 21
-61 21
-61 21
-61 21
-61 21
-61 21
-61 21
-61 21
-61 21
-62 24
-62 24
-62 24
-62 24
-62 24
-62 24
-62 24
-62 24
-62 24
-62 24
-62 24
-62 24
-62 24
-62 24
-62 24
-62 24
-62 24
-62 24
-62 24
-62 24
-62 24
-62 24
-62 24
-62 24
-62 24
-62 24
-62 24
-62 24
-62 24
-62 24
-62 24
-62 24
-62 24
-62 24
-66 16
-66 16
-66 16
-66 16
-66 16
-66 16
-66 16
-66 16
-66 16
-66 16
-66 16
-66 16
-66 16
-66 16
-66 16
-66 16
-66 16
-66 16
-66 16
-66 16
-66 16
-66 16
-66 16
-66 16
-66 16
-66 16
-66 16
-66 16
-66 16
-66 16
-66 16
-66 16
-66 16
-66 16
-66 16
-66 16
-66 16
-66 16
-66 16
-66 16
-66 16
-66 16
-66 16
-66 16
-66 16
-66 16
-66 16
-66 16
-66 16
-66 16
-66 16
-66 16
-66 16
-66 16
-66 16
-66 16
-66 16
-66 16
-66 16
-66 16
-66 16
-66 16
-66 16
-66 16
-66 16
-66 16
-66 16
-66 16
-66 16
-64 23
-64 23
-64 23
-64 23
-64 23
-64 23
-64 23
-64 23
-64 23
-64 23
-64 23
-64 23
-64 23
-64 23
-64 23
-64 23
-64 23
-64 23
-64 23
-64 23
-64 23
-64 23
-64 23
-64 23
-64 23
-64 23
-64 23
-64 23
-64 23
-64 23
-64 23
-64 23
-64 23
-64 23
-64 23
-64 23
-64 23
-64 23
-64 23
-64 23
-64 23
-64 23
-64 23
-64 23
-64 23
-64 23
-64 23
-64 23
-64 23
-59 21
-59 21
-59 21
-59 21
-59 21
-59 21
-59 21
-59 21
-59 21
-59 21
-59 21
-59 21
-59 21
-59 21
-59 21
-59 21
-59 21
-59 21
-59 21
-59 21
-59 21
-59 21
-59 21
-59 21
-59 21
-59 21
-59 21
-59 21
-59 21
-59 21
-59 21
-59 21
-59 21
-59 21
-59 21
-59 21
-59 21
-59 21
-59 21
-59 21
-59 21
-59 21
-59 21
-59 21
-59 21
-59 21
-59 21
-59 21
-59 21
-59 21
-59 21
-59 21
-63 11
-63 12
-63 12
-63 12
-63 12
-63 12
-63 12
-63 12
-63 12
-63 12
-63 12
-63 12
-63 12
-63 12
-63 12
-63 12
-63 12
-63 12
-63 12
-63 12
-61 14
-61 14
-61 14
-61 14
-61 14
-61 14
-61 14
-61 14
-61 14
-61 14
-61 14
-61 14
-61 14
-61 14
-61 14
-61 14
-61 14
-61 14
-61 14
-61 14
-61 14
-61 14
-61 14
-61 14
-61 14
-61 14
-61 14
-61 14
-61 14
-61 14
-61 14
-61 14
-61 14
-61 14
-61 14
-61 14
-61 14
-61 14
-61 14
-61 14
-61 14
-61 14
-61 14
-61 14
-61 14
-61 14
-61 14
-61 14
-61 14
-61 14
-61 14
-61 14
-61 14
-61 14
-61 14
-61 14
-61 14
-61 14
-61 14
-59 7
-59 7
-59 7
-59 7
-59 7
-59 7
-59 7
-59 7
-59 7
-59 7
-59 7
-59 7
-59 7
-59 7
-59 7
-59 7
-59 7
-59 7
-59 7
-59 7
-59 7
-59 7
-59 7
-59 7
-59 7
-59 7
-59 7
-59 7
-59 7
-59 7
-59 7
-59 7
-59 7
-59 7
-59 7
-59 7
-59 7
-59 7
-59 7
-59 7
-59 7
-59 7
-59 7
-59 7
-59 7
-59 7
-59 7
-59 7
-59 7
-59 7
-59 7
-59 7
-59 7
-59 7
-59 7
-59 7
-59 7
-59 7
-59 7
-59 7
-59 7
-59 7
-59 7
-59 7
-59 7
-59 7
-58 7
-58 7
-64 6
-64 6
-64 6
-64 6
-64 6
-64 6
-64 6
-64 6
-64 6
-64 6
-64 6
-64 6
-64 6
-64 6
-64 6
-64 6
-64 6
-64 6
-64 6
-64 6
-64 6
-64 6
-64 6
-64 6
-64 6
-64 6
-64 6
-64 6
-64 6
-64 6
-64 6
-64 6
-64 6
-64 6
-64 6
-64 6
-64 6
-64 6
-64 6
-64 6
-64 6
-64 6
-64 6
-64 6
-64 6
-64 6
-64 6
-64 6
-64 6
-64 6
-64 6
-64 6
-64 6
-64 6
-64 6
-64 6
-64 6
-64 6
-64 6
-55 12
-55 12
-55 12
-55 12
-55 12
-55 12
-55 12
-55 12
-55 12
-55 12
-55 12
-55 12
-55 12
-55 12
-55 12
-55 12
-55 12
-55 12
-55 12
-55 12
-55 12
-55 12
-55 12
-55 12
-55 12
-55 12
-55 12
-55 12
-55 12
-55 12
-55 12
-55 12
-55 12
-55 12
-55 12
-55 12
-55 12
-55 12
-55 12
-55 12
-55 12
-55 12
-55 12
-55 12
-55 12
-55 12
-55 12
-55 12
-55 12
-55 12
-55 12
-55 12
-55 4
-55 4
-55 4
-55 4
-55 4
-55 4
-55 4
-55 4
-55 4
-55 4
-55 4
-56 9
-56 9
-56 9
-56 9
-56 9
-56 9
-56 9
-56 9
-56 9
-56 9
-56 9
-56 9
-56 9
-56 9
-56 9
-56 9
-56 9
-56 9
-56 9
-56 9
-56 9
-56 9
-56 9
-56 9
-52 8
-52 8
-52 8
-52 8
-52 8
-52 8
-52 8
-52 8
-52 8
-52 8
-52 8
-52 8
-52 8
-52 8
-52 8
-52 8
-52 8
-52 8
-52 8
-52 8
-52 8
-52 8
-52 8
-52 8
-52 8
-52 8
-52 8
-52 8
-52 8
-52 8
-62 6
-62 6
-62 6
-62 6
-62 6
-62 6
-62 6
-62 6
-62 6
-62 6
-62 6
-62 6
-62 6
-62 6
-62 6
-62 6
-62 6
-62 6
-62 6
-62 6
-62 6
-62 6
-62 6
-62 6
-62 6
-62 6
-62 6
-62 6
-62 6
-62 6
-62 6
-62 6
-62 6
-62 6
-62 6
-62 6
-62 6
-62 6
-62 6
-55 1
-55 1
-55 1
-55 1
-55 1
-55 1
-55 1
-55 1
-55 1
-55 1
-55 1
-55 1
-55 1
-55 1
-52 7
-52 7
-52 7
-52 7
-52 7
-52 7
-52 7
-52 7
-52 7
-52 7
-52 7
-52 7
-52 7
-52 7
-52 7
-52 7
-52 7
-52 7
-52 7
-52 7
-52 7
-52 7
-52 7
-52 7
-52 7
-52 7
-52 7
-52 7
-52 7
-52 7
-52 7
-52 7
-52 7
-52 7
-52 7
-52 7
-52 7
-52 7
-52 7
-52 7
-52 7
-52 7
-52 7
-49 0
-49 0
-49 0
-49 0
-49 0
-49 0
-49 0
-49 0
-49 0
-49 0
-49 0
-49 0
-49 0
-49 0
-49 0
-49 0
-49 0
-49 0
-49 0
-49 0
-49 0
-49 0
-49 0
-49 0
-49 0
-49 0
-49 0
-49 0
-49 0
-49 0
-49 0
-49 0
-49 0
-49 0
-49 0
-49 0
-49 0
-49 0
-49 0
-49 0
-49 0
-49 0
-49 0
-49 0
-49 0
-49 0
-49 0
-49 0
-49 0
-49 0
-49 0
-49 0
-49 0
-49 0
-51 -2
-51 -2
-51 -2
-51 -2
-51 -2
-51 -2
-51 -2
-51 -2
-51 -2
-51 -2
-51 -2
-51 -2
-51 -2
-51 -2
-51 -2
-51 -2
-51 -2
-51 -2
-51 -2
-51 -2
-51 -2
-51 -2
-51 -2
-51 -2
-51 -2
-51 -2
-51 -2
-51 -2
-51 -2
-51 -2
-51 -2
-51 -2
-51 -2
-51 -2
-51 -2
-51 -2
-51 -2
-51 -2
-51 -2
-51 -2
-51 -2
-51 -2
-51 -2
-51 -2
-51 -2
-51 -2
-51 -2
-51 -2
-51 -2
-51 -2
-51 -2
-51 -2
-51 -2
-51 -2
-49 0
-47 -1
-47 -1
-47 -1
-47 -1
-47 -1
-47 -1
-47 -1
-47 -1
-47 -1
-47 -1
-47 -1
-47 -1
-47 -1
-47 -1
-47 -1
-47 -1
-47 -1
-47 -1
-47 -1
-47 -1
-47 -1
-47 -1
-45 2
-45 2
-45 2
-45 2
-45 2
-45 2
-45 2
-45 2
-45 2
-45 2
-45 2
-45 2
-45 2
-45 2
-45 2
-45 2
-45 2
-45 2
-45 2
-45 2
-45 2
-45 2
-45 2
-45 2
-45 2
-45 2
-45 2
-45 2
-45 2
-45 2
-45 2
-45 2
-45 2
-45 2
-45 2
-45 2
-45 2
-45 2
-45 2
-45 2
-45 2
-45 2
-45 2
-45 2
-45 2
-45 2
-45 2
-45 2
-45 2
-45 2
-45 2
-45 2
-46 0
-46 0
-46 0
-46 0
-46 0
-46 0
-46 0
-46 0
-46 0
-46 0
-46 0
-46 0
-46 0
-46 0
-46 0
-46 0
-46 0
-46 0
-46 0
-46 0
-46 0
-46 0
-46 0
-46 0
-46 0
-40 -8
-40 -8
-40 -8
-40 -8
-40 -8
-40 -8
-40 -8
-40 -8
-40 -8
-40 -8
-40 -8
-40 -8
-40 -8
-40 -8
-40 -8
-40 -8
-40 -8
-40 -8
-40 -8
-40 -8
-40 -8
-40 -8
-40 -8
-40 -8
-40 -8
-40 -8
-40 -8
-40 -8
-40 -8
-40 -8
-40 -8
-40 -8
-40 -8
-40 -8
-40 -8
-40 -8
-40 -8
-40 -8
-40 -8
-40 -8
-40 -8
-40 -8
-40 -8
-40 -8
-40 -8
-40 -8
-40 -8
-40 -8
-40 -8
-40 -8
-40 -8
-40 -8
-37 -9
-37 -9
-37 -9
-37 -9
-37 -9
-37 -9
-37 -9
-37 -9
-37 -9
-37 -9
-37 -9
-37 -9
-37 -9
-37 -9
-37 -9
-37 -9
-37 -9
-37 -9
-37 -9
-37 -9
-37 -9
-37 -9
-37 -9
-37 -9
-37 -9
-37 -9
-37 -9
-37 -9
-37 -9
-37 -9
-37 -9
-37 -9
-37 -9
-37 -9
-37 -9
-37 -9
-37 -9
-37 -9
-37 -9
-37 -9
-37 -9
-37 -9
-37 -9
-37 -9
-37 -9
-37 -9
-37 -9
-37 -9
-37 -9
-37 -9
-37 -9
-37 -9
-37 -9
-37 -9
-37 -9
-37 -8
-37 -8
-37 -8
-37 -8
-37 -8
-37 -8
-37 -8
-37 -8
-37 -8
-37 -8
-37 -8
-37 -8
-37 -8
-37 -8
-37 -8
-37 -8
-37 -8
-37 -8
-37 -8
-37 -8
-37 -8
-37 -8
-37 -8
-37 -8
-37 -8
-37 -8
-37 -8
-37 -8
-37 -8
-37 -8
-37 -8
-37 -8
-37 -8
-37 -8
-37 -8
-37 -8
-37 -8
-37 -8
-37 -8
-37 -8
-37 -8
-37 -8
-37 -8
-37 -8
-37 -8
-38 -5
-38 -5
-33 -7
-33 -7
-33 -7
-33 -7
-33 -7
-33 -7
-33 -7
-33 -7
-33 -7
-33 -7
-33 -7
-33 -7
-33 -7
-33 -7
-33 -7
-33 -7
-33 -7
-33 -7
-33 -7
-41 -13
-41 -13
-41 -13
-41 -13
-41 -13
-41 -13
-41 -13
-41 -13
-41 -13
-41 -13
-41 -13
-41 -13
-41 -13
-41 -13
-41 -13
-41 -13
-41 -13
-41 -13
-41 -13
-41 -13
-41 -13
-41 -13
-41 -13
-41 -13
-41 -13
-41 -13
-41 -13
-41 -13
-41 -13
-41 -13
-41 -13
-41 -13
-41 -13
-41 -13
-41 -13
-41 -13
-41 -13
-41 -13
-41 -13
-41 -13
-41 -13
-41 -13
-41 -13
-41 -13
-41 -13
-41 -13
-41 -13
-41 -13
-37 -6
-37 -6
-37 -6
-37 -6
-37 -6
-37 -6
-37 -6
-37 -6
-37 -6
-37 -6
-37 -6
-37 -6
-37 -6
-37 -6
-37 -6
-37 -6
-37 -6
-37 -6
-37 -6
-37 -6
-37 -6
-37 -6
-37 -6
-37 -6
-37 -6
-37 -6
-37 -6
-37 -6
-37 -6
-37 -6
-37 -6
-37 -6
-37 -6
-37 -6
-37 -6
-37 -6
-37 -6
-37 -6
-37 -6
-37 -6
-37 -6
-37 -6
-37 -6
-37 -6
-37 -6
-37 -6
-37 -6
-37 -6
-43 -15
-43 -15
-43 -15
-43 -15
-43 -15
-43 -15
-43 -15
-43 -15
-43 -15
-43 -15
-43 -15
-43 -15
-43 -15
-43 -15
-43 -15
-43 -15
-43 -15
-43 -15
-43 -15
-43 -15
-43 -15
-43 -15
-43 -15
-43 -15
-43 -15
-43 -15
-43 -15
-43 -15
-43 -15
-43 -15
-43 -15
-43 -15
-43 -15
-43 -15
-43 -15
-43 -15
-43 -15
-43 -15
-43 -15
-43 -15
-43 -15
-43 -15
-43 -15
-43 -15
-43 -15
-43 -15
-43 -15
-43 -15
-43 -15
-43 -15
-43 -15
-43 -15
-43 -15
-43 -15
-43 -15
-43 -15
-43 -15
-43 -15
-43 -15
-43 -15
-43 -15
-43 -15
-43 -15
-43 -15
-43 -15
-43 -15
-43 -15
-43 -15
-43 -15
-43 -15
-43 -15
-43 -15
-43 -15
-43 -15
-43 -15
-43 -15
-28 -14
-36 -14
-36 -14
-36 -14
-36 -14
-36 -14
-36 -14
-36 -14
-36 -14
-36 -14
-36 -14
-36 -14
-36 -14
-36 -14
-36 -14
-36 -14
-36 -14
-36 -14
-36 -14
-36 -14
-36 -14
-36 -14
-36 -14
-36 -14
-36 -14
-36 -14
-36 -14
-36 -14
-36 -14
-36 -14
-36 -14
-36 -14
-36 -14
-36 -14
-36 -14
-36 -14
-36 -14
-36 -14
-36 -14
-36 -14
-36 -14
-36 -14
-36 -14
-39 -12
-39 -12
-39 -12
-39 -12
-39 -12
-39 -12
-39 -12
-39 -12
-39 -12
-39 -12
-39 -12
-39 -12
-39 -12
-39 -12
-39 -12
-39 -12
-39 -12
-39 -12
-39 -12
-39 -12
-39 -12
-33 -10
-33 -10
-33 -10
-33 -10
-33 -10
-33 -10
-33 -10
-33 -10
-33 -10
-33 -10
-33 -10
-33 -10
-33 -10
-33 -10
-33 -10
-33 -10
-33 -10
-33 -10
-33 -10
-33 -10
-33 -10
-33 -10
-33 -10
-33 -10
-33 -10
-33 -10
-33 -10
-33 -10
-33 -10
-33 -10
-33 -10
-33 -10
-33 -10
-33 -10
-33 -10
-33 -10
-33 -10
-33 -10
-33 -10
-33 -10
-33 -10
-33 -10
-33 -10
-33 -10
-33 -10
-33 -10
-33 -10
-36 -22
-36 -22
-36 -22
-36 -22
-36 -22
-36 -22
-36 -22
-36 -22
-36 -22
-36 -22
-36 -22
-36 -22
-36 -22
-36 -22
-36 -22
-36 -22
-36 -22
-36 -22
-36 -22
-36 -22
-36 -22
-36 -22
-36 -22
-36 -22
-36 -22
-36 -22
-36 -22
-36 -22
-36 -22
-36 -22
-36 -22
-36 -22
-36 -22
-36 -22
-36 -22
-36 -22
-36 -22
-36 -22
-36 -22
-36 -22
-36 -22
-36 -22
-36 -22
-36 -22
-36 -18
-36 -21
-36 -21
-36 -21
-36 -21
-36 -21
-36 -21
-36 -21
-36 -21
-36 -21
-36 -21
-36 -21
-36 -21
-36 -21
-36 -21
-36 -21
-36 -21
-36 -21
-36 -21
-36 -21
-36 -21
-36 -21
-36 -21
-36 -21
-36 -21
-36 -21
-36 -21
-36 -21
-36 -21
-36 -21
-36 -21
-36 -21
-36 -21
-36 -21
-36 -21
-36 -21
-36 -21
-36 -21
-36 -21
-36 -21
-36 -21
-36 -21
-36 -21
-36 -21
-36 -21
-36 -21
-42 -23
-42 -23
-42 -23
-42 -23
-42 -23
-42 -23
-42 -23
-42 -23
-42 -23
-42 -23
-42 -23
-42 -23
-42 -23
-42 -23
-42 -23
-42 -23
-43 -17
-43 -17
-43 -17
-43 -17
-43 -17
-43 -17
-43 -17
-43 -17
-43 -17
-43 -17
-43 -17
-43 -17
-43 -17
-43 -17
-43 -17
-43 -17
-43 -17
-43 -17
-43 -17
-43 -17
-36 -15
-36 -15
-36 -15
-36 -15
-36 -15
-36 -15
-36 -15
-36 -15
-36 -15
-36 -15
-36 -15
-36 -15
-36 -15
-36 -15
-36 -15
-36 -15
-36 -15
-36 -15
-36 -15
-36 -15
-36 -15
-36 -15
-36 -15
-36 -15
-36 -15
-36 -15
-36 -15
-36 -15
-36 -15
-36 -15
-36 -15
-36 -15
-36 -15
-36 -15
-36 -15
-36 -15
-36 -15
-36 -15
-36 -15
-36 -15
-36 -15
-36 -15
-36 -15
-36 -15
-42 -30
-42 -30
-42 -30
-42 -30
-42 -30
-42 -30
-42 -30
-42 -30
-42 -30
-42 -30
-42 -30
-42 -30
-42 -30
-42 -30
-42 -30
-42 -30
-42 -30
-42 -30
-42 -30
-42 -30
-42 -30
-42 -30
-42 -30
-42 -30
-42 -30
-42 -30
-42 -30
-42 -30
-42 -30
-42 -30
-42 -30
-42 -30
-42 -30
-42 -30
-42 -30
-42 -30
-42 -30
-42 -30
-42 -30
-42 -30
-42 -30
-42 -30
-42 -30
-42 -30
-40 -25
-37 -27
-37 -27
-37 -27
-37 -27
-37 -27
-37 -27
-37 -27
-37 -27
-37 -27
-37 -27
-37 -27
-37 -27
-37 -27
-37 -27
-37 -27
-37 -27
-37 -27
-37 -27
-37 -27
-37 -27
-37 -27
-37 -27
-37 -27
-37 -27
-37 -27
-37 -27
-37 -27
-37 -27
-37 -27
-37 -27
-37 -27
-37 -27
-37 -27
-37 -27
-37 -27
-37 -27
-37 -27
-37 -27
-37 -27
-37 -27
-37 -27
-37 -27
-37 -27
-37 -27
-37 -27
-37 -27
-35 -27
-35 -27
-35 -27
-35 -27
-35 -27
-35 -27
-35 -27
-35 -27
-35 -27
-35 -27
-35 -27
-35 -27
-35 -27
-35 -27
-35 -27
-35 -27
-35 -27
-35 -27
-35 -27
-35 -27
-35 -27
-36 -20
-36 -20
-36 -20
-36 -20
-36 -20
-36 -20
-36 -20
-36 -20
-36 -20
-36 -20
-36 -20
-36 -20
-36 -20
-36 -20
-36 -20
-36 -20
-36 -20
-36 -20
-36 -20
-36 -20
-36 -20
-36 -20
-36 -20
-36 -20
-36 -20
-36 -20
-36 -20
-36 -20
-36 -20
-36 -20
-36 -20
-36 -20
-36 -20
-36 -20
-36 -20
-36 -20
-36 -20
-36 -20
-36 -20
-36 -20
-36 -20
-36 -20
-36 -20
-37 -23
-37 -23
-37 -23
-37 -23
-37 -23
-37 -23
-37 -23
-37 -23
-37 -23
-37 -23
-37 -23
-37 -23
-37 -23
-37 -23
-37 -23
-37 -23
-37 -23
-37 -23
-37 -23
-37 -23
-37 -23
-37 -23
-37 -23
-37 -23
-37 -23
-37 -23
-37 -23
-37 -23
-37 -23
-37 -23
-37 -23
-37 -23
-37 -23
-37 -23
-37 -23
-37 -23
-37 -23
-37 -23
-37 -23
-37 -23
-37 -23
-37 -23
-37 -23
-37 -23
-37 -23
-26 -23
-29 -26
-29 -26
-29 -26
-29 -26
-29 -26
-29 -26
-29 -26
-29 -26
-29 -26
-29 -26
-29 -26
-29 -26
-29 -26
-29 -26
-29 -26
-29 -26
-29 -26
-29 -26
-29 -26
-29 -26
-29 -26
-29 -26
-29 -26
-29 -26
-29 -26
-29 -26
-29 -26
-29 -26
-29 -26
-29 -26
-29 -26
-29 -26
-29 -26
-29 -26
-29 -26
-29 -26
-29 -26
-29 -26
-29 -26
-29 -26
-29 -26
-29 -26
-29 -26
-29 -26
-29 -26
-29 -26
-29 -26
-29 -26
-29 -26
-29 -26
-32 -26
-32 -26
-32 -26
-32 -26
-32 -26
-32 -26
-32 -26
-32 -26
-32 -26
-32 -26
-32 -26
-32 -26
-32 -26
-32 -26
-32 -26
-32 -26
-32 -26
-32 -26
-32 -26
-32 -26
-32 -26
-32 -26
-32 -26
-32 -26
-32 -26
-32 -26
-32 -26
-32 -26
-32 -26
-32 -26
-32 -26
-32 -26
-32 -26
-32 -26
-32 -26
-32 -26
-32 -26
-32 -26
-32 -26
-32 -26
-32 -26
-32 -26
-32 -26
-32 -26
-32 -26
-32 -26
-32 -26
-32 -26
-32 -26
-32 -26
-32 -26
-21 -27
-17 -30
-17 -30
-17 -30
-17 -30
-17 -30
-17 -30
-17 -30
-17 -30
-17 -30
-17 -30
-17 -30
-17 -30
-17 -30
-17 -30
-17 -30
-17 -30
-17 -30
-17 -30
-17 -30
-17 -30
-17 -30
-17 -30
-17 -30
-17 -30
-17 -30
-17 -30
-17 -30
-17 -30
-17 -30
-17 -30
-17 -30
-17 -30
-17 -30
-17 -30
-17 -30
-17 -30
-17 -30
-17 -30
-17 -30
-17 -30
-17 -30
-17 -30
-17 -30
-17 -30
-17 -30
-17 -30
-17 -30
-17 -30
-17 -30
-17 -30
-17 -30
-17 -30
-17 -30
-17 -30
-25 -29
-25 -29
-25 -29
-25 -29
-25 -29
-25 -29
-25 -29
-25 -29
-25 -29
-25 -29
-25 -29
-25 -29
-25 -29
-25 -29
-25 -29
-25 -29
-25 -29
-25 -29
-25 -29
-25 -29
-25 -29
-25 -29
-25 -29
-25 -29
-25 -29
-25 -29
-25 -29
-25 -29
-25 -29
-25 -29
-25 -29
-25 -29
-25 -29
-25 -29
-25 -29
-25 -29
-25 -29
-25 -29
-25 -29
-25 -29
-25 -29
-25 -29
-25 -29
-25 -29
-25 -29
-25 -29
-25 -29
-25 -29
-25 -29
-25 -29
-25 -29
-25 -29
-25 -29
-25 -29
-25 -29
-25 -29
-25 -29
-25 -29
-15 -35
-15 -35
-15 -35
-15 -35
-15 -35
-15 -35
-15 -35
-15 -35
-15 -35
-15 -35
-15 -35
-15 -35
-15 -35
-15 -35
-15 -35
-15 -35
-15 -35
-15 -35
-15 -35
-15 -35
-15 -35
-15 -35
-15 -35
-15 -35
-15 -35
-15 -35
-15 -35
-15 -35
-15 -35
-15 -35
-15 -35
-15 -35
-15 -35
-15 -35
-15 -35
-15 -35
-15 -35
-15 -35
-15 -35
-15 -35
-15 -35
-15 -35
-15 -35
-15 -35
-15 -35
-15 -35
-15 -35
-15 -35
-15 -35
-15 -35
-15 -35
-15 -35
-15 -35
-15 -35
-15 -35
-15 -35
-15 -35
-15 -35
-15 -35
-15 -35
-15 -35
-15 -35
-15 -35
-15 -35
-15 -35
-15 -35
-15 -35
-15 -35
-15 -35
-15 -35
-15 -35
-15 -35
-15 -35
-15 -35
-15 -35
-15 -35
-15 -35
-15 -35
-15 -35
-15 -35
-15 -35
-15 -35
-15 -35
-15 -35
-15 -35
-15 -35
-15 -35
-15 -35
-15 -35
-15 -35
-15 -35
-15 -35
-15 -35
-15 -35
-15 -35
-15 -35
-15 -35
-15 -35
-15 -35
-15 -35
-15 -35
-15 -35
-15 -35
-15 -35
-15 -35
-15 -35
-15 -35
-15 -35
-15 -35
-15 -35
-15 -35
-15 -35
-15 -35
-11 -39
-17 -37
-17 -37
-17 -37
-17 -37
-17 -37
-17 -37
-17 -37
-17 -37
-17 -37
-17 -37
-17 -37
-17 -37
-17 -37
-17 -37
-17 -37
-17 -37
-17 -37
-17 -37
-17 -37
-17 -37
-17 -37
-17 -37
-17 -37
-17 -37
-17 -37
-17 -37
-17 -37
-17 -37
-16 -38
-11 -40
-11 -40
-11 -40
-11 -40
-11 -40
-11 -40
-11 -40
-11 -40
-11 -40
-11 -40
-11 -40
-11 -40
-11 -40
-11 -40
-11 -40
-11 -40
-11 -40
-11 -40
-11 -40
-11 -40
-11 -40
-11 -40
-11 -40
-11 -40
-11 -40
-11 -40
-11 -40
-11 -40
-11 -40
-11 -40
-11 -40
-11 -40
-11 -40
-11 -40
-11 -40
-11 -40
-11 -40
-11 -40
-11 -40
-11 -40
-11 -40
-11 -40
-11 -40
-11 -40
-11 -40
-11 -40
-11 -40
-11 -40
-11 -40
-11 -40
-11 -40
-11 -40
-11 -40
-11 -40
-11 -40
-11 -40
-11 -40
-11 -40
-11 -40
-5 -33
-5 -33
-5 -33
-5 -33
-5 -33
-5 -33
-5 -33
-5 -33
-5 -33
-5 -33
-5 -33
-5 -33
-5 -33
-5 -33
-5 -33
-5 -33
-5 -33
-5 -33
-5 -33
-5 -33
-5 -33
-5 -33
-5 -33
-5 -33
-5 -33
-5 -33
-5 -33
-5 -33
-5 -33
-5 -33
-5 -33
-5 -33
-5 -33
-5 -33
-5 -33
-5 -33
-5 -33
-5 -33
-5 -33
-5 -33
-5 -33
-5 -33
-5 -33
-5 -33
-5 -33
-5 -33
-5 -33
-5 -33
-5 -33
-5 -33
-5 -33
-5 -33
-5 -33
-5 -33
-5 -33
-5 -33
-5 -33
-5 -33
-5 -33
-8 -42
-8 -39
-8 -39
-8 -39
-8 -39
-8 -39
-8 -39
-8 -39
-8 -39
-8 -39
-8 -39
-8 -39
-8 -39
-8 -39
-8 -39
-8 -39
-8 -39
-8 -39
-8 -39
-8 -39
-8 -39
-8 -39
-8 -39
-8 -39
-8 -39
-8 -39
-8 -39
-3 -40
-3 -40
-3 -40
-3 -40
-3 -40
-3 -40
-3 -40
-3 -40
-3 -40
-3 -40
-3 -40
-3 -40
-3 -40
-3 -40
-3 -40
-3 -40
-3 -40
-3 -40
-3 -40
-3 -40
-3 -40
-3 -40
-3 -40
-3 -40
-3 -40
-3 -40
-3 -40
-3 -40
-3 -40
-3 -40
-3 -40
-3 -40
-3 -40
-3 -40
-3 -40
-3 -40
-3 -40
-3 -40
-3 -40
-3 -40
-3 -40
-3 -40
-3 -40
-3 -40
-3 -40
-3 -40
-3 -40
-3 -40
-3 -40
-3 -40
-3 -40
-3 -40
-3 -40
-3 -40
-3 -40
-2 -42
-2 -42
-2 -42
-2 -42
-2 -42
-2 -42
-2 -42
-2 -42
-2 -42
-2 -42
-2 -42
-2 -42
-2 -42
-2 -42
-2 -42
-2 -42
-2 -42
-2 -42
-2 -42
-2 -42
-2 -42
-2 -42
-2 -42
-2 -42
-3 -43
-3 -43
-3 -43
-3 -43
-3 -43
-3 -43
-3 -43
-3 -43
-3 -43
-3 -43
-3 -43
-3 -43
-3 -43
-3 -43
-3 -43
-3 -43
-3 -43
-3 -43
-3 -43
-3 -43
-3 -43
-3 -43
-3 -43
-3 -43
-3 -43
-3 -43
-3 -43
-3 -43
-3 -43
-3 -43
-3 -43
-3 -43
-3 -43
-3 -43
-3 -43
-3 -43
-3 -43
-3 -43
-3 -43
-3 -43
-3 -43
-3 -43
-3 -43
-3 -43
-3 -43
-3 -43
-3 -43
-3 -43
-3 -43
-3 -43
-3 -43
-3 -43
-3 -43
-3 -43
-3 -43
-3 -43
-3 -43
-4 -45
-4 -45
-4 -45
-4 -45
-4 -45
-4 -45
-4 -45
-4 -45
-4 -45
-4 -45
-4 -45
-4 -45
-4 -45
-4 -45
-4 -45
-4 -45
-4 -45
-4 -45
-4 -45
-4 -45
-4 -45
-4 -45
-4 -45
-4 -45
-4 -45
-4 -45
-4 -45
-4 -45
-4 -45
-4 -45
-4 -45
-4 -45
-4 -45
-4 -45
-4 -45
-4 -45
-4 -45
-4 -45
-4 -45
-4 -45
-4 -45
-4 -45
-4 -45
-4 -45
-4 -45
-4 -45
-4 -45
-4 -45
-4 -45
-4 -45
-4 -45
-4 -45
-4 -45
-4 -45
-4 -45
-4 -45
-4 -45
-4 -45
-4 -45
-4 -45
-4 -45
-4 -45
-4 -45
-4 -45
0 -43
0 -43
0 -43
0 -43
0 -43
0 -43
0 -43
0 -43
0 -43
0 -43
0 -43
0 -43
0 -43
0 -43
0 -43
0 -43
0 -43
0 -43
0 -43
0 -43
0 -43
0 -43
0 -43
0 -43
0 -43
0 -43
0 -43
0 -43
0 -43
0 -43
0 -43
0 -43
0 -43
0 -43
0 -43
0 -43
0 -43
0 -43
0 -43
0 -43
0 -43
0 -43
0 -43
0 -43
0 -43
0 -43
0 -43
0 -43
3 -42
3 -42
3 -42
3 -42
3 -42
3 -42
3 -42
3 -42
3 -42
3 -42
3 -42
3 -42
3 -42
3 -42
3 -42
3 -42
3 -42
3 -42
3 -42
3 -42
3 -42
3 -42
3 -42
3 -42
3 -42
3 -42
3 -42
3 -42
3 -42
3 -42
3 -42
3 -42
3 -42
3 -42
3 -42
3 -42
3 -42
3 -42
3 -42
3 -42
3 -42
3 -42
3 -42
3 -42
3 -42
3 -42
3 -42
3 -42
3 -42
3 -42
3 -42
3 -42
3 -42
3 -42
3 -42
3 -42
3 -42
3 -42
3 -42
3 -42
3 -42
3 -42
3 -42
3 -42
3 -42
3 -42
3 -42
3 -42
3 -42
3 -42
3 -42
3 -42
3 -42
3 -42
3 -42
3 -42
3 -42
3 -42
3 -42
3 -42
5 -45
9 -45
9 -45
9 -45
9 -45
9 -45
9 -45
9 -45
9 -45
9 -45
9 -45
9 -45
9 -45
9 -45
9 -45
9 -45
9 -45
9 -45
9 -45
9 -45
9 -45
9 -45
9 -45
9 -45
9 -45
9 -45
9 -45
9 -45
9 -45
9 -45
9 -45
9 -45
9 -45
9 -45
9 -45
9 -45
9 -45
9 -45
9 -45
9 -45
9 -45
9 -45
9 -45
9 -45
9 -45
9 -45
9 -45
9 -45
9 -45
9 -45
9 -45
11 -44
10 -42
10 -42
10 -42
10 -42
10 -42
10 -42
10 -42
10 -42
10 -42
10 -42
10 -42
10 -42
10 -42
10 -42
10 -42
10 -42
10 -42
10 -42
10 -42
10 -42
10 -42
10 -42
10 -42
10 -42
10 -42
10 -42
10 -42
10 -42
10 -42
10 -42
10 -42
10 -42
10 -42
10 -42
10 -42
10 -42
10 -42
10 -42
10 -42
10 -42
10 -42
10 -42
10 -42
10 -42
10 -42
10 -42
10 -42
15 -45
15 -45
15 -45
15 -45
15 -45
15 -45
15 -45
15 -45
15 -45
15 -45
15 -45
15 -45
15 -45
15 -45
15 -45
15 -45
15 -45
15 -45
15 -45
15 -45
15 -45
15 -45
15 -45
15 -45
15 -45
15 -45
15 -45
15 -45
15 -45
18 -45
18 -45
18 -45
18 -45
18 -45
18 -45
18 -45
18 -45
18 -45
18 -45
18 -45
18 -45
18 -45
18 -45
18 -45
18 -45
18 -45
18 -45
18 -45
18 -45
18 -45
18 -45
18 -45
18 -45
18 -45
18 -45
18 -45
18 -45
18 -45
18 -45
18 -45
18 -45
18 -45
18 -45
18 -45
18 -45
18 -45
18 -45
18 -45
18 -45
18 -45
18 -45
18 -45
18 -45
18 -45
18 -45
18 -45
18 -45
18 -45
18 -45
18 -45
18 -45
18 -45
18 -45
18 -45
18 -45
18 -45
18 -45
18 -45
18 -45
18 -45
18 -45
18 -45
18 -45
18 -45
18 -45
18 -45
18 -45
18 -45
18 -45
18 -45
18 -45
18 -45
18 -45
18 -45
18 -45
18 -45
27 -45
27 -45
27 -45
27 -45
27 -45
27 -45
27 -45
27 -45
27 -45
27 -45
27 -45
27 -45
27 -45
27 -45
27 -45
27 -45
27 -45
27 -45
27 -45
27 -45
27 -45
27 -45
27 -45
27 -45
27 -45
27 -45
27 -45
27 -45
27 -45
27 -45
27 -45
27 -45
27 -45
27 -45
27 -45
27 -45
27 -45
27 -45
27 -45
27 -45
27 -45
27 -45
27 -45
27 -45
29 -45
29 -45
29 -45
29 -45
29 -45
29 -45
29 -45
29 -45
29 -45
29 -45
29 -45
29 -45
29 -45
29 -45
29 -45
29 -45
29 -45
29 -45
29 -45
29 -45
29 -45
29 -45
29 -45
29 -45
29 -45
29 -45
29 -45
29 -45
29 -45
29 -45
29 -45
29 -45
29 -45
29 -45
29 -45
29 -45
29 -45
29 -45
29 -45
29 -45
29 -45
29 -45
29 -45
29 -45
29 -45
29 -45
29 -45
29 -45
28 -39
36 -42
36 -42
36 -42
36 -42
36 -42
36 -42
36 -42
36 -42
36 -42
36 -42
36 -42
36 -42
36 -42
36 -42
36 -42
36 -42
36 -42
36 -42
35 -42
35 -42
35 -42
35 -42
35 -42
35 -42
35 -42
35 -42
35 -42
35 -42
35 -42
35 -42
35 -42
35 -42
35 -42
35 -42
35 -42
35 -42
35 -42
35 -42
35 -42
35 -42
35 -42
35 -42
35 -42
35 -42
35 -42
35 -42
35 -42
35 -42
35 -42
35 -42
35 -42
35 -42
35 -42
35 -42
35 -42
35 -42
35 -42
35 -42
35 -42
35 -42
35 -42
35 -42
35 -42
35 -42
35 -42
35 -42
35 -42
35 -42
35 -42
35 -42
35 -42
35 -42
35 -42
35 -42
35 -42
35 -42
35 -42
35 -42
35 -42
35 -42
35 -42
35 -42
35 -42
35 -42
35 -42
35 -42
35 -42
35 -42
47 -42
47 -40
47 -40
47 -40
47 -40
47 -40
47 -40
47 -40
47 -40
47 -40
47 -40
47 -40
47 -40
47 -40
47 -40
47 -40
47 -40
47 -40
47 -40
47 -40
47 -40
47 -40
47 -40
47 -40
47 -40
47 -40
47 -40
47 -40
47 -40
47 -40
47 -40
47 -40
47 -40
47 -40
47 -40
47 -40
47 -40
47 -40
47 -40
47 -40
47 -40
47 -40
48 -37
48 -37
48 -37
48 -37
48 -37
48 -37
48 -37
48 -37
48 -37
48 -37
48 -37
48 -37
48 -37
48 -37
48 -37
48 -37
48 -37
48 -37
48 -37
48 -37
48 -37
48 -37
46 -36
50 -36
50 -36
50 -36
50 -36
50 -36
50 -36
50 -36
50 -36
50 -36
50 -36
50 -36
50 -36
50 -36
50 -36
50 -36
50 -36
50 -36
50 -36
50 -36
50 -36
50 -36
50 -36
50 -36
50 -36
50 -36
55 -29
55 -29
55 -29
55 -37
55 -37
55 -37
55 -37
55 -37
55 -37
55 -37
55 -37
55 -37
55 -37
55 -37
55 -37
55 -37
55 -37
55 -37
55 -37
55 -37
55 -37
55 -37
55 -37
55 -37
55 -37
55 -37
55 -37
55 -37
55 -37
55 -37
55 -37
55 -37
55 -37
55 -37
55 -37
55 -37
55 -37
55 -37
63 -33
63 -33
63 -33
63 -33
63 -33
63 -33
63 -33
63 -33
63 -33
63 -33
63 -33
63 -33
63 -33
63 -33
63 -33
63 -33
63 -33
63 -33
63 -33
63 -33
63 -33
63 -33
63 -33
63 -33
63 -33
63 -33
63 -33
63 -33
63 -33
63 -33
63 -33
63 -33
63 -33
63 -33
63 -33
63 -33
63 -33
63 -33
63 -33
63 -33
63 -33
52 -29
60 -25
60 -25
60 -25
60 -25
60 -25
60 -25
60 -25
60 -25
60 -25
60 -25
60 -25
60 -25
60 -25
60 -25
60 -25
60 -25
60 -25
60 -25
60 -25
60 -25
60 -25
60 -25
60 -25
60 -25
60 -25
60 -25
60 -25
60 -25
60 -25
60 -25
60 -25
60 -25
60 -25
60 -25
60 -25
60 -25
60 -25
60 -25
60 -25
60 -25
60 -25
60 -25
60 -25
55 -29
55 -29
55 -29
55 -29
55 -29
55 -29
55 -29
55 -29
55 -29
55 -29
55 -29
55 -29
55 -29
55 -29
55 -29
55 -29
55 -29
55 -29
55 -29
55 -29
55 -29
55 -29
55 -29
60 -29
60 -29
60 -29
60 -29
60 -29
60 -29
60 -29
60 -29
60 -29
60 -29
60 -29
60 -29
60 -29
60 -29
60 -29
60 -29
60 -29
60 -29
60 -29
60 -29
60 -29
60 -29
60 -29
60 -29
60 -29
60 -29
60 -29
60 -29
60 -29
60 -29
60 -29
60 -29
60 -29
60 -29
60 -29
60 -29
60 -29
60 -29
60 -29
60 -29
60 -29
60 -29
60 -29
60 -29
60 -29
60 -29
60 -29
60 -29
60 -29
60 -29
60 -29
60 -29
60 -29
60 -29
60 -29
60 -29
60 -29
60 -29
60 -29
60 -29
60 -29
60 -29
60 -29
60 -29
60 -29
60 -29
60 -29
60 -29
60 -29
60 -29
60 -29
60 -29
60 -29
60 -29
60 -29
60 -29
60 -29
60 -29
60 -29
60 -29
58 -23
55 -20
55 -20
55 -20
55 -20
55 -20
55 -20
55 -20
55 -20
55 -20
55 -20
55 -20
55 -20
55 -20
55 -20
55 -20
55 -20
55 -20
55 -20
55 -20
55 -20
55 -20
55 -20
55 -20
55 -20
55 -20
55 -20
55 -20
55 -20
55 -20
55 -20
55 -20
55 -20
55 -20
55 -20
55 -20
55 -20
55 -20
55 -20
55 -20
55 -20
55 -20
55 -20
55 -20
55 -20
55 -20
55 -20
55 -20
55 -20
55 -20
52 -20
52 -20
52 -20
52 -20
52 -20
52 -20
52 -20
52 -20
52 -20
52 -20
52 -20
52 -20
52 -20
52 -20
52 -20
52 -20
52 -20
52 -20
52 -20
52 -20
52 -20
52 -20
52 -20
52 -20
56 -18
56 -18
56 -18
56 -18
56 -18
56 -18
56 -18
56 -18
56 -18
56 -18
56 -18
56 -18
56 -18
56 -18
56 -18
56 -18
56 -18
56 -18
56 -18
56 -18
56 -18
56 -18
55 -18
55 -18
55 -18
55 -18
55 -18
55 -18
55 -18
55 -18
55 -18
55 -18
55 -18
55 -18
55 -18
55 -18
55 -18
55 -18
55 -18
55 -18
55 -18
55 -18
55 -18
55 -18
55 -18
55 -18
55 -18
55 -18
55 -18
55 -18
55 -18
55 -18
55 -18
55 -18
55 -18
55 -18
55 -18
55 -18
55 -18
55 -18
55 -18
55 -18
55 -18
55 -18
55 -18
55 -18
55 -18
55 -18
55 -18
55 -18
55 -18
55 -18
55 -18
55 -18
55 -18
55 -18
55 -18
55 -18
55 -18
55 -18
55 -18
55 -18
55 -18
55 -18
55 -18
55 -18
55 -18
55 -18
55 -18
55 -18
55 -18
55 -18
55 -18
55 -18
55 -18
55 -18
55 -18
55 -18
55 -18
62 -18
62 -18
62 -18
62 -18
62 -18
62 -18
62 -18
62 -18
62 -18
62 -18
62 -18
62 -18
62 -18
62 -18
62 -18
62 -18
62 -18
62 -18
62 -18
62 -18
62 -18
62 -18
62 -18
62 -18
62 -18
62 -18
62 -18
62 -18
62 -18
62 -18
62 -18
62 -18
62 -18
62 -18
62 -18
62 -18
62 -18
62 -18
62 -18
62 -18
62 -18
62 -18
62 -18
62 -18
62 -18
62 -18
62 -18
62 -18
62 -18
62 -18
62 -18
62 -18
62 -18
62 -18
62 -18
62 -18
62 -18
61 -17
61 -17
61 -17
61 -17
61 -17
61 -17
61 -17
61 -17
61 -17
61 -17
61 -17
61 -17
61 -17
61 -17
61 -17
61 -17
61 -17
61 -17
61 -17
61 -17
61 -17
61 -17
61 -17
61 -17
61 -17
61 -17
61 -17
61 -17
61 -17
61 -17
61 -17
61 -17
61 -17
61 -17
61 -17
61 -17
61 -17
61 -17
61 -17
61 -17
61 -17
61 -17
61 -17
61 -17
61 -17
61 -17
61 -17
61 -17
61 -17
61 -17
61 -17
61 -17
61 -17
61 -17
61 -17
61 -17
61 -17
66 -15
66 -15
66 -15
66 -15
66 -15
66 -15
66 -15
66 -15
66 -15
66 -15
66 -15
66 -15
66 -15
66 -15
66 -15
66 -15
66 -15
66 -15
66 -15
66 -15
66 -15
66 -15
66 -15
66 -15
66 -15
66 -15
59 -14
59 -14
59 -14
59 -14
59 -14
59 -14
59 -14
59 -14
59 -14
59 -14
59 -14
59 -14
59 -14
59 -14
59 -14
59 -14
59 -14
59 -14
59 -14
59 -14
59 -14
59 -14
59 -14
59 -14
59 -14
59 -14
59 -14
59 -14
59 -14
59 -14
59 -14
59 -14
59 -14
59 -14
59 -14
59 -14
59 -14
59 -14
59 -14
59 -14
59 -14
59 -14
59 -14
59 -14
59 -14
59 -14
59 -14
59 -14
59 -14
59 -14
59 -14
59 -14
59 -14
59 -14
59 -14
59 -14
59 -14
59 -14
59 -14
59 -14
59 -14
59 -14
59 -14
59 -14
59 -14
59 -14
59 -14
59 -14
59 -14
59 -14
59 -14
59 -14
59 -14
59 -14
59 -14
59 -14
59 -14
59 -14
59 -14
59 -14
59 -14
59 -14
59 -14
59 -14
59 -14
59 -14
59 -14
59 -14
59 -14
59 -14
59 -14
59 -14
59 -14
59 -14
59 -14
59 -14
59 -14
59 -14
59 -14
59 -14
59 -14
59 -14
56 -17
56 -17
56 -17
56 -17
56 -17
56 -17
56 -17
56 -17
56 -17
56 -17
56 -17
56 -17
56 -17
56 -17
56 -17
56 -17
56 -17
56 -17
56 -17
56 -17
56 -17
56 -17
56 -17
56 -17
56 -17
56 -17
56 -17
56 -17
56 -17
56 -17
56 -17
56 -17
56 -17
56 -17
56 -17
56 -17
56 -17
56 -17
56 -17
56 -17
56 -17
56 -17
56 -17
56 -17
56 -17
56 -17
56 -17
56 -17
56 -17
56 -17
56 -17
56 -17
56 -17
56 -17
56 -17
56 -17
56 -17
56 -17
56 -17
56 -17
56 -17
56 -17
56 -17
56 -17
56 -17
56 -17
56 -17
56 -17
56 -17
56 -17
56 -17
56 -17
56 -17
56 -17
56 -17
56 -10
56 -10
56 -10
56 -10
56 -10
56 -10
56 -10
56 -10
56 -10
56 -10
56 -10
56 -10
56 -10
56 -10
56 -10
56 -10
56 -10
56 -10
56 -10
56 -10
56 -10
56 -10
56 -10
56 -10
56 -10
56 -10
56 -10
56 -10
56 -10
56 -10
56 -10
56 -10
56 -10
56 -10
56 -10
56 -10
56 -10
56 -10
56 -10
56 -10
56 -10
56 -10
56 -10
56 -10
56 -10
56 -10
56 -10
56 -10
56 -10
56 -10
56 -10
56 -10
56 -10
56 -10
56 -10
56 -10
56 -10
56 -10
56 -10
56 -10
56 -10
56 -10
56 -10
56 -10
56 -10
56 -10
56 -10
56 -10
56 -10
56 -10
56 -10
56 -10
56 -10
56 -10
58 -10
54 -11
54 -11
54 -11
54 -11
54 -11
54 -11
54 -11
54 -11
54 -11
54 -11
54 -11
54 -11
54 -11
54 -11
54 -11
54 -11
54 -11
54 -11
54 -11
54 -11
54 -11
54 -11
54 -11
54 -11
54 -11
54 -11
54 -11
54 -11
54 -11
54 -11
54 -11
54 -11
54 -11
54 -11
54 -11
54 -11
54 -11
54 -11
54 -11
54 -11
54 -11
54 -11
54 -11
54 -11
54 -11
54 -11
54 -11
54 -11
54 -11
54 -11
54 -11
54 -11
54 -11
54 -11
54 -11
54 -11
54 -11
54 -11
54 -11
54 -11
54 -11
54 -11
54 -11
54 -11
54 -11
54 -11
50 -8
50 -8
50 -8
50 -8
50 -8
50 -8
50 -8
50 -8
50 -8
50 -8
50 -8
50 -8
50 -8
50 -8
50 -8
50 -8
50 -8
50 -8
50 -8
50 -8
50 -8
50 -8
50 -8
50 -8
50 -8
50 -8
50 -8
50 -8
50 -8
50 -8
50 -8
50 -8
50 -8
47 -11
47 -11
47 -11
47 -11
47 -11
47 -11
47 -11
47 -11
47 -11
47 -11
47 -11
47 -11
47 -11
47 -11
47 -11
47 -11
47 -11
47 -11
47 -11
47 -11
47 -11
47 -11
47 -11
47 -11
47 -11
47 -11
47 -11
47 -11
47 -11
47 -11
47 -11
47 -11
47 -11
47 -11
47 -11
47 -11
47 -11
47 -11
47 -11
47 -11
47 -11
47 -11
47 -11
47 -11
47 -11
47 -11
47 -11
47 -11
47 -11
47 -11
47 -11
47 -11
47 -11
47 -11
47 -11
47 -11
47 -11
47 -11
47 -11
47 -11
47 -11
47 -11
47 -11
47 -11
47 -11
47 -11
47 -11
47 -11
47 -11
50 -5
50 -5
50 -5
50 -5
50 -5
50 -5
50 -5
50 -5
50 -5
50 -5
50 -5
50 -5
50 -5
50 -5
50 -5
50 -5
50 -5
50 -5
50 -5
50 -5
50 -5
50 -5
50 -5
50 -5
50 -5
50 -5
50 -5
50 -5
50 -5
50 -5
50 -5
50 -5
50 -5
50 -5
50 -5
50 -5
50 -5
50 -5
50 -5
50 -5
50 -5
50 -5
50 -5
50 -5
50 -5
50 -5
50 -5
50 -5
50 -5
50 -5
50 -5
50 -5
50 -5
50 -5
50 -5
50 -5
50 -5
50 -5
50 -5
49 -10
49 -10
45 -12
45 -12
45 -12
45 -12
45 -12
45 -12
45 -12
45 -12
45 -12
45 -12
45 -12
45 -12
45 -12
45 -12
45 -12
45 -12
45 -12
45 -12
45 -12
45 -12
45 -12
45 -12
45 -12
45 -12
45 -12
45 -12
45 -12
45 -12
45 -12
45 -12
45 -12
45 -12
45 -12
45 -12
45 -12
45 -12
45 -12
45 -12
45 -12
45 -12
45 -12
45 -12
45 -12
45 -12
45 -12
45 -12
45 -12
45 -12
48 -10
48 -10
48 -10
48 -10
48 -10
48 -10
48 -10
48 -10
48 -10
48 -10
48 -10
48 -10
48 -10
48 -10
48 -10
48 -10
48 -10
48 -10
48 -10
48 -10
48 -10
48 -10
48 -10
48 -10
48 -10
48 -10
48 -10
48 -10
48 -12
48 -12
48 -12
48 -12
48 -12
48 -12
48 -12
48 -12
48 -12
48 -12
48 -12
48 -12
48 -12
48 -12
48 -12
48 -12
48 -12
48 -12
48 -12
48 -12
48 -12
48 -12
48 -12
48 -12
48 -12
48 -12
48 -12
48 -12
48 -12
48 -12
48 -9
48 -9
48 -9
48 -9
48 -9
48 -9
48 -9
48 -9
48 -9
48 -9
48 -9
48 -9
48 -9
48 -9
48 -9
48 -9
48 -9
48 -9
48 -9
48 -9
48 -9
48 -9
48 -9
48 -9
48 -9
48 -9
48 -9
48 -9
48 -9
48 -9
48 -9
48 -9
48 -9
48 -9
48 -9
48 -9
48 -9
48 -9
48 -9
48 -9
48 -9
48 -9
48 -9
48 -9
48 -9
48 -9
48 -9
48 -9
48 -9
48 -9
48 -9
48 -9
48 -9
48 -9
48 -9
48 -9
48 -9
48 -9
48 -9
48 -9
48 -9
48 -9
48 -9
48 -9
48 -9
48 -9
47 -7
47 -7
47 -7
47 -7
47 -7
47 -7
47 -7
47 -7
47 -7
47 -7
47 -7
47 -7
47 -7
47 -7
47 -7
47 -7
47 -7
47 -7
47 -7
47 -7
47 -7
47 -7
47 -7
47 -7
47 -7
47 -7
47 -7
47 -7
47 -7
47 -7
47 -7
47 -7
47 -7
47 -7
47 -7
47 -7
47 -7
47 -7
47 -7
47 -7
47 -7
47 -7
47 -7
47 -7
47 -7
47 -7
47 -7
47 -7
47 -7
47 -7
47 -7
47 -7
47 -7
47 -7
47 -7
47 -7
47 -7
47 -7
47 -7
47 -7
47 -7
47 -7
47 -7
47 -7
47 -7
45 -5
45 -5
45 -5
45 -5
45 -5
45 -5
45 -5
45 -5
45 -5
45 -5
45 -5
45 -5
45 -5
45 -5
45 -5
45 -5
45 -5
45 -5
45 -5
45 -5
45 -5
45 -5
45 -5
45 -5
45 -5
45 -5
45 -5
45 -5
45 -5
45 -5
47 -6
47 -6
47 -6
47 -6
47 -6
47 -6
47 -6
47 -6
47 -6
47 -6
47 -6
47 -6
47 -6
47 -6
47 -6
47 -6
47 -6
47 -6
47 -6
47 -6
47 -6
47 -6
47 -6
47 -6
47 -6
47 -6
47 -6
47 -6
50 -14
50 -14
50 -14
50 -14
50 -14
50 -14
50 -14
50 -14
50 -14
50 -14
50 -14
50 -14
50 -14
50 -14
50 -14
50 -14
50 -14
50 -14
50 -14
50 -14
50 -14
50 -14
50 -14
50 -14
50 -14
50 -14
50 -14
50 -14
50 -14
50 -14
50 -14
50 -14
50 -14
50 -14
50 -14
50 -14
50 -14
50 -14
50 -14
50 -14
50 -14
50 -14
50 -14
50 -14
50 -14
50 -14
50 -14
50 -14
50 -14
50 -14
50 -14
50 -14
50 -14
50 -14
50 -14
50 -14
50 -14
50 -14
50 -14
50 -14
50 -14
50 -14
50 -14
50 -14
50 -14
50 -14
50 -14
50 -14
50 -14
50 -14
50 -14
50 -14
50 -14
50 -14
50 -14
50 -14
50 -14
50 -14
50 -14
50 -14
50 -14
50 -14
51 -7
52 -9
52 -9
52 -9
52 -9
52 -9
52 -9
52 -9
52 -9
52 -9
52 -9
52 -9
52 -9
52 -9
52 -9
52 -9
52 -9
52 -9
52 -9
52 -9
52 -9
52 -9
51 -10
51 -10
51 -10
51 -10
51 -10
51 -10
51 -10
51 -10
51 -10
51 -10
51 -10
51 -10
51 -10
51 -10
51 -10
51 -10
51 -10
51 -10
51 -10
51 -10
51 -10
51 -10
51 -10
51 -10
51 -10
51 -10
51 -10
51 -10
51 -10
51 -10
51 -10
51 -10
51 -10
51 -10
51 -10
51 -10
51 -10
51 -10
51 -10
51 -10
51 -10
51 -10
51 -10
51 -10
51 -10
51 -10
51 -10
51 -10
51 -10
51 -10
51 -10
51 -10
51 -10
51 -10
51 -10
55 -9
55 -9
55 -9
55 -9
55 -9
55 -9
55 -9
55 -9
55 -9
55 -9
55 -9
55 -9
55 -9
55 -9
55 -9
55 -9
55 -9
55 -9
55 -9
55 -9
55 -9
55 -9
55 -9
55 -9
55 -9
55 -9
55 -9
55 -9
55 -9
55 -9
55 -9
55 -9
55 -9
55 -9
55 -9
55 -9
55 -9
55 -9
55 -9
55 -9
55 -9
55 -9
55 -9
55 -9
55 -9
55 -9
55 -9
55 -9
55 -9
55 -9
55 -9
55 -9
55 -9
55 -9
55 -9
54 -3
58 -7
58 -7
58 -7
58 -7
58 -7
58 -7
58 -7
58 -7
58 -7
58 -7
58 -7
58 -7
58 -7
58 -7
58 -7
58 -7
58 -7
58 -7
58 -7
58 -7
58 -7
58 -7
58 -7
58 -7
58 -7
58 -7
58 -7
58 -7
58 -7
58 -7
58 -7
58 -7
58 -7
58 -7
58 -7
58 -7
58 -7
58 -7
58 -7
58 -7
58 -7
58 -7
58 -7
58 -7
58 -7
58 -7
58 -7
58 -7
58 -7
58 -7
58 -7
58 -7
58 -7
58 -7
58 -7
58 -7
58 -7
58 -7
58 -7
58 -7
58 -7
58 -7
58 -7
58 -7
58 -7
58 -7
58 -7
58 -7
58 -7
58 -7
58 -7
58 -7
58 -7
58 -7
58 -7
58 -7
58 -7
58 -7
58 -7
58 -7
58 -7
58 -7
58 -7
58 -7
58 -7
58 -7
58 -7
58 -7
58 -7
58 -7
58 -7
58 -7
58 -7
57 -4
57 -4
57 -4
57 -4
57 -4
57 -4
57 -4
57 -4
57 -4
57 -4
57 -4
57 -4
57 -4
57 -4
57 -4
57 -4
57 -4
57 -4
57 -4
57 -4
57 -4
57 -4
57 -4
57 -4
57 -4
57 -4
57 -4
57 -4
57 -4
57 -4
57 -4
57 -4
57 -4
57 -4
57 -4
57 -4
57 -4
57 -4
57 -4
57 -4
57 -4
57 -4
57 -4
57 -4
57 -4
57 -4
57 -4
57 -4
57 -4
57 -4
57 -4
57 -4
52 -2
52 -2
52 -2
52 -2
52 -2
52 -2
52 -2
52 -2
52 -2
52 -2
52 -2
52 -2
52 -2
52 -2
52 -2
52 -2
52 -2
52 -2
52 -2
52 -2
52 -2
52 -2
52 -2
52 -2
52 -2
52 -2
52 -2
52 -2
52 -2
52 -2
52 -2
52 -2
52 -2
52 -2
52 -2
52 -2
52 -2
52 -2
52 -2
52 -2
52 -2
52 -2
52 -2
52 -2
52 -2
52 -2
52 -2
52 -2
52 -2
52 -2
52 -2
52 -2
52 -2
52 -2
52 -2
52 -2
52 -2
52 -2
52 -2
52 -2
52 -2
52 -2
49 -2
50 1
50 1
50 1
50 1
50 1
50 1
50 1
50 1
50 1
50 1
50 1
50 1
50 1
50 1
50 1
50 1
50 1
50 1
50 1
50 1
50 1
50 1
50 1
50 1
50 1
50 1
50 1
50 1
50 1
50 1
50 1
50 1
50 1
50 1
50 1
50 1
50 1
50 1
50 1
50 1
50 1
50 1
50 1
50 1
50 1
50 1
50 1
50 1
50 1
50 1
50 1
50 1
50 1
50 1
50 1
50 1
50 1
50 1
50 1
50 1
50 1
50 -4
50 -4
50 -4
50 -4
50 -4
50 -4
50 -4
50 -4
50 -4
50 -4
50 -4
50 -4
50 -4
50 -4
50 -4
50 -4
50 -4
50 -4
50 -4
50 -4
50 -4
50 -4
50 -4
50 -4
50 -4
50 -4
50 -4
50 -4
50 -4
50 -4
46 2
46 2
46 2
46 2
46 2
46 2
46 2
46 2
46 2
46 2
46 2
46 2
46 2
46 2
46 2
46 2
46 2
46 2
46 2
46 2
46 2
46 2
46 2
46 2
46 2
46 2
46 2
46 2
46 2
46 2
50 -1
50 -1
50 -1
50 -1
50 -1
50 -1
50 -1
50 -1
50 -1
50 -1
50 -1
50 -1
50 -1
50 -1
50 -1
50 -1
50 -1
50 -1
50 -1
50 -1
50 -1
50 -1
50 -1
50 -1
50 -1
50 -1
50 -1
50 -1
50 -1
50 -1
50 -1
50 -1
50 -1
50 -1
50 -1
50 -1
50 -1
50 -1
50 -1
50 -1
50 -1
50 -1
50 -1
50 -1
50 -1
50 -1
50 -1
50 -1
50 -1
50 -1
50 -1
50 -1
50 -1
50 -1
50 -1
50 -1
50 -1
50 -1
50 -1
50 -1
50 -1
50 -1
50 -1
50 -1
50 -1
48 -6
48 -6
48 -6
48 -6
48 -6
48 -6
48 -6
48 -6
48 -6
48 -6
48 -6
48 -6
48 -6
48 -6
48 -6
48 -6
48 -6
48 -6
48 -6
48 -6
48 -6
48 -6
48 -6
48 -6
48 -6
48 -6
48 -6
48 -6
48 -6
48 -6
48 -6
48 -6
48 -6
48 -6
48 -6
48 -6
48 -6
48 -6
48 -6
48 -6
48 -6
48 -6
48 -6
48 -6
48 -6
48 -6
48 -6
48 -6
48 -6
48 -6
48 -6
48 -6
48 -6
48 -6
48 -6
48 -6
48 -6
48 -6
48 -6
48 -6
48 -6
48 -6
48 -6
48 -6
48 -6
48 -6
46 -1
46 -1
46 -1
46 -1
46 -1
46 -1
46 -1
46 -1
46 -1
46 -1
46 -1
46 -1
46 -1
46 -1
46 -1
46 -1
46 -1
46 -1
46 -1
46 -1
46 -1
46 -1
46 -1
46 -1
46 -1
46 -1
46 -1
46 -1
46 -1
46 -1
45 2
45 2
45 2
45 2
45 2
45 2
45 2
45 2
45 2
45 2
45 2
45 2
45 2
45 2
45 2
45 2
45 2
45 2
45 2
45 2
45 2
45 2
45 2
46 3
46 3
46 3
46 3
46 3
46 3
46 3
46 3
46 3
46 3
46 3
46 3
46 3
46 3
46 3
46 3
46 3
46 3
46 3
46 3
44 -2
44 -2
44 -2
44 -2
44 -2
44 -2
44 -2
44 -2
44 -2
44 -2
44 -2
44 -2
44 -2
44 -2
44 -2
44 -2
44 -2
44 -2
44 -2
44 -2
44 -2
44 -2
44 -2
44 -2
44 -2
44 -2
44 -2
44 -2
44 -2
44 -2
44 -2
44 -2
44 -2
44 -2
44 -2
44 -2
44 -2
44 -2
44 -2
44 -2
44 -2
44 -2
44 -2
44 -2
44 -2
44 -2
44 -2
44 -2
44 -2
44 -2
44 -2
44 -2
45 1
45 1
45 1
45 1
45 1
45 1
45 1
45 1
45 1
45 1
45 1
45 1
45 1
45 1
45 1
45 1
45 1
45 1
45 1
45 1
45 1
45 1
45 1
45 1
45 1
45 1
45 1
45 1
45 1
45 1
45 1
45 1
45 1
45 1
45 1
45 1
46 1
46 1
46 1
46 1
46 1
46 1
46 1
46 1
46 1
46 1
46 1
46 1
46 1
46 1
46 1
46 1
46 1
46 1
46 1
45 -2
45 -2
45 -2
45 -2
45 -2
45 -2
45 -2
45 -2
45 -2
45 -2
45 -2
45 -2
45 -2
45 -2
45 -2
45 -2
45 -2
45 -2
45 -2
45 -2
45 -2
45 -2
42 -3
42 -3
42 -3
42 -3
42 -3
42 -3
42 -3
42 -3
42 -3
42 -3
42 -3
42 -3
42 -3
42 -3
42 -3
42 -3
42 -3
42 -3
42 -3
42 -3
42 4
42 4
42 4
42 4
42 4
42 4
42 4
42 4
42 4
42 4
42 4
42 4
42 4
42 4
42 4
42 4
42 4
42 4
42 4
42 4
42 4
42 4
42 4
42 4
42 4
42 4
42 4
42 4
42 4
42 4
42 4
42 4
42 4
42 4
42 4
42 4
42 4
42 4
42 4
42 4
42 4
42 4
42 4
42 4
42 4
42 4
42 4
42 4
42 4
42 4
42 4
42 4
42 4
42 4
42 4
42 4
42 4
42 4
42 4
42 4
42 4
42 4
42 4
42 4
42 4
42 4
42 4
42 4
42 4
42 4
42 4
42 4
42 4
42 4
42 4
40 1
37 7
37 7
37 7
37 7
37 7
37 7
37 7
37 7
37 7
37 7
37 7
37 7
37 7
37 7
37 7
37 7
37 7
37 7
37 7
37 7
37 7
37 7
37 7
37 7
37 7
37 7
37 7
37 7
37 7
37 7
37 7
37 7
37 7
37 7
37 7
37 7
37 7
37 7
37 7
37 7
37 7
37 7
37 7
37 7
37 7
37 7
37 7
37 7
37 7
39 5
39 5
39 5
39 5
39 5
39 5
39 5
39 5
39 5
39 5
39 5
39 5
39 5
39 5
39 5
39 5
39 5
39 5
39 5
39 5
39 5
39 5
39 5
42 7
42 7
42 7
42 7
42 7
42 7
42 7
42 7
42 7
42 7
42 7
42 7
42 7
42 7
42 7
42 7
42 7
42 7
42 7
42 7
42 7
42 7
42 7
42 7
42 7
42 7
42 7
41 8
41 8
41 8
41 8
41 8
41 8
41 8
41 8
41 8
41 8
41 8
41 8
41 8
41 8
41 8
41 8
41 8
41 8
41 8
41 8
41 8
41 8
41 8
41 8
41 8
41 8
41 8
41 8
41 8
41 8
41 8
41 8
41 8
41 8
41 8
41 8
41 8
41 8
41 8
41 8
41 8
41 8
41 8
41 8
41 8
41 8
41 8
41 8
41 8
41 8
41 8
41 8
41 8
41 8
41 8
41 8
41 8
41 8
41 8
41 8
41 8
41 8
41 8
41 8
41 8
41 8
41 8
41 8
41 8
41 8
41 8
41 8
41 8
41 8
41 8
41 8
41 8
41 8
41 8
41 8
41 8
39 8
36 12
36 12
36 12
36 12
36 12
36 12
36 12
36 12
36 12
36 12
36 12
36 12
36 12
36 12
36 12
36 12
36 12
36 12
36 12
36 12
36 12
36 12
36 12
36 12
36 12
36 12
36 12
36 12
36 12
36 12
36 12
36 12
36 12
36 12
36 12
36 12
36 12
36 12
36 12
36 12
36 12
36 12
36 12
36 12
36 12
36 12
36 12
36 12
36 12
36 12
36 12
38 9
38 9
38 9
38 9
38 9
38 9
38 9
38 9
38 9
38 9
38 9
38 9
38 9
38 9
38 9
38 9
38 9
38 9
38 9
38 9
38 9
38 9
38 9
38 9
38 9
38 9
38 9
38 9
38 9
38 9
38 9
38 9
38 9
38 9
38 9
38 9
38 9
38 9
38 9
38 9
38 9
38 9
38 9
38 9
38 9
38 9
38 9
38 9
38 9
32 6
40 15
40 15
40 15
40 15
40 15
40 15
40 15
40 15
40 15
40 15
40 15
40 15
40 15
40 15
40 15
40 15
40 15
40 15
40 15
40 15
40 15
40 15
40 15
40 15
40 15
40 15
40 15
40 15
40 15
40 15
40 15
40 15
40 15
40 15
40 15
40 15
40 15
40 15
40 15
40 15
40 15
40 15
40 15
40 15
40 15
40 15
35 5
35 5
35 5
35 5
35 5
35 5
35 5
35 5
35 5
35 5
35 5
35 5
35 5
35 5
35 5
35 5
35 5
35 5
35 5
35 5
35 5
35 5
35 5
35 5
35 5
35 5
35 5
35 5
35 5
35 5
35 5
35 5
35 5
35 5
35 5
35 5
35 5
35 5
35 5
35 5
35 5
35 5
35 5
35 5
35 5
35 5
35 5
35 5
35 5
35 5
35 5
35 5
35 5
35 5
35 5
35 5
35 5
35 5
35 5
35 5
35 5
35 5
35 5
35 5
35 5
35 5
35 5
35 5
35 5
35 5
35 5
35 5
35 5
35 5
35 5
35 5
35 5
35 5
35 5
35 5
35 5
35 5
35 5
35 5
35 5
35 5
35 5
35 5
35 5
35 5
35 5
35 5
35 5
35 5
35 11
30 12
23 2
23 2
23 2
23 2
23 2
23 2
23 2
23 2
23 2
23 2
23 2
23 2
23 2
23 2
23 2
23 2
23 2
23 2
23 2
23 2
23 2
23 2
23 2
23 2
23 2
23 2
23 2
23 2
23 2
23 2
23 2
23 2
23 2
23 2
23 2
23 2
23 2
23 2
23 2
23 2
23 2
23 2
23 2
34 21
23 14
23 14
23 14
23 14
23 14
23 14
23 14
23 14
23 14
23 14
23 14
23 14
23 14
23 14
23 14
23 14
23 14
23 14
23 14
23 14
23 14
23 14
23 14
23 14
23 14
23 14
23 14
23 14
23 14
23 14
23 14
23 14
23 14
23 14
23 14
23 14
23 14
23 14
23 14
23 14
23 14
23 14
23 14
23 14
23 14
30 17
30 17
30 17
30 17
30 17
30 17
30 17
30 17
30 17
30 17
30 17
30 17
30 17
30 17
30 17
30 17
30 17
30 17
30 17
30 17
30 17
30 17
30 17
30 17
30 17
30 17
36 20
36 20
36 20
36 20
36 20
36 20
36 20
36 20
36 20
36 20
36 20
36 20
36 20
36 20
36 20
36 20
36 20
36 20
36 20
36 20
36 20
36 20
36 20
36 20
36 20
36 20
36 20
36 20
36 20
36 20
36 20
36 20
36 20
36 20
36 20
36 20
36 20
36 20
36 20
36 20
36 20
36 20
36 20
36 20
36 20
36 20
36 20
36 20
36 20
36 20
36 20
36 20
36 20
36 20
34 22
34 22
34 22
34 22
34 22
34 22
34 22
34 22
34 22
34 22
34 22
34 22
34 22
34 22
34 22
34 22
34 22
34 22
34 22
34 22
34 22
34 22
34 22
34 22
34 22
34 22
34 22
34 22
34 22
34 22
34 22
34 22
34 22
34 22
34 22
34 22
34 22
34 22
34 22
34 22
34 22
34 22
34 22
34 22
34 22
34 22
34 22
34 22
34 22
34 22
34 22
34 22
34 22
34 22
34 22
34 22
34 22
34 22
34 22
34 22
34 22
34 22
34 22
34 22
34 22
34 22
34 22
34 22
34 22
34 22
34 22
34 22
34 22
34 22
34 22
34 22
34 22
34 22
34 22
34 22
22 17
22 17
22 17
22 17
22 17
22 17
22 17
22 17
22 17
22 17
22 17
22 17
22 17
22 17
22 17
22 17
22 17
22 17
22 17
29 26
29 26
29 26
29 26
29 26
29 26
29 26
29 26
29 26
29 26
29 26
29 26
29 26
29 26
29 26
29 26
29 26
29 26
29 26
29 26
22 19
22 19
22 19
22 19
22 19
22 19
22 19
22 19
22 19
22 19
22 19
22 19
22 19
22 19
22 19
22 19
22 19
22 19
22 19
22 19
22 19
22 19
22 19
22 19
22 19
22 19
22 19
22 19
22 19
22 19
22 19
22 19
22 19
22 19
22 19
22 19
22 19
22 19
22 19
22 19
22 19
22 19
22 19
22 19
22 19
22 19
22 19
22 19
22 19
22 19
22 19
22 19
22 19
22 19
22 19
22 19
22 19
22 19
22 19
22 19
22 19
22 19
22 19
22 19
22 19
22 19
22 19
22 19
22 19
22 19
22 19
22 19
22 19
22 19
22 19
22 19
22 19
22 19
22 19
22 19
22 19
22 19
22 19
22 19
22 19
27 22
27 22
27 22
27 22
27 22
27 22
27 22
27 22
27 22
27 22
27 22
27 22
27 22
27 22
27 22
27 22
27 22
27 22
27 22
27 22
27 22
27 22
27 22
27 22
27 22
27 22
27 22
27 22
27 22
27 22
27 22
27 22
27 22
27 22
27 22
27 22
27 22
27 22
27 22
27 22
27 22
27 22
27 22
27 22
27 22
27 22
27 22
27 22
27 22
27 22
27 22
27 22
27 22
27 22
27 22
27 22
27 22
27 22
27 22
27 22
27 22
27 22
27 22
27 22
27 22
27 22
27 22
27 22
27 22
27 22
27 22
21 22
21 22
21 22
21 22
21 22
21 22
21 22
21 22
21 22
21 22
21 22
21 22
21 22
21 22
21 22
21 22
21 22
21 22
21 22
21 22
21 22
21 22
21 22
21 22
21 22
21 22
21 22
21 22
21 22
21 22
21 22
21 22
21 22
21 22
21 22
21 22
21 22
21 22
21 22
21 22
21 22
21 22
21 22
21 22
21 22
21 22
21 22
21 22
21 22
21 22
21 22
21 22
21 22
21 22
21 22
21 22
21 22
21 22
21 22
21 22
21 22
21 22
21 22
21 22
21 22
21 22
21 22
21 22
21 22
21 22
21 22
21 22
22 29
24 37
24 37
24 37
24 37
24 37
24 37
24 37
24 37
24 37
24 37
24 37
24 37
24 37
24 37
24 37
24 37
24 37
24 37
24 37
24 37
24 37
24 37
24 37
24 37
24 37
24 37
24 37
24 37
24 37
24 37
24 37
24 37
24 37
24 37
24 37
24 37
24 37
24 37
24 37
24 37
24 37
24 37
24 37
24 37
24 37
24 37
24 37
24 37
24 37
24 37
24 37
24 37
24 37
24 37
24 37
24 37
24 37
24 37
24 37
24 37
24 37
24 37
24 37
24 37
24 37
24 37
24 37
24 37
24 37
24 37
24 37
24 37
24 37
24 37
24 37
24 37
24 37
24 37
24 37
24 37
24 37
24 37
24 37
24 37
24 37
24 37
24 37
24 37
24 37
24 37
24 37
24 37
24 37
24 37
24 37
24 37
24 37
24 37
24 37
24 37
24 37
24 37
24 37
24 37
24 37
24 37
24 37
24 37
24 37
24 37
24 37
24 37
24 37
24 37
24 37
24 37
24 37
24 37
24 37
24 37
24 37
24 37
24 37
24 37
24 37
24 37
24 37
24 37
24 37
24 37
24 37
24 37
24 37
24 37
24 37
24 37
24 37
24 37
24 37
24 37
24 37
24 37
24 37
24 37
24 37
24 37
24 37
24 37
24 37
24 37
24 37
24 37
14 33
17 20
17 20
17 20
17 20
17 20
17 20
17 20
17 20
17 20
17 20
17 20
17 20
17 20
17 20
17 20
17 20
17 20
17 20
17 20
17 20
17 20
17 20
17 20
17 20
17 20
17 20
17 20
17 20
17 20
17 20
17 20
17 20
17 20
17 20
17 20
17 20
17 20
17 20
17 20
17 20
17 20
17 20
17 20
17 20
17 20
17 20
17 20
17 20
17 20
17 20
17 20
17 20
17 20
17 20
17 20
17 20
17 20
17 20
17 20
17 20
17 20
17 20
17 20
17 20
17 20
17 20
17 20
17 20
17 20
17 20
17 20
17 20
17 20
17 20
17 20
17 20
17 20
17 20
17 20
17 20
17 20
17 20
17 20
17 20
17 20
17 20
17 20
17 20
17 20
17 20
17 20
17 20
17 20
17 20
17 20
17 20
17 20
17 20
17 20
17 20
17 20
17 20
17 20
17 20
17 20
17 20
17 20
17 20
17 20
17 20
17 20
17 20
17 20
17 20
17 20
17 20
17 20
17 20
17 20
17 20
17 20
17 20
17 20
17 20
17 20
17 20
17 20
17 20
17 20
17 20
17 20
17 20
17 20
17 20
17 20
17 20
17 20
17 20
17 20
17 20
17 20
17 20
18 29
14 28
14 28
14 28
14 28
14 28
14 28
14 28
14 28
14 28
14 28
14 28
14 28
14 28
14 28
14 28
14 28
14 28
14 28
14 28
14 28
14 28
14 28
14 28
14 28
14 28
14 28
14 28
14 28
14 28
14 28
14 28
14 28
14 28
14 28
14 28
14 28
14 28
14 28
14 28
14 28
14 28
14 28
14 28
14 28
14 28
14 28
14 28
14 28
14 28
14 28
14 28
14 28
14 28
14 28
14 28
14 28
14 28
14 28
14 28
14 28
14 28
14 28
14 28
14 28
14 28
14 28
14 28
14 28
14 28
14 28
14 28
14 28
14 28
14 28
14 28
14 28
14 28
14 28
14 28
14 28
14 28
14 28
14 28
14 28
14 28
14 28
14 28
14 28
14 28
14 28
14 28
14 28
14 28
14 28
14 28
14 28
14 28
14 28
14 28
12 30
17 36
17 36
17 36
17 36
17 36
17 36
17 36
17 36
17 36
17 36
17 36
17 36
17 36
17 36
17 36
17 36
17 36
17 36
17 36
17 36
17 36
17 36
17 36
17 36
17 36
17 36
17 36
17 36
17 36
17 36
17 36
17 36
17 36
17 36
17 36
17 36
17 36
17 36
17 36
17 36
17 36
17 36
17 36
17 36
17 36
17 36
17 36
17 36
17 36
17 36
17 36
17 36
17 36
17 36
17 36
17 36
17 36
17 36
17 36
17 36
17 36
17 36
17 36
17 36
15 39
15 39
15 39
15 39
15 39
15 39
15 39
15 39
15 39
15 39
15 39
15 39
15 39
15 39
15 39
15 39
15 39
15 39
15 39
15 39
15 39
15 39
15 39
15 39
15 39
15 39
15 39
15 39
15 39
15 39
15 39
15 39
15 39
15 39
15 39
15 39
15 39
15 39
15 39
15 39
15 39
15 39
15 39
15 39
15 39
15 39
15 39
15 39
15 39
15 39
15 39
15 39
15 39
15 39
15 39
15 39
15 39
15 39
15 39
15 39
15 39
15 39
15 39
15 39
15 39
15 39
15 39
15 39
15 39
15 39
15 39
13 35
13 35
16 34
16 34
16 34
16 34
16 34
16 34
16 34
16 34
16 34
16 34
16 34
16 34
16 34
16 34
16 34
16 34
16 34
16 34
16 34
16 34
16 34
16 34
16 34
16 34
16 34
16 34
16 34
16 34
16 34
16 34
16 34
16 34
16 34
16 34
16 34
16 34
16 34
16 34
16 34
16 34
16 34
16 34
16 34
16 34
16 34
16 34
16 34
16 34
16 34
16 34
16 34
16 34
16 34
16 34
16 34
16 34
16 34
16 34
16 34
16 34
16 34
16 34
16 34
16 34
12 35
12 35
12 35
12 35
12 35
12 35
12 35
12 35
12 35
12 35
12 35
12 35
12 35
12 35
12 35
12 35
12 35
12 35
12 35
12 35
12 35
12 35
12 35
12 35
12 35
12 35
12 35
12 35
12 35
12 35
12 35
12 35
12 35
12 35
12 35
12 35
12 35
12 35
12 35
12 35
12 35
12 35
12 35
12 35
12 35
12 35
12 35
12 35
12 35
12 35
12 35
12 35
12 35
12 35
12 35
12 35
12 35
12 35
12 35
12 35
12 35
12 35
12 35
12 35
12 35
12 35
12 35
12 35
12 35
12 35
13 38
13 38
13 38
13 38
13 38
13 38
13 38
13 38
13 38
13 38
13 38
13 38
13 38
13 38
13 38
13 38
13 38
13 38
13 38
13 38
13 38
13 38
13 38
13 38
13 38
13 38
13 38
13 38
13 38
13 38
13 38
13 38
13 38
13 38
13 38
13 38
13 38
13 38
13 38
13 38
13 38
13 38
13 38
13 38
13 38
13 38
13 38
13 38
13 38
13 38
13 38
13 38
13 38
13 38
13 38
13 38
13 38
13 38
13 38
13 38
9 40
9 36
9 36
9 36
9 36
9 36
9 36
9 36
9 36
9 36
9 36
9 36
9 36
9 36
9 36
9 36
9 36
9 36
9 36
9 36
9 36
9 36
9 36
9 36
9 36
9 36
9 36
9 36
9 36
9 36
9 36
9 36
9 36
9 36
9 36
9 36
9 36
9 36
9 36
9 36
9 36
9 36
9 36
9 36
9 36
9 36
9 36
9 36
9 36
9 36
9 36
9 36
9 36
9 36
9 36
9 36
9 36
9 36
9 36
9 36
9 36
9 36
9 36
9 36
9 36
9 36
9 36
9 36
9 36
9 36
9 36
9 36
9 36
9 36
9 36
9 36
9 36
9 36
9 36
9 36
9 36
9 36
9 36
9 36
9 36
9 36
9 36
9 36
9 36
9 36
9 36
9 36
9 36
9 36
9 36
9 36
9 36
9 36
9 36
9 36
9 36
9 36
9 36
9 36
2 40
2 40
2 40
2 40
2 40
2 40
2 40
2 40
2 40
2 40
2 40
2 40
2 40
2 40
2 40
2 40
2 40
2 40
2 40
2 40
2 40
2 40
2 40
2 40
2 40
2 40
2 40
2 40
2 40
2 44
2 44
2 44
2 44
2 44
2 44
2 44
2 44
2 44
2 44
2 44
2 44
2 44
2 44
2 44
2 44
2 44
2 44
2 44
2 44
2 44
2 44
2 44
2 44
2 44
2 44
2 44
2 44
2 44
2 44
2 44
2 44
2 44
2 44
2 44
2 44
2 44
2 44
2 44
2 44
2 44
2 44
2 44
2 44
2 44
2 44
2 44
2 44
2 44
2 44
2 44
2 44
2 44
2 44
2 44
2 44
2 44
2 44
2 44
2 44
2 44
2 44
2 44
2 44
2 44
2 44
2 44
2 44
2 44
2 44
2 44
2 44
2 44
2 44
2 44
2 44
2 44
2 44
2 44
2 44
2 44
2 44
2 44
2 44
2 44
2 44
2 44
2 44
2 44
2 44
2 44
2 44
2 44
2 44
2 44
2 44
2 44
2 44
2 44
2 44
2 44
2 44
2 44
2 44
2 44
2 44
2 44
2 44
2 44
2 44
2 44
2 44
2 44
2 44
2 44
2 44
2 44
2 44
2 44
2 44
2 44
2 44
2 44
2 44
2 44
2 44
2 44
2 44
2 44
2 44
2 44
2 44
2 44
2 44
2 44
2 44
2 44
2 44
2 44
2 44
2 44
2 44
2 44
2 44
2 44
2 44
2 44
2 44
2 44
2 44
2 44
2 44
2 44
2 44
2 44
2 44
2 44
2 44
2 44
2 44
2 44
2 44
2 44
2 44
2 44
2 44
2 44
2 44
2 44
2 44
2 44
2 44
2 44
2 44
2 44
2 44
2 44
2 44
2 44
2 44
-2 47
-2 44
-2 44
-2 44
-2 44
-2 44
-2 44
-2 44
-2 44
-2 44
-2 44
-2 44
-2 44
-2 44
-2 44
-2 44
-2 44
-2 44
-2 44
-2 44
-2 44
-2 44
-2 44
-2 44
-2 44
-6 42
-5 42
-5 42
-5 42
-5 42
-5 42
-5 42
-5 42
-5 42
-5 42
-5 42
-5 42
-5 42
-5 42
-5 42
-5 42
-5 42
-5 42
-5 42
-5 42
-5 42
-5 42
-5 42
-5 42
-5 42
-5 42
-5 42
-5 42
-5 42
-5 42
-5 42
-5 42
-5 41
-5 41
-5 41
-5 41
-5 41
-5 41
-5 41
-5 41
-5 41
-5 41
-5 41
-5 41
-5 41
-5 41
-5 41
-5 41
-5 41
-5 41
-5 41
-5 41
-5 41
-5 41
-5 41
-5 41
-5 41
-5 41
-5 41
-5 41
-5 41
-5 41
-5 41
-5 41
-5 41
-5 41
-5 41
-5 41
-5 41
-5 41
-5 41
-5 41
-5 41
-5 41
-5 41
-5 41
-5 41
-5 41
-5 41
-5 41
-5 41
-5 41
-5 41
-5 41
-5 41
-5 41
-5 41
-5 41
-5 41
-5 41
-5 41
-5 41
-5 41
-5 41
-5 41
-5 41
-5 41
-5 41
-5 41
-5 41
-5 41
-5 41
-5 41
-5 41
-5 41
-9 42
-9 42
-9 42
-9 42
-9 42
-9 42
-9 42
-9 42
-9 42
-9 42
-9 42
-9 42
-9 42
-9 42
-9 42
-9 42
-9 42
-9 42
-9 42
-9 42
-9 42
-9 42
-9 42
-9 42
-9 42
-9 42
-9 42
-9 42
-9 42
-9 42
-9 42
-9 42
-9 42
-9 42
-9 42
-9 42
-9 42
-9 42
-9 42
-9 42
-9 42
-9 42
-9 42
-9 42
-9 42
-9 42
-9 42
-9 42
-9 42
-9 42
-9 42
-9 42
-9 42
-9 42
-9 42
-9 42
-9 42
-9 42
-9 42
-9 42
-9 42
-9 42
-9 42
-9 42
-10 46
-9 45
-9 45
-9 45
-9 45
-9 45
-9 45
-9 45
-9 45
-9 45
-9 45
-9 45
-9 45
-9 45
-9 45
-9 45
-9 45
-9 45
-9 45
-9 45
-9 45
-9 45
-9 45
-9 45
-9 45
-9 45
-9 45
-9 45
-9 45
-9 45
-9 45
-9 45
-9 45
-9 45
-9 45
-9 45
-9 45
-9 45
-9 45
-9 45
-9 45
-9 45
-9 45
-9 45
-9 45
-9 45
-9 45
-9 45
-9 45
-9 45
-9 45
-9 45
-9 45
-13 41
-13 41
-13 41
-13 41
-13 41
-13 41
-13 41
-13 41
-13 41
-13 41
-13 41
-13 41
-13 41
-13 41
-13 41
-13 41
-13 41
-13 41
-13 41
-13 41
-13 41
-13 41
-13 41
-13 41
-13 41
-14 38
-14 38
-14 38
-14 38
-14 38
-14 38
-14 38
-14 38
-14 38
-14 38
-14 38
-14 38
-14 38
-14 38
-14 38
-14 38
-14 38
-14 38
-14 38
-14 38
-14 38
-14 38
-14 38
-14 38
-14 38
-14 38
-14 38
-14 38
-14 38
-14 38
-17 38
-17 38
-17 38
-17 38
-17 38
-17 38
-17 38
-17 38
-17 38
-17 38
-17 38
-17 38
-17 38
-17 38
-17 38
-17 38
-17 38
-17 38
-17 38
-17 38
-17 38
-17 38
-17 38
-17 38
-17 38
-17 38
-17 38
-17 38
-17 38
-17 38
-17 38
-17 38
-17 38
-17 38
-17 38
-17 38
-17 38
-17 38
-17 38
-17 38
-17 38
-17 38
-17 38
-17 38
-17 38
-17 38
-17 38
-17 38
-17 38
-17 38
-17 38
-17 38
-17 38
-17 38
-17 38
-17 38
-17 38
-17 38
-17 38
-17 38
-17 38
-17 38
-17 38
-17 38
-17 38
-17 38
-17 38
-17 38
-17 38
-17 38
-17 38
-17 38
-17 38
-17 38
-17 38
-17 38
-17 38
-17 38
-17 38
-17 38
-17 38
-17 38
-17 38
-17 38
-17 38
-17 38
-17 38
-17 38
-17 38
-17 38
-17 38
-17 38
-17 38
-17 38
-16 37
-25 37
-25 37
-25 37
-25 37
-25 37
-25 37
-25 37
-25 37
-25 37
-25 37
-25 37
-25 37
-25 37
-25 37
-25 37
-25 37
-25 37
-25 37
-25 37
-25 37
-25 37
-25 37
-25 37
-25 37
-25 37
-25 37
-25 37
-25 37
-25 37
-25 37
-25 37
-25 37
-25 37
-25 37
-25 37
-25 37
-25 37
-25 37
-25 37
-25 37
-25 37
-25 37
-25 37
-25 37
-25 37
-25 37
-25 37
-25 37
-25 37
-25 37
-25 37
-25 37
-25 37
-25 37
-25 37
-25 37
-25 37
-25 37
-25 37
-25 37
-25 37
-25 37
-25 37
-25 37
-25 37
-25 37
-25 37
-25 37
-25 37
-25 37
-25 37
-24 37
-29 44
-29 44
-29 44
-29 44
-29 44
-29 44
-29 44
-29 44
-29 44
-29 44
-29 44
-29 44
-29 44
-29 44
-29 44
-29 44
-29 44
-29 44
-29 44
-29 44
-29 44
-29 44
-29 44
-29 44
-29 44
-29 44
-29 44
-29 44
-29 44
-29 44
-29 44
-29 44
-29 44
-29 44
-29 44
-29 44
-29 44
-29 44
-29 44
-29 44
-29 44
-29 44
-29 44
-29 44
-29 44
-33 37
-33 37
-33 37
-33 37
-33 37
-33 37
-33 37
-33 37
-33 37
-33 37
-33 37
-33 37
-33 37
-39 38
-39 38
-39 38
-39 38
-39 38
-39 38
-39 38
-39 38
-39 38
-39 38
-39 38
-39 38
-39 38
-39 38
-39 38
-39 38
-39 38
-39 38
-39 38
-39 38
-39 38
-39 38
-39 38
-39 38
-39 38
-39 38
-43 41
-43 41
-43 41
-43 41
-43 41
-43 41
-43 41
-43 41
-43 41
-43 41
-43 41
-43 41
-43 41
-43 41
-43 41
-43 41
-43 41
-43 41
-43 41
-43 41
-43 41
-43 41
-43 41
-43 41
-43 41
-43 41
-43 41
-49 36
-50 37
-50 37
-50 37
-50 37
-50 37
-50 37
-50 37
-50 37
-50 37
-50 37
-50 37
-50 37
-50 37
-50 37
-50 37
-50 37
-50 37
-50 37
-50 37
-50 37
-50 37
-50 37
-50 37
-50 37
-50 37
-50 37
-50 37
-50 37
-50 37
-50 37
-50 37
-50 37
-50 37
-50 37
-50 37
-50 37
-50 37
-53 44
-53 44
-53 44
-53 44
-53 44
-53 44
-53 44
-53 44
-53 44
-53 44
-53 44
-53 44
-53 44
-53 44
-53 44
-53 44
-53 44
-53 44
-53 44
-53 44
-53 44
-53 44
-53 37
-53 37
-53 37
-53 37
-53 37
-53 37
-53 37
-53 37
-53 37
-53 37
-53 37
-53 37
-53 37
-53 37
-53 37
-53 37
-53 37
-53 37
-53 37
-53 37
-53 37
-53 37
-53 37
-63 40
-63 40
-63 40
-63 40
-63 40
-63 40
-63 40
-63 40
-63 40
-63 40
-63 40
-63 40
-63 40
-63 40
-63 40
-63 40
-63 40
-63 40
-63 40
-63 40
-63 40
-63 40
-63 40
-63 40
-63 40
-63 40
-63 40
-63 40
-63 40
-63 40
-63 40
-63 40
-63 40
-63 40
-63 40
-63 40
-63 40
-63 40
-63 40
-63 40
-63 40
-63 40
-63 40
-63 40
-63 40
-63 40
-63 40
-63 40
-63 40
-63 40
-63 40
-63 40
-63 40
-63 40
-63 40
-63 40
-63 40
-63 40
-63 40
-63 40
-63 40
-63 40
-63 40
-63 40
-63 40
-63 40
-61 38
-57 31
-57 31
-57 31
-57 31
-57 31
-57 31
-57 31
-57 31
-57 31
-57 31
-57 31
-57 31
-57 31
-57 31
-57 31
-57 31
-57 31
-55 36
-55 36
-55 36
-55 36
-55 36
-55 36
-55 36
-55 36
-55 36
-55 36
-55 36
-55 36
-55 36
-55 36
-55 36
-55 36
-55 36
-55 36
-55 36
-55 36
-55 36
-55 36
-55 36
-55 36
-55 36
-55 36
-55 36
-55 36
-55 36
-55 36
-55 36
-55 36
-55 36
-55 36
-55 36
-55 36
-55 36
-55 36
-55 36
-55 36
-55 36
-55 36
-55 36
-55 36
-55 36
-55 36
-52 25
-52 25
-52 25
-52 25
-52 25
-52 25
-52 25
-52 25
-52 25
-52 25
-52 25
-52 25
-52 25
-52 25
-52 25
-52 25
-52 25
-52 25
-52 25
-52 25
-52 25
-50 21
-50 21
-50 21
-50 21
-50 21
-50 21
-50 21
-50 21
-50 21
-50 21
-50 21
-50 21
-50 21
-50 21
-50 21
-50 21
-50 21
-50 21
-38 14
-38 14
-38 14
-38 14
-38 14
-38 14
-38 14
-38 14
-38 14
-38 14
-38 14
-38 14
-38 14
-38 14
-38 14
-38 14
-38 14
-38 14
-38 14
-38 14
-38 14
-38 14
-38 14
-38 14
-38 14
-38 14
-38 14
-38 14
-38 14
-38 14
-38 14
-38 14
-38 14
-38 14
-38 14
-38 14
-38 14
-38 14
-38 14
-38 14
-38 14
-38 14
-38 14
-38 14
-38 14
-38 14
-38 14
-38 14
-38 14
-38 14
-38 14
-38 14
-38 14
-38 14
-38 14
-38 14
-38 14
-38 14
-38 14
-34 8
-17 9
-17 9
-17 9
-17 9
-17 9
-17 9
-17 9
-17 9
-17 9
-17 9
-17 9
-17 9
-17 9
-17 9
-17 9
-17 9
-17 9
-17 9
-17 9
-17 9
-17 9
-17 9
-17 9
-17 9
-17 9
-17 9
-17 9
-17 9
-17 9
-17 9
-17 9
-17 9
-17 9
-17 9
-17 9
-2 0
-2 0
-2 0
-2 0
-2 0
-2 0
-2 0
-2 0
-2 0
-2 0
-2 0
-2 0
-2 0
-2 0
-2 0
-2 0
-2 0
-2 0
-2 0
-2 0
-2 0
-2 0
-2 0
-2 0
-2 0
-2 0
-2 0
-2 0
-2 0
-2 0
-2 0
-2 0
-2 0
-2 0
-2 0
-2 0
-2 0
-2 0
-2 0
-2 0
-2 0
-2 0
-2 0
-2 0
-2 0
-2 0
-2 0
-2 0
-2 0
-2 0
-2 0
-2 0
-2 0
-2 0
-2 0
-2 0
-2 0
-2 0
-2 0
-2 0
-2 0
-2 0
-2 0
-2 0
-2 0
-2 0
-2 0
-2 0
-2 0
-2 0
-2 0
-2 0
-2 0
-2 0
-2 0
-2 0
-2 0
-2 0
-2 0
-2 0
-2 0
-2 0
-2 0
-2 0
-2 0
-2 0
-2 0
-2 0
-2 0
-2 0
-2 0
-2 0
-2 0
-2 0
-2 0
-2 0
-2 0
-2 0
-2 0
-2 0
-2 0
-2 0
-2 0
-2 0
-2 0
-2 0
-2 0
-2 0
-2 0
-2 0
-2 0
-2 0
-2 0
-2 0
-2 0
-2 0
-2 0
-2 0
-2 0
-2 0
-2 0
-2 0
-2 0
-2 0
-2 0
-2 0
-2 0
-2 0
-2 0
-2 0
-2 0
-2 0
-2 0
-2 0
-2 0
-2 0
-2 0
-2 0
-2 0
-2 0
-2 0
-2 0
-2 0
-2 0
-2 0
-2 0
-2 0
-2 0
-2 0
-2 0
-2 0
-2 0
-2 0
-2 0
-2 0
-2 0
-2 0
-2 0
-2 0
-2 0
-2 0
-2 0
-2 0
-2 0
-2 0
-2 0
-2 0
-2 0
-2 0
-2 0
-2 0
-2 0
-2 0
-2 0
-2 0
-2 0
-2 0
-2 0
1 0
1 0
1 0
1 0
1 0
1 0
1 0
1 0
1 0
1 0
1 0
1 0
1 0
1 0
1 0
1 0
1 0
1 0
1 0
1 0
1 0
1 0
1 0
1 0
1 0
1 0
1 0
1 0
1 0
1 0
1 0
1 0
1 0
1 0
1 0
1 0
1 0
1 0
1 0
1 0
1 0
1 0
1 0
1 0
1 0
1 0
1 0
1 0
1 0
1 0
1 0
1 0
1 0
1 0
1 0
1 0
1 0
1 0
1 0
1 0
1 0
1 0
1 0
1 0
1 0
1 0
1 0
1 0
1 0
1 0
1 0
1 0
1 0
1 0
1 0
1 0
1 0
1 0
1 0
1 0
1 0
1 0
1 0
1 0
1 0
1 0
1 0
1 0
1 0
1 0
1 0
1 0
1 0
1 0
1 0
1 0
1 0
1 0
1 0
1 0
1 0
1 0
1 0
1 0
1 0
1 0
1 0
1 0
1 0
1 0
1 0
1 0
1 0
3 -1
3 -1
3 -1
3 -1
3 -1
3 -1
3 -1
3 -1
3 -1
3 -1
3 -1
3 -1
3 -1
3 -1
3 -1
3 -1
3 -1
3 -1
3 -1
3 -1
3 -1
3 -1
3 -1
3 -1
3 -1
3 -1
3 -1
3 -1
3 -1
3 -1
3 -1
3 -1
3 -1
3 -1
3 -1
3 -1
3 -1
3 -1
3 -1
3 -1
3 -1
3 -1
3 -1
3 -1
3 -1
3 -1
3 -1
3 -1
3 -1
3 -1
3 -1
3 -1
3 -1
3 -1
3 -1
3 -1
3 -1
3 -1
3 -1
3 -1
3 -1
3 -1
3 -1
3 -1
3 -1
3 -1
3 -1
3 -1
3 -1
3 -1
3 -1
3 -1
3 -1
3 -1
3 -1
3 -1
3 -1
3 -1
3 -1
3 -1
3 -1
3 -1
3 -1
3 -1
3 -1
3 -1
3 -1
3 -1
3 -1
3 -1
3 -1
1 0
1 0
1 0
1 0
1 0
1 0
1 0
1 0
1 0
1 0
1 0
1 0
1 0
1 0
1 0
1 0
1 0
1 0
1 0
1 0
1 0
1 0
1 0
1 0
1 0
1 0
1 0
1 0
1 0
1 0
1 0
1 0
1 0
1 0
1 0
1 0
1 0
1 0
1 0
1 0
1 0
1 0
1 0
1 0
1 0
1 0
1 0
1 0
1 0
1 0
1 0
1 0
1 0
1 0
1 0
1 0
1 0
1 0
1 0
1 0
1 0
1 0
1 0
1 0
1 0
1 0
1 0
1 0
1 0
1 0
1 0
1 0
1 0
1 0
1 0
1 0
1 0
1 0
1 0
1 0
1 0
1 0
1 0
1 0
1 0
1 0
1 0
1 0
1 0
1 0
1 0
1 0
1 0
1 0
1 0
1 0
1 0
1 0
1 0
1 0
1 0
1 0
1 0
1 0
1 0
1 0
1 0
1 0
1 0
1 0
1 0
1 0
1 0
1 0
1 0
1 0
1 0
1 0
1 0
1 0
1 0
1 0
1 0
1 0
1 0
1 0
1 0
1 0
1 0
1 0
1 0
1 0
1 0
1 0
1 0
1 0
1 0
1 0
1 0
1 0
1 0
1 0
1 0
1 -2
1 -2
1 -2
1 -2
1 -2
1 -2
1 -2
1 -2
1 -2
1 -2
1 -2
1 -2
1 -2
1 -2
1 -2
1 -2
1 -2
1 -2
1 -2
1 -2
1 -2
1 -2
1 -2
1 -2
1 -2
1 -2
1 -2
1 -2
1 -2
1 -2
1 -2
1 -2
1 -2
1 -2
1 -2
1 -2
1 -2
1 -2
1 -2
1 -2
1 -2
1 -2
1 -2
1 -2
1 -2
1 -2
1 -2
1 -2
1 -2
1 -2
1 -2
1 -2
1 -2
1 -2
1 -2
1 -2
1 -2
1 -2
1 -2
1 -2
1 -2
1 -2
1 -2
1 -2
1 -2
1 -2
1 -2
1 -2
1 -2
1 -2
1 -2
1 -2
1 -2
1 -2
1 -2
1 -2
1 -2
1 -2
1 -2
1 -2
1 -2
1 -2
1 -2
1 -2
1 -2
1 -2
1 -2
1 -2
1 -2
1 -2
1 -2
1 -2
1 -2
1 -2
1 -2
1 -2
1 -2
1 -2
1 -2
1 -2
1 -2
1 -2
1 -2
1 -2
1 -2
1 -2
1 -2
1 -2
1 -2
1 -2
1 -2
1 -2
1 -2
1 -2
1 -2
1 -2
1 -2
1 -2
1 -2
1 -2
1 -2
1 -2
1 -2
1 -2
1 -2
1 -2
1 -2
1 -2
1 -2
1 -2
1 -2
1 -2
1 -2
1 -2
1 -2
1 -2
1 -2
1 -2
1 -2
1 -2
1 -2
1 -2
1 -2
1 -2
1 -2
1 -2
1 -2
1 -2
1 -2
1 -2
1 -2
1 -2
1 -2
1 -2
1 -2
1 -2
1 -2
1 -2
1 -2
1 -2
1 -2
1 -2
1 -2
1 -2
1 -2
1 -2
1 -2
1 -2
1 -2
1 -2
1 -2
1 -2
1 -2
1 -2
1 -2
1 -2
1 -2
1 -2
1 -2
1 -2
1 -2
1 -2
1 -2
1 -2
1 -2
1 -2
1 -2
1 -2
1 -2
1 -2
1 -2
1 -2
1 -2
1 -2
1 -2
1 -2
1 -2
1 -2
1 -2
1 -2
1 -2
1 -2
1 -2
1 -2
1 -2
1 -2
1 -2
1 -2
1 -2
1 -2
1 -2
1 -2
1 -2
1 -2
1 -2
1 -2
1 -2
1 -2
1 -2
1 -2
1 -2
1 -2
1 -2
1 -2
1 -2
1 -2
1 -2
1 -2
1 -2
1 -2
1 -2
1 -2
1 -2
1 -2
1 -2
1 -2
1 -2
1 -2
1 -2
1 -2
1 -2
1 -2
1 -2
1 -2
1 -2
1 -2
1 -2
1 -2
1 -2
1 -2
1 -2
1 -2
1 -2
1 -2
1 -2
1 -2
1 -2
1 -2
1 -2
1 -2
1 -2
1 -2
1 -2
1 -2
1 -2
1 -2
1 -2
1 -2
1 -2
1 -2
1 -2
1 -2
1 -2
1 -2
1 -2
1 -2
1 -2
1 -2
1 -2
1 -2
1 -2
1 -2
1 -2
1 -2
1 -2
1 -2
1 -2
1 -2
1 -2
1 -2
1 -2
1 -2
1 -2
1 -2
1 -2
1 -2
1 -2
1 -2
1 -2
1 -2
1 -2
1 -2
1 -2
1 -2
1 -2
1 -2
1 -2
1 -2
1 -2
1 -2
1 -2
1 -2
1 -2
1 -2
1 -2
1 -2
1 -2
1 -2
1 -2
1 -2
1 -2
1 -2
1 -2
1 -2
1 -2
1 -2
1 -2
1 -2
1 -2
1 -2
1 -2
1 -2
1 -2
1 -2
1 -2
1 -2
1 -2
1 -2
1 -2
1 -2
1 -2
1 -2
1 -2
1 -2
1 -2
1 -2
1 -2
1 -2
1 -2
1 -2
1 -2
1 -2
1 -2
1 -2
1 -2
1 -2
1 -2
1 -2
1 -2
1 -2
1 -2
1 -2
1 -2
1 -2
1 -2
1 -2
1 -2
1 -2
1 -2
1 -2
1 -2
1 -2
1 -2
1 -2
1 -2
1 -2
1 -2
1 -2
1 -2
1 -2
1 -2
1 -2
1 -2
1 -2
1 -2
1 -2
1 -2
1 -2
1 -2
1 -2
1 -2
1 -2
1 -2
1 -2
1 -2
1 -2
1 -2
1 -2
1 -2
1 -2
1 -2
1 -2
1 -2
1 -2
1 -2
1 -2
1 -2
1 -2
1 -2
1 -2
1 -2
1 -2
1 -2
1 -2
1 -2
1 -2
1 -2
1 -2
1 -2
1 -2
1 -2
1 -2
1 -2
1 -2
1 -2
1 -2
1 -2
1 -2
1 -2
1 -2
1 -2
1 -2
1 -2
1 -2
1 -2
1 -2
1 -2
1 -2
1 -2
1 -2
1 -2
1 -2
1 -2
1 -2
1 -2
1 -2
1 -2
1 -2
1 -2
1 -2
1 -2
1 -2
1 -2
1 -2
1 -2
1 -2
1 -2
1 -2
1 -2
1 -2
1 -2
1 -2
1 -2
1 -2
1 -2
1 -2
1 -2
1 -2
1 -2
1 -2
1 -2
1 -2
1 -2
1 -2
1 -2
1 -2
1 -2
1 -2
1 -2
1 -2
1 -2
1 -2
1 -2
1 -2
1 -2
1 -2
1 -2
1 -2
1 -2
1 -2
1 -2
1 -2
1 -2
1 -2
1 -2
1 -2
1 -2
1 -2
1 -2
1 -2
1 -2
1 -2
1 -2
1 -2
1 -2
1 -2
1 -2
1 -2
1 -2
1 -2
1 -2
1 -2
1 -2
1 -2
1 -2
1 -2
1 -2
1 -2
1 -2
1 -2
1 -2
1 -2
1 -2
1 -2
1 -2
1 -2
1 -2
1 -2
1 -2
1 -2
1 -2
1 -2
1 -2
1 -2
1 -2
1 -2
1 -2
1 -2
1 -2
1 -2
1 -2
1 -2
1 -2
1 -2
1 -2
1 -2
1 -2
1 -2
1 -2
1 -2
1 -2
1 -2
1 -2
1 -2
1 -2
1 -2
1 -2
1 -2
1 -2
1 -2
1 -2
1 -2
1 -2
1 -2
1 -2
1 -2
1 -2
1 -2
1 -2
1 -2
1 -2
1 -2
1 -2
1 -2
1 -2
1 -2
1 -2
1 -2
1 -2
1 -2
1 -2
1 -2
1 -2
1 -2
1 -2
1 -2
1 -2
1 -2
1 -2
1 -2
1 -2
1 -2
1 -2
1 -2
1 -2
1 -2
1 -2
1 -2
1 -2
1 -2
1 -2
1 -2
1 -2
1 -2
1 -2
1 -2
1 -2
1 -2
1 -2
1 -2
1 -2
1 -2
1 -2
1 -2
1 -2
1 -2
1 -2
1 -2
1 -2
1 -2
1 -2
1 -2
1 -2
1 -2
1 -2
1 -2
1 -2
1 -2
1 -2
1 -2
1 -2
1 -2
1 -2
1 -2
1 -2
1 -2
1 -2
1 -2
1 -2
1 -2
1 -2
1 -2
1 -2
1 -2
1 -2
1 -2
1 -2
1 -2
1 -2
1 -2
1 -2
1 -2
1 -2
1 -2
1 -2
1 -2
1 -2
1 -2
1 -2
1 -2
1 -2
1 -2
1 -2
1 -2
1 -2
1 -2
1 -2
1 -2
1 -2
1 -2
1 -2
1 -2
1 -2
1 -2
1 -2
1 -2
1 -2
1 -2
1 -2
1 -2
1 -2
1 -2
1 -2
1 -2
1 -2
1 -2
1 -2
1 -2
1 -2
1 -2
1 -2
1 -2
1 -2
1 -2
1 -2
1 -2
1 -2
1 -2
1 -2
1 -2
1 -2
1 -2
1 -2
1 -2
1 -2
1 -2
1 -2
1 -2
1 -2
1 -2
1 -2
1 -2
1 -2
1 -2
1 -2
1 -2
1 -2
1 -2
1 -2
1 -2
1 -2
1 -2
1 -2
1 -2
1 -2
1 -2
1 -2
1 -2
1 -2
1 -2
1 -2
1 -2
1 -2
1 -2
1 -2
1 -2
1 -2
1 -2
1 -2
1 -2
1 -2
1 -2
1 -2
1 -2
1 -2
1 -2
1 -2
1 -2
1 -2
1 -2
1 -2
1 -2
1 -2
1 -2
1 -2
1 -2
1 -2
1 -2
1 -2
1 -2
1 -2
1 -2
1 -2
1 -2
1 -2
1 -2
1 -2
1 -2
1 -2
1 -2
1 -2
1 -2
1 -2
1 -2
1 -2
1 -2
1 -2
1 -2
1 -2
1 -2
1 -2
1 -2
1 -2
1 -2
1 -2
1 -2
1 -2
1 -2
1 -2
1 -2
1 -2
1 -2
1 -2
1 -2
1 -2
1 -2
1 -2
1 -2
1 -2
1 -2
1 -2
1 -2
1 -2
1 -2
1 -2
1 -2
1 -2
1 -2
1 -2
1 -2
1 -2
1 -2
1 -2
1 -2
1 -2
1 -2
1 -2
1 -2
1 -2
1 -2
1 -2
1 -2
1 -2
1 -2
1 -2
1 -2
1 -2
1 -2
1 -2
1 -2
1 -2
1 -2
1 -2
1 -2
1 -2
1 -2
1 -2
1 -2
1 -2
1 -2
1 -2
1 -2
1 -2
1 -2
1 -2
1 -2
1 -2
1 -2
1 -2
1 -2
1 -2
1 -2
1 -2
1 -2
1 -2
1 -2
1 -2
1 -2
1 -2
1 -2
1 -2
1 -2
1 -2
1 -2
1 -2
1 -2
1 -2
1 -2
1 -2
1 -2
1 -2
1 -2
1 -2
1 -2
1 -2
1 -2
1 -2
1 -2
1 -2
1 -2
1 -2
1 -2
1 -2
1 -2
1 -2
1 -2
1 -2
1 -2
1 -2
1 -2
1 -2
1 -2
1 -2
1 -2
1 -2
1 -2
1 -2
1 -2
1 -2
1 -2
1 -2
1 -2
1 -2
1 -2
1 -2
1 -2
1 -2
1 -2
1 -2
1 -2
1 -2
1 -2
1 -2
1 -2
1 -2
1 -2
1 -2
1 -2
1 -2
1 -2
1 -2
1 -2
1 -2
1 -2
1 -2
1 -2
1 -2
1 -2
1 -2
1 -2
1 -2
1 -2
1 -2
1 -2
1 -2
1 -2
1 -2
1 -2
1 -2
1 -2
1 -2
1 -2
1 -2
1 -2
1 -2
1 -2
1 -2
1 -2
1 -2
1 -2
1 -2
1 -2
1 -2
1 -2
1 -2
1 -2
1 -2
1 -2
1 -2
1 -2
1 -2
1 -2
1 -2
1 -2
1 -2
1 -2
1 -2
1 -2
1 -2
1 -2
1 -2
1 -2
1 -2
1 -2
1 -2
1 -2
1 -2
1 -2
1 -2
1 -2
1 -2
1 -2
1 -2
1 -2
1 -2
1 -2
1 -2
1 -2
1 -2
1 -2
1 -2
1 -2
1 -2
1 -2
1 -2
1 -2
1 -2
1 -2
1 -2
1 -2
1 -2
1 -2
1 -2
1 -2
1 -2
1 -2
1 -2
1 -2
1 -2
1 -2
1 -2
1 -2
1 -2
1 -2
1 -2
1 -2
1 -2
1 -2
1 -2
1 -2
1 -2
1 -2
1 -2
1 -2
1 -2
1 -2
1 -2
1 -2
1 -2
1 -2
1 -2
1 -2
1 -2
1 -2
1 -2
1 -2
1 -2
1 -2
1 -2
1 -2
1 -2
1 -2
1 -2
1 -2
1 -2
1 -2
1 -2
1 -2
1 -2
1 -2
1 -2
1 -2
1 -2
1 -2
1 -2
1 -2
1 -2
1 -2
1 -2
1 -2
1 -2
1 -2
1 -2
1 -2
1 -2
1 -2
1 -2
1 -2
1 -2
1 -2
1 -2
1 -2
1 -2
1 -2
1 -2
1 -2
1 -2
1 -2
1 -2
1 -2
1 -2
1 -2
1 -2
1 -2
1 -2
1 -2
1 -2
1 -2
1 -2
1 -2
1 -2
1 -2
1 -2
1 -2
1 -2
1 -2
1 -2
1 -2
1 -2
1 -2
1 -2
1 -2
1 -2
1 -2
1 -2
1 -2
1 -2
1 -2
1 -2
1 -2
1 -2
1 -2
1 -2
1 -2
1 -2
1 -2
1 -2
1 -2
1 -2
1 -2
1 -2
1 -2
1 -2
1 -2
1 -2
1 -2
1 -2
1 -2
1 -2
1 -2
1 -2
1 -2
1 -2
1 -2
1 -2
1 -2
1 -2
1 -2
1 -2
1 -2
1 -2
1 -2
1 -2
1 -2
1 -2
1 -2
1 -2
1 -2
1 -2
1 -2
1 -2
1 -2
1 -2
1 -2
1 -2
1 -2
1 -2
1 -2
1 -2
1 -2
1 -2
1 -2
1 -2
1 -2
1 -2
1 -2
1 -2
1 -2
1 -2
1 -2
1 -2
1 -2
1 -2
1 -2
1 -2
1 -2
1 -2
1 -2
1 -2
1 -2
1 -2
1 -2
1 -2
1 -2
1 -2
1 -2
1 -2
1 -2
1 -2
1 -2
1 -2
1 -2
1 -2
1 -2
1 -2
1 -2
1 -2
1 -2
1 -2
1 -2
1 -2
1 -2
1 -2
1 -2
1 -2
1 -2
1 -2
1 -2
1 -2
1 -2
1 -2
1 -2
1 -2
1 -2
1 -2
1 -2
1 -2
1 -2
1 -2
1 -2
1 -2
1 -2
1 -2
1 -2
1 -2
1 -2
1 -2
1 -2
1 -2
1 -2
1 -2
1 -2
1 -2
1 -2
1 -2
1 -2
1 -2
1 -2
1 -2
1 -2
1 -2
1 -2
1 -2
1 -2
1 -2
1 -2
1 -2
1 -2
1 -2
1 -2
1 -2
1 -2
1 -2
1 -2
1 -2
1 -2
1 -2
1 -2
1 -2
1 -2
1 -2
1 -2
1 -2
1 -2
1 -2
1 -2
1 -2
1 -2
1 -2
1 -2
1 -2
1 -2
1 -2
1 -2
1 -2
1 -2
1 -2
1 -2
1 -2
1 -2
1 -2
1 -2
1 -2
1 -2
1 -2
1 -2
1 -2
1 -2
1 -2
1 -2
1 -2
1 -2
1 -2
1 -2
1 -2
1 -2
1 -2
1 -2
1 -2
1 -2
1 -2
1 -2
1 -2
1 -2
1 -2
1 -2
1 -2
1 -2
1 -2
1 -2
1 -2
1 -2
1 -2
1 -2
1 -2
1 -2
1 -2
1 -2
1 -2
1 -2
1 -2
1 -2
1 -2
1 -2
1 -2
1 -2
1 -2
1 -2
1 -2
1 -2
1 -2
1 -2
1 -2
1 -2
1 -2
1 -2
1 -2
1 -2
1 -2
1 -2
1 -2
1 -2
1 -2
1 -2
1 -2
1 -2
1 -2
1 -2
1 -2
1 -2
1 -2
1 -2
1 -2
1 -2
1 -2
1 -2
1 -2
1 -2
1 -2
1 -2
1 -2
1 -2
1 -2
1 -2
1 -2
1 -2
1 -2
1 -2
1 -2
1 -2
1 -2
1 -2
1 -2
1 -2
1 -2
1 -2
1 -2
1 -2
1 -2
1 -2
1 -2
1 -2
1 -2
1 -2
1 -2
1 -2
1 -2
1 -2
1 -2
1 -2
1 -2
1 -2
1 -2
1 -2
1 -2
1 -2
1 -2
1 -2
1 -2
1 -2
1 -2
1 -2
1 -2
1 -2
1 -2
1 -2
1 -2
1 -2
1 -2
1 -2
1 -2
1 -2
1 -2
1 -2
1 -2
1 -2
1 -2
1 -2
1 -2
1 -2
1 -2
1 -2
1 -2
1 -2
1 -2
1 -2
1 -2
1 -2
1 -2
1 -2
1 -2
1 -2
1 -2
1 -2
1 -2
1 -2
1 -2
1 -2
1 -2
1 -2
1 -2
1 -2
1 -2
1 -2
1 -2
1 -2
1 -2
1 -2
1 -2
1 -2
1 -2
1 -2
1 -2
1 -2
1 -2
1 -2
1 -2
1 -2
1 -2
1 -2
1 -2
1 -2
1 -2
1 -2
1 -2
1 -2
1 -2
1 -2
1 -2
1 -2
1 -2
1 -2
1 -2
1 -2
1 -2
1 -2
1 -2
1 -2
1 -2
1 -2
1 -2
1 -2
1 -2
1 -2
1 -2
1 -2
1 -2
1 -2
1 -2
1 -2
1 -2
1 -2
1 -2
1 -2
1 -2
1 -2
1 -2
1 -2
1 -2
1 -2
1 -2
1 -2
1 -2
1 -2
1 -2
1 -2
1 -2
1 -2
1 -2
1 -2
1 -2
1 -2
1 -2
1 -2
1 -2
1 -2
1 -2
1 -2
1 -2
1 -2
1 -2
1 -2
1 -2
1 -2
1 -2
1 -2
1 -2
1 -2
1 -2
1 -2
1 -2
1 -2
1 -2
1 -2
1 -2
1 -2
1 -2
1 -2
1 -2
1 -2
1 -2
1 -2
1 -2
1 -2
1 -2
1 -2
1 -2
1 -2
1 -2
1 -2
1 -2
1 -2
1 -2
1 -2
1 -2
1 -2
1 -2
1 -2
1 -2
1 -2
1 -2
1 -2
1 -2
1 -2
1 -2
1 -2
1 -2
1 -2
1 -2
1 -2
1 -2
1 -2
1 -2
1 -2
1 -2
1 -2
1 -2
1 -2
1 -2
1 -2
1 -2
1 -2
1 -2
1 -2
1 -2
1 -2
1 -2
1 -2
1 -2
1 -2
1 -2
1 -2
1 -2
1 -2
1 -2
1 -2
1 -2
1 -2
1 -2
1 -2
1 -2
1 -2
1 -2
1 -2
1 -2
1 -2
1 -2
1 -2
1 -2
1 -2
1 -2
1 -2
1 -2
1 -2
1 -2
1 -2
1 -2
1 -2
1 -2
1 -2
1 -2
1 -2
1 -2
1 -2
1 -2
1 -2
1 -2
1 -2
1 -2
1 -2
1 -2
1 -2
1 -2
1 -2
1 -2
1 -2
1 -2
1 -2
1 -2
1 -2
1 -2
1 -2
1 -2
1 -2
1 -2
1 -2
1 -2
1 -2
1 -2
1 -2
1 -2
1 -2
1 -2
1 -2
1 -2
1 -2
1 -2
1 -2
1 -2
1 -2
1 -2
1 -2
1 -2
1 -2
1 -2
1 -2
1 -2
1 -2
1 -2
1 -2
1 -2
1 -2
1 -2
1 -2
1 -2
1 -2
1 -2
1 -2
1 -2
1 -2
1 -2
1 -2
1 -2
1 -2
1 -2
1 -2
1 -2
1 -2
1 -2
1 -2
1 -2
1 -2
1 -2
1 -2
1 -2
1 -2
1 -2
1 -2
1 -2
1 -2
1 -2
1 -2
1 -2
1 -2
1 -2
1 -2
1 -2
1 -2
1 -2
1 -2
1 -2
1 -2
1 -2
1 -2
1 -2
1 -2
1 -2
1 -2
1 -2
1 -2
1 -2
1 -2
1 -2
1 -2
1 -2
1 -2
1 -2
1 -2
1 -2
1 -2
1 -2
1 -2
1 -2
1 -2
1 -2
1 -2
1 -2
1 -2
1 -2
1 -2
1 -2
1 -2
1 -2
1 -2
1 -2
1 -2
1 -2
1 -2
1 -2
1 -2
1 -2
1 -2
1 -2
1 -2
1 -2
1 -2
1 -2
1 -2
1 -2
1 -2
1 -2
1 -2
1 -2
1 -2
1 -2
1 -2
1 -2
1 -2
1 -2
1 -2
1 -2
1 -2
1 -2
1 -2
1 -2
1 -2
1 -2
1 -2
1 -2
1 -2
1 -2
1 -2
1 -2
1 -2
1 -2
1 -2
1 -2
1 -2
1 -2
1 -2
1 -2
1 -2
1 -2
1 -2
1 -2
1 -2
1 -2
1 -2
1 -2
1 -2
1 -2
1 -2
1 -2
1 -2
1 -2
1 -2
1 -2
1 -2
1 -2
1 -2
1 -2
1 -2
1 -2
1 -2
1 -2
1 -2
1 -2
1 -2
1 -2
1 -2
1 -2
1 -2
1 -2
1 -2
1 -2
1 -2
1 -2
1 -2
1 -2
1 -2
1 -2
1 -2
1 -2
1 -2
1 -2
1 -2
1 -2
1 -2
1 -2
1 -2
1 -2
1 -2
1 -2
1 -2
1 -2
1 -2
1 -2
1 -2
1 -2
1 -2
1 -2
1 -2
1 -2
1 -2
1 -2
1 -2
1 -2
1 -2
1 -2
1 -2
1 -2
1 -2
1 -2
1 -2
1 -2
1 -2
1 -2
1 -2
1 -2
1 -2
1 -2
1 -2
1 -2
1 -2
1 -2
1 -2
1 -2
1 -2
1 -2
1 -2
1 -2
1 -2
1 -2
1 -2
1 -2
1 -2
1 -2
1 -2
1 -2
1 -2
1 -2
1 -2
1 -2
1 -2
1 -2
1 -2
