-50 53
-60 58
-60 58
-60 58
-60 58
-60 58
-60 58
-60 58
-60 58
-60 58
-60 58
-60 58
-60 58
-60 58
-60 58
-60 58
-60 58
-60 58
-60 58
-60 58
-60 58
-60 58
-60 58
-60 58
-60 58
-60 58
-60 58
-60 58
-60 58
-60 58
-60 58
-60 58
-60 58
-60 58
-60 58
-60 58
-60 58
-60 58
-60 58
-60 58
-60 58
-60 58
-60 58
-60 58
-60 58
-60 58
-60 58
-60 58
-60 58
-60 58
-60 58
-60 58
-60 58
-60 58
-60 58
-60 58
-60 58
-52 46
-52 46
-52 46
-52 46
-52 46
-52 46
-52 46
-52 46
-52 46
-52 46
-52 46
-52 46
-52 46
-52 46
-52 46
-52 46
-52 46
-52 46
-52 46
-52 46
-52 46
-52 46
-52 46
-52 46
-52 46
-52 46
-52 46
-59 42
-59 42
-59 42
-59 42
-59 42
-59 42
-59 42
-59 42
-59 42
-59 42
-59 42
-59 42
-59 42
-59 42
-59 42
-59 42
-59 42
-59 42
-52 37
-52 37
-52 37
-52 37
-52 37
-52 37
-52 37
-52 37
-52 37
-52 37
-52 37
-52 37
-52 37
-52 37
-52 37
-52 37
-52 37
-52 37
-52 37
-52 37
-52 37
-52 37
-52 37
-52 37
-52 37
-52 37
-52 37
-52 37
-52 37
-52 37
-52 37
-52 37
-52 37
-52 37
-52 37
-52 37
-52 37
-52 37
-52 37
-52 37
-52 37
-52 37
-52 37
-52 37
-52 37
-52 37
-52 37
-52 37
-52 37
-52 37
-52 37
-52 37
-52 37
-52 37
-52 37
-52 37
-52 37
-52 37
-52 37
-52 37
-57 34
-57 34
-57 34
-57 34
-57 34
-57 34
-57 34
-57 34
-57 34
-57 34
-57 34
-57 34
-57 34
-57 34
-57 34
-57 34
-57 34
-57 34
-57 34
-57 34
-57 34
-57 34
-57 34
-57 34
-57 34
-57 34
-57 34
-57 34
-57 34
-51 22
-51 22
-51 22
-51 22
-51 22
-51 22
-51 22
-51 22
-51 22
-51 22
-51 22
-51 22
-51 22
-51 22
-51 22
-51 22
-51 22
-51 22
-51 22
-51 22
-51 22
-51 22
-51 22
-51 22
-51 22
-51 22
-51 22
-51 22
-51 22
-51 22
-51 22
-51 22
-51 22
-51 22
-51 22
-51 22
-51 22
-51 22
-51 22
-51 22
-51 22
-51 22
-51 22
-51 22
-51 22
-51 22
-51 22
-51 22
-51 22
-51 22
-51 22
-51 22
-51 22
-51 22
-51 22
-51 22
-51 22
-51 22
-51 22
-56 29
-56 29
-56 29
-56 29
-56 29
-56 29
-56 29
-56 29
-56 29
-56 29
-56 29
-56 29
-56 29
-56 29
-56 29
-56 29
-56 29
-56 29
-56 29
-56 29
-56 29
-56 29
-56 29
-56 29
-56 29
-56 29
-56 29
-56 29
-56 29
-56 29
-40 17
-40 17
-40 17
-40 17
-40 17
-40 17
-40 17
-40 17
-40 17
-40 17
-40 17
-40 17
-40 17
-40 17
-40 17
-40 17
-40 17
-40 17
-40 17
-40 17
-40 17
-40 17
-40 17
-40 17
-40 17
-40 17
-40 17
-40 17
-40 17
-40 17
-40 17
-40 17
-40 17
-40 17
-37 15
-37 15
-37 15
-37 15
-37 15
-37 15
-37 15
-37 15
-37 15
-37 15
-37 15
-37 15
-37 15
-37 15
-37 15
-37 15
-37 15
-37 15
-37 15
-37 15
-37 15
-37 15
-37 15
-37 15
-37 15
-37 15
-37 15
-37 15
-37 15
-37 15
-37 15
-37 15
-37 15
-37 15
-37 15
-37 15
-37 15
-37 15
-37 15
-37 15
-37 15
-37 15
-37 15
-37 15
-37 15
-37 15
-37 15
-37 15
-37 15
-37 15
-37 15
-37 15
-37 15
-37 15
-37 15
-37 15
-37 15
-37 15
-37 15
-37 15
-37 15
-37 15
-37 15
-37 15
-37 15
-37 15
-37 15
-37 15
-37 15
-37 15
-38 13
-38 13
-38 13
-38 13
-38 13
-38 13
-38 13
-38 13
-38 13
-38 13
-38 13
-38 13
-38 13
-38 13
-38 13
-38 13
-38 13
-38 13
-38 13
-38 13
-38 13
-38 13
-38 13
-38 13
-38 13
-38 13
-38 13
-29 7
-29 7
-29 7
-29 7
-29 7
-29 7
-29 7
-29 7
-29 7
-29 7
-29 7
-29 7
-29 7
-29 7
-29 7
-29 7
-29 7
-29 7
-29 7
-29 7
-29 7
-29 7
-29 7
-29 7
-29 7
-29 7
-29 7
-29 7
-29 7
-29 7
-29 7
-29 7
-29 7
-29 7
-29 7
-29 7
-29 7
-29 7
-29 7
-29 7
-29 7
-29 7
-29 7
-29 7
-29 7
-29 7
-29 7
-29 7
-29 7
-29 7
-29 7
-29 7
-29 7
-24 9
-24 9
-24 9
-24 9
-24 9
-24 9
-24 9
-24 9
-24 9
-24 9
-24 9
-24 9
-24 9
-24 9
-24 9
-24 9
-24 9
-24 9
-24 9
-24 9
-24 9
-24 9
-24 9
-24 9
-24 9
-24 9
-24 9
-24 9
-24 6
-24 6
-24 6
-24 6
-24 6
-24 6
-24 6
-24 6
-24 6
-24 6
-24 6
-24 6
-24 6
-24 6
-24 6
-24 6
-24 6
-24 6
-24 6
-24 6
-24 6
-24 6
-25 4
-25 4
-25 4
-25 4
-25 4
-25 4
-25 4
-25 4
-25 4
-25 4
-25 4
-25 4
-25 4
-25 4
-25 4
-25 4
-25 4
-25 4
-25 4
-25 4
-25 4
-25 4
-25 4
-25 4
-25 4
-25 4
-25 4
-25 4
-25 4
-25 4
-25 4
-25 4
-25 4
-25 4
-25 4
-25 4
-25 4
-25 4
-25 4
-25 4
-25 4
-25 4
-25 4
-25 4
-25 4
-25 4
-25 4
-25 4
-25 4
-25 4
-25 4
-25 4
-25 4
-25 4
-22 -1
-22 -1
-22 -1
-22 -1
-22 -1
-22 -1
-22 -1
-22 -1
-22 -1
-22 -1
-22 -1
-22 -1
-22 -1
-22 -1
-22 -1
-22 -1
-22 -1
-22 -1
-22 -1
-22 -1
-22 -1
-25 -2
-25 -2
-25 -2
-25 -2
-25 -2
-25 -2
-25 -2
-25 -2
-25 -2
-25 -2
-25 -2
-25 -2
-25 -2
-25 -2
-25 -2
-25 -2
-25 -2
-25 -2
-25 -2
-25 -2
-25 -2
-25 -2
-25 -2
-25 -2
-25 -2
-25 -2
-33 0
-33 0
-33 0
-33 0
-33 0
-33 0
-33 0
-33 0
-33 0
-33 0
-33 0
-33 0
-33 0
-33 0
-33 0
-33 0
-33 0
-33 0
-33 0
-33 0
-33 0
-33 0
-33 0
-33 0
-33 0
-33 0
-33 0
-33 0
-33 0
-33 0
-33 0
-33 0
-33 0
-33 0
-33 0
-33 0
-33 0
-33 0
-33 0
-33 0
-33 0
-33 0
-33 0
-33 0
-33 0
-33 0
-33 0
-36 -2
-36 -2
-36 -2
-36 -2
-36 -2
-36 -2
-36 -2
-36 -2
-36 -2
-36 -2
-36 -2
-36 -2
-36 -2
-36 -2
-36 -2
-36 -2
-36 -2
-36 -2
-36 -2
-36 -2
-36 -2
-36 -2
-36 -2
-36 -2
-36 -2
-36 -2
-36 -2
-36 -2
-36 -2
-36 -2
-36 -7
-36 -7
-36 -7
-36 -7
-36 -7
-36 -7
-36 -7
-36 -7
-36 -7
-36 -7
-36 -7
-36 -7
-36 -7
-36 -7
-36 -7
-36 -7
-36 -7
-36 -7
-36 -7
-36 -7
-36 -7
-36 -7
-36 -7
-36 -7
-36 -7
-36 -7
-36 -7
-36 -7
-36 -7
-36 -7
-36 -7
-36 -7
-36 -7
-36 -7
-36 -7
-36 -7
-36 -7
-36 -7
-36 -7
-36 -7
-36 -7
-36 -7
-36 -7
-36 -7
-36 -7
-36 -7
-36 -7
-36 -7
-36 -7
-36 -7
-36 -7
-36 -7
-36 -7
-36 -7
-36 -7
-36 -7
-36 -7
-36 -7
-36 -7
-36 -7
-36 -7
-36 -7
-36 -3
-36 -3
-36 -3
-36 -3
-36 -3
-36 -3
-36 -3
-36 -3
-36 -3
-36 -3
-36 -3
-36 -3
-36 -3
-36 -3
-36 -3
-36 -3
-36 -3
-36 -3
-36 -3
-36 -3
-36 -3
-36 -3
-36 -3
-36 -3
-36 -3
-36 -3
-36 -3
-36 -3
-36 -3
-39 -12
-39 -12
-39 -12
-39 -12
-39 -12
-39 -12
-39 -12
-39 -12
-39 -12
-39 -12
-39 -12
-39 -12
-39 -12
-39 -12
-39 -12
-39 -12
-39 -12
-39 -12
-39 -12
-39 -12
-39 -12
-39 -12
-39 -12
-39 -12
-39 -12
-39 -12
-39 -12
-39 -12
-39 -12
-39 -12
-39 -12
-39 -12
-39 -12
-39 -12
-39 -12
-39 -12
-39 -12
-39 -12
-39 -12
-39 -12
-39 -12
-39 -12
-39 -12
-39 -12
-39 -12
-39 -12
-39 -12
-39 -12
-39 -12
-39 -12
-39 -12
-39 -12
-39 -12
-39 -12
-39 -12
-39 -12
-39 -12
-39 -12
-39 -12
-39 -12
-39 -12
-39 -12
-39 -12
-39 -12
-39 -12
-37 -7
-37 -7
-37 -7
-37 -7
-37 -7
-37 -7
-37 -7
-37 -7
-37 -7
-37 -7
-37 -7
-37 -7
-37 -7
-37 -7
-37 -7
-37 -7
-37 -7
-37 -7
-37 -7
-37 -7
-37 -7
-37 -7
-37 -7
-37 -7
-37 -7
-37 -7
-37 -7
-37 -7
-37 -7
-37 -7
-37 -7
-37 -7
-37 -7
-41 -16
-41 -16
-41 -16
-41 -16
-41 -16
-41 -16
-41 -16
-41 -16
-41 -16
-41 -16
-41 -16
-41 -16
-41 -16
-41 -16
-41 -16
-41 -16
-41 -16
-41 -16
-41 -16
-41 -16
-41 -16
-41 -16
-41 -16
-41 -16
-41 -16
-41 -16
-41 -16
-41 -16
-41 -16
-41 -16
-41 -16
-41 -16
-41 -16
-41 -16
-38 -16
-38 -16
-38 -16
-38 -16
-38 -16
-38 -16
-38 -16
-38 -16
-38 -16
-38 -16
-38 -16
-38 -16
-38 -16
-38 -16
-38 -16
-38 -16
-38 -16
-38 -16
-38 -16
-38 -16
-38 -16
-38 -16
-38 -16
-38 -16
-38 -16
-38 -16
-38 -16
-38 -16
-38 -16
-38 -16
-38 -16
-38 -16
-38 -16
-38 -16
-38 -16
-38 -16
-38 -16
-38 -16
-38 -16
-38 -16
-38 -16
-38 -16
-38 -16
-38 -16
-38 -16
-38 -16
-38 -16
-38 -16
-38 -16
-38 -16
-38 -16
-38 -16
-38 -16
-38 -16
-38 -16
-41 -18
-41 -18
-41 -18
-41 -18
-41 -18
-41 -18
-41 -18
-41 -18
-41 -18
-41 -18
-41 -18
-41 -18
-41 -18
-41 -18
-41 -18
-41 -18
-41 -18
-41 -18
-41 -18
-41 -18
-41 -18
-41 -18
-41 -18
-41 -18
-41 -18
-41 -18
-41 -18
-41 -18
-41 -18
-44 -19
-44 -19
-44 -19
-44 -19
-44 -19
-44 -19
-44 -19
-44 -19
-44 -19
-44 -19
-44 -19
-44 -19
-44 -19
-44 -19
-44 -19
-44 -19
-44 -19
-44 -19
-44 -19
-47 -31
-47 -31
-47 -31
-47 -31
-47 -31
-47 -31
-47 -31
-47 -31
-47 -31
-47 -31
-47 -31
-47 -31
-47 -31
-47 -31
-47 -31
-47 -31
-47 -31
-47 -31
-47 -31
-47 -31
-47 -31
-47 -31
-47 -31
-47 -31
-47 -31
-47 -31
-47 -31
-47 -31
-47 -31
-47 -31
-47 -31
-47 -31
-47 -31
-47 -31
-47 -31
-47 -31
-47 -31
-47 -31
-47 -31
-47 -31
-47 -31
-47 -31
-47 -31
-46 -26
-46 -26
-46 -26
-46 -26
-46 -26
-46 -26
-46 -26
-46 -26
-46 -26
-46 -26
-46 -26
-46 -26
-46 -26
-46 -26
-46 -26
-46 -26
-46 -26
-46 -26
-46 -26
-46 -26
-46 -26
-46 -26
-46 -26
-43 -26
-43 -26
-43 -26
-43 -26
-43 -26
-43 -26
-43 -26
-43 -26
-43 -26
-43 -26
-43 -26
-43 -26
-43 -26
-43 -26
-43 -26
-43 -26
-43 -26
-43 -26
-43 -26
-43 -26
-43 -26
-43 -26
-43 -26
-43 -26
-43 -26
-43 -26
-43 -26
-43 -26
-43 -26
-43 -26
-43 -26
-43 -26
-43 -26
-43 -26
-43 -26
-43 -26
-43 -26
-43 -26
-43 -26
-43 -26
-43 -26
-43 -26
-43 -26
-43 -26
-43 -26
-43 -26
-43 -26
-43 -26
-43 -26
-43 -26
-43 -26
-43 -26
-43 -26
-43 -26
-43 -26
-43 -26
-43 -26
-43 -26
-45 -28
-45 -28
-45 -28
-45 -28
-45 -28
-45 -28
-45 -28
-45 -28
-45 -28
-45 -28
-45 -28
-45 -28
-45 -28
-45 -28
-45 -28
-45 -28
-45 -28
-45 -28
-45 -28
-45 -28
-45 -28
-45 -28
-45 -28
-45 -28
-45 -28
-45 -28
-45 -28
-45 -28
-49 -41
-49 -41
-49 -41
-49 -41
-49 -41
-49 -41
-49 -41
-49 -41
-49 -41
-49 -41
-49 -41
-49 -41
-49 -41
-49 -41
-49 -41
-49 -41
-49 -41
-49 -41
-49 -41
-49 -41
-49 -41
-49 -41
-49 -41
-49 -41
-49 -41
-49 -41
-49 -41
-49 -41
-47 -43
-47 -43
-47 -43
-47 -43
-47 -43
-47 -43
-47 -43
-47 -43
-47 -43
-47 -43
-47 -43
-47 -43
-47 -43
-47 -43
-47 -43
-47 -43
-47 -43
-47 -43
-47 -43
-47 -43
-47 -43
-47 -43
-47 -43
-47 -43
-47 -43
-47 -43
-47 -43
-47 -43
-47 -43
-47 -43
-47 -43
-47 -43
-47 -43
-47 -43
-47 -43
-47 -43
-47 -43
-47 -43
-47 -43
-47 -43
-47 -43
-47 -43
-47 -43
-47 -43
-47 -43
-47 -43
-47 -43
-47 -43
-47 -43
-47 -43
-47 -43
-47 -43
-47 -43
-47 -43
-47 -43
-47 -43
-47 -43
-47 -43
-47 -43
-47 -43
-47 -43
-47 -43
-47 -43
-47 -43
-47 -43
-47 -43
-47 -43
-47 -43
-47 -43
-47 -43
-47 -43
-47 -43
-47 -43
-47 -43
-47 -43
-47 -43
-47 -43
-47 -43
-47 -43
-47 -43
-47 -43
-47 -43
-47 -43
-47 -43
-47 -43
-47 -43
-47 -43
-47 -43
-47 -43
-47 -43
-47 -43
-47 -43
-40 -47
-42 -39
-42 -39
-42 -39
-42 -39
-42 -39
-42 -39
-42 -39
-42 -39
-42 -39
-42 -39
-42 -39
-42 -39
-42 -39
-42 -39
-42 -39
-42 -39
-42 -39
-42 -39
-42 -39
-42 -39
-42 -39
-42 -39
-42 -39
-42 -39
-42 -39
-42 -39
-40 -51
-40 -51
-40 -51
-40 -51
-40 -51
-40 -51
-40 -51
-40 -51
-40 -51
-40 -51
-40 -51
-40 -51
-40 -51
-40 -51
-40 -51
-40 -51
-40 -51
-40 -51
-40 -51
-40 -51
-40 -51
-40 -51
-40 -51
-40 -51
-40 -51
-40 -51
-40 -51
-40 -51
-40 -51
-40 -51
-40 -51
-40 -51
-40 -51
-40 -51
-40 -51
-40 -51
-40 -51
-40 -51
-40 -51
-40 -51
-40 -51
-40 -51
-40 -51
-40 -51
-40 -51
-40 -51
-40 -51
-40 -51
-40 -51
-40 -51
-40 -51
-40 -51
-40 -51
-40 -51
-40 -51
-40 -51
-40 -51
-32 -45
-32 -45
-32 -45
-32 -45
-32 -45
-32 -45
-32 -45
-32 -45
-32 -45
-32 -45
-32 -45
-32 -45
-32 -45
-32 -45
-32 -45
-32 -45
-32 -45
-32 -45
-32 -45
-32 -45
-32 -45
-32 -45
-32 -45
-32 -45
-32 -45
-32 -45
-32 -45
-32 -45
-32 -45
-32 -45
-36 -55
-36 -55
-36 -55
-36 -55
-36 -55
-36 -55
-36 -55
-36 -55
-36 -55
-36 -55
-36 -55
-36 -55
-36 -55
-36 -55
-36 -55
-36 -55
-36 -55
-36 -55
-36 -55
-36 -55
-36 -55
-36 -55
-36 -55
-36 -55
-36 -55
-36 -55
-36 -55
-36 -55
-36 -55
-36 -55
-36 -55
-36 -55
-36 -55
-36 -55
-36 -55
-36 -55
-36 -55
-36 -55
-36 -55
-36 -55
-36 -55
-36 -55
-36 -55
-36 -55
-36 -55
-36 -55
-36 -55
-36 -55
-36 -55
-36 -55
-36 -55
-36 -55
-36 -55
-36 -55
-36 -55
-36 -55
-36 -55
-36 -55
-36 -55
-36 -55
-36 -55
-35 -49
-35 -49
-35 -49
-35 -49
-35 -49
-35 -49
-35 -49
-35 -49
-35 -49
-35 -49
-35 -49
-35 -49
-35 -49
-35 -49
-35 -49
-35 -49
-35 -49
-35 -49
-35 -49
-35 -49
-35 -49
-35 -49
-35 -49
-35 -49
-35 -49
-35 -49
-35 -49
-35 -49
-31 -53
-31 -53
-31 -53
-31 -53
-31 -53
-31 -53
-31 -53
-31 -53
-31 -53
-31 -53
-31 -53
-31 -53
-31 -53
-31 -53
-31 -53
-31 -53
-31 -53
-31 -53
-31 -53
-31 -53
-31 -53
-31 -53
-31 -53
-31 -53
-31 -53
-31 -53
-31 -53
-31 -53
-31 -53
-31 -53
-26 -58
-26 -58
-26 -58
-26 -58
-26 -58
-26 -58
-26 -58
-26 -58
-26 -58
-26 -58
-26 -58
-26 -58
-26 -58
-26 -58
-26 -58
-26 -58
-26 -58
-26 -58
-26 -58
-26 -58
-26 -58
-26 -58
-26 -58
-26 -58
-26 -58
-26 -58
-26 -58
-26 -58
-26 -58
-26 -58
-26 -58
-26 -58
-26 -58
-26 -58
-26 -58
-26 -58
-26 -58
-26 -58
-26 -58
-26 -58
-26 -58
-26 -58
-26 -58
-26 -58
-26 -58
-26 -58
-26 -58
-26 -58
-26 -58
-26 -58
-26 -58
-26 -58
-19 -62
-19 -62
-19 -62
-19 -62
-19 -62
-19 -62
-19 -62
-19 -62
-19 -62
-19 -62
-19 -62
-19 -62
-19 -62
-19 -62
-19 -62
-19 -62
-19 -62
-19 -62
-19 -62
-19 -62
-19 -62
-19 -62
-19 -62
-19 -62
-19 -62
-19 -62
-11 -59
-11 -59
-11 -59
-11 -59
-11 -59
-11 -59
-11 -59
-11 -59
-11 -59
-11 -59
-11 -59
-11 -59
-11 -59
-11 -59
-11 -59
-11 -59
-11 -59
-11 -59
-11 -59
-11 -59
-11 -59
-11 -59
-11 -59
-11 -59
-11 -59
-11 -59
-11 -59
-11 -59
-11 -59
-11 -59
-11 -59
-11 -59
-11 -59
-11 -59
-11 -59
-11 -59
-11 -59
-11 -59
-11 -59
-11 -59
-11 -59
-11 -59
-11 -59
-11 -59
-11 -59
-11 -59
-11 -59
-11 -59
-11 -59
-11 -59
-11 -59
-11 -59
-11 -59
-11 -59
-11 -59
-11 -59
-11 -59
-11 -59
-11 -59
-14 -63
-14 -63
-14 -63
-14 -63
-14 -63
-14 -63
-14 -63
-14 -63
-14 -63
-14 -63
-14 -63
-14 -63
-14 -63
-14 -63
-14 -63
-14 -63
-14 -63
-14 -63
-14 -63
-14 -63
-14 -63
-14 -63
-9 -65
-9 -65
-9 -65
-9 -65
-9 -65
-9 -65
-9 -65
-9 -65
-9 -65
-9 -65
-9 -65
-9 -65
-9 -65
-9 -65
-9 -65
-9 -65
-9 -65
-9 -65
-9 -65
-9 -65
-9 -65
-9 -65
-9 -65
-9 -65
-9 -65
-9 -65
-6 -64
-6 -64
-6 -64
-6 -64
-6 -64
-6 -64
-6 -64
-6 -64
-6 -64
-6 -64
-6 -64
-6 -64
-6 -64
-6 -64
-6 -64
-6 -64
-6 -64
-6 -64
-6 -64
-6 -64
-6 -64
-6 -64
-6 -64
-6 -64
-6 -64
-6 -64
-6 -64
-6 -64
-6 -64
-6 -64
-6 -64
-6 -64
-6 -64
-6 -64
-6 -64
-6 -64
-6 -64
-6 -64
-6 -64
-6 -64
-6 -64
-6 -64
-6 -64
-6 -64
-6 -64
-6 -64
-6 -64
-6 -64
-6 -64
-6 -64
-6 -64
-6 -64
-6 -64
-6 -64
-9 -61
-9 -61
-9 -61
-9 -61
-9 -61
-9 -61
-9 -61
-9 -61
-9 -61
-9 -61
-9 -61
-9 -61
-9 -61
-9 -61
-9 -61
-9 -61
-9 -61
-9 -61
-9 -61
-9 -61
-9 -61
-9 -61
-9 -61
-9 -61
-2 -61
-2 -61
-2 -61
-2 -61
-2 -61
-2 -61
-2 -61
-2 -61
-2 -61
-2 -61
-2 -61
-2 -61
-2 -61
-2 -61
-2 -61
-2 -61
-2 -61
-2 -61
-2 -61
-2 -61
-2 -61
-2 -61
-2 -61
-2 -61
-2 -61
-2 -61
-2 -61
-2 -61
-2 -61
-2 -61
-2 -61
-2 -61
-2 -61
-2 -61
-2 -61
-2 -61
-2 -61
-2 -61
-2 -61
-2 -61
-2 -61
-2 -61
-2 -61
-2 -61
-2 -61
-2 -61
-2 -61
-2 -61
-2 -61
-2 -61
-2 -61
-2 -61
-2 -61
-2 -61
-2 -61
-2 -63
-2 -63
-2 -63
-2 -63
-2 -63
-2 -63
-2 -63
-2 -63
-2 -63
-2 -63
-2 -63
-2 -63
-2 -63
-2 -63
-2 -63
-2 -63
-2 -63
-2 -63
-2 -63
-2 -63
-2 -63
-2 -63
-2 -63
-2 -63
-2 -63
-2 -63
-1 -62
-1 -62
-1 -62
-1 -62
-1 -62
-1 -62
-1 -62
-1 -62
-1 -62
-1 -62
-1 -62
-1 -62
-1 -62
-1 -62
-1 -62
-1 -62
-1 -62
-1 -62
-1 -62
-1 -62
-1 -62
-1 -62
-1 -62
-1 -62
-1 -62
-1 -62
3 -62
3 -62
3 -62
3 -62
3 -62
3 -62
3 -62
3 -62
3 -62
3 -62
3 -62
3 -62
3 -62
3 -62
3 -62
3 -62
3 -62
3 -62
3 -62
3 -62
3 -62
3 -62
3 -62
3 -62
3 -62
3 -62
3 -62
3 -62
3 -62
3 -62
3 -62
3 -62
3 -62
3 -62
3 -62
3 -62
3 -62
3 -62
3 -62
3 -62
3 -62
3 -62
3 -62
3 -62
3 -62
3 -62
3 -62
0 0
0 0
0 0
0 0
0 0
0 0
0 0
0 0
0 0
0 0
0 0
0 0
0 0
0 0
0 0
0 0
0 0
0 0
0 0
0 0
0 0
0 0
0 0
0 0
0 0
0 0
0 0
0 -29
0 -29
0 -29
0 -29
0 -29
0 -29
0 -29
0 -29
0 -29
0 -29
0 -29
0 -29
0 -29
0 -29
0 -29
0 -29
0 -29
0 -29
0 -29
0 -29
0 -29
0 -29
0 -29
0 -29
-2 -67
-2 -67
-2 -67
-2 -67
-2 -67
-2 -67
-2 -67
-2 -67
-2 -67
-2 -67
-2 -67
-2 -67
-2 -67
-2 -67
-2 -67
-2 -67
-2 -67
-2 -67
-2 -67
-2 -67
-2 -67
-2 -67
-2 -67
-2 -67
-2 -67
-2 -67
-2 -67
-2 -67
-2 -67
-2 -67
-2 -67
-2 -67
-2 -67
-2 -67
-2 -67
-2 -67
-2 -67
-2 -67
-2 -67
-2 -67
-2 -67
-2 -67
-2 -67
-2 -67
-2 -67
-2 -67
-2 -67
-1 -60
-1 -60
-1 -60
-1 -60
-1 -60
-1 -60
-1 -60
-1 -60
-1 -60
-1 -60
-1 -60
-1 -60
-1 -60
-1 -60
-1 -60
-1 -60
-1 -60
-1 -60
-1 -60
-1 -60
-1 -59
-1 -59
-1 -59
-1 -59
-1 -59
-1 -59
-1 -59
-1 -59
-1 -59
-1 -59
-1 -59
-1 -59
-1 -59
-1 -59
-1 -59
-1 -59
-1 -59
-1 -59
-1 -59
-1 -59
-1 -59
-1 -59
-1 -59
-1 -59
-1 -59
-1 -59
-1 -59
-1 -59
-1 -59
-1 -59
-1 -59
-1 -59
-1 -59
-1 -59
-1 -59
-1 -59
-1 -59
-1 -59
-1 -59
-1 -59
-1 -59
-1 -59
-1 -59
-1 -59
-1 -59
-1 -59
-1 -59
-1 -59
-1 -59
-1 -59
-1 -59
-1 -59
-1 -59
-1 -59
-1 -59
-1 -59
-1 -59
-1 -59
-1 -59
-3 -61
-3 -61
-3 -61
-3 -61
-3 -61
-3 -61
-3 -61
-3 -61
-3 -61
-3 -61
-3 -61
-3 -61
-3 -61
-3 -61
-3 -61
-3 -61
-3 -61
-3 -61
-3 -61
-3 -61
-3 -61
-3 -61
-3 -61
-3 -61
-3 -61
1 -60
1 -60
1 -60
1 -60
1 -60
1 -60
1 -60
1 -60
1 -60
1 -60
1 -60
1 -60
1 -60
1 -60
1 -60
1 -60
1 -60
1 -60
1 -60
1 -60
1 -60
1 -62
1 -62
1 -62
1 -62
1 -62
1 -62
1 -62
1 -62
1 -62
1 -62
1 -62
1 -62
1 -62
1 -62
1 -62
1 -62
1 -62
1 -62
1 -62
1 -62
1 -62
1 -62
1 -62
1 -62
1 -62
1 -62
1 -62
1 -62
1 -62
1 -62
1 -62
1 -62
1 -62
1 -62
1 -62
1 -62
1 -62
1 -62
1 -62
1 -62
1 -62
1 -62
1 -62
1 -62
1 -62
1 -62
1 -62
1 -62
1 -62
1 -62
1 -62
-1 -60
-1 -60
-1 -60
-1 -60
-1 -60
-1 -60
-1 -60
-1 -60
-1 -60
-1 -60
-1 -60
-1 -60
-1 -60
-1 -60
-1 -60
-1 -60
-1 -60
-1 -60
-1 -60
-1 -60
-1 -60
-1 -60
-1 -60
3 -63
3 -63
3 -63
3 -63
3 -63
3 -63
3 -63
3 -63
3 -63
3 -63
3 -63
3 -63
3 -63
3 -63
3 -63
3 -63
3 -63
3 -63
3 -63
3 -63
3 -63
3 -63
3 -63
3 -63
3 -63
3 -63
3 -63
3 -63
3 -63
3 -63
3 -63
3 -63
3 -63
3 -63
3 -63
3 -63
3 -63
3 -63
3 -63
3 -63
3 -63
3 -63
3 -63
3 -63
3 -63
3 -63
3 -63
3 -63
3 -63
3 -63
3 -63
3 -63
3 -63
3 -63
3 -63
3 -63
3 -63
6 -59
6 -59
6 -59
6 -59
6 -59
6 -59
6 -59
6 -59
6 -59
6 -59
6 -59
6 -59
6 -59
6 -59
6 -59
6 -59
6 -59
6 -59
6 -59
6 -59
6 -59
6 -59
6 -59
6 -59
10 -63
10 -63
10 -63
10 -63
10 -63
10 -63
10 -63
10 -63
10 -63
10 -63
10 -63
10 -63
10 -63
10 -63
10 -63
10 -63
10 -63
10 -63
10 -63
10 -63
10 -63
10 -63
10 -63
10 -63
10 -63
10 -63
10 -63
10 -63
10 -63
10 -63
18 -59
18 -59
18 -59
18 -59
18 -59
18 -59
18 -59
18 -59
18 -59
18 -59
18 -59
18 -59
18 -59
18 -59
18 -59
18 -59
18 -59
18 -59
18 -59
18 -59
18 -59
18 -59
18 -59
18 -59
18 -59
18 -59
18 -59
18 -59
18 -59
18 -59
18 -59
18 -59
18 -59
18 -59
18 -59
18 -59
18 -59
18 -59
18 -59
18 -59
18 -59
18 -59
18 -59
18 -59
18 -59
18 -59
18 -59
18 -59
18 -59
18 -59
18 -59
18 -59
18 -59
18 -59
18 -59
18 -59
18 -59
18 -59
18 -59
18 -59
18 -59
18 -59
18 -59
18 -59
18 -59
18 -59
18 -59
15 -61
15 -61
15 -61
15 -61
15 -61
15 -61
15 -61
15 -61
15 -61
15 -61
15 -61
15 -61
15 -61
15 -61
15 -61
15 -61
15 -61
15 -61
15 -61
15 -61
15 -61
15 -61
15 -61
15 -61
15 -61
15 -61
15 -61
15 -61
15 -61
15 -61
15 -61
15 -61
15 -61
22 -59
22 -59
22 -59
22 -59
22 -59
22 -59
22 -59
22 -59
22 -59
22 -59
22 -59
22 -59
22 -59
22 -59
22 -59
22 -59
22 -59
22 -59
22 -59
22 -59
22 -59
22 -59
22 -59
22 -59
22 -59
22 -59
22 -59
22 -59
22 -59
22 -59
22 -59
22 -59
22 -59
22 -59
22 -59
22 -59
22 -59
22 -59
22 -59
22 -59
22 -59
22 -59
22 -59
24 -61
24 -61
24 -61
24 -61
24 -61
24 -61
24 -61
24 -61
24 -61
24 -61
24 -61
24 -61
24 -61
24 -61
24 -61
24 -61
24 -61
24 -61
24 -61
26 -55
26 -55
26 -55
26 -55
26 -55
26 -55
26 -55
26 -55
26 -55
26 -55
26 -55
26 -55
26 -55
26 -55
26 -55
26 -55
26 -55
33 -58
33 -58
33 -58
33 -58
33 -58
33 -58
33 -58
33 -58
33 -58
33 -58
33 -58
33 -58
33 -58
33 -58
33 -58
33 -58
33 -58
33 -58
33 -58
33 -58
33 -58
33 -58
33 -58
33 -58
33 -58
33 -58
33 -58
33 -58
38 -58
38 -58
38 -58
38 -58
38 -58
38 -58
38 -58
38 -58
38 -58
38 -58
38 -58
38 -58
38 -58
38 -58
38 -58
38 -58
38 -58
41 -53
41 -53
41 -53
41 -53
41 -53
41 -53
41 -53
41 -53
41 -53
41 -53
41 -53
41 -53
41 -53
41 -53
41 -53
41 -53
41 -53
41 -53
41 -53
41 -53
41 -53
41 -53
41 -53
41 -53
41 -53
41 -53
41 -53
41 -53
41 -53
41 -53
41 -53
41 -53
41 -53
41 -53
41 -53
41 -53
41 -53
41 -53
41 -53
41 -53
42 -49
42 -49
42 -49
42 -49
42 -49
42 -49
42 -49
42 -49
42 -49
42 -49
42 -49
42 -49
42 -49
42 -49
42 -49
42 -49
42 -49
42 -49
42 -49
42 -49
42 -49
40 -45
40 -45
40 -45
40 -45
40 -45
40 -45
40 -45
40 -45
40 -45
40 -45
40 -45
40 -45
40 -45
40 -45
40 -45
40 -45
40 -45
40 -45
40 -45
36 -47
36 -47
36 -47
36 -47
36 -47
36 -47
36 -47
36 -47
36 -47
36 -47
36 -47
36 -47
36 -47
36 -47
36 -47
36 -47
36 -47
36 -47
36 -47
36 -47
36 -47
36 -47
36 -47
36 -47
36 -47
36 -47
36 -47
36 -47
36 -47
36 -47
36 -47
36 -47
36 -47
36 -47
36 -47
36 -47
36 -47
36 -47
36 -47
36 -47
36 -47
36 -47
36 -47
36 -47
36 -47
36 -47
36 -47
42 -38
42 -38
42 -38
42 -38
42 -38
42 -38
42 -38
42 -38
42 -38
42 -38
42 -38
42 -38
42 -38
42 -38
42 -38
42 -38
42 -38
42 -38
42 -38
42 -38
42 -38
42 -38
42 -38
41 -40
41 -40
41 -40
41 -40
41 -40
41 -40
41 -40
41 -40
41 -40
41 -40
41 -40
41 -40
41 -40
41 -40
41 -40
41 -40
41 -40
41 -40
41 -40
41 -40
41 -40
41 -31
41 -31
41 -31
41 -31
41 -31
41 -31
41 -31
41 -31
41 -31
41 -31
41 -31
41 -31
41 -31
41 -31
41 -31
41 -31
41 -31
41 -31
41 -31
41 -31
41 -31
41 -31
41 -31
41 -31
41 -31
41 -31
41 -31
41 -31
41 -31
41 -31
41 -31
49 -28
49 -28
49 -28
49 -28
49 -28
49 -28
49 -28
49 -28
49 -28
49 -28
49 -28
49 -28
49 -28
49 -28
49 -28
49 -28
49 -28
49 -28
49 -28
49 -28
49 -28
49 -28
49 -28
51 -30
51 -30
51 -30
51 -30
51 -30
51 -30
51 -30
51 -30
51 -30
51 -30
51 -30
51 -30
51 -30
51 -30
51 -30
51 -30
51 -30
51 -30
51 -30
51 -30
51 -30
51 -30
51 -30
51 -30
51 -30
51 -30
51 -30
51 -30
51 -30
51 -30
51 -30
51 -30
51 -30
51 -30
51 -30
51 -30
51 -30
51 -30
51 -30
51 -30
49 -27
49 -27
49 -27
49 -27
49 -27
49 -27
49 -27
49 -27
49 -27
49 -27
49 -27
49 -27
49 -27
49 -27
49 -27
49 -27
49 -27
49 -27
49 -27
49 -27
49 -27
48 -26
48 -26
48 -26
48 -26
48 -26
48 -26
48 -26
48 -26
48 -26
48 -26
48 -26
48 -26
48 -26
48 -26
48 -26
48 -26
48 -26
48 -26
48 -26
48 -26
47 -16
47 -16
47 -16
47 -16
47 -16
47 -16
47 -16
47 -16
47 -16
47 -16
47 -16
47 -16
47 -16
47 -16
47 -16
47 -16
47 -16
47 -16
47 -16
47 -16
47 -16
47 -16
47 -16
47 -16
47 -16
47 -16
47 -16
47 -16
47 -16
47 -16
47 -16
47 -16
47 -16
47 -16
47 -16
47 -16
47 -16
47 -16
47 -16
44 -14
44 -14
44 -14
44 -14
44 -14
44 -14
44 -14
44 -14
44 -14
44 -14
44 -14
44 -14
44 -14
44 -14
44 -14
44 -14
44 -14
44 -14
44 -14
44 -14
44 -14
44 -14
44 -14
44 -14
44 -14
44 -14
44 -14
44 -14
44 -14
44 -14
44 -14
44 -14
44 -14
44 -14
44 -14
44 -14
44 -14
30 -6
30 -6
30 -6
30 -6
30 -6
30 -6
30 -6
30 -6
30 -6
30 -6
30 -6
30 -6
30 -6
30 -6
30 -6
30 -6
30 -6
30 -6
30 -6
30 -6
30 -6
30 -6
30 -6
30 -6
30 -6
30 -6
30 -6
30 -6
30 -6
30 -6
30 -6
30 -6
30 -6
30 -6
30 -6
30 -6
30 -6
30 -6
30 -6
30 -6
49 -12
49 -12
49 -12
49 -12
49 -12
49 -12
49 -12
49 -12
49 -12
49 -12
49 -12
49 -12
49 -12
49 -12
49 -12
49 -12
49 -12
49 -12
49 -12
49 -12
49 -12
49 -12
53 -7
53 -7
53 -7
53 -7
53 -7
53 -7
53 -7
53 -7
53 -7
53 -7
53 -7
53 -7
53 -7
53 -7
53 -7
53 -7
53 -7
53 -7
53 -7
53 -7
53 -7
53 -7
53 -7
53 -7
53 -7
53 -7
53 -7
53 -7
53 -7
53 -7
53 -7
53 -7
53 -7
53 -7
53 -7
53 -7
53 -7
53 -7
53 -7
53 -7
53 -7
53 -7
53 -7
53 -7
53 -7
53 -7
54 -9
54 -9
54 -9
54 -9
54 -9
54 -9
54 -9
54 -9
54 -9
54 -9
54 -9
54 -9
54 -9
54 -9
54 -9
54 -9
54 -9
54 -9
54 -9
54 -9
54 -9
54 -9
54 -9
54 -2
54 -2
54 -2
54 -2
54 -2
54 -2
54 -2
54 -2
54 -2
54 -2
54 -2
54 -2
54 -2
54 -2
54 -2
54 -2
54 -2
54 -2
54 -2
54 -2
54 -2
54 -2
54 -2
60 2
60 2
60 2
60 2
60 2
60 2
60 2
60 2
60 2
60 2
60 2
60 2
60 2
60 2
60 2
60 2
60 2
60 2
60 2
60 2
60 2
60 2
60 2
60 2
60 2
60 2
60 2
60 2
60 2
60 2
60 2
60 2
60 2
60 2
60 2
60 2
60 2
60 2
60 2
60 2
60 2
60 2
60 2
60 2
60 2
60 2
60 2
60 3
60 3
60 3
60 3
60 3
60 3
60 3
60 3
60 3
60 3
60 3
60 3
60 3
60 3
60 3
60 3
60 3
60 3
60 3
60 3
60 3
61 -1
61 -1
61 -1
61 -1
61 -1
61 -1
61 -1
61 -1
61 -1
61 -1
61 -1
61 -1
61 -1
61 -1
61 -1
61 -1
61 -1
61 -1
61 -1
61 -1
61 -1
61 -1
61 -1
61 -1
61 -1
61 -1
61 -1
61 -1
61 -1
61 -1
61 -1
61 -1
61 -1
61 -1
61 -1
61 -1
61 -1
61 -1
61 -1
61 -1
61 -1
61 -1
67 4
67 4
67 4
67 4
67 4
67 4
67 4
67 4
67 4
67 4
67 4
67 4
67 4
67 4
67 4
67 4
67 4
67 4
67 4
67 4
67 4
67 4
67 4
67 4
67 4
67 4
67 4
67 4
67 4
67 4
67 4
67 4
67 4
67 4
67 4
67 4
67 4
67 4
67 4
67 4
67 4
67 4
66 -1
66 -1
66 -1
66 -1
66 -1
66 -1
66 -1
66 -1
66 -1
66 -1
66 -1
66 -1
66 -1
66 -1
66 -1
66 -1
66 -1
66 -1
66 -1
66 -1
66 -1
64 0
64 0
64 0
64 0
64 0
64 0
64 0
64 0
64 0
64 0
64 0
64 0
64 0
64 0
64 0
64 0
64 0
64 0
64 0
64 0
64 0
65 9
65 9
65 9
65 9
65 9
65 9
65 9
65 9
65 9
65 9
65 9
65 9
65 9
65 9
65 9
65 9
65 9
65 9
65 9
65 9
63 6
63 6
63 6
63 6
63 6
63 6
63 6
63 6
63 6
63 6
63 6
63 6
63 6
63 6
63 6
63 6
63 6
63 6
63 6
63 6
63 6
63 6
63 6
63 6
63 6
63 6
63 6
63 6
63 6
63 6
63 6
63 6
63 6
63 6
63 6
63 6
63 6
63 6
63 6
63 6
63 6
63 6
63 6
63 6
63 6
59 15
59 15
59 15
59 15
59 15
59 15
59 15
59 15
59 15
59 15
59 15
59 15
59 15
59 15
59 15
58 14
58 14
58 14
58 14
58 14
58 14
58 14
58 14
58 14
58 14
58 14
58 14
58 14
58 14
58 14
58 14
58 14
58 14
58 14
58 14
58 14
55 17
55 17
55 17
55 17
55 17
55 17
55 17
55 17
55 17
55 17
55 17
55 17
55 17
55 17
55 17
55 17
55 17
55 17
55 17
55 17
55 17
55 17
55 17
55 17
55 17
55 17
55 17
55 17
55 17
55 17
55 17
55 17
55 17
55 17
55 17
55 17
55 17
55 17
55 17
55 17
55 17
55 17
55 17
55 17
55 17
55 17
55 17
55 17
55 17
55 17
55 17
55 17
55 17
55 17
55 17
55 17
55 17
55 17
55 17
55 17
55 17
55 17
54 18
54 18
54 18
54 18
54 18
54 18
54 18
54 18
54 18
54 18
54 18
54 18
54 18
54 18
54 18
54 18
54 18
54 18
54 18
54 18
54 18
54 18
54 18
54 18
54 18
54 18
54 18
54 18
54 18
54 18
54 18
54 18
54 18
54 18
54 18
54 18
54 18
54 18
54 18
54 18
54 18
54 18
54 18
54 18
54 18
54 18
54 18
54 18
54 18
54 18
54 18
54 18
54 18
54 18
54 18
54 18
54 18
54 18
54 18
54 18
54 18
48 15
48 15
48 15
48 15
48 15
48 15
48 15
48 15
48 15
48 15
48 15
48 15
48 15
48 15
48 15
48 15
48 15
48 15
48 15
48 15
48 15
48 15
48 15
48 15
48 15
48 15
44 25
44 25
44 25
44 25
44 25
44 25
44 25
44 25
44 25
44 25
44 25
44 25
44 25
44 25
44 25
44 25
44 25
44 25
44 25
44 25
44 25
44 25
44 25
44 25
44 25
44 25
38 32
38 32
38 32
38 32
38 32
38 32
38 32
38 32
38 32
38 32
38 32
38 32
38 32
38 32
38 32
38 32
38 32
38 32
38 32
38 32
38 32
38 32
38 32
38 32
38 32
38 32
38 32
38 32
38 32
38 32
38 32
38 32
38 32
38 32
38 32
38 32
38 32
38 32
38 32
38 32
38 32
38 32
38 32
38 32
38 32
38 32
38 32
38 32
38 32
38 32
38 32
38 32
38 32
38 32
38 32
38 32
38 32
38 32
40 33
40 33
40 33
40 33
40 33
40 33
40 33
40 33
40 33
40 33
40 33
40 33
40 33
40 33
40 33
40 33
40 33
40 33
40 33
40 33
40 33
40 33
40 33
40 33
40 33
40 33
40 33
39 31
39 31
39 31
39 31
39 31
39 31
39 31
39 31
39 31
39 31
39 31
39 31
39 31
39 31
39 31
39 31
39 31
39 31
39 31
39 31
39 31
39 31
39 31
39 31
39 31
39 31
39 31
38 35
38 35
38 35
38 35
38 35
38 35
38 35
38 35
38 35
38 35
38 35
38 35
38 35
38 35
38 35
38 35
38 35
38 35
38 35
38 35
38 35
38 35
38 35
38 35
38 35
38 35
38 35
38 35
38 35
38 35
38 35
38 35
38 35
38 35
38 35
38 35
38 35
38 35
38 35
38 35
38 35
38 35
38 35
38 35
38 35
38 35
38 35
38 35
38 35
38 35
38 35
38 35
38 35
38 35
38 35
34 39
34 39
34 39
34 39
34 39
34 39
34 39
34 39
34 39
34 39
34 39
34 39
34 39
34 39
34 39
34 39
34 39
34 39
34 39
34 39
34 39
34 39
34 39
34 39
37 34
37 34
37 34
37 34
37 34
37 34
37 34
37 34
37 34
37 34
37 34
37 34
37 34
37 34
37 34
37 34
37 34
37 34
37 34
37 34
37 34
37 34
37 34
37 34
37 34
37 34
37 34
37 34
37 34
37 34
37 34
37 34
37 34
37 34
37 34
37 34
37 34
37 34
37 34
37 34
37 34
37 34
37 34
37 34
37 34
37 34
37 34
37 34
37 34
37 34
37 34
37 34
37 34
37 34
37 34
37 34
37 34
37 34
37 34
37 34
39 39
39 39
39 39
39 39
39 39
39 39
39 39
39 39
39 39
39 39
39 39
39 39
39 39
39 39
39 39
39 39
39 39
39 39
39 39
39 39
39 39
39 39
39 39
39 39
39 39
41 42
41 42
41 42
41 42
41 42
41 42
41 42
41 42
41 42
41 42
41 42
41 42
41 42
41 42
41 42
41 42
41 42
34 38
34 38
34 38
34 38
34 38
34 38
34 38
34 38
34 38
34 38
34 38
34 38
34 38
34 38
34 38
34 38
34 38
34 38
34 38
34 38
34 38
34 38
34 38
34 38
34 38
34 38
34 38
34 38
34 38
34 38
34 38
34 38
34 38
34 38
34 38
34 38
34 38
34 38
34 38
34 38
34 38
34 38
34 38
34 38
34 38
34 38
34 38
34 38
34 38
34 38
34 38
34 38
34 38
34 38
34 38
23 40
23 40
23 40
23 40
23 40
23 40
23 40
23 40
23 40
23 40
23 40
23 40
23 40
23 40
23 40
23 40
23 40
23 40
23 40
23 40
23 40
23 40
23 40
23 40
22 46
22 46
22 46
22 46
22 46
22 46
22 46
22 46
22 46
22 46
22 46
22 46
22 46
22 46
22 46
22 46
22 46
22 46
22 46
22 46
22 46
22 46
22 46
22 46
22 46
22 46
22 46
22 46
22 46
22 46
22 46
22 46
22 46
22 46
22 46
22 46
22 46
22 46
22 46
22 46
22 46
22 46
22 46
22 46
22 46
22 46
22 46
22 46
22 46
22 50
22 50
22 50
22 50
22 50
22 50
22 50
22 50
22 50
22 50
22 50
22 50
22 50
22 50
22 50
22 50
22 50
22 50
22 50
22 50
22 50
22 50
22 50
22 50
22 50
22 50
13 48
13 48
13 48
13 48
13 48
13 48
13 48
13 48
13 48
13 48
13 48
13 48
13 48
13 48
13 48
13 48
13 48
13 48
13 48
13 48
13 48
13 48
13 48
13 48
8 44
8 44
8 44
8 44
8 44
8 44
8 44
8 44
8 44
8 44
8 44
8 44
8 44
8 44
8 44
8 44
8 44
8 44
8 44
8 44
8 44
8 44
8 44
8 44
8 44
8 44
8 44
8 44
8 44
8 44
8 44
8 44
8 44
8 44
8 44
8 44
8 44
8 44
8 44
8 44
8 44
8 44
8 44
8 44
8 44
8 44
8 44
8 44
8 44
8 44
8 44
8 44
8 44
8 44
8 44
8 44
8 44
8 44
8 44
8 44
8 44
8 44
8 44
8 44
8 44
12 47
12 47
12 47
12 47
12 47
12 47
12 47
12 47
12 47
12 47
12 47
12 47
12 47
12 47
12 47
12 47
12 47
12 47
12 47
12 47
12 47
12 47
12 47
12 47
12 47
12 47
12 47
12 47
12 47
12 47
12 47
18 44
18 44
18 44
18 44
18 44
18 44
18 44
18 44
18 44
18 44
18 44
18 44
18 44
18 44
18 44
18 44
18 44
18 44
18 44
18 44
18 44
18 44
18 44
18 44
18 44
18 44
18 44
18 44
18 44
18 44
18 44
18 44
18 44
18 44
18 44
18 44
18 44
18 44
18 44
18 44
18 44
18 44
18 44
18 44
18 44
18 44
18 44
18 44
18 44
18 44
18 44
18 44
18 44
18 44
18 44
18 44
18 44
18 44
18 44
18 44
18 44
18 44
18 44
18 44
18 44
18 44
17 44
17 44
17 44
17 44
17 44
17 44
17 44
17 44
17 44
17 44
17 44
17 44
17 44
17 44
17 44
17 44
17 44
17 44
17 44
17 44
17 44
17 44
17 44
17 44
17 44
17 44
17 44
17 44
17 44
17 44
17 44
17 44
17 44
17 44
17 44
17 44
17 44
17 44
17 44
17 44
17 44
17 44
17 44
17 44
17 44
17 44
17 44
17 44
17 44
17 44
17 44
17 44
17 44
17 44
17 44
17 44
17 44
17 44
17 44
17 44
17 44
17 44
11 48
12 48
12 48
12 48
12 48
12 48
12 48
12 48
12 48
12 48
12 48
12 48
12 48
12 48
12 48
12 48
12 48
12 48
12 48
12 48
12 48
12 48
12 48
12 48
12 48
12 48
12 48
12 48
12 48
12 48
12 48
12 48
12 48
12 48
12 48
12 48
12 48
12 48
12 48
12 48
12 48
12 48
12 48
12 48
12 48
12 48
12 48
12 48
12 48
12 48
12 48
12 48
12 48
12 48
12 48
12 48
12 48
9 48
9 48
9 48
9 48
9 48
9 48
9 48
9 48
9 48
9 48
9 48
9 48
9 48
9 48
9 48
9 48
9 48
9 48
9 48
9 48
9 48
9 48
9 48
9 48
9 48
9 48
9 48
9 48
7 57
7 57
7 57
7 57
7 57
7 57
7 57
7 57
7 57
7 57
7 57
7 57
7 57
7 57
7 57
7 57
7 57
7 57
7 57
7 57
7 57
7 57
7 57
7 57
7 57
7 57
7 57
7 57
7 57
7 57
-2 53
-2 53
-2 53
-2 53
-2 53
-2 53
-2 53
-2 53
-2 53
-2 53
-2 53
-2 53
-2 53
-2 53
-2 53
-2 53
-2 53
-2 53
-2 53
-2 53
-2 53
-2 53
-2 53
-2 53
-2 53
-2 53
-2 53
-2 53
-2 53
-2 53
-2 53
-2 53
-2 53
-2 53
-2 53
-2 53
-2 53
-2 53
-2 53
-2 53
-2 53
-2 53
-2 53
-2 53
-2 53
-2 53
-2 53
-2 53
-2 53
-2 53
-2 53
-2 53
-2 53
-2 53
-2 53
-2 53
-2 53
-2 53
-2 53
-2 53
-3 55
-3 55
-3 55
-3 55
-3 55
-3 55
-3 55
-3 55
-3 55
-3 55
-3 55
-3 55
-3 55
-3 55
-3 55
-3 55
-3 55
1 58
1 58
1 58
1 58
1 58
1 58
1 58
1 58
1 58
1 58
1 58
1 58
1 58
1 58
1 58
1 58
1 58
1 58
1 58
1 58
1 58
1 58
1 58
1 58
1 58
1 58
1 58
1 58
1 58
1 58
1 58
1 58
1 58
1 58
1 58
1 58
1 58
1 58
1 58
1 58
1 58
1 58
1 58
1 58
1 58
1 58
1 58
1 58
1 58
1 58
1 58
1 58
1 58
1 58
1 58
1 58
1 58
1 58
1 58
1 58
1 58
1 58
1 58
1 58
1 58
1 58
0 53
0 53
0 53
0 53
0 53
0 53
0 53
0 53
0 53
0 53
0 53
0 53
0 53
0 53
0 53
0 53
0 53
0 53
0 53
0 53
0 53
0 53
0 53
0 53
2 62
2 62
2 62
2 62
2 62
2 62
2 62
2 62
2 62
2 62
2 62
2 62
2 62
2 62
2 62
2 62
2 62
2 62
2 62
2 62
2 62
2 62
2 62
2 62
2 62
2 62
2 62
2 62
2 62
2 62
2 62
2 62
2 62
2 62
2 62
2 62
2 62
2 62
2 62
2 62
-2 59
-2 59
-2 59
-2 59
-2 59
-2 59
-2 59
-2 59
-2 59
-2 59
-2 59
-2 59
-2 59
-2 59
-2 59
-2 59
-2 59
-2 59
-2 59
-4 59
-4 59
-4 59
-4 59
-4 59
-4 59
-4 59
-4 59
-4 59
-4 59
-4 59
-4 59
-4 59
-4 59
-4 59
-4 59
0 63
0 63
0 63
0 63
0 63
0 63
0 63
0 63
0 63
0 63
0 63
0 63
0 63
0 63
0 63
0 63
0 63
0 63
0 63
0 63
0 63
0 63
0 63
0 63
0 63
0 63
0 63
0 63
0 63
0 63
0 63
0 63
0 63
0 63
0 63
0 63
0 63
0 63
0 63
0 63
0 63
0 63
0 63
0 63
0 63
0 63
0 63
0 63
0 63
0 63
0 63
0 63
0 63
0 63
0 63
0 63
0 63
0 63
0 63
0 63
0 63
0 63
0 63
0 63
0 63
0 63
0 63
0 63
0 63
-5 57
-7 65
-7 65
-7 65
-7 65
-7 65
-7 65
-7 65
-7 65
-7 65
-7 65
-7 65
-7 65
-7 65
-7 65
-7 65
-7 65
-7 65
-6 67
-6 67
-6 67
-6 67
-6 67
-6 67
-6 67
-6 67
-6 67
-6 67
-6 67
-6 67
-6 67
-6 67
-6 67
-6 67
-6 67
-6 67
-6 67
-6 67
-6 67
-6 67
-6 67
-6 67
-6 67
-6 67
-6 67
-6 67
-6 67
-6 67
-6 67
-6 67
-6 67
-6 67
-6 67
-6 67
-6 67
-6 67
-6 67
-6 67
-6 67
-6 67
-6 67
-6 67
-6 67
-6 67
-6 67
-6 67
-6 67
-13 68
-13 68
-13 68
-13 68
-13 68
-13 68
-13 68
-13 68
-13 68
-13 68
-13 68
-13 68
-13 68
-13 68
-13 68
-13 68
-13 68
-13 68
-13 68
-13 68
-13 68
-13 68
-13 68
-16 70
-16 70
-16 70
-16 70
-16 70
-16 70
-16 70
-16 70
-16 70
-16 70
-16 70
-16 70
-16 70
-16 70
-16 70
-16 70
-16 70
-16 70
-16 70
-16 70
-16 70
-16 70
-16 70
-16 70
-16 70
-16 70
-16 70
-16 70
-16 70
-16 70
-16 70
-16 70
-16 70
-16 70
-16 70
-16 70
-16 70
-16 70
-16 70
-16 70
-16 70
-16 70
-16 70
-16 70
-16 70
-16 70
-16 70
-16 70
-16 70
-16 70
-16 70
-16 70
-19 74
-19 74
-19 74
-19 74
-19 74
-19 74
-19 74
-19 74
-19 74
-19 74
-19 74
-19 74
-19 74
-19 74
-19 74
-19 74
-19 74
-19 74
-19 74
-19 74
-19 74
-19 74
-21 64
-21 64
-21 64
-21 64
-21 64
-21 64
-21 64
-21 64
-21 64
-21 64
-21 64
-21 64
-21 64
-21 64
-21 64
-21 64
-21 64
-21 64
-21 64
-21 64
-21 64
-21 64
-21 64
-16 55
-16 55
-16 55
-16 55
-16 55
-16 55
-16 55
-16 55
-16 55
-16 55
-16 55
-16 55
-16 55
-16 55
-16 55
-16 55
-16 55
-16 55
-16 55
-16 55
-16 55
-16 55
-16 55
-16 55
-16 55
-16 55
-16 55
-16 55
-16 55
-16 55
-16 55
-16 55
-16 55
-16 55
-16 55
-16 55
-16 55
-16 55
-16 55
-16 55
-22 60
-22 60
-22 60
-22 60
-22 60
-22 60
-22 60
-22 60
-22 60
-22 60
-22 60
-22 60
-22 60
-22 60
-22 60
-22 60
-22 60
-22 60
-22 60
-22 60
-22 60
-22 60
-22 60
-25 51
-25 51
-25 51
-25 51
-25 51
-25 51
-25 51
-25 51
-25 51
-25 51
-25 51
-25 51
-25 51
-25 51
-25 51
-25 51
-25 51
-25 51
-25 51
-25 51
-25 51
-25 51
-25 51
-25 51
-25 51
-25 51
-25 51
-25 51
-25 51
-25 51
-25 51
-25 51
-25 51
-25 51
-25 51
-25 51
-25 51
-25 51
-25 51
-25 51
-25 51
-25 51
-25 51
-25 51
-25 51
-25 51
-13 46
-13 46
-13 46
-13 46
-13 46
-13 46
-13 46
-13 46
-13 46
-13 46
-13 46
-13 46
-13 46
-13 46
-13 46
-13 46
-13 46
-13 46
-13 46
-13 46
-13 42
-13 42
-13 42
-13 42
-13 42
-13 42
-13 42
-13 42
-13 42
-13 42
-13 42
-13 42
-13 42
-13 42
-13 42
-13 42
-13 42
-7 29
-7 29
-7 29
-7 29
-7 29
-7 29
-7 29
-7 29
-7 29
-7 29
-7 29
-7 29
-7 29
-7 29
-7 29
-7 29
-7 29
-7 29
-7 29
-7 29
-7 29
-7 29
-7 29
-7 29
-7 29
-7 29
-7 29
-7 29
-7 29
-7 29
-7 29
-7 29
-7 29
-7 29
-7 29
-3 25
-3 25
-3 25
-3 25
-3 25
-3 25
-3 25
-3 25
-3 25
-3 25
-3 25
-3 25
-3 25
-3 25
-3 25
-3 25
-3 25
-3 25
-3 25
-3 25
-3 25
-3 25
-3 25
-3 25
-3 25
-3 25
-3 25
-3 25
-3 25
-3 25
-3 25
-3 25
-3 25
-3 25
-3 25
-3 25
-3 25
-3 25
-3 25
-3 25
-3 25
-3 25
-3 25
-3 25
-3 25
1 5
1 5
1 5
1 5
1 5
1 5
1 5
1 5
1 5
1 5
1 5
1 5
1 5
1 5
1 5
1 5
1 5
1 5
1 5
1 5
1 5
1 5
1 5
1 5
1 5
1 5
1 5
1 5
1 5
1 5
1 5
1 5
1 5
1 5
1 5
1 5
1 5
1 5
1 5
1 5
1 5
1 5
1 5
1 5
-1 3
-1 3
-1 3
-1 3
-1 3
-1 3
-1 3
-1 3
-1 3
-1 3
-1 3
-1 3
-1 3
-1 3
-1 3
-1 3
-1 3
-1 3
-1 3
0 2
0 2
0 2
0 2
0 2
0 2
0 2
0 2
0 2
0 2
0 2
0 2
0 2
0 2
0 2
0 2
0 2
0 2
0 2
0 2
0 2
0 2
0 2
0 2
0 2
0 2
0 2
0 2
0 2
0 2
0 2
0 2
0 2
0 2
0 2
0 2
0 2
0 2
0 2
0 2
0 2
0 2
0 2
0 2
0 2
-1 2
-1 2
-1 2
-1 2
-1 2
-1 2
-1 2
-1 2
-1 2
-1 2
-1 2
-1 2
-1 2
-1 2
-1 2
-1 2
-1 2
0 1
0 1
0 1
0 1
0 1
0 1
0 1
0 1
0 1
0 1
0 1
0 1
0 1
0 1
0 1
0 1
0 1
0 1
0 1
0 1
0 1
0 1
0 1
0 1
0 1
0 1
0 1
0 1
0 1
0 1
0 1
0 1
0 1
0 1
0 1
0 1
0 1
0 1
0 1
0 1
0 1
0 1
0 1
0 1
0 1
0 1
0 1
0 1
0 1
0 1
0 1
0 1
0 1
0 1
0 1
0 1
0 1
0 1
0 1
0 1
0 1
0 1
0 1
0 1
0 1
0 1
0 1
0 1
0 1
0 1
0 1
0 1
0 1
0 1
0 1
0 1
0 1
0 1
0 1
0 1
0 1
0 1
0 1
0 1
0 1
0 1
0 1
0 1
0 1
0 1
0 1
0 1
0 3
0 3
0 3
0 3
0 3
0 3
0 3
0 3
0 3
0 3
0 3
0 3
0 3
0 3
0 3
0 3
0 3
0 3
0 3
0 3
0 3
0 3
0 3
0 3
0 3
0 3
0 3
0 3
0 3
0 3
0 3
0 3
0 3
0 3
0 3
0 3
0 2
0 2
0 2
0 2
0 2
0 2
0 2
0 2
0 2
0 2
0 2
0 2
0 2
0 2
0 2
0 2
0 2
0 2
0 2
0 2
0 2
0 2
0 2
0 2
0 2
0 2
0 2
0 2
0 2
0 2
0 2
0 2
0 2
0 2
0 2
0 2
0 2
0 2
0 2
0 2
0 2
0 2
0 2
0 2
0 2
0 2
0 2
0 2
0 2
0 2
0 2
0 2
0 2
0 2
0 2
0 2
0 2
0 2
0 2
0 2
0 2
0 2
0 2
0 2
0 2
0 2
0 2
0 2
0 2
0 2
0 2
0 1
0 1
0 1
0 1
0 1
0 1
0 1
0 1
0 1
0 1
0 1
0 1
0 1
0 1
0 1
0 1
0 1
0 1
0 1
0 1
0 1
0 1
0 1
0 1
0 1
0 1
0 1
0 1
0 1
0 1
0 1
0 1
0 1
0 1
0 1
0 1
0 1
0 1
0 1
0 1
0 1
0 1
0 1
0 1
0 1
0 1
0 1
0 1
0 1
0 1
0 1
0 1
0 1
0 1
0 1
0 1
0 1
0 1
0 1
0 1
0 1
0 1
0 1
0 1
0 1
0 1
0 1
0 1
0 1
0 1
0 1
0 1
0 1
0 1
0 1
0 1
0 1
0 1
0 1
0 1
0 1
0 1
0 1
0 1
0 1
0 1
0 1
0 1
0 1
0 1
0 1
0 1
0 1
0 1
0 1
0 1
0 1
0 1
0 1
0 1
0 1
0 1
0 1
0 1
0 1
0 1
0 1
0 1
0 1
0 1
0 1
0 1
0 1
0 1
0 1
0 1
0 1
0 1
0 1
0 1
0 1
0 1
0 1
0 1
0 1
0 1
0 1
0 1
0 1
0 1
0 1
0 1
0 1
0 1
0 1
0 1
0 1
0 1
0 1
0 1
0 1
0 1
0 1
0 1
0 1
0 1
0 1
0 1
0 1
0 1
0 1
0 1
0 1
0 1
0 1
0 1
0 1
0 1
0 1
0 1
0 1
0 1
0 1
0 1
0 1
0 1
0 1
0 1
0 1
0 1
0 1
0 1
0 1
0 1
0 1
0 1
0 1
0 1
0 1
0 1
0 1
0 1
0 1
0 1
0 1
0 1
0 1
0 1
0 1
0 1
0 1
0 1
0 1
0 1
0 1
0 1
0 1
0 1
0 1
0 1
0 1
0 1
0 1
0 1
0 1
0 1
0 1
0 1
0 1
0 1
0 1
0 1
0 1
0 1
0 1
0 1
0 1
0 1
0 1
0 1
0 1
0 1
0 1
0 1
0 1
0 1
0 1
0 1
0 1
0 1
0 1
0 1
0 1
0 1
0 1
0 1
0 1
0 1
0 1
0 1
0 1
0 1
0 1
0 1
0 1
0 1
0 1
0 1
0 1
0 1
0 1
0 1
0 1
0 1
0 1
0 1
0 1
0 1
0 1
0 1
0 1
0 1
0 1
0 1
0 1
0 1
0 1
0 1
0 1
0 1
0 1
0 1
0 1
0 1
0 1
0 1
0 1
0 1
0 1
0 1
0 1
0 1
0 1
0 1
0 1
0 1
0 1
0 1
0 1
0 1
0 1
0 1
0 1
0 1
0 1
0 1
0 1
0 1
0 1
0 1
0 1
0 1
0 1
0 1
0 1
0 1
0 1
0 1
0 1
0 1
0 1
0 1
0 1
0 1
0 1
0 1
0 1
0 1
0 1
0 1
0 1
0 1
0 1
0 1
0 1
0 1
0 1
0 1
0 1
0 1
0 1
0 1
0 1
0 1
0 1
0 1
0 1
0 1
0 1
0 1
0 1
0 1
0 1
0 1
0 1
0 1
0 1
0 1
0 1
0 1
0 1
0 1
0 1
0 1
0 1
0 1
0 1
0 1
0 1
0 1
0 1
0 1
0 1
0 1
0 1
0 1
0 1
0 1
0 1
0 1
0 1
0 1
0 1
0 1
0 1
0 1
0 1
0 1
0 1
0 1
0 1
0 1
0 1
0 1
0 1
0 1
0 1
0 1
0 1
0 1
0 1
0 1
0 1
0 1
0 1
0 1
0 1
0 1
0 1
0 1
0 1
0 1
0 1
0 1
0 1
0 1
0 1
0 1
0 1
0 1
0 1
0 1
0 1
0 1
0 1
0 1
0 1
0 1
0 1
0 1
0 1
0 1
0 1
0 1
0 1
0 1
0 1
0 1
0 1
0 1
0 1
0 1
0 1
0 1
0 1
0 1
0 1
0 1
0 1
0 1
0 1
0 1
0 1
0 1
0 1
0 1
0 1
0 1
0 1
0 1
0 1
0 1
0 1
0 1
0 1
0 1
0 1
0 1
0 1
0 1
0 1
0 1
0 1
0 1
0 1
0 1
0 1
0 1
0 1
0 1
0 1
0 1
0 1
0 1
0 1
0 1
0 1
0 1
0 1
0 1
0 1
0 1
0 1
0 1
0 1
0 1
0 1
0 1
0 1
0 1
0 1
0 1
0 1
0 1
0 1
0 1
0 1
0 1
0 1
0 1
0 1
0 1
0 1
0 1
0 1
0 1
0 1
0 1
0 1
0 1
0 1
0 1
0 1
0 1
0 1
0 1
0 1
0 1
0 1
0 1
0 1
0 1
0 1
0 1
0 1
0 1
0 1
0 1
0 1
0 1
0 1
0 1
0 1
0 1
0 1
0 1
0 1
0 1
0 1
0 1
0 1
0 1
0 1
0 1
0 1
0 1
0 1
0 1
0 1
0 1
0 1
0 1
0 1
0 1
0 1
0 1
0 1
0 1
0 1
0 1
0 1
0 1
0 1
0 1
0 1
0 1
0 1
0 1
0 1
0 1
0 1
0 1
0 1
0 1
0 1
0 1
0 1
0 1
0 1
0 1
0 1
0 1
0 1
0 1
0 1
0 1
0 1
0 1
0 1
0 1
0 1
0 1
0 1
0 1
0 1
0 1
0 1
0 1
0 1
0 1
0 1
0 1
0 1
0 1
0 1
0 1
0 1
0 1
0 1
0 1
0 1
0 1
0 1
0 1
0 1
0 1
0 1
0 1
0 1
0 1
0 1
0 1
0 1
0 1
0 1
0 1
0 1
0 1
0 1
0 1
0 1
0 1
0 1
0 1
0 1
0 1
0 1
0 1
0 1
0 1
0 1
0 1
0 1
0 1
0 1
0 1
0 1
0 1
0 1
0 1
0 1
0 1
0 1
0 1
0 1
0 1
0 1
0 1
0 1
0 1
0 1
0 1
0 1
0 1
0 1
0 1
0 1
0 1
0 1
0 1
0 1
0 1
0 1
0 1
0 1
0 1
0 1
0 1
0 1
0 1
0 1
0 1
0 1
0 1
0 1
0 1
0 1
0 1
0 1
0 1
0 1
0 1
0 1
0 1
0 1
0 1
0 1
0 1
0 1
0 1
0 1
0 1
0 1
0 1
0 1
0 1
0 1
0 1
0 1
0 1
0 1
0 1
0 1
0 1
0 1
0 1
0 1
0 1
0 1
0 1
0 1
0 1
0 1
0 1
0 1
0 1
0 1
0 1
0 1
0 1
0 1
0 1
0 1
0 1
0 1
0 1
0 1
0 1
0 1
0 1
0 1
0 1
0 1
0 1
0 1
0 1
0 1
0 1
0 1
0 1
0 1
0 1
0 1
0 1
0 1
0 1
0 1
0 1
0 1
0 1
0 1
0 1
0 1
0 1
0 1
0 1
0 1
0 1
0 1
0 1
0 1
0 1
0 1
0 1
0 1
0 1
0 1
0 1
0 1
0 1
0 1
0 1
0 1
0 1
0 1
0 1
0 1
0 1
0 1
0 1
0 1
0 1
0 1
0 1
0 1
0 1
0 1
0 1
0 1
0 1
0 1
0 1
0 1
0 1
0 1
0 1
0 1
0 1
0 1
0 1
0 1
0 1
0 1
0 1
0 1
0 1
0 1
0 1
0 1
0 1
0 1
0 1
0 1
0 1
0 1
0 1
0 1
0 1
0 1
0 1
0 1
0 1
0 1
0 1
0 1
0 1
0 1
0 1
0 1
0 1
0 1
0 1
0 1
0 1
0 1
0 1
0 1
0 1
0 1
0 1
0 1
0 1
0 1
0 1
0 1
0 1
0 1
0 1
0 1
0 1
0 1
0 1
0 1
0 1
0 1
0 1
0 1
0 1
0 1
0 1
0 1
0 1
0 1
0 1
0 1
0 1
0 1
0 1
0 1
0 1
0 1
0 1
0 1
0 1
0 1
0 1
0 1
0 1
0 1
0 1
0 1
0 1
0 1
0 1
0 1
0 1
0 1
0 1
0 1
0 1
0 1
0 1
0 1
0 1
0 1
0 1
0 1
0 1
0 1
0 1
0 1
0 1
0 1
0 1
0 1
0 1
0 1
0 1
0 1
0 1
0 1
0 1
0 1
0 1
0 1
0 1
0 1
0 1
0 1
0 1
0 1
0 1
0 1
0 1
0 1
0 1
0 1
0 1
0 1
0 1
0 1
0 1
0 1
0 1
0 1
0 1
0 1
0 1
0 1
0 1
0 1
0 1
0 1
0 1
0 1
0 1
0 1
0 1
0 1
0 1
0 1
0 1
0 1
0 1
0 1
0 1
0 1
0 1
0 1
0 1
0 1
0 1
0 1
0 1
0 1
0 1
0 1
0 1
0 1
0 1
0 1
0 1
0 1
0 1
0 1
0 1
0 1
0 1
0 1
0 1
0 1
0 1
0 1
0 1
0 1
0 1
0 1
0 1
0 1
0 1
0 1
0 1
0 1
0 1
0 1
0 1
0 1
0 1
0 1
0 1
0 1
0 1
0 1
0 1
0 1
0 1
0 1
0 1
0 1
0 1
0 1
0 1
0 1
0 1
0 1
0 1
0 1
0 1
0 1
0 1
0 1
0 1
0 1
0 1
0 1
0 1
0 1
0 1
0 1
0 1
0 1
0 1
0 1
0 1
0 1
0 1
0 1
0 1
0 1
0 1
0 1
0 1
0 1
0 1
0 1
0 1
0 1
0 1
0 1
0 1
0 1
0 1
0 1
0 1
0 1
0 1
0 1
0 1
0 1
0 1
0 1
0 1
0 1
0 1
0 1
0 1
0 1
0 1
0 1
0 1
0 1
0 1
0 1
0 1
0 1
0 1
0 1
0 1
0 1
0 1
0 1
0 1
0 1
0 1
0 1
0 1
0 1
0 1
0 1
0 1
0 1
0 1
0 1
0 1
0 1
0 1
0 1
0 1
0 1
0 1
0 1
0 1
0 1
0 1
0 1
0 1
0 1
0 1
0 1
0 1
0 1
0 1
0 1
0 1
0 1
0 1
0 1
0 1
0 1
0 1
0 1
0 1
0 1
0 1
0 1
0 1
0 1
0 1
0 1
0 1
0 1
0 1
0 1
0 1
0 1
0 1
0 1
0 1
0 1
0 1
0 1
0 1
0 1
0 1
0 1
0 1
0 1
0 1
0 1
0 1
0 1
0 1
0 1
0 1
0 1
0 1
0 1
0 1
0 1
0 1
0 1
0 1
0 1
0 1
0 1
0 1
0 1
0 1
0 1
0 1
0 1
0 1
0 1
0 1
0 1
0 1
0 1
0 1
0 1
0 1
0 1
0 1
0 1
0 1
0 1
0 1
0 1
0 1
0 1
0 1
0 1
0 1
0 1
0 1
0 1
0 1
0 1
0 1
0 1
0 1
0 1
0 1
0 1
0 1
0 1
0 1
0 1
0 1
0 1
0 1
0 1
0 1
0 1
0 1
0 1
0 1
0 1
0 1
0 1
0 1
0 1
0 1
0 1
0 1
0 1
0 1
0 1
0 1
0 1
0 1
0 1
0 1
0 1
0 1
0 1
0 1
0 1
0 1
0 1
0 1
0 1
0 1
0 1
0 1
0 1
0 1
0 1
0 1
0 1
0 1
0 1
0 1
0 1
0 1
0 1
0 1
0 1
0 1
0 1
0 1
0 1
0 1
0 1
0 1
0 1
0 1
0 1
0 1
0 1
0 1
0 1
0 1
0 1
0 1
0 1
0 1
0 1
0 1
0 1
0 1
0 1
0 1
0 1
0 1
0 1
0 1
0 1
0 1
0 1
0 1
0 1
0 1
0 1
0 1
0 1
0 1
0 1
0 1
0 1
0 1
0 1
0 1
0 1
0 1
0 1
0 1
0 1
0 1
0 1
0 1
0 1
0 1
0 1
0 1
0 1
0 1
0 1
0 1
0 1
0 1
0 1
0 1
0 1
0 1
0 1
0 1
0 1
0 1
0 1
0 1
0 1
0 1
0 1
0 1
0 1
0 1
0 1
0 1
0 1
0 1
0 1
0 1
0 1
0 1
0 1
0 1
0 1
0 1
0 1
0 1
0 1
0 1
0 1
0 1
0 1
0 1
0 1
0 1
0 1
0 1
0 1
0 1
0 1
0 1
0 1
0 1
0 1
0 1
0 1
0 1
0 1
0 1
0 1
0 1
0 1
0 1
0 1
0 1
0 1
0 1
0 1
0 1
0 1
0 1
0 1
0 1
0 1
0 1
0 1
0 1
0 1
0 1
0 1
0 1
0 1
0 1
0 1
0 1
0 1
0 1
0 1
0 1
0 1
0 1
0 1
0 1
0 1
0 1
0 1
0 1
0 1
0 1
0 1
0 1
0 1
0 1
0 1
0 1
0 1
0 1
0 1
0 1
0 1
0 1
0 1
0 1
0 1
0 1
0 1
0 1
0 1
0 1
0 1
0 1
0 1
0 1
0 1
0 1
0 1
0 1
0 1
0 1
0 1
0 1
0 1
0 1
0 1
0 1
0 1
0 1
0 1
0 1
0 1
0 1
0 1
0 1
0 1
0 1
0 1
0 1
0 1
0 1
0 1
0 1
0 1
0 1
0 1
0 1
0 1
0 1
0 1
0 1
0 1
0 1
0 1
0 1
0 1
0 1
0 1
0 1
0 1
0 1
0 1
0 1
0 1
0 1
0 1
0 1
0 1
0 1
0 1
0 1
0 1
0 1
0 1
0 1
0 1
0 1
0 1
0 1
0 1
0 1
0 1
0 1
0 1
0 1
0 1
0 1
0 1
0 1
0 1
0 1
0 1
0 1
0 1
0 1
0 1
0 1
0 1
0 1
0 1
0 1
0 1
0 1
0 1
0 1
0 1
0 1
0 1
0 1
0 1
0 1
0 1
0 1
0 1
0 1
0 1
0 1
0 1
0 1
0 1
0 1
0 1
0 1
0 1
0 1
0 1
0 1
0 1
0 1
0 1
0 1
0 1
0 1
0 1
0 1
0 1
0 1
0 1
0 1
0 1
0 1
0 1
0 1
0 1
0 1
0 1
0 1
0 1
0 1
0 1
0 1
0 1
0 1
0 1
0 1
0 1
0 1
0 1
0 1
0 1
0 1
0 1
0 1
0 1
0 1
0 1
0 1
0 1
0 1
0 1
0 1
0 1
0 1
0 1
0 1
0 1
0 1
0 1
0 1
0 1
0 1
0 1
0 1
0 1
0 1
0 1
0 1
0 1
0 1
0 1
0 1
0 1
0 1
0 1
0 1
0 1
0 1
0 1
0 1
0 1
0 1
0 1
0 1
0 1
0 1
0 1
0 1
0 1
0 1
0 1
0 1
0 1
0 1
0 1
0 1
0 1
0 1
0 1
0 1
0 1
0 1
0 1
0 1
0 1
0 1
0 1
0 1
0 1
0 1
0 1
0 1
0 1
0 1
0 1
0 1
0 1
0 1
0 1
0 1
0 1
0 1
0 1
0 1
0 1
0 1
0 1
0 1
0 1
0 1
0 1
0 1
0 1
0 1
0 1
0 1
0 1
0 1
0 1
0 1
0 1
0 1
0 1
0 1
0 1
0 1
0 1
0 1
0 1
0 1
0 1
0 1
0 1
0 1
0 1
0 1
0 1
0 1
0 1
0 1
0 1
0 1
0 1
0 1
0 1
0 1
0 1
0 1
0 1
0 1
0 1
0 1
0 1
0 1
0 1
0 1
0 1
0 1
0 1
0 1
0 1
0 1
0 1
0 1
0 1
0 1
0 1
0 1
0 1
0 1
0 1
0 1
0 1
0 1
0 1
0 1
0 1
0 1
0 1
0 1
0 1
0 1
0 1
0 1
0 1
0 1
0 1
0 1
0 1
0 1
0 1
0 1
0 1
0 1
0 1
0 1
0 1
0 1
0 1
0 1
0 1
0 1
0 1
0 1
0 1
0 1
0 1
0 1
0 1
0 1
0 1
0 1
0 1
0 1
0 1
0 1
0 1
0 1
0 1
0 1
0 1
0 1
0 1
0 1
0 1
0 1
0 1
0 1
0 1
0 1
0 1
0 1
0 1
0 1
0 1
0 1
0 1
0 1
0 1
0 1
0 1
0 1
0 1
0 1
0 1
0 1
0 1
0 1
0 1
0 1
0 1
0 1
0 1
0 1
0 1
0 1
0 1
0 1
0 1
0 1
0 1
0 1
0 1
0 1
0 1
0 1
0 1
0 1
0 1
0 1
0 1
0 1
0 1
0 1
0 1
0 1
0 1
0 1
0 1
0 1
0 1
0 1
0 1
0 1
0 1
0 1
0 1
0 1
0 1
0 1
0 1
0 1
0 1
0 1
0 1
0 1
0 1
0 1
0 1
0 1
0 1
0 1
0 1
0 1
0 1
0 1
0 1
0 1
0 1
0 1
0 1
0 1
0 1
0 1
0 1
0 1
0 1
0 1
0 1
0 1
0 1
0 1
0 1
0 1
0 1
0 1
0 1
0 1
0 1
0 1
0 1
0 1
0 1
0 1
0 1
0 1
0 1
0 1
0 1
0 1
0 1
0 1
0 1
0 1
0 1
0 1
0 1
0 1
0 1
0 1
0 1
0 1
0 1
