15 -38
12 -34
20 -35
18 -33
22 -25
23 -27
23 -27
23 -27
23 -27
23 -27
23 -27
23 -27
23 -27
23 -27
23 -27
23 -27
12 -16
12 -15
16 -11
19 -13
19 -13
16 -10
16 -10
22 -9
22 -9
22 -9
22 -9
22 -9
22 -9
22 -9
22 -9
22 -9
22 -9
22 -9
22 -9
22 -9
22 -9
22 -9
22 -9
22 -9
22 -9
22 -9
22 -9
22 -9
22 -9
22 -9
22 -9
22 -9
18 -8
18 -8
18 -8
18 -8
18 -8
18 -8
18 -8
18 -8
18 -8
18 -8
18 -8
18 -8
18 -8
18 -8
18 -8
18 -8
18 -8
18 -8
18 -8
18 -8
18 -8
18 -8
18 -8
18 -8
18 -8
18 -8
18 -8
18 -8
18 -8
18 -8
18 -8
18 -8
18 -8
26 -4
26 -4
26 -4
26 -4
26 -4
26 -4
26 -4
26 -4
26 -4
26 -4
26 -4
26 -4
26 -4
26 -4
26 -4
26 -4
26 -4
26 -4
26 -4
26 -4
26 -4
26 -4
26 -4
26 -4
26 -4
26 -4
26 -4
26 -4
21 -4
21 -4
21 -4
21 -4
21 -4
21 -4
21 -4
21 -4
21 -4
21 -4
21 -4
21 -4
21 -4
21 -4
21 -4
21 -4
21 -4
21 -4
21 -4
21 -4
21 -4
21 -4
21 -4
21 -4
21 -4
21 -4
21 -4
21 -4
21 -4
21 -4
21 -4
21 -4
21 -4
21 -4
21 -4
21 -4
21 -4
21 -4
21 -4
21 -4
21 -4
21 -4
21 -4
21 -4
21 -4
21 -4
21 -4
21 -4
21 -4
21 -4
21 -4
21 -4
21 -4
21 -4
21 -4
21 -4
21 -4
21 -4
21 -4
21 -4
21 -4
21 -4
21 -4
22 -6
22 -6
22 -6
22 -6
22 -6
22 -6
22 -6
22 -6
22 -6
22 -6
22 -6
22 -6
22 -6
22 -6
22 -6
22 -6
22 -6
22 -6
22 -6
22 -6
22 -6
22 -6
22 -6
22 -6
22 -6
22 -6
22 -6
22 -6
22 -6
23 -9
23 -9
23 -9
23 -9
23 -9
23 -9
23 -9
23 -9
23 -9
23 -9
23 -9
23 -9
23 -9
23 -9
23 -9
23 -9
23 -9
23 -9
23 -9
23 -9
23 -9
23 -9
23 -9
23 -9
23 -9
23 -9
23 -9
23 -9
23 -9
23 -9
23 -9
23 -9
23 -9
23 -9
23 -9
23 -9
23 -9
23 -9
23 -9
23 -9
23 -9
23 -9
23 -9
23 -9
23 -9
23 -9
23 -9
23 -9
23 -9
23 -9
23 -9
23 -9
23 -9
23 -9
23 -9
23 -9
23 -9
23 -9
23 -9
23 -9
23 -9
23 -9
23 -9
23 -9
23 -9
23 -9
23 -9
23 -9
23 -9
23 -9
23 -9
23 -9
28 -7
28 -7
28 -7
28 -7
28 -7
28 -7
28 -7
28 -7
28 -7
28 -7
28 -7
28 -7
28 -7
28 -7
28 -7
28 -7
28 -7
28 -7
28 -7
28 -7
28 -7
28 -7
28 -7
28 -7
28 -7
28 -7
28 -7
28 -7
28 -7
28 -7
28 -7
28 -7
28 -7
28 -7
28 -7
28 -7
28 -7
28 -7
28 -7
28 -7
28 -7
28 -7
28 -7
28 -7
28 -7
28 -7
28 -7
28 -7
28 -7
28 -7
28 -7
28 -7
28 -7
28 -7
28 -7
28 -7
28 -7
28 -7
28 -7
28 -7
28 -7
28 -7
28 -7
28 -7
28 -7
28 -7
28 -7
28 -7
27 -9
27 -9
27 -9
27 -9
27 -9
27 -9
27 -9
27 -9
27 -9
27 -9
27 -9
27 -9
27 -9
27 -9
27 -9
27 -9
27 -9
27 -9
27 -9
27 -9
27 -9
27 -9
27 -9
27 -9
27 -9
26 -5
26 -5
26 -5
26 -5
26 -5
26 -5
26 -5
26 -5
26 -5
26 -5
26 -5
26 -5
26 -5
26 -5
26 -5
26 -5
26 -5
26 -5
26 -5
26 -5
26 -5
26 -5
26 -5
26 -5
26 -5
29 -10
29 -10
29 -10
29 -10
29 -10
29 -10
29 -10
29 -10
29 -10
29 -10
29 -10
29 -10
29 -10
29 -10
29 -10
29 -10
29 -10
29 -10
29 -10
29 -10
29 -10
29 -10
29 -10
29 -10
29 -10
29 -10
29 -10
29 -10
29 -10
29 -10
34 -10
34 -10
34 -10
34 -10
34 -10
34 -10
34 -10
34 -10
34 -10
34 -10
34 -10
34 -10
34 -10
34 -10
34 -10
34 -10
34 -10
34 -10
34 -10
34 -10
34 -10
34 -10
34 -10
34 -10
34 -10
34 -10
34 -10
34 -10
34 -10
34 -10
34 -10
34 -10
34 -10
34 -10
34 -10
34 -10
34 -10
34 -10
34 -10
34 -10
34 -10
34 -10
34 -10
34 -10
34 -10
34 -10
34 -10
34 -10
34 -10
34 -10
34 -10
34 -10
34 -10
34 -10
34 -10
34 -10
34 -10
34 -10
34 -10
34 -10
34 -10
34 -10
34 -10
34 -10
34 -10
34 -10
29 -6
29 -6
29 -6
29 -6
29 -6
29 -6
29 -6
29 -6
29 -6
29 -6
29 -6
29 -6
29 -6
29 -6
29 -6
29 -6
29 -6
29 -6
29 -6
29 -6
29 -6
29 -6
29 -6
29 -6
29 -6
29 -6
29 -6
29 -6
29 -6
29 -6
29 -6
29 -6
29 -6
20 -4
20 -4
20 -4
20 -4
20 -4
20 -4
20 -4
20 -4
20 -4
20 -4
20 -4
20 -4
20 -4
20 -4
20 -4
20 -4
20 -4
20 -4
20 -4
20 -4
20 -4
20 -4
20 -4
20 -4
20 -4
20 -4
20 -4
23 -7
23 -7
23 -7
23 -7
23 -7
23 -7
23 -7
23 -7
23 -7
23 -7
23 -7
23 -7
23 -7
23 -7
23 -7
23 -7
23 -7
23 -7
23 -7
23 -7
23 -7
23 -7
23 -7
23 -7
23 -7
23 -7
23 -7
23 -7
23 -7
23 -7
23 -7
23 -7
23 -7
23 -7
23 -7
23 -7
23 -7
23 -7
23 -7
23 -7
23 -7
23 -7
23 -7
23 -7
23 -7
23 -7
23 -7
23 -7
23 -7
23 -7
23 -7
23 -7
23 -7
32 -5
32 -5
32 -5
32 -5
32 -5
32 -5
32 -5
32 -5
32 -5
32 -5
32 -5
32 -5
32 -5
32 -5
32 -5
32 -5
32 -5
32 -5
32 -5
32 -5
32 -5
37 -8
37 -8
37 -8
37 -8
37 -8
37 -8
37 -8
37 -8
37 -8
37 -8
37 -8
37 -8
37 -8
37 -8
37 -8
37 -8
37 -8
37 -8
37 -8
37 -8
37 -8
37 -8
37 -8
37 -8
37 -8
37 -8
37 -8
37 -8
37 -8
37 -8
37 -8
37 -8
37 -8
37 -8
37 -8
37 -8
37 -8
37 -8
37 -8
37 -8
37 -8
37 -8
37 -8
37 -8
37 -8
37 -8
37 -8
37 -8
37 -8
37 -8
37 -8
37 -8
37 -8
37 -8
37 -8
37 -8
37 -8
37 -8
37 -8
37 -8
37 -8
29 -7
29 -7
29 -7
29 -7
29 -7
29 -7
29 -7
29 -7
29 -7
29 -7
29 -7
29 -7
29 -7
29 -7
29 -7
29 -7
29 -7
29 -7
29 -7
29 -7
29 -7
29 -7
29 -7
29 -7
29 -7
29 -7
32 -6
32 -6
32 -6
32 -6
32 -6
32 -6
32 -6
32 -6
32 -6
32 -6
32 -6
32 -6
32 -6
32 -6
32 -6
32 -6
32 -6
32 -6
32 -6
32 -6
32 -6
32 -6
32 -6
32 -6
32 -6
32 -6
32 -6
32 -6
32 -6
34 -3
34 -3
34 -3
34 -3
34 -3
34 -3
34 -3
34 -3
34 -3
34 -3
34 -3
34 -3
34 -3
34 -3
34 -3
34 -3
34 -3
34 -3
34 -3
34 -3
34 -3
34 -3
34 -3
34 -3
34 -3
34 -3
34 -3
34 -3
34 -3
34 -3
34 -3
34 -3
34 -3
34 -3
34 -3
34 -3
34 -3
34 -3
34 -3
34 -3
34 -3
34 -3
34 -3
34 -3
34 -3
34 -3
34 -3
34 -3
34 -3
34 -3
34 -3
34 -3
34 -3
34 -3
34 -3
34 -3
34 -3
34 -3
34 -3
34 -3
34 -3
34 -3
34 -3
34 -3
34 -3
34 -3
34 -3
34 -3
34 -3
34 -3
34 -3
34 -3
34 -3
34 -3
34 -3
34 -3
34 -3
35 -1
35 -8
35 -8
35 -8
35 -8
35 -8
35 -8
35 -8
35 -8
35 -8
35 -8
35 -8
35 -8
35 -8
35 -8
35 -8
35 -8
35 -8
35 -8
35 -8
35 -8
35 -8
35 -8
35 -8
35 -8
35 -8
35 -8
35 -8
35 -8
35 -8
35 -8
35 -8
35 -8
35 -8
35 -8
35 -8
35 -8
35 -8
35 -8
35 -8
35 -8
35 -8
35 -8
35 -8
35 -8
35 -8
35 -8
35 -8
35 -8
35 -8
35 -8
35 -8
35 -8
35 -8
26 -5
26 -5
26 -5
26 -5
26 -5
26 -5
26 -5
26 -5
26 -5
26 -5
26 -5
26 -5
26 -5
26 -5
26 -5
26 -5
26 -5
26 -5
26 -5
26 -5
26 -5
26 -5
26 -5
26 -5
26 -5
26 -5
26 -5
26 -5
26 -5
26 -5
30 -4
30 -4
30 -4
30 -4
30 -4
30 -4
30 -4
30 -4
30 -4
30 -4
30 -4
30 -4
30 -4
30 -4
30 -4
30 -4
30 -4
30 -4
30 -4
30 -4
30 -4
30 -4
30 -4
30 -4
30 -4
30 -4
30 -4
30 -4
33 -1
33 -1
33 -1
33 -1
33 -1
33 -1
33 -1
33 -1
33 -1
33 -1
33 -1
33 -1
33 -1
33 -1
33 -1
33 -1
33 -1
33 -1
33 -1
33 -1
33 -1
33 -1
33 -1
33 -1
33 -1
33 -1
33 -1
33 -1
33 -1
33 -1
33 -1
33 -1
33 -1
33 -1
33 -1
33 -1
33 -1
33 -1
33 -1
33 -1
33 -1
33 -1
33 -1
33 -1
33 -1
33 -1
33 -1
33 -1
33 -1
33 -1
33 -1
33 -1
33 -1
33 -1
33 -1
33 -1
33 -1
33 -1
33 -1
33 -1
33 -1
33 -1
33 -1
33 -1
33 -1
33 -1
26 -2
26 -2
26 -2
26 -2
26 -2
26 -2
26 -2
26 -2
26 -2
26 -2
26 -2
26 -2
26 -2
26 -2
26 -2
26 -2
26 -2
26 -2
26 -2
26 -2
26 -2
26 -2
26 -2
26 -2
26 -2
26 -2
26 -2
26 -2
26 -2
26 -2
26 -2
26 -2
33 1
33 1
33 1
33 1
33 1
33 1
33 1
33 1
33 1
33 1
33 1
33 1
33 1
33 1
33 1
33 1
33 1
33 1
33 1
33 1
33 1
33 1
33 1
33 1
33 1
33 1
33 1
33 1
33 1
33 1
33 1
33 1
34 -4
34 -4
34 -4
34 -4
34 -4
34 -4
34 -4
34 -4
34 -4
34 -4
34 -4
34 -4
34 -4
34 -4
34 -4
34 -4
34 -4
34 -4
34 -4
34 -4
34 -4
34 -4
34 -4
34 -4
34 -4
34 -4
34 -4
34 -4
34 -4
34 -4
34 -4
34 -4
34 -4
34 -4
34 -4
34 -4
34 -4
34 -4
34 -4
34 -4
34 -4
34 -4
34 -4
34 -4
34 -4
34 -4
34 -4
34 -4
34 -4
34 -4
34 -4
34 -4
34 -4
34 -4
34 -4
34 -4
34 -4
34 -4
34 -4
34 -4
34 -4
34 -4
34 -4
34 -4
34 -4
34 -4
34 -4
34 -4
31 -1
31 -1
31 -1
31 -1
31 -1
31 -1
31 -1
31 -1
31 -1
31 -1
31 -1
31 -1
31 -1
31 -1
31 -1
31 -1
31 -1
31 -1
31 -1
31 -1
35 -3
35 -3
35 -3
35 -3
35 -3
35 -3
35 -3
35 -3
35 -3
35 -3
35 -3
35 -3
35 -3
35 -3
35 -3
35 -3
35 -3
35 -3
35 -3
35 -3
35 -3
35 -3
35 -3
35 -3
35 -3
35 -3
35 -3
35 -3
35 -3
35 -3
35 -3
35 -3
35 -3
35 -3
35 -3
35 -3
35 -3
35 -3
35 -3
35 -3
35 -3
35 -3
35 -3
35 -3
35 -3
35 -3
35 -3
35 -3
35 -3
35 -3
35 -3
35 -3
35 -3
35 -3
35 -3
35 -3
35 -3
35 -3
35 -3
35 -3
35 -3
35 -3
35 -3
35 -3
35 -3
35 -3
35 -3
35 -3
34 -1
34 -1
34 -1
34 -1
34 -1
34 -1
34 -1
34 -1
34 -1
34 -1
34 -1
34 -1
34 -1
34 -1
34 -1
34 -1
34 -1
34 -1
34 -1
34 -1
34 -1
34 -1
34 -1
34 -1
34 -1
34 -1
34 -1
34 -1
34 -1
34 -1
34 -1
37 -2
37 -2
37 -2
37 -2
37 -2
37 -2
37 -2
37 -2
37 -2
37 -2
37 -2
37 -2
37 -2
37 -2
37 -2
37 -2
37 -2
37 -2
37 -2
37 -2
37 -2
37 -2
37 -2
37 -2
37 -2
37 -2
37 -2
37 -2
37 -2
37 -2
36 0
36 0
36 0
36 0
36 0
36 0
36 0
36 0
36 0
36 0
36 0
36 0
36 0
36 0
36 0
36 0
36 0
36 0
36 0
36 0
36 0
36 0
36 0
36 0
36 0
36 0
36 0
36 0
36 0
36 0
36 0
36 0
36 0
36 0
36 0
36 0
36 0
36 0
36 0
36 0
36 0
36 0
36 0
36 0
36 0
36 0
36 0
36 0
36 0
36 0
36 0
36 0
36 0
36 0
36 0
36 0
36 0
36 0
36 1
36 1
36 1
36 1
36 1
36 1
36 1
36 1
36 1
36 1
36 1
36 1
36 1
36 1
36 1
36 1
36 1
36 1
36 1
36 1
36 1
36 1
36 1
36 1
36 1
36 1
36 1
36 1
36 1
36 1
36 2
36 2
36 2
36 2
36 2
36 2
36 2
36 2
36 2
36 2
36 2
36 2
36 2
36 2
36 2
36 2
36 2
36 2
36 2
36 2
36 2
36 2
36 2
36 2
36 2
36 2
36 2
36 2
36 2
36 2
36 2
36 2
36 2
36 2
36 2
36 2
36 2
36 2
36 2
36 2
36 2
36 2
36 2
36 2
36 2
36 2
36 2
36 2
36 2
36 2
36 2
36 2
36 2
36 2
36 2
36 2
36 2
36 2
36 2
36 2
36 2
36 2
36 2
36 2
36 2
36 2
36 2
32 1
32 1
32 1
32 1
32 1
32 1
32 1
32 1
32 1
32 1
32 1
32 1
32 1
32 1
32 1
32 1
32 1
32 1
32 1
32 1
32 1
32 1
32 1
32 1
32 1
32 1
32 1
32 1
32 1
32 1
32 1
32 1
32 1
32 1
32 1
32 1
32 1
32 1
32 1
32 1
32 1
32 1
32 1
32 1
32 1
32 1
32 1
32 1
32 1
32 1
32 1
32 1
32 1
32 1
32 1
34 -2
34 -2
31 1
31 1
31 1
31 1
31 1
31 1
31 1
31 1
31 1
31 1
31 1
31 1
31 1
31 1
31 1
31 1
31 1
31 1
31 1
31 1
31 1
31 1
31 1
31 1
31 1
31 1
31 1
31 1
31 1
31 1
31 1
31 1
31 1
31 1
31 1
31 1
31 1
31 1
31 1
31 1
33 -1
33 -1
33 -1
33 -1
33 -1
33 -1
33 -1
33 -1
33 -1
33 -1
33 -1
33 -1
33 -1
33 -1
33 -1
33 -1
33 -1
33 -1
33 -1
33 -1
33 -1
33 -1
33 -1
33 -1
33 -1
33 -1
33 -1
29 0
29 0
29 0
29 0
29 0
29 0
29 0
29 0
29 0
29 0
29 0
29 0
29 0
29 0
29 0
29 0
29 0
29 0
29 0
29 0
29 0
29 0
29 0
29 0
29 0
29 0
29 0
29 0
24 -5
24 -5
24 -5
24 -5
24 -5
24 -5
24 -5
24 -5
24 -5
24 -5
24 -5
24 -5
24 -5
24 -5
24 -5
24 -5
24 -5
24 -5
24 -5
24 -5
24 -5
24 -5
24 -5
24 -5
24 -5
24 -5
24 -5
24 -5
24 -5
24 -5
24 -5
24 -5
24 -5
24 -5
24 -5
24 -5
24 -5
24 -5
24 -5
24 -5
24 -5
24 -5
24 -5
24 -5
24 -5
24 -5
24 -5
24 -5
24 -5
24 -5
24 -5
24 -5
24 -5
24 -5
24 -5
24 -5
24 -5
24 -5
24 -1
24 -1
24 -1
24 -1
24 -1
24 -1
24 -1
24 -1
24 -1
24 -1
24 -1
24 -1
24 -1
24 -1
24 -1
24 -1
22 -2
22 -2
22 -2
22 -2
22 -2
22 -2
22 -2
22 -2
22 -2
22 -2
22 -2
22 -2
22 -2
22 -2
22 -2
22 -2
22 -2
22 -2
22 -2
22 -2
22 -2
22 -2
22 -2
22 -2
22 -2
22 -2
22 -2
22 -2
22 -2
22 -2
22 -2
22 -2
22 -2
22 -2
22 -2
22 -2
22 -2
22 -2
22 -2
22 -2
22 -2
22 -2
22 -2
22 -2
22 -2
22 -2
22 -2
22 -2
22 -2
22 -2
22 -2
22 -2
22 -2
22 -2
22 -2
23 1
23 1
23 1
23 1
23 1
23 1
23 1
23 1
23 1
23 1
23 1
23 1
23 1
23 1
23 1
23 1
23 1
23 1
23 1
23 1
23 1
23 1
23 1
23 1
23 1
23 1
23 1
23 1
23 1
23 1
23 1
23 1
19 0
19 0
19 0
19 0
19 0
19 0
19 0
19 0
19 0
19 0
19 0
19 0
19 0
19 0
19 0
19 0
19 0
19 0
19 0
19 0
19 0
19 0
19 0
19 0
19 0
19 0
19 0
19 0
19 0
19 0
11 -2
11 -2
11 -2
11 -2
11 -2
11 -2
11 -2
11 -2
11 -2
11 -2
11 -2
11 -2
11 -2
11 -2
11 -2
11 -2
11 -2
11 -2
11 -2
11 -2
11 -2
11 -2
11 -2
11 -2
11 -2
11 -2
11 -2
11 -2
11 -2
11 -2
11 -2
11 -2
11 -2
11 -2
11 -2
11 -2
11 -2
11 -2
11 -2
11 -2
11 -2
11 -2
11 -2
11 -2
11 -2
11 -2
11 -2
11 -2
11 -2
11 -2
11 -2
11 -2
11 -2
11 -2
20 3
20 3
20 3
20 3
20 3
20 3
20 3
20 3
20 3
20 3
20 3
20 3
20 3
20 3
20 3
20 3
20 3
20 3
20 3
20 3
20 3
20 3
20 3
20 3
20 3
20 3
20 3
20 3
20 3
20 3
20 3
20 3
20 3
20 3
20 3
20 3
20 3
20 3
20 3
20 3
20 3
20 3
20 3
20 3
20 3
20 3
20 3
20 3
20 3
20 3
20 3
20 3
20 3
20 3
20 3
20 3
20 3
20 3
20 3
20 3
20 3
20 3
20 3
20 3
20 3
20 3
20 3
20 3
20 3
20 3
20 3
20 3
20 3
20 3
20 3
20 3
20 3
20 3
17 3
17 3
17 3
17 3
17 3
17 3
17 3
17 3
17 3
17 3
17 3
17 3
17 3
17 3
17 3
17 3
17 3
17 3
17 3
17 3
17 3
23 4
23 4
23 4
23 4
23 4
23 4
23 4
23 4
23 4
23 4
23 4
23 4
23 4
23 4
23 4
23 4
23 4
23 4
23 4
23 4
23 4
23 4
23 4
23 4
17 4
17 4
17 4
17 4
17 4
17 4
17 4
17 4
17 4
17 4
17 4
17 4
17 4
17 4
17 4
17 4
17 4
17 4
17 4
17 4
17 4
17 4
17 4
17 4
17 4
17 4
17 4
17 4
17 4
17 4
17 4
17 4
17 4
17 4
17 4
17 4
17 4
17 4
17 4
17 4
17 4
17 4
17 4
17 4
17 4
17 4
17 4
17 4
17 4
17 4
17 4
17 4
17 4
17 4
17 4
17 4
17 4
19 4
19 4
19 4
19 4
19 4
19 4
19 4
19 4
19 4
19 4
19 4
19 4
19 4
19 4
19 4
19 4
19 4
19 4
19 4
19 4
19 4
19 4
19 4
19 4
19 4
19 4
19 4
19 4
19 4
19 4
19 4
19 4
19 4
19 4
19 4
19 4
19 4
19 4
19 4
19 4
19 4
19 4
19 4
19 4
19 4
19 4
19 4
19 4
19 4
19 4
19 4
19 4
19 4
19 4
17 3
17 3
17 3
17 3
17 3
17 3
17 3
17 3
17 3
17 3
17 3
17 3
17 3
17 3
17 3
17 3
17 3
17 3
17 3
17 3
17 3
17 3
17 3
17 3
17 3
17 3
17 3
17 3
17 3
15 2
15 2
15 2
15 2
15 2
15 2
15 2
15 2
15 2
15 2
15 2
15 2
15 2
15 2
15 2
15 2
15 2
15 2
15 2
15 2
15 2
15 2
15 2
15 2
18 8
18 8
18 8
18 8
18 8
18 8
18 8
18 8
18 8
18 8
18 8
18 8
18 8
18 8
18 8
18 8
18 8
18 8
18 8
18 8
18 8
18 8
18 8
23 4
23 4
23 4
23 4
23 4
23 4
23 4
23 4
23 4
23 4
23 4
23 4
23 4
23 4
23 4
23 4
23 4
23 4
23 4
23 4
23 4
23 4
23 4
23 4
23 4
23 4
23 4
23 4
23 4
23 4
23 4
23 4
23 4
23 4
23 4
23 4
23 4
23 4
23 4
23 4
23 4
23 4
23 4
23 4
23 4
23 4
23 4
23 4
23 4
23 4
23 4
23 4
23 4
23 4
23 4
23 4
23 4
25 2
25 2
25 2
25 2
25 2
25 2
25 2
25 2
25 2
25 2
25 2
25 2
25 2
25 2
25 2
25 2
25 2
25 2
25 2
25 2
25 2
25 2
21 5
21 5
21 5
21 5
21 5
21 5
21 5
21 5
21 5
21 5
21 5
21 5
21 5
21 5
21 5
21 5
21 5
21 5
21 5
21 5
21 5
21 5
21 5
21 5
21 5
21 5
21 5
21 5
21 5
21 5
21 5
21 5
21 5
21 5
21 5
21 5
21 5
21 5
21 5
21 5
21 5
21 5
21 5
21 5
21 5
21 5
21 5
21 5
21 5
21 5
21 5
21 5
21 5
21 5
21 5
23 8
23 8
23 8
23 8
23 8
23 8
23 8
23 8
23 8
23 8
23 8
23 8
23 8
23 8
23 8
23 8
23 8
23 8
23 8
23 8
23 8
23 8
23 8
23 8
23 8
23 8
23 8
23 8
23 8
23 8
23 8
23 8
23 8
23 8
23 8
23 8
23 8
23 8
23 8
23 8
23 8
23 8
23 8
23 8
23 8
23 8
23 8
23 8
23 8
23 8
23 8
23 8
23 8
23 8
23 8
23 8
23 8
23 8
23 8
23 8
24 8
24 8
24 8
24 8
24 8
24 8
24 8
24 8
24 8
24 8
24 8
24 8
24 8
24 8
24 8
24 8
24 8
24 8
24 8
24 8
24 8
24 8
24 8
24 8
24 8
24 8
24 8
24 8
24 8
24 8
24 8
24 8
24 8
24 8
24 8
24 8
24 8
24 8
24 8
24 8
24 8
24 8
24 8
24 8
24 8
24 8
24 8
24 8
24 8
24 8
24 8
24 8
24 8
24 8
24 8
24 8
24 8
24 8
16 10
16 10
16 10
16 10
16 10
16 10
16 10
16 10
16 10
16 10
16 10
16 10
16 10
16 10
16 10
16 10
16 10
16 10
16 10
16 10
16 10
16 10
16 10
16 10
16 10
16 10
16 10
24 11
24 11
24 11
24 11
24 11
24 11
24 11
24 11
24 11
24 11
24 11
24 11
24 11
24 11
24 11
24 11
24 11
24 11
24 11
24 11
24 11
24 11
24 11
24 11
24 11
21 10
21 10
21 10
21 10
21 10
21 10
21 10
21 10
21 10
21 10
21 10
21 10
21 10
21 10
21 10
21 10
21 10
21 10
21 10
21 10
21 10
21 10
21 10
21 10
21 10
21 10
21 10
21 10
21 10
21 10
21 10
21 10
21 10
21 10
21 10
21 10
21 10
21 10
21 10
21 10
21 10
21 10
21 10
21 10
21 10
21 10
21 10
21 10
21 10
21 10
21 10
21 10
21 10
21 10
21 10
21 10
21 10
21 10
21 10
21 10
21 10
21 10
21 10
21 10
21 10
21 10
21 10
21 10
21 10
21 10
21 10
21 10
21 10
21 10
21 10
21 10
21 10
21 10
21 10
21 15
21 15
29 7
29 7
29 7
29 7
29 7
29 7
29 7
29 7
29 7
29 7
29 7
29 7
29 7
29 7
29 7
29 7
29 7
29 7
29 7
29 7
29 7
29 7
29 7
29 7
29 7
29 7
29 7
29 7
29 7
29 7
29 7
29 7
29 7
29 7
29 7
23 14
23 14
23 14
23 14
23 14
23 14
23 14
23 14
23 14
23 14
23 14
23 14
23 14
23 14
23 14
23 14
23 14
23 14
23 14
23 14
23 18
23 18
23 18
23 18
23 18
23 18
23 18
23 18
23 18
23 18
23 18
23 18
23 18
23 18
23 18
23 18
23 18
23 12
23 12
23 12
23 12
23 12
23 12
23 12
23 12
23 12
23 12
23 12
23 12
23 12
23 12
23 12
23 12
23 12
23 12
23 12
23 12
23 12
23 12
23 12
23 12
23 12
23 12
23 12
23 12
23 12
23 12
23 12
23 12
23 12
23 12
23 12
23 12
23 12
23 12
23 12
23 12
23 12
23 12
19 14
19 14
19 14
19 14
19 14
19 14
19 14
19 14
19 14
19 14
19 14
19 14
19 14
19 14
26 13
26 13
26 13
26 13
26 13
26 13
26 13
26 13
26 13
26 13
26 13
26 13
26 13
26 13
26 13
26 13
26 13
26 13
26 13
26 13
26 13
26 13
26 13
26 13
26 13
26 13
26 13
26 13
26 13
26 13
26 13
26 13
26 13
26 13
26 13
26 13
26 13
26 13
26 13
26 13
26 13
26 13
26 13
26 13
26 13
25 10
25 10
25 10
25 10
25 10
25 10
25 10
25 10
25 10
25 10
25 10
25 10
25 10
25 10
25 10
25 10
25 10
25 10
25 10
25 10
25 10
25 10
25 10
20 18
20 18
20 18
20 18
20 18
20 18
20 18
20 18
20 18
20 18
20 18
20 18
20 18
20 18
20 18
20 18
20 18
20 18
20 18
22 16
22 16
22 16
22 16
22 16
22 16
22 16
22 16
22 16
22 16
22 16
22 16
22 16
22 16
22 16
22 16
22 16
22 16
22 16
22 16
22 16
22 16
22 16
22 16
22 16
22 16
22 16
22 16
22 16
22 16
22 16
22 16
22 16
22 16
22 16
22 16
22 16
22 16
22 16
22 16
22 16
22 16
23 18
23 18
23 18
23 18
23 18
23 18
23 18
23 18
23 18
23 18
23 18
23 18
23 18
23 18
23 18
23 18
23 18
23 18
23 18
23 18
23 18
23 18
23 18
23 18
16 16
16 16
16 16
16 16
16 16
16 16
16 16
16 16
16 16
16 16
16 16
16 16
16 16
16 16
16 16
16 16
16 16
16 16
23 16
23 16
23 16
23 16
23 16
23 16
23 16
23 16
23 16
23 16
23 16
23 16
23 16
23 16
23 16
23 16
23 16
23 16
23 16
23 16
23 16
23 16
23 16
23 16
23 16
23 16
23 16
23 16
23 16
23 16
23 16
23 16
23 16
23 16
23 16
23 16
23 16
23 16
23 16
23 16
23 16
23 16
15 13
15 13
15 13
15 13
15 13
15 13
15 13
15 13
15 13
15 13
15 13
15 13
15 13
15 13
15 13
15 13
15 13
15 13
15 13
15 13
13 20
13 20
13 20
13 20
13 20
13 20
13 20
13 20
13 20
13 20
13 20
13 20
13 20
13 20
13 20
13 20
13 20
13 20
13 20
13 20
13 20
13 20
13 20
13 20
13 20
13 20
13 20
13 20
13 20
13 20
13 20
13 20
13 20
13 20
13 20
13 20
13 20
13 20
13 20
13 20
13 20
13 20
18 20
18 20
18 20
18 20
18 20
18 20
18 20
18 20
18 20
18 20
18 20
18 20
18 20
18 20
18 20
18 20
18 20
18 20
18 20
18 20
18 20
18 20
18 20
18 20
18 20
18 20
18 20
18 20
18 20
18 20
18 20
18 20
18 20
18 20
18 20
18 20
18 20
18 20
18 20
18 20
18 20
18 20
18 20
18 20
18 20
11 22
11 22
11 22
11 22
11 22
11 22
11 22
11 22
11 22
11 22
11 22
11 22
11 22
11 22
11 22
11 22
11 22
11 22
11 22
12 27
12 27
12 27
12 27
12 27
12 27
12 27
12 27
12 27
12 27
12 27
12 27
12 27
12 27
12 27
14 25
14 25
14 25
14 25
14 25
14 25
14 25
14 25
14 25
14 25
14 25
14 25
14 25
14 25
14 25
14 25
14 25
14 25
14 25
14 25
14 25
14 25
14 25
14 25
14 25
14 25
14 25
14 25
14 25
14 25
14 25
14 25
14 25
14 25
14 25
14 25
14 25
14 25
14 25
14 25
14 25
14 25
14 25
14 25
12 23
12 23
12 23
12 23
12 23
12 23
12 23
12 23
12 23
12 23
12 23
12 23
12 23
12 23
12 23
12 23
12 23
12 23
17 24
17 24
17 24
17 24
17 24
17 24
17 24
17 24
17 24
17 24
17 24
17 24
17 24
17 24
17 24
17 24
17 24
17 24
17 24
17 24
17 24
17 24
17 24
17 24
17 24
12 25
12 25
12 25
12 25
12 25
12 25
12 25
12 25
12 25
12 25
12 25
12 25
12 25
12 25
12 25
12 25
12 25
12 25
12 25
12 25
12 25
12 25
12 25
12 25
12 25
12 25
12 25
12 25
12 25
12 25
11 25
11 25
11 25
11 25
11 25
11 25
11 25
11 25
11 25
11 25
11 25
11 25
11 25
11 25
9 26
9 26
9 26
9 26
9 26
9 26
9 26
9 26
9 26
9 26
9 26
9 26
9 26
9 26
9 26
13 28
13 28
13 28
13 28
13 28
13 28
13 28
13 28
13 28
13 28
13 28
13 28
13 28
13 28
13 28
13 28
13 28
13 28
13 28
13 28
13 28
13 28
13 28
13 28
13 28
13 28
13 28
13 28
13 28
13 28
13 28
13 28
13 28
13 28
13 28
13 28
8 36
8 36
8 36
8 36
8 36
8 36
8 36
8 36
8 36
8 36
8 36
8 36
8 36
8 36
8 36
8 36
8 36
8 36
8 36
4 32
4 32
4 32
4 32
4 32
4 32
4 32
4 32
4 32
4 32
4 32
4 32
4 32
4 32
4 32
4 32
4 32
4 32
4 32
4 32
4 32
4 32
4 32
4 32
4 32
4 32
4 32
4 32
4 32
4 32
4 32
4 32
4 32
4 32
4 32
4 32
4 32
4 32
4 32
4 32
4 32
4 32
4 32
4 32
4 32
4 32
4 32
4 32
4 32
4 32
4 32
4 32
4 32
4 32
4 32
4 32
4 32
4 32
7 33
10 42
10 42
10 42
10 42
10 42
10 42
10 42
10 42
10 42
10 42
10 42
10 42
10 42
8 33
8 33
8 33
8 33
8 33
8 33
8 33
8 33
8 33
8 33
8 33
8 33
8 33
8 33
8 33
8 33
8 33
8 33
8 33
8 33
8 33
8 33
8 33
8 33
8 33
8 33
8 33
8 33
8 33
8 33
8 33
8 33
4 39
4 39
4 39
4 39
4 39
4 39
4 39
4 39
4 39
4 39
4 39
4 39
4 39
4 39
4 39
4 39
4 39
8 43
8 43
8 43
8 43
8 43
8 43
8 43
8 43
8 43
8 43
8 43
8 43
8 43
8 43
8 43
8 43
8 43
8 43
8 43
8 43
8 43
8 43
8 43
8 43
8 43
8 43
8 43
8 43
8 43
8 43
8 43
8 43
8 43
8 43
8 43
8 43
8 43
8 43
8 43
8 43
10 40
10 40
10 40
10 40
10 40
10 40
10 40
10 40
10 40
10 40
10 40
8 39
8 39
8 39
8 39
8 39
8 39
8 39
8 39
8 39
8 39
8 39
8 39
8 39
6 46
6 46
6 46
6 46
6 46
6 46
6 46
6 46
6 46
6 46
6 46
6 46
6 46
6 46
6 46
6 46
6 46
6 46
6 46
6 46
6 46
6 46
6 46
6 46
6 46
6 46
6 46
6 46
6 46
6 46
6 46
6 46
6 46
6 46
6 46
6 46
6 46
6 46
6 46
6 46
7 46
7 46
7 46
7 46
7 46
7 46
7 46
7 46
7 46
7 46
7 46
7 46
7 46
7 46
7 46
7 46
7 46
7 46
9 42
9 42
9 42
9 42
9 42
9 42
9 42
9 42
9 42
9 42
9 42
9 42
9 42
9 42
9 42
9 42
9 42
9 42
9 42
9 42
9 42
9 42
9 42
9 42
9 42
9 42
9 42
9 42
9 42
9 42
9 42
9 42
9 42
9 42
9 42
9 42
9 42
9 42
9 42
9 42
9 42
9 42
1 45
1 45
1 45
1 45
1 45
1 45
1 45
1 45
1 45
1 45
1 45
1 45
1 45
1 45
1 45
1 45
1 45
1 45
1 45
1 45
6 45
6 45
6 45
6 45
6 45
6 45
6 45
6 45
6 45
6 45
6 45
6 45
6 45
6 45
6 45
6 45
6 45
6 45
6 45
6 45
6 45
6 45
6 45
1 43
1 43
1 43
1 43
1 43
1 43
1 43
1 43
1 43
1 43
1 43
1 43
1 43
1 43
1 43
1 43
1 43
1 43
1 43
1 43
1 43
1 43
1 43
1 43
1 43
1 43
1 43
1 43
1 43
1 43
1 43
1 43
1 43
1 43
1 43
1 43
1 43
1 43
1 43
1 43
1 43
1 43
1 43
1 43
1 43
1 43
1 43
1 43
-1 45
-1 45
-1 45
-1 45
-1 45
-1 45
-1 45
-1 45
-1 45
-1 45
-1 45
-1 45
-1 45
-1 45
-1 45
-1 45
-1 45
-1 45
-1 45
-1 45
-1 45
-1 45
-1 45
-1 45
-1 45
-1 45
-1 45
-1 45
-1 45
2 42
2 42
2 42
2 42
2 42
2 42
2 42
2 42
2 42
2 42
2 42
2 42
2 42
2 42
2 42
2 42
2 42
2 42
2 42
2 42
2 42
2 42
2 42
2 42
2 42
2 42
2 42
2 42
2 42
2 42
2 42
2 42
2 42
2 42
2 42
2 42
2 42
2 42
2 42
2 42
2 42
2 42
2 42
2 42
2 42
2 42
2 42
2 42
2 42
2 42
2 42
2 42
2 42
2 42
2 42
2 42
2 42
0 46
0 46
0 46
0 46
0 46
0 46
0 46
0 46
0 46
0 46
0 46
0 46
0 46
0 46
0 46
0 46
0 46
0 46
0 46
0 46
0 46
0 46
0 46
0 46
0 46
0 46
0 46
0 46
5 41
5 41
5 41
5 41
5 41
5 41
5 41
5 41
5 41
5 41
5 41
5 41
5 41
5 41
5 41
5 41
5 41
5 41
5 41
5 41
5 41
5 41
5 41
5 41
5 41
5 41
5 41
5 41
5 41
5 41
5 41
5 41
5 41
5 41
5 41
5 41
5 41
5 41
5 41
5 41
5 41
5 41
5 41
5 41
5 41
5 41
5 41
5 41
5 41
5 41
5 41
5 41
5 41
5 41
5 41
5 41
5 41
5 41
5 41
5 41
5 41
-2 43
-2 43
-2 43
-2 43
-2 43
-2 43
-2 43
-2 43
-2 43
-2 43
-2 43
-2 43
-2 43
-2 43
-2 43
-2 43
-2 43
-2 43
-2 43
-2 43
-2 43
-2 43
-2 43
-2 43
-2 43
-2 43
-2 43
-2 43
-2 43
-2 43
-2 43
-1 38
-1 38
-1 38
-1 38
-1 38
-1 38
-1 38
-1 38
-1 38
-1 38
-1 38
-1 38
-1 38
-1 38
-1 38
-1 38
-1 38
-1 38
-1 38
-1 38
-1 38
-1 38
-1 38
-1 38
-1 38
-1 38
-1 38
-1 38
-1 38
-1 38
-1 38
-1 38
-2 41
-2 41
-2 41
-2 41
-2 41
-2 41
-2 41
-2 41
-2 41
-2 41
-2 41
-2 41
-2 41
-2 41
-2 41
-2 41
-2 41
-2 41
-2 41
-2 41
-2 41
-2 41
-2 41
-2 41
-2 41
-2 41
-2 41
-2 41
-2 41
-2 41
-2 41
-2 41
-2 41
-2 41
-2 35
-2 35
-2 35
-2 35
-2 35
-2 35
-2 35
-2 35
-2 35
-2 35
-2 35
-2 35
-2 35
-2 35
-2 35
-2 35
-2 35
-2 35
-2 35
-2 35
-2 35
-2 35
-2 35
-2 35
-2 35
-2 35
-2 35
-2 35
-2 35
-2 35
-2 35
-2 35
-2 35
-2 35
-2 35
-2 35
-2 35
-2 35
-2 35
-2 35
-2 35
-2 35
-2 35
-2 35
-2 35
-2 35
-2 35
-2 35
-2 35
-2 35
-2 35
-2 35
-2 35
-2 35
-2 35
-2 35
-3 44
-3 44
-3 44
-3 44
-3 44
-3 44
-3 44
-3 44
-3 44
-3 44
-3 44
-3 44
-3 44
-3 44
-3 44
-3 44
-3 44
-3 44
-3 44
-3 44
-3 44
-3 44
-3 44
-3 44
-3 44
-3 44
-3 44
-3 44
-4 36
-4 36
-4 36
-4 36
-4 36
-4 36
-4 36
-4 36
-4 36
-4 36
-4 36
-4 36
-4 36
-4 36
-4 36
-4 36
-4 36
-4 36
-4 36
-4 36
-4 36
-4 36
-4 36
-4 36
-4 36
-4 36
-4 36
-4 36
-4 36
-4 36
-4 36
-4 36
-4 36
-4 36
-4 36
-4 36
-4 36
-4 36
-4 36
-4 36
-4 36
-4 36
-4 36
-4 36
-4 36
-4 36
-4 36
-4 36
-4 36
-4 36
-4 36
-4 36
-4 36
-4 36
-4 36
-4 36
-4 36
-4 36
-4 36
-4 36
-4 36
-4 36
-4 36
-4 36
-4 36
-4 36
-4 36
-1 32
-1 32
-1 32
-1 32
-1 32
-1 32
-1 32
-1 32
-1 32
-1 32
-1 32
-1 32
-1 32
-1 32
-1 32
-1 32
-1 32
-1 32
-1 32
-1 32
-1 32
-1 32
-1 32
-1 32
-1 32
-1 32
-1 32
-1 32
-1 32
-4 46
-4 46
-4 46
-4 46
-4 46
-4 46
-4 46
-4 46
-4 46
-4 46
-4 46
-4 46
-4 46
-4 46
-4 46
-4 46
-4 46
-4 46
-4 46
-4 46
-4 46
-4 46
-4 46
-4 46
-4 46
-4 46
-4 46
-4 46
-11 39
-11 39
-11 39
-11 39
-11 39
-11 39
-11 39
-11 39
-11 39
-11 39
-11 39
-11 39
-11 39
-11 39
-11 39
-11 39
-11 39
-11 39
-11 39
-11 39
-11 39
-11 39
-11 39
-11 39
-11 39
-11 39
-11 39
-11 39
-11 39
-11 39
-11 39
-11 39
-11 39
-11 39
-11 39
-11 39
-11 39
-11 39
-11 39
-11 39
-11 39
-11 39
-11 39
-11 39
-11 39
-11 39
-11 39
-11 39
-11 39
-11 39
-11 39
-11 39
-11 39
-11 39
-11 39
-11 39
-11 39
-11 39
-11 39
-11 39
-12 43
-12 43
-12 43
-12 43
-12 43
-12 43
-12 43
-12 43
-12 43
-12 43
-12 43
-12 43
-12 43
-12 43
-12 43
-12 43
-12 43
-12 43
-12 43
-12 43
-12 43
-12 43
-12 43
-12 43
-12 43
-12 43
-12 43
-12 43
-13 40
-13 40
-13 40
-13 40
-13 40
-13 40
-13 40
-13 40
-13 40
-13 40
-13 40
-13 40
-13 40
-13 40
-13 40
-13 40
-13 40
-13 40
-13 40
-13 40
-13 40
-13 40
-13 40
-13 40
-13 40
-13 40
-13 40
-13 40
-13 40
-13 40
-13 40
-13 40
-13 40
-13 40
-13 40
-13 40
-13 40
-13 40
-13 40
-13 40
-13 40
-13 40
-13 40
-13 40
-13 40
-13 40
-13 40
-13 40
-13 40
-13 40
-13 40
-13 40
-14 39
-14 39
-14 39
-14 39
-14 39
-14 39
-14 39
-14 39
-14 39
-14 39
-14 39
-14 39
-14 39
-14 39
-14 39
-14 39
-14 39
-14 39
-14 39
-14 39
-14 39
-14 39
-14 39
-14 39
-14 39
-14 39
-14 39
-14 39
-14 39
-18 41
-18 41
-18 41
-18 41
-18 41
-18 41
-18 41
-18 41
-18 41
-18 41
-18 41
-18 41
-18 41
-18 41
-18 41
-18 41
-18 41
-18 41
-18 41
-18 41
-18 41
-18 41
-18 41
-18 41
-18 41
-18 41
-18 41
-17 41
-17 41
-17 41
-17 41
-17 41
-17 41
-17 41
-17 41
-17 41
-17 41
-17 41
-17 41
-17 41
-17 41
-17 41
-17 41
-17 41
-17 41
-17 41
-17 41
-17 41
-17 41
-17 41
-17 41
-17 41
-17 41
-17 41
-17 41
-17 41
-17 41
-17 41
-17 41
-17 41
-17 41
-17 41
-17 41
-17 41
-17 41
-17 41
-17 41
-17 41
-17 41
-17 41
-17 41
-17 41
-17 41
-17 41
-17 41
-17 41
-17 41
-17 41
-17 41
-17 41
-17 41
-17 41
-17 41
-17 41
-17 41
-17 41
-20 41
-20 41
-20 41
-20 41
-20 41
-20 41
-20 41
-20 41
-20 41
-20 41
-20 41
-20 41
-20 41
-20 41
-20 41
-20 41
-20 41
-20 41
-20 41
-20 41
-20 41
-20 41
-20 41
-20 41
-20 41
-20 41
-20 41
-20 41
-20 41
-20 41
-20 41
-20 41
-20 41
-20 41
-20 41
-20 41
-20 41
-20 41
-20 41
-20 41
-20 41
-20 41
-20 41
-20 41
-20 41
-20 41
-20 41
-20 41
-20 41
-20 41
-20 41
-20 41
-20 41
-20 41
-20 41
-20 41
-20 41
-20 41
-20 41
-20 41
-20 41
-20 41
-20 41
-20 41
-26 35
-26 35
-26 35
-26 35
-26 35
-26 35
-26 35
-26 35
-26 35
-26 35
-26 35
-26 35
-26 35
-26 35
-26 35
-26 35
-26 35
-26 35
-26 35
-26 35
-26 35
-26 35
-26 35
-26 35
-26 35
-26 35
-26 35
-26 35
-26 35
-30 40
-30 40
-30 40
-30 40
-30 40
-30 40
-30 40
-30 40
-30 40
-30 40
-30 40
-30 40
-30 40
-30 40
-30 40
-30 40
-30 40
-30 40
-30 40
-30 40
-30 40
-30 40
-30 40
-30 40
-25 38
-25 38
-25 38
-25 38
-25 38
-25 38
-25 38
-25 38
-25 38
-25 38
-25 38
-25 38
-25 38
-25 38
-25 38
-25 38
-25 38
-25 38
-25 38
-25 38
-25 38
-25 38
-25 38
-25 38
-25 38
-22 41
-22 41
-22 41
-22 41
-22 41
-22 41
-22 41
-22 41
-22 41
-22 41
-22 41
-22 41
-22 41
-22 41
-22 41
-22 41
-22 41
-22 41
-22 41
-22 41
-22 41
-22 41
-22 41
-22 41
-22 41
-22 41
-22 41
-22 41
-22 41
-22 41
-22 41
-22 41
-22 41
-22 41
-22 41
-22 41
-22 41
-22 41
-22 41
-22 41
-22 41
-22 41
-22 41
-22 41
-22 41
-22 41
-22 41
-22 41
-22 41
-22 41
-22 41
-22 41
-22 41
-22 41
-22 41
-22 41
-22 41
-22 41
-22 41
-22 41
-22 41
-22 41
-22 41
-26 39
-26 39
-26 39
-26 39
-26 39
-26 39
-26 39
-26 39
-26 39
-26 39
-26 39
-26 39
-26 39
-26 39
-27 36
-27 36
-27 36
-27 36
-27 36
-27 36
-27 36
-27 36
-27 36
-27 36
-27 36
-27 36
-27 36
-27 36
-27 36
-27 36
-27 36
-27 36
-27 36
-27 36
-27 36
-27 36
-27 36
-27 36
-27 36
-27 36
-27 36
-27 36
-27 36
-27 36
-27 36
-27 36
-27 36
-27 36
-27 36
-27 36
-27 36
-27 36
-27 36
-27 36
-27 36
-27 36
-27 36
-41 32
-41 32
-41 32
-41 32
-41 32
-41 32
-41 32
-41 32
-41 32
-41 32
-41 32
-41 32
-41 32
-41 32
-41 32
-41 32
-41 32
-41 32
-41 32
-38 46
-38 46
-38 46
-38 46
-38 46
-38 46
-38 46
-38 46
-38 46
-38 46
-38 46
-38 46
-38 46
-38 46
-38 46
-38 46
-38 46
-38 46
-38 46
-43 34
-43 34
-43 34
-43 34
-43 34
-43 34
-43 34
-43 34
-43 34
-43 34
-43 34
-43 34
-43 34
-43 34
-43 34
-43 34
-43 34
-43 34
-43 34
-43 34
-43 34
-43 34
-43 34
-43 34
-43 34
-43 34
-43 34
-43 34
-43 34
-43 34
-43 34
-43 34
-43 34
-43 34
-43 34
-43 34
-43 34
-43 34
-49 43
-49 43
-49 43
-49 43
-49 43
-49 43
-49 43
-49 43
-49 43
-49 43
-49 43
-49 43
-49 43
-49 43
-49 43
-49 43
-49 43
-49 43
-53 36
-53 36
-53 36
-53 36
-53 36
-53 36
-53 36
-53 36
-53 36
-53 36
-53 36
-53 36
-53 36
-53 36
-53 36
-53 36
-53 36
-53 36
-56 37
-56 37
-56 37
-56 37
-56 37
-56 37
-56 37
-56 37
-56 37
-56 37
-56 37
-56 37
-56 37
-56 37
-56 37
-56 37
-56 37
-56 37
-56 37
-56 37
-56 37
-56 37
-56 37
-56 37
-56 37
-56 37
-56 37
-56 37
-56 37
-56 37
-56 37
-56 37
-56 37
-56 37
-56 37
-56 37
-56 37
-56 37
-56 37
-56 37
-56 37
-56 37
-56 37
-56 37
-56 37
-56 37
-56 37
-56 37
-56 37
-56 37
-56 37
-56 37
-56 37
-56 37
-56 37
-56 37
-56 37
-56 37
-56 37
-56 37
-56 37
-56 37
-56 37
-56 37
-56 37
-56 37
-56 37
-56 37
-56 37
-56 37
-56 37
-56 37
-61 35
-61 35
-61 35
-61 35
-61 35
-61 35
-61 35
-61 35
-61 35
-61 35
-61 35
-61 35
-61 35
-61 35
-61 35
-61 35
-61 35
-61 35
-61 35
-61 35
-61 35
-61 35
-61 35
-61 35
-61 35
-61 35
-61 35
-61 35
-61 35
-61 35
-61 35
-61 35
-61 35
-61 35
-61 35
-61 35
-61 35
-61 35
-61 35
-61 35
-61 35
-61 35
-61 35
-61 35
-61 35
-61 35
-61 35
-61 35
-61 35
-61 29
-61 29
-61 29
-61 29
-61 29
-61 29
-61 29
-61 29
-61 29
-61 29
-61 29
-61 29
-61 29
-61 29
-61 29
-61 29
-61 29
-61 29
-61 29
-61 29
-61 29
-61 29
-61 29
-65 30
-65 30
-65 30
-65 30
-65 30
-65 30
-65 30
-65 30
-65 30
-65 30
-65 30
-65 30
-65 30
-65 30
-65 30
-65 30
-65 30
-65 30
-65 30
-65 30
-65 30
-65 30
-61 23
-61 23
-61 23
-61 23
-61 23
-61 23
-61 23
-61 23
-61 23
-61 23
-61 23
-61 23
-61 23
-61 23
-61 23
-61 23
-61 23
-61 23
-61 23
-61 23
-61 23
-61 23
-61 23
-61 23
-61 23
-61 23
-61 23
-61 23
-61 23
-61 23
-61 23
-61 23
-61 23
-61 23
-61 23
-61 23
-61 23
-61 23
-61 23
-61 23
-61 23
-61 23
-60 18
-60 18
-60 18
-60 18
-60 18
-60 18
-60 18
-60 18
-60 18
-60 18
-60 18
-60 18
-60 18
-60 18
-60 18
-60 18
-60 18
-60 18
-60 18
-60 18
-60 18
-60 18
-60 18
-60 18
-64 19
-64 19
-64 19
-64 19
-64 19
-64 19
-64 19
-64 19
-64 19
-64 19
-64 19
-64 19
-64 19
-64 19
-64 19
-64 19
-64 19
-64 19
-64 19
-64 19
-64 19
-64 19
-64 19
-52 15
-52 15
-52 15
-52 15
-52 15
-52 15
-52 15
-52 15
-52 15
-52 15
-52 15
-52 15
-52 15
-52 15
-52 15
-52 15
-52 15
-52 15
-52 15
-52 15
-52 15
-52 15
-52 15
-52 15
-52 15
-52 15
-52 15
-52 15
-52 15
-52 15
-52 15
-52 15
-52 15
-52 15
-52 15
-52 15
-52 15
-52 15
-52 15
-52 15
-52 15
-52 15
-52 15
-52 15
-52 15
-52 15
-52 15
-52 15
-52 15
-52 15
-53 12
-53 12
-53 12
-53 12
-53 12
-53 12
-53 12
-53 12
-53 12
-53 12
-53 12
-53 12
-53 12
-53 12
-53 12
-53 12
-53 12
-53 12
-53 12
-53 12
-53 12
-53 12
-53 12
-53 12
-53 12
-53 12
-53 12
-46 11
-46 11
-46 11
-46 11
-46 11
-46 11
-46 11
-46 11
-46 11
-46 11
-46 11
-46 11
-46 11
-46 11
-46 11
-46 11
-46 11
-46 11
-46 11
-46 11
-46 11
-46 11
-46 11
-46 11
-46 11
-46 11
-46 11
-46 11
-46 11
-46 11
-46 11
-46 11
-46 11
-46 11
-46 11
-46 11
-46 11
-46 11
-46 11
-46 11
-46 11
-46 11
-46 11
-46 11
-46 11
-46 11
-46 11
-46 11
-46 11
-46 11
-46 11
-46 11
-46 14
-46 14
-46 14
-46 14
-46 14
-46 14
-46 14
-46 14
-46 14
-46 14
-46 14
-46 14
-46 14
-46 14
-46 14
-46 14
-46 14
-46 14
-46 14
-46 14
-46 14
-46 14
-46 14
-46 14
-46 14
-46 14
-46 14
-49 11
-49 11
-49 11
-49 11
-49 11
-49 11
-49 11
-49 11
-49 11
-49 11
-49 11
-49 11
-49 11
-49 11
-49 11
-49 11
-49 11
-49 11
-49 11
-49 11
-49 11
-49 11
-49 11
-49 11
-49 11
-49 11
-49 11
-44 6
-44 6
-44 6
-44 6
-44 6
-44 6
-44 6
-44 6
-44 6
-44 6
-44 6
-44 6
-44 6
-44 6
-44 6
-44 6
-44 6
-44 6
-44 6
-44 6
-44 6
-44 6
-44 6
-44 6
-44 6
-44 6
-44 6
-44 6
-44 6
-44 6
-44 6
-44 6
-44 6
-44 6
-44 6
-44 6
-44 6
-44 6
-44 6
-44 6
-44 6
-44 6
-44 6
-44 6
-44 6
-44 6
-44 6
-44 6
-44 6
-44 6
-44 6
-44 6
-44 6
-44 6
-44 6
-44 6
-48 5
-48 5
-48 5
-48 5
-48 5
-48 5
-48 5
-48 5
-48 5
-48 5
-48 5
-48 5
-48 5
-48 5
-48 5
-48 5
-48 5
-48 5
-48 5
-48 5
-48 5
-48 5
-48 5
-48 5
-46 6
-46 6
-46 6
-46 6
-46 6
-46 6
-46 6
-46 6
-46 6
-46 6
-46 6
-46 6
-46 6
-46 6
-46 6
-46 6
-46 6
-46 6
-46 6
-46 6
-46 6
-46 6
-46 6
-46 6
-46 6
-46 6
-46 6
-46 6
-46 6
-46 6
-46 6
-46 6
-46 6
-46 6
-46 6
-46 6
-46 6
-46 6
-46 6
-46 6
-46 6
-46 6
-46 6
-46 6
-46 6
-46 6
-46 6
-46 6
-46 6
-46 6
-47 5
-47 5
-47 5
-47 5
-47 5
-47 5
-47 5
-47 5
-47 5
-47 5
-47 5
-47 5
-47 5
-47 5
-47 5
-47 5
-47 5
-47 5
-47 5
-47 5
-47 5
-47 5
-47 5
-47 5
-47 5
-47 -1
-47 -1
-47 -1
-47 -1
-47 -1
-47 -1
-47 -1
-47 -1
-47 -1
-47 -1
-47 -1
-47 -1
-47 -1
-47 -1
-47 -1
-47 -1
-47 -1
-47 -1
-47 -1
-47 -1
-47 -1
-47 -1
-47 -1
-47 -1
-47 -1
-47 -1
-47 -1
-47 -1
-47 -1
-47 -1
-47 -1
-47 -1
-47 -1
-47 -1
-47 -1
-47 -1
-47 -1
-47 -1
-47 -1
-47 -1
-47 -1
-47 -1
-47 -1
-47 -1
-47 -1
-47 -1
-47 -1
-47 -1
-47 -1
-47 -1
-47 -1
-47 -1
-48 3
-48 3
-48 3
-48 3
-48 3
-48 3
-48 3
-48 3
-48 3
-48 3
-48 3
-48 3
-48 3
-48 3
-48 3
-48 3
-48 3
-48 3
-49 -1
-49 -1
-49 -1
-49 -1
-49 -1
-49 -1
-49 -1
-49 -1
-49 -1
-49 -1
-49 -1
-49 -1
-49 -1
-49 -1
-49 -1
-49 -1
-49 -1
-49 -1
-49 -1
-49 -1
-49 -1
-49 -1
-49 -1
-49 -1
-49 -1
-49 -1
-49 -1
-49 -1
-49 -1
-49 -1
-49 -1
-49 -1
-49 -1
-49 -1
-49 -1
-49 -1
-49 -1
-49 -1
-49 -1
-49 -1
-49 -1
-49 -1
-49 -1
-49 -1
-49 -1
-49 -1
-49 -1
-49 -1
-48 -2
-48 -2
-48 -2
-48 -2
-48 -2
-48 -2
-48 -2
-48 -2
-48 -2
-48 -2
-48 -2
-48 -2
-48 -2
-48 -2
-48 -2
-48 -2
-48 -2
-48 -2
-48 -2
-48 -2
-48 -2
-48 -2
-48 -2
-48 -2
-48 -2
-48 -2
-48 -2
-48 -2
-48 -2
-48 -2
-48 -2
-48 -2
-48 -2
-48 -2
-48 -2
-48 -2
-48 1
-48 1
-48 1
-48 1
-48 1
-48 1
-48 1
-48 1
-48 1
-48 1
-48 1
-48 1
-48 1
-48 1
-48 1
-48 1
-48 1
-48 1
-48 1
-48 1
-48 1
-48 1
-48 1
-48 1
-48 1
-48 1
-48 1
-48 1
-48 1
-48 1
-48 1
-48 1
-48 -4
-48 -4
-48 -4
-48 -4
-48 -4
-48 -4
-48 -4
-48 -4
-48 -4
-48 -4
-48 -4
-48 -4
-48 -4
-48 -4
-48 -4
-48 -4
-48 -4
-48 -4
-48 -4
-48 -4
-48 -4
-48 -4
-48 -4
-48 -4
-48 -4
-48 -4
-48 -4
-48 -4
-48 -4
-48 -8
-48 -8
-48 -8
-48 -8
-48 -8
-48 -8
-48 -8
-48 -8
-48 -8
-48 -8
-48 -8
-48 -8
-48 -8
-48 -8
-48 -8
-48 -8
-48 -8
-48 -8
-48 -8
-48 -8
-48 -8
-48 -8
-48 -8
-48 -8
-48 -8
-48 -8
-48 -8
-48 -8
-48 -8
-48 -8
-48 -8
-48 -8
-48 -8
-48 -8
-48 -8
-48 -8
-48 -8
-48 -8
-48 -8
-48 -8
-48 -8
-48 -8
-48 -8
-48 -8
-48 -8
-48 -8
-48 -8
-48 -8
-48 -8
-48 -8
-48 -8
-48 -8
-48 -8
-48 -8
-48 -8
-48 -8
-48 -8
-48 -8
-48 -8
-48 -8
-50 -9
-50 -9
-50 -9
-50 -9
-50 -9
-50 -9
-50 -9
-50 -9
-50 -9
-50 -9
-50 -9
-50 -9
-50 -9
-50 -9
-50 -9
-50 -9
-50 -9
-50 -9
-50 -9
-50 -9
-50 -9
-50 -9
-50 -9
-50 -9
-50 -9
-50 -9
-58 -12
-58 -12
-58 -12
-58 -12
-58 -12
-58 -12
-58 -12
-58 -12
-58 -12
-58 -12
-58 -12
-58 -12
-58 -12
-58 -12
-58 -12
-58 -12
-58 -12
-58 -12
-58 -12
-58 -12
-58 -12
-58 -12
-58 -12
-58 -12
-58 -12
-58 -12
-58 -12
-58 -12
-58 -12
-58 -12
-58 -12
-58 -12
-58 -12
-58 -12
-58 -12
-58 -12
-58 -12
-58 -12
-58 -12
-58 -12
-58 -12
-58 -12
-58 -12
-58 -12
-58 -12
-58 -12
-58 -12
-58 -12
-58 -12
-58 -12
-58 -12
-55 -6
-55 -6
-55 -6
-55 -6
-55 -6
-55 -6
-55 -6
-55 -6
-55 -6
-55 -6
-55 -6
-55 -6
-55 -6
-55 -6
-55 -6
-55 -6
-55 -6
-55 -6
-55 -6
-55 -6
-55 -6
-55 -6
-55 -6
-55 -6
-53 -10
-53 -10
-53 -10
-53 -10
-53 -10
-53 -10
-53 -10
-53 -10
-53 -10
-53 -10
-53 -10
-53 -10
-53 -10
-53 -10
-53 -10
-53 -10
-53 -10
-53 -10
-53 -10
-53 -10
-53 -10
-53 -10
-53 -10
-53 -10
-47 -13
-47 -13
-47 -13
-47 -13
-47 -13
-47 -13
-47 -13
-47 -13
-47 -13
-47 -13
-47 -13
-47 -13
-47 -13
-47 -13
-47 -13
-47 -13
-47 -13
-47 -13
-47 -13
-47 -13
-47 -13
-47 -13
-47 -13
-47 -13
-47 -13
-47 -13
-47 -13
-47 -13
-47 -13
-47 -13
-47 -13
-47 -13
-47 -13
-47 -13
-47 -13
-47 -13
-47 -13
-47 -13
-47 -13
-47 -13
-47 -13
-47 -13
-47 -13
-47 -13
-47 -13
-47 -13
-47 -13
-47 -13
-47 -13
-47 -13
-47 -13
-47 -13
-47 -13
-47 -13
-47 -13
-47 -13
-47 -13
-47 -13
-47 -13
-47 -13
-47 -13
-47 -13
-47 -13
-47 -13
-47 -13
-40 -23
-40 -23
-40 -23
-40 -23
-40 -23
-40 -23
-40 -23
-40 -23
-40 -23
-40 -23
-40 -23
-40 -23
-40 -23
-40 -23
-40 -23
-40 -23
-40 -23
-40 -23
-40 -23
-40 -23
-40 -23
-40 -23
-40 -23
-57 -23
-57 -23
-57 -23
-57 -23
-57 -23
-57 -23
-57 -23
-57 -23
-57 -23
-57 -23
-57 -23
-57 -23
-57 -23
-57 -23
-57 -23
-57 -23
-57 -23
-57 -23
-57 -23
-57 -23
-57 -23
-57 -23
-57 -23
-57 -23
-57 -23
-57 -23
-57 -23
-57 -23
-57 -23
-57 -23
-57 -23
-57 -23
-57 -23
-57 -23
-57 -23
-57 -23
-57 -23
-57 -23
-57 -23
-57 -23
-57 -23
-57 -23
-57 -23
-57 -23
-57 -23
-57 -23
-57 -23
-57 -23
-57 -23
-57 -23
-57 -23
-57 -23
-57 -23
-57 -23
-57 -23
-57 -23
-57 -23
-57 -23
-57 -23
-57 -23
-57 -23
-57 -23
-57 -23
-57 -23
-51 -18
-51 -18
-51 -18
-51 -18
-51 -18
-51 -18
-51 -18
-51 -18
-51 -18
-51 -18
-51 -18
-51 -18
-51 -18
-51 -18
-51 -18
-51 -18
-51 -18
-51 -18
-51 -18
-51 -18
-51 -18
-51 -18
-51 -18
-51 -18
-51 -18
-51 -18
-51 -18
-51 -18
-51 -18
-51 -18
-51 -18
-51 -18
-51 -18
-51 -18
-51 -18
-48 -20
-48 -20
-48 -20
-48 -20
-48 -20
-48 -20
-48 -20
-48 -20
-48 -20
-48 -20
-48 -20
-48 -20
-48 -20
-48 -20
-48 -20
-48 -20
-48 -20
-48 -20
-48 -20
-47 -26
-47 -26
-47 -26
-47 -26
-47 -26
-47 -26
-47 -26
-47 -26
-47 -26
-47 -26
-47 -26
-47 -26
-47 -26
-47 -26
-47 -26
-47 -26
-47 -26
-47 -26
-47 -26
-47 -26
-47 -26
-47 -26
-47 -26
-47 -26
-47 -26
-47 -26
-47 -26
-47 -26
-47 -26
-47 -26
-47 -26
-47 -26
-47 -26
-47 -26
-47 -26
-47 -26
-47 -26
-47 -26
-47 -26
-47 -26
-47 -26
-47 -26
-47 -26
-47 -26
-47 -26
-47 -26
-47 -26
-47 -26
-47 -26
-47 -26
-47 -26
-47 -26
-47 -26
-47 -26
-47 -26
-47 -26
-47 -26
-50 -28
-50 -28
-50 -28
-50 -28
-50 -28
-50 -28
-50 -28
-50 -28
-50 -28
-50 -28
-50 -28
-50 -28
-50 -28
-50 -28
-50 -28
-50 -28
-50 -28
-50 -28
-50 -28
-50 -28
-50 -28
-50 -28
-50 -28
-50 -28
-50 -28
-50 -28
-38 -29
-38 -29
-38 -29
-38 -29
-38 -29
-38 -29
-38 -29
-38 -29
-38 -29
-38 -29
-38 -29
-38 -29
-38 -29
-38 -29
-38 -29
-38 -29
-38 -29
-38 -29
-38 -29
-38 -29
-38 -29
-38 -29
-38 -29
-38 -29
-29 -31
-29 -31
-29 -31
-29 -31
-29 -31
-29 -31
-29 -31
-29 -31
-29 -31
-29 -31
-29 -31
-29 -31
-29 -31
-29 -31
-29 -31
-29 -31
-29 -31
-29 -31
-29 -31
-29 -31
-29 -31
-29 -31
-29 -31
-29 -31
-29 -31
-29 -31
-29 -31
-29 -31
-29 -31
-29 -31
-29 -31
-29 -31
-29 -31
-29 -31
-29 -31
-29 -31
-29 -31
-29 -31
-29 -31
-29 -31
-29 -31
-29 -31
-29 -31
-29 -31
-29 -31
-29 -31
-29 -31
-29 -31
-29 -31
-29 -31
-29 -31
-29 -31
-40 -42
-40 -42
-40 -42
-40 -42
-40 -42
-40 -42
-40 -42
-40 -42
-40 -42
-40 -42
-40 -42
-40 -42
-40 -42
-40 -42
-40 -42
-40 -42
-40 -42
-40 -42
-40 -42
-40 -42
-40 -42
-40 -42
-40 -42
-40 -42
-40 -42
-30 -43
-30 -43
-30 -43
-30 -43
-30 -43
-30 -43
-30 -43
-30 -43
-30 -43
-30 -43
-30 -43
-30 -43
-30 -43
-30 -43
-30 -43
-30 -43
-30 -43
-30 -43
-30 -43
-30 -43
-30 -43
-30 -43
-30 -43
-30 -43
-30 -43
-30 -43
-30 -43
-30 -43
-30 -43
-30 -43
-30 -43
-30 -43
-30 -43
-30 -43
-30 -43
-30 -43
-30 -43
-30 -43
-30 -43
-30 -43
-30 -43
-30 -43
-30 -43
-30 -43
-30 -43
-30 -43
-30 -43
-30 -43
-30 -43
-30 -43
-30 -43
-30 -43
-30 -43
-30 -43
-22 -47
-22 -47
-22 -47
-22 -47
-22 -47
-22 -47
-22 -47
-22 -47
-22 -47
-22 -47
-22 -47
-22 -47
-22 -47
-22 -47
-22 -47
-22 -47
-22 -47
-22 -47
-22 -47
-22 -47
-22 -47
-22 -47
-22 -47
-27 -59
-27 -59
-27 -59
-27 -59
-27 -59
-27 -59
-27 -59
-27 -59
-27 -59
-27 -59
-27 -59
-27 -59
-27 -59
-27 -59
-27 -59
-27 -59
-27 -59
-27 -59
-27 -59
-27 -59
-27 -59
-27 -59
-27 -59
-27 -59
-27 -59
-27 -59
-27 -59
-27 -59
-27 -59
-27 -59
-27 -59
-32 -59
-32 -59
-32 -59
-32 -59
-32 -59
-32 -59
-32 -59
-32 -59
-32 -59
-32 -59
-32 -59
-32 -59
-32 -59
-32 -59
-32 -59
-32 -59
-32 -59
-32 -59
-32 -59
-32 -59
-32 -59
-32 -59
-32 -59
-32 -59
-32 -59
-32 -59
-32 -59
-32 -59
-32 -59
-32 -59
-32 -59
-32 -59
-32 -59
-32 -59
-32 -59
-32 -59
-32 -59
-32 -59
-32 -59
-32 -59
-32 -59
-32 -59
-32 -59
-32 -59
-32 -59
-32 -59
-32 -59
-32 -59
-32 -59
-32 -59
-32 -59
-32 -59
-32 -59
-32 -59
-32 -59
-32 -59
-32 -59
-32 -59
-32 -59
-32 -59
-32 -58
-32 -58
-32 -58
-32 -58
-32 -58
-32 -58
-32 -58
-32 -58
-32 -58
-32 -58
-32 -58
-32 -58
-32 -58
-32 -58
-32 -58
-32 -58
-32 -58
-32 -58
-32 -58
-32 -58
-32 -58
-32 -58
-32 -58
-32 -58
-32 -58
-28 -63
-28 -63
-28 -63
-28 -63
-28 -63
-28 -63
-28 -63
-28 -63
-28 -63
-28 -63
-28 -63
-28 -63
-28 -63
-28 -63
-28 -63
-28 -63
-28 -63
-28 -63
-28 -63
-28 -63
-28 -63
-28 -63
-28 -63
-28 -63
-28 -63
-28 -63
-28 -63
-28 -63
-28 -63
-28 -63
-28 -63
-28 -63
-28 -63
-28 -63
-28 -63
-28 -63
-28 -63
-28 -63
-28 -63
-28 -63
-28 -63
-28 -63
-28 -63
-28 -63
-28 -63
-28 -63
-28 -63
-28 -63
-28 -63
-28 -63
-28 -63
-28 -63
-28 -63
-28 -63
-28 -63
-28 -63
-28 -63
-28 -63
-28 -63
-28 -63
-28 -63
-19 -70
-19 -70
-19 -70
-19 -70
-19 -70
-19 -70
-19 -70
-19 -70
-19 -70
-19 -70
-19 -70
-19 -70
-19 -70
-19 -70
-19 -70
-19 -70
-19 -70
-19 -70
-19 -70
-19 -70
-19 -70
-19 -70
-19 -70
-19 -70
-19 -70
-19 -70
-19 -70
-19 -70
-19 -70
-19 -70
-25 -73
-25 -73
-25 -73
-25 -73
-25 -73
-25 -73
-25 -73
-25 -73
-25 -73
-25 -73
-25 -73
-25 -73
-25 -73
-25 -73
-25 -73
-25 -73
-25 -73
-25 -73
-25 -73
-25 -73
-25 -73
-25 -73
-25 -73
-25 -73
-25 -73
-25 -73
-25 -73
-25 -73
-25 -73
-25 -73
-25 -73
-25 -73
-25 -73
-25 -73
-25 -73
-25 -73
-25 -73
-25 -73
-25 -73
-25 -73
-25 -73
-25 -73
-25 -73
-25 -73
-25 -73
-25 -73
-25 -73
-25 -73
-25 -73
-25 -73
-25 -73
-25 -73
-25 -73
-25 -73
-25 -73
-25 -73
-25 -73
-25 -73
-25 -73
-25 -73
-16 -81
-16 -81
-16 -81
-16 -81
-16 -81
-16 -81
-16 -81
-16 -81
-16 -81
-16 -81
-16 -81
-16 -81
-16 -81
-16 -81
-16 -81
-16 -81
-16 -81
-16 -81
-16 -81
-16 -81
-16 -81
-16 -81
-16 -81
-16 -81
-16 -81
-14 -68
-14 -68
-14 -68
-14 -68
-14 -68
-14 -68
-14 -68
-14 -68
-14 -68
-14 -68
-14 -68
-14 -68
-14 -68
-14 -68
-14 -68
-14 -68
-14 -68
-14 -68
-14 -68
-14 -68
-14 -68
-14 -68
-14 -68
-14 -68
-14 -68
-14 -68
-14 -68
-14 -68
-14 -68
-19 -62
-19 -62
-19 -62
-19 -62
-19 -62
-19 -62
-19 -62
-19 -62
-19 -62
-19 -62
-19 -62
-19 -62
-19 -62
-19 -62
-19 -62
-19 -62
-19 -62
-19 -62
-19 -62
-19 -62
-19 -62
-19 -62
-19 -62
-19 -62
-19 -62
-19 -62
-19 -62
-19 -62
-19 -62
-19 -62
-19 -62
-19 -62
-19 -62
-19 -62
-19 -62
-19 -62
-19 -62
-19 -62
-19 -62
-19 -62
-19 -62
-19 -62
-19 -62
-19 -62
-19 -62
-19 -62
-19 -62
-19 -62
-19 -62
-19 -62
-19 -62
-19 -62
-19 -62
-19 -62
-19 -62
-19 -62
-19 -62
-19 -62
-19 -62
-19 -62
-19 -62
-19 -62
-17 -77
-17 -77
-17 -77
-17 -77
-17 -77
-17 -77
-17 -77
-17 -77
-17 -77
-17 -77
-17 -77
-17 -77
-17 -77
-17 -77
-17 -77
-17 -77
-17 -77
-17 -77
-17 -77
-17 -77
-17 -77
-17 -77
-17 -77
-17 -77
-17 -77
-17 -77
-17 -77
-17 -77
-17 -77
-17 -77
-17 -77
-17 -77
-17 -77
-17 -77
-17 -77
-17 -77
-17 -77
-17 -77
-17 -77
-17 -77
-17 -77
-17 -77
-17 -77
-17 -77
-17 -77
-17 -77
-17 -77
-17 -77
-17 -77
-17 -77
-17 -77
-17 -77
-17 -77
-17 -77
-17 -77
-17 -77
-17 -77
-17 -77
-17 -77
-17 -77
-17 -77
-17 -77
-17 -77
-1 -82
-1 -82
-2 -78
-2 -78
-2 -78
-2 -78
-2 -78
-2 -78
-2 -78
-2 -78
-2 -78
-2 -78
-2 -78
-2 -78
-2 -78
-2 -78
-2 -78
-2 -78
-2 -78
-2 -78
-2 -78
-2 -78
-2 -78
-2 -78
-2 -78
-2 -78
-2 -78
-2 -78
-2 -78
-2 -78
-2 -78
-2 -78
-2 -78
-2 -78
-2 -78
-2 -78
-2 -78
-2 -78
-2 -78
-2 -78
-2 -78
-2 -78
-2 -78
-2 -78
-2 -78
-2 -78
-2 -78
-2 -78
-2 -78
-2 -78
-2 -78
-2 -78
-2 -78
-2 -78
-2 -78
-2 -78
1 -78
1 -78
1 -78
1 -78
1 -78
1 -78
1 -78
1 -78
1 -78
1 -78
1 -78
1 -78
1 -78
1 -78
1 -78
1 -78
1 -78
1 -78
1 -78
1 -78
1 -78
1 -78
1 -78
1 -78
1 -78
1 -78
1 -78
1 -78
1 -78
1 -78
4 -78
4 -78
4 -78
4 -78
4 -78
4 -78
4 -78
4 -78
4 -78
4 -78
4 -78
4 -78
4 -78
4 -78
4 -78
4 -78
4 -78
4 -78
4 -78
4 -78
4 -78
4 -78
4 -78
4 -78
4 -78
4 -78
4 -78
4 -78
4 -78
4 -78
4 -78
4 -78
4 -78
4 -78
4 -78
4 -78
4 -78
4 -78
4 -78
4 -78
4 -78
4 -78
4 -78
4 -78
4 -78
4 -78
4 -78
4 -78
4 -78
4 -78
4 -78
4 -78
4 -78
4 -78
4 -78
4 -78
4 -78
4 -78
4 -78
4 -78
4 -78
4 -78
4 -78
4 -78
4 -78
4 -78
4 -78
0 -84
0 -84
0 -84
0 -84
0 -84
0 -84
0 -84
0 -84
0 -84
0 -84
0 -84
0 -84
0 -84
0 -84
0 -84
0 -84
0 -84
0 -84
0 -84
0 -84
0 -84
0 -84
0 -84
0 -84
0 -84
0 -84
0 -84
0 -84
0 -84
0 -84
0 -84
8 -77
8 -77
8 -77
8 -77
8 -77
8 -77
8 -77
8 -77
8 -77
8 -77
8 -77
8 -77
8 -77
8 -77
8 -77
8 -77
8 -77
8 -77
8 -77
8 -77
8 -77
8 -77
8 -77
8 -77
8 -77
8 -77
8 -77
8 -77
8 -77
8 -77
8 -77
8 -77
8 -77
8 -77
8 -77
11 -71
11 -71
11 -71
11 -71
11 -71
11 -71
11 -71
11 -71
11 -71
11 -71
11 -71
11 -71
11 -71
11 -71
11 -71
11 -71
11 -71
11 -71
11 -71
11 -71
11 -71
11 -71
11 -71
11 -71
11 -71
11 -71
11 -71
11 -71
11 -71
11 -71
11 -71
11 -71
11 -71
11 -71
11 -71
11 -71
11 -71
11 -71
11 -71
11 -71
11 -71
11 -71
11 -71
11 -71
11 -71
11 -71
11 -71
11 -71
11 -71
11 -71
11 -71
11 -71
11 -71
11 -71
11 -71
11 -71
11 -71
11 -71
11 -71
11 -71
11 -71
9 -68
9 -68
9 -68
9 -68
9 -68
9 -68
9 -68
9 -68
9 -68
9 -68
9 -68
9 -68
9 -68
9 -68
9 -68
9 -68
9 -68
9 -68
9 -68
9 -68
9 -68
13 -63
13 -63
13 -63
13 -63
13 -63
13 -63
13 -63
13 -63
13 -63
13 -63
13 -63
13 -63
13 -63
13 -63
13 -63
13 -63
13 -63
13 -63
13 -63
13 -63
13 -63
13 -63
14 -65
14 -65
14 -65
14 -65
14 -65
14 -65
14 -65
14 -65
14 -65
14 -65
14 -65
14 -65
14 -65
14 -65
14 -65
14 -65
14 -65
14 -65
14 -65
14 -65
14 -65
14 -65
14 -65
14 -65
14 -65
14 -65
14 -65
14 -65
14 -65
14 -65
14 -65
14 -65
14 -65
14 -65
14 -65
14 -65
14 -65
14 -65
14 -65
14 -65
14 -65
14 -65
14 -65
14 -65
14 -65
14 -65
14 -65
14 -65
22 -57
22 -57
22 -57
22 -57
22 -57
22 -57
22 -57
22 -57
22 -57
22 -57
22 -57
22 -57
22 -57
22 -57
22 -57
22 -57
22 -57
18 -64
18 -64
18 -64
18 -64
18 -64
18 -64
18 -64
18 -64
18 -64
18 -64
18 -64
18 -64
18 -64
18 -64
18 -64
18 -64
18 -64
18 -64
18 -64
18 -64
18 -64
18 -64
18 -64
18 -64
18 -64
18 -64
18 -64
18 -64
18 -64
18 -64
18 -64
18 -64
18 -64
18 -64
18 -64
18 -64
18 -64
18 -64
18 -64
18 -64
18 -64
18 -64
18 -64
22 -53
22 -53
22 -53
22 -53
22 -53
22 -53
22 -53
22 -53
22 -53
22 -53
22 -53
22 -53
22 -53
22 -53
22 -53
22 -53
22 -53
22 -53
22 -53
22 -53
22 -53
22 -53
22 -53
28 -43
28 -43
28 -43
28 -43
28 -43
28 -43
28 -43
28 -43
28 -43
28 -43
28 -43
28 -43
28 -43
28 -43
28 -43
28 -43
28 -43
28 -43
28 -43
28 -43
28 -43
28 -43
28 -43
28 -43
28 -43
24 -42
24 -42
24 -42
24 -42
24 -42
24 -42
24 -42
24 -42
24 -42
24 -42
24 -42
24 -42
24 -42
24 -42
24 -42
24 -42
24 -42
24 -42
24 -42
24 -42
24 -42
24 -42
24 -42
24 -42
24 -42
24 -42
24 -42
24 -42
24 -42
24 -42
24 -42
24 -42
24 -42
24 -42
24 -42
24 -42
24 -42
24 -42
24 -42
24 -42
24 -42
24 -42
24 -42
24 -42
24 -42
24 -42
24 -42
24 -42
24 -42
24 -42
36 -49
36 -49
36 -49
36 -49
36 -49
36 -49
36 -49
36 -49
36 -49
36 -49
36 -49
36 -49
36 -49
36 -49
36 -49
36 -49
36 -49
36 -49
36 -49
36 -49
36 -49
36 -49
36 -49
36 -49
36 -36
36 -36
36 -36
36 -36
36 -36
36 -36
36 -36
36 -36
36 -36
36 -36
36 -36
36 -36
36 -36
36 -36
36 -36
36 -36
36 -36
36 -36
36 -36
36 -36
36 -36
36 -36
36 -36
36 -36
36 -36
35 -32
35 -32
35 -32
35 -32
35 -32
35 -32
35 -32
35 -32
35 -32
35 -32
35 -32
35 -32
35 -32
35 -32
35 -32
35 -32
35 -32
35 -32
35 -32
35 -32
35 -32
35 -32
35 -32
35 -32
35 -32
35 -32
35 -32
35 -32
35 -32
35 -32
35 -32
35 -32
35 -32
35 -32
35 -32
35 -32
35 -32
35 -32
35 -32
35 -32
35 -32
35 -32
35 -32
35 -32
35 -32
35 -32
35 -32
35 -32
35 -32
35 -32
35 -32
37 -31
37 -31
37 -31
37 -31
37 -31
37 -31
37 -31
37 -31
37 -31
37 -31
37 -31
37 -31
37 -31
37 -31
37 -31
37 -31
37 -31
37 -31
37 -31
37 -31
37 -31
37 -31
37 -31
37 -31
37 -31
31 -21
31 -21
31 -21
31 -21
31 -21
31 -21
31 -21
31 -21
31 -21
31 -21
31 -21
31 -21
31 -21
31 -21
31 -21
31 -21
31 -21
31 -21
31 -21
31 -21
31 -21
31 -21
31 -21
31 -21
31 -21
31 -21
31 -21
31 -21
31 -21
31 -21
31 -21
31 -21
31 -21
31 -21
31 -21
31 -21
31 -21
31 -21
31 -21
31 -21
31 -21
31 -21
31 -21
31 -21
31 -21
31 -21
31 -21
31 -21
31 -21
31 -21
31 -21
31 -21
31 -21
31 -21
29 -20
29 -20
29 -20
29 -20
29 -20
29 -20
29 -20
29 -20
29 -20
29 -20
29 -20
29 -20
29 -20
29 -20
29 -20
29 -20
29 -20
29 -20
29 -20
29 -20
29 -20
29 -20
29 -20
29 -20
29 -20
23 -15
23 -15
23 -15
23 -15
23 -15
23 -15
23 -15
23 -15
23 -15
23 -15
23 -15
23 -15
23 -15
23 -15
23 -15
23 -15
23 -15
23 -15
23 -15
23 -15
23 -15
23 -15
23 -15
23 -15
23 -15
23 -15
23 -15
23 -15
16 -8
16 -8
16 -8
16 -8
16 -8
16 -8
16 -8
16 -8
16 -8
16 -8
16 -8
16 -8
16 -8
16 -8
16 -8
16 -8
16 -8
16 -8
16 -8
16 -8
16 -8
16 -8
16 -8
16 -8
16 -8
16 -8
16 -8
16 -8
16 -8
16 -8
16 -8
16 -8
16 -8
16 -8
16 -8
16 -8
16 -8
16 -8
16 -8
16 -8
16 -8
16 -8
16 -8
16 -8
16 -8
16 -8
16 -8
16 -8
16 -8
16 -8
16 -8
16 -8
16 -8
16 -8
16 -8
16 -8
16 -8
16 -8
16 -8
16 -8
16 -8
14 -8
14 -8
14 -8
14 -8
14 -8
14 -8
14 -8
14 -8
14 -8
14 -8
14 -8
14 -8
14 -8
14 -8
14 -8
14 -8
14 -8
14 -8
14 -8
14 -8
14 -8
14 -8
14 -8
14 -8
14 -8
14 -8
7 -4
7 -4
7 -4
7 -4
7 -4
7 -4
7 -4
7 -4
7 -4
7 -4
7 -4
7 -4
7 -4
7 -4
7 -4
7 -4
7 -4
7 -4
7 -4
7 -4
7 -4
7 -4
7 -4
7 -4
7 -4
7 -4
7 -4
7 -4
7 -4
7 -4
7 -4
7 -4
7 -4
7 -4
7 -4
7 -4
7 -4
7 -4
7 -4
7 -4
7 -4
7 -4
7 -4
7 -4
7 -4
7 -4
7 -4
7 -4
7 -4
7 -4
7 -4
7 -4
7 -4
4 -1
4 -1
4 -1
4 -1
4 -1
4 -1
4 -1
4 -1
4 -1
4 -1
4 -1
4 -1
4 -1
4 -1
4 -1
4 -1
4 -1
4 -1
4 -1
4 -1
4 -1
4 -1
4 -1
4 -1
4 -1
4 -1
4 -1
4 -1
1 0
1 0
1 0
1 0
1 0
1 0
1 0
1 0
1 0
1 0
1 0
1 0
1 0
1 0
1 0
1 0
1 0
1 0
1 0
1 0
1 0
1 0
1 0
1 0
1 0
1 0
1 0
1 0
1 0
1 0
1 0
1 0
1 0
1 0
1 0
1 0
1 0
1 0
1 0
1 0
1 0
1 0
1 0
1 0
1 0
1 0
1 0
1 0
1 0
1 0
1 0
1 0
1 0
1 0
1 0
1 0
1 0
1 0
1 0
1 0
1 0
1 0
1 0
1 0
1 0
1 0
1 0
1 0
1 0
1 0
1 0
1 0
1 0
1 0
1 0
1 0
1 0
1 0
1 0
1 0
1 0
1 0
1 0
1 0
1 0
1 0
1 0
1 0
1 0
1 0
1 0
1 0
1 0
1 0
1 0
1 0
1 0
1 0
1 0
1 0
1 0
1 0
1 0
1 0
1 0
1 0
1 0
1 0
1 0
1 0
1 0
1 0
1 0
1 0
1 0
1 0
1 0
1 0
1 0
1 0
1 0
1 0
1 0
1 0
1 0
1 0
1 0
1 0
1 0
1 0
1 0
1 0
1 0
1 0
1 0
1 0
1 0
1 0
1 0
1 0
1 0
1 0
1 0
1 0
1 0
1 0
1 0
1 0
1 0
1 0
1 0
1 0
1 0
1 0
1 0
1 0
1 0
1 0
1 0
1 0
1 0
1 0
1 0
1 0
1 0
1 0
1 0
1 0
1 0
1 0
1 0
1 0
1 0
1 0
1 0
1 0
1 0
1 0
1 0
1 0
1 0
1 0
1 0
1 0
1 0
1 0
1 0
1 0
1 0
1 0
1 0
1 0
1 0
1 0
1 0
1 0
1 0
1 0
1 0
1 0
1 0
1 0
1 0
1 0
1 0
1 0
1 0
1 0
1 0
1 0
1 0
1 0
1 0
1 0
1 0
1 0
1 0
1 0
1 0
1 0
1 0
1 0
1 0
1 0
1 0
1 0
1 0
1 0
1 0
1 0
1 0
1 0
1 0
1 0
1 0
1 0
1 0
1 0
1 0
1 0
1 0
1 0
1 0
1 0
1 0
1 0
1 0
1 0
1 0
1 0
1 0
1 0
1 0
1 0
1 0
1 0
1 0
1 0
1 0
1 0
1 0
1 0
1 0
1 0
1 0
1 0
1 0
1 0
1 0
1 0
1 0
1 0
1 0
1 0
1 0
1 0
1 0
1 0
1 0
1 0
1 0
1 0
1 0
1 0
1 0
0 -1
0 -1
0 -1
0 -1
0 -1
0 -1
0 -1
0 -1
0 -1
0 -1
0 -1
0 -1
0 -1
0 -1
0 -1
0 -1
0 -1
0 -1
0 -1
0 -1
0 -1
0 -1
0 -1
0 -1
0 -1
0 -1
0 -1
0 -1
0 -1
0 -1
0 -1
0 -1
0 -1
0 -1
0 -1
0 -1
0 -1
0 -1
0 -1
0 -1
0 -1
0 -1
0 -1
0 -1
0 -1
0 -1
0 -1
0 -1
0 -1
0 -1
0 -1
0 -1
0 -1
0 -1
0 -1
0 -1
0 -1
0 -1
0 -1
0 -1
0 -1
0 -1
0 -1
0 -1
0 -1
0 -1
0 -1
0 -1
0 -1
0 -1
0 -1
0 -1
0 -1
0 -1
0 -1
0 -1
0 -1
0 -1
0 -1
0 -1
0 -1
0 -1
0 -1
0 -1
0 -1
0 -1
0 -1
0 -1
0 -1
0 -1
0 -1
0 -1
0 -1
0 -1
0 -1
0 -1
0 -1
0 -1
0 -1
0 -1
0 -1
0 -1
0 -1
0 -1
0 -1
0 -1
0 -1
0 -1
0 -1
0 -1
0 -1
0 -1
0 -1
0 -1
0 -1
0 -1
0 -1
0 -1
0 -1
0 -1
0 -1
0 -1
0 -1
0 -1
0 -1
0 -1
0 -1
0 -1
0 -1
0 -1
0 -1
0 -1
0 -1
0 -1
0 -1
0 -1
0 -1
0 -1
0 -1
0 -1
0 -1
0 -1
0 -1
0 -1
0 -1
0 -1
0 -1
0 -1
0 -1
0 -1
0 -1
0 -1
0 -1
0 -1
0 -1
0 -1
0 -1
0 -1
0 -1
0 -1
0 -1
0 -1
0 -1
0 -1
0 -1
0 -1
0 -1
0 -1
0 -1
0 -1
0 -1
0 -1
0 -1
0 -1
0 -1
0 -1
0 -1
0 -1
0 -1
0 -1
0 -1
0 -1
0 -1
0 -1
0 -1
0 -1
0 -1
0 -1
0 -1
0 -1
0 -1
0 -1
0 -1
0 -1
0 -1
0 -1
0 -1
0 -1
0 -1
0 -1
0 -1
0 -1
0 -1
0 -1
0 -1
0 -1
0 -1
0 -1
0 -1
0 -1
0 -1
0 -1
0 -1
0 -1
0 -1
0 -1
0 -1
0 -1
0 -1
0 -1
0 -1
0 -1
0 -1
0 -1
0 -1
0 -1
0 -1
0 -1
0 -1
0 -1
0 -1
0 -1
0 -1
0 -1
0 -1
0 -1
0 -1
0 -1
0 -1
0 -1
0 -1
0 -1
0 -1
0 -1
0 -1
0 -1
0 -1
0 -1
0 -1
0 -1
0 -1
0 -1
0 -1
0 -1
0 -1
0 -1
0 -1
0 -1
0 -1
0 -1
0 -1
0 -1
0 -1
0 -1
0 -1
0 -1
0 -1
0 -1
0 -1
0 -1
0 -1
0 -1
0 -1
0 -1
0 -1
0 -1
0 -1
0 -1
0 -1
0 -1
0 -1
0 -1
0 -1
0 -1
0 -1
0 -1
0 -1
0 -1
0 -1
0 -1
0 -1
0 -1
0 -1
0 -1
0 -1
0 -1
0 -1
0 -1
0 -1
0 -1
0 -1
0 -1
0 -1
0 -1
0 -1
0 -1
0 -1
0 -1
0 -1
0 -1
0 -1
0 -1
0 -1
0 -1
0 -1
0 -1
0 -1
1 0
1 0
1 0
1 0
1 0
1 0
1 0
1 0
1 0
1 0
1 0
1 0
1 0
1 0
1 0
1 0
1 0
1 0
1 0
1 0
1 0
1 0
1 0
1 0
1 0
1 0
1 0
1 0
1 0
1 0
1 0
1 0
1 0
1 0
1 0
1 0
1 0
1 0
1 0
1 0
1 0
1 0
1 0
1 0
1 0
1 0
1 0
1 0
1 0
1 0
1 0
1 0
1 0
1 0
1 0
1 0
1 0
1 0
1 0
1 0
1 0
1 0
1 0
1 0
1 0
1 0
1 0
1 0
1 0
1 0
1 0
1 0
1 0
1 0
1 0
1 0
1 0
1 0
1 0
1 0
1 0
1 0
1 0
1 0
1 0
1 0
1 0
1 0
1 0
1 0
1 0
1 0
1 0
1 0
1 0
1 0
1 0
1 0
1 0
1 0
1 0
1 0
1 0
1 0
1 0
1 0
1 0
1 0
1 0
1 0
1 0
1 0
1 0
1 0
1 0
1 0
1 0
1 0
1 0
1 0
1 0
1 0
1 0
1 0
1 0
1 0
1 0
1 0
1 0
1 0
1 0
1 0
1 0
1 0
1 0
1 0
1 0
1 0
1 0
1 0
1 0
1 0
1 0
1 0
1 0
1 0
1 0
1 0
1 0
1 0
1 0
1 0
1 0
1 0
1 0
1 0
1 0
1 0
1 0
1 0
1 0
1 0
1 0
1 0
1 0
1 0
1 0
1 0
1 0
1 0
1 0
1 0
1 0
1 0
1 0
1 0
1 0
1 0
1 0
1 0
1 0
1 0
1 0
1 0
1 0
1 0
1 0
1 0
1 0
1 0
1 0
1 0
1 0
1 0
1 0
1 0
1 0
1 0
1 0
1 0
1 0
1 0
1 0
1 0
1 0
1 0
1 0
1 0
1 0
1 0
1 0
1 0
1 0
1 0
1 0
1 0
1 0
1 0
1 0
1 0
1 0
1 0
1 0
1 0
1 0
1 0
1 0
1 0
1 0
1 0
1 0
1 0
1 0
1 0
1 0
1 0
1 0
1 0
1 0
1 0
1 0
1 0
1 0
1 0
1 0
1 0
1 0
1 0
1 0
1 0
1 0
1 0
1 0
1 0
1 0
1 0
1 0
1 0
1 0
1 0
1 0
1 0
1 0
1 0
1 0
1 0
1 0
1 0
1 0
1 0
1 0
1 0
1 0
1 0
1 0
1 0
1 0
1 0
1 0
1 0
1 0
1 0
1 0
1 0
1 0
1 0
1 0
1 0
1 0
1 0
1 0
1 0
1 0
1 0
1 0
1 0
1 0
1 0
1 0
1 0
1 0
1 0
1 0
1 0
1 0
1 0
1 0
1 0
1 0
1 0
1 0
1 0
1 0
1 0
1 0
1 0
1 0
1 0
1 0
1 0
1 0
1 0
1 0
1 0
1 0
1 0
1 0
1 0
1 0
1 0
1 0
1 0
1 0
1 0
1 0
1 0
1 0
1 0
1 0
1 0
1 0
1 0
1 0
1 0
1 0
1 0
1 0
1 0
1 0
1 0
1 0
1 0
1 0
1 0
1 0
1 0
1 0
1 0
1 0
1 0
1 0
1 0
1 0
1 0
1 0
1 0
1 0
1 0
1 0
1 0
1 0
1 0
1 0
1 0
1 0
1 0
-1 0
-1 0
-1 0
-1 0
-1 0
-1 0
-1 0
-1 0
-1 0
-1 0
-1 0
-1 0
-1 0
-1 0
-1 0
-1 0
-1 0
-1 0
-1 0
-1 0
-1 0
-1 0
-1 0
-1 0
-1 0
-1 0
-1 0
-1 0
-1 0
-1 0
-1 0
-1 0
-1 0
-1 0
-1 0
-1 0
-1 0
-1 0
-1 0
-1 0
-1 0
-1 0
-1 0
-1 0
-1 0
-1 0
-1 0
-1 0
-1 0
-1 0
-1 0
-1 0
-1 0
-1 0
-1 0
-1 0
-1 0
-1 0
-1 0
-1 0
-1 0
-1 0
-1 0
-1 0
-1 0
-1 0
-1 0
-1 0
-1 0
-1 0
-1 0
-1 0
-1 0
-1 0
-1 0
-1 0
-1 0
-1 0
-1 0
-1 0
-1 0
-1 0
-1 0
-1 0
-1 0
-1 0
-1 0
-1 0
-1 0
-1 0
-1 0
-1 0
-1 0
-1 0
-1 0
-1 0
-1 0
-1 0
-1 0
-1 0
-1 0
-1 0
-1 0
-1 0
-1 0
-1 0
-1 0
-1 0
-1 0
-1 0
-1 0
-1 0
-1 0
-1 0
-1 0
-1 0
-1 0
-1 0
-1 0
-1 0
-1 0
-1 0
-1 0
-1 0
-1 0
-1 0
-1 0
-1 0
-1 0
-1 0
-1 0
-1 0
-1 0
-1 0
-1 0
-1 0
-1 0
-1 0
-1 0
-1 0
-1 0
-1 0
-1 0
-1 0
-1 0
-1 0
-1 0
-1 0
-1 0
-1 0
-1 0
-1 0
-1 0
-1 0
-1 0
-1 0
-1 0
-1 0
-1 0
-1 0
-1 0
-1 0
-1 0
-1 0
-1 0
-1 0
-1 0
-1 0
-1 0
-1 0
-1 0
-1 0
-1 0
-1 0
-1 0
-1 0
-1 0
-1 0
-1 0
-1 0
-1 0
-1 0
-1 0
-1 0
-1 0
-1 0
-1 0
-1 0
-1 0
-1 0
-1 0
-1 0
-1 0
-1 0
-1 0
-1 0
-1 0
-1 0
-1 0
-1 0
-1 0
-1 0
-1 0
-1 0
-1 0
-1 0
-1 0
-1 0
-1 0
-1 0
-1 0
-1 0
-1 0
-1 0
-1 0
-1 0
-1 0
-1 0
-1 0
-1 0
-1 0
-1 0
-1 0
-1 0
-1 0
-1 0
-1 0
-1 0
-1 0
-1 0
-1 0
-1 0
-1 0
-1 0
-1 0
-1 0
-1 0
-1 0
-1 0
-1 0
-1 0
-1 0
-1 0
-1 0
-1 0
-1 0
-1 0
-1 0
-1 0
-1 0
-1 0
-1 0
-1 0
-1 0
-1 0
-1 0
-1 0
-1 0
-1 0
-1 0
-1 0
-1 0
-1 0
-1 0
-1 0
-1 0
-1 0
-1 0
-1 0
-1 0
-1 0
-1 0
-1 0
-1 0
-1 0
-1 0
-1 0
-1 0
-1 0
-1 0
-1 0
-1 0
-1 0
-1 0
-1 0
-1 0
-1 0
-1 0
-1 0
-1 0
-1 0
-1 0
-1 0
-1 0
-1 0
-1 0
-1 0
-1 0
-1 0
-1 0
-1 0
-1 0
-1 0
-1 0
-1 0
-1 0
-1 0
-1 0
-1 0
-1 0
-1 0
-1 0
-1 0
-1 0
-1 0
-1 0
-1 0
-1 0
-1 0
-1 0
-1 0
-1 0
-1 0
-1 0
-1 0
-1 0
-1 0
-1 0
-1 0
-1 0
-1 0
-1 0
-1 0
-1 0
-1 0
-1 0
-1 0
-1 0
-1 0
-1 0
-1 0
-1 0
-1 0
-1 0
-1 0
-1 0
-1 0
-1 0
-1 0
-1 0
-1 0
-1 0
-1 0
-1 0
-1 0
-1 0
-1 0
-1 0
-1 0
-1 0
-1 0
-1 0
-1 0
-1 0
-1 0
-1 0
-1 0
-1 0
-1 0
-1 0
-1 0
-1 0
-1 0
-1 0
-1 0
-1 0
-1 0
-1 0
-1 0
-1 0
-1 0
-1 0
-1 0
-1 0
-1 0
-1 0
-1 0
-1 0
-1 0
-1 0
-1 0
-1 0
-1 0
-1 0
-1 0
-1 0
-1 0
-1 0
-1 0
-1 0
-1 0
-1 0
-1 0
-1 0
-1 0
-1 0
-1 0
-1 0
-1 0
-1 0
-1 0
-1 0
-1 0
-1 0
-1 0
-1 0
-1 0
-1 0
-1 0
-1 0
-1 0
-1 0
-1 0
-1 0
-1 0
-1 0
-1 0
-1 0
-1 0
-1 0
-1 0
-1 0
-1 0
-1 0
-1 0
-1 0
-1 0
-1 0
-1 0
-1 0
-1 0
-1 0
-1 0
-1 0
-1 0
-1 0
-1 0
-1 0
-1 0
-1 0
-1 0
-1 0
-1 0
-1 0
-1 0
-1 0
-1 0
-1 0
-1 0
-1 0
-1 0
-1 0
-1 0
-1 0
-1 0
-1 0
-1 0
-1 0
-1 0
-1 0
-1 0
-1 0
-1 0
-1 0
-1 0
-1 0
-1 0
-1 0
-1 0
-1 0
-1 0
-1 0
-1 0
-1 0
-1 0
-1 0
-1 0
-1 0
-1 0
-1 0
-1 0
-1 0
-1 0
-1 0
-1 0
-1 0
-1 0
-1 0
-1 0
-1 0
-1 0
-1 0
-1 0
-1 0
-1 0
-1 0
-1 0
-1 0
-1 0
-1 0
-1 0
-1 0
-1 0
-1 0
-1 0
-1 0
-1 0
-1 0
-1 0
-1 0
-1 0
-1 0
-1 0
-1 0
-1 0
-1 0
-1 0
-1 0
-1 0
-1 0
-1 0
-1 0
-1 0
-1 0
-1 0
-1 0
-1 0
-1 0
-1 0
-1 0
-1 0
-1 0
-1 0
-1 0
-1 0
-1 0
-1 0
-1 0
-1 0
-1 0
-1 0
-1 0
-1 0
-1 0
-1 0
-1 0
-1 0
-1 0
-1 0
-1 0
-1 0
-1 0
-1 0
-1 0
-1 0
-1 0
-1 0
-1 0
-1 0
-1 0
-1 0
-1 0
-1 0
-1 0
-1 0
-1 0
-1 0
-1 0
-1 0
-1 0
-1 0
-1 0
-1 0
-1 0
-1 0
-1 0
-1 0
-1 0
-1 0
-1 0
-1 0
-1 0
-1 0
-1 0
-1 0
-1 0
-1 0
-1 0
-1 0
-1 0
-1 0
-1 0
-1 0
-1 0
-1 0
-1 0
-1 0
-1 0
-1 0
-1 0
-1 0
-1 0
-1 0
-1 0
-1 0
-1 0
-1 0
-1 0
-1 0
-1 0
-1 0
-1 0
-1 0
-1 0
-1 0
-1 0
-1 0
-1 0
-1 0
-1 0
-1 0
-1 0
-1 0
-1 0
-1 0
-1 0
-1 0
-1 0
-1 0
-1 0
-1 0
-1 0
-1 0
-1 0
-1 0
-1 0
-1 0
-1 0
-1 0
-1 0
-1 0
-1 0
-1 0
-1 0
-1 0
-1 0
-1 0
-1 0
-1 0
-1 0
-1 0
-1 0
-1 0
-1 0
-1 0
-1 0
-1 0
-1 0
-1 0
-1 0
-1 0
-1 0
-1 0
-1 0
-1 0
-1 0
-1 0
-1 0
-1 0
-1 0
-1 0
-1 0
-1 0
-1 0
-1 0
-1 0
-1 0
-1 0
-1 0
-1 0
-1 0
-1 0
-1 0
-1 0
-1 0
-1 0
-1 0
-1 0
-1 0
-1 0
-1 0
-1 0
-1 0
-1 0
-1 0
-1 0
-1 0
-1 0
-1 0
-1 0
-1 0
-1 0
-1 0
-1 0
-1 0
-1 0
-1 0
-1 0
-1 0
-1 0
-1 0
-1 0
-1 0
-1 0
-1 0
-1 0
-1 0
-1 0
-1 0
-1 0
-1 0
-1 0
-1 0
-1 0
-1 0
-1 0
-1 0
-1 0
-1 0
-1 0
-1 0
-1 0
-1 0
-1 0
-1 0
-1 0
-1 0
-1 0
-1 0
-1 0
-1 0
-1 0
-1 0
-1 0
-1 0
-1 0
-1 0
-1 0
-1 0
-1 0
-1 0
-1 0
-1 0
-1 0
-1 0
-1 0
-1 0
-1 0
-1 0
-1 0
-1 0
-1 0
-1 0
-1 0
-1 0
-1 0
-1 0
-1 0
-1 0
-1 0
-1 0
-1 0
-1 0
-1 0
-1 0
-1 0
-1 0
-1 0
-1 0
-1 0
-1 0
-1 0
-1 0
-1 0
-1 0
-1 0
-1 0
-1 0
-1 0
-1 0
-1 0
-1 0
-1 0
-1 0
-1 0
-1 0
-1 0
-1 0
-1 0
-1 0
-1 0
-1 0
-1 0
-1 0
-1 0
-1 0
-1 0
-1 0
-1 0
-1 0
-1 0
-1 0
-1 0
-1 0
-1 0
-1 0
-1 0
-1 0
-1 0
-1 0
-1 0
-1 0
-1 0
-1 0
-1 0
-1 0
-1 0
-1 0
-1 0
-1 0
-1 0
-1 0
-1 0
-1 0
-1 0
-1 0
-1 0
-1 0
-1 0
-1 0
-1 0
-1 0
-1 0
-1 0
-1 0
-1 0
-1 0
-1 0
-1 0
-1 0
-1 0
-1 0
-1 0
-1 0
-1 0
-1 0
-1 0
-1 0
-1 0
-1 0
-1 0
-1 0
-1 0
-1 0
-1 0
-1 0
-1 0
-1 0
-1 0
-1 0
-1 0
-1 0
-1 0
-1 0
-1 0
-1 0
-1 0
-1 0
-1 0
-1 0
-1 0
-1 0
-1 0
-1 0
-1 0
-1 0
-1 0
-1 0
-1 0
-1 0
-1 0
-1 0
-1 0
-1 0
-1 0
-1 0
-1 0
-1 0
-1 0
-1 0
-1 0
-1 0
-1 0
-1 0
-1 0
-1 0
-1 0
-1 0
-1 0
-1 0
-1 0
-1 0
-1 0
-1 0
-1 0
-1 0
-1 0
-1 0
-1 0
-1 0
-1 0
-1 0
-1 0
-1 0
-1 0
-1 0
-1 0
-1 0
-1 0
-1 0
-1 0
-1 0
-1 0
-1 0
-1 0
-1 0
-1 0
-1 0
-1 0
-1 0
-1 0
-1 0
-1 0
-1 0
-1 0
-1 0
-1 0
-1 0
-1 0
-1 0
-1 0
-1 0
-1 0
-1 0
-1 0
-1 0
-1 0
-1 0
-1 0
-1 0
-1 0
-1 0
-1 0
-1 0
-1 0
-1 0
-1 0
-1 0
-1 0
-1 0
-1 0
-1 0
-1 0
-1 0
-1 0
-1 0
-1 0
-1 0
-1 0
-1 0
-1 0
-1 0
-1 0
-1 0
-1 0
-1 0
-1 0
-1 0
-1 0
-1 0
-1 0
-1 0
-1 0
-1 0
-1 0
-1 0
-1 0
-1 0
-1 0
-1 0
-1 0
-1 0
-1 0
-1 0
-1 0
-1 0
-1 0
-1 0
-1 0
-1 0
-1 0
-1 0
-1 0
-1 0
-1 0
-1 0
-1 0
-1 0
-1 0
-1 0
-1 0
-1 0
-1 0
-1 0
-1 0
-1 0
-1 0
-1 0
-1 0
-1 0
-1 0
-1 0
-1 0
-1 0
-1 0
-1 0
-1 0
-1 0
-1 0
-1 0
-1 0
-1 0
-1 0
-1 0
-1 0
-1 0
-1 0
-1 0
-1 0
-1 0
-1 0
-1 0
-1 0
-1 0
-1 0
-1 0
-1 0
-1 0
-1 0
-1 0
-1 0
-1 0
-1 0
-1 0
-1 0
-1 0
-1 0
-1 0
-1 0
-1 0
-1 0
-1 0
-1 0
-1 0
-1 0
-1 0
-1 0
-1 0
-1 0
-1 0
-1 0
-1 0
-1 0
-1 0
-1 0
-1 0
-1 0
-1 0
-1 0
-1 0
-1 0
-1 0
-1 0
-1 0
-1 0
-1 0
-1 0
-1 0
-1 0
-1 0
-1 0
-1 0
-1 0
-1 0
-1 0
-1 0
-1 0
-1 0
-1 0
-1 0
-1 0
-1 0
-1 0
-1 0
-1 0
-1 0
-1 0
-1 0
-1 0
-1 0
-1 0
-1 0
-1 0
-1 0
-1 0
-1 0
-1 0
-1 0
-1 0
-1 0
-1 0
-1 0
-1 0
-1 0
-1 0
-1 0
-1 0
-1 0
-1 0
-1 0
-1 0
-1 0
-1 0
-1 0
-1 0
-1 0
-1 0
-1 0
-1 0
-1 0
-1 0
-1 0
-1 0
-1 0
-1 0
-1 0
-1 0
-1 0
-1 0
-1 0
-1 0
-1 0
-1 0
-1 0
-1 0
-1 0
-1 0
-1 0
-1 0
-1 0
-1 0
-1 0
-1 0
-1 0
-1 0
-1 0
-1 0
-1 0
-1 0
-1 0
-1 0
-1 0
-1 0
-1 0
-1 0
-1 0
-1 0
-1 0
-1 0
-1 0
-1 0
-1 0
-1 0
-1 0
-1 0
-1 0
-1 0
-1 0
-1 0
-1 0
-1 0
-1 0
-1 0
-1 0
-1 0
-1 0
-1 0
-1 0
-1 0
-1 0
-1 0
-1 0
-1 0
-1 0
-1 0
-1 0
-1 0
-1 0
-1 0
-1 0
-1 0
-1 0
-1 0
-1 0
-1 0
-1 0
-1 0
-1 0
-1 0
-1 0
-1 0
-1 0
-1 0
-1 0
-1 0
-1 0
-1 0
-1 0
-1 0
-1 0
-1 0
-1 0
-1 0
-1 0
-1 0
-1 0
-1 0
-1 0
-1 0
-1 0
-1 0
-1 0
-1 0
-1 0
-1 0
-1 0
-1 0
-1 0
-1 0
-1 0
-1 0
-1 0
-1 0
-1 0
-1 0
-1 0
-1 0
-1 0
-1 0
-1 0
-1 0
-1 0
-1 0
-1 0
-1 0
-1 0
-1 0
-1 0
-1 0
-1 0
-1 0
-1 0
-1 0
-1 0
-1 0
-1 0
-1 0
-1 0
-1 0
-1 0
-1 0
-1 0
-1 0
-1 0
-1 0
-1 0
-1 0
-1 0
-1 0
-1 0
-1 0
-1 0
-1 0
-1 0
-1 0
-1 0
-1 0
-1 0
-1 0
-1 0
-1 0
-1 0
-1 0
-1 0
-1 0
-1 0
-1 0
-1 0
-1 0
-1 0
-1 0
-1 0
-1 0
-1 0
-1 0
-1 0
-1 0
-1 0
-1 0
-1 0
-1 0
-1 0
-1 0
-1 0
-1 0
-1 0
-1 0
-1 0
-1 0
-1 0
-1 0
-1 0
-1 0
-1 0
-1 0
-1 0
-1 0
-1 0
-1 0
-1 0
-1 0
-1 0
-1 0
-1 0
-1 0
-1 0
-1 0
-1 0
-1 0
-1 0
-1 0
-1 0
-1 0
-1 0
-1 0
-1 0
-1 0
-1 0
-1 0
-1 0
-1 0
-1 0
-1 0
-1 0
-1 0
-1 0
-1 0
-1 0
-1 0
-1 0
-1 0
-1 0
-1 0
-1 0
-1 0
-1 0
-1 0
-1 0
-1 0
-1 0
-1 0
-1 0
-1 0
-1 0
-1 0
-1 0
-1 0
-1 0
-1 0
-1 0
-1 0
-1 0
-1 0
-1 0
-1 0
-1 0
-1 0
-1 0
-1 0
-1 0
-1 0
-1 0
-1 0
-1 0
-1 0
-1 0
-1 0
-1 0
-1 0
-1 0
-1 0
-1 0
-1 0
-1 0
-1 0
-1 0
-1 0
-1 0
-1 0
-1 0
-1 0
-1 0
-1 0
-1 0
-1 0
-1 0
-1 0
-1 0
-1 0
-1 0
-1 0
-1 0
-1 0
-1 0
-1 0
-1 0
-1 0
-1 0
-1 0
-1 0
-1 0
-1 0
-1 0
-1 0
-1 0
-1 0
-1 0
-1 0
-1 0
-1 0
-1 0
-1 0
-1 0
-1 0
-1 0
-1 0
-1 0
-1 0
-1 0
-1 0
-1 0
-1 0
-1 0
-1 0
-1 0
-1 0
-1 0
-1 0
-1 0
-1 0
-1 0
-1 0
-1 0
-1 0
-1 0
-1 0
-1 0
-1 0
-1 0
-1 0
-1 0
-1 0
-1 0
-1 0
-1 0
-1 0
-1 0
-1 0
-1 0
-1 0
-1 0
-1 0
-1 0
-1 0
-1 0
-1 0
-1 0
-1 0
-1 0
-1 0
-1 0
-1 0
-1 0
-1 0
-1 0
-1 0
-1 0
-1 0
-1 0
-1 0
-1 0
-1 0
-1 0
-1 0
-1 0
-1 0
-1 0
-1 0
-1 0
-1 0
-1 0
-1 0
-1 0
-1 0
-1 0
-1 0
-1 0
-1 0
-1 0
-1 0
-1 0
-1 0
-1 0
-1 0
-1 0
-1 0
-1 0
-1 0
-1 0
-1 0
-1 0
-1 0
-1 0
-1 0
-1 0
-1 0
-1 0
-1 0
-1 0
-1 0
-1 0
-1 0
-1 0
-1 0
-1 0
-1 0
-1 0
-1 0
-1 0
-1 0
-1 0
-1 0
-1 0
-1 0
-1 0
-1 0
-1 0
-1 0
-1 0
-1 0
-1 0
-1 0
-1 0
-1 0
-1 0
-1 0
-1 0
-1 0
-1 0
-1 0
-1 0
-1 0
-1 0
-1 0
-1 0
-1 0
-1 0
-1 0
-1 0
-1 0
-1 0
-1 0
-1 0
-1 0
-1 0
-1 0
-1 0
-1 0
-1 0
-1 0
-1 0
-1 0
-1 0
-1 0
-1 0
-1 0
-1 0
-1 0
-1 0
-1 0
-1 0
-1 0
-1 0
-1 0
-1 0
-1 0
-1 0
-1 0
-1 0
-1 0
-1 0
-1 0
-1 0
-1 0
-1 0
-1 0
-1 0
-1 0
-1 0
-1 0
-1 0
-1 0
-1 0
-1 0
0 3
0 3
0 3
0 3
0 3
0 3
0 3
0 3
0 3
0 3
0 3
0 3
0 3
0 3
0 3
0 3
0 3
0 3
0 3
0 3
0 3
0 3
0 3
0 3
0 3
0 3
0 3
0 3
0 3
0 3
0 3
0 3
0 3
0 3
0 3
0 3
0 3
0 3
0 3
0 3
0 3
0 3
0 3
0 3
0 3
0 3
0 3
0 3
0 3
0 3
0 3
0 3
0 3
0 3
0 3
0 3
0 3
0 3
0 3
0 3
0 3
0 3
0 3
0 3
0 3
0 3
0 3
0 3
0 3
0 3
0 3
0 3
0 3
0 3
0 3
0 3
0 3
0 3
0 3
0 3
0 3
0 3
0 3
0 3
0 3
0 3
0 3
0 3
0 3
0 3
0 3
0 3
0 3
0 3
0 3
0 3
0 3
0 3
0 3
0 3
0 3
0 3
0 3
0 3
0 3
0 3
0 3
0 3
0 3
0 3
0 3
0 3
0 3
0 3
0 3
0 3
0 3
0 3
0 3
0 3
0 3
0 3
0 3
0 3
0 3
0 3
0 3
0 3
0 3
0 3
0 3
0 3
0 3
0 3
0 3
0 3
0 3
0 3
0 3
0 3
0 3
0 3
0 3
0 3
0 3
0 3
0 3
0 3
0 3
0 3
0 3
0 3
0 3
0 3
0 3
0 3
0 3
0 3
0 3
0 3
0 3
0 3
0 3
0 3
0 3
0 3
0 3
0 3
0 3
0 3
0 3
0 3
0 3
0 3
0 3
0 3
0 3
0 3
0 3
0 3
0 3
0 3
0 3
0 3
0 3
0 3
0 3
0 3
0 3
0 3
0 3
0 3
0 3
0 3
0 3
0 3
0 3
0 3
0 3
0 3
0 3
0 3
0 3
0 3
0 3
0 3
0 3
0 3
0 3
0 3
0 3
0 3
0 3
0 3
0 3
0 3
0 3
0 3
0 3
0 3
0 3
0 3
0 3
0 3
0 3
0 3
0 3
0 3
0 3
0 3
0 3
0 3
0 3
0 3
0 3
0 3
0 3
0 3
0 3
0 3
0 3
0 3
0 3
0 3
0 3
0 3
0 3
0 3
0 3
0 3
0 3
0 3
0 3
0 3
0 3
0 3
0 3
0 3
0 3
0 3
0 3
0 3
0 3
0 3
0 3
0 3
0 3
0 3
0 3
0 3
0 3
0 3
0 3
0 3
0 3
0 3
0 3
0 3
0 3
0 3
0 3
0 3
0 3
0 3
0 3
0 3
0 3
0 3
0 3
0 3
0 3
0 3
0 3
0 3
0 3
0 3
0 3
0 3
0 3
0 3
0 3
0 3
0 3
0 3
0 3
0 3
0 3
0 3
0 3
0 3
0 3
0 3
0 3
0 3
0 3
0 3
0 3
0 3
0 3
0 3
0 3
0 3
0 3
0 3
0 3
0 3
0 3
0 3
0 3
0 3
0 3
0 3
0 3
0 3
0 3
0 3
0 3
0 3
0 3
0 3
0 3
0 3
0 3
0 3
0 3
0 3
0 3
0 3
0 3
0 3
0 3
0 3
0 3
0 3
0 3
0 3
0 3
0 3
0 3
0 3
0 3
0 3
0 3
0 3
0 3
0 3
0 3
0 3
0 3
0 3
0 3
0 3
0 3
0 3
0 3
0 3
0 3
0 3
0 3
0 3
0 3
0 3
0 3
0 3
0 3
0 3
0 3
0 3
0 3
0 3
0 3
0 3
0 3
0 3
0 3
0 3
0 3
0 3
0 3
0 3
0 3
0 3
0 3
0 3
0 3
0 3
0 3
0 3
0 3
0 3
0 3
0 3
0 3
0 3
0 3
0 3
0 3
0 3
0 3
0 3
0 3
0 3
0 3
0 3
0 3
0 3
0 3
0 3
0 3
0 3
0 3
0 3
0 3
0 3
0 3
0 3
0 3
0 3
0 3
0 3
0 3
0 3
0 3
0 3
0 3
0 3
0 3
0 3
0 3
0 3
0 3
0 3
0 3
0 3
0 3
0 3
0 3
0 3
0 3
0 3
0 3
0 3
0 3
0 3
0 3
0 3
0 3
0 3
0 3
0 3
0 3
0 3
0 3
0 3
0 3
0 3
0 3
0 3
0 3
0 3
0 3
0 3
0 3
0 3
0 3
0 3
0 3
0 3
0 3
0 3
0 3
0 3
0 3
0 3
0 3
0 3
0 3
0 3
0 3
0 3
0 3
0 3
0 3
0 3
0 3
0 3
0 3
0 3
0 3
0 3
0 3
0 3
0 3
0 3
0 3
0 3
0 3
0 3
0 3
0 3
0 3
0 3
0 3
0 3
0 3
0 3
0 3
0 3
0 3
0 3
0 3
0 3
0 3
0 3
0 3
0 3
0 3
0 3
0 3
0 3
0 3
0 3
0 3
0 3
0 3
0 3
0 3
0 3
0 3
0 3
0 3
0 3
0 3
0 3
0 3
0 3
0 3
0 3
0 3
0 3
0 3
0 3
0 3
0 3
0 3
0 3
0 3
0 3
0 3
0 3
0 3
0 3
0 3
0 3
0 3
0 3
0 3
0 3
0 3
0 3
0 3
0 3
0 3
0 3
0 3
0 3
0 3
0 3
0 3
0 3
0 3
0 3
0 3
0 3
0 3
0 3
0 3
0 3
0 3
0 3
0 3
0 3
0 3
0 3
0 3
0 3
0 3
0 3
0 3
0 3
0 3
0 3
0 3
0 3
0 3
0 3
0 3
0 3
0 3
0 3
0 3
0 3
0 3
0 3
0 3
0 3
0 3
0 3
0 3
0 3
0 3
0 3
0 3
0 3
