-5 11
-3 12
0 10
-1 9
0 7
1 5
1 1
11 0
8 3
9 4
10 7
7 9
7 8
5 9
3 8
5 11
6 9
5 8
2 6
5 4
3 3
5 2
7 1
7 3
7 5
9 1
6 5
9 2
11 6
7 6
7 4
10 6
9 6
8 6
12 5
13 3
10 5
9 3
8 4
6 0
6 4
8 1
12 0
12 -1
10 0
11 1
10 2
12 1
13 0
10 -1
9 -1
8 -1
2 0
0 -1
3 -3
7 -4
9 -5
14 -4
21 -5
16 -5
20 -7
15 -3
12 -5
11 -5
9 -4
7 -7
10 -4
7 -6
16 -7
16 -6
17 -9
7 -3
4 -2
4 -3
8 -6
13 -8
13 -5
8 -5
14 -5
10 -6
1 0
2 -3
7 -10
10 -7
9 -9
8 -9
4 -5
2 -4
0 -3
-1 -5
0 -4
-1 -6
1 -6
0 -6
0 -7
-1 -7
-2 -7
-3 -5
-3 -9
-4 -7
-3 -7
-4 -8
-3 -8
-4 -10
-5 -8
-2 -10
0 -9
-1 -8
-2 -6
-3 -6
-2 -4
-1 -2
-4 -3
-3 -2
-5 -4
-4 -2
-6 -3
-6 -2
-5 -2
-5 -3
-6 -5
-8 -4
-10 -4
-9 -5
-9 -4
-10 -5
-11 -4
-14 -2
-17 -4
-16 -7
-15 -3
-14 -5
-8 -1
-14 -3
-11 -5
-7 -2
-8 -6
-8 -2
-9 -3
-9 0
-9 -2
-10 -1
-10 0
-8 0
-7 0
-6 0
-5 0
-5 1
-7 3
-8 4
-9 4
-8 3
-10 4
-8 2
-10 3
-13 6
-14 7
-12 4
-12 6
-5 3
-2 1
-1 2
-4 4
-3 4
-1 6
-6 6
-10 8
-13 8
-11 8
-18 11
-14 8
-20 9
-18 8
-14 10
-12 13
-9 10
-7 9
-8 9
-9 8
-6 9
-8 8
-3 7
-5 5
-3 6
-4 3
0 3
0 1
3 1
