0 -4
1 -6
0 -5
1 -4
0 -2
-1 -5
-1 0
0 -1
-1 -6
-1 -3
-2 -6
-3 -6
-4 -8
-5 -7
-7 -7
-6 -6
-3 -3
-2 -11
-1 -16
0 -17
-2 -14
-2 -13
-4 -11
-2 -7
-2 -4
-2 -3
-2 -1
-8 -3
-10 -5
-8 -10
-9 -8
-11 -6
-8 -5
-7 -6
-9 -5
-6 -3
-4 -2
-5 -1
-5 0
-2 0
-3 0
-3 1
-7 1
-8 2
-7 0
-8 0
-9 -3
-13 -1
-10 -3
-12 -2
-13 -4
-11 -1
-7 -1
-10 -1
-11 0
-10 1
-12 3
-11 3
-11 1
-9 4
-9 2
-11 5
-13 4
-16 6
-8 5
-7 2
-5 4
-7 6
-13 8
-10 5
-7 3
-5 3
-6 3
-3 3
-2 3
-4 6
-4 7
-8 6
-15 5
-7 4
0 3
0 5
-2 4
-2 8
-6 8
-4 10
-4 8
-6 10
-5 11
-3 6
-4 9
-5 10
-5 8
-3 9
-3 8
-1 9
0 9
0 10
-1 8
0 8
0 6
1 7
1 6
3 3
2 3
3 4
2 5
1 4
2 8
3 9
1 10
2 11
3 11
1 13
1 9
1 12
1 8
4 2
4 4
2 4
5 6
4 5
4 7
3 5
4 6
4 9
3 6
6 6
7 4
6 4
5 3
3 2
5 2
8 2
8 1
9 1
8 0
9 0
11 -1
10 -4
5 -2
6 -4
7 -1
9 -5
9 -3
11 -3
7 -3
5 -5
13 -3
8 -5
10 -3
7 -5
7 -2
6 -1
8 -3
8 -2
8 -4
12 -3
10 -2
5 -1
15 -5
10 -5
5 -3
3 -4
3 -3
4 -5
7 -4
11 -8
6 -2
5 -4
1 -5
2 -5
3 -9
6 -11
6 -10
5 -10
4 -8
5 -9
2 -6
1 -3
6 -8
5 -8
5 -6
0 -6
0 -3
0 1
