-4 -1
-9 3
-10 3
-9 2
-8 2
-6 2
-3 2
-3 0
-3 3
-10 7
-12 6
-12 7
-11 6
-7 2
-4 1
-1 0
-8 4
-7 6
-8 6
-12 8
-6 7
-2 3
-2 5
-5 6
-5 4
-5 7
-7 8
-7 7
-4 7
-4 6
-3 7
-4 5
-3 6
-5 9
-3 4
-1 5
-6 9
-8 9
-10 6
-14 12
-12 11
-9 9
-13 9
-1 4
1 5
0 5
0 6
0 8
-1 6
0 7
1 7
2 8
3 9
2 10
1 12
0 13
1 15
4 14
7 11
4 15
6 15
3 14
3 11
6 7
5 6
7 8
7 6
7 5
6 4
7 3
9 2
10 4
9 4
6 8
8 7
11 7
11 6
9 8
12 5
9 7
8 9
8 5
9 6
11 5
12 4
12 2
12 1
15 -1
13 0
11 0
12 -1
14 -3
18 -2
12 -3
14 -6
15 -4
15 -3
17 -8
19 -10
19 -9
17 -7
20 -7
16 -7
15 -10
15 -9
15 -11
11 -12
11 -11
6 -7
4 -8
5 -7
2 -7
1 -6
2 -8
4 -12
5 -11
5 -13
4 -11
1 -10
1 -9
0 -10
0 -8
-1 -11
0 -11
-2 -11
-2 -12
1 -7
-4 -12
-6 -13
-3 -13
-5 -11
-6 -11
-3 -11
-6 -12
-4 -11
-2 -9
-5 -10
-5 -9
-6 -10
-8 -5
-7 -7
-4 -6
-5 -6
-6 -7
-7 -5
-6 -3
-7 -4
-7 -3
-8 0
-6 0
-6 -2
-5 -3
-8 -3
-9 -2
-8 -2
-9 1
-7 -2
-4 -5
-4 -4
-4 -3
-5 0
-4 0
-5 1
-9 -3
-11 -4
-11 -2
-5 2
-1 -1
-3 -1
-12 -6
-12 -4
-10 -5
-8 -1
-2 -1
0 1
0 2
1 0
