-3 8
-3 6
-1 6
0 4
0 3
0 5
1 5
0 7
0 8
0 9
1 6
2 6
3 5
6 3
7 3
6 2
3 2
4 3
2 5
3 6
2 8
3 7
4 8
4 7
0 10
1 11
0 12
1 10
0 11
2 11
4 11
5 10
4 9
3 8
3 9
1 8
7 6
8 6
5 5
2 7
6 5
5 4
6 4
7 2
7 0
6 0
6 -1
5 -1
5 -2
7 -2
8 -3
9 -2
9 -4
10 -3
10 -4
11 -4
12 -5
16 -6
13 -4
7 -6
2 0
4 -7
2 -5
4 -5
1 -3
0 -4
1 -4
1 -6
2 -7
3 -7
3 -9
3 -10
0 -8
2 -9
0 -7
0 -6
-1 -7
2 -8
1 -8
0 -9
-1 -5
-1 -6
0 -5
-2 -4
-1 -4
-2 -5
-2 -6
-1 -9
-2 -8
0 -2
-1 -2
-1 -3
-2 -3
0 -3
1 -2
-1 -1
-2 -7
0 -11
0 -14
0 -12
-3 -13
-3 -10
-5 -10
-3 -7
-3 -5
-3 -4
-4 -6
-5 -7
-7 -7
-5 -6
-6 -6
-6 -5
-4 -5
-6 -7
-8 -6
-7 -3
-7 -2
-6 -2
-5 1
-6 0
-5 0
-6 1
-7 4
-8 5
-9 4
-6 3
-8 6
-7 3
-3 2
-1 1
-6 6
-5 5
-6 5
-2 2
-1 3
-1 5
-2 5
-2 4
-2 3
-1 4
-5 6
-5 4
-7 5
-7 7
-9 10
-11 8
-5 10
-3 7
-2 6
-3 9
-5 11
-5 13
2 4
1 2
3 4
0 2
0 1
1 7
2 1
-1 0
