0 2
-1 2
0 1
1 3
1 2
0 4
-3 7
-2 10
-3 9
-1 9
-1 7
1 5
3 4
3 5
0 8
2 7
1 7
3 6
4 2
4 1
1 1
3 3
0 3
1 6
2 9
0 11
1 11
2 11
2 10
2 8
3 8
4 7
3 7
2 6
5 3
4 5
2 5
5 2
2 -2
2 1
3 1
1 0
2 0
3 0
2 -1
6 0
4 0
6 1
6 3
5 5
7 4
6 4
8 4
6 2
9 2
7 1
5 0
6 -2
8 -3
7 -1
7 -4
9 -8
9 -4
9 -6
7 -3
8 -5
9 -5
11 -5
10 -7
9 -7
7 -5
6 -4
4 -4
4 -5
5 -4
4 -6
3 -7
7 -8
3 -10
8 -9
7 -9
8 -10
4 -9
4 -8
2 -8
3 -9
1 -5
2 -6
1 -6
2 -7
0 -6
3 -4
0 -5
-1 -5
0 -7
0 -4
-1 -6
1 -4
0 -8
-1 -7
-3 -9
-2 -9
-1 -9
-3 -10
-3 -11
-2 -10
-2 -7
-1 -10
0 -10
0 -9
-1 -8
-2 -6
-4 -5
-2 -4
-3 -3
-2 -5
-3 -5
-4 -6
-3 -6
-4 -3
-4 -4
-6 -4
-3 -4
-5 -3
-5 -6
-5 -4
-7 -1
-8 -1
-6 -2
-4 0
-6 -1
-7 0
-8 0
-10 1
-8 1
-9 0
-9 2
-12 5
-8 3
-6 3
-4 3
-3 3
-2 3
-3 5
-2 8
-4 5
-5 4
-3 6
-5 8
-6 8
-3 8
-9 10
-7 10
-6 11
-7 11
-4 10
-4 9
-2 7
-2 9
-5 11
-7 14
-7 12
-8 11
-7 13
-2 5
0 6
1 4
