-1 -1
-4 -5
0 -3
-3 -5
-2 -7
-1 -5
-2 -4
-1 -2
0 -1
0 -4
-1 -3
0 -5
-1 -6
0 -7
-2 -8
-4 -7
-2 -6
-3 -8
-2 -1
-8 -10
-7 -9
-8 -11
-9 -14
-12 -15
-10 -12
-14 -12
-14 -11
-11 -10
-17 -10
-17 -9
-16 -9
-16 -5
-14 -8
-16 -6
-15 -4
-15 -3
-12 -5
-16 -4
-10 -2
-12 -1
-14 0
-11 0
-10 1
-11 -1
-11 1
-7 0
-10 -1
-14 -1
-16 -3
-16 0
-17 -3
-17 2
-20 1
-17 0
-16 1
-14 2
-18 -1
-15 1
-11 2
-15 2
-14 3
-17 5
-13 4
-12 6
-14 7
-10 8
-14 5
-11 7
-9 7
-9 4
-14 9
-16 4
-16 7
-17 11
-15 8
-13 6
-16 10
-18 10
-9 9
-8 8
-7 4
-4 6
-2 3
0 6
2 6
0 7
2 5
-3 9
-2 11
-4 12
-3 11
-2 14
-5 14
-4 14
-3 13
-1 11
0 11
0 10
1 8
2 8
2 10
0 9
-1 9
3 8
3 9
3 7
4 9
4 8
4 7
3 5
6 9
6 6
7 5
5 3
10 4
11 4
8 6
10 5
11 5
12 4
12 -1
14 6
8 7
12 3
13 4
10 6
16 7
16 8
15 4
15 7
14 3
15 5
16 5
14 5
13 5
15 3
14 2
13 1
11 3
14 4
15 2
17 1
15 0
13 0
17 -1
16 -1
13 -1
15 -2
14 -3
13 -3
15 -4
15 -6
16 -4
11 -2
16 -5
12 -8
16 -9
13 -9
15 -10
10 -9
11 -6
10 -4
12 -7
10 -7
9 -5
6 -3
8 -6
8 -8
7 -7
7 -5
6 -7
6 -9
9 -6
2 -6
3 -7
5 -8
6 -8
4 -6
3 -5
3 -6
2 -10
6 -11
7 -12
1 -4
1 -1
2 -4
3 0
0 -2
-1 0
0 1
0 2
1 1
