4 1
5 1
4 2
6 1
5 0
6 0
6 -1
5 -2
7 -2
6 -3
9 -4
4 -2
8 -4
3 -4
8 -5
6 -5
4 -5
6 -4
4 -4
5 -5
5 -6
6 -6
8 -9
8 -10
9 -10
9 -7
15 -12
16 -13
16 -14
14 -12
17 -14
10 -16
7 -14
6 -12
3 -9
4 -11
4 -13
2 -13
0 -15
1 -13
0 -13
0 -12
1 -9
0 -8
2 -6
1 -3
0 -1
0 -4
1 -8
0 -10
1 -15
2 -16
1 -16
2 -17
3 -15
1 -14
0 -9
-2 -5
-1 -3
0 -3
-1 -1
-2 -2
-1 -2
-1 -5
-6 -9
-8 -11
-7 -13
-9 -16
-8 -22
-8 -19
-9 -22
-7 -23
-7 -22
-3 -20
-1 -16
-2 -18
-3 -16
-3 -15
-3 -12
-2 -9
-3 -7
0 -6
-2 -1
-4 0
-5 2
-6 2
-7 1
-8 2
-4 2
-9 3
-11 3
-11 4
-12 3
-11 5
-9 2
-5 1
-6 1
-6 0
-9 0
-15 0
-13 -1
-14 1
-9 1
-5 0
-10 6
-13 7
-12 7
-19 7
-12 4
-11 2
-18 5
-10 4
-8 4
-6 3
-5 4
-5 5
-6 4
-6 7
-12 6
-16 7
-4 1
-2 1
-2 2
-1 5
-3 5
-8 6
-13 8
-7 5
-14 6
-9 6
-5 7
-4 6
-4 7
-3 6
-7 6
-6 9
-10 5
-10 7
-9 9
-8 9
-4 10
-6 12
-6 11
-2 9
-5 11
-5 10
-5 9
-4 9
-3 10
-2 8
-1 7
-1 8
0 6
0 4
-1 6
-2 6
0 7
-1 9
-2 13
-2 12
-3 12
-3 13
1 11
2 8
3 8
0 8
1 8
1 6
2 7
1 7
4 7
3 9
5 8
8 9
6 6
6 8
5 9
4 10
4 9
6 11
5 12
4 11
5 7
3 6
4 4
5 4
7 3
4 6
8 6
9 3
9 4
11 5
10 4
8 5
11 4
10 1
10 3
13 4
11 0
13 2
7 4
5 2
8 4
6 4
6 2
3 4
6 3
4 0
3 1
2 0
8 0
9 -1
3 2
2 1
3 0
7 -3
7 0
0 1
1 1
1 0
