-11 24
-11 23
-7 19
-5 15
-3 11
-3 10
-1 6
-1 1
0 -5
1 -17
-4 -15
-5 -10
-4 -7
0 -2
0 1
1 4
2 3
6 0
3 0
2 1
0 5
0 7
0 9
1 9
0 8
0 6
0 2
0 3
1 3
1 2
0 4
-3 14
-4 17
-5 20
-3 18
-5 22
-3 21
-4 18
-3 17
-2 14
0 10
1 7
9 -1
11 -2
10 0
8 0
7 1
12 0
11 4
9 6
10 10
10 12
5 11
5 13
9 5
9 3
10 1
9 0
6 -2
8 -5
15 -7
17 -6
16 -5
20 -3
16 -3
20 -4
16 -7
22 -5
20 -7
25 -7
23 -6
23 -5
22 -6
13 -3
15 -2
11 -4
12 -3
14 -8
14 -3
11 -5
7 -4
6 -3
8 -3
3 -3
5 -6
6 -8
5 -9
7 -13
5 -11
4 -11
2 -11
2 -8
2 -7
1 -7
2 -9
3 -10
1 -12
-1 -11
-2 -13
-2 -11
0 -7
0 -9
-1 -8
-1 -7
-2 -6
0 -8
-1 -10
1 -11
-1 -9
-2 -12
-1 -12
-1 -14
0 -14
-3 -14
-3 -13
-4 -14
-5 -13
-4 -11
-3 -9
-6 -9
-4 -8
-6 -12
-3 -6
-5 -9
-6 -8
-7 -7
-10 -7
-9 -3
-10 -3
-8 -1
-8 -3
-5 -2
-4 -1
-7 1
-7 2
-8 0
-10 -1
-16 1
-18 -1
-19 -2
-17 -2
-17 -5
-11 -2
-3 -1
-3 0
-2 1
-11 5
-7 3
-12 5
-11 2
-10 3
-9 3
-20 3
-15 3
-18 5
-20 4
-11 3
-13 2
-19 5
-12 4
-14 3
-2 5
-7 5
-5 4
-3 4
-1 5
-4 3
-7 6
-2 4
-1 3
-1 2
-2 6
-3 5
-3 7
-1 4
