-1 0
0 3
0 -1
0 -2
-1 -1
-2 0
-4 3
-2 1
-2 3
-3 5
-4 6
-1 3
-2 4
-1 1
-4 5
-2 5
-1 4
-2 7
1 8
0 5
-2 6
-3 10
-4 12
-4 9
-5 13
1 9
0 8
0 9
-1 8
0 6
-1 7
0 7
-1 9
-2 9
1 7
0 10
-1 6
-1 5
2 7
3 5
3 7
2 5
5 4
4 4
6 4
7 6
7 3
12 6
9 8
8 10
9 6
9 7
8 6
8 5
9 5
6 7
7 5
6 5
8 4
7 1
5 8
8 3
10 1
9 2
9 4
6 0
6 1
7 0
4 0
5 0
5 -2
6 -4
5 -5
5 -4
4 -4
4 -3
3 -4
2 -5
4 -6
5 -9
3 -7
1 -7
3 -10
7 -11
6 -12
6 -8
3 -5
1 -4
1 -5
3 -6
2 -7
4 -8
4 -9
6 -10
3 -8
4 -12
3 -11
1 -9
0 -6
1 -6
2 -9
0 -9
0 -10
1 -11
2 -10
-1 -10
-1 -8
-2 -10
0 -8
-3 -8
-2 -7
-2 -8
-3 -7
-2 -6
-1 -7
-3 -6
-3 -9
-4 -9
-4 -6
-6 -8
-4 -8
-5 -4
-5 -8
-4 -11
-6 -7
-10 -5
-8 -4
-4 -7
-5 -7
-6 -6
-7 -5
-5 -6
-7 -3
-5 -5
-5 -3
-8 -2
-6 -3
-6 -1
-3 -1
-3 0
-4 -1
0 2
