-1 5
0 5
0 4
0 3
-1 3
-1 4
0 6
1 5
1 7
0 7
4 7
2 4
3 8
1 12
0 15
2 16
2 17
1 18
3 16
2 13
4 13
4 9
2 7
1 6
2 5
3 1
3 6
2 9
2 6
4 8
3 5
4 4
0 2
3 2
2 3
3 4
4 3
1 0
5 3
4 1
5 4
7 5
6 2
5 2
5 1
4 0
5 -1
4 -4
6 -3
6 -2
4 -2
5 0
4 -1
7 0
6 -5
10 -1
9 -2
6 1
7 1
6 0
3 -1
2 0
5 -3
7 -2
8 -1
7 -1
8 -2
8 -7
9 -4
11 -6
7 -3
8 -4
10 -5
5 -5
7 -5
6 -6
7 -6
9 -9
9 -7
5 -6
3 -7
4 -7
5 -7
3 -9
4 -9
3 -8
6 -10
4 -11
5 -12
4 -12
0 -12
1 -10
2 -12
0 -11
0 -10
-2 -9
-3 -10
-2 -7
0 -1
-4 -8
-3 -8
-2 -8
0 -9
1 -15
3 -14
3 -12
-1 -9
0 -8
-1 -8
0 -7
-1 -7
-3 -9
-2 -10
-2 -11
-4 -4
-4 -10
-4 -9
-4 -11
-5 -7
-6 -4
-4 -6
-4 -5
-3 -5
-3 -4
-3 -6
-5 -5
-9 -5
-7 -3
-8 -2
-5 -3
-5 -1
-6 -3
-9 -1
-8 -3
-6 0
-7 -1
-5 1
-8 1
-7 1
-9 1
-10 4
-8 3
-7 3
-7 5
-10 1
-12 8
-15 8
-14 8
-10 10
-11 6
-10 5
-10 7
-15 10
-12 7
-11 8
-9 7
-10 8
-7 8
-3 6
-3 5
-2 8
-4 11
-4 10
-2 9
0 8
0 9
-1 7
-1 8
-1 6
0 1
