0 -19
-4 -12
-10 -7
-21 3
-28 21
-33 28
-37 40
-34 41
-26 41
-28 42
-20 37
-16 41
-4 30
10 21
14 14
12 2
13 -4
10 -14
7 -16
8 -15
9 -17
12 -21
25 -21
26 -24
28 -25
26 -22
25 -25
18 -24
19 -25
14 -26
11 -21
5 -17
2 -13
0 -7
0 -5
0 -1
2 -7
2 -5
2 -6
4 -11
2 -12
11 -19
10 -21
9 -21
6 -18
4 -14
3 -8
0 -6
0 1
9 1
15 0
10 4
9 9
6 11
11 14
10 10
11 10
9 7
8 9
10 8
7 11
10 11
15 9
14 5
12 7
11 3
9 4
10 3
6 2
1 1
2 3
3 3
3 2
2 4
3 6
3 5
6 5
8 4
6 4
4 4
4 3
4 2
4 1
3 0
3 1
2 0
6 0
5 3
4 0
5 0
7 3
7 1
9 3
11 4
6 13
4 17
4 15
7 16
7 12
9 10
10 2
9 2
11 2
10 0
9 -1
8 -4
8 -2
10 -2
14 -4
15 -6
16 -5
16 -3
12 -3
10 -3
7 0
5 -2
5 -3
15 -4
15 -3
17 -6
13 -5
11 -3
11 -4
4 -5
15 -7
14 -6
16 -6
12 -5
12 -8
9 -6
9 -5
11 -9
7 -7
5 -10
8 -10
9 -12
11 -14
9 -14
7 -13
5 -12
2 -10
3 -13
3 -10
1 -8
0 -8
1 -10
0 -9
4 -10
0 -10
-1 -8
-1 -6
-1 -7
-2 -5
-2 -8
-3 -8
-3 -7
-4 -7
0 -11
-1 -4
-2 -9
-2 -6
-2 -10
-1 -9
-1 -10
-3 -9
-3 -10
-2 -7
-4 -10
-3 -12
-6 -8
-6 -7
-6 -10
-5 -6
-5 -8
-4 -9
-4 -8
-5 -9
-7 -5
-4 -6
-5 -7
-5 -5
-8 -8
-5 -4
-6 -6
-7 -3
-6 -1
-8 -1
-10 -3
-7 -2
-9 -1
-5 -2
-7 -1
-10 -1
-9 0
-11 -2
-12 0
-5 1
-9 -2
-8 -3
-4 1
-3 0
-3 -1
-4 -1
-6 -2
-4 0
-5 -1
-10 0
-6 0
-12 -4
-14 -2
-12 -2
-8 0
-7 1
-5 2
-2 1
-6 3
-7 5
-9 5
-11 6
-7 3
-14 9
-15 7
-19 10
-25 8
-22 9
-18 8
-19 9
-16 7
-13 9
-11 8
-9 7
-8 7
-8 10
-10 13
-6 11
-4 10
-6 8
-5 11
-3 11
-3 10
-4 8
-1 10
2 9
0 8
0 9
-1 7
-1 9
2 10
1 8
0 7
-1 8
1 6
0 5
0 6
1 5
1 7
-1 6
0 4
1 4
0 2
1 2
-1 2
