5 -2
6 -3
4 -2
4 -3
8 -4
10 -4
10 -6
11 -4
10 -5
7 -4
6 -4
5 -5
6 -7
9 -4
8 -5
7 -7
3 -6
7 -5
7 -6
8 -9
4 -7
4 -6
4 -8
5 -8
5 -11
5 -10
3 -10
1 -9
1 -8
0 -7
1 -6
2 -9
0 -9
2 -8
3 -13
2 -12
2 -13
3 -11
1 -10
2 -10
0 -10
-2 -9
-1 -9
-1 -8
-3 -9
-3 -10
-2 -10
-2 -6
-2 -8
-3 -8
-4 -10
-1 -5
-2 -7
-3 -7
-1 -4
-5 -6
-5 -7
-5 -4
-6 -6
-7 -5
-6 -7
-6 -5
-7 -9
-9 -5
-7 -7
-8 -3
-8 -4
-8 -8
-7 -4
-11 -2
-10 -3
-9 -2
-6 -1
-7 -2
-7 -1
-8 3
-7 4
-4 2
-3 1
-2 4
-7 6
-9 7
-6 6
-13 6
-10 2
-6 4
-4 3
-4 5
-5 6
-6 7
-7 5
-5 3
-8 7
-11 10
-9 9
-10 6
-6 8
-5 5
-3 6
-3 5
-5 7
-5 10
-5 9
-4 9
-4 6
-3 7
-2 7
-1 6
-3 8
-6 9
-8 11
-7 12
-7 11
-2 6
0 5
-1 4
0 6
-1 7
0 7
0 8
0 9
1 7
1 6
1 9
2 9
1 8
3 8
2 5
2 6
-1 5
2 7
3 6
4 5
3 4
1 4
6 5
5 6
4 7
4 6
3 9
4 8
6 9
5 8
9 7
5 7
7 4
4 9
8 4
3 3
6 4
7 2
6 1
6 2
4 3
4 2
5 2
6 0
7 -2
5 -1
4 -1
2 0
3 0
6 -1
8 -2
7 0
3 -1
2 -1
0 1
1 0
1 1
-1 0
