-4 2
-4 1
-3 0
-2 0
-2 1
-3 1
-6 0
-6 2
-5 1
-4 0
-7 3
-10 3
-7 1
-7 4
-9 3
-11 3
-9 7
-11 4
-9 4
-8 5
-5 5
-7 5
-12 7
-10 11
-8 9
-12 9
-9 9
-5 6
-3 5
-3 6
-1 5
-6 8
-6 9
-8 7
-10 10
-5 8
-7 6
-2 6
-3 9
-4 5
-1 3
-5 7
-8 8
-6 7
-4 8
-1 8
-2 7
0 7
-3 8
-2 8
-2 11
0 8
0 9
-1 6
1 8
1 9
0 12
0 11
-1 11
-1 13
0 14
1 13
2 12
0 15
0 13
1 14
1 15
2 14
3 15
4 18
0 17
4 19
5 18
3 20
1 18
5 20
5 19
9 17
10 15
9 15
13 7
13 12
14 6
17 5
15 4
16 2
17 0
15 0
15 1
16 -2
16 -3
16 -1
15 -2
15 -1
18 -3
18 -4
12 -1
15 -4
10 -3
7 -2
10 -5
9 -4
11 -5
12 -7
10 -4
10 -2
7 -5
6 -6
4 -5
4 -6
2 -5
8 -7
13 -10
13 -9
13 -11
13 -13
10 -11
12 -9
7 -10
6 -9
4 -8
3 -9
4 -11
2 -11
3 -11
2 -10
5 -11
5 -13
3 -12
2 -9
0 -8
1 -9
0 -9
4 -14
4 -13
3 -14
1 -11
0 -12
-1 -11
0 -11
-1 -12
1 -14
0 -13
-3 -12
-3 -13
-1 -9
-3 -11
-5 -12
-4 -12
-4 -11
-2 -12
-4 -10
-6 -8
-3 -6
-5 -10
-4 -8
-5 -8
-8 -6
-8 -8
-8 -5
-6 -6
-4 -5
-4 -4
-5 -1
-7 -6
-5 -3
-5 -6
-6 -1
-4 -2
-6 -2
-4 -3
-3 -3
-7 -3
-7 0
-7 -1
-5 -4
-8 -2
-9 -4
-7 -5
-7 -2
-5 -2
-9 -3
-6 -3
-5 0
-1 0
-8 0
-4 -1
-9 -6
-7 -4
-3 -5
-1 -3
-3 -1
-2 -2
-1 -1
0 1
-1 1
