-9 0
-4 0
-3 0
-1 0
-6 0
-5 1
-2 0
-2 1
-6 2
-6 4
-4 2
-5 3
-3 3
-4 3
-5 4
-4 4
-5 2
-4 -2
-4 5
-3 2
-7 3
-7 2
-1 3
-4 6
-4 7
-2 4
-2 5
0 3
-1 2
-1 1
-6 6
-6 5
-13 8
-9 6
0 2
0 4
-7 8
-6 7
-3 7
-5 9
-5 8
-2 6
-1 4
-2 9
-1 8
-2 7
-3 6
0 5
0 1
1 3
-1 5
-2 3
-3 10
-6 11
-5 11
-5 10
1 2
1 5
0 8
0 7
0 6
4 3
1 4
2 3
2 5
1 8
3 7
1 6
2 6
0 9
2 7
3 6
2 8
4 6
5 5
7 4
7 6
5 3
4 7
8 1
8 5
8 4
6 5
4 2
5 2
6 0
4 1
3 0
2 1
4 0
3 -1
6 -1
7 -2
5 0
5 1
10 1
10 0
8 3
10 3
8 0
9 1
7 0
1 0
3 -4
4 -4
8 -3
6 -4
9 -3
6 -3
6 -2
4 -2
5 -3
7 -4
8 -4
8 -6
2 -1
3 -3
4 -1
8 -1
1 -2
3 -2
0 -1
1 -1
3 -6
6 -6
6 -5
5 -5
1 -3
3 -5
6 -9
8 -9
7 -8
5 -7
4 -8
4 -7
2 -4
0 -2
1 -4
0 -3
2 -3
3 -7
1 -5
5 -8
6 -8
5 -9
5 -10
2 -14
4 -10
2 -10
1 -7
0 -6
-2 -5
0 -7
5 -17
9 -22
7 -25
6 -21
9 -28
4 -24
2 -17
0 -17
0 -11
-3 -7
-6 -3
-7 -1
-5 0
-6 -2
-2 -3
-4 -5
-6 -6
-6 -8
-6 -5
-7 -6
-8 -3
-8 -4
-7 -5
-7 -4
-8 -2
-7 -3
-5 -4
-4 -3
-6 -1
-7 0
-3 1
-1 -1
-10 -1
-11 0
-14 -1
-12 0
-13 -2
-11 -2
-9 -4
-8 -5
-5 -3
-4 -1
-3 -1
