-1 5
-2 5
-2 2
0 4
1 5
1 4
0 5
1 6
2 4
0 7
0 10
-3 11
-2 10
0 8
1 7
0 3
0 9
-1 11
-1 9
3 8
2 6
1 8
2 7
3 4
3 2
0 1
1 2
1 3
2 8
4 9
3 9
3 11
2 10
4 8
5 8
3 1
4 6
3 5
4 2
5 2
5 1
5 3
7 1
7 4
7 3
9 2
11 3
11 4
10 0
10 2
12 3
8 4
10 1
9 1
8 0
6 1
8 1
9 0
9 -3
6 -2
6 -3
6 -4
4 -3
5 -6
8 -6
11 -8
14 -9
8 -5
10 -9
9 -8
8 -9
7 -9
6 -9
5 -8
4 -9
1 -8
3 -9
6 -12
4 -8
4 -6
2 -5
1 -4
1 -5
2 -6
3 -6
1 -6
2 -10
1 -9
2 -7
0 -5
0 -6
-1 -8
0 -9
-1 -9
0 -10
-1 -10
-1 -11
-2 -10
-2 -9
-2 -11
-2 -12
-2 -13
-4 -9
-1 -12
-4 -10
-5 -7
-3 -9
1 -10
-2 -6
-2 -7
-3 -7
-4 -7
-4 -8
-5 -4
-5 -5
-4 -6
-5 -6
-7 -6
-6 -6
-9 -4
-6 -3
-4 -3
-6 -5
-8 -4
-6 -4
-7 -5
-8 -3
-8 -2
-5 -1
-6 -2
-6 -1
-7 0
-8 1
-9 1
-7 2
-6 2
-8 4
-11 4
-7 4
-4 2
-3 2
-2 1
-6 5
-8 5
-4 6
-6 9
-6 6
-7 9
-8 8
-5 11
-9 11
-7 13
-5 5
-8 12
-8 11
-7 12
-7 10
-3 10
-2 7
-2 8
-2 9
-1 8
-3 6
-1 7
-2 6
-1 6
-2 4
1 1
0 2
-1 3
1 0
-1 2
-1 1
-1 4
0 6
