5 -5
8 -2
7 -3
8 -4
4 -1
5 -2
8 -3
6 -5
7 -1
6 -4
6 -3
9 -6
9 -9
10 -7
9 -4
7 -6
9 -5
11 -5
11 -8
13 -8
16 -11
18 -11
19 -11
14 -11
10 -12
4 -10
2 -8
1 -6
2 -7
1 -9
1 -7
0 -8
0 -10
-1 -9
-4 -8
-6 -3
-7 -4
-5 -1
-4 -3
-2 -5
-1 -6
0 -6
0 -11
-1 -10
-2 -10
-4 -13
-5 -12
-6 -13
-7 -15
-8 -14
-4 -12
-7 -11
-8 -11
-7 -8
-5 -8
-4 -6
-3 -6
0 -3
-2 -6
-5 -4
-5 -2
-7 -2
-7 -1
-8 0
-8 -2
-9 -3
-9 0
-9 -2
-6 -2
-7 -3
-8 -3
-10 -1
-13 -1
-12 -1
-11 -3
-5 0
-4 0
-3 0
-4 -1
-13 0
-17 0
-20 0
-20 1
-14 0
-11 0
-6 0
-4 1
-5 3
-5 6
-9 11
-10 4
-11 7
-8 6
-9 9
-9 7
-15 9
-13 9
-7 6
-7 7
-2 13
-6 15
-4 11
-7 13
-7 16
-4 13
-3 12
-3 10
-3 9
-6 12
-7 12
-5 10
-2 9
-1 9
-1 10
0 10
2 8
3 9
2 9
2 6
4 6
5 4
5 6
4 7
3 5
5 3
3 6
3 7
2 7
1 5
5 7
6 5
5 5
3 4
2 3
4 3
5 2
5 1
6 2
4 1
4 2
7 1
9 0
10 0
7 -2
8 0
7 0
8 1
8 2
10 2
11 0
6 0
10 -1
1 0
0 -1
2 0
2 1
0 2
1 2
0 1
1 3
0 3
0 5
2 4
2 2
-1 1
0 -4
0 -2
