-3 -22
-2 -16
-2 -15
-2 -14
-2 -8
0 -1
-2 -6
-2 -4
-2 -3
-3 -4
-1 -2
-5 -5
-5 -2
-6 -2
-6 -4
-9 -11
-8 -15
-8 -21
-10 -20
-8 -19
-8 -16
-7 -8
-1 0
1 1
-5 6
-7 3
-5 2
-6 2
-3 1
-3 0
-6 3
-6 6
-1 4
-4 2
-8 5
-10 4
-5 3
-9 4
-12 2
-12 3
-15 5
-8 4
-8 3
-10 6
-11 6
-13 5
-10 5
-5 5
-3 4
-7 5
-13 7
-3 5
-1 3
-2 4
-2 6
-5 7
-7 8
-7 7
0 3
0 2
-3 6
-3 7
-2 5
0 5
-2 3
-4 8
-3 11
-1 8
-1 6
0 6
-1 5
-2 7
0 4
1 5
1 7
0 8
1 6
1 9
0 9
-1 9
1 8
2 7
0 7
2 6
4 3
2 5
3 4
3 3
2 2
4 0
4 1
4 2
5 2
6 1
6 2
5 3
6 3
5 4
7 5
4 6
7 7
6 6
11 6
7 9
4 13
7 13
8 9
8 11
8 10
10 6
10 7
8 4
7 2
8 1
6 0
4 -1
3 0
7 -2
8 -4
5 -4
8 -2
5 -2
7 -1
7 -4
13 -5
13 -4
12 -3
12 0
1 0
1 -1
4 -5
8 -5
7 -7
11 -6
12 -6
9 -5
7 -5
2 0
5 -5
2 -7
4 -4
2 -6
3 -7
2 -9
4 -8
0 -8
1 -8
4 -9
3 -9
1 -6
1 -3
0 -3
1 -2
0 -4
0 -5
-1 -3
0 -2
0 -7
3 -6
6 -7
3 -8
1 -4
1 -7
4 -10
3 -4
4 -6
3 -5
2 -4
3 -3
-1 -4
0 -6
0 1
2 -5
2 -8
