-1 3
0 3
0 6
-1 6
1 4
2 7
1 6
3 6
4 6
4 4
2 2
3 5
3 4
3 10
5 11
4 13
5 13
5 12
5 14
4 12
3 7
8 10
8 6
4 2
8 5
10 5
9 4
5 3
9 5
8 8
12 6
11 4
12 3
12 4
10 2
11 2
9 2
10 0
12 1
11 0
13 -1
11 -1
12 -2
12 0
13 0
15 -2
18 -1
16 -2
14 1
10 1
7 -1
13 -2
10 -1
13 -3
6 1
11 -2
14 -3
12 -3
14 -2
12 -5
14 -6
14 -5
15 -5
15 -6
13 -6
14 -7
13 -5
10 -5
9 -7
8 -6
10 -4
8 -7
11 -6
7 -5
5 -3
5 -5
4 -5
2 -5
4 -6
2 -7
4 -8
3 -7
3 -6
1 -7
0 -6
1 -8
0 -7
0 -8
1 -10
0 -9
-2 -11
-1 -14
-1 -12
-1 -13
-3 -13
-3 -16
-5 -15
-3 -10
-5 -13
-5 -9
-4 -6
-4 -4
-5 -8
-7 -6
-6 -5
-7 -5
-8 -4
-9 -3
-8 -3
-8 -2
-9 0
-10 -1
-12 -1
-14 -1
-10 1
-11 0
-10 -2
-9 -2
-6 -1
-7 -2
-8 -1
-6 -2
-5 0
-6 -4
-7 0
-7 2
-6 1
-7 -1
-6 0
-5 -1
-6 -3
-8 0
-7 1
-8 2
-10 0
-11 1
-8 1
-9 -1
-12 0
-14 0
-16 -1
-16 0
-13 2
-15 1
-12 3
-12 1
-14 2
-15 4
-18 6
-18 3
-17 4
-16 5
-15 6
-15 5
-17 8
-20 5
-16 7
-10 4
-9 6
-5 3
-2 2
-2 5
-2 6
-7 10
-11 6
-14 9
-15 11
-13 6
-8 6
-4 7
-3 4
-1 7
-3 7
-1 8
-2 9
-2 8
4 3
2 1
3 0
4 0
6 -2
8 -3
5 -1
5 0
2 0
1 0
0 1
-1 1
