0 -1
0 1
-8 6
-8 4
-7 -1
-6 2
-4 2
-5 3
-9 3
-9 6
-6 5
-8 7
-7 6
-4 5
-10 7
-12 8
-4 6
-6 4
-1 1
-6 8
-8 5
-9 8
-6 3
-5 4
-3 5
-2 5
-4 10
-5 9
-7 9
0 5
-2 7
-4 11
-2 10
-5 14
-6 13
-5 13
-3 9
-5 10
-4 9
-2 8
0 4
-1 7
-4 3
0 6
-1 6
0 8
-1 9
-2 12
-2 13
-3 12
-1 15
-1 12
0 13
0 9
4 7
2 6
3 6
2 3
3 5
2 8
4 2
6 3
4 6
5 4
3 7
4 8
7 6
5 8
5 9
5 7
4 9
7 8
7 3
5 2
7 4
5 6
3 4
5 3
3 1
4 3
4 4
6 2
7 2
6 1
8 1
7 1
7 0
8 0
6 0
5 -1
6 -1
7 -2
7 -1
6 -2
8 -2
10 -3
9 -3
11 -7
12 -6
13 -6
11 -9
13 -5
12 -4
9 -4
7 -5
8 -3
7 -7
6 -3
5 -3
5 -4
8 -6
8 -7
9 -5
7 -3
3 -5
4 -5
4 -6
2 -5
2 -3
1 -5
1 -7
0 -7
2 -9
1 -9
1 -11
0 -10
1 -12
0 -12
1 -13
0 -9
-1 -9
1 -10
0 -8
0 -11
-1 -12
-1 -10
-1 -11
-3 -8
-2 -8
-2 -9
-1 -8
-3 -9
-3 -7
-4 -7
-2 -10
-4 -9
-5 -7
-4 -6
-3 -4
-1 -7
-4 -10
-4 -8
-5 -9
-5 -8
-5 -5
-5 -4
-6 -4
-6 -2
-3 -6
-1 -5
-3 -2
-6 -3
-5 -2
-4 -3
-2 -2
-3 -3
-5 -3
-7 -2
-4 -2
-7 -4
-6 0
-9 0
-7 0
-4 1
-1 -1
-2 0
-2 -1
0 2
-1 0
-7 -3
-8 -4
-6 -7
-6 -5
0 -2
1 0
5 0
3 -1
2 0
2 1
2 2
