-2 6
0 5
-1 4
0 4
1 4
2 4
1 5
2 6
2 5
3 7
4 7
1 6
3 5
3 6
2 7
4 1
1 7
3 4
4 4
2 3
0 2
1 2
5 5
3 3
4 5
6 5
7 4
7 3
6 4
4 9
5 8
5 10
4 6
5 4
5 6
8 3
6 2
7 1
7 0
8 1
10 -1
9 0
9 -2
9 -1
8 -2
7 -1
8 -3
9 -3
6 0
8 -4
7 -3
7 -2
7 -4
9 -5
8 -5
5 -2
6 -6
7 -7
3 -8
6 -9
5 -8
4 -7
3 -6
3 -5
2 -5
3 -7
0 -2
1 -6
2 -6
0 -7
2 -8
0 -5
-1 -3
-1 -5
-1 -4
-2 -8
-1 -8
-3 -8
-2 -7
-1 -6
-5 -8
-2 -6
0 -9
0 -8
1 -8
2 -10
0 -6
0 -4
0 -3
-3 -7
-4 -7
-4 -5
-3 -3
-4 -3
-6 -3
-5 -4
-4 -4
-4 -2
-5 -2
-2 0
-3 -5
-7 -3
-5 -3
-8 -4
-8 -3
-6 -5
-4 -6
-8 -7
-8 -2
-5 -6
-6 -4
-2 -2
-6 -2
-3 -1
-7 0
-7 -1
-5 -1
-4 -1
-5 0
-7 2
-8 3
-6 3
-3 3
-5 1
-7 4
-8 6
-12 8
-12 6
-9 3
-13 5
-11 5
-4 4
-2 3
-2 7
-2 5
-3 6
-5 3
-7 9
-7 8
-6 8
-6 10
-8 9
-7 10
-6 9
-1 5
0 3
0 6
-1 7
-1 6
0 1
1 0
1 3
1 1
2 2
