5 -6
13 -11
25 -16
26 -17
26 -17
26 -17
26 -17
26 -17
26 -17
26 -17
26 -17
26 -17
26 -17
26 -17
26 -17
30 -19
30 -19
30 -19
30 -19
30 -19
30 -19
30 -19
30 -19
30 -19
30 -19
30 -19
30 -19
30 -19
30 -19
30 -19
30 -19
34 -21
34 -21
34 -21
34 -21
34 -21
34 -21
34 -21
34 -21
34 -21
34 -21
34 -21
34 -21
34 -21
34 -21
34 -21
34 -21
34 -21
34 -21
34 -21
34 -21
34 -21
34 -21
34 -21
34 -21
34 -21
34 -21
34 -21
34 -21
34 -21
34 -21
34 -21
34 -21
34 -21
34 -21
34 -21
34 -21
34 -21
34 -21
34 -21
34 -21
34 -21
34 -21
33 -18
33 -18
33 -18
33 -18
33 -18
33 -18
33 -18
33 -18
33 -18
33 -18
33 -18
33 -18
33 -18
33 -18
33 -18
33 -18
33 -18
33 -18
33 -18
33 -18
33 -18
33 -18
33 -18
33 -18
33 -18
33 -18
33 -18
33 -18
33 -18
33 -18
33 -18
33 -18
33 -18
33 -18
33 -18
33 -18
33 -18
33 -18
33 -19
35 -21
35 -21
35 -21
35 -21
35 -21
35 -21
35 -21
35 -21
35 -21
35 -21
35 -21
35 -21
35 -21
35 -21
35 -21
35 -21
35 -21
35 -21
35 -21
35 -21
35 -21
35 -21
35 -21
35 -21
35 -21
35 -21
35 -21
35 -21
35 -21
35 -21
35 -21
35 -21
35 -21
35 -21
35 -21
35 -21
32 -18
32 -18
32 -18
32 -18
32 -18
32 -18
32 -18
32 -18
32 -18
32 -18
32 -18
32 -18
32 -18
32 -18
32 -18
32 -18
32 -18
32 -18
32 -18
32 -18
32 -18
37 -20
37 -20
37 -20
37 -20
37 -20
37 -20
37 -20
37 -20
37 -20
37 -20
37 -20
37 -20
37 -20
37 -20
37 -20
37 -20
37 -20
37 -20
37 -20
37 -20
37 -20
37 -20
37 -20
37 -20
37 -20
37 -20
37 -20
37 -20
37 -20
37 -20
37 -20
37 -20
37 -20
37 -20
37 -20
37 -20
37 -20
37 -20
37 -20
37 -20
37 -20
37 -20
37 -20
37 -20
37 -20
37 -20
37 -20
37 -20
37 -20
37 -20
37 -20
37 -20
37 -20
37 -20
37 -20
37 -20
37 -20
37 -20
37 -20
37 -20
37 -20
37 -20
37 -20
37 -20
37 -20
37 -20
37 -20
37 -20
37 -20
37 -20
37 -20
37 -20
29 -15
29 -15
29 -15
29 -15
29 -15
29 -15
29 -15
29 -15
29 -15
29 -15
29 -15
29 -15
29 -15
29 -15
29 -15
29 -15
29 -15
29 -15
29 -15
29 -15
29 -15
29 -15
29 -15
29 -15
29 -15
29 -15
29 -15
29 -15
29 -15
29 -15
29 -15
29 -15
29 -15
29 -15
29 -15
29 -15
29 -15
29 -15
29 -15
29 -15
29 -15
29 -15
29 -15
29 -15
29 -15
24 -12
24 -12
24 -12
24 -12
24 -12
24 -12
24 -12
24 -12
24 -12
24 -12
24 -12
24 -12
24 -12
24 -12
24 -12
24 -12
24 -12
24 -12
24 -12
24 -12
24 -12
24 -12
25 -13
25 -13
25 -13
25 -13
25 -13
25 -13
25 -13
25 -13
25 -13
25 -13
25 -13
25 -13
25 -13
25 -13
25 -13
25 -13
25 -13
25 -13
25 -13
25 -13
25 -13
25 -13
25 -13
25 -13
25 -13
19 -9
19 -9
19 -9
19 -9
19 -9
19 -9
19 -9
19 -9
19 -9
19 -9
19 -9
19 -9
19 -9
19 -9
19 -9
19 -9
19 -9
19 -9
19 -9
19 -9
19 -9
19 -9
19 -9
15 -10
15 -10
15 -10
15 -10
15 -10
15 -10
15 -10
15 -10
15 -10
15 -10
15 -10
15 -10
15 -10
15 -10
15 -10
15 -10
15 -10
15 -10
15 -10
15 -10
15 -10
15 -10
15 -10
15 -10
15 -10
15 -10
15 -10
15 -10
15 -10
15 -10
15 -10
15 -10
15 -10
15 -10
15 -10
15 -10
15 -10
15 -10
15 -10
15 -10
15 -10
15 -10
15 -10
15 -10
15 -10
15 -10
15 -10
15 -10
15 -10
15 -10
15 -10
15 -10
15 -10
15 -10
15 -10
15 -10
15 -10
15 -10
15 -10
15 -10
10 -6
8 -4
8 -4
8 -4
8 -4
8 -4
8 -4
8 -4
8 -4
8 -4
8 -4
8 -4
8 -4
8 -4
8 -4
8 -4
8 -4
8 -4
8 -4
8 -4
8 -4
8 -4
8 -4
8 -4
8 -4
8 -4
8 -4
8 -4
8 -4
8 -4
8 -4
8 -4
8 -4
8 -4
8 -4
8 -4
8 -4
8 -4
8 -4
8 -4
8 -4
8 -4
8 -4
8 -4
8 -4
8 -4
8 -4
8 -4
8 -4
8 -4
8 -4
8 -4
8 -4
8 -4
8 -4
8 -4
8 -4
8 -4
7 -3
3 -2
3 -2
3 -2
3 -2
3 -2
3 -2
3 -2
3 -2
3 -2
3 -2
3 -2
3 -2
3 -2
3 -2
3 -2
3 -2
3 -2
3 -2
3 -2
3 -2
3 -2
3 -2
3 -2
3 -2
3 -2
3 -2
3 -2
3 -2
3 -2
1 -3
1 -3
1 -3
1 -3
1 -3
1 -3
1 -3
1 -3
1 -3
1 -3
1 -3
1 -3
1 -3
1 -3
1 -3
1 -3
1 -3
1 -3
1 -1
1 -1
1 -1
1 -1
1 -1
1 -1
1 -1
1 -1
1 -1
1 -1
1 -1
1 -1
1 -1
1 -1
1 -1
1 -1
1 -1
1 -1
1 -1
1 -1
1 -1
1 -1
2 -3
2 -3
2 -3
2 -3
2 -3
2 -3
2 -3
2 -3
2 -3
2 -3
2 -3
2 -3
2 -3
2 -3
2 -3
2 -3
2 -3
2 -3
2 -3
2 -3
2 -3
2 -3
2 -3
2 -3
2 -3
2 -3
2 -3
2 -3
2 -3
2 -3
2 -3
2 -3
2 -3
2 -3
2 -3
2 -3
2 -3
2 -3
2 -3
2 -3
2 -3
4 -4
4 -4
4 -4
4 -4
4 -4
4 -4
4 -4
4 -4
4 -4
4 -4
4 -4
4 -4
4 -4
4 -4
4 -4
4 -4
4 -4
4 -4
4 -4
4 -4
4 -4
4 -4
4 -4
4 -4
4 -4
4 -4
4 -4
4 -4
4 -4
4 -4
4 -4
4 -4
4 -4
4 -4
4 -4
4 -3
4 -3
4 -3
4 -3
4 -3
4 -3
4 -3
4 -3
4 -3
4 -3
4 -3
4 -3
4 -3
4 -3
4 -3
4 -3
4 -3
4 -3
4 -3
4 -3
4 -3
7 -4
7 -4
7 -4
7 -4
7 -4
7 -4
7 -4
7 -4
7 -4
7 -4
7 -4
7 -4
7 -4
7 -4
7 -4
7 -4
5 -4
5 -4
5 -4
5 -4
5 -4
5 -4
5 -4
5 -4
5 -4
5 -4
5 -4
5 -4
5 -4
5 -4
5 -4
5 -4
5 -4
5 -4
5 -4
5 -4
4 -2
4 -2
4 -2
4 -2
4 -2
4 -2
4 -2
4 -2
4 -2
4 -2
4 -2
4 -2
4 -2
4 -2
4 -2
4 -2
4 -2
4 -2
4 -2
4 -2
4 -2
4 -2
4 -2
4 -2
4 -2
4 -2
4 -2
4 -2
4 -2
4 -2
4 -2
4 -2
4 -2
4 -2
4 -2
4 -2
4 -2
4 -2
4 -2
4 -2
4 -2
4 -2
4 -2
4 -2
4 -2
4 -2
4 -2
4 -2
4 -2
4 -2
4 -2
4 -2
4 -2
4 -2
4 -2
4 -2
4 -2
4 -2
4 -2
4 -2
4 -2
4 -2
4 -2
4 -2
4 -2
4 -2
4 -2
4 -2
4 -2
4 -2
4 -2
3 -3
0 -1
0 -1
0 -1
0 -1
0 -1
0 -1
0 -1
0 -1
0 -1
0 -1
0 -1
0 -1
0 -1
0 -1
0 -1
0 -1
0 -1
0 -1
0 -1
0 -1
0 -1
0 -1
0 -1
0 -1
0 -1
0 -1
0 -1
0 -1
0 -1
0 -1
0 -1
0 -1
0 -1
0 -1
0 -1
0 -1
0 -1
0 -1
0 -1
0 -1
0 -1
0 -1
0 -1
0 -1
0 -1
0 -1
0 -1
0 -1
0 -1
0 -1
0 -1
0 -1
0 -1
0 -1
0 -1
0 -1
0 -1
0 -1
0 -1
0 -1
0 -1
0 -1
0 -1
0 -1
0 -1
0 -1
0 -1
0 -1
0 -1
0 -1
0 -1
0 -1
0 -1
0 -1
0 -1
0 -1
0 -1
0 -1
0 -1
0 -1
0 -1
0 -1
0 -1
0 -1
0 -1
0 -1
0 -1
0 -1
0 -1
0 -1
0 -1
0 -1
0 -1
0 -1
0 -1
0 -1
0 -1
0 -1
0 -1
0 -1
0 -1
0 -1
0 -1
0 -1
0 -1
0 -1
0 -1
0 -1
0 -1
0 -1
0 -1
0 -1
0 -1
0 -1
0 -1
0 -1
0 -1
0 -1
0 -1
0 -1
0 -1
0 -1
0 -1
0 -1
0 -1
0 -1
0 -1
0 -1
0 -1
0 -1
0 -1
0 -1
0 -1
0 -1
0 -1
0 -1
0 -1
0 -1
0 -1
0 -1
0 -1
0 -1
0 -1
0 -1
0 -1
0 -1
0 -1
0 -1
0 -1
0 -1
0 -1
0 -1
0 -1
0 -1
0 -1
0 -1
0 -1
0 -1
0 -1
0 -1
0 -1
0 -1
0 -1
0 -1
0 -1
0 -1
0 -1
0 -1
0 -1
0 -1
0 -1
0 -1
0 -1
0 -1
0 -1
0 -1
0 -1
0 -1
0 -1
0 -1
0 -1
0 -1
0 -1
0 -1
0 -1
0 -1
0 -1
0 -1
0 -1
0 -1
0 -1
0 -1
0 -1
0 -1
0 -1
0 -1
0 -1
0 -1
0 -1
0 -1
0 -1
0 -1
0 -1
0 -1
0 -1
0 -1
0 -1
0 -1
0 -1
0 -1
0 -1
0 -1
0 -1
0 -1
0 -1
0 -1
0 -1
0 -1
0 -1
0 -1
0 -1
0 -1
0 -1
0 -1
0 -1
0 -1
0 -1
0 -1
0 -1
-1 0
-1 0
-1 0
-1 0
-1 0
-1 0
-1 0
-1 0
-1 0
-1 0
-1 0
-1 0
-1 0
-1 0
-1 0
-1 0
-1 0
-1 0
-1 0
-1 0
-1 0
-1 0
-1 0
-1 0
-1 0
-1 0
-1 0
-1 0
-1 0
-1 0
-1 0
-1 0
-1 0
-1 0
-1 0
-1 0
-1 0
-1 0
-1 0
-1 0
-1 -1
-2 0
-2 0
-2 0
-2 0
-2 0
-2 0
-2 0
-2 0
-2 0
-2 0
-2 0
-2 0
-2 0
-2 0
-2 0
-2 0
-2 0
-2 0
-2 0
-2 0
-3 1
-3 1
-3 1
-3 1
-3 1
-3 1
-3 1
-3 1
-3 1
-3 1
-3 1
-3 1
-3 1
-3 1
-3 1
-3 1
-3 1
-3 1
-3 1
-3 1
-3 1
-3 1
-3 1
-3 1
-3 1
-3 1
-3 1
-3 1
-3 1
-3 1
-3 1
-3 1
-3 1
-3 1
-3 1
-3 1
-3 1
-3 1
-3 1
-3 1
-3 1
-3 1
-3 1
-3 1
-3 1
-4 0
-4 0
-4 0
-4 0
-4 0
-4 0
-4 0
-4 0
-4 0
-4 0
-4 0
-4 0
-4 0
-4 0
-4 0
-4 0
-1 1
-1 1
-1 1
-1 1
-1 1
-1 1
-1 1
-1 1
-1 1
-1 1
-1 1
-1 1
-1 1
-1 1
-1 1
-1 1
-1 1
-1 1
-1 1
-1 1
-1 1
-1 1
-1 1
-1 1
-1 1
-1 1
-1 1
-1 1
-1 1
-1 1
-1 1
-1 1
-1 1
-1 1
-1 1
-1 1
-1 1
-1 1
-1 1
-1 1
-1 1
-1 1
-1 1
-1 1
-1 1
-2 0
-2 0
-2 0
-2 0
-2 0
-2 0
-2 0
-2 0
-2 0
-2 0
-2 0
-2 0
-2 0
-2 0
-2 0
-2 0
-2 0
-2 0
-2 0
-2 0
-2 0
-2 0
-2 0
-2 0
-2 0
-2 0
-2 0
-2 0
-2 0
-2 0
-2 0
-2 0
-2 0
-2 0
-2 0
-2 0
-2 0
-2 0
-2 0
-2 0
-2 0
-2 0
-2 0
-2 0
-2 0
-2 0
-2 0
-2 0
-2 0
-2 0
-2 0
-2 0
-2 0
-2 0
-2 0
-2 0
-2 0
-2 0
-2 0
-2 0
-2 0
-1 0
-1 0
-1 0
-1 0
-1 0
-1 0
-1 0
-1 0
-1 0
-1 0
-1 0
-1 0
-1 0
-1 0
-1 0
-1 0
-1 0
-1 0
-1 0
-1 0
-1 0
-1 0
-1 0
-1 0
-1 0
-1 0
-1 0
-1 0
-1 0
-1 0
-1 0
-1 0
-1 0
-1 0
-1 0
-1 0
-1 0
-1 0
-1 0
-1 0
-1 0
-1 0
-1 0
-1 0
-1 0
-1 0
-1 0
-1 0
-1 0
-1 0
-1 0
-1 0
-1 0
-1 0
-1 0
-1 0
-1 0
-1 0
-1 0
-1 0
-1 0
-1 0
-1 0
-1 0
-1 0
-1 0
-1 0
-1 0
-1 0
-1 0
-1 0
-1 0
-1 0
-1 0
-1 0
-1 0
-1 0
-1 0
-1 0
-1 0
-1 0
-1 0
-1 0
-1 0
-1 0
-1 0
-1 0
-1 0
-1 0
-1 0
-1 0
-1 0
-1 0
-1 0
-1 0
-1 0
-1 0
-1 0
-1 0
-1 0
-1 0
-1 0
-1 0
-1 0
-1 0
-1 0
-1 0
-1 0
-1 0
-1 0
-1 0
-1 0
-1 0
-1 0
-1 0
-1 0
-1 0
-1 0
-1 0
-1 0
-1 0
-1 0
-1 0
-1 0
-1 0
-1 0
-1 0
-1 0
-1 0
-1 0
-1 0
-1 0
-1 0
-1 0
-1 0
-1 0
-1 0
-1 0
-1 0
-1 0
-1 0
-1 0
-1 0
-1 0
-1 0
-1 0
-1 0
-1 0
-1 0
-1 0
-1 0
-1 0
-1 0
-1 0
-1 0
-1 0
-1 0
-1 0
-1 0
-1 0
-1 0
-1 0
-1 0
-1 0
-1 0
-1 0
-1 0
-1 0
-1 0
-1 0
-1 0
-1 0
-1 0
-1 0
-1 0
-1 0
-1 0
-1 0
-1 0
-1 0
-1 0
-1 0
-1 0
-1 0
-1 0
-1 0
-1 0
-1 0
-1 0
-1 0
-1 0
-1 0
-1 0
-1 0
-1 0
-1 0
-1 0
-1 0
-1 0
-1 0
-1 0
-1 0
-1 0
-1 0
-1 0
-1 0
-1 0
-1 0
-1 0
-1 0
-1 0
-1 0
-1 0
-1 0
-1 0
-1 0
-1 0
-1 0
-1 0
-1 0
-1 0
-1 0
-1 0
-1 0
-1 0
-1 0
-1 0
-1 0
-1 0
-1 0
-1 0
-1 0
-1 0
-1 0
-1 0
-1 0
-1 0
-1 0
-1 0
-1 0
-1 0
-1 0
-1 0
-1 0
-1 0
-1 0
-1 0
-1 0
-1 0
-1 0
-1 0
-1 0
-1 0
-1 0
-1 0
-1 0
-1 0
-1 0
-1 0
-1 0
-1 0
-1 0
-1 0
-1 0
-1 0
-1 0
-1 0
-1 0
-1 0
-1 0
-1 0
-1 0
-1 0
-1 0
-1 0
-1 0
-1 0
-1 0
-1 0
-1 0
-1 0
-1 0
-1 0
-1 0
-1 0
-1 0
-1 0
-1 0
-1 0
-1 0
-1 0
-1 0
-1 0
-1 0
-1 0
-1 0
-1 0
-1 0
-1 0
-1 0
-1 0
-1 0
-1 0
-1 0
-1 0
-1 0
-1 0
-1 0
-1 0
-1 0
-1 0
-1 0
-1 0
-1 0
-1 0
-1 0
-1 0
-1 0
-1 0
-1 0
-1 0
-1 0
-1 0
-1 0
-1 0
-1 0
-1 0
-1 0
-1 0
-1 0
-1 0
-1 0
-1 0
-1 0
-1 0
-1 0
-1 0
-1 0
-1 0
-1 0
-1 0
-1 0
-1 0
-1 0
-1 0
-1 0
-1 0
-1 0
-1 0
-1 0
-1 0
-1 0
-1 0
-1 0
-1 0
-1 0
-1 0
-1 0
-1 0
-1 0
-1 0
-1 0
-1 0
-1 0
-1 0
-1 0
-1 0
-1 0
-1 0
-1 0
-1 0
-1 0
-1 0
-1 0
-1 0
-1 0
-1 0
-1 0
-1 0
-1 0
-1 0
-1 0
-1 0
-1 0
-1 0
-1 0
-1 0
-1 0
-1 0
-1 0
-1 0
-1 0
-1 0
-1 0
-1 0
-1 0
-1 0
-1 0
-1 0
-1 0
-1 0
-1 0
-1 0
-1 0
-1 0
-1 0
-1 0
-1 0
-1 0
-1 0
-1 0
-1 0
-1 0
-1 0
-1 0
-1 0
-1 0
-1 0
-1 0
-1 0
-1 0
-1 0
-1 0
-1 0
-1 0
-1 0
-1 0
-1 0
-1 0
-1 0
-1 0
-1 0
-1 0
