8 -1
9 -4
10 -5
8 -8
10 -13
11 -12
11 -12
9 -14
10 -12
11 -16
14 -17
13 -19
12 -19
12 -19
12 -19
12 -19
12 -19
12 -19
12 -19
12 -19
12 -19
12 -19
12 -19
12 -19
12 -19
12 -19
12 -19
12 -19
12 -19
12 -19
12 -19
12 -19
12 -19
12 -19
12 -19
12 -19
12 -19
12 -19
12 -19
12 -19
12 -19
12 -19
12 -19
12 -19
12 -19
12 -19
12 -19
12 -19
12 -19
12 -19
12 -19
12 -19
12 -19
12 -19
12 -19
12 -19
12 -19
12 -19
12 -19
12 -19
12 -19
12 -19
12 -19
12 -19
12 -19
12 -19
12 -19
12 -19
12 -19
11 -18
11 -17
11 -17
11 -17
11 -17
11 -17
11 -17
11 -17
11 -17
11 -17
11 -17
11 -17
11 -17
11 -17
7 -12
7 -12
7 -12
7 -12
7 -12
7 -12
7 -12
7 -12
7 -12
7 -12
7 -12
7 -12
7 -12
7 -12
7 -12
7 -12
7 -12
7 -12
7 -12
7 -12
7 -12
7 -12
7 -12
7 -12
7 -12
7 -12
7 -12
7 -12
7 -12
7 -12
7 -12
7 -12
7 -12
7 -12
7 -12
7 -12
7 -12
7 -12
7 -12
7 -12
7 -12
7 -12
7 -12
7 -12
7 -12
7 -12
7 -12
7 -12
7 -12
7 -12
7 -12
7 -12
7 -12
7 -12
7 -12
7 -12
7 -12
7 -12
7 -12
7 -12
7 -12
7 -12
7 -12
7 -12
7 -12
7 -12
4 -10
4 -10
4 -10
4 -10
4 -10
4 -10
4 -10
4 -10
4 -10
4 -10
4 -10
4 -10
4 -10
4 -10
4 -10
4 -10
4 -10
4 -10
4 -10
4 -10
4 -10
4 -10
4 -10
4 -10
4 -10
4 -10
4 -10
4 -10
4 -10
4 -10
4 -10
4 -10
4 -10
4 -10
4 -10
4 -10
4 -10
4 -10
4 -10
4 -10
4 -10
4 -10
4 -10
4 -10
4 -10
4 -10
4 -10
4 -10
4 -10
4 -10
4 -10
4 -10
4 -10
4 -10
4 -10
4 -10
4 -10
4 -10
4 -10
4 -10
4 -10
4 -10
4 -10
4 -10
2 -6
2 -5
2 -5
2 -5
2 -5
2 -5
2 -5
2 -5
2 -5
2 -5
2 -5
2 -5
2 -5
2 -5
2 -5
2 -5
2 -5
3 -4
3 -2
3 -2
3 -2
3 -2
3 -2
3 -2
3 -2
3 -2
3 -2
3 -2
3 -2
3 -2
3 -2
3 -2
3 -2
3 -2
3 -2
3 -2
3 -2
3 -2
3 -2
3 -2
3 -2
3 -2
3 -2
3 -2
3 -2
3 -2
3 -2
3 -2
3 -2
3 -2
3 -2
3 -2
3 -2
3 -2
3 -2
3 -2
3 -2
3 -2
3 -2
3 -2
3 -2
3 -2
3 -2
2 -2
2 -2
2 -2
2 -2
2 -2
2 -2
2 -2
2 -2
2 -2
2 -2
2 -2
2 -2
2 -2
2 -2
2 -2
2 -2
2 -2
2 -2
2 -2
2 -2
2 -2
2 -2
2 -2
2 -2
2 -2
2 -2
2 -2
2 -2
2 -2
2 -2
2 -2
2 -2
2 -2
2 -2
2 -2
2 -2
2 -2
2 -2
2 -2
2 -2
2 -2
2 -2
2 -2
2 -2
2 -2
2 -2
2 -2
4 -2
4 -2
4 -2
4 -2
4 -2
4 -2
4 -2
4 -2
4 -2
4 -2
4 -2
4 -2
4 -2
4 -2
4 -2
4 -2
4 -2
4 -2
4 -2
4 -2
4 -2
4 -2
4 -2
4 -2
5 -3
5 -3
5 -3
5 -3
5 -3
5 -3
5 -3
5 -3
5 -3
5 -3
5 -3
5 -3
5 -3
5 -3
5 -3
5 -3
5 -3
5 -3
5 -3
5 -3
5 -3
5 -3
5 -3
5 -3
5 -3
5 -3
5 -3
5 -3
5 -3
5 -3
5 -3
5 -3
5 -3
5 -3
5 -3
5 -3
5 -3
5 -3
5 -3
5 -3
5 -3
5 -3
10 -4
10 -4
10 -4
10 -4
10 -4
10 -4
10 -4
10 -4
10 -4
10 -4
10 -4
10 -4
10 -4
10 -4
10 -4
10 -4
10 -4
10 -4
10 -4
10 -4
10 -4
10 -4
10 -4
10 -4
10 -4
10 -4
10 -4
10 -4
10 -4
10 -4
10 -4
10 -4
10 -4
10 -4
10 -4
10 -4
10 -4
10 -4
10 -4
12 -6
12 -6
12 -6
12 -6
12 -6
12 -6
12 -6
12 -6
12 -6
12 -6
12 -6
12 -6
12 -6
12 -6
12 -6
12 -6
12 -6
12 -6
12 -6
12 -6
12 -6
12 -6
12 -6
12 -6
12 -6
12 -6
12 -6
12 -6
12 -6
12 -6
12 -6
12 -6
12 -6
12 -6
12 -6
12 -6
12 -6
12 -6
12 -6
12 -6
12 -6
12 -5
12 -5
12 -5
12 -5
12 -5
12 -5
12 -5
12 -5
12 -5
12 -5
12 -5
12 -5
12 -5
12 -5
12 -5
12 -5
12 -5
12 -5
12 -5
12 -5
12 -5
12 -5
12 -5
12 -5
12 -5
12 -5
12 -5
12 -5
12 -5
12 -5
12 -5
12 -5
12 -5
12 -5
12 -5
12 -5
12 -5
12 -5
12 -5
12 -5
12 -5
12 -5
12 -5
12 -5
12 -5
12 -5
10 -5
10 -5
10 -4
10 -4
10 -4
10 -4
10 -4
10 -4
10 -4
10 -4
10 -4
10 -4
10 -4
10 -4
10 -4
10 -4
10 -4
10 -4
10 -4
10 -4
10 -4
10 -4
10 -4
10 -4
10 -4
10 -4
10 -4
10 -4
10 -4
10 -4
10 -4
10 -4
10 -4
10 -4
10 -4
10 -4
10 -4
10 -4
10 -4
10 -4
10 -4
10 -4
10 -4
10 -4
10 -4
10 -4
10 -4
10 -4
10 -4
10 -4
10 -4
10 -4
10 -4
10 -4
10 -4
10 -4
10 -4
10 -4
10 -4
10 -4
10 -4
10 -4
10 -4
9 -4
8 -1
8 -1
8 -1
8 -1
8 -1
8 -1
8 -1
8 -1
8 -1
8 -1
8 -1
8 -1
8 -1
8 -1
8 -1
8 -1
8 -1
8 -1
8 -1
8 -1
5 -1
5 -1
5 -1
5 -1
5 -1
5 -1
5 -1
5 -1
5 -1
5 -1
5 -1
5 -1
5 -1
5 -1
5 -1
5 -1
5 -1
5 -1
5 -1
5 -1
5 -1
5 -1
5 -1
5 -1
5 -1
5 -1
5 -1
5 -1
5 -1
5 -1
5 -1
5 -1
5 -1
5 -1
5 -1
5 -1
5 -1
5 -1
5 -1
5 -1
5 -1
3 0
3 0
3 0
3 0
3 0
3 0
3 0
3 0
3 0
3 0
3 0
3 0
3 0
3 0
3 0
3 0
3 0
3 0
3 0
3 0
3 0
3 0
3 0
3 0
3 0
3 0
3 0
3 0
3 0
3 0
3 0
3 0
3 0
3 0
3 0
3 0
3 0
3 0
3 0
3 0
3 0
4 0
4 -1
4 -1
4 -1
4 -1
4 -1
4 -1
4 -1
4 -1
4 -1
4 -1
4 -1
4 -1
4 -1
4 -1
4 -1
4 -1
4 -1
4 -1
4 -1
4 -1
4 -1
4 -1
4 -1
4 -1
4 -1
4 -1
4 -1
4 -1
4 -1
4 -1
4 -1
4 -1
4 -1
4 -1
4 -1
4 -1
4 -1
4 -1
4 -1
4 -1
4 -1
4 -1
4 -1
4 0
4 0
4 0
4 0
4 0
4 0
4 0
4 0
4 0
4 0
4 0
4 0
4 0
4 0
4 0
4 0
4 0
4 0
4 0
4 0
7 -2
7 -2
7 -2
7 -2
7 -2
7 -2
7 -2
7 -2
7 -2
7 -2
7 -2
7 -2
7 -2
7 -2
7 -2
7 -2
7 -2
7 -2
7 -2
7 -2
7 -2
7 -2
7 -2
7 -2
8 -3
8 -3
8 -3
8 -3
8 -3
8 -3
8 -3
8 -3
8 -3
8 -3
8 -3
8 -3
8 -3
8 -3
8 -3
8 -3
8 -3
8 -3
8 -3
8 -3
8 -3
8 -3
8 -3
8 -3
8 -3
8 -3
8 -3
8 -3
8 -3
8 -3
8 -3
8 -3
8 -3
8 -3
8 -3
8 -3
8 -3
8 -3
8 -3
8 -3
8 -3
8 -3
8 -3
8 -3
9 -2
9 -2
9 -2
9 -2
9 -2
9 -2
9 -2
9 -2
9 -2
9 -2
9 -2
9 -2
9 -2
9 -2
9 -2
9 -2
9 -2
9 -2
9 -2
9 -2
9 -2
9 -2
9 -2
9 -2
9 -2
9 -2
9 -2
9 -2
9 -2
9 -2
9 -2
9 -2
9 -2
9 -2
9 -2
9 -2
9 -2
9 -2
9 -2
9 -2
9 -2
7 -3
7 -3
7 -3
7 -3
7 -3
7 -3
7 -3
7 -3
7 -3
7 -3
7 -3
7 -3
7 -3
7 -3
7 -3
7 -3
7 -3
7 -3
7 -3
7 -3
7 -3
7 -3
9 -2
9 -2
9 -2
9 -2
9 -2
9 -2
9 -2
9 -2
9 -2
9 -2
9 -2
9 -2
9 -2
9 -2
9 -2
9 -2
9 -2
9 -2
9 -2
9 -2
9 -2
9 -2
9 -2
9 -2
9 -2
9 -2
9 -2
9 -2
9 -2
9 -2
9 -2
9 -2
9 -2
9 -2
9 -2
9 -2
9 -2
9 -2
9 -2
9 -2
9 -2
9 -2
9 -2
9 -2
9 -2
9 -2
9 -2
5 -2
5 -2
5 -2
5 -2
5 -2
5 -2
5 -2
5 -2
5 -2
5 -2
5 -2
5 -2
5 -2
5 -2
5 -2
5 -2
5 -2
5 -2
5 -2
5 -2
5 -2
5 -2
5 -2
5 -2
5 -2
2 0
2 0
2 0
2 0
2 0
2 0
2 0
2 0
2 0
2 0
2 0
2 0
2 0
2 0
2 0
2 0
2 0
2 0
2 0
2 0
2 0
2 0
2 0
2 0
2 0
2 0
2 0
2 0
2 0
2 0
2 0
2 0
2 0
2 0
2 0
2 0
2 0
2 0
2 0
2 0
2 0
2 0
2 0
2 0
2 0
2 0
2 0
2 0
2 0
2 0
2 0
2 0
2 0
2 0
2 0
2 0
2 0
2 0
2 0
2 0
2 0
2 0
2 0
2 0
2 0
2 0
2 0
2 0
2 0
2 0
2 0
2 0
2 0
2 0
2 0
2 0
2 0
2 0
2 0
2 0
2 0
2 0
2 0
2 0
2 0
2 0
2 0
2 0
2 0
2 0
2 0
2 0
2 0
2 0
2 0
2 0
2 0
2 0
2 0
2 0
2 0
2 0
2 0
2 0
2 0
2 0
2 0
2 0
2 0
2 0
2 0
2 0
2 0
2 0
2 0
2 0
2 0
2 0
2 0
2 0
2 0
2 0
2 0
2 0
2 0
2 0
2 0
2 0
2 0
2 0
2 0
2 0
2 0
2 0
2 0
2 0
2 0
2 0
2 0
2 0
2 0
2 0
2 0
2 0
2 0
2 0
2 0
2 0
2 0
2 0
2 0
2 0
2 0
2 0
2 0
2 0
2 0
2 0
2 0
2 0
2 0
2 0
2 0
2 0
2 0
2 0
2 0
2 0
2 0
2 0
2 0
2 0
2 0
2 0
2 0
2 0
2 0
2 0
2 0
2 0
2 0
2 0
2 0
2 0
2 0
2 0
2 0
2 0
2 0
2 0
2 0
2 0
2 0
2 0
2 0
2 0
2 0
2 0
2 0
2 0
2 0
2 0
2 0
2 0
2 0
2 0
2 0
2 0
2 0
2 0
2 0
2 0
2 0
2 0
2 0
2 0
2 0
2 0
2 0
2 0
2 0
2 0
2 0
2 0
2 0
2 0
2 0
2 0
2 0
2 0
2 0
2 0
2 0
2 0
2 0
2 0
2 0
2 0
2 0
2 0
2 0
2 0
2 0
2 0
2 0
2 0
2 0
2 0
2 0
2 0
2 0
2 0
2 0
2 0
2 0
2 0
2 0
2 0
2 0
2 0
2 0
2 0
2 0
2 0
2 0
2 0
2 0
2 0
2 0
2 0
2 0
2 0
2 0
2 0
2 0
2 0
2 0
2 0
2 0
2 0
2 0
2 0
2 0
2 0
2 0
2 0
2 0
2 0
2 0
2 0
2 0
2 0
2 0
2 0
2 0
2 0
2 0
2 0
2 0
2 0
2 0
2 0
2 0
2 0
2 0
2 0
2 0
2 0
2 0
2 0
2 0
2 0
2 0
2 0
2 0
2 0
2 0
2 0
2 0
2 0
2 0
2 0
2 0
2 0
2 0
2 0
2 0
2 0
2 0
2 0
2 0
2 0
2 0
2 0
2 0
2 0
2 0
2 0
2 0
2 0
2 0
2 0
2 0
2 0
2 0
2 0
2 0
2 0
2 0
2 0
2 0
2 0
2 0
2 0
2 0
2 0
2 0
2 0
2 0
2 0
2 0
2 0
2 0
2 0
2 0
2 0
2 0
2 0
2 0
2 0
2 0
2 0
2 0
2 0
2 0
2 0
2 0
2 0
2 0
2 0
2 0
2 0
2 0
2 0
2 0
2 0
2 0
2 0
2 0
2 0
2 0
2 0
2 0
2 0
2 0
2 0
2 0
2 0
2 0
2 0
2 0
2 0
2 0
2 0
2 0
2 0
2 0
2 0
2 0
2 0
2 0
2 0
2 0
2 0
2 0
2 0
2 0
2 0
2 0
2 0
2 0
2 0
2 0
2 0
2 0
2 0
2 0
2 0
2 0
2 0
2 0
2 0
2 0
2 0
2 0
2 0
2 0
2 0
2 0
2 0
2 0
2 0
2 0
2 0
2 0
2 0
2 0
2 0
2 0
2 0
2 0
2 0
2 0
2 0
2 0
2 0
2 0
2 0
2 0
2 0
2 0
2 0
2 0
2 0
2 0
2 0
2 0
2 0
2 0
2 0
2 0
2 0
2 0
2 0
2 0
2 0
2 0
2 0
2 0
2 0
2 0
2 0
2 0
2 0
2 0
2 0
2 0
2 0
2 0
2 0
2 0
2 0
2 0
2 0
2 0
2 0
2 0
2 0
2 0
2 0
2 0
2 0
2 0
2 0
2 0
2 0
2 0
2 0
2 0
2 0
2 0
2 0
2 0
2 0
2 0
2 0
2 0
2 0
2 0
2 0
2 0
2 0
2 0
2 0
2 0
2 0
2 0
2 0
2 0
2 0
2 0
2 0
2 0
2 0
2 0
2 0
2 0
2 0
2 0
2 0
2 0
2 0
2 0
2 0
2 0
2 0
2 0
2 0
2 0
2 0
2 0
2 0
2 0
2 0
2 0
2 0
2 0
2 0
2 0
2 0
2 0
2 0
2 0
2 0
2 0
2 0
2 0
2 0
2 0
2 0
2 0
2 0
2 0
2 0
2 0
2 0
2 0
2 0
2 0
2 0
2 0
2 0
2 0
2 0
2 0
2 0
2 0
2 0
2 0
2 0
2 0
2 0
2 0
2 0
2 0
2 0
2 0
2 0
2 0
2 0
2 0
2 0
2 0
2 0
2 0
2 0
2 0
2 0
2 0
2 0
2 0
2 0
2 0
2 0
2 0
2 0
2 0
2 0
2 0
2 0
2 0
2 0
2 0
2 0
2 0
2 0
2 0
2 0
2 0
2 0
2 0
2 0
2 0
2 0
2 0
2 0
2 0
2 0
2 0
2 0
2 0
2 0
2 0
2 0
2 0
2 0
2 0
2 0
2 0
2 0
2 0
2 0
2 0
2 0
2 0
2 0
2 0
2 0
2 0
2 0
2 0
2 0
2 0
2 0
2 0
