-1 -2
-2 -4
-2 -4
-1 -4
0 -5
-1 -6
0 -7
0 -7
0 -9
1 -9
1 -11
2 -12
3 -13
4 -17
4 -17
4 -17
4 -17
4 -17
4 -17
4 -17
4 -17
4 -17
4 -17
4 -17
4 -17
4 -17
4 -17
4 -17
4 -18
4 -18
4 -18
4 -18
4 -18
4 -18
4 -18
4 -18
4 -18
4 -18
4 -18
4 -18
4 -18
4 -18
4 -18
4 -18
4 -18
4 -18
4 -18
4 -18
4 -18
4 -18
4 -18
4 -18
4 -18
4 -18
4 -18
4 -18
4 -18
4 -18
4 -18
4 -18
4 -18
4 -18
4 -18
4 -18
4 -18
4 -18
4 -18
4 -18
4 -18
4 -18
4 -18
4 -18
4 -18
4 -18
4 -18
4 -18
4 -18
4 -18
4 -18
4 -18
4 -18
4 -18
4 -18
4 -18
4 -18
4 -18
4 -18
1 -17
4 -15
4 -15
4 -15
4 -15
4 -15
4 -15
4 -15
4 -15
4 -15
4 -15
4 -15
4 -15
4 -15
4 -15
4 -15
4 -15
4 -15
4 -15
4 -15
4 -15
4 -15
4 -15
4 -15
4 -15
4 -15
4 -15
4 -15
4 -15
4 -15
4 -15
4 -15
4 -15
4 -15
4 -15
4 -15
4 -15
4 -15
4 -15
3 -13
3 -13
3 -13
3 -13
3 -13
3 -13
3 -13
3 -13
3 -13
3 -13
3 -13
3 -13
3 -13
3 -13
3 -13
3 -13
3 -13
3 -13
3 -13
3 -13
3 -13
3 -13
3 -13
3 -13
3 -13
4 -10
4 -10
4 -10
4 -10
4 -10
4 -10
4 -10
4 -10
4 -10
4 -10
4 -10
4 -10
4 -10
4 -10
4 -10
4 -10
4 -10
4 -8
4 -8
4 -8
4 -8
4 -8
4 -8
4 -8
4 -8
4 -8
4 -8
4 -8
4 -8
4 -8
4 -8
4 -8
4 -8
4 -8
4 -8
4 -8
4 -8
4 -8
4 -8
4 -8
4 -8
4 -8
4 -8
4 -8
4 -8
4 -8
4 -8
4 -8
4 -8
4 -8
4 -8
4 -8
4 -8
4 -8
4 -8
4 -8
4 -8
4 -8
4 -8
4 -8
4 -8
4 -8
4 -8
4 -8
4 -8
4 -8
4 -8
4 -8
4 -8
4 -8
4 -8
4 -8
4 -8
4 -8
4 -8
4 -8
4 -8
4 -8
4 -8
4 -8
4 -8
4 -8
4 -8
4 -8
4 -8
4 -8
4 -8
4 -8
4 -8
4 -8
4 -8
4 -8
4 -8
4 -8
4 -8
4 -8
4 -8
4 -8
4 -8
4 -8
4 -8
4 -8
4 -8
4 -8
4 -8
4 -8
4 -8
4 -8
4 -8
5 -4
5 -4
6 -4
6 -4
6 -4
6 -4
6 -4
6 -4
6 -4
6 -4
6 -4
6 -4
6 -4
6 -4
6 -4
6 -4
6 -4
6 -4
6 -4
6 -4
6 -4
6 -4
6 -4
6 -4
6 -4
6 -4
6 -4
6 -4
6 -4
6 -4
6 -4
6 -4
6 -4
6 -4
6 -4
6 -4
6 -4
6 -4
6 -4
6 -4
6 -4
6 -4
6 -4
6 -4
6 -4
6 -4
6 -4
6 -4
6 -4
6 -4
6 -4
6 -4
6 -4
6 -4
6 -4
6 -4
6 -4
6 -4
6 -4
6 -4
6 -4
6 -4
6 -4
6 -4
6 -4
8 -5
8 -5
8 -7
8 -7
8 -7
8 -7
8 -7
8 -7
8 -7
8 -7
8 -7
8 -7
8 -7
8 -7
8 -7
8 -7
8 -7
8 -7
8 -7
8 -7
8 -7
8 -7
8 -7
8 -7
8 -7
8 -7
8 -7
8 -7
8 -7
8 -7
8 -7
8 -7
8 -7
8 -7
8 -7
8 -7
8 -7
8 -7
8 -7
8 -7
8 -7
8 -7
8 -7
11 -8
11 -8
11 -8
11 -8
11 -8
11 -8
11 -8
11 -8
11 -8
11 -8
11 -8
11 -8
11 -8
11 -8
11 -8
11 -8
11 -8
11 -8
11 -8
11 -8
11 -8
12 -10
12 -10
12 -10
12 -10
12 -10
12 -10
12 -10
12 -10
12 -10
12 -10
12 -10
12 -10
12 -10
12 -10
12 -10
12 -10
14 -6
14 -6
14 -6
14 -6
14 -6
14 -6
14 -6
14 -6
14 -6
14 -6
14 -6
14 -6
14 -6
14 -6
14 -6
14 -6
14 -6
14 -6
14 -6
14 -6
14 -6
14 -6
14 -6
14 -6
14 -6
14 -6
14 -6
14 -6
14 -6
14 -6
14 -6
14 -6
14 -6
14 -6
14 -6
14 -6
14 -6
14 -6
14 -6
14 -6
13 -11
13 -11
13 -11
13 -11
13 -11
13 -11
13 -11
13 -11
13 -11
13 -11
13 -11
13 -11
13 -11
13 -11
13 -11
13 -11
13 -11
13 -11
13 -11
13 -11
13 -11
13 -11
13 -11
13 -11
13 -11
13 -11
13 -11
13 -11
13 -11
13 -11
13 -11
13 -11
13 -11
13 -11
13 -11
13 -11
13 -11
13 -11
13 -11
13 -11
13 -11
13 -11
13 -11
12 -7
12 -7
12 -7
12 -7
12 -7
12 -7
12 -7
12 -7
12 -7
12 -7
12 -7
12 -7
12 -7
12 -7
12 -7
12 -7
12 -7
12 -7
12 -7
12 -7
7 -3
7 -3
7 -3
7 -3
7 -3
7 -3
7 -3
7 -3
7 -3
7 -3
7 -3
7 -3
7 -3
7 -3
7 -3
7 -3
7 -3
7 -3
7 -3
8 -3
8 -3
8 -3
8 -3
8 -3
8 -3
8 -3
8 -3
8 -3
8 -3
8 -3
8 -3
8 -3
8 -3
8 -3
8 -3
8 -3
8 -3
8 -3
8 -3
8 -3
8 -3
8 -3
8 -3
8 -3
8 -3
8 -3
8 -3
8 -3
8 -3
8 -3
8 -3
8 -3
8 -3
8 -3
8 -3
8 -3
8 -3
8 -3
8 -3
6 -3
6 -3
6 -3
6 -3
6 -3
6 -3
6 -3
6 -3
6 -3
6 -3
6 -3
6 -3
6 -3
6 -3
6 -3
6 -3
6 -3
6 -3
6 -3
6 -3
6 -3
6 -3
6 -3
6 -3
6 -3
6 -3
6 -3
6 -3
6 -3
6 -3
6 -3
6 -3
6 -3
6 -3
6 -3
6 -3
6 -3
6 -3
6 -3
6 -3
6 -3
6 -3
6 -3
6 -3
6 -3
6 -3
6 -3
10 -4
13 -5
13 -5
13 -5
13 -5
13 -5
13 -5
13 -5
13 -5
13 -5
13 -5
13 -5
13 -5
13 -5
13 -5
13 -5
13 -5
13 -5
13 -5
13 -5
13 -5
13 -5
13 -5
13 -5
13 -5
13 -5
13 -5
13 -5
13 -5
13 -5
13 -5
13 -5
13 -5
13 -5
13 -5
13 -5
13 -5
13 -5
13 -5
17 -7
17 -7
17 -7
17 -7
17 -7
17 -7
17 -7
17 -7
17 -7
17 -7
17 -7
17 -7
17 -7
17 -7
17 -7
17 -7
17 -7
17 -7
17 -7
17 -7
17 -7
17 -5
17 -5
17 -5
17 -5
17 -5
17 -5
17 -5
17 -5
17 -5
17 -5
17 -5
17 -5
17 -5
17 -5
17 -5
17 -5
17 -5
17 -5
17 -5
17 -5
17 -5
17 -5
12 -3
12 -3
12 -3
12 -3
12 -3
12 -3
12 -3
12 -3
12 -3
12 -3
12 -3
12 -3
12 -3
12 -3
12 -3
12 -3
12 -3
12 -3
12 -3
12 -3
12 -3
12 -3
12 -3
12 -3
12 -3
12 -3
12 -3
12 -3
12 -3
12 -3
12 -3
12 -3
12 -3
12 -3
12 -3
12 -3
12 -3
12 -3
12 -3
12 -3
12 -3
12 -3
12 -3
12 -3
12 -3
12 -3
12 -3
12 -3
12 -3
12 -3
8 -1
8 -1
8 -1
8 -1
8 -1
8 -1
8 -1
8 -1
8 -1
8 -1
8 -1
8 -1
8 -1
8 -1
8 -1
8 -1
8 -1
8 -1
8 -1
8 -1
8 -1
8 -1
8 -1
8 -1
8 -1
8 -1
8 -1
8 -1
8 -1
8 -1
8 -1
8 -1
8 -1
8 -1
8 -1
8 -1
8 -1
8 -1
8 -1
8 -1
8 -1
8 -1
8 -1
8 -1
8 -1
8 -1
8 -1
8 -1
8 -1
8 -1
8 -1
8 -1
8 -1
8 -1
8 -1
8 -1
8 -1
8 -1
8 -1
8 -1
8 -1
8 -1
8 -1
8 -1
8 -1
8 -1
8 -1
8 -1
7 -1
7 -1
6 -1
6 -1
6 -1
6 -1
6 -1
6 -1
6 -1
6 -1
6 -1
6 -1
6 -1
6 -1
6 -1
6 -1
6 -1
6 -1
6 -1
6 -1
6 -1
6 -1
6 -1
6 -1
6 -1
6 -1
6 -1
6 -1
6 -1
6 -1
6 -1
6 -1
6 -1
6 -1
6 -1
6 -1
6 -1
6 -1
6 -1
6 -1
6 -1
6 -1
6 -1
6 0
6 0
4 0
4 0
4 0
4 0
4 0
4 0
4 0
4 0
4 0
4 0
4 0
4 0
4 0
4 0
4 0
4 0
4 0
4 0
4 0
4 0
4 0
4 0
4 0
4 0
4 0
4 0
4 0
4 0
4 0
4 0
4 0
4 0
4 0
4 0
4 0
4 0
4 0
4 0
4 0
4 0
4 0
4 0
4 0
4 0
4 0
4 0
4 0
4 0
4 0
4 0
4 0
4 0
4 0
4 0
4 0
4 0
4 0
4 0
4 0
4 0
4 0
4 0
4 0
4 0
4 0
4 0
5 1
5 1
3 2
3 2
3 2
3 2
3 2
3 2
3 2
3 2
3 2
3 2
3 2
3 2
3 2
3 2
3 2
3 2
3 2
3 2
3 2
3 2
3 2
3 2
3 2
3 2
3 2
3 2
3 2
3 2
3 2
3 2
3 2
3 2
3 2
3 2
3 2
3 2
2 2
2 2
2 2
2 2
2 2
2 2
2 2
2 2
2 2
2 2
2 2
2 2
2 2
2 2
2 2
2 2
2 2
2 2
2 2
2 2
2 1
2 1
2 1
2 1
2 1
2 1
2 1
2 1
2 1
2 1
2 1
2 1
2 1
2 1
2 1
2 1
2 1
2 1
2 1
2 1
2 1
2 1
2 1
2 1
2 1
2 1
2 1
2 1
2 1
2 1
2 1
2 1
2 1
2 1
2 1
2 1
2 1
2 1
2 1
2 1
2 1
2 1
2 1
2 1
2 1
2 1
2 1
2 1
2 1
2 1
2 1
2 1
2 1
2 1
2 1
2 1
2 1
2 1
2 1
2 1
2 1
2 1
2 1
2 1
2 1
1 0
1 0
1 0
1 0
1 0
1 0
1 0
1 0
1 0
1 0
1 0
1 0
1 0
1 0
1 0
1 0
1 0
1 0
1 0
1 0
1 0
1 0
1 0
1 0
1 0
1 0
1 0
1 0
1 0
1 0
1 0
1 0
1 0
1 0
1 0
1 0
1 0
1 0
1 0
1 0
1 0
1 0
1 0
1 0
1 0
1 0
1 0
1 0
1 0
1 0
1 0
1 0
1 0
1 0
1 0
1 0
1 0
1 0
1 0
1 0
1 0
1 0
1 0
1 0
1 0
1 0
1 0
1 0
1 0
1 0
1 0
1 0
1 0
1 0
1 0
1 0
1 0
1 0
1 0
1 0
1 0
1 0
1 0
1 0
1 0
1 0
1 0
1 0
1 0
1 0
1 0
1 0
1 0
1 0
1 0
1 0
1 0
1 0
1 0
1 0
1 0
1 0
1 0
1 0
1 0
1 0
1 0
1 0
1 0
1 0
1 0
1 0
1 0
1 0
1 0
1 0
1 0
1 0
1 0
1 0
1 0
1 0
1 0
1 0
1 0
1 0
1 0
1 0
1 0
1 0
1 0
1 0
1 0
1 0
1 0
1 0
1 0
1 0
1 0
1 0
1 0
1 0
1 0
1 0
1 0
1 0
1 0
1 0
1 0
1 0
1 0
1 0
1 0
1 0
1 0
1 0
1 0
1 0
1 0
1 0
1 0
1 0
1 0
1 0
1 0
1 0
1 0
1 0
1 0
1 0
1 0
1 0
1 0
1 0
1 0
1 0
1 0
1 0
1 0
1 0
1 0
1 0
1 0
1 0
1 0
1 0
1 0
1 0
1 0
1 0
1 0
1 0
1 0
1 0
1 0
1 0
1 0
1 0
1 0
1 0
1 0
1 0
1 0
1 0
1 0
1 0
1 0
1 0
1 0
1 0
1 0
1 0
1 0
1 0
1 0
1 0
1 0
1 0
1 0
1 0
1 0
1 0
1 0
1 0
1 0
1 0
1 0
1 0
1 0
1 0
1 0
0 1
0 1
0 1
0 1
0 1
0 1
0 1
0 1
0 1
0 1
0 1
0 1
0 1
0 1
0 1
0 1
0 1
0 1
0 1
0 1
0 1
0 1
0 1
0 1
0 1
0 1
0 1
0 1
0 1
0 1
0 1
0 1
0 1
0 1
0 1
0 1
0 1
0 1
0 1
0 1
0 1
0 1
0 1
0 1
0 1
0 1
0 1
0 1
0 1
0 1
0 1
0 1
0 1
0 1
0 1
0 1
0 1
0 1
0 1
0 1
0 1
0 1
0 1
0 1
0 1
0 1
0 1
0 1
0 1
0 1
0 1
0 1
0 1
0 1
0 1
0 1
0 1
0 1
0 1
0 1
0 1
0 1
0 1
0 1
0 1
0 1
0 1
0 1
0 1
0 1
0 1
0 1
0 1
0 1
0 1
0 1
0 1
0 1
0 1
0 1
0 1
0 1
0 1
0 1
0 1
0 1
0 1
0 1
0 1
0 1
0 1
0 1
0 1
0 1
0 1
0 1
0 1
0 1
0 1
0 1
0 1
0 1
0 1
0 1
0 1
0 1
0 1
0 1
0 1
0 1
0 1
0 1
0 1
0 1
0 1
0 1
0 1
0 1
0 1
0 1
0 1
0 1
0 1
0 1
0 1
0 1
0 1
0 1
0 1
0 1
0 1
0 1
0 1
0 1
0 1
0 1
0 1
0 1
0 1
0 1
0 1
0 1
0 1
0 1
0 1
0 1
0 1
0 1
0 1
0 1
0 1
0 1
0 1
0 1
0 1
0 1
0 1
0 1
0 1
0 1
-1 1
0 1
0 1
0 1
0 1
0 1
0 1
0 1
0 1
0 1
0 1
0 1
0 1
0 1
0 1
0 1
0 1
0 1
0 1
0 1
0 1
0 1
0 1
0 1
0 1
0 1
0 1
0 1
0 1
0 1
0 1
0 1
0 1
0 1
0 1
0 1
0 1
0 1
0 1
0 1
-1 0
-1 0
-1 0
-1 0
-1 0
-1 0
-1 0
-1 0
-1 0
-1 0
-1 0
-1 0
-1 0
-1 0
-1 0
-1 0
-1 0
-1 0
-1 0
-1 0
-1 0
-1 0
-1 0
-1 0
-1 0
-1 0
-1 0
-1 0
-1 0
-1 0
-1 0
-1 0
-1 0
-1 0
-1 0
-1 0
-1 0
-1 0
-1 0
-1 0
-1 0
-1 0
-1 0
-1 0
-1 0
-1 0
-1 0
-1 0
-1 0
-1 0
-1 0
-1 0
-1 0
-1 0
-1 0
-1 0
-1 0
-1 0
-1 0
-1 0
-1 0
-1 0
-1 0
-1 0
-1 0
-1 0
-1 0
-1 0
-1 0
-1 0
-1 0
-1 0
-1 0
-1 0
-1 0
-1 0
-1 0
-1 0
-1 0
-1 0
-1 0
-1 0
-1 0
-1 0
-1 0
-1 0
-1 0
-1 0
-1 0
-1 0
-1 0
-1 0
-1 0
-1 0
-1 0
-1 0
-1 0
-1 0
-1 0
-1 0
-1 0
-1 0
-1 0
-1 0
-1 0
-1 0
-1 0
-1 0
-1 0
-1 0
-1 0
-1 0
-1 0
-1 0
-1 0
-1 0
-1 0
-1 0
-1 0
-1 0
-1 0
-1 0
-1 0
-1 0
-1 0
-1 0
-1 0
-1 0
-1 0
-1 0
-1 0
-1 0
-1 0
-1 0
-1 0
-1 0
-1 0
-1 0
-1 0
-1 0
-1 0
-1 0
-1 0
-1 0
-1 0
-1 0
-1 0
-1 0
-1 0
-1 0
-1 0
-1 0
-1 0
-1 0
-1 0
-1 0
-1 0
-1 0
-1 0
-1 0
-1 0
-1 0
-1 0
-1 0
-1 0
-1 0
-1 0
-1 0
-1 0
-1 0
-1 0
-1 0
-1 0
-1 0
-1 0
-1 0
-1 0
-1 0
-1 0
-1 0
-1 0
-1 0
-1 0
-1 0
-1 0
-1 0
-1 0
-1 0
-1 0
-1 0
-1 0
-1 0
-1 0
-1 0
-1 0
-1 0
-1 0
-1 0
-1 0
-1 0
-1 0
-1 0
-1 0
-1 0
-1 0
-1 0
-1 0
-1 0
-1 0
-1 0
-1 0
-1 0
-1 0
-1 0
-1 0
-1 0
-1 0
-1 0
-1 0
-1 0
-1 0
-1 0
-1 0
-1 0
-1 0
-1 0
-1 0
-1 0
-1 0
-1 0
-1 0
-1 0
-1 0
-1 0
-1 0
-1 0
-1 0
-1 0
-1 0
-1 0
-1 0
-1 0
-1 0
-1 0
-1 0
-1 0
-1 0
-1 0
-1 0
-1 0
-1 0
-1 0
-1 0
-1 0
-1 0
-1 0
-1 0
-1 0
-1 0
-1 0
-1 0
-1 0
-1 0
-1 0
-1 0
-1 0
-1 0
-1 0
-1 0
-1 0
-1 0
-1 0
-1 0
-1 0
-1 0
-1 0
-1 0
-1 0
-1 0
-1 0
-1 0
-1 0
-1 0
-1 0
-1 0
-1 0
-1 0
-1 0
-1 0
-1 0
-1 0
-1 0
-1 0
-1 0
-1 0
-1 0
-1 0
-1 0
-1 0
-1 0
-1 0
-1 0
-1 0
-1 0
-1 0
-1 0
-1 0
-1 0
-1 0
-1 0
-1 0
-1 0
-1 0
-1 0
-1 0
-1 0
-1 0
-1 0
-1 0
-1 0
-1 0
-1 0
-1 0
-1 0
-1 0
-1 0
-1 0
-1 0
-1 0
-1 0
-1 0
-1 0
-1 0
-1 0
-1 0
-1 0
-1 0
-1 0
-1 0
-1 0
-1 0
-1 0
-1 0
-1 0
-1 0
-1 0
-1 0
-1 0
-1 0
-1 0
-1 0
-1 0
-1 0
-1 0
-1 0
-1 0
-1 0
-1 0
-1 0
-1 0
-1 0
-1 0
-1 0
-1 0
-1 0
-1 0
-1 0
-1 0
-1 0
-1 0
-1 0
-1 0
-1 0
-1 0
-1 0
-1 0
-1 0
-1 0
-1 0
-1 0
-1 0
-1 0
-1 0
-1 0
-1 0
-1 0
-1 0
-1 0
-1 0
-1 0
-1 0
-1 0
-1 0
-1 0
-1 0
-1 0
-1 0
-1 0
-1 0
-1 0
-1 0
-1 0
-1 0
-1 0
-1 0
-1 0
-1 0
-1 0
-1 0
-1 0
-1 0
-1 0
-1 0
-1 0
-1 0
-1 0
-1 0
-1 0
-1 0
-1 0
-1 0
-1 0
-1 0
-1 0
-1 0
-1 0
-1 0
-1 0
-1 0
-1 0
-1 0
-1 0
-1 0
-1 0
-1 0
-1 0
-1 0
-1 0
-1 0
-1 0
-1 0
-1 0
-1 0
-1 0
-1 0
-1 0
-1 0
-1 0
-1 0
-1 0
-1 0
-1 0
-1 0
-1 0
-1 0
-1 0
-1 0
-1 0
-1 0
-1 0
-1 0
-1 0
-1 0
-1 0
-1 0
-1 0
-1 0
-1 0
-1 0
-1 0
-1 0
-1 0
-1 0
-1 0
-1 0
-1 0
-1 0
-1 0
-1 0
-1 0
-1 0
-1 0
-1 0
-1 0
-1 0
-1 0
-1 0
-1 0
-1 0
-1 0
-1 0
-1 0
-1 0
-1 0
-1 0
-1 0
-1 0
-1 0
-1 0
-1 0
-1 0
-1 0
-1 0
-1 0
-1 0
-1 0
-1 0
-1 0
-1 0
-1 0
-1 0
-1 0
-1 0
-1 0
-1 0
-1 0
-1 0
-1 0
-1 0
-1 0
-1 0
-1 0
-1 0
-1 0
-1 0
-1 0
-1 0
-1 0
-1 0
-1 0
-1 0
-1 0
-1 0
-1 0
