-1 -2
-3 -2
-5 -4
-2 -4
-7 -7
-6 -9
-5 -7
-6 -7
-4 -9
-4 -9
-4 -9
-4 -9
-4 -9
-4 -9
-4 -9
-4 -9
-4 -9
-4 -9
-4 -9
-4 -9
-4 -9
-4 -9
-4 -9
-4 -9
-4 -9
-4 -9
-4 -9
-4 -9
-4 -9
-4 -9
-4 -9
-4 -9
-4 -9
-5 -9
-8 -9
-8 -9
-8 -9
-8 -9
-8 -9
-8 -9
-8 -9
-8 -9
-8 -9
-8 -9
-8 -9
-8 -9
-8 -9
-8 -9
-8 -9
-8 -9
-8 -9
-8 -9
-8 -9
-8 -9
-8 -9
-8 -9
-8 -9
-8 -9
-8 -9
-8 -9
-8 -9
-8 -9
-8 -9
-8 -10
-4 -6
-4 -6
-4 -6
-4 -6
-4 -6
-4 -6
-4 -6
-4 -6
-4 -6
-4 -6
-4 -6
-4 -6
-4 -6
-4 -6
-4 -6
-4 -6
-4 -6
-4 -6
-4 -6
-4 -6
-4 -6
-4 -6
-4 -6
-4 -6
-4 -6
-4 -6
-4 -6
-4 -6
-4 -6
-4 -6
-4 -6
-4 -6
-4 -6
-4 -6
-4 -6
-4 -6
-4 -6
-4 -6
-4 -6
-4 -6
-6 -9
-6 -9
-6 -9
-6 -9
-6 -9
-6 -9
-6 -9
-6 -9
-6 -9
-6 -9
-6 -9
-6 -9
-6 -9
-6 -9
-6 -9
-6 -9
-6 -9
-6 -9
-6 -9
-6 -9
-6 -9
-6 -9
-6 -9
-6 -9
-6 -9
-6 -9
-6 -9
-6 -9
-6 -9
-6 -9
-6 -9
-6 -9
-6 -9
-6 -9
-6 -9
-6 -9
-6 -9
-6 -9
-6 -9
-6 -9
-6 -9
-6 -9
-6 -9
-6 -9
-6 -9
-4 -7
-2 -6
-2 -6
-2 -6
-2 -6
-2 -6
-2 -6
-2 -6
-2 -6
-2 -6
-2 -6
-2 -6
-2 -6
-2 -6
-2 -6
-2 -6
-2 -6
-2 -6
-2 -6
-2 -6
-2 -6
-2 -6
-2 -6
-2 -6
-2 -6
-2 -6
-2 -6
-2 -6
-2 -6
-2 -6
-2 -6
-2 -6
-2 -6
-2 -6
-2 -6
-2 -6
-2 -6
-2 -6
-2 -6
-2 -6
-2 -6
-2 -4
-2 -4
-2 -4
-2 -4
-2 -4
-2 -4
-2 -4
-2 -4
-2 -4
-2 -4
-2 -4
-2 -4
-2 -4
-2 -4
-2 -4
-2 -4
-2 -4
-2 -4
-2 -4
-2 -4
-2 -4
-2 -4
-2 -4
-2 -4
-2 -4
-2 -4
-2 -4
-2 -4
-2 -4
-2 -4
-2 -4
-2 -4
-2 -4
-2 -4
-2 -4
-2 -4
-2 -4
-2 -4
-2 -4
-2 -4
-2 -4
-2 -4
-2 -4
-2 -4
0 -1
0 -2
0 -2
0 -2
0 -2
0 -2
0 -2
0 -2
0 -2
0 -2
0 -2
0 -2
0 -2
0 -2
0 -2
0 -2
0 -2
0 -2
0 -2
0 -2
0 -2
0 -2
0 -2
0 -2
0 -2
0 -2
0 -2
0 -2
0 -2
0 -2
0 -2
0 -2
0 -2
0 -2
0 -2
0 -2
0 -2
0 -2
0 -2
0 -2
0 -2
0 -2
0 -2
0 -2
0 -2
0 -2
0 -2
0 -2
0 -2
0 -2
0 -2
0 -2
0 -2
0 -2
0 -2
0 -2
0 -2
0 -2
0 -2
0 -2
0 -2
0 -2
0 -2
0 -2
0 -2
0 -2
0 -2
0 -2
0 -2
0 -2
0 -2
0 -2
0 -2
0 -2
0 -2
0 -2
0 -2
0 -2
0 -2
0 -2
0 -2
0 -2
0 -2
0 -2
0 -2
0 -2
0 -2
0 -2
0 -2
0 -2
0 -2
0 -2
0 -2
0 -2
0 -1
0 -2
0 -2
0 -2
0 -2
0 -2
0 -2
0 -2
0 -2
0 -2
0 -2
0 -2
0 -2
0 -2
0 -2
0 -2
0 -2
0 -2
0 -2
0 -2
0 -2
0 -2
2 -4
2 -4
2 -4
2 -4
2 -4
2 -4
2 -4
2 -4
2 -4
2 -4
2 -4
2 -4
2 -4
2 -4
2 -4
2 -4
2 -4
2 -4
2 -4
2 -4
2 -4
2 -4
2 -4
2 -4
2 -4
2 -4
2 -4
2 -4
2 -4
2 -4
2 -4
2 -4
2 -4
2 -4
2 -4
2 -4
2 -4
2 -4
2 -4
2 -4
2 -4
2 -4
2 -4
2 -4
2 -4
2 -4
2 -4
2 -4
2 -4
2 -4
2 -4
2 -4
2 -4
2 -4
2 -4
2 -4
2 -4
2 -4
2 -4
2 -4
2 -4
2 -4
2 -4
2 -4
2 -4
2 -4
2 -4
3 -6
3 -6
9 -10
9 -10
9 -10
9 -10
9 -10
9 -10
9 -10
9 -10
9 -10
9 -10
9 -10
9 -10
9 -10
9 -10
9 -10
9 -10
9 -10
9 -10
9 -10
9 -10
9 -10
9 -10
9 -10
9 -10
9 -10
9 -10
9 -10
9 -10
9 -10
9 -10
9 -10
9 -10
9 -10
9 -10
9 -10
9 -10
9 -10
9 -10
9 -10
9 -10
9 -10
9 -10
9 -10
9 -10
9 -10
9 -10
9 -10
9 -10
13 -12
19 -15
19 -15
19 -15
19 -15
19 -15
19 -15
19 -15
19 -15
19 -15
19 -15
19 -15
19 -15
19 -15
19 -15
19 -15
19 -15
19 -15
19 -15
19 -15
19 -15
19 -15
19 -15
19 -15
19 -15
19 -15
19 -15
19 -15
19 -15
19 -15
19 -15
19 -15
19 -15
19 -15
19 -15
19 -15
19 -15
19 -15
19 -18
19 -18
19 -18
19 -18
19 -18
19 -18
19 -18
19 -18
19 -18
19 -18
19 -18
19 -18
19 -18
19 -18
19 -18
19 -18
19 -18
19 -18
19 -18
19 -18
19 -18
19 -18
19 -18
19 -18
13 -16
13 -16
13 -16
13 -16
13 -16
13 -16
13 -16
13 -16
13 -16
13 -16
13 -16
13 -16
13 -16
13 -16
13 -16
13 -16
13 -16
13 -16
13 -16
13 -16
13 -16
13 -16
13 -16
13 -16
13 -14
13 -14
13 -14
13 -14
13 -14
13 -14
13 -14
13 -14
13 -14
13 -14
13 -14
13 -14
13 -14
13 -14
13 -14
13 -14
13 -14
13 -14
13 -14
13 -14
13 -14
13 -14
13 -14
13 -14
13 -14
13 -14
13 -14
13 -14
13 -14
13 -14
13 -14
13 -14
13 -14
13 -14
13 -14
13 -14
13 -14
13 -14
13 -14
13 -14
13 -14
13 -14
13 -14
13 -14
13 -14
13 -14
13 -14
13 -14
13 -14
13 -14
13 -14
13 -14
13 -14
13 -14
13 -14
13 -14
13 -14
13 -14
13 -14
13 -14
13 -14
13 -14
13 -14
13 -14
13 -14
13 -14
13 -14
13 -14
13 -14
13 -14
13 -14
13 -14
13 -14
13 -14
13 -14
13 -14
13 -14
13 -14
13 -14
13 -14
12 -13
12 -13
12 -13
12 -13
12 -13
12 -13
12 -13
12 -13
12 -13
12 -13
12 -13
12 -13
12 -13
12 -13
12 -13
12 -13
12 -13
12 -13
12 -13
12 -13
12 -13
12 -13
12 -13
12 -13
12 -13
12 -13
12 -13
12 -13
12 -13
12 -13
12 -13
12 -13
12 -13
12 -13
12 -13
12 -13
12 -13
12 -13
12 -13
12 -13
12 -13
12 -13
12 -13
12 -13
12 -13
12 -13
12 -13
12 -13
13 -13
13 -13
13 -13
13 -13
13 -13
13 -13
13 -13
13 -13
13 -13
13 -13
13 -13
13 -13
13 -13
13 -13
13 -13
13 -13
13 -13
13 -13
13 -13
13 -13
13 -13
13 -13
13 -13
13 -13
13 -13
13 -13
13 -13
13 -13
13 -13
13 -13
13 -13
13 -13
13 -13
13 -13
13 -13
13 -13
13 -13
13 -13
13 -13
13 -13
13 -13
13 -13
10 -12
10 -12
10 -12
10 -12
10 -12
10 -12
10 -12
10 -12
10 -12
10 -12
10 -12
10 -12
10 -12
10 -12
10 -12
10 -12
10 -12
10 -12
10 -12
10 -12
10 -12
10 -12
10 -12
10 -12
10 -12
10 -12
10 -12
10 -12
10 -12
10 -12
10 -12
10 -12
10 -12
10 -12
10 -12
10 -12
11 -11
11 -11
11 -11
11 -11
11 -11
11 -11
11 -11
11 -11
11 -11
11 -11
11 -11
11 -11
11 -11
11 -11
11 -11
11 -11
11 -11
11 -11
11 -11
11 -11
11 -11
11 -11
11 -11
11 -11
11 -11
11 -11
11 -11
11 -11
11 -11
11 -11
11 -11
11 -11
11 -11
11 -11
11 -11
11 -11
11 -11
11 -11
6 -8
5 -5
1 -2
1 -2
1 -2
1 -2
1 -2
1 -2
1 -2
1 -2
1 -2
1 -2
1 -2
1 -2
1 -2
1 -2
1 -2
1 -2
1 -2
1 -2
1 -2
1 -2
1 -2
1 -2
1 -2
1 -2
1 -2
1 -2
1 -2
1 -2
1 -2
1 -2
0 -1
0 -1
0 -1
0 -1
0 -1
0 -1
0 -1
0 -1
0 -1
0 -1
0 -1
0 -1
0 -1
0 -1
0 -1
0 -1
0 -1
0 -1
0 -1
0 -1
0 -1
0 -1
0 -1
0 -1
0 -1
0 -1
0 -1
0 -1
0 -1
0 -1
0 -1
0 -1
0 -1
0 -1
0 -1
0 -1
0 -1
0 -1
0 -1
0 -1
0 -1
0 -1
0 -1
0 -1
0 -1
0 -1
0 -1
0 -1
0 -1
0 -1
0 -1
0 -1
0 -1
0 -1
0 -1
0 -1
0 -1
0 -1
0 -1
0 -1
0 -1
0 -1
0 -1
0 -1
0 -1
0 -1
0 -1
0 -1
0 -1
0 -1
0 -1
0 -1
0 -1
0 -1
0 -1
0 -1
0 -1
0 -1
0 -1
0 -1
0 -1
0 -1
0 -1
0 -1
0 -1
0 -1
0 -1
0 -1
0 -1
0 -1
0 -1
0 -1
0 -1
0 -1
0 -1
0 -1
0 -1
0 -1
0 -1
0 -1
0 -1
0 -1
0 -1
0 -1
0 -1
0 -1
0 -1
0 -1
0 -1
0 -1
0 -1
0 -1
0 -1
0 -1
0 -1
0 -1
0 -1
0 -1
0 -1
0 -1
0 -1
0 -1
0 -1
0 -1
0 -1
0 -1
0 -1
0 -1
0 -1
0 -1
0 -1
0 -1
0 -1
0 -1
0 -1
0 -1
0 -1
0 -1
0 -1
0 -1
0 -1
0 -1
0 -1
0 -1
0 -1
0 -1
0 -1
0 -1
0 -1
0 -1
0 -1
0 -1
0 -1
0 -1
0 -1
0 -1
0 -1
0 -1
0 -1
0 -1
0 -1
0 -1
0 -1
0 -1
0 -1
0 -1
0 -1
0 -1
0 -1
0 -1
0 -1
0 -1
0 -1
0 -1
0 -1
0 -1
0 -1
0 -1
0 -1
0 -1
0 -1
0 -1
0 -1
0 -1
0 -1
0 -1
0 -1
0 -1
0 -1
0 -1
0 -1
0 -1
0 -1
0 -1
0 -1
0 -1
0 -1
0 -1
0 -1
0 -1
0 -1
0 -1
0 -1
0 -1
0 -1
0 -1
0 -1
0 -1
0 -1
0 -1
0 -1
0 -1
0 -1
0 -1
0 -1
0 -1
0 -1
0 -1
0 -1
0 -1
0 -1
0 -1
0 -1
0 -1
0 -1
0 -1
0 -1
0 -1
0 -1
0 -1
0 -1
0 -1
0 -1
0 -1
0 -1
0 -1
0 -1
0 -1
0 -1
0 -1
0 -1
0 -1
0 -1
0 -1
0 -1
0 -1
0 -1
0 -1
0 -1
0 -1
0 -1
0 -1
0 -1
0 -1
0 -1
0 -1
0 -1
0 -1
0 -1
0 -1
0 -1
0 -1
0 -1
0 -1
0 -1
0 -1
0 -1
0 -1
0 -1
0 -1
0 -1
0 -1
0 -1
0 -1
0 -1
0 -1
0 -1
0 -1
0 -1
0 -1
0 -1
0 -1
0 -1
0 -1
0 -1
0 -1
0 -1
0 -1
0 -1
0 -1
0 -1
0 -1
0 -1
0 -1
0 -1
0 -1
0 -1
0 -1
0 -1
0 -1
0 -1
0 -1
0 -1
0 -1
0 -1
0 -1
0 -1
0 -1
0 -1
0 -1
0 -1
0 -1
0 -1
0 -1
0 -1
0 -1
0 -1
0 -1
0 -1
0 -1
0 -1
0 -1
0 -1
0 -1
0 -1
0 -1
0 -1
0 -1
0 -1
0 -1
0 -1
0 -1
0 -1
0 -1
0 -1
0 -1
0 -1
0 -1
0 -1
0 -1
0 -1
0 -1
0 -1
0 -1
0 -1
0 -1
0 -1
0 -1
0 -1
0 -1
0 -1
0 -1
0 -1
0 -1
0 -1
0 -1
0 -1
0 -1
0 -1
0 -1
0 -1
0 -1
0 -1
0 -1
0 -1
0 -1
0 -1
0 -1
0 -1
0 -1
0 -1
0 -1
0 -1
0 -1
0 -1
0 -1
0 -1
0 -1
0 -1
0 -1
0 -1
0 -1
0 -1
0 -1
0 -1
0 -1
0 -1
0 -1
0 -1
0 -1
0 -1
0 -1
0 -1
0 -1
0 -1
0 -1
0 -1
0 -1
0 -1
0 -1
0 -1
0 -1
0 -1
0 -1
0 -1
0 -1
0 -1
0 -1
0 -1
0 -1
0 -1
0 -1
0 -1
0 -1
0 -1
0 -1
0 -1
0 -1
0 -1
0 -1
0 -1
0 -1
0 -1
0 -1
0 -1
0 -1
0 -1
0 -1
0 -1
0 -1
0 -1
0 -1
0 -1
0 -1
0 -1
0 -1
0 -1
0 -1
0 -1
0 -1
0 -1
0 -1
0 -1
0 -1
0 -1
0 -1
0 -1
0 -1
0 -1
0 -1
0 -1
0 -1
0 -1
0 -1
0 -1
0 -1
0 -1
0 -1
0 -1
0 -1
0 -1
0 -1
0 -1
0 -1
0 -1
0 -1
0 -1
0 -1
0 -1
0 -1
0 -1
0 -1
0 -1
0 -1
0 -1
0 -1
0 -1
0 -1
0 -1
0 -1
0 -1
0 -1
0 -1
0 -1
0 -1
0 -1
0 -1
0 -1
0 -1
0 -1
0 -1
0 -1
0 -1
0 -1
0 -1
0 -1
0 -1
0 -1
0 -1
0 -1
0 -1
0 -1
0 -1
0 -1
0 -1
0 -1
0 -1
0 -1
0 -1
0 -1
0 -1
0 -1
0 -1
0 -1
0 -1
0 -1
0 -1
0 -1
0 -1
0 -1
0 -1
0 -1
0 -1
0 -1
0 -1
0 -1
0 -1
0 -1
0 -1
0 -1
0 -1
0 -1
0 -1
0 -1
0 -1
0 -1
0 -1
0 -1
0 -1
0 -1
0 -1
0 -1
0 -1
0 -1
0 -1
0 -1
0 -1
0 -1
0 -1
0 -1
0 -1
0 -1
0 -1
0 -1
0 -1
0 -1
0 -1
0 -1
0 -1
0 -1
0 -1
0 -1
0 -1
0 -1
0 -1
0 -1
0 -1
0 -1
0 -1
0 -1
0 -1
0 -1
0 -1
0 -1
0 -1
0 -1
0 -1
0 -1
0 -1
0 -1
0 -1
0 -1
0 -1
0 -1
0 -1
0 -1
0 -1
0 -1
0 -1
0 -1
0 -1
0 -1
0 -1
0 -1
0 -1
0 -1
0 -1
0 -1
0 -1
0 -1
0 -1
0 -1
0 -1
0 -1
0 -1
0 -1
0 -1
0 -1
0 -1
0 -1
0 -1
0 -1
0 -1
0 -1
0 -1
0 -1
0 -1
0 -1
0 -1
0 -1
0 -1
0 -1
0 -1
0 -1
0 -1
0 -1
0 -1
0 -1
0 -1
0 -1
0 -1
0 -1
0 -1
0 -1
0 -1
0 -1
0 -1
0 -1
0 -1
0 -1
0 -1
0 -1
0 -1
0 -1
0 -1
0 -1
0 -1
0 -1
0 -1
0 -1
0 -1
0 -1
0 -1
0 -1
0 -1
0 -1
0 -1
0 -1
0 -1
0 -1
0 -1
0 -1
0 -1
0 -1
0 -1
0 -1
0 -1
0 -1
0 -1
0 -1
0 -1
0 -1
