-3 1
-2 1
-3 1
-4 2
-6 1
-9 2
-9 1
-8 0
-7 0
-9 0
-10 -2
-11 -2
-12 -4
-9 -2
-8 -1
-8 -2
-6 -4
-2 -1
-4 -2
-4 -2
-4 -2
-4 -2
-4 -2
-4 -2
-4 -2
-4 -2
-4 -2
-4 -2
-4 -2
-4 -2
-4 -2
-4 -2
-4 -4
-4 -4
-4 -4
-4 -4
-4 -4
-4 -4
-4 -4
-4 -4
-4 -4
-4 -4
-4 -4
-4 -4
-4 -4
-4 -4
-4 -4
-4 -4
-4 -4
-4 -4
-4 -4
-4 -4
-4 -4
-4 -3
-4 -3
-4 -3
-4 -3
-4 -3
-4 -3
-4 -3
-4 -3
-4 -3
-4 -3
-4 -3
-4 -3
-4 -3
-4 -3
-4 -3
-4 -3
-4 -3
-4 -3
-4 -3
-4 -3
-4 -3
-4 -3
-4 -3
-4 -3
-4 -3
-4 -3
-4 -3
-4 -3
-4 -3
-4 -3
-4 -3
-4 -3
-4 -3
-4 -3
-4 -3
-4 -3
-4 -3
-4 -3
-4 -3
-4 -3
-4 -3
-4 -3
-4 -3
-4 -3
-4 -3
-4 -3
-4 -3
-4 -3
-4 -3
-4 -3
-4 -3
-4 -3
-4 -3
-4 -3
-4 -3
-4 -3
-4 -3
-4 -3
-4 -3
-4 -3
-4 -3
-4 -3
-4 -3
-4 -3
-4 -3
-4 -3
-4 -3
-4 -3
-4 -3
-4 -3
-4 -3
-4 -3
-4 -3
-4 -3
-4 -3
-4 -3
-4 -3
-4 -3
-4 -3
-4 -3
-4 -3
-4 -3
-4 -3
-4 -3
-4 -3
-4 -3
-4 -3
-4 -3
-4 -3
-4 -3
-4 -3
-4 -3
-4 -3
-4 -3
-4 -3
-4 -3
-4 -3
-4 -3
-4 -3
-4 -3
-4 -3
-4 -3
-4 -3
-4 -3
-4 -3
-4 -3
-4 -3
-4 -3
-4 -3
-4 -3
-4 -3
-4 -3
-4 -3
-4 -4
-4 -4
-4 -4
-4 -4
-4 -4
-4 -4
-4 -4
-4 -4
-4 -4
-4 -4
-4 -4
-4 -4
-4 -4
-4 -4
-4 -4
-4 -4
-4 -4
-4 -4
-4 -4
-4 -4
-4 -4
-4 -4
-4 -4
-4 -4
-4 -4
-4 -4
-4 -4
-4 -4
-4 -4
-4 -4
-4 -4
-4 -4
-4 -4
-4 -4
-4 -4
-4 -4
-4 -4
-4 -4
-4 -4
-4 -4
-4 -4
-4 -4
-4 -4
-5 -7
-4 -6
-4 -8
-4 -8
-4 -8
-4 -8
-4 -8
-4 -8
-4 -8
-4 -8
-4 -8
-4 -8
-4 -8
-4 -8
-4 -8
-4 -8
-4 -7
-4 -8
-4 -8
-4 -8
-4 -8
-4 -8
-4 -8
-4 -8
-4 -8
-4 -8
-4 -8
-4 -8
-4 -8
-4 -8
-4 -8
-4 -8
-4 -8
-4 -8
-4 -8
-4 -8
-4 -8
-4 -8
-4 -8
-4 -8
-4 -8
-4 -8
-4 -8
-4 -8
-4 -8
-4 -8
-4 -8
-4 -8
-4 -8
-4 -8
-4 -8
-4 -8
-4 -8
-4 -8
-4 -8
-4 -8
-4 -8
-4 -8
-4 -8
-4 -8
-4 -8
-4 -8
-4 -8
-4 -8
-4 -8
-4 -8
-4 -8
-4 -8
-4 -8
-4 -8
-4 -8
-4 -8
-4 -8
-4 -8
-4 -8
-4 -8
-4 -8
-4 -8
-4 -8
-4 -8
-4 -8
-4 -8
-4 -8
-4 -8
-4 -8
-4 -8
-4 -8
-4 -8
-4 -8
-4 -8
-4 -8
-4 -8
-4 -8
-4 -8
-4 -8
-4 -8
-4 -8
-4 -8
-4 -8
-4 -8
-4 -8
-4 -8
-4 -8
-4 -8
-4 -8
-4 -8
-4 -8
-4 -8
-4 -8
-4 -8
-4 -8
-4 -8
-4 -8
-4 -8
-4 -8
-4 -8
-4 -8
-4 -8
-4 -8
-4 -8
-4 -8
-4 -8
-3 -8
-3 -8
-3 -8
-3 -8
-3 -8
-3 -8
-3 -8
-3 -8
-3 -8
-3 -8
-3 -8
-3 -8
-3 -8
-3 -8
-3 -8
-3 -8
-3 -8
-3 -8
-3 -8
-3 -8
-3 -8
-3 -7
-3 -7
-3 -7
-3 -7
-3 -7
-3 -7
-3 -7
-3 -7
-3 -7
-3 -7
-3 -7
-3 -7
-3 -7
-3 -7
-3 -7
-3 -7
-3 -7
-3 -7
-3 -7
-3 -7
-3 -7
-3 -7
-3 -7
-3 -7
-3 -7
-3 -7
-3 -7
-3 -7
-3 -7
-3 -7
-3 -7
-3 -7
-3 -7
-3 -7
-3 -7
-3 -7
-3 -7
-3 -7
-3 -7
-3 -7
-3 -7
-3 -7
-3 -7
-3 -7
-3 -7
-3 -7
-4 -8
-4 -8
-4 -8
-4 -8
-4 -8
-4 -8
-4 -8
-4 -8
-4 -8
-4 -8
-4 -8
-4 -8
-4 -8
-4 -8
-4 -8
-4 -8
-4 -8
-4 -8
-4 -8
-4 -8
-4 -8
-4 -8
-4 -8
-4 -8
-3 -9
-3 -9
-3 -9
-3 -9
-3 -9
-3 -9
-3 -9
-3 -9
-3 -9
-3 -9
-3 -9
-3 -9
-3 -9
-3 -9
-3 -9
-3 -9
-3 -9
-3 -9
-3 -9
-3 -9
-3 -9
-3 -9
-3 -9
-3 -9
-3 -9
-3 -9
-3 -9
-3 -9
-3 -9
-3 -9
-3 -9
-3 -9
-3 -9
-3 -9
-3 -9
-3 -9
-3 -9
-3 -9
-3 -9
-3 -9
-3 -9
-3 -9
-3 -9
-3 -9
-3 -9
-3 -9
-3 -9
-3 -9
-3 -9
-3 -9
-3 -9
-3 -9
-3 -9
-3 -9
-3 -9
-3 -9
-3 -9
-3 -9
-3 -9
-3 -9
-3 -9
-3 -10
-4 -13
-4 -13
-4 -13
-4 -13
-4 -13
-4 -13
-4 -13
-4 -13
-4 -13
-4 -13
-4 -13
-4 -13
-4 -13
-4 -13
-4 -13
-4 -13
-4 -13
-4 -13
-4 -13
-4 -13
-4 -13
-4 -13
-4 -13
-4 -13
-4 -13
-4 -13
-4 -13
-4 -13
-4 -13
-4 -13
-4 -13
-4 -13
-4 -13
-4 -13
-4 -13
-4 -13
-4 -13
-4 -13
-4 -13
-4 -13
-5 -15
-5 -15
-5 -15
-5 -15
-5 -15
-5 -15
-5 -15
-5 -15
-5 -15
-5 -15
-5 -15
-5 -15
-5 -15
-5 -15
-5 -15
-5 -15
-5 -15
-5 -15
-5 -15
-5 -15
-5 -15
-5 -15
-5 -15
-5 -15
-5 -15
-5 -15
-5 -15
-5 -15
-5 -15
-5 -15
-5 -15
-5 -15
-5 -15
-5 -15
-5 -15
-5 -15
-5 -15
-5 -15
-5 -15
-5 -15
-5 -15
-5 -15
-5 -15
-5 -15
-5 -15
-5 -15
-5 -15
-5 -15
-7 -18
-7 -18
-7 -18
-7 -18
-7 -18
-7 -18
-7 -18
-7 -18
-7 -18
-7 -18
-7 -18
-7 -18
-7 -18
-7 -18
-7 -18
-7 -18
-7 -18
-7 -18
-7 -18
-7 -18
-7 -18
-7 -18
-7 -18
-7 -18
-7 -18
-7 -18
-5 -15
-5 -15
-5 -15
-5 -15
-5 -15
-5 -15
-5 -15
-5 -15
-5 -15
-5 -15
-5 -15
-5 -15
-5 -15
-5 -15
-5 -15
-5 -15
-5 -15
-5 -15
-5 -15
-5 -15
-5 -15
-5 -15
-5 -15
-5 -15
-5 -15
-5 -15
-5 -15
-5 -15
-5 -15
-5 -15
-5 -15
-5 -15
-5 -15
-5 -15
-5 -15
-5 -15
-5 -15
-5 -15
-5 -15
-5 -15
-5 -15
-5 -15
-5 -15
-5 -15
-5 -15
-5 -15
-5 -15
-5 -15
-5 -15
-5 -15
-5 -15
-5 -15
-5 -15
-5 -15
-5 -15
-5 -15
-5 -15
-5 -15
-5 -15
-5 -15
-5 -15
-5 -15
-5 -15
-5 -15
-5 -15
-5 -15
-5 -15
-5 -15
-5 -15
-5 -15
-5 -15
-3 -15
-3 -15
-3 -15
-3 -15
-3 -15
-3 -15
-3 -15
-3 -15
-3 -15
-3 -15
-3 -15
-3 -15
-3 -15
-3 -15
-3 -15
-3 -15
-3 -15
-3 -15
-3 -15
-3 -15
-3 -15
-3 -15
-3 -15
-3 -15
-3 -15
-3 -15
-3 -15
-3 -15
-3 -15
-3 -15
-3 -15
-3 -15
-3 -15
-3 -15
-3 -15
-3 -15
-3 -15
-3 -15
-3 -15
-3 -15
-3 -15
-3 -15
-3 -11
-3 -11
-3 -11
-3 -11
-3 -11
-3 -11
-3 -11
-3 -11
-3 -11
-3 -11
-3 -11
-3 -11
-3 -11
-3 -11
-3 -11
-3 -11
-3 -11
-3 -11
-3 -11
-3 -11
-3 -11
-3 -11
-3 -11
-3 -11
-3 -11
-3 -11
-3 -11
-3 -11
-3 -11
-3 -11
-3 -11
-3 -11
-3 -11
-3 -11
-3 -11
-3 -11
-3 -11
-3 -11
-3 -11
-3 -11
-3 -11
-3 -11
-3 -11
-1 -10
-1 -10
-1 -10
-1 -10
-1 -10
-1 -10
-1 -10
-1 -10
-1 -10
-1 -10
-1 -10
-1 -10
-1 -10
-1 -10
-1 -10
-1 -10
-1 -10
-1 -10
-1 -9
-1 -9
-1 -9
-1 -9
-1 -9
-1 -9
-1 -9
-1 -9
-1 -9
-1 -9
-1 -9
-1 -9
-1 -9
-1 -9
-1 -9
-1 -9
-1 -9
-1 -9
-1 -9
-1 -9
-1 -9
-1 -9
0 -8
0 -8
0 -8
0 -8
0 -8
0 -8
0 -8
0 -8
0 -8
0 -8
0 -8
0 -8
0 -8
0 -8
0 -8
0 -8
0 -8
0 -8
0 -8
0 -8
0 -8
0 -8
0 -8
0 -8
0 -8
0 -8
0 -8
0 -8
0 -8
0 -8
0 -8
0 -8
0 -8
0 -8
0 -8
0 -8
0 -8
0 -8
0 -8
0 -8
-1 -6
-1 -6
-1 -6
-1 -6
-1 -6
-1 -6
-1 -6
-1 -6
-1 -6
-1 -6
-1 -6
-1 -6
-1 -6
-1 -6
-1 -6
-1 -6
-1 -6
-1 -6
-1 -6
-1 -6
-1 -6
-1 -6
-1 -6
-1 -6
-1 -6
-1 -6
-1 -6
-1 -6
-1 -6
-1 -6
-1 -6
-1 -6
-1 -6
-1 -6
-1 -6
-1 -6
-1 -6
-1 -6
-1 -6
-1 -6
-1 -6
-1 -6
0 -7
1 -7
1 -7
1 -7
1 -7
1 -7
1 -7
1 -7
1 -7
1 -7
1 -7
1 -7
1 -7
1 -7
1 -7
1 -7
1 -7
1 -7
1 -7
1 -7
1 -7
1 -7
1 -7
1 -7
1 -7
1 -7
1 -7
1 -7
1 -7
1 -7
1 -7
1 -7
1 -7
1 -7
1 -7
1 -7
1 -7
1 -7
1 -7
1 -7
1 -7
1 -7
1 -7
1 -7
1 -7
1 -7
1 -7
1 -7
1 -7
1 -7
1 -7
1 -7
1 -7
1 -7
1 -7
1 -7
1 -7
1 -7
1 -7
1 -7
1 -7
1 -7
1 -7
1 -9
1 -9
1 -9
1 -9
1 -9
1 -9
1 -9
1 -9
1 -9
1 -9
1 -9
1 -9
1 -9
1 -9
1 -9
1 -9
1 -9
1 -9
1 -9
1 -9
1 -9
1 -9
1 -9
1 -9
1 -9
1 -9
1 -9
1 -9
1 -9
1 -9
1 -9
1 -9
1 -9
1 -9
1 -9
1 -9
1 -9
1 -9
1 -9
1 -9
1 -9
1 -9
1 -9
1 -9
1 -9
1 -9
1 -9
1 -9
1 -9
1 -9
1 -9
1 -9
1 -9
1 -9
1 -9
1 -9
1 -9
1 -9
1 -9
1 -9
1 -9
1 -9
1 -9
1 -9
1 -9
1 -9
1 -9
1 -9
1 -9
0 -9
0 -9
0 -9
0 -9
0 -9
0 -9
0 -9
0 -9
0 -9
0 -9
0 -9
0 -9
0 -9
0 -9
0 -9
0 -9
0 -9
0 -9
0 -9
0 -9
0 -9
0 -9
0 -9
0 -9
0 -9
0 -9
0 -9
0 -9
0 -9
0 -9
0 -9
0 -9
0 -9
0 -9
0 -9
0 -9
0 -9
0 -9
0 -9
0 -9
0 -9
0 -9
0 -9
0 -11
0 -11
0 -11
0 -11
0 -11
0 -11
0 -11
0 -11
0 -11
0 -11
0 -11
0 -11
0 -11
0 -11
0 -11
0 -11
1 -11
1 -11
1 -11
1 -11
1 -11
1 -11
1 -11
1 -11
1 -11
1 -11
1 -11
1 -11
1 -11
1 -11
1 -11
1 -11
1 -11
1 -11
1 -11
1 -11
1 -11
1 -11
1 -11
1 -11
1 -11
1 -11
1 -11
1 -11
1 -11
1 -11
1 -11
1 -11
1 -11
1 -11
1 -11
1 -11
1 -11
1 -11
1 -11
1 -11
1 -11
1 -11
1 -11
1 -11
1 -11
1 -11
1 -11
1 -11
1 -11
1 -11
1 -11
1 -11
1 -11
1 -11
1 -11
1 -11
1 -11
1 -11
1 -11
1 -11
1 -11
1 -11
1 -11
1 -11
1 -11
1 -11
1 -11
1 -11
1 -11
1 -11
1 -10
2 -10
2 -10
2 -10
2 -10
2 -10
2 -10
2 -10
2 -10
2 -10
2 -10
2 -10
2 -10
2 -10
2 -10
2 -10
2 -10
2 -10
2 -10
2 -10
2 -10
2 -10
2 -10
2 -10
2 -10
2 -10
2 -10
2 -10
2 -10
2 -10
2 -10
2 -10
2 -10
2 -10
2 -10
2 -10
2 -10
2 -10
2 -10
2 -10
2 -10
2 -10
2 -10
2 -10
2 -10
2 -10
2 -10
2 -10
0 -8
0 -8
0 -8
0 -8
0 -8
0 -8
0 -8
0 -8
0 -8
0 -8
0 -8
0 -8
0 -8
0 -8
0 -8
0 -8
0 -8
0 -8
0 -8
-1 -5
-1 -5
-1 -5
-1 -5
-1 -5
-1 -5
-1 -5
-1 -5
-1 -5
-1 -5
-1 -5
-1 -5
-1 -5
-1 -5
-1 -5
-1 -5
-1 -5
-1 -5
-1 -5
-1 -5
-1 -5
-1 -5
-1 -5
-1 -5
-1 -5
-1 -5
-1 -5
-1 -5
-1 -5
-1 -5
-1 -5
-1 -5
-1 -5
-1 -5
-1 -5
-1 -5
-1 -5
-1 -5
-1 -5
-1 -5
-1 -5
-1 -5
-1 -3
-1 -3
-1 -3
-1 -3
-1 -3
-1 -3
-1 -3
-1 -3
-1 -3
-1 -3
-1 -3
-1 -3
-1 -3
-1 -3
-1 -3
-1 -3
-1 -3
-1 -3
-1 -3
-1 -3
-1 -3
-1 -3
-1 -1
-1 -1
-1 -1
-1 -1
-1 -1
-1 -1
-1 -1
-1 -1
-1 -1
-1 -1
-1 -1
-1 -1
-1 -1
-1 -1
-1 -1
-1 -1
-1 -1
-1 -1
-1 -1
-1 -1
-1 -1
-1 -1
-1 -1
-1 -1
-1 -1
-1 -1
-1 -1
-1 -1
-1 -1
-1 -1
-1 -1
-1 -1
-1 -1
-1 -1
-1 -1
-1 -1
-1 -1
-1 -1
-1 -1
-1 -1
-1 0
-1 0
-1 0
-1 0
-1 0
-1 0
-1 0
-1 0
-1 0
-1 0
-1 0
-1 0
-1 0
-1 0
-1 0
-1 0
-1 0
-1 0
-1 0
-1 0
-1 0
-1 0
-1 0
-1 0
-1 0
-1 0
-1 0
-1 0
-1 0
-1 0
-1 0
-1 0
-1 0
-1 0
-1 0
-1 0
-1 0
-1 0
-1 0
-1 0
-1 0
-1 0
-1 0
-1 0
-1 0
-1 0
-1 0
-1 0
-1 0
-1 0
-1 0
-1 0
-1 0
-1 0
-1 0
-1 0
-1 0
-1 0
-1 0
-1 0
-1 0
-1 0
-1 0
-1 0
-1 0
-1 0
-3 0
-3 0
-3 0
-3 0
-3 0
-3 0
-3 0
-3 0
-3 0
-3 0
-3 0
-3 0
-3 0
-3 0
-3 0
-3 0
-3 0
-3 0
-3 0
-3 0
-3 0
-3 0
-3 0
-3 0
-3 0
-3 0
-3 0
-3 0
-3 0
-3 0
-3 0
-3 0
-3 0
-3 0
-3 0
-3 0
-3 0
-3 0
-3 0
-3 0
-3 0
-3 0
-3 0
-3 0
-3 0
-3 0
-3 0
-3 0
-3 0
-3 0
-3 0
-3 0
-3 0
-3 0
-4 0
-4 0
-5 0
-5 0
-5 0
-5 0
-5 0
-5 0
-5 0
-5 0
-5 0
-5 0
-5 0
-5 0
-5 0
-5 0
-5 0
-5 0
-5 0
-5 0
-5 0
-5 0
-5 0
-5 0
-5 0
-5 0
-5 0
-5 0
-5 0
-5 0
-5 0
-5 0
-5 0
-5 0
-5 0
-5 0
-5 0
-5 0
-5 0
-5 0
-5 0
-5 0
-5 0
-5 0
-5 0
-5 0
-5 0
-5 0
-5 0
-5 0
-5 0
-5 0
-5 0
-5 0
-5 0
-5 0
-5 0
-5 0
-5 0
-5 0
-5 0
-5 0
-5 0
-5 0
-5 0
-5 0
-5 0
-5 0
-5 0
-5 0
-5 0
-5 0
-5 0
-5 0
-5 0
-5 0
-5 0
-5 0
-5 0
-5 0
-5 0
-5 0
-5 0
-5 0
-5 0
-6 0
-7 0
-7 0
-7 0
-7 0
-7 0
-7 0
-7 0
-7 0
-7 0
-7 0
-7 0
-7 0
-7 0
-7 0
-7 0
-7 0
-7 0
-7 0
-7 0
-7 0
-7 0
-7 0
-7 0
-7 0
-7 0
-7 0
-7 0
-7 0
-7 0
-7 0
-7 0
-7 0
-7 0
-7 0
-7 0
-7 0
-7 0
-7 0
-7 0
-7 0
-7 0
-9 0
-9 0
-9 0
-9 0
-9 0
-9 0
-9 0
-9 0
-9 0
-9 0
-9 0
-9 0
-9 0
-9 0
-9 0
-9 0
-9 0
-9 0
-9 0
-9 0
-9 0
-9 0
-9 0
-9 0
-9 0
-9 0
-9 0
-9 0
-9 0
-9 0
-9 0
-9 0
-9 0
-9 0
-9 0
-9 0
-9 0
-9 0
-9 0
-9 0
-9 0
-11 1
-11 0
-11 0
-11 0
-11 0
-11 0
-11 0
-11 0
-11 0
-11 0
-11 0
-11 0
-11 0
-11 0
-11 0
-11 0
-11 0
-11 0
-11 0
-11 0
-11 0
-11 0
-11 0
-11 0
-11 0
-11 0
-11 0
-11 0
-11 0
-11 0
-11 0
-11 0
-11 0
-11 0
-11 0
-11 0
-11 0
-11 0
-11 0
-11 0
-11 0
-11 0
-11 0
-11 0
-11 0
-11 0
-11 0
-11 0
-11 0
-11 0
-11 0
-11 0
-11 0
-11 0
-11 0
-11 0
-11 0
-11 0
-11 0
-11 0
-11 0
-11 0
-11 0
-11 0
-11 0
-11 0
-11 0
-11 0
-11 0
-11 0
-11 0
-11 0
-11 0
-11 0
-11 0
-11 0
-11 0
-11 0
-11 0
-11 0
-11 0
-11 0
-11 0
-11 0
-11 0
-11 0
-11 0
-11 0
-11 0
-11 0
-11 0
-11 0
-11 0
-11 0
-11 0
-11 0
-11 0
-11 0
-11 0
-11 0
-11 0
-11 0
-11 0
-11 0
-11 0
-11 0
-11 0
-11 0
-11 0
-11 0
-11 0
-11 0
-11 0
-11 0
-11 0
-11 0
-11 0
-11 0
-11 0
-11 0
-11 0
-11 0
-11 0
-10 -2
-10 -2
-10 -2
-10 -2
-10 -2
-10 -2
-10 -2
-10 -2
-10 -2
-10 -2
-10 -2
-10 -2
-10 -2
-10 -2
-10 -2
-10 -2
-10 -2
-10 -2
-10 -2
-10 -2
-10 -2
-10 -2
-10 -2
-10 -2
-10 -2
-10 -2
-10 -2
-10 -2
-10 -2
-10 -2
-10 -2
-10 -2
-10 -2
-10 -2
-10 -2
-10 -2
-10 -2
-10 -2
-10 -2
-10 -2
-10 -2
-10 -2
-10 -2
-10 -2
-10 -2
-10 -2
-10 -2
-10 -2
-10 -2
-10 -2
-10 -2
-10 -2
-10 -2
-10 -2
-10 -2
-10 -2
-10 -2
-10 -2
-10 -2
-10 -2
-10 -2
-10 -2
-10 -2
-10 -2
-10 -2
-10 -2
-10 -2
-10 -2
-10 -2
-10 -2
-10 -2
-10 -2
-10 -2
-10 -2
-10 -2
-10 -2
-10 -2
-10 -2
-10 -2
-10 -2
-10 -2
-10 -2
-10 -2
-8 0
-6 0
-6 0
-6 0
-6 0
-6 0
-6 0
-6 0
-6 0
-6 0
-6 0
-6 0
-6 0
-6 0
-6 0
-6 0
-6 0
-6 0
-6 0
-6 0
-6 0
-6 0
-6 0
-6 0
-6 0
-6 0
-6 0
-6 0
-6 0
-6 0
-6 0
-6 0
-6 0
-6 0
-6 0
-6 0
-6 0
-6 0
-6 0
-6 0
-6 0
-6 0
-6 0
-5 0
-5 0
-5 0
-5 0
-5 0
-5 0
-5 0
-5 0
-5 0
-5 0
-5 0
-5 0
-5 0
-5 0
-5 0
-5 0
-5 0
-5 0
-5 0
-5 0
-4 0
-4 0
-4 0
-4 0
-4 0
-4 0
-4 0
-4 0
-4 0
-4 0
-4 0
-4 0
-4 0
-4 0
-4 0
-4 0
-4 0
-4 0
-4 0
-4 0
-4 0
-4 0
-4 0
-4 0
-4 0
-4 0
-4 0
-4 0
-4 0
-4 0
-4 0
-4 0
-4 0
-4 0
-4 0
-4 0
-4 0
-4 0
-4 0
-4 0
-4 0
-4 0
-3 0
-5 -1
-5 -1
-5 -1
-5 -1
-5 -1
-5 -1
-5 -1
-5 -1
-5 -1
-5 -1
-5 -1
-5 -1
-5 -1
-5 -1
-5 -1
-5 -1
-5 -1
-5 -1
-5 -1
-5 -1
-5 -1
-5 -1
-5 -1
-5 -1
-5 -1
-5 -1
-5 -1
-5 -1
-5 -1
-5 -1
-5 -1
-5 -1
-5 -1
-5 -1
-5 -1
-5 -1
-5 -1
-5 -1
-5 -1
-5 -1
-5 -1
-5 -1
-5 -1
-5 -1
-5 -1
-5 -1
-5 -2
-5 -2
-5 -2
-5 -2
-5 -2
-5 -2
-5 -2
-5 -2
-5 -2
-5 -2
-5 -2
-5 -2
-5 -2
-5 -2
-5 -2
-5 -2
-5 -2
-5 -2
-4 -1
-4 -1
-4 -1
-4 -1
-4 -1
-4 -1
-4 -1
-4 -1
-4 -1
-4 -1
-4 -1
-4 -1
-4 -1
-4 -1
-4 -1
-4 -1
-4 -1
-4 -1
-4 -1
-4 -1
-4 -1
-4 -1
-4 -1
-4 -1
-4 -1
-4 -1
-4 -1
-4 -1
-4 -1
-4 -1
-4 -1
-4 -1
-4 -1
-4 -1
-4 -1
-7 -2
-7 -2
-7 -2
-7 -2
-7 -2
-7 -2
-7 -2
-7 -2
-7 -2
-7 -2
-7 -2
-7 -2
-7 -2
-7 -2
-7 -2
-7 -2
-7 -2
-7 -2
-7 -2
-7 -2
-7 -2
-7 -2
-7 -2
-7 -2
-7 -2
-7 -2
-7 -2
-7 -2
-7 -2
-7 -2
-7 -2
-7 -2
-7 -2
-7 -2
-7 -2
-7 -2
-7 -2
-7 -2
-7 -2
-7 -2
-7 -2
-7 -2
-7 -2
-7 -2
-7 -2
-7 -2
-7 -2
-7 -2
-7 -2
-7 -2
-7 -2
-7 -2
-7 -2
-7 -2
-7 -2
-7 -2
-7 -2
-7 -2
-7 -2
-7 -2
-7 -2
-7 -2
-7 -2
-7 -2
-7 -2
-7 -2
-7 -2
-7 -2
-7 -2
-7 -2
-7 -2
-7 -2
-7 -2
-7 -2
-7 -2
-7 -2
-7 -2
-7 -2
-7 -2
-7 -2
-2 0
-2 0
-2 0
-2 0
-2 0
-2 0
-2 0
-2 0
-2 0
-2 0
-2 0
-2 0
-2 0
-2 0
-2 0
-2 0
-2 0
-2 0
-2 0
-2 0
-2 0
-2 0
-2 0
-2 0
-2 0
-2 0
-2 0
-2 0
-2 0
-2 0
-2 0
-2 0
-2 0
-2 0
-2 0
-2 0
-2 0
-2 0
-2 0
-2 0
-2 0
-1 0
-1 0
-1 0
-1 0
-1 0
-1 0
-1 0
-1 0
-1 0
-1 0
-1 0
-1 0
-1 0
-1 0
-1 0
-1 0
-1 0
-1 0
-1 0
-1 0
-1 0
-1 0
-1 0
-1 0
-1 0
-1 0
-1 0
-1 0
-1 0
-1 0
-1 0
-1 0
-1 0
-1 0
-1 0
-1 0
-1 0
-1 0
-1 0
-1 0
-1 0
-1 0
-1 0
-1 0
-1 0
-1 0
-1 0
-1 0
-1 0
-1 0
-1 0
-1 0
-1 0
-1 0
-1 0
-1 0
-1 0
-1 0
-1 0
-1 0
-1 0
-1 0
-1 0
-1 0
-1 0
-1 0
-1 0
-1 0
-1 0
-1 0
-1 0
-1 0
-1 0
-1 0
-1 0
-1 0
-1 0
-1 0
-1 0
-1 0
-1 0
-1 0
-1 0
-1 0
-1 0
-1 0
-1 0
-1 0
-1 0
-1 0
-1 0
-1 0
-1 0
-1 0
-1 0
-1 0
-1 0
-1 0
-1 0
-1 0
-1 0
-1 0
-1 0
-1 0
-1 0
-1 0
-1 0
-1 0
-1 0
-1 0
-1 0
-1 0
-1 0
-1 0
-1 0
-1 0
-1 0
-1 0
-1 0
-1 0
-1 0
-1 0
-1 0
-1 0
-1 0
-1 0
-1 0
-1 0
-1 0
-1 0
-1 0
-1 0
-1 0
-1 0
-1 0
-1 0
-1 0
-1 0
-1 0
-1 0
-1 0
-1 0
-1 0
-1 0
-1 0
-1 0
-1 0
-1 0
-1 0
-1 0
-1 0
-1 0
-1 0
-1 0
-1 0
-1 0
-1 0
-1 0
-1 0
-1 0
-1 0
-1 0
-1 0
-1 0
-1 0
-1 0
-1 0
-1 0
-1 0
-1 0
-1 0
-1 0
-1 0
-1 0
-1 0
-1 0
-1 0
-1 0
-1 0
-1 0
-1 0
-1 0
-1 0
-1 0
-1 0
-1 0
-1 0
-1 0
-1 0
-1 0
-1 0
-1 0
-1 0
-1 0
-1 0
-1 0
-1 0
-1 0
-1 0
-1 0
-1 0
-1 0
-1 0
-1 0
-1 0
-1 0
-1 0
-1 0
-1 0
-1 0
-1 0
-1 0
-1 0
-1 0
-1 0
-1 0
-1 0
-1 0
-1 0
-1 0
-1 0
-1 0
-1 0
-1 0
-1 0
-1 0
-1 0
-1 0
-1 0
-1 0
-1 0
-1 0
-1 0
-1 0
-1 0
-1 0
-1 0
-1 0
-1 0
-1 0
-1 0
-1 0
-1 0
-1 0
-1 0
-1 0
-1 0
-1 0
-1 0
-1 0
-1 0
-1 0
-1 0
-1 0
-1 0
-1 0
-1 0
-1 0
-1 0
-1 0
-1 0
-1 0
-1 0
-1 0
-1 0
-1 0
-1 0
-1 0
-1 0
-1 0
-1 0
-1 0
-1 0
-1 0
-1 0
-1 0
-1 0
-1 0
-1 0
-1 0
-1 0
-1 0
-1 0
-1 0
-1 0
-1 0
-1 0
-1 0
-1 0
-1 0
-1 0
-1 0
-1 0
-1 0
-1 0
-1 0
-1 0
-1 0
-1 0
-1 0
-1 0
-1 0
-1 0
-1 0
-1 0
-1 0
-1 0
-1 0
-1 0
-1 0
-1 0
-1 0
-1 0
-1 0
-1 0
-1 0
-1 0
-1 0
-1 0
-1 0
-1 0
-1 0
-1 0
-1 0
-1 0
-1 0
-1 0
-1 0
-1 0
-1 0
-1 0
-1 0
-1 0
-1 0
-1 0
-1 0
-1 0
-1 0
-1 0
-1 0
-1 0
-1 0
