-4 0
-8 -1
-7 -1
-6 -1
-5 -2
-8 -2
-9 0
-11 -2
-10 -1
-5 -1
-7 -3
-7 -3
-7 -3
-7 -3
-7 -3
-7 -3
-7 -3
-7 -3
-7 -3
-7 -3
-7 -3
-7 -3
-7 -3
-7 -3
-7 -3
-5 -6
-8 -6
-8 -6
-8 -6
-8 -6
-8 -6
-8 -6
-8 -6
-8 -6
-8 -6
-8 -6
-8 -6
-8 -6
-8 -6
-8 -6
-8 -6
-8 -6
-8 -6
-8 -6
-8 -6
-8 -6
-8 -6
-8 -6
-8 -6
-8 -6
-8 -6
-8 -6
-8 -6
-8 -6
-8 -6
-8 -6
-8 -6
-8 -6
-8 -6
-8 -6
-8 -6
-8 -6
-8 -6
-8 -6
-8 -6
-8 -6
-8 -6
-8 -6
-8 -6
-8 -6
-8 -6
-8 -6
-8 -6
-8 -6
-8 -6
-8 -6
-8 -6
-8 -6
-8 -6
-8 -6
-8 -6
-8 -6
-8 -6
-8 -6
-8 -6
-8 -6
-8 -6
-8 -6
-8 -6
-8 -6
-8 -6
-8 -6
-8 -6
-8 -6
-8 -6
-8 -6
-8 -6
-8 -6
-8 -6
-8 -6
-8 -6
-8 -6
-8 -6
-8 -6
-8 -6
-8 -6
-8 -6
-9 -7
-9 -7
-9 -7
-9 -7
-9 -7
-9 -7
-9 -7
-9 -7
-9 -7
-9 -7
-9 -7
-9 -7
-9 -7
-9 -7
-9 -7
-9 -7
-9 -7
-9 -7
-9 -7
-9 -7
-9 -7
-9 -7
-9 -7
-9 -7
-9 -7
-9 -7
-9 -7
-9 -7
-9 -7
-9 -7
-9 -7
-9 -7
-9 -7
-9 -7
-9 -7
-9 -7
-9 -7
-9 -7
-9 -7
-9 -7
-9 -7
-9 -7
-9 -7
-9 -7
-9 -7
-9 -7
-9 -7
-9 -7
-9 -7
-9 -7
-9 -7
-9 -7
-9 -7
-9 -7
-9 -7
-9 -7
-9 -7
-9 -7
-9 -7
-9 -7
-9 -7
-9 -7
-9 -7
-9 -7
-9 -7
-9 -7
-9 -7
-9 -7
-9 -7
-9 -7
-9 -7
-9 -7
-9 -7
-9 -7
-9 -7
-9 -7
-9 -7
-9 -7
-9 -7
-10 -11
-10 -11
-10 -12
-10 -12
-8 -11
-8 -11
-10 -13
-10 -13
-10 -13
-10 -13
-10 -13
-10 -13
-10 -13
-10 -13
-10 -13
-10 -13
-10 -13
-10 -13
-10 -13
-10 -13
-10 -13
-10 -13
-10 -13
-10 -13
-10 -13
-10 -13
-10 -13
-10 -13
-10 -13
-10 -13
-10 -13
-10 -13
-10 -13
-10 -13
-10 -13
-10 -13
-10 -13
-10 -13
-10 -13
-10 -13
-9 -13
-7 -13
-7 -13
-7 -13
-7 -13
-7 -13
-7 -13
-7 -13
-7 -13
-7 -13
-7 -13
-7 -13
-7 -13
-7 -13
-7 -13
-7 -13
-7 -13
-7 -13
-7 -13
-7 -13
-7 -13
-7 -13
-7 -13
-7 -13
-7 -13
-7 -13
-7 -13
-7 -13
-7 -13
-7 -13
-7 -13
-7 -13
-7 -13
-7 -13
-7 -13
-7 -13
-7 -13
-7 -13
-7 -13
-7 -13
-6 -15
-6 -15
-6 -15
-6 -15
-6 -15
-6 -15
-6 -15
-6 -15
-6 -15
-6 -15
-6 -15
-6 -15
-6 -15
-6 -15
-6 -15
-6 -15
-6 -15
-6 -15
-6 -15
-6 -15
-6 -15
-6 -15
-6 -15
-6 -15
-6 -15
-6 -15
-6 -15
-6 -15
-6 -15
-6 -15
-6 -15
-6 -15
-6 -15
-6 -15
-6 -15
-6 -15
-6 -15
-6 -15
-6 -15
-6 -15
-6 -15
-6 -15
-5 -15
-5 -15
-5 -15
-5 -15
-5 -15
-5 -15
-5 -15
-5 -15
-5 -15
-5 -15
-5 -15
-5 -15
-5 -15
-5 -15
-5 -15
-5 -15
-5 -15
-5 -15
-5 -15
-5 -15
-5 -15
-5 -15
-5 -15
-5 -15
-5 -15
-5 -15
-5 -15
-5 -15
-5 -15
-5 -15
-5 -15
-5 -15
-5 -15
-5 -15
-5 -15
-5 -15
-5 -15
-5 -15
-5 -15
-5 -15
-5 -15
-5 -15
-5 -15
-5 -15
-5 -15
-5 -15
-4 -16
-4 -16
-4 -16
-4 -16
-4 -16
-4 -16
-4 -16
-4 -16
-4 -16
-4 -16
-4 -16
-4 -16
-4 -16
-4 -16
-4 -16
-2 -18
0 -18
0 -18
0 -18
0 -18
0 -18
0 -18
0 -18
0 -18
0 -18
0 -18
0 -18
0 -18
0 -18
0 -18
0 -18
1 -20
1 -20
1 -20
1 -20
1 -20
1 -20
1 -20
1 -20
1 -20
1 -20
1 -20
1 -20
1 -20
1 -20
1 -20
1 -20
1 -20
1 -20
1 -20
1 -20
1 -20
1 -20
1 -20
1 -20
1 -20
1 -20
1 -20
1 -20
1 -20
1 -20
1 -20
1 -20
1 -20
1 -20
1 -20
1 -20
1 -20
1 -20
1 -20
1 -20
1 -20
1 -20
1 -20
1 -20
1 -20
1 -20
1 -20
1 -20
1 -20
1 -20
1 -20
1 -20
1 -20
1 -20
1 -20
1 -20
1 -20
1 -20
1 -20
1 -20
1 -20
1 -20
1 -20
1 -20
1 -20
1 -20
1 -20
1 -20
1 -20
1 -20
1 -20
1 -20
1 -20
1 -20
1 -20
1 -20
1 -20
1 -20
1 -20
1 -20
1 -20
1 -20
1 -20
1 -20
1 -20
1 -20
2 -20
2 -20
2 -20
2 -20
2 -20
2 -20
2 -20
2 -20
2 -20
2 -20
2 -20
2 -20
2 -20
2 -20
2 -20
2 -20
2 -20
2 -20
2 -20
2 -20
2 -20
2 -20
2 -20
4 -18
4 -18
4 -18
4 -18
4 -18
4 -18
4 -18
4 -18
4 -18
4 -18
4 -18
4 -18
4 -18
4 -18
4 -18
4 -18
4 -18
4 -18
4 -18
4 -18
4 -18
4 -18
4 -18
4 -18
4 -18
4 -18
4 -18
4 -18
4 -18
4 -18
4 -18
4 -18
4 -18
4 -18
4 -18
4 -18
4 -18
4 -18
4 -18
4 -18
4 -18
4 -18
4 -18
4 -18
4 -18
4 -18
4 -18
4 -18
4 -18
4 -18
2 -20
2 -20
3 -20
3 -20
3 -20
3 -20
3 -20
3 -20
3 -20
3 -20
3 -20
3 -20
3 -20
3 -20
3 -20
3 -20
3 -20
3 -20
3 -20
3 -20
3 -20
3 -20
3 -20
3 -20
3 -20
3 -20
3 -20
3 -20
3 -20
3 -20
3 -20
3 -20
3 -20
3 -20
3 -20
3 -20
3 -20
3 -20
3 -20
3 -20
3 -20
3 -20
3 -20
3 -20
3 -20
3 -20
3 -20
3 -20
3 -20
3 -20
3 -20
3 -20
3 -20
3 -20
3 -20
3 -20
3 -20
3 -20
3 -20
3 -20
3 -20
3 -20
3 -20
3 -20
3 -20
3 -20
3 -20
3 -20
3 -20
3 -20
3 -20
3 -20
3 -20
1 -17
2 -15
2 -15
2 -15
2 -15
2 -15
2 -15
2 -15
2 -15
2 -15
2 -15
2 -15
2 -15
2 -15
2 -15
2 -15
2 -15
2 -15
2 -15
2 -15
2 -15
2 -15
2 -15
2 -15
2 -15
2 -15
2 -15
2 -15
2 -15
2 -15
2 -15
2 -15
2 -15
2 -15
2 -15
2 -15
2 -15
2 -15
2 -15
2 -15
2 -15
2 -15
2 -15
2 -15
2 -15
2 -15
2 -15
2 -15
2 -15
2 -15
2 -15
2 -15
2 -15
2 -15
2 -15
2 -15
2 -15
2 -15
2 -15
2 -15
2 -15
2 -15
2 -15
2 -15
2 -15
2 -15
0 -13
-2 -11
-2 -11
-2 -11
-2 -11
-2 -11
-2 -11
-2 -11
-2 -11
-2 -11
-2 -11
-2 -11
-2 -11
-2 -11
-2 -11
-2 -11
-2 -11
-2 -11
-2 -11
-2 -11
-2 -11
-2 -11
-2 -11
-2 -11
-2 -11
-2 -11
-2 -11
-2 -11
-2 -11
-2 -11
-2 -11
-2 -11
-2 -11
-2 -11
-2 -11
-2 -11
-2 -11
-2 -11
-2 -11
-2 -11
-1 -10
-1 -10
-1 -10
-1 -10
-1 -10
-1 -10
-1 -10
-1 -10
-1 -10
-1 -10
-1 -10
-1 -10
-1 -10
-1 -10
-1 -10
-1 -10
-1 -10
-1 -10
-1 -10
-1 -10
-1 -10
-1 -10
-3 -9
-3 -9
-3 -9
-3 -9
-3 -9
-3 -9
-3 -9
-3 -9
-3 -9
-3 -9
-3 -9
-3 -9
-3 -9
-3 -9
-3 -9
-3 -9
-3 -9
-3 -9
-3 -9
-3 -9
-3 -9
-3 -9
-3 -9
-3 -7
-3 -7
-3 -7
-3 -7
-3 -7
-3 -7
-3 -7
-3 -7
-3 -7
-3 -7
-3 -7
-3 -7
-3 -7
-3 -7
-3 -7
-3 -7
-3 -7
-3 -7
-3 -7
-3 -7
-3 -7
-3 -7
-3 -7
-3 -7
-3 -7
-3 -7
-3 -7
-3 -7
-3 -7
-3 -7
-3 -7
-3 -7
-3 -7
-3 -7
-3 -7
-3 -7
-3 -7
-3 -7
-3 -7
-3 -7
-3 -7
-3 -7
-3 -7
-3 -7
-3 -7
-3 -7
-3 -7
-3 -7
-3 -7
-3 -7
-3 -7
-3 -7
-3 -7
-3 -7
-3 -7
-3 -7
-3 -7
-3 -7
-3 -7
-3 -7
-3 -7
-3 -7
-3 -7
-3 -7
-3 -7
-3 -7
-3 -7
-3 -7
-3 -7
-3 -7
-3 -7
-3 -7
-3 -7
-3 -7
-3 -7
-3 -7
-3 -7
-3 -7
-3 -7
-3 -7
-3 -7
-3 -7
-3 -7
-3 -7
-3 -7
-3 -7
-3 -7
-3 -7
-3 -7
-3 -7
-3 -7
-6 -4
-7 -4
-7 -4
-7 -4
-7 -4
-7 -4
-7 -4
-7 -4
-7 -4
-7 -4
-7 -4
-7 -4
-7 -4
-7 -4
-7 -4
-7 -4
-7 -4
-7 -4
-7 -4
-7 -4
-7 -4
-7 -4
-7 -4
-7 -4
-7 -4
-7 -4
-7 -4
-7 -4
-7 -4
-7 -4
-7 -4
-7 -4
-7 -4
-7 -4
-7 -4
-7 -4
-7 -4
-7 -4
-7 -4
-7 -4
-7 -4
-7 -4
-7 -4
-7 -4
-7 -4
-7 -4
-7 -4
-7 -4
-7 -4
-7 -4
-7 -4
-7 -4
-7 -4
-7 -4
-7 -4
-7 -4
-7 -4
-7 -4
-7 -4
-7 -4
-7 -4
-7 -4
-7 -4
-7 -4
-7 -4
-9 -3
-9 -3
-9 -3
-9 -3
-9 -3
-9 -3
-9 -3
-9 -3
-9 -3
-9 -3
-9 -3
-9 -3
-9 -3
-9 -3
-9 -3
-9 -3
-9 -3
-9 -3
-9 -3
-9 -3
-9 -3
-9 -3
-9 -3
-9 -3
-9 -3
-9 -3
-9 -3
-9 -3
-9 -3
-9 -3
-9 -3
-9 -3
-9 -3
-9 -3
-9 -3
-9 -3
-9 -3
-9 -3
-9 -3
-9 -3
-9 -3
-9 -3
-9 -3
-9 -3
-9 -3
-9 -3
-9 -3
-9 -3
-9 -3
-9 -3
-9 -3
-9 -3
-9 -3
-9 -3
-9 -3
-9 -3
-9 -3
-9 -3
-9 -3
-9 -3
-9 -3
-9 -3
-9 -3
-9 -3
-9 -3
-9 -3
-9 -3
-10 -5
-10 -5
-8 -6
-8 -6
-8 -6
-8 -6
-8 -6
-8 -6
-8 -6
-8 -6
-8 -6
-8 -6
-8 -6
-8 -6
-8 -6
-8 -6
-8 -6
-8 -6
-8 -6
-8 -6
-8 -6
-8 -6
-8 -6
-8 -6
-8 -6
-8 -6
-8 -6
-8 -6
-8 -6
-8 -6
-8 -6
-8 -6
-8 -6
-8 -6
-8 -6
-8 -6
-8 -6
-8 -6
-8 -6
-8 -6
-8 -6
-8 -6
-8 -6
-5 -2
-9 -5
-9 -3
-9 -3
-9 -3
-9 -3
-9 -3
-9 -3
-9 -3
-9 -3
-9 -3
-9 -3
-9 -3
-9 -3
-9 -3
-9 -3
-9 -3
-9 -3
-9 -3
-9 -3
-9 -3
-9 -3
-9 -3
-9 -3
-9 -3
-9 -3
-9 -3
-9 -3
-9 -3
-9 -3
-9 -3
-9 -3
-9 -3
-9 -3
-9 -3
-9 -3
-9 -3
-9 -3
-9 -3
-9 -3
-9 -3
-9 -1
-9 -1
-9 -1
-9 -1
-9 -1
-9 -1
-9 -1
-9 -1
-9 -1
-9 -1
-9 -1
-9 -1
-9 -1
-9 -1
-9 -1
-9 -1
-9 -1
-9 -1
-9 -1
-9 -1
-9 -1
-12 0
-12 0
-12 0
-12 0
-12 0
-12 0
-12 0
-12 0
-12 0
-12 0
-12 0
-12 0
-12 0
-12 0
-12 0
-12 0
-12 0
-12 0
-12 0
-12 0
-12 0
-12 0
-12 0
-12 0
-12 0
-12 0
-12 0
-12 0
-12 0
-12 0
-12 0
-12 0
-12 0
-12 0
-12 0
-12 0
-12 0
-12 0
-12 0
-12 0
-12 0
-12 0
-12 0
-12 0
-12 0
-12 0
-12 0
-12 0
-12 0
-12 0
-12 0
-12 0
-12 0
-12 0
-12 0
-12 0
-12 0
-12 0
-12 0
-12 0
-12 0
-12 0
-12 0
-12 0
-12 0
-12 3
-15 3
-15 3
-15 3
-15 3
-15 3
-15 3
-15 3
-15 3
-15 3
-15 3
-15 3
-15 3
-15 3
-15 3
-15 3
-15 3
-15 3
-15 3
-15 3
-15 3
-15 3
-15 3
-15 3
-15 3
-15 3
-15 3
-15 3
-15 3
-15 3
-15 3
-15 3
-15 3
-15 3
-15 3
-15 3
-15 3
-15 3
-15 3
-15 3
-15 3
-15 3
-15 3
-15 3
-15 3
-15 3
-15 3
-15 3
-15 3
-15 3
-15 3
-15 3
-15 3
-15 3
-15 3
-15 3
-15 3
-15 3
-15 3
-15 3
-15 3
-15 3
-15 3
-15 3
-15 3
-15 3
-15 3
-15 3
-15 3
-15 6
-16 3
-16 3
-16 3
-16 3
-16 3
-16 3
-16 3
-16 3
-16 3
-16 3
-16 3
-16 3
-16 3
-16 3
-16 3
-16 3
-16 3
-16 3
-16 3
-16 3
-16 3
-16 3
-16 3
-16 3
-16 3
-16 3
-16 3
-16 3
-16 3
-16 3
-16 3
-16 3
-16 3
-16 3
-16 3
-16 3
-16 3
-16 3
-16 3
-16 3
-16 3
-16 3
-16 3
-16 3
-16 3
-16 3
-19 5
-19 5
-19 5
-19 5
-19 5
-19 5
-19 5
-19 5
-19 5
-19 5
-19 5
-19 5
-19 5
-19 5
-19 5
-19 5
-19 5
-19 5
-19 5
-19 5
-19 5
-19 5
-19 5
-19 5
-19 5
-19 5
-19 5
-19 5
-19 5
-19 5
-19 5
-19 5
-19 5
-19 5
-19 5
-19 5
-19 5
-19 5
-19 5
-19 5
-19 5
-19 5
-19 5
-19 5
-19 5
-19 5
-19 5
-19 5
-19 5
-19 5
-19 5
-19 5
-19 5
-19 5
-19 5
-19 5
-19 5
-19 5
-19 5
-19 5
-19 5
-19 5
-19 5
-19 5
-19 5
-19 5
-19 5
-19 5
-19 5
-19 5
-19 5
-19 5
-19 5
-19 5
-19 5
-21 4
-21 4
-21 2
-21 2
-21 2
-21 2
-21 2
-21 2
-21 2
-21 2
-21 2
-21 2
-21 2
-21 2
-21 2
-21 2
-21 2
-21 2
-21 2
-21 2
-21 2
-21 2
-21 2
-21 2
-21 2
-23 2
-23 2
-23 2
-23 2
-23 2
-23 2
-23 2
-23 2
-23 2
-23 2
-23 2
-23 2
-23 2
-23 2
-23 2
-23 2
-23 2
-23 2
-23 2
-23 2
-23 2
-23 2
-23 2
-23 2
-23 2
-23 2
-23 2
-23 2
-23 2
-23 2
-23 2
-23 2
-23 2
-23 2
-23 2
-23 2
-23 2
-23 2
-23 2
-23 2
-23 2
-23 2
-23 2
-23 2
-23 2
-21 2
-20 0
-20 0
-20 0
-20 0
-20 0
-20 0
-20 0
-20 0
-20 0
-20 0
-20 0
-20 0
-20 0
-20 0
-20 0
-20 0
-20 0
-20 0
-20 0
-20 0
-20 0
-20 0
-20 0
-20 0
-20 0
-20 0
-20 0
-20 0
-20 0
-20 0
-20 0
-20 0
-20 0
-20 0
-20 0
-20 0
-20 0
-20 0
-20 0
-20 0
-20 0
-20 0
-20 0
-20 0
-20 0
-20 0
-19 0
-19 0
-19 0
-19 0
-19 0
-19 0
-19 0
-19 0
-19 0
-19 0
-19 0
-19 0
-19 0
-19 0
-19 0
-19 0
-19 0
-19 0
-19 0
-19 0
-19 0
-19 0
-21 0
-21 0
-21 0
-21 0
-21 0
-21 0
-21 0
-21 0
-21 0
-21 0
-21 0
-21 0
-21 0
-21 0
-21 0
-21 0
-21 0
-21 0
-21 0
-21 0
-21 0
-17 1
-17 1
-17 1
-17 1
-17 1
-17 1
-17 1
-17 1
-17 1
-17 1
-17 1
-17 1
-17 1
-17 1
-17 1
-17 1
-17 1
-17 1
-17 1
-17 1
-17 1
-17 1
-17 1
-17 1
-17 1
-17 1
-17 1
-17 1
-17 1
-17 1
-17 1
-17 1
-17 1
-17 1
-17 1
-17 1
-17 1
-17 1
-17 1
-17 1
-17 1
-17 1
-17 1
-17 1
-17 1
-17 1
-17 1
-17 1
-17 1
-17 1
-17 1
-17 1
-17 1
-17 1
-17 1
-17 1
-17 1
-17 1
-17 1
-17 1
-17 1
-17 1
-17 1
-17 1
-17 1
-17 1
-17 1
-17 1
-17 1
-17 1
-17 1
-17 1
-17 1
-17 1
-17 1
-17 1
-17 1
-17 1
-17 1
-17 1
-17 1
-15 0
-15 0
-15 0
-15 0
-15 0
-15 0
-15 0
-15 0
-15 0
-15 0
-15 0
-15 0
-15 0
-15 0
-15 0
-15 0
-15 0
-15 0
-15 0
-15 0
-15 0
-15 0
-15 0
-15 0
-15 0
-15 0
-15 0
-15 0
-15 0
-15 0
-15 0
-15 0
-15 0
-15 0
-15 0
-15 0
-15 0
-15 0
-15 0
-15 0
-15 0
-15 0
-15 0
-11 0
-9 1
-9 1
-3 1
-3 1
-3 1
-3 1
-3 1
-3 1
-3 1
-3 1
-3 1
-3 1
-3 1
-3 1
-3 1
-3 1
-3 1
-3 1
-3 1
-3 1
-3 1
-3 1
-3 1
-3 1
-3 1
-3 1
-3 1
-3 1
-3 1
-3 1
-3 1
-3 1
-3 1
-3 1
-3 1
-3 1
-3 1
-3 1
-3 1
-3 1
-3 1
-3 1
-3 1
-3 1
-3 1
-3 1
-3 1
-3 1
-3 1
-3 1
-3 1
-3 1
-3 1
-3 1
-3 1
-3 1
-3 1
-3 1
-3 1
-3 1
-3 1
-3 1
-3 1
-3 1
-3 1
-3 1
-3 1
-3 1
-3 1
-3 1
-3 1
-3 1
-3 1
-3 1
-3 1
-3 1
-3 1
-3 1
-3 1
-3 1
-1 0
0 1
0 1
0 1
0 1
0 1
0 1
0 1
0 1
0 1
0 1
0 1
0 1
0 1
0 1
0 1
0 1
0 1
0 1
0 1
0 1
0 1
0 1
0 1
0 1
0 1
0 1
0 1
0 1
0 1
0 1
0 1
0 1
0 1
0 1
0 1
0 1
0 1
0 1
0 1
0 1
0 1
0 1
0 1
0 1
0 1
0 1
0 1
0 1
0 1
0 1
0 1
0 1
0 1
0 1
0 1
0 1
0 1
0 1
0 1
0 1
0 1
0 1
0 1
0 1
0 1
0 1
0 1
0 1
0 1
0 1
0 1
0 1
0 1
0 1
0 1
0 1
0 1
0 1
0 1
0 1
0 1
0 1
0 1
0 1
0 1
0 1
0 1
0 1
0 1
0 1
0 1
0 1
0 1
0 1
0 1
0 1
0 1
0 1
0 1
0 1
0 1
0 1
0 1
0 1
0 1
0 1
0 1
0 1
0 1
0 1
0 1
0 1
0 1
0 1
0 1
0 1
0 1
0 1
0 1
0 1
0 1
0 1
0 1
0 1
0 1
0 1
0 1
0 1
0 1
0 1
0 1
0 1
0 1
0 1
0 1
0 1
0 1
0 1
0 1
0 1
0 1
0 1
0 1
0 1
0 1
0 1
0 1
0 1
0 1
0 1
0 1
0 1
0 1
0 1
0 1
0 1
0 1
0 1
0 1
0 1
0 1
0 1
0 1
0 1
0 1
0 1
0 1
0 1
0 1
0 1
0 1
0 1
0 1
0 1
0 1
0 1
0 1
0 1
0 1
0 1
0 1
0 1
0 1
0 1
0 1
0 1
0 1
0 1
0 1
0 1
0 1
0 1
0 1
0 1
0 1
0 1
0 1
0 1
0 1
0 1
0 1
0 1
0 1
0 1
0 1
0 1
0 1
0 1
0 1
0 1
0 1
0 1
0 1
0 1
0 1
0 1
0 1
0 1
0 1
0 1
0 1
0 1
0 1
0 1
0 1
0 1
0 1
0 1
0 1
0 1
0 1
0 1
0 1
0 1
0 1
0 1
0 1
0 1
0 1
0 1
0 1
0 1
0 1
0 1
0 1
0 1
0 1
0 1
0 1
0 1
0 1
0 1
0 1
0 1
0 1
0 1
0 1
0 1
0 1
0 1
0 1
0 1
0 1
0 1
0 1
0 1
0 1
0 1
0 1
0 1
0 1
0 1
0 1
0 1
0 1
0 1
0 1
0 1
0 1
0 1
0 1
0 1
0 1
0 1
0 1
0 1
0 1
0 1
0 1
0 1
0 1
0 1
0 1
0 1
0 1
0 1
0 1
0 1
0 1
0 1
0 1
0 1
0 1
0 1
0 1
0 1
0 1
0 1
0 1
0 1
0 1
0 1
0 1
0 1
0 1
0 1
0 1
0 1
0 1
0 1
0 1
0 1
0 1
0 1
0 1
0 1
0 1
0 1
0 1
0 1
0 1
0 1
0 1
0 1
0 1
0 1
0 1
0 1
0 1
0 1
0 1
0 1
0 1
0 1
0 1
0 1
0 1
0 1
0 1
0 1
0 1
0 1
0 1
0 1
0 1
0 1
0 1
0 1
0 1
0 1
0 1
0 1
0 1
0 1
0 1
0 1
0 1
0 1
0 1
0 1
0 1
0 1
0 1
0 1
0 1
0 1
0 1
0 1
0 1
0 1
0 1
0 1
0 1
0 1
0 1
0 1
0 1
0 1
0 1
0 1
0 1
0 1
0 1
0 1
0 1
0 1
0 1
0 1
0 1
0 1
0 1
0 1
0 1
0 1
0 1
0 1
0 1
0 1
0 1
0 1
0 1
0 1
0 1
0 1
0 1
0 1
0 1
0 1
0 1
0 1
0 1
0 1
0 1
0 1
0 1
0 1
0 1
0 1
0 1
0 1
0 1
0 1
0 1
0 1
0 1
0 1
0 1
0 1
0 1
0 1
0 1
0 1
0 1
0 1
0 1
0 1
0 1
0 1
0 1
0 1
0 1
0 1
0 1
0 1
0 1
0 1
0 1
0 1
0 1
0 1
0 1
0 1
0 1
0 1
0 1
0 1
0 1
0 1
0 1
0 1
0 1
0 1
0 1
0 1
0 1
0 1
0 1
0 1
0 1
0 1
0 1
0 1
0 1
0 1
0 1
0 1
0 1
0 1
0 1
0 1
0 1
0 1
0 1
0 1
0 1
0 1
0 1
0 1
0 1
0 1
0 1
0 1
0 1
0 1
0 1
0 1
0 1
0 1
0 1
0 1
0 1
0 1
0 1
0 1
0 1
0 1
0 1
0 1
0 1
0 1
0 1
0 1
0 1
0 1
0 1
0 1
0 1
0 1
0 1
0 1
0 1
0 1
0 1
0 1
0 1
0 1
0 1
0 1
0 1
0 1
0 1
0 1
0 1
0 1
0 1
0 1
0 1
0 1
0 1
0 1
0 1
0 1
0 1
0 1
0 1
0 1
0 1
0 1
0 1
0 1
0 1
0 1
0 1
0 1
0 1
0 1
0 1
0 1
0 1
0 1
0 1
0 1
0 1
0 1
0 1
0 1
0 1
