0 -1
-1 -2
-3 0
-3 0
-9 1
-9 0
-9 0
-9 0
-9 0
-9 0
-9 0
-9 0
-9 0
-9 0
-9 0
-9 0
-9 0
-9 0
-6 1
-6 1
-6 1
-6 1
-6 1
-6 1
-6 1
-6 1
-6 1
-6 1
-6 1
-6 1
-6 1
-6 1
-6 1
-6 1
-6 1
-6 1
-6 1
-6 1
-6 1
-6 1
-5 0
-5 0
-5 0
-5 0
-5 0
-5 0
-5 0
-5 0
-5 0
-5 0
-5 0
-5 0
-5 0
-5 0
-5 0
-5 0
-5 0
-5 0
-5 0
-5 0
-5 0
-5 0
-5 0
-5 0
-5 0
-5 0
-5 0
-5 0
-5 0
-5 0
-5 0
-5 0
-5 0
-5 0
-5 0
-5 0
-4 0
-4 0
-4 0
-4 0
-4 0
-4 0
-4 0
-4 0
-4 0
-4 0
-4 0
-4 0
-4 0
-4 0
-4 0
-4 0
-4 0
-4 0
-4 0
-4 0
-4 0
-4 0
-4 0
-1 0
-1 0
-1 0
-1 0
-1 0
-1 0
-1 0
-1 0
-1 0
-1 0
-1 0
-1 0
-1 0
-1 0
-1 0
-1 0
-1 0
-1 0
-1 0
-1 0
-1 0
-1 0
-1 0
-1 0
-1 0
-1 0
-1 0
-1 0
-1 0
-1 0
-1 0
-1 0
-1 0
-1 0
-1 0
-1 0
-1 0
-2 -1
-2 -1
-2 -1
-2 -1
-2 -1
-2 -1
-2 -1
-2 -1
-2 -1
-2 -1
-2 -1
-2 -1
-2 -1
-2 -1
-2 -1
-2 -1
-2 -1
-2 -1
-2 -1
-2 -1
-2 -1
-2 -1
-2 -1
-2 -1
-2 -1
-2 -1
-2 -1
-2 -1
-2 -1
-2 -1
-2 -1
-2 -1
-2 -1
-2 -1
-2 -1
-2 -1
-2 -1
-2 -1
-1 0
-1 0
-1 0
-1 0
-1 0
-1 0
-1 0
-1 0
-1 0
-1 0
-1 0
-1 0
-1 0
-1 0
-1 0
-1 0
-1 0
-1 0
-1 0
-1 0
-1 0
-1 0
-1 0
-1 0
-1 0
-1 0
-1 0
-1 0
-1 0
-1 0
-1 0
-1 0
-1 0
-1 0
-1 0
-1 0
-1 0
-1 0
-1 0
-1 0
-1 0
-1 0
-1 0
-1 0
-1 0
-1 0
-1 0
-1 0
-1 0
-1 0
-1 0
-1 0
-1 0
-1 0
-1 0
-1 0
-1 0
-1 0
-1 0
-1 0
-1 0
-1 0
-1 0
-1 0
-1 0
-1 0
-1 0
-1 0
-1 0
-1 0
-1 0
-1 0
-1 0
-1 0
-1 0
-1 0
-1 0
-1 0
-1 0
-1 0
-1 0
-1 0
-1 0
-1 0
-1 0
-1 0
-1 0
-1 0
-1 0
-1 0
-1 0
-1 0
-1 0
-1 0
-1 0
-1 0
-1 0
-1 0
-1 0
-1 0
-1 0
-1 0
-1 0
-1 0
-1 0
-1 0
-1 0
-1 0
-1 0
-1 0
-1 0
-1 0
-1 0
-1 0
-1 0
-1 0
-1 0
-1 0
-1 0
-1 0
-1 0
-1 0
-1 0
-1 0
-1 0
-1 0
-1 0
-1 0
-1 0
-1 0
-1 0
-1 0
-1 0
-1 0
-1 0
-1 0
-1 0
-1 0
-1 0
-1 0
-1 0
-1 0
-1 0
-1 0
-1 0
-1 0
-1 0
-1 0
-1 0
-1 0
-1 0
-1 0
-1 0
-1 0
-1 0
-1 0
-1 0
-1 0
-1 0
-1 0
-1 0
-1 0
-1 0
-1 0
-1 0
-1 0
-1 0
-1 0
-1 0
-1 0
-1 0
-1 0
-1 0
-1 0
-1 0
-1 0
-1 0
-1 0
-1 0
-1 0
-1 0
-1 0
-1 0
-1 0
-1 0
-1 0
-1 0
-1 0
-1 0
-1 0
-1 0
-1 0
-1 0
-1 0
-1 0
-1 0
-1 0
-1 0
-1 0
-1 0
-1 0
-1 0
-1 0
-1 0
-1 0
-1 0
-1 0
-1 0
-1 0
-1 0
-1 0
-1 0
-1 0
-1 0
-1 0
-1 0
-1 0
-1 0
-1 0
-1 0
-1 0
-1 0
-1 0
-1 0
-1 0
-1 0
-1 0
-1 0
-1 0
-1 0
-1 0
-1 0
-1 0
-1 0
-1 0
-1 0
-1 0
-1 0
-1 0
-1 0
-1 0
-1 0
-1 0
-1 0
-1 0
-1 0
-1 0
-1 0
-1 0
-1 0
-1 0
-1 0
-1 0
-1 0
-1 0
-1 0
-1 0
-1 0
-1 0
-1 0
-1 0
-1 0
-1 0
-1 0
-1 0
-1 0
-1 0
-1 0
-1 0
-1 0
-1 0
-1 0
2 0
2 0
2 0
2 0
2 0
2 0
2 0
2 0
2 0
2 0
2 0
2 0
2 0
2 0
2 0
2 0
2 0
2 0
2 0
2 0
2 0
2 0
2 0
2 0
2 0
2 0
2 0
2 0
2 0
2 0
2 0
2 0
2 0
2 0
2 0
2 0
2 0
2 0
2 0
2 0
2 0
2 0
2 0
2 0
2 0
2 0
15 -4
15 -4
15 -4
15 -4
15 -4
15 -4
15 -4
15 -4
15 -4
15 -4
15 -4
15 -4
15 -4
15 -4
15 -4
15 -4
15 -4
15 -4
15 -4
15 -4
15 -4
15 -4
15 -4
15 -4
14 -2
14 -2
14 -2
14 -2
14 -2
14 -2
14 -2
14 -2
14 -2
14 -2
14 -2
14 -2
14 -2
14 -2
14 -2
14 -2
14 -2
14 -2
14 -2
14 -2
14 -2
14 -2
14 -2
15 -3
15 -3
15 -3
15 -3
15 -3
15 -3
15 -3
15 -3
15 -3
15 -3
15 -3
15 -3
15 -3
15 -3
15 -3
15 -3
15 -3
15 -3
15 -3
15 -3
15 -3
15 -3
15 -3
15 -3
15 -3
15 -3
15 -3
15 -3
15 -3
15 -3
15 -3
15 -3
15 -3
15 -3
15 -3
15 -3
15 -3
15 -3
15 -3
15 -3
15 -3
15 -3
15 -3
15 -3
15 -3
15 -3
15 -3
15 -3
15 -3
15 -3
15 -3
12 -1
12 -1
12 -1
12 -1
12 -1
12 -1
12 -1
12 -1
12 -1
12 -1
12 -1
12 -1
12 -1
12 -1
12 -1
12 -1
12 -1
12 -1
12 -1
12 -1
12 -1
12 -1
12 -1
12 -1
12 -1
12 -1
12 -1
12 -1
12 -1
12 -1
12 -1
12 -1
12 -1
12 -1
12 -1
12 -1
12 -1
12 -1
12 -1
12 -1
12 -1
12 -1
12 -1
12 -1
12 -1
12 -1
12 -1
12 -1
12 -1
12 -1
12 -1
12 -1
12 -1
12 -1
12 -1
12 -1
12 -1
12 -1
12 -1
12 -1
12 -1
12 -1
12 -1
12 -1
12 -1
12 -1
12 -1
12 -1
12 -1
12 -1
12 -1
12 -1
12 -1
12 -1
12 -1
12 -1
12 -1
12 -1
12 -1
12 -1
12 -1
12 -1
12 -1
12 -1
12 -1
12 -1
12 -1
12 -1
12 -1
12 -1
12 -1
12 -1
11 0
11 0
11 0
11 0
11 0
11 0
11 0
11 0
11 0
11 0
11 0
11 0
11 0
11 0
11 0
11 0
11 0
11 0
11 0
11 0
11 0
11 0
11 0
11 0
11 0
11 0
11 0
11 0
11 0
11 0
11 0
11 0
11 0
11 0
11 0
11 0
11 0
11 0
11 0
11 0
16 -4
16 -4
19 -5
19 -5
19 -5
19 -5
19 -5
19 -5
19 -5
19 -5
19 -5
19 -5
19 -5
19 -5
19 -5
19 -5
19 -5
19 -5
19 -5
19 -5
19 -5
19 -5
19 -5
18 -4
18 -4
18 -4
18 -4
18 -4
18 -4
18 -4
18 -4
18 -4
18 -4
18 -4
18 -4
18 -4
18 -4
18 -4
18 -4
18 -4
18 -4
18 -4
18 -4
18 -4
18 -4
18 -4
18 -4
18 -4
10 -2
10 -2
10 -2
10 -2
10 -2
10 -2
10 -2
10 -2
10 -2
10 -2
10 -2
10 -2
10 -2
10 -2
10 -2
10 -2
10 -2
10 -2
10 -2
10 -2
10 -2
10 -2
10 -2
10 -2
10 -2
10 -2
10 -2
10 -2
10 -2
10 -2
10 -2
10 -2
10 -2
10 -2
10 -2
10 -2
10 -2
10 -2
10 -2
10 -2
10 -2
10 -2
10 -2
10 -2
10 -2
10 -2
10 -2
10 -2
10 -2
10 -2
10 -2
10 -2
10 -2
10 -2
10 -2
10 -2
10 -2
10 -2
10 -2
10 -2
10 -2
10 -2
10 -2
10 -2
10 -2
10 -2
10 -2
6 -1
6 -1
5 0
5 0
5 0
5 0
5 0
5 0
5 0
5 0
5 0
5 0
5 0
5 0
5 0
5 0
5 0
5 0
5 0
5 0
5 0
5 0
5 0
5 0
5 0
5 0
5 0
5 0
5 0
5 0
5 0
5 0
5 0
5 0
5 0
5 0
5 0
5 0
5 0
5 0
5 0
5 0
5 0
5 0
5 0
5 0
3 0
3 0
3 0
3 0
3 0
3 0
3 0
3 0
3 0
3 0
3 0
3 0
3 0
3 0
3 0
3 0
3 0
3 0
3 0
3 0
3 0
3 0
3 0
3 0
3 0
3 0
3 0
3 0
3 0
3 0
3 0
3 0
3 0
3 0
3 0
3 0
3 0
3 0
3 0
3 0
3 0
3 0
3 0
3 0
3 0
4 1
4 1
4 1
4 1
4 1
4 1
4 1
4 1
4 1
4 1
4 1
4 1
4 1
4 1
4 1
4 1
4 1
4 1
4 1
4 1
4 1
4 1
4 1
4 1
4 1
4 1
4 1
4 1
4 1
4 1
4 1
4 1
4 1
4 1
4 1
4 1
4 1
4 1
4 1
4 1
4 1
4 1
4 1
4 1
4 1
1 4
1 4
1 4
1 4
1 4
1 4
1 4
1 4
1 4
1 4
1 4
1 4
1 4
1 4
1 4
1 4
1 4
1 4
1 4
1 4
1 4
1 4
1 4
1 4
1 4
1 4
1 4
1 4
1 4
1 4
1 4
1 4
1 4
1 4
1 4
1 4
1 4
1 4
1 4
1 4
1 4
1 4
1 4
1 4
1 4
1 4
1 4
1 4
1 4
1 4
1 4
1 4
1 4
1 4
1 4
1 4
1 4
1 4
1 4
1 4
1 4
1 4
1 4
1 4
1 4
1 4
1 4
1 4
1 4
1 4
1 4
1 4
1 4
1 4
1 4
1 4
1 4
1 4
1 4
1 4
1 4
1 4
1 4
1 4
1 4
1 4
1 4
1 4
1 4
1 4
1 4
1 4
1 4
1 4
1 4
1 4
1 4
1 4
1 4
1 4
1 4
1 4
2 5
3 6
3 6
2 8
2 8
2 8
2 8
2 8
2 8
2 8
2 8
2 8
2 8
2 8
2 8
2 8
2 8
2 8
2 8
2 8
0 8
0 8
0 8
0 8
0 8
0 8
0 8
0 8
0 8
0 8
0 8
0 8
0 8
0 8
0 8
0 8
0 8
0 8
0 8
0 8
0 8
0 8
0 8
0 8
-1 11
-1 11
-1 11
-1 11
-1 11
-1 11
-1 11
-1 11
-1 11
-1 11
-1 11
-1 11
-1 11
-1 11
-1 11
-1 11
-1 11
-1 11
-1 11
-1 11
-1 11
-1 11
-1 11
-1 11
-1 11
-1 11
-1 11
-1 11
-1 11
-1 11
-1 11
-1 11
-1 11
-1 11
-1 11
-1 11
-1 11
-1 11
-1 11
-1 11
-1 11
-1 11
-1 11
-1 11
-1 11
-1 11
-1 11
-1 11
-1 11
-1 11
-1 14
-1 14
-1 14
-1 14
-1 14
-1 14
-1 14
-1 14
-1 14
-1 14
-1 14
-1 14
-1 14
-1 14
-1 14
-1 14
-1 14
-1 14
-1 14
-1 14
-1 14
-1 14
-1 14
-1 14
-1 14
-1 14
-1 14
-1 14
-1 14
-1 14
-1 14
-1 14
-1 14
-1 14
-1 14
-1 14
-1 14
-1 14
-1 14
-6 16
-6 16
-6 16
-6 16
-6 16
-6 16
-6 16
-6 16
-6 16
-6 16
-6 16
-6 16
-6 16
-6 16
-6 16
-6 16
-6 16
-6 16
-6 16
-6 16
-6 16
-6 16
-6 16
-6 16
-6 16
-6 16
-6 16
-6 16
-6 16
-6 16
-6 16
-6 16
-6 16
-6 16
-6 16
-6 16
-6 16
-6 16
-6 16
-6 16
-6 16
-6 16
-6 16
-6 16
-6 16
-6 16
-6 21
-6 21
-6 21
-6 21
-6 21
-6 21
-6 21
-6 21
-6 21
-6 21
-6 21
-6 21
-6 21
-6 21
-6 21
-6 21
-6 21
-6 21
-5 23
-5 23
-5 23
-5 23
-5 23
-5 23
-5 23
-5 23
-5 23
-5 23
-5 23
-5 23
-5 23
-5 23
-5 23
-5 23
-5 23
-5 23
-5 23
-5 23
-5 23
-5 23
-5 23
-5 23
-5 23
-5 23
-5 23
-5 23
-5 23
-5 23
-5 23
-5 23
-5 23
-5 23
-5 23
-5 23
-5 23
-5 23
-5 23
-5 23
-5 23
-5 23
-5 23
-5 23
-5 23
-5 23
-5 23
-5 23
-5 23
-5 23
-5 23
-5 23
-5 23
-5 23
-5 23
-5 23
-5 23
-5 23
-5 23
-5 23
-5 23
-5 23
-5 23
-5 23
-6 22
-6 22
-6 22
-6 22
-6 22
-6 22
-6 22
-6 22
-6 22
-6 22
-6 22
-6 22
-6 22
-6 22
-6 22
-6 22
-6 22
-6 22
-6 22
-6 22
-6 22
-6 22
-6 22
-6 22
-6 22
-6 22
-6 22
-6 22
-6 22
-6 22
-6 22
-6 22
-6 22
-6 22
-6 22
-6 22
-6 22
-6 22
-6 22
-6 22
-6 22
-6 22
-4 26
-4 26
-4 29
-4 29
-4 29
-4 29
-4 29
-4 29
-4 29
-4 29
-4 29
-4 29
-4 29
-4 29
-4 29
-4 29
-4 29
-4 29
-4 29
-4 29
-4 29
-4 29
-2 23
-2 23
-2 23
-2 23
-2 23
-2 23
-2 23
-2 23
-2 23
-2 23
-2 23
-2 23
-2 23
-2 23
-2 23
-2 23
-2 23
-2 23
-2 23
-2 23
-2 23
-2 23
-2 23
-2 23
-2 23
-2 23
-2 23
-2 23
-2 23
-2 23
-2 23
-2 23
-2 23
-2 23
-2 23
-2 23
-2 23
-2 23
-2 23
-2 23
-2 23
-2 23
-2 23
-2 23
-2 23
-2 23
-2 23
-2 23
-3 25
-3 25
-3 25
-3 25
-3 25
-3 25
-3 25
-3 25
-3 25
-3 25
-3 25
-3 25
-3 25
-3 25
-3 25
-3 25
-3 25
-3 25
-3 25
-3 20
-3 20
-3 20
-3 20
-3 20
-3 20
-3 20
-3 20
-3 20
-3 20
-3 20
-3 20
-3 20
-3 20
-3 20
-3 20
-3 20
-3 20
-3 20
-3 20
-3 20
-3 20
-3 20
-3 20
-3 20
-3 20
-3 20
-3 20
-3 20
-3 20
-3 20
-3 20
-3 20
-3 20
-3 20
-3 20
-3 20
-3 20
-3 20
-3 20
-3 20
-3 20
-3 20
-3 20
-3 20
-4 19
-3 15
-3 15
-3 15
-3 15
-3 15
-3 15
-3 15
-3 15
-3 15
-3 15
-3 15
-3 15
-3 15
-3 15
-3 15
-3 15
-3 15
-3 15
-3 15
-3 15
-3 15
-3 15
-3 15
-3 15
-3 15
-3 15
-3 15
-3 15
-3 15
-3 15
-3 15
-3 15
-3 15
-3 15
-3 15
-3 15
-3 15
-3 15
-3 15
-3 15
-3 15
-3 15
-3 15
-3 15
-3 15
-3 15
-3 15
-3 15
-3 15
-3 15
-3 15
-3 15
-3 15
-3 15
-3 15
-3 15
-3 15
-3 15
-3 15
-3 15
-3 15
-3 15
-3 15
-3 15
-3 15
-3 15
-3 15
-3 15
-3 15
-3 15
-3 15
-3 15
-3 15
-3 15
-3 15
-3 15
-3 15
-3 15
-3 15
-3 15
-3 15
-3 15
-3 15
-3 15
-3 15
-3 15
-3 15
-3 15
-3 15
-3 15
-3 15
-3 15
-3 15
-3 15
-3 15
-3 15
-3 15
-3 15
-3 15
-3 15
-3 15
-3 15
-3 15
-3 15
-3 15
-3 15
-3 15
-3 15
-3 15
-3 15
-3 15
-3 15
-3 15
-3 13
-3 13
-3 13
-3 13
-3 13
-3 13
-3 13
-3 13
-3 13
-3 13
-3 13
-3 13
-3 13
-3 13
-3 13
-3 13
-3 13
-3 13
-3 13
-3 13
-3 13
-3 13
-3 13
-3 13
-3 13
-3 13
-3 13
-3 13
-3 13
-3 13
-3 13
-3 13
-3 13
-3 13
-3 13
-3 13
-3 13
-3 13
-3 13
-2 10
-1 7
-1 7
-1 7
-1 6
-1 6
-1 6
-1 6
-1 6
-1 6
-1 6
-1 6
-1 6
-1 6
-1 6
-1 6
-1 6
-1 6
-1 6
-1 6
-1 6
-1 6
-1 6
-1 6
-1 6
-1 6
-1 6
-1 6
-1 6
-1 6
-1 6
-1 6
-1 6
-1 6
-1 6
-1 6
-1 6
-1 6
0 5
0 5
0 5
0 5
0 5
0 5
0 5
0 5
0 5
0 5
0 5
0 5
0 5
0 5
0 5
0 5
0 5
0 5
0 5
0 5
0 5
0 5
0 5
0 5
0 5
0 5
0 5
0 5
0 5
0 5
0 5
0 5
0 5
0 5
0 5
0 5
0 5
0 5
0 5
0 5
0 5
0 5
0 5
1 3
1 3
1 3
1 3
1 3
1 3
1 3
1 3
1 3
1 3
1 3
1 3
1 3
1 3
1 3
1 3
1 3
1 3
1 3
1 3
1 3
1 3
1 3
1 3
1 3
1 3
1 3
1 3
1 3
1 3
1 3
1 3
1 3
1 3
1 3
1 3
1 3
1 3
1 3
1 3
1 3
1 3
1 3
1 3
3 1
3 1
3 1
3 1
3 1
3 1
3 1
3 1
3 1
3 1
3 1
3 1
3 1
3 1
3 1
3 1
3 1
3 1
3 1
3 1
3 1
3 1
3 1
3 1
3 1
3 1
3 1
3 1
3 1
3 1
3 1
3 1
3 1
3 1
3 1
3 1
3 1
3 1
3 1
3 1
3 1
3 1
7 0
7 0
7 0
11 -4
11 -4
17 -5
17 -5
17 -5
17 -5
17 -5
17 -5
17 -5
17 -5
17 -5
17 -5
17 -5
17 -5
17 -5
17 -5
17 -5
17 -5
17 -5
17 -5
17 -5
17 -5
17 -5
17 -5
17 -5
17 -5
17 -5
17 -5
17 -5
17 -5
17 -5
17 -5
17 -5
17 -5
17 -5
17 -5
17 -5
17 -5
17 -5
17 -5
17 -5
17 -5
17 -5
17 -5
17 -5
17 -5
17 -5
17 -5
17 -5
17 -5
17 -5
17 -5
17 -5
17 -5
17 -5
17 -5
17 -5
17 -5
17 -5
17 -5
17 -5
17 -5
17 -5
17 -5
17 -5
17 -5
17 -5
17 -5
17 -5
17 -5
17 -5
17 -5
17 -5
17 -5
17 -5
17 -5
17 -5
17 -5
17 -5
17 -5
17 -5
17 -5
17 -5
17 -5
17 -5
17 -5
17 -5
17 -5
20 -4
20 -4
20 -4
20 -4
20 -4
20 -4
20 -4
20 -4
20 -4
20 -4
20 -4
20 -4
20 -4
20 -4
20 -4
20 -4
20 -4
20 -4
20 -4
20 -4
20 -4
20 -4
20 -4
20 -4
20 -4
20 -4
20 -4
20 -4
20 -4
20 -4
20 -4
20 -4
20 -4
20 -4
20 -4
20 -4
20 -4
20 -4
20 -4
20 -4
20 -4
20 -4
20 -4
20 -4
20 -4
20 -4
19 -3
19 -3
19 -3
19 -3
19 -3
19 -3
19 -3
19 -3
19 -3
19 -3
19 -3
19 -3
19 -3
19 -3
19 -3
19 -3
19 -3
19 -3
19 -3
19 -3
19 -3
19 -3
19 -3
19 -3
19 -3
19 -3
19 -3
19 -3
19 -3
19 -3
19 -3
19 -3
19 -3
19 -3
19 -3
19 -3
19 -3
19 -3
19 -3
19 -3
19 -3
19 -3
19 -3
19 -3
19 -3
19 -3
19 -3
19 -3
19 -3
19 -3
19 -3
19 -3
19 -3
19 -3
19 -3
19 -3
19 -3
19 -3
19 -3
22 -2
22 -3
22 -3
22 -3
22 -3
22 -3
22 -3
22 -3
22 -3
22 -3
22 -3
22 -3
22 -3
22 -3
22 -3
22 -3
22 -3
22 -3
22 -3
22 -3
22 -3
22 -3
22 -3
22 -3
22 -3
22 -3
22 -3
22 -3
22 -3
22 -3
22 -3
22 -3
22 -3
22 -3
22 -3
22 -3
22 -3
22 -3
22 -3
22 -3
22 -3
22 -3
22 -3
22 -3
22 -3
22 -3
22 -3
22 -3
22 -3
22 -3
22 -3
22 -3
22 -3
22 -3
22 -3
22 -3
18 -5
18 -5
18 -5
18 -5
18 -5
18 -5
18 -5
18 -5
18 -5
18 -5
18 -5
18 -5
18 -5
18 -5
18 -5
18 -5
18 -5
18 -5
18 -5
18 -5
18 -5
18 -5
18 -5
18 -5
18 -5
18 -5
18 -5
18 -5
18 -5
18 -5
18 -5
13 -2
13 -2
13 -2
13 -2
13 -2
13 -2
13 -2
13 -2
13 -2
13 -2
13 -2
13 -2
13 -2
13 -2
13 -2
13 -2
13 -2
13 -2
13 -2
13 -2
13 -2
13 -2
13 -2
13 -2
13 -2
13 -2
13 -2
13 -2
13 -2
13 -2
13 -2
13 -2
13 -2
13 -2
13 -2
13 -2
13 -2
13 -2
13 -2
13 -2
13 -2
13 -2
13 -2
5 0
5 0
5 0
5 0
5 0
5 0
5 0
5 0
5 0
5 0
5 0
5 0
1 0
1 0
1 0
1 0
1 0
1 0
1 0
1 0
1 0
1 0
1 0
1 0
1 0
1 0
1 0
1 0
1 0
1 0
1 0
1 0
1 0
1 0
1 0
1 0
1 0
1 0
1 0
1 0
1 0
1 0
1 0
1 0
1 0
1 0
1 0
1 0
1 0
1 0
1 0
1 0
1 0
1 0
1 0
1 0
1 0
1 0
1 0
1 0
1 0
1 0
1 0
1 0
1 0
1 0
1 0
1 0
1 0
1 0
1 0
1 0
1 0
1 0
1 0
1 0
1 0
1 0
1 0
1 0
1 0
1 0
1 0
1 0
1 0
1 0
1 0
1 0
1 0
1 0
1 0
1 0
1 0
1 0
1 0
1 0
1 0
1 0
1 0
1 0
1 0
1 0
1 0
1 0
1 0
1 0
1 0
1 0
1 0
1 0
1 0
1 0
1 0
1 0
1 0
1 0
1 0
1 0
1 0
1 0
1 0
1 0
1 0
1 0
1 0
1 0
1 0
1 0
1 0
1 0
1 0
1 0
1 0
1 0
1 0
1 0
3 -1
3 -1
3 -1
3 -1
3 -1
3 -1
3 -1
3 -1
3 -1
3 -1
3 -1
3 -1
3 -1
3 -1
3 -1
3 -1
3 -1
3 -1
3 -1
3 -1
3 -1
3 -1
3 -1
3 -1
3 -1
3 -1
3 -1
3 -1
3 -1
3 -1
3 -1
3 -1
3 -1
3 -1
3 -1
3 -1
3 -1
3 -1
3 -1
3 -1
3 -1
3 -1
3 -1
3 -1
3 -1
3 -1
3 -1
3 -1
3 -1
3 -1
3 -1
3 -1
3 -1
3 -1
3 -1
3 -1
3 -1
3 -1
3 -1
3 -1
3 -1
3 -1
3 -1
3 -1
0 -1
0 -1
0 -1
0 -1
0 -1
0 -1
0 -1
0 -1
0 -1
0 -1
0 -1
0 -1
0 -1
0 -1
0 -1
0 -1
0 -1
0 -1
0 -1
0 -1
0 -1
0 -1
0 -1
0 -1
0 -1
0 -1
0 -1
0 -1
0 -1
0 -1
0 -1
0 -1
0 -1
0 -1
0 -1
0 -1
0 -1
0 -1
0 -1
0 -1
0 -1
0 -1
0 -1
0 -1
0 -1
0 -1
0 -1
0 -1
0 -1
0 -1
0 -1
0 -1
0 -1
0 -1
0 -1
0 -1
0 -1
0 -1
0 -1
0 -1
0 -1
0 -1
0 -1
0 -1
0 -1
0 -1
0 -1
0 -1
0 -1
0 -1
0 -1
0 -1
0 -1
0 -1
0 -1
0 -1
0 -1
0 -1
0 -1
0 -1
0 -1
0 -1
0 -1
0 -1
0 -1
0 -1
0 -1
0 -1
0 -1
0 -1
0 -1
0 -1
0 -1
0 -1
0 -1
0 -1
0 -1
0 -1
0 -1
0 -1
0 -1
0 -1
0 -1
0 -1
0 -1
0 -1
0 -1
0 -1
0 -1
0 -1
0 -1
0 -1
0 -1
0 -1
0 -1
0 -1
0 -1
0 -1
0 -1
0 -1
0 -1
0 -1
0 -1
0 -1
0 -1
0 -1
0 -1
0 -1
0 -1
0 -1
0 -1
0 -1
0 -1
0 -1
0 -1
0 -1
0 -1
0 -1
0 -1
0 -1
0 -1
0 -1
0 -1
0 -1
0 -1
0 -1
0 -1
0 -1
0 -1
0 -1
0 -1
0 -1
0 -1
0 -1
0 -1
0 -1
0 -1
0 -1
0 -1
0 -1
0 -1
0 -1
0 -1
0 -1
0 -1
0 -1
0 -1
0 -1
0 -1
0 -1
0 -1
0 -1
-3 1
-3 1
-3 1
-3 1
-3 1
-3 1
-3 1
-3 1
-3 1
-3 1
-3 1
-3 1
-3 1
-3 1
-3 1
-3 1
-3 1
-3 1
-3 1
-3 1
-3 1
-3 1
-3 1
-3 1
-3 1
-3 1
-3 1
-3 1
-3 1
-3 1
-3 1
-3 1
-3 1
-3 1
-3 1
-3 1
-3 1
-4 2
-4 2
-4 2
-4 2
-4 2
-4 2
-4 2
-4 2
-4 2
-4 2
-4 2
-4 2
-4 2
-4 2
-4 2
-5 2
-5 2
-5 2
-5 2
-5 2
-5 2
-5 2
-5 2
-5 2
-5 2
-5 2
-5 2
-5 2
-5 2
-5 2
-5 2
-5 2
-5 2
-5 2
-5 2
-5 2
-5 2
-5 2
-5 2
-5 2
-5 2
-5 2
-5 2
-5 2
-5 2
-5 2
-6 2
-6 2
-6 2
-6 2
-6 2
-6 2
-6 2
-6 2
-6 2
-6 2
-6 2
-6 2
-6 2
-6 2
-3 1
-3 1
-3 1
-3 1
-3 1
-3 1
-3 1
-3 1
-3 1
-3 1
-3 1
-3 1
-3 1
-3 1
-3 1
-3 1
-3 1
-3 1
-3 1
-3 1
-3 1
-3 1
-3 1
-3 1
-3 1
-3 1
-3 1
-3 1
-3 1
-3 1
-3 1
-3 1
-3 1
-3 1
-1 1
-1 1
-1 1
-1 1
-1 1
-1 1
-1 1
-1 1
-1 1
-1 1
-1 1
-1 1
-1 1
-1 1
-1 1
-1 1
-1 1
-1 1
-1 1
-1 1
-1 1
-1 1
-1 1
-1 1
-1 1
-1 1
-1 1
-1 1
-1 1
-1 1
-1 1
-1 1
-1 1
-1 1
-1 1
-1 1
-1 1
-1 1
-1 1
-1 1
-1 1
-1 1
-1 1
-1 1
-1 1
-1 1
-1 1
-1 1
-1 1
-1 1
-1 1
-1 1
-1 1
-1 1
-1 1
-1 1
-1 1
-1 1
-1 1
-1 1
-1 1
-1 1
-1 1
-1 1
-1 1
-1 1
-1 1
-1 1
-1 1
-1 1
-1 1
-1 1
-1 1
-1 1
-1 1
-1 1
-1 1
-1 1
-1 1
-1 1
-1 1
-1 1
-1 1
-1 1
-1 1
-1 1
-1 1
-1 1
-1 1
-1 1
-1 1
-1 1
-1 1
-1 1
-1 1
-1 1
-1 1
-1 1
-1 1
-1 1
-1 1
-1 1
-1 1
-1 1
-1 1
-1 1
-1 1
-1 1
-1 1
-1 1
-1 1
-1 1
-1 1
-1 1
-1 1
-1 1
-1 1
-1 1
-1 1
-1 1
-1 1
-1 1
-1 1
-1 1
-1 1
-1 1
-1 1
-1 1
-1 1
-1 1
-1 1
-1 1
-1 1
-1 1
-1 1
-1 1
-1 1
-1 1
-1 1
-1 1
-1 1
-1 1
-1 1
-1 1
-1 1
-1 1
-1 1
-1 1
-1 1
-1 1
-1 1
-1 1
-1 1
-1 1
-1 1
-1 1
-1 1
-1 1
-1 1
-1 1
-1 1
-1 1
-1 1
-1 1
-1 1
-1 1
-1 1
-1 1
-1 1
-1 1
-1 1
-1 1
-1 1
-1 1
-1 1
-1 1
-1 1
-1 1
-1 1
-1 1
-1 1
-1 1
-1 1
-1 1
-1 1
-1 1
-1 1
-1 1
-1 1
-1 1
-1 1
-1 1
-1 1
-1 1
-1 1
-1 1
-1 1
-1 1
-1 1
-1 1
-1 1
-1 1
-1 1
-1 1
-1 1
-1 1
-1 1
-1 1
-1 1
-1 1
-1 1
-1 -1
-1 -1
-1 -1
-1 -1
-1 -1
-1 -1
-1 -1
-1 -1
-1 -1
-1 -1
-1 -1
-1 -1
-1 -1
-1 -1
-1 -1
-1 -1
-1 -1
-1 -1
-1 -1
-1 -1
-1 -1
-1 -1
-1 -1
-1 -1
-1 -1
-1 -1
-1 -1
-1 -1
-1 -1
-1 -1
-1 -1
-1 -1
-1 -1
-1 -1
-1 -1
-1 -1
-1 -1
-1 -1
-1 -1
-1 -1
-1 -1
-1 -1
-1 -1
-1 -1
-1 -1
-1 -1
-1 -1
-1 -1
-1 -1
-1 -1
-1 -1
-1 -1
-1 -1
-1 -1
-1 -1
-1 -1
-1 -1
-1 -1
-1 -1
-1 -1
-1 -1
-1 -1
-1 -1
-1 -1
-1 0
-1 0
-1 0
-1 0
-1 0
-1 0
-1 0
-1 0
-1 0
-1 0
-1 0
-1 0
-1 0
-1 0
-1 0
-1 0
-1 0
-1 0
-1 0
-1 0
-1 0
-1 0
-1 0
-1 0
-1 0
-1 0
-1 0
-1 0
-1 0
-1 0
-1 0
-1 0
-1 0
-1 0
-1 0
-1 0
-1 0
-1 0
-1 0
-1 0
-1 0
-1 0
-1 0
-1 0
-1 0
-1 0
-1 0
-1 0
-1 0
-1 0
-1 0
-1 0
-1 0
-1 0
-1 0
-1 0
-1 0
-1 0
-1 0
-1 0
-1 0
-1 0
-1 0
-1 0
-1 0
-1 0
-1 0
-1 0
-1 0
-1 0
-1 0
-1 0
-1 0
-1 0
-1 0
-1 0
-1 0
-1 0
-1 0
-1 0
-1 0
-1 0
-1 0
-1 0
-1 0
-1 0
-1 0
-1 0
-1 0
-1 0
-1 0
-1 0
-1 0
-1 0
-1 0
-1 0
-1 0
-1 0
-1 0
-1 0
-1 0
-1 0
-1 0
-1 0
-1 0
-1 0
-1 0
-1 0
-1 0
-1 0
-1 0
-1 0
-1 0
-1 0
-1 0
-1 0
-1 0
-1 0
-1 0
-1 0
-1 0
-1 0
-1 0
-1 0
-1 0
-1 0
-1 0
-1 0
-1 0
-1 0
-1 0
-1 0
-1 0
-1 0
-1 0
-1 0
-1 0
-1 0
-1 0
-1 0
-1 0
-1 0
-1 0
-1 0
-1 0
-1 0
-1 0
-1 0
-1 0
-1 0
-1 0
-1 0
-1 0
-1 0
-1 0
-1 0
-1 0
-1 0
-1 0
-1 0
-1 0
-1 0
-1 0
