-23 9
-15 7
-15 7
-15 7
-15 7
-15 7
-15 7
-15 7
-15 7
-15 7
-15 7
-12 7
-12 7
-12 7
-12 7
-12 7
-12 7
-12 7
-12 7
-12 7
-12 7
-12 7
-12 7
-12 7
-12 7
-12 7
-12 7
-12 7
-12 7
-16 7
-16 7
-16 7
-16 7
-16 7
-16 7
-16 7
-16 7
-16 7
-16 7
-16 7
-16 7
-16 7
-16 7
-16 7
-16 7
-16 7
-16 7
-16 7
-16 7
-16 7
-16 7
-16 7
-16 7
-16 7
-16 7
-16 7
-16 7
-16 7
-16 7
-16 7
-16 7
-16 7
-16 7
-16 7
-16 7
-16 7
-16 7
-16 7
-16 7
-16 7
-16 7
-16 7
-16 7
-16 7
-16 7
-16 7
-16 7
-16 7
-16 7
-16 7
-16 7
-16 7
-16 7
-16 7
-16 7
-16 7
-16 7
-16 7
-17 8
-17 8
-17 8
-17 8
-17 8
-17 8
-17 8
-17 8
-17 8
-17 8
-17 8
-17 8
-17 8
-17 8
-17 8
-17 8
-17 8
-17 8
-17 8
-17 8
-17 8
-17 8
-17 8
-17 8
-17 8
-17 8
-17 8
-17 8
-17 8
-17 8
-17 8
-17 8
-17 8
-17 8
-17 8
-17 8
-17 8
-17 8
-17 8
-17 8
-17 8
-18 7
-18 7
-17 8
-17 6
-17 6
-17 6
-17 6
-17 6
-17 6
-17 6
-17 6
-17 6
-17 6
-17 6
-17 6
-17 6
-17 6
-17 6
-17 6
-17 6
-19 7
-19 7
-19 7
-19 7
-19 7
-19 7
-19 7
-19 7
-19 7
-19 7
-19 7
-19 7
-19 7
-19 7
-19 7
-19 7
-19 7
-19 7
-19 7
-19 7
-19 7
-19 7
-19 7
-19 7
-19 7
-19 7
-19 7
-19 7
-19 7
-19 7
-19 7
-19 7
-19 7
-19 7
-19 7
-19 7
-19 7
-19 7
-19 7
-19 7
-19 7
-19 7
-19 7
-19 7
-19 7
-19 7
-19 7
-12 4
-12 4
-12 4
-12 4
-12 4
-12 4
-12 4
-12 4
-12 4
-12 4
-12 4
-12 4
-12 4
-12 4
-12 4
-12 4
-12 4
-12 4
-12 4
-12 4
-12 4
-12 4
-12 4
-12 4
-14 4
-14 4
-14 4
-14 4
-14 4
-14 4
-14 4
-14 4
-14 4
-14 4
-14 4
-14 4
-14 4
-14 4
-14 4
-14 4
-14 4
-14 4
-14 4
-14 4
-14 4
-14 4
-14 4
-14 4
-14 4
-14 4
-14 4
-14 4
-14 4
-14 4
-14 4
-14 4
-14 4
-14 4
-14 4
-14 4
-14 4
-14 4
-14 4
-14 4
-14 4
-14 4
-14 4
-11 4
-11 4
-11 4
-11 4
-11 4
-11 4
-11 4
-11 4
-11 4
-11 4
-11 4
-11 4
-11 4
-11 4
-11 4
-11 4
-11 4
-11 4
-11 4
-11 4
-11 4
-11 4
-11 4
-11 4
-11 4
-11 4
-11 4
-11 4
-11 4
-11 4
-11 4
-11 4
-11 4
-11 4
-11 4
-11 4
-11 4
-11 4
-11 4
-11 4
-11 4
-11 4
-11 4
-11 4
-11 4
-11 4
-11 4
-11 4
-11 4
-11 4
-11 4
-11 4
-11 4
-11 4
-11 4
-11 4
-11 4
-11 4
-11 4
-11 4
-11 4
-11 4
-11 4
-11 4
-11 4
-11 4
-9 2
-9 2
-7 3
-7 3
-7 3
-7 3
-7 3
-7 3
-7 3
-7 3
-7 3
-7 3
-7 3
-7 3
-7 3
-7 3
-7 3
-7 3
-7 3
-7 3
-7 3
-7 3
-7 3
-7 3
-7 3
-7 3
-7 3
-7 3
-7 3
-7 3
-7 3
-7 3
-7 3
-7 3
-7 3
-7 3
-7 3
-7 3
-7 3
-7 3
-7 3
-7 3
-7 3
-7 3
-6 2
-6 2
-6 2
-6 2
-6 2
-6 2
-6 2
-6 2
-6 2
-6 2
-6 2
-6 2
-6 2
-6 2
-6 2
-6 2
-6 2
-6 2
-6 2
-6 2
-6 2
-6 2
-5 1
-5 1
-5 1
-5 1
-5 1
-5 1
-5 1
-5 1
-5 1
-5 1
-5 1
-5 1
-5 1
-5 1
-5 1
-5 1
-5 1
-5 1
-5 1
-5 1
-5 1
-5 1
-8 2
-8 2
-8 2
-8 2
-8 2
-8 2
-8 2
-8 2
-8 2
-8 2
-8 2
-8 2
-8 2
-8 2
-8 2
-8 2
-8 2
-8 2
-8 2
-8 2
-8 2
-8 2
-8 2
-8 2
-8 2
-8 2
-8 2
-8 2
-8 2
-8 2
-8 2
-8 2
-8 2
-8 2
-8 2
-8 2
-8 2
-8 2
-8 2
-8 2
-8 2
-8 2
-13 5
-13 5
-13 5
-13 5
-13 5
-13 5
-13 5
-13 5
-13 5
-13 5
-13 5
-13 5
-13 5
-13 5
-13 5
-13 5
-13 5
-13 5
-13 5
-13 5
-13 5
-13 5
-13 5
-13 5
-13 5
-13 5
-13 5
-13 5
-13 5
-13 5
-13 5
-13 5
-13 5
-13 5
-13 5
-13 5
-13 5
-13 5
-13 5
-13 5
-14 4
-14 4
-14 4
-14 4
-14 4
-14 4
-14 4
-14 4
-14 4
-14 4
-14 4
-14 4
-14 4
-14 4
-14 4
-14 4
-14 4
-14 4
-14 4
-14 4
-14 4
-14 4
-14 4
-14 4
-14 4
-14 4
-14 4
-14 4
-14 4
-14 4
-14 4
-14 4
-14 4
-14 4
-14 4
-14 4
-14 4
-14 4
-14 4
-14 4
-14 4
-14 4
-16 4
-18 6
-18 6
-18 6
-18 6
-18 6
-18 6
-18 6
-18 6
-18 6
-18 6
-18 6
-18 6
-18 6
-18 6
-18 6
-18 6
-18 6
-18 6
-18 6
-18 6
-18 6
-18 6
-18 6
-18 6
-18 6
-18 6
-18 6
-18 6
-18 6
-18 6
-18 6
-18 6
-18 6
-18 6
-18 6
-18 6
-18 6
-18 6
-18 6
-18 6
-18 6
-18 6
-18 6
-18 6
-18 6
-18 6
-18 6
-18 6
-18 6
-18 6
-18 6
-18 6
-18 6
-18 6
-18 6
-18 6
-18 6
-18 6
-18 6
-18 6
-18 6
-18 6
-18 6
-18 6
-18 6
-18 6
-18 6
-18 6
-18 6
-18 6
-18 6
-18 6
-18 6
-18 6
-18 6
-18 6
-18 6
-18 6
-18 6
-18 6
-18 6
-18 6
-18 6
-13 4
-13 4
-9 2
-9 2
-9 2
-9 2
-9 2
-9 2
-9 2
-9 2
-9 2
-9 2
-9 2
-9 2
-9 2
-9 2
-9 2
-9 2
-9 2
-9 2
-9 2
-9 2
-9 2
-9 2
-9 2
-9 2
-9 2
-9 2
-9 2
-9 2
-9 2
-9 2
-9 2
-9 2
-9 2
-9 2
-9 2
-9 2
-9 2
-9 2
-9 2
-5 2
-5 2
-5 2
-5 2
-5 2
-5 2
-5 2
-5 2
-5 2
-5 2
-5 2
-5 2
-5 2
-5 2
-5 2
-5 2
-5 2
-5 2
-5 2
-5 2
-5 2
-4 3
-4 3
-4 3
-4 3
-4 3
-4 3
-4 3
-4 3
-4 3
-4 3
-4 3
-4 3
-4 3
-4 3
-4 3
-4 3
-4 3
-4 3
-4 3
-5 3
-5 3
-5 3
-5 3
-5 3
-5 3
-5 3
-5 3
-5 3
-5 3
-5 3
-5 3
-5 3
-5 3
-5 3
-5 3
-5 3
-5 3
-5 3
-5 3
-5 3
-5 3
-5 3
-5 3
-5 3
-5 3
-5 3
-5 3
-5 3
-5 3
-5 3
-5 3
-5 3
-5 3
-5 3
-5 3
-5 3
-5 3
-5 3
-5 3
-5 3
-5 3
-5 3
-5 3
-5 3
-5 3
-5 3
-5 3
-5 3
-5 3
-5 3
-5 3
-5 3
-5 3
-5 3
-5 3
-5 3
-5 3
-5 3
-5 3
-5 3
-5 3
-5 3
-5 3
-5 3
-5 3
-5 3
-5 3
-5 3
-5 3
-5 3
-5 3
-5 3
-5 3
-5 3
-5 3
-5 3
-5 3
-5 3
-5 3
-5 3
-5 3
-5 3
-5 3
-5 3
-7 4
-7 4
-7 4
-7 4
-7 4
-7 4
-7 4
-7 4
-7 4
-7 4
-7 4
-7 4
-7 4
-7 4
-7 4
-7 4
-7 4
-7 4
-7 4
-7 4
-7 4
-7 4
-7 4
-7 4
-7 4
-9 5
-9 5
-7 5
-7 5
-7 5
-7 5
-7 5
-7 5
-7 5
-7 5
-7 5
-7 5
-7 5
-7 5
-7 5
-7 5
-7 5
-7 5
-7 5
-7 5
-7 5
-7 5
-7 5
-7 5
-7 5
-7 5
-7 5
-7 5
-7 5
-7 5
-7 5
-7 5
-7 5
-7 5
-7 5
-7 5
-7 5
-7 5
-7 5
-7 5
-7 5
-7 5
-7 5
-7 5
-7 5
-7 5
-7 5
-10 4
-9 4
-9 4
-9 4
-9 4
-9 4
-9 4
-9 4
-9 4
-9 4
-9 4
-9 4
-9 4
-9 4
-9 4
-9 4
-9 4
-9 4
-9 4
-9 4
-9 4
-9 4
-9 4
-9 4
-9 4
-9 4
-9 4
-9 4
-9 4
-9 4
-9 4
-9 4
-9 4
-9 4
-9 4
-9 4
-9 4
-9 4
-9 4
-9 4
-9 4
-9 4
-9 4
-9 4
-9 4
-7 4
-7 4
-7 4
-7 4
-7 4
-7 4
-7 4
-7 4
-7 4
-7 4
-7 4
-7 4
-7 4
-7 4
-7 4
-7 4
-7 4
-7 4
-7 4
-8 5
-8 5
-8 5
-8 5
-8 5
-8 5
-8 5
-8 5
-8 5
-8 5
-8 5
-8 5
-8 5
-8 5
-8 5
-8 5
-8 5
-8 5
-8 5
-8 5
-8 5
-8 5
-8 5
-8 5
-8 5
-8 5
-8 5
-8 5
-8 5
-8 5
-8 5
-8 5
-8 5
-8 5
-8 5
-8 5
-8 5
-8 5
-8 5
-8 5
-8 5
-8 5
-8 5
-8 5
-8 5
-8 5
-8 5
-8 5
-8 5
-10 6
-9 9
-9 9
-9 9
-9 9
-9 9
-9 9
-9 9
-9 9
-9 9
-9 9
-9 9
-9 9
-9 9
-9 9
-9 9
-9 9
-9 9
-9 9
-9 9
-9 9
-9 9
-9 9
-9 9
-9 9
-9 9
-9 9
-7 8
-7 8
-7 8
-7 8
-7 8
-7 8
-7 8
-7 8
-7 8
-7 8
-7 8
-7 8
-7 8
-7 8
-4 8
-4 8
-4 8
-4 8
-4 8
-4 8
-4 8
-4 8
-4 8
-4 8
-4 8
-4 8
-4 8
-4 8
-4 8
-4 7
-4 7
-4 7
-4 7
-4 7
-4 7
-4 7
-4 7
-4 7
-4 7
-4 7
-4 7
-4 7
-4 7
-4 7
-4 7
-4 7
-4 7
-4 7
-4 7
-4 7
-4 7
-4 7
-4 7
-4 7
-4 7
-4 7
-4 7
-4 7
-4 7
-4 7
-4 7
-2 6
-2 6
-2 6
-2 6
-2 6
-2 6
-2 6
-2 6
-2 6
-2 6
-2 6
-2 6
-2 6
-2 6
-2 6
-2 6
-2 6
-2 6
-2 6
-2 6
-2 6
-2 6
-2 6
-2 6
-2 6
-2 6
-2 6
-2 6
-2 6
-2 6
-2 6
-2 6
-2 6
-2 6
-2 6
-2 6
-2 6
-2 6
-2 6
-2 6
-2 6
-2 6
-2 6
-2 6
-2 6
-2 6
-2 6
-2 6
-2 6
-2 6
-2 6
-2 6
-2 6
-2 6
-2 6
-2 6
-2 6
-2 6
-2 6
-2 6
-2 6
-2 6
0 4
0 5
1 5
1 5
1 5
1 5
1 5
1 5
1 5
1 5
1 5
1 5
1 5
1 5
2 5
2 5
2 5
2 5
2 5
2 5
2 5
2 5
2 5
2 5
2 5
2 5
2 5
2 5
2 5
2 5
2 5
2 5
2 5
2 5
2 5
2 5
2 5
2 5
2 5
2 5
2 5
2 5
2 5
2 5
2 5
2 5
2 5
2 5
2 5
2 5
2 5
2 5
2 5
2 5
2 5
2 5
2 5
2 5
2 5
2 5
2 5
4 7
4 7
4 7
4 7
4 7
4 7
4 7
4 7
4 7
4 7
4 7
4 7
4 7
4 7
4 7
4 7
4 7
4 7
4 7
4 7
4 7
4 7
4 7
4 7
4 7
4 7
4 7
4 7
4 7
4 7
4 7
4 7
4 7
4 7
4 7
4 7
4 7
4 7
4 7
4 7
4 7
4 7
4 7
4 7
4 7
4 7
4 7
4 7
4 7
4 7
4 9
6 9
6 9
6 9
6 9
6 9
6 9
6 9
6 9
6 9
6 9
6 9
6 9
6 9
6 9
6 9
6 9
6 9
6 9
6 9
6 9
6 9
6 9
6 9
6 9
6 9
6 9
6 9
6 9
6 9
6 9
6 9
6 9
6 9
6 9
6 9
6 9
6 9
6 9
6 9
6 9
6 9
6 9
6 9
6 9
8 10
8 10
8 10
8 10
8 10
8 10
8 10
8 10
8 10
8 10
8 10
8 10
8 10
8 10
8 10
8 10
8 10
8 10
8 10
8 10
8 10
8 10
9 9
9 9
9 9
9 9
9 9
9 9
9 9
9 9
9 9
9 9
9 9
9 9
9 9
9 9
9 9
9 9
9 9
9 9
9 9
9 9
9 9
9 9
9 9
9 9
9 9
9 9
9 9
9 9
9 9
9 9
9 9
9 9
9 9
9 9
9 9
9 9
9 9
9 9
9 9
9 9
9 9
9 9
9 9
9 9
9 9
9 9
9 9
9 9
9 9
9 9
9 9
9 9
9 9
9 9
9 9
9 9
9 9
9 9
9 9
9 9
9 9
9 9
9 9
9 9
9 9
9 9
9 9
9 9
9 9
9 9
9 9
10 8
11 9
11 9
11 9
11 9
11 9
11 9
11 9
11 9
11 9
11 9
11 9
11 9
11 9
11 9
11 9
11 9
11 9
11 9
11 9
11 9
11 9
11 9
11 9
11 9
11 9
11 9
11 9
11 9
11 9
11 9
11 9
11 9
11 9
11 9
11 9
11 9
11 9
11 9
11 9
11 9
11 9
11 9
11 9
11 9
11 9
11 9
11 9
11 9
11 9
11 9
11 9
11 9
11 9
11 9
11 9
11 9
11 9
11 9
11 9
11 9
11 9
11 9
11 9
11 9
11 9
11 9
11 9
11 9
11 9
11 9
11 9
11 9
11 7
11 6
11 6
11 6
11 6
11 6
11 6
11 6
11 6
11 6
11 6
11 6
11 6
11 6
11 6
11 6
11 6
11 6
11 6
11 6
11 6
11 6
11 6
11 6
11 6
11 6
11 6
11 6
11 6
11 6
11 6
11 6
11 6
11 6
11 6
11 6
11 6
11 6
11 6
11 6
11 6
11 6
11 6
11 6
11 6
12 5
12 5
12 5
12 5
12 5
12 5
12 5
12 5
12 5
12 5
12 5
12 5
12 5
12 5
12 5
12 5
12 5
12 5
12 5
12 5
12 5
12 5
12 5
12 5
13 4
13 4
13 4
13 4
13 4
13 4
13 4
13 4
13 4
13 4
13 4
13 4
13 4
13 4
13 4
13 4
13 4
13 4
13 4
13 4
13 4
13 4
13 4
13 4
13 4
13 4
13 4
13 4
13 4
13 4
13 4
13 4
13 4
13 4
13 4
13 4
13 4
13 4
13 4
13 4
13 4
13 4
13 4
13 4
13 4
13 4
15 4
13 4
13 4
13 4
13 4
13 4
13 4
13 4
13 4
13 4
13 4
13 4
13 4
13 4
13 4
13 4
13 4
13 4
13 4
13 4
13 4
13 4
13 4
13 4
13 4
13 4
13 4
13 4
13 4
13 4
13 4
13 4
13 4
13 4
13 4
13 4
13 4
13 4
13 4
13 4
13 4
13 4
13 4
13 4
13 4
13 4
13 4
13 4
13 4
13 4
13 4
13 4
13 4
13 4
13 4
13 4
13 4
13 4
13 4
13 4
13 4
13 4
13 4
13 4
16 4
16 4
16 4
16 4
16 4
16 4
16 4
16 4
16 4
16 4
16 4
16 4
16 4
16 4
16 4
16 4
16 4
16 4
16 4
16 4
16 4
16 4
16 4
16 4
16 4
16 4
16 4
16 4
16 4
16 4
16 4
16 4
16 4
16 4
16 4
16 4
16 4
16 4
16 4
16 4
16 4
16 4
16 4
16 4
16 4
16 4
13 4
13 4
13 4
13 4
13 4
13 4
13 4
13 4
13 4
13 4
13 4
13 4
13 4
13 4
13 4
13 4
13 4
13 4
13 4
13 4
13 4
14 5
14 5
14 5
14 5
14 5
14 5
14 5
14 5
14 5
14 5
14 5
14 5
14 5
14 5
14 5
14 5
14 5
14 5
14 5
14 5
14 5
14 5
14 5
21 5
21 5
21 5
21 5
21 5
21 5
21 5
21 5
21 5
21 5
21 5
21 5
21 5
21 5
21 5
21 5
21 5
21 5
21 5
21 5
21 5
21 5
21 5
21 5
21 5
21 5
21 5
21 5
21 5
21 5
21 5
21 5
21 5
21 5
21 5
21 5
21 5
21 5
21 5
21 5
21 5
21 5
21 5
21 3
21 3
21 3
21 3
21 3
21 3
21 3
21 3
21 3
21 3
21 3
21 3
21 3
21 3
21 3
21 3
21 3
21 3
21 3
21 3
21 3
21 3
21 3
21 3
21 3
21 3
21 3
21 3
21 3
21 3
21 3
21 3
21 3
21 3
21 3
21 3
21 3
21 3
21 3
21 3
21 3
21 3
21 3
25 3
25 3
25 3
25 3
25 3
25 3
25 3
25 3
25 3
25 3
25 3
25 3
25 3
25 3
25 3
25 3
25 3
25 3
25 3
25 3
25 3
25 3
25 3
25 3
25 3
25 3
25 3
25 3
25 3
25 3
25 3
25 3
25 3
25 3
25 3
25 3
25 3
25 3
25 3
25 3
28 3
28 3
28 3
28 3
28 3
28 3
28 3
28 3
28 3
28 3
28 3
28 3
28 3
28 3
28 3
27 1
27 1
27 1
27 1
27 1
27 1
27 1
27 1
27 1
27 1
27 1
27 1
27 1
27 1
27 1
27 1
23 5
23 5
23 5
23 5
23 5
23 5
23 5
23 5
23 5
23 5
23 5
23 5
23 5
23 5
23 5
23 5
23 5
23 5
23 5
23 5
23 5
23 5
23 5
23 5
23 5
23 5
23 5
23 5
23 5
23 5
23 5
23 5
23 5
23 5
23 5
23 5
23 5
23 5
23 5
23 5
23 5
23 5
23 5
23 5
23 5
23 5
23 5
23 5
23 5
23 5
23 5
23 5
23 5
23 5
23 5
23 5
23 5
23 5
23 5
23 5
23 5
23 5
21 2
18 2
18 2
18 2
18 2
18 2
18 2
18 2
18 2
18 2
18 2
18 2
18 2
18 2
18 2
16 1
16 1
16 1
16 1
16 1
16 1
16 1
16 1
16 1
16 1
16 1
16 1
16 1
16 1
16 1
16 1
16 1
16 1
16 1
16 1
16 1
16 1
16 1
16 1
16 1
16 1
16 1
13 1
13 1
13 1
13 1
13 1
13 1
13 1
13 1
13 1
13 1
13 1
13 1
13 1
13 1
13 1
13 1
13 1
13 1
9 1
9 1
9 1
9 1
9 1
9 1
9 1
9 1
9 1
9 1
9 1
9 1
9 1
9 1
9 1
9 1
9 1
9 1
9 1
9 1
9 1
9 1
9 1
9 1
9 1
9 1
9 1
9 1
9 1
9 1
9 1
9 1
9 1
9 1
9 1
4 0
1 1
1 1
1 1
1 1
1 1
1 1
1 1
1 1
1 1
1 1
1 1
1 1
1 1
1 1
1 1
1 1
1 1
1 1
1 1
1 1
1 1
1 1
1 1
1 1
1 1
1 1
1 1
1 1
1 1
1 1
1 1
1 1
1 1
1 1
1 1
1 1
1 1
1 1
1 1
1 1
1 1
1 1
1 1
1 1
1 1
1 1
1 1
1 1
1 1
1 1
1 1
1 1
1 1
1 1
1 1
1 1
1 1
1 1
1 1
1 1
1 1
1 1
1 1
1 1
1 1
1 1
1 1
1 1
1 1
1 1
1 1
1 1
1 1
1 1
1 1
1 1
1 1
1 1
1 1
1 1
1 1
1 1
1 1
1 1
1 1
1 1
1 1
1 1
1 1
1 1
1 1
1 1
1 1
1 1
1 1
1 1
1 1
1 1
1 1
1 1
1 1
1 1
1 1
1 1
1 1
1 1
1 1
1 1
1 1
1 1
1 1
1 1
1 1
1 1
1 1
1 1
1 1
1 1
1 1
1 1
1 1
1 1
1 1
1 1
1 1
1 1
1 1
1 1
1 1
1 1
1 1
1 1
1 1
1 1
1 1
1 1
1 1
1 1
1 1
1 1
1 1
1 1
1 1
1 1
1 1
1 1
1 1
1 1
1 1
1 1
1 1
1 1
1 1
1 1
1 1
1 1
1 1
1 1
1 1
1 1
1 1
1 1
1 1
1 1
1 1
1 1
1 1
1 1
1 1
1 1
1 1
1 1
1 1
1 1
1 1
1 1
1 1
1 1
1 1
1 1
1 1
1 1
1 1
1 1
1 1
1 1
1 1
1 1
1 1
1 1
1 1
1 1
1 1
1 1
1 1
1 1
1 1
1 1
1 1
1 1
1 1
1 1
1 1
1 1
1 1
1 1
1 1
1 1
1 1
1 1
1 1
1 1
1 1
1 1
1 1
1 1
1 1
1 1
1 1
1 1
1 1
1 1
1 1
1 1
1 1
1 1
1 1
1 1
1 1
1 1
1 1
1 1
1 1
1 1
1 1
1 1
1 1
1 1
1 1
1 1
1 1
1 1
1 1
1 1
1 1
1 1
1 1
1 1
1 1
1 1
1 1
1 1
1 1
1 1
1 1
1 1
1 1
1 1
1 1
1 1
1 1
1 1
1 1
1 1
1 1
1 1
1 1
1 1
1 1
1 1
1 1
1 1
1 1
1 1
1 1
1 1
1 1
1 1
1 1
1 1
1 1
1 1
1 1
1 1
1 1
1 1
1 1
1 1
1 1
1 1
1 1
1 1
1 1
1 1
1 1
1 1
1 1
1 1
1 1
1 1
0 -1
0 -1
0 -1
0 -1
0 -1
0 -1
0 -1
0 -1
0 -1
0 -1
0 -1
0 -1
0 -1
0 -1
0 -1
0 -1
0 -1
0 -1
0 -1
0 -1
0 -1
0 -1
0 -1
0 -1
0 -1
0 -1
0 -1
0 -1
0 -1
0 -1
0 -1
0 -1
0 -1
0 -1
0 -1
0 -1
0 -1
0 -1
0 -1
0 -1
0 -1
0 -1
0 -1
0 -1
0 -1
0 -1
0 -1
0 -1
0 -1
0 -1
0 -1
0 -1
0 -1
0 -1
0 -1
0 -1
0 -1
0 -1
0 -1
0 -1
0 -1
0 -1
0 -1
0 -1
0 -1
0 -1
0 -1
0 -1
0 -1
0 -1
0 -1
0 -1
0 -1
0 -1
0 -1
0 -1
0 -1
0 -1
0 -1
0 -1
0 -1
0 -1
0 -1
0 -1
0 -1
0 -1
0 -1
0 -1
0 -1
0 -1
0 -1
0 -1
0 -1
0 -1
0 -1
0 -1
0 -1
0 -1
0 -1
0 -1
0 -1
0 -1
0 -1
0 -1
0 -1
0 -1
0 -1
0 -1
0 -1
0 -1
0 -1
0 -1
0 -1
0 -1
0 -1
0 -1
0 -1
0 -1
0 -1
0 -1
0 -1
0 -1
0 -1
0 -1
0 -1
0 -1
0 -1
0 -1
0 -1
0 -1
0 -1
0 -1
0 -1
0 -1
0 -1
0 -1
0 -1
0 -1
0 -1
0 -1
0 -1
0 -1
0 -1
0 -1
0 -1
0 -1
0 -1
0 -1
0 -1
0 -1
0 -1
0 -1
0 -1
0 -1
0 -1
0 -1
0 -1
0 -1
0 -1
0 -1
0 -1
0 -1
0 -1
0 -1
0 -1
0 -1
0 -1
0 -1
0 -1
0 -1
0 -1
0 -1
0 -1
0 -1
0 -1
0 -1
0 -1
0 -1
0 -1
0 -1
0 -1
0 -1
0 -1
0 -1
0 -1
0 -1
0 -1
0 -1
0 -1
0 -1
0 -1
0 -1
0 -1
0 -1
0 -1
0 -1
0 -1
0 -1
0 -1
0 -1
0 -1
0 -1
0 -1
0 -1
0 -1
0 -1
0 -1
0 -1
0 -1
0 -1
0 -1
0 -1
0 -1
0 -1
0 -1
0 -1
0 -1
0 -1
0 -1
0 -1
0 -1
0 -1
0 -1
0 -1
0 -1
0 -1
0 -1
0 -1
0 -1
0 -1
0 -1
0 -1
0 -1
0 -1
0 -1
0 -1
0 -1
0 -1
0 -1
0 -1
0 -1
0 -1
0 -1
0 -1
0 -1
0 -1
0 -1
0 -1
0 -1
0 -1
0 -1
0 -1
0 -1
0 -1
0 -1
0 -1
0 -1
0 -1
0 -1
0 -1
0 -1
0 -1
0 -1
0 -1
0 -1
0 -1
0 -1
0 -1
0 -1
0 -1
0 -1
0 -1
0 -1
0 -1
0 -1
0 -1
0 -1
0 -1
0 -1
0 -1
0 -1
0 -1
0 -1
0 -1
0 -1
0 -1
0 -1
0 -1
0 -1
0 -1
0 -1
0 -1
0 -1
0 -1
0 -1
0 -1
0 -1
0 -1
0 -1
0 -1
0 -1
0 -1
0 -1
0 -1
0 -1
0 -1
0 -1
0 -1
0 -1
0 -1
0 -1
0 -1
0 -1
0 -1
0 -1
0 -1
0 -1
0 1
0 1
0 1
0 1
0 1
0 1
0 1
0 1
0 1
0 1
0 1
0 1
0 1
0 1
0 1
0 1
0 1
0 1
0 1
0 1
0 1
0 1
0 1
0 1
0 1
0 1
0 1
0 1
0 1
0 1
0 1
0 1
0 1
0 1
0 1
0 1
0 1
0 1
0 1
0 1
0 1
0 1
0 1
0 1
0 1
0 1
0 1
0 1
0 1
0 1
0 1
0 1
0 1
0 1
0 1
0 1
0 1
0 1
0 1
0 1
0 1
0 1
0 1
0 1
0 1
0 1
0 1
0 1
0 1
0 1
0 1
0 1
0 1
0 1
0 1
0 1
0 1
0 1
0 1
0 1
0 1
0 1
0 1
0 1
0 1
0 1
0 1
0 1
0 1
0 1
0 1
0 1
0 1
0 1
0 1
0 1
0 1
0 1
0 1
0 1
0 1
0 1
0 1
0 1
0 1
0 1
0 1
0 1
0 1
0 1
0 1
0 1
0 1
0 1
0 1
0 1
0 1
0 1
0 1
0 1
0 1
0 1
0 1
0 1
0 1
0 1
0 1
0 1
0 1
0 1
0 1
0 1
0 1
0 1
0 1
0 1
0 1
0 1
0 1
0 1
0 1
0 1
0 1
0 1
0 1
0 1
0 1
0 1
0 1
0 1
0 1
0 1
0 1
0 1
0 1
0 1
0 1
0 1
0 1
0 1
0 1
0 1
0 1
0 1
0 1
0 1
0 1
0 1
0 1
0 1
0 1
0 1
0 1
0 1
0 1
0 1
0 1
0 1
0 1
0 1
0 1
0 1
0 1
0 1
0 1
0 1
0 1
0 1
0 1
0 1
0 1
0 1
0 1
0 1
0 1
0 1
0 1
0 1
0 1
0 1
0 1
0 1
0 1
0 1
0 1
0 1
0 1
0 1
0 1
0 1
0 1
0 1
0 1
0 1
0 1
0 1
0 1
0 1
0 1
0 1
0 1
0 1
0 1
0 1
0 1
0 1
0 1
0 1
0 1
0 1
0 1
0 1
0 1
0 1
0 1
0 1
0 1
0 1
0 1
0 1
0 1
0 1
0 1
0 1
0 1
0 1
0 1
0 1
0 1
0 1
0 1
0 1
0 1
0 1
0 1
0 1
0 1
0 1
0 1
0 1
0 1
0 1
0 1
0 1
0 1
0 1
0 1
0 1
0 1
0 1
0 1
0 1
0 1
0 1
0 1
0 1
0 1
0 1
0 1
0 1
0 1
0 1
0 1
0 1
0 1
0 1
0 1
0 1
0 1
0 1
0 1
0 1
0 1
0 1
0 1
0 1
0 1
0 1
0 1
0 1
0 1
0 1
0 1
0 1
0 1
0 1
0 1
0 1
0 1
0 1
0 1
0 1
0 1
0 1
0 1
0 1
0 1
0 1
0 1
0 1
0 1
0 1
0 1
0 1
0 1
0 1
0 1
0 1
0 1
0 1
0 1
0 1
0 1
0 1
0 1
0 1
0 1
0 1
0 1
0 1
0 1
0 1
0 1
0 1
0 1
0 1
0 1
0 1
0 1
0 1
0 1
0 1
0 1
0 1
0 1
0 1
0 1
0 1
0 1
0 1
0 1
0 1
0 1
0 1
0 1
0 1
0 1
0 1
0 1
0 1
0 1
0 1
0 1
0 1
0 1
0 1
0 1
0 1
0 1
0 1
0 1
0 1
0 1
0 1
0 1
0 1
0 1
0 1
0 1
0 1
0 1
0 1
0 1
0 1
0 1
0 1
0 1
0 1
0 1
0 1
0 1
0 1
0 1
0 1
0 1
0 1
0 1
0 1
0 1
0 1
0 1
0 1
0 1
0 1
0 1
0 1
0 1
0 1
0 1
0 1
0 1
0 1
0 1
0 1
0 1
0 1
0 1
0 1
0 1
0 1
0 1
0 1
0 1
0 1
0 1
0 1
0 1
0 1
0 1
0 1
0 1
0 1
0 1
0 1
0 1
0 1
0 1
0 1
0 1
0 1
0 1
0 1
0 1
0 1
0 1
0 1
0 1
0 1
0 1
0 1
0 1
0 1
0 1
0 1
0 1
0 1
0 1
0 1
0 1
0 1
0 1
0 1
0 1
0 1
0 1
0 1
0 1
0 1
0 1
0 1
0 1
0 1
0 1
0 1
0 1
0 1
0 1
0 1
0 1
0 1
0 1
0 1
0 1
0 1
0 1
0 1
0 1
0 1
0 1
0 1
0 1
0 1
0 1
0 1
0 1
0 1
0 1
0 1
0 1
0 1
0 1
0 1
0 1
0 1
0 1
0 1
0 1
0 1
0 1
0 1
0 1
0 1
0 1
0 1
0 1
0 1
0 1
0 1
0 1
0 1
0 1
0 1
0 1
0 1
0 1
0 1
0 1
0 1
0 1
0 1
0 1
0 1
0 1
0 1
0 1
0 1
0 1
0 1
0 1
0 1
0 1
0 1
0 1
0 1
0 1
0 1
0 1
0 1
0 1
0 1
0 1
0 1
0 1
0 1
0 1
0 1
0 1
0 1
0 1
0 1
0 1
0 1
0 1
0 1
0 1
0 1
0 1
0 1
0 1
0 1
0 1
0 1
0 1
0 1
0 1
0 1
0 1
0 1
0 1
0 1
0 1
0 1
0 1
0 1
0 1
0 1
0 1
0 1
0 1
0 1
0 1
0 1
0 1
0 1
0 1
0 1
0 1
0 1
0 1
0 1
0 1
0 1
0 1
0 1
0 1
0 1
0 1
0 1
0 1
0 1
0 1
0 1
0 1
0 1
0 1
0 1
0 1
0 1
0 1
0 1
0 1
0 1
0 1
0 1
0 1
0 1
0 1
0 1
0 1
0 1
0 1
0 1
0 1
0 1
0 1
0 1
0 1
0 1
0 1
0 1
0 1
0 1
0 1
0 1
0 1
0 1
0 1
0 1
0 1
0 1
0 1
0 1
0 1
0 1
0 1
0 1
0 1
0 1
0 1
0 1
0 1
0 1
0 1
0 1
0 1
0 1
0 1
0 1
0 1
0 1
0 1
0 1
0 1
0 1
0 1
0 1
0 1
0 1
0 1
0 1
0 1
0 1
0 1
0 1
0 1
0 1
0 1
0 1
0 1
0 1
0 1
0 1
0 1
0 1
0 1
0 1
0 1
0 1
0 1
0 1
0 1
0 1
0 1
0 1
0 1
0 1
0 1
0 1
0 1
0 1
0 1
0 1
0 1
0 1
0 1
0 1
0 1
0 1
0 1
0 1
0 1
0 1
0 1
0 1
0 1
0 1
0 1
0 1
0 1
0 1
0 1
0 1
0 1
0 1
0 1
0 1
0 1
0 1
0 1
0 1
0 1
0 1
0 1
0 1
0 1
0 1
