4 0
4 0
4 0
4 0
4 0
4 0
4 0
4 0
4 0
4 0
4 0
4 0
4 0
4 0
4 0
4 0
4 0
4 0
4 0
4 0
4 0
4 0
4 0
4 0
4 0
4 0
4 0
4 0
4 0
4 0
4 0
4 0
4 0
4 0
4 0
4 0
4 0
4 0
4 0
4 0
4 0
4 0
4 0
4 0
4 0
4 0
4 0
4 0
4 0
11 -5
11 -5
11 -5
11 -5
11 -5
11 -5
11 -5
11 -5
11 -5
11 -5
11 -5
11 -5
11 -5
11 -5
11 -5
11 -5
11 -5
11 -5
11 -5
11 -5
11 -5
11 -5
11 -5
11 -5
11 -5
11 -5
11 -5
11 -5
11 -5
11 -5
11 -5
11 -5
11 -5
11 -5
11 -5
11 -5
11 -5
11 -5
11 -5
11 -5
11 -5
11 -5
11 -5
11 -5
11 -5
16 -6
16 -6
19 -6
19 -6
19 -6
19 -6
19 -6
19 -6
19 -6
19 -6
19 -6
19 -6
19 -6
19 -6
19 -6
19 -6
19 -6
23 -7
23 -7
23 -7
23 -7
23 -7
23 -7
23 -7
23 -7
23 -7
23 -7
23 -7
23 -7
23 -7
23 -7
23 -7
23 -7
23 -7
23 -7
23 -7
23 -7
23 -7
23 -7
23 -7
23 -7
23 -7
23 -7
23 -7
23 -7
23 -7
23 -7
23 -7
23 -7
23 -7
23 -7
23 -7
23 -7
23 -7
23 -7
23 -7
23 -7
23 -7
23 -7
23 -7
28 -8
28 -8
28 -8
28 -8
28 -8
28 -8
28 -8
28 -8
28 -8
28 -8
28 -8
28 -8
28 -8
28 -8
28 -8
28 -8
28 -8
28 -8
28 -8
39 -12
39 -12
39 -12
39 -12
39 -12
39 -12
39 -12
39 -12
39 -12
39 -12
39 -12
39 -12
39 -12
39 -12
39 -12
39 -12
39 -12
39 -12
39 -12
39 -12
39 -12
39 -12
39 -12
39 -12
39 -12
39 -12
39 -12
39 -12
39 -12
39 -12
39 -12
39 -12
39 -12
39 -12
39 -12
39 -12
39 -12
46 -19
46 -19
46 -11
46 -11
46 -11
46 -11
46 -11
46 -11
46 -11
46 -11
46 -11
46 -11
46 -11
46 -11
46 -11
46 -11
46 -11
46 -11
46 -11
46 -11
46 -11
46 -11
46 -11
46 -11
46 -11
46 -11
46 -11
46 -11
46 -11
46 -11
46 -11
46 -11
46 -11
46 -11
46 -11
46 -11
46 -11
46 -11
46 -11
46 -11
46 -11
46 -11
46 -11
46 -11
46 -11
46 -11
46 -11
46 -11
46 -11
46 -11
46 -11
46 -11
46 -11
46 -11
46 -11
46 -11
46 -11
46 -11
46 -17
46 -17
48 -14
48 -14
48 -14
48 -14
48 -14
48 -14
48 -14
48 -14
48 -14
48 -14
48 -14
48 -14
48 -14
48 -14
48 -14
48 -14
48 -14
48 -14
48 -14
48 -14
48 -14
48 -14
48 -14
48 -14
48 -14
48 -14
48 -14
48 -14
48 -14
48 -14
48 -14
48 -14
48 -14
48 -14
48 -14
48 -14
48 -14
48 -14
48 -14
48 -14
48 -14
48 -14
38 -9
38 -9
38 -9
38 -9
38 -9
38 -9
38 -9
38 -9
38 -9
38 -9
38 -9
38 -9
38 -9
38 -9
38 -9
38 -9
38 -9
38 -9
38 -9
38 -9
38 -9
33 -6
33 -6
33 -6
33 -6
33 -6
33 -6
33 -6
33 -6
33 -6
33 -6
33 -6
33 -6
33 -6
33 -6
33 -6
33 -6
33 -6
33 -6
33 -6
33 -6
33 -6
33 -6
33 -6
33 -6
33 -6
24 -3
24 -3
24 -3
24 -3
24 -3
24 -3
24 -3
24 -3
24 -3
24 -3
24 -3
24 -3
24 -3
24 -3
24 -3
24 -3
24 -3
24 -3
24 -3
24 -3
24 -3
24 -3
24 -3
24 -3
24 -3
24 -3
24 -3
24 -3
24 -3
24 -3
24 -3
24 -3
24 -3
24 -3
24 -3
24 -3
24 -3
24 -3
24 -3
24 -3
24 -3
24 -3
24 -3
24 -3
24 -3
12 -1
12 -1
12 -1
12 -1
12 -1
12 -1
12 -1
12 -1
12 -1
12 -1
12 -1
12 -1
12 -1
12 -1
12 -1
12 -1
12 -1
12 -1
12 -1
12 -1
12 -1
12 -1
12 -1
12 -1
12 -1
12 -1
12 -1
12 -1
12 -1
12 -1
12 -1
12 -1
12 -1
12 -1
12 -1
12 -1
12 -1
12 -1
12 -1
12 -1
12 -1
12 -1
12 -1
12 -1
1 0
-2 0
-2 0
-2 0
-2 0
-2 0
-2 0
-2 0
-2 0
-2 0
-2 0
-2 0
-2 0
-2 0
-2 0
-2 0
-2 0
-2 0
-2 0
-2 0
-2 0
-2 0
-2 0
-2 0
-2 0
-2 0
-2 0
-2 0
-2 0
-2 0
-2 0
-2 0
-2 0
-2 0
-2 0
-2 0
-2 0
-2 0
-2 0
-2 0
-2 0
-2 0
-2 0
-2 0
-2 0
-2 0
-2 0
-2 0
-2 0
-2 0
-2 0
-2 0
-2 0
-2 0
-2 0
-2 0
-2 0
-2 0
-2 0
-2 0
-2 0
-2 0
-2 0
-2 0
-2 0
-8 3
-8 3
-8 3
-8 3
-8 3
-8 3
-8 3
-8 3
-8 3
-8 3
-8 3
-8 3
-8 3
-8 3
-8 3
-8 3
-8 3
-8 3
-8 3
-8 3
-8 3
-8 3
-8 3
-8 3
-8 3
-8 3
-8 3
-12 7
-12 7
-12 7
-12 7
-12 7
-12 7
-12 7
-12 7
-12 7
-12 7
-12 7
-12 7
-12 7
-12 7
-12 7
-12 7
-12 7
-12 7
-12 7
-12 7
-12 7
-12 7
-12 7
-12 7
-12 7
-12 7
-12 7
-12 7
-12 7
-12 7
-12 7
-12 7
-12 7
-12 7
-12 7
-12 7
-12 7
-12 7
-12 7
-12 7
-12 7
-12 7
-12 7
-12 7
-12 7
-12 7
-12 7
-12 7
-12 7
-12 7
-12 7
-12 7
-12 7
-12 7
-16 8
-17 11
-17 11
-17 11
-17 11
-17 11
-17 11
-17 11
-17 11
-17 11
-17 11
-17 11
-17 11
-17 11
-17 11
-17 11
-17 11
-17 11
-17 11
-17 11
-17 11
-17 11
-17 11
-17 11
-17 11
-17 11
-17 11
-17 11
-17 11
-17 11
-17 11
-17 11
-17 11
-17 11
-17 11
-17 11
-17 11
-17 11
-17 11
-17 11
-17 11
-17 11
-17 11
-17 11
-17 11
-17 11
-17 11
-17 11
-17 11
-17 11
-17 11
-19 14
-19 14
-19 14
-19 14
-19 14
-19 14
-19 14
-19 14
-19 14
-19 14
-19 14
-19 14
-19 14
-19 14
-19 14
-19 14
-19 14
-19 14
-19 14
-19 14
-19 14
-19 14
-19 14
-19 14
-19 14
-19 14
-25 21
-25 21
-25 21
-25 21
-25 21
-25 21
-25 21
-25 21
-25 21
-25 21
-25 21
-25 21
-25 21
-25 21
-25 21
-25 21
-25 21
-25 21
-25 21
-25 21
-25 21
-25 21
-25 21
-25 21
-25 21
-25 21
-25 21
-25 21
-25 21
-25 21
-25 21
-25 21
-25 21
-25 21
-25 21
-25 21
-25 21
-25 21
-25 21
-25 21
-25 21
-25 21
-25 21
-25 21
-25 21
-25 21
-25 21
-25 21
-25 21
-25 21
-25 21
-25 21
-25 21
-25 21
-25 21
-25 21
-25 21
-25 21
-25 21
-25 21
-27 21
-27 21
-27 21
-27 21
-27 21
-27 21
-27 21
-27 21
-27 21
-27 21
-27 21
-27 21
-27 21
-27 21
-27 21
-27 21
-27 21
-27 21
-27 21
-27 21
-27 21
-27 21
-27 21
-27 21
-27 21
-27 21
-27 21
-27 21
-27 21
-27 21
-27 21
-27 21
-27 21
-27 21
-27 21
-27 21
-27 21
-27 21
-27 21
-27 21
-27 21
-27 21
-27 21
-27 21
-27 21
-27 21
-27 21
-27 21
-27 21
-27 21
-27 21
-27 21
-27 21
-27 21
-27 21
-27 21
-27 21
-27 21
-27 21
-27 21
-27 21
-34 24
-32 25
-32 25
-37 27
-37 27
-37 27
-37 27
-37 27
-37 27
-37 27
-37 27
-37 27
-37 27
-37 27
-37 27
-37 27
-37 27
-37 27
-37 27
-37 27
-37 27
-37 27
-37 27
-37 27
-37 27
-37 27
-37 27
-37 27
-37 27
-37 27
-37 27
-37 27
-37 27
-37 27
-37 27
-37 27
-37 27
-37 27
-37 27
-37 27
-37 27
-37 27
-37 27
-37 27
-37 27
-37 27
-37 27
-37 27
-37 27
-37 27
-37 27
-37 27
-37 27
-37 27
-37 27
-37 27
-37 27
-37 27
-37 27
-37 27
-37 27
-37 27
-37 27
-37 27
-40 30
-40 27
-38 29
-38 29
-38 29
-38 29
-38 29
-38 29
-38 29
-38 29
-38 29
-38 29
-38 29
-38 29
-38 29
-38 29
-38 29
-38 29
-38 29
-38 29
-38 29
-38 29
-38 29
-38 29
-38 29
-38 29
-38 29
-38 29
-38 29
-38 29
-38 29
-38 29
-38 29
-38 29
-38 29
-38 29
-38 29
-38 29
-38 29
-38 29
-38 29
-36 27
-36 27
-36 27
-36 27
-36 27
-36 27
-36 27
-36 27
-36 27
-36 27
-36 27
-36 27
-36 27
-36 27
-36 27
-36 27
-36 27
-36 27
-36 27
-36 27
-36 27
-35 28
-35 28
-35 28
-35 28
-35 28
-35 28
-35 28
-35 28
-35 28
-35 28
-35 28
-35 28
-35 28
-35 28
-35 28
-35 28
-35 28
-35 28
-35 28
-35 28
-35 28
-35 28
-35 28
-35 28
-35 28
-35 28
-35 28
-35 28
-35 28
-35 28
-35 28
-35 28
-35 28
-35 28
-35 28
-35 28
-35 28
-35 28
-35 28
-35 28
-35 28
-35 28
-35 28
-35 28
-35 28
-35 28
-35 28
-35 28
-35 28
-35 28
-35 28
-35 28
-35 28
-35 28
-35 28
-35 28
-35 28
-35 28
-35 28
-35 28
-35 28
-35 28
-35 28
-35 28
-35 28
-35 28
-35 28
-35 28
-35 28
-35 28
-35 28
-35 28
-35 28
-35 28
-35 28
-35 28
-35 28
-35 28
-35 28
-35 28
-35 28
-35 28
-35 28
-35 28
-35 28
-35 28
-35 28
-35 28
-35 28
-35 28
-35 28
-35 28
-35 28
-35 28
-35 28
-35 28
-35 28
-35 28
-35 28
-35 28
-35 28
-32 29
-22 27
-22 27
-22 27
-22 27
-22 27
-22 27
-22 27
-22 27
-22 27
-22 27
-22 27
-22 27
-22 27
-22 27
-22 27
-22 27
-22 27
-22 27
-22 27
-22 27
-13 23
-13 23
-13 23
-13 23
-13 23
-13 23
-13 23
-13 23
-13 23
-13 23
-13 23
-13 23
-13 23
-13 23
-13 23
-13 23
-13 23
-13 23
-13 23
-13 23
-13 23
-13 23
-13 23
-13 23
-13 23
-13 23
-13 23
-13 23
-13 23
-13 23
-13 23
-13 23
-13 23
-13 23
-13 23
-13 23
-13 23
-9 20
-9 20
-9 20
-9 20
-9 20
-9 20
-9 20
-9 20
-9 20
-9 20
-9 20
-9 20
-9 20
-9 20
-9 20
-9 20
-9 20
-9 20
-9 20
-9 20
-9 20
-9 20
-9 20
-9 20
-9 20
-9 20
-9 20
-9 20
-9 20
-9 20
-9 20
-9 20
-9 20
-9 20
-9 20
-9 20
-9 20
-9 20
-9 20
-9 20
-2 15
-2 15
1 13
1 13
1 13
1 13
1 13
1 13
1 13
1 13
1 13
1 13
1 13
1 13
1 13
1 13
1 13
1 13
1 13
1 13
1 13
1 13
1 13
1 13
1 13
1 13
1 13
1 13
1 13
1 13
1 13
1 13
1 13
1 13
1 13
1 13
1 13
1 13
1 13
1 13
1 13
1 13
1 13
5 11
5 11
5 11
5 11
5 11
5 11
5 11
5 11
5 11
5 11
5 11
5 11
5 11
5 11
5 11
5 11
5 11
5 11
5 11
5 11
5 11
5 11
5 11
5 11
5 11
5 11
5 11
5 11
5 11
5 11
5 11
5 11
5 11
5 11
5 11
5 11
5 11
5 11
5 11
5 11
5 11
5 11
5 11
5 11
5 11
5 11
7 6
7 6
7 6
7 6
7 6
7 6
7 6
7 6
7 6
7 6
7 6
7 6
7 6
7 6
7 6
7 6
7 6
7 6
7 6
7 6
7 6
7 6
7 6
7 6
7 6
7 6
7 6
7 6
7 6
7 6
7 6
7 6
7 6
7 6
7 6
7 6
7 6
7 6
7 6
7 6
7 6
7 6
7 6
7 6
7 6
7 6
7 6
11 1
11 1
11 1
11 1
11 1
11 1
11 1
11 1
11 1
11 1
11 1
11 1
11 1
11 1
11 1
11 1
11 1
11 1
11 1
11 1
11 1
11 1
11 1
11 1
11 1
11 1
11 1
11 1
11 1
11 1
11 1
11 1
11 1
11 1
11 1
11 1
11 1
11 1
11 1
11 1
11 1
11 1
11 1
11 1
11 1
11 1
11 1
11 1
11 1
11 1
11 1
11 1
14 -3
16 -3
16 -3
16 -3
16 -3
21 -7
21 -7
21 -7
21 -7
21 -7
21 -7
21 -7
21 -7
21 -7
21 -7
21 -7
21 -7
21 -7
21 -7
21 -7
21 -7
21 -7
21 -7
21 -7
21 -7
21 -7
21 -7
21 -7
21 -7
21 -7
21 -7
21 -7
21 -7
21 -7
21 -7
21 -7
21 -7
21 -7
21 -7
21 -7
26 -10
26 -10
26 -10
26 -10
26 -10
26 -10
26 -10
26 -10
26 -10
26 -10
26 -10
26 -10
26 -10
26 -10
26 -10
26 -10
26 -10
26 -10
26 -10
26 -10
30 -15
30 -15
30 -15
30 -15
30 -15
30 -15
30 -15
30 -15
30 -15
30 -15
30 -15
30 -15
30 -15
30 -15
30 -15
30 -15
30 -15
30 -15
30 -15
30 -15
30 -15
30 -15
30 -15
30 -15
30 -15
30 -15
30 -15
30 -15
30 -15
30 -15
30 -15
30 -15
30 -15
30 -15
30 -15
30 -15
30 -15
30 -15
30 -15
30 -15
30 -15
30 -15
30 -15
30 -15
30 -15
30 -15
30 -15
30 -15
30 -15
30 -15
30 -15
30 -15
30 -15
30 -15
30 -15
30 -15
30 -15
30 -15
30 -15
30 -15
30 -15
30 -15
30 -15
30 -15
30 -15
30 -15
30 -15
30 -15
30 -15
37 -13
37 -13
43 -12
43 -12
43 -12
43 -12
43 -12
43 -12
43 -12
43 -12
43 -12
43 -12
43 -12
43 -12
43 -12
43 -12
43 -12
43 -12
43 -12
43 -12
43 -12
43 -12
43 -12
43 -12
43 -12
43 -12
43 -12
43 -12
43 -12
43 -12
43 -12
43 -12
43 -12
43 -12
43 -12
43 -12
43 -12
43 -12
43 -12
43 -12
43 -12
43 -12
43 -12
43 -12
43 -12
43 -12
48 -13
48 -13
48 -13
48 -13
48 -13
48 -13
48 -13
48 -13
48 -13
48 -13
48 -13
48 -13
48 -13
48 -13
48 -13
48 -13
48 -13
48 -13
48 -13
48 -13
48 -13
48 -13
44 -14
44 -14
44 -14
44 -14
44 -14
44 -14
44 -14
44 -14
44 -14
44 -14
44 -14
44 -14
44 -14
44 -14
44 -14
44 -14
44 -14
44 -14
44 -14
44 -14
44 -14
44 -14
44 -14
44 -14
44 -14
44 -14
44 -14
44 -14
44 -14
44 -14
44 -14
44 -14
44 -14
44 -14
44 -14
44 -14
44 -14
44 -14
44 -14
44 -14
44 -14
44 -14
44 -14
46 -8
46 -8
46 -8
46 -8
46 -8
46 -8
46 -8
46 -8
46 -8
46 -8
46 -8
46 -8
46 -8
46 -8
46 -8
46 -8
46 -8
46 -8
46 -8
46 -8
46 -8
46 -8
46 -8
46 -8
46 -8
46 -8
46 -8
46 -8
46 -8
46 -8
46 -8
46 -8
46 -8
46 -8
46 -8
46 -8
46 -8
46 -8
46 -8
46 -8
46 -8
46 -8
46 -8
46 -8
46 -8
46 -8
46 -8
46 -8
46 -8
46 -8
46 -8
46 -8
46 -8
46 -8
46 -8
46 -8
46 -8
46 -8
46 -8
46 -8
46 -8
46 -8
46 -8
46 -8
46 -8
46 -8
46 -8
46 -8
46 -8
40 -8
32 -4
32 -4
32 -4
32 -4
32 -4
32 -4
32 -4
32 -4
32 -4
32 -4
32 -4
32 -4
32 -4
32 -4
32 -4
32 -4
32 -4
32 -4
32 -4
32 -4
32 -4
22 -4
22 -4
22 -4
22 -4
22 -4
22 -4
22 -4
22 -4
22 -4
22 -4
22 -4
22 -4
22 -4
22 -4
22 -4
22 -4
22 -4
22 -4
22 -4
22 -4
22 -4
22 -4
22 -4
22 -4
22 -4
22 -4
22 -4
22 -4
22 -4
22 -4
22 -4
22 -4
22 -4
22 -4
22 -4
22 -4
22 -4
22 -4
22 -4
22 -4
22 -4
22 -4
22 -4
22 -4
22 -4
22 -4
22 -4
22 -4
22 -4
22 -4
22 -4
22 -4
22 -4
22 -4
22 -4
22 -4
22 -4
22 -4
22 -4
22 -4
22 -4
22 -4
22 -4
22 -4
22 -4
22 -4
22 -4
22 -4
22 -4
22 -4
22 -4
22 -4
10 -1
10 -1
2 -1
2 -1
2 -1
2 -1
2 -1
2 -1
2 -1
2 -1
2 -1
2 -1
2 -1
2 -1
2 -1
2 -1
2 -1
2 -1
2 -1
2 -1
2 -1
2 -1
2 -1
2 -1
2 -1
2 -1
2 -1
2 -1
2 -1
2 -1
2 -1
2 -1
2 -1
2 -1
2 -1
2 -1
2 -1
2 -1
2 -1
2 -1
2 -1
2 -1
2 -1
2 -1
2 -1
2 -1
2 -1
0 -2
0 -2
0 -2
0 -2
0 -2
0 -2
0 -2
0 -2
0 -2
0 -2
0 -2
0 -2
0 -2
0 -2
0 -2
0 -2
0 -2
0 -2
0 -2
0 -2
0 -2
0 -2
0 -2
0 -2
0 -2
0 -2
0 -2
0 -2
0 -2
0 -2
0 -2
0 -2
0 -2
0 -2
0 -2
0 -2
0 -2
0 -2
0 -2
0 -2
0 -2
0 -2
0 -2
0 -2
0 -2
0 -2
0 -2
0 -2
0 -2
0 -2
0 -2
0 -2
0 -2
0 -2
0 -2
0 -2
0 -2
0 -2
0 -2
0 -2
0 -2
0 -2
0 -2
0 -2
0 -2
0 -2
0 -2
0 -2
0 -2
0 -2
0 -2
0 -2
-1 -1
-1 -1
-1 -1
-1 -1
-1 -1
-1 -1
-1 -1
-1 -1
-1 -1
-1 -1
-1 -1
-1 -1
-1 -1
-1 -1
-1 -1
-1 -1
-1 -1
-1 -1
-1 -1
-1 -1
-1 -1
-1 -1
-1 -1
-1 -1
-1 -1
-1 -1
-1 -1
-1 -1
-1 -1
-1 -1
-1 -1
-1 -1
-1 -1
-1 -1
-1 -1
-1 -1
-1 -1
-1 -1
-1 -1
-1 -1
-1 -1
-1 -1
-1 -1
-1 -1
-1 -1
-1 -1
-1 -1
-1 -1
-1 -1
-1 -1
-1 -1
-1 -1
-1 -1
-1 -1
-1 -1
-1 -1
-1 -1
-1 -1
-1 -1
-1 -1
-1 -1
-1 -1
-1 -1
-1 -1
-1 -1
-1 -1
-1 -1
-1 -1
-1 -1
-1 -1
-1 -1
-1 -1
-1 -1
-1 -1
-1 -1
-1 -1
-1 -1
-3 3
-3 3
-3 3
-3 3
-3 3
-3 3
-3 3
-3 3
-3 3
-3 3
-3 3
-3 3
-3 3
-3 3
-3 3
-3 3
-3 3
-3 3
-3 3
-3 3
-3 3
-3 3
-3 3
-3 3
-3 3
-7 7
-7 7
-7 7
-7 7
-7 7
-7 7
-7 7
-7 7
-7 7
-7 7
-7 7
-7 7
-7 7
-7 7
-7 7
-7 7
-7 7
-7 7
-7 7
-7 7
-7 7
-7 7
-7 7
-7 7
-7 7
-7 7
-7 7
-7 7
-7 7
-7 7
-7 7
-7 7
-7 7
-7 7
-7 7
-7 7
-7 7
-7 7
-7 7
-7 7
-7 7
-7 7
-7 7
-7 7
-7 7
-7 7
-7 7
-7 7
-7 7
-7 7
-7 7
-7 7
-7 7
-15 11
-15 11
-15 11
-15 11
-15 11
-15 11
-15 11
-15 11
-15 11
-15 11
-15 11
-15 11
-15 11
-15 11
-15 11
-15 11
-15 11
-15 11
-15 11
-15 11
-15 11
-15 11
-15 11
-15 11
-15 11
-15 11
-15 11
-15 11
-15 11
-15 11
-15 11
-15 11
-15 11
-15 11
-15 11
-26 18
-38 23
-38 23
-38 23
-38 23
-38 23
-38 23
-38 23
-38 23
-38 23
-38 23
-38 23
-38 23
-38 23
-38 23
-38 23
-38 23
-38 23
-38 23
-38 23
-38 23
-38 23
-38 23
-38 23
-38 23
-38 23
-38 23
-38 23
-38 23
-38 23
-38 23
-38 23
-38 23
-38 23
-38 23
-38 23
-38 23
-38 23
-38 23
-38 23
-38 23
-38 23
-38 23
-38 23
-38 23
-38 23
-38 23
-38 23
-38 23
-38 23
-38 23
-38 23
-38 23
-42 26
-39 25
-39 23
-39 23
-39 23
-39 23
-39 23
-39 23
-39 23
-39 23
-39 23
-39 23
-39 23
-39 23
-39 23
-39 23
-39 23
-39 23
-39 23
-39 23
-39 23
-39 23
-39 23
-39 23
-39 23
-39 23
-39 23
-39 23
-39 23
-39 23
-28 19
-28 19
-28 19
-28 19
-28 19
-28 19
-28 19
-28 19
-28 19
-28 19
-28 19
-28 19
-28 19
-28 19
-28 19
-28 19
-28 19
-28 19
-28 19
-28 19
-28 19
-28 19
-28 19
-28 19
-19 19
-19 19
-19 19
-19 19
-19 19
-19 19
-19 19
-19 19
-19 19
-19 19
-19 19
-19 19
-19 19
-19 19
-19 19
-19 19
-19 19
-19 19
-19 19
-19 19
-19 19
-19 19
-19 19
-19 19
-19 19
-19 19
-19 19
-19 19
-19 19
-19 19
-19 19
-19 19
-19 19
-19 19
-19 19
-19 19
-19 19
-19 19
-19 19
-19 19
-19 19
-19 19
-17 20
-10 16
-10 16
-10 16
-10 16
-10 16
-10 16
-10 16
-10 16
-10 16
-10 16
-10 16
-10 16
-10 16
-10 16
-10 16
-7 15
-7 15
-7 15
-7 15
-7 15
-7 15
-7 15
-7 15
-7 15
-7 15
-7 15
-7 15
-7 15
-7 15
-7 15
-7 15
-7 15
-7 15
-7 15
-7 15
-7 15
-7 15
-7 15
-7 15
-7 15
-7 15
-7 15
-7 15
-7 15
-7 15
-7 15
-7 15
-7 15
-7 15
-7 15
-4 10
-4 10
-4 10
-4 10
-4 10
-4 10
-4 10
-4 10
-4 10
-4 10
-4 10
-4 10
-4 10
-4 10
-4 10
-1 7
-1 7
-1 7
-1 7
-1 7
-1 7
-1 7
-1 7
-1 7
-1 7
-1 7
-1 7
-1 7
-1 7
-1 7
-1 7
-1 7
-1 7
-1 7
-1 7
-1 7
-1 7
-1 7
-1 7
-1 7
-1 7
-1 7
-1 7
-1 7
-1 7
-1 7
-1 7
-1 7
-1 7
0 4
0 4
0 4
0 4
0 4
0 4
0 4
0 4
0 4
0 4
0 4
0 4
0 4
0 4
0 4
0 4
0 4
0 4
0 4
0 4
0 4
0 4
0 4
0 4
0 4
0 4
0 4
0 4
0 4
0 4
0 4
0 4
1 3
1 3
1 3
1 3
1 3
1 3
1 3
1 3
1 3
1 3
1 3
1 3
1 3
1 3
1 3
1 3
1 3
1 3
1 3
1 3
1 3
1 3
1 3
1 3
1 3
1 3
1 3
1 3
1 3
1 3
1 3
1 3
1 3
1 3
1 3
1 3
1 3
1 3
1 3
1 3
1 3
1 3
1 3
1 3
1 3
1 3
1 3
1 3
1 3
1 3
1 3
1 3
1 3
1 3
1 3
1 3
1 3
1 3
1 3
1 3
1 3
1 3
1 3
1 3
1 3
1 3
1 3
1 3
1 3
1 3
1 3
1 3
1 3
1 3
1 3
1 3
1 3
1 3
1 3
1 3
1 3
1 3
1 3
1 3
1 3
1 3
1 3
1 3
1 3
1 3
1 3
1 3
1 3
1 3
1 3
1 3
1 3
1 3
1 3
1 3
1 3
1 3
1 3
1 3
1 3
1 3
1 3
1 3
1 3
1 3
1 3
1 3
1 3
1 3
1 3
1 3
1 3
1 3
1 3
1 3
1 3
1 3
1 3
1 3
1 3
1 3
1 3
1 3
1 3
1 3
1 3
1 3
1 3
1 3
1 3
1 3
1 3
1 3
1 3
1 3
1 3
1 3
1 3
1 3
1 3
1 3
1 3
1 3
1 3
1 3
1 3
1 3
1 3
1 3
1 3
1 3
1 3
1 3
1 3
1 3
1 3
1 3
1 3
1 3
1 3
1 3
1 3
1 3
1 3
1 3
1 3
1 3
1 3
1 3
1 3
1 3
1 3
1 3
1 3
1 3
1 3
1 3
1 3
1 3
1 3
1 3
1 3
1 3
1 3
1 3
1 3
1 3
1 3
1 3
1 3
1 3
1 3
1 3
1 3
1 3
1 3
1 3
1 3
1 3
1 3
1 3
1 3
1 3
1 3
1 3
1 3
1 3
1 3
1 3
1 3
1 3
1 3
1 3
1 3
1 3
1 3
1 3
1 3
1 3
1 3
1 3
1 3
1 3
1 3
1 3
1 3
1 3
1 3
1 3
1 3
1 3
1 3
1 3
1 3
1 3
1 3
1 3
1 3
1 3
1 3
1 3
1 3
1 3
1 3
1 3
1 3
1 3
1 3
1 3
1 3
1 3
1 3
1 3
1 3
1 3
1 3
1 3
1 3
1 3
1 3
1 3
1 3
1 3
1 3
1 3
1 3
1 3
1 3
1 3
1 3
1 3
1 3
1 3
1 3
1 3
1 3
1 3
1 3
1 3
1 3
1 3
1 3
1 3
1 3
1 3
1 3
1 3
1 3
1 3
1 3
1 3
1 3
1 3
1 3
1 3
1 3
1 3
1 3
1 3
1 3
1 3
1 3
1 3
1 3
1 3
1 3
1 3
1 3
1 3
1 3
1 3
1 3
1 3
1 3
1 3
1 3
1 3
1 3
1 3
1 3
1 3
1 3
1 3
1 3
1 3
1 3
1 3
1 3
1 3
1 3
1 3
1 3
1 3
1 3
1 3
1 3
1 3
1 3
1 3
1 3
1 3
1 3
1 3
1 3
1 3
1 3
1 3
1 3
1 3
1 3
1 3
1 3
1 3
1 3
1 3
1 3
1 3
1 3
1 3
1 3
1 3
1 3
1 3
1 3
1 3
1 3
1 3
1 3
1 3
1 3
1 3
1 3
1 3
1 3
1 3
1 3
1 3
1 3
1 3
1 3
1 3
1 3
1 3
1 3
1 3
1 3
1 3
1 3
1 3
1 3
1 3
1 3
1 3
1 3
1 3
1 3
1 3
1 3
1 3
1 3
1 3
1 3
1 3
1 3
1 3
1 3
1 3
1 3
1 3
1 3
1 3
1 3
1 3
1 3
1 3
1 3
1 3
1 3
1 3
1 3
1 3
1 3
1 3
1 3
1 3
1 3
1 3
1 3
1 3
1 3
1 3
1 3
1 3
1 3
1 3
1 3
1 3
1 3
1 3
1 3
1 3
1 3
1 3
1 3
1 3
1 3
1 3
1 3
1 3
1 3
1 3
1 3
1 3
1 3
1 3
1 3
1 3
1 3
1 3
1 3
1 3
1 3
1 3
1 3
1 3
1 3
1 3
1 3
1 3
1 3
1 3
1 3
1 3
1 3
1 3
1 3
1 3
1 3
1 3
1 3
1 3
1 3
1 3
1 3
1 3
1 3
1 3
1 3
1 3
1 3
1 3
1 3
1 3
1 3
1 3
1 3
1 3
1 3
1 3
1 3
1 3
1 3
1 3
1 3
1 3
1 3
1 3
1 3
1 3
1 3
1 3
1 3
1 3
1 3
1 3
1 3
1 3
1 3
1 3
1 3
1 3
1 3
1 3
1 3
1 3
1 3
1 3
1 3
1 3
1 3
1 3
1 3
1 3
1 3
1 3
1 3
1 3
1 3
1 3
1 3
1 3
1 3
1 3
1 3
1 3
1 3
1 3
1 3
1 3
1 3
1 3
1 3
1 3
1 3
1 3
1 3
1 3
1 3
1 3
1 3
1 3
1 3
1 3
1 3
1 3
1 3
1 3
1 3
1 3
1 3
1 3
1 3
1 3
1 3
1 3
1 3
1 3
1 3
1 3
1 3
1 3
1 3
1 3
1 3
1 3
1 3
1 3
1 3
1 3
1 3
1 3
1 3
1 3
1 3
1 3
1 3
1 3
1 3
1 3
1 3
1 3
1 3
1 3
1 3
1 3
1 3
1 3
1 3
1 3
1 3
1 3
1 3
1 3
1 3
1 3
1 3
1 3
1 3
1 3
1 3
1 3
1 3
1 3
1 3
1 3
1 3
1 3
1 3
1 3
1 3
1 3
1 3
1 3
1 3
1 3
1 3
1 3
1 3
1 3
1 3
1 3
1 3
1 3
1 3
1 3
1 3
1 3
1 3
1 3
1 3
1 3
1 3
1 3
1 3
1 3
1 3
1 3
1 3
1 3
1 3
1 3
1 3
1 3
1 3
1 3
0 1
0 1
0 1
0 1
0 1
0 1
0 1
0 1
0 1
0 1
0 1
0 1
0 1
0 1
0 1
0 1
0 1
0 1
0 1
0 1
0 1
0 1
0 1
0 1
0 1
0 1
0 1
0 1
0 1
0 1
0 1
0 1
0 1
0 1
0 1
0 1
0 1
0 1
0 1
0 1
0 1
0 1
0 1
0 1
0 1
0 1
0 1
0 1
0 1
0 1
0 1
0 1
0 1
0 1
0 1
0 1
0 1
0 1
0 1
0 1
0 1
0 1
0 1
0 1
0 1
0 1
0 1
0 1
0 1
0 1
0 1
0 1
0 1
0 1
0 1
0 1
0 1
0 1
0 1
0 1
0 1
0 1
0 1
0 1
0 1
0 1
0 1
0 1
0 1
0 1
0 1
0 1
0 1
0 1
0 1
0 1
0 1
0 1
0 1
0 1
0 1
0 1
0 1
0 1
0 1
0 1
0 1
0 1
0 1
0 1
0 1
0 1
0 1
0 1
0 1
0 1
0 1
0 1
0 1
0 1
0 1
0 1
0 1
0 1
0 1
0 1
0 1
0 1
0 1
0 1
0 1
0 1
0 1
0 1
0 1
0 1
0 1
0 1
0 1
0 1
0 1
0 1
0 1
0 1
0 1
0 1
0 1
0 1
0 1
0 1
0 1
0 1
0 1
0 1
0 1
0 1
0 1
0 1
0 1
0 1
0 1
0 1
0 1
0 1
0 1
0 1
0 1
0 1
0 1
0 1
0 1
0 1
0 1
0 1
0 1
0 1
0 1
0 1
0 1
0 1
0 1
0 1
0 1
0 1
0 1
0 1
0 1
0 1
0 1
0 1
0 1
0 1
0 1
0 1
0 1
0 1
0 1
0 1
0 1
0 1
0 1
0 1
0 1
0 1
0 1
0 1
0 1
0 1
0 1
0 1
0 1
0 1
0 1
0 1
0 1
0 1
0 1
0 1
0 1
0 1
0 1
0 1
0 1
0 1
0 1
0 1
0 1
0 1
0 1
0 1
0 1
0 1
0 1
0 1
0 1
0 1
0 1
0 1
0 1
0 1
0 1
0 1
0 1
0 1
0 1
0 1
0 1
0 1
0 1
0 1
0 1
0 1
0 1
0 1
0 1
0 1
0 1
0 1
0 1
0 1
0 1
0 1
0 1
0 1
0 1
0 1
0 1
0 1
0 1
0 1
0 1
0 1
0 1
0 1
0 1
0 1
0 1
0 1
0 1
0 1
0 1
0 1
0 1
0 1
0 1
0 1
0 1
0 1
0 1
0 1
0 1
0 1
0 1
0 1
0 1
0 1
0 1
0 1
0 1
0 1
0 1
0 1
0 1
0 1
0 1
0 1
