-1 4
-3 7
-5 7
-4 9
-4 9
-4 9
-4 9
-4 9
-4 9
-4 9
-4 9
-4 9
-4 9
-4 9
-4 9
-4 9
-4 9
-4 9
-4 9
-4 9
-4 9
-4 9
-4 9
-4 9
-4 9
-4 9
-4 9
-4 9
-4 9
-4 9
-4 9
-4 9
-4 9
-4 9
-4 9
-4 9
-4 9
-4 9
-4 9
-4 9
-4 9
-4 9
-4 9
-4 9
-4 9
-4 9
-4 9
-4 9
-4 9
-4 9
-4 9
-4 9
-4 9
-4 9
-4 9
-4 9
-4 9
-4 9
-4 9
-5 9
-4 9
-4 9
-4 9
-4 9
-4 9
-4 9
-4 9
-4 9
-4 9
-4 9
-4 9
-4 9
-4 9
-4 9
-4 9
-4 9
-4 9
-4 9
-4 9
-4 9
-4 9
-4 9
-4 9
-4 9
-4 9
-4 9
-4 9
-4 9
-4 9
-4 9
-6 10
-6 8
-5 8
-5 8
-5 8
-5 8
-5 8
-5 8
-5 8
-5 8
-5 8
-5 8
-5 8
-5 8
-5 8
-5 8
-5 8
-5 8
-5 8
-5 8
-5 8
-5 8
-5 8
-5 8
-5 8
-5 8
-5 8
-5 8
-5 8
-5 8
-5 8
-5 8
-5 8
-5 8
-5 8
-5 8
-5 8
-5 8
-5 8
-5 8
-5 8
-5 8
-5 7
-5 7
-5 7
-5 7
-5 7
-5 7
-5 7
-5 7
-5 7
-5 7
-5 7
-5 7
-5 7
-5 7
-5 7
-5 7
-5 7
-5 7
-5 7
-5 7
-5 7
-5 7
-5 7
-5 7
-5 7
-5 7
-5 7
-5 7
-5 7
-5 7
-5 7
-5 7
-5 7
-5 7
-5 7
-5 7
-5 7
-5 7
-5 7
-5 7
-5 7
-5 7
-5 7
-5 7
-5 7
-4 5
-4 5
-4 5
-4 5
-4 5
-4 5
-4 5
-4 5
-4 5
-4 5
-4 5
-4 5
-4 5
-4 5
-4 5
-4 5
-4 5
-4 5
-4 5
-4 5
-4 5
-4 5
-4 5
-4 5
-4 5
-4 5
-4 5
-4 5
-4 5
-4 5
-4 5
-4 5
-4 5
-4 5
-4 5
-4 5
-4 5
-4 5
-4 5
-4 5
-4 5
-4 5
-4 5
-4 5
-4 5
-4 5
-4 5
-4 5
-4 5
-4 5
-4 5
-4 5
-4 5
-4 5
-4 5
-4 5
-4 5
-4 5
-4 5
-4 5
-4 5
-4 5
-4 5
-4 5
-4 5
-2 3
-2 2
-2 2
-2 2
-2 2
-2 2
-2 2
-2 2
-2 2
-2 2
-2 2
-2 2
-2 2
-2 2
-2 2
-2 2
-2 2
-2 2
-2 2
-2 2
-2 2
-2 2
-2 2
-2 2
-2 2
-2 2
-2 2
-2 2
-2 2
-2 2
-2 2
-2 2
-2 2
-2 2
-2 2
-2 2
-2 2
-2 2
-2 2
-2 2
-2 2
-2 2
-2 2
-2 2
-2 2
-2 2
-2 2
-2 2
-2 2
-2 2
-2 2
-2 2
-2 2
-2 2
-2 2
-2 2
-2 2
-2 2
-2 2
-2 2
-2 2
-2 2
-2 2
-2 2
-2 2
-2 2
-2 2
-2 2
-2 2
-2 2
-2 2
-1 2
-1 2
-1 2
-1 2
-1 2
-1 2
-1 2
-1 2
-1 2
-1 2
-1 2
-1 2
-1 2
-1 2
-1 2
-1 2
-1 2
-1 2
-1 2
-1 2
-1 2
-1 2
-1 2
-1 2
-1 2
-2 1
-2 1
-2 1
-2 1
-2 1
-2 1
-2 1
-2 1
-2 1
-2 1
-2 1
-2 1
-2 1
-2 1
-2 1
-2 1
-2 1
-2 1
-2 1
-2 1
-2 1
-2 1
-2 1
-2 1
-2 1
-2 1
-2 1
-2 1
-2 1
-2 1
-2 1
-2 1
-2 1
-2 1
-2 1
-2 1
-2 1
-2 1
-2 1
-2 1
-2 1
-2 1
-2 1
-2 1
-2 1
-2 1
-3 3
-3 3
-3 3
-3 3
-3 3
-3 3
-3 3
-3 3
-3 3
-3 3
-3 3
-3 3
-3 3
-3 3
-3 3
-3 3
-3 3
-3 3
-3 3
-3 3
-3 3
-3 3
-3 3
-3 3
-3 3
-3 3
-3 3
-3 3
-3 3
-3 3
-3 3
-3 3
-3 3
-3 3
-3 3
-3 3
-3 3
-3 3
-3 3
-3 3
-3 3
-3 3
-3 3
-3 3
-4 4
-3 4
-3 4
-3 4
-3 4
-3 4
-3 4
-3 4
-3 4
-3 4
-3 4
-3 4
-3 4
-3 4
-3 4
-3 4
-3 4
-3 4
-3 4
-3 4
-3 4
-3 4
-3 4
-3 4
-3 4
-3 4
-3 4
-3 4
-3 4
-3 4
-3 4
-3 4
-3 4
-3 4
-3 4
-3 4
-3 4
-3 4
-3 4
-3 4
-3 4
-3 4
-3 4
-3 4
-3 4
-3 4
-3 4
-3 4
-3 4
-3 4
-3 4
-3 4
-3 4
-3 4
-3 4
-3 4
-3 4
-3 4
-3 4
-3 4
-3 4
-3 3
-3 3
-3 3
-3 3
-3 3
-3 3
-3 3
-3 3
-3 3
-3 3
-3 3
-3 3
-3 3
-3 3
-3 3
-3 3
-3 3
-3 3
-3 3
-3 3
-3 3
-3 3
-3 3
-3 3
-3 3
-3 3
-3 3
-3 3
-3 3
-3 3
-3 3
-3 3
-3 3
-3 3
-3 3
-3 3
-3 3
-3 3
-3 3
-3 3
-3 3
-3 3
-3 3
-3 3
-3 3
-3 3
-3 3
-3 3
-3 3
-3 3
-3 3
-3 3
-3 3
-3 3
-3 3
-3 3
-3 3
-3 3
-3 3
-3 3
-3 3
-3 3
-4 4
-4 4
-4 4
-4 4
-4 4
-4 4
-4 4
-4 4
-4 4
-4 4
-4 4
-4 4
-4 4
-4 4
-4 4
-4 4
-4 4
-4 4
-4 4
-4 4
-4 4
-4 4
-4 4
-4 4
-4 4
-4 4
-4 4
-4 4
-4 4
-4 4
-4 4
-4 4
-4 4
-4 4
-4 4
-4 4
-4 4
-4 4
-4 4
-4 4
-4 4
-4 4
-4 4
-4 4
-6 4
-6 4
-6 4
-6 4
-6 4
-6 4
-6 4
-6 4
-6 4
-6 4
-6 4
-6 4
-6 4
-6 4
-6 4
-6 4
-6 4
-6 4
-6 4
-6 4
-6 4
-6 4
-6 4
-6 4
-6 4
-6 4
-6 4
-6 4
-6 4
-6 4
-6 4
-6 4
-6 4
-6 4
-6 4
-6 4
-6 4
-6 4
-6 4
-6 4
-6 4
-6 4
-6 4
-6 4
-6 4
-6 4
-6 4
-7 6
-7 6
-7 6
-7 6
-7 6
-7 6
-7 6
-7 6
-7 6
-7 6
-7 6
-7 6
-7 6
-7 6
-7 6
-7 6
-7 6
-7 6
-7 6
-7 6
-7 6
-7 6
-7 6
-7 6
-7 6
-7 6
-7 6
-7 6
-7 6
-7 6
-7 6
-7 6
-7 6
-7 6
-7 6
-7 6
-7 6
-7 6
-7 6
-7 6
-7 6
-7 6
-7 6
-7 6
-7 6
-7 6
-7 6
-7 6
-7 6
-7 6
-7 6
-7 6
-7 6
-7 6
-7 6
-7 6
-7 6
-7 6
-7 6
-7 6
-7 6
-7 6
-7 6
-7 6
-7 6
-7 6
-7 6
-7 6
-7 6
-7 6
-7 6
-7 6
-7 6
-7 6
-7 6
-7 6
-7 6
-7 6
-7 6
-7 6
-7 6
-7 6
-7 6
-7 6
-7 6
-7 6
-7 6
-7 6
-7 6
-7 6
-7 6
-7 6
-7 6
-7 6
-6 4
-5 4
-6 4
-6 4
-6 4
-6 4
-6 4
-6 4
-6 4
-6 4
-6 4
-6 4
-6 4
-6 4
-6 4
-6 4
-6 4
-6 4
-6 4
-6 4
-6 4
-6 4
-6 4
-6 4
-6 4
-6 4
-6 4
-6 4
-6 4
-6 4
-6 4
-6 4
-6 4
-6 4
-6 4
-6 4
-6 4
-6 4
-6 4
-6 4
-6 4
-6 4
-6 3
-8 4
-8 4
-8 4
-8 4
-8 4
-8 4
-8 4
-8 4
-8 4
-8 4
-8 4
-8 4
-8 4
-8 4
-8 4
-8 4
-8 4
-8 4
-8 4
-8 4
-8 4
-8 4
-8 3
-8 3
-8 3
-8 3
-8 3
-8 3
-8 3
-8 3
-8 3
-8 3
-8 3
-8 3
-8 3
-8 3
-8 3
-8 3
-8 3
-8 3
-8 3
-8 3
-8 3
-8 3
-8 3
-8 3
-8 3
-8 3
-8 3
-8 3
-8 3
-8 3
-8 3
-8 3
-8 3
-8 3
-8 3
-8 3
-8 3
-8 3
-8 3
-8 3
-8 3
-8 3
-8 3
-8 3
-8 3
-8 3
-8 3
-8 3
-8 3
-8 3
-8 3
-8 3
-8 3
-8 3
-8 3
-8 3
-8 3
-8 3
-8 3
-8 3
-8 3
-8 3
-8 3
-8 3
-8 3
-8 3
-8 3
-8 3
-8 3
-8 3
-8 3
-8 3
-8 3
-8 3
-8 3
-8 2
-7 1
-7 1
-7 1
-7 1
-7 1
-7 1
-7 1
-7 1
-7 1
-7 1
-7 1
-7 1
-7 1
-7 1
-7 1
-7 1
-7 1
-7 1
-7 1
-7 1
-7 1
-7 1
-7 1
-7 1
-7 1
-7 1
-7 1
-7 1
-7 1
-7 1
-7 1
-7 1
-7 1
-7 1
-7 1
-7 1
-7 1
-7 1
-7 1
-7 1
-7 1
-7 1
-7 1
-7 1
-7 1
-7 1
-7 1
-7 1
-7 1
-7 1
-7 1
-7 1
-7 1
-7 1
-7 1
-7 1
-7 1
-7 1
-7 1
-7 1
-7 1
-7 1
-7 1
-7 1
-7 1
-7 1
-9 3
-9 3
-9 3
-9 3
-9 3
-9 3
-9 3
-9 3
-9 3
-9 3
-9 3
-9 3
-9 3
-9 3
-9 3
-9 3
-9 3
-9 3
-9 3
-9 3
-9 3
-9 3
-9 3
-9 3
-9 3
-9 3
-9 3
-9 3
-9 3
-9 3
-9 3
-9 3
-9 3
-9 3
-9 3
-9 3
-9 3
-9 3
-9 3
-9 3
-9 3
-9 3
-9 3
-9 3
-9 3
-9 3
-8 2
-8 2
-8 2
-8 2
-8 2
-8 2
-8 2
-8 2
-8 2
-8 2
-8 2
-8 2
-8 2
-8 2
-8 2
-8 2
-8 2
-8 2
-8 2
-8 2
-8 2
-8 2
-8 2
-9 2
-9 2
-9 2
-9 2
-9 2
-9 2
-9 2
-9 2
-9 2
-9 2
-9 2
-9 2
-9 2
-9 2
-9 2
-9 2
-9 2
-9 2
-9 2
-9 2
-9 2
-9 2
-9 2
-9 2
-9 2
-9 2
-9 2
-9 2
-9 2
-9 2
-9 2
-9 2
-9 2
-9 2
-9 2
-9 2
-9 2
-9 2
-9 2
-9 2
-9 2
-9 2
-9 2
-9 2
-9 2
-9 2
-9 2
-9 2
-9 0
-9 0
-9 0
-9 0
-9 0
-9 0
-9 0
-9 0
-9 0
-9 0
-9 0
-9 0
-9 0
-9 0
-9 0
-9 0
-9 0
-9 0
-9 0
-9 0
-9 0
-9 0
-9 0
-9 0
-9 0
-9 0
-9 0
-9 0
-9 0
-9 0
-9 0
-9 0
-9 0
-9 0
-9 0
-9 0
-9 0
-9 0
-9 0
-9 0
-9 0
-9 0
-9 0
-9 0
-9 0
-9 0
-9 0
-9 0
-9 0
-9 0
-9 0
-9 0
-9 0
-9 0
-9 0
-9 0
-9 0
-9 0
-9 0
-9 0
-9 0
-9 0
-9 0
-9 0
-9 0
-9 0
-11 1
-15 2
-15 2
-15 2
-15 2
-15 2
-15 2
-15 2
-15 2
-15 2
-15 2
-15 2
-15 2
-15 2
-15 2
-15 2
-15 2
-15 2
-15 2
-15 2
-15 2
-15 2
-15 2
-15 2
-15 2
-15 2
-15 2
-15 2
-15 2
-15 2
-15 2
-15 2
-15 2
-15 2
-15 2
-15 2
-15 2
-15 2
-15 2
-15 2
-15 2
-15 2
-15 2
-15 2
-15 2
-15 2
-15 2
-15 2
-15 2
-15 2
-15 2
-15 2
-15 2
-15 2
-15 2
-15 2
-15 2
-15 2
-15 2
-15 2
-15 2
-15 2
-15 2
-15 2
-15 2
-15 2
-15 2
-15 2
-15 2
-15 2
-15 2
-15 1
-15 1
-15 1
-15 1
-15 1
-15 1
-15 1
-15 1
-15 1
-15 1
-15 1
-15 1
-15 1
-15 1
-15 1
-15 1
-15 1
-15 1
-15 1
-15 1
-15 1
-11 0
-11 0
-11 0
-11 0
-11 0
-11 0
-11 0
-11 0
-11 0
-11 0
-11 0
-11 0
-11 0
-11 0
-11 0
-11 0
-11 0
-11 0
-11 0
-11 0
-11 0
-11 0
-11 0
-11 0
-11 0
-11 0
-11 0
-11 0
-11 0
-11 0
-11 0
-11 0
-11 0
-11 0
-11 0
-11 0
-11 0
-11 0
-11 0
-11 0
-11 0
-11 0
-11 0
-11 0
-11 0
-11 0
-11 0
-11 0
-9 0
-9 0
-9 0
-9 0
-9 0
-9 0
-9 0
-9 0
-9 0
-9 0
-9 0
-9 0
-9 0
-9 0
-9 0
-9 0
-9 0
-9 0
-9 0
-9 0
-9 0
-9 0
-9 0
-9 0
-9 0
-9 0
-9 0
-9 0
-9 0
-9 0
-9 0
-9 0
-9 0
-9 0
-9 0
-9 0
-9 0
-9 0
-9 0
-9 0
-9 0
-9 0
-9 0
-9 0
-9 0
-9 0
-9 0
-9 0
-7 -3
-6 -2
-6 -2
-6 -2
-6 -2
-6 -2
-6 -2
-6 -2
-6 -2
-6 -2
-6 -2
-6 -2
-6 -2
-6 -2
-6 -2
-6 -2
-6 -2
-6 -2
-6 -2
-6 -2
-6 -2
-6 -2
-6 -2
-6 -2
-6 -2
-6 -2
-6 -2
-6 -2
-6 -2
-6 -2
-6 -2
-6 -2
-6 -2
-6 -2
-6 -2
-6 -2
-6 -2
-6 -2
-6 -2
-6 -2
-6 -2
-6 -2
-6 -2
-6 -2
-6 -2
-6 -2
-6 -2
-6 -2
-6 -2
-6 -2
-6 -2
-4 -3
-4 -3
-4 -3
-4 -3
-4 -3
-4 -3
-4 -3
-4 -3
-4 -3
-4 -3
-4 -3
-4 -3
-4 -3
-4 -3
-4 -3
-4 -3
-4 -3
-4 -3
-4 -3
-4 -3
-4 -3
-4 -3
-4 -3
-4 -3
-4 -3
-4 -3
-4 -3
-4 -3
-4 -3
-4 -3
-4 -3
-4 -3
-4 -3
-4 -3
-4 -3
-4 -3
-4 -3
-4 -3
-4 -3
-4 -3
-4 -3
-4 -3
-4 -3
-4 -3
-4 -3
-4 -3
-3 -2
-3 -2
-3 -2
-3 -2
-3 -2
-3 -2
-3 -2
-3 -2
-3 -2
-3 -2
-3 -2
-3 -2
-3 -2
-3 -2
-3 -2
-3 -2
-3 -2
-3 -2
-3 -2
-3 -2
-3 -2
-3 -2
-3 -2
-3 -2
-3 -2
-3 -2
-3 -2
-3 -2
-3 -2
-3 -2
-3 -2
-3 -2
-3 -2
-3 -2
-3 -2
-3 -2
-3 -2
-3 -2
-3 -2
-3 -2
-3 -2
-3 -2
-3 -2
-3 -2
-3 -2
-3 -2
-3 -2
-3 -2
-3 -2
-3 -2
-3 -2
-3 -2
-3 -2
-3 -2
-3 -2
-3 -2
-3 -2
-3 -2
-3 -2
-3 -2
-3 -2
-3 -2
-3 -2
-3 -2
-3 -2
-3 -2
-3 -2
-3 -2
-3 -2
-3 -2
-3 -2
-3 -2
-3 -2
-3 -2
-3 -2
-3 -2
-3 -2
-3 -2
-3 -2
-3 -2
-3 -2
-3 -2
-3 -2
-3 -2
-3 -2
-3 -2
-3 -2
-3 -2
-3 -2
-3 -2
-3 -2
-3 -2
-3 -2
-3 -2
-3 -2
-3 -2
-3 -2
-3 -2
-3 -2
-3 -2
-3 -2
-3 -2
-3 -2
-3 -2
-3 -2
-3 -2
-3 -2
-3 -2
-3 -2
-3 -2
-3 -2
-3 -2
-3 -2
-3 -2
-3 -2
-3 -2
-3 -2
-3 -2
-3 -2
-3 -2
-2 -4
-2 -4
-4 -4
-4 -4
-4 -4
-4 -4
-4 -4
-4 -4
-4 -4
-4 -4
-4 -4
-4 -4
-4 -4
-4 -4
-4 -4
-4 -4
-4 -4
-4 -4
-4 -4
-4 -4
-4 -4
-4 -4
-4 -4
-5 -4
-5 -4
-5 -4
-5 -4
-5 -4
-5 -4
-5 -4
-5 -4
-5 -4
-5 -4
-5 -4
-5 -4
-5 -4
-5 -4
-5 -4
-5 -4
-5 -4
-5 -4
-5 -4
-5 -4
-5 -4
-5 -4
-5 -4
-5 -4
-5 -4
-5 -4
-5 -4
-5 -4
-5 -4
-5 -4
-5 -4
-5 -4
-5 -4
-5 -4
-5 -4
-5 -4
-5 -4
-5 -4
-5 -4
-5 -4
-5 -4
-5 -4
-5 -4
-5 -4
-5 -4
-5 -4
-5 -4
-5 -4
-5 -4
-5 -4
-5 -4
-5 -4
-5 -4
-5 -4
-5 -4
-5 -4
-5 -4
-5 -4
-5 -4
-5 -4
-5 -4
-5 -4
-5 -4
-5 -4
-5 -4
-5 -4
-5 -4
-5 -4
-5 -4
-5 -4
-5 -4
-5 -4
-5 -4
-5 -4
-5 -4
-5 -4
-5 -4
-5 -4
-5 -4
-5 -4
-5 -4
-5 -4
-5 -4
-5 -4
-5 -4
-5 -4
-5 -4
-5 -4
-5 -4
-5 -4
-5 -4
-5 -4
-5 -4
-5 -4
-5 -4
-6 -6
-12 -9
-12 -9
-12 -9
-12 -9
-12 -9
-12 -9
-12 -9
-12 -9
-12 -9
-12 -9
-12 -9
-12 -9
-12 -9
-12 -9
-12 -9
-12 -9
-12 -9
-12 -9
-12 -9
-12 -9
-12 -9
-12 -9
-12 -9
-12 -9
-12 -9
-12 -9
-12 -9
-12 -9
-12 -9
-12 -9
-12 -9
-12 -9
-12 -9
-12 -9
-12 -9
-12 -9
-12 -9
-12 -9
-12 -9
-12 -9
-12 -9
-12 -9
-12 -9
-12 -9
-12 -9
-12 -9
-12 -9
-12 -9
-12 -9
-12 -9
-12 -9
-12 -9
-12 -9
-12 -9
-12 -9
-12 -9
-12 -9
-12 -9
-12 -9
-12 -9
-12 -9
-12 -9
-12 -9
-12 -9
-12 -9
-12 -9
-12 -9
-13 -9
-12 -9
-12 -9
-12 -9
-12 -9
-12 -9
-12 -9
-12 -9
-12 -9
-12 -9
-12 -9
-12 -9
-12 -9
-12 -9
-12 -9
-12 -9
-12 -9
-12 -9
-10 -11
-10 -11
-10 -11
-10 -11
-10 -11
-10 -11
-10 -11
-10 -11
-10 -11
-10 -11
-10 -11
-10 -11
-10 -11
-10 -11
-10 -11
-10 -11
-10 -11
-10 -11
-10 -11
-10 -11
-10 -11
-10 -11
-10 -11
-10 -11
-10 -11
-10 -11
-10 -11
-10 -11
-10 -11
-10 -11
-10 -11
-10 -11
-10 -11
-10 -11
-10 -11
-10 -11
-10 -11
-10 -11
-10 -11
-10 -11
-10 -11
-10 -11
-10 -11
-10 -11
-9 -13
-9 -13
-9 -13
-9 -13
-9 -13
-9 -13
-9 -13
-9 -13
-9 -13
-9 -13
-9 -13
-9 -13
-9 -13
-9 -13
-9 -13
-9 -13
-9 -13
-9 -13
-9 -13
-9 -13
-9 -13
-9 -13
-9 -13
-9 -13
-9 -13
-9 -13
-9 -13
-9 -13
-9 -13
-9 -13
-9 -13
-9 -13
-9 -13
-9 -13
-9 -13
-9 -13
-9 -13
-9 -13
-9 -13
-9 -13
-9 -13
-9 -13
-9 -13
-9 -13
-9 -13
-9 -13
-9 -13
-8 -11
-8 -11
-8 -11
-8 -11
-8 -11
-8 -11
-8 -11
-8 -11
-8 -11
-8 -11
-8 -11
-8 -11
-8 -11
-8 -11
-8 -11
-8 -11
-8 -11
-8 -11
-8 -11
-8 -11
-8 -11
-8 -11
-8 -11
-8 -11
-8 -11
-8 -11
-8 -11
-8 -11
-8 -11
-8 -11
-8 -11
-8 -11
-8 -11
-8 -11
-8 -11
-8 -11
-8 -11
-8 -11
-8 -11
-8 -11
-8 -11
-8 -11
-8 -11
-8 -11
-8 -11
-8 -11
-8 -11
-8 -11
-8 -11
-8 -11
-8 -11
-8 -11
-8 -11
-8 -11
-8 -11
-8 -11
-8 -11
-8 -11
-8 -11
-8 -11
-8 -11
-8 -11
-8 -11
-8 -11
-8 -11
-8 -11
-8 -11
-8 -11
-8 -11
-8 -11
-8 -11
-8 -11
-8 -11
-8 -11
-6 -12
-6 -12
-6 -12
-6 -12
-6 -12
-6 -12
-6 -12
-6 -12
-6 -12
-6 -12
-6 -12
-6 -12
-6 -12
-6 -12
-6 -12
-6 -12
-6 -12
-6 -12
-6 -12
-6 -12
-6 -12
-6 -12
-6 -12
-4 -12
-4 -12
-4 -12
-4 -12
-4 -12
-4 -12
-4 -12
-4 -12
-4 -12
-4 -12
-4 -12
-4 -12
-4 -12
-4 -12
-4 -12
-4 -12
-4 -12
-4 -12
-4 -12
-4 -12
-4 -12
-6 -10
-6 -10
-6 -10
-6 -10
-6 -10
-6 -10
-6 -10
-6 -10
-6 -10
-6 -10
-6 -10
-6 -10
-6 -10
-6 -10
-6 -10
-6 -10
-6 -10
-6 -10
-6 -10
-6 -10
-6 -10
-4 -9
-4 -9
-4 -9
-4 -9
-4 -9
-4 -9
-4 -9
-4 -9
-4 -9
-4 -9
-4 -9
-4 -9
-4 -9
-4 -9
-4 -9
-4 -9
-4 -9
-4 -9
-4 -9
-4 -9
-4 -9
-4 -9
-4 -9
-4 -9
-4 -9
-4 -9
-4 -9
-4 -9
-4 -9
-4 -9
-4 -9
-4 -9
-4 -9
-4 -9
-4 -9
-4 -9
-4 -9
-4 -9
-4 -9
-4 -9
-4 -9
-4 -9
-4 -9
-4 -9
-4 -9
-4 -9
-4 -9
-4 -9
-4 -9
-4 -9
-4 -9
-4 -9
-4 -9
-4 -9
-4 -9
-4 -9
-4 -9
-4 -9
-4 -9
-4 -9
-4 -9
-4 -9
-4 -9
-4 -9
-4 -9
-7 -8
-6 -9
-6 -9
-6 -9
-6 -9
-6 -9
-6 -9
-6 -9
-6 -9
-6 -9
-6 -9
-6 -9
-6 -9
-6 -9
-6 -9
-6 -9
-6 -9
-6 -9
-6 -9
-6 -9
-6 -9
-6 -9
-6 -9
-6 -9
-6 -9
-6 -9
-6 -9
-6 -9
-6 -9
-6 -9
-6 -9
-6 -9
-6 -9
-5 -7
-5 -7
-5 -7
-5 -7
-5 -7
-5 -7
-5 -7
-5 -7
-5 -7
-5 -7
-5 -7
-5 -7
-6 -8
-6 -8
-6 -8
-6 -8
-6 -8
-6 -8
-6 -8
-6 -8
-6 -8
-6 -8
-6 -8
-6 -8
-6 -8
-6 -8
-4 -7
-4 -7
-4 -7
-4 -7
-4 -7
-4 -7
-4 -7
-4 -7
-4 -7
-4 -7
-4 -7
-4 -7
-4 -7
-4 -7
-4 -7
-4 -7
-4 -7
-4 -7
-4 -7
-4 -7
-4 -7
-4 -7
-4 -7
-4 -7
-4 -7
-4 -7
-4 -7
-4 -7
-4 -7
-4 -7
-4 -7
-4 -7
-4 -7
-4 -7
-4 -7
-4 -7
-4 -7
-4 -7
-4 -7
-4 -7
-4 -7
-4 -7
-4 -7
-4 -7
-4 -7
-4 -7
-4 -7
-4 -7
-4 -7
-4 -7
-4 -7
-4 -7
-4 -7
-4 -7
-4 -7
-4 -7
-4 -7
-4 -7
-4 -8
-4 -8
-4 -8
-4 -8
-4 -8
-4 -8
-4 -8
-4 -8
-4 -8
-4 -8
-4 -8
-4 -8
-4 -8
-4 -8
-4 -8
-4 -8
-4 -8
-4 -8
-4 -8
-4 -8
-4 -8
-4 -8
-4 -8
-4 -8
-4 -8
-4 -8
-4 -8
-4 -8
-4 -8
-4 -8
-4 -8
-4 -8
-4 -8
-4 -8
-4 -8
-4 -8
-4 -8
-4 -8
-4 -8
-4 -8
-4 -8
-4 -8
-4 -8
-3 -9
-2 -8
-2 -8
-2 -8
-2 -8
-2 -8
-2 -8
-2 -8
-2 -8
-2 -8
-2 -8
-2 -8
-2 -8
-2 -8
-2 -8
-2 -8
-2 -8
-2 -8
-2 -8
-2 -8
-2 -8
-2 -8
-2 -8
-2 -8
-2 -8
-2 -8
-2 -8
-2 -8
-2 -8
-2 -8
-2 -8
-2 -8
-2 -8
-2 -8
-2 -8
-2 -8
-2 -8
-2 -8
-2 -8
-2 -8
-2 -8
-2 -8
-2 -8
-2 -8
-2 -8
-2 -8
-3 -7
-4 -7
-3 -6
-2 -4
-2 -4
-2 -4
-2 -4
-2 -4
-2 -4
-2 -4
-2 -4
-2 -4
-2 -4
-2 -4
-2 -4
-2 -4
-2 -4
-2 -4
-2 -4
-2 -4
-2 -4
-2 -4
-2 -4
-2 -4
-2 -4
-2 -4
-2 -4
-2 -4
-2 -4
-1 -3
-1 -3
-1 -3
-1 -3
-1 -3
-1 -3
-1 -3
-1 -3
-1 -3
-1 -3
-1 -3
-1 -3
-1 -3
-1 -3
-1 -2
-1 -2
-1 -2
-1 -2
-1 -2
-1 -2
-1 -2
-1 -2
-1 -2
-1 -2
-1 -2
-1 -2
-1 -2
-1 -2
-1 -2
-1 -2
-1 -2
-1 -2
-1 -2
-1 -2
-1 -2
-1 -2
-1 -2
-1 -2
-1 -2
-1 -2
-1 -2
-1 -2
-1 -2
-1 -2
-1 -2
0 -2
0 -2
0 -2
0 -2
0 -2
0 -2
0 -2
0 -2
0 -2
0 -2
0 -2
0 -2
0 -2
0 -2
0 -2
0 -2
0 -2
-1 -1
-1 -1
-1 -1
-1 -1
-1 -1
-1 -1
-1 -1
-1 -1
-1 -1
-1 -1
-1 -1
-1 -1
-1 -1
-1 -1
-1 -1
-1 -1
-1 -1
-1 -1
-1 -1
-1 -1
-1 -1
-1 -1
-1 -1
-1 -1
-1 -1
-1 -1
-1 -1
-1 -1
-1 -1
-1 -1
0 -1
0 -1
0 -1
0 -1
0 -1
0 -1
0 -1
0 -1
0 -1
0 -1
0 -1
0 -1
0 -1
0 -1
0 -1
0 -1
0 -1
0 -1
0 -1
0 -1
0 -1
0 -1
0 -1
0 -1
0 -1
0 -1
0 -1
0 -1
0 -1
0 -1
0 -1
0 -1
0 -1
0 -1
0 -1
0 -1
0 -1
0 -1
0 -1
0 -1
0 -1
0 -1
0 -1
0 -1
0 -1
0 -1
0 -1
0 -1
0 -1
0 -1
0 -1
-1 0
-1 0
-1 0
-1 0
-1 0
-1 0
-1 0
-1 0
-1 0
-1 0
-1 0
-1 0
-1 0
-1 0
-1 0
-1 0
-1 0
-1 0
-1 0
-1 0
-1 0
-1 0
-1 0
-1 0
-1 0
-1 0
0 -1
0 -1
0 -1
0 -1
0 -1
0 -1
0 -1
0 -1
0 -1
0 -1
0 -1
0 -1
0 -1
0 -1
0 -1
0 -1
0 -1
0 -1
0 -1
0 -1
0 -1
0 -1
0 -1
0 -1
0 -1
0 -1
0 -1
0 -1
0 -1
0 -1
0 -1
0 -1
0 -1
0 -1
-1 -1
-1 -1
-1 -1
-1 -1
-1 -1
-1 -1
-1 -1
-1 -1
-1 -1
-1 -1
-1 -1
-1 -1
-1 -1
-1 -1
-1 -1
-1 -1
-1 -1
-1 -1
-1 -1
-1 -1
-1 -1
-1 -1
-1 -1
-1 -1
-1 -1
-1 -1
-1 -1
-1 -1
-1 -1
-1 -1
-1 -1
-1 -1
-1 -1
-1 -1
-1 -1
-1 -1
-1 -1
-1 -1
-1 -1
-1 -1
-1 -1
-1 -1
-1 -1
-1 -1
-1 -1
-1 -1
-1 -1
-1 -1
-1 -1
-1 -1
-1 -1
-1 -1
-1 -1
-1 -1
-1 -1
0 -1
0 -1
0 -1
0 -1
0 -1
0 -1
0 -1
0 -1
0 -1
0 -1
0 -1
0 -1
0 -1
0 -1
0 -1
0 -1
0 -1
0 -1
0 -1
0 -1
0 -1
0 -1
0 -1
0 -1
0 -1
0 -1
0 -1
0 -1
0 -1
0 -1
0 -1
0 -1
0 -1
0 -1
0 -1
0 -1
0 -1
0 -1
0 -1
0 -1
0 -1
0 -1
0 -1
0 -1
0 -1
0 -1
0 -1
0 -1
0 -1
0 -1
0 -1
-1 -1
-1 -1
-1 -1
-1 -1
-1 -1
-1 -1
-1 -1
-1 -1
-1 -1
-1 -1
-1 -1
-1 -1
-1 -1
-1 -1
-1 -1
-1 -1
-1 -1
-1 -1
-1 -1
-1 -1
-1 -1
-1 -1
-1 -1
-1 -1
-1 -1
-1 -1
-1 -1
-1 -1
-1 -1
-1 -1
-1 -1
-1 -1
-1 -1
-1 -1
-1 -1
-1 -1
-1 -1
-1 -1
-1 -1
-1 -1
-1 -1
-1 -1
-1 -1
-1 -1
-1 -1
-1 -1
-1 -1
-1 -1
-1 -1
-1 -1
-1 -1
-1 -1
-1 -1
-1 -1
-1 -1
-1 -1
-1 -1
-1 -1
-1 -1
-1 -1
-1 -1
-1 -1
-1 -1
-1 -1
-1 -1
-1 -1
-1 -1
-1 -1
-1 -1
-1 -1
-1 -1
-1 -1
-1 -1
-1 -1
-1 -1
-1 -1
-1 -1
-1 -1
-1 -1
-1 -1
-1 -1
-1 -1
-1 -1
-1 -1
-1 -1
-1 -1
-1 -1
-1 -1
-1 -1
-1 -1
-1 -1
-1 -1
-1 -1
-1 -1
-1 -1
-1 -1
-1 -1
-1 -1
-1 -1
-1 -1
-1 -1
-1 -1
-1 -1
-1 -1
-1 -1
-1 -1
-1 -1
-1 -1
-1 -1
-1 -1
-1 -1
-1 -1
-1 -1
-1 -1
-1 -1
-1 -1
-1 -1
-1 -1
-1 -1
-1 -1
-1 -1
-1 -1
-1 -1
-1 -1
-1 -1
-1 -1
-1 -1
-1 -1
-1 -1
-1 -1
-1 -1
-1 -1
-1 -1
-1 -1
-1 -1
-1 -1
-1 -1
-1 -1
-1 -1
-1 -1
-1 -1
-1 -1
-1 -1
-1 -1
-1 -1
-1 -1
-1 -1
-1 -1
-1 -1
-1 -1
-1 -1
-1 -1
-1 -1
-1 -1
-1 -1
-1 -1
-1 -1
-1 -1
-1 -1
-1 -1
-1 -1
-1 -1
-1 -1
-1 -1
-1 -1
-1 -1
-1 -1
-1 -1
-1 -1
-1 -1
-1 -1
-1 -1
-1 -1
-1 -1
-1 -1
-1 -1
-1 -1
-1 -1
-1 -1
-1 -1
-1 -1
-1 -1
-1 -1
-1 -1
-1 -1
-1 -1
-1 -1
-1 -1
-1 -1
-1 -1
-1 -1
-1 -1
-1 -1
-1 -1
-1 -1
-1 -1
-1 -1
-1 -1
-1 -1
-1 -1
-1 -1
-1 -1
-1 -1
-1 -1
-1 -1
-1 -1
-1 -1
-1 -1
-1 -1
-1 -1
-1 -1
-1 -1
-1 -1
-1 -1
-1 -1
-1 -1
-1 -1
-1 -1
-1 -1
-1 -1
-1 -1
-1 -1
-1 -1
-1 -1
-1 -1
-1 -1
-1 -1
-1 -1
-1 -1
-1 -1
-1 -1
-1 -1
-1 -1
-1 -1
-1 -1
-1 -1
-1 -1
-1 -1
-1 -1
-1 -1
-1 -1
-1 -1
-1 -1
-1 -1
-1 -1
-1 -1
-1 -1
-1 -1
-1 -1
-1 -1
-1 -1
-1 -1
-1 -1
-1 -1
-1 -1
-1 -1
-1 -1
-1 -1
-1 -1
-1 -1
-1 -1
-1 -1
-1 -1
-1 -1
-1 -1
-1 -1
-1 -1
-1 -1
-1 -1
-1 -1
-1 -1
-1 -1
-1 -1
-1 -1
-1 -1
-1 -1
-1 -1
-1 -1
-1 -1
-1 -1
-1 -1
-1 -1
-1 -1
-1 -1
-1 -1
-1 -1
-1 -1
-1 -1
-1 -1
-1 -1
-1 -1
-1 -1
-1 -1
-1 -1
-1 -1
-1 -1
-1 -1
-1 -1
-1 -1
-1 -1
-1 -1
-1 -1
-1 -1
-1 -1
-1 -1
-1 -1
-1 -1
-1 -1
-1 -1
-1 -1
-1 -1
-1 -1
-1 -1
-1 -1
-1 -1
-1 -1
-1 -1
-1 -1
-1 -1
-1 -1
-1 -1
-1 -1
-1 -1
-1 -1
-1 -1
-1 -1
-1 -1
-1 -1
-1 -1
-1 -1
-1 -1
-1 -1
-1 -1
-1 -1
-1 -1
-1 -1
-1 -1
-1 -1
-1 -1
-1 -1
-1 -1
-1 -1
-1 -1
-1 -1
-1 -1
-1 -1
-1 -1
-1 -1
-1 -1
-1 -1
-1 -1
-1 -1
-1 -1
-1 -1
-1 -1
-1 -1
-1 -1
-1 -1
-1 -1
-1 -1
-1 -1
-1 -1
-1 -1
-1 -1
-1 -1
-1 -1
-1 -1
-1 -1
-1 -1
-1 -1
-1 -1
-1 -1
-1 -1
-1 -1
-1 -1
-1 -1
-1 -1
-1 -1
-1 -1
-1 -1
-1 -1
-1 -1
-1 -1
-1 -1
-1 -1
-1 -1
-1 -1
-1 -1
-1 -1
-1 -1
-1 -1
-1 -1
-1 -1
-1 -1
-1 -1
-1 -1
-1 -1
-1 -1
-1 -1
-1 -1
-1 -1
-1 -1
-1 -1
-1 -1
-1 -1
-1 -1
-1 -1
-1 -1
-1 -1
-1 -1
-1 -1
-1 -1
-1 -1
-1 -1
-1 -1
-1 -1
-1 -1
-1 -1
-1 -1
-1 -1
-1 -1
-1 -1
-1 -1
-1 -1
-1 -1
-1 -1
-1 -1
-1 -1
-1 -1
-1 -1
-1 -1
-1 -1
-1 -1
-1 -1
-1 -1
-1 -1
-1 -1
-1 -1
-1 -1
-1 -1
-1 -1
-1 -1
-1 -1
-1 -1
-1 -1
-1 -1
-1 -1
-1 -1
-1 -1
-1 -1
-1 -1
-1 -1
-1 -1
-1 -1
-1 -1
-1 -1
-1 -1
-1 -1
-1 -1
-1 -1
-1 -1
-1 -1
-1 -1
-1 -1
-1 -1
-1 -1
-1 -1
-1 -1
-1 -1
-1 -1
-1 -1
-1 -1
-1 -1
-1 -1
-1 -1
-1 -1
-1 -1
-1 -1
-1 -1
-1 -1
-1 -1
-1 -1
-1 -1
-1 -1
-1 -1
-1 -1
-1 -1
-1 -1
-1 -1
-1 -1
-1 -1
-1 -1
-1 -1
-1 -1
-1 -1
-1 -1
-1 -1
-1 -1
-1 -1
-1 -1
-1 -1
-1 -1
-1 -1
-1 -1
-1 -1
-1 -1
-1 -1
-1 -1
-1 -1
-1 -1
-1 -1
-1 -1
-1 -1
-1 -1
-1 -1
-1 -1
-1 -1
-1 -1
-1 -1
-1 -1
-1 -1
-1 -1
-1 -1
-1 -1
-1 -1
-1 -1
-1 -1
-1 -1
-1 -1
-1 -1
-1 -1
-1 -1
-1 -1
-1 -1
-1 -1
-1 -1
-1 -1
-1 -1
-1 -1
-1 -1
-1 -1
-1 -1
-1 -1
-1 -1
-1 -1
-1 -1
-1 -1
-1 -1
-1 -1
-1 -1
-1 -1
-1 -1
-1 -1
-1 -1
-1 -1
-1 -1
-1 -1
-1 -1
-1 -1
-1 -1
-1 -1
-1 -1
-1 -1
-1 -1
-1 -1
-1 -1
-1 -1
-1 -1
-1 -1
-1 -1
-1 -1
-1 -1
-1 -1
-1 -1
-1 -1
-1 -1
-1 -1
-1 -1
-1 -1
-1 -1
-1 -1
