-4 0
-10 -1
-12 -3
-9 -3
-12 -2
-10 -4
-10 -4
-10 -3
-12 -3
-12 -3
-12 -3
-12 -3
-12 -3
-12 -3
-12 -3
-12 -3
-12 -3
-12 -3
-12 -3
-12 -3
-12 -3
-12 -3
-12 -3
-12 -3
-12 -3
-12 -3
-12 -3
-12 -3
-12 -3
-12 -3
-12 -3
-12 -3
-12 -3
-12 -3
-12 -3
-12 -3
-12 -3
-12 -3
-12 -3
-12 -3
-12 -3
-12 -3
-11 -3
-11 -4
-11 -4
-11 -4
-11 -4
-11 -4
-11 -4
-11 -4
-11 -4
-11 -4
-11 -4
-11 -4
-11 -4
-11 -4
-11 -4
-11 -4
-11 -4
-11 -4
-11 -4
-11 -4
-11 -4
-11 -4
-11 -4
-11 -4
-11 -4
-11 -4
-11 -4
-11 -4
-11 -4
-11 -4
-11 -4
-11 -4
-11 -4
-11 -4
-13 -5
-13 -5
-13 -5
-13 -5
-13 -5
-13 -5
-13 -5
-13 -5
-13 -5
-13 -5
-13 -5
-13 -5
-13 -5
-13 -5
-13 -5
-13 -5
-13 -5
-13 -5
-13 -5
-13 -5
-12 -7
-12 -7
-12 -7
-12 -7
-12 -7
-12 -7
-12 -7
-12 -7
-12 -7
-12 -7
-12 -7
-12 -7
-12 -7
-12 -7
-12 -7
-12 -7
-12 -7
-12 -7
-12 -7
-12 -7
-12 -7
-12 -7
-12 -7
-12 -7
-12 -7
-12 -7
-12 -7
-12 -7
-12 -7
-12 -7
-12 -7
-12 -7
-12 -7
-12 -7
-12 -7
-12 -7
-12 -7
-12 -7
-12 -7
-12 -7
-12 -7
-12 -7
-12 -7
-12 -7
-12 -7
-12 -7
-12 -7
-12 -7
-12 -7
-12 -7
-12 -7
-12 -7
-12 -7
-12 -7
-12 -7
-12 -7
-12 -7
-12 -7
-12 -7
-12 -7
-12 -7
-12 -7
-12 -7
-12 -7
-12 -7
-12 -7
-12 -7
-12 -7
-12 -7
-12 -7
-12 -7
-12 -7
-12 -7
-12 -7
-12 -7
-12 -7
-12 -7
-12 -7
-12 -7
-12 -7
-12 -7
-12 -7
-12 -7
-12 -7
-12 -7
-12 -7
-12 -7
-10 -7
-10 -7
-8 -8
-8 -8
-8 -8
-8 -8
-8 -8
-8 -8
-8 -8
-8 -8
-8 -8
-8 -8
-8 -8
-8 -8
-8 -8
-8 -8
-8 -8
-8 -8
-8 -8
-8 -8
-8 -8
-8 -8
-8 -8
-8 -8
-8 -8
-8 -8
-8 -8
-8 -8
-8 -8
-8 -8
-8 -8
-8 -8
-8 -8
-8 -8
-8 -8
-8 -8
-8 -8
-8 -8
-8 -8
-8 -8
-8 -8
-8 -8
-8 -8
-8 -11
-8 -11
-8 -11
-8 -11
-8 -11
-8 -11
-8 -11
-8 -11
-8 -11
-8 -11
-8 -11
-8 -11
-8 -11
-8 -11
-8 -11
-8 -11
-8 -11
-8 -11
-8 -11
-8 -11
-8 -11
-8 -11
-8 -11
-7 -11
-7 -11
-7 -11
-7 -11
-7 -11
-7 -11
-7 -11
-7 -11
-7 -11
-7 -11
-7 -11
-7 -11
-7 -11
-7 -11
-7 -11
-7 -11
-7 -11
-7 -11
-7 -11
-7 -11
-7 -11
-7 -11
-7 -11
-7 -11
-7 -11
-7 -11
-7 -11
-7 -11
-7 -11
-7 -11
-7 -11
-7 -11
-7 -11
-7 -11
-7 -11
-7 -11
-7 -11
-7 -11
-7 -11
-7 -11
-7 -11
-7 -11
-7 -11
-7 -11
-7 -11
-7 -11
-7 -11
-7 -11
-7 -11
-7 -11
-7 -11
-7 -11
-7 -11
-7 -11
-7 -11
-7 -11
-7 -11
-7 -11
-7 -11
-7 -11
-7 -11
-7 -11
-7 -11
-7 -11
-7 -11
-7 -11
-7 -11
-7 -11
-7 -11
-7 -11
-7 -11
-4 -12
-4 -12
-4 -12
-4 -12
-4 -12
-4 -12
-4 -12
-4 -12
-4 -12
-4 -12
-4 -12
-4 -12
-4 -12
-4 -12
-4 -12
-4 -12
-4 -12
-4 -12
-4 -12
-4 -12
-4 -12
-4 -12
-4 -12
-4 -12
-4 -12
-4 -12
-4 -12
-4 -12
-4 -12
-4 -12
-4 -12
-4 -12
-4 -12
-4 -12
-4 -12
-4 -12
-4 -12
-4 -12
-4 -12
-4 -12
-6 -13
-6 -13
-6 -13
-6 -13
-6 -13
-6 -13
-6 -13
-6 -13
-6 -13
-6 -13
-6 -13
-6 -13
-6 -13
-6 -13
-6 -13
-6 -13
-6 -13
-6 -13
-6 -13
-6 -13
-6 -13
-6 -13
-6 -13
-6 -13
-6 -13
-6 -13
-6 -13
-6 -13
-6 -13
-6 -13
-6 -13
-6 -13
-6 -13
-6 -13
-6 -13
-6 -13
-6 -13
-6 -13
-6 -13
-6 -13
-6 -12
-6 -11
-6 -11
-7 -12
-7 -12
-7 -12
-7 -12
-7 -12
-7 -12
-7 -12
-7 -12
-7 -12
-7 -12
-7 -12
-7 -12
-7 -12
-7 -12
-7 -12
-7 -12
-7 -12
-7 -12
-7 -12
-7 -12
-7 -12
-7 -12
-7 -12
-7 -12
-7 -12
-7 -12
-7 -12
-7 -12
-7 -12
-7 -12
-7 -12
-7 -12
-7 -12
-7 -12
-7 -12
-7 -12
-7 -12
-7 -12
-7 -12
-7 -12
-5 -10
-5 -10
-5 -10
-5 -10
-5 -10
-5 -10
-5 -10
-5 -10
-5 -10
-5 -10
-5 -10
-5 -10
-5 -10
-5 -10
-5 -10
-5 -10
-5 -10
-5 -10
-5 -10
-5 -10
-5 -10
-5 -10
-5 -10
-5 -10
-5 -10
-5 -10
-5 -10
-5 -10
-5 -10
-5 -10
-5 -10
-5 -10
-5 -10
-5 -10
-5 -10
-5 -10
-5 -10
-5 -10
-5 -10
-5 -10
-5 -10
-5 -10
-5 -10
-5 -10
-5 -10
-5 -10
-5 -10
-5 -10
-5 -10
-5 -10
-5 -10
-5 -10
-5 -10
-5 -10
-7 -14
-7 -12
-7 -12
-7 -12
-7 -12
-7 -12
-7 -12
-7 -12
-7 -12
-7 -12
-7 -12
-7 -12
-7 -12
-7 -12
-7 -12
-7 -12
-7 -12
-7 -12
-7 -12
-7 -12
-7 -12
-7 -12
-7 -12
-7 -12
-7 -12
-7 -12
-7 -12
-7 -12
-7 -12
-7 -12
-7 -12
-7 -12
-7 -12
-7 -12
-7 -12
-7 -12
-7 -12
-7 -12
-7 -12
-7 -12
-7 -12
-7 -12
-7 -12
-7 -12
-7 -12
-7 -12
-7 -12
-7 -12
-7 -12
-7 -12
-7 -15
-7 -15
-7 -15
-7 -15
-7 -15
-7 -15
-7 -15
-7 -15
-7 -15
-7 -15
-7 -15
-7 -15
-7 -15
-7 -15
-7 -15
-7 -15
-7 -15
-7 -15
-7 -15
-7 -15
-7 -15
-7 -15
-7 -15
-7 -15
-7 -15
-7 -15
-7 -15
-7 -15
-7 -15
-7 -15
-7 -15
-7 -15
-7 -15
-7 -15
-7 -15
-7 -15
-7 -15
-7 -15
-7 -15
-7 -15
-7 -15
-9 -15
-9 -15
-9 -15
-9 -15
-9 -15
-9 -15
-9 -15
-9 -15
-9 -15
-9 -15
-9 -15
-9 -15
-9 -15
-9 -15
-9 -15
-9 -15
-9 -15
-9 -15
-9 -15
-9 -15
-9 -15
-9 -15
-9 -15
-9 -15
-9 -15
-9 -15
-9 -15
-9 -15
-9 -15
-9 -15
-9 -15
-9 -15
-9 -15
-9 -15
-9 -15
-9 -15
-9 -15
-9 -15
-9 -15
-9 -15
-9 -15
-9 -15
-9 -15
-9 -15
-7 -13
-7 -13
-8 -11
-8 -11
-8 -11
-8 -11
-8 -11
-8 -11
-8 -11
-8 -11
-8 -11
-8 -11
-8 -11
-8 -11
-8 -11
-8 -11
-8 -11
-8 -11
-8 -11
-8 -11
-8 -11
-8 -11
-8 -11
-8 -11
-8 -11
-8 -11
-8 -11
-8 -11
-8 -11
-8 -11
-8 -11
-8 -11
-8 -11
-8 -11
-8 -11
-8 -11
-8 -11
-8 -11
-8 -11
-8 -11
-8 -11
-8 -11
-8 -11
-8 -11
-8 -11
-8 -11
-8 -11
-8 -10
-8 -10
-8 -10
-8 -10
-8 -10
-8 -10
-8 -10
-8 -10
-8 -10
-8 -10
-8 -10
-8 -10
-8 -10
-8 -10
-8 -10
-8 -10
-8 -10
-8 -10
-8 -10
-8 -10
-8 -10
-8 -10
-8 -10
-8 -10
-8 -10
-8 -10
-8 -10
-8 -10
-8 -10
-8 -10
-8 -10
-8 -10
-8 -10
-8 -10
-8 -10
-8 -10
-8 -10
-8 -10
-8 -10
-8 -10
-8 -10
-8 -10
-8 -10
-8 -9
-8 -9
-6 -9
-6 -9
-6 -9
-6 -9
-6 -9
-6 -9
-6 -9
-6 -9
-6 -9
-6 -9
-6 -9
-6 -9
-6 -9
-6 -9
-6 -9
-6 -9
-6 -9
-7 -7
-7 -7
-7 -7
-7 -7
-7 -7
-7 -7
-7 -7
-7 -7
-7 -7
-7 -7
-7 -7
-7 -7
-7 -7
-7 -7
-7 -7
-7 -7
-7 -7
-7 -7
-7 -7
-7 -7
-7 -7
-7 -7
-7 -7
-7 -7
-7 -7
-7 -7
-7 -7
-7 -7
-7 -7
-7 -7
-7 -7
-7 -7
-7 -7
-7 -7
-7 -7
-7 -7
-7 -7
-7 -7
-7 -7
-7 -7
-7 -7
-7 -7
-7 -7
-8 -8
-8 -8
-8 -8
-8 -8
-8 -8
-8 -8
-8 -8
-8 -8
-8 -8
-8 -8
-8 -8
-8 -8
-8 -8
-8 -8
-8 -8
-8 -8
-8 -8
-8 -8
-8 -8
-8 -8
-8 -8
-7 -6
-7 -6
-7 -6
-7 -6
-7 -6
-7 -6
-7 -6
-7 -6
-7 -6
-7 -6
-7 -6
-7 -6
-7 -6
-7 -6
-7 -6
-7 -6
-7 -6
-7 -6
-7 -6
-7 -6
-7 -6
-7 -6
-7 -6
-7 -6
-7 -6
-7 -6
-7 -6
-7 -6
-7 -6
-7 -6
-7 -6
-7 -6
-7 -6
-7 -6
-7 -6
-7 -6
-7 -6
-7 -6
-7 -6
-7 -6
-7 -6
-7 -6
-7 -6
-6 -8
-6 -8
-6 -8
-6 -8
-6 -8
-6 -8
-6 -8
-6 -8
-6 -8
-6 -8
-6 -8
-6 -8
-6 -8
-6 -8
-6 -8
-6 -8
-6 -8
-6 -8
-6 -8
-6 -8
-7 -6
-7 -6
-7 -6
-7 -6
-7 -6
-7 -6
-7 -6
-7 -6
-7 -6
-7 -6
-7 -6
-7 -6
-7 -6
-7 -6
-7 -6
-7 -6
-7 -6
-7 -6
-7 -6
-7 -6
-7 -6
-7 -6
-7 -6
-7 -6
-7 -6
-7 -6
-7 -6
-7 -6
-7 -6
-7 -6
-7 -6
-7 -6
-7 -6
-7 -6
-7 -6
-7 -6
-7 -6
-7 -6
-7 -6
-7 -6
-7 -6
-7 -6
-5 -8
-5 -8
-5 -8
-5 -8
-5 -8
-5 -8
-5 -8
-5 -8
-5 -8
-5 -8
-5 -8
-5 -8
-5 -8
-5 -8
-5 -8
-5 -8
-5 -8
-5 -8
-5 -8
-5 -8
-5 -8
-5 -8
-5 -8
-5 -8
-5 -8
-5 -8
-5 -8
-5 -8
-5 -8
-5 -8
-5 -8
-5 -8
-5 -8
-5 -8
-5 -8
-5 -8
-5 -8
-5 -8
-5 -8
-5 -8
-5 -8
-5 -8
-5 -8
-5 -8
-5 -8
-5 -8
-9 -7
-9 -7
-7 -6
-7 -6
-7 -6
-7 -6
-7 -6
-7 -6
-7 -6
-7 -6
-7 -6
-7 -6
-7 -6
-7 -6
-7 -6
-7 -6
-7 -6
-7 -6
-7 -6
-7 -6
-7 -6
-7 -6
-7 -6
-7 -6
-7 -6
-7 -6
-7 -6
-7 -6
-7 -6
-7 -6
-7 -6
-7 -6
-7 -6
-7 -6
-7 -6
-7 -6
-7 -6
-7 -6
-7 -6
-7 -6
-7 -6
-7 -6
-7 -6
-7 -6
-7 -6
-8 -5
-8 -5
-8 -5
-8 -5
-8 -5
-8 -5
-8 -5
-8 -5
-8 -5
-8 -5
-8 -5
-8 -5
-8 -5
-8 -5
-8 -5
-8 -5
-8 -5
-8 -5
-8 -5
-8 -5
-8 -5
-8 -5
-8 -5
-8 -5
-8 -5
-8 -5
-8 -5
-8 -5
-8 -5
-8 -5
-8 -5
-8 -5
-8 -5
-8 -5
-8 -5
-8 -5
-8 -5
-8 -5
-8 -5
-8 -5
-8 -5
-8 -5
-8 -5
-8 -5
-8 -5
-8 -5
-8 -5
-8 -5
-8 -5
-8 -4
-8 -4
-8 -4
-8 -4
-8 -4
-8 -4
-8 -4
-8 -4
-8 -4
-8 -4
-8 -4
-8 -4
-8 -4
-8 -4
-8 -4
-8 -4
-8 -4
-8 -4
-8 -4
-8 -4
-8 -4
-8 -4
-8 -4
-8 -4
-8 -4
-8 -4
-8 -4
-8 -4
-8 -4
-8 -4
-8 -4
-8 -4
-8 -4
-8 -4
-8 -4
-8 -4
-8 -4
-8 -4
-8 -4
-8 -4
-8 -4
-8 -4
-8 -4
-8 -4
-8 -4
-8 -4
-8 -4
-8 -4
-9 -4
-9 -4
-9 -3
-9 -3
-9 -3
-9 -3
-9 -3
-9 -3
-9 -3
-9 -3
-9 -3
-9 -3
-9 -3
-9 -3
-9 -3
-9 -3
-9 -3
-9 -3
-9 -3
-9 -3
-9 -3
-9 -3
-9 -3
-9 -3
-9 -3
-9 -3
-9 -3
-9 -3
-9 -3
-9 -3
-9 -3
-9 -3
-9 -3
-9 -3
-9 -3
-9 -3
-9 -3
-9 -3
-9 -3
-9 -3
-9 -3
-9 -3
-9 -3
-9 -3
-9 -3
-9 -3
-9 -3
-9 -3
-9 -3
-9 -3
-9 -3
-9 -3
-9 -3
-9 -3
-9 -3
-9 -3
-9 -3
-9 -3
-9 -3
-9 -3
-9 -3
-9 -3
-9 -3
-9 -3
-9 -3
-9 -3
-9 -3
-9 -3
-9 -3
-9 -3
-9 -3
-9 -3
-9 -4
-9 -4
-9 -4
-9 -4
-9 -4
-9 -4
-9 -4
-9 -4
-9 -4
-9 -4
-9 -4
-9 -4
-9 -4
-9 -4
-9 -4
-9 -4
-7 -2
-7 -2
-9 -3
-9 -3
-9 -3
-9 -3
-9 -3
-9 -3
-9 -3
-9 -3
-9 -3
-9 -3
-9 -3
-9 -3
-9 -3
-9 -3
-9 -3
-9 -3
-9 -3
-9 -3
-9 -3
-9 -3
-9 -3
-9 -3
-9 -3
-9 -3
-9 -3
-9 -3
-9 -3
-9 -3
-9 -3
-9 -3
-9 -3
-9 -3
-9 -3
-9 -3
-9 -3
-9 -1
-9 -1
-9 -1
-9 -1
-9 -1
-9 -1
-9 -1
-9 -1
-9 -1
-9 -1
-9 -1
-9 -1
-9 -1
-9 -1
-9 -1
-9 -1
-9 -1
-9 -1
-9 -1
-9 -1
-9 -1
-9 -1
-9 -1
-9 -1
-9 -1
-9 -1
-9 -1
-9 -1
-9 -1
-9 -1
-9 -1
-9 -1
-9 -1
-9 -1
-9 -1
-9 -1
-12 0
-12 0
-12 0
-12 0
-12 0
-12 0
-12 0
-12 0
-12 0
-12 0
-12 0
-12 0
-12 0
-12 0
-12 0
-12 0
-12 0
-12 0
-12 0
-12 0
-12 0
-12 0
-12 0
-12 0
-12 0
-12 0
-12 0
-12 0
-12 0
-12 0
-12 0
-12 0
-12 0
-12 0
-9 -2
-9 -2
-9 -2
-9 -2
-9 -2
-9 -2
-9 -2
-9 -2
-9 -2
-9 -2
-9 -2
-9 -2
-9 -2
-9 -2
-9 -2
-9 -2
-9 -2
-9 -2
-9 -2
-9 -2
-9 -2
-8 -2
-8 -2
-8 -2
-8 -2
-8 -2
-8 -2
-8 -2
-8 -2
-8 -2
-8 -2
-8 -2
-8 -2
-8 -2
-8 -2
-8 -2
-8 -2
-8 -2
-8 -2
-7 -1
-7 -1
-7 -1
-7 -1
-7 -1
-7 -1
-7 -1
-7 -1
-7 -1
-7 -1
-7 -1
-7 -1
-7 -1
-7 -1
-7 -1
-7 -1
-7 -1
-7 -1
-7 -1
-7 -1
-7 -1
-7 -1
-7 -1
-7 -1
-7 -1
-7 -1
-7 -1
-7 -1
-7 -1
-7 -1
-7 -1
-7 -1
-7 -1
-7 -1
-7 -1
-7 -1
-7 -1
-7 -1
-7 -1
-7 -1
-7 -1
-7 -1
-6 -2
-6 -2
-6 -2
-6 -2
-6 -2
-6 -2
-6 -2
-6 -2
-6 -2
-6 -2
-6 -2
-6 -2
-6 -2
-6 -2
-6 -2
-6 -2
-6 -2
-6 -2
-6 -2
-6 -2
-6 -2
-6 -2
-6 -2
-6 -2
-6 -2
-6 -2
-6 -2
-6 -2
-6 -2
-6 -2
-6 -2
-6 -2
-6 -2
-6 -2
-6 -2
-6 -2
-6 -2
-6 -2
-6 -2
-6 0
-6 0
-6 0
-6 0
-6 0
-6 0
-6 0
-6 0
-6 0
-6 0
-6 0
-6 0
-6 0
-6 0
-6 0
-6 0
-6 0
-6 0
-6 0
-6 0
-6 0
-6 0
-6 0
-6 0
-6 0
-8 -1
-8 -1
-8 -1
-8 -1
-8 -1
-8 -1
-8 -1
-8 -1
-8 -1
-8 -1
-8 -1
-8 -1
-8 -1
-8 -1
-8 -1
-8 -1
-8 -1
-8 -1
-8 -1
-8 -1
-8 -1
-8 -1
-8 -1
-8 -1
-8 -1
-8 -1
-8 -1
-8 -1
-8 -1
-8 -1
-8 -1
-8 -1
-8 -1
-8 -1
-8 -1
-8 -1
-8 -1
-8 -1
-8 -1
-8 -1
-8 -1
-8 -1
-8 -1
-8 -1
-8 -1
-8 -1
-8 -1
-8 -1
-8 -1
-8 -1
-8 -1
-8 -1
-8 -1
-8 -1
-8 -1
-8 -1
-8 -1
-8 -1
-8 -1
-8 -1
-8 -1
-8 -1
-8 -1
-8 -1
-8 -1
-8 -1
-8 -1
-8 -1
-8 -1
-8 -1
-8 -1
-8 -1
-8 -1
-8 -1
-8 -1
-8 -1
-8 -1
-8 -1
-8 -1
-8 -1
-8 -1
-8 -1
-8 -1
-8 -1
-8 -1
-8 -1
-8 -1
-8 -1
-8 -1
-8 -1
-8 -1
-8 -1
-8 -1
-8 -1
-7 -1
-7 -1
-7 -1
-7 -1
-7 -1
-7 -1
-7 -1
-7 -1
-7 -1
-7 -1
-7 -1
-7 -1
-7 -1
-7 -1
-7 -1
-7 -1
-7 -1
-4 -1
-4 -1
-4 -1
-4 -1
-4 -1
-4 -1
-4 -1
-4 -1
-4 -1
-4 -1
-4 -1
-4 -1
-4 -1
-4 -1
-4 -1
-4 -1
-4 -1
-4 -1
-4 -1
-4 -1
-4 -1
-4 -1
-4 -1
-4 -1
-4 -1
-4 -1
-4 -1
-4 -1
-4 -1
-4 -1
-4 -1
-4 -1
-4 -1
-4 -1
-4 -1
-4 -1
-4 -1
-4 -1
-4 -1
-2 -1
-2 -1
-2 -1
-1 0
-1 0
-1 0
-1 0
-1 0
-1 0
-1 0
-1 0
-1 0
-1 0
-1 0
-1 0
-1 0
-1 0
-1 0
-1 0
-1 0
-1 0
-1 0
-1 0
-1 0
-1 0
-1 0
-1 0
-1 0
-1 0
-1 0
-1 0
-1 0
-1 0
-1 0
-1 0
-1 0
-1 0
-1 0
-1 0
-1 0
-1 0
-1 0
-1 0
-1 0
-1 0
-1 0
-1 0
-1 0
-1 0
-1 0
-1 0
-1 0
-1 0
-1 0
-1 0
-1 0
-1 0
-1 0
-1 0
-1 0
-1 0
-1 0
-1 0
-1 0
-1 0
-1 0
-1 0
-1 0
-1 0
-1 0
-1 0
-1 0
-1 0
-1 0
-1 0
-1 0
-1 0
-1 0
-1 0
-1 0
-1 0
-1 0
-1 0
-1 0
-1 0
-1 0
-1 0
-1 0
-1 0
-1 0
-1 0
-1 0
-1 0
-1 0
-1 0
-1 0
-1 0
-1 0
-1 0
-1 0
-1 0
-1 0
-1 0
-1 0
-1 0
-1 0
-1 0
-1 0
-1 0
-1 0
-1 0
-1 0
-1 0
-1 0
-1 0
-1 0
-1 0
-1 0
-1 0
-1 0
-1 0
-1 0
-1 0
-1 0
-1 0
-1 0
-1 0
-1 0
-1 0
-1 0
-1 0
-1 0
-1 0
-1 0
-1 0
-1 0
-1 0
-1 0
-1 0
-1 0
-1 0
-1 0
-1 0
-1 0
-1 0
-1 0
-1 0
-1 0
-1 0
-1 0
-1 0
-1 0
-1 0
-1 0
-1 0
-1 0
-1 0
-1 0
-1 0
-1 0
-1 0
-1 0
-1 0
-1 0
-1 0
-1 0
-1 0
-1 0
-1 0
-1 0
-1 0
-1 0
-1 0
-1 0
-1 0
-1 0
-1 0
-1 0
-1 0
-1 0
-1 0
-1 0
-1 0
-1 0
-1 0
-1 0
-1 0
-1 0
-1 0
-1 0
-1 0
-1 0
-1 0
-1 0
-1 0
-1 0
-1 0
-1 0
-1 0
-1 0
-1 0
-1 0
-1 0
-1 0
-1 0
-1 0
-1 0
-1 0
-1 0
-1 0
-1 0
-1 0
-1 0
-1 0
-1 0
-1 0
-1 0
-1 0
-1 0
-1 0
-1 0
-1 0
-1 0
-1 0
-1 0
-1 0
-1 0
-1 0
-1 0
-1 0
-1 0
-1 0
-1 0
-1 0
-1 0
-1 0
-1 0
-1 0
-1 0
-1 0
-1 0
-1 0
-1 0
-1 0
-1 0
-1 0
-1 0
-1 0
-1 0
-1 0
-1 0
-1 0
-1 0
-1 0
-1 0
-1 0
-1 0
-1 0
-1 0
-1 0
-1 0
-1 0
-1 0
-1 0
-1 0
-1 0
-1 0
-1 0
-1 0
-1 0
-1 0
-1 0
-1 0
-1 0
-1 0
-1 0
-1 0
-1 0
-1 0
-1 0
-1 0
-1 0
-1 0
-1 0
-1 0
-1 0
-1 0
-1 0
-1 0
-1 0
-1 0
-1 0
-1 0
-1 0
-1 0
-1 0
-1 0
-1 0
-1 0
-1 0
-1 0
-1 0
-1 0
-1 0
-1 0
-1 0
-1 0
-1 0
-1 0
-1 0
-1 0
-1 0
-1 0
-1 0
-1 0
-1 0
-1 0
-1 0
-1 0
-1 0
-1 0
-1 0
-1 0
-1 0
-1 0
-1 0
-1 0
-1 0
-1 0
-1 0
-1 0
-1 0
-1 0
-1 0
-1 0
-1 0
-1 0
-1 0
-1 0
-1 0
-1 0
-1 0
-1 0
-1 0
-1 0
-1 0
-1 0
-1 0
-1 0
-1 0
-1 0
-1 0
-1 0
-1 0
-1 0
-1 0
-1 0
-1 0
-1 0
-1 0
-1 0
-1 0
-1 0
-1 0
-1 0
-1 0
-1 0
-1 0
-1 0
-1 0
-1 0
-1 0
-1 0
-1 0
-1 0
-1 0
-1 0
-1 0
-1 0
-1 0
-1 0
-1 0
-1 0
-1 0
-1 0
-1 0
-1 0
-1 0
-1 0
-1 0
-1 0
-1 0
-1 0
-1 0
-1 0
-1 0
-1 0
-1 0
-1 0
-1 0
-1 0
-1 0
-1 0
-1 0
-1 0
-1 0
-1 0
-1 0
-1 0
-1 0
-1 0
-1 0
-1 0
-1 0
-1 0
-1 0
-1 0
-1 0
-1 0
-1 0
-1 0
-1 0
-1 0
-1 0
-1 0
-1 0
-1 0
-1 0
-1 0
-1 0
-1 0
-1 0
-1 0
-1 0
-1 0
-1 0
-1 0
-1 0
-1 0
-1 0
-1 0
-1 0
-1 0
-1 0
-1 0
-1 0
-1 0
-1 0
-1 0
-1 0
-1 0
-1 0
-1 0
-1 0
-1 0
-1 0
-1 0
-1 0
-1 0
-1 0
-1 0
-1 0
-1 0
-1 0
-1 0
-1 0
-1 0
-1 0
-1 0
-1 0
-1 0
-1 0
-1 0
-1 0
-1 0
-1 0
-1 0
-1 0
-1 0
-1 0
-1 0
-1 0
-1 0
-1 0
-1 0
-1 0
-1 0
-1 0
-1 0
-1 0
-1 0
-1 0
-1 0
-1 0
-1 0
-1 0
-1 0
-1 0
-1 0
-1 0
-1 0
-1 0
-1 0
-1 0
-1 0
-1 0
-1 0
-1 0
-1 0
-1 0
-1 0
-1 0
-1 0
-1 0
-1 0
-1 0
-1 0
-1 0
-1 0
-1 0
-1 0
-1 0
-1 0
-1 0
-1 0
-1 0
-1 0
-1 0
-1 0
-1 0
-1 0
-1 0
-1 0
-1 0
-1 0
-1 0
-1 0
-1 0
-1 0
-1 0
-1 0
-1 0
-1 0
-1 0
-1 0
-1 0
-1 0
-1 0
-1 0
-1 0
-1 0
-1 0
-1 0
-1 0
-1 0
-1 0
-1 0
-1 0
-1 0
-1 0
-1 0
-1 0
-1 0
-1 0
-1 0
-1 0
-1 0
-1 0
-1 0
-1 0
-1 0
-1 0
-1 0
-1 0
-1 0
-1 0
-1 0
-1 0
-1 0
-1 0
-1 0
-1 0
-1 0
-1 0
-1 0
-1 0
-1 0
-1 0
-1 0
-1 0
-1 0
-1 0
-1 0
-1 0
-1 0
-1 0
-1 0
-1 0
-1 0
-1 0
-1 0
-1 0
-1 0
-1 0
-1 0
-1 0
-1 0
-1 0
-1 0
-1 0
-1 0
-1 0
-1 0
-1 0
-1 0
-1 0
-1 0
-1 0
