-6 2
-6 2
-6 2
-6 2
-6 2
-6 2
-10 1
-10 1
-10 1
-10 1
-10 1
-10 1
-10 1
-10 1
-10 1
-10 1
-10 1
-10 1
-10 1
-10 1
-10 1
-10 1
-10 1
-10 1
-10 1
-10 1
-10 1
-10 1
-10 1
-10 1
-10 1
-10 1
-10 1
-10 1
-10 1
-10 1
-10 1
-10 1
-10 1
-10 1
-10 1
-10 1
-10 1
-10 1
-10 1
-10 1
-10 1
-10 1
-10 1
-10 1
-14 4
-14 4
-14 4
-14 4
-14 4
-14 4
-14 4
-14 4
-14 4
-14 4
-14 4
-14 4
-14 4
-14 4
-14 4
-14 4
-14 4
-14 4
-14 4
-14 4
-14 4
-14 4
-14 4
-14 4
-14 4
-14 4
-14 4
-14 4
-14 4
-14 4
-14 4
-14 4
-14 4
-14 4
-14 4
-14 4
-14 4
-14 4
-14 4
-14 4
-14 4
-14 4
-14 4
-14 4
-12 1
-11 1
-11 1
-11 1
-11 1
-11 1
-11 1
-11 1
-11 1
-11 1
-11 1
-11 1
-11 1
-11 1
-11 1
-11 1
-11 1
-11 1
-11 1
-11 1
-11 1
-11 1
-11 1
-11 1
-11 1
-11 1
-11 1
-11 1
-11 1
-11 1
-11 1
-11 1
-11 1
-11 1
-11 1
-11 1
-11 1
-11 1
-11 1
-11 1
-11 1
-11 1
-11 1
-11 1
-11 1
-11 1
-11 1
-11 1
-11 1
-11 1
-11 1
-11 1
-11 1
-11 1
-11 1
-11 1
-13 1
-9 0
-9 0
-9 0
-9 0
-9 0
-9 0
-9 0
-9 0
-9 0
-9 0
-9 0
-9 0
-9 0
-9 0
-9 0
-9 0
-9 0
-9 0
-9 0
-9 0
-9 0
-9 0
-9 0
-9 0
-9 0
-9 0
-9 0
-9 0
-9 0
-9 0
-9 0
-9 0
-9 0
-9 0
-9 0
-9 0
-9 0
-9 0
-9 0
-9 0
-9 0
-9 0
-9 0
-9 0
-9 0
-9 0
-9 0
-9 0
-9 0
-9 0
-9 0
-9 0
-9 0
-9 0
-9 0
-9 0
-9 0
-9 0
-9 0
-9 0
-9 0
-9 0
-9 0
-7 -2
-6 -1
-6 -1
-6 -1
-6 -1
-6 -1
-6 -1
-6 -1
-6 -1
-6 -1
-6 -1
-6 -1
-6 -1
-6 -1
-6 -1
-6 -1
-6 -1
-6 -1
-6 -1
-6 -1
-6 -1
-6 -1
-6 -1
-6 -1
-6 -1
-6 -1
-6 -1
-6 -1
-6 -1
-6 -1
-6 -1
-6 -1
-6 -1
-6 -1
-6 -1
-6 -1
-6 -1
-6 -1
-6 -1
-6 -1
-6 -1
-6 -1
-6 -1
-6 -1
-6 -1
-6 -1
-6 -1
-6 -1
-6 -1
-6 -1
-6 -1
-6 -1
-6 -1
-6 -1
-6 -1
-6 -1
-6 -1
-6 -1
-6 -1
-6 -1
-6 -1
-6 -1
-6 -1
-3 -1
-3 -2
-3 -2
-3 -2
-3 -2
-3 -2
-3 -2
-3 -2
-3 -2
-3 -2
-3 -2
-3 -2
-3 -2
-3 -2
-3 -2
-3 -2
-3 -2
-3 -2
-3 -2
-3 -2
-3 -2
-3 -2
-3 -2
-3 -2
-3 -2
-3 -2
-3 -2
-3 -2
-3 -2
-3 -2
-3 -2
-3 -2
-3 -2
-3 -2
-3 -2
-3 -2
-3 -2
-3 -2
-3 -2
-3 -2
-3 -2
-3 -2
-3 -2
-3 -2
-3 -2
-3 -2
-3 -2
-3 -2
-4 -3
-4 -3
-4 -3
-4 -3
-4 -3
-4 -3
-4 -3
-4 -3
-4 -3
-4 -3
-4 -3
-4 -3
-4 -3
-4 -3
-4 -3
-4 -3
-4 -3
-4 -3
-4 -3
-4 -3
-4 -3
-4 -3
-4 -3
-7 -8
-7 -8
-7 -8
-7 -8
-7 -8
-7 -8
-7 -8
-7 -8
-7 -8
-7 -8
-7 -8
-7 -8
-7 -8
-7 -8
-7 -8
-7 -8
-7 -8
-7 -8
-7 -8
-7 -8
-7 -8
-7 -8
-7 -8
-7 -8
-7 -8
-9 -8
-9 -8
-9 -8
-9 -8
-9 -8
-9 -8
-9 -8
-9 -8
-9 -8
-9 -8
-9 -8
-9 -8
-9 -8
-9 -8
-9 -8
-9 -8
-9 -8
-9 -8
-9 -8
-9 -8
-9 -8
-9 -8
-9 -8
-9 -8
-9 -8
-9 -8
-9 -8
-9 -8
-9 -8
-9 -8
-9 -8
-9 -8
-9 -8
-9 -8
-9 -8
-9 -8
-9 -8
-9 -8
-9 -8
-9 -8
-9 -8
-9 -8
-9 -8
-9 -8
-11 -9
-11 -9
-11 -9
-11 -9
-11 -9
-11 -9
-11 -9
-11 -9
-11 -9
-11 -9
-11 -9
-11 -9
-11 -9
-11 -9
-11 -9
-11 -9
-11 -9
-11 -9
-11 -9
-11 -9
-11 -9
-11 -9
-11 -9
-11 -9
-11 -9
-11 -9
-11 -9
-11 -9
-11 -9
-11 -9
-11 -9
-11 -9
-11 -9
-11 -9
-11 -9
-11 -9
-11 -9
-11 -9
-11 -9
-11 -8
-11 -8
-11 -8
-11 -8
-11 -8
-11 -8
-11 -8
-11 -8
-11 -8
-11 -8
-11 -8
-11 -8
-11 -8
-11 -8
-11 -8
-11 -8
-11 -8
-11 -8
-11 -8
-11 -8
-11 -8
-11 -8
-11 -8
-11 -8
-11 -8
-11 -8
-11 -8
-11 -8
-11 -8
-11 -8
-11 -8
-11 -8
-11 -8
-11 -8
-11 -8
-11 -8
-11 -8
-11 -8
-11 -8
-11 -8
-11 -8
-11 -8
-11 -8
-11 -8
-11 -8
-11 -8
-11 -8
-11 -8
-11 -8
-11 -8
-11 -8
-11 -8
-11 -8
-11 -8
-11 -8
-11 -8
-11 -8
-11 -8
-11 -8
-11 -8
-11 -8
-11 -8
-11 -8
-11 -8
-11 -8
-11 -8
-11 -8
-11 -8
-10 -10
-10 -10
-10 -10
-10 -10
-10 -10
-10 -10
-10 -10
-10 -10
-10 -10
-10 -10
-10 -10
-10 -10
-10 -10
-10 -10
-10 -10
-10 -10
-10 -10
-10 -10
-10 -10
-10 -10
-10 -10
-10 -10
-10 -10
-10 -10
-10 -10
-10 -10
-10 -10
-10 -10
-7 -11
-7 -11
-6 -11
-6 -11
-6 -11
-6 -11
-6 -11
-6 -11
-6 -11
-6 -11
-6 -11
-6 -11
-6 -11
-6 -11
-6 -11
-6 -11
-6 -11
-6 -11
-6 -11
-6 -11
-6 -11
-6 -11
-6 -11
-6 -11
-6 -11
-6 -11
-6 -11
-6 -11
-6 -11
-6 -11
-6 -11
-6 -11
-6 -11
-6 -11
-6 -11
-6 -11
-6 -11
-6 -11
-6 -11
-6 -11
-6 -11
-6 -11
-6 -11
-6 -11
-6 -11
-6 -11
-6 -11
-6 -11
-6 -11
-6 -11
-6 -11
-4 -12
-4 -12
-4 -12
-4 -12
-4 -12
-4 -12
-4 -12
-4 -12
-4 -12
-4 -12
-4 -12
-4 -12
-4 -12
-4 -12
-4 -12
-4 -12
-4 -12
-4 -12
-4 -12
-4 -12
-4 -12
-4 -12
-4 -12
-4 -12
-4 -12
-4 -12
-4 -12
-4 -12
-4 -12
-4 -12
-4 -12
-4 -12
-4 -12
-4 -12
-4 -12
-4 -12
-4 -12
-4 -12
-4 -12
-4 -12
-4 -12
-4 -12
-4 -12
-4 -12
-4 -12
-3 -13
-3 -13
-3 -13
-3 -13
-3 -13
-3 -13
-3 -13
-3 -13
-3 -13
-3 -13
-3 -13
-3 -13
-3 -13
-3 -13
-3 -13
-3 -13
-3 -13
-3 -13
-3 -13
-3 -13
-3 -13
-3 -13
-3 -13
-3 -13
-3 -13
-2 -11
-2 -11
-2 -11
-2 -11
-2 -11
-2 -11
-2 -11
-2 -11
-2 -11
-2 -11
-2 -11
-2 -11
-2 -11
-2 -11
-2 -11
-2 -11
-2 -11
-2 -11
-2 -11
-2 -11
-2 -11
-2 -11
-2 -11
-2 -11
-2 -11
-2 -11
-2 -11
-2 -11
-2 -11
-2 -11
-2 -11
-2 -11
-2 -11
-2 -11
-2 -11
-2 -11
-2 -11
-2 -11
-2 -11
-2 -11
-2 -11
-2 -11
-2 -11
-2 -11
-2 -11
-2 -11
-2 -11
-2 -11
-2 -11
-2 -11
-2 -11
-2 -11
-1 -15
0 -15
0 -15
0 -15
0 -15
0 -15
0 -15
0 -15
0 -15
0 -15
0 -15
0 -15
0 -15
0 -15
0 -15
0 -15
0 -15
0 -15
0 -15
0 -15
0 -15
0 -15
0 -15
0 -15
0 -15
0 -15
0 -15
0 -15
0 -15
0 -15
0 -15
0 -15
0 -15
0 -15
0 -15
0 -15
0 -15
-2 -17
-2 -17
-4 -20
-4 -20
-4 -20
-4 -20
-4 -20
-4 -20
-4 -20
-4 -20
-4 -20
-4 -20
-4 -20
-4 -20
-4 -20
-4 -20
-4 -20
-4 -20
-4 -20
-4 -20
-4 -20
-4 -20
-4 -20
-4 -20
-4 -20
-4 -20
-4 -20
-4 -20
-4 -20
-4 -20
-4 -20
-4 -20
-4 -20
-4 -20
-4 -20
-4 -20
-4 -20
-4 -20
-4 -20
-4 -20
-4 -20
-4 -20
-4 -20
-4 -20
-4 -20
-4 -20
-4 -20
-4 -20
-4 -20
-4 -20
-4 -20
-4 -20
-4 -20
-4 -20
-4 -20
-4 -20
-4 -20
-4 -20
-4 -20
-4 -20
-4 -20
-4 -20
-4 -20
-4 -20
-4 -20
-4 -20
-4 -20
-4 -20
-4 -20
-4 -20
-5 -20
-5 -20
-5 -20
-6 -24
-6 -24
-6 -24
-6 -24
-6 -24
-6 -24
-6 -24
-6 -24
-6 -24
-6 -24
-6 -24
-6 -24
-6 -24
-6 -24
-6 -24
-6 -24
-6 -24
-6 -24
-6 -24
-6 -24
-6 -24
-6 -24
-6 -22
-6 -22
-6 -22
-6 -22
-6 -22
-6 -22
-6 -22
-6 -22
-6 -22
-6 -22
-6 -22
-6 -22
-6 -22
-6 -22
-6 -22
-6 -22
-6 -22
-6 -22
-6 -22
-6 -22
-6 -22
-6 -22
-6 -22
-6 -22
-6 -22
-6 -22
-6 -22
-6 -22
-6 -22
-6 -22
-6 -22
-6 -22
-6 -22
-6 -22
-6 -22
-6 -22
-6 -22
-6 -22
-6 -22
-6 -22
-6 -22
-6 -22
-6 -22
-6 -22
-6 -22
-6 -22
-6 -22
-6 -22
-5 -25
-5 -25
-5 -25
-5 -25
-5 -25
-5 -25
-5 -25
-5 -25
-5 -25
-5 -25
-5 -25
-5 -25
-5 -25
-5 -25
-5 -25
-5 -25
-5 -25
-5 -25
-5 -25
-5 -25
-5 -25
-4 -23
-4 -23
-4 -23
-4 -23
-4 -23
-4 -23
-4 -23
-4 -23
-4 -23
-4 -23
-4 -23
-4 -23
-4 -23
-4 -23
-4 -23
-4 -23
-4 -23
-4 -23
-4 -23
-4 -23
-4 -23
-4 -23
-4 -23
-4 -23
-4 -23
-4 -23
-4 -23
-4 -23
-4 -23
-4 -23
-4 -23
-4 -23
-4 -23
-4 -23
-4 -23
-4 -23
-4 -23
-4 -23
-4 -23
-4 -23
-4 -23
-4 -23
-4 -23
-4 -23
-4 -23
-4 -23
-4 -23
-4 -23
-6 -22
-6 -22
-6 -22
-6 -22
-6 -22
-6 -22
-6 -22
-6 -22
-6 -22
-6 -22
-6 -22
-6 -22
-6 -22
-6 -22
-6 -22
-6 -22
-6 -22
-6 -22
-6 -22
-6 -22
-6 -22
-6 -22
-6 -22
-6 -22
-6 -22
-6 -22
-6 -22
-6 -22
-6 -22
-6 -22
-6 -22
-6 -22
-6 -22
-6 -22
-6 -22
-6 -22
-6 -22
-6 -22
-6 -22
-6 -22
-6 -22
-6 -22
-6 -22
-6 -22
-6 -22
-6 -22
-5 -18
-5 -18
-5 -18
-5 -18
-5 -18
-5 -18
-5 -18
-5 -18
-5 -18
-5 -18
-5 -18
-5 -18
-5 -18
-5 -18
-5 -18
-5 -18
-5 -18
-5 -18
-5 -18
-5 -18
-5 -18
-5 -18
-5 -18
-5 -18
-5 -18
-5 -18
-5 -18
-5 -18
-5 -18
-5 -18
-5 -18
-5 -18
-5 -18
-5 -18
-5 -18
-5 -18
-5 -18
-5 -18
-5 -18
-6 -19
-6 -19
-6 -19
-6 -19
-6 -19
-6 -19
-6 -19
-6 -19
-6 -19
-6 -19
-6 -19
-6 -19
-6 -19
-6 -19
-6 -19
-6 -19
-6 -19
-6 -19
-6 -19
-6 -19
-6 -19
-6 -19
-6 -19
-6 -19
-6 -19
-6 -19
-6 -19
-6 -19
-6 -19
-6 -19
-6 -19
-6 -19
-6 -19
-6 -19
-6 -19
-6 -19
-6 -19
-5 -17
-5 -17
-5 -17
-5 -17
-5 -17
-5 -17
-5 -17
-5 -17
-5 -17
-5 -17
-5 -17
-5 -17
-5 -17
-5 -17
-5 -17
-5 -17
-5 -17
-5 -17
-5 -17
-5 -17
-5 -17
-5 -17
-5 -17
-5 -17
-5 -17
-5 -17
-5 -17
-5 -17
-5 -17
-4 -15
-3 -12
-3 -12
-3 -12
-3 -12
-3 -12
-3 -12
-3 -12
-3 -12
-3 -12
-3 -12
-3 -12
-3 -12
-3 -12
-3 -12
-3 -12
-3 -12
-3 -12
-3 -12
-3 -12
-3 -12
-3 -12
-3 -12
-3 -12
-3 -12
-3 -12
-3 -12
-3 -12
-3 -12
-3 -12
-3 -12
-3 -12
-3 -10
-3 -10
-3 -10
-3 -10
-3 -10
-3 -10
-3 -10
-3 -10
-3 -10
-3 -10
-3 -10
-3 -10
-3 -10
-3 -10
-3 -10
-3 -10
-3 -10
-3 -10
-3 -10
-3 -10
-3 -10
-3 -10
-3 -10
-3 -10
-3 -10
-3 -10
-3 -10
-3 -10
-3 -10
-3 -10
-3 -10
-3 -10
-3 -10
-3 -10
-3 -10
-3 -10
-3 -10
-3 -10
-1 -6
-1 -6
-1 -3
-1 -3
-1 -3
-1 -3
-1 -3
-1 -3
-1 -3
-1 -3
-1 -3
-1 -3
-1 -3
-1 -3
-1 -3
-1 -3
-1 -3
-1 -3
-1 -3
-1 -3
-1 -3
-1 -3
-1 -3
-1 -3
-1 -3
-1 -3
-1 -3
-1 -3
-1 -3
-1 -3
-1 -3
-1 -3
-1 -3
-1 -3
-1 -3
-1 -3
-1 -3
-1 -3
-1 -3
-1 -3
-1 -3
-1 -3
-1 -3
-1 -3
-1 -3
-1 -3
-1 -3
-1 -3
-1 -3
-1 -3
-1 -3
-1 -3
-1 -3
-1 -3
-1 -3
-1 -3
-1 -3
-1 -3
-1 -3
-1 -3
-1 -3
-1 -3
-1 -3
-1 -3
-1 -3
-1 -3
-1 -3
-1 -3
-1 -3
-1 -3
-1 -3
-1 0
-1 0
-1 0
-1 0
-1 0
-1 0
-1 0
-1 0
-1 0
-1 0
-1 0
-1 0
-1 0
-1 0
-1 0
-1 0
-1 0
-1 0
-1 0
-1 0
-1 0
-1 0
-1 0
-1 0
-1 0
-1 0
-1 0
-1 0
-1 0
-1 0
-1 0
-1 0
-1 0
-1 0
-1 0
-1 0
-1 0
-1 0
-1 0
-1 0
-1 0
-1 0
-1 0
-1 0
-1 0
-1 0
-1 0
0 1
0 1
0 1
0 1
0 1
0 1
0 1
0 1
0 1
0 1
0 1
0 1
0 1
0 1
0 1
0 1
0 1
0 1
0 1
0 1
0 1
0 1
0 3
0 3
0 3
0 3
0 3
0 3
0 3
0 3
0 3
0 3
0 3
0 3
0 3
0 3
0 3
0 3
0 3
0 3
0 3
0 3
0 3
0 3
0 3
0 3
0 3
0 3
0 3
0 3
0 3
0 3
0 3
0 3
0 3
0 3
0 3
0 3
0 3
0 3
0 3
0 3
0 3
0 3
0 3
0 3
0 3
0 3
0 3
0 3
0 3
0 3
0 3
0 3
0 3
0 3
0 3
0 3
0 3
0 3
0 3
0 3
0 3
0 3
0 3
0 3
0 3
0 3
0 3
0 3
0 3
0 3
0 3
0 3
0 3
0 3
0 3
0 3
0 3
0 3
0 3
0 3
0 3
0 3
0 3
0 3
0 3
0 3
0 3
0 3
0 3
0 3
0 3
0 3
0 3
0 3
0 3
0 3
0 3
0 3
0 3
0 3
0 3
0 3
0 3
0 3
0 3
0 3
0 3
0 3
0 3
0 3
0 3
0 3
0 3
0 3
0 3
0 3
0 3
0 3
0 3
0 3
0 3
0 3
0 3
-3 3
-3 3
-3 3
-3 3
-3 3
-3 3
-3 3
-3 3
-3 3
-3 3
-3 3
-3 3
-3 3
-3 3
-3 3
-3 3
-3 3
-3 3
-3 3
-3 3
-3 5
-5 4
-5 4
-5 4
-5 4
-5 4
-5 4
-5 4
-5 4
-5 4
-5 4
-5 4
-5 4
-5 4
-5 4
-5 4
-5 4
-5 4
-5 4
-5 4
-5 4
-5 4
-5 4
-5 4
-5 4
-5 4
-5 4
-5 4
-5 4
-5 4
-5 4
-5 4
-5 4
-5 4
-5 4
-5 4
-5 4
-5 4
-5 4
-5 4
-5 4
-5 4
-5 4
-5 4
-5 4
-5 4
-5 4
-5 4
-5 4
-5 4
-5 4
-5 4
-5 4
-5 4
-5 4
-5 4
-5 4
-5 4
-5 4
-5 4
-5 4
-5 4
-5 4
-7 5
-7 5
-7 5
-7 5
-7 5
-7 5
-7 5
-7 5
-7 5
-7 5
-7 5
-7 5
-7 5
-7 5
-7 5
-7 5
-7 5
-7 5
-7 5
-7 5
-7 5
-7 5
-7 5
-7 5
-7 5
-7 5
-7 5
-7 5
-7 5
-7 5
-7 5
-7 5
-7 5
-7 5
-7 5
-7 5
-7 5
-7 5
-7 5
-7 5
-7 5
-7 5
-7 5
-7 5
-7 5
-8 4
-8 4
-8 4
-8 4
-8 4
-8 4
-8 4
-8 4
-8 4
-8 4
-8 4
-8 4
-9 4
-9 4
-9 4
-9 4
-9 4
-9 4
-9 4
-9 4
-9 4
-9 4
-9 4
-9 4
-9 4
-9 4
-9 4
-9 4
-9 4
-9 4
-9 4
-9 4
-9 4
-9 4
-9 4
-9 4
-9 4
-9 4
-9 4
-9 4
-9 4
-9 4
-9 4
-9 4
-9 4
-4 2
-4 2
-4 2
-4 2
-4 2
-4 2
-4 2
-4 2
-4 2
-4 2
-4 2
-4 2
-4 2
-4 2
-4 2
-4 2
-4 2
-4 2
-4 2
-4 2
-4 2
-4 2
-4 2
-4 2
-4 2
-4 2
-4 2
-4 2
-4 2
-4 2
-4 2
-5 2
-5 2
-5 2
-5 2
-5 2
-5 2
-5 2
-5 2
-5 2
-5 2
-5 2
-5 2
-5 2
-5 2
-5 2
-5 2
-5 2
-5 2
-5 2
-5 2
-5 2
-5 2
-4 1
-4 1
-4 1
-4 1
-4 1
-4 1
-4 1
-4 1
-4 1
-4 1
-4 1
-4 1
-4 1
-4 1
-4 1
-4 1
-4 1
-3 3
-3 3
-3 3
-3 3
-3 3
-3 3
-3 3
-3 3
-3 3
-3 3
-3 3
-3 3
-3 3
-3 3
-3 3
-3 3
-3 3
-3 3
-3 3
-3 3
-3 3
-3 3
-3 3
-3 3
-3 3
-3 3
-3 3
-3 3
-3 3
-3 3
-3 3
-3 3
-3 3
-3 3
-3 3
-3 3
-3 3
-3 3
-3 3
-7 4
-7 4
-7 4
-7 4
-7 4
-7 4
-7 4
-7 4
-7 4
-7 4
-7 4
-7 4
-7 4
-7 4
-7 4
-7 4
-7 4
-7 4
-7 4
-7 4
-7 4
-7 4
-7 4
-7 4
-7 4
-7 4
-7 4
-7 4
-7 4
-7 4
-7 4
-7 4
-7 4
-7 4
-7 4
-7 4
-7 4
-7 4
-7 4
-7 4
-7 4
-7 4
-10 3
-10 3
-7 4
-7 4
-7 4
-7 4
-7 4
-7 4
-7 4
-7 4
-7 4
-7 4
-7 4
-7 4
-7 4
-7 4
-7 4
-7 4
-7 4
-7 4
-7 4
-7 4
-7 4
-7 4
-7 4
-7 4
-7 4
-7 4
-7 4
-7 4
-7 4
-7 4
-7 4
-7 4
-7 4
-7 4
-8 3
-8 3
-8 3
-8 3
-8 3
-8 3
-8 3
-8 3
-8 3
-8 3
-8 3
-8 3
-8 3
-8 3
-8 3
-8 3
-8 3
-8 3
-8 3
-5 2
-5 2
-5 2
-5 2
-5 2
-5 2
-5 2
-5 2
-5 2
-5 2
-5 2
-5 2
-5 2
-5 2
-5 2
-5 2
-5 2
-5 2
-5 2
-5 2
-5 2
-5 2
-5 2
-5 2
-5 2
-5 2
-5 2
-5 2
-5 2
-5 2
-5 2
-5 2
-5 2
-5 2
-5 2
-5 2
-5 2
-5 2
-5 2
-5 2
-5 2
-5 2
-5 2
-5 2
-5 2
-5 2
-5 2
-5 2
-5 2
-5 2
-5 2
-5 2
-5 2
-5 2
-5 2
-5 2
-5 2
-5 2
-3 2
-3 2
-2 1
-2 1
-2 1
-2 1
-2 1
-2 1
-2 1
-2 1
-2 1
-2 1
-2 1
-2 1
-2 1
-2 1
-2 1
-2 1
-2 1
-2 1
-2 1
-2 1
-2 1
-2 1
-2 1
-2 1
-2 1
-2 1
-2 1
-2 1
-2 1
-2 1
-2 1
-2 1
-2 1
-2 1
-2 1
-2 1
-2 1
-2 1
-2 1
-2 1
-2 1
-2 1
-2 1
-2 1
-2 1
-2 1
-2 1
-2 1
-2 1
-2 1
-2 1
-2 1
-2 1
-2 1
-2 1
-2 1
-2 1
-2 1
-2 1
-2 1
-2 1
-2 1
-2 1
-2 1
-2 1
-2 1
-2 1
-2 1
-2 1
-2 1
-2 1
-2 1
-2 1
-2 1
-2 1
-2 1
-2 1
-2 1
-2 1
-2 1
-2 1
-2 1
-2 1
-2 1
-2 1
-2 1
-2 1
-2 1
-2 1
-2 1
-2 1
-2 1
-2 1
-2 1
-2 1
-2 1
-2 1
-2 1
-2 1
-2 1
-2 1
-2 1
-2 1
-2 1
-2 1
-2 1
-2 1
-2 1
-2 1
-2 1
-2 1
-2 1
-2 1
-2 1
-2 1
-2 1
-2 1
-2 1
-2 1
-2 1
-2 1
-2 1
-2 1
-2 1
-2 1
-2 1
-2 1
-2 1
-2 1
-2 1
-2 1
-2 1
-2 1
-2 1
-2 1
-2 1
-2 1
-2 1
-2 1
-2 1
-2 1
-2 1
-2 1
-2 1
-2 1
-2 1
-2 1
-2 1
-2 1
-2 1
-2 1
-2 1
-2 1
-2 1
-2 1
-2 1
-2 1
-2 1
-2 1
-2 1
-2 1
-2 1
-2 1
-2 1
-2 1
-2 1
-2 1
-2 1
-2 1
-2 1
-2 1
-2 1
-2 1
-2 1
-2 1
-2 1
-2 1
-2 1
-2 1
-2 1
-2 1
-2 1
-2 1
-2 1
-2 1
-2 1
-2 1
-2 1
-2 1
-2 1
-2 1
-2 1
-2 1
-2 1
-2 1
-2 1
-2 1
-2 1
-1 0
-1 0
-1 0
-1 0
-1 0
-1 0
-1 0
-1 0
-1 0
-1 0
-1 0
-1 0
-1 0
-1 0
-1 0
-1 0
-1 0
-1 0
-1 0
-1 0
-1 0
-1 0
-1 0
-1 0
-1 0
-1 0
-1 0
-1 0
-1 0
-1 0
-1 0
-1 0
-1 0
-1 0
-1 0
-1 0
-1 0
-2 1
-3 0
-3 0
-3 0
-3 0
-3 0
-3 0
-3 0
-3 0
-3 0
-3 0
-3 0
-3 0
-3 0
-3 0
-3 0
-3 0
-3 0
-3 0
-3 0
-3 0
-3 0
-3 0
-3 0
-3 0
-3 0
-3 0
-3 0
-3 0
-3 0
-3 0
-3 0
-3 0
-3 0
-4 2
-2 0
-2 0
-5 2
-5 2
-5 2
-5 2
-5 2
-5 2
-5 2
-5 2
-5 2
-5 2
-5 2
-5 2
-5 2
-5 2
-5 2
-5 2
-5 2
-5 2
-5 2
-5 2
-5 2
-5 2
-5 2
-5 2
-5 2
-5 2
-5 2
-5 2
-5 2
-5 2
-5 2
-5 2
-5 2
-5 2
-5 2
-5 3
-5 3
-5 3
-5 3
-5 3
-5 3
-5 3
-5 3
-5 3
-5 3
-5 3
-5 3
-5 3
-5 3
-5 3
-5 3
-5 3
-5 3
-5 3
-5 3
-5 3
-5 3
-5 3
-5 3
-5 3
-5 3
-5 3
-5 3
-5 3
-5 3
-5 3
-6 3
-6 3
-6 3
-6 3
-6 3
-6 3
-6 3
-6 3
-6 3
-6 3
-6 3
-6 3
-6 3
-6 3
-6 3
-6 3
-6 3
-6 3
-5 2
-5 2
-5 2
-5 2
-5 2
-5 2
-5 2
-5 2
-5 2
-5 2
-5 2
-5 2
-5 2
-5 2
-7 2
-7 2
-7 2
-7 2
-7 2
-7 2
-7 2
-7 2
-7 2
-7 2
-7 2
-7 2
-7 2
-7 2
-7 2
-7 2
-7 2
-7 2
-7 2
-7 2
-7 2
-7 2
-7 2
-7 2
-7 2
-7 2
-7 2
-7 2
-7 2
-7 2
-7 2
-7 2
-9 3
-9 3
-9 3
-9 3
-9 3
-9 3
-9 3
-9 3
-9 3
-9 3
-9 3
-9 3
-9 3
-9 3
-9 3
-9 3
-9 3
-9 3
-9 3
-9 3
-9 3
-9 3
-9 3
-9 3
-9 3
-9 3
-9 3
-9 3
-9 3
-9 3
-9 3
-9 3
-9 3
-9 3
-9 3
-5 2
-5 2
-5 2
-5 2
-5 2
-5 2
-5 2
-5 2
-5 2
-5 2
-5 2
-5 2
-5 2
-5 2
-5 2
-5 2
-5 2
-5 2
-6 2
-6 2
-6 2
-6 2
-6 2
-6 2
-6 2
-6 2
-6 2
-6 2
-6 2
-6 2
-6 2
-6 2
-6 2
-6 2
-5 2
-5 2
-5 2
-5 2
-5 2
-5 2
-5 2
-5 2
-5 2
-5 2
-5 2
-5 2
-5 2
-5 2
-5 2
-5 2
-5 2
-5 2
-5 2
-5 2
-5 2
-5 2
-5 2
-5 2
-5 2
-5 2
-5 2
-5 2
-5 2
-5 2
-5 2
-5 2
-5 2
-1 1
-1 1
-1 1
-1 1
-1 1
-1 1
-1 1
-1 1
-1 1
-1 1
-1 1
-1 1
-1 1
-1 1
-1 1
-1 1
-1 1
-1 1
-1 1
-1 1
-1 1
-1 1
-1 1
-1 1
-1 1
-1 1
-1 1
-1 1
-1 1
-1 1
1 0
1 0
1 0
1 0
1 0
1 0
1 0
1 0
1 0
1 0
1 0
1 0
1 0
1 0
1 0
1 0
1 0
1 0
1 0
1 0
1 0
1 0
1 0
1 0
1 0
1 0
1 0
1 0
1 0
1 0
1 0
1 0
1 0
1 0
1 0
1 0
1 0
1 0
1 0
1 0
1 0
1 0
1 0
1 0
1 0
1 0
1 0
1 0
1 0
1 0
1 0
1 0
1 0
1 0
1 0
1 0
1 0
1 0
1 0
1 0
1 0
1 0
1 0
1 0
1 0
1 0
1 0
1 0
1 0
1 0
1 0
1 0
1 0
1 0
1 0
1 0
1 0
1 0
1 0
1 0
1 0
1 0
1 0
1 0
1 0
1 0
1 0
1 0
1 0
1 0
1 0
1 0
1 0
1 0
1 0
1 0
1 0
1 0
1 0
1 0
1 0
1 0
1 0
1 0
1 0
1 0
1 0
1 0
1 0
1 0
1 0
1 0
1 0
1 0
1 0
1 0
1 0
1 0
1 0
1 0
1 0
1 0
1 0
1 0
1 0
1 0
1 0
1 0
1 0
1 0
1 0
1 0
1 0
1 0
1 0
1 0
1 0
1 0
1 0
1 0
1 0
1 0
1 0
1 0
1 0
1 0
1 0
1 0
1 0
1 0
1 0
1 0
1 0
1 0
1 0
1 0
1 0
1 0
1 0
1 0
1 0
1 0
1 0
1 0
1 0
1 0
1 0
1 0
1 0
1 0
1 0
1 0
1 0
1 0
1 0
1 0
1 0
1 0
1 0
1 0
1 0
1 0
1 0
1 0
1 0
1 0
1 0
1 0
1 0
1 0
1 0
1 0
1 0
1 0
1 0
1 0
1 0
1 0
1 0
1 0
1 0
1 0
1 0
1 0
1 0
1 0
1 0
1 0
1 0
1 0
1 0
1 0
1 0
1 0
1 0
1 0
1 0
1 0
1 0
1 0
1 0
1 0
1 0
1 0
1 0
1 0
1 0
1 0
1 0
1 0
1 0
1 0
1 0
1 0
1 0
1 0
1 0
1 0
1 0
1 0
1 0
1 0
1 0
1 0
1 0
1 0
1 0
1 0
1 0
1 0
1 0
1 0
1 0
1 0
1 0
1 0
1 0
1 0
1 0
1 0
1 0
1 0
1 0
1 0
1 0
1 0
1 0
1 0
1 0
1 0
1 0
1 0
1 0
1 0
1 0
1 0
1 0
1 0
1 0
1 0
1 0
1 0
1 0
1 0
1 0
1 0
1 0
1 0
1 0
1 0
1 0
1 0
1 0
1 0
1 0
1 0
1 0
1 0
1 0
1 0
1 0
1 0
1 0
1 0
1 0
1 0
1 0
1 0
1 0
1 0
1 0
1 0
1 0
1 0
1 0
1 0
1 0
1 0
1 0
1 0
1 0
1 0
1 0
1 0
1 0
1 0
1 0
1 0
1 0
1 0
1 0
1 0
1 0
1 0
1 0
1 0
1 0
1 0
1 0
1 0
1 0
1 0
1 0
1 0
1 0
1 0
1 0
1 0
1 0
1 0
1 0
1 0
1 0
1 0
1 0
1 0
1 0
1 0
1 0
1 0
1 0
1 0
1 0
1 0
1 0
1 0
1 0
1 0
1 0
1 0
1 0
1 0
1 0
1 0
1 0
1 0
1 0
1 0
1 0
1 0
1 0
1 0
1 0
1 0
1 0
1 0
1 0
1 0
1 0
1 0
1 0
1 0
1 0
1 0
1 0
1 0
1 0
1 0
1 0
1 0
1 0
1 0
1 0
1 0
1 0
1 0
1 0
1 0
1 0
1 0
1 0
1 0
1 0
1 0
1 0
1 0
1 0
1 0
1 0
1 0
1 0
1 0
1 0
1 0
1 0
1 0
1 0
1 0
1 0
1 0
1 0
1 0
1 0
1 0
1 0
1 0
1 0
1 0
1 0
1 0
1 0
1 0
1 0
1 0
1 0
1 0
1 0
1 0
1 0
1 0
1 0
1 0
1 0
1 0
1 0
1 0
1 0
1 0
1 0
1 0
1 0
1 0
1 0
1 0
1 0
1 0
1 0
1 0
1 0
1 0
1 0
1 0
1 0
1 0
1 0
1 0
1 0
1 0
1 0
1 0
1 0
1 0
1 0
1 0
1 0
1 0
1 0
1 0
1 0
1 0
1 0
1 0
1 0
1 0
1 0
1 0
1 0
1 0
1 0
1 0
1 0
1 0
1 0
1 0
1 0
1 0
1 0
1 0
1 0
1 0
1 0
1 0
1 0
1 0
1 0
1 0
1 0
1 0
1 0
1 0
1 0
1 0
1 0
1 0
1 0
1 0
1 0
1 0
1 0
1 0
1 0
1 0
1 0
1 0
1 0
1 0
1 0
1 0
1 0
1 0
0 1
0 1
0 1
0 1
0 1
0 1
0 1
0 1
0 1
0 1
0 1
0 1
0 1
0 1
0 1
0 1
0 1
0 1
0 1
0 1
0 1
0 1
0 1
0 1
0 1
0 1
0 1
0 1
0 1
0 1
0 1
0 1
0 1
0 1
0 1
0 1
0 1
0 1
0 1
0 1
0 1
0 1
0 1
0 1
0 1
0 1
0 1
0 1
0 1
0 1
0 1
0 1
0 1
0 1
0 1
0 1
0 1
0 1
0 1
0 1
0 1
0 1
0 1
0 1
0 1
0 1
0 1
0 1
0 1
0 1
0 1
0 1
0 1
0 1
0 1
0 1
0 1
0 1
0 1
0 1
0 1
0 1
0 1
0 1
0 1
0 1
0 1
0 1
0 1
0 1
0 1
0 1
0 1
0 1
0 1
0 1
0 1
0 1
0 1
0 1
0 1
0 1
0 1
0 1
0 1
0 1
0 1
0 1
0 1
0 1
0 1
0 1
0 1
0 1
0 1
0 1
0 1
0 1
0 1
0 1
0 1
0 1
0 1
0 1
0 1
0 1
0 1
0 1
0 1
0 1
0 1
0 1
0 1
0 1
0 1
0 1
0 1
0 1
0 1
0 1
0 1
0 1
0 1
0 1
0 1
0 1
0 1
0 1
0 1
0 1
0 1
0 1
0 1
0 1
0 1
0 1
0 1
0 1
0 1
0 1
0 1
0 1
0 1
0 1
0 1
0 1
0 1
0 1
0 1
0 1
0 1
0 1
0 1
0 1
0 1
0 1
0 1
0 1
0 1
0 1
0 1
0 1
0 1
0 1
0 1
0 1
0 1
0 1
0 1
0 1
0 1
0 1
0 1
0 1
0 1
0 1
0 1
0 1
0 1
0 1
0 1
0 1
0 1
0 1
0 1
0 1
0 1
0 1
0 1
0 1
0 1
0 1
0 1
0 1
0 1
0 1
0 1
0 1
0 1
0 1
0 1
0 1
0 1
0 1
0 1
0 1
0 1
0 1
0 1
0 1
0 1
0 1
0 1
0 1
0 1
0 1
0 1
0 1
0 1
0 1
0 1
0 1
0 1
0 1
0 1
0 1
0 1
0 1
0 1
0 1
0 1
0 1
0 1
0 1
0 1
0 1
0 1
0 1
0 1
0 1
