0 5
0 6
1 7
3 6
3 6
4 7
5 8
5 8
5 8
5 8
5 8
5 8
5 8
5 8
5 8
5 8
5 8
5 8
5 8
5 8
5 8
5 8
5 8
4 8
4 9
4 9
4 9
4 9
4 9
4 9
4 9
4 9
4 9
4 9
4 9
4 9
4 9
4 9
4 9
4 9
4 9
4 9
4 9
4 9
4 9
4 9
4 9
4 9
4 9
4 9
4 9
4 9
4 9
4 9
4 9
4 9
4 9
4 9
4 9
4 9
4 9
4 9
4 9
4 9
4 9
4 9
4 9
4 9
4 9
4 9
4 9
4 9
4 9
4 9
4 9
4 9
4 9
4 9
4 9
4 9
4 9
4 9
4 9
4 9
4 9
4 9
4 9
4 9
4 9
4 9
4 9
4 9
4 9
4 9
4 9
4 9
4 9
4 9
4 9
4 9
4 9
5 9
4 10
4 10
4 10
4 10
4 10
4 10
4 10
4 10
4 10
4 10
4 10
4 10
4 10
4 10
4 10
4 10
4 10
5 10
5 10
5 10
5 10
5 10
5 10
5 10
5 10
5 10
5 10
5 10
5 10
5 10
5 10
5 10
5 10
5 10
5 10
5 10
5 10
5 10
5 10
5 10
5 10
5 10
5 10
5 10
5 10
5 10
5 10
5 10
5 10
5 10
5 10
5 10
5 10
5 10
5 10
5 10
5 10
5 10
5 10
5 10
5 10
5 10
5 10
5 10
5 10
5 10
5 10
5 10
5 10
5 10
5 10
5 10
5 10
5 10
5 10
5 10
5 10
5 10
5 10
2 15
2 15
2 15
2 15
2 15
2 15
2 15
2 15
2 15
2 15
2 15
2 15
2 15
2 15
2 15
2 15
2 15
2 15
2 15
2 15
2 15
2 15
2 15
2 15
2 15
2 15
2 15
2 15
2 15
2 15
2 15
2 15
2 15
2 15
2 15
2 15
2 15
2 15
2 15
4 12
5 16
5 16
5 16
5 16
5 16
5 16
5 16
5 16
5 16
5 16
5 16
5 16
5 16
5 16
5 16
5 16
5 16
5 16
5 16
4 14
4 14
4 14
4 14
4 14
4 14
4 14
4 14
4 14
4 14
4 14
4 14
4 14
4 14
4 14
4 14
4 14
4 14
4 14
4 14
4 14
4 14
4 14
4 14
4 14
4 14
4 14
4 14
4 14
4 14
4 14
4 14
4 14
4 14
4 14
4 14
4 14
4 14
4 14
4 14
4 14
6 14
6 14
6 14
6 14
6 14
6 14
6 14
6 14
6 14
6 14
6 14
6 14
6 14
6 14
6 14
6 14
6 14
6 14
6 14
6 14
6 14
6 14
6 14
6 14
8 10
8 10
8 10
8 10
8 10
8 10
8 10
8 10
8 10
8 10
8 10
8 10
8 10
8 10
8 10
8 10
8 10
8 10
8 10
8 10
8 10
8 10
8 10
8 10
8 10
8 10
8 10
8 10
8 10
8 10
8 10
8 10
8 10
8 10
8 10
8 10
8 10
8 10
8 10
8 10
8 10
8 10
8 10
8 10
8 10
8 10
8 10
8 10
8 10
8 10
8 10
8 10
8 10
8 10
8 10
8 10
8 10
8 10
8 10
8 10
8 10
8 10
8 10
8 10
8 10
8 10
8 10
8 10
8 10
8 10
8 10
8 10
8 10
8 10
8 10
8 10
8 10
8 10
8 10
8 10
8 10
9 8
9 8
8 6
8 6
8 6
8 6
8 6
8 6
8 6
8 6
8 6
8 6
8 6
8 6
8 6
8 6
8 6
8 6
8 6
8 6
8 3
8 3
8 3
8 3
8 3
8 3
8 3
8 3
8 3
8 3
8 3
8 3
8 3
8 3
8 3
8 3
8 3
8 3
8 3
8 3
8 3
8 3
8 3
8 3
8 3
8 3
8 3
8 3
8 3
8 3
8 3
8 3
8 3
8 3
8 3
8 3
8 3
8 3
8 3
8 3
8 2
8 2
8 2
8 2
8 2
8 2
8 2
8 2
8 2
8 2
8 2
8 2
8 2
8 2
8 2
8 2
8 2
8 2
8 2
8 2
8 2
8 2
8 2
8 2
8 2
8 2
8 2
8 2
8 2
8 2
8 2
8 2
8 2
8 2
8 2
8 2
8 2
8 2
8 2
8 2
8 2
8 2
8 2
8 2
8 2
8 2
8 2
8 2
8 2
8 2
8 2
8 2
8 2
8 2
8 2
8 2
8 2
8 2
8 2
8 2
8 2
8 2
8 2
7 1
9 0
9 0
9 0
9 0
9 0
9 0
9 0
9 0
9 0
9 0
9 0
9 0
9 0
9 0
9 0
9 0
9 0
9 0
9 0
9 0
9 0
9 0
9 0
9 0
9 0
9 0
9 0
9 0
9 0
9 0
9 0
9 0
9 0
9 0
9 0
9 0
9 0
9 0
9 0
9 0
9 0
9 0
9 0
9 0
9 0
9 0
9 0
9 0
9 0
9 0
9 0
9 0
9 0
9 0
9 0
9 0
9 0
9 0
9 0
9 0
7 2
7 2
7 2
7 2
7 2
7 2
7 2
7 2
7 2
7 2
7 2
7 2
7 2
7 2
7 2
7 2
7 2
7 2
7 2
7 2
7 2
7 2
8 3
8 3
8 3
8 3
8 3
8 3
8 3
8 3
8 3
8 3
8 3
8 3
8 3
8 3
8 3
8 3
8 3
8 3
8 3
8 3
8 3
8 3
8 3
8 3
8 3
8 3
8 3
8 3
8 3
8 3
8 3
8 3
8 3
8 3
8 3
8 3
8 3
8 3
8 3
8 3
8 3
8 3
8 3
8 3
8 3
8 3
8 3
8 3
8 3
8 3
8 3
8 3
8 3
8 3
8 3
8 3
8 3
8 3
8 3
8 3
8 3
8 3
8 3
8 3
8 3
8 3
8 3
8 3
8 3
8 3
8 3
8 3
8 3
8 3
8 3
8 3
8 3
8 3
8 3
8 3
8 3
8 3
8 3
8 3
8 3
8 3
8 3
8 3
8 3
8 3
8 3
8 3
8 3
8 3
8 3
8 3
8 3
8 3
8 3
8 3
8 3
8 3
8 3
8 3
8 3
8 3
8 3
8 3
8 3
8 3
8 3
8 3
8 3
8 3
8 3
8 3
8 3
8 3
8 3
8 3
8 3
8 3
8 3
8 3
8 3
8 3
8 3
8 3
8 3
8 3
8 3
8 3
8 3
8 3
8 3
8 3
8 3
8 3
8 3
8 3
8 3
8 3
8 3
8 3
8 3
8 3
8 3
8 3
8 3
8 3
8 3
8 3
8 3
8 3
8 3
8 4
8 4
9 4
9 4
9 4
9 4
9 4
9 4
9 4
9 4
9 4
9 4
9 4
9 4
9 4
9 4
9 4
9 4
9 4
9 4
9 4
9 4
10 2
10 2
10 2
10 2
10 2
10 2
10 2
10 2
10 2
10 2
10 2
10 2
10 2
10 2
10 2
10 2
10 2
10 2
10 2
10 2
10 2
10 2
10 2
13 0
13 0
13 0
13 0
13 0
13 0
13 0
13 0
13 0
13 0
13 0
13 0
13 0
13 0
13 0
13 0
13 0
13 0
13 0
13 0
13 0
13 0
13 0
13 0
13 0
13 0
13 0
13 0
13 0
13 0
13 0
13 0
13 0
13 0
13 0
13 0
13 0
13 0
13 0
13 0
13 0
13 0
13 0
13 0
13 0
13 0
13 0
13 0
13 0
13 0
10 0
10 0
10 0
10 0
10 0
10 0
10 0
10 0
10 0
10 0
10 0
10 0
10 0
10 0
10 0
10 0
10 0
10 0
10 0
10 0
10 0
10 0
10 0
10 0
10 0
10 0
10 0
10 0
10 0
10 0
10 0
10 0
10 0
10 0
10 0
10 0
10 0
10 0
10 0
10 0
10 0
10 0
10 0
10 0
10 0
10 0
10 0
10 0
10 0
10 -1
10 -1
10 -1
10 -1
10 -1
10 -1
10 -1
10 -1
10 -1
10 -1
10 -1
10 -1
10 -1
10 -1
10 -1
10 -1
10 -1
10 -1
10 -1
10 -1
10 -1
10 -1
10 -1
10 -1
10 -1
10 -1
10 -1
10 -1
10 -1
10 -1
10 -1
10 -1
10 -1
10 -1
10 -1
10 -1
10 -1
10 -1
10 -1
10 -1
10 -1
10 -1
10 -1
10 -1
10 -1
10 -1
8 -2
11 -5
11 -5
11 -5
11 -5
11 -5
11 -5
11 -5
11 -5
11 -5
11 -5
11 -5
11 -5
11 -5
11 -5
11 -5
11 -5
11 -5
11 -5
11 -5
11 -5
11 -5
13 -6
13 -6
13 -6
13 -6
13 -6
13 -6
13 -6
13 -6
13 -6
13 -6
13 -6
13 -6
13 -6
13 -6
13 -6
13 -6
13 -6
13 -6
13 -6
13 -6
13 -6
13 -6
13 -6
13 -6
13 -6
13 -6
13 -6
13 -6
13 -6
13 -6
13 -6
13 -6
13 -6
13 -6
13 -6
13 -6
13 -6
13 -6
13 -6
13 -6
13 -6
13 -4
13 -4
13 -4
13 -4
13 -4
13 -4
13 -4
13 -4
13 -4
13 -4
13 -4
13 -4
13 -4
13 -4
13 -4
13 -4
13 -4
13 -4
13 -4
13 -4
13 -4
13 -4
13 -4
13 -4
13 -4
13 -4
13 -4
13 -4
13 -4
13 -4
13 -4
13 -4
13 -4
13 -4
13 -4
13 -4
13 -4
13 -4
13 -4
13 -4
13 -4
13 -4
13 -4
13 -4
13 -4
13 -4
13 -4
13 -4
13 -4
13 -4
13 -4
13 -4
13 -4
13 -4
13 -4
13 -4
13 -4
13 -4
13 -4
13 -4
13 -4
8 -4
8 -3
8 -3
8 -3
8 -3
8 -3
8 -3
8 -3
8 -3
8 -3
8 -3
8 -3
8 -3
8 -3
8 -3
8 -3
8 -3
8 -3
8 -3
8 -3
5 0
5 0
5 0
5 0
5 0
5 0
5 0
5 0
5 0
5 0
5 0
5 0
5 0
5 0
5 0
5 0
5 0
5 0
5 0
5 0
5 0
5 0
5 0
5 0
5 0
5 0
5 0
5 0
5 0
5 0
5 0
5 0
5 0
5 0
5 0
5 0
5 0
5 0
5 0
5 0
5 0
5 0
5 0
7 0
7 0
7 0
7 0
7 0
7 0
7 0
7 0
7 0
7 0
7 0
7 0
7 0
7 0
7 0
7 0
7 -1
7 -1
7 -1
7 -1
7 -1
7 -1
7 -1
7 -1
7 -1
7 -1
7 -1
7 -1
7 -1
7 -1
7 -1
7 -1
7 -1
7 -1
7 -1
7 -1
7 -1
7 -1
7 -1
7 -1
7 -1
7 -1
7 -1
7 -1
7 -1
7 -1
7 -1
7 -1
7 -1
7 -1
7 -1
7 -1
7 -1
7 -1
7 -1
7 -1
7 -1
7 -1
7 -1
10 0
10 0
9 0
9 0
9 0
9 0
9 0
9 0
9 0
9 0
9 0
9 0
9 0
9 0
9 0
9 0
9 0
9 0
9 0
9 0
9 0
9 0
9 0
9 0
9 0
9 0
9 0
9 0
9 0
9 0
9 0
9 0
9 0
9 0
9 0
9 0
9 0
9 0
9 0
9 0
9 0
9 0
9 0
9 0
9 0
9 0
9 0
9 0
9 0
9 0
9 0
9 0
9 0
9 0
9 0
9 0
9 0
9 0
9 0
9 0
9 0
9 0
9 0
9 0
9 0
9 0
10 0
10 0
10 0
11 0
11 0
11 0
11 0
11 0
11 0
11 0
11 0
11 0
11 0
11 0
11 0
11 0
11 0
11 0
11 0
11 0
11 0
11 0
11 0
11 0
11 0
11 0
11 0
11 0
11 0
11 0
11 0
11 0
11 0
11 0
11 0
11 0
11 0
11 0
11 0
8 0
8 0
8 0
8 0
8 0
8 0
8 0
8 0
8 0
8 0
8 0
8 0
8 0
8 0
8 0
8 0
8 0
8 0
8 0
8 0
8 0
8 0
8 0
8 0
8 0
8 0
8 0
8 0
8 0
8 0
8 0
8 0
8 0
8 0
8 0
8 0
8 0
8 0
8 0
8 0
8 0
8 0
8 0
8 0
8 0
8 0
8 0
8 0
8 0
8 0
8 0
8 0
8 0
8 0
8 0
8 0
8 0
8 0
8 0
8 0
8 0
8 0
8 0
8 0
8 0
8 0
8 0
8 0
8 0
8 0
8 0
8 0
8 0
8 0
8 0
8 0
8 0
8 0
8 0
8 0
8 0
8 0
8 0
8 0
8 0
8 0
8 0
8 0
8 0
8 0
8 0
8 0
4 -1
4 0
4 0
4 0
4 0
4 0
4 0
4 0
4 0
4 0
4 0
4 0
4 0
4 0
4 0
4 0
4 0
4 0
4 0
4 0
4 0
4 0
4 0
4 0
4 0
4 0
4 0
4 0
4 0
4 0
4 0
4 0
4 0
4 0
4 0
4 0
4 0
4 0
4 0
4 0
4 0
4 0
4 0
4 0
4 0
4 0
4 0
4 0
4 0
4 0
3 0
3 0
3 0
3 0
3 0
3 0
3 0
3 0
3 0
3 0
3 0
3 0
3 0
3 0
3 0
3 0
3 0
3 0
3 0
3 0
3 0
3 0
3 0
3 0
3 0
3 0
3 0
3 0
3 0
3 0
3 0
3 0
3 0
3 0
3 0
3 0
3 0
3 0
3 0
3 0
3 0
3 0
3 0
3 0
3 0
3 0
3 0
3 0
3 0
3 0
3 0
3 0
3 0
4 0
4 0
4 0
4 0
4 0
4 0
4 0
4 0
4 0
4 0
4 0
4 0
4 0
4 0
4 0
4 0
4 0
4 0
4 0
4 0
4 0
4 0
4 0
4 0
4 0
4 0
4 0
4 0
4 0
4 0
4 0
4 0
4 0
4 0
4 0
4 0
4 0
4 0
4 0
4 0
4 0
4 0
4 0
4 0
4 0
4 0
4 1
3 1
3 1
3 1
3 1
3 1
3 1
3 1
3 1
3 1
3 1
3 1
3 1
3 1
3 1
3 1
3 1
3 1
3 1
3 1
3 1
3 1
3 1
3 1
3 1
3 1
3 1
3 1
3 1
3 1
3 1
3 1
3 1
3 1
3 1
3 1
3 1
3 1
3 1
3 1
3 1
3 1
3 1
3 1
3 1
3 1
3 1
3 1
3 1
3 1
3 1
3 1
3 1
3 1
3 1
3 1
3 1
3 1
3 1
3 1
3 1
3 1
3 1
3 1
3 1
3 1
3 1
3 1
3 1
3 1
3 1
3 1
3 1
3 1
3 1
3 1
3 1
3 1
3 1
3 1
3 1
3 1
3 1
3 1
3 1
3 1
2 0
2 0
2 0
2 0
2 0
2 0
2 0
2 0
2 0
2 0
2 0
2 0
2 0
2 0
2 0
2 0
2 0
2 0
2 0
2 0
1 2
1 2
1 2
1 2
1 2
1 2
1 2
1 2
1 2
1 2
1 2
1 2
1 2
1 2
1 2
1 2
1 2
1 2
1 2
1 2
1 2
1 2
1 1
1 1
1 1
1 1
1 1
1 1
1 1
1 1
1 1
1 1
1 1
1 1
1 1
1 1
1 1
1 1
1 1
1 1
1 1
1 1
1 1
1 1
1 1
1 1
1 1
1 1
1 1
1 1
1 1
1 1
1 1
1 1
1 1
1 1
1 1
1 1
1 1
1 1
1 1
1 1
0 1
0 1
0 1
0 1
0 1
0 1
0 1
0 1
0 1
0 1
0 1
0 1
0 1
0 1
0 1
0 1
0 1
0 1
0 1
0 1
0 1
0 1
0 1
0 1
0 1
0 1
0 1
0 1
0 1
0 1
0 1
0 1
0 1
0 1
0 1
0 1
0 1
0 1
0 1
0 1
0 1
0 1
0 1
0 1
0 1
0 1
0 1
0 1
0 1
0 1
0 1
0 1
0 1
0 1
0 1
0 1
0 1
0 1
0 1
0 1
0 1
0 1
0 1
0 1
0 1
0 1
0 1
0 1
0 1
0 1
0 1
0 1
0 1
0 1
0 1
0 1
0 1
0 1
0 1
0 1
0 1
0 1
0 1
0 1
0 1
0 1
0 1
0 1
0 1
0 1
0 1
0 1
0 1
0 1
0 1
0 1
0 1
0 1
0 1
0 1
0 1
0 1
0 1
0 1
0 1
0 1
0 1
0 1
0 1
0 1
0 1
0 1
0 1
0 1
0 1
0 1
0 1
0 1
0 1
0 1
0 1
0 1
0 1
0 1
0 1
0 1
0 1
0 1
0 1
0 1
0 1
0 1
0 1
0 1
0 1
0 1
0 1
0 1
0 1
0 1
0 1
0 1
0 1
0 1
0 1
0 1
0 1
0 1
0 1
0 1
0 1
0 1
0 1
0 1
0 1
0 1
0 1
0 1
0 1
0 1
0 1
0 1
0 1
0 1
0 1
0 1
0 1
0 1
0 1
0 1
0 1
0 1
0 1
0 1
0 1
0 1
0 1
0 1
0 1
0 1
0 1
0 1
0 1
0 1
0 1
0 1
0 1
0 1
0 1
0 1
0 1
0 1
0 1
0 1
0 1
0 1
0 1
0 1
0 1
0 1
0 1
0 1
0 1
0 1
0 1
0 1
0 1
0 1
0 1
0 1
0 1
0 1
0 1
0 1
0 1
0 1
0 1
0 1
0 1
0 1
0 1
0 1
0 1
0 1
0 1
0 1
0 1
0 1
0 1
0 1
0 1
0 1
0 1
0 1
0 1
0 1
0 1
0 1
0 1
0 1
0 1
0 1
0 1
0 1
0 1
0 1
0 1
0 1
0 1
0 1
0 1
0 1
0 1
0 1
0 1
0 1
0 1
0 1
0 1
0 1
0 1
0 1
0 1
0 1
0 1
0 1
0 1
0 1
0 1
0 1
0 1
0 1
0 1
0 1
0 1
0 1
0 1
0 1
0 1
0 1
0 1
0 1
0 1
0 1
0 1
0 1
0 1
0 1
0 1
0 1
0 1
0 1
0 1
0 1
0 1
0 1
0 1
0 1
0 1
0 1
0 1
0 1
0 1
0 1
0 1
0 1
0 1
0 1
0 1
0 1
0 1
0 1
0 1
0 1
0 1
0 1
0 1
0 1
0 1
0 1
0 1
0 1
0 1
0 1
0 1
0 1
0 1
0 1
0 1
0 1
0 1
0 1
0 1
0 1
0 1
0 1
0 1
0 1
0 1
0 1
0 1
0 1
0 1
0 1
0 1
0 1
0 1
0 1
0 1
0 1
0 1
0 1
0 1
0 1
0 1
0 1
0 1
-1 0
-1 0
-1 0
-1 0
-1 0
-1 0
-1 0
-1 0
-1 0
-1 0
-1 0
-1 0
-1 0
-1 0
-1 0
-1 0
-1 0
-1 0
-1 0
-1 0
-1 0
-1 0
-1 0
-1 0
-1 0
-1 0
-1 0
-1 0
-1 0
-1 0
-1 0
-1 0
-1 0
-1 0
-1 0
-1 0
-1 0
-1 0
-1 0
-1 0
-1 0
-1 0
-1 0
-1 0
-1 0
-1 0
-1 0
-1 0
-1 0
-1 0
-1 0
-1 0
-1 0
-1 0
-1 0
-1 0
-1 0
-1 0
-1 0
-1 0
-1 0
-1 0
-1 0
-1 0
-1 0
-1 0
-1 0
-1 1
-1 1
-1 1
-1 1
-1 1
-1 1
-1 1
-1 1
-1 1
-1 1
-1 1
-1 1
-1 1
-1 1
-1 1
-1 1
-1 1
-1 1
-1 1
-1 1
-1 1
-1 1
-1 1
-1 1
-1 1
-1 1
-1 1
-1 1
-1 1
