3 0
3 0
5 0
7 -1
15 -2
18 -4
14 0
7 5
3 4
3 4
3 4
3 4
3 4
3 4
3 4
3 4
3 4
3 4
3 4
3 4
3 4
3 4
3 4
3 4
3 4
3 4
3 4
3 4
3 4
3 4
3 4
3 4
3 4
3 4
3 4
3 4
3 4
3 4
3 4
2 7
2 7
2 7
2 7
2 7
2 7
2 7
2 7
2 7
2 7
2 7
2 7
2 7
2 7
2 7
2 7
2 7
2 7
2 7
2 7
2 7
2 7
2 7
2 9
2 9
2 9
2 9
2 9
2 9
2 9
2 9
2 9
2 9
2 9
2 9
2 9
2 9
2 9
2 9
2 9
2 9
2 9
2 9
2 9
2 9
2 9
2 9
2 9
2 9
2 9
2 9
2 9
2 9
2 9
2 9
2 9
2 9
2 9
2 9
2 9
2 9
2 9
2 9
2 9
2 9
2 9
2 9
2 9
2 9
2 9
2 9
2 9
2 9
2 9
2 9
2 9
2 9
2 9
2 9
2 9
2 14
2 14
2 14
2 14
2 14
2 14
2 14
2 14
2 14
2 14
2 14
2 14
2 14
2 14
2 14
2 14
2 14
2 14
2 14
2 14
2 14
2 14
2 14
2 14
2 14
2 14
2 14
2 14
2 14
2 14
2 14
2 14
2 14
2 14
2 14
2 14
2 14
6 16
6 16
6 16
6 16
6 16
6 16
6 16
6 16
6 16
6 16
6 16
6 16
6 16
6 16
6 16
6 16
6 16
6 16
6 16
6 16
6 16
6 16
6 16
6 16
6 16
6 16
6 16
6 16
6 16
6 16
6 16
6 16
6 16
6 16
6 16
6 16
6 16
6 16
6 16
3 19
3 19
3 19
3 19
3 19
3 19
3 19
3 19
3 19
3 19
3 19
3 19
3 19
3 19
3 19
3 19
3 19
3 19
3 19
3 19
3 19
3 19
3 19
2 18
2 18
2 18
2 18
2 18
2 18
2 18
2 18
2 18
2 18
2 18
2 18
2 18
2 18
2 18
2 18
2 18
2 18
2 18
2 18
2 18
3 21
3 21
3 21
3 21
3 21
3 21
3 21
3 21
3 21
3 21
3 21
3 21
3 21
3 21
3 21
3 21
3 21
3 21
3 21
3 21
3 21
3 21
3 21
3 21
3 21
3 21
3 21
3 21
3 21
3 21
3 21
3 21
3 21
3 21
3 21
3 21
3 21
3 21
3 21
3 21
3 21
3 21
3 21
3 21
2 19
2 19
2 19
2 19
2 19
2 19
2 19
2 19
2 19
2 19
2 19
2 19
2 19
2 19
2 19
2 19
2 19
2 19
2 19
2 19
2 19
2 19
2 19
2 19
2 19
2 19
2 19
2 19
2 19
2 19
2 19
2 19
2 19
2 19
2 19
2 19
2 19
2 19
2 19
2 19
2 19
2 19
2 19
2 19
2 19
2 19
2 19
2 19
2 19
2 19
2 19
2 19
2 19
2 19
2 19
2 19
2 19
2 19
2 19
2 19
2 19
2 19
2 19
2 19
2 19
2 19
2 19
2 19
2 19
2 19
2 19
2 19
2 19
2 19
2 19
2 19
4 16
4 16
4 16
4 16
4 16
4 16
4 16
4 16
4 16
4 16
4 16
4 16
4 16
4 16
4 16
4 16
4 16
4 16
4 16
4 16
4 16
4 16
4 16
4 16
4 16
4 16
4 16
4 16
4 16
4 16
4 16
4 16
4 16
4 16
4 16
4 16
4 16
4 16
4 16
4 16
4 16
4 16
4 16
4 16
3 19
3 19
3 19
3 19
3 19
3 19
3 19
3 19
3 19
3 19
3 19
3 19
3 19
3 19
3 19
3 19
3 19
3 19
3 19
3 19
2 16
0 16
0 16
1 16
1 16
1 16
1 16
1 16
1 16
1 16
1 16
1 16
1 16
1 16
1 16
1 16
1 16
1 16
1 16
1 16
1 16
1 16
1 16
1 16
1 16
1 16
1 16
1 16
1 16
1 16
1 16
1 16
1 16
1 16
1 16
1 16
1 16
1 16
1 16
1 16
1 16
1 16
1 16
1 14
1 14
1 14
1 14
1 14
1 14
1 14
1 14
1 14
1 14
1 14
1 14
1 14
1 14
1 14
1 14
1 14
1 14
1 14
1 14
1 14
1 14
-1 16
-1 16
-1 16
-1 16
-1 16
-1 16
-1 16
-1 16
-1 16
-1 16
-1 16
-1 16
-1 16
-1 16
-1 16
-1 16
-1 16
-1 16
-1 16
-1 16
-1 16
-1 16
-1 16
-1 16
-1 16
-1 16
-1 16
-1 16
-1 16
-1 16
-1 16
-1 16
-1 16
-1 16
-1 16
-1 16
-1 16
-1 16
-1 16
-1 16
-1 16
-1 16
-1 16
-1 16
-1 15
-1 15
-1 15
-1 15
-1 15
-1 15
-1 15
-1 15
-1 15
-1 15
-1 15
-1 15
-1 15
-1 15
-1 15
-1 15
-1 15
-1 15
-1 15
-1 15
-1 15
-1 15
-1 15
-1 15
-1 15
-1 15
-1 15
-1 15
-1 15
-1 15
-1 15
-1 15
-1 15
-1 15
-1 15
-1 15
-1 15
-1 15
-1 15
-1 15
-1 15
-1 15
-1 15
-1 15
-1 15
-1 15
-1 15
-1 15
-1 15
-1 15
-1 15
-1 15
-1 15
-1 15
-1 15
-1 15
-1 15
-1 15
-1 15
-1 15
-1 15
-1 15
-1 15
-1 15
-1 15
-1 15
-1 15
-1 15
-1 15
-1 15
-1 15
-1 15
-1 15
-1 15
-1 15
-1 15
-1 15
-1 15
-1 15
-1 15
-1 13
-1 13
-1 13
-1 13
-1 13
-1 13
-1 13
-1 13
-1 13
-1 13
-1 13
-1 13
-1 13
-1 13
-1 13
-1 13
-1 13
-1 13
-1 13
-1 13
-1 13
-1 13
-1 13
-1 13
-1 13
-1 13
-1 13
-1 13
-1 13
-1 13
-1 13
-1 13
-2 12
0 12
0 12
0 12
0 12
0 12
0 12
0 12
0 12
0 12
0 12
0 12
0 12
0 12
0 12
0 12
0 12
0 12
0 12
0 12
0 12
0 12
0 12
0 12
0 12
0 12
0 12
0 12
0 12
0 12
0 12
0 12
0 12
0 12
0 12
0 12
0 10
0 10
0 10
0 10
0 10
0 10
0 10
0 10
0 10
0 10
0 10
0 10
0 10
0 10
0 10
0 10
0 10
0 10
0 10
0 10
0 10
0 10
0 10
0 10
0 10
0 10
0 10
0 10
0 10
0 10
0 10
0 10
0 10
0 10
0 10
0 10
0 10
0 10
0 10
0 10
1 9
1 9
2 9
2 9
2 9
2 9
2 9
2 9
2 9
2 9
2 9
2 9
2 9
2 9
2 9
2 9
2 9
2 9
2 9
2 9
2 9
2 9
2 9
2 9
2 9
2 9
2 9
2 9
2 9
2 9
2 9
2 9
2 9
2 9
2 9
2 9
2 9
2 9
2 9
2 9
2 9
3 7
3 7
3 7
3 7
3 7
3 7
3 7
3 7
3 7
3 7
3 7
3 7
3 7
3 7
3 7
3 7
3 7
3 7
3 7
3 7
3 7
3 7
3 7
3 7
3 7
3 7
3 7
3 7
3 7
3 7
3 7
3 7
3 7
3 7
3 7
3 7
3 7
3 7
3 7
3 7
2 4
2 4
2 4
2 4
2 4
2 4
2 4
2 4
2 4
2 4
2 4
2 4
2 4
2 4
2 4
2 4
2 4
2 4
2 4
2 4
2 4
2 4
2 4
2 4
2 4
2 4
2 4
2 4
2 4
2 4
2 4
2 4
2 4
2 4
2 4
2 4
2 4
2 4
2 4
2 4
2 4
2 4
2 4
1 4
2 4
2 4
2 4
2 4
2 4
2 4
2 4
2 4
2 4
2 4
2 4
2 4
2 4
2 4
2 4
2 4
2 4
2 4
2 4
2 4
2 4
2 4
2 4
2 4
2 4
2 4
2 4
2 4
2 4
2 4
2 4
2 4
2 4
2 4
2 4
2 4
2 4
2 4
2 4
2 4
2 4
2 4
2 4
2 4
2 4
2 4
2 4
2 4
2 4
2 4
2 4
2 4
2 4
2 4
2 4
2 4
2 4
2 4
2 4
2 4
2 4
2 4
2 4
2 4
2 4
2 4
2 4
2 4
2 4
2 4
2 4
2 4
2 4
2 4
2 4
2 4
2 4
2 4
2 4
2 4
2 4
2 4
2 4
2 4
2 4
3 3
3 2
3 2
3 2
3 2
3 2
3 2
3 2
3 2
3 2
3 2
3 2
3 2
3 2
3 2
3 2
3 2
3 2
3 2
3 2
3 2
3 2
3 2
3 2
3 2
3 2
3 2
3 2
3 2
3 2
3 2
3 2
3 2
3 2
3 2
3 2
3 2
3 2
3 2
3 2
3 2
3 2
3 2
3 2
3 2
3 2
3 2
3 2
5 2
5 2
5 2
5 2
5 2
5 2
5 2
5 2
5 2
5 2
5 2
5 2
5 2
5 2
5 2
5 2
5 2
5 2
5 2
5 2
5 2
8 0
8 0
8 0
8 0
8 0
8 0
8 0
8 0
8 0
8 0
8 0
8 0
8 0
8 0
8 0
8 0
8 0
8 0
8 0
8 0
8 0
8 0
8 0
8 0
8 0
8 0
8 0
8 0
8 0
8 0
8 0
8 0
8 0
8 0
8 0
8 0
8 0
8 0
8 0
8 0
8 0
8 0
8 0
8 0
8 0
8 0
14 -6
14 -6
14 -6
14 -6
14 -6
14 -6
14 -6
14 -6
14 -6
14 -6
14 -6
14 -6
14 -6
14 -6
14 -6
14 -6
14 -6
14 -6
14 -6
14 -6
14 -6
14 -6
17 -5
17 -5
17 -5
17 -5
17 -5
17 -5
17 -5
17 -5
17 -5
17 -5
17 -5
17 -5
17 -5
17 -5
17 -5
17 -5
17 -5
17 -5
17 -5
17 -5
17 -5
17 -5
17 -5
17 -5
17 -5
17 -5
17 -5
17 -5
17 -5
17 -5
17 -5
17 -5
17 -5
17 -5
17 -5
17 -5
17 -5
17 -5
17 -5
17 -5
17 -5
17 -5
17 -5
17 -5
17 -5
17 -5
19 -7
19 -7
19 -7
19 -7
19 -7
19 -7
19 -7
19 -7
19 -7
19 -7
19 -7
19 -7
19 -7
19 -7
19 -7
19 -7
19 -7
19 -7
19 -7
18 -6
18 -6
18 -6
18 -6
18 -6
18 -6
18 -6
18 -6
18 -6
18 -6
18 -6
18 -6
18 -6
18 -6
18 -6
18 -6
18 -6
18 -6
18 -6
18 -6
18 -6
18 -6
18 -6
18 -6
18 -6
18 -6
18 -6
18 -6
18 -6
18 -6
18 -6
18 -6
18 -6
18 -6
18 -6
18 -6
18 -6
18 -5
18 -5
18 -5
18 -5
18 -5
18 -5
18 -5
18 -5
18 -5
18 -5
18 -5
18 -5
18 -5
18 -5
18 -5
18 -5
18 -5
18 -5
18 -5
18 -5
18 -5
18 -5
18 -5
18 -5
18 -5
18 -5
18 -5
18 -5
18 -5
18 -5
18 -5
18 -5
18 -5
18 -5
18 -5
18 -5
18 -5
18 -5
18 -5
18 -5
18 -5
18 -5
18 -5
18 -5
18 -5
18 -5
18 -5
12 -4
12 -4
12 -4
9 -3
9 -3
9 -3
9 -3
9 -3
9 -3
9 -3
9 -3
9 -3
9 -3
9 -3
9 -3
9 -3
9 -3
9 -3
9 -3
9 -3
9 -3
9 -3
8 -4
8 -4
8 -4
8 -4
8 -4
8 -4
8 -4
8 -4
8 -4
8 -4
8 -4
8 -4
8 -4
8 -4
8 -4
8 -4
8 -4
8 -4
8 -4
8 -4
8 -4
8 -4
7 -4
7 -4
7 -4
7 -4
7 -4
7 -4
7 -4
7 -4
7 -4
7 -4
7 -4
7 -4
7 -4
7 -4
7 -4
7 -4
7 -4
7 -4
7 -4
7 -4
7 -4
7 -4
7 -4
7 -4
7 -4
7 -4
7 -4
7 -4
7 -4
7 -4
7 -4
7 -4
7 -4
7 -4
7 -4
7 -4
7 -4
7 -4
7 -4
7 -4
7 -4
7 -4
7 -4
7 -4
7 -4
7 -4
7 -4
7 -4
7 -4
7 -4
5 -2
5 -2
5 -2
5 -2
5 -2
5 -2
5 -2
5 -2
5 -2
5 -2
5 -2
5 -2
5 -2
5 -2
5 -2
5 -2
5 -2
5 -2
5 -2
5 -2
5 -2
5 -2
5 -2
5 -2
5 -2
5 -2
5 -2
5 -2
5 -2
5 -2
5 -2
5 -2
5 -2
5 -2
5 -2
5 -2
5 -2
5 -2
5 -2
5 -2
5 -2
5 -2
5 -2
5 -2
5 -2
5 -2
6 -2
6 -2
6 -2
6 -2
6 -2
6 -2
6 -2
6 -2
6 -2
6 -2
6 -2
6 -2
6 -2
6 -2
6 -2
6 -2
6 -2
6 -2
6 -2
6 -2
6 -2
6 -2
6 -2
6 -2
6 -2
6 -2
6 -2
6 -2
6 -2
6 -2
6 -2
6 -2
6 -2
6 -2
6 -2
6 -2
6 -2
6 -2
6 -2
6 -2
6 -2
6 -2
6 -2
4 -2
4 -2
6 -2
6 -2
6 -2
6 -2
6 -2
6 -2
6 -2
6 -2
6 -2
6 -2
6 -2
6 -2
6 -2
6 -2
6 -2
6 -2
6 -2
6 -2
6 -2
6 -2
6 -2
6 -2
6 -2
6 -2
6 -2
6 -2
6 -2
6 -2
6 -2
6 -2
6 -2
6 -2
6 -2
6 -2
6 -2
6 -2
6 -2
8 -3
8 -3
8 -3
8 -3
8 -3
8 -3
8 -3
8 -3
8 -3
8 -3
8 -3
8 -3
8 -3
8 -3
8 -3
8 -3
8 -3
8 -3
8 -3
8 -3
8 -3
8 -3
8 -3
8 -3
7 -2
5 -1
5 -1
5 -1
5 -1
5 -1
5 -1
5 -1
5 -1
5 -1
5 -1
5 -1
5 -1
5 -1
5 -1
5 -1
5 -1
5 -1
5 -1
5 -1
5 -1
5 -1
5 -1
5 -1
5 -1
5 -1
5 -1
5 -1
5 -1
5 -1
5 -1
5 -1
5 -1
5 -1
5 -1
5 -1
5 -1
5 0
5 0
5 0
5 0
5 0
5 0
5 0
5 0
5 0
5 0
5 0
5 0
5 0
5 0
5 0
5 0
5 0
5 0
5 0
5 0
5 0
5 0
5 0
5 0
5 0
5 0
5 0
5 0
5 0
5 0
5 0
5 0
5 0
5 0
5 0
5 0
5 0
6 -3
6 -3
6 -3
6 -3
6 -3
6 -3
6 -3
6 -3
6 -3
6 -3
6 -3
6 -3
6 -3
6 -3
6 -3
6 -3
6 -3
6 -3
6 -3
6 -3
6 -3
6 -3
6 -3
9 -3
9 -3
9 -3
9 -3
9 -3
9 -3
9 -3
9 -3
9 -3
9 -3
9 -3
9 -3
8 -3
8 -3
8 -3
8 -3
8 -3
8 -3
8 -3
8 -3
8 -3
8 -3
8 -3
8 -3
8 -3
8 -3
8 -3
8 -3
8 -3
8 -3
8 -3
8 -3
8 -3
8 -3
8 -3
8 -3
8 -3
8 -3
8 -3
8 -3
8 -3
8 -3
8 -3
8 -3
5 -2
5 -2
5 -2
5 -2
5 -2
5 -2
5 -2
5 -2
5 -2
5 -2
5 -2
5 -2
5 -2
5 -2
5 -2
5 -2
5 -2
5 -2
5 -2
5 -2
5 -2
5 -2
5 -2
5 -2
5 -2
5 -2
5 -2
5 -2
5 -2
5 -2
5 -2
5 -2
5 -2
5 -2
5 -2
5 -2
5 -2
5 -2
5 -2
5 -2
5 -2
1 0
1 0
1 0
1 0
1 0
1 0
1 0
1 0
1 0
1 0
1 0
1 0
1 0
1 0
1 0
1 0
1 0
1 0
1 0
1 0
1 0
1 0
1 0
1 0
1 0
1 0
1 0
1 0
1 0
1 0
1 0
1 0
1 0
1 0
1 0
1 0
1 0
1 0
1 0
1 0
1 0
1 0
1 0
1 0
1 0
1 0
1 0
1 0
1 0
1 0
1 0
1 0
1 0
1 0
1 0
1 0
1 0
1 0
1 0
1 0
1 0
1 0
1 0
1 0
1 0
1 0
1 0
1 0
1 0
1 0
1 0
1 0
1 0
1 0
1 0
1 0
1 0
1 0
1 0
1 0
1 0
1 0
1 0
1 0
1 0
1 0
1 0
1 0
1 0
1 0
1 0
1 0
1 0
1 0
1 0
1 0
1 0
1 0
1 0
1 0
1 0
1 0
1 0
1 0
1 0
1 0
1 0
1 0
1 0
1 0
1 0
1 0
1 0
1 0
1 0
1 0
1 0
1 0
1 0
1 0
1 0
1 0
1 0
1 0
1 0
1 0
1 0
1 0
1 0
1 0
1 0
1 0
1 0
1 0
1 0
1 0
1 0
1 0
1 0
1 0
1 0
1 0
1 0
1 0
1 0
1 0
1 0
1 0
1 0
1 0
1 0
1 0
1 0
1 0
1 0
1 0
1 0
1 0
1 0
1 0
1 0
1 0
1 0
1 0
1 0
1 0
1 0
1 0
1 0
1 0
1 0
1 0
1 0
1 0
1 0
1 0
1 0
1 0
1 0
1 0
1 0
1 0
1 0
1 0
1 0
1 0
1 0
1 0
1 0
1 0
1 0
1 0
1 0
1 0
1 0
1 0
1 0
1 0
1 0
1 0
1 0
1 0
1 0
1 0
1 0
1 0
1 0
1 0
1 0
1 0
1 0
1 0
1 0
1 0
1 0
1 0
1 0
1 0
1 0
1 0
1 0
1 0
1 0
1 0
1 0
1 0
1 0
1 0
1 0
1 0
1 0
1 0
1 0
1 0
1 0
1 0
1 0
1 0
0 1
0 1
0 1
0 1
0 1
0 1
0 1
0 1
0 1
0 1
0 1
0 1
0 1
0 1
0 1
0 1
0 1
0 1
0 1
0 1
0 1
0 1
0 1
0 1
0 1
0 1
0 1
0 1
0 1
0 1
0 1
0 1
0 1
0 1
0 1
0 1
0 1
0 1
0 1
0 1
0 1
0 1
0 1
0 1
0 1
0 1
0 1
0 1
0 1
0 1
0 1
0 1
0 1
0 1
0 1
0 1
0 1
0 1
0 1
0 1
0 1
0 1
0 1
0 1
0 1
0 1
0 1
0 1
0 1
0 1
0 1
0 1
0 1
0 1
0 1
0 1
0 1
0 1
0 1
0 1
0 1
0 1
0 1
0 1
0 1
0 1
0 1
0 1
0 1
0 1
0 1
0 1
0 1
0 1
0 1
0 1
0 1
0 1
0 1
0 1
0 1
0 1
0 1
0 1
0 1
0 1
0 1
0 1
0 1
0 1
0 1
0 1
0 1
0 1
0 1
0 1
0 1
0 1
0 1
0 1
0 1
0 1
0 1
0 1
0 1
0 1
0 1
0 1
0 1
0 1
0 1
0 1
0 1
0 1
0 1
0 1
0 1
0 1
0 1
0 1
0 1
0 1
0 1
0 1
0 1
0 1
0 1
0 1
0 1
0 1
0 1
0 1
0 1
0 1
0 1
0 1
0 1
0 1
0 1
0 1
0 1
0 1
0 1
0 1
0 1
0 1
0 1
0 1
0 1
0 1
0 1
0 1
0 1
0 1
0 1
0 1
0 1
0 1
0 1
0 1
0 1
0 1
0 1
0 1
0 1
0 1
0 1
0 1
0 1
0 1
0 1
0 1
0 1
0 1
0 1
0 1
0 1
0 1
0 1
0 1
0 1
0 1
0 1
0 1
0 1
0 1
0 1
0 1
0 1
0 1
0 1
0 1
0 1
0 1
0 1
0 1
0 1
0 1
0 1
0 1
0 1
0 1
0 1
0 1
0 1
0 1
0 1
0 1
0 1
0 1
0 1
0 1
0 1
0 1
0 1
0 1
0 1
0 1
0 1
0 1
0 1
0 1
0 1
0 1
0 1
0 1
0 1
0 1
0 1
0 1
0 1
0 1
0 1
0 1
0 1
0 1
0 1
0 1
0 1
0 1
0 1
0 1
0 1
0 1
0 1
0 1
0 1
0 1
0 1
0 1
0 1
0 1
0 1
0 1
0 1
0 1
0 1
0 1
0 1
0 1
0 1
0 1
0 1
0 1
0 1
0 1
0 1
0 1
0 1
0 1
0 1
0 1
0 1
0 1
0 1
0 1
0 1
0 1
0 1
0 1
0 1
0 1
0 1
0 1
0 1
0 1
0 1
0 1
0 1
0 1
0 1
0 1
0 1
0 1
0 1
0 1
0 1
0 1
0 1
0 1
0 1
0 1
0 1
0 1
0 1
0 1
0 1
0 1
0 1
0 1
0 1
0 1
0 1
0 1
0 1
0 1
0 1
0 1
0 1
0 1
0 1
0 1
0 1
0 1
0 1
0 1
0 1
0 1
0 1
0 1
0 1
0 1
0 1
0 1
0 1
0 1
0 1
0 1
0 1
0 1
0 1
0 1
0 1
0 1
0 1
0 1
0 1
0 1
0 1
0 1
0 1
0 1
0 1
0 1
0 1
0 1
0 1
0 1
0 1
0 1
0 1
0 1
0 1
0 1
0 1
0 1
0 1
0 1
0 1
0 1
0 1
0 1
0 1
0 1
0 1
0 1
0 1
0 1
0 1
0 1
0 1
0 1
0 1
0 1
0 1
0 1
0 1
0 1
0 1
0 1
0 1
0 1
0 1
0 1
0 1
0 1
0 1
0 1
0 1
0 1
0 1
0 1
0 1
0 1
0 1
0 1
0 1
0 1
0 1
0 1
0 1
0 1
0 1
0 1
0 1
0 1
0 1
0 1
0 1
0 1
0 1
0 1
0 1
0 1
0 1
0 1
0 1
0 1
0 1
0 1
0 1
0 1
0 1
0 1
0 1
0 1
0 1
0 1
0 1
0 1
0 1
0 1
0 1
0 1
0 1
0 1
0 1
0 1
0 1
0 1
0 1
0 1
0 1
0 1
0 1
0 1
0 1
0 1
0 1
0 1
0 1
0 1
0 1
0 1
0 1
0 1
0 1
0 1
0 1
0 1
0 1
0 1
0 1
0 1
0 1
0 1
0 1
0 1
0 1
0 1
0 1
0 1
0 1
0 1
0 1
0 1
0 1
0 1
0 1
0 1
0 1
0 1
0 1
0 1
0 1
0 1
0 1
0 1
0 1
0 1
0 1
0 1
0 1
0 1
0 1
0 1
0 1
0 1
0 1
0 1
0 1
0 1
0 1
0 1
0 1
0 1
0 1
0 1
0 1
0 1
0 1
0 1
0 1
0 1
0 1
0 1
0 1
0 1
0 1
0 1
0 1
0 1
0 1
0 1
0 1
0 1
0 1
0 1
