5 0
5 0
5 0
5 0
5 0
5 0
8 0
8 0
8 0
8 0
8 0
8 0
8 0
8 0
8 0
8 0
8 0
8 0
8 0
8 0
8 0
8 0
8 0
8 0
8 0
8 0
8 0
8 0
8 0
8 0
8 0
11 -1
11 -1
11 -1
11 -1
11 -1
11 -1
11 -1
11 -1
11 -1
11 -1
11 -1
11 -1
11 -1
11 -1
11 -1
11 -1
11 -1
11 -1
11 -1
11 -1
11 -1
11 -1
11 -1
11 -1
11 -1
11 -1
11 -1
11 -1
11 -1
11 -1
11 -1
11 -1
11 -1
11 -1
11 -1
11 -1
11 -1
11 -1
11 -1
11 -1
11 -1
11 -1
11 -1
11 -1
11 -1
11 -1
11 -1
8 0
8 0
8 0
8 0
8 0
8 0
8 0
8 0
8 0
8 0
8 0
8 0
8 0
8 0
8 0
8 0
8 0
8 0
8 0
8 0
8 0
8 0
8 0
8 0
8 0
8 0
8 0
8 0
8 0
8 0
8 0
8 0
8 0
8 0
8 0
8 0
8 0
8 0
8 0
8 0
8 0
8 0
8 0
8 0
8 0
8 0
8 0
8 0
8 0
8 0
8 0
9 1
9 1
9 1
9 1
9 1
7 3
7 3
7 3
7 3
7 3
7 3
7 3
7 3
7 3
7 3
7 3
7 3
7 3
7 3
7 3
7 3
7 3
7 3
7 3
7 3
7 3
7 3
7 3
7 3
7 3
7 3
7 3
7 3
7 3
7 3
7 3
7 3
7 3
7 3
7 3
7 3
7 3
7 3
7 3
7 3
7 3
7 3
7 3
7 3
7 3
7 3
7 3
7 3
7 3
7 3
7 3
7 3
7 3
7 3
7 3
7 3
7 3
7 3
7 3
7 3
7 3
7 3
7 3
7 3
7 3
7 3
7 3
7 3
7 3
7 3
7 3
7 3
7 3
7 3
7 3
7 3
7 3
7 3
7 3
7 3
8 2
8 2
8 2
8 2
8 2
8 2
8 2
8 2
8 2
8 2
8 2
8 2
8 2
8 2
8 2
8 2
8 2
8 2
8 2
8 2
8 2
8 2
8 2
8 2
8 2
8 2
8 2
8 2
8 2
8 2
8 2
8 2
8 2
8 2
8 2
8 2
8 2
8 2
8 2
8 2
6 2
6 2
7 3
7 3
7 3
7 3
7 3
7 3
7 3
7 3
7 3
7 3
7 3
7 3
7 3
7 3
7 3
7 3
7 3
7 3
7 3
6 4
6 4
6 4
6 4
6 4
6 4
6 4
6 4
6 4
6 4
6 4
6 4
6 4
6 4
6 4
6 4
6 4
6 4
6 4
6 4
6 4
6 4
6 4
6 4
6 4
6 4
6 4
6 4
6 4
6 4
6 4
6 4
6 4
6 4
6 4
6 4
6 4
6 4
6 4
6 4
6 4
6 4
6 4
6 4
6 4
5 3
5 3
5 3
5 3
5 3
5 3
5 3
5 3
5 3
5 3
5 3
5 3
5 3
5 3
5 3
5 3
5 3
5 3
5 3
5 3
5 3
5 3
5 3
4 1
4 1
4 1
4 1
4 1
4 1
4 1
4 1
4 1
4 1
4 1
4 1
4 1
4 1
4 1
4 1
4 1
4 1
8 5
8 5
8 5
8 5
8 5
8 5
8 5
8 5
8 5
8 5
8 5
8 5
8 5
8 5
8 5
8 5
8 5
8 5
8 5
8 5
8 5
8 5
8 5
8 5
8 5
8 5
8 5
8 5
8 5
8 5
8 5
8 5
8 5
8 5
8 5
8 5
8 5
8 5
8 5
8 5
8 5
7 7
7 7
7 7
7 7
7 7
7 7
7 7
7 7
7 7
7 7
7 7
7 7
7 7
7 7
7 7
7 7
7 7
7 7
7 7
7 7
7 7
7 7
7 7
7 7
7 7
7 7
7 7
7 7
7 7
7 7
7 7
7 7
7 7
7 7
7 7
7 7
7 7
7 7
7 7
7 7
7 7
7 7
6 8
6 8
6 8
6 8
6 8
6 8
6 8
6 8
6 8
6 8
6 8
6 8
6 8
6 8
6 8
6 8
6 8
6 8
6 8
6 8
6 8
6 8
6 8
6 8
6 8
6 8
6 8
6 8
6 8
6 8
6 8
6 8
6 8
6 8
6 8
6 8
6 8
6 8
6 8
6 8
4 12
4 11
4 11
4 11
4 11
4 11
4 11
4 11
4 11
4 11
4 11
4 11
4 11
4 11
4 11
4 11
4 11
4 11
4 11
4 11
4 11
4 11
4 11
4 11
4 11
4 11
4 11
4 11
4 11
4 11
4 11
4 11
4 11
4 11
4 11
4 11
4 11
4 11
4 11
4 11
4 11
5 11
5 11
5 11
5 11
5 11
5 11
5 11
5 11
5 11
5 11
5 11
5 11
5 11
5 11
5 11
5 11
5 11
5 11
5 11
5 11
5 11
5 11
5 11
5 11
5 11
5 11
5 11
5 11
5 11
5 11
5 11
5 11
5 11
5 11
5 11
5 11
5 11
5 11
5 11
4 10
4 10
4 10
4 10
4 10
4 10
4 10
4 10
4 10
4 10
4 10
4 10
4 10
4 10
4 10
4 10
4 10
4 10
4 10
4 10
4 10
4 10
4 10
4 10
4 10
4 10
4 10
4 10
4 10
4 10
4 10
4 10
4 10
4 10
4 10
4 10
4 10
4 10
4 10
4 10
4 10
4 10
4 10
4 10
4 10
4 10
6 9
6 9
6 9
6 9
6 9
6 9
6 9
6 9
6 9
6 9
6 9
6 9
6 9
6 9
6 9
6 9
6 9
6 9
6 9
6 9
6 9
6 9
6 9
6 9
6 9
6 9
6 9
6 9
6 9
6 9
6 9
6 9
6 9
6 9
6 9
6 9
6 9
6 9
6 9
6 9
6 9
6 9
6 9
6 9
6 9
6 9
6 9
6 9
6 9
6 9
6 9
7 7
7 7
7 7
7 7
7 7
7 7
7 7
7 7
7 7
7 7
7 7
7 7
7 7
7 7
7 7
7 7
7 7
7 7
7 7
7 7
7 7
7 7
7 7
7 7
7 7
7 7
7 7
7 7
7 7
7 7
7 7
7 7
7 7
7 7
7 7
7 7
7 7
7 7
7 7
7 7
7 7
7 7
7 7
7 7
7 7
7 7
7 7
7 7
7 7
7 7
7 7
7 7
7 7
7 7
7 7
7 7
7 7
7 7
7 7
7 7
7 7
7 7
7 7
7 7
7 7
7 7
7 7
7 7
7 7
7 7
7 7
7 7
7 7
7 7
7 7
7 7
7 7
7 7
7 7
7 7
7 7
7 7
7 7
7 7
7 7
7 7
7 7
7 7
7 7
7 7
7 7
7 7
7 7
7 7
7 7
7 7
7 7
6 8
6 8
7 8
7 9
7 9
7 9
7 9
7 9
7 9
7 9
7 9
7 9
7 9
7 9
7 9
7 9
7 9
7 9
7 9
7 9
7 9
7 9
7 9
7 9
7 9
7 9
7 9
7 9
7 9
7 9
7 9
7 9
7 9
7 9
7 9
7 9
7 9
7 9
7 9
7 9
7 9
7 9
7 9
7 9
7 9
7 9
7 9
7 9
7 9
7 9
7 9
7 9
7 9
7 9
7 9
7 9
7 9
7 9
7 9
7 9
7 9
7 9
7 9
7 9
7 9
7 9
7 9
7 9
7 10
7 10
6 7
6 7
6 7
6 7
6 7
6 7
6 7
6 7
6 7
6 7
6 7
6 7
6 7
6 7
6 7
6 7
6 7
6 7
6 7
6 7
6 7
6 7
6 7
6 7
6 7
6 7
6 7
6 7
6 7
6 7
6 7
6 7
6 7
6 7
6 7
6 7
6 7
6 7
6 7
6 7
6 7
6 7
6 7
8 12
8 12
8 12
8 12
8 12
8 12
8 12
8 12
8 12
8 12
8 12
8 12
8 12
8 12
8 12
8 12
8 12
8 12
8 12
8 12
8 12
8 9
8 9
8 9
8 9
8 9
8 9
8 9
8 9
8 9
8 9
8 9
8 9
8 9
8 9
8 9
8 9
8 9
8 9
8 9
8 9
8 9
8 9
8 9
8 9
8 9
8 9
8 9
8 9
8 9
8 9
8 9
8 9
8 9
8 9
8 9
8 9
8 9
8 9
8 9
8 9
8 9
8 9
8 9
8 9
7 9
7 9
7 9
7 9
7 9
7 9
7 9
7 9
7 9
7 9
7 9
7 9
7 9
7 9
7 9
7 9
7 9
7 9
7 9
7 9
7 9
7 9
7 9
7 9
11 9
11 9
11 9
11 9
11 9
11 9
11 9
11 9
11 9
11 9
11 9
11 9
11 9
11 9
11 9
11 9
11 9
11 9
11 9
11 9
11 9
11 9
11 9
11 9
11 9
11 9
11 9
11 9
11 9
11 9
11 9
11 9
11 9
11 9
11 9
11 9
11 9
11 9
11 9
11 8
11 8
11 8
11 8
11 8
11 8
11 8
11 8
11 8
11 8
11 8
11 8
11 8
11 8
11 8
11 8
11 8
11 8
11 8
11 8
11 8
11 8
11 8
11 8
11 8
11 8
11 8
11 8
11 8
11 8
11 8
11 8
11 8
11 8
11 7
11 7
11 7
11 7
11 7
11 7
11 7
11 7
11 7
11 7
11 7
11 7
11 7
11 7
11 7
11 7
11 7
11 7
8 7
8 7
8 7
8 7
8 7
8 7
8 7
8 7
8 7
8 7
8 7
8 7
8 7
8 7
8 7
8 7
8 7
8 7
8 7
8 7
8 7
8 7
8 7
8 7
8 7
8 7
8 7
8 7
8 7
8 7
8 7
8 7
8 7
8 7
8 7
8 7
8 7
8 7
8 7
8 7
8 7
8 7
8 7
8 7
8 7
8 7
8 7
8 7
8 7
8 7
8 7
8 7
8 7
8 7
8 7
8 7
8 7
8 7
8 7
8 7
5 7
5 7
5 7
5 7
5 7
5 7
5 7
5 7
5 7
5 7
5 7
5 7
5 7
5 7
5 7
5 7
5 7
5 7
5 7
5 7
5 7
5 7
5 7
5 7
5 7
5 7
5 7
5 7
5 7
5 7
5 7
5 7
5 7
5 7
5 7
5 7
5 7
5 7
5 7
5 7
5 7
5 9
5 9
5 9
5 9
5 9
5 9
5 9
5 9
5 9
5 9
5 9
5 9
5 9
5 9
5 9
5 9
5 9
5 9
5 9
5 9
5 9
5 9
5 9
5 9
5 9
5 9
5 9
5 9
5 9
5 9
5 9
5 9
5 9
5 9
5 9
5 9
5 9
5 9
5 9
5 9
5 9
5 9
6 9
8 10
8 10
8 10
8 10
8 10
8 10
8 10
8 10
8 10
8 10
8 10
8 10
8 10
8 10
8 10
8 10
8 10
8 10
8 10
8 10
8 10
8 10
8 10
8 10
8 10
8 10
8 10
8 10
8 10
8 10
8 10
8 10
8 10
8 10
8 10
8 10
8 10
8 10
8 10
8 10
8 10
8 10
8 10
8 10
8 10
8 10
8 10
8 10
8 10
8 10
8 10
8 10
8 10
8 10
8 10
8 10
8 10
8 10
8 10
8 10
8 10
8 10
8 10
8 10
8 10
8 10
8 10
8 10
8 10
8 10
8 10
8 10
8 10
8 10
8 10
8 10
8 10
8 10
8 10
8 10
8 10
8 10
8 10
8 10
8 10
10 10
10 10
10 10
10 10
10 10
10 10
10 10
10 10
10 10
10 10
10 10
10 10
10 10
10 10
10 10
10 10
10 10
10 10
10 10
10 10
10 10
10 10
10 10
10 10
10 10
10 10
10 10
10 10
10 10
10 10
10 10
10 10
10 10
10 10
10 10
10 10
10 10
10 10
10 10
10 10
10 10
10 10
10 10
10 10
10 10
10 10
10 10
10 10
10 10
10 10
10 10
11 11
9 12
9 12
9 12
9 12
9 12
9 12
9 12
9 12
9 12
9 12
9 12
9 12
9 12
9 12
9 12
9 12
9 12
9 12
9 12
9 12
9 12
9 12
9 12
9 12
9 12
9 12
9 12
9 12
9 12
9 12
9 12
9 12
9 12
9 12
9 12
9 12
9 12
9 12
9 12
9 12
9 12
9 12
9 12
9 12
9 12
9 12
9 12
9 12
9 12
9 12
10 11
10 11
10 11
10 11
10 11
10 11
10 11
10 11
10 11
10 11
10 11
10 11
10 11
10 11
10 11
10 11
10 11
10 11
10 11
10 11
10 11
10 11
10 11
10 11
10 11
10 11
10 11
10 11
10 11
10 11
10 11
10 11
10 11
10 11
10 11
10 11
10 11
10 11
9 13
9 13
9 13
9 13
9 13
9 13
9 13
9 13
9 13
9 13
9 13
9 13
9 13
9 13
9 13
9 13
9 13
9 13
9 13
9 13
9 13
9 13
9 13
9 13
9 13
9 13
9 13
9 13
9 13
9 13
9 13
9 13
9 13
9 13
9 13
9 13
9 13
9 13
9 13
10 13
10 15
10 15
10 15
10 15
10 15
10 15
10 15
10 15
10 15
10 15
10 15
10 15
10 15
10 15
10 15
10 15
10 15
10 15
10 15
10 15
10 15
10 15
10 15
10 15
10 15
10 15
10 15
10 15
10 15
10 15
10 15
10 15
10 15
10 15
10 15
10 15
10 15
10 15
11 11
11 11
11 11
11 11
11 11
11 11
11 11
11 11
11 11
11 11
11 11
11 11
11 11
11 11
11 11
11 11
11 11
11 11
11 11
11 11
11 11
11 11
11 11
11 11
11 11
11 11
11 11
11 11
11 11
11 11
11 11
11 11
11 11
11 11
11 11
11 11
11 11
11 11
11 11
11 11
11 11
11 11
9 10
9 10
9 10
9 10
9 10
9 10
9 10
9 10
9 10
9 10
9 10
9 10
9 10
9 10
9 10
9 10
9 10
9 10
12 9
12 9
12 9
12 9
12 9
12 9
12 9
12 9
12 9
12 9
12 9
12 9
12 9
12 9
12 9
12 9
12 9
12 9
12 9
12 9
12 9
12 9
12 9
12 9
12 8
12 8
12 8
12 8
12 8
12 8
12 8
12 8
12 8
12 8
12 8
12 8
12 8
12 8
12 8
12 8
12 8
12 8
12 8
12 8
12 8
12 8
12 8
12 8
12 8
12 8
12 8
12 8
12 8
12 8
12 8
12 8
12 8
12 8
12 8
12 8
12 8
12 8
12 8
12 8
12 8
12 8
12 8
10 3
10 3
10 3
10 3
10 3
10 3
10 3
10 3
10 3
10 3
10 3
10 3
10 3
10 3
10 3
10 3
10 3
10 3
11 5
11 5
11 5
11 5
11 5
11 5
11 5
11 5
11 5
11 5
11 5
11 5
11 5
11 5
11 5
11 5
11 5
11 5
11 5
11 5
11 5
11 5
11 5
11 5
11 5
11 5
11 5
11 5
11 5
11 5
11 5
11 5
11 5
11 5
11 5
11 5
11 5
11 5
11 5
11 5
11 5
11 5
11 5
11 5
11 5
11 5
11 5
11 5
11 5
11 5
11 5
11 5
11 5
11 5
11 5
11 5
11 5
11 5
11 5
12 5
12 5
11 3
11 3
11 3
11 3
11 3
11 3
11 3
11 3
11 3
11 3
11 3
11 3
11 3
11 3
11 3
11 3
11 3
11 3
9 3
9 3
9 3
9 3
9 3
9 3
9 3
9 3
9 3
9 3
9 3
9 3
9 3
9 3
9 3
9 3
9 3
9 3
9 3
9 3
9 3
9 3
9 3
9 3
9 3
9 3
9 3
9 3
9 3
9 3
9 3
9 3
9 3
9 3
9 3
9 3
9 3
9 3
9 3
9 3
9 3
9 3
7 2
7 2
7 2
7 2
7 2
7 2
7 2
7 2
7 2
7 2
7 2
7 2
7 2
7 2
7 2
7 2
7 2
7 2
7 2
7 2
7 2
7 2
7 2
7 2
7 2
7 2
7 2
7 2
7 2
7 2
7 2
7 2
7 2
7 2
7 2
7 2
7 2
7 2
7 2
7 2
7 2
7 2
7 2
7 2
7 2
7 2
7 2
7 2
7 2
7 2
7 2
7 2
7 2
7 2
7 2
7 2
7 2
7 2
7 2
7 2
7 2
7 2
7 2
7 2
7 2
7 2
7 2
7 2
7 2
7 2
7 2
7 2
7 2
7 2
7 2
6 0
5 0
5 0
4 0
4 0
4 0
4 0
4 0
4 0
4 0
4 0
4 0
4 0
4 0
4 0
4 0
4 0
4 0
4 0
4 -3
4 -3
4 -3
4 -3
4 -3
4 -3
4 -3
4 -3
4 -3
4 -3
4 -3
4 -3
4 -3
4 -3
4 -3
4 -3
4 -3
4 -3
4 -3
4 -3
4 -3
4 -3
4 -3
4 -3
4 -3
4 -3
4 -3
4 -3
4 -3
4 -3
4 -3
4 -3
4 -3
4 -3
4 -3
4 -3
4 -3
4 -3
4 -3
4 -3
4 -3
4 -3
4 -3
4 -3
4 -3
4 -3
4 -3
4 -3
4 -3
4 -3
4 -3
4 -3
4 -3
4 -4
9 -5
9 -5
9 -5
9 -5
9 -5
9 -5
9 -5
9 -5
9 -5
9 -5
9 -5
9 -5
9 -5
9 -5
9 -5
9 -5
9 -5
9 -5
9 -5
9 -5
9 -5
9 -5
9 -5
9 -5
9 -5
9 -5
9 -5
9 -5
9 -5
9 -5
9 -5
9 -5
9 -5
9 -5
9 -5
9 -5
9 -5
9 -5
9 -5
9 -5
9 -5
9 -5
9 -5
9 -5
9 -5
9 -5
9 -5
9 -5
9 -5
9 -5
9 -5
9 -5
9 -5
9 -5
9 -5
9 -5
9 -5
9 -5
9 -5
9 -5
9 -5
9 -5
9 -5
9 -5
9 -5
12 -5
10 -4
10 -4
10 -4
10 -4
10 -4
10 -4
10 -4
10 -4
10 -4
10 -4
10 -4
10 -4
10 -4
10 -4
10 -4
10 -4
10 -4
8 -1
8 -1
8 -1
8 -1
8 -1
8 -1
8 -1
8 -1
8 -1
8 -1
8 -1
8 -1
8 -1
8 -1
8 -1
5 -1
5 -1
5 -1
5 -1
5 -1
5 -1
5 -1
5 -1
5 -1
5 -1
5 -1
5 -1
5 -1
5 -1
5 -1
5 -1
5 -1
5 -1
5 -1
5 -1
5 -1
5 -1
5 -1
5 -1
5 -1
5 -1
5 -1
5 -1
5 -1
5 -1
5 -1
5 -1
5 -1
5 -1
5 -1
5 -1
5 -1
5 -1
5 -1
3 -1
3 -1
3 -1
3 -1
3 -1
3 -1
3 -1
3 -1
3 -1
3 -1
3 -1
3 -1
3 -1
3 -1
3 -1
3 -1
3 -1
3 -1
3 -1
3 -1
3 -1
3 -1
3 -1
3 -1
3 -1
3 -1
3 -1
3 -1
3 -1
3 -1
3 -1
3 -1
3 -1
3 -1
3 -1
3 -1
3 -1
3 -1
3 -1
3 -1
3 -1
3 -1
3 0
3 -1
3 -1
3 -1
3 -1
3 -1
3 -1
3 -1
3 -1
3 -1
3 -1
3 -1
3 -1
3 -1
3 -1
3 -1
2 0
2 0
2 0
2 0
2 0
2 0
2 0
2 0
2 0
2 0
2 0
2 0
2 0
2 0
2 0
2 0
2 0
2 0
2 0
2 0
2 0
2 0
2 0
2 0
2 0
2 0
2 0
2 0
2 0
2 0
2 0
2 0
2 0
2 0
2 0
2 0
1 0
1 0
1 0
1 0
1 0
1 0
1 0
1 0
1 0
1 0
1 0
1 0
1 0
1 0
1 0
1 0
1 0
1 0
1 0
1 0
1 0
1 0
1 0
1 0
1 0
1 0
1 0
1 0
1 0
1 0
1 0
1 0
1 0
1 0
1 0
1 0
1 0
1 0
1 0
1 0
1 0
1 0
1 0
1 0
1 0
1 0
1 0
1 0
1 0
1 0
1 0
1 0
1 0
1 0
1 0
1 0
1 0
1 0
1 0
1 0
1 0
1 0
1 0
1 0
1 0
1 0
1 0
1 0
1 0
1 0
1 0
1 0
1 0
1 0
1 0
1 0
1 0
1 0
1 0
1 0
1 0
1 0
1 0
1 0
1 0
1 0
1 0
1 0
1 0
1 0
1 0
1 0
1 0
1 0
1 0
1 0
1 0
1 0
1 0
1 0
1 0
1 0
1 0
1 0
1 0
1 0
1 0
1 0
1 0
1 0
1 0
1 0
1 0
1 0
1 0
1 0
1 0
1 0
1 0
1 0
1 0
1 0
1 0
1 0
1 0
1 0
1 0
1 0
1 0
1 0
1 0
1 0
1 0
1 0
1 0
1 0
1 0
1 0
1 0
1 0
1 0
1 0
1 0
1 0
1 0
1 0
1 0
1 0
1 0
1 0
1 0
1 0
1 0
1 0
1 0
1 0
1 0
1 0
1 0
1 0
1 0
1 0
1 0
1 0
1 0
1 0
1 0
1 0
1 0
1 0
1 0
1 0
1 0
1 0
1 0
1 0
1 0
1 0
1 0
1 0
1 0
1 0
1 0
1 0
1 0
1 0
1 0
1 0
1 0
1 0
1 0
1 0
1 0
1 0
1 0
1 0
1 0
1 0
1 0
1 0
1 0
1 0
1 0
1 0
1 0
1 0
1 0
1 0
1 0
1 0
1 0
1 0
1 0
1 0
1 0
1 0
1 0
1 0
1 0
1 0
1 0
1 0
1 0
1 0
1 0
1 0
1 0
1 0
1 0
1 0
1 0
1 0
1 0
1 0
1 0
1 0
1 0
1 0
1 0
1 0
1 0
1 0
1 0
1 0
1 0
1 0
1 0
1 0
1 0
1 0
1 0
1 0
1 0
1 0
1 0
1 0
1 0
1 0
1 0
1 0
1 0
1 0
1 0
1 0
1 0
1 0
1 0
1 0
1 0
1 0
1 0
1 0
1 0
1 0
1 0
1 0
1 0
1 0
1 0
1 0
1 0
1 0
1 0
1 0
1 0
1 0
1 0
1 0
1 0
1 0
1 0
1 0
1 0
1 0
1 0
1 0
1 0
1 0
1 0
1 0
1 0
1 0
1 0
1 0
1 0
1 0
1 0
1 0
1 0
1 0
1 0
1 0
1 0
1 0
1 0
1 0
1 0
1 0
1 0
1 0
1 0
1 0
1 0
1 0
1 0
1 0
1 0
1 0
1 0
1 0
1 0
1 0
1 0
1 0
1 0
1 0
1 0
1 0
1 0
1 0
1 0
1 0
1 0
1 0
1 0
1 0
1 0
1 0
1 0
1 0
1 0
1 0
1 0
1 0
1 0
1 0
1 0
1 0
1 0
1 0
1 0
1 0
1 0
1 0
1 0
1 0
1 0
1 0
1 0
1 0
1 0
1 0
1 0
1 0
1 0
1 0
1 0
1 0
1 0
1 0
1 0
1 0
1 0
1 0
1 0
1 0
1 0
1 0
1 0
1 0
1 0
1 0
1 0
1 0
1 0
1 0
1 0
1 0
1 0
1 0
1 0
1 0
1 0
1 0
1 0
1 0
1 0
1 0
1 0
1 0
1 0
1 0
1 0
1 0
1 0
1 0
1 0
1 0
1 0
1 0
1 0
1 0
1 0
1 0
1 0
1 0
1 0
1 0
1 0
1 0
1 0
1 0
1 0
1 0
1 0
1 0
1 0
1 0
1 0
1 0
1 0
1 0
1 0
1 0
1 0
1 0
1 0
1 0
1 0
1 0
1 0
1 0
1 0
1 0
1 0
1 0
1 0
1 0
1 0
1 0
1 0
1 0
1 0
1 0
1 0
1 0
1 0
1 0
1 0
1 0
1 0
1 0
1 0
1 0
1 0
1 0
1 0
1 0
1 0
1 0
1 0
1 0
1 0
1 0
1 0
1 0
1 0
1 0
1 0
1 0
1 0
1 0
1 0
1 0
1 0
1 0
1 0
1 0
1 0
1 0
1 0
1 0
1 0
1 0
1 0
1 0
1 0
1 0
1 0
1 0
1 0
1 0
1 0
1 0
1 0
1 0
1 0
1 0
1 0
1 0
1 0
1 0
1 0
1 0
1 0
1 0
1 0
1 0
1 0
1 0
1 0
1 0
1 0
1 0
1 0
1 0
1 0
1 0
1 0
1 0
1 0
1 0
1 0
1 0
1 0
1 0
1 0
1 0
1 0
1 0
1 0
1 0
1 0
1 0
1 0
1 0
1 0
1 0
1 0
1 0
1 0
1 0
1 0
1 0
1 0
1 0
1 0
1 0
1 0
1 0
1 0
1 0
1 0
1 0
1 0
1 0
1 0
1 0
1 0
1 0
1 0
1 0
1 0
1 0
1 0
1 0
1 0
1 0
1 0
1 0
1 0
1 0
1 0
1 0
1 0
1 0
1 0
1 0
1 0
1 0
1 0
1 0
1 0
1 0
1 0
1 0
1 0
1 0
1 0
1 0
1 0
1 0
1 0
1 0
1 0
1 0
1 0
1 0
1 0
1 0
1 0
1 0
1 0
1 0
1 0
1 0
1 0
1 0
1 0
1 0
1 0
1 0
1 0
1 0
1 0
1 0
1 0
1 0
1 0
1 0
1 0
1 0
1 0
1 0
1 0
1 0
1 0
1 0
1 0
1 0
1 0
1 0
1 0
1 0
1 0
1 0
1 0
1 0
1 0
1 0
1 0
1 0
1 0
1 0
1 0
1 0
1 0
1 0
1 0
1 0
1 0
1 0
1 0
1 0
1 0
1 0
1 0
1 0
1 0
1 0
1 0
1 0
1 0
1 0
1 0
1 0
1 0
1 0
1 0
1 0
1 0
1 0
1 0
1 0
1 0
1 0
1 0
1 0
1 0
1 0
1 0
1 0
1 0
1 0
