0 -1
0 -1
0 -1
0 -1
0 -1
0 -1
0 -1
0 -1
0 -1
0 -1
0 -1
0 -1
0 -1
0 -1
0 -1
0 -1
0 -1
0 -1
0 -1
0 -1
0 -1
0 -1
0 -1
0 -1
0 -1
0 -1
0 -1
0 -1
0 -1
0 -1
0 -1
0 -1
0 -1
0 -1
0 -1
0 -1
0 -1
0 -1
0 -1
0 -1
0 -1
0 -1
0 -1
0 -1
0 -1
0 -1
0 -1
0 -1
0 -1
0 -1
0 -1
0 -1
0 -1
0 -1
0 -1
0 -1
0 -1
0 -1
0 -2
0 -2
0 -2
0 -2
0 -2
0 -2
0 -2
0 -2
0 -2
0 -2
0 -2
0 -2
0 -2
0 -2
0 -2
0 -2
0 -2
0 -2
0 -2
0 -2
0 -2
0 -2
0 -2
0 -2
0 -2
0 -2
0 -2
0 -2
0 -2
0 -2
0 -2
0 -2
0 -2
0 -2
0 -2
0 -2
0 -2
0 -2
0 -2
0 -2
0 -2
0 -2
0 -2
11 -7
11 -7
11 -7
11 -7
11 -7
11 -7
11 -7
11 -7
11 -7
11 -7
11 -7
11 -7
11 -7
11 -7
11 -7
11 -7
11 -7
11 -7
11 -7
11 -7
11 -7
11 -7
11 -7
11 -7
11 -7
11 -7
11 -7
11 -7
11 -7
11 -7
11 -7
11 -7
11 -7
11 -7
11 -7
17 -10
17 -10
17 -10
17 -10
17 -10
17 -10
17 -10
17 -10
17 -10
17 -10
17 -10
17 -10
17 -10
17 -10
17 -10
17 -10
17 -10
17 -10
17 -10
17 -10
17 -10
17 -10
17 -10
17 -10
17 -10
17 -10
17 -10
17 -10
17 -10
17 -10
17 -10
17 -10
17 -10
17 -10
17 -10
17 -10
17 -10
17 -10
17 -10
17 -10
16 -6
16 -6
16 -6
16 -6
16 -6
16 -6
16 -6
16 -6
16 -6
16 -6
16 -6
16 -6
16 -6
16 -6
16 -6
16 -6
16 -6
16 -6
16 -6
16 -6
16 -6
16 -6
16 -6
16 -6
16 -6
16 -6
16 -6
16 -6
16 -6
16 -6
16 -6
16 -6
16 -6
16 -6
16 -6
16 -6
16 -6
16 -6
16 -6
16 -6
16 -6
16 -6
16 -6
16 -6
17 -6
17 -6
17 -6
17 -6
17 -6
17 -6
17 -6
17 -6
17 -6
17 -6
17 -6
17 -6
17 -6
17 -6
17 -6
17 -6
17 -6
17 -6
17 -6
17 -6
17 -6
17 -6
17 -6
17 -6
17 -6
17 -6
17 -6
17 -6
17 -6
17 -6
17 -6
17 -6
17 -6
17 -6
17 -6
17 -6
17 -6
17 -6
17 -6
17 -6
17 -6
17 -6
17 -6
17 -6
17 -6
17 -6
17 -6
17 -6
17 -6
17 -6
17 -6
17 -6
17 -6
14 -6
14 -6
14 -6
9 -8
9 -8
9 -8
9 -8
9 -8
9 -8
9 -8
9 -8
9 -8
9 -8
9 -8
9 -8
9 -8
9 -8
9 -8
9 -8
9 -8
9 -8
9 -8
9 -8
9 -8
9 -8
9 -8
9 -8
9 -8
9 -8
9 -8
9 -8
9 -8
9 -8
9 -8
9 -8
9 -8
9 -8
9 -8
9 -8
9 -8
9 -8
9 -8
9 -8
9 -8
9 -8
9 -8
9 -8
9 -8
9 -8
9 -8
9 -8
9 -8
3 -5
3 -5
3 -5
3 -5
3 -5
3 -5
3 -5
3 -5
3 -5
3 -5
3 -5
3 -5
3 -5
3 -5
3 -5
3 -5
3 -5
3 -5
3 -5
3 -5
3 -5
3 -5
3 -5
3 -5
3 -5
3 -5
3 -5
3 -5
3 -5
3 -5
3 -5
3 -5
3 -5
3 -5
3 -5
3 -5
3 -5
3 -5
3 -5
3 -5
3 -5
3 -5
3 -5
3 -5
3 -5
0 -1
0 -1
0 -1
0 -1
0 -1
0 -1
0 -1
0 -1
0 -1
0 -1
0 -1
0 -1
0 -1
0 -1
0 -1
0 -1
0 -1
0 -1
0 -1
0 -1
0 -1
0 -1
0 -1
0 -1
0 -1
0 -1
0 -1
0 -1
0 -1
0 -1
0 -1
0 -1
0 -1
0 -1
0 -1
0 -1
0 -1
0 -1
0 -1
0 -1
0 -1
0 -1
0 -1
0 -1
0 -1
0 -1
-6 1
-6 1
-6 1
-6 1
-6 1
-6 1
-6 1
-6 1
-6 1
-6 1
-6 1
-6 1
-6 1
-6 1
-6 1
-6 1
-6 1
-6 1
-6 1
-6 1
-6 1
-6 1
-6 1
-6 1
-6 1
-6 1
-6 1
-6 1
-6 1
-6 1
-6 1
-6 1
-6 1
-6 1
-6 1
-6 1
-6 1
-6 1
-16 8
-16 8
-16 8
-16 8
-16 8
-16 8
-16 8
-16 8
-16 8
-16 8
-16 8
-16 8
-16 8
-16 8
-16 8
-16 8
-16 8
-16 8
-16 8
-16 8
-16 8
-25 12
-25 12
-25 12
-25 12
-25 12
-25 12
-25 12
-25 12
-25 12
-25 12
-25 12
-25 12
-25 12
-25 12
-25 12
-25 12
-25 12
-25 12
-25 12
-25 12
-25 12
-36 17
-36 17
-36 17
-36 17
-36 17
-36 17
-36 17
-36 17
-36 17
-36 17
-36 17
-36 17
-36 17
-36 17
-36 17
-36 17
-36 17
-36 17
-36 17
-36 17
-36 17
-36 17
-36 17
-36 17
-36 17
-36 17
-36 17
-36 17
-36 17
-36 17
-36 17
-36 17
-36 17
-36 17
-36 17
-36 17
-36 17
-36 17
-36 17
-36 17
-36 17
-36 17
-36 17
-36 17
-49 22
-49 22
-49 22
-49 22
-49 22
-49 22
-49 22
-49 22
-49 22
-49 22
-49 22
-49 22
-49 22
-49 22
-49 22
-49 22
-49 22
-49 22
-49 22
-49 22
-49 22
-49 22
-49 22
-49 22
-49 22
-49 22
-49 22
-49 22
-49 22
-49 22
-49 22
-49 22
-49 22
-49 22
-49 22
-49 22
-49 22
-49 22
-49 22
-49 22
-49 22
-49 22
-49 22
-49 22
-49 22
-42 15
-45 18
-45 18
-45 18
-45 18
-45 18
-45 18
-45 18
-45 18
-45 18
-45 18
-45 18
-45 18
-45 18
-45 18
-45 18
-45 18
-45 18
-45 18
-40 13
-40 13
-40 13
-40 13
-40 13
-40 13
-40 13
-40 13
-40 13
-40 13
-40 13
-40 13
-40 13
-40 13
-40 13
-40 13
-40 13
-40 13
-40 13
-40 13
-40 13
-40 13
-40 13
-40 13
-40 13
-40 13
-40 13
-40 13
-40 13
-40 13
-40 13
-40 13
-40 13
-40 13
-40 13
-40 13
-40 13
-40 13
-40 13
-40 13
-40 13
-40 13
-40 13
-40 13
-31 10
-31 10
-31 10
-31 10
-31 10
-31 10
-31 10
-31 10
-31 10
-31 10
-31 10
-31 10
-31 10
-31 10
-31 10
-31 10
-31 10
-31 10
-31 10
-31 10
-31 10
-19 6
-19 6
-19 6
-19 6
-19 6
-19 6
-19 6
-19 6
-19 6
-19 6
-19 6
-19 6
-19 6
-19 6
-19 6
-19 6
-19 6
-19 6
-19 6
-19 6
-19 6
-19 6
-19 6
-19 6
-19 6
-19 6
-19 6
-19 6
-19 6
-19 6
-19 6
-19 6
-19 6
-19 6
-19 6
-19 6
-19 6
-19 6
-19 6
-19 6
-19 6
-19 6
-19 6
-19 6
-19 6
-19 6
-19 6
-19 6
-5 1
-5 1
-5 1
-5 1
-5 1
-5 1
-5 1
-5 1
-5 1
-5 1
-5 1
-5 1
-5 1
-5 1
-5 1
-5 1
-5 1
-5 1
-5 1
-5 1
-5 1
-5 1
-5 1
-5 1
-5 1
-5 1
-5 1
-5 1
-5 1
-5 1
-5 1
-5 1
-5 1
-5 1
-5 1
-5 1
-5 1
-5 1
-5 1
-5 1
-5 1
-5 1
-5 1
-5 1
-5 1
-5 1
-5 1
-5 1
-5 1
-5 1
-5 1
-5 1
-5 1
-5 1
-5 1
-5 1
-5 1
-5 1
-5 1
-5 1
-5 1
-5 1
-5 1
-5 1
-5 1
4 1
4 1
4 1
4 1
4 1
4 1
4 1
4 1
4 1
4 1
4 1
4 1
4 1
4 1
4 1
4 1
4 1
4 1
4 1
4 1
4 1
4 1
4 1
4 1
4 1
4 1
4 1
4 1
4 1
4 1
4 1
4 1
4 1
4 1
4 1
4 1
4 1
4 1
4 1
4 1
4 1
4 1
4 1
4 1
4 1
4 1
4 1
4 1
4 1
4 1
4 1
16 -7
16 -7
26 -12
26 -12
26 -12
26 -12
26 -12
26 -12
26 -12
26 -12
26 -12
26 -12
26 -12
26 -12
26 -12
26 -12
26 -12
26 -12
26 -12
26 -12
26 -12
26 -12
26 -12
26 -12
26 -12
26 -12
26 -12
26 -12
26 -12
26 -12
26 -12
26 -12
26 -12
26 -12
26 -12
26 -12
26 -12
26 -12
26 -12
26 -12
26 -12
26 -12
26 -12
38 -19
38 -19
38 -19
38 -19
38 -19
38 -19
38 -19
38 -19
38 -19
38 -19
38 -19
38 -19
38 -19
38 -19
38 -19
38 -19
38 -19
38 -19
38 -19
38 -19
38 -19
38 -19
38 -19
38 -19
38 -19
38 -19
38 -19
38 -19
45 -19
45 -19
45 -19
45 -19
45 -19
45 -19
45 -19
45 -19
45 -19
45 -19
45 -19
45 -19
45 -19
45 -19
45 -19
45 -19
45 -19
45 -19
45 -19
45 -19
45 -19
45 -19
51 -23
51 -23
51 -23
51 -23
51 -23
51 -23
51 -23
51 -23
51 -23
51 -23
51 -23
51 -23
51 -23
51 -23
51 -23
51 -23
51 -23
51 -23
51 -23
51 -23
51 -23
51 -23
51 -23
51 -23
51 -23
51 -23
51 -23
51 -23
51 -23
51 -23
51 -23
51 -23
51 -23
51 -23
51 -23
51 -23
51 -23
51 -23
51 -23
51 -23
51 -23
51 -23
51 -23
51 -23
51 -23
51 -23
49 -20
49 -20
49 -20
49 -20
49 -20
49 -20
49 -20
49 -20
49 -20
49 -20
49 -20
49 -20
49 -20
49 -20
49 -20
49 -20
49 -20
49 -20
49 -20
49 -20
49 -20
49 -20
49 -20
49 -20
49 -20
49 -20
49 -20
49 -20
49 -20
49 -20
49 -20
49 -20
49 -20
49 -20
49 -20
49 -20
49 -20
49 -20
49 -20
49 -20
49 -20
49 -20
49 -20
49 -20
49 -20
49 -20
46 -15
46 -15
46 -15
46 -15
46 -15
46 -15
46 -15
46 -15
46 -15
46 -15
46 -15
46 -15
46 -15
46 -15
46 -15
46 -15
46 -15
46 -15
46 -15
46 -15
46 -15
46 -15
46 -15
46 -15
46 -15
40 -14
40 -14
40 -14
40 -14
40 -14
40 -14
40 -14
40 -14
40 -14
40 -14
40 -14
40 -14
40 -14
40 -14
40 -14
40 -14
40 -14
40 -14
40 -14
40 -14
40 -14
40 -14
40 -14
40 -14
28 -12
28 -12
28 -12
28 -12
28 -12
28 -12
28 -12
28 -12
28 -12
28 -12
28 -12
28 -12
28 -12
28 -12
28 -12
28 -12
28 -12
28 -12
28 -12
28 -12
28 -12
28 -12
28 -12
28 -12
28 -12
28 -12
28 -12
28 -12
28 -12
28 -12
28 -12
28 -12
28 -12
28 -12
28 -12
28 -12
28 -12
28 -12
28 -12
28 -12
28 -12
28 -12
28 -12
28 -12
28 -12
28 -12
28 -12
14 -7
14 -7
14 -7
14 -7
14 -7
14 -7
14 -7
14 -7
14 -7
14 -7
14 -7
14 -7
14 -7
14 -7
14 -7
14 -7
14 -7
14 -7
14 -7
14 -7
14 -7
14 -7
14 -7
14 -7
14 -7
14 -7
14 -7
14 -7
14 -7
14 -7
14 -7
14 -7
14 -7
14 -7
14 -7
14 -7
14 -7
14 -7
14 -7
14 -7
14 -7
14 -7
14 -7
14 -7
14 -7
14 -7
14 -7
14 -7
14 -7
3 -1
3 -1
3 -1
3 -1
3 -1
3 -1
3 -1
3 -1
3 -1
3 -1
3 -1
3 -1
3 -1
3 -1
3 -1
3 -1
3 -1
3 -1
3 -1
3 -1
3 -1
3 -1
3 -1
3 -1
3 -1
3 -1
3 -1
3 -1
3 -1
3 -1
3 -1
3 -1
3 -1
3 -1
3 -1
3 -1
3 -1
3 -1
3 -1
3 -1
3 -1
3 -1
3 -1
3 -1
3 -1
3 -1
3 -1
3 -1
-4 0
-4 0
-4 0
-4 0
-4 0
-4 0
-4 0
-4 0
-4 0
-4 0
-4 0
-4 0
-4 0
-4 0
-4 0
-4 0
-4 0
-4 0
-4 0
-4 0
-14 6
-14 6
-14 6
-14 6
-14 6
-14 6
-14 6
-14 6
-14 6
-14 6
-14 6
-14 6
-14 6
-14 6
-14 6
-14 6
-14 6
-14 6
-14 6
-14 6
-19 11
-19 11
-19 11
-19 11
-19 11
-19 11
-19 11
-19 11
-19 11
-19 11
-19 11
-19 11
-19 11
-19 11
-19 11
-19 11
-19 11
-19 11
-19 11
-19 11
-19 11
-19 11
-19 11
-19 11
-19 11
-19 11
-19 11
-19 11
-19 11
-19 11
-19 11
-19 11
-19 11
-19 11
-27 13
-27 13
-27 13
-27 13
-27 13
-27 13
-27 13
-27 13
-27 13
-27 13
-27 13
-27 13
-27 13
-27 13
-27 13
-27 13
-27 13
-27 13
-27 13
-27 13
-27 13
-27 13
-27 13
-27 13
-27 13
-27 13
-27 13
-27 13
-27 13
-27 13
-27 13
-27 13
-27 13
-27 13
-27 13
-27 13
-27 13
-27 13
-27 13
-27 13
-27 13
-27 13
-27 13
-27 13
-28 13
-28 13
-28 13
-28 13
-28 13
-28 13
-28 13
-28 13
-28 13
-28 13
-28 13
-28 13
-28 13
-28 13
-28 13
-28 13
-28 13
-28 13
-28 13
-28 13
-28 13
-28 13
-28 13
-28 13
-28 13
-28 13
-28 13
-28 13
-34 18
-34 18
-34 18
-34 18
-34 18
-34 18
-34 18
-34 18
-34 18
-34 18
-34 18
-34 18
-34 18
-34 18
-34 18
-34 18
-34 18
-34 18
-36 18
-36 18
-36 18
-36 18
-36 18
-36 18
-36 18
-36 18
-36 18
-36 18
-36 18
-36 18
-36 18
-36 18
-36 18
-36 18
-36 18
-36 18
-36 18
-36 18
-36 18
-28 12
-28 12
-28 12
-28 12
-28 12
-28 12
-28 12
-28 12
-28 12
-28 12
-28 12
-28 12
-28 12
-28 12
-28 12
-28 12
-28 12
-28 12
-28 12
-28 12
-28 12
-28 12
-28 12
-28 12
-28 12
-28 12
-28 12
-28 12
-28 12
-28 12
-28 12
-28 12
-28 12
-28 12
-28 12
-28 12
-28 12
-28 12
-28 12
-28 12
-28 12
-28 12
-28 12
-28 12
-28 12
-28 12
-28 12
-28 12
-28 12
-28 12
-28 12
-28 12
-28 12
-28 12
-28 12
-28 12
-19 8
-8 3
-8 3
-8 3
-8 3
-8 3
-8 3
-8 3
-8 3
-8 3
-8 3
-8 3
-8 3
-8 3
-8 3
-8 3
-8 3
-8 3
-8 3
-8 3
-8 3
-8 3
-8 3
-8 3
-8 3
-8 3
-8 3
-8 3
-8 3
-8 3
-8 3
-8 3
-8 3
-8 3
-8 3
-8 3
-8 3
-8 3
-8 3
-8 3
-8 3
-8 3
-8 3
-8 3
-8 3
-8 3
-8 3
-8 3
-8 3
-8 3
-8 3
-8 3
-8 3
-8 3
-8 3
-8 3
2 -1
2 -1
2 -1
2 -1
2 -1
2 -1
2 -1
2 -1
2 -1
2 -1
2 -1
2 -1
2 -1
2 -1
2 -1
2 -1
2 -1
2 -1
2 -1
2 -1
2 -1
19 -12
19 -12
19 -12
19 -12
19 -12
19 -12
19 -12
19 -12
19 -12
19 -12
19 -12
19 -12
19 -12
19 -12
19 -12
19 -12
19 -12
19 -12
19 -12
19 -12
19 -12
19 -12
19 -12
19 -12
19 -12
19 -12
19 -12
19 -12
19 -12
19 -12
19 -12
19 -12
19 -12
19 -12
19 -12
19 -12
19 -12
19 -12
19 -12
19 -12
31 -17
31 -17
31 -17
31 -17
31 -17
31 -17
31 -17
31 -17
31 -17
31 -17
31 -17
31 -17
31 -17
31 -17
31 -17
31 -17
31 -17
31 -17
31 -17
31 -17
31 -17
31 -17
31 -17
31 -17
37 -18
37 -18
37 -18
37 -18
37 -18
37 -18
37 -18
37 -18
37 -18
37 -18
37 -18
37 -18
37 -18
37 -18
37 -18
37 -18
37 -18
37 -18
37 -18
37 -18
37 -18
37 -18
37 -18
37 -18
37 -18
37 -18
37 -18
37 -18
37 -18
37 -18
37 -18
37 -18
37 -18
37 -18
37 -18
37 -18
37 -18
37 -18
37 -18
37 -18
37 -18
37 -18
37 -18
37 -18
37 -18
37 -18
37 -18
37 -18
37 -18
35 -12
35 -12
35 -12
35 -12
35 -12
35 -12
35 -12
35 -12
35 -12
35 -12
35 -12
35 -12
35 -12
35 -12
35 -12
35 -12
35 -12
35 -12
35 -12
35 -12
35 -12
35 -12
35 -12
35 -12
35 -12
35 -12
35 -12
35 -12
35 -12
35 -12
35 -12
35 -12
35 -12
35 -12
35 -12
35 -12
35 -12
35 -12
35 -12
35 -12
35 -12
35 -12
35 -12
35 -12
35 -12
35 -12
35 -12
35 -12
35 -12
35 -12
28 -11
28 -11
28 -9
28 -9
28 -9
28 -9
28 -9
28 -9
28 -9
28 -9
28 -9
28 -9
28 -9
28 -9
28 -9
28 -9
28 -9
28 -9
28 -9
28 -9
28 -9
28 -9
28 -9
28 -9
28 -9
28 -9
28 -9
28 -9
28 -9
28 -9
28 -9
28 -9
28 -9
28 -9
28 -9
28 -9
28 -9
28 -9
28 -9
28 -9
28 -9
28 -9
28 -9
28 -9
28 -9
28 -9
28 -9
28 -9
28 -9
28 -9
28 -9
28 -9
28 -9
28 -9
19 -5
19 -5
19 -5
19 -5
19 -5
19 -5
19 -5
19 -5
19 -5
19 -5
19 -5
19 -5
19 -5
19 -5
19 -5
19 -5
19 -5
19 -5
19 -5
19 -5
19 -5
19 -5
8 -3
8 -3
8 -3
8 -3
8 -3
8 -3
8 -3
8 -3
8 -3
8 -3
8 -3
8 -3
8 -3
8 -3
8 -3
8 -3
8 -3
8 -3
8 -3
8 -3
8 -3
8 -3
8 -3
8 -3
8 -3
8 -3
8 -3
8 -3
8 -3
8 -3
8 -3
8 -3
8 -3
8 -3
8 -3
8 -3
8 -3
8 -3
8 -3
8 -3
8 -3
8 -3
8 -3
8 -3
8 -3
8 -3
8 -3
8 -3
8 -3
8 -3
8 -3
8 -3
8 -3
8 -3
8 -3
8 -3
8 -3
8 -3
8 -3
8 -3
8 -3
8 -3
8 -3
8 -3
8 -3
8 -3
8 -3
8 -3
8 -3
8 -3
8 -3
8 -3
8 -3
8 -3
8 -3
1 -1
1 -1
1 -1
1 -1
1 -1
1 -1
1 -1
1 -1
1 -1
1 -1
1 -1
1 -1
1 -1
1 -1
1 -1
1 -1
1 -1
1 -1
1 -1
1 -1
1 -1
1 -1
1 -1
1 -1
1 -1
1 -1
1 -1
1 -1
1 -1
1 -1
1 -1
1 -1
1 -1
1 -1
1 -1
1 -1
1 -1
1 -1
1 -1
1 -1
1 -1
1 -1
1 -1
1 -1
1 -1
1 -1
1 -1
1 -1
1 -1
1 -1
1 -1
1 -1
1 -1
1 -1
1 -1
1 -1
1 -1
1 -1
1 -1
0 -1
0 -1
-3 0
-3 0
-3 0
-3 0
-3 0
-3 0
-3 0
-3 0
-3 0
-3 0
-3 0
-3 0
-3 0
-3 0
-3 0
-3 0
-3 0
-3 0
-3 0
-3 0
-3 0
-3 0
-8 3
-8 5
-8 5
-8 5
-8 5
-8 5
-8 5
-8 5
-8 5
-8 5
-8 5
-8 5
-8 5
-8 5
-8 5
-8 5
-8 5
-8 5
-8 5
-8 5
-8 5
-8 5
-8 5
-8 5
-8 5
-8 5
-8 5
-8 5
-8 5
-8 5
-8 5
-8 5
-8 5
-8 5
-8 5
-8 5
-8 5
-8 5
-8 5
-8 5
-13 5
-13 5
-13 5
-13 5
-13 5
-13 5
-13 5
-13 5
-13 5
-13 5
-13 5
-13 5
-13 5
-13 5
-13 5
-13 5
-13 5
-13 5
-13 5
-13 5
-13 5
-13 5
-13 5
-13 5
-13 5
-13 5
-13 5
-13 5
-13 5
-13 5
-13 5
-13 5
-12 6
-16 5
-16 5
-16 5
-16 5
-16 5
-16 5
-16 5
-16 5
-16 5
-16 5
-16 5
-16 5
-16 5
-14 5
-14 5
-14 5
-14 5
-14 5
-14 5
-14 5
-14 5
-14 5
-14 5
-14 5
-14 5
-14 5
-14 5
-14 5
-14 5
-14 5
-14 5
-14 5
-14 5
-14 5
-14 5
-14 5
-14 5
-14 5
-14 5
-14 5
-14 5
-14 5
-14 5
-10 3
-10 3
-10 3
-10 3
-10 3
-10 3
-10 3
-10 3
-10 3
-10 3
-10 3
-10 3
-10 3
-10 3
-10 3
-10 3
-10 3
-10 3
-10 3
-10 3
-10 3
-10 3
-10 3
-10 3
-10 3
-10 3
-10 3
-10 3
-10 3
-10 3
-7 3
-7 3
-7 3
-7 3
-7 3
-7 3
-7 3
-7 3
-7 3
-7 3
-7 3
-7 3
-7 3
-7 3
-7 3
-7 3
-7 3
-7 3
-7 3
-2 2
-2 2
-2 2
-2 2
-2 2
-2 2
-2 2
-2 2
-2 2
-2 2
-2 2
-2 2
-2 2
-2 2
-2 2
-2 2
-2 2
-2 2
-2 2
-2 2
-2 2
-2 2
-2 2
-2 2
-2 2
-2 2
-2 2
-2 2
-2 2
-2 2
-2 2
-2 2
-2 2
-2 2
-2 2
-2 2
-2 2
-2 2
-2 2
-2 2
-2 2
-2 2
-2 2
-2 2
-2 2
-2 2
-2 2
-2 2
-2 2
-2 2
-2 2
-2 2
-2 2
-2 2
-2 2
-2 2
-2 2
-2 2
-2 2
-2 2
-2 2
-2 2
-2 2
-2 2
-2 2
-2 2
-2 2
-2 2
-2 2
-2 2
-2 2
-2 2
-2 2
-2 2
-2 2
-2 2
-2 2
-2 2
-2 2
-2 2
-2 2
-2 2
-2 2
-2 2
-2 2
-2 2
-2 2
-2 2
-2 2
-2 2
-2 2
-2 2
-2 2
-2 2
-2 2
-2 2
-2 2
-2 2
-2 2
-2 2
-2 2
-2 2
-2 2
-2 2
-2 2
-2 2
-2 2
-2 2
-2 2
-2 2
-2 2
-2 2
-2 2
-2 2
-2 2
-2 2
-2 2
-2 2
-2 2
-2 2
-2 2
-2 2
-2 2
-2 2
-2 2
-2 2
-2 2
-2 2
-2 2
-2 2
-2 2
-2 2
-2 2
-2 2
-2 2
-2 2
-2 2
-2 2
-2 2
-2 2
-2 2
-2 2
-2 2
-2 2
-2 2
-2 2
-2 2
-2 2
-2 2
-2 2
-2 2
-2 2
-2 2
-2 2
-2 2
-2 2
-2 2
-2 2
-2 2
-2 2
-2 2
-2 2
-2 2
-2 2
-2 2
-2 2
-2 2
-2 2
-2 2
-2 2
-2 2
-2 2
-2 2
-2 2
-2 2
-2 2
-2 2
-2 2
-2 2
-2 2
-2 2
-2 2
-2 2
-2 2
-2 2
-2 2
-2 2
-2 2
-2 2
-2 2
-2 2
-2 2
-2 2
-2 2
-2 2
-2 2
-2 2
-2 2
-2 2
-2 2
-2 2
-2 2
-2 2
-2 2
-2 2
-2 2
-2 2
-2 2
-2 2
-2 2
-2 2
-2 2
-2 2
-2 2
-2 2
-2 2
-2 2
-2 2
-2 2
-2 2
-2 2
-2 2
-2 2
-2 2
-2 2
-2 2
-2 2
-2 2
-2 2
-2 2
-2 2
-2 2
-2 2
-2 2
-2 2
-2 2
-2 2
-2 2
-2 2
-2 2
-2 2
-2 2
-2 2
-2 2
-2 2
-2 2
-2 2
-2 2
-2 2
-2 2
-2 2
-2 2
-2 2
-2 2
-2 2
-2 2
-2 2
-2 2
-2 2
-2 2
-2 2
-2 2
-2 2
-2 2
-2 2
-2 2
-2 2
-2 2
-2 2
-2 2
-2 2
-2 2
-2 2
-2 2
-2 2
-2 2
-2 2
-2 2
-2 2
-2 2
-2 2
-2 2
-2 2
-2 2
-2 2
-2 2
-2 2
-2 2
-2 2
-2 2
-2 2
-2 2
-2 2
-2 2
-2 2
-2 2
-2 2
-2 2
-2 2
-2 2
-2 2
-2 2
-2 2
-2 2
-2 2
-2 2
-2 2
-2 2
-2 2
-2 2
-2 2
-2 2
-2 2
-2 2
-2 2
-2 2
-2 2
-2 2
-2 2
-2 2
-2 2
-2 2
-2 2
-2 2
-2 2
-2 2
-2 2
-2 2
-2 2
-2 2
-2 2
-2 2
-2 2
-2 2
-2 2
-2 2
-2 2
-2 2
-2 2
-2 2
-2 2
-2 2
-2 2
-2 2
-2 2
-2 2
-2 2
-2 2
-2 2
-2 2
-2 2
-2 2
-2 2
-2 2
-2 2
-2 2
-2 2
-2 2
-2 2
-2 2
-2 2
-2 2
-2 2
-2 2
-2 2
-2 2
-2 2
-2 2
-2 2
-2 2
-2 2
-2 2
-2 2
-2 2
-2 2
-2 2
-2 2
-2 2
-2 2
-2 2
-2 2
-2 2
-2 2
-2 2
-2 2
0 1
0 1
0 1
0 1
0 1
0 1
0 1
0 1
0 1
0 1
0 1
0 1
0 1
0 1
0 1
0 1
0 1
0 1
0 1
0 1
0 1
0 1
0 1
0 1
0 1
0 1
0 1
0 1
0 1
0 1
0 1
0 1
0 1
0 1
0 1
0 1
0 1
0 1
0 1
0 1
0 1
0 1
0 1
0 1
0 1
0 1
0 1
0 1
0 1
0 1
0 1
0 1
0 1
0 1
0 1
0 1
0 1
0 1
0 1
0 1
0 1
0 1
0 1
0 1
0 1
0 1
0 1
0 1
0 1
0 1
0 1
0 1
0 1
0 1
0 1
0 1
0 1
0 1
0 1
0 1
0 1
0 1
0 1
0 1
0 1
0 1
0 1
0 1
0 1
0 1
0 1
0 1
0 1
0 1
0 1
0 1
0 1
0 1
0 1
0 1
0 1
0 1
0 1
0 1
0 1
0 1
0 1
0 1
0 1
0 1
0 1
0 1
0 1
0 1
0 1
0 1
0 1
0 1
0 1
0 1
0 1
0 1
0 1
0 1
0 1
0 1
0 1
0 1
0 1
0 1
0 1
0 1
0 1
0 1
0 1
0 1
0 1
0 1
0 1
0 1
0 1
0 1
0 1
0 1
0 1
0 1
0 1
0 1
0 1
0 1
0 1
0 1
0 1
0 1
0 1
0 1
0 1
0 1
0 1
0 1
0 1
0 1
0 1
0 1
0 1
0 1
0 1
0 1
0 1
0 1
0 1
0 1
0 1
0 1
0 1
0 1
0 1
0 1
0 1
0 1
0 1
0 1
0 1
0 1
0 1
0 1
0 1
0 1
0 1
0 1
0 1
0 1
0 1
0 1
0 1
0 1
0 1
0 1
0 1
0 1
0 1
0 1
0 1
0 1
0 1
0 1
0 1
0 1
0 1
0 1
0 1
0 1
0 1
0 1
0 1
0 1
0 1
0 1
0 1
0 1
0 1
