0 -2
3 -7
11 -7
10 -5
10 -5
10 -5
10 -5
10 -5
10 -5
10 -5
10 -5
10 -5
10 -5
10 -5
10 -5
10 -5
10 -5
10 -5
10 -5
10 -5
10 -5
10 -5
10 -5
10 -5
10 -5
10 -5
10 -5
10 -5
10 -5
8 -2
8 -2
8 -2
8 -2
8 -2
8 -2
8 -2
8 -2
8 -2
8 -2
8 -2
8 -2
8 -2
8 -2
8 -2
8 -2
8 -2
8 -2
8 -2
8 -2
8 -2
8 -2
8 -2
8 -2
8 -2
8 -2
8 -2
8 -2
8 -2
8 -2
8 -2
8 -2
8 -2
8 -2
8 -2
8 -2
8 -2
8 -2
8 -2
8 -2
8 -2
8 -2
7 0
7 0
7 0
7 0
7 0
7 0
7 0
7 0
7 0
7 0
7 0
7 0
7 0
7 0
7 0
7 0
7 0
7 0
7 0
7 0
7 0
7 0
7 0
7 0
7 0
7 0
7 0
7 0
7 0
7 0
7 0
7 0
7 0
7 0
7 0
7 0
7 0
7 0
7 0
7 0
7 0
7 0
7 0
7 0
7 0
7 0
7 0
7 0
7 0
7 0
7 0
7 0
7 0
7 0
7 0
7 0
7 0
7 0
7 0
7 0
7 0
7 0
7 0
7 0
7 0
7 0
7 0
7 0
7 0
7 0
7 0
7 0
7 0
7 0
7 0
7 0
7 0
7 0
7 0
7 0
7 0
7 0
7 0
7 0
7 0
8 0
8 0
7 2
7 2
7 2
7 2
7 2
7 2
7 2
7 2
7 2
7 2
7 2
7 2
7 2
7 2
7 2
7 2
7 2
7 2
7 2
7 2
7 2
7 2
7 2
7 2
7 2
7 2
7 2
7 2
7 2
7 2
7 2
7 2
7 2
7 2
7 2
7 2
7 2
7 2
7 2
7 2
7 2
7 2
7 2
7 2
7 2
7 2
7 2
7 2
7 2
7 2
7 2
7 2
7 2
7 2
7 2
7 2
7 2
7 2
7 2
7 2
7 2
7 2
7 2
7 2
7 2
7 2
7 2
7 2
7 2
7 2
7 2
7 2
7 2
7 2
7 2
7 2
7 2
7 2
7 2
7 2
7 2
7 2
7 2
7 2
7 2
7 2
7 2
7 2
9 5
9 5
7 4
7 4
7 4
7 4
7 4
7 4
7 4
7 4
7 4
7 4
7 4
7 4
7 4
7 4
7 4
7 4
7 4
7 4
7 4
7 4
7 4
7 4
7 4
7 4
7 4
7 4
7 4
7 4
7 4
7 4
7 4
7 4
7 4
7 4
7 4
7 4
7 4
7 4
7 4
7 4
7 4
8 4
8 4
8 4
8 4
8 4
8 4
8 4
8 4
8 4
8 4
8 4
8 4
8 4
8 4
8 4
8 4
8 4
8 4
8 4
8 4
8 4
8 4
8 4
8 4
8 4
8 4
8 4
8 4
8 4
8 4
8 4
8 4
8 4
8 4
8 4
8 4
8 4
8 4
8 4
8 4
8 4
8 4
8 4
8 4
8 4
8 4
8 4
8 4
8 4
8 4
8 4
8 4
8 4
8 4
8 4
8 4
8 4
8 4
8 4
8 4
8 4
8 4
8 4
8 4
8 4
8 4
8 4
8 4
8 4
8 4
8 4
8 4
8 4
8 4
8 4
8 4
8 4
8 4
8 4
8 4
8 4
8 4
8 4
8 4
8 4
8 4
8 4
8 4
7 3
6 6
6 6
6 6
6 6
6 6
6 6
6 6
6 6
6 6
6 6
6 6
6 6
6 6
6 6
6 6
6 6
6 6
6 6
6 6
6 6
6 6
6 6
6 6
6 6
6 6
6 6
6 6
6 6
6 6
6 6
6 6
6 6
6 6
6 6
6 6
6 6
6 6
6 6
6 6
6 6
6 6
6 6
6 9
6 9
6 9
6 9
6 9
6 9
6 9
6 9
6 9
6 9
6 9
6 9
6 9
6 9
6 9
6 9
6 9
6 9
6 9
6 9
6 9
6 9
6 9
6 9
6 9
6 9
6 9
6 9
6 9
6 9
6 9
6 9
6 9
6 9
6 9
6 9
6 9
6 9
6 9
6 9
6 9
6 9
4 11
4 11
5 15
5 15
5 15
5 15
5 15
5 15
5 15
5 15
5 15
5 15
5 15
5 15
5 15
5 15
5 15
5 15
5 15
5 15
5 15
5 15
5 15
5 15
5 15
5 15
5 15
5 15
5 15
5 15
5 15
5 15
5 15
5 15
5 15
5 15
5 15
5 15
5 15
5 15
5 15
5 15
5 15
5 15
5 15
5 15
5 15
5 15
5 15
5 15
5 15
5 15
5 15
5 15
5 15
5 15
5 15
5 15
5 15
5 15
5 15
5 15
6 15
6 15
7 15
7 15
7 15
7 15
7 15
7 15
7 15
7 15
7 15
7 15
7 15
7 15
7 15
7 15
7 15
7 15
7 15
7 15
7 16
7 16
7 16
7 16
7 16
7 16
7 16
7 16
7 16
7 16
7 16
7 16
7 16
7 16
7 16
7 16
7 16
7 16
7 16
7 16
7 16
7 16
7 16
7 16
7 16
7 16
7 16
7 16
7 16
7 16
7 16
7 16
7 16
7 16
7 16
7 16
7 16
7 16
7 16
7 16
7 16
7 16
7 16
7 16
7 16
7 16
7 16
9 17
9 17
9 17
9 17
9 17
9 17
9 17
9 17
9 17
9 17
9 17
9 17
9 17
9 17
9 17
9 17
9 17
9 17
9 17
9 17
9 17
9 17
9 17
9 17
9 17
9 17
9 17
9 17
9 17
9 17
9 17
9 17
9 17
9 17
9 17
9 17
9 17
9 17
9 17
9 17
9 17
9 17
9 17
9 17
9 17
9 17
9 17
9 17
9 17
9 17
9 17
9 17
9 17
9 17
9 17
9 17
9 17
9 17
9 17
9 17
9 17
9 17
9 17
8 15
8 15
8 15
8 15
8 15
8 15
8 15
8 15
8 15
8 15
8 15
8 15
8 15
8 15
8 15
8 15
8 15
8 15
8 15
8 15
8 15
8 15
8 15
8 15
8 15
8 15
8 15
8 15
8 15
8 15
8 15
8 15
8 15
8 15
8 15
8 15
8 15
8 15
8 15
8 15
8 15
8 15
8 15
8 15
8 17
8 17
8 17
8 17
8 17
8 17
8 17
8 17
8 17
8 17
8 17
8 17
8 17
8 17
8 17
8 17
8 17
8 17
8 17
8 17
8 17
8 17
8 17
8 17
8 17
8 17
8 17
8 17
8 17
8 17
8 17
8 17
8 17
8 17
8 17
8 17
8 17
8 17
8 17
8 17
8 17
8 17
8 17
8 17
8 17
6 18
6 18
6 18
6 18
6 18
6 18
6 18
6 18
6 18
6 18
6 18
6 18
6 18
6 18
6 18
6 18
6 18
6 18
6 18
6 18
6 18
6 18
6 18
6 18
6 18
6 18
6 18
6 18
6 18
6 18
6 18
6 18
6 18
6 18
6 18
6 18
6 18
6 18
6 18
6 18
6 18
6 18
6 18
6 18
6 18
6 18
7 18
7 18
7 18
7 18
7 18
7 18
7 18
7 18
7 18
7 18
7 18
7 18
7 18
7 18
7 18
7 18
7 18
7 18
7 18
7 18
7 18
7 18
7 18
7 18
7 18
7 18
7 18
7 18
7 18
7 18
7 18
7 18
7 18
7 18
7 18
7 18
7 18
7 18
7 18
7 18
7 18
7 18
7 18
7 18
7 18
7 18
7 18
6 18
7 18
7 18
7 18
7 18
7 18
7 18
7 18
7 18
7 18
7 18
7 18
7 18
7 18
7 18
7 18
7 18
7 18
7 18
7 18
7 18
7 18
7 18
7 18
7 18
7 18
7 18
7 18
7 18
7 18
7 18
7 18
7 18
7 18
7 18
7 18
7 18
7 18
7 18
7 18
7 18
7 18
7 18
7 18
7 18
7 18
7 18
7 18
6 14
6 14
6 14
6 14
6 14
6 14
6 14
6 14
6 14
6 14
6 14
6 14
6 14
6 14
6 14
6 14
6 14
6 14
6 14
6 14
6 14
6 14
6 14
6 14
7 15
7 15
7 15
7 15
7 15
7 15
7 15
7 15
7 15
7 15
7 15
7 15
7 15
7 15
7 15
7 15
7 15
7 15
7 15
7 15
7 15
7 15
7 15
7 14
7 14
7 14
7 14
7 14
7 14
7 14
7 14
7 14
7 14
7 14
7 14
7 14
7 14
7 14
7 14
7 14
7 14
7 14
7 14
7 14
7 14
7 14
7 14
7 14
7 14
7 14
7 14
7 14
7 14
7 14
7 14
7 14
7 14
7 14
7 14
7 14
7 14
7 14
7 14
7 14
7 14
7 14
7 14
7 14
7 14
8 14
8 14
8 14
8 14
8 14
8 14
8 14
8 14
8 14
8 14
8 14
8 14
8 14
8 14
8 14
8 14
8 14
8 14
8 14
8 14
8 14
8 14
8 14
8 14
8 14
8 14
8 14
8 14
8 14
8 14
8 14
8 14
8 14
8 14
8 14
8 14
8 14
8 14
8 14
6 12
7 11
7 11
7 11
7 11
7 11
7 11
7 11
7 11
7 11
7 11
7 11
7 11
7 11
7 11
7 11
7 11
7 11
7 11
7 11
7 11
7 11
7 11
7 11
7 11
7 11
7 11
7 11
7 11
7 11
7 11
7 11
7 11
7 11
7 11
7 11
7 11
7 11
7 11
7 11
7 11
7 11
7 11
7 11
7 11
7 11
7 11
7 11
7 11
7 11
7 11
7 11
7 11
7 11
7 11
8 7
8 7
8 7
8 7
8 7
8 7
8 7
8 7
8 7
8 7
8 7
8 7
8 7
8 7
8 7
8 7
8 7
8 7
8 7
8 7
8 7
8 7
8 7
8 7
8 7
8 7
8 7
8 7
8 7
8 7
8 7
8 7
8 7
8 7
8 7
8 7
8 7
8 7
8 7
8 7
8 7
8 7
8 7
8 7
8 7
8 7
8 7
8 7
8 7
8 7
8 7
8 7
8 7
8 7
8 7
8 7
8 7
8 7
8 7
7 5
7 5
6 2
5 2
5 2
5 2
5 2
5 2
5 2
5 2
5 2
5 2
5 2
5 2
5 2
5 2
5 2
5 2
5 2
5 2
5 2
3 0
3 0
3 0
3 0
3 0
3 0
3 0
3 0
3 0
3 0
3 0
3 0
3 0
3 0
3 0
3 0
3 0
3 0
3 0
3 0
3 0
3 0
3 0
3 0
3 0
3 0
3 0
3 0
3 0
3 0
3 0
3 0
3 0
3 0
3 0
3 0
3 0
3 0
3 0
3 0
3 0
3 0
3 0
3 0
3 0
3 0
3 0
3 0
3 0
6 -1
6 -1
6 -1
6 -1
6 -1
6 -1
6 -1
6 -1
6 -1
6 -1
6 -1
6 -1
6 -1
6 -1
6 -1
6 -1
6 -1
6 -1
6 -1
6 -1
6 -1
6 -1
6 -1
6 -1
6 -1
7 -3
7 -3
7 -3
7 -3
7 -3
7 -3
7 -3
7 -3
7 -3
7 -3
7 -3
7 -3
7 -3
7 -3
7 -3
7 -3
7 -3
7 -3
7 -3
7 -3
7 -3
7 -3
7 -3
7 -3
8 -3
8 -3
8 -3
8 -3
8 -3
8 -3
8 -3
8 -3
8 -3
8 -3
8 -3
8 -3
8 -3
8 -3
8 -3
8 -3
8 -3
8 -3
8 -3
8 -3
8 -3
8 -3
8 -3
8 -3
8 -3
8 -3
8 -3
8 -3
8 -3
8 -3
8 -3
8 -3
8 -3
8 -3
8 -3
8 -3
8 -3
8 -3
8 -3
8 -3
8 -3
8 -3
8 -3
8 -3
8 -3
8 -3
8 -3
8 -3
8 -3
10 -4
10 -4
10 -4
10 -4
10 -4
10 -4
10 -4
10 -4
10 -4
10 -4
10 -4
10 -4
10 -4
10 -4
10 -4
10 -4
10 -4
10 -4
10 -4
10 -4
10 -4
10 -4
10 -4
10 -4
10 -4
10 -4
10 -4
10 -4
10 -4
10 -4
10 -4
10 -4
10 -4
10 -4
10 -4
10 -4
10 -4
10 -4
10 -4
10 -4
10 -4
10 -4
10 -4
10 -4
9 -4
9 -4
9 -4
9 -4
9 -4
9 -4
9 -4
9 -4
9 -4
9 -4
9 -4
9 -4
9 -4
9 -4
9 -4
9 -4
9 -4
9 -4
9 -4
9 -4
9 -4
9 -4
9 -4
9 -4
9 -4
9 -4
9 -4
9 -4
9 -4
9 -4
9 -4
9 -4
9 -4
9 -4
9 -4
9 -4
9 -4
9 -4
9 -4
9 -4
9 -4
9 -4
9 -4
9 -4
9 -4
9 -4
11 -3
11 -3
11 -4
11 -4
11 -4
11 -4
11 -4
11 -4
11 -4
11 -4
11 -4
11 -4
11 -4
11 -4
11 -4
11 -4
11 -4
11 -4
11 -4
11 -4
11 -4
11 -4
11 -4
11 -4
11 -4
11 -4
11 -4
11 -4
11 -4
11 -4
11 -4
11 -4
11 -4
11 -4
11 -4
11 -4
11 -4
11 -4
11 -4
11 -4
11 -4
11 -4
11 -4
11 -4
11 -4
11 -4
11 -4
11 -4
11 -4
11 -4
11 -4
11 -4
11 -4
11 -4
11 -4
11 -4
11 -4
11 -4
11 -4
11 -4
11 -4
11 -4
11 -4
11 -4
11 -4
16 -5
16 -5
16 -5
16 -5
16 -5
16 -5
16 -5
16 -5
16 -5
16 -5
16 -5
16 -5
16 -5
16 -5
16 -5
16 -5
16 -5
16 -5
16 -5
16 -5
16 -5
16 -5
19 -7
19 -7
19 -7
19 -7
19 -7
19 -7
19 -7
19 -7
19 -7
19 -7
19 -7
19 -7
19 -7
19 -7
19 -7
19 -7
19 -7
19 -7
19 -7
19 -7
19 -7
19 -7
19 -7
19 -7
19 -7
19 -7
19 -7
19 -7
19 -7
19 -7
19 -7
19 -7
19 -7
19 -7
19 -7
19 -7
19 -7
19 -7
19 -7
19 -7
19 -7
19 -7
17 -5
17 -5
17 -5
17 -5
17 -5
17 -5
17 -5
17 -5
17 -5
17 -5
17 -5
17 -5
17 -5
17 -5
17 -5
17 -5
17 -5
17 -5
17 -5
17 -5
17 -5
17 -5
17 -5
17 -5
17 -5
17 -5
17 -5
17 -5
17 -5
17 -5
17 -5
17 -5
17 -5
17 -5
17 -5
17 -5
17 -5
17 -5
17 -5
17 -5
17 -5
17 -5
17 -5
17 -5
13 -2
13 -2
13 -2
13 -2
13 -2
13 -2
13 -2
13 -2
13 -2
13 -2
13 -2
13 -2
13 -2
13 -2
13 -2
13 -2
13 -2
13 -2
13 -2
13 -2
13 -2
13 -2
13 -2
13 -2
13 -2
13 -2
13 -2
13 -2
13 -2
13 -2
13 -2
13 -2
13 -2
13 -2
13 -2
13 -2
13 -2
13 -2
13 -2
13 -2
13 -2
13 -2
13 -2
13 -2
13 -2
13 -2
13 -2
13 -2
13 -2
13 -2
13 -2
13 -2
13 -2
13 -2
13 -2
13 -2
13 -2
13 -2
13 -2
13 -2
13 -2
13 -2
13 -2
13 -2
13 -2
13 -2
13 -2
13 -2
13 -2
13 -2
13 -2
13 -2
13 -2
13 -2
13 -2
13 -2
13 -2
13 -2
13 -2
13 -2
13 -2
13 -2
12 -2
12 -2
12 -2
12 -2
12 -2
12 -2
12 -2
12 -2
12 -2
12 -2
12 -2
12 -2
12 -2
12 -2
12 -2
12 -2
12 -2
12 -2
12 -2
12 -2
12 -2
12 -2
12 -2
12 -2
12 -2
12 -2
12 -2
12 -2
12 -2
12 -2
12 -2
12 -2
12 -2
12 -2
12 -2
12 -2
12 -2
12 -2
12 -2
12 -2
12 -2
12 -2
15 -4
12 -5
12 -4
12 -4
12 -4
12 -4
12 -4
12 -4
12 -4
12 -4
12 -4
12 -4
12 -4
12 -4
12 -4
12 -4
12 -4
12 -4
12 -4
12 -4
12 -4
12 -4
12 -4
12 -4
12 -4
12 -4
12 -4
12 -4
12 -4
12 -4
12 -4
12 -4
12 -4
12 -4
12 -4
12 -4
12 -4
9 -2
9 -2
9 -2
9 -2
9 -2
9 -2
9 -2
9 -2
9 -2
9 -2
9 -2
9 -2
9 -2
9 -2
9 -2
9 -2
9 -2
7 0
7 0
7 0
7 0
7 0
7 0
7 0
7 0
7 0
7 0
7 0
7 0
7 0
7 0
7 0
7 0
7 0
7 0
7 0
5 -1
5 -1
5 -1
5 -1
5 -1
5 -1
5 -1
5 -1
5 -1
5 -1
5 -1
5 -1
5 -1
5 -1
5 -1
5 -1
5 -1
5 -1
5 -1
5 -1
5 -1
5 -1
5 -1
5 -1
5 -1
5 -1
5 -1
5 -1
5 -1
5 -1
5 -1
5 -1
5 -1
5 -1
5 -1
5 -1
5 -1
5 -1
5 -1
5 -1
5 -1
5 -1
5 -1
6 -2
6 -2
6 -2
6 -2
6 -2
6 -2
6 -2
6 -2
6 -2
6 -2
6 -2
6 -2
6 -2
6 -2
6 -2
6 -2
6 -2
6 -2
6 -2
6 -2
6 -2
6 -2
6 -2
6 -2
6 -2
6 -2
6 -2
6 -2
6 -2
6 -2
6 -2
6 -2
6 -2
6 -2
6 -2
6 -2
6 -2
6 -2
6 -2
6 -2
6 -2
6 -2
6 -2
10 -5
10 -5
10 -5
10 -5
10 -5
10 -5
10 -5
10 -5
10 -5
10 -5
10 -5
10 -5
10 -5
10 -5
10 -5
10 -5
10 -5
10 -5
10 -5
10 -5
10 -5
10 -5
10 -5
10 -5
10 -5
10 -5
10 -5
10 -5
10 -5
10 -5
10 -5
10 -5
10 -5
10 -5
10 -5
10 -5
10 -5
10 -5
10 -5
10 -5
10 -5
10 -5
10 -5
10 -5
10 -5
10 -5
10 -5
10 -5
10 -5
10 -5
10 -5
10 -5
10 -5
10 -5
10 -5
10 -5
10 -5
10 -5
10 -5
10 -5
10 -5
10 -5
10 -5
10 -5
10 -5
10 -5
10 -5
10 -5
8 -2
7 -1
7 -1
7 -1
7 -1
7 -1
7 -1
7 -1
7 -1
7 -1
7 -1
7 -1
7 -1
7 -1
7 -1
5 -1
5 -1
5 -1
5 -1
5 -1
5 -1
5 -1
5 -1
5 -1
5 -1
5 -1
5 -1
5 -1
5 -1
5 -1
5 -1
5 -1
5 -1
5 -1
5 -1
5 -1
5 -1
5 -1
5 -1
5 -1
5 -1
5 -1
5 -1
5 -1
5 -1
3 0
3 0
3 0
3 0
3 0
3 0
3 0
3 0
3 0
3 0
3 0
3 0
3 0
3 0
3 0
3 0
3 0
3 0
3 0
3 0
3 0
3 0
3 0
3 0
3 0
3 0
3 0
3 0
3 0
3 0
3 0
3 0
3 0
3 0
3 0
3 0
3 0
3 0
3 0
3 0
3 0
3 0
3 0
3 0
3 0
3 0
1 0
1 0
1 0
1 0
1 0
1 0
1 0
1 0
1 0
1 0
1 0
1 0
1 0
1 0
1 0
1 0
1 0
1 0
1 0
1 0
1 0
1 0
1 0
1 0
1 0
1 0
1 0
1 0
1 0
1 0
1 0
1 0
0 1
0 1
0 1
0 1
0 1
0 1
0 1
0 1
0 1
0 1
0 1
0 1
0 1
0 1
0 1
0 1
0 1
0 1
0 1
0 1
0 1
0 1
0 1
0 1
0 1
0 1
0 1
0 1
0 1
0 1
0 1
0 1
0 1
0 1
0 1
0 1
0 1
0 1
0 1
0 1
0 1
0 1
0 1
0 1
0 1
0 1
0 1
0 1
0 1
0 1
0 1
0 1
0 1
0 1
0 1
0 1
0 1
0 1
0 1
0 1
0 1
0 1
0 1
0 1
0 1
0 1
0 1
0 1
0 1
0 1
0 1
0 1
0 1
0 1
0 1
0 1
0 1
0 1
0 1
0 1
0 1
0 1
0 1
0 1
0 1
0 1
0 1
0 1
0 1
0 1
0 1
0 1
0 1
0 1
0 1
0 1
0 1
0 1
0 1
0 1
0 1
0 1
0 1
0 1
0 1
0 1
0 1
0 1
0 1
0 1
0 1
0 1
0 1
0 1
0 1
0 1
0 1
0 1
0 1
0 1
0 1
0 1
0 1
0 1
0 1
0 1
0 1
0 1
0 1
0 1
0 1
0 1
0 1
0 1
0 1
0 1
0 1
0 1
0 1
0 1
0 1
0 1
0 1
0 1
0 1
0 1
0 1
0 1
0 1
0 1
0 1
0 1
0 1
0 1
0 1
0 1
0 1
0 1
0 1
0 1
0 1
0 1
0 1
0 1
0 1
0 1
0 1
0 1
0 1
0 1
0 1
0 1
0 1
0 1
0 1
0 1
0 1
0 1
0 1
0 1
0 1
0 1
0 1
0 1
0 1
0 1
0 1
0 1
0 1
0 1
0 1
0 1
0 1
0 1
0 1
0 1
0 1
0 1
0 1
0 1
0 1
0 1
0 1
0 1
0 1
0 1
0 1
0 1
0 1
0 1
0 1
0 1
0 1
0 1
0 1
0 1
0 1
0 1
0 1
0 1
0 1
0 1
0 1
0 1
0 1
0 1
0 1
0 1
0 1
0 1
0 1
0 1
0 1
0 1
0 1
0 1
0 1
0 1
0 1
0 1
0 1
0 1
0 1
0 1
0 1
0 1
0 1
0 1
0 1
0 1
0 1
0 1
0 1
0 1
0 1
0 1
-1 0
-1 0
-1 0
-1 0
-1 0
-1 0
-1 0
-1 0
-1 0
-1 0
-1 0
-1 0
-1 0
-1 0
-1 0
-1 0
-1 0
-1 0
-1 0
-1 0
-1 0
-1 0
-1 0
-1 0
-1 0
-1 0
-1 0
-1 0
-1 0
-1 0
-1 0
-1 0
-1 0
-1 0
-1 0
-1 0
-1 0
-1 0
-1 0
-1 0
-1 0
-1 0
-1 0
-1 0
-1 0
-1 0
-1 0
-1 0
-1 0
-1 0
-1 0
-1 0
-1 0
-1 0
-1 0
-1 0
-1 0
-1 0
-1 0
-1 0
-1 0
-1 0
-1 0
-1 0
-1 0
-1 0
-1 0
-1 0
-1 0
-1 0
-1 0
-1 0
-1 0
-1 1
-1 0
-1 0
-1 0
-1 0
-1 0
-1 0
-1 0
-1 0
-1 0
-1 0
-1 0
-1 0
-1 0
-1 0
-1 0
-1 0
-1 0
-1 0
-1 0
-1 0
-1 0
-1 0
-1 0
-1 0
-1 0
-1 0
-1 0
-1 0
-1 0
-1 0
-1 0
-1 0
-1 0
-1 0
-1 0
-1 0
-1 0
-1 0
-1 0
-1 0
-1 0
-1 0
-1 0
-1 0
-1 0
-1 0
-1 0
-1 0
-1 0
-1 0
-1 0
-1 0
-1 0
-1 0
-1 0
-1 0
-1 0
-1 0
-1 0
-1 0
-1 0
-1 0
-1 0
-1 0
-1 0
-1 0
-1 0
-1 0
-1 0
-1 0
-1 0
-1 0
-1 0
-1 0
-1 0
-1 0
-1 0
-1 0
-1 0
-1 0
-1 0
-1 0
-1 0
-1 0
-1 0
-1 0
-1 0
-1 0
-1 0
-1 0
