0 2
1 -1
0 -1
0 1
-1 0
-1 -1
0 -1
0 -1
0 -1
0 -1
0 -1
0 -1
0 -1
0 -1
0 -1
0 -1
0 -1
0 -1
0 -1
0 -1
0 -1
0 -1
0 -1
0 -1
0 -1
0 -1
0 -1
0 -1
0 -1
0 -1
0 -1
0 -1
0 -1
0 -1
0 -1
0 -1
0 -1
0 -1
0 -1
0 -1
0 -1
0 -1
0 -1
0 -1
0 -1
0 -1
0 -1
0 -1
0 -1
0 -1
0 -1
0 -1
0 -1
0 -1
0 -1
0 -1
0 -1
0 -1
0 -1
0 -1
0 -1
0 -1
0 -1
0 -1
0 -1
0 -1
0 -1
0 -1
0 -1
0 -1
0 -1
0 -1
0 -1
0 -1
0 -1
0 -1
0 -1
0 -1
0 -1
0 -1
0 -1
0 -1
0 -1
0 -1
0 -1
0 -1
0 -1
0 -1
0 -1
0 -1
0 -1
0 -1
0 -1
0 -1
0 -1
0 -1
0 -1
0 -1
0 -1
0 -1
0 -1
0 -1
0 -1
0 -1
0 -1
0 -1
0 -1
0 -1
0 -1
0 -1
0 -1
0 -1
0 -1
0 -1
0 -1
0 -1
0 -1
0 -1
0 -1
0 -1
0 -1
0 -1
0 -1
0 -1
0 -1
0 -1
0 -1
0 -1
0 -1
0 -1
0 -1
1 -2
1 -2
1 -2
1 -2
1 -2
1 -2
1 -2
1 -2
1 -2
1 -2
1 -2
1 -2
1 -2
1 -2
1 -2
1 -2
1 -2
1 -2
1 -2
1 -2
1 -2
1 -2
1 -2
1 -2
1 -2
1 -2
1 -2
1 -2
1 -2
1 -2
1 -2
1 -2
1 -2
1 -2
1 -2
1 -2
1 -2
1 -2
1 -2
1 -2
1 -2
1 -2
1 -2
1 -2
1 -2
1 -2
1 -2
1 -2
1 -2
1 -2
1 -2
1 -2
1 -2
1 -2
1 -2
1 -2
1 -10
1 -10
1 -10
1 -10
1 -10
1 -10
1 -10
1 -10
1 -10
1 -10
1 -10
1 -10
1 -10
1 -10
1 -10
1 -10
1 -10
1 -10
1 -10
1 -10
1 -10
1 -10
1 -10
1 -10
4 -7
4 -7
4 -7
4 -7
4 -7
4 -7
4 -7
4 -7
4 -7
4 -7
4 -7
4 -7
4 -7
4 -7
4 -7
4 -7
4 -7
4 -7
4 -7
4 -7
4 -7
4 -7
4 -7
4 -7
4 -7
4 -7
4 -7
4 -7
4 -7
4 -7
4 -7
4 -7
4 -7
4 -7
4 -7
4 -7
4 -7
4 -7
4 -7
4 -7
4 -7
4 -7
4 -7
4 -7
4 -7
4 -7
4 -7
4 -7
4 -7
4 -7
4 -7
4 -7
4 -7
4 -13
4 -13
4 -13
4 -13
4 -13
4 -13
4 -13
4 -13
4 -13
4 -13
4 -13
4 -13
4 -13
4 -13
4 -13
4 -13
4 -13
4 -13
4 -13
4 -13
4 -13
4 -13
7 -8
7 -8
7 -8
7 -8
7 -8
7 -8
7 -8
7 -8
7 -8
7 -8
7 -8
7 -8
7 -8
7 -8
7 -8
7 -8
7 -8
7 -8
7 -8
7 -8
7 -8
7 -8
7 -8
7 -8
7 -8
7 -8
7 -8
6 -6
6 -6
6 -6
6 -6
6 -6
6 -6
6 -6
6 -6
6 -6
6 -6
6 -6
6 -6
6 -6
6 -6
6 -6
6 -6
6 -6
6 -6
6 -6
6 -6
6 -6
6 -6
6 -6
6 -6
6 -6
6 -6
6 -6
6 -6
6 -6
6 -6
6 -6
6 -6
6 -6
6 -6
6 -6
6 -6
6 -6
6 -6
6 -6
6 -6
6 -6
6 -6
6 -6
6 -6
6 -6
6 -6
6 -6
6 -6
6 -6
6 -6
6 -6
6 -6
6 -6
6 -6
6 -6
6 -6
6 -6
6 -6
5 -11
5 -11
5 -11
5 -11
5 -11
5 -11
5 -11
5 -11
5 -11
5 -11
5 -11
5 -11
5 -11
5 -11
5 -11
5 -11
5 -11
5 -11
5 -11
5 -11
5 -11
5 -11
5 -11
5 -11
5 -11
5 -11
5 -11
5 -11
5 -11
2 -10
2 -10
2 -10
2 -10
2 -10
2 -10
2 -10
2 -10
2 -10
2 -10
2 -10
2 -10
2 -10
2 -10
2 -10
2 -10
2 -10
2 -10
2 -10
2 -10
2 -10
2 -10
2 -10
2 -10
2 -10
2 -10
2 -10
10 -13
10 -13
10 -13
10 -13
10 -13
10 -13
10 -13
10 -13
10 -13
10 -13
10 -13
10 -13
10 -13
10 -13
10 -13
10 -13
10 -13
10 -13
10 -13
10 -13
10 -13
10 -13
10 -13
10 -13
10 -13
10 -13
10 -13
10 -13
10 -13
10 -13
10 -13
10 -13
10 -13
10 -13
10 -13
10 -13
10 -13
10 -13
10 -13
10 -13
10 -13
10 -13
10 -13
10 -13
10 -13
10 -13
10 -13
10 -13
10 -13
10 -13
10 -13
10 -13
10 -13
10 -13
10 -13
10 -13
10 -13
10 -13
10 -13
10 -13
10 -13
10 -13
10 -13
10 -13
10 -13
10 -13
10 -13
10 -13
10 -13
10 -13
10 -13
10 -13
10 -13
10 -13
10 -13
10 -13
10 -13
10 -13
10 -13
10 -13
10 -13
10 -13
10 -13
10 -13
10 -13
10 -13
10 -13
10 -13
10 -13
10 -13
10 -13
6 -16
6 -16
6 -16
6 -16
6 -16
6 -16
6 -16
6 -16
6 -16
6 -16
6 -16
6 -16
6 -16
6 -16
6 -16
6 -16
6 -16
6 -16
6 -16
6 -16
6 -16
6 -16
6 -16
6 -16
6 -16
6 -16
6 -16
6 -16
6 -16
6 -16
6 -16
6 -16
6 -16
6 -16
6 -16
6 -16
6 -16
6 -16
6 -16
6 -16
6 -16
6 -16
6 -16
6 -16
6 -16
6 -16
6 -16
6 -16
6 -16
6 -16
6 -16
6 -16
6 -16
6 -16
6 -16
6 -16
8 -15
8 -15
8 -15
8 -15
8 -15
8 -15
8 -15
8 -15
8 -15
8 -15
8 -15
8 -15
8 -15
8 -15
8 -15
8 -15
8 -15
8 -15
8 -15
8 -15
8 -15
8 -15
8 -15
8 -15
8 -15
8 -15
13 -11
13 -11
13 -11
13 -11
13 -11
13 -11
13 -11
13 -11
13 -11
13 -11
13 -11
13 -11
13 -11
13 -11
13 -11
13 -11
13 -11
13 -11
13 -11
13 -11
13 -11
13 -11
13 -11
13 -11
13 -11
13 -11
13 -11
20 -14
20 -14
20 -14
20 -14
20 -14
20 -14
20 -14
20 -14
20 -14
20 -14
20 -14
20 -14
20 -14
20 -14
20 -14
20 -14
20 -14
20 -14
20 -14
20 -14
20 -14
20 -14
20 -14
20 -14
20 -14
20 -14
20 -14
20 -14
20 -14
20 -14
20 -14
20 -14
20 -14
20 -14
20 -14
20 -14
20 -14
20 -14
20 -14
20 -14
20 -14
20 -14
20 -14
20 -14
20 -14
20 -14
20 -14
20 -14
20 -14
20 -14
20 -14
15 -18
15 -18
15 -18
15 -18
15 -18
15 -18
15 -18
15 -18
15 -18
15 -18
15 -18
15 -18
15 -18
15 -18
15 -18
15 -18
15 -18
15 -18
15 -18
15 -18
15 -18
13 -18
13 -18
13 -18
13 -18
13 -18
13 -18
13 -18
13 -18
13 -18
13 -18
13 -18
13 -18
13 -18
13 -18
13 -18
13 -18
13 -18
13 -18
13 -18
13 -18
13 -18
13 -18
13 -18
13 -18
13 -18
13 -18
13 -18
13 -18
13 -18
13 -18
13 -18
13 -18
13 -18
13 -18
13 -18
13 -18
13 -18
13 -18
13 -18
13 -18
13 -18
13 -18
13 -18
13 -18
13 -18
13 -18
13 -18
13 -18
13 -18
13 -18
13 -18
13 -18
13 -18
13 -18
13 -18
13 -18
13 -18
13 -18
13 -18
13 -18
13 -18
19 -16
19 -16
19 -16
19 -16
19 -16
19 -16
19 -16
19 -16
19 -16
19 -16
19 -16
19 -16
19 -16
19 -16
19 -16
19 -16
19 -16
19 -16
19 -16
19 -16
19 -16
19 -16
19 -16
19 -16
19 -16
19 -16
19 -16
19 -16
15 -18
15 -18
15 -18
15 -18
15 -18
15 -18
15 -18
15 -18
15 -18
15 -18
15 -18
15 -18
15 -18
15 -18
15 -18
15 -18
15 -18
15 -18
15 -18
15 -18
15 -18
15 -18
15 -18
15 -18
15 -18
15 -18
13 -13
13 -13
13 -13
13 -13
13 -13
13 -13
13 -13
13 -13
13 -13
13 -13
13 -13
13 -13
13 -13
13 -13
13 -13
13 -13
13 -13
13 -13
13 -13
13 -13
13 -13
13 -13
13 -13
13 -13
13 -13
13 -13
13 -13
13 -13
13 -13
13 -13
13 -13
13 -13
13 -13
13 -13
13 -13
13 -13
13 -13
13 -13
13 -13
13 -13
13 -13
13 -13
13 -13
13 -13
13 -13
13 -13
13 -13
13 -13
13 -13
13 -13
13 -13
13 -13
13 -13
13 -13
13 -13
13 -13
23 -11
23 -11
23 -11
23 -11
23 -11
23 -11
23 -11
23 -11
23 -11
23 -11
23 -11
23 -11
23 -11
23 -11
23 -11
23 -11
23 -11
23 -11
23 -11
23 -11
23 -11
23 -11
23 -11
12 -14
12 -14
12 -14
12 -14
12 -14
12 -14
12 -14
12 -14
12 -14
12 -14
12 -14
12 -14
12 -14
12 -14
12 -14
12 -14
12 -14
12 -14
12 -14
12 -14
12 -14
12 -14
12 -14
12 -14
12 -14
12 -14
12 -14
10 -14
10 -14
10 -14
10 -14
10 -14
10 -14
10 -14
10 -14
10 -14
10 -14
10 -14
10 -14
10 -14
10 -14
10 -14
10 -14
10 -14
10 -14
10 -14
10 -14
10 -14
10 -14
10 -14
10 -14
10 -14
10 -14
10 -14
10 -14
10 -14
10 -14
10 -14
10 -14
10 -14
10 -14
10 -14
10 -14
10 -14
10 -14
10 -14
10 -14
10 -14
10 -14
10 -14
10 -14
10 -14
10 -14
10 -14
10 -14
10 -14
10 -14
10 -14
10 -14
10 -14
10 -14
10 -14
10 -14
18 -16
18 -16
18 -16
18 -16
18 -16
18 -16
18 -16
18 -16
18 -16
18 -16
18 -16
18 -16
18 -16
18 -16
18 -16
18 -16
18 -16
18 -16
18 -16
18 -16
18 -16
18 -16
18 -16
18 -16
18 -16
12 -10
12 -10
12 -10
12 -10
12 -10
12 -10
12 -10
12 -10
12 -10
12 -10
12 -10
12 -10
12 -10
12 -10
12 -10
12 -10
12 -10
12 -10
12 -10
12 -10
12 -10
12 -10
12 -10
12 -10
12 -10
12 -10
12 -10
12 -10
12 -10
12 -10
12 -10
12 -10
12 -10
12 -10
12 -10
12 -10
12 -10
12 -10
12 -10
12 -10
12 -10
12 -10
12 -10
12 -10
12 -10
12 -10
12 -10
12 -10
12 -10
12 -10
12 -10
12 -10
12 -10
12 -10
11 -10
11 -10
11 -10
11 -10
11 -10
11 -10
11 -10
11 -10
11 -10
11 -10
11 -10
11 -10
11 -10
11 -10
11 -10
11 -10
11 -10
11 -10
11 -10
11 -10
11 -10
11 -10
11 -10
11 -10
11 -10
11 -10
11 -10
11 -10
11 -10
11 -10
11 -10
11 -10
11 -10
11 -10
11 -10
11 -10
11 -10
11 -10
11 -10
11 -10
11 -10
11 -10
11 -10
11 -10
11 -10
11 -10
11 -10
11 -10
11 -10
11 -10
11 -10
11 -10
11 -10
11 -10
11 -10
11 -10
19 -10
19 -10
19 -10
19 -10
19 -10
19 -10
19 -10
19 -10
19 -10
19 -10
19 -10
19 -10
19 -10
19 -10
19 -10
19 -10
19 -10
19 -10
19 -10
19 -10
19 -10
19 -10
19 -10
19 -10
19 -10
19 -10
20 -13
20 -13
20 -13
20 -13
20 -13
20 -13
20 -13
20 -13
20 -13
20 -13
20 -13
20 -13
20 -13
20 -13
20 -13
20 -13
20 -13
20 -13
20 -13
20 -13
20 -13
20 -13
20 -13
20 -13
20 -13
20 -13
20 -13
17 -12
17 -12
17 -12
17 -12
17 -12
17 -12
17 -12
17 -12
17 -12
17 -12
17 -12
17 -12
17 -12
17 -12
17 -12
17 -12
17 -12
17 -12
17 -12
17 -12
17 -12
17 -12
17 -12
17 -12
17 -12
17 -12
17 -12
17 -12
17 -12
17 -12
17 -12
18 -14
18 -14
18 -14
18 -14
18 -14
18 -14
18 -14
18 -14
18 -14
18 -14
18 -14
18 -14
18 -14
18 -14
18 -14
18 -14
18 -14
18 -14
18 -14
18 -14
18 -14
18 -14
18 -14
18 -14
18 -14
18 -14
18 -14
18 -14
18 -14
18 -14
18 -14
18 -14
18 -14
18 -14
18 -14
18 -14
18 -14
18 -14
18 -14
18 -14
18 -14
18 -14
18 -14
24 -13
24 -13
24 -13
24 -13
24 -13
24 -13
24 -13
24 -13
24 -13
24 -13
24 -13
24 -13
24 -13
24 -13
24 -13
24 -13
24 -13
24 -13
19 -13
19 -13
19 -13
19 -13
19 -13
19 -13
19 -13
19 -13
19 -13
19 -13
19 -13
19 -13
19 -13
19 -13
19 -13
19 -13
19 -13
19 -13
19 -13
19 -13
19 -13
28 -10
28 -10
28 -10
28 -10
28 -10
28 -10
28 -10
28 -10
28 -10
28 -10
28 -10
28 -10
28 -10
28 -10
28 -10
28 -10
28 -10
28 -10
28 -10
28 -10
28 -10
28 -10
28 -10
28 -10
28 -10
28 -10
28 -10
28 -10
28 -10
28 -10
28 -10
28 -10
28 -10
28 -10
28 -10
28 -10
28 -10
28 -10
28 -10
28 -10
28 -10
28 -10
28 -10
28 -10
28 -10
28 -10
28 -10
28 -10
28 -10
28 -10
28 -10
28 -10
28 -10
28 -10
28 -10
28 -10
29 -12
29 -12
29 -12
29 -12
29 -12
29 -12
29 -12
29 -12
29 -12
29 -12
29 -12
29 -12
29 -12
29 -12
29 -12
29 -12
29 -12
29 -12
29 -12
29 -12
29 -12
29 -12
29 -12
29 -12
29 -12
29 -12
29 -12
29 -12
29 -12
29 -12
29 -12
21 -11
21 -11
21 -11
21 -11
21 -11
21 -11
21 -11
21 -11
21 -11
21 -11
21 -11
21 -11
21 -11
21 -11
21 -11
21 -11
21 -11
21 -11
21 -11
21 -11
21 -11
21 -11
21 -11
21 -11
21 -11
21 -11
21 -11
21 -11
21 -11
21 -11
21 -11
21 -11
21 -11
21 -11
21 -11
21 -11
21 -11
21 -11
21 -11
21 -11
21 -11
21 -11
21 -11
21 -11
21 -11
21 -11
21 -11
21 -11
21 -11
21 -11
21 -11
21 -11
21 -11
21 -11
23 -11
23 -11
23 -11
23 -11
23 -11
23 -11
23 -11
23 -11
23 -11
23 -11
23 -11
23 -11
23 -11
23 -11
23 -11
23 -11
23 -11
23 -11
23 -11
23 -11
23 -11
23 -11
23 -11
23 -11
23 -11
23 -11
23 -11
23 -11
23 -11
23 -11
23 -11
23 -11
23 -11
22 -5
22 -5
22 -5
22 -5
22 -5
22 -5
22 -5
22 -5
22 -5
22 -5
22 -5
22 -5
22 -5
22 -5
22 -5
22 -5
22 -5
22 -5
22 -5
22 -5
22 -5
22 -5
22 -5
22 -5
22 -5
19 -4
19 -4
19 -4
19 -4
19 -4
19 -4
19 -4
19 -4
19 -4
19 -4
19 -4
19 -4
19 -4
19 -4
19 -4
19 -4
19 -4
19 -4
19 -4
19 -4
19 -4
19 -4
19 -4
19 -4
19 -4
19 -4
19 -4
19 -4
19 -4
19 -4
19 -4
19 -4
19 -4
19 -4
19 -4
19 -4
19 -4
19 -4
19 -4
19 -4
19 -4
19 -4
19 -4
19 -4
19 -4
19 -4
19 -4
19 -4
19 -4
19 -4
19 -4
19 -4
18 -2
18 -2
18 -2
18 -2
18 -2
18 -2
18 -2
18 -2
18 -2
18 -2
18 -2
18 -2
18 -2
18 -2
18 -2
18 -2
18 -2
18 -2
18 -2
18 -2
21 -2
21 -2
21 -2
21 -2
21 -2
21 -2
21 -2
21 -2
21 -2
21 -2
21 -2
21 -2
21 -2
21 -2
21 -2
21 -2
21 -2
21 -2
21 -2
21 -2
21 -2
21 -2
21 -2
21 -2
21 -2
21 -2
21 -2
21 -2
21 -2
21 -2
21 -2
21 -2
21 -2
21 -2
21 -2
21 -2
21 -2
21 -2
21 -2
21 -2
21 -2
21 -2
21 -2
21 -2
21 -2
21 -2
21 -2
21 -2
21 -2
21 -2
21 -2
21 -2
21 -2
21 -2
21 -2
21 -2
21 -2
21 -2
27 -9
27 -9
27 -9
27 -9
27 -9
27 -9
27 -9
27 -9
27 -9
27 -9
27 -9
27 -9
27 -9
27 -9
27 -9
27 -9
21 -4
21 -4
21 -4
21 -4
21 -4
21 -4
21 -4
21 -4
21 -4
21 -4
21 -4
21 -4
21 -4
21 -4
21 -4
21 -4
21 -4
21 -4
21 -4
21 -4
21 -4
21 -4
21 -4
28 -3
28 -3
28 -3
28 -3
28 -3
28 -3
28 -3
28 -3
28 -3
28 -3
28 -3
28 -3
28 -3
28 -3
28 -3
28 -3
28 -3
28 -3
28 -3
28 -3
28 -3
28 -3
28 -3
28 -3
28 -3
28 -3
28 -3
28 -3
28 -3
28 -3
28 -3
28 -3
28 -3
28 -3
28 -3
28 -3
28 -3
28 -3
28 -3
28 -3
28 -3
28 -3
28 -3
28 -3
28 -3
28 -3
28 -3
28 -3
28 -3
28 -3
28 -3
28 -3
28 -3
28 -3
28 -3
28 -3
28 -3
28 -3
28 -3
27 -4
27 -4
27 -4
27 -4
27 -4
27 -4
27 -4
27 -4
27 -4
27 -4
27 -4
27 -4
27 -4
27 -4
27 -4
27 -4
27 -4
27 -4
27 -4
27 -4
27 -4
27 -4
27 -4
27 -4
27 -4
27 -4
27 -4
35 -4
35 -4
35 -4
35 -4
35 -4
35 -4
35 -4
35 -4
35 -4
35 -4
35 -4
35 -4
35 -4
35 -4
35 -4
35 -4
35 -4
35 -4
35 -4
35 -4
35 -4
30 -7
30 -7
30 -7
30 -7
30 -7
30 -7
30 -7
30 -7
30 -7
30 -7
30 -7
30 -7
30 -7
30 -7
30 -7
30 -7
30 -7
30 -7
30 -7
30 -7
30 -7
30 -7
30 -7
30 -7
30 -7
30 -7
30 -7
30 -7
30 -7
30 -7
30 -7
30 -7
30 -7
30 -7
30 -7
30 -7
30 -7
30 -7
30 -7
30 -7
30 -7
30 -7
30 -7
30 -7
30 -7
30 -7
30 -7
30 -7
30 -7
30 -7
30 -7
30 -7
30 -7
30 -7
30 -7
30 -7
30 -7
30 -7
30 -7
35 -6
35 -6
35 -6
35 -6
35 -6
35 -6
35 -6
35 -6
35 -6
35 -6
35 -6
35 -6
35 -6
35 -6
35 -6
35 -6
35 -6
35 -6
35 -6
35 -6
35 -6
35 -6
35 -6
35 -6
35 -6
35 -6
35 -6
34 -9
34 -9
34 -9
34 -9
34 -9
34 -9
34 -9
34 -9
34 -9
34 -9
34 -9
34 -9
34 -9
34 -9
34 -9
34 -9
34 -9
34 -9
34 -9
34 -9
34 -9
34 -9
34 -9
34 -9
34 -9
34 -9
34 -9
34 -9
34 -9
34 -9
34 -9
34 -9
34 -9
34 -9
34 -9
34 -9
34 -9
34 -9
34 -9
34 -9
34 -9
34 -9
34 -9
34 -9
34 -9
34 -9
34 -9
34 -9
34 -9
34 -9
34 -9
34 -9
34 -9
34 -9
34 -9
32 -3
32 -3
32 -3
32 -3
32 -3
32 -3
32 -3
32 -3
32 -3
32 -3
32 -3
32 -3
32 -3
32 -3
32 -3
32 -3
32 -3
32 -3
32 -3
32 -3
32 -3
32 -3
32 -3
32 -3
32 -3
32 -3
32 -3
32 -3
32 -3
32 -3
32 -3
32 -3
32 -3
32 -3
32 -3
32 -3
32 -3
32 -3
32 -3
32 -3
32 -3
32 -3
32 -3
32 -3
32 -3
32 -3
32 -3
32 -3
34 1
34 1
34 1
34 1
34 1
34 1
34 1
34 1
34 1
34 1
34 1
34 1
34 1
34 1
34 1
34 1
34 1
34 1
34 1
34 1
37 -5
37 -5
37 -5
37 -5
37 -5
37 -5
37 -5
37 -5
37 -5
37 -5
37 -5
37 -5
37 -5
37 -5
37 -5
37 -5
37 -5
37 -5
37 -5
37 -5
37 -5
38 3
38 3
38 3
38 3
38 3
38 3
38 3
38 3
38 3
38 3
38 3
38 3
38 3
38 3
38 3
38 3
38 3
37 0
37 0
37 0
37 0
37 0
37 0
37 0
37 0
37 0
37 0
37 0
37 0
37 0
37 0
37 0
37 0
37 0
37 0
37 0
37 0
37 0
37 0
37 0
37 0
37 0
37 0
37 0
37 0
37 0
37 0
37 0
37 0
37 0
37 0
37 0
37 0
37 0
37 0
37 0
37 0
37 0
37 0
37 0
37 0
37 0
37 0
37 0
37 0
43 0
43 0
43 0
43 0
43 0
43 0
43 0
43 0
43 0
43 0
43 0
43 0
43 0
43 0
43 0
43 0
43 0
43 0
43 0
43 0
43 0
43 0
43 0
43 0
40 1
40 1
40 1
40 1
40 1
40 1
40 1
40 1
40 1
40 1
40 1
40 1
40 1
40 1
40 1
40 1
40 1
40 1
40 1
40 1
40 1
40 1
40 1
40 1
40 1
43 -4
43 -4
43 -4
43 -4
43 -4
43 -4
43 -4
43 -4
43 -4
43 -4
43 -4
43 -4
43 -4
43 -4
43 -4
43 -4
43 -4
43 -4
43 -4
43 -4
43 -4
43 -4
43 -4
43 -4
43 -4
43 -4
43 -4
43 -4
43 -4
43 -4
43 -4
43 -4
43 -4
43 -4
43 -4
43 -4
43 -4
43 -4
43 -4
43 -4
43 -4
43 -4
43 -4
43 -4
43 -4
43 -4
43 -4
43 -4
43 -4
43 -4
43 -4
43 -4
43 -4
43 -4
37 0
37 0
37 0
37 0
37 0
37 0
37 0
37 0
37 0
37 0
37 0
37 0
37 0
37 0
37 0
37 0
37 0
37 0
37 0
37 0
37 0
37 0
37 0
37 0
37 0
37 0
37 0
37 0
37 0
37 0
37 0
37 0
47 -2
47 -2
47 -2
47 -2
47 -2
47 -2
47 -2
47 -2
47 -2
47 -2
47 -2
47 -2
47 -2
47 -2
47 -2
47 -2
47 -2
47 -2
47 -2
47 -2
47 -2
47 -2
47 -2
47 -2
47 -2
47 -2
47 -2
47 -2
47 -2
47 -2
47 -2
47 -2
47 -2
47 -2
47 -2
47 -2
47 -2
47 -2
47 -2
47 -2
47 -2
47 -2
47 -2
47 -2
47 -2
47 -2
47 -2
47 -2
47 -2
47 -2
47 -2
47 -2
46 -4
46 -4
46 -4
46 -4
46 -4
46 -4
46 -4
46 -4
46 -4
46 -4
46 -4
46 -4
46 -4
46 -4
46 -4
46 -4
46 -4
46 -4
46 -4
46 -4
46 -4
46 -4
46 -4
46 -4
46 -4
46 -4
46 -4
46 -4
46 -2
46 -2
46 -2
46 -2
46 -2
46 -2
46 -2
46 -2
46 -2
46 -2
46 -2
46 -2
46 -2
46 -2
46 -2
46 -2
46 -2
46 -2
46 -2
46 -2
46 -2
46 -2
46 -2
46 -2
46 -2
46 -2
46 -2
46 -2
46 -2
46 -2
42 2
42 2
42 2
42 2
42 2
42 2
42 2
42 2
42 2
42 2
42 2
42 2
42 2
42 2
42 2
42 2
42 2
42 2
42 2
42 2
42 2
42 2
42 2
42 2
42 2
42 2
42 2
42 2
42 2
42 2
42 2
42 2
42 2
42 2
42 2
42 2
42 2
42 2
42 2
42 2
42 2
42 2
42 2
42 2
42 2
42 2
42 2
42 2
42 2
42 2
42 2
42 2
42 2
42 2
42 2
42 2
41 0
41 0
41 0
41 0
41 0
41 0
41 0
41 0
41 0
41 0
41 0
41 0
41 0
41 0
41 0
41 0
41 0
41 0
41 0
39 2
39 2
39 2
39 2
39 2
39 2
39 2
39 2
39 2
39 2
39 2
39 2
39 2
39 2
39 2
39 2
39 2
39 2
39 2
39 2
39 2
39 2
39 2
39 2
39 2
39 2
39 2
39 2
39 2
39 2
39 2
39 2
39 2
39 2
39 2
39 2
39 2
39 2
39 2
39 2
39 2
39 2
40 5
40 5
40 5
40 5
40 5
40 5
40 5
40 5
40 5
40 5
40 5
40 5
40 5
40 5
40 5
40 5
40 5
40 5
40 5
40 5
40 5
40 5
40 5
39 4
39 4
39 4
39 4
39 4
39 4
39 4
39 4
39 4
39 4
39 4
39 4
39 4
39 4
39 4
39 4
39 4
39 4
39 4
39 4
39 4
39 4
39 4
33 9
33 9
33 9
33 9
33 9
33 9
33 9
33 9
33 9
33 9
33 9
33 9
33 9
33 9
33 9
33 9
33 9
33 9
33 9
33 9
33 9
33 9
33 9
33 9
33 9
33 9
33 9
33 9
33 9
33 9
33 9
33 9
33 9
33 9
33 9
33 9
33 9
33 9
33 9
33 9
33 9
33 9
33 9
33 9
33 9
33 9
33 9
33 9
33 9
37 7
37 7
37 7
37 7
37 7
37 7
37 7
37 7
37 7
37 7
37 7
37 7
37 7
37 7
37 7
37 7
37 7
37 7
37 7
37 7
37 7
37 7
37 5
37 5
37 5
37 5
37 5
37 5
37 5
37 5
37 5
37 5
37 5
37 5
37 5
37 5
37 5
37 5
37 5
37 5
37 5
37 5
37 5
37 5
42 5
42 5
42 5
42 5
42 5
42 5
42 5
42 5
42 5
42 5
42 5
42 5
42 5
42 5
42 5
42 5
42 5
42 5
42 5
42 5
42 5
42 5
42 5
42 5
42 5
42 5
42 5
42 5
42 5
42 5
42 5
42 5
42 5
42 5
42 5
42 5
42 5
42 5
42 5
42 5
42 5
42 5
42 5
42 5
42 5
42 5
42 5
42 5
42 5
34 10
34 10
34 10
34 10
34 10
34 10
34 10
34 10
34 10
34 10
34 10
34 10
34 10
34 10
34 10
34 10
34 10
34 10
34 10
34 10
34 10
34 10
38 9
38 9
38 9
38 9
38 9
38 9
38 9
38 9
38 9
38 9
38 9
38 9
38 9
38 9
38 9
38 9
38 9
38 9
38 9
38 9
38 9
38 9
38 9
38 9
38 9
38 9
38 9
38 9
38 9
38 9
38 9
38 9
38 9
38 9
38 9
38 9
38 9
38 9
38 9
38 9
38 9
38 9
38 9
38 9
38 9
38 9
38 9
38 9
38 9
38 9
38 9
38 9
43 9
43 9
43 9
43 9
43 9
43 9
43 9
43 9
43 9
43 9
43 9
43 9
43 9
43 9
43 9
37 17
37 17
37 17
37 17
37 17
37 17
37 17
37 17
37 17
37 17
37 17
37 17
37 17
37 17
37 17
37 17
37 17
37 17
37 17
37 17
27 12
27 12
27 12
27 12
27 12
27 12
27 12
27 12
27 12
27 12
27 12
27 12
27 12
27 12
27 12
27 12
27 12
27 12
27 12
27 12
27 12
27 12
27 12
27 12
27 12
27 12
27 12
27 12
27 12
27 12
27 12
27 12
27 12
27 12
27 12
27 12
27 12
27 12
27 12
27 12
27 12
27 12
27 12
29 18
29 18
29 18
29 18
29 18
29 18
29 18
29 18
29 18
29 18
29 18
29 18
29 18
29 18
29 18
29 18
29 18
29 18
29 18
29 18
29 18
29 18
29 18
29 18
29 18
29 18
29 18
29 18
29 18
29 18
29 18
29 18
29 18
29 18
29 18
29 18
29 18
29 18
29 18
29 18
29 18
29 18
29 18
29 18
20 6
20 6
20 6
20 6
20 6
20 6
20 6
20 6
20 6
20 6
20 6
20 6
20 6
20 6
20 6
20 6
20 6
20 6
20 6
25 17
25 17
25 17
25 17
25 17
25 17
25 17
25 17
25 17
25 17
25 17
25 17
25 17
25 17
25 17
25 17
25 17
25 17
21 19
21 19
21 19
21 19
21 19
21 19
21 19
21 19
21 19
21 19
21 19
21 19
21 19
21 19
21 19
21 19
21 19
21 19
21 19
21 19
21 19
21 19
28 21
28 21
28 21
28 21
28 21
28 21
28 21
28 21
28 21
28 21
28 21
28 21
28 21
28 21
28 21
28 21
28 21
28 21
28 21
28 21
28 21
28 21
28 21
28 21
28 21
28 21
28 21
28 21
28 21
28 21
28 21
28 21
28 21
28 21
28 21
28 21
28 21
28 21
28 21
28 21
28 21
29 25
29 25
29 25
29 25
29 25
29 25
29 25
29 25
29 25
29 25
29 25
29 25
29 25
29 25
29 25
29 25
29 25
29 25
29 25
29 25
29 25
29 25
29 25
28 27
28 27
28 27
28 27
28 27
28 27
28 27
28 27
28 27
28 27
28 27
28 27
28 27
28 27
28 27
28 27
28 27
28 27
28 27
28 27
24 26
24 26
24 26
24 26
24 26
24 26
24 26
24 26
24 26
24 26
24 26
24 26
24 26
24 26
24 26
24 26
24 26
24 26
24 26
24 26
24 26
24 26
24 26
24 26
24 26
24 26
24 26
24 26
24 26
24 26
24 26
24 26
24 26
24 26
24 26
24 26
24 26
24 26
24 26
24 26
24 26
24 26
24 26
24 26
24 26
27 33
27 33
27 33
27 33
27 33
27 33
27 33
27 33
27 33
27 33
27 33
27 33
27 33
27 33
27 33
27 33
27 33
27 33
27 33
27 33
25 22
25 22
25 22
25 22
25 22
25 22
25 22
25 22
25 22
25 22
25 22
25 22
25 22
25 22
25 22
25 22
25 22
25 22
25 22
25 22
25 22
25 22
25 22
25 22
25 22
25 22
25 22
25 22
25 22
25 22
25 22
25 22
25 22
25 22
25 22
25 22
25 22
25 22
25 22
25 22
25 22
25 22
25 22
25 22
25 22
25 22
20 22
20 22
20 22
20 22
20 22
20 22
20 22
20 22
20 22
20 22
20 22
20 22
20 22
20 22
20 22
20 22
20 22
20 22
20 22
20 22
20 22
24 30
24 30
24 30
24 30
24 30
24 30
24 30
24 30
24 30
24 30
24 30
24 30
24 30
24 30
24 30
24 30
17 31
17 31
17 31
17 31
17 31
17 31
17 31
17 31
17 31
17 31
17 31
17 31
17 31
17 31
17 31
17 31
17 31
17 31
17 31
17 31
17 31
17 31
17 31
17 31
17 31
17 31
17 31
17 31
17 31
17 31
17 31
17 31
17 31
17 31
17 31
17 31
17 31
17 31
17 31
17 31
17 31
17 31
17 31
17 31
31 35
31 35
31 35
31 35
31 35
31 35
31 35
31 35
31 35
31 35
31 35
31 35
31 35
31 35
31 35
31 35
31 35
31 35
31 35
31 35
23 24
23 24
23 24
23 24
23 24
23 24
23 24
23 24
23 24
23 24
23 24
23 24
23 24
23 24
23 24
23 24
23 24
23 24
23 24
23 24
23 24
23 24
23 24
23 24
23 24
23 24
23 24
23 24
23 24
23 24
23 24
23 24
23 24
23 24
23 24
23 24
23 24
23 24
23 24
23 24
29 30
29 30
29 30
29 30
29 30
29 30
29 30
29 30
29 30
29 30
29 30
29 30
29 30
29 30
29 30
29 30
29 30
29 30
29 30
29 30
29 30
29 30
29 30
29 30
29 30
29 30
29 30
29 30
29 30
29 30
29 30
29 30
29 30
29 30
29 30
29 30
29 30
26 31
26 31
26 31
26 31
26 31
26 31
26 31
26 31
26 31
26 31
26 31
26 31
26 31
26 31
26 31
26 31
26 31
26 31
26 31
26 31
26 31
26 31
26 31
26 31
26 31
26 31
26 31
26 31
26 31
26 31
26 31
26 31
26 31
26 31
26 31
26 31
17 35
17 35
17 35
17 35
17 35
17 35
17 35
17 35
17 35
17 35
17 35
17 35
17 35
17 35
17 35
17 35
17 35
17 35
17 35
17 35
17 35
17 35
17 35
17 35
21 28
21 28
21 28
21 28
21 28
21 28
21 28
21 28
21 28
21 28
21 28
21 28
21 28
21 28
21 28
21 28
21 28
21 28
21 28
21 28
21 28
21 28
21 28
21 28
21 28
21 28
21 28
21 28
21 28
21 34
21 34
21 34
21 34
21 34
21 34
21 34
21 34
21 34
21 34
21 34
21 34
21 34
21 34
21 34
21 34
21 34
21 34
21 34
21 34
21 34
21 34
21 34
21 34
21 34
21 34
21 34
21 34
21 34
21 34
21 34
21 34
21 34
21 34
21 34
21 34
21 34
21 34
21 34
21 34
21 34
21 34
21 34
21 34
21 34
21 34
21 34
21 34
21 34
21 34
21 34
21 34
16 39
16 39
16 39
16 39
16 39
16 39
16 39
16 39
16 39
16 39
16 39
16 39
16 39
16 39
16 39
16 39
16 39
16 39
16 39
16 39
16 39
16 39
16 39
15 35
15 35
15 35
15 35
15 35
15 35
15 35
15 35
15 35
15 35
15 35
15 35
15 35
15 35
15 35
15 35
15 35
15 35
15 35
15 35
15 35
15 35
15 35
15 35
15 35
15 35
15 35
15 35
15 35
15 35
15 35
15 35
15 35
15 35
15 35
15 35
15 35
15 35
15 35
15 35
15 35
15 35
15 35
15 35
15 35
15 35
15 35
15 35
15 35
15 35
15 35
15 35
15 35
15 35
15 35
15 35
15 35
15 35
15 35
15 35
15 35
15 35
11 24
11 24
11 24
11 24
11 24
11 24
11 24
11 24
11 24
11 24
11 24
11 24
11 24
11 24
11 24
11 24
11 24
11 24
11 24
11 24
11 24
11 24
11 24
11 24
11 24
11 24
11 24
11 24
11 24
11 24
11 24
11 24
11 24
11 24
11 24
11 24
11 24
11 24
11 24
11 24
11 24
11 24
11 24
11 24
11 24
11 24
11 24
11 24
11 24
11 24
11 24
11 24
11 24
11 24
11 24
11 24
11 24
11 24
11 24
11 24
11 24
11 24
11 24
11 24
11 24
11 24
11 24
11 24
11 24
16 31
16 31
16 31
16 31
16 31
16 31
16 31
16 31
16 31
16 31
16 31
16 31
16 31
16 31
16 31
16 31
16 31
16 31
16 31
16 31
16 31
16 31
16 31
16 31
16 31
16 31
16 31
13 38
13 38
13 38
13 38
13 38
13 38
13 38
13 38
13 38
13 38
13 38
13 38
13 38
13 38
13 38
13 38
13 38
13 38
13 38
13 38
13 38
13 38
13 38
13 38
13 38
13 38
10 36
10 36
10 36
10 36
10 36
10 36
10 36
10 36
10 36
10 36
10 36
10 36
10 36
10 36
10 36
10 36
10 36
10 36
10 36
10 36
10 36
10 36
10 36
10 36
10 36
10 36
10 36
10 36
10 36
10 36
10 36
10 36
10 36
10 36
10 36
8 37
8 37
8 37
8 37
8 37
8 37
8 37
8 37
8 37
8 37
8 37
8 37
8 37
8 37
8 37
8 37
8 37
8 37
8 37
8 37
8 37
8 37
8 37
8 37
8 37
8 37
8 37
8 37
8 37
8 37
8 37
8 37
8 37
8 37
8 37
8 37
8 37
8 37
8 37
8 37
8 37
8 37
8 37
8 37
8 37
8 37
8 37
8 37
8 37
8 37
8 37
8 37
8 37
8 37
8 37
8 37
8 37
8 37
8 37
8 37
8 37
8 37
8 37
8 37
8 37
8 37
8 37
8 37
8 37
8 37
8 37
8 37
8 37
8 37
8 37
8 37
8 37
8 37
8 37
8 37
8 37
8 37
8 37
8 37
8 37
8 37
8 37
8 37
8 37
8 37
8 37
8 37
8 37
8 37
8 37
8 37
6 42
6 42
6 42
6 42
6 42
6 42
6 42
6 42
6 42
6 42
6 42
6 42
6 42
6 42
6 42
6 42
6 42
6 42
6 42
6 42
6 42
6 42
6 42
6 42
6 42
6 42
6 42
6 42
6 42
6 42
6 42
6 42
9 42
9 42
9 42
9 42
9 42
9 42
9 42
9 42
9 42
9 42
9 42
9 42
9 42
9 42
9 42
9 42
9 42
9 42
9 42
9 42
9 42
9 42
9 42
9 42
9 42
9 42
9 42
9 42
9 42
9 42
9 42
9 42
9 42
9 42
9 42
9 42
9 42
9 42
9 42
9 42
9 42
9 42
9 42
9 42
9 42
9 42
9 42
9 42
9 42
9 42
9 42
9 42
9 42
9 42
9 42
9 42
9 42
9 42
9 42
9 42
9 42
9 42
9 42
9 42
9 42
9 42
9 42
9 42
9 42
7 39
7 39
7 39
7 39
7 39
7 39
7 39
7 39
7 39
7 39
7 39
7 39
7 39
7 39
7 39
7 39
7 39
7 39
7 39
7 39
7 39
7 39
7 39
7 39
7 39
7 39
7 39
7 38
7 38
7 38
7 38
7 38
7 38
7 38
7 38
7 38
7 38
7 38
7 38
7 38
7 38
7 38
7 38
7 38
7 38
7 38
7 38
7 38
7 38
7 38
7 38
7 38
7 38
7 38
7 38
7 38
7 38
7 38
7 38
7 38
7 38
7 38
7 38
7 38
7 38
7 38
7 38
7 38
7 38
7 38
7 38
7 38
7 38
7 38
5 41
5 41
5 41
5 41
5 41
5 41
5 41
5 41
5 41
5 41
5 41
5 41
5 41
5 41
5 41
5 41
5 41
5 41
5 41
5 41
5 41
5 41
5 41
5 41
5 41
5 41
5 41
5 41
5 41
5 41
5 41
5 41
5 41
5 41
5 41
5 41
5 41
5 41
5 41
5 41
5 41
5 41
5 41
5 41
5 41
5 41
5 41
5 41
5 41
5 41
5 41
5 41
5 41
5 41
0 39
0 39
0 39
0 39
0 39
0 39
0 39
0 39
0 39
0 39
0 39
0 39
0 39
0 39
0 39
0 39
0 39
0 39
0 39
0 39
0 39
0 39
0 39
0 39
0 39
0 39
0 39
0 39
0 39
0 39
0 39
0 39
0 39
0 39
0 39
0 39
0 39
0 39
0 39
0 39
0 39
0 39
0 39
0 39
0 39
0 39
0 39
0 39
0 39
0 39
0 39
0 39
0 39
0 39
0 39
4 39
4 39
4 39
4 39
4 39
4 39
4 39
4 39
4 39
4 39
4 39
4 39
4 39
4 39
4 39
4 39
4 39
4 39
4 39
4 39
4 39
4 39
4 39
4 39
4 39
4 39
4 39
4 39
4 39
-4 39
-4 39
-4 39
-4 39
-4 39
-4 39
-4 39
-4 39
-4 39
-4 39
-4 39
-4 39
-4 39
-4 39
-4 39
-4 39
-4 39
-4 39
-4 39
-4 39
-4 39
-4 39
-4 39
-4 39
-4 39
-4 39
-4 39
-4 39
-4 39
-4 39
-4 39
-4 39
-4 39
-4 39
-4 39
-4 39
-4 39
-4 39
-4 39
-4 39
-4 39
-4 39
-4 39
-4 39
-4 39
-4 39
-4 39
-4 39
-4 39
-4 39
-4 39
-4 39
-4 39
-4 39
-4 39
-4 39
-4 39
-4 39
-4 39
-4 39
0 43
0 43
0 43
0 43
0 43
0 43
0 43
0 43
0 43
0 43
0 43
0 43
0 43
0 43
0 43
0 43
0 43
0 43
0 43
0 43
0 43
0 43
0 43
0 43
-3 39
-3 39
-3 39
-3 39
-3 39
-3 39
-3 39
-3 39
-3 39
-3 39
-3 39
-3 39
-3 39
-3 39
-3 39
-3 39
-3 39
0 42
0 42
0 42
0 42
0 42
0 42
0 42
0 42
0 42
0 42
0 42
0 42
0 42
0 42
0 42
0 42
0 42
0 42
0 42
0 42
0 42
0 42
0 42
0 42
0 42
0 42
0 42
0 42
0 42
0 42
0 42
0 42
0 42
0 42
0 42
0 42
0 42
0 42
0 42
0 42
0 42
0 42
0 42
0 42
0 42
0 42
0 42
-1 45
-1 45
-1 45
-1 45
-1 45
-1 45
-1 45
-1 45
-1 45
-1 45
-1 45
-1 45
-1 45
-1 45
-1 45
-1 45
-1 45
-1 45
-1 45
-1 45
-1 45
-1 45
-1 45
-1 45
-1 45
-1 45
-1 45
0 47
0 47
0 47
0 47
0 47
0 47
0 47
0 47
0 47
0 47
0 47
0 47
0 47
0 47
0 47
0 47
0 47
0 47
0 47
0 47
0 47
0 47
0 47
0 47
0 47
0 47
0 47
0 47
0 47
0 47
0 47
0 47
-7 47
-7 47
-7 47
-7 47
-7 47
-7 47
-7 47
-7 47
-7 47
-7 47
-7 47
-7 47
-7 47
-7 47
-7 47
-7 47
-7 47
-7 47
-7 47
-7 47
-7 47
-7 47
-7 47
-7 47
-7 47
-7 47
-7 47
-7 47
-7 47
-7 47
-7 47
-7 47
-7 47
-7 47
-7 47
-7 47
-7 47
-7 47
-7 47
-7 47
-7 47
-7 47
-7 47
-7 47
-7 47
-7 47
-7 47
-7 47
-7 47
-7 47
-7 47
-7 47
-7 47
-8 52
-8 52
-8 52
-8 52
-8 52
-8 52
-8 52
-8 52
-8 52
-8 52
-8 52
-8 52
-8 52
-8 52
-8 52
-8 52
-8 52
-8 52
-8 52
-8 52
-8 52
-8 52
-8 52
-8 52
-8 52
-8 52
-5 46
-5 46
-5 46
-5 46
-5 46
-5 46
-5 46
-5 46
-5 46
-5 46
-5 46
-5 46
-5 46
-5 46
-5 46
-5 46
-5 46
-5 46
-5 46
-5 46
-5 46
-5 46
-5 46
-5 46
-5 46
-5 46
-5 46
-5 46
-5 46
-5 46
-5 46
-5 46
-5 46
-5 46
-5 46
-5 46
-5 46
-5 46
-5 46
-5 46
-5 46
-5 46
-5 46
-5 46
-5 46
-5 46
-5 46
-5 46
-5 46
-5 46
-5 46
-2 51
-2 51
-2 51
-2 51
-2 51
-2 51
-2 51
-2 51
-2 51
-2 51
-2 51
-2 51
-2 51
-2 51
-2 51
-2 51
-2 51
-2 51
-2 51
-2 51
-2 51
-2 51
-2 51
-2 51
-2 51
-2 51
-2 51
-2 51
-2 51
-2 51
-2 51
-2 51
-2 51
-2 51
-2 51
-2 51
-2 51
-2 51
-2 51
-2 51
-2 51
-2 51
-2 51
-2 51
-2 51
-2 51
-2 51
-2 51
-2 51
-2 51
-2 51
-2 51
-7 52
-7 52
-7 52
-7 52
-7 52
-7 52
-7 52
-7 52
-7 52
-7 52
-7 52
-7 52
-7 52
-7 52
-7 52
-7 52
-7 52
-7 52
-7 52
-7 52
-7 52
-7 52
-7 52
-7 52
-7 52
-7 52
-7 52
-7 52
-7 52
-7 52
-7 52
-7 52
-3 54
-3 54
-3 54
-3 54
-3 54
-3 54
-3 54
-3 54
-3 54
-3 54
-3 54
-3 54
-3 54
-3 54
-3 54
-3 54
-3 54
-3 54
-3 54
-3 54
-3 54
-3 54
-3 54
-3 54
-3 54
-3 54
-3 54
-3 54
-7 56
-7 56
-7 56
-7 56
-7 56
-7 56
-7 56
-7 56
-7 56
-7 56
-7 56
-7 56
-7 56
-7 56
-7 56
-7 56
-7 56
-7 56
-7 56
-7 56
-7 56
-7 56
-7 56
-7 56
-7 56
-7 56
-7 56
-7 56
-7 56
-7 56
-6 53
-6 53
-6 53
-6 53
-6 53
-6 53
-6 53
-6 53
-6 53
-6 53
-6 53
-6 53
-6 53
-6 53
-6 53
-6 53
-6 53
-6 53
-6 53
-6 53
-6 53
-6 53
-6 53
-6 53
-6 53
-6 53
-6 53
-6 53
-6 53
-6 53
-6 53
-6 53
-6 53
-6 53
-6 53
-6 53
-6 53
-6 53
-6 53
-6 53
-6 53
-6 53
-6 53
-6 53
-6 53
-6 53
-6 53
-6 53
-6 53
-6 53
-6 53
-6 53
-6 53
-6 53
-6 53
-6 53
-6 53
-6 53
-6 53
-13 47
-13 47
-13 47
-13 47
-13 47
-13 47
-13 47
-13 47
-13 47
-13 47
-13 47
-13 47
-13 47
-13 47
-13 47
-13 47
-13 47
-13 47
-13 47
-13 47
-13 47
-13 47
-13 47
-13 47
-14 52
-14 52
-14 52
-14 52
-14 52
-14 52
-14 52
-14 52
-14 52
-14 52
-14 52
-14 52
-14 52
-14 52
-14 52
-14 52
-14 52
-14 52
-14 52
-14 52
-14 52
-14 52
-14 52
-14 52
-14 52
-14 52
-16 48
-16 48
-16 48
-16 48
-16 48
-16 48
-16 48
-16 48
-16 48
-16 48
-16 48
-16 48
-16 48
-16 48
-16 48
-16 48
-16 48
-16 48
-16 48
-16 48
-16 48
-16 48
-16 48
-16 48
-16 48
-16 48
-16 48
-16 48
-26 53
-26 53
-26 53
-26 53
-26 53
-26 53
-26 53
-26 53
-26 53
-26 53
-26 53
-26 53
-26 53
-26 53
-26 53
-26 53
-26 53
-26 53
-26 53
-26 53
-26 53
-26 53
-22 40
-22 40
-22 40
-22 40
-22 40
-22 40
-22 40
-22 40
-22 40
-22 40
-22 40
-22 40
-22 40
-22 40
-22 40
-22 40
-22 40
-22 40
-22 40
-22 40
-22 40
-22 40
-22 40
-22 40
-22 40
-22 40
-22 40
-22 40
-22 40
-22 40
-22 40
-22 40
-22 40
-22 40
-22 40
-22 40
-22 40
-22 40
-22 40
-22 40
-22 40
-22 40
-22 40
-20 40
-20 40
-20 40
-20 40
-20 40
-20 40
-20 40
-20 40
-20 40
-20 40
-20 40
-20 40
-20 40
-20 40
-20 40
-20 40
-20 40
-20 40
-20 40
-20 40
-29 42
-29 42
-29 42
-29 42
-29 42
-29 42
-29 42
-29 42
-29 42
-29 42
-29 42
-29 42
-29 42
-29 42
-29 42
-29 42
-29 42
-29 42
-29 42
-29 42
-32 40
-32 40
-32 40
-32 40
-32 40
-32 40
-32 40
-32 40
-32 40
-32 40
-32 40
-32 40
-32 40
-32 40
-32 40
-32 40
-32 40
-32 40
-32 40
-32 40
-32 40
-32 40
-32 40
-32 40
-32 40
-32 40
-32 40
-32 40
-32 40
-32 40
-32 40
-32 40
-32 40
-32 40
-32 40
-32 40
-32 40
-32 40
-32 40
-32 40
-32 40
-40 44
-40 44
-40 44
-40 44
-40 44
-40 44
-40 44
-40 44
-40 44
-40 44
-40 44
-40 44
-40 44
-40 44
-40 44
-40 44
-40 44
-40 44
-40 44
-40 44
-47 44
-47 44
-47 44
-47 44
-47 44
-47 44
-47 44
-47 44
-47 44
-47 44
-47 44
-47 44
-47 44
-47 44
-47 44
-47 44
-47 44
-47 44
-47 44
-45 37
-45 37
-45 37
-45 37
-45 37
-45 37
-45 37
-45 37
-45 37
-45 37
-45 37
-45 37
-45 37
-45 37
-45 37
-45 37
-45 37
-45 37
-45 37
-45 37
-45 37
-45 37
-45 37
-45 37
-45 37
-45 37
-45 37
-45 37
-45 37
-45 37
-45 37
-45 37
-45 37
-45 37
-45 37
-45 37
-45 37
-45 37
-45 37
-45 37
-45 37
-45 37
-45 37
-45 37
-58 35
-58 35
-58 35
-58 35
-58 35
-58 35
-58 35
-58 35
-58 35
-58 35
-58 35
-58 35
-58 35
-58 35
-58 35
-58 35
-58 35
-58 35
-58 35
-58 35
-68 35
-68 35
-68 35
-68 35
-68 35
-68 35
-68 35
-68 35
-68 35
-68 35
-68 35
-68 35
-68 35
-68 35
-68 35
-68 35
-68 35
-68 35
-68 35
-68 35
-68 35
-68 35
-68 35
-68 35
-68 35
-68 35
-68 35
-68 35
-68 35
-68 35
-68 35
-68 35
-68 35
-68 35
-68 35
-68 35
-68 35
-68 35
-68 35
-68 35
-68 35
-68 35
-68 35
-68 35
-68 35
-68 35
-77 37
-77 37
-77 37
-77 37
-77 37
-77 37
-77 37
-77 37
-77 37
-77 37
-77 37
-77 37
-77 37
-77 37
-77 37
-77 37
-77 37
-77 37
-77 37
-77 37
-77 37
-77 37
-77 37
-77 37
-72 29
-72 29
-72 29
-72 29
-72 29
-72 29
-72 29
-72 29
-72 29
-72 29
-72 29
-72 29
-72 29
-72 29
-72 29
-72 29
-72 29
-72 29
-72 29
-72 29
-68 29
-68 29
-68 29
-68 29
-68 29
-68 29
-68 29
-68 29
-68 29
-68 29
-68 29
-68 29
-68 29
-68 29
-68 29
-68 29
-68 29
-68 29
-68 29
-68 29
-68 29
-68 29
-68 29
-68 29
-68 29
-68 29
-68 29
-68 29
-68 29
-68 29
-68 29
-68 29
-68 29
-68 29
-68 29
-68 29
-68 29
-68 29
-68 29
-68 29
-68 29
-68 29
-68 29
-68 29
-68 29
-68 29
-68 29
-74 19
-74 19
-74 19
-74 19
-74 19
-74 19
-74 19
-74 19
-74 19
-74 19
-74 19
-74 19
-74 19
-74 19
-74 19
-74 19
-76 19
-76 19
-76 19
-76 19
-76 19
-76 19
-76 19
-76 19
-76 19
-76 19
-76 19
-76 19
-76 19
-76 19
-76 19
-76 19
-76 19
-76 19
-76 19
-76 19
-76 19
-76 19
-76 19
-76 19
-76 19
-76 19
-76 19
-76 19
-76 19
-76 19
-76 19
-76 19
-76 19
-76 19
-76 19
-76 19
-76 19
-76 19
-76 19
-76 19
-76 19
-76 19
-76 19
-76 19
-76 19
-76 19
-66 8
-66 8
-66 8
-66 8
-66 8
-66 8
-66 8
-66 8
-66 8
-66 8
-66 8
-66 8
-66 8
-66 8
-66 8
-66 8
-66 8
-66 8
-66 8
-66 8
-66 8
-66 8
-66 8
-66 5
-66 5
-66 5
-66 5
-66 5
-66 5
-66 5
-66 5
-66 5
-66 5
-66 5
-66 5
-66 5
-66 5
-66 5
-66 5
-66 5
-66 5
-66 5
-66 5
-66 5
-66 5
-66 5
-66 5
-66 5
-75 8
-75 8
-75 8
-75 8
-75 8
-75 8
-75 8
-75 8
-75 8
-75 8
-75 8
-75 8
-75 8
-75 8
-75 8
-75 8
-75 8
-75 8
-75 8
-75 8
-75 8
-75 8
-75 8
-75 8
-75 8
-75 8
-75 8
-75 8
-75 8
-75 8
-75 8
-75 8
-75 8
-75 8
-75 8
-75 8
-75 8
-75 8
-75 8
-75 9
-75 9
-75 9
-75 9
-75 9
-75 9
-75 9
-75 9
-75 9
-75 9
-75 9
-75 9
-75 9
-75 9
-75 9
-74 -2
-74 -2
-74 -2
-74 -2
-74 -2
-74 -2
-74 -2
-74 -2
-74 -2
-74 -2
-74 -2
-74 -2
-74 -2
-74 -2
-74 -2
-74 -2
-74 -2
-74 -2
-74 -2
-74 -2
-74 -2
-74 -2
-74 -2
-74 -2
-74 -2
-74 -2
-74 -2
-74 -2
-74 -2
-74 -2
-74 -2
-74 -2
-74 -2
-74 -2
-74 -2
-74 -2
-74 -2
-74 -2
-74 -2
-77 1
-77 1
-77 1
-77 1
-77 1
-77 1
-77 1
-77 1
-77 1
-77 1
-77 1
-77 1
-77 1
-77 1
-77 1
-77 1
-77 1
-77 1
-77 1
-79 0
-79 0
-79 0
-79 0
-79 0
-79 0
-79 0
-79 0
-79 0
-79 0
-79 0
-79 0
-79 0
-79 0
-79 0
-79 0
-79 0
-79 0
-79 0
-77 -2
-77 -2
-77 -2
-77 -2
-77 -2
-77 -2
-77 -2
-77 -2
-77 -2
-77 -2
-77 -2
-77 -2
-77 -2
-77 -2
-77 -2
-77 -2
-77 -2
-77 -2
-77 -2
-77 -2
-77 -2
-77 -2
-77 -2
-77 -2
-77 -2
-77 -2
-77 -2
-77 -2
-77 -2
-77 -2
-77 -2
-77 -2
-77 -2
-77 -2
-77 -2
-77 -2
-77 -2
-77 -2
-77 -2
-77 -2
-77 -2
-77 -2
-75 -5
-75 -5
-75 -5
-75 -5
-75 -5
-75 -5
-75 -5
-75 -5
-75 -5
-75 -5
-75 -5
-75 -5
-75 -5
-75 -5
-75 -5
-75 -5
-75 -5
-75 -5
-75 -5
-75 -5
-70 -12
-70 -12
-70 -12
-70 -12
-70 -12
-70 -12
-70 -12
-70 -12
-70 -12
-70 -12
-70 -12
-70 -12
-70 -12
-70 -12
-70 -12
-70 -12
-70 -12
-70 -12
-70 -12
-70 -12
-70 -12
-70 -12
-70 -12
-70 -12
-70 -12
-70 -12
-70 -12
-70 -12
-70 -12
-70 -12
-70 -12
-70 -12
-70 -12
-70 -12
-70 -12
-70 -12
-70 -12
-70 -12
-67 -11
-67 -11
-67 -11
-67 -11
-67 -11
-67 -11
-67 -11
-67 -11
-67 -11
-67 -11
-67 -11
-67 -11
-67 -11
-67 -11
-67 -11
-67 -11
-67 -11
-59 -12
-59 -12
-59 -12
-59 -12
-59 -12
-59 -12
-59 -12
-59 -12
-59 -12
-59 -12
-59 -12
-59 -12
-59 -12
-59 -12
-59 -12
-59 -12
-59 -12
-61 -19
-61 -19
-61 -19
-61 -19
-61 -19
-61 -19
-61 -19
-61 -19
-61 -19
-61 -19
-61 -19
-61 -19
-61 -19
-61 -19
-61 -19
-61 -19
-61 -19
-61 -19
-61 -19
-61 -19
-61 -19
-61 -19
-61 -19
-61 -19
-61 -19
-56 -24
-56 -24
-56 -24
-56 -24
-56 -24
-56 -24
-56 -24
-56 -24
-56 -24
-56 -24
-56 -24
-56 -24
-56 -24
-56 -24
-56 -24
-56 -24
-56 -24
-56 -24
-56 -24
-45 -16
-45 -16
-45 -16
-45 -16
-45 -16
-45 -16
-45 -16
-45 -16
-45 -16
-45 -16
-45 -16
-45 -16
-45 -16
-45 -16
-45 -16
-45 -16
-45 -16
-45 -16
-45 -16
-45 -16
-45 -16
-45 -16
-45 -16
-45 -16
-45 -16
-45 -16
-45 -16
-45 -16
-45 -16
-45 -16
-45 -16
-45 -16
-45 -16
-45 -16
-45 -16
-45 -16
-45 -16
-45 -16
-45 -16
-45 -16
-45 -16
-45 -16
-45 -16
-45 -16
-45 -16
-45 -16
-45 -16
-45 -16
-45 -16
-52 -34
-52 -34
-52 -34
-52 -34
-52 -34
-52 -34
-52 -34
-52 -34
-52 -34
-52 -34
-52 -34
-52 -34
-52 -34
-52 -34
-52 -34
-52 -34
-52 -34
-52 -34
-52 -34
-56 -34
-56 -34
-56 -34
-56 -34
-56 -34
-56 -34
-56 -34
-56 -34
-56 -34
-56 -34
-56 -34
-56 -34
-56 -34
-56 -34
-56 -34
-56 -34
-56 -34
-56 -34
-56 -34
-56 -34
-56 -34
-56 -34
-56 -34
-56 -34
-45 -38
-45 -38
-45 -38
-45 -38
-45 -38
-45 -38
-45 -38
-45 -38
-45 -38
-45 -38
-45 -38
-45 -38
-45 -38
-45 -38
-45 -38
-45 -38
-45 -38
-45 -38
-45 -38
-45 -38
-45 -38
-45 -38
-45 -38
-45 -38
-45 -38
-45 -38
-45 -38
-45 -38
-45 -38
-45 -38
-45 -38
-45 -38
-45 -38
-45 -38
-45 -38
-45 -38
-45 -38
-45 -38
-45 -38
-45 -38
-45 -38
-45 -38
-45 -38
-45 -38
-45 -38
-45 -38
-36 -43
-36 -43
-36 -43
-36 -43
-36 -43
-36 -43
-36 -43
-36 -43
-36 -43
-36 -43
-36 -43
-36 -43
-36 -43
-36 -43
-36 -43
-36 -43
-36 -43
-36 -43
-36 -43
-36 -43
-40 -48
-40 -48
-40 -48
-40 -48
-40 -48
-40 -48
-40 -48
-40 -48
-40 -48
-40 -48
-40 -48
-40 -48
-40 -48
-40 -48
-40 -48
-40 -48
-40 -48
-40 -48
-40 -48
-40 -48
-40 -48
-40 -48
-40 -48
-40 -48
-40 -48
-40 -48
-36 -52
-36 -52
-36 -52
-36 -52
-36 -52
-36 -52
-36 -52
-36 -52
-36 -52
-36 -52
-36 -52
-36 -52
-36 -52
-36 -52
-36 -52
-36 -52
-36 -52
-36 -52
-36 -52
-36 -52
-36 -52
-36 -52
-36 -52
-36 -52
-36 -52
-36 -52
-36 -52
-36 -52
-36 -52
-36 -52
-36 -52
-36 -52
-36 -52
-36 -52
-36 -52
-36 -52
-36 -52
-36 -52
-36 -52
-36 -52
-36 -52
-36 -52
-36 -52
-36 -52
-36 -52
-36 -52
-36 -52
-36 -52
-30 -55
-30 -55
-30 -55
-30 -55
-30 -55
-30 -55
-30 -55
-30 -55
-30 -55
-30 -55
-30 -55
-30 -55
-30 -55
-30 -55
-30 -55
-30 -55
-30 -55
-30 -55
-30 -55
-30 -55
-30 -55
-30 -55
-30 -55
-30 -55
-30 -55
-28 -61
-28 -61
-28 -61
-28 -61
-28 -61
-28 -61
-28 -61
-28 -61
-28 -61
-28 -61
-28 -61
-28 -61
-28 -61
-28 -61
-28 -61
-28 -61
-28 -61
-28 -61
-28 -61
-28 -61
-28 -61
-28 -61
-28 -61
-28 -61
-28 -61
-28 -61
-28 -61
-28 -61
-28 -61
-27 -66
-27 -66
-27 -66
-27 -66
-27 -66
-27 -66
-27 -66
-27 -66
-27 -66
-27 -66
-27 -66
-27 -66
-27 -66
-27 -66
-27 -66
-27 -66
-27 -66
-27 -66
-27 -66
-27 -66
-27 -66
-27 -66
-27 -66
-27 -66
-27 -66
-27 -66
-27 -66
-27 -66
-27 -66
-27 -66
-27 -66
-27 -66
-27 -66
-27 -66
-27 -66
-27 -66
-27 -66
-27 -66
-27 -66
-27 -66
-27 -66
-27 -66
-27 -66
-27 -66
-27 -66
-27 -66
-27 -66
-27 -66
-27 -66
-27 -66
-27 -66
-27 -66
-27 -66
-27 -66
-27 -66
-27 -66
-27 -66
-27 -66
-27 -66
-21 -69
-21 -69
-21 -69
-21 -69
-21 -69
-21 -69
-21 -69
-21 -69
-21 -69
-21 -69
-21 -69
-21 -69
-21 -69
-21 -69
-21 -69
-21 -69
-21 -69
-21 -69
-21 -69
-21 -69
-21 -69
-21 -69
-21 -69
-21 -69
-21 -69
-13 -76
-13 -76
-13 -76
-13 -76
-13 -76
-13 -76
-13 -76
-13 -76
-13 -76
-13 -76
-13 -76
-13 -76
-13 -76
-13 -76
-13 -76
-13 -76
-13 -76
-13 -76
-13 -76
-13 -76
-13 -76
-13 -76
-13 -76
-13 -76
-13 -76
-13 -76
-13 -76
-13 -76
-13 -76
-13 -76
-13 -76
-13 -76
-13 -76
-13 -76
-13 -76
-13 -76
-13 -76
-13 -76
-13 -76
-13 -76
-13 -76
-13 -76
-13 -76
-13 -76
-13 -76
-13 -76
-13 -76
-13 -76
-13 -76
-10 -82
-10 -82
-10 -82
-10 -82
-10 -82
-10 -82
-10 -82
-10 -82
-10 -82
-10 -82
-10 -82
-10 -82
-10 -82
-10 -82
-10 -82
-10 -82
-10 -82
-10 -82
-10 -82
-10 -82
-10 -82
-10 -82
-10 -82
-10 -82
-10 -82
-10 -82
-10 -82
-10 -82
-10 -82
-10 -82
-10 -82
-10 -82
-10 -82
-10 -82
-10 -82
-10 -82
-10 -82
-10 -82
-10 -82
-10 -82
-10 -82
-10 -82
-10 -82
-10 -82
-10 -82
-10 -82
-10 -82
-10 -82
-10 -82
-10 -82
-10 -82
-10 -82
-10 -82
-10 -82
-10 -82
-4 -76
-4 -76
-4 -76
-4 -76
-4 -76
-4 -76
-4 -76
-4 -76
-4 -76
-4 -76
-4 -76
-4 -76
-4 -76
-4 -76
-4 -76
-4 -76
-4 -76
-4 -76
-4 -76
-4 -76
-4 -76
-4 -76
-4 -76
-4 -76
-4 -76
-4 -76
-2 -82
-2 -82
-2 -82
-2 -82
-2 -82
-2 -82
-2 -82
-2 -82
-2 -82
-2 -82
-2 -82
-2 -82
-2 -82
-2 -82
-2 -82
-2 -82
-2 -82
-2 -82
-2 -82
-2 -82
-2 -82
-2 -82
-2 -82
-2 -82
-2 -82
0 -85
0 -85
0 -85
0 -85
0 -85
0 -85
0 -85
0 -85
0 -85
0 -85
0 -85
0 -85
0 -85
0 -85
0 -85
0 -85
0 -85
0 -85
0 -85
0 -85
0 -85
0 -85
0 -85
0 -85
0 -85
0 -85
0 -85
1 -80
1 -80
1 -80
1 -80
1 -80
1 -80
1 -80
1 -80
1 -80
1 -80
1 -80
1 -80
1 -80
1 -80
1 -80
1 -80
1 -80
1 -80
1 -80
1 -80
1 -80
1 -80
1 -80
1 -80
1 -80
1 -80
1 -80
1 -80
1 -80
1 -80
1 -80
1 -80
1 -80
1 -80
1 -80
1 -80
1 -80
1 -80
1 -80
1 -80
1 -80
1 -80
1 -80
1 -80
1 -80
1 -80
1 -80
1 -80
1 -80
1 -80
1 -80
1 -80
1 -80
1 -80
1 -80
1 -80
7 -79
7 -79
7 -79
7 -79
7 -79
7 -79
7 -79
7 -79
7 -79
7 -79
7 -79
7 -79
7 -79
7 -79
7 -79
7 -79
7 -79
7 -79
7 -79
7 -79
7 -79
7 -79
7 -79
7 -79
7 -79
7 -79
7 -79
7 -81
7 -81
7 -81
7 -81
7 -81
7 -81
7 -81
7 -81
7 -81
7 -81
7 -81
7 -81
7 -81
7 -81
7 -81
7 -81
7 -81
7 -81
7 -81
7 -81
7 -81
7 -81
7 -81
7 -81
7 -81
7 -81
7 -81
2 -77
2 -77
2 -77
2 -77
2 -77
2 -77
2 -77
2 -77
2 -77
2 -77
2 -77
2 -77
2 -77
2 -77
2 -77
2 -77
2 -77
2 -77
2 -77
2 -77
2 -77
2 -77
2 -77
2 -77
2 -77
2 -77
2 -77
2 -77
2 -77
2 -77
2 -77
2 -77
2 -77
2 -77
2 -77
2 -77
2 -77
2 -77
2 -77
2 -77
2 -77
2 -77
2 -77
2 -77
2 -77
2 -77
2 -77
2 -77
2 -77
2 -77
2 -77
2 -77
2 -77
2 -77
2 -77
4 -77
4 -77
4 -77
4 -77
4 -77
4 -77
4 -77
4 -77
4 -77
4 -77
4 -77
4 -77
4 -77
4 -77
4 -77
4 -77
4 -77
4 -77
4 -77
4 -77
4 -77
4 -77
4 -77
4 -77
4 -77
4 -77
4 -77
4 -77
4 -77
4 -77
9 -89
9 -89
9 -89
9 -89
9 -89
9 -89
9 -89
9 -89
9 -89
9 -89
9 -89
9 -89
9 -89
9 -89
9 -89
9 -89
9 -89
9 -89
9 -89
9 -89
9 -89
9 -89
9 -89
9 -89
9 -89
9 -89
9 -89
9 -89
9 -89
9 -89
9 -89
9 -89
9 -89
9 -89
9 -89
9 -89
9 -89
9 -89
9 -89
9 -89
9 -89
9 -89
9 -89
9 -89
8 -64
8 -64
8 -64
8 -64
8 -64
8 -64
8 -64
8 -64
8 -64
8 -64
8 -64
8 -64
8 -64
8 -64
8 -64
8 -64
8 -64
8 -64
8 -64
8 -64
8 -64
8 -64
8 -64
8 -64
18 -74
18 -74
18 -74
18 -74
18 -74
18 -74
18 -74
18 -74
18 -74
18 -74
18 -74
18 -74
18 -74
18 -74
18 -74
18 -74
18 -74
18 -74
18 -74
18 -74
18 -74
18 -74
18 -74
18 -74
23 -81
23 -81
23 -81
23 -81
23 -81
23 -81
23 -81
23 -81
23 -81
23 -81
23 -81
23 -81
23 -81
23 -81
23 -81
23 -81
23 -81
23 -81
23 -81
23 -81
23 -81
23 -81
23 -81
23 -81
23 -81
23 -81
23 -81
23 -81
23 -81
23 -81
23 -81
23 -81
23 -81
23 -81
23 -81
23 -81
23 -81
23 -81
23 -81
23 -81
23 -81
23 -81
23 -81
23 -81
23 -81
23 -81
23 -81
23 -81
23 -81
23 -81
23 -81
23 -81
23 -81
23 -81
23 -63
23 -63
23 -63
23 -63
23 -63
23 -63
23 -63
23 -63
23 -63
23 -63
23 -63
23 -63
23 -63
23 -63
23 -63
23 -63
23 -63
23 -63
23 -63
23 -63
23 -63
23 -63
23 -63
36 -68
36 -68
36 -68
36 -68
36 -68
36 -68
36 -68
36 -68
36 -68
36 -68
36 -68
36 -68
36 -68
36 -68
36 -68
36 -68
36 -68
36 -68
36 -68
28 -57
28 -57
28 -57
28 -57
28 -57
28 -57
28 -57
28 -57
28 -57
28 -57
28 -57
28 -57
28 -57
28 -57
28 -57
28 -57
28 -57
28 -57
28 -57
28 -57
28 -57
28 -57
28 -57
28 -57
28 -57
28 -57
28 -57
28 -57
28 -57
28 -57
28 -57
28 -57
28 -57
28 -57
28 -57
28 -57
28 -57
28 -57
28 -57
28 -57
28 -57
28 -57
28 -57
28 -57
28 -57
28 -57
28 -57
28 -57
28 -57
28 -57
28 -57
28 -57
28 -57
28 -57
28 -57
28 -57
36 -61
36 -61
36 -61
36 -61
36 -61
36 -61
36 -61
36 -61
36 -61
36 -61
36 -61
36 -61
36 -61
36 -61
36 -61
36 -61
36 -61
36 -61
36 -61
36 -61
36 -61
36 -61
36 -61
28 -39
28 -39
28 -39
28 -39
28 -39
28 -39
28 -39
28 -39
28 -39
28 -39
28 -39
28 -39
28 -39
28 -39
28 -39
28 -39
28 -39
28 -39
28 -39
28 -39
28 -39
28 -39
28 -39
28 -39
28 -39
28 -39
28 -39
28 -39
28 -39
28 -39
28 -39
28 -39
28 -39
28 -39
28 -39
28 -39
28 -39
28 -39
28 -39
28 -39
28 -39
28 -39
28 -39
28 -39
28 -39
28 -39
28 -39
28 -39
28 -39
28 -39
28 -39
28 -39
28 -39
28 -39
28 -39
28 -39
28 -39
28 -39
28 -39
28 -39
28 -39
28 -39
28 -39
28 -39
23 -33
23 -33
23 -33
23 -33
23 -33
23 -33
23 -33
23 -33
23 -33
23 -33
23 -33
23 -33
23 -33
23 -33
23 -33
23 -33
23 -33
23 -33
23 -33
23 -33
23 -33
23 -33
23 -33
23 -33
23 -33
23 -33
23 -33
23 -33
23 -33
23 -33
23 -33
20 -29
20 -29
20 -29
20 -29
20 -29
20 -29
20 -29
20 -29
20 -29
20 -29
20 -29
20 -29
20 -29
20 -29
20 -29
20 -29
20 -29
20 -29
20 -29
20 -29
20 -29
20 -29
20 -29
20 -29
20 -29
20 -29
20 -29
20 -29
13 -26
13 -26
13 -26
13 -26
13 -26
13 -26
13 -26
13 -26
13 -26
13 -26
13 -26
13 -26
13 -26
13 -26
13 -26
13 -26
13 -26
13 -26
13 -26
13 -26
13 -26
13 -26
13 -26
13 -26
13 -26
13 -26
13 -26
13 -26
13 -26
13 -26
13 -26
13 -26
13 -26
13 -26
13 -26
13 -26
13 -26
13 -26
13 -26
13 -26
13 -26
13 -26
13 -26
13 -26
13 -26
11 -18
11 -18
11 -18
11 -18
11 -18
11 -18
11 -18
11 -18
11 -18
11 -18
11 -18
11 -18
11 -18
11 -18
11 -18
11 -18
11 -18
11 -18
10 -14
10 -14
10 -14
10 -14
10 -14
10 -14
10 -14
10 -14
10 -14
10 -14
10 -14
10 -14
10 -14
10 -14
10 -14
10 -14
10 -14
10 -14
10 -14
10 -14
10 -14
10 -14
10 -14
10 -14
10 -14
10 -14
10 -14
10 -14
10 -14
10 -14
10 -14
10 -14
10 -14
10 -14
10 -14
10 -14
10 -14
10 -14
10 -14
10 -14
10 -14
10 -14
10 -14
10 -14
10 -14
10 -14
10 -14
10 -14
2 -3
2 -3
2 -3
2 -3
2 -3
2 -3
2 -3
2 -3
2 -3
2 -3
2 -3
2 -3
2 -3
2 -3
2 -3
2 -3
2 -3
2 -3
2 -3
2 -3
2 -3
2 -3
2 -3
2 -3
2 -3
2 -3
2 -3
2 -3
2 -3
2 -3
2 -3
2 -3
2 -3
2 -3
2 -3
2 -3
2 -3
2 -3
2 -3
2 -3
2 -3
2 -3
2 -3
2 -3
2 -3
2 -3
2 -3
2 -3
2 -3
2 -3
2 -3
2 -3
2 -3
2 -3
2 -3
2 -3
2 -3
2 -3
2 -3
2 -3
2 -3
2 -3
2 -3
2 -3
2 -3
2 -3
2 -3
2 -3
2 -3
2 -3
2 -3
2 -3
2 -3
2 -3
2 -3
2 -3
2 -3
2 -3
2 -3
2 -3
2 -3
2 -3
2 -3
2 -3
2 -3
2 -3
2 -3
2 -3
2 -3
0 1
0 1
0 1
0 1
0 1
0 1
0 1
0 1
0 1
0 1
0 1
0 1
0 1
0 1
0 1
0 1
0 1
0 1
0 1
0 1
0 1
0 1
0 1
0 1
0 1
0 1
0 1
0 1
0 1
0 1
0 1
0 1
0 1
0 1
0 1
0 1
0 1
0 1
0 1
0 1
0 1
0 1
0 1
0 1
0 1
0 1
0 1
0 1
0 1
0 1
0 1
0 1
0 1
0 1
0 1
0 1
0 1
0 1
0 1
0 1
0 1
0 1
0 1
0 1
0 1
0 1
0 1
0 1
0 1
0 1
0 1
0 1
0 1
0 1
0 1
0 1
0 1
0 1
0 1
0 1
0 1
0 1
0 1
0 1
0 1
0 1
0 1
0 1
0 1
0 1
0 1
0 1
0 1
0 1
0 1
0 1
0 1
0 1
0 1
0 1
0 1
0 1
0 1
0 1
0 1
0 1
0 1
0 1
0 1
0 1
0 1
0 1
0 1
0 1
0 1
0 1
0 1
0 1
0 1
0 1
0 1
0 1
0 1
0 1
0 1
0 1
0 1
0 1
0 1
0 1
0 1
0 1
0 1
0 1
0 1
0 1
0 1
0 1
0 1
0 1
0 1
0 1
0 1
0 1
0 1
0 1
0 1
0 1
0 1
0 1
0 1
0 1
0 1
1 2
1 2
1 2
1 2
1 2
1 2
1 2
1 2
1 2
1 2
1 2
1 2
1 2
1 2
1 2
1 2
1 2
1 2
1 2
1 2
1 2
1 2
1 2
1 2
1 2
1 2
1 2
1 2
1 2
1 2
1 2
1 2
1 2
1 2
1 2
1 2
1 2
1 2
1 2
1 2
1 2
1 2
1 2
1 2
1 2
1 2
1 2
1 2
1 2
1 2
1 2
1 2
1 2
1 2
1 2
1 2
1 2
1 2
1 2
1 2
1 2
1 2
1 2
1 2
1 2
1 2
1 2
1 2
1 2
1 2
1 2
1 2
1 2
1 2
1 2
1 2
1 2
1 2
1 2
1 2
1 2
1 2
1 2
1 2
1 2
1 2
1 2
1 2
1 2
1 2
1 2
1 2
1 2
1 2
1 2
1 2
1 2
1 2
1 2
1 2
1 2
1 2
1 2
1 2
1 2
1 2
1 2
1 2
1 2
1 2
1 2
1 2
1 2
1 2
1 2
1 2
1 2
1 2
1 2
1 2
1 2
1 2
1 2
1 2
1 2
1 2
1 2
1 2
0 -2
0 -2
0 -2
0 -2
0 -2
0 -2
0 -2
0 -2
0 -2
0 -2
0 -2
0 -2
0 -2
0 -2
0 -2
0 -2
0 -2
0 -2
0 -2
0 -2
0 -2
0 -2
0 -2
0 -2
0 -2
0 -2
0 -2
0 -2
0 -2
0 -2
0 -2
0 -2
0 -2
0 -2
0 -2
0 -2
0 -2
0 -2
0 -2
0 -2
0 -2
0 -2
0 -2
0 -2
0 -2
0 -2
0 -2
0 -2
0 -2
0 -2
0 -2
0 -2
0 -2
0 -2
0 -2
0 -2
0 -2
0 -2
0 -2
0 -2
0 -2
0 -2
0 -2
0 -2
0 -2
0 -2
0 -2
0 -2
0 -2
0 -2
0 -2
0 -2
0 -2
0 -2
0 -2
0 -2
0 -2
0 -2
0 -2
0 -2
0 -2
0 -2
0 -2
0 -2
0 -2
0 -2
0 -2
0 -2
0 -2
0 -2
0 -2
0 -2
0 -2
0 -2
0 -2
0 -2
0 -2
0 -2
0 -2
0 -2
2 -2
2 -2
2 -2
2 -2
2 -2
2 -2
2 -2
2 -2
2 -2
2 -2
2 -2
2 -2
2 -2
2 -2
2 -2
2 -2
2 -2
2 -2
2 -2
2 -2
2 -2
2 -2
2 -2
2 -2
2 -2
1 0
1 0
1 0
1 0
1 0
1 0
1 0
1 0
1 0
1 0
1 0
1 0
1 0
1 0
1 0
1 0
1 0
1 0
1 0
1 0
1 0
1 0
1 0
1 0
1 0
1 0
1 0
1 0
1 0
1 0
1 0
1 0
1 0
1 0
1 0
1 0
1 0
1 0
1 0
1 0
1 0
1 0
1 0
1 0
1 0
1 0
1 0
1 0
1 0
1 0
1 0
1 0
1 0
1 0
1 0
1 0
1 0
1 0
1 0
1 0
1 0
1 0
1 0
1 0
1 0
1 0
1 0
1 0
1 0
1 0
1 0
1 0
1 0
1 0
1 0
1 0
1 0
1 0
1 0
1 0
1 0
1 0
1 0
1 0
1 0
1 0
1 0
1 0
1 0
1 0
1 0
1 0
1 0
1 0
1 0
1 0
1 0
1 0
1 0
1 0
1 0
1 0
1 0
1 0
1 0
1 0
1 0
1 0
1 0
1 0
1 0
1 0
1 0
1 0
1 0
1 0
1 0
1 0
1 0
1 0
1 0
1 0
1 0
1 0
1 0
1 0
1 0
1 0
1 0
1 0
1 0
1 0
1 0
1 0
1 0
1 0
1 0
1 0
1 0
1 0
1 0
1 0
1 0
1 0
1 0
1 0
1 0
1 0
1 0
1 0
1 0
1 0
1 0
1 0
1 0
1 0
1 0
1 0
1 0
1 0
1 0
1 0
1 0
1 0
1 0
1 0
1 0
1 0
1 0
1 0
1 0
1 0
1 0
1 0
1 0
1 0
1 0
1 0
1 0
1 0
1 0
1 0
1 0
1 0
1 0
1 0
1 0
1 0
1 0
1 0
1 0
1 0
1 0
1 0
1 0
1 0
1 0
1 0
1 0
1 0
1 0
1 0
1 0
1 0
1 0
1 0
1 0
1 0
1 0
1 0
1 0
1 0
1 0
1 0
1 0
1 0
1 0
1 0
1 0
1 0
1 0
1 0
1 0
1 0
1 0
1 0
1 0
1 0
1 0
1 0
1 0
1 0
1 0
1 0
1 0
1 0
1 0
1 0
1 0
1 0
1 0
1 0
1 0
1 0
1 0
1 0
1 0
1 0
1 0
1 0
1 0
1 0
1 0
1 0
1 0
1 0
1 0
1 0
1 0
1 0
1 0
1 0
1 0
1 0
1 0
1 0
1 0
1 0
1 0
1 0
1 0
1 0
1 0
1 0
1 0
1 0
1 0
1 0
1 0
1 0
1 0
1 0
1 0
1 0
1 0
1 0
1 0
1 0
1 0
1 0
1 0
1 0
1 0
1 0
1 0
1 0
1 0
1 0
1 0
1 0
1 0
1 0
1 0
1 0
1 0
1 0
1 0
1 0
1 0
1 0
1 0
1 0
1 0
1 0
1 0
1 0
1 0
1 0
1 0
1 0
1 0
1 0
1 0
1 0
1 0
1 0
1 0
1 0
1 0
1 0
1 0
1 0
1 0
1 0
1 0
1 0
1 0
1 0
1 0
1 0
1 0
1 0
1 0
1 0
1 0
1 0
1 0
1 0
1 0
1 0
1 0
1 0
1 0
1 0
1 0
1 0
1 0
1 0
1 0
1 0
1 0
1 0
1 0
1 0
1 0
1 0
1 0
1 0
1 0
1 0
1 0
1 0
1 0
1 0
1 0
1 0
1 0
1 0
1 0
1 0
1 0
1 0
1 0
1 0
1 0
1 0
1 0
1 0
1 0
1 0
1 0
1 0
1 0
1 0
1 0
1 0
1 0
1 0
1 0
1 0
1 0
1 0
1 0
1 0
1 0
1 0
1 0
1 0
1 0
1 0
1 0
1 0
1 0
1 0
1 0
1 0
1 0
1 0
1 0
1 0
1 0
1 0
1 0
1 0
1 0
1 0
1 0
1 0
1 0
1 0
1 0
1 0
1 0
1 0
1 0
1 0
1 0
1 0
1 0
1 0
1 0
1 0
1 0
1 0
1 0
1 0
1 0
1 0
1 0
1 0
1 0
1 0
1 0
1 0
1 0
1 0
1 0
1 0
1 0
1 0
1 0
1 0
1 0
1 0
1 0
1 0
1 0
1 0
1 0
1 0
1 0
1 0
1 0
1 0
1 0
1 0
1 0
1 0
1 0
1 0
1 0
1 0
1 0
1 0
1 0
1 0
1 0
1 0
1 0
1 0
1 0
1 0
1 0
1 0
1 0
1 0
1 0
1 0
1 0
1 0
1 0
1 0
1 0
1 0
1 0
1 0
1 0
1 0
1 0
1 0
1 0
1 0
1 0
1 0
1 0
1 0
1 0
1 0
1 0
1 0
1 0
1 0
1 0
1 0
1 0
1 0
1 0
1 0
1 0
1 0
1 0
1 0
1 0
1 0
1 0
1 0
1 0
1 0
1 0
1 0
1 0
1 0
1 0
1 0
1 0
1 0
1 0
1 0
1 0
1 0
1 0
1 0
1 0
1 0
1 0
1 0
1 0
1 0
1 0
1 0
1 0
1 0
1 0
1 0
1 0
1 0
1 0
1 0
1 0
1 0
1 0
1 0
1 0
1 0
1 0
1 0
1 0
1 0
1 0
1 0
1 0
1 0
1 0
1 0
1 0
1 0
1 0
1 0
1 0
1 0
1 0
1 0
1 0
1 0
1 0
1 0
1 0
1 0
1 0
1 0
1 0
1 0
1 0
1 0
1 0
1 0
1 0
1 0
1 0
1 0
1 0
1 0
1 0
1 0
1 0
1 0
1 0
1 0
1 0
1 0
1 0
1 0
1 0
1 0
1 0
1 0
1 0
1 0
1 0
1 0
1 0
1 0
1 0
1 0
1 0
1 0
1 0
1 0
1 0
1 0
1 0
1 0
1 0
1 0
1 0
1 0
1 0
1 0
1 0
1 0
1 0
1 0
1 0
1 0
1 0
1 0
1 0
1 0
1 0
1 0
1 0
1 0
1 0
1 0
1 0
1 0
1 0
1 0
1 0
1 0
1 0
1 0
1 0
1 0
1 0
1 0
1 0
1 0
1 0
1 0
1 0
1 0
1 0
1 0
1 0
1 0
1 0
1 0
1 0
1 0
1 0
1 0
1 0
1 0
1 0
1 0
1 0
1 0
1 0
1 0
1 0
1 0
1 0
1 0
1 0
1 0
1 0
1 0
1 0
1 0
1 0
1 0
1 0
1 0
1 0
1 0
1 0
1 0
1 0
1 0
1 0
1 0
1 0
1 0
1 0
1 0
1 0
1 0
1 0
1 0
1 0
1 0
1 0
1 0
1 0
1 0
1 0
1 0
1 0
1 0
1 0
1 0
1 0
1 0
1 0
1 0
1 0
1 0
1 0
1 0
1 0
1 0
1 0
1 0
1 0
1 0
1 0
1 0
1 0
1 0
1 0
1 0
1 0
1 0
1 0
1 0
1 0
1 0
1 0
1 0
1 0
1 0
1 0
1 0
1 0
1 0
1 0
1 0
1 0
1 0
1 0
1 0
1 0
1 0
1 0
1 0
1 0
1 0
1 0
1 0
1 0
1 0
1 0
1 0
1 0
1 0
1 0
1 0
1 0
1 0
1 0
1 0
1 0
1 0
1 0
1 0
1 0
1 0
1 0
1 0
1 0
1 0
1 0
1 0
1 0
1 0
1 0
1 0
1 0
1 0
1 0
1 0
1 0
1 0
1 0
1 0
1 0
1 0
1 0
1 0
1 0
1 0
1 0
1 0
1 0
1 0
1 0
1 0
1 0
1 0
1 0
1 0
1 0
1 0
1 0
1 0
1 0
1 0
1 0
1 0
1 0
1 0
1 0
1 0
1 0
1 0
1 0
1 0
1 0
1 0
1 0
1 0
1 0
1 0
1 0
1 0
1 0
1 0
1 0
1 0
1 0
1 0
1 0
1 0
1 0
1 0
1 0
1 0
1 0
1 0
1 0
1 0
1 0
1 0
1 0
1 0
1 0
1 0
1 0
1 0
1 0
1 0
1 0
1 0
1 0
1 0
1 0
1 0
1 0
1 0
1 0
1 0
1 0
1 0
1 0
1 0
1 0
1 0
1 0
1 0
1 0
1 0
1 0
1 0
1 0
1 0
1 0
1 0
1 0
1 0
1 0
1 0
1 0
1 0
1 0
1 0
1 0
1 0
1 0
1 0
1 0
1 0
1 0
1 0
1 0
1 0
1 0
1 0
1 0
1 0
1 0
1 0
1 0
1 0
1 0
1 0
1 0
1 0
1 0
1 0
1 0
1 0
1 0
1 0
1 0
1 0
1 0
1 0
1 0
1 0
1 0
1 0
1 0
1 0
1 0
1 0
1 0
1 0
1 0
1 0
1 0
1 0
1 0
1 0
1 0
1 0
1 0
1 0
1 0
1 0
1 0
1 0
1 0
1 0
1 0
1 0
1 0
1 0
1 0
1 0
1 0
1 0
1 0
1 0
1 0
1 0
1 0
1 0
1 0
1 0
1 0
1 0
1 0
1 0
1 0
1 0
1 0
1 0
1 0
1 0
1 0
1 0
1 0
1 0
1 0
1 0
1 0
1 0
1 0
1 0
1 0
1 0
1 0
1 0
1 0
1 0
1 0
1 0
1 0
1 0
1 0
1 0
1 0
1 0
1 0
1 0
1 0
1 0
1 0
1 0
1 0
1 0
1 0
1 0
1 0
1 0
1 0
1 0
1 0
1 0
1 0
1 0
1 0
1 0
1 0
1 0
1 0
1 0
1 0
1 0
1 0
1 0
1 0
1 0
1 0
1 0
1 0
1 0
1 0
1 0
1 0
1 0
1 0
1 0
1 0
1 0
1 0
1 0
1 0
1 0
1 0
1 0
1 0
1 0
1 0
1 0
1 0
1 0
1 0
1 0
1 0
1 0
1 0
1 0
1 0
1 0
1 0
1 0
1 0
1 0
1 0
1 0
1 0
1 0
1 0
1 0
1 0
1 0
1 0
1 0
1 0
1 0
1 0
1 0
1 0
1 0
1 0
1 0
1 0
1 0
1 0
1 0
1 0
1 0
1 0
1 0
1 0
1 0
1 0
1 0
1 0
1 0
1 0
1 0
1 0
1 0
1 0
1 0
1 0
1 0
1 0
1 0
1 0
1 0
1 0
1 0
1 0
1 0
1 0
1 0
1 0
1 0
1 0
1 0
1 0
1 0
1 0
1 0
1 0
1 0
1 0
1 0
1 0
1 0
1 0
1 0
1 0
1 0
1 0
1 0
1 0
1 0
1 0
1 0
1 0
1 0
1 0
1 0
1 0
1 0
1 0
1 0
1 0
1 0
1 0
1 0
1 0
1 0
1 0
1 0
1 0
1 0
1 0
1 0
1 0
1 0
1 0
1 0
1 0
1 0
1 0
1 0
1 0
1 0
1 0
1 0
1 0
1 0
1 0
1 0
1 0
1 0
1 0
1 0
1 0
1 0
1 0
1 0
1 0
1 0
1 0
1 0
1 0
1 0
1 0
1 0
1 0
1 0
1 0
1 0
1 0
1 0
1 0
1 0
1 0
1 0
1 0
1 0
1 0
1 0
1 0
1 0
1 0
1 0
1 0
1 0
1 0
1 0
1 0
1 0
1 0
1 0
1 0
1 0
1 0
1 0
1 0
1 0
1 0
1 0
1 0
1 0
1 0
1 0
1 0
1 0
1 0
1 0
1 0
1 0
1 0
1 0
1 0
1 0
1 0
1 0
1 0
1 0
1 0
1 0
1 0
1 0
1 0
1 0
1 0
1 0
1 0
1 0
1 0
1 0
1 0
1 0
1 0
1 0
1 0
1 0
1 0
1 0
1 0
1 0
1 0
1 0
1 0
1 0
1 0
1 0
1 0
1 0
1 0
1 0
1 0
1 0
1 0
1 0
1 0
1 0
1 0
1 0
1 0
1 0
1 0
1 0
1 0
1 0
1 0
1 0
1 0
1 0
1 0
1 0
1 0
1 0
1 0
1 0
1 0
1 0
1 0
1 0
1 0
1 0
1 0
1 0
1 0
1 0
1 0
1 0
1 0
1 0
1 0
1 0
1 0
1 0
1 0
1 0
1 0
1 0
1 0
1 0
1 0
1 0
1 0
1 0
1 0
1 0
1 0
1 0
1 0
1 0
1 0
1 0
1 0
1 0
1 0
1 0
1 0
1 0
1 0
1 0
1 0
1 0
1 0
1 0
1 0
1 0
1 0
1 0
1 0
1 0
1 0
1 0
1 0
1 0
1 0
1 0
1 0
1 0
1 0
1 0
1 0
1 0
1 0
1 0
1 0
1 0
1 0
1 0
1 0
1 0
1 0
1 0
1 0
1 0
1 0
1 0
1 0
1 0
1 0
1 0
1 0
1 0
1 0
1 0
1 0
1 0
1 0
1 0
1 0
1 0
1 0
1 0
1 0
1 0
1 0
1 0
1 0
1 0
1 0
1 0
1 0
1 0
1 0
1 0
1 0
1 0
1 0
1 0
1 0
1 0
1 0
1 0
1 0
1 0
1 0
1 0
1 0
1 0
1 0
1 0
1 0
1 0
1 0
1 0
1 0
1 0
1 0
1 0
1 0
1 0
1 0
1 0
1 0
1 0
1 0
1 0
1 0
1 0
1 0
1 0
1 0
1 0
1 0
1 0
1 0
1 0
1 0
1 0
1 0
1 0
1 0
1 0
1 0
1 0
1 0
1 0
1 0
1 0
1 0
1 0
1 0
1 0
1 0
1 0
1 0
1 0
1 0
1 0
1 0
1 0
1 0
1 0
1 0
1 0
1 0
1 0
1 0
1 0
1 0
1 0
1 0
1 0
1 0
1 0
1 0
1 0
1 0
1 0
1 0
1 0
1 0
1 0
1 0
1 0
1 0
1 0
1 0
1 0
1 0
1 0
1 0
1 0
1 0
1 0
1 0
1 0
1 0
1 0
1 0
1 0
1 0
1 0
1 0
1 0
1 0
1 0
1 0
1 0
1 0
1 0
1 0
1 0
1 0
1 0
1 0
1 0
1 0
1 0
1 0
1 0
1 0
1 0
1 0
1 0
1 0
1 0
1 0
1 0
1 0
1 0
1 0
1 0
1 0
1 0
1 0
1 0
1 0
1 0
1 0
1 0
1 0
1 0
1 0
1 0
1 0
1 0
1 0
1 0
1 0
1 0
1 0
1 0
1 0
1 0
1 0
1 0
1 0
1 0
1 0
1 0
1 0
1 0
1 0
1 0
1 0
1 0
1 0
1 0
1 0
1 0
1 0
1 0
1 0
1 0
1 0
1 0
1 0
1 0
1 0
1 0
1 0
1 0
1 0
1 0
1 0
1 0
1 0
1 0
1 0
1 0
1 0
1 0
1 0
1 0
1 0
1 0
1 0
1 0
1 0
1 0
1 0
1 0
1 0
1 0
1 0
1 0
1 0
1 0
1 0
1 0
1 0
1 0
1 0
1 0
1 0
1 0
1 0
1 0
1 0
1 0
1 0
1 0
1 0
1 0
1 0
1 0
1 0
1 0
1 0
1 0
1 0
1 0
1 0
1 0
1 0
1 0
1 0
1 0
1 0
1 0
1 0
1 0
1 0
1 0
1 0
1 0
1 0
1 0
1 0
1 0
1 0
1 0
1 0
1 0
1 0
1 0
1 0
1 0
1 0
1 0
1 0
1 0
1 0
1 0
1 0
1 0
1 0
1 0
1 0
1 0
1 0
1 0
1 0
1 0
1 0
1 0
1 0
1 0
1 0
1 0
1 0
1 0
1 0
1 0
1 0
1 0
1 0
1 0
1 0
1 0
1 0
1 0
1 0
1 0
1 0
1 0
1 0
1 0
1 0
1 0
1 0
1 0
1 0
1 0
1 0
1 0
1 0
1 0
1 0
1 0
1 0
1 0
1 0
1 0
1 0
1 0
1 0
1 0
1 0
1 0
1 0
1 0
1 0
1 0
1 0
1 0
1 0
1 0
1 0
1 0
1 0
1 0
1 0
1 0
1 0
1 0
1 0
1 0
1 0
1 0
1 0
1 0
1 0
1 0
1 0
1 0
1 0
1 0
1 0
1 0
1 0
1 0
1 0
1 0
1 0
1 0
1 0
1 0
1 0
1 0
1 0
1 0
1 0
1 0
1 0
1 0
1 0
1 0
1 0
1 0
1 0
1 0
1 0
1 0
1 0
1 0
1 0
1 0
1 0
1 0
1 0
1 0
1 0
1 0
1 0
1 0
1 0
1 0
1 0
1 0
1 0
1 0
1 0
1 0
1 0
1 0
1 0
1 0
1 0
1 0
1 0
1 0
1 0
1 0
1 0
1 0
1 0
1 0
1 0
1 0
1 0
1 0
1 0
1 0
1 0
1 0
1 0
1 0
1 0
1 0
1 0
1 0
1 0
1 0
1 0
1 0
1 0
1 0
1 0
1 0
1 0
1 0
1 0
1 0
1 0
1 0
1 0
1 0
1 0
1 0
1 0
1 0
1 0
1 0
1 0
1 0
1 0
1 0
1 0
1 0
1 0
1 0
1 0
1 0
1 0
1 0
1 0
1 0
1 0
1 0
1 0
1 0
1 0
1 0
1 0
1 0
1 0
1 0
1 0
1 0
1 0
1 0
1 0
1 0
1 0
1 0
1 0
1 0
1 0
1 0
1 0
1 0
1 0
1 0
1 0
1 0
1 0
1 0
1 0
1 0
1 0
1 0
1 0
1 0
1 0
1 0
1 0
1 0
1 0
1 0
1 0
1 0
1 0
1 0
1 0
1 0
1 0
1 0
1 0
1 0
1 0
1 0
1 0
1 0
1 0
1 0
1 0
1 0
1 0
1 0
1 0
1 0
1 0
1 0
1 0
1 0
1 0
1 0
1 0
1 0
1 0
1 0
1 0
1 0
1 0
1 0
1 0
1 0
1 0
1 0
1 0
1 0
1 0
1 0
1 0
1 0
1 0
1 0
1 0
1 0
1 0
1 0
1 0
1 0
1 0
1 0
1 0
1 0
1 0
1 0
1 0
1 0
1 0
1 0
1 0
1 0
1 0
1 0
1 0
1 0
1 0
1 0
1 0
1 0
1 0
1 0
1 0
1 0
1 0
1 0
1 0
1 0
1 0
1 0
1 0
1 0
1 0
1 0
1 0
1 0
1 0
1 0
1 0
1 0
1 0
1 0
1 0
1 0
1 0
1 0
1 0
1 0
1 0
1 0
1 0
1 0
1 0
1 0
1 0
1 0
1 0
1 0
1 0
1 0
1 0
1 0
1 0
1 0
1 0
1 0
1 0
1 0
1 0
1 0
1 0
1 0
1 0
1 0
1 0
1 0
1 0
1 0
1 0
1 0
1 0
1 0
1 0
1 0
1 0
1 0
1 0
1 0
1 0
1 0
1 0
1 0
1 0
1 0
1 0
1 0
1 0
1 0
1 0
1 0
1 0
1 0
1 0
1 0
1 0
1 0
1 0
1 0
1 0
1 0
1 0
1 0
1 0
1 0
1 0
1 0
1 0
1 0
1 0
1 0
1 0
1 0
1 0
1 0
1 0
1 0
1 0
1 0
1 0
1 0
1 0
1 0
1 0
1 0
1 0
1 0
1 0
1 0
1 0
1 0
