0 2
2 4
3 4
1 2
0 5
1 4
3 8
4 7
6 8
4 10
4 8
2 8
2 5
4 9
2 10
4 14
3 15
3 13
2 14
3 14
5 14
6 12
11 9
10 8
12 5
8 8
9 8
9 6
10 6
11 6
13 7
13 8
12 6
11 7
8 9
8 10
6 11
7 12
7 9
5 10
9 7
7 5
5 6
6 5
7 2
8 2
6 0
8 0
7 -1
8 -2
9 -3
8 -5
9 -4
7 -6
10 -3
11 -3
12 -5
15 -5
16 -5
14 -6
13 -6
6 -6
7 -7
7 -3
8 -9
9 -5
5 -5
10 -8
7 -8
7 -5
8 -7
8 -10
9 -8
9 -7
11 -9
5 -4
4 -6
4 -7
4 -10
7 -9
6 -7
6 -10
5 -9
5 -10
3 -8
3 -14
1 -10
3 -12
2 -12
2 -11
1 -12
3 -15
4 -14
2 -15
1 -14
2 -13
2 -14
0 -11
1 -13
1 -9
-1 -8
1 -16
0 -10
-1 -10
-2 -11
0 -12
0 -9
-2 -8
-2 -10
-3 -10
-2 -12
-3 -14
0 -8
-1 -13
-4 -11
-3 -11
-2 -9
-3 -8
-3 -9
-3 -12
-5 -11
-5 -8
-4 -8
-2 -7
-3 -7
-5 -6
-6 -8
-3 -6
-2 -3
-6 -4
-8 -3
-6 -3
-6 -2
-6 -1
-5 -2
-7 -1
-4 -3
-5 0
-8 -1
-11 -4
-9 -1
-11 -1
-12 -2
-10 -4
-5 -1
-7 1
-10 1
-6 2
-8 0
-7 0
-9 0
-14 -3
-14 -1
-11 0
-14 0
-12 1
-10 4
-9 4
-4 4
-3 2
-2 2
0 1
-5 4
-6 1
-8 1
-7 2
-11 4
-14 4
-13 6
-10 7
-8 5
-6 9
-11 5
-4 7
-10 9
-8 10
-6 5
-8 7
-4 6
-4 5
-5 8
-10 12
-12 9
-15 9
-14 9
-15 8
-13 11
-9 9
-6 7
-2 6
0 6
1 5
0 8
-1 8
-2 9
-4 11
-1 10
-3 12
-2 8
-1 6
0 10
-1 9
-3 8
-3 7
-1 7
-2 7
-3 6
0 7
-1 5
0 3
-3 9
0 4
-1 0
1 3
1 1
2 3
1 7
2 2
1 -4
0 -1
