0 -1
0 -2
0 -3
-1 -3
-3 -1
-2 -1
-1 -2
0 -4
0 -9
7 -9
4 -13
6 -14
7 -20
8 -19
4 -19
4 -15
1 -12
0 -10
0 -7
-3 -5
-2 -4
-2 -2
-1 -1
-2 0
-3 -2
-2 -7
-3 -6
-4 -8
-6 -8
1 -5
-3 -8
-5 -6
-5 -5
-5 -7
-4 -6
-8 -4
-6 -4
-4 -4
-10 -5
-7 -4
-8 -5
-7 -3
-8 -3
-6 -2
-7 -2
-9 -2
-11 -3
-10 -1
-10 0
-11 -2
-9 0
-8 -2
-10 -3
-8 0
-7 0
-7 1
-6 0
-4 0
-5 0
-3 0
-3 1
-5 1
-11 -1
-9 2
-3 3
-3 2
-3 4
-8 2
-8 1
-10 3
-10 1
-15 0
-21 3
-21 2
-26 3
-25 2
-26 1
-25 1
-19 2
-12 3
-11 6
-6 6
-4 4
-3 7
-8 6
-12 5
-21 7
-21 6
-21 5
-24 7
-23 7
-23 5
-15 7
-8 3
-2 7
-1 8
0 8
3 9
3 6
4 5
2 9
1 8
-1 11
-2 11
-3 9
0 11
0 10
1 10
2 10
0 6
5 7
3 8
0 5
3 10
4 11
1 12
0 14
0 12
4 10
4 12
5 11
5 9
8 11
7 9
6 11
7 6
11 4
4 6
4 8
5 8
4 7
3 7
1 7
6 9
4 9
6 10
8 8
9 9
10 10
9 11
7 4
13 6
9 5
10 3
14 7
13 7
13 4
11 2
14 3
14 2
13 1
12 1
13 0
14 -1
14 -4
15 -1
16 -3
11 -5
12 -4
15 -5
14 -6
12 -8
17 -4
16 -5
16 -6
13 -6
15 -9
17 -9
15 -8
13 -7
11 -10
12 -7
7 -7
3 -8
4 -11
1 -8
0 -8
1 -10
2 -8
3 -11
4 -10
3 -7
3 -4
1 -4
2 -7
4 -7
1 -7
3 -10
-1 -7
-2 -8
-1 -5
0 -5
2 0
1 0
3 0
2 -2
1 -2
-1 -4
-1 0
0 1
