3 5
2 3
1 2
1 3
2 4
1 6
1 7
3 6
2 5
0 8
2 9
1 10
1 12
2 10
2 11
4 12
3 13
5 10
7 10
4 9
5 9
6 9
4 6
2 6
3 2
7 6
5 5
4 5
6 5
6 4
7 4
6 2
8 2
7 0
6 1
5 2
6 3
5 3
7 5
10 8
9 8
8 5
11 7
13 5
9 6
8 6
9 4
6 -1
5 -1
6 -2
8 -1
7 -1
5 1
8 0
11 0
10 -1
7 1
3 -1
3 -2
9 -2
4 -1
4 -4
8 -2
7 -4
7 -2
2 -2
1 0
15 -4
12 -2
9 -1
9 -4
6 -3
8 -3
12 -3
5 -4
6 -4
10 -5
7 -3
5 -3
5 -2
4 -3
3 -7
3 -4
3 -5
6 -5
4 -5
5 -7
6 -6
4 -6
1 -3
2 -6
5 -8
7 -8
3 -6
2 -5
2 -8
3 -8
1 -10
0 -6
0 -7
1 -7
3 -9
1 -8
3 -10
2 -7
2 -9
1 -6
0 -4
-1 -5
-2 -5
-1 -4
-2 -6
-2 -7
-2 -8
-3 -6
-1 -7
-1 -9
-3 -7
-3 -8
-3 -9
-3 -10
-4 -9
-1 -6
-5 -6
-5 -5
-4 -6
-5 -4
-4 -1
-6 -4
-3 -3
-6 -5
-4 -2
-3 -2
-4 -3
-6 -2
-5 -3
-7 -4
-6 -3
-5 -2
-2 -2
-5 -1
-3 -4
-7 -1
-7 1
-4 0
-3 -1
-2 -1
-2 0
-5 0
-1 0
-4 2
-6 1
-10 0
-9 0
-12 3
-10 2
-11 2
-5 1
-5 3
-10 1
-10 5
-14 4
-15 4
-7 2
-7 3
-8 5
-8 6
-10 6
-6 10
-10 7
-8 8
-7 5
-4 4
-1 2
0 1
-1 4
-1 3
-3 7
-7 7
-8 7
-7 8
-3 3
-3 4
-4 7
-6 5
-2 3
-4 3
-3 5
-6 4
-4 5
-2 5
-2 6
-3 6
-4 6
-5 7
-2 4
-2 7
0 4
-5 6
-5 9
-7 10
0 5
0 3
0 2
-1 1
1 1
2 2
