0 3
-1 -3
0 -1
-1 -5
-1 -4
0 -3
-1 -2
0 -2
0 -4
0 -5
1 -3
-2 -3
-4 -5
-10 -9
-11 -4
-7 -8
-5 -10
-4 -10
-5 -8
-3 -7
-4 -3
-2 -1
-3 -2
-2 -6
-6 -4
-8 -6
-10 -6
-11 -8
-7 -6
-7 -5
-5 -4
-4 -1
-3 0
-1 -1
-4 1
-4 0
-5 0
-5 1
-7 2
-8 -2
-13 1
-13 0
-14 0
-13 -1
-14 -2
-15 -1
-11 1
-9 0
-8 0
-7 0
-5 2
-1 2
-1 0
-1 1
-3 2
-3 3
-8 3
-6 4
-7 3
-11 2
-15 5
-19 5
-23 3
-23 8
-25 7
-18 7
-20 7
-16 8
-9 4
-7 4
-5 3
-2 3
0 4
-2 6
-6 9
-7 9
-10 12
-14 12
-16 11
-14 11
-10 13
-7 13
-6 5
-5 11
-2 9
-1 7
0 7
2 6
2 5
1 5
0 6
1 7
0 8
-1 9
-3 10
-2 10
-4 10
-2 11
-2 8
3 7
3 6
2 7
1 6
0 9
1 8
1 9
2 9
1 10
2 11
4 11
2 12
4 12
3 11
6 10
5 9
5 10
4 10
7 10
3 8
6 8
5 11
3 12
6 9
9 6
7 5
7 4
8 3
8 4
6 2
6 4
7 2
9 2
10 2
11 1
13 2
13 0
13 1
14 1
14 -1
15 -1
12 0
10 1
11 2
11 0
12 1
14 0
13 -1
13 -2
11 -2
10 -3
8 -4
7 -1
14 -6
12 -6
12 -5
11 -5
9 -6
9 -7
13 -7
10 -6
12 -7
10 -7
12 -10
16 -9
12 -11
15 -8
11 -8
7 -7
4 -6
6 -8
6 -9
9 -9
10 -9
13 -11
8 -6
6 -6
4 -5
3 -7
4 -7
5 -8
4 -8
7 -8
4 -9
5 -9
4 -10
2 -7
2 -6
1 -9
3 -9
2 -10
1 -10
5 -7
2 -12
1 -14
2 -13
1 -13
0 -12
-1 -11
-1 -12
-1 -10
-2 -10
-3 -10
-4 -11
-3 -11
-3 -9
-4 -9
-6 -11
-3 -6
-5 -7
-5 -6
-4 -7
-6 -5
-9 -4
-9 -5
-7 -4
-8 -5
-8 -4
-10 -4
-8 -3
-7 -2
-5 -3
-7 -1
-5 -2
-5 -1
-3 -1
0 1
0 2
