4 -1
3 -1
2 0
5 0
4 0
5 1
6 0
7 0
7 -1
8 -2
7 -4
6 -3
5 -3
6 -8
8 -4
9 -5
8 -3
3 -4
7 -6
6 -5
10 -5
8 -5
15 -9
16 -7
15 -7
14 -7
13 -6
10 -6
9 -4
8 -6
4 -5
7 -7
4 -6
7 -5
-1 -2
1 -6
1 -8
3 -9
4 -8
2 -6
2 -9
2 -8
1 -10
0 -10
-1 -9
-1 -11
-3 -9
-3 -7
-2 -5
-4 -7
-4 -9
-4 -8
-6 -9
-9 -8
-7 -7
-8 -4
-8 -5
-7 -2
-6 -2
-5 0
-6 -1
-8 -1
-7 -3
-11 -4
-9 -2
-9 -3
-10 -3
-14 -5
-11 -3
-11 -5
-12 -4
-11 0
-10 0
-8 0
-7 -1
-8 -6
-8 -2
-5 -2
-7 0
-6 0
-10 -2
-9 0
-9 -1
-5 1
-4 1
-3 2
-2 1
-1 4
-4 3
-7 3
-12 4
-10 5
-16 3
-12 2
-15 6
-14 7
-12 6
-11 4
-9 3
-7 2
-6 4
-5 5
-7 7
-7 1
-10 7
-10 6
-7 4
-9 4
-5 4
-9 6
-8 3
-4 2
-3 -1
-1 1
-6 6
-11 5
-5 2
-4 5
-2 4
-2 2
0 5
-2 9
-5 8
-4 10
-6 8
-2 7
-2 8
-1 7
0 7
-1 5
0 6
1 7
1 6
3 7
2 8
1 9
0 11
3 11
5 12
6 13
4 13
4 12
4 11
5 9
6 7
7 9
8 7
7 7
4 7
9 4
9 5
6 4
9 3
11 1
7 2
9 2
9 0
10 0
11 0
9 -2
11 -1
6 -1
10 -2
8 -1
6 1
6 -2
7 -3
11 -5
11 -3
12 -3
12 -2
9 -3
4 -3
4 -2
7 -2
1 0
0 1
0 2
1 4
2 4
0 3
1 3
