0 1
0 3
1 3
0 2
1 5
1 4
2 4
2 5
1 6
1 9
0 10
2 11
2 14
3 14
3 15
4 11
5 12
5 11
4 6
3 5
3 7
3 4
3 3
3 2
4 3
1 2
6 4
7 3
8 2
8 3
9 3
10 2
11 2
13 0
8 0
10 1
11 1
12 2
9 1
7 2
7 1
7 0
6 0
7 -1
9 -1
10 -2
8 -1
10 -3
6 -1
6 -2
8 -3
7 -3
9 -4
8 -4
12 -4
12 -3
11 -4
9 -5
12 -5
10 -5
10 -4
9 -3
6 -3
5 -2
8 -5
7 -4
6 -5
7 -5
7 -6
5 -3
3 -4
5 -5
6 -9
6 -6
4 -4
5 -6
6 -7
4 -7
3 -8
2 -5
3 -7
5 -10
4 -9
3 -5
2 -2
1 -5
2 -6
1 -8
0 -6
0 -7
-1 -6
-3 -5
-4 -4
-3 -4
-4 -2
-6 -4
-5 -2
-5 -1
-6 -3
-5 -3
-7 -2
-7 -8
-6 -8
-7 -7
-5 -7
-6 -7
-7 -9
-4 -10
-2 -7
-2 -6
-4 -11
-5 -9
-4 -7
-4 -8
-4 -6
-8 -1
-8 -4
-8 -3
-9 -3
-8 -2
-9 -1
-8 0
-6 0
-7 0
-9 0
-8 2
-12 2
-9 1
-11 0
-11 1
-12 0
-6 2
-12 1
-12 4
-11 3
-13 3
-12 3
-13 4
-16 7
-13 5
-11 4
-10 3
-8 4
-7 4
-6 1
-6 4
-4 3
-2 1
-1 0
-4 1
-1 -1
-3 2
-5 0
-4 2
-5 2
-1 2
-1 4
-2 4
-3 6
-7 5
-9 4
-6 6
-5 7
-4 4
3 -2
-1 3
-3 5
-6 3
-7 3
-3 1
-2 2
0 5
