8 3
7 3
7 2
2 0
4 2
3 1
2 1
1 0
0 1
3 2
7 8
7 10
5 13
5 17
7 14
8 17
6 16
9 14
8 12
6 5
9 5
7 4
7 1
7 0
5 0
5 -2
7 -4
9 -6
11 -4
5 -3
12 -3
12 -5
10 -8
9 -8
10 -5
8 -3
8 -4
12 -4
17 -5
15 -5
18 -5
13 -5
13 -6
10 -6
10 -4
6 -6
7 -2
12 -9
11 -6
13 -11
10 -7
12 -11
12 -12
0 -4
8 -8
7 -11
6 -10
6 -12
5 -14
4 -13
5 -13
5 -12
2 -11
2 -12
3 -9
3 -10
1 -10
2 -8
3 -12
2 -10
1 -11
1 -8
1 -9
0 -9
0 -7
-1 -8
0 -8
-2 -8
-4 -9
-2 -11
-6 -9
-8 -7
-8 -11
-9 -13
-9 -15
-7 -16
-3 -10
-4 -12
-4 -15
-6 -13
-5 -9
-1 -9
-4 -8
-4 -10
-6 -7
-7 -8
-3 -4
-6 -3
-6 -6
-8 -1
-8 -5
-9 -5
-8 -3
-10 -2
-10 -1
-10 -3
-8 -2
-12 0
-14 -1
-16 0
-13 -1
-14 -3
-12 -2
-15 -7
-10 0
-13 -6
-12 -3
-13 -4
-5 -4
-6 -1
-5 1
-7 3
-6 3
-6 4
-5 6
-10 6
-10 7
-7 4
-7 5
-8 6
-10 4
-14 6
-15 8
-13 5
-11 6
-14 7
-2 7
-9 6
-12 6
-14 9
-13 6
-14 10
-14 8
-11 8
-6 6
-3 7
-1 6
-2 6
0 7
-6 10
-4 9
-5 8
-3 9
0 6
0 5
0 8
1 8
2 7
1 6
1 7
0 9
1 9
2 10
1 10
1 12
2 11
1 11
2 12
1 13
4 9
3 7
3 8
3 5
4 4
2 5
3 3
4 3
5 1
5 3
5 2
6 0
6 2
4 1
5 5
3 4
4 7
6 6
2 4
2 3
2 6
4 6
