0 -1
-4 -2
-3 -1
-5 -1
-1 0
-3 1
-5 1
-7 1
-8 2
-7 2
-10 5
-7 3
-4 1
-4 2
1 -2
-6 1
-6 4
-6 2
-3 4
-5 5
-7 7
-8 5
-5 2
-7 4
-9 5
-8 7
-7 5
-3 5
-3 3
-1 3
-4 6
-5 6
-2 4
-4 5
-6 9
-6 7
-10 9
-8 8
-4 8
-2 6
-1 4
-2 5
0 4
-4 7
-5 7
-3 7
-1 6
-3 8
-2 9
-4 12
-3 14
-5 16
-7 13
-1 11
-3 12
-2 11
-1 10
-2 10
-1 7
-1 8
-1 5
-2 7
0 8
0 7
1 6
0 10
0 9
0 11
-2 12
-1 12
2 11
1 11
3 12
3 11
3 10
3 9
4 5
4 11
4 9
5 11
5 9
6 11
7 12
7 9
8 11
8 10
4 12
8 8
10 10
9 9
12 8
10 6
13 5
10 4
10 3
10 2
11 2
11 1
9 1
9 3
9 0
10 0
11 0
12 0
12 -1
10 -2
11 -2
12 -4
11 -4
12 -6
14 -7
14 -6
12 -7
10 -6
9 -6
14 -9
13 -10
15 -9
14 -10
13 -9
9 -9
8 -8
4 -6
7 -7
5 -10
7 -11
8 -10
5 -14
1 -7
2 -10
2 -9
1 -8
3 -9
2 -8
2 -11
3 -10
3 -8
0 -9
0 -8
-1 -8
-1 -11
-1 -10
0 -10
-1 -13
-1 -9
-3 -13
-3 -14
-3 -12
-4 -14
-2 -12
-3 -16
-3 -15
-2 -14
-2 -11
-3 -9
-2 -9
-3 -8
-2 -8
-4 -9
-2 -7
-5 -8
-4 -7
-5 -9
-4 -8
-6 -8
-10 -8
-4 -6
-5 -7
-6 -6
-3 -7
-2 -2
-4 -3
-6 -5
-4 -1
-8 -3
-6 -3
-5 -4
-8 -4
-7 -3
-9 -4
-5 -6
-3 -3
-6 -4
-5 -3
-7 -2
-4 0
-6 -2
-5 -2
-1 -2
-6 -1
-7 -1
-5 0
-2 0
-1 -1
-2 -1
-3 0
-7 0
-9 -2
-10 -3
-8 -2
-3 -2
0 1
