4 -2
-8 0
-21 6
-17 5
-20 9
-20 5
-16 5
-20 7
-10 3
-6 2
-4 1
6 0
17 -6
11 -5
15 -5
12 -4
11 -3
7 -2
6 -2
7 -3
6 -3
3 -1
3 0
4 0
1 0
5 -1
9 -1
4 -1
8 -3
8 -4
10 -5
10 -7
9 -2
9 -4
10 -3
10 -4
12 -3
16 -6
17 -7
13 -4
10 -6
6 -5
10 -8
18 -12
15 -10
12 -7
6 -7
5 -7
12 -11
10 -9
5 -13
8 -13
6 -14
6 -11
6 -10
4 -12
6 -12
7 -9
2 -7
1 -6
1 -3
1 -5
9 -5
8 -10
9 -17
8 -18
5 -16
1 -17
4 -22
6 -20
6 -19
4 -16
4 -17
1 -13
2 -15
1 -11
0 -10
0 -11
3 -10
1 -12
1 -10
-1 -11
-4 -8
-2 -13
-3 -13
-4 -14
-7 -14
-5 -13
-4 -13
-3 -14
-6 -15
-4 -10
-8 -14
-6 -10
-6 -11
-8 -6
-9 -7
-10 -7
-7 -8
-7 -9
-8 -8
-9 -8
-12 -7
-15 -5
-16 -5
-16 -6
-11 -3
-11 -5
-10 -3
-9 -2
-9 0
-5 0
-7 0
-6 0
-9 3
-14 4
-13 5
-17 2
-20 1
-18 0
-21 2
-22 3
-22 5
-20 3
-16 3
-4 5
-5 4
-4 6
-8 5
-9 6
-16 7
-19 7
-20 6
-14 6
-14 7
-5 2
-7 8
-2 4
0 3
-3 4
-3 5
-3 7
-5 6
-5 8
-4 9
-5 7
-2 8
-2 7
0 7
0 8
1 8
0 11
-1 9
0 9
0 10
0 12
-3 11
-1 13
-2 11
-2 12
1 10
-1 12
2 10
2 9
3 10
5 10
4 8
3 9
3 8
5 7
2 8
4 12
3 12
4 13
3 14
2 16
8 13
9 9
12 7
10 3
7 9
6 7
11 7
8 7
6 8
6 10
6 9
9 8
5 11
6 12
5 9
7 8
8 5
11 5
7 3
6 3
6 1
5 3
6 2
7 2
7 0
7 1
5 1
9 0
8 -1
8 -2
7 -1
5 0
6 -1
2 1
1 1
1 2
4 1
2 0
3 1
4 2
0 1
