0 -1
0 -8
-1 -8
0 -9
-2 -7
-2 -8
-1 -6
-2 -6
0 -5
-2 -5
-1 -5
-2 -4
-3 -6
-2 -10
0 -2
-1 -11
-2 -13
-2 -14
-4 -15
-6 -14
-5 -16
-4 -16
-5 -13
-4 -12
-4 -10
-4 -7
-3 -7
-5 -3
-8 -2
-7 -4
-8 -3
-9 -4
-4 -1
-2 -1
-1 -1
-1 0
-6 1
-7 0
-9 -1
-11 -4
-13 -6
-7 -7
-5 -10
-3 -9
-4 -6
-5 -6
-4 -3
-1 -10
2 -8
0 -6
-1 -4
-3 -3
0 -4
-1 -2
-1 -3
0 -3
-9 3
-7 2
-11 5
-11 2
-4 0
-3 0
-2 0
-5 3
-9 1
-7 1
-7 -1
-9 0
-10 1
-11 -3
-9 -2
-5 0
-12 0
-13 1
-17 2
-15 2
-16 1
-15 0
-15 -3
-18 0
-19 0
-14 0
-11 -1
-8 -1
-6 2
-4 2
-5 4
-6 7
-2 3
-4 3
-2 5
-8 6
-15 8
-13 9
-10 8
-10 9
-7 7
-9 8
-7 8
-3 5
0 4
1 4
1 2
1 3
0 3
-1 7
-1 9
-5 11
-8 11
-6 10
-7 15
-7 11
-7 14
-9 13
-5 9
-5 13
-4 8
-2 9
-1 6
-3 9
-3 7
0 5
-2 8
-4 9
-3 8
0 7
-2 10
0 9
1 7
2 7
1 5
2 8
3 7
3 9
1 10
2 9
4 7
2 11
1 12
0 16
0 17
1 17
3 16
3 19
2 17
4 16
5 17
6 15
7 15
5 13
5 11
7 13
6 10
10 6
9 7
10 2
10 5
12 4
8 7
11 3
9 2
10 -1
10 0
11 -1
11 0
9 0
8 -1
11 -2
10 -2
11 -4
15 -4
12 -1
13 -2
7 -1
14 -5
17 -6
9 -1
10 -3
13 -6
12 -4
9 -5
10 -5
8 -8
13 -10
11 -8
12 -8
9 -9
13 -12
11 -9
13 -11
6 -9
6 -10
5 -9
5 -7
1 -7
4 -10
5 -11
6 -12
5 -10
9 -14
5 -15
2 -10
4 -11
1 -9
0 -7
1 -8
1 -5
1 -2
3 -6
1 -3
2 -3
0 1
