0 -2
0 -5
-1 -5
0 -8
3 -7
4 -6
1 1
0 1
-1 0
0 2
-1 2
0 3
0 4
-1 3
0 5
1 6
-1 8
0 8
0 9
3 8
2 5
0 12
1 13
1 11
2 10
1 9
5 6
3 7
3 5
4 7
4 6
4 8
6 7
5 10
5 8
4 12
6 11
6 8
5 7
9 5
5 4
7 6
-2 1
6 6
8 5
8 7
13 6
11 4
11 3
13 4
10 4
7 4
10 2
9 2
9 1
8 3
9 4
12 6
16 4
19 2
17 3
19 0
16 1
16 2
15 3
16 0
16 3
15 1
12 2
14 -1
14 -2
9 -2
10 -3
13 -3
10 -5
14 -8
17 -7
14 -6
18 -10
12 -7
13 -6
11 -8
7 -9
11 -10
11 -14
6 -11
3 -8
3 -9
3 -10
1 -10
3 -12
1 -9
1 -8
5 -10
2 -11
0 -11
1 -13
1 -12
2 -13
0 -13
-1 -12
-1 -11
-1 -13
-2 -13
-4 -13
-4 -14
-5 -12
-2 -14
-2 -11
-1 -10
-5 -13
-4 -12
-4 -9
-4 -11
-3 -9
-4 -10
-3 -12
0 -9
-8 -9
-10 -9
-12 -8
-12 -3
-14 -9
-8 -8
-11 -8
-8 -6
-10 -8
-10 -7
-9 -7
-11 -6
-9 -2
-12 -5
-10 -3
-8 -1
-9 -4
-11 -4
-10 -4
-11 -3
-8 0
-12 -1
-14 -2
-12 0
-16 0
-18 -1
-14 1
-15 1
-17 0
-13 0
-15 0
-17 -1
-11 2
-13 2
-8 2
-7 1
-6 2
-3 6
-5 2
-6 6
-10 11
-15 8
-14 8
-18 7
-16 6
-18 8
-15 5
-12 7
-9 3
-4 5
-4 3
-1 5
-4 11
-4 10
-7 13
-8 13
-2 9
-4 13
-3 14
-3 12
-2 12
-2 15
-1 11
-3 13
-2 14
0 13
0 10
-1 10
1 8
1 7
0 6
1 5
1 4
2 3
2 4
1 3
