0 -1
0 -10
0 -7
1 -3
-2 -4
-1 -4
-2 -3
-2 -6
-4 -7
-3 -7
-3 -8
-4 -6
-4 -4
-4 -3
-9 -6
-9 -4
-9 -1
-11 -2
-10 -3
-7 -6
-6 -7
-6 -9
-7 -10
-9 -8
-12 -9
-11 -7
-10 -8
-6 -6
-8 -8
-9 -3
-5 -2
0 1
-5 -1
-4 -1
-4 0
-5 0
-6 1
-6 0
-14 -2
-15 -2
-21 -2
-23 -1
-27 -1
-25 -1
-26 -3
-23 -3
-22 -2
-19 -2
-14 0
-13 0
-9 0
-1 1
-1 0
-7 6
-9 7
-10 4
-10 3
-9 3
-6 4
-5 3
-3 1
-2 5
-3 2
-1 4
-2 6
-4 8
-4 10
-6 12
-11 13
-12 12
-14 11
-8 11
-8 13
-5 10
-2 8
-2 7
0 6
0 5
0 4
1 5
1 6
1 8
2 8
1 2
3 9
3 8
4 11
5 9
6 10
5 13
8 10
7 8
9 8
6 6
8 7
7 6
5 6
7 4
8 4
9 5
5 4
2 6
9 6
6 3
8 1
6 2
7 3
8 2
8 3
9 1
10 1
11 0
13 1
15 1
16 0
17 2
18 1
19 1
19 2
16 1
19 0
14 0
15 0
14 -1
12 -2
8 -4
10 -2
7 -2
6 -2
5 -4
9 -3
8 -6
8 -5
12 -4
13 -5
10 -3
9 -8
11 -7
8 -8
5 -8
2 -10
6 -11
4 -10
5 -7
4 -8
5 -11
6 -13
5 -12
4 -9
2 -5
2 -2
1 -1
2 -6
1 -5
1 -4
2 -4
1 -6
0 -2
