0 -3
1 -4
0 -2
-1 -3
-1 -4
-2 -4
-2 -3
-2 -1
-2 -2
-3 -3
-6 -1
-4 0
-4 -1
-1 -2
0 -1
0 -4
-3 -5
-1 -6
0 -9
-1 -14
1 -13
0 -14
0 -13
1 -10
0 -12
-2 -9
-1 -9
0 -8
0 -7
-1 -7
-1 -8
-2 -7
-2 -6
-3 -7
-3 -6
-7 -7
-6 -5
-3 -4
-4 -4
-6 -4
-5 -7
-8 -6
-7 -6
-7 -5
-7 -3
-6 -6
-5 -8
-8 -5
-7 -4
-8 -3
-7 -2
-8 -7
-9 -4
-11 -4
-8 -4
-7 -1
-6 -2
-10 -2
-8 -1
-12 0
-10 -1
-8 0
-7 0
-5 1
-8 1
-8 4
-7 3
-9 3
-9 4
-10 3
-13 2
-7 1
-8 3
-13 7
-16 5
-19 7
-16 6
-14 4
-11 4
-8 5
-5 7
-4 5
-3 5
-4 7
-6 9
-10 12
-13 12
-17 10
-22 8
-18 8
-15 7
-12 7
-9 6
0 7
0 6
-2 6
-1 9
0 10
-1 11
0 11
0 9
-1 10
0 8
1 9
2 10
1 10
2 9
1 12
0 13
2 12
1 13
2 13
4 14
5 14
6 11
6 14
3 13
6 12
8 12
7 10
8 10
8 9
8 8
11 7
10 7
8 6
11 5
9 5
11 4
11 3
10 4
10 3
7 -1
9 0
11 1
7 0
8 0
9 -3
13 -3
12 -2
14 -3
16 -5
15 -4
13 -4
12 -4
14 -5
11 -3
13 -6
13 -8
14 -7
15 -8
10 -5
12 -6
8 -4
9 -4
6 -5
5 -6
7 -7
4 -5
7 -10
8 -13
9 -14
10 -13
3 -10
6 -11
1 -7
3 -9
5 -12
5 -13
4 -12
2 -9
2 -10
0 -6
1 -8
2 -5
0 -5
3 -7
3 -6
2 -6
1 -2
1 0
2 -2
1 -1
-2 2
-1 1
-1 0
