1 -4
1 -7
2 -10
2 -11
2 -14
6 -20
5 -24
4 -26
0 -20
-4 -17
-5 -15
-3 -7
-5 -10
-4 -9
-6 -10
-2 -10
-5 -9
-3 -9
-6 -6
-5 -7
-6 -8
-4 -6
-3 -8
-1 -5
-4 -5
-4 -7
-5 -6
-7 -4
-6 -4
-7 -3
-5 -5
-6 -5
-7 -5
-8 -4
-5 -1
-9 -7
-9 -2
-5 -3
-9 -3
-14 -3
-11 -1
-13 -1
-11 -2
-10 -2
-10 0
-11 -3
-10 -3
-9 -1
-12 -3
-12 -1
-11 2
-10 1
-9 0
-6 0
-7 1
-7 0
-5 0
-3 0
-4 1
-4 2
-1 1
-3 1
-5 1
-6 1
-6 3
-7 3
-7 2
-5 2
-12 3
-11 4
-13 2
-13 1
-9 2
-2 2
-2 3
-5 5
-9 6
-9 4
-9 3
-11 3
-17 5
-18 4
-23 8
-21 4
-24 7
-27 7
-24 6
-20 7
-18 7
-14 4
-1 4
0 5
0 6
0 7
-3 9
-3 8
-4 9
-2 7
-6 9
-4 7
-4 8
-4 10
-2 9
-6 13
-4 11
-5 12
-6 8
-3 10
-1 9
1 8
0 8
0 9
1 6
1 9
-1 7
1 7
-1 5
1 4
1 5
0 4
1 3
2 2
3 2
2 5
0 1
4 4
4 5
2 6
3 4
6 2
2 8
3 5
2 7
2 9
0 10
1 11
1 10
2 12
3 13
5 11
4 12
5 12
4 10
4 11
3 8
3 11
5 6
4 6
3 6
3 7
5 4
4 7
6 6
7 4
7 7
8 7
9 4
3 3
7 9
6 8
8 8
5 7
5 9
8 3
7 2
6 3
5 2
7 1
9 1
7 0
8 0
10 0
9 -1
9 0
10 1
11 0
12 0
12 -2
14 -3
12 -1
13 -1
13 0
11 -1
10 -1
7 -1
6 -1
5 -1
4 -1
2 -2
4 0
6 -2
7 -2
8 -3
9 -3
9 -2
11 -3
14 -4
11 -5
10 -5
12 -3
9 -4
7 -4
7 -3
5 0
6 -4
5 -2
2 0
2 -3
3 -6
7 -6
6 -7
6 -5
11 -9
9 -6
12 -6
9 -7
7 -7
6 -8
10 -9
9 -11
4 -8
5 -9
4 -9
4 -7
3 -7
2 -5
2 -7
1 -5
3 -9
2 -4
1 -3
0 -2
-1 -2
-2 -1
-1 -1
0 -1
-1 0
0 -3
0 -4
1 -2
1 -1
-1 -3
-4 0
